100-Body Run with i = 1 th particle. (Units in pc,M_solar,Myr, km s-1) 

time		 x 		 y 		 z 		 xdot 		 ydot 		 zdot 		 xddot 		 yddot 		 zddot
0.0000 	 -0.0005 	 0.0013 	 -0.1730 	 0.3848 	 -0.4717 	 -0.6635 	 4411.1686 	 -1487.2202 	 -6987.1073
0.0100 	 -0.0040 	 0.0065 	 -0.1657 	 6.2762 	 -0.9162 	 -9.5578 	 8.8713 	 -7.0573 	 -12.4805
0.0200 	 0.0583 	 -0.0027 	 -0.2614 	 6.1975 	 -0.9455 	 -9.5564 	 -8.7263 	 -0.2418 	 3.1354
0.0301 	 0.1204 	 -0.0122 	 -0.3571 	 6.1682 	 -0.9473 	 -9.5407 	 -1.0793 	 -0.2139 	 0.5938
0.0401 	 0.1821 	 -0.0217 	 -0.4527 	 6.1574 	 -0.9506 	 -9.5380 	 -1.2946 	 -0.4561 	 0.2574
0.0501 	 0.2438 	 -0.0312 	 -0.5482 	 6.1473 	 -0.9530 	 -9.5312 	 -0.7021 	 -0.0075 	 0.6706
0.0601 	 0.3053 	 -0.0408 	 -0.6437 	 6.1402 	 -0.9508 	 -9.5266 	 -0.7800 	 0.3685 	 0.3715
0.0701 	 0.3668 	 -0.0503 	 -0.7391 	 6.1321 	 -0.9470 	 -9.5228 	 -0.7760 	 0.3240 	 0.5135
0.0802 	 0.4282 	 -0.0598 	 -0.8345 	 6.1265 	 -0.9453 	 -9.5175 	 -0.3908 	 0.0644 	 0.4691
0.0902 	 0.4896 	 -0.0692 	 -0.9298 	 6.1234 	 -0.9449 	 -9.5136 	 -0.2512 	 0.0288 	 0.3283
0.1002 	 0.5509 	 -0.0787 	 -1.0252 	 6.1212 	 -0.9446 	 -9.5108 	 -0.1948 	 0.0355 	 0.2431
0.1102 	 0.6123 	 -0.0882 	 -1.1204 	 6.1194 	 -0.9442 	 -9.5086 	 -0.1680 	 0.0464 	 0.1968
0.1202 	 0.6736 	 -0.0976 	 -1.2157 	 6.1178 	 -0.9437 	 -9.5067 	 -0.1488 	 0.0453 	 0.1741
0.1303 	 0.7349 	 -0.1071 	 -1.3110 	 6.1165 	 -0.9433 	 -9.5051 	 -0.1288 	 0.0355 	 0.1567
0.1403 	 0.7962 	 -0.1165 	 -1.4062 	 6.1153 	 -0.9430 	 -9.5036 	 -0.1111 	 0.0260 	 0.1391
0.1503 	 0.8574 	 -0.1260 	 -1.5014 	 6.1142 	 -0.9428 	 -9.5023 	 -0.0969 	 0.0192 	 0.1229
0.1603 	 0.9187 	 -0.1354 	 -1.5966 	 6.1133 	 -0.9426 	 -9.5011 	 -0.0854 	 0.0145 	 0.1087
0.1703 	 0.9799 	 -0.1449 	 -1.6918 	 6.1125 	 -0.9425 	 -9.5001 	 -0.0757 	 0.0115 	 0.0967
0.1804 	 1.0412 	 -0.1543 	 -1.7870 	 6.1118 	 -0.9424 	 -9.4992 	 -0.0673 	 0.0094 	 0.0864
0.1904 	 1.1024 	 -0.1638 	 -1.8822 	 6.1111 	 -0.9423 	 -9.4984 	 -0.0601 	 0.0079 	 0.0776
0.2004 	 1.1636 	 -0.1732 	 -1.9774 	 6.1106 	 -0.9422 	 -9.4976 	 -0.0537 	 0.0067 	 0.0702
0.2104 	 1.2249 	 -0.1826 	 -2.0725 	 6.1101 	 -0.9422 	 -9.4970 	 -0.0482 	 0.0058 	 0.0637
0.2204 	 1.2861 	 -0.1921 	 -2.1677 	 6.1096 	 -0.9421 	 -9.4964 	 -0.0434 	 0.0051 	 0.0581
0.2305 	 1.3473 	 -0.2015 	 -2.2628 	 6.1092 	 -0.9421 	 -9.4958 	 -0.0392 	 0.0045 	 0.0532
0.2405 	 1.4085 	 -0.2110 	 -2.3580 	 6.1088 	 -0.9420 	 -9.4953 	 -0.0356 	 0.0041 	 0.0488
0.2505 	 1.4697 	 -0.2204 	 -2.4531 	 6.1085 	 -0.9420 	 -9.4948 	 -0.0324 	 0.0037 	 0.0449
0.2605 	 1.5309 	 -0.2298 	 -2.5483 	 6.1082 	 -0.9420 	 -9.4944 	 -0.0296 	 0.0034 	 0.0415
0.2705 	 1.5921 	 -0.2393 	 -2.6434 	 6.1079 	 -0.9419 	 -9.4940 	 -0.0272 	 0.0032 	 0.0384
0.2806 	 1.6533 	 -0.2487 	 -2.7385 	 6.1076 	 -0.9419 	 -9.4936 	 -0.0250 	 0.0029 	 0.0357
0.2906 	 1.7145 	 -0.2582 	 -2.8336 	 6.1074 	 -0.9419 	 -9.4933 	 -0.0231 	 0.0027 	 0.0332
0.3006 	 1.7757 	 -0.2676 	 -2.9288 	 6.1072 	 -0.9418 	 -9.4929 	 -0.0214 	 0.0026 	 0.0310
0.3106 	 1.8369 	 -0.2770 	 -3.0239 	 6.1070 	 -0.9418 	 -9.4926 	 -0.0199 	 0.0024 	 0.0289
0.3206 	 1.8981 	 -0.2865 	 -3.1190 	 6.1068 	 -0.9418 	 -9.4924 	 -0.0185 	 0.0023 	 0.0271
0.3307 	 1.9593 	 -0.2959 	 -3.2141 	 6.1066 	 -0.9418 	 -9.4921 	 -0.0173 	 0.0021 	 0.0254
0.3407 	 2.0205 	 -0.3053 	 -3.3092 	 6.1064 	 -0.9417 	 -9.4919 	 -0.0162 	 0.0020 	 0.0239
0.3507 	 2.0817 	 -0.3148 	 -3.4043 	 6.1063 	 -0.9417 	 -9.4916 	 -0.0152 	 0.0019 	 0.0225
0.3607 	 2.1429 	 -0.3242 	 -3.4994 	 6.1061 	 -0.9417 	 -9.4914 	 -0.0143 	 0.0018 	 0.0213
0.3707 	 2.2040 	 -0.3337 	 -3.5945 	 6.1060 	 -0.9417 	 -9.4912 	 -0.0135 	 0.0017 	 0.0201
0.3808 	 2.2652 	 -0.3431 	 -3.6896 	 6.1058 	 -0.9417 	 -9.4910 	 -0.0127 	 0.0016 	 0.0190
0.3908 	 2.3264 	 -0.3525 	 -3.7847 	 6.1057 	 -0.9417 	 -9.4908 	 -0.0121 	 0.0016 	 0.0180
0.4008 	 2.3876 	 -0.3620 	 -3.8798 	 6.1056 	 -0.9416 	 -9.4906 	 -0.0114 	 0.0015 	 0.0171
0.4108 	 2.4488 	 -0.3714 	 -3.9749 	 6.1055 	 -0.9416 	 -9.4905 	 -0.0108 	 0.0014 	 0.0163
0.4208 	 2.5099 	 -0.3808 	 -4.0700 	 6.1054 	 -0.9416 	 -9.4903 	 -0.0103 	 0.0013 	 0.0155
0.4309 	 2.5711 	 -0.3903 	 -4.1651 	 6.1053 	 -0.9416 	 -9.4902 	 -0.0098 	 0.0013 	 0.0148
0.4409 	 2.6323 	 -0.3997 	 -4.2602 	 6.1052 	 -0.9416 	 -9.4900 	 -0.0093 	 0.0012 	 0.0141
0.4509 	 2.6935 	 -0.4091 	 -4.3553 	 6.1051 	 -0.9416 	 -9.4899 	 -0.0089 	 0.0012 	 0.0135
0.4609 	 2.7546 	 -0.4186 	 -4.4504 	 6.1050 	 -0.9416 	 -9.4897 	 -0.0085 	 0.0011 	 0.0129
0.4709 	 2.8158 	 -0.4280 	 -4.5455 	 6.1049 	 -0.9416 	 -9.4896 	 -0.0081 	 0.0011 	 0.0123
0.4810 	 2.8770 	 -0.4374 	 -4.6406 	 6.1048 	 -0.9415 	 -9.4895 	 -0.0078 	 0.0010 	 0.0118
0.4910 	 2.9382 	 -0.4469 	 -4.7356 	 6.1048 	 -0.9415 	 -9.4894 	 -0.0074 	 0.0010 	 0.0113
0.5010 	 2.9993 	 -0.4563 	 -4.8307 	 6.1047 	 -0.9415 	 -9.4893 	 -0.0071 	 0.0010 	 0.0109
0.5110 	 3.0605 	 -0.4657 	 -4.9258 	 6.1046 	 -0.9415 	 -9.4892 	 -0.0068 	 0.0009 	 0.0104
0.5210 	 3.1217 	 -0.4752 	 -5.0209 	 6.1046 	 -0.9415 	 -9.4891 	 -0.0065 	 0.0009 	 0.0099
0.5311 	 3.1828 	 -0.4846 	 -5.1160 	 6.1045 	 -0.9415 	 -9.4890 	 -0.0062 	 0.0008 	 0.0095
0.5411 	 3.2440 	 -0.4940 	 -5.2110 	 6.1044 	 -0.9415 	 -9.4889 	 -0.0060 	 0.0008 	 0.0091
0.5511 	 3.3052 	 -0.5035 	 -5.3061 	 6.1044 	 -0.9415 	 -9.4888 	 -0.0058 	 0.0008 	 0.0088
0.5611 	 3.3663 	 -0.5129 	 -5.4012 	 6.1043 	 -0.9415 	 -9.4887 	 -0.0055 	 0.0008 	 0.0084
0.5711 	 3.4275 	 -0.5223 	 -5.4963 	 6.1043 	 -0.9415 	 -9.4886 	 -0.0053 	 0.0007 	 0.0081
0.5812 	 3.4887 	 -0.5318 	 -5.5914 	 6.1042 	 -0.9415 	 -9.4885 	 -0.0052 	 0.0007 	 0.0079
0.5912 	 3.5498 	 -0.5412 	 -5.6864 	 6.1042 	 -0.9414 	 -9.4885 	 -0.0050 	 0.0007 	 0.0076
0.6012 	 3.6110 	 -0.5506 	 -5.7815 	 6.1041 	 -0.9414 	 -9.4884 	 -0.0048 	 0.0007 	 0.0073
0.6112 	 3.6721 	 -0.5601 	 -5.8766 	 6.1041 	 -0.9414 	 -9.4883 	 -0.0047 	 0.0006 	 0.0071
0.6212 	 3.7333 	 -0.5695 	 -5.9717 	 6.1040 	 -0.9414 	 -9.4882 	 -0.0045 	 0.0006 	 0.0069
0.6313 	 3.7945 	 -0.5789 	 -6.0667 	 6.1040 	 -0.9414 	 -9.4882 	 -0.0044 	 0.0006 	 0.0067
0.6413 	 3.8556 	 -0.5884 	 -6.1618 	 6.1039 	 -0.9414 	 -9.4881 	 -0.0042 	 0.0006 	 0.0064
0.6513 	 3.9168 	 -0.5978 	 -6.2569 	 6.1039 	 -0.9414 	 -9.4880 	 -0.0041 	 0.0006 	 0.0062
0.6613 	 3.9780 	 -0.6072 	 -6.3519 	 6.1038 	 -0.9414 	 -9.4880 	 -0.0040 	 0.0006 	 0.0061
0.6713 	 4.0391 	 -0.6167 	 -6.4470 	 6.1038 	 -0.9414 	 -9.4879 	 -0.0038 	 0.0005 	 0.0059
0.6814 	 4.1003 	 -0.6261 	 -6.5421 	 6.1038 	 -0.9414 	 -9.4879 	 -0.0037 	 0.0005 	 0.0057
0.6914 	 4.1614 	 -0.6355 	 -6.6371 	 6.1037 	 -0.9414 	 -9.4878 	 -0.0036 	 0.0005 	 0.0055
0.7014 	 4.2226 	 -0.6450 	 -6.7322 	 6.1037 	 -0.9414 	 -9.4878 	 -0.0035 	 0.0005 	 0.0054
0.7114 	 4.2838 	 -0.6544 	 -6.8273 	 6.1037 	 -0.9414 	 -9.4877 	 -0.0034 	 0.0005 	 0.0052
0.7214 	 4.3449 	 -0.6638 	 -6.9223 	 6.1036 	 -0.9414 	 -9.4877 	 -0.0033 	 0.0005 	 0.0051
0.7315 	 4.4061 	 -0.6733 	 -7.0174 	 6.1036 	 -0.9414 	 -9.4876 	 -0.0032 	 0.0004 	 0.0049
0.7415 	 4.4672 	 -0.6827 	 -7.1125 	 6.1036 	 -0.9414 	 -9.4876 	 -0.0031 	 0.0004 	 0.0048
0.7515 	 4.5284 	 -0.6921 	 -7.2075 	 6.1035 	 -0.9414 	 -9.4875 	 -0.0030 	 0.0004 	 0.0046
0.7615 	 4.5895 	 -0.7016 	 -7.3026 	 6.1035 	 -0.9414 	 -9.4875 	 -0.0029 	 0.0004 	 0.0045
0.7715 	 4.6507 	 -0.7110 	 -7.3977 	 6.1035 	 -0.9414 	 -9.4874 	 -0.0029 	 0.0004 	 0.0044
0.7816 	 4.7119 	 -0.7204 	 -7.4927 	 6.1034 	 -0.9414 	 -9.4874 	 -0.0028 	 0.0004 	 0.0043
0.7916 	 4.7730 	 -0.7299 	 -7.5878 	 6.1034 	 -0.9413 	 -9.4873 	 -0.0027 	 0.0004 	 0.0042
0.8016 	 4.8342 	 -0.7393 	 -7.6829 	 6.1034 	 -0.9413 	 -9.4873 	 -0.0026 	 0.0004 	 0.0040
0.8116 	 4.8953 	 -0.7487 	 -7.7779 	 6.1034 	 -0.9413 	 -9.4872 	 -0.0026 	 0.0004 	 0.0039
0.8216 	 4.9565 	 -0.7582 	 -7.8730 	 6.1033 	 -0.9413 	 -9.4872 	 -0.0025 	 0.0003 	 0.0038
0.8317 	 5.0176 	 -0.7676 	 -7.9681 	 6.1033 	 -0.9413 	 -9.4872 	 -0.0024 	 0.0003 	 0.0037
0.8417 	 5.0788 	 -0.7770 	 -8.0631 	 6.1033 	 -0.9413 	 -9.4871 	 -0.0024 	 0.0003 	 0.0037
0.8517 	 5.1399 	 -0.7865 	 -8.1582 	 6.1033 	 -0.9413 	 -9.4871 	 -0.0023 	 0.0003 	 0.0036
0.8617 	 5.2011 	 -0.7959 	 -8.2532 	 6.1032 	 -0.9413 	 -9.4871 	 -0.0023 	 0.0003 	 0.0035
0.8717 	 5.2623 	 -0.8053 	 -8.3483 	 6.1032 	 -0.9413 	 -9.4870 	 -0.0022 	 0.0003 	 0.0034
0.8818 	 5.3234 	 -0.8148 	 -8.4434 	 6.1032 	 -0.9413 	 -9.4870 	 -0.0022 	 0.0003 	 0.0033
0.8918 	 5.3846 	 -0.8242 	 -8.5384 	 6.1032 	 -0.9413 	 -9.4870 	 -0.0021 	 0.0003 	 0.0033
0.9018 	 5.4457 	 -0.8336 	 -8.6335 	 6.1032 	 -0.9413 	 -9.4869 	 -0.0021 	 0.0003 	 0.0032
0.9118 	 5.5069 	 -0.8430 	 -8.7285 	 6.1031 	 -0.9413 	 -9.4869 	 -0.0020 	 0.0003 	 0.0031
0.9218 	 5.5680 	 -0.8525 	 -8.8236 	 6.1031 	 -0.9413 	 -9.4869 	 -0.0020 	 0.0003 	 0.0030
0.9319 	 5.6292 	 -0.8619 	 -8.9187 	 6.1031 	 -0.9413 	 -9.4868 	 -0.0019 	 0.0003 	 0.0030
0.9419 	 5.6903 	 -0.8713 	 -9.0137 	 6.1031 	 -0.9413 	 -9.4868 	 -0.0019 	 0.0003 	 0.0029
0.9519 	 5.7515 	 -0.8808 	 -9.1088 	 6.1031 	 -0.9413 	 -9.4868 	 -0.0019 	 0.0003 	 0.0028
0.9619 	 5.8126 	 -0.8902 	 -9.2038 	 6.1030 	 -0.9413 	 -9.4868 	 -0.0018 	 0.0003 	 0.0028
0.9719 	 5.8738 	 -0.8996 	 -9.2989 	 6.1030 	 -0.9413 	 -9.4867 	 -0.0018 	 0.0003 	 0.0027
0.9820 	 5.9349 	 -0.9091 	 -9.3939 	 6.1030 	 -0.9413 	 -9.4867 	 -0.0018 	 0.0002 	 0.0027
0.9920 	 5.9961 	 -0.9185 	 -9.4890 	 6.1030 	 -0.9413 	 -9.4867 	 -0.0017 	 0.0002 	 0.0026
1.0020 	 6.0573 	 -0.9279 	 -9.5841 	 6.1030 	 -0.9413 	 -9.4866 	 -0.0017 	 0.0002 	 0.0026
1.0120 	 6.1184 	 -0.9374 	 -9.6791 	 6.1030 	 -0.9413 	 -9.4866 	 -0.0016 	 0.0002 	 0.0025
1.0220 	 6.1796 	 -0.9468 	 -9.7742 	 6.1029 	 -0.9413 	 -9.4866 	 -0.0016 	 0.0002 	 0.0025
1.0321 	 6.2407 	 -0.9562 	 -9.8692 	 6.1029 	 -0.9413 	 -9.4866 	 -0.0016 	 0.0002 	 0.0024
1.0421 	 6.3019 	 -0.9657 	 -9.9643 	 6.1029 	 -0.9413 	 -9.4865 	 -0.0016 	 0.0002 	 0.0024
1.0521 	 6.3630 	 -0.9751 	 -10.0593 	 6.1029 	 -0.9413 	 -9.4865 	 -0.0015 	 0.0002 	 0.0023
1.0621 	 6.4242 	 -0.9845 	 -10.1544 	 6.1029 	 -0.9413 	 -9.4865 	 -0.0015 	 0.0002 	 0.0023
1.0721 	 6.4853 	 -0.9940 	 -10.2494 	 6.1029 	 -0.9413 	 -9.4865 	 -0.0015 	 0.0002 	 0.0022
1.0822 	 6.5465 	 -1.0034 	 -10.3445 	 6.1028 	 -0.9413 	 -9.4865 	 -0.0014 	 0.0002 	 0.0022
1.0922 	 6.6076 	 -1.0128 	 -10.4396 	 6.1028 	 -0.9413 	 -9.4864 	 -0.0014 	 0.0002 	 0.0022
1.1022 	 6.6688 	 -1.0223 	 -10.5346 	 6.1028 	 -0.9413 	 -9.4864 	 -0.0014 	 0.0002 	 0.0021
1.1122 	 6.7299 	 -1.0317 	 -10.6297 	 6.1028 	 -0.9413 	 -9.4864 	 -0.0014 	 0.0002 	 0.0021
1.1222 	 6.7911 	 -1.0411 	 -10.7247 	 6.1028 	 -0.9413 	 -9.4864 	 -0.0013 	 0.0002 	 0.0020
1.1323 	 6.8522 	 -1.0505 	 -10.8198 	 6.1028 	 -0.9413 	 -9.4863 	 -0.0013 	 0.0002 	 0.0020
1.1423 	 6.9134 	 -1.0600 	 -10.9148 	 6.1028 	 -0.9413 	 -9.4863 	 -0.0013 	 0.0002 	 0.0020
1.1523 	 6.9745 	 -1.0694 	 -11.0099 	 6.1028 	 -0.9413 	 -9.4863 	 -0.0013 	 0.0002 	 0.0019
1.1623 	 7.0357 	 -1.0788 	 -11.1049 	 6.1027 	 -0.9413 	 -9.4863 	 -0.0012 	 0.0002 	 0.0019
1.1723 	 7.0968 	 -1.0883 	 -11.2000 	 6.1027 	 -0.9412 	 -9.4863 	 -0.0012 	 0.0002 	 0.0019
1.1824 	 7.1580 	 -1.0977 	 -11.2950 	 6.1027 	 -0.9412 	 -9.4863 	 -0.0012 	 0.0002 	 0.0018
1.1924 	 7.2191 	 -1.1071 	 -11.3901 	 6.1027 	 -0.9412 	 -9.4862 	 -0.0012 	 0.0002 	 0.0018
1.2024 	 7.2803 	 -1.1166 	 -11.4851 	 6.1027 	 -0.9412 	 -9.4862 	 -0.0012 	 0.0002 	 0.0018
1.2124 	 7.3414 	 -1.1260 	 -11.5802 	 6.1027 	 -0.9412 	 -9.4862 	 -0.0011 	 0.0002 	 0.0017
1.2224 	 7.4026 	 -1.1354 	 -11.6752 	 6.1027 	 -0.9412 	 -9.4862 	 -0.0011 	 0.0002 	 0.0017
1.2325 	 7.4637 	 -1.1449 	 -11.7703 	 6.1027 	 -0.9412 	 -9.4862 	 -0.0011 	 0.0002 	 0.0017
1.2425 	 7.5249 	 -1.1543 	 -11.8654 	 6.1026 	 -0.9412 	 -9.4861 	 -0.0011 	 0.0002 	 0.0017
1.2525 	 7.5860 	 -1.1637 	 -11.9604 	 6.1026 	 -0.9412 	 -9.4861 	 -0.0011 	 0.0002 	 0.0016
1.2625 	 7.6472 	 -1.1732 	 -12.0555 	 6.1026 	 -0.9412 	 -9.4861 	 -0.0011 	 0.0002 	 0.0016
1.2725 	 7.7083 	 -1.1826 	 -12.1505 	 6.1026 	 -0.9412 	 -9.4861 	 -0.0010 	 0.0001 	 0.0016
1.2826 	 7.7695 	 -1.1920 	 -12.2456 	 6.1026 	 -0.9412 	 -9.4861 	 -0.0010 	 0.0001 	 0.0016
1.2926 	 7.8306 	 -1.2014 	 -12.3406 	 6.1026 	 -0.9412 	 -9.4861 	 -0.0010 	 0.0001 	 0.0015
1.3026 	 7.8917 	 -1.2109 	 -12.4357 	 6.1026 	 -0.9412 	 -9.4861 	 -0.0010 	 0.0001 	 0.0015
1.3126 	 7.9529 	 -1.2203 	 -12.5307 	 6.1026 	 -0.9412 	 -9.4860 	 -0.0010 	 0.0001 	 0.0015
1.3226 	 8.0140 	 -1.2297 	 -12.6258 	 6.1026 	 -0.9412 	 -9.4860 	 -0.0010 	 0.0001 	 0.0015
1.3327 	 8.0752 	 -1.2392 	 -12.7208 	 6.1026 	 -0.9412 	 -9.4860 	 -0.0010 	 0.0001 	 0.0014
1.3427 	 8.1363 	 -1.2486 	 -12.8159 	 6.1025 	 -0.9412 	 -9.4860 	 -0.0009 	 0.0001 	 0.0014
1.3527 	 8.1975 	 -1.2580 	 -12.9109 	 6.1025 	 -0.9412 	 -9.4860 	 -0.0009 	 0.0001 	 0.0014
1.3627 	 8.2586 	 -1.2675 	 -13.0060 	 6.1025 	 -0.9412 	 -9.4860 	 -0.0009 	 0.0001 	 0.0014
1.3727 	 8.3198 	 -1.2769 	 -13.1010 	 6.1025 	 -0.9412 	 -9.4860 	 -0.0009 	 0.0001 	 0.0014
1.3828 	 8.3809 	 -1.2863 	 -13.1961 	 6.1025 	 -0.9412 	 -9.4859 	 -0.0009 	 0.0001 	 0.0013
1.3928 	 8.4421 	 -1.2958 	 -13.2911 	 6.1025 	 -0.9412 	 -9.4859 	 -0.0009 	 0.0001 	 0.0013
1.4028 	 8.5032 	 -1.3052 	 -13.3862 	 6.1025 	 -0.9412 	 -9.4859 	 -0.0009 	 0.0001 	 0.0013
1.4128 	 8.5644 	 -1.3146 	 -13.4812 	 6.1025 	 -0.9412 	 -9.4859 	 -0.0008 	 0.0001 	 0.0013
1.4228 	 8.6255 	 -1.3240 	 -13.5763 	 6.1025 	 -0.9412 	 -9.4859 	 -0.0008 	 0.0001 	 0.0013
1.4329 	 8.6867 	 -1.3335 	 -13.6713 	 6.1025 	 -0.9412 	 -9.4859 	 -0.0008 	 0.0001 	 0.0012
1.4429 	 8.7478 	 -1.3429 	 -13.7664 	 6.1025 	 -0.9412 	 -9.4859 	 -0.0008 	 0.0001 	 0.0012
1.4529 	 8.8090 	 -1.3523 	 -13.8614 	 6.1025 	 -0.9412 	 -9.4858 	 -0.0008 	 0.0001 	 0.0012
1.4629 	 8.8701 	 -1.3618 	 -13.9564 	 6.1024 	 -0.9412 	 -9.4858 	 -0.0008 	 0.0001 	 0.0012
1.4729 	 8.9313 	 -1.3712 	 -14.0515 	 6.1024 	 -0.9412 	 -9.4858 	 -0.0008 	 0.0001 	 0.0012
1.4830 	 8.9924 	 -1.3806 	 -14.1465 	 6.1024 	 -0.9412 	 -9.4858 	 -0.0008 	 0.0001 	 0.0012
1.4930 	 9.0535 	 -1.3901 	 -14.2416 	 6.1024 	 -0.9412 	 -9.4858 	 -0.0008 	 0.0001 	 0.0011
1.5030 	 9.1147 	 -1.3995 	 -14.3366 	 6.1024 	 -0.9412 	 -9.4858 	 -0.0007 	 0.0001 	 0.0011
1.5130 	 9.1758 	 -1.4089 	 -14.4317 	 6.1024 	 -0.9412 	 -9.4858 	 -0.0007 	 0.0001 	 0.0011
1.5230 	 9.2370 	 -1.4184 	 -14.5267 	 6.1024 	 -0.9412 	 -9.4858 	 -0.0007 	 0.0001 	 0.0011
1.5331 	 9.2981 	 -1.4278 	 -14.6218 	 6.1024 	 -0.9412 	 -9.4858 	 -0.0007 	 0.0001 	 0.0011
1.5431 	 9.3593 	 -1.4372 	 -14.7168 	 6.1024 	 -0.9412 	 -9.4857 	 -0.0007 	 0.0001 	 0.0011
1.5531 	 9.4204 	 -1.4467 	 -14.8119 	 6.1024 	 -0.9412 	 -9.4857 	 -0.0007 	 0.0001 	 0.0011
1.5631 	 9.4816 	 -1.4561 	 -14.9069 	 6.1024 	 -0.9412 	 -9.4857 	 -0.0007 	 0.0001 	 0.0010
1.5731 	 9.5427 	 -1.4655 	 -15.0020 	 6.1024 	 -0.9412 	 -9.4857 	 -0.0007 	 0.0001 	 0.0010
1.5832 	 9.6039 	 -1.4749 	 -15.0970 	 6.1024 	 -0.9412 	 -9.4857 	 -0.0007 	 0.0001 	 0.0010
1.5932 	 9.6650 	 -1.4844 	 -15.1921 	 6.1023 	 -0.9412 	 -9.4857 	 -0.0007 	 0.0001 	 0.0010
1.6032 	 9.7262 	 -1.4938 	 -15.2871 	 6.1023 	 -0.9412 	 -9.4857 	 -0.0007 	 0.0001 	 0.0010
1.6132 	 9.7873 	 -1.5032 	 -15.3822 	 6.1023 	 -0.9412 	 -9.4857 	 -0.0006 	 0.0001 	 0.0010
1.6232 	 9.8484 	 -1.5127 	 -15.4772 	 6.1023 	 -0.9412 	 -9.4857 	 -0.0006 	 0.0001 	 0.0010
1.6333 	 9.9096 	 -1.5221 	 -15.5723 	 6.1023 	 -0.9412 	 -9.4857 	 -0.0006 	 0.0001 	 0.0010
1.6433 	 9.9707 	 -1.5315 	 -15.6673 	 6.1023 	 -0.9412 	 -9.4856 	 -0.0006 	 0.0001 	 0.0009
1.6533 	 10.0319 	 -1.5410 	 -15.7623 	 6.1023 	 -0.9412 	 -9.4856 	 -0.0006 	 0.0001 	 0.0009
1.6633 	 10.0930 	 -1.5504 	 -15.8574 	 6.1023 	 -0.9412 	 -9.4856 	 -0.0006 	 0.0001 	 0.0009
1.6733 	 10.1542 	 -1.5598 	 -15.9524 	 6.1023 	 -0.9412 	 -9.4856 	 -0.0006 	 0.0001 	 0.0009
1.6834 	 10.2153 	 -1.5693 	 -16.0475 	 6.1023 	 -0.9412 	 -9.4856 	 -0.0006 	 0.0001 	 0.0009
1.6934 	 10.2765 	 -1.5787 	 -16.1425 	 6.1023 	 -0.9412 	 -9.4856 	 -0.0006 	 0.0001 	 0.0009
1.7034 	 10.3376 	 -1.5881 	 -16.2376 	 6.1023 	 -0.9412 	 -9.4856 	 -0.0006 	 0.0001 	 0.0009
1.7134 	 10.3988 	 -1.5975 	 -16.3326 	 6.1023 	 -0.9412 	 -9.4856 	 -0.0006 	 0.0001 	 0.0009
1.7234 	 10.4599 	 -1.6070 	 -16.4277 	 6.1023 	 -0.9412 	 -9.4856 	 -0.0006 	 0.0001 	 0.0009
1.7335 	 10.5210 	 -1.6164 	 -16.5227 	 6.1023 	 -0.9412 	 -9.4856 	 -0.0006 	 0.0001 	 0.0008
1.7435 	 10.5822 	 -1.6258 	 -16.6178 	 6.1023 	 -0.9412 	 -9.4856 	 -0.0006 	 0.0001 	 0.0008
1.7535 	 10.6433 	 -1.6353 	 -16.7128 	 6.1023 	 -0.9412 	 -9.4855 	 -0.0005 	 0.0001 	 0.0008
1.7635 	 10.7045 	 -1.6447 	 -16.8079 	 6.1022 	 -0.9412 	 -9.4855 	 -0.0005 	 0.0001 	 0.0008
1.7735 	 10.7656 	 -1.6541 	 -16.9029 	 6.1022 	 -0.9412 	 -9.4855 	 -0.0005 	 0.0001 	 0.0008
1.7836 	 10.8268 	 -1.6636 	 -16.9979 	 6.1022 	 -0.9412 	 -9.4855 	 -0.0005 	 0.0001 	 0.0008
1.7936 	 10.8879 	 -1.6730 	 -17.0930 	 6.1022 	 -0.9412 	 -9.4855 	 -0.0005 	 0.0001 	 0.0008
1.8036 	 10.9491 	 -1.6824 	 -17.1880 	 6.1022 	 -0.9412 	 -9.4855 	 -0.0005 	 0.0001 	 0.0008
1.8136 	 11.0102 	 -1.6919 	 -17.2831 	 6.1022 	 -0.9412 	 -9.4855 	 -0.0005 	 0.0001 	 0.0008
1.8236 	 11.0713 	 -1.7013 	 -17.3781 	 6.1022 	 -0.9412 	 -9.4855 	 -0.0005 	 0.0001 	 0.0008
1.8337 	 11.1325 	 -1.7107 	 -17.4732 	 6.1022 	 -0.9412 	 -9.4855 	 -0.0005 	 0.0001 	 0.0008
1.8437 	 11.1936 	 -1.7201 	 -17.5682 	 6.1022 	 -0.9412 	 -9.4855 	 -0.0005 	 0.0001 	 0.0007
1.8537 	 11.2548 	 -1.7296 	 -17.6633 	 6.1022 	 -0.9412 	 -9.4855 	 -0.0005 	 0.0001 	 0.0007
1.8637 	 11.3159 	 -1.7390 	 -17.7583 	 6.1022 	 -0.9412 	 -9.4855 	 -0.0005 	 0.0001 	 0.0007
1.8737 	 11.3771 	 -1.7484 	 -17.8534 	 6.1022 	 -0.9412 	 -9.4855 	 -0.0005 	 0.0001 	 0.0007
1.8838 	 11.4382 	 -1.7579 	 -17.9484 	 6.1022 	 -0.9412 	 -9.4855 	 -0.0005 	 0.0001 	 0.0007
1.8938 	 11.4994 	 -1.7673 	 -18.0434 	 6.1022 	 -0.9412 	 -9.4854 	 -0.0005 	 0.0001 	 0.0007
1.9038 	 11.5605 	 -1.7767 	 -18.1385 	 6.1022 	 -0.9412 	 -9.4854 	 -0.0005 	 0.0001 	 0.0007
1.9138 	 11.6216 	 -1.7862 	 -18.2335 	 6.1022 	 -0.9412 	 -9.4854 	 -0.0005 	 0.0001 	 0.0007
1.9238 	 11.6828 	 -1.7956 	 -18.3286 	 6.1022 	 -0.9412 	 -9.4854 	 -0.0005 	 0.0001 	 0.0007
1.9339 	 11.7439 	 -1.8050 	 -18.4236 	 6.1022 	 -0.9412 	 -9.4854 	 -0.0005 	 0.0001 	 0.0007
1.9439 	 11.8051 	 -1.8144 	 -18.5187 	 6.1022 	 -0.9412 	 -9.4854 	 -0.0004 	 0.0001 	 0.0007
1.9539 	 11.8662 	 -1.8239 	 -18.6137 	 6.1022 	 -0.9412 	 -9.4854 	 -0.0004 	 0.0001 	 0.0007
1.9639 	 11.9274 	 -1.8333 	 -18.7088 	 6.1021 	 -0.9412 	 -9.4854 	 -0.0004 	 0.0001 	 0.0007
1.9739 	 11.9885 	 -1.8427 	 -18.8038 	 6.1021 	 -0.9412 	 -9.4854 	 -0.0004 	 0.0001 	 0.0006
1.9840 	 12.0496 	 -1.8522 	 -18.8988 	 6.1021 	 -0.9412 	 -9.4854 	 -0.0004 	 0.0001 	 0.0006
1.9940 	 12.1108 	 -1.8616 	 -18.9939 	 6.1021 	 -0.9412 	 -9.4854 	 -0.0004 	 0.0001 	 0.0006
2.0040 	 12.1719 	 -1.8710 	 -19.0889 	 6.1021 	 -0.9412 	 -9.4854 	 -0.0004 	 0.0001 	 0.0006
2.0140 	 12.2331 	 -1.8805 	 -19.1840 	 6.1021 	 -0.9412 	 -9.4854 	 -0.0004 	 0.0001 	 0.0006
2.0240 	 12.2942 	 -1.8899 	 -19.2790 	 6.1021 	 -0.9412 	 -9.4854 	 -0.0004 	 0.0001 	 0.0006
2.0341 	 12.3554 	 -1.8993 	 -19.3741 	 6.1021 	 -0.9412 	 -9.4854 	 -0.0004 	 0.0001 	 0.0006
2.0441 	 12.4165 	 -1.9088 	 -19.4691 	 6.1021 	 -0.9412 	 -9.4853 	 -0.0004 	 0.0001 	 0.0006
2.0541 	 12.4777 	 -1.9182 	 -19.5641 	 6.1021 	 -0.9412 	 -9.4853 	 -0.0004 	 0.0001 	 0.0006
2.0641 	 12.5388 	 -1.9276 	 -19.6592 	 6.1021 	 -0.9412 	 -9.4853 	 -0.0004 	 0.0001 	 0.0006
2.0741 	 12.5999 	 -1.9370 	 -19.7542 	 6.1021 	 -0.9412 	 -9.4853 	 -0.0004 	 0.0001 	 0.0006
2.0842 	 12.6611 	 -1.9465 	 -19.8493 	 6.1021 	 -0.9412 	 -9.4853 	 -0.0004 	 0.0001 	 0.0006
2.0942 	 12.7222 	 -1.9559 	 -19.9443 	 6.1021 	 -0.9412 	 -9.4853 	 -0.0004 	 0.0001 	 0.0006
2.1042 	 12.7834 	 -1.9653 	 -20.0394 	 6.1021 	 -0.9412 	 -9.4853 	 -0.0004 	 0.0001 	 0.0006
2.1142 	 12.8445 	 -1.9748 	 -20.1344 	 6.1021 	 -0.9412 	 -9.4853 	 -0.0004 	 0.0001 	 0.0006
2.1242 	 12.9057 	 -1.9842 	 -20.2294 	 6.1021 	 -0.9412 	 -9.4853 	 -0.0004 	 0.0001 	 0.0005
2.1343 	 12.9668 	 -1.9936 	 -20.3245 	 6.1021 	 -0.9412 	 -9.4853 	 -0.0004 	 0.0001 	 0.0005
2.1443 	 13.0279 	 -2.0031 	 -20.4195 	 6.1021 	 -0.9412 	 -9.4853 	 -0.0004 	 0.0000 	 0.0005
2.1543 	 13.0891 	 -2.0125 	 -20.5146 	 6.1021 	 -0.9412 	 -9.4853 	 -0.0004 	 0.0000 	 0.0005
2.1643 	 13.1502 	 -2.0219 	 -20.6096 	 6.1021 	 -0.9412 	 -9.4853 	 -0.0004 	 0.0000 	 0.0005
2.1743 	 13.2114 	 -2.0313 	 -20.7047 	 6.1021 	 -0.9412 	 -9.4853 	 -0.0003 	 0.0000 	 0.0005
2.1844 	 13.2725 	 -2.0408 	 -20.7997 	 6.1021 	 -0.9412 	 -9.4853 	 -0.0003 	 0.0000 	 0.0005
2.1944 	 13.3337 	 -2.0502 	 -20.8947 	 6.1021 	 -0.9412 	 -9.4853 	 -0.0003 	 0.0000 	 0.0005
2.2044 	 13.3948 	 -2.0596 	 -20.9898 	 6.1021 	 -0.9412 	 -9.4853 	 -0.0003 	 0.0000 	 0.0005
2.2144 	 13.4559 	 -2.0691 	 -21.0848 	 6.1021 	 -0.9412 	 -9.4853 	 -0.0003 	 0.0000 	 0.0005
2.2244 	 13.5171 	 -2.0785 	 -21.1799 	 6.1020 	 -0.9412 	 -9.4852 	 -0.0003 	 0.0000 	 0.0005
2.2345 	 13.5782 	 -2.0879 	 -21.2749 	 6.1020 	 -0.9412 	 -9.4852 	 -0.0003 	 0.0000 	 0.0005
2.2445 	 13.6394 	 -2.0974 	 -21.3700 	 6.1020 	 -0.9412 	 -9.4852 	 -0.0003 	 0.0000 	 0.0005
2.2545 	 13.7005 	 -2.1068 	 -21.4650 	 6.1020 	 -0.9412 	 -9.4852 	 -0.0003 	 0.0000 	 0.0005
2.2645 	 13.7617 	 -2.1162 	 -21.5600 	 6.1020 	 -0.9412 	 -9.4852 	 -0.0003 	 0.0000 	 0.0005
2.2745 	 13.8228 	 -2.1257 	 -21.6551 	 6.1020 	 -0.9412 	 -9.4852 	 -0.0003 	 0.0000 	 0.0005
2.2846 	 13.8839 	 -2.1351 	 -21.7501 	 6.1020 	 -0.9412 	 -9.4852 	 -0.0003 	 0.0000 	 0.0005
2.2946 	 13.9451 	 -2.1445 	 -21.8452 	 6.1020 	 -0.9412 	 -9.4852 	 -0.0003 	 0.0000 	 0.0005
2.3046 	 14.0062 	 -2.1539 	 -21.9402 	 6.1020 	 -0.9411 	 -9.4852 	 -0.0003 	 0.0000 	 0.0005
2.3146 	 14.0674 	 -2.1634 	 -22.0353 	 6.1020 	 -0.9411 	 -9.4852 	 -0.0003 	 0.0000 	 0.0005
2.3246 	 14.1285 	 -2.1728 	 -22.1303 	 6.1020 	 -0.9411 	 -9.4852 	 -0.0003 	 0.0000 	 0.0005
2.3347 	 14.1897 	 -2.1822 	 -22.2253 	 6.1020 	 -0.9411 	 -9.4852 	 -0.0003 	 0.0000 	 0.0005
2.3447 	 14.2508 	 -2.1917 	 -22.3204 	 6.1020 	 -0.9411 	 -9.4852 	 -0.0003 	 0.0000 	 0.0004
2.3547 	 14.3119 	 -2.2011 	 -22.4154 	 6.1020 	 -0.9411 	 -9.4852 	 -0.0003 	 0.0000 	 0.0004
2.3647 	 14.3731 	 -2.2105 	 -22.5105 	 6.1020 	 -0.9411 	 -9.4852 	 -0.0003 	 0.0000 	 0.0004
2.3747 	 14.4342 	 -2.2200 	 -22.6055 	 6.1020 	 -0.9411 	 -9.4852 	 -0.0003 	 0.0000 	 0.0004
2.3848 	 14.4954 	 -2.2294 	 -22.7006 	 6.1020 	 -0.9411 	 -9.4852 	 -0.0003 	 0.0000 	 0.0004
2.3948 	 14.5565 	 -2.2388 	 -22.7956 	 6.1020 	 -0.9411 	 -9.4852 	 -0.0003 	 0.0000 	 0.0004
2.4048 	 14.6177 	 -2.2482 	 -22.8906 	 6.1020 	 -0.9411 	 -9.4852 	 -0.0003 	 0.0000 	 0.0004
2.4148 	 14.6788 	 -2.2577 	 -22.9857 	 6.1020 	 -0.9411 	 -9.4852 	 -0.0003 	 0.0000 	 0.0004
2.4248 	 14.7399 	 -2.2671 	 -23.0807 	 6.1020 	 -0.9411 	 -9.4852 	 -0.0003 	 0.0000 	 0.0004
2.4349 	 14.8011 	 -2.2765 	 -23.1758 	 6.1020 	 -0.9411 	 -9.4852 	 -0.0003 	 0.0000 	 0.0004
2.4449 	 14.8622 	 -2.2860 	 -23.2708 	 6.1020 	 -0.9411 	 -9.4851 	 -0.0003 	 0.0000 	 0.0004
2.4549 	 14.9234 	 -2.2954 	 -23.3658 	 6.1020 	 -0.9411 	 -9.4851 	 -0.0003 	 0.0000 	 0.0004
2.4649 	 14.9845 	 -2.3048 	 -23.4609 	 6.1020 	 -0.9411 	 -9.4851 	 -0.0003 	 0.0000 	 0.0004
2.4749 	 15.0456 	 -2.3143 	 -23.5559 	 6.1020 	 -0.9411 	 -9.4851 	 -0.0003 	 0.0000 	 0.0004
2.4850 	 15.1068 	 -2.3237 	 -23.6510 	 6.1020 	 -0.9411 	 -9.4851 	 -0.0003 	 0.0000 	 0.0004
2.4950 	 15.1679 	 -2.3331 	 -23.7460 	 6.1020 	 -0.9411 	 -9.4851 	 -0.0003 	 0.0000 	 0.0004
2.5050 	 15.2291 	 -2.3426 	 -23.8410 	 6.1020 	 -0.9411 	 -9.4851 	 -0.0003 	 0.0000 	 0.0004
2.5150 	 15.2902 	 -2.3520 	 -23.9361 	 6.1020 	 -0.9411 	 -9.4851 	 -0.0003 	 0.0000 	 0.0004
2.5251 	 15.3514 	 -2.3614 	 -24.0311 	 6.1020 	 -0.9411 	 -9.4851 	 -0.0003 	 0.0000 	 0.0004
2.5351 	 15.4125 	 -2.3708 	 -24.1262 	 6.1020 	 -0.9411 	 -9.4851 	 -0.0003 	 0.0000 	 0.0004
2.5451 	 15.4736 	 -2.3803 	 -24.2212 	 6.1020 	 -0.9411 	 -9.4851 	 -0.0003 	 0.0000 	 0.0004
2.5551 	 15.5348 	 -2.3897 	 -24.3163 	 6.1020 	 -0.9411 	 -9.4851 	 -0.0003 	 0.0000 	 0.0004
2.5651 	 15.5959 	 -2.3991 	 -24.4113 	 6.1020 	 -0.9411 	 -9.4851 	 -0.0002 	 0.0000 	 0.0004
2.5752 	 15.6571 	 -2.4086 	 -24.5063 	 6.1019 	 -0.9411 	 -9.4851 	 -0.0002 	 0.0000 	 0.0004
2.5852 	 15.7182 	 -2.4180 	 -24.6014 	 6.1019 	 -0.9411 	 -9.4851 	 -0.0002 	 0.0000 	 0.0004
2.5952 	 15.7793 	 -2.4274 	 -24.6964 	 6.1019 	 -0.9411 	 -9.4851 	 -0.0002 	 0.0000 	 0.0004
2.6052 	 15.8405 	 -2.4369 	 -24.7915 	 6.1019 	 -0.9411 	 -9.4851 	 -0.0002 	 0.0000 	 0.0004
2.6152 	 15.9016 	 -2.4463 	 -24.8865 	 6.1019 	 -0.9411 	 -9.4851 	 -0.0002 	 0.0000 	 0.0004
2.6253 	 15.9628 	 -2.4557 	 -24.9815 	 6.1019 	 -0.9411 	 -9.4851 	 -0.0002 	 0.0000 	 0.0004
2.6353 	 16.0239 	 -2.4651 	 -25.0766 	 6.1019 	 -0.9411 	 -9.4851 	 -0.0002 	 0.0000 	 0.0004
2.6453 	 16.0851 	 -2.4746 	 -25.1716 	 6.1019 	 -0.9411 	 -9.4851 	 -0.0002 	 0.0000 	 0.0004
2.6553 	 16.1462 	 -2.4840 	 -25.2667 	 6.1019 	 -0.9411 	 -9.4851 	 -0.0002 	 0.0000 	 0.0003
2.6653 	 16.2073 	 -2.4934 	 -25.3617 	 6.1019 	 -0.9411 	 -9.4851 	 -0.0002 	 0.0000 	 0.0003
2.6754 	 16.2685 	 -2.5029 	 -25.4567 	 6.1019 	 -0.9411 	 -9.4851 	 -0.0002 	 0.0000 	 0.0003
2.6854 	 16.3296 	 -2.5123 	 -25.5518 	 6.1019 	 -0.9411 	 -9.4851 	 -0.0002 	 0.0000 	 0.0003
2.6954 	 16.3908 	 -2.5217 	 -25.6468 	 6.1019 	 -0.9411 	 -9.4851 	 -0.0002 	 0.0000 	 0.0003
2.7054 	 16.4519 	 -2.5312 	 -25.7419 	 6.1019 	 -0.9411 	 -9.4851 	 -0.0002 	 0.0000 	 0.0003
2.7154 	 16.5130 	 -2.5406 	 -25.8369 	 6.1019 	 -0.9411 	 -9.4850 	 -0.0002 	 0.0000 	 0.0003
2.7255 	 16.5742 	 -2.5500 	 -25.9320 	 6.1019 	 -0.9411 	 -9.4850 	 -0.0002 	 0.0000 	 0.0003
2.7355 	 16.6353 	 -2.5594 	 -26.0270 	 6.1019 	 -0.9411 	 -9.4850 	 -0.0002 	 0.0000 	 0.0003
2.7455 	 16.6965 	 -2.5689 	 -26.1220 	 6.1019 	 -0.9411 	 -9.4850 	 -0.0002 	 0.0000 	 0.0003
2.7555 	 16.7576 	 -2.5783 	 -26.2171 	 6.1019 	 -0.9411 	 -9.4850 	 -0.0002 	 0.0000 	 0.0003
2.7655 	 16.8188 	 -2.5877 	 -26.3121 	 6.1019 	 -0.9411 	 -9.4850 	 -0.0002 	 0.0000 	 0.0003
2.7756 	 16.8799 	 -2.5972 	 -26.4072 	 6.1019 	 -0.9411 	 -9.4850 	 -0.0002 	 0.0000 	 0.0003
2.7856 	 16.9410 	 -2.6066 	 -26.5022 	 6.1019 	 -0.9411 	 -9.4850 	 -0.0002 	 0.0000 	 0.0003
2.7956 	 17.0022 	 -2.6160 	 -26.5972 	 6.1019 	 -0.9411 	 -9.4850 	 -0.0002 	 0.0000 	 0.0003
2.8056 	 17.0633 	 -2.6255 	 -26.6923 	 6.1019 	 -0.9411 	 -9.4850 	 -0.0002 	 0.0000 	 0.0003
2.8156 	 17.1245 	 -2.6349 	 -26.7873 	 6.1019 	 -0.9411 	 -9.4850 	 -0.0002 	 0.0000 	 0.0003
2.8257 	 17.1856 	 -2.6443 	 -26.8824 	 6.1019 	 -0.9411 	 -9.4850 	 -0.0002 	 0.0000 	 0.0003
2.8357 	 17.2467 	 -2.6537 	 -26.9774 	 6.1019 	 -0.9411 	 -9.4850 	 -0.0002 	 0.0000 	 0.0003
2.8457 	 17.3079 	 -2.6632 	 -27.0724 	 6.1019 	 -0.9411 	 -9.4850 	 -0.0002 	 0.0000 	 0.0003
2.8557 	 17.3690 	 -2.6726 	 -27.1675 	 6.1019 	 -0.9411 	 -9.4850 	 -0.0002 	 0.0000 	 0.0003
2.8657 	 17.4302 	 -2.6820 	 -27.2625 	 6.1019 	 -0.9411 	 -9.4850 	 -0.0002 	 0.0000 	 0.0003
2.8758 	 17.4913 	 -2.6915 	 -27.3576 	 6.1019 	 -0.9411 	 -9.4850 	 -0.0002 	 0.0000 	 0.0003
2.8858 	 17.5524 	 -2.7009 	 -27.4526 	 6.1019 	 -0.9411 	 -9.4850 	 -0.0002 	 0.0000 	 0.0003
2.8958 	 17.6136 	 -2.7103 	 -27.5476 	 6.1019 	 -0.9411 	 -9.4850 	 -0.0002 	 0.0000 	 0.0003
2.9058 	 17.6747 	 -2.7198 	 -27.6427 	 6.1019 	 -0.9411 	 -9.4850 	 -0.0002 	 0.0000 	 0.0003
2.9158 	 17.7359 	 -2.7292 	 -27.7377 	 6.1019 	 -0.9411 	 -9.4850 	 -0.0002 	 0.0000 	 0.0003
2.9259 	 17.7970 	 -2.7386 	 -27.8328 	 6.1019 	 -0.9411 	 -9.4850 	 -0.0002 	 0.0000 	 0.0003
2.9359 	 17.8582 	 -2.7480 	 -27.9278 	 6.1019 	 -0.9411 	 -9.4850 	 -0.0002 	 0.0000 	 0.0003
2.9459 	 17.9193 	 -2.7575 	 -28.0228 	 6.1019 	 -0.9411 	 -9.4850 	 -0.0002 	 0.0000 	 0.0003
2.9559 	 17.9804 	 -2.7669 	 -28.1179 	 6.1019 	 -0.9411 	 -9.4850 	 -0.0002 	 0.0000 	 0.0003
2.9659 	 18.0416 	 -2.7763 	 -28.2129 	 6.1019 	 -0.9411 	 -9.4850 	 -0.0002 	 0.0000 	 0.0003
2.9760 	 18.1027 	 -2.7858 	 -28.3080 	 6.1019 	 -0.9411 	 -9.4850 	 -0.0002 	 0.0000 	 0.0003
2.9860 	 18.1639 	 -2.7952 	 -28.4030 	 6.1019 	 -0.9411 	 -9.4850 	 -0.0002 	 0.0000 	 0.0003
2.9960 	 18.2250 	 -2.8046 	 -28.4980 	 6.1019 	 -0.9411 	 -9.4850 	 -0.0002 	 0.0000 	 0.0003
3.0060 	 18.2861 	 -2.8141 	 -28.5931 	 6.1019 	 -0.9411 	 -9.4850 	 -0.0002 	 0.0000 	 0.0003
3.0160 	 18.3473 	 -2.8235 	 -28.6881 	 6.1019 	 -0.9411 	 -9.4850 	 -0.0002 	 0.0000 	 0.0003
3.0261 	 18.4084 	 -2.8329 	 -28.7832 	 6.1019 	 -0.9411 	 -9.4850 	 -0.0002 	 0.0000 	 0.0003
3.0361 	 18.4696 	 -2.8424 	 -28.8782 	 6.1019 	 -0.9411 	 -9.4850 	 -0.0002 	 0.0000 	 0.0003
3.0461 	 18.5307 	 -2.8518 	 -28.9732 	 6.1019 	 -0.9411 	 -9.4850 	 -0.0002 	 0.0000 	 0.0003
3.0561 	 18.5918 	 -2.8612 	 -29.0683 	 6.1018 	 -0.9411 	 -9.4849 	 -0.0002 	 0.0000 	 0.0003
3.0661 	 18.6530 	 -2.8706 	 -29.1633 	 6.1018 	 -0.9411 	 -9.4849 	 -0.0002 	 0.0000 	 0.0003
3.0762 	 18.7141 	 -2.8801 	 -29.2584 	 6.1018 	 -0.9411 	 -9.4849 	 -0.0002 	 0.0000 	 0.0003
3.0862 	 18.7753 	 -2.8895 	 -29.3534 	 6.1018 	 -0.9411 	 -9.4849 	 -0.0002 	 0.0000 	 0.0003
3.0962 	 18.8364 	 -2.8989 	 -29.4484 	 6.1018 	 -0.9411 	 -9.4849 	 -0.0002 	 0.0000 	 0.0003
3.1062 	 18.8975 	 -2.9084 	 -29.5435 	 6.1018 	 -0.9411 	 -9.4849 	 -0.0002 	 0.0000 	 0.0003
3.1162 	 18.9587 	 -2.9178 	 -29.6385 	 6.1018 	 -0.9411 	 -9.4849 	 -0.0002 	 0.0000 	 0.0003
3.1263 	 19.0198 	 -2.9272 	 -29.7335 	 6.1018 	 -0.9411 	 -9.4849 	 -0.0002 	 0.0000 	 0.0003
3.1363 	 19.0810 	 -2.9367 	 -29.8286 	 6.1018 	 -0.9411 	 -9.4849 	 -0.0002 	 0.0000 	 0.0002
3.1463 	 19.1421 	 -2.9461 	 -29.9236 	 6.1018 	 -0.9411 	 -9.4849 	 -0.0002 	 0.0000 	 0.0002
3.1563 	 19.2033 	 -2.9555 	 -30.0187 	 6.1018 	 -0.9411 	 -9.4849 	 -0.0002 	 0.0000 	 0.0002
3.1663 	 19.2644 	 -2.9649 	 -30.1137 	 6.1018 	 -0.9411 	 -9.4849 	 -0.0002 	 0.0000 	 0.0002
3.1764 	 19.3255 	 -2.9744 	 -30.2087 	 6.1018 	 -0.9411 	 -9.4849 	 -0.0002 	 0.0000 	 0.0002
3.1864 	 19.3867 	 -2.9838 	 -30.3038 	 6.1018 	 -0.9411 	 -9.4849 	 -0.0002 	 0.0000 	 0.0002
3.1964 	 19.4478 	 -2.9932 	 -30.3988 	 6.1018 	 -0.9411 	 -9.4849 	 -0.0002 	 0.0000 	 0.0002
3.2064 	 19.5090 	 -3.0027 	 -30.4939 	 6.1018 	 -0.9411 	 -9.4849 	 -0.0002 	 0.0000 	 0.0002
3.2164 	 19.5701 	 -3.0121 	 -30.5889 	 6.1018 	 -0.9411 	 -9.4849 	 -0.0002 	 0.0000 	 0.0002
3.2265 	 19.6312 	 -3.0215 	 -30.6839 	 6.1018 	 -0.9411 	 -9.4849 	 -0.0002 	 0.0000 	 0.0002
3.2365 	 19.6924 	 -3.0310 	 -30.7790 	 6.1018 	 -0.9411 	 -9.4849 	 -0.0002 	 0.0000 	 0.0002
3.2465 	 19.7535 	 -3.0404 	 -30.8740 	 6.1018 	 -0.9411 	 -9.4849 	 -0.0002 	 0.0000 	 0.0002
3.2565 	 19.8147 	 -3.0498 	 -30.9691 	 6.1018 	 -0.9411 	 -9.4849 	 -0.0002 	 0.0000 	 0.0002
3.2665 	 19.8758 	 -3.0592 	 -31.0641 	 6.1018 	 -0.9411 	 -9.4849 	 -0.0002 	 0.0000 	 0.0002
3.2766 	 19.9369 	 -3.0687 	 -31.1591 	 6.1018 	 -0.9411 	 -9.4849 	 -0.0002 	 0.0000 	 0.0002
3.2866 	 19.9981 	 -3.0781 	 -31.2542 	 6.1018 	 -0.9411 	 -9.4849 	 -0.0001 	 0.0000 	 0.0002
3.2966 	 20.0592 	 -3.0875 	 -31.3492 	 6.1018 	 -0.9411 	 -9.4849 	 -0.0001 	 0.0000 	 0.0002
3.3066 	 20.1204 	 -3.0970 	 -31.4443 	 6.1018 	 -0.9411 	 -9.4849 	 -0.0001 	 0.0000 	 0.0002
3.3166 	 20.1815 	 -3.1064 	 -31.5393 	 6.1018 	 -0.9411 	 -9.4849 	 -0.0001 	 0.0000 	 0.0002
3.3267 	 20.2426 	 -3.1158 	 -31.6343 	 6.1018 	 -0.9411 	 -9.4849 	 -0.0001 	 0.0000 	 0.0002
3.3367 	 20.3038 	 -3.1253 	 -31.7294 	 6.1018 	 -0.9411 	 -9.4849 	 -0.0001 	 0.0000 	 0.0002
3.3467 	 20.3649 	 -3.1347 	 -31.8244 	 6.1018 	 -0.9411 	 -9.4849 	 -0.0001 	 0.0000 	 0.0002
3.3567 	 20.4261 	 -3.1441 	 -31.9194 	 6.1018 	 -0.9411 	 -9.4849 	 -0.0001 	 0.0000 	 0.0002
3.3667 	 20.4872 	 -3.1535 	 -32.0145 	 6.1018 	 -0.9411 	 -9.4849 	 -0.0001 	 0.0000 	 0.0002
3.3768 	 20.5483 	 -3.1630 	 -32.1095 	 6.1018 	 -0.9411 	 -9.4849 	 -0.0001 	 0.0000 	 0.0002
3.3868 	 20.6095 	 -3.1724 	 -32.2046 	 6.1018 	 -0.9411 	 -9.4849 	 -0.0001 	 0.0000 	 0.0002
3.3968 	 20.6706 	 -3.1818 	 -32.2996 	 6.1018 	 -0.9411 	 -9.4849 	 -0.0001 	 0.0000 	 0.0002
3.4068 	 20.7318 	 -3.1913 	 -32.3946 	 6.1018 	 -0.9411 	 -9.4849 	 -0.0001 	 0.0000 	 0.0002
3.4168 	 20.7929 	 -3.2007 	 -32.4897 	 6.1018 	 -0.9411 	 -9.4849 	 -0.0001 	 0.0000 	 0.0002
3.4269 	 20.8540 	 -3.2101 	 -32.5847 	 6.1018 	 -0.9411 	 -9.4849 	 -0.0001 	 0.0000 	 0.0002
3.4369 	 20.9152 	 -3.2196 	 -32.6798 	 6.1018 	 -0.9411 	 -9.4849 	 -0.0001 	 0.0000 	 0.0002
3.4469 	 20.9763 	 -3.2290 	 -32.7748 	 6.1018 	 -0.9411 	 -9.4849 	 -0.0001 	 0.0000 	 0.0002
3.4569 	 21.0375 	 -3.2384 	 -32.8698 	 6.1018 	 -0.9411 	 -9.4849 	 -0.0001 	 0.0000 	 0.0002
3.4669 	 21.0986 	 -3.2478 	 -32.9649 	 6.1018 	 -0.9411 	 -9.4849 	 -0.0001 	 0.0000 	 0.0002
3.4770 	 21.1597 	 -3.2573 	 -33.0599 	 6.1018 	 -0.9411 	 -9.4849 	 -0.0001 	 0.0000 	 0.0002
3.4870 	 21.2209 	 -3.2667 	 -33.1550 	 6.1018 	 -0.9411 	 -9.4849 	 -0.0001 	 0.0000 	 0.0002
3.4970 	 21.2820 	 -3.2761 	 -33.2500 	 6.1018 	 -0.9411 	 -9.4848 	 -0.0001 	 0.0000 	 0.0002
3.5070 	 21.3432 	 -3.2856 	 -33.3450 	 6.1018 	 -0.9411 	 -9.4848 	 -0.0001 	 0.0000 	 0.0002
3.5170 	 21.4043 	 -3.2950 	 -33.4401 	 6.1018 	 -0.9411 	 -9.4848 	 -0.0001 	 0.0000 	 0.0002
3.5271 	 21.4654 	 -3.3044 	 -33.5351 	 6.1018 	 -0.9411 	 -9.4848 	 -0.0001 	 0.0000 	 0.0002
3.5371 	 21.5266 	 -3.3139 	 -33.6301 	 6.1018 	 -0.9411 	 -9.4848 	 -0.0001 	 0.0000 	 0.0002
3.5471 	 21.5877 	 -3.3233 	 -33.7252 	 6.1018 	 -0.9411 	 -9.4848 	 -0.0001 	 0.0000 	 0.0002
3.5571 	 21.6489 	 -3.3327 	 -33.8202 	 6.1018 	 -0.9411 	 -9.4848 	 -0.0001 	 0.0000 	 0.0002
3.5671 	 21.7100 	 -3.3421 	 -33.9153 	 6.1018 	 -0.9411 	 -9.4848 	 -0.0001 	 0.0000 	 0.0002
3.5772 	 21.7711 	 -3.3516 	 -34.0103 	 6.1018 	 -0.9411 	 -9.4848 	 -0.0001 	 0.0000 	 0.0002
3.5872 	 21.8323 	 -3.3610 	 -34.1053 	 6.1018 	 -0.9411 	 -9.4848 	 -0.0001 	 0.0000 	 0.0002
3.5972 	 21.8934 	 -3.3704 	 -34.2004 	 6.1018 	 -0.9411 	 -9.4848 	 -0.0001 	 0.0000 	 0.0002
3.6072 	 21.9546 	 -3.3799 	 -34.2954 	 6.1018 	 -0.9411 	 -9.4848 	 -0.0001 	 0.0000 	 0.0002
3.6172 	 22.0157 	 -3.3893 	 -34.3905 	 6.1018 	 -0.9411 	 -9.4848 	 -0.0001 	 0.0000 	 0.0002
3.6273 	 22.0768 	 -3.3987 	 -34.4855 	 6.1018 	 -0.9411 	 -9.4848 	 -0.0001 	 0.0000 	 0.0002
3.6373 	 22.1380 	 -3.4082 	 -34.5805 	 6.1018 	 -0.9411 	 -9.4848 	 -0.0001 	 0.0000 	 0.0002
3.6473 	 22.1991 	 -3.4176 	 -34.6756 	 6.1018 	 -0.9411 	 -9.4848 	 -0.0001 	 0.0000 	 0.0002
3.6573 	 22.2603 	 -3.4270 	 -34.7706 	 6.1018 	 -0.9411 	 -9.4848 	 -0.0001 	 0.0000 	 0.0002
3.6673 	 22.3214 	 -3.4364 	 -34.8656 	 6.1018 	 -0.9411 	 -9.4848 	 -0.0001 	 0.0000 	 0.0002
3.6774 	 22.3825 	 -3.4459 	 -34.9607 	 6.1018 	 -0.9411 	 -9.4848 	 -0.0001 	 0.0000 	 0.0002
3.6874 	 22.4437 	 -3.4553 	 -35.0557 	 6.1018 	 -0.9411 	 -9.4848 	 -0.0001 	 0.0000 	 0.0002
3.6974 	 22.5048 	 -3.4647 	 -35.1508 	 6.1018 	 -0.9411 	 -9.4848 	 -0.0001 	 0.0000 	 0.0002
3.7074 	 22.5660 	 -3.4742 	 -35.2458 	 6.1018 	 -0.9411 	 -9.4848 	 -0.0001 	 0.0000 	 0.0002
3.7174 	 22.6271 	 -3.4836 	 -35.3408 	 6.1018 	 -0.9411 	 -9.4848 	 -0.0001 	 0.0000 	 0.0002
3.7275 	 22.6882 	 -3.4930 	 -35.4359 	 6.1018 	 -0.9411 	 -9.4848 	 -0.0001 	 0.0000 	 0.0002
3.7375 	 22.7494 	 -3.5025 	 -35.5309 	 6.1018 	 -0.9411 	 -9.4848 	 -0.0001 	 0.0000 	 0.0002
3.7475 	 22.8105 	 -3.5119 	 -35.6259 	 6.1018 	 -0.9411 	 -9.4848 	 -0.0001 	 0.0000 	 0.0002
3.7575 	 22.8717 	 -3.5213 	 -35.7210 	 6.1018 	 -0.9411 	 -9.4848 	 -0.0001 	 0.0000 	 0.0002
3.7675 	 22.9328 	 -3.5307 	 -35.8160 	 6.1017 	 -0.9411 	 -9.4848 	 -0.0001 	 0.0000 	 0.0002
3.7776 	 22.9939 	 -3.5402 	 -35.9111 	 6.1017 	 -0.9411 	 -9.4848 	 -0.0001 	 0.0000 	 0.0002
3.7876 	 23.0551 	 -3.5496 	 -36.0061 	 6.1017 	 -0.9411 	 -9.4848 	 -0.0001 	 0.0000 	 0.0002
3.7976 	 23.1162 	 -3.5590 	 -36.1011 	 6.1017 	 -0.9411 	 -9.4848 	 -0.0001 	 0.0000 	 0.0002
3.8076 	 23.1774 	 -3.5685 	 -36.1962 	 6.1017 	 -0.9411 	 -9.4848 	 -0.0001 	 0.0000 	 0.0002
3.8176 	 23.2385 	 -3.5779 	 -36.2912 	 6.1017 	 -0.9411 	 -9.4848 	 -0.0001 	 0.0000 	 0.0002
3.8277 	 23.2996 	 -3.5873 	 -36.3863 	 6.1017 	 -0.9411 	 -9.4848 	 -0.0001 	 0.0000 	 0.0002
3.8377 	 23.3608 	 -3.5968 	 -36.4813 	 6.1017 	 -0.9411 	 -9.4848 	 -0.0001 	 0.0000 	 0.0002
3.8477 	 23.4219 	 -3.6062 	 -36.5763 	 6.1017 	 -0.9411 	 -9.4848 	 -0.0001 	 0.0000 	 0.0002
3.8577 	 23.4831 	 -3.6156 	 -36.6714 	 6.1017 	 -0.9411 	 -9.4848 	 -0.0001 	 0.0000 	 0.0002
3.8677 	 23.5442 	 -3.6250 	 -36.7664 	 6.1017 	 -0.9411 	 -9.4848 	 -0.0001 	 0.0000 	 0.0002
3.8778 	 23.6053 	 -3.6345 	 -36.8614 	 6.1017 	 -0.9411 	 -9.4848 	 -0.0001 	 0.0000 	 0.0002
3.8878 	 23.6665 	 -3.6439 	 -36.9565 	 6.1017 	 -0.9411 	 -9.4848 	 -0.0001 	 0.0000 	 0.0002
3.8978 	 23.7276 	 -3.6533 	 -37.0515 	 6.1017 	 -0.9411 	 -9.4848 	 -0.0001 	 0.0000 	 0.0002
3.9078 	 23.7888 	 -3.6628 	 -37.1466 	 6.1017 	 -0.9411 	 -9.4848 	 -0.0001 	 0.0000 	 0.0002
3.9178 	 23.8499 	 -3.6722 	 -37.2416 	 6.1017 	 -0.9411 	 -9.4848 	 -0.0001 	 0.0000 	 0.0002
3.9279 	 23.9110 	 -3.6816 	 -37.3366 	 6.1017 	 -0.9411 	 -9.4848 	 -0.0001 	 0.0000 	 0.0002
3.9379 	 23.9722 	 -3.6911 	 -37.4317 	 6.1017 	 -0.9411 	 -9.4848 	 -0.0001 	 0.0000 	 0.0002
3.9479 	 24.0333 	 -3.7005 	 -37.5267 	 6.1017 	 -0.9411 	 -9.4848 	 -0.0001 	 0.0000 	 0.0002
3.9579 	 24.0945 	 -3.7099 	 -37.6217 	 6.1017 	 -0.9411 	 -9.4848 	 -0.0001 	 0.0000 	 0.0002
3.9679 	 24.1556 	 -3.7193 	 -37.7168 	 6.1017 	 -0.9411 	 -9.4848 	 -0.0001 	 0.0000 	 0.0002
3.9780 	 24.2167 	 -3.7288 	 -37.8118 	 6.1017 	 -0.9411 	 -9.4848 	 -0.0001 	 0.0000 	 0.0002
3.9880 	 24.2779 	 -3.7382 	 -37.9069 	 6.1017 	 -0.9411 	 -9.4848 	 -0.0001 	 0.0000 	 0.0001
3.9980 	 24.3390 	 -3.7476 	 -38.0019 	 6.1017 	 -0.9411 	 -9.4848 	 -0.0001 	 0.0000 	 0.0001
4.0080 	 24.4002 	 -3.7571 	 -38.0969 	 6.1017 	 -0.9411 	 -9.4848 	 -0.0001 	 0.0000 	 0.0001
4.0180 	 24.4613 	 -3.7665 	 -38.1920 	 6.1017 	 -0.9411 	 -9.4848 	 -0.0001 	 0.0000 	 0.0001
4.0281 	 24.5224 	 -3.7759 	 -38.2870 	 6.1017 	 -0.9411 	 -9.4848 	 -0.0001 	 0.0000 	 0.0001
4.0381 	 24.5836 	 -3.7854 	 -38.3820 	 6.1017 	 -0.9411 	 -9.4848 	 -0.0001 	 0.0000 	 0.0001
4.0481 	 24.6447 	 -3.7948 	 -38.4771 	 6.1017 	 -0.9411 	 -9.4848 	 -0.0001 	 0.0000 	 0.0001
4.0581 	 24.7059 	 -3.8042 	 -38.5721 	 6.1017 	 -0.9411 	 -9.4848 	 -0.0001 	 0.0000 	 0.0001
4.0681 	 24.7670 	 -3.8136 	 -38.6672 	 6.1017 	 -0.9411 	 -9.4848 	 -0.0001 	 0.0000 	 0.0001
4.0782 	 24.8281 	 -3.8231 	 -38.7622 	 6.1017 	 -0.9411 	 -9.4848 	 -0.0001 	 0.0000 	 0.0001
4.0882 	 24.8893 	 -3.8325 	 -38.8572 	 6.1017 	 -0.9411 	 -9.4848 	 -0.0001 	 0.0000 	 0.0001
4.0982 	 24.9504 	 -3.8419 	 -38.9523 	 6.1017 	 -0.9411 	 -9.4847 	 -0.0001 	 0.0000 	 0.0001
4.1082 	 25.0115 	 -3.8514 	 -39.0473 	 6.1017 	 -0.9411 	 -9.4847 	 -0.0001 	 0.0000 	 0.0001
4.1182 	 25.0727 	 -3.8608 	 -39.1423 	 6.1017 	 -0.9411 	 -9.4847 	 -0.0001 	 0.0000 	 0.0001
4.1283 	 25.1338 	 -3.8702 	 -39.2374 	 6.1017 	 -0.9411 	 -9.4847 	 -0.0001 	 0.0000 	 0.0001
4.1383 	 25.1950 	 -3.8797 	 -39.3324 	 6.1017 	 -0.9411 	 -9.4847 	 -0.0001 	 0.0000 	 0.0001
4.1483 	 25.2561 	 -3.8891 	 -39.4275 	 6.1017 	 -0.9411 	 -9.4847 	 -0.0001 	 0.0000 	 0.0001
4.1583 	 25.3172 	 -3.8985 	 -39.5225 	 6.1017 	 -0.9411 	 -9.4847 	 -0.0001 	 0.0000 	 0.0001
4.1683 	 25.3784 	 -3.9079 	 -39.6175 	 6.1017 	 -0.9411 	 -9.4847 	 -0.0001 	 0.0000 	 0.0001
4.1784 	 25.4395 	 -3.9174 	 -39.7126 	 6.1017 	 -0.9411 	 -9.4847 	 -0.0001 	 0.0000 	 0.0001
4.1884 	 25.5007 	 -3.9268 	 -39.8076 	 6.1017 	 -0.9411 	 -9.4847 	 -0.0001 	 0.0000 	 0.0001
4.1984 	 25.5618 	 -3.9362 	 -39.9026 	 6.1017 	 -0.9411 	 -9.4847 	 -0.0001 	 0.0000 	 0.0001
4.2084 	 25.6229 	 -3.9457 	 -39.9977 	 6.1017 	 -0.9411 	 -9.4847 	 -0.0001 	 0.0000 	 0.0001
4.2184 	 25.6841 	 -3.9551 	 -40.0927 	 6.1017 	 -0.9411 	 -9.4847 	 -0.0001 	 0.0000 	 0.0001
4.2285 	 25.7452 	 -3.9645 	 -40.1878 	 6.1017 	 -0.9411 	 -9.4847 	 -0.0001 	 0.0000 	 0.0001
4.2385 	 25.8064 	 -3.9740 	 -40.2828 	 6.1017 	 -0.9411 	 -9.4847 	 -0.0001 	 0.0000 	 0.0001
4.2485 	 25.8675 	 -3.9834 	 -40.3778 	 6.1017 	 -0.9411 	 -9.4847 	 -0.0001 	 0.0000 	 0.0001
4.2585 	 25.9286 	 -3.9928 	 -40.4729 	 6.1017 	 -0.9411 	 -9.4847 	 -0.0001 	 0.0000 	 0.0001
4.2685 	 25.9898 	 -4.0022 	 -40.5679 	 6.1017 	 -0.9411 	 -9.4847 	 -0.0001 	 0.0000 	 0.0001
4.2786 	 26.0509 	 -4.0117 	 -40.6629 	 6.1017 	 -0.9411 	 -9.4847 	 -0.0001 	 0.0000 	 0.0001
4.2886 	 26.1121 	 -4.0211 	 -40.7580 	 6.1017 	 -0.9411 	 -9.4847 	 -0.0001 	 0.0000 	 0.0001
4.2986 	 26.1732 	 -4.0305 	 -40.8530 	 6.1017 	 -0.9411 	 -9.4847 	 -0.0001 	 0.0000 	 0.0001
4.3086 	 26.2343 	 -4.0400 	 -40.9481 	 6.1017 	 -0.9411 	 -9.4847 	 -0.0001 	 0.0000 	 0.0001
4.3186 	 26.2955 	 -4.0494 	 -41.0431 	 6.1017 	 -0.9411 	 -9.4847 	 -0.0001 	 0.0000 	 0.0001
4.3287 	 26.3566 	 -4.0588 	 -41.1381 	 6.1017 	 -0.9411 	 -9.4847 	 -0.0001 	 0.0000 	 0.0001
4.3387 	 26.4178 	 -4.0683 	 -41.2332 	 6.1017 	 -0.9411 	 -9.4847 	 -0.0001 	 0.0000 	 0.0001
4.3487 	 26.4789 	 -4.0777 	 -41.3282 	 6.1017 	 -0.9411 	 -9.4847 	 -0.0001 	 0.0000 	 0.0001
4.3587 	 26.5400 	 -4.0871 	 -41.4232 	 6.1017 	 -0.9411 	 -9.4847 	 -0.0001 	 0.0000 	 0.0001
4.3687 	 26.6012 	 -4.0965 	 -41.5183 	 6.1017 	 -0.9411 	 -9.4847 	 -0.0001 	 0.0000 	 0.0001
4.3788 	 26.6623 	 -4.1060 	 -41.6133 	 6.1017 	 -0.9411 	 -9.4847 	 -0.0001 	 0.0000 	 0.0001
4.3888 	 26.7234 	 -4.1154 	 -41.7084 	 6.1017 	 -0.9411 	 -9.4847 	 -0.0001 	 0.0000 	 0.0001
4.3988 	 26.7846 	 -4.1248 	 -41.8034 	 6.1017 	 -0.9411 	 -9.4847 	 -0.0001 	 0.0000 	 0.0001
4.4088 	 26.8457 	 -4.1343 	 -41.8984 	 6.1017 	 -0.9411 	 -9.4847 	 -0.0001 	 0.0000 	 0.0001
4.4188 	 26.9069 	 -4.1437 	 -41.9935 	 6.1017 	 -0.9411 	 -9.4847 	 -0.0001 	 0.0000 	 0.0001
4.4289 	 26.9680 	 -4.1531 	 -42.0885 	 6.1017 	 -0.9411 	 -9.4847 	 -0.0001 	 0.0000 	 0.0001
4.4389 	 27.0291 	 -4.1625 	 -42.1835 	 6.1017 	 -0.9411 	 -9.4847 	 -0.0001 	 0.0000 	 0.0001
4.4489 	 27.0903 	 -4.1720 	 -42.2786 	 6.1017 	 -0.9411 	 -9.4847 	 -0.0001 	 0.0000 	 0.0001
4.4589 	 27.1514 	 -4.1814 	 -42.3736 	 6.1017 	 -0.9411 	 -9.4847 	 -0.0001 	 0.0000 	 0.0001
4.4689 	 27.2126 	 -4.1908 	 -42.4687 	 6.1017 	 -0.9411 	 -9.4847 	 -0.0001 	 0.0000 	 0.0001
4.4790 	 27.2737 	 -4.2003 	 -42.5637 	 6.1017 	 -0.9411 	 -9.4847 	 -0.0001 	 0.0000 	 0.0001
4.4890 	 27.3348 	 -4.2097 	 -42.6587 	 6.1017 	 -0.9411 	 -9.4847 	 -0.0001 	 0.0000 	 0.0001
4.4990 	 27.3960 	 -4.2191 	 -42.7538 	 6.1017 	 -0.9411 	 -9.4847 	 -0.0001 	 0.0000 	 0.0001
4.5090 	 27.4571 	 -4.2286 	 -42.8488 	 6.1017 	 -0.9411 	 -9.4847 	 -0.0001 	 0.0000 	 0.0001
4.5190 	 27.5183 	 -4.2380 	 -42.9438 	 6.1017 	 -0.9411 	 -9.4847 	 -0.0001 	 0.0000 	 0.0001
4.5291 	 27.5794 	 -4.2474 	 -43.0389 	 6.1017 	 -0.9411 	 -9.4847 	 -0.0001 	 0.0000 	 0.0001
4.5391 	 27.6405 	 -4.2568 	 -43.1339 	 6.1017 	 -0.9411 	 -9.4847 	 -0.0001 	 0.0000 	 0.0001
4.5491 	 27.7017 	 -4.2663 	 -43.2289 	 6.1017 	 -0.9411 	 -9.4847 	 -0.0001 	 0.0000 	 0.0001
4.5591 	 27.7628 	 -4.2757 	 -43.3240 	 6.1017 	 -0.9411 	 -9.4847 	 -0.0001 	 0.0000 	 0.0001
4.5691 	 27.8240 	 -4.2851 	 -43.4190 	 6.1017 	 -0.9411 	 -9.4847 	 -0.0001 	 0.0000 	 0.0001
4.5792 	 27.8851 	 -4.2946 	 -43.5141 	 6.1017 	 -0.9411 	 -9.4847 	 -0.0001 	 0.0000 	 0.0001
4.5892 	 27.9462 	 -4.3040 	 -43.6091 	 6.1017 	 -0.9411 	 -9.4847 	 -0.0001 	 0.0000 	 0.0001
4.5992 	 28.0074 	 -4.3134 	 -43.7041 	 6.1017 	 -0.9411 	 -9.4847 	 -0.0001 	 0.0000 	 0.0001
4.6092 	 28.0685 	 -4.3229 	 -43.7992 	 6.1017 	 -0.9411 	 -9.4847 	 -0.0001 	 0.0000 	 0.0001
4.6192 	 28.1296 	 -4.3323 	 -43.8942 	 6.1017 	 -0.9411 	 -9.4847 	 -0.0001 	 0.0000 	 0.0001
4.6293 	 28.1908 	 -4.3417 	 -43.9892 	 6.1017 	 -0.9411 	 -9.4847 	 -0.0001 	 0.0000 	 0.0001
4.6393 	 28.2519 	 -4.3511 	 -44.0843 	 6.1017 	 -0.9411 	 -9.4847 	 -0.0001 	 0.0000 	 0.0001
4.6493 	 28.3131 	 -4.3606 	 -44.1793 	 6.1017 	 -0.9411 	 -9.4847 	 -0.0001 	 0.0000 	 0.0001
4.6593 	 28.3742 	 -4.3700 	 -44.2744 	 6.1017 	 -0.9411 	 -9.4847 	 -0.0001 	 0.0000 	 0.0001
4.6693 	 28.4353 	 -4.3794 	 -44.3694 	 6.1017 	 -0.9411 	 -9.4847 	 -0.0001 	 0.0000 	 0.0001
4.6794 	 28.4965 	 -4.3889 	 -44.4644 	 6.1017 	 -0.9411 	 -9.4847 	 -0.0001 	 0.0000 	 0.0001
4.6894 	 28.5576 	 -4.3983 	 -44.5595 	 6.1017 	 -0.9411 	 -9.4847 	 -0.0001 	 0.0000 	 0.0001
4.6994 	 28.6188 	 -4.4077 	 -44.6545 	 6.1017 	 -0.9411 	 -9.4847 	 -0.0001 	 0.0000 	 0.0001
4.7094 	 28.6799 	 -4.4172 	 -44.7495 	 6.1017 	 -0.9411 	 -9.4847 	 -0.0001 	 0.0000 	 0.0001
4.7194 	 28.7410 	 -4.4266 	 -44.8446 	 6.1017 	 -0.9411 	 -9.4847 	 -0.0001 	 0.0000 	 0.0001
4.7295 	 28.8022 	 -4.4360 	 -44.9396 	 6.1017 	 -0.9411 	 -9.4847 	 -0.0001 	 0.0000 	 0.0001
4.7395 	 28.8633 	 -4.4454 	 -45.0346 	 6.1017 	 -0.9411 	 -9.4847 	 -0.0001 	 0.0000 	 0.0001
4.7495 	 28.9245 	 -4.4549 	 -45.1297 	 6.1017 	 -0.9411 	 -9.4847 	 -0.0001 	 0.0000 	 0.0001
4.7595 	 28.9856 	 -4.4643 	 -45.2247 	 6.1017 	 -0.9411 	 -9.4847 	 -0.0001 	 0.0000 	 0.0001
4.7695 	 29.0467 	 -4.4737 	 -45.3198 	 6.1017 	 -0.9411 	 -9.4847 	 -0.0001 	 0.0000 	 0.0001
4.7796 	 29.1079 	 -4.4832 	 -45.4148 	 6.1017 	 -0.9411 	 -9.4847 	 -0.0001 	 0.0000 	 0.0001
4.7896 	 29.1690 	 -4.4926 	 -45.5098 	 6.1017 	 -0.9411 	 -9.4847 	 -0.0001 	 0.0000 	 0.0001
4.7996 	 29.2301 	 -4.5020 	 -45.6049 	 6.1017 	 -0.9411 	 -9.4847 	 -0.0001 	 0.0000 	 0.0001
4.8096 	 29.2913 	 -4.5115 	 -45.6999 	 6.1017 	 -0.9411 	 -9.4847 	 -0.0001 	 0.0000 	 0.0001
4.8196 	 29.3524 	 -4.5209 	 -45.7949 	 6.1017 	 -0.9411 	 -9.4847 	 -0.0001 	 0.0000 	 0.0001
4.8297 	 29.4136 	 -4.5303 	 -45.8900 	 6.1017 	 -0.9411 	 -9.4847 	 -0.0001 	 0.0000 	 0.0001
4.8397 	 29.4747 	 -4.5397 	 -45.9850 	 6.1017 	 -0.9411 	 -9.4847 	 -0.0001 	 0.0000 	 0.0001
4.8497 	 29.5358 	 -4.5492 	 -46.0801 	 6.1017 	 -0.9411 	 -9.4847 	 -0.0001 	 0.0000 	 0.0001
4.8597 	 29.5970 	 -4.5586 	 -46.1751 	 6.1017 	 -0.9411 	 -9.4847 	 -0.0001 	 0.0000 	 0.0001
4.8697 	 29.6581 	 -4.5680 	 -46.2701 	 6.1017 	 -0.9411 	 -9.4847 	 -0.0001 	 0.0000 	 0.0001
4.8798 	 29.7193 	 -4.5775 	 -46.3652 	 6.1017 	 -0.9411 	 -9.4847 	 -0.0001 	 0.0000 	 0.0001
4.8898 	 29.7804 	 -4.5869 	 -46.4602 	 6.1017 	 -0.9411 	 -9.4847 	 -0.0001 	 0.0000 	 0.0001
4.8998 	 29.8415 	 -4.5963 	 -46.5552 	 6.1017 	 -0.9411 	 -9.4847 	 -0.0001 	 0.0000 	 0.0001
4.9098 	 29.9027 	 -4.6058 	 -46.6503 	 6.1017 	 -0.9411 	 -9.4847 	 -0.0001 	 0.0000 	 0.0001
4.9198 	 29.9638 	 -4.6152 	 -46.7453 	 6.1016 	 -0.9411 	 -9.4847 	 -0.0001 	 0.0000 	 0.0001
4.9299 	 30.0250 	 -4.6246 	 -46.8403 	 6.1016 	 -0.9411 	 -9.4847 	 -0.0001 	 0.0000 	 0.0001
4.9399 	 30.0861 	 -4.6340 	 -46.9354 	 6.1016 	 -0.9411 	 -9.4846 	 -0.0001 	 0.0000 	 0.0001
4.9499 	 30.1472 	 -4.6435 	 -47.0304 	 6.1016 	 -0.9411 	 -9.4846 	 -0.0001 	 0.0000 	 0.0001
4.9599 	 30.2084 	 -4.6529 	 -47.1255 	 6.1016 	 -0.9411 	 -9.4846 	 -0.0001 	 0.0000 	 0.0001
4.9699 	 30.2695 	 -4.6623 	 -47.2205 	 6.1016 	 -0.9411 	 -9.4846 	 -0.0001 	 0.0000 	 0.0001
4.9800 	 30.3306 	 -4.6718 	 -47.3155 	 6.1016 	 -0.9411 	 -9.4846 	 -0.0001 	 0.0000 	 0.0001
4.9900 	 30.3918 	 -4.6812 	 -47.4106 	 6.1016 	 -0.9411 	 -9.4846 	 -0.0001 	 0.0000 	 0.0001
