100-Body Run with i = 50 th particle. (Units in pc,M_solar,Myr, km s-1) 

time		 x 		 y 		 z 		 xdot 		 ydot 		 zdot 		 xddot 		 yddot 		 zddot
0.0000 	 -0.2704 	 0.1819 	 -1.4567 	 -0.0243 	 -0.0214 	 -0.0037 	 0.1020 	 -0.0525 	 0.2176
0.0100 	 -0.2706 	 0.1816 	 -1.4568 	 -0.0233 	 -0.0220 	 -0.0015 	 0.1020 	 -0.0524 	 0.2175
0.0200 	 -0.2708 	 0.1814 	 -1.4568 	 -0.0222 	 -0.0225 	 0.0007 	 0.1020 	 -0.0523 	 0.2174
0.0301 	 -0.2710 	 0.1812 	 -1.4568 	 -0.0212 	 -0.0230 	 0.0029 	 0.1022 	 -0.0522 	 0.2174
0.0401 	 -0.2712 	 0.1810 	 -1.4567 	 -0.0202 	 -0.0235 	 0.0051 	 0.1008 	 -0.0528 	 0.2176
0.0501 	 -0.2714 	 0.1807 	 -1.4567 	 -0.0192 	 -0.0241 	 0.0072 	 0.0997 	 -0.0522 	 0.2129
0.0601 	 -0.2716 	 0.1805 	 -1.4566 	 -0.0182 	 -0.0246 	 0.0093 	 0.1014 	 -0.0516 	 0.2120
0.0701 	 -0.2718 	 0.1802 	 -1.4565 	 -0.0172 	 -0.0251 	 0.0115 	 0.1022 	 -0.0515 	 0.2117
0.0802 	 -0.2720 	 0.1800 	 -1.4563 	 -0.0162 	 -0.0256 	 0.0136 	 0.1028 	 -0.0514 	 0.2115
0.0902 	 -0.2721 	 0.1797 	 -1.4562 	 -0.0151 	 -0.0261 	 0.0157 	 0.1032 	 -0.0514 	 0.2111
0.1002 	 -0.2723 	 0.1795 	 -1.4560 	 -0.0141 	 -0.0266 	 0.0178 	 0.1034 	 -0.0512 	 0.2107
0.1102 	 -0.2724 	 0.1792 	 -1.4558 	 -0.0131 	 -0.0272 	 0.0199 	 0.1034 	 -0.0511 	 0.2103
0.1202 	 -0.2725 	 0.1789 	 -1.4556 	 -0.0120 	 -0.0277 	 0.0220 	 0.1033 	 -0.0510 	 0.2101
0.1303 	 -0.2727 	 0.1786 	 -1.4554 	 -0.0110 	 -0.0282 	 0.0241 	 0.1030 	 -0.0512 	 0.2102
0.1403 	 -0.2728 	 0.1783 	 -1.4552 	 -0.0100 	 -0.0287 	 0.0262 	 0.1027 	 -0.0515 	 0.2106
0.1503 	 -0.2729 	 0.1781 	 -1.4549 	 -0.0089 	 -0.0292 	 0.0284 	 0.1023 	 -0.0521 	 0.2112
0.1603 	 -0.2729 	 0.1778 	 -1.4546 	 -0.0079 	 -0.0297 	 0.0305 	 0.1018 	 -0.0530 	 0.2120
0.1703 	 -0.2730 	 0.1775 	 -1.4543 	 -0.0069 	 -0.0303 	 0.0326 	 0.1012 	 -0.0540 	 0.2123
0.1804 	 -0.2731 	 0.1772 	 -1.4539 	 -0.0059 	 -0.0308 	 0.0347 	 0.1003 	 -0.0554 	 0.2123
0.1904 	 -0.2731 	 0.1768 	 -1.4536 	 -0.0049 	 -0.0314 	 0.0369 	 0.0990 	 -0.0573 	 0.2121
0.2004 	 -0.2732 	 0.1765 	 -1.4532 	 -0.0039 	 -0.0320 	 0.0390 	 0.0975 	 -0.0591 	 0.2116
0.2104 	 -0.2732 	 0.1762 	 -1.4528 	 -0.0029 	 -0.0326 	 0.0411 	 0.0960 	 -0.0602 	 0.2106
0.2204 	 -0.2732 	 0.1759 	 -1.4524 	 -0.0020 	 -0.0332 	 0.0432 	 0.0947 	 -0.0602 	 0.2095
0.2305 	 -0.2732 	 0.1755 	 -1.4519 	 -0.0010 	 -0.0338 	 0.0453 	 0.0937 	 -0.0592 	 0.2086
0.2405 	 -0.2733 	 0.1752 	 -1.4515 	 -0.0001 	 -0.0344 	 0.0474 	 0.0931 	 -0.0574 	 0.2086
0.2505 	 -0.2732 	 0.1748 	 -1.4510 	 0.0008 	 -0.0349 	 0.0495 	 0.0927 	 -0.0553 	 0.2095
0.2605 	 -0.2732 	 0.1745 	 -1.4505 	 0.0018 	 -0.0355 	 0.0516 	 0.0924 	 -0.0533 	 0.2115
0.2705 	 -0.2732 	 0.1741 	 -1.4499 	 0.0027 	 -0.0360 	 0.0537 	 0.0920 	 -0.0514 	 0.2145
0.2806 	 -0.2732 	 0.1738 	 -1.4494 	 0.0036 	 -0.0365 	 0.0559 	 0.0913 	 -0.0496 	 0.2186
0.2906 	 -0.2731 	 0.1734 	 -1.4488 	 0.0045 	 -0.0370 	 0.0581 	 0.0900 	 -0.0480 	 0.2240
0.3006 	 -0.2731 	 0.1730 	 -1.4482 	 0.0054 	 -0.0375 	 0.0604 	 0.0878 	 -0.0462 	 0.2310
0.3106 	 -0.2730 	 0.1727 	 -1.4476 	 0.0063 	 -0.0379 	 0.0627 	 0.0841 	 -0.0441 	 0.2401
0.3206 	 -0.2730 	 0.1723 	 -1.4470 	 0.0071 	 -0.0383 	 0.0652 	 0.0779 	 -0.0412 	 0.2517
0.3307 	 -0.2729 	 0.1719 	 -1.4463 	 0.0078 	 -0.0387 	 0.0678 	 0.0675 	 -0.0367 	 0.2664
0.3407 	 -0.2728 	 0.1715 	 -1.4456 	 0.0084 	 -0.0391 	 0.0705 	 0.0500 	 -0.0294 	 0.2838
0.3507 	 -0.2727 	 0.1711 	 -1.4449 	 0.0088 	 -0.0393 	 0.0735 	 0.0218 	 -0.0176 	 0.3010
0.3607 	 -0.2726 	 0.1707 	 -1.4441 	 0.0088 	 -0.0394 	 0.0765 	 -0.0190 	 0.0000 	 0.3091
0.3707 	 -0.2726 	 0.1703 	 -1.4434 	 0.0084 	 -0.0393 	 0.0796 	 -0.0643 	 0.0207 	 0.2938
0.3808 	 -0.2725 	 0.1699 	 -1.4425 	 0.0076 	 -0.0390 	 0.0823 	 -0.0913 	 0.0349 	 0.2496
0.3908 	 -0.2724 	 0.1695 	 -1.4417 	 0.0067 	 -0.0386 	 0.0846 	 -0.0823 	 0.0340 	 0.1968
0.4008 	 -0.2723 	 0.1691 	 -1.4409 	 0.0060 	 -0.0384 	 0.0863 	 -0.0484 	 0.0215 	 0.1611
0.4108 	 -0.2723 	 0.1688 	 -1.4400 	 0.0057 	 -0.0382 	 0.0879 	 -0.0112 	 0.0065 	 0.1469
0.4208 	 -0.2722 	 0.1684 	 -1.4391 	 0.0058 	 -0.0382 	 0.0893 	 0.0186 	 -0.0061 	 0.1458
0.4309 	 -0.2722 	 0.1680 	 -1.4382 	 0.0061 	 -0.0383 	 0.0908 	 0.0398 	 -0.0152 	 0.1500
0.4409 	 -0.2721 	 0.1676 	 -1.4373 	 0.0065 	 -0.0385 	 0.0923 	 0.0543 	 -0.0216 	 0.1557
0.4509 	 -0.2720 	 0.1672 	 -1.4363 	 0.0071 	 -0.0388 	 0.0939 	 0.0642 	 -0.0260 	 0.1612
0.4609 	 -0.2720 	 0.1668 	 -1.4354 	 0.0078 	 -0.0390 	 0.0956 	 0.0711 	 -0.0290 	 0.1660
0.4709 	 -0.2719 	 0.1664 	 -1.4344 	 0.0086 	 -0.0393 	 0.0973 	 0.0760 	 -0.0312 	 0.1700
0.4810 	 -0.2718 	 0.1660 	 -1.4334 	 0.0093 	 -0.0397 	 0.0990 	 0.0795 	 -0.0328 	 0.1732
0.4910 	 -0.2717 	 0.1656 	 -1.4324 	 0.0101 	 -0.0400 	 0.1007 	 0.0821 	 -0.0340 	 0.1760
0.5010 	 -0.2716 	 0.1652 	 -1.4314 	 0.0110 	 -0.0403 	 0.1025 	 0.0840 	 -0.0349 	 0.1782
0.5110 	 -0.2715 	 0.1648 	 -1.4304 	 0.0118 	 -0.0407 	 0.1043 	 0.0848 	 -0.0356 	 0.1777
0.5210 	 -0.2713 	 0.1644 	 -1.4293 	 0.0127 	 -0.0411 	 0.1061 	 0.0860 	 -0.0360 	 0.1789
0.5311 	 -0.2712 	 0.1640 	 -1.4283 	 0.0136 	 -0.0414 	 0.1079 	 0.0870 	 -0.0365 	 0.1803
0.5411 	 -0.2711 	 0.1636 	 -1.4272 	 0.0144 	 -0.0418 	 0.1097 	 0.0878 	 -0.0369 	 0.1815
0.5511 	 -0.2709 	 0.1632 	 -1.4261 	 0.0153 	 -0.0422 	 0.1115 	 0.0884 	 -0.0373 	 0.1825
0.5611 	 -0.2708 	 0.1628 	 -1.4249 	 0.0162 	 -0.0425 	 0.1133 	 0.0889 	 -0.0376 	 0.1835
0.5711 	 -0.2706 	 0.1623 	 -1.4238 	 0.0171 	 -0.0429 	 0.1152 	 0.0894 	 -0.0379 	 0.1844
0.5812 	 -0.2704 	 0.1619 	 -1.4226 	 0.0180 	 -0.0433 	 0.1170 	 0.0898 	 -0.0382 	 0.1852
0.5912 	 -0.2702 	 0.1615 	 -1.4214 	 0.0189 	 -0.0437 	 0.1189 	 0.0902 	 -0.0385 	 0.1860
0.6012 	 -0.2700 	 0.1610 	 -1.4202 	 0.0198 	 -0.0441 	 0.1208 	 0.0905 	 -0.0387 	 0.1867
0.6112 	 -0.2698 	 0.1606 	 -1.4190 	 0.0207 	 -0.0445 	 0.1226 	 0.0908 	 -0.0390 	 0.1874
0.6212 	 -0.2696 	 0.1601 	 -1.4178 	 0.0216 	 -0.0448 	 0.1245 	 0.0911 	 -0.0392 	 0.1881
0.6313 	 -0.2694 	 0.1597 	 -1.4165 	 0.0225 	 -0.0452 	 0.1264 	 0.0914 	 -0.0395 	 0.1888
0.6413 	 -0.2692 	 0.1592 	 -1.4153 	 0.0234 	 -0.0456 	 0.1283 	 0.0916 	 -0.0397 	 0.1894
0.6513 	 -0.2689 	 0.1588 	 -1.4140 	 0.0244 	 -0.0460 	 0.1302 	 0.0919 	 -0.0399 	 0.1901
0.6613 	 -0.2687 	 0.1583 	 -1.4126 	 0.0253 	 -0.0464 	 0.1321 	 0.0921 	 -0.0402 	 0.1907
0.6713 	 -0.2684 	 0.1578 	 -1.4113 	 0.0262 	 -0.0468 	 0.1340 	 0.0924 	 -0.0405 	 0.1914
0.6814 	 -0.2682 	 0.1574 	 -1.4100 	 0.0271 	 -0.0472 	 0.1359 	 0.0926 	 -0.0408 	 0.1919
0.6914 	 -0.2679 	 0.1569 	 -1.4086 	 0.0281 	 -0.0477 	 0.1379 	 0.0925 	 -0.0411 	 0.1916
0.7014 	 -0.2676 	 0.1564 	 -1.4072 	 0.0290 	 -0.0481 	 0.1398 	 0.0927 	 -0.0416 	 0.1915
0.7114 	 -0.2673 	 0.1559 	 -1.4058 	 0.0299 	 -0.0485 	 0.1417 	 0.0931 	 -0.0421 	 0.1918
0.7214 	 -0.2670 	 0.1554 	 -1.4044 	 0.0309 	 -0.0489 	 0.1436 	 0.0934 	 -0.0427 	 0.1922
0.7315 	 -0.2667 	 0.1549 	 -1.4029 	 0.0318 	 -0.0493 	 0.1456 	 0.0937 	 -0.0433 	 0.1927
0.7415 	 -0.2664 	 0.1544 	 -1.4014 	 0.0327 	 -0.0498 	 0.1475 	 0.0939 	 -0.0439 	 0.1931
0.7515 	 -0.2660 	 0.1539 	 -1.3999 	 0.0337 	 -0.0502 	 0.1494 	 0.0941 	 -0.0446 	 0.1935
0.7615 	 -0.2657 	 0.1534 	 -1.3984 	 0.0346 	 -0.0507 	 0.1514 	 0.0943 	 -0.0452 	 0.1938
0.7715 	 -0.2653 	 0.1529 	 -1.3969 	 0.0356 	 -0.0511 	 0.1533 	 0.0945 	 -0.0460 	 0.1941
0.7816 	 -0.2650 	 0.1524 	 -1.3954 	 0.0365 	 -0.0516 	 0.1553 	 0.0945 	 -0.0467 	 0.1944
0.7916 	 -0.2646 	 0.1519 	 -1.3938 	 0.0375 	 -0.0521 	 0.1572 	 0.0945 	 -0.0474 	 0.1945
0.8016 	 -0.2642 	 0.1514 	 -1.3922 	 0.0384 	 -0.0525 	 0.1592 	 0.0945 	 -0.0481 	 0.1947
0.8116 	 -0.2638 	 0.1508 	 -1.3906 	 0.0394 	 -0.0530 	 0.1611 	 0.0943 	 -0.0488 	 0.1948
0.8216 	 -0.2634 	 0.1503 	 -1.3890 	 0.0403 	 -0.0535 	 0.1631 	 0.0941 	 -0.0495 	 0.1950
0.8317 	 -0.2630 	 0.1498 	 -1.3873 	 0.0412 	 -0.0540 	 0.1650 	 0.0938 	 -0.0501 	 0.1951
0.8417 	 -0.2626 	 0.1492 	 -1.3857 	 0.0422 	 -0.0545 	 0.1670 	 0.0935 	 -0.0507 	 0.1953
0.8517 	 -0.2622 	 0.1487 	 -1.3840 	 0.0431 	 -0.0550 	 0.1689 	 0.0930 	 -0.0513 	 0.1954
0.8617 	 -0.2617 	 0.1481 	 -1.3823 	 0.0440 	 -0.0556 	 0.1709 	 0.0926 	 -0.0519 	 0.1956
0.8717 	 -0.2613 	 0.1476 	 -1.3806 	 0.0450 	 -0.0561 	 0.1728 	 0.0921 	 -0.0524 	 0.1958
0.8818 	 -0.2608 	 0.1470 	 -1.3788 	 0.0459 	 -0.0566 	 0.1748 	 0.0915 	 -0.0529 	 0.1961
0.8918 	 -0.2604 	 0.1464 	 -1.3771 	 0.0468 	 -0.0571 	 0.1768 	 0.0909 	 -0.0534 	 0.1963
0.9018 	 -0.2599 	 0.1459 	 -1.3753 	 0.0477 	 -0.0577 	 0.1787 	 0.0904 	 -0.0538 	 0.1966
0.9118 	 -0.2594 	 0.1453 	 -1.3735 	 0.0486 	 -0.0582 	 0.1807 	 0.0898 	 -0.0543 	 0.1969
0.9218 	 -0.2589 	 0.1447 	 -1.3717 	 0.0495 	 -0.0588 	 0.1827 	 0.0892 	 -0.0547 	 0.1971
0.9319 	 -0.2584 	 0.1441 	 -1.3698 	 0.0504 	 -0.0593 	 0.1847 	 0.0886 	 -0.0550 	 0.1974
0.9419 	 -0.2579 	 0.1435 	 -1.3680 	 0.0513 	 -0.0599 	 0.1866 	 0.0880 	 -0.0553 	 0.1977
0.9519 	 -0.2574 	 0.1429 	 -1.3661 	 0.0522 	 -0.0604 	 0.1886 	 0.0874 	 -0.0556 	 0.1979
0.9619 	 -0.2569 	 0.1423 	 -1.3642 	 0.0530 	 -0.0610 	 0.1906 	 0.0869 	 -0.0558 	 0.1982
0.9719 	 -0.2563 	 0.1417 	 -1.3623 	 0.0539 	 -0.0615 	 0.1926 	 0.0864 	 -0.0560 	 0.1984
0.9820 	 -0.2558 	 0.1411 	 -1.3603 	 0.0548 	 -0.0621 	 0.1946 	 0.0860 	 -0.0561 	 0.1986
0.9920 	 -0.2552 	 0.1404 	 -1.3584 	 0.0556 	 -0.0627 	 0.1966 	 0.0856 	 -0.0561 	 0.1989
1.0020 	 -0.2547 	 0.1398 	 -1.3564 	 0.0565 	 -0.0632 	 0.1986 	 0.0852 	 -0.0561 	 0.1992
1.0120 	 -0.2541 	 0.1392 	 -1.3544 	 0.0573 	 -0.0638 	 0.2006 	 0.0849 	 -0.0560 	 0.1995
1.0220 	 -0.2535 	 0.1385 	 -1.3524 	 0.0582 	 -0.0643 	 0.2026 	 0.0846 	 -0.0559 	 0.1998
1.0321 	 -0.2529 	 0.1379 	 -1.3503 	 0.0590 	 -0.0649 	 0.2046 	 0.0844 	 -0.0557 	 0.2002
1.0421 	 -0.2523 	 0.1372 	 -1.3483 	 0.0599 	 -0.0655 	 0.2066 	 0.0842 	 -0.0555 	 0.2007
1.0521 	 -0.2517 	 0.1366 	 -1.3462 	 0.0607 	 -0.0660 	 0.2086 	 0.0841 	 -0.0552 	 0.2013
1.0621 	 -0.2511 	 0.1359 	 -1.3441 	 0.0616 	 -0.0666 	 0.2106 	 0.0839 	 -0.0549 	 0.2019
1.0721 	 -0.2505 	 0.1352 	 -1.3420 	 0.0624 	 -0.0671 	 0.2126 	 0.0837 	 -0.0546 	 0.2027
1.0822 	 -0.2499 	 0.1345 	 -1.3398 	 0.0632 	 -0.0677 	 0.2147 	 0.0834 	 -0.0542 	 0.2036
1.0922 	 -0.2492 	 0.1339 	 -1.3377 	 0.0641 	 -0.0682 	 0.2167 	 0.0831 	 -0.0539 	 0.2045
1.1022 	 -0.2486 	 0.1332 	 -1.3355 	 0.0649 	 -0.0687 	 0.2188 	 0.0828 	 -0.0535 	 0.2053
1.1122 	 -0.2479 	 0.1325 	 -1.3333 	 0.0657 	 -0.0693 	 0.2208 	 0.0826 	 -0.0530 	 0.2060
1.1222 	 -0.2473 	 0.1318 	 -1.3311 	 0.0666 	 -0.0698 	 0.2229 	 0.0825 	 -0.0526 	 0.2067
1.1323 	 -0.2466 	 0.1311 	 -1.3288 	 0.0674 	 -0.0703 	 0.2250 	 0.0826 	 -0.0521 	 0.2075
1.1423 	 -0.2459 	 0.1304 	 -1.3265 	 0.0682 	 -0.0709 	 0.2271 	 0.0829 	 -0.0515 	 0.2084
1.1523 	 -0.2452 	 0.1297 	 -1.3243 	 0.0691 	 -0.0714 	 0.2292 	 0.0833 	 -0.0510 	 0.2095
1.1623 	 -0.2445 	 0.1290 	 -1.3220 	 0.0699 	 -0.0719 	 0.2313 	 0.0837 	 -0.0505 	 0.2109
1.1723 	 -0.2438 	 0.1282 	 -1.3196 	 0.0707 	 -0.0724 	 0.2334 	 0.0841 	 -0.0499 	 0.2125
1.1824 	 -0.2431 	 0.1275 	 -1.3173 	 0.0716 	 -0.0729 	 0.2355 	 0.0843 	 -0.0494 	 0.2143
1.1924 	 -0.2424 	 0.1268 	 -1.3149 	 0.0724 	 -0.0734 	 0.2377 	 0.0845 	 -0.0489 	 0.2163
1.2024 	 -0.2417 	 0.1260 	 -1.3125 	 0.0733 	 -0.0739 	 0.2399 	 0.0844 	 -0.0484 	 0.2184
1.2124 	 -0.2409 	 0.1253 	 -1.3101 	 0.0741 	 -0.0743 	 0.2421 	 0.0843 	 -0.0479 	 0.2207
1.2224 	 -0.2402 	 0.1245 	 -1.3077 	 0.0750 	 -0.0748 	 0.2443 	 0.0840 	 -0.0474 	 0.2231
1.2325 	 -0.2394 	 0.1238 	 -1.3052 	 0.0758 	 -0.0753 	 0.2465 	 0.0834 	 -0.0469 	 0.2257
1.2425 	 -0.2387 	 0.1230 	 -1.3027 	 0.0766 	 -0.0758 	 0.2488 	 0.0827 	 -0.0464 	 0.2284
1.2525 	 -0.2379 	 0.1223 	 -1.3002 	 0.0774 	 -0.0762 	 0.2511 	 0.0817 	 -0.0458 	 0.2312
1.2625 	 -0.2371 	 0.1215 	 -1.2977 	 0.0783 	 -0.0767 	 0.2534 	 0.0804 	 -0.0453 	 0.2340
1.2725 	 -0.2363 	 0.1207 	 -1.2951 	 0.0791 	 -0.0771 	 0.2558 	 0.0787 	 -0.0447 	 0.2369
1.2826 	 -0.2355 	 0.1200 	 -1.2926 	 0.0798 	 -0.0776 	 0.2582 	 0.0768 	 -0.0441 	 0.2397
1.2926 	 -0.2347 	 0.1192 	 -1.2900 	 0.0806 	 -0.0780 	 0.2606 	 0.0744 	 -0.0435 	 0.2423
1.3026 	 -0.2339 	 0.1184 	 -1.2873 	 0.0813 	 -0.0784 	 0.2630 	 0.0717 	 -0.0429 	 0.2447
1.3126 	 -0.2331 	 0.1176 	 -1.2847 	 0.0820 	 -0.0789 	 0.2655 	 0.0687 	 -0.0424 	 0.2466
1.3226 	 -0.2323 	 0.1168 	 -1.2820 	 0.0827 	 -0.0793 	 0.2680 	 0.0655 	 -0.0419 	 0.2480
1.3327 	 -0.2314 	 0.1160 	 -1.2793 	 0.0833 	 -0.0797 	 0.2705 	 0.0623 	 -0.0415 	 0.2488
1.3427 	 -0.2306 	 0.1152 	 -1.2766 	 0.0840 	 -0.0801 	 0.2730 	 0.0591 	 -0.0412 	 0.2487
1.3527 	 -0.2298 	 0.1144 	 -1.2739 	 0.0845 	 -0.0805 	 0.2755 	 0.0564 	 -0.0411 	 0.2480
1.3627 	 -0.2289 	 0.1136 	 -1.2711 	 0.0851 	 -0.0809 	 0.2779 	 0.0544 	 -0.0412 	 0.2465
1.3727 	 -0.2281 	 0.1128 	 -1.2683 	 0.0856 	 -0.0814 	 0.2804 	 0.0532 	 -0.0414 	 0.2445
1.3828 	 -0.2272 	 0.1120 	 -1.2655 	 0.0862 	 -0.0818 	 0.2828 	 0.0531 	 -0.0419 	 0.2421
1.3928 	 -0.2263 	 0.1112 	 -1.2626 	 0.0867 	 -0.0822 	 0.2852 	 0.0540 	 -0.0425 	 0.2397
1.4028 	 -0.2255 	 0.1103 	 -1.2597 	 0.0872 	 -0.0826 	 0.2876 	 0.0559 	 -0.0433 	 0.2376
1.4128 	 -0.2246 	 0.1095 	 -1.2569 	 0.0878 	 -0.0831 	 0.2900 	 0.0587 	 -0.0443 	 0.2359
1.4228 	 -0.2237 	 0.1087 	 -1.2539 	 0.0884 	 -0.0835 	 0.2924 	 0.0621 	 -0.0452 	 0.2348
1.4329 	 -0.2228 	 0.1078 	 -1.2510 	 0.0891 	 -0.0840 	 0.2947 	 0.0660 	 -0.0462 	 0.2343
1.4429 	 -0.2219 	 0.1070 	 -1.2480 	 0.0897 	 -0.0844 	 0.2971 	 0.0701 	 -0.0472 	 0.2346
1.4529 	 -0.2210 	 0.1061 	 -1.2450 	 0.0905 	 -0.0849 	 0.2994 	 0.0743 	 -0.0482 	 0.2355
1.4629 	 -0.2201 	 0.1053 	 -1.2420 	 0.0912 	 -0.0854 	 0.3018 	 0.0784 	 -0.0492 	 0.2371
1.4729 	 -0.2192 	 0.1044 	 -1.2390 	 0.0920 	 -0.0859 	 0.3042 	 0.0824 	 -0.0501 	 0.2391
1.4830 	 -0.2183 	 0.1036 	 -1.2359 	 0.0929 	 -0.0864 	 0.3066 	 0.0861 	 -0.0510 	 0.2417
1.4930 	 -0.2173 	 0.1027 	 -1.2328 	 0.0938 	 -0.0869 	 0.3090 	 0.0896 	 -0.0519 	 0.2446
1.5030 	 -0.2164 	 0.1018 	 -1.2297 	 0.0947 	 -0.0875 	 0.3115 	 0.0929 	 -0.0527 	 0.2480
1.5130 	 -0.2154 	 0.1009 	 -1.2266 	 0.0956 	 -0.0880 	 0.3140 	 0.0960 	 -0.0535 	 0.2516
1.5230 	 -0.2145 	 0.1001 	 -1.2234 	 0.0966 	 -0.0885 	 0.3165 	 0.0989 	 -0.0543 	 0.2555
1.5331 	 -0.2135 	 0.0992 	 -1.2203 	 0.0976 	 -0.0891 	 0.3191 	 0.1016 	 -0.0551 	 0.2598
1.5431 	 -0.2125 	 0.0983 	 -1.2171 	 0.0986 	 -0.0896 	 0.3217 	 0.1042 	 -0.0559 	 0.2643
1.5531 	 -0.2115 	 0.0974 	 -1.2138 	 0.0997 	 -0.0902 	 0.3244 	 0.1067 	 -0.0568 	 0.2691
1.5631 	 -0.2105 	 0.0965 	 -1.2106 	 0.1008 	 -0.0908 	 0.3271 	 0.1091 	 -0.0576 	 0.2741
1.5731 	 -0.2095 	 0.0955 	 -1.2073 	 0.1019 	 -0.0914 	 0.3299 	 0.1115 	 -0.0585 	 0.2795
1.5832 	 -0.2085 	 0.0946 	 -1.2039 	 0.1030 	 -0.0919 	 0.3327 	 0.1138 	 -0.0594 	 0.2853
1.5932 	 -0.2074 	 0.0937 	 -1.2006 	 0.1042 	 -0.0925 	 0.3356 	 0.1161 	 -0.0603 	 0.2913
1.6032 	 -0.2064 	 0.0928 	 -1.1972 	 0.1053 	 -0.0931 	 0.3386 	 0.1185 	 -0.0613 	 0.2978
1.6132 	 -0.2053 	 0.0918 	 -1.1938 	 0.1065 	 -0.0938 	 0.3416 	 0.1210 	 -0.0624 	 0.3046
1.6232 	 -0.2042 	 0.0909 	 -1.1904 	 0.1078 	 -0.0944 	 0.3447 	 0.1236 	 -0.0636 	 0.3118
1.6333 	 -0.2032 	 0.0899 	 -1.1869 	 0.1090 	 -0.0950 	 0.3478 	 0.1263 	 -0.0648 	 0.3195
1.6433 	 -0.2021 	 0.0890 	 -1.1834 	 0.1103 	 -0.0957 	 0.3511 	 0.1292 	 -0.0662 	 0.3277
1.6533 	 -0.2009 	 0.0880 	 -1.1799 	 0.1116 	 -0.0964 	 0.3544 	 0.1323 	 -0.0677 	 0.3364
1.6633 	 -0.1998 	 0.0871 	 -1.1763 	 0.1129 	 -0.0971 	 0.3578 	 0.1355 	 -0.0693 	 0.3457
1.6733 	 -0.1987 	 0.0861 	 -1.1727 	 0.1143 	 -0.0978 	 0.3613 	 0.1390 	 -0.0711 	 0.3556
1.6834 	 -0.1975 	 0.0851 	 -1.1691 	 0.1157 	 -0.0985 	 0.3650 	 0.1428 	 -0.0731 	 0.3662
1.6934 	 -0.1964 	 0.0841 	 -1.1654 	 0.1172 	 -0.0992 	 0.3687 	 0.1469 	 -0.0753 	 0.3776
1.7034 	 -0.1952 	 0.0831 	 -1.1617 	 0.1187 	 -0.1000 	 0.3725 	 0.1513 	 -0.0777 	 0.3897
1.7134 	 -0.1940 	 0.0821 	 -1.1579 	 0.1202 	 -0.1008 	 0.3765 	 0.1560 	 -0.0805 	 0.4029
1.7234 	 -0.1928 	 0.0811 	 -1.1541 	 0.1218 	 -0.1016 	 0.3806 	 0.1611 	 -0.0835 	 0.4171
1.7335 	 -0.1915 	 0.0801 	 -1.1503 	 0.1234 	 -0.1025 	 0.3849 	 0.1666 	 -0.0869 	 0.4324
1.7435 	 -0.1903 	 0.0790 	 -1.1464 	 0.1251 	 -0.1033 	 0.3893 	 0.1726 	 -0.0907 	 0.4492
1.7535 	 -0.1890 	 0.0780 	 -1.1425 	 0.1269 	 -0.1043 	 0.3939 	 0.1791 	 -0.0951 	 0.4675
1.7635 	 -0.1878 	 0.0769 	 -1.1385 	 0.1287 	 -0.1053 	 0.3986 	 0.1862 	 -0.0999 	 0.4876
1.7735 	 -0.1865 	 0.0759 	 -1.1345 	 0.1306 	 -0.1063 	 0.4036 	 0.1940 	 -0.1055 	 0.5099
1.7836 	 -0.1851 	 0.0748 	 -1.1304 	 0.1326 	 -0.1074 	 0.4089 	 0.2024 	 -0.1118 	 0.5346
1.7936 	 -0.1838 	 0.0737 	 -1.1263 	 0.1347 	 -0.1085 	 0.4144 	 0.2117 	 -0.1190 	 0.5622
1.8036 	 -0.1824 	 0.0726 	 -1.1221 	 0.1369 	 -0.1098 	 0.4201 	 0.2220 	 -0.1274 	 0.5933
1.8136 	 -0.1811 	 0.0715 	 -1.1179 	 0.1392 	 -0.1111 	 0.4263 	 0.2334 	 -0.1370 	 0.6286
1.8236 	 -0.1796 	 0.0704 	 -1.1136 	 0.1416 	 -0.1125 	 0.4328 	 0.2460 	 -0.1484 	 0.6690
1.8337 	 -0.1782 	 0.0693 	 -1.1092 	 0.1441 	 -0.1141 	 0.4397 	 0.2601 	 -0.1618 	 0.7157
1.8437 	 -0.1768 	 0.0681 	 -1.1048 	 0.1468 	 -0.1158 	 0.4471 	 0.2760 	 -0.1779 	 0.7703
1.8537 	 -0.1753 	 0.0670 	 -1.1002 	 0.1496 	 -0.1176 	 0.4552 	 0.2940 	 -0.1973 	 0.8348
1.8637 	 -0.1738 	 0.0658 	 -1.0956 	 0.1527 	 -0.1197 	 0.4639 	 0.3145 	 -0.2213 	 0.9123
1.8737 	 -0.1722 	 0.0646 	 -1.0909 	 0.1559 	 -0.1221 	 0.4735 	 0.3380 	 -0.2512 	 1.0069
1.8838 	 -0.1706 	 0.0633 	 -1.0861 	 0.1595 	 -0.1248 	 0.4842 	 0.3651 	 -0.2894 	 1.1247
1.8938 	 -0.1690 	 0.0621 	 -1.0812 	 0.1633 	 -0.1279 	 0.4961 	 0.3964 	 -0.3395 	 1.2747
1.9038 	 -0.1674 	 0.0608 	 -1.0762 	 0.1674 	 -0.1317 	 0.5099 	 0.4325 	 -0.4073 	 1.4716
1.9138 	 -0.1657 	 0.0594 	 -1.0710 	 0.1720 	 -0.1362 	 0.5259 	 0.4738 	 -0.5029 	 1.7395
1.9238 	 -0.1639 	 0.0580 	 -1.0656 	 0.1769 	 -0.1419 	 0.5451 	 0.5190 	 -0.6449 	 2.1217
1.9339 	 -0.1621 	 0.0566 	 -1.0600 	 0.1823 	 -0.1494 	 0.5690 	 0.5612 	 -0.8715 	 2.7030
1.9439 	 -0.1603 	 0.0550 	 -1.0542 	 0.1881 	 -0.1599 	 0.6005 	 0.5730 	 -1.2725 	 3.6718
1.9539 	 -0.1583 	 0.0533 	 -1.0479 	 0.1933 	 -0.1763 	 0.6454 	 0.4331 	 -2.1081 	 5.5354
1.9639 	 -0.1564 	 0.0514 	 -1.0410 	 0.1941 	 -0.2067 	 0.7198 	 -0.6020 	 -4.4669 	 10.1925
1.9739 	 -0.1548 	 0.0487 	 -1.0328 	 0.1496 	 -0.2972 	 0.8948 	 -15.2441 	 -20.4549 	 34.5895
1.9840 	 42.8495 	 25.9968 	 -22.5581 	 8583.4862 	 5179.5062 	 -4297.2958 	 -0.0001 	 -0.0001 	 0.0001
1.9940 	 128.8564 	 77.8957 	 -65.6172 	 8583.4862 	 5179.5062 	 -4297.2958 	 -0.0000 	 -0.0000 	 0.0000
2.0040 	 214.8633 	 129.7946 	 -108.6763 	 8583.4862 	 5179.5062 	 -4297.2958 	 -0.0000 	 -0.0000 	 0.0000
2.0140 	 300.8701 	 181.6934 	 -151.7353 	 8583.4862 	 5179.5062 	 -4297.2958 	 -0.0000 	 -0.0000 	 0.0000
2.0240 	 386.8770 	 233.5923 	 -194.7944 	 8583.4862 	 5179.5062 	 -4297.2958 	 -0.0000 	 -0.0000 	 0.0000
2.0341 	 472.8839 	 285.4911 	 -237.8535 	 8583.4862 	 5179.5062 	 -4297.2958 	 -0.0000 	 -0.0000 	 0.0000
2.0441 	 558.8908 	 337.3900 	 -280.9126 	 8583.4862 	 5179.5062 	 -4297.2958 	 -0.0000 	 -0.0000 	 0.0000
2.0541 	 644.8976 	 389.2889 	 -323.9716 	 8583.4862 	 5179.5062 	 -4297.2958 	 -0.0000 	 -0.0000 	 0.0000
2.0641 	 730.9045 	 441.1877 	 -367.0307 	 8583.4862 	 5179.5062 	 -4297.2958 	 -0.0000 	 -0.0000 	 0.0000
2.0741 	 816.9114 	 493.0866 	 -410.0898 	 8583.4862 	 5179.5062 	 -4297.2958 	 -0.0000 	 -0.0000 	 0.0000
2.0842 	 902.9183 	 544.9854 	 -453.1489 	 8583.4862 	 5179.5062 	 -4297.2958 	 -0.0000 	 -0.0000 	 0.0000
2.0942 	 988.9251 	 596.8843 	 -496.2079 	 8583.4862 	 5179.5062 	 -4297.2958 	 -0.0000 	 -0.0000 	 0.0000
2.1042 	 1074.9320 	 648.7832 	 -539.2670 	 8583.4862 	 5179.5062 	 -4297.2958 	 -0.0000 	 -0.0000 	 0.0000
2.1142 	 1160.9389 	 700.6820 	 -582.3261 	 8583.4862 	 5179.5062 	 -4297.2958 	 -0.0000 	 -0.0000 	 0.0000
2.1242 	 1246.9458 	 752.5809 	 -625.3852 	 8583.4862 	 5179.5062 	 -4297.2958 	 -0.0000 	 -0.0000 	 0.0000
2.1343 	 1332.9527 	 804.4797 	 -668.4442 	 8583.4862 	 5179.5062 	 -4297.2958 	 -0.0000 	 -0.0000 	 0.0000
2.1443 	 1418.9595 	 856.3786 	 -711.5033 	 8583.4862 	 5179.5062 	 -4297.2958 	 -0.0000 	 -0.0000 	 0.0000
2.1543 	 1504.9664 	 908.2775 	 -754.5624 	 8583.4862 	 5179.5062 	 -4297.2958 	 -0.0000 	 -0.0000 	 0.0000
2.1643 	 1590.9733 	 960.1763 	 -797.6215 	 8583.4862 	 5179.5062 	 -4297.2958 	 -0.0000 	 -0.0000 	 0.0000
2.1743 	 1676.9802 	 1012.0752 	 -840.6805 	 8583.4862 	 5179.5062 	 -4297.2958 	 -0.0000 	 -0.0000 	 0.0000
2.1844 	 1762.9870 	 1063.9740 	 -883.7396 	 8583.4862 	 5179.5062 	 -4297.2958 	 -0.0000 	 -0.0000 	 0.0000
2.1944 	 1848.9939 	 1115.8729 	 -926.7987 	 8583.4862 	 5179.5062 	 -4297.2958 	 -0.0000 	 -0.0000 	 0.0000
2.2044 	 1935.0008 	 1167.7717 	 -969.8578 	 8583.4862 	 5179.5062 	 -4297.2958 	 -0.0000 	 -0.0000 	 0.0000
2.2144 	 2021.0077 	 1219.6706 	 -1012.9169 	 8583.4862 	 5179.5062 	 -4297.2958 	 -0.0000 	 -0.0000 	 0.0000
2.2244 	 2107.0145 	 1271.5695 	 -1055.9759 	 8583.4862 	 5179.5062 	 -4297.2958 	 -0.0000 	 -0.0000 	 0.0000
2.2345 	 2193.0214 	 1323.4683 	 -1099.0350 	 8583.4862 	 5179.5062 	 -4297.2958 	 -0.0000 	 -0.0000 	 0.0000
2.2445 	 2279.0283 	 1375.3672 	 -1142.0941 	 8583.4862 	 5179.5062 	 -4297.2958 	 -0.0000 	 -0.0000 	 0.0000
2.2545 	 2365.0352 	 1427.2660 	 -1185.1532 	 8583.4862 	 5179.5062 	 -4297.2958 	 -0.0000 	 -0.0000 	 0.0000
2.2645 	 2451.0420 	 1479.1649 	 -1228.2122 	 8583.4862 	 5179.5062 	 -4297.2958 	 -0.0000 	 -0.0000 	 0.0000
2.2745 	 2537.0489 	 1531.0638 	 -1271.2713 	 8583.4862 	 5179.5062 	 -4297.2958 	 -0.0000 	 -0.0000 	 0.0000
2.2846 	 2623.0558 	 1582.9626 	 -1314.3304 	 8583.4862 	 5179.5062 	 -4297.2958 	 -0.0000 	 -0.0000 	 0.0000
2.2946 	 2709.0627 	 1634.8615 	 -1357.3895 	 8583.4862 	 5179.5062 	 -4297.2958 	 -0.0000 	 -0.0000 	 0.0000
2.3046 	 2795.0695 	 1686.7603 	 -1400.4485 	 8583.4862 	 5179.5062 	 -4297.2958 	 -0.0000 	 -0.0000 	 0.0000
2.3146 	 2881.0764 	 1738.6592 	 -1443.5076 	 8583.4862 	 5179.5062 	 -4297.2958 	 -0.0000 	 -0.0000 	 0.0000
2.3246 	 2967.0833 	 1790.5581 	 -1486.5667 	 8583.4862 	 5179.5062 	 -4297.2958 	 -0.0000 	 -0.0000 	 0.0000
2.3347 	 3053.0902 	 1842.4569 	 -1529.6258 	 8583.4862 	 5179.5062 	 -4297.2958 	 -0.0000 	 -0.0000 	 0.0000
2.3447 	 3139.0970 	 1894.3558 	 -1572.6848 	 8583.4862 	 5179.5062 	 -4297.2958 	 -0.0000 	 -0.0000 	 0.0000
2.3547 	 3225.1039 	 1946.2546 	 -1615.7439 	 8583.4862 	 5179.5062 	 -4297.2958 	 -0.0000 	 -0.0000 	 0.0000
2.3647 	 3311.1108 	 1998.1535 	 -1658.8030 	 8583.4862 	 5179.5062 	 -4297.2958 	 -0.0000 	 -0.0000 	 0.0000
2.3747 	 3397.1177 	 2050.0524 	 -1701.8621 	 8583.4862 	 5179.5062 	 -4297.2958 	 -0.0000 	 -0.0000 	 0.0000
2.3848 	 3483.1245 	 2101.9512 	 -1744.9211 	 8583.4862 	 5179.5062 	 -4297.2958 	 -0.0000 	 -0.0000 	 0.0000
2.3948 	 3569.1314 	 2153.8501 	 -1787.9802 	 8583.4862 	 5179.5062 	 -4297.2958 	 -0.0000 	 -0.0000 	 0.0000
2.4048 	 3655.1383 	 2205.7489 	 -1831.0393 	 8583.4862 	 5179.5062 	 -4297.2958 	 -0.0000 	 -0.0000 	 0.0000
2.4148 	 3741.1452 	 2257.6478 	 -1874.0984 	 8583.4862 	 5179.5062 	 -4297.2958 	 -0.0000 	 -0.0000 	 0.0000
2.4248 	 3827.1521 	 2309.5467 	 -1917.1574 	 8583.4862 	 5179.5062 	 -4297.2958 	 -0.0000 	 -0.0000 	 0.0000
2.4349 	 3913.1589 	 2361.4455 	 -1960.2165 	 8583.4862 	 5179.5062 	 -4297.2958 	 -0.0000 	 -0.0000 	 0.0000
2.4449 	 3999.1658 	 2413.3444 	 -2003.2756 	 8583.4862 	 5179.5062 	 -4297.2958 	 -0.0000 	 -0.0000 	 0.0000
2.4549 	 4085.1727 	 2465.2432 	 -2046.3347 	 8583.4862 	 5179.5062 	 -4297.2958 	 -0.0000 	 -0.0000 	 0.0000
2.4649 	 4171.1796 	 2517.1421 	 -2089.3937 	 8583.4862 	 5179.5062 	 -4297.2958 	 -0.0000 	 -0.0000 	 0.0000
2.4749 	 4257.1864 	 2569.0409 	 -2132.4528 	 8583.4862 	 5179.5062 	 -4297.2958 	 -0.0000 	 -0.0000 	 0.0000
2.4850 	 4343.1933 	 2620.9398 	 -2175.5119 	 8583.4862 	 5179.5062 	 -4297.2958 	 -0.0000 	 -0.0000 	 0.0000
2.4950 	 4429.2002 	 2672.8387 	 -2218.5710 	 8583.4862 	 5179.5062 	 -4297.2958 	 -0.0000 	 -0.0000 	 0.0000
2.5050 	 4515.2071 	 2724.7375 	 -2261.6301 	 8583.4862 	 5179.5062 	 -4297.2958 	 -0.0000 	 -0.0000 	 0.0000
2.5150 	 4601.2139 	 2776.6364 	 -2304.6891 	 8583.4862 	 5179.5062 	 -4297.2958 	 -0.0000 	 -0.0000 	 0.0000
2.5251 	 4687.2208 	 2828.5352 	 -2347.7482 	 8583.4862 	 5179.5062 	 -4297.2958 	 -0.0000 	 -0.0000 	 0.0000
2.5351 	 4773.2277 	 2880.4341 	 -2390.8073 	 8583.4862 	 5179.5062 	 -4297.2958 	 -0.0000 	 -0.0000 	 0.0000
2.5451 	 4859.2346 	 2932.3330 	 -2433.8664 	 8583.4862 	 5179.5062 	 -4297.2958 	 -0.0000 	 -0.0000 	 0.0000
2.5551 	 4945.2414 	 2984.2318 	 -2476.9254 	 8583.4862 	 5179.5062 	 -4297.2958 	 -0.0000 	 -0.0000 	 0.0000
2.5651 	 5031.2483 	 3036.1307 	 -2519.9845 	 8583.4862 	 5179.5062 	 -4297.2958 	 -0.0000 	 -0.0000 	 0.0000
2.5752 	 5117.2552 	 3088.0295 	 -2563.0436 	 8583.4862 	 5179.5062 	 -4297.2958 	 -0.0000 	 -0.0000 	 0.0000
2.5852 	 5203.2621 	 3139.9284 	 -2606.1027 	 8583.4862 	 5179.5062 	 -4297.2958 	 -0.0000 	 -0.0000 	 0.0000
2.5952 	 5289.2689 	 3191.8273 	 -2649.1617 	 8583.4862 	 5179.5062 	 -4297.2958 	 -0.0000 	 -0.0000 	 0.0000
2.6052 	 5375.2758 	 3243.7261 	 -2692.2208 	 8583.4862 	 5179.5062 	 -4297.2958 	 -0.0000 	 -0.0000 	 0.0000
2.6152 	 5461.2827 	 3295.6250 	 -2735.2799 	 8583.4862 	 5179.5062 	 -4297.2958 	 -0.0000 	 -0.0000 	 0.0000
2.6253 	 5547.2896 	 3347.5238 	 -2778.3390 	 8583.4862 	 5179.5062 	 -4297.2958 	 -0.0000 	 -0.0000 	 0.0000
2.6353 	 5633.2964 	 3399.4227 	 -2821.3980 	 8583.4862 	 5179.5062 	 -4297.2958 	 -0.0000 	 -0.0000 	 0.0000
2.6453 	 5719.3033 	 3451.3216 	 -2864.4571 	 8583.4862 	 5179.5062 	 -4297.2958 	 -0.0000 	 -0.0000 	 0.0000
2.6553 	 5805.3102 	 3503.2204 	 -2907.5162 	 8583.4862 	 5179.5062 	 -4297.2958 	 -0.0000 	 -0.0000 	 0.0000
2.6653 	 5891.3171 	 3555.1193 	 -2950.5753 	 8583.4862 	 5179.5062 	 -4297.2958 	 -0.0000 	 -0.0000 	 0.0000
2.6754 	 5977.3240 	 3607.0181 	 -2993.6343 	 8583.4862 	 5179.5062 	 -4297.2958 	 -0.0000 	 -0.0000 	 0.0000
2.6854 	 6063.3308 	 3658.9170 	 -3036.6934 	 8583.4862 	 5179.5062 	 -4297.2958 	 -0.0000 	 -0.0000 	 0.0000
2.6954 	 6149.3377 	 3710.8159 	 -3079.7525 	 8583.4862 	 5179.5062 	 -4297.2958 	 -0.0000 	 -0.0000 	 0.0000
2.7054 	 6235.3446 	 3762.7147 	 -3122.8116 	 8583.4862 	 5179.5062 	 -4297.2958 	 -0.0000 	 -0.0000 	 0.0000
2.7154 	 6321.3515 	 3814.6136 	 -3165.8706 	 8583.4862 	 5179.5062 	 -4297.2958 	 -0.0000 	 -0.0000 	 0.0000
2.7255 	 6407.3583 	 3866.5124 	 -3208.9297 	 8583.4862 	 5179.5062 	 -4297.2958 	 -0.0000 	 -0.0000 	 0.0000
2.7355 	 6493.3652 	 3918.4113 	 -3251.9888 	 8583.4862 	 5179.5062 	 -4297.2958 	 -0.0000 	 -0.0000 	 0.0000
2.7455 	 6579.3721 	 3970.3101 	 -3295.0479 	 8583.4862 	 5179.5062 	 -4297.2958 	 -0.0000 	 -0.0000 	 0.0000
2.7555 	 6665.3790 	 4022.2090 	 -3338.1069 	 8583.4862 	 5179.5062 	 -4297.2958 	 -0.0000 	 -0.0000 	 0.0000
2.7655 	 6751.3858 	 4074.1079 	 -3381.1660 	 8583.4862 	 5179.5062 	 -4297.2958 	 -0.0000 	 -0.0000 	 0.0000
2.7756 	 6837.3927 	 4126.0067 	 -3424.2251 	 8583.4862 	 5179.5062 	 -4297.2958 	 -0.0000 	 -0.0000 	 0.0000
2.7856 	 6923.3996 	 4177.9056 	 -3467.2842 	 8583.4862 	 5179.5062 	 -4297.2958 	 -0.0000 	 -0.0000 	 0.0000
2.7956 	 7009.4065 	 4229.8044 	 -3510.3432 	 8583.4862 	 5179.5062 	 -4297.2958 	 -0.0000 	 -0.0000 	 0.0000
2.8056 	 7095.4133 	 4281.7033 	 -3553.4023 	 8583.4862 	 5179.5062 	 -4297.2958 	 -0.0000 	 -0.0000 	 0.0000
2.8156 	 7181.4202 	 4333.6022 	 -3596.4614 	 8583.4862 	 5179.5062 	 -4297.2958 	 -0.0000 	 -0.0000 	 0.0000
2.8257 	 7267.4271 	 4385.5010 	 -3639.5205 	 8583.4862 	 5179.5062 	 -4297.2958 	 -0.0000 	 -0.0000 	 0.0000
2.8357 	 7353.4340 	 4437.3999 	 -3682.5796 	 8583.4862 	 5179.5062 	 -4297.2958 	 -0.0000 	 -0.0000 	 0.0000
2.8457 	 7439.4408 	 4489.2987 	 -3725.6386 	 8583.4862 	 5179.5062 	 -4297.2958 	 -0.0000 	 -0.0000 	 0.0000
2.8557 	 7525.4477 	 4541.1976 	 -3768.6977 	 8583.4862 	 5179.5062 	 -4297.2958 	 -0.0000 	 -0.0000 	 0.0000
2.8657 	 7611.4546 	 4593.0965 	 -3811.7568 	 8583.4862 	 5179.5062 	 -4297.2958 	 -0.0000 	 -0.0000 	 0.0000
2.8758 	 7697.4615 	 4644.9953 	 -3854.8159 	 8583.4862 	 5179.5062 	 -4297.2958 	 -0.0000 	 -0.0000 	 0.0000
2.8858 	 7783.4683 	 4696.8942 	 -3897.8749 	 8583.4862 	 5179.5062 	 -4297.2958 	 -0.0000 	 -0.0000 	 0.0000
2.8958 	 7869.4752 	 4748.7930 	 -3940.9340 	 8583.4862 	 5179.5062 	 -4297.2958 	 -0.0000 	 -0.0000 	 0.0000
2.9058 	 7955.4821 	 4800.6919 	 -3983.9931 	 8583.4862 	 5179.5062 	 -4297.2958 	 -0.0000 	 -0.0000 	 0.0000
2.9158 	 8041.4890 	 4852.5908 	 -4027.0522 	 8583.4862 	 5179.5062 	 -4297.2958 	 -0.0000 	 -0.0000 	 0.0000
2.9259 	 8127.4958 	 4904.4896 	 -4070.1112 	 8583.4862 	 5179.5062 	 -4297.2958 	 -0.0000 	 -0.0000 	 0.0000
2.9359 	 8213.5027 	 4956.3885 	 -4113.1703 	 8583.4862 	 5179.5062 	 -4297.2958 	 -0.0000 	 -0.0000 	 0.0000
2.9459 	 8299.5096 	 5008.2873 	 -4156.2294 	 8583.4862 	 5179.5062 	 -4297.2958 	 -0.0000 	 -0.0000 	 0.0000
2.9559 	 8385.5165 	 5060.1862 	 -4199.2885 	 8583.4862 	 5179.5062 	 -4297.2958 	 -0.0000 	 -0.0000 	 0.0000
2.9659 	 8471.5234 	 5112.0851 	 -4242.3475 	 8583.4862 	 5179.5062 	 -4297.2958 	 -0.0000 	 -0.0000 	 0.0000
2.9760 	 8557.5302 	 5163.9839 	 -4285.4066 	 8583.4862 	 5179.5062 	 -4297.2958 	 -0.0000 	 -0.0000 	 0.0000
2.9860 	 8643.5371 	 5215.8828 	 -4328.4657 	 8583.4862 	 5179.5062 	 -4297.2958 	 -0.0000 	 -0.0000 	 0.0000
2.9960 	 8729.5440 	 5267.7816 	 -4371.5248 	 8583.4862 	 5179.5062 	 -4297.2958 	 -0.0000 	 -0.0000 	 0.0000
3.0060 	 8815.5509 	 5319.6805 	 -4414.5838 	 8583.4862 	 5179.5062 	 -4297.2958 	 -0.0000 	 -0.0000 	 0.0000
3.0160 	 8901.5577 	 5371.5793 	 -4457.6429 	 8583.4862 	 5179.5062 	 -4297.2958 	 -0.0000 	 -0.0000 	 0.0000
3.0261 	 8987.5646 	 5423.4782 	 -4500.7020 	 8583.4862 	 5179.5062 	 -4297.2958 	 -0.0000 	 -0.0000 	 0.0000
3.0361 	 9073.5715 	 5475.3771 	 -4543.7611 	 8583.4862 	 5179.5062 	 -4297.2958 	 -0.0000 	 -0.0000 	 0.0000
3.0461 	 9159.5784 	 5527.2759 	 -4586.8201 	 8583.4862 	 5179.5062 	 -4297.2958 	 -0.0000 	 -0.0000 	 0.0000
3.0561 	 9245.5852 	 5579.1748 	 -4629.8792 	 8583.4862 	 5179.5062 	 -4297.2958 	 -0.0000 	 -0.0000 	 0.0000
3.0661 	 9331.5921 	 5631.0736 	 -4672.9383 	 8583.4862 	 5179.5062 	 -4297.2958 	 -0.0000 	 -0.0000 	 0.0000
3.0762 	 9417.5990 	 5682.9725 	 -4715.9974 	 8583.4862 	 5179.5062 	 -4297.2958 	 -0.0000 	 -0.0000 	 0.0000
3.0862 	 9503.6059 	 5734.8714 	 -4759.0564 	 8583.4862 	 5179.5062 	 -4297.2958 	 -0.0000 	 -0.0000 	 0.0000
3.0962 	 9589.6127 	 5786.7702 	 -4802.1155 	 8583.4862 	 5179.5062 	 -4297.2958 	 -0.0000 	 -0.0000 	 0.0000
3.1062 	 9675.6196 	 5838.6691 	 -4845.1746 	 8583.4862 	 5179.5062 	 -4297.2958 	 -0.0000 	 -0.0000 	 0.0000
3.1162 	 9761.6265 	 5890.5679 	 -4888.2337 	 8583.4862 	 5179.5062 	 -4297.2958 	 -0.0000 	 -0.0000 	 0.0000
3.1263 	 9847.6334 	 5942.4668 	 -4931.2927 	 8583.4862 	 5179.5062 	 -4297.2958 	 -0.0000 	 -0.0000 	 0.0000
3.1363 	 9933.6402 	 5994.3657 	 -4974.3518 	 8583.4862 	 5179.5062 	 -4297.2958 	 -0.0000 	 -0.0000 	 0.0000
3.1463 	 10019.6471 	 6046.2645 	 -5017.4109 	 8583.4862 	 5179.5062 	 -4297.2958 	 -0.0000 	 -0.0000 	 0.0000
3.1563 	 10105.6540 	 6098.1634 	 -5060.4700 	 8583.4862 	 5179.5062 	 -4297.2958 	 -0.0000 	 -0.0000 	 0.0000
3.1663 	 10191.6609 	 6150.0622 	 -5103.5291 	 8583.4862 	 5179.5062 	 -4297.2958 	 -0.0000 	 -0.0000 	 0.0000
3.1764 	 10277.6677 	 6201.9611 	 -5146.5881 	 8583.4862 	 5179.5062 	 -4297.2958 	 -0.0000 	 -0.0000 	 0.0000
3.1864 	 10363.6746 	 6253.8600 	 -5189.6472 	 8583.4862 	 5179.5062 	 -4297.2958 	 -0.0000 	 -0.0000 	 0.0000
3.1964 	 10449.6815 	 6305.7588 	 -5232.7063 	 8583.4862 	 5179.5062 	 -4297.2958 	 -0.0000 	 -0.0000 	 0.0000
3.2064 	 10535.6884 	 6357.6577 	 -5275.7654 	 8583.4862 	 5179.5062 	 -4297.2958 	 -0.0000 	 -0.0000 	 0.0000
3.2164 	 10621.6952 	 6409.5565 	 -5318.8244 	 8583.4862 	 5179.5062 	 -4297.2958 	 -0.0000 	 -0.0000 	 0.0000
3.2265 	 10707.7021 	 6461.4554 	 -5361.8835 	 8583.4862 	 5179.5062 	 -4297.2958 	 -0.0000 	 -0.0000 	 0.0000
3.2365 	 10793.7090 	 6513.3543 	 -5404.9426 	 8583.4862 	 5179.5062 	 -4297.2958 	 -0.0000 	 -0.0000 	 0.0000
3.2465 	 10879.7159 	 6565.2531 	 -5448.0017 	 8583.4862 	 5179.5062 	 -4297.2958 	 -0.0000 	 -0.0000 	 0.0000
3.2565 	 10965.7228 	 6617.1520 	 -5491.0607 	 8583.4862 	 5179.5062 	 -4297.2958 	 -0.0000 	 -0.0000 	 0.0000
3.2665 	 11051.7296 	 6669.0508 	 -5534.1198 	 8583.4862 	 5179.5062 	 -4297.2958 	 -0.0000 	 -0.0000 	 0.0000
3.2766 	 11137.7365 	 6720.9497 	 -5577.1789 	 8583.4862 	 5179.5062 	 -4297.2958 	 -0.0000 	 -0.0000 	 0.0000
3.2866 	 11223.7434 	 6772.8485 	 -5620.2380 	 8583.4862 	 5179.5062 	 -4297.2958 	 -0.0000 	 -0.0000 	 0.0000
3.2966 	 11309.7503 	 6824.7474 	 -5663.2970 	 8583.4862 	 5179.5062 	 -4297.2958 	 -0.0000 	 -0.0000 	 0.0000
3.3066 	 11395.7571 	 6876.6463 	 -5706.3561 	 8583.4862 	 5179.5062 	 -4297.2958 	 -0.0000 	 -0.0000 	 0.0000
3.3166 	 11481.7640 	 6928.5451 	 -5749.4152 	 8583.4862 	 5179.5062 	 -4297.2958 	 -0.0000 	 -0.0000 	 0.0000
3.3267 	 11567.7709 	 6980.4440 	 -5792.4743 	 8583.4862 	 5179.5062 	 -4297.2958 	 -0.0000 	 -0.0000 	 0.0000
3.3367 	 11653.7778 	 7032.3428 	 -5835.5333 	 8583.4862 	 5179.5062 	 -4297.2958 	 -0.0000 	 -0.0000 	 0.0000
3.3467 	 11739.7846 	 7084.2417 	 -5878.5924 	 8583.4862 	 5179.5062 	 -4297.2958 	 -0.0000 	 -0.0000 	 0.0000
3.3567 	 11825.7915 	 7136.1406 	 -5921.6515 	 8583.4862 	 5179.5062 	 -4297.2958 	 -0.0000 	 -0.0000 	 0.0000
3.3667 	 11911.7984 	 7188.0394 	 -5964.7106 	 8583.4862 	 5179.5062 	 -4297.2958 	 -0.0000 	 -0.0000 	 0.0000
3.3768 	 11997.8053 	 7239.9383 	 -6007.7696 	 8583.4862 	 5179.5062 	 -4297.2958 	 -0.0000 	 -0.0000 	 0.0000
3.3868 	 12083.8121 	 7291.8371 	 -6050.8287 	 8583.4862 	 5179.5062 	 -4297.2958 	 -0.0000 	 -0.0000 	 0.0000
3.3968 	 12169.8190 	 7343.7360 	 -6093.8878 	 8583.4862 	 5179.5062 	 -4297.2958 	 -0.0000 	 -0.0000 	 0.0000
3.4068 	 12255.8259 	 7395.6349 	 -6136.9469 	 8583.4862 	 5179.5062 	 -4297.2958 	 -0.0000 	 -0.0000 	 0.0000
3.4168 	 12341.8328 	 7447.5337 	 -6180.0059 	 8583.4862 	 5179.5062 	 -4297.2958 	 -0.0000 	 -0.0000 	 0.0000
3.4269 	 12427.8396 	 7499.4326 	 -6223.0650 	 8583.4862 	 5179.5062 	 -4297.2958 	 -0.0000 	 -0.0000 	 0.0000
3.4369 	 12513.8465 	 7551.3314 	 -6266.1241 	 8583.4862 	 5179.5062 	 -4297.2958 	 -0.0000 	 -0.0000 	 0.0000
3.4469 	 12599.8534 	 7603.2303 	 -6309.1832 	 8583.4862 	 5179.5062 	 -4297.2958 	 -0.0000 	 -0.0000 	 0.0000
3.4569 	 12685.8603 	 7655.1292 	 -6352.2422 	 8583.4862 	 5179.5062 	 -4297.2958 	 -0.0000 	 -0.0000 	 0.0000
3.4669 	 12771.8671 	 7707.0280 	 -6395.3013 	 8583.4862 	 5179.5062 	 -4297.2958 	 -0.0000 	 -0.0000 	 0.0000
3.4770 	 12857.8740 	 7758.9269 	 -6438.3604 	 8583.4862 	 5179.5062 	 -4297.2958 	 -0.0000 	 -0.0000 	 0.0000
3.4870 	 12943.8809 	 7810.8257 	 -6481.4195 	 8583.4862 	 5179.5062 	 -4297.2958 	 -0.0000 	 -0.0000 	 0.0000
3.4970 	 13029.8878 	 7862.7246 	 -6524.4786 	 8583.4862 	 5179.5062 	 -4297.2958 	 -0.0000 	 -0.0000 	 0.0000
3.5070 	 13115.8946 	 7914.6235 	 -6567.5376 	 8583.4862 	 5179.5062 	 -4297.2958 	 -0.0000 	 -0.0000 	 0.0000
3.5170 	 13201.9015 	 7966.5223 	 -6610.5967 	 8583.4862 	 5179.5062 	 -4297.2958 	 -0.0000 	 -0.0000 	 0.0000
3.5271 	 13287.9084 	 8018.4212 	 -6653.6558 	 8583.4862 	 5179.5062 	 -4297.2958 	 -0.0000 	 -0.0000 	 0.0000
3.5371 	 13373.9153 	 8070.3200 	 -6696.7149 	 8583.4862 	 5179.5062 	 -4297.2958 	 -0.0000 	 -0.0000 	 0.0000
3.5471 	 13459.9222 	 8122.2189 	 -6739.7739 	 8583.4862 	 5179.5062 	 -4297.2958 	 -0.0000 	 -0.0000 	 0.0000
3.5571 	 13545.9290 	 8174.1177 	 -6782.8330 	 8583.4862 	 5179.5062 	 -4297.2958 	 -0.0000 	 -0.0000 	 0.0000
3.5671 	 13631.9359 	 8226.0166 	 -6825.8921 	 8583.4862 	 5179.5062 	 -4297.2958 	 -0.0000 	 -0.0000 	 0.0000
3.5772 	 13717.9428 	 8277.9155 	 -6868.9512 	 8583.4862 	 5179.5062 	 -4297.2958 	 -0.0000 	 -0.0000 	 0.0000
3.5872 	 13803.9497 	 8329.8143 	 -6912.0102 	 8583.4862 	 5179.5062 	 -4297.2958 	 -0.0000 	 -0.0000 	 0.0000
3.5972 	 13889.9565 	 8381.7132 	 -6955.0693 	 8583.4862 	 5179.5062 	 -4297.2958 	 -0.0000 	 -0.0000 	 0.0000
3.6072 	 13975.9634 	 8433.6120 	 -6998.1284 	 8583.4862 	 5179.5062 	 -4297.2958 	 -0.0000 	 -0.0000 	 0.0000
3.6172 	 14061.9703 	 8485.5109 	 -7041.1875 	 8583.4862 	 5179.5062 	 -4297.2958 	 -0.0000 	 -0.0000 	 0.0000
3.6273 	 14147.9772 	 8537.4098 	 -7084.2465 	 8583.4862 	 5179.5062 	 -4297.2958 	 -0.0000 	 -0.0000 	 0.0000
3.6373 	 14233.9840 	 8589.3086 	 -7127.3056 	 8583.4862 	 5179.5062 	 -4297.2958 	 -0.0000 	 -0.0000 	 0.0000
3.6473 	 14319.9909 	 8641.2075 	 -7170.3647 	 8583.4862 	 5179.5062 	 -4297.2958 	 -0.0000 	 -0.0000 	 0.0000
3.6573 	 14405.9978 	 8693.1063 	 -7213.4238 	 8583.4862 	 5179.5062 	 -4297.2958 	 -0.0000 	 -0.0000 	 0.0000
3.6673 	 14492.0047 	 8745.0052 	 -7256.4828 	 8583.4862 	 5179.5062 	 -4297.2958 	 -0.0000 	 -0.0000 	 0.0000
3.6774 	 14578.0115 	 8796.9041 	 -7299.5419 	 8583.4862 	 5179.5062 	 -4297.2958 	 -0.0000 	 -0.0000 	 0.0000
3.6874 	 14664.0184 	 8848.8029 	 -7342.6010 	 8583.4862 	 5179.5062 	 -4297.2958 	 -0.0000 	 -0.0000 	 0.0000
3.6974 	 14750.0253 	 8900.7018 	 -7385.6601 	 8583.4862 	 5179.5062 	 -4297.2958 	 -0.0000 	 -0.0000 	 0.0000
3.7074 	 14836.0322 	 8952.6006 	 -7428.7191 	 8583.4862 	 5179.5062 	 -4297.2958 	 -0.0000 	 -0.0000 	 0.0000
3.7174 	 14922.0390 	 9004.4995 	 -7471.7782 	 8583.4862 	 5179.5062 	 -4297.2958 	 -0.0000 	 -0.0000 	 0.0000
3.7275 	 15008.0459 	 9056.3984 	 -7514.8373 	 8583.4862 	 5179.5062 	 -4297.2958 	 -0.0000 	 -0.0000 	 0.0000
3.7375 	 15094.0528 	 9108.2972 	 -7557.8964 	 8583.4862 	 5179.5062 	 -4297.2958 	 -0.0000 	 -0.0000 	 0.0000
3.7475 	 15180.0597 	 9160.1961 	 -7600.9554 	 8583.4862 	 5179.5062 	 -4297.2958 	 -0.0000 	 -0.0000 	 0.0000
3.7575 	 15266.0665 	 9212.0949 	 -7644.0145 	 8583.4862 	 5179.5062 	 -4297.2958 	 -0.0000 	 -0.0000 	 0.0000
3.7675 	 15352.0734 	 9263.9938 	 -7687.0736 	 8583.4862 	 5179.5062 	 -4297.2958 	 -0.0000 	 -0.0000 	 0.0000
3.7776 	 15438.0803 	 9315.8926 	 -7730.1327 	 8583.4862 	 5179.5062 	 -4297.2958 	 -0.0000 	 -0.0000 	 0.0000
3.7876 	 15524.0872 	 9367.7915 	 -7773.1918 	 8583.4862 	 5179.5062 	 -4297.2958 	 -0.0000 	 -0.0000 	 0.0000
3.7976 	 15610.0940 	 9419.6904 	 -7816.2508 	 8583.4862 	 5179.5062 	 -4297.2958 	 -0.0000 	 -0.0000 	 0.0000
3.8076 	 15696.1009 	 9471.5892 	 -7859.3099 	 8583.4862 	 5179.5062 	 -4297.2958 	 -0.0000 	 -0.0000 	 0.0000
3.8176 	 15782.1078 	 9523.4881 	 -7902.3690 	 8583.4862 	 5179.5062 	 -4297.2958 	 -0.0000 	 -0.0000 	 0.0000
3.8277 	 15868.1147 	 9575.3869 	 -7945.4281 	 8583.4862 	 5179.5062 	 -4297.2958 	 -0.0000 	 -0.0000 	 0.0000
3.8377 	 15954.1216 	 9627.2858 	 -7988.4871 	 8583.4862 	 5179.5062 	 -4297.2958 	 -0.0000 	 -0.0000 	 0.0000
3.8477 	 16040.1284 	 9679.1847 	 -8031.5462 	 8583.4862 	 5179.5062 	 -4297.2958 	 -0.0000 	 -0.0000 	 0.0000
3.8577 	 16126.1353 	 9731.0835 	 -8074.6053 	 8583.4862 	 5179.5062 	 -4297.2958 	 -0.0000 	 -0.0000 	 0.0000
3.8677 	 16212.1422 	 9782.9824 	 -8117.6644 	 8583.4862 	 5179.5062 	 -4297.2958 	 -0.0000 	 -0.0000 	 0.0000
3.8778 	 16298.1491 	 9834.8812 	 -8160.7234 	 8583.4862 	 5179.5062 	 -4297.2958 	 -0.0000 	 -0.0000 	 0.0000
3.8878 	 16384.1559 	 9886.7801 	 -8203.7825 	 8583.4862 	 5179.5062 	 -4297.2958 	 -0.0000 	 -0.0000 	 0.0000
3.8978 	 16470.1628 	 9938.6790 	 -8246.8416 	 8583.4862 	 5179.5062 	 -4297.2958 	 -0.0000 	 -0.0000 	 0.0000
3.9078 	 16556.1697 	 9990.5778 	 -8289.9007 	 8583.4862 	 5179.5062 	 -4297.2958 	 -0.0000 	 -0.0000 	 0.0000
3.9178 	 16642.1766 	 10042.4767 	 -8332.9597 	 8583.4862 	 5179.5062 	 -4297.2958 	 -0.0000 	 -0.0000 	 0.0000
3.9279 	 16728.1834 	 10094.3755 	 -8376.0188 	 8583.4862 	 5179.5062 	 -4297.2958 	 -0.0000 	 -0.0000 	 0.0000
3.9379 	 16814.1903 	 10146.2744 	 -8419.0779 	 8583.4862 	 5179.5062 	 -4297.2958 	 -0.0000 	 -0.0000 	 0.0000
3.9479 	 16900.1972 	 10198.1733 	 -8462.1370 	 8583.4862 	 5179.5062 	 -4297.2958 	 -0.0000 	 -0.0000 	 0.0000
3.9579 	 16986.2041 	 10250.0721 	 -8505.1960 	 8583.4862 	 5179.5062 	 -4297.2958 	 -0.0000 	 -0.0000 	 0.0000
3.9679 	 17072.2109 	 10301.9710 	 -8548.2551 	 8583.4862 	 5179.5062 	 -4297.2958 	 -0.0000 	 -0.0000 	 0.0000
3.9780 	 17158.2178 	 10353.8698 	 -8591.3142 	 8583.4862 	 5179.5062 	 -4297.2958 	 -0.0000 	 -0.0000 	 0.0000
3.9880 	 17244.2247 	 10405.7687 	 -8634.3733 	 8583.4862 	 5179.5062 	 -4297.2958 	 -0.0000 	 -0.0000 	 0.0000
3.9980 	 17330.2316 	 10457.6676 	 -8677.4323 	 8583.4862 	 5179.5062 	 -4297.2958 	 -0.0000 	 -0.0000 	 0.0000
4.0080 	 17416.2384 	 10509.5664 	 -8720.4914 	 8583.4862 	 5179.5062 	 -4297.2958 	 -0.0000 	 -0.0000 	 0.0000
4.0180 	 17502.2453 	 10561.4653 	 -8763.5505 	 8583.4862 	 5179.5062 	 -4297.2958 	 -0.0000 	 -0.0000 	 0.0000
4.0281 	 17588.2522 	 10613.3641 	 -8806.6096 	 8583.4862 	 5179.5062 	 -4297.2958 	 -0.0000 	 -0.0000 	 0.0000
4.0381 	 17674.2591 	 10665.2630 	 -8849.6686 	 8583.4862 	 5179.5062 	 -4297.2958 	 -0.0000 	 -0.0000 	 0.0000
4.0481 	 17760.2659 	 10717.1618 	 -8892.7277 	 8583.4862 	 5179.5062 	 -4297.2958 	 -0.0000 	 -0.0000 	 0.0000
4.0581 	 17846.2728 	 10769.0607 	 -8935.7868 	 8583.4862 	 5179.5062 	 -4297.2958 	 -0.0000 	 -0.0000 	 0.0000
4.0681 	 17932.2797 	 10820.9596 	 -8978.8459 	 8583.4862 	 5179.5062 	 -4297.2958 	 -0.0000 	 -0.0000 	 0.0000
4.0782 	 18018.2866 	 10872.8584 	 -9021.9049 	 8583.4862 	 5179.5062 	 -4297.2958 	 -0.0000 	 -0.0000 	 0.0000
4.0882 	 18104.2934 	 10924.7573 	 -9064.9640 	 8583.4862 	 5179.5062 	 -4297.2958 	 -0.0000 	 -0.0000 	 0.0000
4.0982 	 18190.3003 	 10976.6561 	 -9108.0231 	 8583.4862 	 5179.5062 	 -4297.2958 	 -0.0000 	 -0.0000 	 0.0000
4.1082 	 18276.3072 	 11028.5550 	 -9151.0822 	 8583.4862 	 5179.5062 	 -4297.2958 	 -0.0000 	 -0.0000 	 0.0000
4.1182 	 18362.3141 	 11080.4539 	 -9194.1413 	 8583.4862 	 5179.5062 	 -4297.2958 	 -0.0000 	 -0.0000 	 0.0000
4.1283 	 18448.3210 	 11132.3527 	 -9237.2003 	 8583.4862 	 5179.5062 	 -4297.2958 	 -0.0000 	 -0.0000 	 0.0000
4.1383 	 18534.3278 	 11184.2516 	 -9280.2594 	 8583.4862 	 5179.5062 	 -4297.2958 	 -0.0000 	 -0.0000 	 0.0000
4.1483 	 18620.3347 	 11236.1504 	 -9323.3185 	 8583.4862 	 5179.5062 	 -4297.2958 	 -0.0000 	 -0.0000 	 0.0000
4.1583 	 18706.3416 	 11288.0493 	 -9366.3776 	 8583.4862 	 5179.5062 	 -4297.2958 	 -0.0000 	 -0.0000 	 0.0000
4.1683 	 18792.3485 	 11339.9482 	 -9409.4366 	 8583.4862 	 5179.5062 	 -4297.2958 	 -0.0000 	 -0.0000 	 0.0000
4.1784 	 18878.3553 	 11391.8470 	 -9452.4957 	 8583.4862 	 5179.5062 	 -4297.2958 	 -0.0000 	 -0.0000 	 0.0000
4.1884 	 18964.3622 	 11443.7459 	 -9495.5548 	 8583.4862 	 5179.5062 	 -4297.2958 	 -0.0000 	 -0.0000 	 0.0000
4.1984 	 19050.3691 	 11495.6447 	 -9538.6139 	 8583.4862 	 5179.5062 	 -4297.2958 	 -0.0000 	 -0.0000 	 0.0000
4.2084 	 19136.3760 	 11547.5436 	 -9581.6729 	 8583.4862 	 5179.5062 	 -4297.2958 	 -0.0000 	 -0.0000 	 0.0000
4.2184 	 19222.3828 	 11599.4425 	 -9624.7320 	 8583.4862 	 5179.5062 	 -4297.2958 	 -0.0000 	 -0.0000 	 0.0000
4.2285 	 19308.3897 	 11651.3413 	 -9667.7911 	 8583.4862 	 5179.5062 	 -4297.2958 	 -0.0000 	 -0.0000 	 0.0000
4.2385 	 19394.3966 	 11703.2402 	 -9710.8502 	 8583.4862 	 5179.5062 	 -4297.2958 	 -0.0000 	 -0.0000 	 0.0000
4.2485 	 19480.4035 	 11755.1390 	 -9753.9092 	 8583.4862 	 5179.5062 	 -4297.2958 	 -0.0000 	 -0.0000 	 0.0000
4.2585 	 19566.4103 	 11807.0379 	 -9796.9683 	 8583.4862 	 5179.5062 	 -4297.2958 	 -0.0000 	 -0.0000 	 0.0000
4.2685 	 19652.4172 	 11858.9368 	 -9840.0274 	 8583.4862 	 5179.5062 	 -4297.2958 	 -0.0000 	 -0.0000 	 0.0000
4.2786 	 19738.4241 	 11910.8356 	 -9883.0865 	 8583.4862 	 5179.5062 	 -4297.2958 	 -0.0000 	 -0.0000 	 0.0000
4.2886 	 19824.4310 	 11962.7345 	 -9926.1455 	 8583.4862 	 5179.5062 	 -4297.2958 	 -0.0000 	 -0.0000 	 0.0000
4.2986 	 19910.4378 	 12014.6333 	 -9969.2046 	 8583.4862 	 5179.5062 	 -4297.2958 	 -0.0000 	 -0.0000 	 0.0000
4.3086 	 19996.4447 	 12066.5322 	 -10012.2637 	 8583.4862 	 5179.5062 	 -4297.2958 	 -0.0000 	 -0.0000 	 0.0000
4.3186 	 20082.4516 	 12118.4310 	 -10055.3228 	 8583.4862 	 5179.5062 	 -4297.2958 	 -0.0000 	 -0.0000 	 0.0000
4.3287 	 20168.4585 	 12170.3299 	 -10098.3818 	 8583.4862 	 5179.5062 	 -4297.2958 	 -0.0000 	 -0.0000 	 0.0000
4.3387 	 20254.4653 	 12222.2288 	 -10141.4409 	 8583.4862 	 5179.5062 	 -4297.2958 	 -0.0000 	 -0.0000 	 0.0000
4.3487 	 20340.4722 	 12274.1276 	 -10184.5000 	 8583.4862 	 5179.5062 	 -4297.2958 	 -0.0000 	 -0.0000 	 0.0000
4.3587 	 20426.4791 	 12326.0265 	 -10227.5591 	 8583.4862 	 5179.5062 	 -4297.2958 	 -0.0000 	 -0.0000 	 0.0000
4.3687 	 20512.4860 	 12377.9253 	 -10270.6181 	 8583.4862 	 5179.5062 	 -4297.2958 	 -0.0000 	 -0.0000 	 0.0000
4.3788 	 20598.4928 	 12429.8242 	 -10313.6772 	 8583.4862 	 5179.5062 	 -4297.2958 	 -0.0000 	 -0.0000 	 0.0000
4.3888 	 20684.4997 	 12481.7231 	 -10356.7363 	 8583.4862 	 5179.5062 	 -4297.2958 	 -0.0000 	 -0.0000 	 0.0000
4.3988 	 20770.5066 	 12533.6219 	 -10399.7954 	 8583.4862 	 5179.5062 	 -4297.2958 	 -0.0000 	 -0.0000 	 0.0000
4.4088 	 20856.5135 	 12585.5208 	 -10442.8544 	 8583.4862 	 5179.5062 	 -4297.2958 	 -0.0000 	 -0.0000 	 0.0000
4.4188 	 20942.5204 	 12637.4196 	 -10485.9135 	 8583.4862 	 5179.5062 	 -4297.2958 	 -0.0000 	 -0.0000 	 0.0000
4.4289 	 21028.5272 	 12689.3185 	 -10528.9726 	 8583.4862 	 5179.5062 	 -4297.2958 	 -0.0000 	 -0.0000 	 0.0000
4.4389 	 21114.5341 	 12741.2174 	 -10572.0317 	 8583.4862 	 5179.5062 	 -4297.2958 	 -0.0000 	 -0.0000 	 0.0000
4.4489 	 21200.5410 	 12793.1162 	 -10615.0908 	 8583.4862 	 5179.5062 	 -4297.2958 	 -0.0000 	 -0.0000 	 0.0000
4.4589 	 21286.5479 	 12845.0151 	 -10658.1498 	 8583.4862 	 5179.5062 	 -4297.2958 	 -0.0000 	 -0.0000 	 0.0000
4.4689 	 21372.5547 	 12896.9139 	 -10701.2089 	 8583.4862 	 5179.5062 	 -4297.2958 	 -0.0000 	 -0.0000 	 0.0000
4.4790 	 21458.5616 	 12948.8128 	 -10744.2680 	 8583.4862 	 5179.5062 	 -4297.2958 	 -0.0000 	 -0.0000 	 0.0000
4.4890 	 21544.5685 	 13000.7117 	 -10787.3271 	 8583.4862 	 5179.5062 	 -4297.2958 	 -0.0000 	 -0.0000 	 0.0000
4.4990 	 21630.5754 	 13052.6105 	 -10830.3861 	 8583.4862 	 5179.5062 	 -4297.2958 	 -0.0000 	 -0.0000 	 0.0000
4.5090 	 21716.5822 	 13104.5094 	 -10873.4452 	 8583.4862 	 5179.5062 	 -4297.2958 	 -0.0000 	 -0.0000 	 0.0000
4.5190 	 21802.5891 	 13156.4082 	 -10916.5043 	 8583.4862 	 5179.5062 	 -4297.2958 	 -0.0000 	 -0.0000 	 0.0000
4.5291 	 21888.5960 	 13208.3071 	 -10959.5634 	 8583.4862 	 5179.5062 	 -4297.2958 	 -0.0000 	 -0.0000 	 0.0000
4.5391 	 21974.6029 	 13260.2060 	 -11002.6224 	 8583.4862 	 5179.5062 	 -4297.2958 	 -0.0000 	 -0.0000 	 0.0000
4.5491 	 22060.6097 	 13312.1048 	 -11045.6815 	 8583.4862 	 5179.5062 	 -4297.2958 	 -0.0000 	 -0.0000 	 0.0000
4.5591 	 22146.6166 	 13364.0037 	 -11088.7406 	 8583.4862 	 5179.5062 	 -4297.2958 	 -0.0000 	 -0.0000 	 0.0000
4.5691 	 22232.6235 	 13415.9025 	 -11131.7997 	 8583.4862 	 5179.5062 	 -4297.2958 	 -0.0000 	 -0.0000 	 0.0000
4.5792 	 22318.6304 	 13467.8014 	 -11174.8587 	 8583.4862 	 5179.5062 	 -4297.2958 	 -0.0000 	 -0.0000 	 0.0000
4.5892 	 22404.6372 	 13519.7002 	 -11217.9178 	 8583.4862 	 5179.5062 	 -4297.2958 	 -0.0000 	 -0.0000 	 0.0000
4.5992 	 22490.6441 	 13571.5991 	 -11260.9769 	 8583.4862 	 5179.5062 	 -4297.2958 	 -0.0000 	 -0.0000 	 0.0000
4.6092 	 22576.6510 	 13623.4980 	 -11304.0360 	 8583.4862 	 5179.5062 	 -4297.2958 	 -0.0000 	 -0.0000 	 0.0000
4.6192 	 22662.6579 	 13675.3968 	 -11347.0950 	 8583.4862 	 5179.5062 	 -4297.2958 	 -0.0000 	 -0.0000 	 0.0000
4.6293 	 22748.6647 	 13727.2957 	 -11390.1541 	 8583.4862 	 5179.5062 	 -4297.2958 	 -0.0000 	 -0.0000 	 0.0000
4.6393 	 22834.6716 	 13779.1945 	 -11433.2132 	 8583.4862 	 5179.5062 	 -4297.2958 	 -0.0000 	 -0.0000 	 0.0000
4.6493 	 22920.6785 	 13831.0934 	 -11476.2723 	 8583.4862 	 5179.5062 	 -4297.2958 	 -0.0000 	 -0.0000 	 0.0000
4.6593 	 23006.6854 	 13882.9923 	 -11519.3313 	 8583.4862 	 5179.5062 	 -4297.2958 	 -0.0000 	 -0.0000 	 0.0000
4.6693 	 23092.6922 	 13934.8911 	 -11562.3904 	 8583.4862 	 5179.5062 	 -4297.2958 	 -0.0000 	 -0.0000 	 0.0000
4.6794 	 23178.6991 	 13986.7900 	 -11605.4495 	 8583.4862 	 5179.5062 	 -4297.2958 	 -0.0000 	 -0.0000 	 0.0000
4.6894 	 23264.7060 	 14038.6888 	 -11648.5086 	 8583.4862 	 5179.5062 	 -4297.2958 	 -0.0000 	 -0.0000 	 0.0000
4.6994 	 23350.7129 	 14090.5877 	 -11691.5676 	 8583.4862 	 5179.5062 	 -4297.2958 	 -0.0000 	 -0.0000 	 0.0000
4.7094 	 23436.7198 	 14142.4866 	 -11734.6267 	 8583.4862 	 5179.5062 	 -4297.2958 	 -0.0000 	 -0.0000 	 0.0000
4.7194 	 23522.7266 	 14194.3854 	 -11777.6858 	 8583.4862 	 5179.5062 	 -4297.2958 	 -0.0000 	 -0.0000 	 0.0000
4.7295 	 23608.7335 	 14246.2843 	 -11820.7449 	 8583.4862 	 5179.5062 	 -4297.2958 	 -0.0000 	 -0.0000 	 0.0000
4.7395 	 23694.7404 	 14298.1831 	 -11863.8040 	 8583.4862 	 5179.5062 	 -4297.2958 	 -0.0000 	 -0.0000 	 0.0000
4.7495 	 23780.7473 	 14350.0820 	 -11906.8630 	 8583.4862 	 5179.5062 	 -4297.2958 	 -0.0000 	 -0.0000 	 0.0000
4.7595 	 23866.7541 	 14401.9809 	 -11949.9221 	 8583.4862 	 5179.5062 	 -4297.2958 	 -0.0000 	 -0.0000 	 0.0000
4.7695 	 23952.7610 	 14453.8797 	 -11992.9812 	 8583.4862 	 5179.5062 	 -4297.2958 	 -0.0000 	 -0.0000 	 0.0000
4.7796 	 24038.7679 	 14505.7786 	 -12036.0403 	 8583.4862 	 5179.5062 	 -4297.2958 	 -0.0000 	 -0.0000 	 0.0000
4.7896 	 24124.7748 	 14557.6774 	 -12079.0993 	 8583.4862 	 5179.5062 	 -4297.2958 	 -0.0000 	 -0.0000 	 0.0000
4.7996 	 24210.7816 	 14609.5763 	 -12122.1584 	 8583.4862 	 5179.5062 	 -4297.2958 	 -0.0000 	 -0.0000 	 0.0000
4.8096 	 24296.7885 	 14661.4752 	 -12165.2175 	 8583.4862 	 5179.5062 	 -4297.2958 	 -0.0000 	 -0.0000 	 0.0000
4.8196 	 24382.7954 	 14713.3740 	 -12208.2766 	 8583.4862 	 5179.5062 	 -4297.2958 	 -0.0000 	 -0.0000 	 0.0000
4.8297 	 24468.8023 	 14765.2729 	 -12251.3356 	 8583.4862 	 5179.5062 	 -4297.2958 	 -0.0000 	 -0.0000 	 0.0000
4.8397 	 24554.8091 	 14817.1717 	 -12294.3947 	 8583.4862 	 5179.5062 	 -4297.2958 	 -0.0000 	 -0.0000 	 0.0000
4.8497 	 24640.8160 	 14869.0706 	 -12337.4538 	 8583.4862 	 5179.5062 	 -4297.2958 	 -0.0000 	 -0.0000 	 0.0000
4.8597 	 24726.8229 	 14920.9694 	 -12380.5129 	 8583.4862 	 5179.5062 	 -4297.2958 	 -0.0000 	 -0.0000 	 0.0000
4.8697 	 24812.8298 	 14972.8683 	 -12423.5719 	 8583.4862 	 5179.5062 	 -4297.2958 	 -0.0000 	 -0.0000 	 0.0000
4.8798 	 24898.8366 	 15024.7672 	 -12466.6310 	 8583.4862 	 5179.5062 	 -4297.2958 	 -0.0000 	 -0.0000 	 0.0000
4.8898 	 24984.8435 	 15076.6660 	 -12509.6901 	 8583.4862 	 5179.5062 	 -4297.2958 	 -0.0000 	 -0.0000 	 0.0000
4.8998 	 25070.8504 	 15128.5649 	 -12552.7492 	 8583.4862 	 5179.5062 	 -4297.2958 	 -0.0000 	 -0.0000 	 0.0000
4.9098 	 25156.8573 	 15180.4637 	 -12595.8082 	 8583.4862 	 5179.5062 	 -4297.2958 	 -0.0000 	 -0.0000 	 0.0000
4.9198 	 25242.8641 	 15232.3626 	 -12638.8673 	 8583.4862 	 5179.5062 	 -4297.2958 	 -0.0000 	 -0.0000 	 0.0000
4.9299 	 25328.8710 	 15284.2615 	 -12681.9264 	 8583.4862 	 5179.5062 	 -4297.2958 	 -0.0000 	 -0.0000 	 0.0000
4.9399 	 25414.8779 	 15336.1603 	 -12724.9855 	 8583.4862 	 5179.5062 	 -4297.2958 	 -0.0000 	 -0.0000 	 0.0000
4.9499 	 25500.8848 	 15388.0592 	 -12768.0445 	 8583.4862 	 5179.5062 	 -4297.2958 	 -0.0000 	 -0.0000 	 0.0000
4.9599 	 25586.8917 	 15439.9580 	 -12811.1036 	 8583.4862 	 5179.5062 	 -4297.2958 	 -0.0000 	 -0.0000 	 0.0000
4.9699 	 25672.8985 	 15491.8569 	 -12854.1627 	 8583.4862 	 5179.5062 	 -4297.2958 	 -0.0000 	 -0.0000 	 0.0000
4.9800 	 25758.9054 	 15543.7558 	 -12897.2218 	 8583.4862 	 5179.5062 	 -4297.2958 	 -0.0000 	 -0.0000 	 0.0000
4.9900 	 25844.9123 	 15595.6546 	 -12940.2808 	 8583.4862 	 5179.5062 	 -4297.2958 	 -0.0000 	 -0.0000 	 0.0000
