100-Body Run with i = 7 th particle. (Units in pc,M_solar,Myr, km s-1) 

time		 x 		 y 		 z 		 xdot 		 ydot 		 zdot 		 xddot 		 yddot 		 zddot
0.0000 	 0.0473 	 -0.1044 	 -0.4578 	 -0.0052 	 0.0389 	 0.0092 	 -0.6769 	 2.7277 	 0.7383
0.0100 	 0.0472 	 -0.1039 	 -0.4577 	 -0.0121 	 0.0664 	 0.0164 	 -0.7162 	 2.7644 	 0.7094
0.0200 	 0.0471 	 -0.1031 	 -0.4575 	 -0.0196 	 0.0945 	 0.0234 	 -0.7735 	 2.8589 	 0.6928
0.0301 	 0.0468 	 -0.1020 	 -0.4572 	 -0.0275 	 0.1240 	 0.0304 	 -0.7950 	 3.0536 	 0.6828
0.0401 	 0.0465 	 -0.1006 	 -0.4569 	 -0.0356 	 0.1554 	 0.0359 	 -0.8717 	 3.1610 	 0.3572
0.0501 	 0.0461 	 -0.0989 	 -0.4565 	 -0.0459 	 0.1881 	 0.0387 	 -1.1986 	 3.4030 	 0.2242
0.0601 	 0.0456 	 -0.0968 	 -0.4561 	 -0.0600 	 0.2243 	 0.0404 	 -1.6457 	 3.8728 	 0.0938
0.0701 	 0.0448 	 -0.0943 	 -0.4557 	 -0.0797 	 0.2668 	 0.0403 	 -2.3727 	 4.6957 	 -0.1425
0.0802 	 0.0439 	 -0.0914 	 -0.4553 	 -0.1098 	 0.3209 	 0.0367 	 -3.8353 	 6.3196 	 -0.6555
0.0902 	 0.0425 	 -0.0877 	 -0.4550 	 -0.1645 	 0.4015 	 0.0239 	 -8.0062 	 10.7130 	 -2.2677
0.1002 	 0.0396 	 -0.0824 	 -0.4553 	 -0.3493 	 0.6079 	 -0.0486 	 -61.8413 	 61.3940 	 -28.0134
0.1102 	 0.0201 	 -0.0920 	 -0.4935 	 -3.7441 	 -2.2971 	 -7.6069 	 1.0069 	 0.9815 	 1.0410
0.1202 	 -0.0174 	 -0.1150 	 -0.5697 	 -3.7365 	 -2.2889 	 -7.6017 	 0.7055 	 0.8672 	 0.2278
0.1303 	 -0.0548 	 -0.1379 	 -0.6458 	 -3.7291 	 -2.2802 	 -7.5977 	 0.6029 	 0.6372 	 0.5627
0.1403 	 -0.0921 	 -0.1607 	 -0.7219 	 -3.7251 	 -2.2761 	 -7.5930 	 0.2366 	 0.2562 	 0.3158
0.1503 	 -0.1295 	 -0.1835 	 -0.7980 	 -3.7255 	 -2.2734 	 -7.5930 	 -0.5722 	 0.5096 	 -0.5282
0.1603 	 -0.1669 	 -0.2062 	 -0.8741 	 -3.7379 	 -2.2502 	 -7.5919 	 0.2140 	 1.2122 	 1.2215
0.1703 	 -0.2043 	 -0.2287 	 -0.9501 	 -3.7345 	 -2.2457 	 -7.5854 	 0.3698 	 0.1388 	 0.3530
0.1804 	 -0.2417 	 -0.2512 	 -1.0261 	 -3.7309 	 -2.2448 	 -7.5824 	 0.3263 	 0.0842 	 0.2933
0.1904 	 -0.2791 	 -0.2737 	 -1.1021 	 -3.7282 	 -2.2439 	 -7.5795 	 0.2027 	 0.0871 	 0.2670
0.2004 	 -0.3164 	 -0.2962 	 -1.1780 	 -3.7266 	 -2.2430 	 -7.5770 	 0.1291 	 0.0781 	 0.2271
0.2104 	 -0.3537 	 -0.3187 	 -1.2539 	 -3.7255 	 -2.2423 	 -7.5749 	 0.0935 	 0.0688 	 0.2013
0.2204 	 -0.3911 	 -0.3411 	 -1.3298 	 -3.7247 	 -2.2417 	 -7.5730 	 0.0789 	 0.0629 	 0.1843
0.2305 	 -0.4284 	 -0.3636 	 -1.4057 	 -3.7239 	 -2.2410 	 -7.5712 	 0.0745 	 0.0592 	 0.1684
0.2405 	 -0.4657 	 -0.3860 	 -1.4815 	 -3.7232 	 -2.2405 	 -7.5696 	 0.0729 	 0.0558 	 0.1519
0.2505 	 -0.5030 	 -0.4085 	 -1.5574 	 -3.7224 	 -2.2399 	 -7.5682 	 0.0706 	 0.0518 	 0.1363
0.2605 	 -0.5403 	 -0.4309 	 -1.6332 	 -3.7218 	 -2.2394 	 -7.5669 	 0.0671 	 0.0476 	 0.1226
0.2705 	 -0.5776 	 -0.4534 	 -1.7090 	 -3.7211 	 -2.2390 	 -7.5657 	 0.0628 	 0.0435 	 0.1112
0.2806 	 -0.6149 	 -0.4758 	 -1.7848 	 -3.7205 	 -2.2386 	 -7.5646 	 0.0581 	 0.0395 	 0.1015
0.2906 	 -0.6521 	 -0.4982 	 -1.8606 	 -3.7199 	 -2.2382 	 -7.5637 	 0.0534 	 0.0359 	 0.0932
0.3006 	 -0.6894 	 -0.5206 	 -1.9364 	 -3.7194 	 -2.2378 	 -7.5628 	 0.0489 	 0.0326 	 0.0859
0.3106 	 -0.7267 	 -0.5431 	 -2.0122 	 -3.7190 	 -2.2375 	 -7.5619 	 0.0446 	 0.0296 	 0.0795
0.3206 	 -0.7639 	 -0.5655 	 -2.0879 	 -3.7185 	 -2.2372 	 -7.5612 	 0.0407 	 0.0269 	 0.0737
0.3307 	 -0.8012 	 -0.5879 	 -2.1637 	 -3.7181 	 -2.2370 	 -7.5605 	 0.0372 	 0.0246 	 0.0685
0.3407 	 -0.8385 	 -0.6103 	 -2.2394 	 -3.7178 	 -2.2368 	 -7.5598 	 0.0341 	 0.0225 	 0.0638
0.3507 	 -0.8757 	 -0.6327 	 -2.3152 	 -3.7175 	 -2.2365 	 -7.5592 	 0.0313 	 0.0207 	 0.0595
0.3607 	 -0.9130 	 -0.6551 	 -2.3909 	 -3.7172 	 -2.2363 	 -7.5586 	 0.0288 	 0.0190 	 0.0556
0.3707 	 -0.9502 	 -0.6775 	 -2.4667 	 -3.7169 	 -2.2362 	 -7.5581 	 0.0266 	 0.0176 	 0.0520
0.3808 	 -0.9874 	 -0.7000 	 -2.5424 	 -3.7166 	 -2.2360 	 -7.5576 	 0.0246 	 0.0163 	 0.0488
0.3908 	 -1.0247 	 -0.7224 	 -2.6181 	 -3.7164 	 -2.2358 	 -7.5571 	 0.0229 	 0.0152 	 0.0458
0.4008 	 -1.0619 	 -0.7448 	 -2.6938 	 -3.7162 	 -2.2357 	 -7.5566 	 0.0213 	 0.0141 	 0.0431
0.4108 	 -1.0992 	 -0.7672 	 -2.7696 	 -3.7160 	 -2.2355 	 -7.5562 	 0.0199 	 0.0132 	 0.0406
0.4208 	 -1.1364 	 -0.7896 	 -2.8453 	 -3.7158 	 -2.2354 	 -7.5558 	 0.0187 	 0.0124 	 0.0383
0.4309 	 -1.1736 	 -0.8120 	 -2.9210 	 -3.7156 	 -2.2353 	 -7.5555 	 0.0175 	 0.0116 	 0.0362
0.4409 	 -1.2108 	 -0.8344 	 -2.9967 	 -3.7154 	 -2.2352 	 -7.5551 	 0.0165 	 0.0109 	 0.0343
0.4509 	 -1.2481 	 -0.8567 	 -3.0724 	 -3.7152 	 -2.2351 	 -7.5548 	 0.0156 	 0.0103 	 0.0325
0.4609 	 -1.2853 	 -0.8791 	 -3.1481 	 -3.7151 	 -2.2350 	 -7.5545 	 0.0147 	 0.0098 	 0.0309
0.4709 	 -1.3225 	 -0.9015 	 -3.2238 	 -3.7150 	 -2.2349 	 -7.5541 	 0.0139 	 0.0092 	 0.0293
0.4810 	 -1.3598 	 -0.9239 	 -3.2995 	 -3.7148 	 -2.2348 	 -7.5539 	 0.0132 	 0.0088 	 0.0279
0.4910 	 -1.3970 	 -0.9463 	 -3.3752 	 -3.7147 	 -2.2347 	 -7.5536 	 0.0125 	 0.0083 	 0.0266
0.5010 	 -1.4342 	 -0.9687 	 -3.4508 	 -3.7146 	 -2.2346 	 -7.5533 	 0.0119 	 0.0079 	 0.0254
0.5110 	 -1.4714 	 -0.9911 	 -3.5265 	 -3.7145 	 -2.2345 	 -7.5531 	 0.0112 	 0.0073 	 0.0242
0.5210 	 -1.5086 	 -1.0135 	 -3.6022 	 -3.7143 	 -2.2345 	 -7.5528 	 0.0106 	 0.0070 	 0.0228
0.5311 	 -1.5458 	 -1.0359 	 -3.6779 	 -3.7142 	 -2.2344 	 -7.5526 	 0.0102 	 0.0067 	 0.0218
0.5411 	 -1.5831 	 -1.0583 	 -3.7536 	 -3.7141 	 -2.2343 	 -7.5524 	 0.0097 	 0.0064 	 0.0208
0.5511 	 -1.6203 	 -1.0807 	 -3.8292 	 -3.7140 	 -2.2343 	 -7.5522 	 0.0093 	 0.0062 	 0.0200
0.5611 	 -1.6575 	 -1.1030 	 -3.9049 	 -3.7140 	 -2.2342 	 -7.5520 	 0.0089 	 0.0059 	 0.0191
0.5711 	 -1.6947 	 -1.1254 	 -3.9806 	 -3.7139 	 -2.2342 	 -7.5518 	 0.0086 	 0.0057 	 0.0184
0.5812 	 -1.7319 	 -1.1478 	 -4.0562 	 -3.7138 	 -2.2341 	 -7.5516 	 0.0082 	 0.0054 	 0.0177
0.5912 	 -1.7691 	 -1.1702 	 -4.1319 	 -3.7137 	 -2.2340 	 -7.5515 	 0.0079 	 0.0052 	 0.0170
0.6012 	 -1.8063 	 -1.1926 	 -4.2076 	 -3.7136 	 -2.2340 	 -7.5513 	 0.0076 	 0.0050 	 0.0163
0.6112 	 -1.8436 	 -1.2150 	 -4.2832 	 -3.7135 	 -2.2339 	 -7.5511 	 0.0073 	 0.0048 	 0.0157
0.6212 	 -1.8808 	 -1.2374 	 -4.3589 	 -3.7135 	 -2.2339 	 -7.5510 	 0.0071 	 0.0046 	 0.0152
0.6313 	 -1.9180 	 -1.2597 	 -4.4346 	 -3.7134 	 -2.2339 	 -7.5508 	 0.0068 	 0.0045 	 0.0146
0.6413 	 -1.9552 	 -1.2821 	 -4.5102 	 -3.7133 	 -2.2338 	 -7.5507 	 0.0066 	 0.0043 	 0.0141
0.6513 	 -1.9924 	 -1.3045 	 -4.5859 	 -3.7133 	 -2.2338 	 -7.5506 	 0.0063 	 0.0042 	 0.0136
0.6613 	 -2.0296 	 -1.3269 	 -4.6615 	 -3.7132 	 -2.2337 	 -7.5504 	 0.0061 	 0.0040 	 0.0132
0.6713 	 -2.0668 	 -1.3493 	 -4.7372 	 -3.7131 	 -2.2337 	 -7.5503 	 0.0059 	 0.0039 	 0.0127
0.6814 	 -2.1040 	 -1.3717 	 -4.8128 	 -3.7131 	 -2.2336 	 -7.5502 	 0.0057 	 0.0038 	 0.0123
0.6914 	 -2.1412 	 -1.3940 	 -4.8885 	 -3.7130 	 -2.2336 	 -7.5500 	 0.0055 	 0.0036 	 0.0119
0.7014 	 -2.1784 	 -1.4164 	 -4.9641 	 -3.7130 	 -2.2336 	 -7.5499 	 0.0053 	 0.0035 	 0.0115
0.7114 	 -2.2156 	 -1.4388 	 -5.0398 	 -3.7129 	 -2.2335 	 -7.5498 	 0.0052 	 0.0034 	 0.0111
0.7214 	 -2.2528 	 -1.4612 	 -5.1154 	 -3.7129 	 -2.2335 	 -7.5497 	 0.0050 	 0.0033 	 0.0108
0.7315 	 -2.2900 	 -1.4836 	 -5.1911 	 -3.7128 	 -2.2335 	 -7.5496 	 0.0048 	 0.0032 	 0.0104
0.7415 	 -2.3272 	 -1.5059 	 -5.2667 	 -3.7128 	 -2.2334 	 -7.5495 	 0.0047 	 0.0031 	 0.0101
0.7515 	 -2.3644 	 -1.5283 	 -5.3424 	 -3.7127 	 -2.2334 	 -7.5494 	 0.0045 	 0.0030 	 0.0098
0.7615 	 -2.4016 	 -1.5507 	 -5.4180 	 -3.7127 	 -2.2334 	 -7.5493 	 0.0044 	 0.0029 	 0.0095
0.7715 	 -2.4388 	 -1.5731 	 -5.4937 	 -3.7126 	 -2.2334 	 -7.5492 	 0.0043 	 0.0028 	 0.0092
0.7816 	 -2.4760 	 -1.5955 	 -5.5693 	 -3.7126 	 -2.2333 	 -7.5491 	 0.0042 	 0.0027 	 0.0089
0.7916 	 -2.5132 	 -1.6178 	 -5.6450 	 -3.7126 	 -2.2333 	 -7.5490 	 0.0041 	 0.0026 	 0.0087
0.8016 	 -2.5504 	 -1.6402 	 -5.7206 	 -3.7125 	 -2.2333 	 -7.5489 	 0.0039 	 0.0026 	 0.0084
0.8116 	 -2.5876 	 -1.6626 	 -5.7962 	 -3.7125 	 -2.2332 	 -7.5489 	 0.0038 	 0.0025 	 0.0082
0.8216 	 -2.6248 	 -1.6850 	 -5.8719 	 -3.7124 	 -2.2332 	 -7.5488 	 0.0037 	 0.0024 	 0.0080
0.8317 	 -2.6620 	 -1.7073 	 -5.9475 	 -3.7124 	 -2.2332 	 -7.5487 	 0.0036 	 0.0024 	 0.0078
0.8417 	 -2.6992 	 -1.7297 	 -6.0232 	 -3.7124 	 -2.2332 	 -7.5486 	 0.0036 	 0.0023 	 0.0076
0.8517 	 -2.7364 	 -1.7521 	 -6.0988 	 -3.7123 	 -2.2332 	 -7.5485 	 0.0035 	 0.0022 	 0.0074
0.8617 	 -2.7736 	 -1.7745 	 -6.1744 	 -3.7123 	 -2.2331 	 -7.5485 	 0.0034 	 0.0022 	 0.0072
0.8717 	 -2.8108 	 -1.7968 	 -6.2501 	 -3.7123 	 -2.2331 	 -7.5484 	 0.0033 	 0.0021 	 0.0070
0.8818 	 -2.8480 	 -1.8192 	 -6.3257 	 -3.7122 	 -2.2331 	 -7.5483 	 0.0032 	 0.0021 	 0.0068
0.8918 	 -2.8852 	 -1.8416 	 -6.4013 	 -3.7122 	 -2.2331 	 -7.5483 	 0.0031 	 0.0020 	 0.0067
0.9018 	 -2.9224 	 -1.8640 	 -6.4770 	 -3.7122 	 -2.2330 	 -7.5482 	 0.0031 	 0.0020 	 0.0065
0.9118 	 -2.9596 	 -1.8863 	 -6.5526 	 -3.7121 	 -2.2330 	 -7.5481 	 0.0030 	 0.0019 	 0.0063
0.9218 	 -2.9968 	 -1.9087 	 -6.6282 	 -3.7121 	 -2.2330 	 -7.5481 	 0.0029 	 0.0019 	 0.0062
0.9319 	 -3.0340 	 -1.9311 	 -6.7039 	 -3.7121 	 -2.2330 	 -7.5480 	 0.0029 	 0.0018 	 0.0061
0.9419 	 -3.0712 	 -1.9535 	 -6.7795 	 -3.7121 	 -2.2330 	 -7.5479 	 0.0028 	 0.0018 	 0.0059
0.9519 	 -3.1084 	 -1.9758 	 -6.8551 	 -3.7120 	 -2.2330 	 -7.5479 	 0.0027 	 0.0017 	 0.0058
0.9619 	 -3.1456 	 -1.9982 	 -6.9308 	 -3.7120 	 -2.2329 	 -7.5478 	 0.0027 	 0.0017 	 0.0057
0.9719 	 -3.1828 	 -2.0206 	 -7.0064 	 -3.7120 	 -2.2329 	 -7.5478 	 0.0026 	 0.0017 	 0.0055
0.9820 	 -3.2200 	 -2.0430 	 -7.0820 	 -3.7119 	 -2.2329 	 -7.5477 	 0.0026 	 0.0016 	 0.0054
0.9920 	 -3.2572 	 -2.0653 	 -7.1576 	 -3.7119 	 -2.2329 	 -7.5477 	 0.0025 	 0.0016 	 0.0053
1.0020 	 -3.2944 	 -2.0877 	 -7.2333 	 -3.7119 	 -2.2329 	 -7.5476 	 0.0025 	 0.0016 	 0.0052
1.0120 	 -3.3316 	 -2.1101 	 -7.3089 	 -3.7119 	 -2.2329 	 -7.5476 	 0.0024 	 0.0015 	 0.0051
1.0220 	 -3.3687 	 -2.1325 	 -7.3845 	 -3.7118 	 -2.2328 	 -7.5475 	 0.0024 	 0.0015 	 0.0050
1.0321 	 -3.4059 	 -2.1548 	 -7.4602 	 -3.7118 	 -2.2328 	 -7.5475 	 0.0023 	 0.0015 	 0.0049
1.0421 	 -3.4431 	 -2.1772 	 -7.5358 	 -3.7118 	 -2.2328 	 -7.5474 	 0.0023 	 0.0014 	 0.0048
1.0521 	 -3.4803 	 -2.1996 	 -7.6114 	 -3.7118 	 -2.2328 	 -7.5474 	 0.0022 	 0.0014 	 0.0047
1.0621 	 -3.5175 	 -2.2220 	 -7.6870 	 -3.7118 	 -2.2328 	 -7.5473 	 0.0022 	 0.0014 	 0.0046
1.0721 	 -3.5547 	 -2.2443 	 -7.7627 	 -3.7117 	 -2.2328 	 -7.5473 	 0.0021 	 0.0014 	 0.0045
1.0822 	 -3.5919 	 -2.2667 	 -7.8383 	 -3.7117 	 -2.2328 	 -7.5472 	 0.0021 	 0.0013 	 0.0044
1.0922 	 -3.6291 	 -2.2891 	 -7.9139 	 -3.7117 	 -2.2327 	 -7.5472 	 0.0021 	 0.0013 	 0.0043
1.1022 	 -3.6663 	 -2.3114 	 -7.9895 	 -3.7117 	 -2.2327 	 -7.5471 	 0.0020 	 0.0013 	 0.0042
1.1122 	 -3.7035 	 -2.3338 	 -8.0651 	 -3.7117 	 -2.2327 	 -7.5471 	 0.0020 	 0.0013 	 0.0041
1.1222 	 -3.7407 	 -2.3562 	 -8.1408 	 -3.7116 	 -2.2327 	 -7.5471 	 0.0019 	 0.0012 	 0.0041
1.1323 	 -3.7779 	 -2.3786 	 -8.2164 	 -3.7116 	 -2.2327 	 -7.5470 	 0.0019 	 0.0012 	 0.0040
1.1423 	 -3.8150 	 -2.4009 	 -8.2920 	 -3.7116 	 -2.2327 	 -7.5470 	 0.0019 	 0.0012 	 0.0039
1.1523 	 -3.8522 	 -2.4233 	 -8.3676 	 -3.7116 	 -2.2327 	 -7.5469 	 0.0018 	 0.0012 	 0.0038
1.1623 	 -3.8894 	 -2.4457 	 -8.4433 	 -3.7116 	 -2.2327 	 -7.5469 	 0.0018 	 0.0011 	 0.0038
1.1723 	 -3.9266 	 -2.4680 	 -8.5189 	 -3.7115 	 -2.2326 	 -7.5469 	 0.0018 	 0.0011 	 0.0037
1.1824 	 -3.9638 	 -2.4904 	 -8.5945 	 -3.7115 	 -2.2326 	 -7.5468 	 0.0017 	 0.0011 	 0.0037
1.1924 	 -4.0010 	 -2.5128 	 -8.6701 	 -3.7115 	 -2.2326 	 -7.5468 	 0.0017 	 0.0011 	 0.0036
1.2024 	 -4.0382 	 -2.5352 	 -8.7457 	 -3.7115 	 -2.2326 	 -7.5468 	 0.0017 	 0.0011 	 0.0035
1.2124 	 -4.0754 	 -2.5575 	 -8.8213 	 -3.7115 	 -2.2326 	 -7.5467 	 0.0017 	 0.0011 	 0.0035
1.2224 	 -4.1126 	 -2.5799 	 -8.8970 	 -3.7115 	 -2.2326 	 -7.5467 	 0.0016 	 0.0010 	 0.0034
1.2325 	 -4.1497 	 -2.6023 	 -8.9726 	 -3.7114 	 -2.2326 	 -7.5467 	 0.0016 	 0.0010 	 0.0034
1.2425 	 -4.1869 	 -2.6246 	 -9.0482 	 -3.7114 	 -2.2326 	 -7.5466 	 0.0016 	 0.0010 	 0.0033
1.2525 	 -4.2241 	 -2.6470 	 -9.1238 	 -3.7114 	 -2.2326 	 -7.5466 	 0.0015 	 0.0010 	 0.0033
1.2625 	 -4.2613 	 -2.6694 	 -9.1994 	 -3.7114 	 -2.2326 	 -7.5466 	 0.0015 	 0.0010 	 0.0032
1.2725 	 -4.2985 	 -2.6917 	 -9.2751 	 -3.7114 	 -2.2325 	 -7.5465 	 0.0015 	 0.0010 	 0.0032
1.2826 	 -4.3357 	 -2.7141 	 -9.3507 	 -3.7114 	 -2.2325 	 -7.5465 	 0.0015 	 0.0010 	 0.0031
1.2926 	 -4.3729 	 -2.7365 	 -9.4263 	 -3.7113 	 -2.2325 	 -7.5465 	 0.0014 	 0.0009 	 0.0031
1.3026 	 -4.4101 	 -2.7589 	 -9.5019 	 -3.7113 	 -2.2325 	 -7.5464 	 0.0014 	 0.0009 	 0.0030
1.3126 	 -4.4473 	 -2.7812 	 -9.5775 	 -3.7113 	 -2.2325 	 -7.5464 	 0.0014 	 0.0009 	 0.0030
1.3226 	 -4.4844 	 -2.8036 	 -9.6531 	 -3.7113 	 -2.2325 	 -7.5464 	 0.0014 	 0.0009 	 0.0029
1.3327 	 -4.5216 	 -2.8260 	 -9.7287 	 -3.7113 	 -2.2325 	 -7.5463 	 0.0014 	 0.0009 	 0.0029
1.3427 	 -4.5588 	 -2.8483 	 -9.8044 	 -3.7113 	 -2.2325 	 -7.5463 	 0.0013 	 0.0009 	 0.0028
1.3527 	 -4.5960 	 -2.8707 	 -9.8800 	 -3.7113 	 -2.2325 	 -7.5463 	 0.0013 	 0.0009 	 0.0028
1.3627 	 -4.6332 	 -2.8931 	 -9.9556 	 -3.7113 	 -2.2325 	 -7.5463 	 0.0013 	 0.0009 	 0.0028
1.3727 	 -4.6704 	 -2.9154 	 -10.0312 	 -3.7112 	 -2.2325 	 -7.5462 	 0.0013 	 0.0009 	 0.0027
1.3828 	 -4.7076 	 -2.9378 	 -10.1068 	 -3.7112 	 -2.2324 	 -7.5462 	 0.0012 	 0.0009 	 0.0027
1.3928 	 -4.7448 	 -2.9602 	 -10.1824 	 -3.7112 	 -2.2324 	 -7.5462 	 0.0012 	 0.0009 	 0.0027
1.4028 	 -4.7819 	 -2.9826 	 -10.2580 	 -3.7112 	 -2.2324 	 -7.5462 	 0.0012 	 0.0008 	 0.0026
1.4128 	 -4.8191 	 -3.0049 	 -10.3337 	 -3.7112 	 -2.2324 	 -7.5461 	 0.0012 	 0.0008 	 0.0026
1.4228 	 -4.8563 	 -3.0273 	 -10.4093 	 -3.7112 	 -2.2324 	 -7.5461 	 0.0012 	 0.0008 	 0.0025
1.4329 	 -4.8935 	 -3.0497 	 -10.4849 	 -3.7112 	 -2.2324 	 -7.5461 	 0.0011 	 0.0008 	 0.0025
1.4429 	 -4.9307 	 -3.0720 	 -10.5605 	 -3.7112 	 -2.2324 	 -7.5461 	 0.0011 	 0.0008 	 0.0025
1.4529 	 -4.9679 	 -3.0944 	 -10.6361 	 -3.7111 	 -2.2324 	 -7.5460 	 0.0011 	 0.0008 	 0.0024
1.4629 	 -5.0051 	 -3.1168 	 -10.7117 	 -3.7111 	 -2.2324 	 -7.5460 	 0.0011 	 0.0008 	 0.0024
1.4729 	 -5.0422 	 -3.1391 	 -10.7873 	 -3.7111 	 -2.2324 	 -7.5460 	 0.0011 	 0.0008 	 0.0024
1.4830 	 -5.0794 	 -3.1615 	 -10.8629 	 -3.7111 	 -2.2324 	 -7.5460 	 0.0010 	 0.0008 	 0.0024
1.4930 	 -5.1166 	 -3.1839 	 -10.9385 	 -3.7111 	 -2.2324 	 -7.5459 	 0.0010 	 0.0008 	 0.0023
1.5030 	 -5.1538 	 -3.2062 	 -11.0142 	 -3.7111 	 -2.2323 	 -7.5459 	 0.0010 	 0.0008 	 0.0023
1.5130 	 -5.1910 	 -3.2286 	 -11.0898 	 -3.7111 	 -2.2323 	 -7.5459 	 0.0010 	 0.0008 	 0.0023
1.5230 	 -5.2282 	 -3.2510 	 -11.1654 	 -3.7111 	 -2.2323 	 -7.5459 	 0.0010 	 0.0008 	 0.0022
1.5331 	 -5.2654 	 -3.2733 	 -11.2410 	 -3.7111 	 -2.2323 	 -7.5458 	 0.0009 	 0.0008 	 0.0022
1.5431 	 -5.3025 	 -3.2957 	 -11.3166 	 -3.7111 	 -2.2323 	 -7.5458 	 0.0009 	 0.0008 	 0.0022
1.5531 	 -5.3397 	 -3.3181 	 -11.3922 	 -3.7110 	 -2.2323 	 -7.5458 	 0.0009 	 0.0008 	 0.0021
1.5631 	 -5.3769 	 -3.3404 	 -11.4678 	 -3.7110 	 -2.2323 	 -7.5458 	 0.0009 	 0.0008 	 0.0021
1.5731 	 -5.4141 	 -3.3628 	 -11.5434 	 -3.7110 	 -2.2323 	 -7.5458 	 0.0009 	 0.0008 	 0.0021
1.5832 	 -5.4513 	 -3.3852 	 -11.6190 	 -3.7110 	 -2.2323 	 -7.5457 	 0.0008 	 0.0008 	 0.0020
1.5932 	 -5.4885 	 -3.4075 	 -11.6946 	 -3.7110 	 -2.2323 	 -7.5457 	 0.0008 	 0.0008 	 0.0020
1.6032 	 -5.5256 	 -3.4299 	 -11.7703 	 -3.7110 	 -2.2323 	 -7.5457 	 0.0008 	 0.0007 	 0.0020
1.6132 	 -5.5628 	 -3.4523 	 -11.8459 	 -3.7110 	 -2.2323 	 -7.5457 	 0.0008 	 0.0007 	 0.0019
1.6232 	 -5.6000 	 -3.4747 	 -11.9215 	 -3.7110 	 -2.2323 	 -7.5457 	 0.0008 	 0.0007 	 0.0019
1.6333 	 -5.6372 	 -3.4970 	 -11.9971 	 -3.7110 	 -2.2322 	 -7.5456 	 0.0008 	 0.0007 	 0.0019
1.6433 	 -5.6744 	 -3.5194 	 -12.0727 	 -3.7110 	 -2.2322 	 -7.5456 	 0.0008 	 0.0007 	 0.0018
1.6533 	 -5.7116 	 -3.5418 	 -12.1483 	 -3.7110 	 -2.2322 	 -7.5456 	 0.0007 	 0.0007 	 0.0018
1.6633 	 -5.7487 	 -3.5641 	 -12.2239 	 -3.7110 	 -2.2322 	 -7.5456 	 0.0007 	 0.0007 	 0.0018
1.6733 	 -5.7859 	 -3.5865 	 -12.2995 	 -3.7109 	 -2.2322 	 -7.5456 	 0.0007 	 0.0007 	 0.0018
1.6834 	 -5.8231 	 -3.6089 	 -12.3751 	 -3.7109 	 -2.2322 	 -7.5455 	 0.0007 	 0.0007 	 0.0017
1.6934 	 -5.8603 	 -3.6312 	 -12.4507 	 -3.7109 	 -2.2322 	 -7.5455 	 0.0007 	 0.0007 	 0.0017
1.7034 	 -5.8975 	 -3.6536 	 -12.5263 	 -3.7109 	 -2.2322 	 -7.5455 	 0.0007 	 0.0006 	 0.0017
1.7134 	 -5.9347 	 -3.6760 	 -12.6019 	 -3.7109 	 -2.2322 	 -7.5455 	 0.0007 	 0.0006 	 0.0017
1.7234 	 -5.9719 	 -3.6983 	 -12.6775 	 -3.7109 	 -2.2322 	 -7.5455 	 0.0007 	 0.0006 	 0.0016
1.7335 	 -6.0090 	 -3.7207 	 -12.7531 	 -3.7109 	 -2.2322 	 -7.5455 	 0.0007 	 0.0006 	 0.0016
1.7435 	 -6.0462 	 -3.7431 	 -12.8287 	 -3.7109 	 -2.2322 	 -7.5454 	 0.0007 	 0.0006 	 0.0016
1.7535 	 -6.0834 	 -3.7654 	 -12.9044 	 -3.7109 	 -2.2322 	 -7.5454 	 0.0006 	 0.0006 	 0.0016
1.7635 	 -6.1206 	 -3.7878 	 -12.9800 	 -3.7109 	 -2.2322 	 -7.5454 	 0.0006 	 0.0006 	 0.0015
1.7735 	 -6.1578 	 -3.8102 	 -13.0556 	 -3.7109 	 -2.2322 	 -7.5454 	 0.0006 	 0.0006 	 0.0015
1.7836 	 -6.1950 	 -3.8325 	 -13.1312 	 -3.7109 	 -2.2321 	 -7.5454 	 0.0006 	 0.0006 	 0.0015
1.7936 	 -6.2321 	 -3.8549 	 -13.2068 	 -3.7109 	 -2.2321 	 -7.5454 	 0.0006 	 0.0006 	 0.0015
1.8036 	 -6.2693 	 -3.8772 	 -13.2824 	 -3.7109 	 -2.2321 	 -7.5454 	 0.0006 	 0.0005 	 0.0015
1.8136 	 -6.3065 	 -3.8996 	 -13.3580 	 -3.7109 	 -2.2321 	 -7.5453 	 0.0006 	 0.0005 	 0.0014
1.8236 	 -6.3437 	 -3.9220 	 -13.4336 	 -3.7109 	 -2.2321 	 -7.5453 	 0.0006 	 0.0005 	 0.0014
1.8337 	 -6.3809 	 -3.9443 	 -13.5092 	 -3.7108 	 -2.2321 	 -7.5453 	 0.0006 	 0.0005 	 0.0014
1.8437 	 -6.4180 	 -3.9667 	 -13.5848 	 -3.7108 	 -2.2321 	 -7.5453 	 0.0006 	 0.0005 	 0.0014
1.8537 	 -6.4552 	 -3.9891 	 -13.6604 	 -3.7108 	 -2.2321 	 -7.5453 	 0.0006 	 0.0005 	 0.0014
1.8637 	 -6.4924 	 -4.0114 	 -13.7360 	 -3.7108 	 -2.2321 	 -7.5453 	 0.0006 	 0.0005 	 0.0013
1.8737 	 -6.5296 	 -4.0338 	 -13.8116 	 -3.7108 	 -2.2321 	 -7.5453 	 0.0006 	 0.0005 	 0.0013
1.8838 	 -6.5668 	 -4.0562 	 -13.8872 	 -3.7108 	 -2.2321 	 -7.5452 	 0.0006 	 0.0005 	 0.0013
1.8938 	 -6.6040 	 -4.0785 	 -13.9628 	 -3.7108 	 -2.2321 	 -7.5452 	 0.0006 	 0.0005 	 0.0013
1.9038 	 -6.6411 	 -4.1009 	 -14.0384 	 -3.7108 	 -2.2321 	 -7.5452 	 0.0006 	 0.0005 	 0.0013
1.9138 	 -6.6783 	 -4.1233 	 -14.1140 	 -3.7108 	 -2.2321 	 -7.5452 	 0.0006 	 0.0005 	 0.0013
1.9238 	 -6.7155 	 -4.1456 	 -14.1896 	 -3.7108 	 -2.2321 	 -7.5452 	 0.0006 	 0.0004 	 0.0013
1.9339 	 -6.7527 	 -4.1680 	 -14.2652 	 -3.7108 	 -2.2321 	 -7.5452 	 0.0006 	 0.0004 	 0.0012
1.9439 	 -6.7899 	 -4.1904 	 -14.3408 	 -3.7108 	 -2.2321 	 -7.5452 	 0.0006 	 0.0004 	 0.0012
1.9539 	 -6.8271 	 -4.2127 	 -14.4164 	 -3.7108 	 -2.2321 	 -7.5452 	 0.0005 	 0.0004 	 0.0012
1.9639 	 -6.8642 	 -4.2351 	 -14.4920 	 -3.7108 	 -2.2321 	 -7.5451 	 0.0005 	 0.0004 	 0.0012
1.9739 	 -6.9014 	 -4.2575 	 -14.5676 	 -3.7108 	 -2.2321 	 -7.5451 	 0.0005 	 0.0004 	 0.0012
1.9840 	 -6.9386 	 -4.2798 	 -14.6432 	 -3.7108 	 -2.2321 	 -7.5451 	 0.0005 	 0.0004 	 0.0011
1.9940 	 -6.9758 	 -4.3022 	 -14.7188 	 -3.7108 	 -2.2320 	 -7.5451 	 0.0005 	 0.0004 	 0.0011
2.0040 	 -7.0130 	 -4.3246 	 -14.7944 	 -3.7107 	 -2.2320 	 -7.5451 	 0.0005 	 0.0004 	 0.0011
2.0140 	 -7.0501 	 -4.3469 	 -14.8701 	 -3.7107 	 -2.2320 	 -7.5451 	 0.0005 	 0.0004 	 0.0011
2.0240 	 -7.0873 	 -4.3693 	 -14.9457 	 -3.7107 	 -2.2320 	 -7.5451 	 0.0005 	 0.0004 	 0.0011
2.0341 	 -7.1245 	 -4.3917 	 -15.0213 	 -3.7107 	 -2.2320 	 -7.5451 	 0.0005 	 0.0004 	 0.0011
2.0441 	 -7.1617 	 -4.4140 	 -15.0969 	 -3.7107 	 -2.2320 	 -7.5451 	 0.0005 	 0.0004 	 0.0011
2.0541 	 -7.1989 	 -4.4364 	 -15.1725 	 -3.7107 	 -2.2320 	 -7.5450 	 0.0005 	 0.0004 	 0.0011
2.0641 	 -7.2361 	 -4.4588 	 -15.2481 	 -3.7107 	 -2.2320 	 -7.5450 	 0.0005 	 0.0004 	 0.0011
2.0741 	 -7.2732 	 -4.4811 	 -15.3237 	 -3.7107 	 -2.2320 	 -7.5450 	 0.0005 	 0.0004 	 0.0010
2.0842 	 -7.3104 	 -4.5035 	 -15.3993 	 -3.7107 	 -2.2320 	 -7.5450 	 0.0005 	 0.0003 	 0.0010
2.0942 	 -7.3476 	 -4.5258 	 -15.4749 	 -3.7107 	 -2.2320 	 -7.5450 	 0.0005 	 0.0003 	 0.0010
2.1042 	 -7.3848 	 -4.5482 	 -15.5505 	 -3.7107 	 -2.2320 	 -7.5450 	 0.0005 	 0.0003 	 0.0010
2.1142 	 -7.4220 	 -4.5706 	 -15.6261 	 -3.7107 	 -2.2320 	 -7.5450 	 0.0005 	 0.0003 	 0.0010
2.1242 	 -7.4591 	 -4.5929 	 -15.7017 	 -3.7107 	 -2.2320 	 -7.5450 	 0.0005 	 0.0003 	 0.0010
2.1343 	 -7.4963 	 -4.6153 	 -15.7773 	 -3.7107 	 -2.2320 	 -7.5450 	 0.0005 	 0.0003 	 0.0010
2.1443 	 -7.5335 	 -4.6377 	 -15.8529 	 -3.7107 	 -2.2320 	 -7.5450 	 0.0005 	 0.0003 	 0.0010
2.1543 	 -7.5707 	 -4.6600 	 -15.9285 	 -3.7107 	 -2.2320 	 -7.5449 	 0.0005 	 0.0003 	 0.0010
2.1643 	 -7.6079 	 -4.6824 	 -16.0041 	 -3.7107 	 -2.2320 	 -7.5449 	 0.0004 	 0.0003 	 0.0010
2.1743 	 -7.6451 	 -4.7048 	 -16.0797 	 -3.7107 	 -2.2320 	 -7.5449 	 0.0004 	 0.0003 	 0.0009
2.1844 	 -7.6822 	 -4.7271 	 -16.1553 	 -3.7107 	 -2.2320 	 -7.5449 	 0.0004 	 0.0003 	 0.0009
2.1944 	 -7.7194 	 -4.7495 	 -16.2309 	 -3.7107 	 -2.2320 	 -7.5449 	 0.0004 	 0.0003 	 0.0009
2.2044 	 -7.7566 	 -4.7719 	 -16.3065 	 -3.7107 	 -2.2320 	 -7.5449 	 0.0004 	 0.0003 	 0.0009
2.2144 	 -7.7938 	 -4.7942 	 -16.3821 	 -3.7107 	 -2.2320 	 -7.5449 	 0.0004 	 0.0003 	 0.0009
2.2244 	 -7.8310 	 -4.8166 	 -16.4577 	 -3.7106 	 -2.2320 	 -7.5449 	 0.0004 	 0.0003 	 0.0009
2.2345 	 -7.8681 	 -4.8390 	 -16.5333 	 -3.7106 	 -2.2320 	 -7.5449 	 0.0004 	 0.0003 	 0.0009
2.2445 	 -7.9053 	 -4.8613 	 -16.6089 	 -3.7106 	 -2.2320 	 -7.5449 	 0.0004 	 0.0003 	 0.0009
2.2545 	 -7.9425 	 -4.8837 	 -16.6845 	 -3.7106 	 -2.2320 	 -7.5449 	 0.0004 	 0.0003 	 0.0009
2.2645 	 -7.9797 	 -4.9060 	 -16.7601 	 -3.7106 	 -2.2320 	 -7.5448 	 0.0004 	 0.0003 	 0.0009
2.2745 	 -8.0169 	 -4.9284 	 -16.8357 	 -3.7106 	 -2.2320 	 -7.5448 	 0.0004 	 0.0003 	 0.0009
2.2846 	 -8.0540 	 -4.9508 	 -16.9113 	 -3.7106 	 -2.2320 	 -7.5448 	 0.0004 	 0.0003 	 0.0009
2.2946 	 -8.0912 	 -4.9731 	 -16.9869 	 -3.7106 	 -2.2319 	 -7.5448 	 0.0004 	 0.0003 	 0.0008
2.3046 	 -8.1284 	 -4.9955 	 -17.0625 	 -3.7106 	 -2.2319 	 -7.5448 	 0.0004 	 0.0003 	 0.0008
2.3146 	 -8.1656 	 -5.0179 	 -17.1381 	 -3.7106 	 -2.2319 	 -7.5448 	 0.0004 	 0.0003 	 0.0008
2.3246 	 -8.2028 	 -5.0402 	 -17.2137 	 -3.7106 	 -2.2319 	 -7.5448 	 0.0004 	 0.0003 	 0.0008
2.3347 	 -8.2399 	 -5.0626 	 -17.2893 	 -3.7106 	 -2.2319 	 -7.5448 	 0.0004 	 0.0003 	 0.0008
2.3447 	 -8.2771 	 -5.0850 	 -17.3649 	 -3.7106 	 -2.2319 	 -7.5448 	 0.0004 	 0.0003 	 0.0008
2.3547 	 -8.3143 	 -5.1073 	 -17.4405 	 -3.7106 	 -2.2319 	 -7.5448 	 0.0004 	 0.0003 	 0.0008
2.3647 	 -8.3515 	 -5.1297 	 -17.5161 	 -3.7106 	 -2.2319 	 -7.5448 	 0.0004 	 0.0003 	 0.0008
2.3747 	 -8.3887 	 -5.1520 	 -17.5917 	 -3.7106 	 -2.2319 	 -7.5448 	 0.0004 	 0.0003 	 0.0008
2.3848 	 -8.4258 	 -5.1744 	 -17.6673 	 -3.7106 	 -2.2319 	 -7.5447 	 0.0004 	 0.0003 	 0.0008
2.3948 	 -8.4630 	 -5.1968 	 -17.7429 	 -3.7106 	 -2.2319 	 -7.5447 	 0.0004 	 0.0002 	 0.0008
2.4048 	 -8.5002 	 -5.2191 	 -17.8185 	 -3.7106 	 -2.2319 	 -7.5447 	 0.0004 	 0.0002 	 0.0008
2.4148 	 -8.5374 	 -5.2415 	 -17.8941 	 -3.7106 	 -2.2319 	 -7.5447 	 0.0004 	 0.0002 	 0.0008
2.4248 	 -8.5746 	 -5.2639 	 -17.9697 	 -3.7106 	 -2.2319 	 -7.5447 	 0.0004 	 0.0002 	 0.0008
2.4349 	 -8.6117 	 -5.2862 	 -18.0453 	 -3.7106 	 -2.2319 	 -7.5447 	 0.0004 	 0.0002 	 0.0008
2.4449 	 -8.6489 	 -5.3086 	 -18.1209 	 -3.7106 	 -2.2319 	 -7.5447 	 0.0004 	 0.0002 	 0.0007
2.4549 	 -8.6861 	 -5.3310 	 -18.1964 	 -3.7106 	 -2.2319 	 -7.5447 	 0.0004 	 0.0002 	 0.0007
2.4649 	 -8.7233 	 -5.3533 	 -18.2720 	 -3.7106 	 -2.2319 	 -7.5447 	 0.0004 	 0.0002 	 0.0007
2.4749 	 -8.7605 	 -5.3757 	 -18.3476 	 -3.7105 	 -2.2319 	 -7.5447 	 0.0004 	 0.0002 	 0.0007
2.4850 	 -8.7976 	 -5.3981 	 -18.4232 	 -3.7105 	 -2.2319 	 -7.5447 	 0.0004 	 0.0002 	 0.0007
2.4950 	 -8.8348 	 -5.4204 	 -18.4988 	 -3.7105 	 -2.2319 	 -7.5447 	 0.0003 	 0.0002 	 0.0007
2.5050 	 -8.8720 	 -5.4428 	 -18.5744 	 -3.7105 	 -2.2319 	 -7.5447 	 0.0003 	 0.0002 	 0.0007
2.5150 	 -8.9092 	 -5.4651 	 -18.6500 	 -3.7105 	 -2.2319 	 -7.5446 	 0.0003 	 0.0002 	 0.0007
2.5251 	 -8.9464 	 -5.4875 	 -18.7256 	 -3.7105 	 -2.2319 	 -7.5446 	 0.0003 	 0.0002 	 0.0007
2.5351 	 -8.9835 	 -5.5099 	 -18.8012 	 -3.7105 	 -2.2319 	 -7.5446 	 0.0003 	 0.0002 	 0.0007
2.5451 	 -9.0207 	 -5.5322 	 -18.8768 	 -3.7105 	 -2.2319 	 -7.5446 	 0.0003 	 0.0002 	 0.0007
2.5551 	 -9.0579 	 -5.5546 	 -18.9524 	 -3.7105 	 -2.2319 	 -7.5446 	 0.0003 	 0.0002 	 0.0007
2.5651 	 -9.0951 	 -5.5770 	 -19.0280 	 -3.7105 	 -2.2319 	 -7.5446 	 0.0003 	 0.0002 	 0.0007
2.5752 	 -9.1323 	 -5.5993 	 -19.1036 	 -3.7105 	 -2.2319 	 -7.5446 	 0.0003 	 0.0002 	 0.0007
2.5852 	 -9.1694 	 -5.6217 	 -19.1792 	 -3.7105 	 -2.2319 	 -7.5446 	 0.0003 	 0.0002 	 0.0007
2.5952 	 -9.2066 	 -5.6441 	 -19.2548 	 -3.7105 	 -2.2319 	 -7.5446 	 0.0003 	 0.0002 	 0.0007
2.6052 	 -9.2438 	 -5.6664 	 -19.3304 	 -3.7105 	 -2.2319 	 -7.5446 	 0.0003 	 0.0002 	 0.0007
2.6152 	 -9.2810 	 -5.6888 	 -19.4060 	 -3.7105 	 -2.2319 	 -7.5446 	 0.0003 	 0.0002 	 0.0007
2.6253 	 -9.3182 	 -5.7111 	 -19.4816 	 -3.7105 	 -2.2319 	 -7.5446 	 0.0003 	 0.0002 	 0.0006
2.6353 	 -9.3553 	 -5.7335 	 -19.5572 	 -3.7105 	 -2.2319 	 -7.5446 	 0.0003 	 0.0002 	 0.0006
2.6453 	 -9.3925 	 -5.7559 	 -19.6328 	 -3.7105 	 -2.2319 	 -7.5446 	 0.0003 	 0.0002 	 0.0006
2.6553 	 -9.4297 	 -5.7782 	 -19.7084 	 -3.7105 	 -2.2319 	 -7.5446 	 0.0003 	 0.0002 	 0.0006
2.6653 	 -9.4669 	 -5.8006 	 -19.7840 	 -3.7105 	 -2.2319 	 -7.5445 	 0.0003 	 0.0002 	 0.0006
2.6754 	 -9.5041 	 -5.8230 	 -19.8596 	 -3.7105 	 -2.2319 	 -7.5445 	 0.0003 	 0.0002 	 0.0006
2.6854 	 -9.5412 	 -5.8453 	 -19.9352 	 -3.7105 	 -2.2319 	 -7.5445 	 0.0003 	 0.0002 	 0.0006
2.6954 	 -9.5784 	 -5.8677 	 -20.0108 	 -3.7105 	 -2.2319 	 -7.5445 	 0.0003 	 0.0002 	 0.0006
2.7054 	 -9.6156 	 -5.8900 	 -20.0864 	 -3.7105 	 -2.2319 	 -7.5445 	 0.0003 	 0.0002 	 0.0006
2.7154 	 -9.6528 	 -5.9124 	 -20.1620 	 -3.7105 	 -2.2319 	 -7.5445 	 0.0003 	 0.0002 	 0.0006
2.7255 	 -9.6899 	 -5.9348 	 -20.2376 	 -3.7105 	 -2.2319 	 -7.5445 	 0.0003 	 0.0002 	 0.0006
2.7355 	 -9.7271 	 -5.9571 	 -20.3132 	 -3.7105 	 -2.2318 	 -7.5445 	 0.0003 	 0.0002 	 0.0006
2.7455 	 -9.7643 	 -5.9795 	 -20.3888 	 -3.7105 	 -2.2318 	 -7.5445 	 0.0003 	 0.0002 	 0.0006
2.7555 	 -9.8015 	 -6.0019 	 -20.4644 	 -3.7105 	 -2.2318 	 -7.5445 	 0.0003 	 0.0002 	 0.0006
2.7655 	 -9.8387 	 -6.0242 	 -20.5400 	 -3.7105 	 -2.2318 	 -7.5445 	 0.0003 	 0.0002 	 0.0006
2.7756 	 -9.8758 	 -6.0466 	 -20.6156 	 -3.7105 	 -2.2318 	 -7.5445 	 0.0003 	 0.0002 	 0.0006
2.7856 	 -9.9130 	 -6.0690 	 -20.6911 	 -3.7105 	 -2.2318 	 -7.5445 	 0.0003 	 0.0002 	 0.0006
2.7956 	 -9.9502 	 -6.0913 	 -20.7667 	 -3.7104 	 -2.2318 	 -7.5445 	 0.0003 	 0.0002 	 0.0006
2.8056 	 -9.9874 	 -6.1137 	 -20.8423 	 -3.7104 	 -2.2318 	 -7.5445 	 0.0003 	 0.0002 	 0.0006
2.8156 	 -10.0246 	 -6.1360 	 -20.9179 	 -3.7104 	 -2.2318 	 -7.5445 	 0.0003 	 0.0002 	 0.0006
2.8257 	 -10.0617 	 -6.1584 	 -20.9935 	 -3.7104 	 -2.2318 	 -7.5445 	 0.0003 	 0.0002 	 0.0006
2.8357 	 -10.0989 	 -6.1808 	 -21.0691 	 -3.7104 	 -2.2318 	 -7.5444 	 0.0003 	 0.0002 	 0.0006
2.8457 	 -10.1361 	 -6.2031 	 -21.1447 	 -3.7104 	 -2.2318 	 -7.5444 	 0.0003 	 0.0002 	 0.0005
2.8557 	 -10.1733 	 -6.2255 	 -21.2203 	 -3.7104 	 -2.2318 	 -7.5444 	 0.0003 	 0.0002 	 0.0005
2.8657 	 -10.2105 	 -6.2479 	 -21.2959 	 -3.7104 	 -2.2318 	 -7.5444 	 0.0003 	 0.0002 	 0.0005
2.8758 	 -10.2476 	 -6.2702 	 -21.3715 	 -3.7104 	 -2.2318 	 -7.5444 	 0.0003 	 0.0002 	 0.0005
2.8858 	 -10.2848 	 -6.2926 	 -21.4471 	 -3.7104 	 -2.2318 	 -7.5444 	 0.0003 	 0.0002 	 0.0005
2.8958 	 -10.3220 	 -6.3149 	 -21.5227 	 -3.7104 	 -2.2318 	 -7.5444 	 0.0003 	 0.0002 	 0.0005
2.9058 	 -10.3592 	 -6.3373 	 -21.5983 	 -3.7104 	 -2.2318 	 -7.5444 	 0.0003 	 0.0002 	 0.0005
2.9158 	 -10.3963 	 -6.3597 	 -21.6739 	 -3.7104 	 -2.2318 	 -7.5444 	 0.0003 	 0.0002 	 0.0005
2.9259 	 -10.4335 	 -6.3820 	 -21.7495 	 -3.7104 	 -2.2318 	 -7.5444 	 0.0003 	 0.0002 	 0.0005
2.9359 	 -10.4707 	 -6.4044 	 -21.8251 	 -3.7104 	 -2.2318 	 -7.5444 	 0.0003 	 0.0002 	 0.0005
2.9459 	 -10.5079 	 -6.4268 	 -21.9007 	 -3.7104 	 -2.2318 	 -7.5444 	 0.0003 	 0.0002 	 0.0005
2.9559 	 -10.5451 	 -6.4491 	 -21.9763 	 -3.7104 	 -2.2318 	 -7.5444 	 0.0003 	 0.0002 	 0.0005
2.9659 	 -10.5822 	 -6.4715 	 -22.0519 	 -3.7104 	 -2.2318 	 -7.5444 	 0.0002 	 0.0002 	 0.0005
2.9760 	 -10.6194 	 -6.4939 	 -22.1275 	 -3.7104 	 -2.2318 	 -7.5444 	 0.0002 	 0.0002 	 0.0005
2.9860 	 -10.6566 	 -6.5162 	 -22.2031 	 -3.7104 	 -2.2318 	 -7.5444 	 0.0002 	 0.0002 	 0.0005
2.9960 	 -10.6938 	 -6.5386 	 -22.2787 	 -3.7104 	 -2.2318 	 -7.5444 	 0.0002 	 0.0002 	 0.0005
3.0060 	 -10.7310 	 -6.5609 	 -22.3542 	 -3.7104 	 -2.2318 	 -7.5444 	 0.0002 	 0.0002 	 0.0005
3.0160 	 -10.7681 	 -6.5833 	 -22.4298 	 -3.7104 	 -2.2318 	 -7.5444 	 0.0002 	 0.0002 	 0.0005
3.0261 	 -10.8053 	 -6.6057 	 -22.5054 	 -3.7104 	 -2.2318 	 -7.5443 	 0.0002 	 0.0002 	 0.0005
3.0361 	 -10.8425 	 -6.6280 	 -22.5810 	 -3.7104 	 -2.2318 	 -7.5443 	 0.0002 	 0.0001 	 0.0005
3.0461 	 -10.8797 	 -6.6504 	 -22.6566 	 -3.7104 	 -2.2318 	 -7.5443 	 0.0002 	 0.0001 	 0.0005
3.0561 	 -10.9168 	 -6.6728 	 -22.7322 	 -3.7104 	 -2.2318 	 -7.5443 	 0.0002 	 0.0001 	 0.0005
3.0661 	 -10.9540 	 -6.6951 	 -22.8078 	 -3.7104 	 -2.2318 	 -7.5443 	 0.0002 	 0.0001 	 0.0005
3.0762 	 -10.9912 	 -6.7175 	 -22.8834 	 -3.7104 	 -2.2318 	 -7.5443 	 0.0002 	 0.0001 	 0.0005
3.0862 	 -11.0284 	 -6.7398 	 -22.9590 	 -3.7104 	 -2.2318 	 -7.5443 	 0.0002 	 0.0001 	 0.0005
3.0962 	 -11.0656 	 -6.7622 	 -23.0346 	 -3.7104 	 -2.2318 	 -7.5443 	 0.0002 	 0.0001 	 0.0005
3.1062 	 -11.1027 	 -6.7846 	 -23.1102 	 -3.7104 	 -2.2318 	 -7.5443 	 0.0002 	 0.0001 	 0.0005
3.1162 	 -11.1399 	 -6.8069 	 -23.1858 	 -3.7104 	 -2.2318 	 -7.5443 	 0.0002 	 0.0001 	 0.0005
3.1263 	 -11.1771 	 -6.8293 	 -23.2614 	 -3.7104 	 -2.2318 	 -7.5443 	 0.0002 	 0.0001 	 0.0005
3.1363 	 -11.2143 	 -6.8517 	 -23.3370 	 -3.7104 	 -2.2318 	 -7.5443 	 0.0002 	 0.0001 	 0.0005
3.1463 	 -11.2514 	 -6.8740 	 -23.4126 	 -3.7104 	 -2.2318 	 -7.5443 	 0.0002 	 0.0001 	 0.0004
3.1563 	 -11.2886 	 -6.8964 	 -23.4882 	 -3.7104 	 -2.2318 	 -7.5443 	 0.0002 	 0.0001 	 0.0004
3.1663 	 -11.3258 	 -6.9187 	 -23.5638 	 -3.7104 	 -2.2318 	 -7.5443 	 0.0002 	 0.0001 	 0.0004
3.1764 	 -11.3630 	 -6.9411 	 -23.6394 	 -3.7104 	 -2.2318 	 -7.5443 	 0.0002 	 0.0001 	 0.0004
3.1864 	 -11.4002 	 -6.9635 	 -23.7149 	 -3.7104 	 -2.2318 	 -7.5443 	 0.0002 	 0.0001 	 0.0004
3.1964 	 -11.4373 	 -6.9858 	 -23.7905 	 -3.7104 	 -2.2318 	 -7.5443 	 0.0002 	 0.0001 	 0.0004
3.2064 	 -11.4745 	 -7.0082 	 -23.8661 	 -3.7103 	 -2.2318 	 -7.5443 	 0.0002 	 0.0001 	 0.0004
3.2164 	 -11.5117 	 -7.0306 	 -23.9417 	 -3.7103 	 -2.2318 	 -7.5443 	 0.0002 	 0.0001 	 0.0004
3.2265 	 -11.5489 	 -7.0529 	 -24.0173 	 -3.7103 	 -2.2318 	 -7.5443 	 0.0002 	 0.0001 	 0.0004
3.2365 	 -11.5860 	 -7.0753 	 -24.0929 	 -3.7103 	 -2.2318 	 -7.5443 	 0.0002 	 0.0001 	 0.0004
3.2465 	 -11.6232 	 -7.0976 	 -24.1685 	 -3.7103 	 -2.2318 	 -7.5442 	 0.0002 	 0.0001 	 0.0004
3.2565 	 -11.6604 	 -7.1200 	 -24.2441 	 -3.7103 	 -2.2318 	 -7.5442 	 0.0002 	 0.0001 	 0.0004
3.2665 	 -11.6976 	 -7.1424 	 -24.3197 	 -3.7103 	 -2.2318 	 -7.5442 	 0.0002 	 0.0001 	 0.0004
3.2766 	 -11.7348 	 -7.1647 	 -24.3953 	 -3.7103 	 -2.2318 	 -7.5442 	 0.0002 	 0.0001 	 0.0004
3.2866 	 -11.7719 	 -7.1871 	 -24.4709 	 -3.7103 	 -2.2318 	 -7.5442 	 0.0002 	 0.0001 	 0.0004
3.2966 	 -11.8091 	 -7.2095 	 -24.5465 	 -3.7103 	 -2.2318 	 -7.5442 	 0.0002 	 0.0001 	 0.0004
3.3066 	 -11.8463 	 -7.2318 	 -24.6221 	 -3.7103 	 -2.2318 	 -7.5442 	 0.0002 	 0.0001 	 0.0004
3.3166 	 -11.8835 	 -7.2542 	 -24.6977 	 -3.7103 	 -2.2318 	 -7.5442 	 0.0002 	 0.0001 	 0.0004
3.3267 	 -11.9206 	 -7.2765 	 -24.7733 	 -3.7103 	 -2.2318 	 -7.5442 	 0.0002 	 0.0001 	 0.0004
3.3367 	 -11.9578 	 -7.2989 	 -24.8488 	 -3.7103 	 -2.2318 	 -7.5442 	 0.0002 	 0.0001 	 0.0004
3.3467 	 -11.9950 	 -7.3213 	 -24.9244 	 -3.7103 	 -2.2318 	 -7.5442 	 0.0002 	 0.0001 	 0.0004
3.3567 	 -12.0322 	 -7.3436 	 -25.0000 	 -3.7103 	 -2.2318 	 -7.5442 	 0.0002 	 0.0001 	 0.0004
3.3667 	 -12.0694 	 -7.3660 	 -25.0756 	 -3.7103 	 -2.2318 	 -7.5442 	 0.0002 	 0.0001 	 0.0004
3.3768 	 -12.1065 	 -7.3884 	 -25.1512 	 -3.7103 	 -2.2318 	 -7.5442 	 0.0002 	 0.0001 	 0.0004
3.3868 	 -12.1437 	 -7.4107 	 -25.2268 	 -3.7103 	 -2.2318 	 -7.5442 	 0.0002 	 0.0001 	 0.0004
3.3968 	 -12.1809 	 -7.4331 	 -25.3024 	 -3.7103 	 -2.2318 	 -7.5442 	 0.0002 	 0.0001 	 0.0004
3.4068 	 -12.2181 	 -7.4554 	 -25.3780 	 -3.7103 	 -2.2317 	 -7.5442 	 0.0002 	 0.0001 	 0.0004
3.4168 	 -12.2552 	 -7.4778 	 -25.4536 	 -3.7103 	 -2.2317 	 -7.5442 	 0.0002 	 0.0001 	 0.0004
3.4269 	 -12.2924 	 -7.5002 	 -25.5292 	 -3.7103 	 -2.2317 	 -7.5442 	 0.0002 	 0.0001 	 0.0004
3.4369 	 -12.3296 	 -7.5225 	 -25.6048 	 -3.7103 	 -2.2317 	 -7.5442 	 0.0002 	 0.0001 	 0.0004
3.4469 	 -12.3668 	 -7.5449 	 -25.6804 	 -3.7103 	 -2.2317 	 -7.5442 	 0.0002 	 0.0001 	 0.0004
3.4569 	 -12.4040 	 -7.5672 	 -25.7560 	 -3.7103 	 -2.2317 	 -7.5442 	 0.0002 	 0.0001 	 0.0004
3.4669 	 -12.4411 	 -7.5896 	 -25.8316 	 -3.7103 	 -2.2317 	 -7.5442 	 0.0002 	 0.0001 	 0.0004
3.4770 	 -12.4783 	 -7.6120 	 -25.9072 	 -3.7103 	 -2.2317 	 -7.5442 	 0.0002 	 0.0001 	 0.0004
3.4870 	 -12.5155 	 -7.6343 	 -25.9827 	 -3.7103 	 -2.2317 	 -7.5442 	 0.0002 	 0.0001 	 0.0004
3.4970 	 -12.5527 	 -7.6567 	 -26.0583 	 -3.7103 	 -2.2317 	 -7.5442 	 0.0002 	 0.0001 	 0.0004
3.5070 	 -12.5898 	 -7.6791 	 -26.1339 	 -3.7103 	 -2.2317 	 -7.5441 	 0.0002 	 0.0001 	 0.0004
3.5170 	 -12.6270 	 -7.7014 	 -26.2095 	 -3.7103 	 -2.2317 	 -7.5441 	 0.0002 	 0.0001 	 0.0003
3.5271 	 -12.6642 	 -7.7238 	 -26.2851 	 -3.7103 	 -2.2317 	 -7.5441 	 0.0002 	 0.0001 	 0.0003
3.5371 	 -12.7014 	 -7.7461 	 -26.3607 	 -3.7103 	 -2.2317 	 -7.5441 	 0.0002 	 0.0001 	 0.0003
3.5471 	 -12.7385 	 -7.7685 	 -26.4363 	 -3.7103 	 -2.2317 	 -7.5441 	 0.0002 	 0.0001 	 0.0003
3.5571 	 -12.7757 	 -7.7909 	 -26.5119 	 -3.7103 	 -2.2317 	 -7.5441 	 0.0002 	 0.0001 	 0.0003
3.5671 	 -12.8129 	 -7.8132 	 -26.5875 	 -3.7103 	 -2.2317 	 -7.5441 	 0.0002 	 0.0001 	 0.0003
3.5772 	 -12.8501 	 -7.8356 	 -26.6631 	 -3.7103 	 -2.2317 	 -7.5441 	 0.0002 	 0.0001 	 0.0003
3.5872 	 -12.8873 	 -7.8580 	 -26.7387 	 -3.7103 	 -2.2317 	 -7.5441 	 0.0002 	 0.0001 	 0.0003
3.5972 	 -12.9244 	 -7.8803 	 -26.8143 	 -3.7103 	 -2.2317 	 -7.5441 	 0.0002 	 0.0001 	 0.0003
3.6072 	 -12.9616 	 -7.9027 	 -26.8899 	 -3.7103 	 -2.2317 	 -7.5441 	 0.0002 	 0.0001 	 0.0003
3.6172 	 -12.9988 	 -7.9250 	 -26.9654 	 -3.7103 	 -2.2317 	 -7.5441 	 0.0002 	 0.0001 	 0.0003
3.6273 	 -13.0360 	 -7.9474 	 -27.0410 	 -3.7103 	 -2.2317 	 -7.5441 	 0.0002 	 0.0001 	 0.0003
3.6373 	 -13.0731 	 -7.9698 	 -27.1166 	 -3.7103 	 -2.2317 	 -7.5441 	 0.0002 	 0.0001 	 0.0003
3.6473 	 -13.1103 	 -7.9921 	 -27.1922 	 -3.7103 	 -2.2317 	 -7.5441 	 0.0002 	 0.0001 	 0.0003
3.6573 	 -13.1475 	 -8.0145 	 -27.2678 	 -3.7103 	 -2.2317 	 -7.5441 	 0.0002 	 0.0001 	 0.0003
3.6673 	 -13.1847 	 -8.0369 	 -27.3434 	 -3.7103 	 -2.2317 	 -7.5441 	 0.0002 	 0.0001 	 0.0003
3.6774 	 -13.2218 	 -8.0592 	 -27.4190 	 -3.7103 	 -2.2317 	 -7.5441 	 0.0002 	 0.0001 	 0.0003
3.6874 	 -13.2590 	 -8.0816 	 -27.4946 	 -3.7103 	 -2.2317 	 -7.5441 	 0.0002 	 0.0001 	 0.0003
3.6974 	 -13.2962 	 -8.1039 	 -27.5702 	 -3.7103 	 -2.2317 	 -7.5441 	 0.0002 	 0.0001 	 0.0003
3.7074 	 -13.3334 	 -8.1263 	 -27.6458 	 -3.7103 	 -2.2317 	 -7.5441 	 0.0002 	 0.0001 	 0.0003
3.7174 	 -13.3706 	 -8.1487 	 -27.7214 	 -3.7103 	 -2.2317 	 -7.5441 	 0.0002 	 0.0001 	 0.0003
3.7275 	 -13.4077 	 -8.1710 	 -27.7970 	 -3.7103 	 -2.2317 	 -7.5441 	 0.0002 	 0.0001 	 0.0003
3.7375 	 -13.4449 	 -8.1934 	 -27.8726 	 -3.7103 	 -2.2317 	 -7.5441 	 0.0002 	 0.0001 	 0.0003
3.7475 	 -13.4821 	 -8.2157 	 -27.9481 	 -3.7103 	 -2.2317 	 -7.5441 	 0.0002 	 0.0001 	 0.0003
3.7575 	 -13.5193 	 -8.2381 	 -28.0237 	 -3.7102 	 -2.2317 	 -7.5441 	 0.0002 	 0.0001 	 0.0003
3.7675 	 -13.5564 	 -8.2605 	 -28.0993 	 -3.7102 	 -2.2317 	 -7.5441 	 0.0002 	 0.0001 	 0.0003
3.7776 	 -13.5936 	 -8.2828 	 -28.1749 	 -3.7102 	 -2.2317 	 -7.5441 	 0.0002 	 0.0001 	 0.0003
3.7876 	 -13.6308 	 -8.3052 	 -28.2505 	 -3.7102 	 -2.2317 	 -7.5441 	 0.0001 	 0.0001 	 0.0003
3.7976 	 -13.6680 	 -8.3276 	 -28.3261 	 -3.7102 	 -2.2317 	 -7.5441 	 0.0001 	 0.0001 	 0.0003
3.8076 	 -13.7051 	 -8.3499 	 -28.4017 	 -3.7102 	 -2.2317 	 -7.5441 	 0.0001 	 0.0001 	 0.0003
3.8176 	 -13.7423 	 -8.3723 	 -28.4773 	 -3.7102 	 -2.2317 	 -7.5440 	 0.0001 	 0.0001 	 0.0003
3.8277 	 -13.7795 	 -8.3946 	 -28.5529 	 -3.7102 	 -2.2317 	 -7.5440 	 0.0001 	 0.0001 	 0.0003
3.8377 	 -13.8167 	 -8.4170 	 -28.6285 	 -3.7102 	 -2.2317 	 -7.5440 	 0.0001 	 0.0001 	 0.0003
3.8477 	 -13.8539 	 -8.4394 	 -28.7041 	 -3.7102 	 -2.2317 	 -7.5440 	 0.0001 	 0.0001 	 0.0003
3.8577 	 -13.8910 	 -8.4617 	 -28.7797 	 -3.7102 	 -2.2317 	 -7.5440 	 0.0001 	 0.0001 	 0.0003
3.8677 	 -13.9282 	 -8.4841 	 -28.8552 	 -3.7102 	 -2.2317 	 -7.5440 	 0.0001 	 0.0001 	 0.0003
3.8778 	 -13.9654 	 -8.5065 	 -28.9308 	 -3.7102 	 -2.2317 	 -7.5440 	 0.0001 	 0.0001 	 0.0003
3.8878 	 -14.0026 	 -8.5288 	 -29.0064 	 -3.7102 	 -2.2317 	 -7.5440 	 0.0001 	 0.0001 	 0.0003
3.8978 	 -14.0397 	 -8.5512 	 -29.0820 	 -3.7102 	 -2.2317 	 -7.5440 	 0.0001 	 0.0001 	 0.0003
3.9078 	 -14.0769 	 -8.5735 	 -29.1576 	 -3.7102 	 -2.2317 	 -7.5440 	 0.0001 	 0.0001 	 0.0003
3.9178 	 -14.1141 	 -8.5959 	 -29.2332 	 -3.7102 	 -2.2317 	 -7.5440 	 0.0001 	 0.0001 	 0.0003
3.9279 	 -14.1513 	 -8.6183 	 -29.3088 	 -3.7102 	 -2.2317 	 -7.5440 	 0.0001 	 0.0001 	 0.0003
3.9379 	 -14.1884 	 -8.6406 	 -29.3844 	 -3.7102 	 -2.2317 	 -7.5440 	 0.0001 	 0.0001 	 0.0003
3.9479 	 -14.2256 	 -8.6630 	 -29.4600 	 -3.7102 	 -2.2317 	 -7.5440 	 0.0001 	 0.0001 	 0.0003
3.9579 	 -14.2628 	 -8.6853 	 -29.5356 	 -3.7102 	 -2.2317 	 -7.5440 	 0.0001 	 0.0001 	 0.0003
3.9679 	 -14.3000 	 -8.7077 	 -29.6112 	 -3.7102 	 -2.2317 	 -7.5440 	 0.0001 	 0.0001 	 0.0003
3.9780 	 -14.3372 	 -8.7301 	 -29.6867 	 -3.7102 	 -2.2317 	 -7.5440 	 0.0001 	 0.0001 	 0.0003
3.9880 	 -14.3743 	 -8.7524 	 -29.7623 	 -3.7102 	 -2.2317 	 -7.5440 	 0.0001 	 0.0001 	 0.0003
3.9980 	 -14.4115 	 -8.7748 	 -29.8379 	 -3.7102 	 -2.2317 	 -7.5440 	 0.0001 	 0.0001 	 0.0003
4.0080 	 -14.4487 	 -8.7972 	 -29.9135 	 -3.7102 	 -2.2317 	 -7.5440 	 0.0001 	 0.0001 	 0.0003
4.0180 	 -14.4859 	 -8.8195 	 -29.9891 	 -3.7102 	 -2.2317 	 -7.5440 	 0.0001 	 0.0001 	 0.0003
4.0281 	 -14.5230 	 -8.8419 	 -30.0647 	 -3.7102 	 -2.2317 	 -7.5440 	 0.0001 	 0.0001 	 0.0003
4.0381 	 -14.5602 	 -8.8642 	 -30.1403 	 -3.7102 	 -2.2317 	 -7.5440 	 0.0001 	 0.0001 	 0.0003
4.0481 	 -14.5974 	 -8.8866 	 -30.2159 	 -3.7102 	 -2.2317 	 -7.5440 	 0.0001 	 0.0001 	 0.0003
4.0581 	 -14.6346 	 -8.9090 	 -30.2915 	 -3.7102 	 -2.2317 	 -7.5440 	 0.0001 	 0.0001 	 0.0003
4.0681 	 -14.6717 	 -8.9313 	 -30.3671 	 -3.7102 	 -2.2317 	 -7.5440 	 0.0001 	 0.0001 	 0.0003
4.0782 	 -14.7089 	 -8.9537 	 -30.4427 	 -3.7102 	 -2.2317 	 -7.5440 	 0.0001 	 0.0001 	 0.0003
4.0882 	 -14.7461 	 -8.9760 	 -30.5183 	 -3.7102 	 -2.2317 	 -7.5440 	 0.0001 	 0.0001 	 0.0003
4.0982 	 -14.7833 	 -8.9984 	 -30.5938 	 -3.7102 	 -2.2317 	 -7.5440 	 0.0001 	 0.0001 	 0.0003
4.1082 	 -14.8204 	 -9.0208 	 -30.6694 	 -3.7102 	 -2.2317 	 -7.5440 	 0.0001 	 0.0001 	 0.0003
4.1182 	 -14.8576 	 -9.0431 	 -30.7450 	 -3.7102 	 -2.2317 	 -7.5440 	 0.0001 	 0.0001 	 0.0003
4.1283 	 -14.8948 	 -9.0655 	 -30.8206 	 -3.7102 	 -2.2317 	 -7.5440 	 0.0001 	 0.0001 	 0.0003
4.1383 	 -14.9320 	 -9.0879 	 -30.8962 	 -3.7102 	 -2.2317 	 -7.5440 	 0.0001 	 0.0001 	 0.0003
4.1483 	 -14.9692 	 -9.1102 	 -30.9718 	 -3.7102 	 -2.2317 	 -7.5440 	 0.0001 	 0.0001 	 0.0003
4.1583 	 -15.0063 	 -9.1326 	 -31.0474 	 -3.7102 	 -2.2317 	 -7.5440 	 0.0001 	 0.0001 	 0.0002
4.1683 	 -15.0435 	 -9.1549 	 -31.1230 	 -3.7102 	 -2.2317 	 -7.5440 	 0.0001 	 0.0001 	 0.0002
4.1784 	 -15.0807 	 -9.1773 	 -31.1986 	 -3.7102 	 -2.2317 	 -7.5440 	 0.0001 	 0.0001 	 0.0002
4.1884 	 -15.1179 	 -9.1997 	 -31.2742 	 -3.7102 	 -2.2317 	 -7.5439 	 0.0001 	 0.0001 	 0.0002
4.1984 	 -15.1550 	 -9.2220 	 -31.3497 	 -3.7102 	 -2.2317 	 -7.5439 	 0.0001 	 0.0001 	 0.0002
4.2084 	 -15.1922 	 -9.2444 	 -31.4253 	 -3.7102 	 -2.2317 	 -7.5439 	 0.0001 	 0.0001 	 0.0002
4.2184 	 -15.2294 	 -9.2667 	 -31.5009 	 -3.7102 	 -2.2317 	 -7.5439 	 0.0001 	 0.0001 	 0.0002
4.2285 	 -15.2666 	 -9.2891 	 -31.5765 	 -3.7102 	 -2.2317 	 -7.5439 	 0.0001 	 0.0001 	 0.0002
4.2385 	 -15.3037 	 -9.3115 	 -31.6521 	 -3.7102 	 -2.2317 	 -7.5439 	 0.0001 	 0.0001 	 0.0002
4.2485 	 -15.3409 	 -9.3338 	 -31.7277 	 -3.7102 	 -2.2317 	 -7.5439 	 0.0001 	 0.0001 	 0.0002
4.2585 	 -15.3781 	 -9.3562 	 -31.8033 	 -3.7102 	 -2.2317 	 -7.5439 	 0.0001 	 0.0001 	 0.0002
4.2685 	 -15.4153 	 -9.3786 	 -31.8789 	 -3.7102 	 -2.2317 	 -7.5439 	 0.0001 	 0.0001 	 0.0002
4.2786 	 -15.4524 	 -9.4009 	 -31.9545 	 -3.7102 	 -2.2317 	 -7.5439 	 0.0001 	 0.0001 	 0.0002
4.2886 	 -15.4896 	 -9.4233 	 -32.0301 	 -3.7102 	 -2.2317 	 -7.5439 	 0.0001 	 0.0001 	 0.0002
4.2986 	 -15.5268 	 -9.4456 	 -32.1057 	 -3.7102 	 -2.2317 	 -7.5439 	 0.0001 	 0.0001 	 0.0002
4.3086 	 -15.5640 	 -9.4680 	 -32.1812 	 -3.7102 	 -2.2317 	 -7.5439 	 0.0001 	 0.0001 	 0.0002
4.3186 	 -15.6011 	 -9.4904 	 -32.2568 	 -3.7102 	 -2.2317 	 -7.5439 	 0.0001 	 0.0001 	 0.0002
4.3287 	 -15.6383 	 -9.5127 	 -32.3324 	 -3.7102 	 -2.2317 	 -7.5439 	 0.0001 	 0.0001 	 0.0002
4.3387 	 -15.6755 	 -9.5351 	 -32.4080 	 -3.7102 	 -2.2317 	 -7.5439 	 0.0001 	 0.0001 	 0.0002
4.3487 	 -15.7127 	 -9.5574 	 -32.4836 	 -3.7102 	 -2.2317 	 -7.5439 	 0.0001 	 0.0001 	 0.0002
4.3587 	 -15.7499 	 -9.5798 	 -32.5592 	 -3.7102 	 -2.2317 	 -7.5439 	 0.0001 	 0.0001 	 0.0002
4.3687 	 -15.7870 	 -9.6022 	 -32.6348 	 -3.7102 	 -2.2317 	 -7.5439 	 0.0001 	 0.0001 	 0.0002
4.3788 	 -15.8242 	 -9.6245 	 -32.7104 	 -3.7102 	 -2.2317 	 -7.5439 	 0.0001 	 0.0001 	 0.0002
4.3888 	 -15.8614 	 -9.6469 	 -32.7860 	 -3.7102 	 -2.2317 	 -7.5439 	 0.0001 	 0.0001 	 0.0002
4.3988 	 -15.8986 	 -9.6692 	 -32.8616 	 -3.7102 	 -2.2317 	 -7.5439 	 0.0001 	 0.0001 	 0.0002
4.4088 	 -15.9357 	 -9.6916 	 -32.9371 	 -3.7102 	 -2.2317 	 -7.5439 	 0.0001 	 0.0001 	 0.0002
4.4188 	 -15.9729 	 -9.7140 	 -33.0127 	 -3.7102 	 -2.2317 	 -7.5439 	 0.0001 	 0.0001 	 0.0002
4.4289 	 -16.0101 	 -9.7363 	 -33.0883 	 -3.7102 	 -2.2317 	 -7.5439 	 0.0001 	 0.0001 	 0.0002
4.4389 	 -16.0473 	 -9.7587 	 -33.1639 	 -3.7102 	 -2.2317 	 -7.5439 	 0.0001 	 0.0001 	 0.0002
4.4489 	 -16.0844 	 -9.7811 	 -33.2395 	 -3.7102 	 -2.2317 	 -7.5439 	 0.0001 	 0.0001 	 0.0002
4.4589 	 -16.1216 	 -9.8034 	 -33.3151 	 -3.7102 	 -2.2317 	 -7.5439 	 0.0001 	 0.0001 	 0.0002
4.4689 	 -16.1588 	 -9.8258 	 -33.3907 	 -3.7102 	 -2.2317 	 -7.5439 	 0.0001 	 0.0001 	 0.0002
4.4790 	 -16.1960 	 -9.8481 	 -33.4663 	 -3.7102 	 -2.2317 	 -7.5439 	 0.0001 	 0.0001 	 0.0002
4.4890 	 -16.2331 	 -9.8705 	 -33.5419 	 -3.7102 	 -2.2317 	 -7.5439 	 0.0001 	 0.0001 	 0.0002
4.4990 	 -16.2703 	 -9.8929 	 -33.6175 	 -3.7102 	 -2.2317 	 -7.5439 	 0.0001 	 0.0001 	 0.0002
4.5090 	 -16.3075 	 -9.9152 	 -33.6930 	 -3.7102 	 -2.2317 	 -7.5439 	 0.0001 	 0.0001 	 0.0002
4.5190 	 -16.3447 	 -9.9376 	 -33.7686 	 -3.7102 	 -2.2317 	 -7.5439 	 0.0001 	 0.0001 	 0.0002
4.5291 	 -16.3818 	 -9.9599 	 -33.8442 	 -3.7102 	 -2.2317 	 -7.5439 	 0.0001 	 0.0001 	 0.0002
4.5391 	 -16.4190 	 -9.9823 	 -33.9198 	 -3.7102 	 -2.2317 	 -7.5439 	 0.0001 	 0.0001 	 0.0002
4.5491 	 -16.4562 	 -10.0047 	 -33.9954 	 -3.7101 	 -2.2317 	 -7.5439 	 0.0001 	 0.0001 	 0.0002
4.5591 	 -16.4934 	 -10.0270 	 -34.0710 	 -3.7101 	 -2.2317 	 -7.5439 	 0.0001 	 0.0001 	 0.0002
4.5691 	 -16.5305 	 -10.0494 	 -34.1466 	 -3.7101 	 -2.2317 	 -7.5439 	 0.0001 	 0.0001 	 0.0002
4.5792 	 -16.5677 	 -10.0718 	 -34.2222 	 -3.7101 	 -2.2317 	 -7.5439 	 0.0001 	 0.0001 	 0.0002
4.5892 	 -16.6049 	 -10.0941 	 -34.2978 	 -3.7101 	 -2.2316 	 -7.5439 	 0.0001 	 0.0001 	 0.0002
4.5992 	 -16.6421 	 -10.1165 	 -34.3734 	 -3.7101 	 -2.2316 	 -7.5439 	 0.0001 	 0.0001 	 0.0002
4.6092 	 -16.6792 	 -10.1388 	 -34.4489 	 -3.7101 	 -2.2316 	 -7.5439 	 0.0001 	 0.0001 	 0.0002
4.6192 	 -16.7164 	 -10.1612 	 -34.5245 	 -3.7101 	 -2.2316 	 -7.5439 	 0.0001 	 0.0001 	 0.0002
4.6293 	 -16.7536 	 -10.1836 	 -34.6001 	 -3.7101 	 -2.2316 	 -7.5439 	 0.0001 	 0.0001 	 0.0002
4.6393 	 -16.7908 	 -10.2059 	 -34.6757 	 -3.7101 	 -2.2316 	 -7.5438 	 0.0001 	 0.0001 	 0.0002
4.6493 	 -16.8280 	 -10.2283 	 -34.7513 	 -3.7101 	 -2.2316 	 -7.5438 	 0.0001 	 0.0001 	 0.0002
4.6593 	 -16.8651 	 -10.2506 	 -34.8269 	 -3.7101 	 -2.2316 	 -7.5438 	 0.0001 	 0.0001 	 0.0002
4.6693 	 -16.9023 	 -10.2730 	 -34.9025 	 -3.7101 	 -2.2316 	 -7.5438 	 0.0001 	 0.0001 	 0.0002
4.6794 	 -16.9395 	 -10.2954 	 -34.9781 	 -3.7101 	 -2.2316 	 -7.5438 	 0.0001 	 0.0001 	 0.0002
4.6894 	 -16.9767 	 -10.3177 	 -35.0537 	 -3.7101 	 -2.2316 	 -7.5438 	 0.0001 	 0.0001 	 0.0002
4.6994 	 -17.0138 	 -10.3401 	 -35.1293 	 -3.7101 	 -2.2316 	 -7.5438 	 0.0001 	 0.0001 	 0.0002
4.7094 	 -17.0510 	 -10.3624 	 -35.2048 	 -3.7101 	 -2.2316 	 -7.5438 	 0.0001 	 0.0001 	 0.0002
4.7194 	 -17.0882 	 -10.3848 	 -35.2804 	 -3.7101 	 -2.2316 	 -7.5438 	 0.0001 	 0.0001 	 0.0002
4.7295 	 -17.1254 	 -10.4072 	 -35.3560 	 -3.7101 	 -2.2316 	 -7.5438 	 0.0001 	 0.0001 	 0.0002
4.7395 	 -17.1625 	 -10.4295 	 -35.4316 	 -3.7101 	 -2.2316 	 -7.5438 	 0.0001 	 0.0001 	 0.0002
4.7495 	 -17.1997 	 -10.4519 	 -35.5072 	 -3.7101 	 -2.2316 	 -7.5438 	 0.0001 	 0.0001 	 0.0002
4.7595 	 -17.2369 	 -10.4743 	 -35.5828 	 -3.7101 	 -2.2316 	 -7.5438 	 0.0001 	 0.0001 	 0.0002
4.7695 	 -17.2741 	 -10.4966 	 -35.6584 	 -3.7101 	 -2.2316 	 -7.5438 	 0.0001 	 0.0001 	 0.0002
4.7796 	 -17.3112 	 -10.5190 	 -35.7340 	 -3.7101 	 -2.2316 	 -7.5438 	 0.0001 	 0.0001 	 0.0002
4.7896 	 -17.3484 	 -10.5413 	 -35.8096 	 -3.7101 	 -2.2316 	 -7.5438 	 0.0001 	 0.0001 	 0.0002
4.7996 	 -17.3856 	 -10.5637 	 -35.8851 	 -3.7101 	 -2.2316 	 -7.5438 	 0.0001 	 0.0001 	 0.0002
4.8096 	 -17.4228 	 -10.5861 	 -35.9607 	 -3.7101 	 -2.2316 	 -7.5438 	 0.0001 	 0.0001 	 0.0002
4.8196 	 -17.4599 	 -10.6084 	 -36.0363 	 -3.7101 	 -2.2316 	 -7.5438 	 0.0001 	 0.0001 	 0.0002
4.8297 	 -17.4971 	 -10.6308 	 -36.1119 	 -3.7101 	 -2.2316 	 -7.5438 	 0.0001 	 0.0001 	 0.0002
4.8397 	 -17.5343 	 -10.6531 	 -36.1875 	 -3.7101 	 -2.2316 	 -7.5438 	 0.0001 	 0.0001 	 0.0002
4.8497 	 -17.5715 	 -10.6755 	 -36.2631 	 -3.7101 	 -2.2316 	 -7.5438 	 0.0001 	 0.0001 	 0.0002
4.8597 	 -17.6086 	 -10.6979 	 -36.3387 	 -3.7101 	 -2.2316 	 -7.5438 	 0.0001 	 0.0001 	 0.0002
4.8697 	 -17.6458 	 -10.7202 	 -36.4143 	 -3.7101 	 -2.2316 	 -7.5438 	 0.0001 	 0.0001 	 0.0002
4.8798 	 -17.6830 	 -10.7426 	 -36.4899 	 -3.7101 	 -2.2316 	 -7.5438 	 0.0001 	 0.0001 	 0.0002
4.8898 	 -17.7202 	 -10.7649 	 -36.5655 	 -3.7101 	 -2.2316 	 -7.5438 	 0.0001 	 0.0001 	 0.0002
4.8998 	 -17.7573 	 -10.7873 	 -36.6410 	 -3.7101 	 -2.2316 	 -7.5438 	 0.0001 	 0.0001 	 0.0002
4.9098 	 -17.7945 	 -10.8097 	 -36.7166 	 -3.7101 	 -2.2316 	 -7.5438 	 0.0001 	 0.0001 	 0.0002
4.9198 	 -17.8317 	 -10.8320 	 -36.7922 	 -3.7101 	 -2.2316 	 -7.5438 	 0.0001 	 0.0001 	 0.0002
4.9299 	 -17.8689 	 -10.8544 	 -36.8678 	 -3.7101 	 -2.2316 	 -7.5438 	 0.0001 	 0.0001 	 0.0002
4.9399 	 -17.9060 	 -10.8768 	 -36.9434 	 -3.7101 	 -2.2316 	 -7.5438 	 0.0001 	 0.0001 	 0.0002
4.9499 	 -17.9432 	 -10.8991 	 -37.0190 	 -3.7101 	 -2.2316 	 -7.5438 	 0.0001 	 0.0001 	 0.0002
4.9599 	 -17.9804 	 -10.9215 	 -37.0946 	 -3.7101 	 -2.2316 	 -7.5438 	 0.0001 	 0.0001 	 0.0002
4.9699 	 -18.0176 	 -10.9438 	 -37.1702 	 -3.7101 	 -2.2316 	 -7.5438 	 0.0001 	 0.0001 	 0.0002
4.9800 	 -18.0547 	 -10.9662 	 -37.2458 	 -3.7101 	 -2.2316 	 -7.5438 	 0.0001 	 0.0001 	 0.0002
4.9900 	 -18.0919 	 -10.9886 	 -37.3213 	 -3.7101 	 -2.2316 	 -7.5438 	 0.0001 	 0.0001 	 0.0002
