100-Body Run with i = 98 th particle. (Units in pc,M_solar,Myr, km s-1) 

time		 x 		 y 		 z 		 xdot 		 ydot 		 zdot 		 xddot 		 yddot 		 zddot
0.0000 	 0.1192 	 0.0293 	 0.2775 	 0.0363 	 0.0171 	 0.0013 	 -0.9374 	 -0.2703 	 -0.4584
0.0100 	 0.1195 	 0.0294 	 0.2775 	 0.0269 	 0.0144 	 -0.0033 	 -0.9347 	 -0.2704 	 -0.4575
0.0200 	 0.1197 	 0.0296 	 0.2774 	 0.0175 	 0.0117 	 -0.0079 	 -0.9371 	 -0.2729 	 -0.4611
0.0301 	 0.1198 	 0.0297 	 0.2773 	 0.0081 	 0.0089 	 -0.0126 	 -0.9487 	 -0.2774 	 -0.4690
0.0401 	 0.1199 	 0.0297 	 0.2772 	 -0.0014 	 0.0061 	 -0.0172 	 -0.9440 	 -0.2822 	 -0.4648
0.0501 	 0.1198 	 0.0298 	 0.2770 	 -0.0111 	 0.0032 	 -0.0219 	 -0.9755 	 -0.3031 	 -0.4684
0.0601 	 0.1197 	 0.0298 	 0.2767 	 -0.0210 	 0.0000 	 -0.0267 	 -1.0013 	 -0.3436 	 -0.5067
0.0701 	 0.1194 	 0.0298 	 0.2764 	 -0.0312 	 -0.0038 	 -0.0321 	 -1.0545 	 -0.4350 	 -0.5742
0.0802 	 0.1190 	 0.0297 	 0.2761 	 -0.0423 	 -0.0091 	 -0.0382 	 -1.1609 	 -0.6456 	 -0.6349
0.0902 	 0.1185 	 0.0296 	 0.2757 	 -0.0545 	 -0.0173 	 -0.0442 	 -1.2659 	 -0.9796 	 -0.4901
0.1002 	 0.1179 	 0.0294 	 0.2752 	 -0.0669 	 -0.0276 	 -0.0471 	 -1.1581 	 -0.9904 	 -0.1164
0.1102 	 0.1172 	 0.0290 	 0.2747 	 -0.0776 	 -0.0360 	 -0.0476 	 -0.9952 	 -0.6922 	 -0.0312
0.1202 	 0.1164 	 0.0286 	 0.2743 	 -0.0872 	 -0.0419 	 -0.0483 	 -0.9373 	 -0.5040 	 -0.1206
0.1303 	 0.1155 	 0.0282 	 0.2738 	 -0.0965 	 -0.0465 	 -0.0500 	 -0.9325 	 -0.4236 	 -0.2120
0.1403 	 0.1144 	 0.0277 	 0.2732 	 -0.1060 	 -0.0505 	 -0.0525 	 -0.9479 	 -0.3909 	 -0.2847
0.1503 	 0.1133 	 0.0272 	 0.2727 	 -0.1156 	 -0.0544 	 -0.0557 	 -0.9719 	 -0.3773 	 -0.3462
0.1603 	 0.1121 	 0.0266 	 0.2721 	 -0.1248 	 -0.0579 	 -0.0589 	 -0.6094 	 -0.2360 	 -0.1343
0.1703 	 0.1109 	 0.0260 	 0.2715 	 -0.1308 	 -0.0605 	 -0.0601 	 -0.5937 	 -0.2522 	 -0.1214
0.1804 	 0.1095 	 0.0254 	 0.2709 	 -0.1367 	 -0.0630 	 -0.0614 	 -0.5931 	 -0.2467 	 -0.1308
0.1904 	 0.1081 	 0.0248 	 0.2703 	 -0.1427 	 -0.0654 	 -0.0627 	 -0.6063 	 -0.2473 	 -0.1293
0.2004 	 0.1067 	 0.0241 	 0.2697 	 -0.1489 	 -0.0679 	 -0.0640 	 -0.6320 	 -0.2550 	 -0.1298
0.2104 	 0.1051 	 0.0234 	 0.2690 	 -0.1554 	 -0.0705 	 -0.0653 	 -0.6611 	 -0.2660 	 -0.1360
0.2204 	 0.1035 	 0.0227 	 0.2684 	 -0.1621 	 -0.0733 	 -0.0667 	 -0.6907 	 -0.2782 	 -0.1446
0.2305 	 0.1019 	 0.0219 	 0.2677 	 -0.1692 	 -0.0761 	 -0.0682 	 -0.7222 	 -0.2917 	 -0.1529
0.2405 	 0.1001 	 0.0212 	 0.2670 	 -0.1766 	 -0.0791 	 -0.0698 	 -0.7583 	 -0.3073 	 -0.1600
0.2505 	 0.0983 	 0.0204 	 0.2663 	 -0.1844 	 -0.0823 	 -0.0714 	 -0.8019 	 -0.3256 	 -0.1662
0.2605 	 0.0964 	 0.0195 	 0.2656 	 -0.1927 	 -0.0857 	 -0.0731 	 -0.8562 	 -0.3475 	 -0.1720
0.2705 	 0.0945 	 0.0186 	 0.2648 	 -0.2017 	 -0.0893 	 -0.0749 	 -0.9255 	 -0.3737 	 -0.1786
0.2806 	 0.0924 	 0.0177 	 0.2641 	 -0.2114 	 -0.0932 	 -0.0767 	 -1.0156 	 -0.4053 	 -0.1877
0.2906 	 0.0902 	 0.0168 	 0.2633 	 -0.2221 	 -0.0974 	 -0.0786 	 -1.1352 	 -0.4435 	 -0.2020
0.3006 	 0.0879 	 0.0158 	 0.2625 	 -0.2343 	 -0.1021 	 -0.0808 	 -1.2986 	 -0.4902 	 -0.2259
0.3106 	 0.0855 	 0.0147 	 0.2617 	 -0.2484 	 -0.1073 	 -0.0832 	 -1.5299 	 -0.5481 	 -0.2677
0.3206 	 0.0829 	 0.0136 	 0.2608 	 -0.2653 	 -0.1131 	 -0.0862 	 -1.8736 	 -0.6210 	 -0.3444
0.3307 	 0.0802 	 0.0124 	 0.2599 	 -0.2866 	 -0.1198 	 -0.0904 	 -2.4191 	 -0.7143 	 -0.4953
0.3407 	 0.0771 	 0.0112 	 0.2590 	 -0.3151 	 -0.1275 	 -0.0967 	 -3.3703 	 -0.8331 	 -0.8242
0.3507 	 0.0738 	 0.0099 	 0.2580 	 -0.3572 	 -0.1365 	 -0.1085 	 -5.2943 	 -0.9608 	 -1.6782
0.3607 	 0.0698 	 0.0085 	 0.2567 	 -0.4307 	 -0.1460 	 -0.1371 	 -10.4238 	 -0.8142 	 -4.8142
0.3707 	 0.0643 	 0.0072 	 0.2544 	 -0.6215 	 -0.1310 	 -0.2745 	 -43.9839 	 9.8502 	 -42.4344
0.3808 	 0.0581 	 0.0055 	 0.2522 	 -0.7030 	 -0.1853 	 -0.2294 	 42.0037 	 25.2184 	 -20.5440
0.3908 	 0.0517 	 0.0039 	 0.2498 	 -0.5008 	 -0.0921 	 -0.2799 	 9.4286 	 2.9698 	 -0.0416
0.4008 	 0.0470 	 0.0031 	 0.2470 	 -0.4335 	 -0.0742 	 -0.2749 	 4.8728 	 1.0460 	 0.7590
0.4108 	 0.0429 	 0.0024 	 0.2443 	 -0.3938 	 -0.0669 	 -0.2668 	 3.2714 	 0.5050 	 0.8200
0.4208 	 0.0391 	 0.0017 	 0.2417 	 -0.3652 	 -0.0631 	 -0.2587 	 2.5188 	 0.2926 	 0.7944
0.4309 	 0.0355 	 0.0011 	 0.2391 	 -0.3422 	 -0.0607 	 -0.2509 	 2.1014 	 0.1966 	 0.7604
0.4409 	 0.0322 	 0.0005 	 0.2366 	 -0.3225 	 -0.0590 	 -0.2434 	 1.8425 	 0.1519 	 0.7296
0.4509 	 0.0290 	 -0.0001 	 0.2342 	 -0.3050 	 -0.0575 	 -0.2363 	 1.6681 	 0.1329 	 0.7027
0.4609 	 0.0261 	 -0.0006 	 0.2319 	 -0.2889 	 -0.0562 	 -0.2293 	 1.5434 	 0.1276 	 0.6784
0.4709 	 0.0232 	 -0.0012 	 0.2296 	 -0.2740 	 -0.0550 	 -0.2227 	 1.4502 	 0.1300 	 0.6556
0.4810 	 0.0206 	 -0.0017 	 0.2274 	 -0.2598 	 -0.0536 	 -0.2162 	 1.3780 	 0.1367 	 0.6333
0.4910 	 0.0180 	 -0.0023 	 0.2253 	 -0.2463 	 -0.0522 	 -0.2100 	 1.3208 	 0.1460 	 0.6116
0.5010 	 0.0156 	 -0.0028 	 0.2232 	 -0.2334 	 -0.0507 	 -0.2039 	 1.2688 	 0.1567 	 0.5893
0.5110 	 0.0133 	 -0.0033 	 0.2212 	 -0.2218 	 -0.0492 	 -0.1984 	 0.6532 	 0.1058 	 0.4095
0.5210 	 0.0112 	 -0.0038 	 0.2193 	 -0.2152 	 -0.0480 	 -0.1945 	 0.6718 	 0.1187 	 0.3801
0.5311 	 0.0090 	 -0.0043 	 0.2173 	 -0.2084 	 -0.0468 	 -0.1908 	 0.6876 	 0.1298 	 0.3503
0.5411 	 0.0070 	 -0.0047 	 0.2154 	 -0.2014 	 -0.0454 	 -0.1874 	 0.7005 	 0.1393 	 0.3205
0.5511 	 0.0050 	 -0.0052 	 0.2136 	 -0.1943 	 -0.0440 	 -0.1844 	 0.7106 	 0.1473 	 0.2913
0.5611 	 0.0031 	 -0.0056 	 0.2117 	 -0.1872 	 -0.0425 	 -0.1816 	 0.7180 	 0.1540 	 0.2631
0.5711 	 0.0012 	 -0.0060 	 0.2099 	 -0.1800 	 -0.0409 	 -0.1791 	 0.7230 	 0.1597 	 0.2360
0.5812 	 -0.0005 	 -0.0064 	 0.2081 	 -0.1727 	 -0.0393 	 -0.1769 	 0.7258 	 0.1645 	 0.2105
0.5912 	 -0.0022 	 -0.0068 	 0.2064 	 -0.1654 	 -0.0376 	 -0.1749 	 0.7268 	 0.1689 	 0.1867
0.6012 	 -0.0038 	 -0.0072 	 0.2046 	 -0.1581 	 -0.0359 	 -0.1731 	 0.7263 	 0.1730 	 0.1647
0.6112 	 -0.0054 	 -0.0075 	 0.2029 	 -0.1509 	 -0.0342 	 -0.1716 	 0.7246 	 0.1771 	 0.1444
0.6212 	 -0.0069 	 -0.0079 	 0.2012 	 -0.1436 	 -0.0324 	 -0.1702 	 0.7219 	 0.1811 	 0.1262
0.6313 	 -0.0083 	 -0.0082 	 0.1995 	 -0.1364 	 -0.0305 	 -0.1690 	 0.7184 	 0.1846 	 0.1097
0.6413 	 -0.0096 	 -0.0085 	 0.1978 	 -0.1292 	 -0.0287 	 -0.1680 	 0.7142 	 0.1878 	 0.0940
0.6513 	 -0.0109 	 -0.0087 	 0.1961 	 -0.1221 	 -0.0268 	 -0.1672 	 0.7101 	 0.1912 	 0.0778
0.6613 	 -0.0120 	 -0.0090 	 0.1945 	 -0.1150 	 -0.0248 	 -0.1665 	 0.7061 	 0.1953 	 0.0609
0.6713 	 -0.0132 	 -0.0092 	 0.1928 	 -0.1079 	 -0.0229 	 -0.1659 	 0.7024 	 0.2003 	 0.0436
0.6814 	 -0.0142 	 -0.0095 	 0.1911 	 -0.1009 	 -0.0209 	 -0.1656 	 0.7022 	 0.1852 	 0.0053
0.6914 	 -0.0152 	 -0.0097 	 0.1895 	 -0.0939 	 -0.0190 	 -0.1657 	 0.6957 	 0.1879 	 -0.0210
0.7014 	 -0.0161 	 -0.0098 	 0.1878 	 -0.0870 	 -0.0171 	 -0.1660 	 0.6922 	 0.1989 	 -0.0337
0.7114 	 -0.0169 	 -0.0100 	 0.1861 	 -0.0801 	 -0.0150 	 -0.1664 	 0.6888 	 0.2106 	 -0.0390
0.7214 	 -0.0177 	 -0.0101 	 0.1845 	 -0.0732 	 -0.0129 	 -0.1668 	 0.6849 	 0.2191 	 -0.0358
0.7315 	 -0.0184 	 -0.0103 	 0.1828 	 -0.0663 	 -0.0107 	 -0.1671 	 0.6808 	 0.2206 	 -0.0260
0.7415 	 -0.0190 	 -0.0104 	 0.1811 	 -0.0595 	 -0.0085 	 -0.1673 	 0.6777 	 0.2146 	 -0.0138
0.7515 	 -0.0196 	 -0.0104 	 0.1794 	 -0.0527 	 -0.0064 	 -0.1674 	 0.6764 	 0.2035 	 -0.0025
0.7615 	 -0.0201 	 -0.0105 	 0.1778 	 -0.0460 	 -0.0044 	 -0.1673 	 0.6773 	 0.1907 	 0.0070
0.7715 	 -0.0205 	 -0.0105 	 0.1761 	 -0.0392 	 -0.0026 	 -0.1672 	 0.6802 	 0.1786 	 0.0152
0.7816 	 -0.0209 	 -0.0105 	 0.1744 	 -0.0323 	 -0.0008 	 -0.1670 	 0.6850 	 0.1682 	 0.0232
0.7916 	 -0.0212 	 -0.0105 	 0.1727 	 -0.0254 	 0.0008 	 -0.1668 	 0.6911 	 0.1597 	 0.0318
0.8016 	 -0.0214 	 -0.0105 	 0.1711 	 -0.0185 	 0.0024 	 -0.1664 	 0.6984 	 0.1531 	 0.0415
0.8116 	 -0.0215 	 -0.0105 	 0.1694 	 -0.0114 	 0.0039 	 -0.1659 	 0.7066 	 0.1482 	 0.0525
0.8216 	 -0.0216 	 -0.0104 	 0.1678 	 -0.0043 	 0.0054 	 -0.1653 	 0.7156 	 0.1446 	 0.0650
0.8317 	 -0.0216 	 -0.0104 	 0.1661 	 0.0029 	 0.0068 	 -0.1646 	 0.7250 	 0.1421 	 0.0790
0.8417 	 -0.0215 	 -0.0103 	 0.1645 	 0.0102 	 0.0082 	 -0.1638 	 0.7349 	 0.1406 	 0.0945
0.8517 	 -0.0214 	 -0.0102 	 0.1628 	 0.0176 	 0.0096 	 -0.1627 	 0.7450 	 0.1399 	 0.1115
0.8617 	 -0.0212 	 -0.0101 	 0.1612 	 0.0252 	 0.0110 	 -0.1615 	 0.7551 	 0.1398 	 0.1300
0.8717 	 -0.0209 	 -0.0100 	 0.1596 	 0.0328 	 0.0124 	 -0.1601 	 0.7653 	 0.1403 	 0.1499
0.8818 	 -0.0205 	 -0.0099 	 0.1580 	 0.0405 	 0.0138 	 -0.1585 	 0.7753 	 0.1412 	 0.1712
0.8918 	 -0.0201 	 -0.0097 	 0.1564 	 0.0483 	 0.0153 	 -0.1567 	 0.7853 	 0.1424 	 0.1938
0.9018 	 -0.0196 	 -0.0096 	 0.1548 	 0.0562 	 0.0167 	 -0.1546 	 0.7952 	 0.1442 	 0.2180
0.9118 	 -0.0190 	 -0.0094 	 0.1533 	 0.0642 	 0.0181 	 -0.1523 	 0.8053 	 0.1467 	 0.2435
0.9218 	 -0.0183 	 -0.0092 	 0.1518 	 0.0724 	 0.0196 	 -0.1497 	 0.8153 	 0.1502 	 0.2701
0.9319 	 -0.0175 	 -0.0090 	 0.1503 	 0.0806 	 0.0212 	 -0.1469 	 0.8251 	 0.1545 	 0.2976
0.9419 	 -0.0167 	 -0.0088 	 0.1489 	 0.0889 	 0.0227 	 -0.1438 	 0.8349 	 0.1600 	 0.3259
0.9519 	 -0.0157 	 -0.0085 	 0.1474 	 0.0973 	 0.0244 	 -0.1404 	 0.8448 	 0.1667 	 0.3549
0.9619 	 -0.0147 	 -0.0083 	 0.1460 	 0.1058 	 0.0261 	 -0.1367 	 0.8548 	 0.1750 	 0.3842
0.9719 	 -0.0136 	 -0.0080 	 0.1447 	 0.1145 	 0.0279 	 -0.1327 	 0.8653 	 0.1853 	 0.4140
0.9820 	 -0.0124 	 -0.0077 	 0.1434 	 0.1232 	 0.0298 	 -0.1284 	 0.8767 	 0.1979 	 0.4444
0.9920 	 -0.0111 	 -0.0074 	 0.1421 	 0.1320 	 0.0319 	 -0.1237 	 0.8893 	 0.2130 	 0.4758
1.0020 	 -0.0098 	 -0.0071 	 0.1409 	 0.1410 	 0.0341 	 -0.1188 	 0.9033 	 0.2309 	 0.5088
1.0120 	 -0.0083 	 -0.0067 	 0.1397 	 0.1501 	 0.0365 	 -0.1135 	 0.9195 	 0.2523 	 0.5442
1.0220 	 -0.0068 	 -0.0063 	 0.1386 	 0.1594 	 0.0391 	 -0.1079 	 0.9378 	 0.2775 	 0.5834
1.0321 	 -0.0051 	 -0.0059 	 0.1376 	 0.1689 	 0.0421 	 -0.1018 	 0.9576 	 0.3070 	 0.6281
1.0421 	 -0.0034 	 -0.0055 	 0.1366 	 0.1786 	 0.0453 	 -0.0953 	 0.9779 	 0.3414 	 0.6793
1.0521 	 -0.0015 	 -0.0050 	 0.1357 	 0.1885 	 0.0489 	 -0.0882 	 0.9975 	 0.3809 	 0.7369
1.0621 	 0.0004 	 -0.0045 	 0.1348 	 0.1986 	 0.0530 	 -0.0805 	 1.0162 	 0.4253 	 0.8009
1.0721 	 0.0025 	 -0.0040 	 0.1341 	 0.2089 	 0.0575 	 -0.0721 	 1.0323 	 0.4735 	 0.8726
1.0822 	 0.0046 	 -0.0034 	 0.1334 	 0.2193 	 0.0625 	 -0.0630 	 1.0415 	 0.5234 	 0.9523
1.0922 	 0.0068 	 -0.0027 	 0.1328 	 0.2297 	 0.0680 	 -0.0530 	 1.0405 	 0.5722 	 1.0372
1.1022 	 0.0092 	 -0.0020 	 0.1323 	 0.2401 	 0.0739 	 -0.0422 	 1.0283 	 0.6170 	 1.1250
1.1122 	 0.0117 	 -0.0012 	 0.1320 	 0.2503 	 0.0803 	 -0.0305 	 1.0051 	 0.6558 	 1.2139
1.1222 	 0.0142 	 -0.0004 	 0.1317 	 0.2602 	 0.0870 	 -0.0180 	 0.9704 	 0.6857 	 1.2957
1.1323 	 0.0169 	 0.0005 	 0.1316 	 0.2697 	 0.0939 	 -0.0048 	 0.9274 	 0.6893 	 1.3322
1.1423 	 0.0196 	 0.0015 	 0.1316 	 0.2787 	 0.1008 	 0.0085 	 0.8804 	 0.6705 	 1.3140
1.1523 	 0.0225 	 0.0025 	 0.1318 	 0.2873 	 0.1074 	 0.0214 	 0.8330 	 0.6450 	 1.2448
1.1623 	 0.0254 	 0.0036 	 0.1321 	 0.2955 	 0.1137 	 0.0334 	 0.7902 	 0.6250 	 1.1396
1.1723 	 0.0284 	 0.0048 	 0.1325 	 0.3032 	 0.1199 	 0.0442 	 0.7585 	 0.6116 	 1.0168
1.1824 	 0.0314 	 0.0060 	 0.1329 	 0.3107 	 0.1260 	 0.0537 	 0.7428 	 0.5977 	 0.8884
1.1924 	 0.0346 	 0.0073 	 0.1335 	 0.3181 	 0.1319 	 0.0620 	 0.7448 	 0.5757 	 0.7594
1.2024 	 0.0378 	 0.0087 	 0.1342 	 0.3257 	 0.1375 	 0.0689 	 0.7630 	 0.5409 	 0.6304
1.2124 	 0.0411 	 0.0101 	 0.1349 	 0.3335 	 0.1427 	 0.0746 	 0.7927 	 0.4924 	 0.5011
1.2224 	 0.0445 	 0.0115 	 0.1357 	 0.3416 	 0.1473 	 0.0790 	 0.8278 	 0.4328 	 0.3721
1.2325 	 0.0480 	 0.0130 	 0.1365 	 0.3501 	 0.1513 	 0.0821 	 0.8627 	 0.3666 	 0.2459
1.2425 	 0.0515 	 0.0146 	 0.1373 	 0.3589 	 0.1546 	 0.0839 	 0.8948 	 0.2998 	 0.1277
1.2525 	 0.0552 	 0.0161 	 0.1381 	 0.3680 	 0.1573 	 0.0847 	 0.9268 	 0.2375 	 0.0230
1.2625 	 0.0589 	 0.0177 	 0.1390 	 0.3775 	 0.1594 	 0.0845 	 0.9670 	 0.1823 	 -0.0641
1.2725 	 0.0627 	 0.0193 	 0.1398 	 0.3874 	 0.1610 	 0.0835 	 1.0278 	 0.1320 	 -0.1341
1.2826 	 0.0667 	 0.0209 	 0.1407 	 0.3982 	 0.1621 	 0.0818 	 1.1219 	 0.0793 	 -0.1932
1.2926 	 0.0707 	 0.0226 	 0.1415 	 0.4101 	 0.1625 	 0.0796 	 1.2590 	 0.0118 	 -0.2539
1.3026 	 0.0749 	 0.0242 	 0.1422 	 0.4236 	 0.1622 	 0.0767 	 1.4421 	 -0.0875 	 -0.3341
1.3126 	 0.0792 	 0.0258 	 0.1430 	 0.4391 	 0.1606 	 0.0727 	 1.6628 	 -0.2390 	 -0.4566
1.3226 	 0.0837 	 0.0274 	 0.1437 	 0.4569 	 0.1572 	 0.0673 	 1.8935 	 -0.4645 	 -0.6466
1.3327 	 0.0884 	 0.0289 	 0.1443 	 0.4769 	 0.1510 	 0.0595 	 2.0788 	 -0.7776 	 -0.9232
1.3427 	 0.0933 	 0.0304 	 0.1449 	 0.4981 	 0.1413 	 0.0485 	 2.1343 	 -1.1666 	 -1.2823
1.3527 	 0.0984 	 0.0317 	 0.1453 	 0.5189 	 0.1276 	 0.0337 	 1.9721 	 -1.5742 	 -1.6752
1.3627 	 0.1037 	 0.0329 	 0.1455 	 0.5368 	 0.1100 	 0.0151 	 1.5611 	 -1.9009 	 -2.0073
1.3727 	 0.1091 	 0.0339 	 0.1456 	 0.5496 	 0.0901 	 -0.0060 	 0.9754 	 -2.0533 	 -2.1822
1.3828 	 0.1146 	 0.0347 	 0.1454 	 0.5563 	 0.0696 	 -0.0280 	 0.3630 	 -2.0063 	 -2.1651
1.3928 	 0.1202 	 0.0353 	 0.1450 	 0.5572 	 0.0503 	 -0.0489 	 -0.1471 	 -1.8109 	 -1.9967
1.4028 	 0.1258 	 0.0358 	 0.1444 	 0.5538 	 0.0335 	 -0.0677 	 -0.5018 	 -1.5467 	 -1.7511
1.4128 	 0.1313 	 0.0360 	 0.1437 	 0.5476 	 0.0194 	 -0.0840 	 -0.7125 	 -1.2770 	 -1.4910
1.4228 	 0.1367 	 0.0362 	 0.1428 	 0.5399 	 0.0078 	 -0.0977 	 -0.8170 	 -1.0355 	 -1.2520
1.4329 	 0.1421 	 0.0362 	 0.1417 	 0.5315 	 -0.0015 	 -0.1092 	 -0.8530 	 -0.8334 	 -1.0475
1.4429 	 0.1474 	 0.0361 	 0.1406 	 0.5229 	 -0.0090 	 -0.1188 	 -0.8490 	 -0.6702 	 -0.8788
1.4529 	 0.1526 	 0.0360 	 0.1394 	 0.5146 	 -0.0151 	 -0.1269 	 -0.8237 	 -0.5403 	 -0.7419
1.4629 	 0.1577 	 0.0359 	 0.1380 	 0.5065 	 -0.0200 	 -0.1337 	 -0.7885 	 -0.4377 	 -0.6313
1.4729 	 0.1627 	 0.0356 	 0.1367 	 0.4988 	 -0.0239 	 -0.1396 	 -0.7497 	 -0.3565 	 -0.5417
1.4830 	 0.1677 	 0.0354 	 0.1353 	 0.4914 	 -0.0272 	 -0.1447 	 -0.7111 	 -0.2921 	 -0.4688
1.4930 	 0.1726 	 0.0351 	 0.1338 	 0.4845 	 -0.0298 	 -0.1490 	 -0.6744 	 -0.2408 	 -0.4092
1.5030 	 0.1774 	 0.0348 	 0.1323 	 0.4779 	 -0.0320 	 -0.1529 	 -0.6406 	 -0.1997 	 -0.3599
1.5130 	 0.1822 	 0.0345 	 0.1307 	 0.4717 	 -0.0338 	 -0.1563 	 -0.6098 	 -0.1667 	 -0.3188
1.5230 	 0.1869 	 0.0341 	 0.1291 	 0.4657 	 -0.0354 	 -0.1593 	 -0.5822 	 -0.1400 	 -0.2844
1.5331 	 0.1915 	 0.0337 	 0.1275 	 0.4600 	 -0.0367 	 -0.1620 	 -0.5575 	 -0.1183 	 -0.2553
1.5431 	 0.1961 	 0.0334 	 0.1259 	 0.4545 	 -0.0378 	 -0.1644 	 -0.5355 	 -0.1006 	 -0.2305
1.5531 	 0.2006 	 0.0330 	 0.1242 	 0.4492 	 -0.0387 	 -0.1666 	 -0.5159 	 -0.0863 	 -0.2092
1.5631 	 0.2051 	 0.0326 	 0.1226 	 0.4442 	 -0.0395 	 -0.1686 	 -0.4986 	 -0.0746 	 -0.1908
1.5731 	 0.2095 	 0.0322 	 0.1209 	 0.4392 	 -0.0402 	 -0.1705 	 -0.4832 	 -0.0650 	 -0.1748
1.5832 	 0.2139 	 0.0318 	 0.1191 	 0.4345 	 -0.0408 	 -0.1721 	 -0.4695 	 -0.0573 	 -0.1608
1.5932 	 0.2182 	 0.0314 	 0.1174 	 0.4298 	 -0.0413 	 -0.1737 	 -0.4573 	 -0.0511 	 -0.1484
1.6032 	 0.2225 	 0.0310 	 0.1157 	 0.4253 	 -0.0418 	 -0.1751 	 -0.4465 	 -0.0461 	 -0.1374
1.6132 	 0.2267 	 0.0305 	 0.1139 	 0.4209 	 -0.0423 	 -0.1764 	 -0.4368 	 -0.0421 	 -0.1277
1.6232 	 0.2309 	 0.0301 	 0.1121 	 0.4165 	 -0.0427 	 -0.1777 	 -0.4282 	 -0.0390 	 -0.1189
1.6333 	 0.2351 	 0.0297 	 0.1103 	 0.4123 	 -0.0431 	 -0.1788 	 -0.4204 	 -0.0366 	 -0.1110
1.6433 	 0.2392 	 0.0293 	 0.1085 	 0.4081 	 -0.0434 	 -0.1799 	 -0.4135 	 -0.0349 	 -0.1039
1.6533 	 0.2433 	 0.0288 	 0.1067 	 0.4040 	 -0.0438 	 -0.1809 	 -0.4073 	 -0.0336 	 -0.0974
1.6633 	 0.2473 	 0.0284 	 0.1049 	 0.4000 	 -0.0441 	 -0.1819 	 -0.4017 	 -0.0328 	 -0.0915
1.6733 	 0.2513 	 0.0279 	 0.1031 	 0.3960 	 -0.0444 	 -0.1828 	 -0.3967 	 -0.0324 	 -0.0860
1.6834 	 0.2552 	 0.0275 	 0.1013 	 0.3920 	 -0.0447 	 -0.1836 	 -0.3922 	 -0.0323 	 -0.0811
1.6934 	 0.2591 	 0.0270 	 0.0994 	 0.3881 	 -0.0451 	 -0.1844 	 -0.3881 	 -0.0324 	 -0.0765
1.7034 	 0.2630 	 0.0266 	 0.0976 	 0.3842 	 -0.0454 	 -0.1851 	 -0.3844 	 -0.0329 	 -0.0725
1.7134 	 0.2668 	 0.0261 	 0.0957 	 0.3804 	 -0.0457 	 -0.1858 	 -0.3811 	 -0.0341 	 -0.0700
1.7234 	 0.2706 	 0.0257 	 0.0938 	 0.3766 	 -0.0461 	 -0.1865 	 -0.3778 	 -0.0361 	 -0.0693
1.7335 	 0.2744 	 0.0252 	 0.0920 	 0.3728 	 -0.0465 	 -0.1872 	 -0.3742 	 -0.0386 	 -0.0700
1.7435 	 0.2781 	 0.0247 	 0.0901 	 0.3691 	 -0.0469 	 -0.1879 	 -0.3703 	 -0.0413 	 -0.0714
1.7535 	 0.2818 	 0.0243 	 0.0882 	 0.3654 	 -0.0473 	 -0.1887 	 -0.3660 	 -0.0440 	 -0.0730
1.7635 	 0.2854 	 0.0238 	 0.0863 	 0.3618 	 -0.0477 	 -0.1894 	 -0.3615 	 -0.0465 	 -0.0746
1.7735 	 0.2890 	 0.0233 	 0.0844 	 0.3582 	 -0.0482 	 -0.1902 	 -0.3572 	 -0.0487 	 -0.0758
1.7836 	 0.2926 	 0.0228 	 0.0825 	 0.3546 	 -0.0487 	 -0.1909 	 -0.3530 	 -0.0506 	 -0.0767
1.7936 	 0.2961 	 0.0223 	 0.0806 	 0.3511 	 -0.0492 	 -0.1917 	 -0.3491 	 -0.0523 	 -0.0772
1.8036 	 0.2996 	 0.0218 	 0.0787 	 0.3476 	 -0.0498 	 -0.1925 	 -0.3457 	 -0.0538 	 -0.0774
1.8136 	 0.3031 	 0.0213 	 0.0767 	 0.3442 	 -0.0503 	 -0.1932 	 -0.3426 	 -0.0551 	 -0.0773
1.8236 	 0.3065 	 0.0208 	 0.0748 	 0.3407 	 -0.0509 	 -0.1940 	 -0.3399 	 -0.0563 	 -0.0771
1.8337 	 0.3099 	 0.0203 	 0.0728 	 0.3373 	 -0.0514 	 -0.1948 	 -0.3375 	 -0.0574 	 -0.0767
1.8437 	 0.3133 	 0.0198 	 0.0709 	 0.3340 	 -0.0520 	 -0.1956 	 -0.3355 	 -0.0584 	 -0.0762
1.8537 	 0.3166 	 0.0193 	 0.0689 	 0.3306 	 -0.0526 	 -0.1963 	 -0.3338 	 -0.0594 	 -0.0756
1.8637 	 0.3199 	 0.0187 	 0.0669 	 0.3273 	 -0.0532 	 -0.1971 	 -0.3324 	 -0.0602 	 -0.0750
1.8737 	 0.3232 	 0.0182 	 0.0650 	 0.3240 	 -0.0538 	 -0.1978 	 -0.3312 	 -0.0611 	 -0.0744
1.8838 	 0.3264 	 0.0177 	 0.0630 	 0.3206 	 -0.0544 	 -0.1986 	 -0.3303 	 -0.0619 	 -0.0737
1.8938 	 0.3296 	 0.0171 	 0.0610 	 0.3173 	 -0.0550 	 -0.1993 	 -0.3295 	 -0.0626 	 -0.0730
1.9038 	 0.3328 	 0.0166 	 0.0590 	 0.3140 	 -0.0557 	 -0.2000 	 -0.3290 	 -0.0634 	 -0.0723
1.9138 	 0.3359 	 0.0160 	 0.0570 	 0.3107 	 -0.0563 	 -0.2007 	 -0.3286 	 -0.0640 	 -0.0716
1.9238 	 0.3390 	 0.0154 	 0.0550 	 0.3074 	 -0.0570 	 -0.2015 	 -0.3284 	 -0.0647 	 -0.0708
1.9339 	 0.3421 	 0.0149 	 0.0529 	 0.3042 	 -0.0576 	 -0.2022 	 -0.3283 	 -0.0652 	 -0.0701
1.9439 	 0.3451 	 0.0143 	 0.0509 	 0.3009 	 -0.0583 	 -0.2029 	 -0.3284 	 -0.0658 	 -0.0693
1.9539 	 0.3481 	 0.0137 	 0.0489 	 0.2976 	 -0.0589 	 -0.2035 	 -0.3285 	 -0.0663 	 -0.0685
1.9639 	 0.3511 	 0.0131 	 0.0468 	 0.2943 	 -0.0596 	 -0.2042 	 -0.3288 	 -0.0667 	 -0.0677
1.9739 	 0.3540 	 0.0125 	 0.0448 	 0.2910 	 -0.0603 	 -0.2049 	 -0.3292 	 -0.0671 	 -0.0668
1.9840 	 0.3569 	 0.0119 	 0.0427 	 0.2877 	 -0.0609 	 -0.2056 	 -0.3270 	 -0.0677 	 -0.0603
1.9940 	 0.3598 	 0.0113 	 0.0407 	 0.2844 	 -0.0616 	 -0.2062 	 -0.3276 	 -0.0680 	 -0.0593
2.0040 	 0.3626 	 0.0107 	 0.0386 	 0.2811 	 -0.0623 	 -0.2067 	 -0.3282 	 -0.0682 	 -0.0583
2.0140 	 0.3654 	 0.0100 	 0.0365 	 0.2778 	 -0.0630 	 -0.2073 	 -0.3289 	 -0.0684 	 -0.0573
2.0240 	 0.3682 	 0.0094 	 0.0344 	 0.2745 	 -0.0637 	 -0.2079 	 -0.3296 	 -0.0686 	 -0.0562
2.0341 	 0.3709 	 0.0088 	 0.0324 	 0.2712 	 -0.0644 	 -0.2085 	 -0.3304 	 -0.0687 	 -0.0550
2.0441 	 0.3736 	 0.0081 	 0.0303 	 0.2679 	 -0.0651 	 -0.2090 	 -0.3312 	 -0.0687 	 -0.0538
2.0541 	 0.3763 	 0.0074 	 0.0282 	 0.2646 	 -0.0657 	 -0.2095 	 -0.3320 	 -0.0687 	 -0.0526
2.0641 	 0.3789 	 0.0068 	 0.0261 	 0.2613 	 -0.0664 	 -0.2101 	 -0.3328 	 -0.0686 	 -0.0513
2.0741 	 0.3815 	 0.0061 	 0.0240 	 0.2579 	 -0.0671 	 -0.2106 	 -0.3337 	 -0.0685 	 -0.0499
2.0842 	 0.3841 	 0.0054 	 0.0218 	 0.2546 	 -0.0678 	 -0.2111 	 -0.3345 	 -0.0684 	 -0.0485
2.0942 	 0.3866 	 0.0048 	 0.0197 	 0.2512 	 -0.0685 	 -0.2115 	 -0.3353 	 -0.0681 	 -0.0471
2.1042 	 0.3891 	 0.0041 	 0.0176 	 0.2479 	 -0.0692 	 -0.2120 	 -0.3360 	 -0.0679 	 -0.0456
2.1142 	 0.3916 	 0.0034 	 0.0155 	 0.2445 	 -0.0698 	 -0.2124 	 -0.3367 	 -0.0676 	 -0.0440
2.1242 	 0.3940 	 0.0027 	 0.0134 	 0.2411 	 -0.0705 	 -0.2129 	 -0.3374 	 -0.0672 	 -0.0425
2.1343 	 0.3964 	 0.0020 	 0.0112 	 0.2377 	 -0.0712 	 -0.2133 	 -0.3380 	 -0.0669 	 -0.0409
2.1443 	 0.3988 	 0.0012 	 0.0091 	 0.2343 	 -0.0719 	 -0.2137 	 -0.3385 	 -0.0664 	 -0.0393
2.1543 	 0.4011 	 0.0005 	 0.0069 	 0.2309 	 -0.0725 	 -0.2141 	 -0.3390 	 -0.0660 	 -0.0378
2.1643 	 0.4034 	 -0.0002 	 0.0048 	 0.2275 	 -0.0732 	 -0.2145 	 -0.3394 	 -0.0655 	 -0.0362
2.1743 	 0.4057 	 -0.0009 	 0.0026 	 0.2241 	 -0.0738 	 -0.2148 	 -0.3397 	 -0.0650 	 -0.0347
2.1844 	 0.4079 	 -0.0017 	 0.0005 	 0.2207 	 -0.0745 	 -0.2151 	 -0.3400 	 -0.0645 	 -0.0331
2.1944 	 0.4101 	 -0.0024 	 -0.0017 	 0.2173 	 -0.0751 	 -0.2155 	 -0.3402 	 -0.0640 	 -0.0317
2.2044 	 0.4122 	 -0.0032 	 -0.0038 	 0.2139 	 -0.0758 	 -0.2158 	 -0.3403 	 -0.0634 	 -0.0302
2.2144 	 0.4144 	 -0.0040 	 -0.0060 	 0.2105 	 -0.0764 	 -0.2161 	 -0.3404 	 -0.0629 	 -0.0288
2.2244 	 0.4165 	 -0.0047 	 -0.0082 	 0.2071 	 -0.0770 	 -0.2164 	 -0.3405 	 -0.0623 	 -0.0275
2.2345 	 0.4185 	 -0.0055 	 -0.0103 	 0.2037 	 -0.0776 	 -0.2166 	 -0.3405 	 -0.0617 	 -0.0262
2.2445 	 0.4205 	 -0.0063 	 -0.0125 	 0.2003 	 -0.0783 	 -0.2169 	 -0.3405 	 -0.0610 	 -0.0249
2.2545 	 0.4225 	 -0.0071 	 -0.0147 	 0.1969 	 -0.0789 	 -0.2171 	 -0.3404 	 -0.0604 	 -0.0237
2.2645 	 0.4245 	 -0.0079 	 -0.0169 	 0.1935 	 -0.0795 	 -0.2174 	 -0.3403 	 -0.0598 	 -0.0225
2.2745 	 0.4264 	 -0.0087 	 -0.0190 	 0.1900 	 -0.0801 	 -0.2176 	 -0.3401 	 -0.0591 	 -0.0214
2.2846 	 0.4283 	 -0.0095 	 -0.0212 	 0.1866 	 -0.0807 	 -0.2178 	 -0.3399 	 -0.0585 	 -0.0203
2.2946 	 0.4302 	 -0.0103 	 -0.0234 	 0.1832 	 -0.0812 	 -0.2180 	 -0.3397 	 -0.0578 	 -0.0193
2.3046 	 0.4320 	 -0.0111 	 -0.0256 	 0.1798 	 -0.0818 	 -0.2182 	 -0.3394 	 -0.0572 	 -0.0183
2.3146 	 0.4338 	 -0.0119 	 -0.0278 	 0.1764 	 -0.0824 	 -0.2184 	 -0.3391 	 -0.0565 	 -0.0174
2.3246 	 0.4355 	 -0.0127 	 -0.0300 	 0.1730 	 -0.0830 	 -0.2185 	 -0.3387 	 -0.0558 	 -0.0165
2.3347 	 0.4372 	 -0.0136 	 -0.0322 	 0.1696 	 -0.0835 	 -0.2187 	 -0.3383 	 -0.0552 	 -0.0157
2.3447 	 0.4389 	 -0.0144 	 -0.0343 	 0.1663 	 -0.0841 	 -0.2188 	 -0.3379 	 -0.0545 	 -0.0149
2.3547 	 0.4406 	 -0.0153 	 -0.0365 	 0.1629 	 -0.0846 	 -0.2190 	 -0.3375 	 -0.0538 	 -0.0141
2.3647 	 0.4422 	 -0.0161 	 -0.0387 	 0.1595 	 -0.0851 	 -0.2191 	 -0.3370 	 -0.0531 	 -0.0134
2.3747 	 0.4438 	 -0.0170 	 -0.0409 	 0.1561 	 -0.0857 	 -0.2193 	 -0.3364 	 -0.0525 	 -0.0127
2.3848 	 0.4453 	 -0.0178 	 -0.0431 	 0.1528 	 -0.0862 	 -0.2194 	 -0.3358 	 -0.0518 	 -0.0121
2.3948 	 0.4468 	 -0.0187 	 -0.0453 	 0.1494 	 -0.0867 	 -0.2195 	 -0.3352 	 -0.0512 	 -0.0116
2.4048 	 0.4483 	 -0.0196 	 -0.0475 	 0.1460 	 -0.0872 	 -0.2196 	 -0.3346 	 -0.0505 	 -0.0111
2.4148 	 0.4497 	 -0.0204 	 -0.0497 	 0.1427 	 -0.0877 	 -0.2197 	 -0.3339 	 -0.0499 	 -0.0106
2.4248 	 0.4512 	 -0.0213 	 -0.0519 	 0.1393 	 -0.0882 	 -0.2198 	 -0.3332 	 -0.0493 	 -0.0102
2.4349 	 0.4525 	 -0.0222 	 -0.0541 	 0.1360 	 -0.0887 	 -0.2199 	 -0.3325 	 -0.0486 	 -0.0099
2.4449 	 0.4539 	 -0.0231 	 -0.0563 	 0.1327 	 -0.0892 	 -0.2200 	 -0.3317 	 -0.0480 	 -0.0096
2.4549 	 0.4552 	 -0.0240 	 -0.0585 	 0.1294 	 -0.0897 	 -0.2201 	 -0.3309 	 -0.0474 	 -0.0093
2.4649 	 0.4565 	 -0.0249 	 -0.0607 	 0.1260 	 -0.0901 	 -0.2202 	 -0.3301 	 -0.0468 	 -0.0092
2.4749 	 0.4577 	 -0.0258 	 -0.0630 	 0.1227 	 -0.0906 	 -0.2203 	 -0.3292 	 -0.0462 	 -0.0091
2.4850 	 0.4589 	 -0.0267 	 -0.0652 	 0.1195 	 -0.0911 	 -0.2204 	 -0.3283 	 -0.0456 	 -0.0090
2.4950 	 0.4601 	 -0.0276 	 -0.0674 	 0.1162 	 -0.0915 	 -0.2205 	 -0.3274 	 -0.0450 	 -0.0091
2.5050 	 0.4613 	 -0.0286 	 -0.0696 	 0.1129 	 -0.0920 	 -0.2206 	 -0.3265 	 -0.0444 	 -0.0092
2.5150 	 0.4624 	 -0.0295 	 -0.0718 	 0.1096 	 -0.0924 	 -0.2207 	 -0.3256 	 -0.0438 	 -0.0094
2.5251 	 0.4635 	 -0.0304 	 -0.0740 	 0.1064 	 -0.0928 	 -0.2208 	 -0.3247 	 -0.0432 	 -0.0096
2.5351 	 0.4645 	 -0.0313 	 -0.0762 	 0.1031 	 -0.0933 	 -0.2209 	 -0.3238 	 -0.0426 	 -0.0100
2.5451 	 0.4655 	 -0.0323 	 -0.0784 	 0.0999 	 -0.0937 	 -0.2210 	 -0.3229 	 -0.0420 	 -0.0104
2.5551 	 0.4665 	 -0.0332 	 -0.0806 	 0.0966 	 -0.0941 	 -0.2211 	 -0.3221 	 -0.0413 	 -0.0109
2.5651 	 0.4675 	 -0.0342 	 -0.0829 	 0.0934 	 -0.0945 	 -0.2212 	 -0.3212 	 -0.0407 	 -0.0114
2.5752 	 0.4684 	 -0.0351 	 -0.0851 	 0.0902 	 -0.0949 	 -0.2213 	 -0.3204 	 -0.0401 	 -0.0121
2.5852 	 0.4693 	 -0.0361 	 -0.0873 	 0.0870 	 -0.0953 	 -0.2214 	 -0.3196 	 -0.0394 	 -0.0128
2.5952 	 0.4701 	 -0.0370 	 -0.0895 	 0.0838 	 -0.0957 	 -0.2216 	 -0.3189 	 -0.0388 	 -0.0135
2.6052 	 0.4709 	 -0.0380 	 -0.0917 	 0.0806 	 -0.0961 	 -0.2217 	 -0.3182 	 -0.0381 	 -0.0144
2.6152 	 0.4717 	 -0.0389 	 -0.0940 	 0.0774 	 -0.0965 	 -0.2218 	 -0.3175 	 -0.0374 	 -0.0153
2.6253 	 0.4725 	 -0.0399 	 -0.0962 	 0.0742 	 -0.0969 	 -0.2220 	 -0.3170 	 -0.0367 	 -0.0163
2.6353 	 0.4732 	 -0.0409 	 -0.0984 	 0.0711 	 -0.0972 	 -0.2222 	 -0.3164 	 -0.0360 	 -0.0173
2.6453 	 0.4739 	 -0.0419 	 -0.1006 	 0.0679 	 -0.0976 	 -0.2223 	 -0.3160 	 -0.0353 	 -0.0184
2.6553 	 0.4746 	 -0.0428 	 -0.1029 	 0.0647 	 -0.0979 	 -0.2225 	 -0.3156 	 -0.0345 	 -0.0195
2.6653 	 0.4752 	 -0.0438 	 -0.1051 	 0.0616 	 -0.0983 	 -0.2227 	 -0.3152 	 -0.0338 	 -0.0207
2.6754 	 0.4758 	 -0.0448 	 -0.1073 	 0.0584 	 -0.0986 	 -0.2230 	 -0.3150 	 -0.0330 	 -0.0219
2.6854 	 0.4764 	 -0.0458 	 -0.1096 	 0.0553 	 -0.0989 	 -0.2232 	 -0.3148 	 -0.0321 	 -0.0231
2.6954 	 0.4769 	 -0.0468 	 -0.1118 	 0.0521 	 -0.0992 	 -0.2234 	 -0.3147 	 -0.0313 	 -0.0245
2.7054 	 0.4774 	 -0.0478 	 -0.1140 	 0.0490 	 -0.0996 	 -0.2237 	 -0.3146 	 -0.0304 	 -0.0258
2.7154 	 0.4779 	 -0.0488 	 -0.1163 	 0.0458 	 -0.0999 	 -0.2239 	 -0.3147 	 -0.0295 	 -0.0272
2.7255 	 0.4784 	 -0.0498 	 -0.1185 	 0.0427 	 -0.1001 	 -0.2242 	 -0.3148 	 -0.0285 	 -0.0286
2.7355 	 0.4788 	 -0.0508 	 -0.1208 	 0.0395 	 -0.1004 	 -0.2245 	 -0.3150 	 -0.0275 	 -0.0300
2.7455 	 0.4791 	 -0.0518 	 -0.1230 	 0.0363 	 -0.1007 	 -0.2248 	 -0.3154 	 -0.0264 	 -0.0315
2.7555 	 0.4795 	 -0.0528 	 -0.1253 	 0.0332 	 -0.1010 	 -0.2251 	 -0.3158 	 -0.0253 	 -0.0329
2.7655 	 0.4798 	 -0.0538 	 -0.1275 	 0.0300 	 -0.1012 	 -0.2255 	 -0.3163 	 -0.0241 	 -0.0343
2.7756 	 0.4801 	 -0.0548 	 -0.1298 	 0.0268 	 -0.1014 	 -0.2258 	 -0.3168 	 -0.0229 	 -0.0357
2.7856 	 0.4803 	 -0.0559 	 -0.1321 	 0.0237 	 -0.1017 	 -0.2262 	 -0.3174 	 -0.0216 	 -0.0370
2.7956 	 0.4806 	 -0.0569 	 -0.1343 	 0.0205 	 -0.1019 	 -0.2266 	 -0.3181 	 -0.0202 	 -0.0383
2.8056 	 0.4808 	 -0.0579 	 -0.1366 	 0.0173 	 -0.1021 	 -0.2270 	 -0.3188 	 -0.0187 	 -0.0396
2.8156 	 0.4809 	 -0.0589 	 -0.1389 	 0.0141 	 -0.1022 	 -0.2274 	 -0.3195 	 -0.0172 	 -0.0408
2.8257 	 0.4810 	 -0.0599 	 -0.1412 	 0.0109 	 -0.1024 	 -0.2278 	 -0.3203 	 -0.0155 	 -0.0420
2.8357 	 0.4811 	 -0.0610 	 -0.1434 	 0.0077 	 -0.1026 	 -0.2282 	 -0.3211 	 -0.0138 	 -0.0432
2.8457 	 0.4812 	 -0.0620 	 -0.1457 	 0.0045 	 -0.1027 	 -0.2286 	 -0.3219 	 -0.0119 	 -0.0444
2.8557 	 0.4812 	 -0.0630 	 -0.1480 	 0.0012 	 -0.1028 	 -0.2291 	 -0.3228 	 -0.0100 	 -0.0456
2.8657 	 0.4812 	 -0.0641 	 -0.1503 	 -0.0020 	 -0.1029 	 -0.2296 	 -0.3236 	 -0.0080 	 -0.0467
2.8758 	 0.4812 	 -0.0651 	 -0.1526 	 -0.0053 	 -0.1030 	 -0.2300 	 -0.3244 	 -0.0059 	 -0.0479
2.8858 	 0.4811 	 -0.0661 	 -0.1549 	 -0.0085 	 -0.1030 	 -0.2305 	 -0.3253 	 -0.0038 	 -0.0490
2.8958 	 0.4810 	 -0.0672 	 -0.1572 	 -0.0118 	 -0.1030 	 -0.2310 	 -0.3261 	 -0.0015 	 -0.0502
2.9058 	 0.4809 	 -0.0682 	 -0.1596 	 -0.0151 	 -0.1030 	 -0.2315 	 -0.3269 	 0.0008 	 -0.0514
2.9158 	 0.4807 	 -0.0692 	 -0.1619 	 -0.0183 	 -0.1030 	 -0.2320 	 -0.3278 	 0.0033 	 -0.0526
2.9259 	 0.4805 	 -0.0703 	 -0.1642 	 -0.0216 	 -0.1030 	 -0.2326 	 -0.3286 	 0.0058 	 -0.0538
2.9359 	 0.4803 	 -0.0713 	 -0.1665 	 -0.0249 	 -0.1029 	 -0.2331 	 -0.3294 	 0.0084 	 -0.0551
2.9459 	 0.4800 	 -0.0723 	 -0.1689 	 -0.0282 	 -0.1028 	 -0.2337 	 -0.3303 	 0.0111 	 -0.0564
2.9559 	 0.4797 	 -0.0733 	 -0.1712 	 -0.0315 	 -0.1027 	 -0.2342 	 -0.3311 	 0.0138 	 -0.0577
2.9659 	 0.4794 	 -0.0744 	 -0.1736 	 -0.0349 	 -0.1025 	 -0.2348 	 -0.3320 	 0.0167 	 -0.0590
2.9760 	 0.4790 	 -0.0754 	 -0.1759 	 -0.0382 	 -0.1023 	 -0.2354 	 -0.3329 	 0.0197 	 -0.0604
2.9860 	 0.4786 	 -0.0764 	 -0.1783 	 -0.0415 	 -0.1021 	 -0.2360 	 -0.3339 	 0.0227 	 -0.0618
2.9960 	 0.4782 	 -0.0774 	 -0.1807 	 -0.0449 	 -0.1019 	 -0.2367 	 -0.3349 	 0.0259 	 -0.0632
3.0060 	 0.4777 	 -0.0785 	 -0.1830 	 -0.0482 	 -0.1016 	 -0.2373 	 -0.3359 	 0.0291 	 -0.0647
3.0160 	 0.4772 	 -0.0795 	 -0.1854 	 -0.0516 	 -0.1013 	 -0.2380 	 -0.3370 	 0.0325 	 -0.0661
3.0261 	 0.4767 	 -0.0805 	 -0.1878 	 -0.0550 	 -0.1010 	 -0.2386 	 -0.3381 	 0.0359 	 -0.0675
3.0361 	 0.4761 	 -0.0815 	 -0.1902 	 -0.0584 	 -0.1006 	 -0.2393 	 -0.3393 	 0.0395 	 -0.0689
3.0461 	 0.4755 	 -0.0825 	 -0.1926 	 -0.0618 	 -0.1002 	 -0.2400 	 -0.3405 	 0.0432 	 -0.0703
3.0561 	 0.4749 	 -0.0835 	 -0.1950 	 -0.0652 	 -0.0997 	 -0.2407 	 -0.3418 	 0.0470 	 -0.0716
3.0661 	 0.4742 	 -0.0845 	 -0.1974 	 -0.0686 	 -0.0992 	 -0.2414 	 -0.3431 	 0.0509 	 -0.0729
3.0762 	 0.4735 	 -0.0855 	 -0.1999 	 -0.0721 	 -0.0987 	 -0.2422 	 -0.3445 	 0.0549 	 -0.0742
3.0862 	 0.4728 	 -0.0865 	 -0.2023 	 -0.0756 	 -0.0981 	 -0.2429 	 -0.3460 	 0.0591 	 -0.0754
3.0962 	 0.4720 	 -0.0875 	 -0.2047 	 -0.0790 	 -0.0975 	 -0.2437 	 -0.3474 	 0.0634 	 -0.0765
3.1062 	 0.4712 	 -0.0884 	 -0.2072 	 -0.0825 	 -0.0969 	 -0.2445 	 -0.3490 	 0.0678 	 -0.0776
3.1162 	 0.4703 	 -0.0894 	 -0.2096 	 -0.0860 	 -0.0962 	 -0.2452 	 -0.3505 	 0.0723 	 -0.0785
3.1263 	 0.4694 	 -0.0904 	 -0.2121 	 -0.0895 	 -0.0954 	 -0.2460 	 -0.3521 	 0.0770 	 -0.0794
3.1363 	 0.4685 	 -0.0913 	 -0.2146 	 -0.0931 	 -0.0946 	 -0.2468 	 -0.3537 	 0.0818 	 -0.0802
3.1463 	 0.4676 	 -0.0923 	 -0.2170 	 -0.0966 	 -0.0938 	 -0.2476 	 -0.3554 	 0.0867 	 -0.0808
3.1563 	 0.4666 	 -0.0932 	 -0.2195 	 -0.1002 	 -0.0929 	 -0.2485 	 -0.3571 	 0.0917 	 -0.0814
3.1663 	 0.4656 	 -0.0941 	 -0.2220 	 -0.1038 	 -0.0919 	 -0.2493 	 -0.3588 	 0.0969 	 -0.0818
3.1764 	 0.4645 	 -0.0950 	 -0.2245 	 -0.1074 	 -0.0909 	 -0.2501 	 -0.3605 	 0.1022 	 -0.0820
3.1864 	 0.4634 	 -0.0959 	 -0.2270 	 -0.1110 	 -0.0899 	 -0.2509 	 -0.3622 	 0.1076 	 -0.0821
3.1964 	 0.4623 	 -0.0968 	 -0.2295 	 -0.1146 	 -0.0888 	 -0.2517 	 -0.3640 	 0.1131 	 -0.0820
3.2064 	 0.4611 	 -0.0977 	 -0.2321 	 -0.1183 	 -0.0876 	 -0.2526 	 -0.3657 	 0.1187 	 -0.0818
3.2164 	 0.4599 	 -0.0986 	 -0.2346 	 -0.1220 	 -0.0864 	 -0.2534 	 -0.3674 	 0.1245 	 -0.0813
3.2265 	 0.4587 	 -0.0995 	 -0.2371 	 -0.1257 	 -0.0851 	 -0.2542 	 -0.3692 	 0.1303 	 -0.0806
3.2365 	 0.4574 	 -0.1003 	 -0.2397 	 -0.1294 	 -0.0838 	 -0.2550 	 -0.3709 	 0.1362 	 -0.0797
3.2465 	 0.4561 	 -0.1011 	 -0.2423 	 -0.1331 	 -0.0824 	 -0.2558 	 -0.3726 	 0.1423 	 -0.0785
3.2565 	 0.4547 	 -0.1020 	 -0.2448 	 -0.1368 	 -0.0809 	 -0.2566 	 -0.3742 	 0.1484 	 -0.0771
3.2665 	 0.4533 	 -0.1028 	 -0.2474 	 -0.1406 	 -0.0794 	 -0.2573 	 -0.3758 	 0.1545 	 -0.0753
3.2766 	 0.4519 	 -0.1035 	 -0.2500 	 -0.1444 	 -0.0778 	 -0.2581 	 -0.3666 	 0.1605 	 -0.0662
3.2866 	 0.4505 	 -0.1043 	 -0.2526 	 -0.1480 	 -0.0762 	 -0.2587 	 -0.3681 	 0.1668 	 -0.0638
3.2966 	 0.4490 	 -0.1051 	 -0.2552 	 -0.1517 	 -0.0745 	 -0.2593 	 -0.3694 	 0.1730 	 -0.0611
3.3066 	 0.4474 	 -0.1058 	 -0.2578 	 -0.1554 	 -0.0727 	 -0.2599 	 -0.3707 	 0.1793 	 -0.0580
3.3166 	 0.4458 	 -0.1065 	 -0.2604 	 -0.1592 	 -0.0709 	 -0.2605 	 -0.3719 	 0.1855 	 -0.0545
3.3267 	 0.4442 	 -0.1072 	 -0.2630 	 -0.1629 	 -0.0690 	 -0.2610 	 -0.3730 	 0.1917 	 -0.0507
3.3367 	 0.4426 	 -0.1079 	 -0.2656 	 -0.1666 	 -0.0671 	 -0.2615 	 -0.3740 	 0.1978 	 -0.0464
3.3467 	 0.4409 	 -0.1086 	 -0.2682 	 -0.1704 	 -0.0650 	 -0.2620 	 -0.3748 	 0.2039 	 -0.0418
3.3567 	 0.4392 	 -0.1092 	 -0.2708 	 -0.1741 	 -0.0630 	 -0.2624 	 -0.3756 	 0.2098 	 -0.0367
3.3667 	 0.4374 	 -0.1098 	 -0.2735 	 -0.1779 	 -0.0608 	 -0.2627 	 -0.3761 	 0.2155 	 -0.0312
3.3768 	 0.4356 	 -0.1104 	 -0.2761 	 -0.1817 	 -0.0587 	 -0.2630 	 -0.3766 	 0.2211 	 -0.0253
3.3868 	 0.4338 	 -0.1110 	 -0.2787 	 -0.1855 	 -0.0564 	 -0.2632 	 -0.3768 	 0.2265 	 -0.0190
3.3968 	 0.4319 	 -0.1116 	 -0.2814 	 -0.1892 	 -0.0541 	 -0.2634 	 -0.3769 	 0.2316 	 -0.0123
3.4068 	 0.4300 	 -0.1121 	 -0.2840 	 -0.1930 	 -0.0518 	 -0.2634 	 -0.3768 	 0.2364 	 -0.0052
3.4168 	 0.4280 	 -0.1126 	 -0.2867 	 -0.1968 	 -0.0494 	 -0.2635 	 -0.3765 	 0.2408 	 0.0022
3.4269 	 0.4260 	 -0.1131 	 -0.2893 	 -0.2006 	 -0.0469 	 -0.2634 	 -0.3760 	 0.2450 	 0.0101
3.4369 	 0.4240 	 -0.1135 	 -0.2919 	 -0.2043 	 -0.0445 	 -0.2633 	 -0.3754 	 0.2487 	 0.0182
3.4469 	 0.4219 	 -0.1140 	 -0.2946 	 -0.2081 	 -0.0420 	 -0.2630 	 -0.3745 	 0.2520 	 0.0266
3.4569 	 0.4198 	 -0.1144 	 -0.2972 	 -0.2118 	 -0.0394 	 -0.2627 	 -0.3734 	 0.2549 	 0.0354
3.4669 	 0.4177 	 -0.1148 	 -0.2998 	 -0.2156 	 -0.0369 	 -0.2623 	 -0.3721 	 0.2572 	 0.0443
3.4770 	 0.4155 	 -0.1151 	 -0.3025 	 -0.2193 	 -0.0343 	 -0.2618 	 -0.3707 	 0.2591 	 0.0534
3.4870 	 0.4133 	 -0.1154 	 -0.3051 	 -0.2230 	 -0.0317 	 -0.2613 	 -0.3690 	 0.2605 	 0.0626
3.4970 	 0.4110 	 -0.1158 	 -0.3077 	 -0.2267 	 -0.0291 	 -0.2606 	 -0.3671 	 0.2614 	 0.0720
3.5070 	 0.4087 	 -0.1160 	 -0.3103 	 -0.2303 	 -0.0264 	 -0.2598 	 -0.3651 	 0.2618 	 0.0813
3.5170 	 0.4064 	 -0.1163 	 -0.3129 	 -0.2340 	 -0.0238 	 -0.2590 	 -0.3630 	 0.2616 	 0.0907
3.5271 	 0.4041 	 -0.1165 	 -0.3155 	 -0.2376 	 -0.0212 	 -0.2580 	 -0.3606 	 0.2610 	 0.1000
3.5371 	 0.4017 	 -0.1167 	 -0.3181 	 -0.2412 	 -0.0186 	 -0.2569 	 -0.3582 	 0.2599 	 0.1092
3.5471 	 0.3992 	 -0.1169 	 -0.3207 	 -0.2448 	 -0.0160 	 -0.2558 	 -0.3556 	 0.2583 	 0.1182
3.5571 	 0.3967 	 -0.1170 	 -0.3232 	 -0.2483 	 -0.0134 	 -0.2546 	 -0.3529 	 0.2562 	 0.1271
3.5671 	 0.3942 	 -0.1172 	 -0.3258 	 -0.2519 	 -0.0108 	 -0.2533 	 -0.3501 	 0.2538 	 0.1357
3.5772 	 0.3917 	 -0.1172 	 -0.3283 	 -0.2554 	 -0.0083 	 -0.2519 	 -0.3473 	 0.2509 	 0.1441
3.5872 	 0.3891 	 -0.1173 	 -0.3308 	 -0.2588 	 -0.0058 	 -0.2504 	 -0.3445 	 0.2477 	 0.1522
3.5972 	 0.3865 	 -0.1174 	 -0.3333 	 -0.2623 	 -0.0034 	 -0.2488 	 -0.3416 	 0.2442 	 0.1600
3.6072 	 0.3839 	 -0.1174 	 -0.3358 	 -0.2657 	 -0.0009 	 -0.2472 	 -0.3386 	 0.2404 	 0.1675
3.6172 	 0.3812 	 -0.1174 	 -0.3383 	 -0.2690 	 0.0015 	 -0.2455 	 -0.3357 	 0.2363 	 0.1747
3.6273 	 0.3785 	 -0.1174 	 -0.3407 	 -0.2724 	 0.0038 	 -0.2437 	 -0.3329 	 0.2320 	 0.1815
3.6373 	 0.3757 	 -0.1173 	 -0.3431 	 -0.2757 	 0.0061 	 -0.2418 	 -0.3300 	 0.2275 	 0.1880
3.6473 	 0.3730 	 -0.1172 	 -0.3455 	 -0.2790 	 0.0084 	 -0.2399 	 -0.3273 	 0.2228 	 0.1942
3.6573 	 0.3701 	 -0.1171 	 -0.3479 	 -0.2823 	 0.0106 	 -0.2379 	 -0.3246 	 0.2180 	 0.2001
3.6673 	 0.3673 	 -0.1170 	 -0.3503 	 -0.2855 	 0.0127 	 -0.2359 	 -0.3220 	 0.2131 	 0.2056
3.6774 	 0.3644 	 -0.1169 	 -0.3527 	 -0.2887 	 0.0148 	 -0.2338 	 -0.3195 	 0.2081 	 0.2108
3.6874 	 0.3615 	 -0.1167 	 -0.3550 	 -0.2919 	 0.0169 	 -0.2317 	 -0.3170 	 0.2030 	 0.2158
3.6974 	 0.3586 	 -0.1165 	 -0.3573 	 -0.2951 	 0.0189 	 -0.2295 	 -0.3147 	 0.1979 	 0.2205
3.7074 	 0.3556 	 -0.1163 	 -0.3596 	 -0.2982 	 0.0209 	 -0.2273 	 -0.3125 	 0.1928 	 0.2249
3.7174 	 0.3526 	 -0.1161 	 -0.3619 	 -0.3013 	 0.0228 	 -0.2250 	 -0.3103 	 0.1876 	 0.2291
3.7275 	 0.3496 	 -0.1159 	 -0.3641 	 -0.3044 	 0.0246 	 -0.2227 	 -0.3082 	 0.1824 	 0.2331
3.7375 	 0.3465 	 -0.1156 	 -0.3663 	 -0.3075 	 0.0264 	 -0.2203 	 -0.3062 	 0.1772 	 0.2369
3.7475 	 0.3434 	 -0.1154 	 -0.3685 	 -0.3106 	 0.0282 	 -0.2179 	 -0.3042 	 0.1721 	 0.2406
3.7575 	 0.3403 	 -0.1151 	 -0.3707 	 -0.3136 	 0.0299 	 -0.2155 	 -0.3023 	 0.1669 	 0.2441
3.7675 	 0.3371 	 -0.1148 	 -0.3728 	 -0.3166 	 0.0315 	 -0.2130 	 -0.3004 	 0.1618 	 0.2474
3.7776 	 0.3339 	 -0.1144 	 -0.3750 	 -0.3196 	 0.0331 	 -0.2105 	 -0.2985 	 0.1568 	 0.2506
3.7876 	 0.3307 	 -0.1141 	 -0.3771 	 -0.3226 	 0.0347 	 -0.2080 	 -0.2966 	 0.1518 	 0.2536
3.7976 	 0.3275 	 -0.1137 	 -0.3791 	 -0.3256 	 0.0362 	 -0.2054 	 -0.2947 	 0.1468 	 0.2566
3.8076 	 0.3242 	 -0.1134 	 -0.3812 	 -0.3285 	 0.0376 	 -0.2029 	 -0.2928 	 0.1420 	 0.2594
3.8176 	 0.3209 	 -0.1130 	 -0.3832 	 -0.3315 	 0.0390 	 -0.2002 	 -0.2909 	 0.1372 	 0.2621
3.8277 	 0.3175 	 -0.1126 	 -0.3852 	 -0.3344 	 0.0404 	 -0.1976 	 -0.2889 	 0.1325 	 0.2647
3.8377 	 0.3142 	 -0.1122 	 -0.3872 	 -0.3372 	 0.0417 	 -0.1949 	 -0.2869 	 0.1278 	 0.2671
3.8477 	 0.3108 	 -0.1118 	 -0.3891 	 -0.3401 	 0.0429 	 -0.1923 	 -0.2848 	 0.1232 	 0.2695
3.8577 	 0.3074 	 -0.1113 	 -0.3910 	 -0.3429 	 0.0441 	 -0.1895 	 -0.2827 	 0.1187 	 0.2718
3.8677 	 0.3039 	 -0.1109 	 -0.3929 	 -0.3458 	 0.0453 	 -0.1868 	 -0.2806 	 0.1144 	 0.2740
3.8778 	 0.3004 	 -0.1104 	 -0.3948 	 -0.3486 	 0.0464 	 -0.1841 	 -0.2785 	 0.1101 	 0.2761
3.8878 	 0.2969 	 -0.1099 	 -0.3966 	 -0.3514 	 0.0475 	 -0.1813 	 -0.2764 	 0.1059 	 0.2782
3.8978 	 0.2934 	 -0.1095 	 -0.3984 	 -0.3541 	 0.0485 	 -0.1785 	 -0.2743 	 0.1018 	 0.2801
3.9078 	 0.2898 	 -0.1090 	 -0.4002 	 -0.3568 	 0.0495 	 -0.1757 	 -0.2723 	 0.0978 	 0.2819
3.9178 	 0.2862 	 -0.1085 	 -0.4019 	 -0.3596 	 0.0505 	 -0.1728 	 -0.2703 	 0.0939 	 0.2837
3.9279 	 0.2826 	 -0.1080 	 -0.4036 	 -0.3623 	 0.0514 	 -0.1700 	 -0.2684 	 0.0901 	 0.2854
3.9379 	 0.2790 	 -0.1074 	 -0.4053 	 -0.3649 	 0.0523 	 -0.1671 	 -0.2666 	 0.0864 	 0.2870
3.9479 	 0.2753 	 -0.1069 	 -0.4070 	 -0.3676 	 0.0532 	 -0.1642 	 -0.2648 	 0.0827 	 0.2885
3.9579 	 0.2716 	 -0.1064 	 -0.4086 	 -0.3703 	 0.0540 	 -0.1613 	 -0.2631 	 0.0791 	 0.2899
3.9679 	 0.2679 	 -0.1058 	 -0.4102 	 -0.3729 	 0.0547 	 -0.1584 	 -0.2615 	 0.0756 	 0.2913
3.9780 	 0.2641 	 -0.1053 	 -0.4118 	 -0.3755 	 0.0555 	 -0.1555 	 -0.2600 	 0.0720 	 0.2926
3.9880 	 0.2604 	 -0.1047 	 -0.4133 	 -0.3781 	 0.0562 	 -0.1526 	 -0.2586 	 0.0686 	 0.2939
3.9980 	 0.2566 	 -0.1042 	 -0.4148 	 -0.3807 	 0.0569 	 -0.1496 	 -0.2573 	 0.0651 	 0.2951
4.0080 	 0.2527 	 -0.1036 	 -0.4163 	 -0.3832 	 0.0575 	 -0.1466 	 -0.2561 	 0.0616 	 0.2963
4.0180 	 0.2489 	 -0.1030 	 -0.4178 	 -0.3858 	 0.0581 	 -0.1437 	 -0.2551 	 0.0581 	 0.2975
4.0281 	 0.2450 	 -0.1024 	 -0.4192 	 -0.3884 	 0.0587 	 -0.1407 	 -0.2542 	 0.0545 	 0.2987
4.0381 	 0.2411 	 -0.1018 	 -0.4206 	 -0.3909 	 0.0592 	 -0.1377 	 -0.2534 	 0.0509 	 0.3000
4.0481 	 0.2372 	 -0.1012 	 -0.4220 	 -0.3934 	 0.0597 	 -0.1347 	 -0.2527 	 0.0472 	 0.3013
4.0581 	 0.2332 	 -0.1006 	 -0.4233 	 -0.3960 	 0.0601 	 -0.1316 	 -0.2521 	 0.0434 	 0.3026
4.0681 	 0.2292 	 -0.1000 	 -0.4246 	 -0.3985 	 0.0605 	 -0.1286 	 -0.2516 	 0.0396 	 0.3040
4.0782 	 0.2252 	 -0.0994 	 -0.4259 	 -0.4010 	 0.0609 	 -0.1255 	 -0.2512 	 0.0356 	 0.3054
4.0882 	 0.2212 	 -0.0988 	 -0.4271 	 -0.4035 	 0.0613 	 -0.1225 	 -0.2508 	 0.0315 	 0.3069
4.0982 	 0.2171 	 -0.0982 	 -0.4283 	 -0.4060 	 0.0616 	 -0.1194 	 -0.2504 	 0.0273 	 0.3085
4.1082 	 0.2131 	 -0.0976 	 -0.4295 	 -0.4085 	 0.0618 	 -0.1163 	 -0.2500 	 0.0230 	 0.3101
4.1182 	 0.2090 	 -0.0970 	 -0.4307 	 -0.4110 	 0.0620 	 -0.1132 	 -0.2496 	 0.0186 	 0.3117
4.1283 	 0.2048 	 -0.0963 	 -0.4318 	 -0.4135 	 0.0622 	 -0.1100 	 -0.2492 	 0.0141 	 0.3133
4.1383 	 0.2007 	 -0.0957 	 -0.4329 	 -0.4160 	 0.0623 	 -0.1069 	 -0.2487 	 0.0095 	 0.3149
4.1483 	 0.1965 	 -0.0951 	 -0.4339 	 -0.4185 	 0.0624 	 -0.1037 	 -0.2482 	 0.0048 	 0.3165
4.1583 	 0.1923 	 -0.0945 	 -0.4349 	 -0.4210 	 0.0624 	 -0.1006 	 -0.2476 	 0.0000 	 0.3181
4.1683 	 0.1880 	 -0.0938 	 -0.4359 	 -0.4235 	 0.0624 	 -0.0974 	 -0.2468 	 -0.0048 	 0.3196
4.1784 	 0.1838 	 -0.0932 	 -0.4369 	 -0.4260 	 0.0623 	 -0.0942 	 -0.2460 	 -0.0098 	 0.3211
4.1884 	 0.1795 	 -0.0926 	 -0.4378 	 -0.4284 	 0.0622 	 -0.0909 	 -0.2451 	 -0.0147 	 0.3224
4.1984 	 0.1752 	 -0.0920 	 -0.4387 	 -0.4309 	 0.0620 	 -0.0877 	 -0.2440 	 -0.0196 	 0.3237
4.2084 	 0.1709 	 -0.0913 	 -0.4396 	 -0.4333 	 0.0618 	 -0.0844 	 -0.2429 	 -0.0246 	 0.3247
4.2184 	 0.1665 	 -0.0907 	 -0.4404 	 -0.4357 	 0.0615 	 -0.0812 	 -0.2416 	 -0.0295 	 0.3257
4.2285 	 0.1621 	 -0.0901 	 -0.4412 	 -0.4381 	 0.0612 	 -0.0779 	 -0.2401 	 -0.0343 	 0.3264
4.2385 	 0.1577 	 -0.0895 	 -0.4420 	 -0.4405 	 0.0608 	 -0.0746 	 -0.2386 	 -0.0391 	 0.3269
4.2485 	 0.1533 	 -0.0889 	 -0.4427 	 -0.4429 	 0.0604 	 -0.0714 	 -0.2370 	 -0.0437 	 0.3272
4.2585 	 0.1489 	 -0.0883 	 -0.4434 	 -0.4453 	 0.0599 	 -0.0681 	 -0.2354 	 -0.0482 	 0.3273
4.2685 	 0.1444 	 -0.0877 	 -0.4441 	 -0.4476 	 0.0594 	 -0.0648 	 -0.2336 	 -0.0525 	 0.3270
4.2786 	 0.1399 	 -0.0871 	 -0.4447 	 -0.4500 	 0.0589 	 -0.0615 	 -0.2319 	 -0.0567 	 0.3266
4.2886 	 0.1354 	 -0.0865 	 -0.4453 	 -0.4523 	 0.0583 	 -0.0583 	 -0.2301 	 -0.0606 	 0.3258
4.2986 	 0.1308 	 -0.0859 	 -0.4459 	 -0.4546 	 0.0577 	 -0.0550 	 -0.2283 	 -0.0643 	 0.3248
4.3086 	 0.1263 	 -0.0854 	 -0.4464 	 -0.4569 	 0.0570 	 -0.0518 	 -0.2266 	 -0.0678 	 0.3235
4.3186 	 0.1217 	 -0.0848 	 -0.4469 	 -0.4591 	 0.0563 	 -0.0485 	 -0.2249 	 -0.0710 	 0.3219
4.3287 	 0.1171 	 -0.0842 	 -0.4474 	 -0.4614 	 0.0556 	 -0.0453 	 -0.2232 	 -0.0740 	 0.3201
4.3387 	 0.1124 	 -0.0837 	 -0.4478 	 -0.4636 	 0.0548 	 -0.0421 	 -0.2217 	 -0.0767 	 0.3181
4.3487 	 0.1078 	 -0.0831 	 -0.4482 	 -0.4658 	 0.0541 	 -0.0389 	 -0.2202 	 -0.0792 	 0.3158
4.3587 	 0.1031 	 -0.0826 	 -0.4486 	 -0.4680 	 0.0533 	 -0.0358 	 -0.2188 	 -0.0815 	 0.3134
4.3687 	 0.0984 	 -0.0821 	 -0.4489 	 -0.4702 	 0.0524 	 -0.0327 	 -0.2174 	 -0.0835 	 0.3108
4.3788 	 0.0937 	 -0.0815 	 -0.4492 	 -0.4724 	 0.0516 	 -0.0296 	 -0.2161 	 -0.0853 	 0.3080
4.3888 	 0.0889 	 -0.0810 	 -0.4495 	 -0.4745 	 0.0507 	 -0.0265 	 -0.2149 	 -0.0870 	 0.3052
4.3988 	 0.0842 	 -0.0805 	 -0.4498 	 -0.4767 	 0.0498 	 -0.0234 	 -0.2137 	 -0.0884 	 0.3023
4.4088 	 0.0794 	 -0.0800 	 -0.4500 	 -0.4788 	 0.0489 	 -0.0204 	 -0.2125 	 -0.0897 	 0.2993
4.4188 	 0.0746 	 -0.0795 	 -0.4502 	 -0.4809 	 0.0480 	 -0.0174 	 -0.2113 	 -0.0909 	 0.2963
4.4289 	 0.0697 	 -0.0791 	 -0.4503 	 -0.4831 	 0.0471 	 -0.0145 	 -0.2100 	 -0.0920 	 0.2934
4.4389 	 0.0649 	 -0.0786 	 -0.4505 	 -0.4852 	 0.0462 	 -0.0116 	 -0.2087 	 -0.0930 	 0.2905
4.4489 	 0.0600 	 -0.0781 	 -0.4506 	 -0.4872 	 0.0453 	 -0.0087 	 -0.2072 	 -0.0939 	 0.2877
4.4589 	 0.0551 	 -0.0777 	 -0.4506 	 -0.4893 	 0.0443 	 -0.0058 	 -0.2057 	 -0.0949 	 0.2851
4.4689 	 0.0502 	 -0.0772 	 -0.4507 	 -0.4914 	 0.0434 	 -0.0030 	 -0.2039 	 -0.0958 	 0.2827
4.4790 	 0.0453 	 -0.0768 	 -0.4507 	 -0.4934 	 0.0424 	 -0.0001 	 -0.2019 	 -0.0967 	 0.2805
4.4890 	 0.0403 	 -0.0764 	 -0.4507 	 -0.4954 	 0.0414 	 0.0027 	 -0.1997 	 -0.0978 	 0.2786
4.4990 	 0.0353 	 -0.0760 	 -0.4506 	 -0.4974 	 0.0404 	 0.0055 	 -0.1972 	 -0.0989 	 0.2770
4.5090 	 0.0304 	 -0.0756 	 -0.4506 	 -0.4994 	 0.0394 	 0.0082 	 -0.1945 	 -0.1001 	 0.2757
4.5190 	 0.0253 	 -0.0752 	 -0.4505 	 -0.5013 	 0.0384 	 0.0110 	 -0.1915 	 -0.1014 	 0.2748
4.5291 	 0.0203 	 -0.0748 	 -0.4504 	 -0.5032 	 0.0374 	 0.0137 	 -0.1882 	 -0.1029 	 0.2743
4.5391 	 0.0153 	 -0.0744 	 -0.4502 	 -0.5051 	 0.0364 	 0.0165 	 -0.1846 	 -0.1046 	 0.2742
4.5491 	 0.0102 	 -0.0741 	 -0.4500 	 -0.5069 	 0.0353 	 0.0192 	 -0.1806 	 -0.1065 	 0.2746
4.5591 	 0.0051 	 -0.0737 	 -0.4498 	 -0.5087 	 0.0342 	 0.0220 	 -0.1764 	 -0.1086 	 0.2754
4.5691 	 -0.0000 	 -0.0734 	 -0.4496 	 -0.5104 	 0.0331 	 0.0248 	 -0.1719 	 -0.1110 	 0.2767
4.5792 	 -0.0051 	 -0.0731 	 -0.4493 	 -0.5121 	 0.0320 	 0.0275 	 -0.1671 	 -0.1137 	 0.2784
4.5892 	 -0.0103 	 -0.0728 	 -0.4490 	 -0.5138 	 0.0309 	 0.0303 	 -0.1621 	 -0.1166 	 0.2806
4.5992 	 -0.0154 	 -0.0725 	 -0.4487 	 -0.5154 	 0.0297 	 0.0332 	 -0.1568 	 -0.1199 	 0.2832
4.6092 	 -0.0206 	 -0.0722 	 -0.4484 	 -0.5169 	 0.0285 	 0.0360 	 -0.1513 	 -0.1235 	 0.2862
4.6192 	 -0.0258 	 -0.0719 	 -0.4480 	 -0.5184 	 0.0272 	 0.0389 	 -0.1456 	 -0.1275 	 0.2896
4.6293 	 -0.0310 	 -0.0716 	 -0.4476 	 -0.5198 	 0.0259 	 0.0418 	 -0.1398 	 -0.1319 	 0.2933
4.6393 	 -0.0362 	 -0.0714 	 -0.4472 	 -0.5212 	 0.0246 	 0.0448 	 -0.1338 	 -0.1367 	 0.2973
4.6493 	 -0.0414 	 -0.0711 	 -0.4467 	 -0.5225 	 0.0232 	 0.0478 	 -0.1278 	 -0.1420 	 0.3015
4.6593 	 -0.0467 	 -0.0709 	 -0.4462 	 -0.5238 	 0.0217 	 0.0508 	 -0.1218 	 -0.1479 	 0.3058
4.6693 	 -0.0519 	 -0.0707 	 -0.4457 	 -0.5249 	 0.0202 	 0.0539 	 -0.1158 	 -0.1544 	 0.3101
4.6794 	 -0.0572 	 -0.0705 	 -0.4451 	 -0.5261 	 0.0186 	 0.0570 	 -0.1099 	 -0.1616 	 0.3145
4.6894 	 -0.0625 	 -0.0703 	 -0.4445 	 -0.5272 	 0.0169 	 0.0602 	 -0.1041 	 -0.1695 	 0.3186
4.6994 	 -0.0678 	 -0.0702 	 -0.4439 	 -0.5282 	 0.0152 	 0.0634 	 -0.0986 	 -0.1783 	 0.3225
4.7094 	 -0.0731 	 -0.0700 	 -0.4433 	 -0.5291 	 0.0134 	 0.0667 	 -0.0933 	 -0.1881 	 0.3260
4.7194 	 -0.0784 	 -0.0699 	 -0.4426 	 -0.5300 	 0.0114 	 0.0699 	 -0.0885 	 -0.1989 	 0.3288
4.7295 	 -0.0837 	 -0.0698 	 -0.4419 	 -0.5309 	 0.0094 	 0.0732 	 -0.0840 	 -0.2108 	 0.3307
4.7395 	 -0.0890 	 -0.0697 	 -0.4411 	 -0.5317 	 0.0072 	 0.0766 	 -0.0800 	 -0.2241 	 0.3315
4.7495 	 -0.0943 	 -0.0696 	 -0.4403 	 -0.5325 	 0.0049 	 0.0799 	 -0.0766 	 -0.2386 	 0.3308
4.7595 	 -0.0997 	 -0.0696 	 -0.4395 	 -0.5333 	 0.0024 	 0.0832 	 -0.0736 	 -0.2545 	 0.3283
4.7695 	 -0.1050 	 -0.0696 	 -0.4387 	 -0.5340 	 -0.0002 	 0.0865 	 -0.0712 	 -0.2718 	 0.3235
4.7796 	 -0.1104 	 -0.0696 	 -0.4378 	 -0.5347 	 -0.0030 	 0.0897 	 -0.0691 	 -0.2902 	 0.3160
4.7896 	 -0.1157 	 -0.0697 	 -0.4369 	 -0.5354 	 -0.0060 	 0.0928 	 -0.0673 	 -0.3094 	 0.3051
4.7996 	 -0.1211 	 -0.0697 	 -0.4359 	 -0.5360 	 -0.0092 	 0.0958 	 -0.0655 	 -0.3290 	 0.2905
4.8096 	 -0.1265 	 -0.0698 	 -0.4349 	 -0.5367 	 -0.0126 	 0.0986 	 -0.0633 	 -0.3483 	 0.2717
4.8196 	 -0.1319 	 -0.0700 	 -0.4339 	 -0.5373 	 -0.0162 	 0.1012 	 -0.0604 	 -0.3662 	 0.2484
4.8297 	 -0.1372 	 -0.0702 	 -0.4329 	 -0.5379 	 -0.0200 	 0.1036 	 -0.0563 	 -0.3815 	 0.2206
4.8397 	 -0.1426 	 -0.0704 	 -0.4319 	 -0.5384 	 -0.0238 	 0.1056 	 -0.0505 	 -0.3930 	 0.1890
4.8497 	 -0.1480 	 -0.0707 	 -0.4308 	 -0.5389 	 -0.0278 	 0.1073 	 -0.0426 	 -0.3994 	 0.1542
4.8597 	 -0.1534 	 -0.0710 	 -0.4297 	 -0.5393 	 -0.0318 	 0.1087 	 -0.0323 	 -0.3995 	 0.1178
4.8697 	 -0.1588 	 -0.0713 	 -0.4286 	 -0.5395 	 -0.0358 	 0.1097 	 -0.0196 	 -0.3928 	 0.0815
4.8798 	 -0.1642 	 -0.0717 	 -0.4275 	 -0.5397 	 -0.0397 	 0.1103 	 -0.0048 	 -0.3793 	 0.0471
4.8898 	 -0.1696 	 -0.0721 	 -0.4264 	 -0.5396 	 -0.0434 	 0.1106 	 0.0117 	 -0.3595 	 0.0164
4.8998 	 -0.1751 	 -0.0725 	 -0.4253 	 -0.5394 	 -0.0469 	 0.1107 	 0.0293 	 -0.3348 	 -0.0094
4.9098 	 -0.1805 	 -0.0730 	 -0.4242 	 -0.5390 	 -0.0501 	 0.1105 	 0.0473 	 -0.3066 	 -0.0295
4.9198 	 -0.1859 	 -0.0735 	 -0.4231 	 -0.5385 	 -0.0530 	 0.1101 	 0.0649 	 -0.2765 	 -0.0438
4.9299 	 -0.1912 	 -0.0741 	 -0.4220 	 -0.5377 	 -0.0556 	 0.1096 	 0.0817 	 -0.2461 	 -0.0526
4.9399 	 -0.1966 	 -0.0747 	 -0.4209 	 -0.5368 	 -0.0579 	 0.1091 	 0.0972 	 -0.2167 	 -0.0567
4.9499 	 -0.2020 	 -0.0752 	 -0.4198 	 -0.5358 	 -0.0600 	 0.1085 	 0.1112 	 -0.1891 	 -0.0570
4.9599 	 -0.2074 	 -0.0759 	 -0.4187 	 -0.5346 	 -0.0617 	 0.1079 	 0.1236 	 -0.1638 	 -0.0544
4.9699 	 -0.2127 	 -0.0765 	 -0.4177 	 -0.5333 	 -0.0633 	 0.1074 	 0.1344 	 -0.1412 	 -0.0499
4.9800 	 -0.2181 	 -0.0771 	 -0.4166 	 -0.5319 	 -0.0646 	 0.1069 	 0.1437 	 -0.1212 	 -0.0442
4.9900 	 -0.2234 	 -0.0778 	 -0.4155 	 -0.5304 	 -0.0657 	 0.1065 	 0.1518 	 -0.1038 	 -0.0378
