100-Body Run with i = 92 th particle. (Units in pc,M_solar,Myr, km s-1) 

time		 x 		 y 		 z 		 xdot 		 ydot 		 zdot 		 xddot 		 yddot 		 zddot
0.0000 	 0.0014 	 -0.0148 	 0.2984 	 0.0027 	 0.0029 	 -0.0125 	 0.4826 	 0.4111 	 -1.0503
0.0100 	 0.0014 	 -0.0147 	 0.2982 	 0.0075 	 0.0070 	 -0.0231 	 0.4829 	 0.4106 	 -1.0553
0.0200 	 0.0015 	 -0.0146 	 0.2979 	 0.0123 	 0.0111 	 -0.0337 	 0.4830 	 0.4096 	 -1.0687
0.0301 	 0.0017 	 -0.0145 	 0.2975 	 0.0172 	 0.0152 	 -0.0445 	 0.4784 	 0.4104 	 -1.0944
0.0401 	 0.0019 	 -0.0143 	 0.2970 	 0.0219 	 0.0193 	 -0.0556 	 0.4776 	 0.4144 	 -1.1054
0.0501 	 0.0021 	 -0.0141 	 0.2964 	 0.0266 	 0.0235 	 -0.0667 	 0.4706 	 0.4115 	 -1.1189
0.0601 	 0.0024 	 -0.0138 	 0.2957 	 0.0315 	 0.0275 	 -0.0780 	 0.5140 	 0.3962 	 -1.1516
0.0701 	 0.0027 	 -0.0136 	 0.2948 	 0.0371 	 0.0313 	 -0.0899 	 0.6125 	 0.3639 	 -1.2163
0.0802 	 0.0031 	 -0.0132 	 0.2939 	 0.0441 	 0.0347 	 -0.1024 	 0.7883 	 0.3067 	 -1.2726
0.0902 	 0.0036 	 -0.0129 	 0.2928 	 0.0530 	 0.0374 	 -0.1149 	 0.9922 	 0.2347 	 -1.1908
0.1002 	 0.0042 	 -0.0125 	 0.2916 	 0.0632 	 0.0396 	 -0.1258 	 0.9942 	 0.2155 	 -0.9815
0.1102 	 0.0049 	 -0.0121 	 0.2903 	 0.0724 	 0.0419 	 -0.1350 	 0.8304 	 0.2473 	 -0.8890
0.1202 	 0.0057 	 -0.0116 	 0.2889 	 0.0800 	 0.0446 	 -0.1440 	 0.7054 	 0.2769 	 -0.9143
0.1303 	 0.0065 	 -0.0112 	 0.2874 	 0.0868 	 0.0474 	 -0.1534 	 0.6480 	 0.2948 	 -0.9706
0.1403 	 0.0074 	 -0.0107 	 0.2858 	 0.0931 	 0.0505 	 -0.1635 	 0.6323 	 0.3083 	 -1.0347
0.1503 	 0.0084 	 -0.0102 	 0.2841 	 0.0995 	 0.0536 	 -0.1742 	 0.6414 	 0.3242 	 -1.1005
0.1603 	 0.0094 	 -0.0096 	 0.2823 	 0.1061 	 0.0568 	 -0.1837 	 0.6351 	 0.2093 	 -0.0630
0.1703 	 0.0105 	 -0.0090 	 0.2805 	 0.1127 	 0.0591 	 -0.1841 	 0.6838 	 0.2433 	 -0.0225
0.1804 	 0.0117 	 -0.0084 	 0.2786 	 0.1197 	 0.0616 	 -0.1842 	 0.7176 	 0.2518 	 0.0028
0.1904 	 0.0129 	 -0.0078 	 0.2768 	 0.1271 	 0.0642 	 -0.1840 	 0.7501 	 0.2569 	 0.0311
0.2004 	 0.0142 	 -0.0071 	 0.2749 	 0.1348 	 0.0668 	 -0.1835 	 0.7828 	 0.2596 	 0.0587
0.2104 	 0.0156 	 -0.0065 	 0.2731 	 0.1428 	 0.0694 	 -0.1828 	 0.8191 	 0.2613 	 0.0841
0.2204 	 0.0171 	 -0.0057 	 0.2713 	 0.1512 	 0.0720 	 -0.1819 	 0.8611 	 0.2631 	 0.1078
0.2305 	 0.0186 	 -0.0050 	 0.2695 	 0.1601 	 0.0747 	 -0.1807 	 0.9105 	 0.2656 	 0.1306
0.2405 	 0.0203 	 -0.0042 	 0.2677 	 0.1695 	 0.0773 	 -0.1792 	 0.9686 	 0.2690 	 0.1534
0.2505 	 0.0220 	 -0.0035 	 0.2659 	 0.1795 	 0.0800 	 -0.1776 	 1.0377 	 0.2738 	 0.1769
0.2605 	 0.0239 	 -0.0026 	 0.2641 	 0.1903 	 0.0828 	 -0.1757 	 1.1204 	 0.2805 	 0.2018
0.2705 	 0.0258 	 -0.0018 	 0.2624 	 0.2020 	 0.0857 	 -0.1735 	 1.2210 	 0.2896 	 0.2292
0.2806 	 0.0279 	 -0.0009 	 0.2606 	 0.2149 	 0.0886 	 -0.1711 	 1.3457 	 0.3021 	 0.2609
0.2906 	 0.0302 	 -0.0000 	 0.2589 	 0.2291 	 0.0917 	 -0.1683 	 1.5042 	 0.3193 	 0.2996
0.3006 	 0.0325 	 0.0009 	 0.2573 	 0.2452 	 0.0951 	 -0.1650 	 1.7116 	 0.3430 	 0.3499
0.3106 	 0.0351 	 0.0019 	 0.2556 	 0.2636 	 0.0987 	 -0.1612 	 1.9934 	 0.3761 	 0.4208
0.3206 	 0.0378 	 0.0029 	 0.2540 	 0.2855 	 0.1026 	 -0.1565 	 2.3956 	 0.4226 	 0.5302
0.3307 	 0.0408 	 0.0039 	 0.2525 	 0.3123 	 0.1072 	 -0.1503 	 3.0094 	 0.4885 	 0.7182
0.3407 	 0.0442 	 0.0050 	 0.2510 	 0.3472 	 0.1125 	 -0.1415 	 4.0408 	 0.5794 	 1.0900
0.3507 	 0.0479 	 0.0062 	 0.2497 	 0.3964 	 0.1188 	 -0.1268 	 6.0589 	 0.6791 	 1.9934
0.3607 	 0.0523 	 0.0074 	 0.2486 	 0.4782 	 0.1253 	 -0.0948 	 11.2997 	 0.5048 	 5.1851
0.3707 	 0.0583 	 0.0085 	 0.2486 	 0.6784 	 0.1071 	 0.0466 	 44.9932 	 -10.1871 	 42.8595
0.3808 	 0.0652 	 0.0099 	 0.2486 	 0.7708 	 0.1578 	 0.0061 	 -40.8542 	 -25.5819 	 21.0033
0.3908 	 0.0722 	 0.0112 	 0.2487 	 0.5808 	 0.0609 	 0.0612 	 -8.1383 	 -3.3625 	 0.4913
0.4008 	 0.0778 	 0.0117 	 0.2493 	 0.5270 	 0.0390 	 0.0605 	 -3.4500 	 -1.4666 	 -0.3497
0.4108 	 0.0830 	 0.0120 	 0.2499 	 0.5023 	 0.0273 	 0.0562 	 -1.7146 	 -0.9569 	 -0.4855
0.4208 	 0.0880 	 0.0123 	 0.2505 	 0.4900 	 0.0187 	 0.0509 	 -0.8153 	 -0.7851 	 -0.5797
0.4309 	 0.0929 	 0.0124 	 0.2509 	 0.4849 	 0.0111 	 0.0444 	 -0.2206 	 -0.7497 	 -0.7312
0.4409 	 0.0977 	 0.0125 	 0.2513 	 0.4852 	 0.0034 	 0.0359 	 0.2768 	 -0.8058 	 -0.9906
0.4509 	 0.1026 	 0.0125 	 0.2516 	 0.4906 	 -0.0054 	 0.0239 	 0.8093 	 -0.9712 	 -1.4401
0.4609 	 0.1076 	 0.0124 	 0.2518 	 0.5021 	 -0.0168 	 0.0058 	 1.5434 	 -1.3437 	 -2.2765
0.4709 	 0.1128 	 0.0121 	 0.2517 	 0.5234 	 -0.0341 	 -0.0248 	 2.8731 	 -2.2813 	 -4.1071
0.4810 	 0.1182 	 0.0115 	 0.2511 	 0.5663 	 -0.0700 	 -0.0882 	 6.4885 	 -5.8274 	 -9.9931
0.4910 	 0.1249 	 0.0088 	 0.2477 	 0.7119 	 -0.3286 	 -0.4183 	 418.8508 	 -619.8615 	 -851.5418
0.5010 	 0.1261 	 0.0094 	 0.2516 	 0.2250 	 -0.5923 	 -0.2270 	 97.8944 	 -45.1340 	 -118.3065
0.5110 	 -1.3857 	 -2.2268 	 -0.2882 	 -301.8056 	 -445.8272 	 -107.7200 	 0.0275 	 0.0430 	 0.0041
0.5210 	 -4.4098 	 -6.6940 	 -1.3676 	 -301.8055 	 -445.8270 	 -107.7200 	 0.0033 	 0.0051 	 0.0010
0.5311 	 -7.4339 	 -11.1612 	 -2.4469 	 -301.8054 	 -445.8270 	 -107.7200 	 0.0012 	 0.0018 	 0.0004
0.5411 	 -10.4580 	 -15.6284 	 -3.5263 	 -301.8054 	 -445.8270 	 -107.7200 	 0.0006 	 0.0009 	 0.0002
0.5511 	 -13.4821 	 -20.0956 	 -4.6056 	 -301.8054 	 -445.8270 	 -107.7200 	 0.0004 	 0.0006 	 0.0002
0.5611 	 -16.5062 	 -24.5628 	 -5.6850 	 -301.8054 	 -445.8270 	 -107.7200 	 0.0003 	 0.0004 	 0.0001
0.5711 	 -19.5303 	 -29.0300 	 -6.7644 	 -301.8054 	 -445.8270 	 -107.7200 	 0.0002 	 0.0003 	 0.0001
0.5812 	 -22.5544 	 -33.4973 	 -7.8437 	 -301.8054 	 -445.8270 	 -107.7200 	 0.0001 	 0.0002 	 0.0001
0.5912 	 -25.5785 	 -37.9645 	 -8.9231 	 -301.8054 	 -445.8270 	 -107.7200 	 0.0001 	 0.0002 	 0.0000
0.6012 	 -28.6026 	 -42.4317 	 -10.0024 	 -301.8054 	 -445.8270 	 -107.7200 	 0.0001 	 0.0001 	 0.0000
0.6112 	 -31.6267 	 -46.8989 	 -11.0818 	 -301.8054 	 -445.8270 	 -107.7200 	 0.0001 	 0.0001 	 0.0000
0.6212 	 -34.6508 	 -51.3661 	 -12.1611 	 -301.8054 	 -445.8270 	 -107.7200 	 0.0001 	 0.0001 	 0.0000
0.6313 	 -37.6749 	 -55.8333 	 -13.2405 	 -301.8054 	 -445.8270 	 -107.7200 	 0.0000 	 0.0001 	 0.0000
0.6413 	 -40.6990 	 -60.3005 	 -14.3199 	 -301.8054 	 -445.8270 	 -107.7200 	 0.0000 	 0.0001 	 0.0000
0.6513 	 -43.7231 	 -64.7677 	 -15.3992 	 -301.8054 	 -445.8270 	 -107.7200 	 0.0000 	 0.0001 	 0.0000
0.6613 	 -46.7472 	 -69.2349 	 -16.4786 	 -301.8054 	 -445.8270 	 -107.7200 	 0.0000 	 0.0000 	 0.0000
0.6713 	 -49.7713 	 -73.7021 	 -17.5579 	 -301.8054 	 -445.8270 	 -107.7200 	 0.0000 	 0.0000 	 0.0000
0.6814 	 -52.7954 	 -78.1693 	 -18.6373 	 -301.8054 	 -445.8270 	 -107.7200 	 0.0000 	 0.0000 	 0.0000
0.6914 	 -55.8195 	 -82.6365 	 -19.7167 	 -301.8054 	 -445.8270 	 -107.7200 	 0.0000 	 0.0000 	 0.0000
0.7014 	 -58.8436 	 -87.1037 	 -20.7960 	 -301.8054 	 -445.8270 	 -107.7200 	 0.0000 	 0.0000 	 0.0000
0.7114 	 -61.8677 	 -91.5709 	 -21.8754 	 -301.8054 	 -445.8270 	 -107.7200 	 0.0000 	 0.0000 	 0.0000
0.7214 	 -64.8918 	 -96.0381 	 -22.9547 	 -301.8054 	 -445.8270 	 -107.7200 	 0.0000 	 0.0000 	 0.0000
0.7315 	 -67.9159 	 -100.5053 	 -24.0341 	 -301.8054 	 -445.8270 	 -107.7200 	 0.0000 	 0.0000 	 0.0000
0.7415 	 -70.9401 	 -104.9725 	 -25.1134 	 -301.8054 	 -445.8270 	 -107.7200 	 0.0000 	 0.0000 	 0.0000
0.7515 	 -73.9642 	 -109.4397 	 -26.1928 	 -301.8054 	 -445.8270 	 -107.7200 	 0.0000 	 0.0000 	 0.0000
0.7615 	 -76.9883 	 -113.9069 	 -27.2722 	 -301.8054 	 -445.8270 	 -107.7200 	 0.0000 	 0.0000 	 0.0000
0.7715 	 -80.0124 	 -118.3741 	 -28.3515 	 -301.8054 	 -445.8270 	 -107.7200 	 0.0000 	 0.0000 	 0.0000
0.7816 	 -83.0365 	 -122.8413 	 -29.4309 	 -301.8054 	 -445.8270 	 -107.7200 	 0.0000 	 0.0000 	 0.0000
0.7916 	 -86.0606 	 -127.3085 	 -30.5102 	 -301.8054 	 -445.8270 	 -107.7200 	 0.0000 	 0.0000 	 0.0000
0.8016 	 -89.0847 	 -131.7757 	 -31.5896 	 -301.8054 	 -445.8270 	 -107.7200 	 0.0000 	 0.0000 	 0.0000
0.8116 	 -92.1088 	 -136.2429 	 -32.6690 	 -301.8054 	 -445.8270 	 -107.7200 	 0.0000 	 0.0000 	 0.0000
0.8216 	 -95.1329 	 -140.7101 	 -33.7483 	 -301.8054 	 -445.8270 	 -107.7200 	 0.0000 	 0.0000 	 0.0000
0.8317 	 -98.1570 	 -145.1774 	 -34.8277 	 -301.8054 	 -445.8270 	 -107.7200 	 0.0000 	 0.0000 	 0.0000
0.8417 	 -101.1811 	 -149.6446 	 -35.9070 	 -301.8054 	 -445.8270 	 -107.7200 	 0.0000 	 0.0000 	 0.0000
0.8517 	 -104.2052 	 -154.1118 	 -36.9864 	 -301.8054 	 -445.8270 	 -107.7200 	 0.0000 	 0.0000 	 0.0000
0.8617 	 -107.2293 	 -158.5790 	 -38.0657 	 -301.8054 	 -445.8270 	 -107.7200 	 0.0000 	 0.0000 	 0.0000
0.8717 	 -110.2534 	 -163.0462 	 -39.1451 	 -301.8054 	 -445.8270 	 -107.7200 	 0.0000 	 0.0000 	 0.0000
0.8818 	 -113.2775 	 -167.5134 	 -40.2245 	 -301.8054 	 -445.8270 	 -107.7200 	 0.0000 	 0.0000 	 0.0000
0.8918 	 -116.3016 	 -171.9806 	 -41.3038 	 -301.8054 	 -445.8270 	 -107.7200 	 0.0000 	 0.0000 	 0.0000
0.9018 	 -119.3257 	 -176.4478 	 -42.3832 	 -301.8054 	 -445.8270 	 -107.7200 	 0.0000 	 0.0000 	 0.0000
0.9118 	 -122.3498 	 -180.9150 	 -43.4625 	 -301.8054 	 -445.8270 	 -107.7200 	 0.0000 	 0.0000 	 0.0000
0.9218 	 -125.3739 	 -185.3822 	 -44.5419 	 -301.8054 	 -445.8270 	 -107.7200 	 0.0000 	 0.0000 	 0.0000
0.9319 	 -128.3980 	 -189.8494 	 -45.6213 	 -301.8054 	 -445.8270 	 -107.7200 	 0.0000 	 0.0000 	 0.0000
0.9419 	 -131.4221 	 -194.3166 	 -46.7006 	 -301.8054 	 -445.8270 	 -107.7200 	 0.0000 	 0.0000 	 0.0000
0.9519 	 -134.4462 	 -198.7838 	 -47.7800 	 -301.8054 	 -445.8270 	 -107.7200 	 0.0000 	 0.0000 	 0.0000
0.9619 	 -137.4703 	 -203.2510 	 -48.8593 	 -301.8054 	 -445.8270 	 -107.7200 	 0.0000 	 0.0000 	 0.0000
0.9719 	 -140.4944 	 -207.7182 	 -49.9387 	 -301.8054 	 -445.8270 	 -107.7200 	 0.0000 	 0.0000 	 0.0000
0.9820 	 -143.5185 	 -212.1854 	 -51.0180 	 -301.8054 	 -445.8270 	 -107.7200 	 0.0000 	 0.0000 	 0.0000
0.9920 	 -146.5426 	 -216.6526 	 -52.0974 	 -301.8054 	 -445.8270 	 -107.7200 	 0.0000 	 0.0000 	 0.0000
1.0020 	 -149.5667 	 -221.1198 	 -53.1768 	 -301.8054 	 -445.8270 	 -107.7200 	 0.0000 	 0.0000 	 0.0000
1.0120 	 -152.5908 	 -225.5870 	 -54.2561 	 -301.8054 	 -445.8270 	 -107.7200 	 0.0000 	 0.0000 	 0.0000
1.0220 	 -155.6149 	 -230.0542 	 -55.3355 	 -301.8054 	 -445.8270 	 -107.7200 	 0.0000 	 0.0000 	 0.0000
1.0321 	 -158.6390 	 -234.5214 	 -56.4148 	 -301.8054 	 -445.8270 	 -107.7200 	 0.0000 	 0.0000 	 0.0000
1.0421 	 -161.6631 	 -238.9886 	 -57.4942 	 -301.8054 	 -445.8270 	 -107.7200 	 0.0000 	 0.0000 	 0.0000
1.0521 	 -164.6872 	 -243.4558 	 -58.5736 	 -301.8054 	 -445.8270 	 -107.7200 	 0.0000 	 0.0000 	 0.0000
1.0621 	 -167.7113 	 -247.9230 	 -59.6529 	 -301.8054 	 -445.8270 	 -107.7200 	 0.0000 	 0.0000 	 0.0000
1.0721 	 -170.7354 	 -252.3902 	 -60.7323 	 -301.8054 	 -445.8270 	 -107.7200 	 0.0000 	 0.0000 	 0.0000
1.0822 	 -173.7595 	 -256.8575 	 -61.8116 	 -301.8054 	 -445.8270 	 -107.7200 	 0.0000 	 0.0000 	 0.0000
1.0922 	 -176.7836 	 -261.3247 	 -62.8910 	 -301.8054 	 -445.8270 	 -107.7200 	 0.0000 	 0.0000 	 0.0000
1.1022 	 -179.8077 	 -265.7919 	 -63.9703 	 -301.8054 	 -445.8270 	 -107.7200 	 0.0000 	 0.0000 	 0.0000
1.1122 	 -182.8318 	 -270.2591 	 -65.0497 	 -301.8054 	 -445.8270 	 -107.7200 	 0.0000 	 0.0000 	 0.0000
1.1222 	 -185.8559 	 -274.7263 	 -66.1291 	 -301.8054 	 -445.8270 	 -107.7200 	 0.0000 	 0.0000 	 0.0000
1.1323 	 -188.8800 	 -279.1935 	 -67.2084 	 -301.8054 	 -445.8270 	 -107.7200 	 0.0000 	 0.0000 	 0.0000
1.1423 	 -191.9041 	 -283.6607 	 -68.2878 	 -301.8054 	 -445.8270 	 -107.7200 	 0.0000 	 0.0000 	 0.0000
1.1523 	 -194.9282 	 -288.1279 	 -69.3671 	 -301.8054 	 -445.8270 	 -107.7200 	 0.0000 	 0.0000 	 0.0000
1.1623 	 -197.9524 	 -292.5951 	 -70.4465 	 -301.8054 	 -445.8270 	 -107.7200 	 0.0000 	 0.0000 	 0.0000
1.1723 	 -200.9765 	 -297.0623 	 -71.5259 	 -301.8054 	 -445.8270 	 -107.7200 	 0.0000 	 0.0000 	 0.0000
1.1824 	 -204.0006 	 -301.5295 	 -72.6052 	 -301.8054 	 -445.8270 	 -107.7200 	 0.0000 	 0.0000 	 0.0000
1.1924 	 -207.0247 	 -305.9967 	 -73.6846 	 -301.8054 	 -445.8270 	 -107.7200 	 0.0000 	 0.0000 	 0.0000
1.2024 	 -210.0488 	 -310.4639 	 -74.7639 	 -301.8054 	 -445.8270 	 -107.7200 	 0.0000 	 0.0000 	 0.0000
1.2124 	 -213.0729 	 -314.9311 	 -75.8433 	 -301.8054 	 -445.8270 	 -107.7200 	 0.0000 	 0.0000 	 0.0000
1.2224 	 -216.0970 	 -319.3983 	 -76.9226 	 -301.8054 	 -445.8270 	 -107.7200 	 0.0000 	 0.0000 	 0.0000
1.2325 	 -219.1211 	 -323.8655 	 -78.0020 	 -301.8054 	 -445.8270 	 -107.7200 	 0.0000 	 0.0000 	 0.0000
1.2425 	 -222.1452 	 -328.3327 	 -79.0814 	 -301.8054 	 -445.8270 	 -107.7200 	 0.0000 	 0.0000 	 0.0000
1.2525 	 -225.1693 	 -332.7999 	 -80.1607 	 -301.8054 	 -445.8270 	 -107.7200 	 0.0000 	 0.0000 	 0.0000
1.2625 	 -228.1934 	 -337.2671 	 -81.2401 	 -301.8054 	 -445.8270 	 -107.7200 	 0.0000 	 0.0000 	 0.0000
1.2725 	 -231.2175 	 -341.7343 	 -82.3194 	 -301.8054 	 -445.8270 	 -107.7200 	 0.0000 	 0.0000 	 0.0000
1.2826 	 -234.2416 	 -346.2015 	 -83.3988 	 -301.8054 	 -445.8270 	 -107.7200 	 0.0000 	 0.0000 	 0.0000
1.2926 	 -237.2657 	 -350.6687 	 -84.4782 	 -301.8054 	 -445.8270 	 -107.7200 	 0.0000 	 0.0000 	 0.0000
1.3026 	 -240.2898 	 -355.1359 	 -85.5575 	 -301.8054 	 -445.8270 	 -107.7200 	 0.0000 	 0.0000 	 0.0000
1.3126 	 -243.3139 	 -359.6031 	 -86.6369 	 -301.8054 	 -445.8270 	 -107.7200 	 0.0000 	 0.0000 	 0.0000
1.3226 	 -246.3380 	 -364.0703 	 -87.7162 	 -301.8054 	 -445.8270 	 -107.7200 	 0.0000 	 0.0000 	 0.0000
1.3327 	 -249.3621 	 -368.5376 	 -88.7956 	 -301.8054 	 -445.8270 	 -107.7200 	 0.0000 	 0.0000 	 0.0000
1.3427 	 -252.3862 	 -373.0048 	 -89.8749 	 -301.8054 	 -445.8270 	 -107.7200 	 0.0000 	 0.0000 	 0.0000
1.3527 	 -255.4103 	 -377.4720 	 -90.9543 	 -301.8054 	 -445.8270 	 -107.7200 	 0.0000 	 0.0000 	 0.0000
1.3627 	 -258.4344 	 -381.9392 	 -92.0337 	 -301.8054 	 -445.8270 	 -107.7200 	 0.0000 	 0.0000 	 0.0000
1.3727 	 -261.4585 	 -386.4064 	 -93.1130 	 -301.8054 	 -445.8270 	 -107.7200 	 0.0000 	 0.0000 	 0.0000
1.3828 	 -264.4826 	 -390.8736 	 -94.1924 	 -301.8054 	 -445.8270 	 -107.7200 	 0.0000 	 0.0000 	 0.0000
1.3928 	 -267.5067 	 -395.3408 	 -95.2717 	 -301.8054 	 -445.8270 	 -107.7200 	 0.0000 	 0.0000 	 0.0000
1.4028 	 -270.5308 	 -399.8080 	 -96.3511 	 -301.8054 	 -445.8270 	 -107.7200 	 0.0000 	 0.0000 	 0.0000
1.4128 	 -273.5549 	 -404.2752 	 -97.4305 	 -301.8054 	 -445.8270 	 -107.7200 	 0.0000 	 0.0000 	 0.0000
1.4228 	 -276.5790 	 -408.7424 	 -98.5098 	 -301.8054 	 -445.8270 	 -107.7200 	 0.0000 	 0.0000 	 0.0000
1.4329 	 -279.6031 	 -413.2096 	 -99.5892 	 -301.8054 	 -445.8270 	 -107.7200 	 0.0000 	 0.0000 	 0.0000
1.4429 	 -282.6272 	 -417.6768 	 -100.6685 	 -301.8054 	 -445.8270 	 -107.7200 	 0.0000 	 0.0000 	 0.0000
1.4529 	 -285.6513 	 -422.1440 	 -101.7479 	 -301.8054 	 -445.8270 	 -107.7200 	 0.0000 	 0.0000 	 0.0000
1.4629 	 -288.6754 	 -426.6112 	 -102.8272 	 -301.8054 	 -445.8270 	 -107.7200 	 0.0000 	 0.0000 	 0.0000
1.4729 	 -291.6995 	 -431.0784 	 -103.9066 	 -301.8054 	 -445.8270 	 -107.7200 	 0.0000 	 0.0000 	 0.0000
1.4830 	 -294.7236 	 -435.5456 	 -104.9860 	 -301.8054 	 -445.8270 	 -107.7200 	 0.0000 	 0.0000 	 0.0000
1.4930 	 -297.7477 	 -440.0128 	 -106.0653 	 -301.8054 	 -445.8270 	 -107.7200 	 0.0000 	 0.0000 	 0.0000
1.5030 	 -300.7718 	 -444.4800 	 -107.1447 	 -301.8054 	 -445.8270 	 -107.7200 	 0.0000 	 0.0000 	 0.0000
1.5130 	 -303.7959 	 -448.9472 	 -108.2240 	 -301.8054 	 -445.8270 	 -107.7200 	 0.0000 	 0.0000 	 0.0000
1.5230 	 -306.8200 	 -453.4144 	 -109.3034 	 -301.8054 	 -445.8270 	 -107.7200 	 0.0000 	 0.0000 	 0.0000
1.5331 	 -309.8441 	 -457.8816 	 -110.3828 	 -301.8054 	 -445.8270 	 -107.7200 	 0.0000 	 0.0000 	 0.0000
1.5431 	 -312.8682 	 -462.3488 	 -111.4621 	 -301.8054 	 -445.8270 	 -107.7200 	 0.0000 	 0.0000 	 0.0000
1.5531 	 -315.8923 	 -466.8160 	 -112.5415 	 -301.8054 	 -445.8270 	 -107.7200 	 0.0000 	 0.0000 	 0.0000
1.5631 	 -318.9164 	 -471.2832 	 -113.6208 	 -301.8054 	 -445.8270 	 -107.7200 	 0.0000 	 0.0000 	 0.0000
1.5731 	 -321.9405 	 -475.7504 	 -114.7002 	 -301.8054 	 -445.8270 	 -107.7200 	 0.0000 	 0.0000 	 0.0000
1.5832 	 -324.9647 	 -480.2176 	 -115.7795 	 -301.8054 	 -445.8270 	 -107.7200 	 0.0000 	 0.0000 	 0.0000
1.5932 	 -327.9888 	 -484.6849 	 -116.8589 	 -301.8054 	 -445.8270 	 -107.7200 	 0.0000 	 0.0000 	 0.0000
1.6032 	 -331.0129 	 -489.1521 	 -117.9383 	 -301.8054 	 -445.8270 	 -107.7200 	 0.0000 	 0.0000 	 0.0000
1.6132 	 -334.0370 	 -493.6193 	 -119.0176 	 -301.8054 	 -445.8270 	 -107.7200 	 0.0000 	 0.0000 	 0.0000
1.6232 	 -337.0611 	 -498.0865 	 -120.0970 	 -301.8054 	 -445.8270 	 -107.7200 	 0.0000 	 0.0000 	 0.0000
1.6333 	 -340.0852 	 -502.5537 	 -121.1763 	 -301.8054 	 -445.8270 	 -107.7200 	 0.0000 	 0.0000 	 0.0000
1.6433 	 -343.1093 	 -507.0209 	 -122.2557 	 -301.8054 	 -445.8270 	 -107.7200 	 0.0000 	 0.0000 	 0.0000
1.6533 	 -346.1334 	 -511.4881 	 -123.3351 	 -301.8054 	 -445.8270 	 -107.7200 	 0.0000 	 0.0000 	 0.0000
1.6633 	 -349.1575 	 -515.9553 	 -124.4144 	 -301.8054 	 -445.8270 	 -107.7200 	 0.0000 	 0.0000 	 0.0000
1.6733 	 -352.1816 	 -520.4225 	 -125.4938 	 -301.8054 	 -445.8270 	 -107.7200 	 0.0000 	 0.0000 	 0.0000
1.6834 	 -355.2057 	 -524.8897 	 -126.5731 	 -301.8054 	 -445.8270 	 -107.7200 	 0.0000 	 0.0000 	 0.0000
1.6934 	 -358.2298 	 -529.3569 	 -127.6525 	 -301.8054 	 -445.8270 	 -107.7200 	 0.0000 	 0.0000 	 0.0000
1.7034 	 -361.2539 	 -533.8241 	 -128.7318 	 -301.8054 	 -445.8270 	 -107.7200 	 0.0000 	 0.0000 	 0.0000
1.7134 	 -364.2780 	 -538.2913 	 -129.8112 	 -301.8054 	 -445.8270 	 -107.7200 	 0.0000 	 0.0000 	 0.0000
1.7234 	 -367.3021 	 -542.7585 	 -130.8906 	 -301.8054 	 -445.8270 	 -107.7200 	 0.0000 	 0.0000 	 0.0000
1.7335 	 -370.3262 	 -547.2257 	 -131.9699 	 -301.8054 	 -445.8270 	 -107.7200 	 0.0000 	 0.0000 	 0.0000
1.7435 	 -373.3503 	 -551.6929 	 -133.0493 	 -301.8054 	 -445.8270 	 -107.7200 	 0.0000 	 0.0000 	 0.0000
1.7535 	 -376.3744 	 -556.1601 	 -134.1286 	 -301.8054 	 -445.8270 	 -107.7200 	 0.0000 	 0.0000 	 0.0000
1.7635 	 -379.3985 	 -560.6273 	 -135.2080 	 -301.8054 	 -445.8270 	 -107.7200 	 0.0000 	 0.0000 	 0.0000
1.7735 	 -382.4226 	 -565.0945 	 -136.2874 	 -301.8054 	 -445.8270 	 -107.7200 	 0.0000 	 0.0000 	 0.0000
1.7836 	 -385.4467 	 -569.5617 	 -137.3667 	 -301.8054 	 -445.8270 	 -107.7200 	 0.0000 	 0.0000 	 0.0000
1.7936 	 -388.4708 	 -574.0289 	 -138.4461 	 -301.8054 	 -445.8270 	 -107.7200 	 0.0000 	 0.0000 	 0.0000
1.8036 	 -391.4949 	 -578.4961 	 -139.5254 	 -301.8054 	 -445.8270 	 -107.7200 	 0.0000 	 0.0000 	 0.0000
1.8136 	 -394.5190 	 -582.9633 	 -140.6048 	 -301.8054 	 -445.8270 	 -107.7200 	 0.0000 	 0.0000 	 0.0000
1.8236 	 -397.5431 	 -587.4305 	 -141.6841 	 -301.8054 	 -445.8270 	 -107.7200 	 0.0000 	 0.0000 	 0.0000
1.8337 	 -400.5672 	 -591.8977 	 -142.7635 	 -301.8054 	 -445.8270 	 -107.7200 	 0.0000 	 0.0000 	 0.0000
1.8437 	 -403.5913 	 -596.3650 	 -143.8429 	 -301.8054 	 -445.8270 	 -107.7200 	 0.0000 	 0.0000 	 0.0000
1.8537 	 -406.6154 	 -600.8322 	 -144.9222 	 -301.8054 	 -445.8270 	 -107.7200 	 0.0000 	 0.0000 	 0.0000
1.8637 	 -409.6395 	 -605.2994 	 -146.0016 	 -301.8054 	 -445.8270 	 -107.7200 	 0.0000 	 0.0000 	 0.0000
1.8737 	 -412.6636 	 -609.7666 	 -147.0809 	 -301.8054 	 -445.8270 	 -107.7200 	 0.0000 	 0.0000 	 0.0000
1.8838 	 -415.6877 	 -614.2338 	 -148.1603 	 -301.8054 	 -445.8270 	 -107.7200 	 0.0000 	 0.0000 	 0.0000
1.8938 	 -418.7118 	 -618.7010 	 -149.2397 	 -301.8054 	 -445.8270 	 -107.7200 	 0.0000 	 0.0000 	 0.0000
1.9038 	 -421.7359 	 -623.1682 	 -150.3190 	 -301.8054 	 -445.8270 	 -107.7200 	 0.0000 	 0.0000 	 0.0000
1.9138 	 -424.7600 	 -627.6354 	 -151.3984 	 -301.8054 	 -445.8270 	 -107.7200 	 0.0000 	 0.0000 	 0.0000
1.9238 	 -427.7841 	 -632.1026 	 -152.4777 	 -301.8054 	 -445.8270 	 -107.7200 	 0.0000 	 0.0000 	 0.0000
1.9339 	 -430.8082 	 -636.5698 	 -153.5571 	 -301.8054 	 -445.8270 	 -107.7200 	 0.0000 	 0.0000 	 0.0000
1.9439 	 -433.8323 	 -641.0370 	 -154.6364 	 -301.8054 	 -445.8270 	 -107.7200 	 0.0000 	 0.0000 	 0.0000
1.9539 	 -436.8564 	 -645.5042 	 -155.7158 	 -301.8054 	 -445.8270 	 -107.7200 	 0.0000 	 0.0000 	 0.0000
1.9639 	 -439.8805 	 -649.9714 	 -156.7952 	 -301.8054 	 -445.8270 	 -107.7200 	 0.0000 	 0.0000 	 0.0000
1.9739 	 -442.9046 	 -654.4386 	 -157.8745 	 -301.8054 	 -445.8270 	 -107.7200 	 0.0000 	 0.0000 	 0.0000
1.9840 	 -445.9287 	 -658.9058 	 -158.9539 	 -301.8054 	 -445.8270 	 -107.7200 	 0.0000 	 0.0000 	 0.0000
1.9940 	 -448.9528 	 -663.3730 	 -160.0332 	 -301.8054 	 -445.8270 	 -107.7200 	 0.0000 	 0.0000 	 0.0000
2.0040 	 -451.9770 	 -667.8402 	 -161.1126 	 -301.8054 	 -445.8270 	 -107.7200 	 0.0000 	 0.0000 	 0.0000
2.0140 	 -455.0011 	 -672.3074 	 -162.1920 	 -301.8054 	 -445.8270 	 -107.7200 	 0.0000 	 0.0000 	 0.0000
2.0240 	 -458.0252 	 -676.7746 	 -163.2713 	 -301.8054 	 -445.8270 	 -107.7200 	 0.0000 	 0.0000 	 0.0000
2.0341 	 -461.0493 	 -681.2418 	 -164.3507 	 -301.8054 	 -445.8270 	 -107.7200 	 0.0000 	 0.0000 	 0.0000
2.0441 	 -464.0734 	 -685.7090 	 -165.4300 	 -301.8054 	 -445.8270 	 -107.7200 	 0.0000 	 0.0000 	 0.0000
2.0541 	 -467.0975 	 -690.1762 	 -166.5094 	 -301.8054 	 -445.8270 	 -107.7200 	 0.0000 	 0.0000 	 0.0000
2.0641 	 -470.1216 	 -694.6434 	 -167.5887 	 -301.8054 	 -445.8270 	 -107.7200 	 0.0000 	 0.0000 	 0.0000
2.0741 	 -473.1457 	 -699.1106 	 -168.6681 	 -301.8054 	 -445.8270 	 -107.7200 	 0.0000 	 0.0000 	 0.0000
2.0842 	 -476.1698 	 -703.5778 	 -169.7475 	 -301.8054 	 -445.8270 	 -107.7200 	 0.0000 	 0.0000 	 0.0000
2.0942 	 -479.1939 	 -708.0451 	 -170.8268 	 -301.8054 	 -445.8270 	 -107.7200 	 0.0000 	 0.0000 	 0.0000
2.1042 	 -482.2180 	 -712.5123 	 -171.9062 	 -301.8054 	 -445.8270 	 -107.7200 	 0.0000 	 0.0000 	 0.0000
2.1142 	 -485.2421 	 -716.9795 	 -172.9855 	 -301.8054 	 -445.8270 	 -107.7200 	 0.0000 	 0.0000 	 0.0000
2.1242 	 -488.2662 	 -721.4467 	 -174.0649 	 -301.8054 	 -445.8270 	 -107.7200 	 0.0000 	 0.0000 	 0.0000
2.1343 	 -491.2903 	 -725.9139 	 -175.1443 	 -301.8054 	 -445.8270 	 -107.7200 	 0.0000 	 0.0000 	 0.0000
2.1443 	 -494.3144 	 -730.3811 	 -176.2236 	 -301.8054 	 -445.8270 	 -107.7200 	 0.0000 	 0.0000 	 0.0000
2.1543 	 -497.3385 	 -734.8483 	 -177.3030 	 -301.8054 	 -445.8270 	 -107.7200 	 0.0000 	 0.0000 	 0.0000
2.1643 	 -500.3626 	 -739.3155 	 -178.3823 	 -301.8054 	 -445.8270 	 -107.7200 	 0.0000 	 0.0000 	 0.0000
2.1743 	 -503.3867 	 -743.7827 	 -179.4617 	 -301.8054 	 -445.8270 	 -107.7200 	 0.0000 	 0.0000 	 0.0000
2.1844 	 -506.4108 	 -748.2499 	 -180.5410 	 -301.8054 	 -445.8270 	 -107.7200 	 0.0000 	 0.0000 	 0.0000
2.1944 	 -509.4349 	 -752.7171 	 -181.6204 	 -301.8054 	 -445.8270 	 -107.7200 	 0.0000 	 0.0000 	 0.0000
2.2044 	 -512.4590 	 -757.1843 	 -182.6998 	 -301.8054 	 -445.8270 	 -107.7200 	 0.0000 	 0.0000 	 0.0000
2.2144 	 -515.4831 	 -761.6515 	 -183.7791 	 -301.8054 	 -445.8270 	 -107.7200 	 0.0000 	 0.0000 	 0.0000
2.2244 	 -518.5072 	 -766.1187 	 -184.8585 	 -301.8054 	 -445.8270 	 -107.7200 	 0.0000 	 0.0000 	 0.0000
2.2345 	 -521.5313 	 -770.5859 	 -185.9378 	 -301.8054 	 -445.8270 	 -107.7200 	 0.0000 	 0.0000 	 0.0000
2.2445 	 -524.5554 	 -775.0531 	 -187.0172 	 -301.8054 	 -445.8270 	 -107.7200 	 0.0000 	 0.0000 	 0.0000
2.2545 	 -527.5795 	 -779.5203 	 -188.0965 	 -301.8054 	 -445.8270 	 -107.7200 	 0.0000 	 0.0000 	 0.0000
2.2645 	 -530.6036 	 -783.9875 	 -189.1759 	 -301.8054 	 -445.8270 	 -107.7200 	 0.0000 	 0.0000 	 0.0000
2.2745 	 -533.6277 	 -788.4547 	 -190.2553 	 -301.8054 	 -445.8270 	 -107.7200 	 0.0000 	 0.0000 	 0.0000
2.2846 	 -536.6518 	 -792.9219 	 -191.3346 	 -301.8054 	 -445.8270 	 -107.7200 	 0.0000 	 0.0000 	 0.0000
2.2946 	 -539.6759 	 -797.3891 	 -192.4140 	 -301.8054 	 -445.8270 	 -107.7200 	 0.0000 	 0.0000 	 0.0000
2.3046 	 -542.7000 	 -801.8563 	 -193.4933 	 -301.8054 	 -445.8270 	 -107.7200 	 0.0000 	 0.0000 	 0.0000
2.3146 	 -545.7241 	 -806.3235 	 -194.5727 	 -301.8054 	 -445.8270 	 -107.7200 	 0.0000 	 0.0000 	 0.0000
2.3246 	 -548.7482 	 -810.7907 	 -195.6521 	 -301.8054 	 -445.8270 	 -107.7200 	 0.0000 	 0.0000 	 0.0000
2.3347 	 -551.7723 	 -815.2579 	 -196.7314 	 -301.8054 	 -445.8270 	 -107.7200 	 0.0000 	 0.0000 	 0.0000
2.3447 	 -554.7964 	 -819.7251 	 -197.8108 	 -301.8054 	 -445.8270 	 -107.7200 	 0.0000 	 0.0000 	 0.0000
2.3547 	 -557.8205 	 -824.1924 	 -198.8901 	 -301.8054 	 -445.8270 	 -107.7200 	 0.0000 	 0.0000 	 0.0000
2.3647 	 -560.8446 	 -828.6596 	 -199.9695 	 -301.8054 	 -445.8270 	 -107.7200 	 0.0000 	 0.0000 	 0.0000
2.3747 	 -563.8687 	 -833.1268 	 -201.0488 	 -301.8054 	 -445.8270 	 -107.7200 	 0.0000 	 0.0000 	 0.0000
2.3848 	 -566.8928 	 -837.5940 	 -202.1282 	 -301.8054 	 -445.8270 	 -107.7200 	 0.0000 	 0.0000 	 0.0000
2.3948 	 -569.9169 	 -842.0612 	 -203.2076 	 -301.8054 	 -445.8270 	 -107.7200 	 0.0000 	 0.0000 	 0.0000
2.4048 	 -572.9410 	 -846.5284 	 -204.2869 	 -301.8054 	 -445.8270 	 -107.7200 	 0.0000 	 0.0000 	 0.0000
2.4148 	 -575.9651 	 -850.9956 	 -205.3663 	 -301.8054 	 -445.8270 	 -107.7200 	 0.0000 	 0.0000 	 0.0000
2.4248 	 -578.9893 	 -855.4628 	 -206.4456 	 -301.8054 	 -445.8270 	 -107.7200 	 0.0000 	 0.0000 	 0.0000
2.4349 	 -582.0134 	 -859.9300 	 -207.5250 	 -301.8054 	 -445.8270 	 -107.7200 	 0.0000 	 0.0000 	 0.0000
2.4449 	 -585.0375 	 -864.3972 	 -208.6044 	 -301.8054 	 -445.8270 	 -107.7200 	 0.0000 	 0.0000 	 0.0000
2.4549 	 -588.0616 	 -868.8644 	 -209.6837 	 -301.8054 	 -445.8270 	 -107.7200 	 0.0000 	 0.0000 	 0.0000
2.4649 	 -591.0857 	 -873.3316 	 -210.7631 	 -301.8054 	 -445.8270 	 -107.7200 	 0.0000 	 0.0000 	 0.0000
2.4749 	 -594.1098 	 -877.7988 	 -211.8424 	 -301.8054 	 -445.8270 	 -107.7200 	 0.0000 	 0.0000 	 0.0000
2.4850 	 -597.1339 	 -882.2660 	 -212.9218 	 -301.8054 	 -445.8270 	 -107.7200 	 0.0000 	 0.0000 	 0.0000
2.4950 	 -600.1580 	 -886.7332 	 -214.0011 	 -301.8054 	 -445.8270 	 -107.7200 	 0.0000 	 0.0000 	 0.0000
2.5050 	 -603.1821 	 -891.2004 	 -215.0805 	 -301.8054 	 -445.8270 	 -107.7200 	 0.0000 	 0.0000 	 0.0000
2.5150 	 -606.2062 	 -895.6676 	 -216.1599 	 -301.8054 	 -445.8270 	 -107.7200 	 0.0000 	 0.0000 	 0.0000
2.5251 	 -609.2303 	 -900.1348 	 -217.2392 	 -301.8054 	 -445.8270 	 -107.7200 	 0.0000 	 0.0000 	 0.0000
2.5351 	 -612.2544 	 -904.6020 	 -218.3186 	 -301.8054 	 -445.8270 	 -107.7200 	 0.0000 	 0.0000 	 0.0000
2.5451 	 -615.2785 	 -909.0692 	 -219.3979 	 -301.8054 	 -445.8270 	 -107.7200 	 0.0000 	 0.0000 	 0.0000
2.5551 	 -618.3026 	 -913.5364 	 -220.4773 	 -301.8054 	 -445.8270 	 -107.7200 	 0.0000 	 0.0000 	 0.0000
2.5651 	 -621.3267 	 -918.0036 	 -221.5567 	 -301.8054 	 -445.8270 	 -107.7200 	 0.0000 	 0.0000 	 0.0000
2.5752 	 -624.3508 	 -922.4708 	 -222.6360 	 -301.8054 	 -445.8270 	 -107.7200 	 0.0000 	 0.0000 	 0.0000
2.5852 	 -627.3749 	 -926.9380 	 -223.7154 	 -301.8054 	 -445.8270 	 -107.7200 	 0.0000 	 0.0000 	 0.0000
2.5952 	 -630.3990 	 -931.4052 	 -224.7947 	 -301.8054 	 -445.8270 	 -107.7200 	 0.0000 	 0.0000 	 0.0000
2.6052 	 -633.4231 	 -935.8725 	 -225.8741 	 -301.8054 	 -445.8270 	 -107.7200 	 0.0000 	 0.0000 	 0.0000
2.6152 	 -636.4472 	 -940.3397 	 -226.9534 	 -301.8054 	 -445.8270 	 -107.7200 	 0.0000 	 0.0000 	 0.0000
2.6253 	 -639.4713 	 -944.8069 	 -228.0328 	 -301.8054 	 -445.8270 	 -107.7200 	 0.0000 	 0.0000 	 0.0000
2.6353 	 -642.4954 	 -949.2741 	 -229.1122 	 -301.8054 	 -445.8270 	 -107.7200 	 0.0000 	 0.0000 	 0.0000
2.6453 	 -645.5195 	 -953.7413 	 -230.1915 	 -301.8054 	 -445.8270 	 -107.7200 	 0.0000 	 0.0000 	 0.0000
2.6553 	 -648.5436 	 -958.2085 	 -231.2709 	 -301.8054 	 -445.8270 	 -107.7200 	 0.0000 	 0.0000 	 0.0000
2.6653 	 -651.5677 	 -962.6757 	 -232.3502 	 -301.8054 	 -445.8270 	 -107.7200 	 0.0000 	 0.0000 	 0.0000
2.6754 	 -654.5918 	 -967.1429 	 -233.4296 	 -301.8054 	 -445.8270 	 -107.7200 	 0.0000 	 0.0000 	 0.0000
2.6854 	 -657.6159 	 -971.6101 	 -234.5090 	 -301.8054 	 -445.8270 	 -107.7200 	 0.0000 	 0.0000 	 0.0000
2.6954 	 -660.6400 	 -976.0773 	 -235.5883 	 -301.8054 	 -445.8270 	 -107.7200 	 0.0000 	 0.0000 	 0.0000
2.7054 	 -663.6641 	 -980.5445 	 -236.6677 	 -301.8054 	 -445.8270 	 -107.7200 	 0.0000 	 0.0000 	 0.0000
2.7154 	 -666.6882 	 -985.0117 	 -237.7470 	 -301.8054 	 -445.8270 	 -107.7200 	 0.0000 	 0.0000 	 0.0000
2.7255 	 -669.7123 	 -989.4789 	 -238.8264 	 -301.8054 	 -445.8270 	 -107.7200 	 0.0000 	 0.0000 	 0.0000
2.7355 	 -672.7364 	 -993.9461 	 -239.9057 	 -301.8054 	 -445.8270 	 -107.7200 	 0.0000 	 0.0000 	 0.0000
2.7455 	 -675.7605 	 -998.4133 	 -240.9851 	 -301.8054 	 -445.8270 	 -107.7200 	 0.0000 	 0.0000 	 0.0000
2.7555 	 -678.7846 	 -1002.8805 	 -242.0645 	 -301.8054 	 -445.8270 	 -107.7200 	 0.0000 	 0.0000 	 0.0000
2.7655 	 -681.8087 	 -1007.3477 	 -243.1438 	 -301.8054 	 -445.8270 	 -107.7200 	 0.0000 	 0.0000 	 0.0000
2.7756 	 -684.8328 	 -1011.8149 	 -244.2232 	 -301.8054 	 -445.8270 	 -107.7200 	 0.0000 	 0.0000 	 0.0000
2.7856 	 -687.8569 	 -1016.2821 	 -245.3025 	 -301.8054 	 -445.8270 	 -107.7200 	 0.0000 	 0.0000 	 0.0000
2.7956 	 -690.8810 	 -1020.7493 	 -246.3819 	 -301.8054 	 -445.8270 	 -107.7200 	 0.0000 	 0.0000 	 0.0000
2.8056 	 -693.9051 	 -1025.2165 	 -247.4613 	 -301.8054 	 -445.8270 	 -107.7200 	 0.0000 	 0.0000 	 0.0000
2.8156 	 -696.9292 	 -1029.6837 	 -248.5406 	 -301.8054 	 -445.8270 	 -107.7200 	 0.0000 	 0.0000 	 0.0000
2.8257 	 -699.9533 	 -1034.1509 	 -249.6200 	 -301.8054 	 -445.8270 	 -107.7200 	 0.0000 	 0.0000 	 0.0000
2.8357 	 -702.9774 	 -1038.6181 	 -250.6993 	 -301.8054 	 -445.8270 	 -107.7200 	 0.0000 	 0.0000 	 0.0000
2.8457 	 -706.0016 	 -1043.0853 	 -251.7787 	 -301.8054 	 -445.8270 	 -107.7200 	 0.0000 	 0.0000 	 0.0000
2.8557 	 -709.0257 	 -1047.5526 	 -252.8580 	 -301.8054 	 -445.8270 	 -107.7200 	 0.0000 	 0.0000 	 0.0000
2.8657 	 -712.0498 	 -1052.0198 	 -253.9374 	 -301.8054 	 -445.8270 	 -107.7200 	 0.0000 	 0.0000 	 0.0000
2.8758 	 -715.0739 	 -1056.4870 	 -255.0168 	 -301.8054 	 -445.8270 	 -107.7200 	 0.0000 	 0.0000 	 0.0000
2.8858 	 -718.0980 	 -1060.9542 	 -256.0961 	 -301.8054 	 -445.8270 	 -107.7200 	 0.0000 	 0.0000 	 0.0000
2.8958 	 -721.1221 	 -1065.4214 	 -257.1755 	 -301.8054 	 -445.8270 	 -107.7200 	 0.0000 	 0.0000 	 0.0000
2.9058 	 -724.1462 	 -1069.8886 	 -258.2548 	 -301.8054 	 -445.8270 	 -107.7200 	 0.0000 	 0.0000 	 0.0000
2.9158 	 -727.1703 	 -1074.3558 	 -259.3342 	 -301.8054 	 -445.8270 	 -107.7200 	 0.0000 	 0.0000 	 0.0000
2.9259 	 -730.1944 	 -1078.8230 	 -260.4136 	 -301.8054 	 -445.8270 	 -107.7200 	 0.0000 	 0.0000 	 0.0000
2.9359 	 -733.2185 	 -1083.2902 	 -261.4929 	 -301.8054 	 -445.8270 	 -107.7200 	 0.0000 	 0.0000 	 0.0000
2.9459 	 -736.2426 	 -1087.7574 	 -262.5723 	 -301.8054 	 -445.8270 	 -107.7200 	 0.0000 	 0.0000 	 0.0000
2.9559 	 -739.2667 	 -1092.2246 	 -263.6516 	 -301.8054 	 -445.8270 	 -107.7200 	 0.0000 	 0.0000 	 0.0000
2.9659 	 -742.2908 	 -1096.6918 	 -264.7310 	 -301.8054 	 -445.8270 	 -107.7200 	 0.0000 	 0.0000 	 0.0000
2.9760 	 -745.3149 	 -1101.1590 	 -265.8103 	 -301.8054 	 -445.8270 	 -107.7200 	 0.0000 	 0.0000 	 0.0000
2.9860 	 -748.3390 	 -1105.6262 	 -266.8897 	 -301.8054 	 -445.8270 	 -107.7200 	 0.0000 	 0.0000 	 0.0000
2.9960 	 -751.3631 	 -1110.0934 	 -267.9691 	 -301.8054 	 -445.8270 	 -107.7200 	 0.0000 	 0.0000 	 0.0000
3.0060 	 -754.3872 	 -1114.5606 	 -269.0484 	 -301.8054 	 -445.8270 	 -107.7200 	 0.0000 	 0.0000 	 0.0000
3.0160 	 -757.4113 	 -1119.0278 	 -270.1278 	 -301.8054 	 -445.8270 	 -107.7200 	 0.0000 	 0.0000 	 0.0000
3.0261 	 -760.4354 	 -1123.4950 	 -271.2071 	 -301.8054 	 -445.8270 	 -107.7200 	 0.0000 	 0.0000 	 0.0000
3.0361 	 -763.4595 	 -1127.9622 	 -272.2865 	 -301.8054 	 -445.8270 	 -107.7200 	 0.0000 	 0.0000 	 0.0000
3.0461 	 -766.4836 	 -1132.4294 	 -273.3659 	 -301.8054 	 -445.8270 	 -107.7200 	 0.0000 	 0.0000 	 0.0000
3.0561 	 -769.5077 	 -1136.8966 	 -274.4452 	 -301.8054 	 -445.8270 	 -107.7200 	 0.0000 	 0.0000 	 0.0000
3.0661 	 -772.5318 	 -1141.3638 	 -275.5246 	 -301.8054 	 -445.8270 	 -107.7200 	 0.0000 	 0.0000 	 0.0000
3.0762 	 -775.5559 	 -1145.8310 	 -276.6039 	 -301.8054 	 -445.8270 	 -107.7200 	 0.0000 	 0.0000 	 0.0000
3.0862 	 -778.5800 	 -1150.2982 	 -277.6833 	 -301.8054 	 -445.8270 	 -107.7200 	 0.0000 	 0.0000 	 0.0000
3.0962 	 -781.6041 	 -1154.7654 	 -278.7626 	 -301.8054 	 -445.8270 	 -107.7200 	 0.0000 	 0.0000 	 0.0000
3.1062 	 -784.6282 	 -1159.2326 	 -279.8420 	 -301.8054 	 -445.8270 	 -107.7200 	 0.0000 	 0.0000 	 0.0000
3.1162 	 -787.6523 	 -1163.6999 	 -280.9214 	 -301.8054 	 -445.8270 	 -107.7200 	 0.0000 	 0.0000 	 0.0000
3.1263 	 -790.6764 	 -1168.1671 	 -282.0007 	 -301.8054 	 -445.8270 	 -107.7200 	 0.0000 	 0.0000 	 0.0000
3.1363 	 -793.7005 	 -1172.6343 	 -283.0801 	 -301.8054 	 -445.8270 	 -107.7200 	 0.0000 	 0.0000 	 0.0000
3.1463 	 -796.7246 	 -1177.1015 	 -284.1594 	 -301.8054 	 -445.8270 	 -107.7200 	 0.0000 	 0.0000 	 0.0000
3.1563 	 -799.7487 	 -1181.5687 	 -285.2388 	 -301.8054 	 -445.8270 	 -107.7200 	 0.0000 	 0.0000 	 0.0000
3.1663 	 -802.7728 	 -1186.0359 	 -286.3182 	 -301.8054 	 -445.8270 	 -107.7200 	 0.0000 	 0.0000 	 0.0000
3.1764 	 -805.7969 	 -1190.5031 	 -287.3975 	 -301.8054 	 -445.8270 	 -107.7200 	 0.0000 	 0.0000 	 0.0000
3.1864 	 -808.8210 	 -1194.9703 	 -288.4769 	 -301.8054 	 -445.8270 	 -107.7200 	 0.0000 	 0.0000 	 0.0000
3.1964 	 -811.8451 	 -1199.4375 	 -289.5562 	 -301.8054 	 -445.8270 	 -107.7200 	 0.0000 	 0.0000 	 0.0000
3.2064 	 -814.8692 	 -1203.9047 	 -290.6356 	 -301.8054 	 -445.8270 	 -107.7200 	 0.0000 	 0.0000 	 0.0000
3.2164 	 -817.8933 	 -1208.3719 	 -291.7149 	 -301.8054 	 -445.8270 	 -107.7200 	 0.0000 	 0.0000 	 0.0000
3.2265 	 -820.9174 	 -1212.8391 	 -292.7943 	 -301.8054 	 -445.8270 	 -107.7200 	 0.0000 	 0.0000 	 0.0000
3.2365 	 -823.9415 	 -1217.3063 	 -293.8737 	 -301.8054 	 -445.8270 	 -107.7200 	 0.0000 	 0.0000 	 0.0000
3.2465 	 -826.9656 	 -1221.7735 	 -294.9530 	 -301.8054 	 -445.8270 	 -107.7200 	 0.0000 	 0.0000 	 0.0000
3.2565 	 -829.9897 	 -1226.2407 	 -296.0324 	 -301.8054 	 -445.8270 	 -107.7200 	 0.0000 	 0.0000 	 0.0000
3.2665 	 -833.0139 	 -1230.7079 	 -297.1117 	 -301.8054 	 -445.8270 	 -107.7200 	 0.0000 	 0.0000 	 0.0000
3.2766 	 -836.0380 	 -1235.1751 	 -298.1911 	 -301.8054 	 -445.8270 	 -107.7200 	 0.0000 	 0.0000 	 0.0000
3.2866 	 -839.0621 	 -1239.6423 	 -299.2705 	 -301.8054 	 -445.8270 	 -107.7200 	 0.0000 	 0.0000 	 0.0000
3.2966 	 -842.0862 	 -1244.1095 	 -300.3498 	 -301.8054 	 -445.8270 	 -107.7200 	 0.0000 	 0.0000 	 0.0000
3.3066 	 -845.1103 	 -1248.5767 	 -301.4292 	 -301.8054 	 -445.8270 	 -107.7200 	 0.0000 	 0.0000 	 0.0000
3.3166 	 -848.1344 	 -1253.0439 	 -302.5085 	 -301.8054 	 -445.8270 	 -107.7200 	 0.0000 	 0.0000 	 0.0000
3.3267 	 -851.1585 	 -1257.5111 	 -303.5879 	 -301.8054 	 -445.8270 	 -107.7200 	 0.0000 	 0.0000 	 0.0000
3.3367 	 -854.1826 	 -1261.9783 	 -304.6672 	 -301.8054 	 -445.8270 	 -107.7200 	 0.0000 	 0.0000 	 0.0000
3.3467 	 -857.2067 	 -1266.4455 	 -305.7466 	 -301.8054 	 -445.8270 	 -107.7200 	 0.0000 	 0.0000 	 0.0000
3.3567 	 -860.2308 	 -1270.9127 	 -306.8260 	 -301.8054 	 -445.8270 	 -107.7200 	 0.0000 	 0.0000 	 0.0000
3.3667 	 -863.2549 	 -1275.3800 	 -307.9053 	 -301.8054 	 -445.8270 	 -107.7200 	 0.0000 	 0.0000 	 0.0000
3.3768 	 -866.2790 	 -1279.8472 	 -308.9847 	 -301.8054 	 -445.8270 	 -107.7200 	 0.0000 	 0.0000 	 0.0000
3.3868 	 -869.3031 	 -1284.3144 	 -310.0640 	 -301.8054 	 -445.8270 	 -107.7200 	 0.0000 	 0.0000 	 0.0000
3.3968 	 -872.3272 	 -1288.7816 	 -311.1434 	 -301.8054 	 -445.8270 	 -107.7200 	 0.0000 	 0.0000 	 0.0000
3.4068 	 -875.3513 	 -1293.2488 	 -312.2228 	 -301.8054 	 -445.8270 	 -107.7200 	 0.0000 	 0.0000 	 0.0000
3.4168 	 -878.3754 	 -1297.7160 	 -313.3021 	 -301.8054 	 -445.8270 	 -107.7200 	 0.0000 	 0.0000 	 0.0000
3.4269 	 -881.3995 	 -1302.1832 	 -314.3815 	 -301.8054 	 -445.8270 	 -107.7200 	 0.0000 	 0.0000 	 0.0000
3.4369 	 -884.4236 	 -1306.6504 	 -315.4608 	 -301.8054 	 -445.8270 	 -107.7200 	 0.0000 	 0.0000 	 0.0000
3.4469 	 -887.4477 	 -1311.1176 	 -316.5402 	 -301.8054 	 -445.8270 	 -107.7200 	 0.0000 	 0.0000 	 0.0000
3.4569 	 -890.4718 	 -1315.5848 	 -317.6195 	 -301.8054 	 -445.8270 	 -107.7200 	 0.0000 	 0.0000 	 0.0000
3.4669 	 -893.4959 	 -1320.0520 	 -318.6989 	 -301.8054 	 -445.8270 	 -107.7200 	 0.0000 	 0.0000 	 0.0000
3.4770 	 -896.5200 	 -1324.5192 	 -319.7783 	 -301.8054 	 -445.8270 	 -107.7200 	 0.0000 	 0.0000 	 0.0000
3.4870 	 -899.5441 	 -1328.9864 	 -320.8576 	 -301.8054 	 -445.8270 	 -107.7200 	 0.0000 	 0.0000 	 0.0000
3.4970 	 -902.5682 	 -1333.4536 	 -321.9370 	 -301.8054 	 -445.8270 	 -107.7200 	 0.0000 	 0.0000 	 0.0000
3.5070 	 -905.5923 	 -1337.9208 	 -323.0163 	 -301.8054 	 -445.8270 	 -107.7200 	 0.0000 	 0.0000 	 0.0000
3.5170 	 -908.6164 	 -1342.3880 	 -324.0957 	 -301.8054 	 -445.8270 	 -107.7200 	 0.0000 	 0.0000 	 0.0000
3.5271 	 -911.6405 	 -1346.8552 	 -325.1751 	 -301.8054 	 -445.8270 	 -107.7200 	 0.0000 	 0.0000 	 0.0000
3.5371 	 -914.6646 	 -1351.3224 	 -326.2544 	 -301.8054 	 -445.8270 	 -107.7200 	 0.0000 	 0.0000 	 0.0000
3.5471 	 -917.6887 	 -1355.7896 	 -327.3338 	 -301.8054 	 -445.8270 	 -107.7200 	 0.0000 	 0.0000 	 0.0000
3.5571 	 -920.7128 	 -1360.2568 	 -328.4131 	 -301.8054 	 -445.8270 	 -107.7200 	 0.0000 	 0.0000 	 0.0000
3.5671 	 -923.7369 	 -1364.7240 	 -329.4925 	 -301.8054 	 -445.8270 	 -107.7200 	 0.0000 	 0.0000 	 0.0000
3.5772 	 -926.7610 	 -1369.1912 	 -330.5718 	 -301.8054 	 -445.8270 	 -107.7200 	 0.0000 	 0.0000 	 0.0000
3.5872 	 -929.7851 	 -1373.6584 	 -331.6512 	 -301.8054 	 -445.8270 	 -107.7200 	 0.0000 	 0.0000 	 0.0000
3.5972 	 -932.8092 	 -1378.1256 	 -332.7306 	 -301.8054 	 -445.8270 	 -107.7200 	 0.0000 	 0.0000 	 0.0000
3.6072 	 -935.8333 	 -1382.5928 	 -333.8099 	 -301.8054 	 -445.8270 	 -107.7200 	 0.0000 	 0.0000 	 0.0000
3.6172 	 -938.8574 	 -1387.0600 	 -334.8893 	 -301.8054 	 -445.8270 	 -107.7200 	 0.0000 	 0.0000 	 0.0000
3.6273 	 -941.8815 	 -1391.5273 	 -335.9686 	 -301.8054 	 -445.8270 	 -107.7200 	 0.0000 	 0.0000 	 0.0000
3.6373 	 -944.9056 	 -1395.9945 	 -337.0480 	 -301.8054 	 -445.8270 	 -107.7200 	 0.0000 	 0.0000 	 0.0000
3.6473 	 -947.9297 	 -1400.4617 	 -338.1274 	 -301.8054 	 -445.8270 	 -107.7200 	 0.0000 	 0.0000 	 0.0000
3.6573 	 -950.9538 	 -1404.9289 	 -339.2067 	 -301.8054 	 -445.8270 	 -107.7200 	 0.0000 	 0.0000 	 0.0000
3.6673 	 -953.9779 	 -1409.3961 	 -340.2861 	 -301.8054 	 -445.8270 	 -107.7200 	 0.0000 	 0.0000 	 0.0000
3.6774 	 -957.0020 	 -1413.8633 	 -341.3654 	 -301.8054 	 -445.8270 	 -107.7200 	 0.0000 	 0.0000 	 0.0000
3.6874 	 -960.0262 	 -1418.3305 	 -342.4448 	 -301.8054 	 -445.8270 	 -107.7200 	 0.0000 	 0.0000 	 0.0000
3.6974 	 -963.0503 	 -1422.7977 	 -343.5241 	 -301.8054 	 -445.8270 	 -107.7200 	 0.0000 	 0.0000 	 0.0000
3.7074 	 -966.0744 	 -1427.2649 	 -344.6035 	 -301.8054 	 -445.8270 	 -107.7200 	 0.0000 	 0.0000 	 0.0000
3.7174 	 -969.0985 	 -1431.7321 	 -345.6829 	 -301.8054 	 -445.8270 	 -107.7200 	 0.0000 	 0.0000 	 0.0000
3.7275 	 -972.1226 	 -1436.1993 	 -346.7622 	 -301.8054 	 -445.8270 	 -107.7200 	 0.0000 	 0.0000 	 0.0000
3.7375 	 -975.1467 	 -1440.6665 	 -347.8416 	 -301.8054 	 -445.8270 	 -107.7200 	 0.0000 	 0.0000 	 0.0000
3.7475 	 -978.1708 	 -1445.1337 	 -348.9209 	 -301.8054 	 -445.8270 	 -107.7200 	 0.0000 	 0.0000 	 0.0000
3.7575 	 -981.1949 	 -1449.6009 	 -350.0003 	 -301.8054 	 -445.8270 	 -107.7200 	 0.0000 	 0.0000 	 0.0000
3.7675 	 -984.2190 	 -1454.0681 	 -351.0797 	 -301.8054 	 -445.8270 	 -107.7200 	 0.0000 	 0.0000 	 0.0000
3.7776 	 -987.2431 	 -1458.5353 	 -352.1590 	 -301.8054 	 -445.8270 	 -107.7200 	 0.0000 	 0.0000 	 0.0000
3.7876 	 -990.2672 	 -1463.0025 	 -353.2384 	 -301.8054 	 -445.8270 	 -107.7200 	 0.0000 	 0.0000 	 0.0000
3.7976 	 -993.2913 	 -1467.4697 	 -354.3177 	 -301.8054 	 -445.8270 	 -107.7200 	 0.0000 	 0.0000 	 0.0000
3.8076 	 -996.3154 	 -1471.9369 	 -355.3971 	 -301.8054 	 -445.8270 	 -107.7200 	 0.0000 	 0.0000 	 0.0000
3.8176 	 -999.3395 	 -1476.4041 	 -356.4764 	 -301.8054 	 -445.8270 	 -107.7200 	 0.0000 	 0.0000 	 0.0000
3.8277 	 -1002.3636 	 -1480.8713 	 -357.5558 	 -301.8054 	 -445.8270 	 -107.7200 	 0.0000 	 0.0000 	 0.0000
3.8377 	 -1005.3877 	 -1485.3385 	 -358.6352 	 -301.8054 	 -445.8270 	 -107.7200 	 0.0000 	 0.0000 	 0.0000
3.8477 	 -1008.4118 	 -1489.8057 	 -359.7145 	 -301.8054 	 -445.8270 	 -107.7200 	 0.0000 	 0.0000 	 0.0000
3.8577 	 -1011.4359 	 -1494.2729 	 -360.7939 	 -301.8054 	 -445.8270 	 -107.7200 	 0.0000 	 0.0000 	 0.0000
3.8677 	 -1014.4600 	 -1498.7401 	 -361.8732 	 -301.8054 	 -445.8270 	 -107.7200 	 0.0000 	 0.0000 	 0.0000
3.8778 	 -1017.4841 	 -1503.2074 	 -362.9526 	 -301.8054 	 -445.8270 	 -107.7200 	 0.0000 	 0.0000 	 0.0000
3.8878 	 -1020.5082 	 -1507.6746 	 -364.0320 	 -301.8054 	 -445.8270 	 -107.7200 	 0.0000 	 0.0000 	 0.0000
3.8978 	 -1023.5323 	 -1512.1418 	 -365.1113 	 -301.8054 	 -445.8270 	 -107.7200 	 0.0000 	 0.0000 	 0.0000
3.9078 	 -1026.5564 	 -1516.6090 	 -366.1907 	 -301.8054 	 -445.8270 	 -107.7200 	 0.0000 	 0.0000 	 0.0000
3.9178 	 -1029.5805 	 -1521.0762 	 -367.2700 	 -301.8054 	 -445.8270 	 -107.7200 	 0.0000 	 0.0000 	 0.0000
3.9279 	 -1032.6046 	 -1525.5434 	 -368.3494 	 -301.8054 	 -445.8270 	 -107.7200 	 0.0000 	 0.0000 	 0.0000
3.9379 	 -1035.6287 	 -1530.0106 	 -369.4287 	 -301.8054 	 -445.8270 	 -107.7200 	 0.0000 	 0.0000 	 0.0000
3.9479 	 -1038.6528 	 -1534.4778 	 -370.5081 	 -301.8054 	 -445.8270 	 -107.7200 	 0.0000 	 0.0000 	 0.0000
3.9579 	 -1041.6769 	 -1538.9450 	 -371.5875 	 -301.8054 	 -445.8270 	 -107.7200 	 0.0000 	 0.0000 	 0.0000
3.9679 	 -1044.7010 	 -1543.4122 	 -372.6668 	 -301.8054 	 -445.8270 	 -107.7200 	 0.0000 	 0.0000 	 0.0000
3.9780 	 -1047.7251 	 -1547.8794 	 -373.7462 	 -301.8054 	 -445.8270 	 -107.7200 	 0.0000 	 0.0000 	 0.0000
3.9880 	 -1050.7492 	 -1552.3466 	 -374.8255 	 -301.8054 	 -445.8270 	 -107.7200 	 0.0000 	 0.0000 	 0.0000
3.9980 	 -1053.7733 	 -1556.8138 	 -375.9049 	 -301.8054 	 -445.8270 	 -107.7200 	 0.0000 	 0.0000 	 0.0000
4.0080 	 -1056.7974 	 -1561.2810 	 -376.9843 	 -301.8054 	 -445.8270 	 -107.7200 	 0.0000 	 0.0000 	 0.0000
4.0180 	 -1059.8215 	 -1565.7482 	 -378.0636 	 -301.8054 	 -445.8270 	 -107.7200 	 0.0000 	 0.0000 	 0.0000
4.0281 	 -1062.8456 	 -1570.2154 	 -379.1430 	 -301.8054 	 -445.8270 	 -107.7200 	 0.0000 	 0.0000 	 0.0000
4.0381 	 -1065.8697 	 -1574.6826 	 -380.2223 	 -301.8054 	 -445.8270 	 -107.7200 	 0.0000 	 0.0000 	 0.0000
4.0481 	 -1068.8938 	 -1579.1498 	 -381.3017 	 -301.8054 	 -445.8270 	 -107.7200 	 0.0000 	 0.0000 	 0.0000
4.0581 	 -1071.9179 	 -1583.6170 	 -382.3810 	 -301.8054 	 -445.8270 	 -107.7200 	 0.0000 	 0.0000 	 0.0000
4.0681 	 -1074.9420 	 -1588.0842 	 -383.4604 	 -301.8054 	 -445.8270 	 -107.7200 	 0.0000 	 0.0000 	 0.0000
4.0782 	 -1077.9661 	 -1592.5514 	 -384.5398 	 -301.8054 	 -445.8270 	 -107.7200 	 0.0000 	 0.0000 	 0.0000
4.0882 	 -1080.9902 	 -1597.0186 	 -385.6191 	 -301.8054 	 -445.8270 	 -107.7200 	 0.0000 	 0.0000 	 0.0000
4.0982 	 -1084.0143 	 -1601.4858 	 -386.6985 	 -301.8054 	 -445.8270 	 -107.7200 	 0.0000 	 0.0000 	 0.0000
4.1082 	 -1087.0384 	 -1605.9530 	 -387.7778 	 -301.8054 	 -445.8270 	 -107.7200 	 0.0000 	 0.0000 	 0.0000
4.1182 	 -1090.0626 	 -1610.4202 	 -388.8572 	 -301.8054 	 -445.8270 	 -107.7200 	 0.0000 	 0.0000 	 0.0000
4.1283 	 -1093.0867 	 -1614.8875 	 -389.9366 	 -301.8054 	 -445.8270 	 -107.7200 	 0.0000 	 0.0000 	 0.0000
4.1383 	 -1096.1108 	 -1619.3547 	 -391.0159 	 -301.8054 	 -445.8270 	 -107.7200 	 0.0000 	 0.0000 	 0.0000
4.1483 	 -1099.1349 	 -1623.8219 	 -392.0953 	 -301.8054 	 -445.8270 	 -107.7200 	 0.0000 	 0.0000 	 0.0000
4.1583 	 -1102.1590 	 -1628.2891 	 -393.1746 	 -301.8054 	 -445.8270 	 -107.7200 	 0.0000 	 0.0000 	 0.0000
4.1683 	 -1105.1831 	 -1632.7563 	 -394.2540 	 -301.8054 	 -445.8270 	 -107.7200 	 0.0000 	 0.0000 	 0.0000
4.1784 	 -1108.2072 	 -1637.2235 	 -395.3333 	 -301.8054 	 -445.8270 	 -107.7200 	 0.0000 	 0.0000 	 0.0000
4.1884 	 -1111.2313 	 -1641.6907 	 -396.4127 	 -301.8054 	 -445.8270 	 -107.7200 	 0.0000 	 0.0000 	 0.0000
4.1984 	 -1114.2554 	 -1646.1579 	 -397.4921 	 -301.8054 	 -445.8270 	 -107.7200 	 0.0000 	 0.0000 	 0.0000
4.2084 	 -1117.2795 	 -1650.6251 	 -398.5714 	 -301.8054 	 -445.8270 	 -107.7200 	 0.0000 	 0.0000 	 0.0000
4.2184 	 -1120.3036 	 -1655.0923 	 -399.6508 	 -301.8054 	 -445.8270 	 -107.7200 	 0.0000 	 0.0000 	 0.0000
4.2285 	 -1123.3277 	 -1659.5595 	 -400.7301 	 -301.8054 	 -445.8270 	 -107.7200 	 0.0000 	 0.0000 	 0.0000
4.2385 	 -1126.3518 	 -1664.0267 	 -401.8095 	 -301.8054 	 -445.8270 	 -107.7200 	 0.0000 	 0.0000 	 0.0000
4.2485 	 -1129.3759 	 -1668.4939 	 -402.8889 	 -301.8054 	 -445.8270 	 -107.7200 	 0.0000 	 0.0000 	 0.0000
4.2585 	 -1132.4000 	 -1672.9611 	 -403.9682 	 -301.8054 	 -445.8270 	 -107.7200 	 0.0000 	 0.0000 	 0.0000
4.2685 	 -1135.4241 	 -1677.4283 	 -405.0476 	 -301.8054 	 -445.8270 	 -107.7200 	 0.0000 	 0.0000 	 0.0000
4.2786 	 -1138.4482 	 -1681.8955 	 -406.1269 	 -301.8054 	 -445.8270 	 -107.7200 	 0.0000 	 0.0000 	 0.0000
4.2886 	 -1141.4723 	 -1686.3627 	 -407.2063 	 -301.8054 	 -445.8270 	 -107.7200 	 0.0000 	 0.0000 	 0.0000
4.2986 	 -1144.4964 	 -1690.8299 	 -408.2856 	 -301.8054 	 -445.8270 	 -107.7200 	 0.0000 	 0.0000 	 0.0000
4.3086 	 -1147.5205 	 -1695.2971 	 -409.3650 	 -301.8054 	 -445.8270 	 -107.7200 	 0.0000 	 0.0000 	 0.0000
4.3186 	 -1150.5446 	 -1699.7643 	 -410.4444 	 -301.8054 	 -445.8270 	 -107.7200 	 0.0000 	 0.0000 	 0.0000
4.3287 	 -1153.5687 	 -1704.2315 	 -411.5237 	 -301.8054 	 -445.8270 	 -107.7200 	 0.0000 	 0.0000 	 0.0000
4.3387 	 -1156.5928 	 -1708.6987 	 -412.6031 	 -301.8054 	 -445.8270 	 -107.7200 	 0.0000 	 0.0000 	 0.0000
4.3487 	 -1159.6169 	 -1713.1659 	 -413.6824 	 -301.8054 	 -445.8270 	 -107.7200 	 0.0000 	 0.0000 	 0.0000
4.3587 	 -1162.6410 	 -1717.6331 	 -414.7618 	 -301.8054 	 -445.8270 	 -107.7200 	 0.0000 	 0.0000 	 0.0000
4.3687 	 -1165.6651 	 -1722.1003 	 -415.8412 	 -301.8054 	 -445.8270 	 -107.7200 	 0.0000 	 0.0000 	 0.0000
4.3788 	 -1168.6892 	 -1726.5675 	 -416.9205 	 -301.8054 	 -445.8270 	 -107.7200 	 0.0000 	 0.0000 	 0.0000
4.3888 	 -1171.7133 	 -1731.0348 	 -417.9999 	 -301.8054 	 -445.8270 	 -107.7200 	 0.0000 	 0.0000 	 0.0000
4.3988 	 -1174.7374 	 -1735.5020 	 -419.0792 	 -301.8054 	 -445.8270 	 -107.7200 	 0.0000 	 0.0000 	 0.0000
4.4088 	 -1177.7615 	 -1739.9692 	 -420.1586 	 -301.8054 	 -445.8270 	 -107.7200 	 0.0000 	 0.0000 	 0.0000
4.4188 	 -1180.7856 	 -1744.4364 	 -421.2379 	 -301.8054 	 -445.8270 	 -107.7200 	 0.0000 	 0.0000 	 0.0000
4.4289 	 -1183.8097 	 -1748.9036 	 -422.3173 	 -301.8054 	 -445.8270 	 -107.7200 	 0.0000 	 0.0000 	 0.0000
4.4389 	 -1186.8338 	 -1753.3708 	 -423.3967 	 -301.8054 	 -445.8270 	 -107.7200 	 0.0000 	 0.0000 	 0.0000
4.4489 	 -1189.8579 	 -1757.8380 	 -424.4760 	 -301.8054 	 -445.8270 	 -107.7200 	 0.0000 	 0.0000 	 0.0000
4.4589 	 -1192.8820 	 -1762.3052 	 -425.5554 	 -301.8054 	 -445.8270 	 -107.7200 	 0.0000 	 0.0000 	 0.0000
4.4689 	 -1195.9061 	 -1766.7724 	 -426.6347 	 -301.8054 	 -445.8270 	 -107.7200 	 0.0000 	 0.0000 	 0.0000
4.4790 	 -1198.9302 	 -1771.2396 	 -427.7141 	 -301.8054 	 -445.8270 	 -107.7200 	 0.0000 	 0.0000 	 0.0000
4.4890 	 -1201.9543 	 -1775.7068 	 -428.7934 	 -301.8054 	 -445.8270 	 -107.7200 	 0.0000 	 0.0000 	 0.0000
4.4990 	 -1204.9784 	 -1780.1740 	 -429.8728 	 -301.8054 	 -445.8270 	 -107.7200 	 0.0000 	 0.0000 	 0.0000
4.5090 	 -1208.0025 	 -1784.6412 	 -430.9522 	 -301.8054 	 -445.8270 	 -107.7200 	 0.0000 	 0.0000 	 0.0000
4.5190 	 -1211.0266 	 -1789.1084 	 -432.0315 	 -301.8054 	 -445.8270 	 -107.7200 	 0.0000 	 0.0000 	 0.0000
4.5291 	 -1214.0507 	 -1793.5756 	 -433.1109 	 -301.8054 	 -445.8270 	 -107.7200 	 0.0000 	 0.0000 	 0.0000
4.5391 	 -1217.0749 	 -1798.0428 	 -434.1902 	 -301.8054 	 -445.8270 	 -107.7200 	 0.0000 	 0.0000 	 0.0000
4.5491 	 -1220.0990 	 -1802.5100 	 -435.2696 	 -301.8054 	 -445.8270 	 -107.7200 	 0.0000 	 0.0000 	 0.0000
4.5591 	 -1223.1231 	 -1806.9772 	 -436.3490 	 -301.8054 	 -445.8270 	 -107.7200 	 0.0000 	 0.0000 	 0.0000
4.5691 	 -1226.1472 	 -1811.4444 	 -437.4283 	 -301.8054 	 -445.8270 	 -107.7200 	 0.0000 	 0.0000 	 0.0000
4.5792 	 -1229.1713 	 -1815.9116 	 -438.5077 	 -301.8054 	 -445.8270 	 -107.7200 	 0.0000 	 0.0000 	 0.0000
4.5892 	 -1232.1954 	 -1820.3788 	 -439.5870 	 -301.8054 	 -445.8270 	 -107.7200 	 0.0000 	 0.0000 	 0.0000
4.5992 	 -1235.2195 	 -1824.8460 	 -440.6664 	 -301.8054 	 -445.8270 	 -107.7200 	 0.0000 	 0.0000 	 0.0000
4.6092 	 -1238.2436 	 -1829.3132 	 -441.7457 	 -301.8054 	 -445.8270 	 -107.7200 	 0.0000 	 0.0000 	 0.0000
4.6192 	 -1241.2677 	 -1833.7804 	 -442.8251 	 -301.8054 	 -445.8270 	 -107.7200 	 0.0000 	 0.0000 	 0.0000
4.6293 	 -1244.2918 	 -1838.2476 	 -443.9045 	 -301.8054 	 -445.8270 	 -107.7200 	 0.0000 	 0.0000 	 0.0000
4.6393 	 -1247.3159 	 -1842.7149 	 -444.9838 	 -301.8054 	 -445.8270 	 -107.7200 	 0.0000 	 0.0000 	 0.0000
4.6493 	 -1250.3400 	 -1847.1821 	 -446.0632 	 -301.8054 	 -445.8270 	 -107.7200 	 0.0000 	 0.0000 	 0.0000
4.6593 	 -1253.3641 	 -1851.6493 	 -447.1425 	 -301.8054 	 -445.8270 	 -107.7200 	 0.0000 	 0.0000 	 0.0000
4.6693 	 -1256.3882 	 -1856.1165 	 -448.2219 	 -301.8054 	 -445.8270 	 -107.7200 	 0.0000 	 0.0000 	 0.0000
4.6794 	 -1259.4123 	 -1860.5837 	 -449.3013 	 -301.8054 	 -445.8270 	 -107.7200 	 0.0000 	 0.0000 	 0.0000
4.6894 	 -1262.4364 	 -1865.0509 	 -450.3806 	 -301.8054 	 -445.8270 	 -107.7200 	 0.0000 	 0.0000 	 0.0000
4.6994 	 -1265.4605 	 -1869.5181 	 -451.4600 	 -301.8054 	 -445.8270 	 -107.7200 	 0.0000 	 0.0000 	 0.0000
4.7094 	 -1268.4846 	 -1873.9853 	 -452.5393 	 -301.8054 	 -445.8270 	 -107.7200 	 0.0000 	 0.0000 	 0.0000
4.7194 	 -1271.5087 	 -1878.4525 	 -453.6187 	 -301.8054 	 -445.8270 	 -107.7200 	 0.0000 	 0.0000 	 0.0000
4.7295 	 -1274.5328 	 -1882.9197 	 -454.6980 	 -301.8054 	 -445.8270 	 -107.7200 	 0.0000 	 0.0000 	 0.0000
4.7395 	 -1277.5569 	 -1887.3869 	 -455.7774 	 -301.8054 	 -445.8270 	 -107.7200 	 0.0000 	 0.0000 	 0.0000
4.7495 	 -1280.5810 	 -1891.8541 	 -456.8568 	 -301.8054 	 -445.8270 	 -107.7200 	 0.0000 	 0.0000 	 0.0000
4.7595 	 -1283.6051 	 -1896.3213 	 -457.9361 	 -301.8054 	 -445.8270 	 -107.7200 	 0.0000 	 0.0000 	 0.0000
4.7695 	 -1286.6292 	 -1900.7885 	 -459.0155 	 -301.8054 	 -445.8270 	 -107.7200 	 0.0000 	 0.0000 	 0.0000
4.7796 	 -1289.6533 	 -1905.2557 	 -460.0948 	 -301.8054 	 -445.8270 	 -107.7200 	 0.0000 	 0.0000 	 0.0000
4.7896 	 -1292.6774 	 -1909.7229 	 -461.1742 	 -301.8054 	 -445.8270 	 -107.7200 	 0.0000 	 0.0000 	 0.0000
4.7996 	 -1295.7015 	 -1914.1901 	 -462.2536 	 -301.8054 	 -445.8270 	 -107.7200 	 0.0000 	 0.0000 	 0.0000
4.8096 	 -1298.7256 	 -1918.6573 	 -463.3329 	 -301.8054 	 -445.8270 	 -107.7200 	 0.0000 	 0.0000 	 0.0000
4.8196 	 -1301.7497 	 -1923.1245 	 -464.4123 	 -301.8054 	 -445.8270 	 -107.7200 	 0.0000 	 0.0000 	 0.0000
4.8297 	 -1304.7738 	 -1927.5917 	 -465.4916 	 -301.8054 	 -445.8270 	 -107.7200 	 0.0000 	 0.0000 	 0.0000
4.8397 	 -1307.7979 	 -1932.0589 	 -466.5710 	 -301.8054 	 -445.8270 	 -107.7200 	 0.0000 	 0.0000 	 0.0000
4.8497 	 -1310.8220 	 -1936.5261 	 -467.6503 	 -301.8054 	 -445.8270 	 -107.7200 	 0.0000 	 0.0000 	 0.0000
4.8597 	 -1313.8461 	 -1940.9933 	 -468.7297 	 -301.8054 	 -445.8270 	 -107.7200 	 0.0000 	 0.0000 	 0.0000
4.8697 	 -1316.8702 	 -1945.4605 	 -469.8091 	 -301.8054 	 -445.8270 	 -107.7200 	 0.0000 	 0.0000 	 0.0000
4.8798 	 -1319.8943 	 -1949.9277 	 -470.8884 	 -301.8054 	 -445.8270 	 -107.7200 	 0.0000 	 0.0000 	 0.0000
4.8898 	 -1322.9184 	 -1954.3949 	 -471.9678 	 -301.8054 	 -445.8270 	 -107.7200 	 0.0000 	 0.0000 	 0.0000
4.8998 	 -1325.9425 	 -1958.8622 	 -473.0471 	 -301.8054 	 -445.8270 	 -107.7200 	 0.0000 	 0.0000 	 0.0000
4.9098 	 -1328.9666 	 -1963.3294 	 -474.1265 	 -301.8054 	 -445.8270 	 -107.7200 	 0.0000 	 0.0000 	 0.0000
4.9198 	 -1331.9907 	 -1967.7966 	 -475.2059 	 -301.8054 	 -445.8270 	 -107.7200 	 0.0000 	 0.0000 	 0.0000
4.9299 	 -1335.0148 	 -1972.2638 	 -476.2852 	 -301.8054 	 -445.8270 	 -107.7200 	 0.0000 	 0.0000 	 0.0000
4.9399 	 -1338.0389 	 -1976.7310 	 -477.3646 	 -301.8054 	 -445.8270 	 -107.7200 	 0.0000 	 0.0000 	 0.0000
4.9499 	 -1341.0630 	 -1981.1982 	 -478.4439 	 -301.8054 	 -445.8270 	 -107.7200 	 0.0000 	 0.0000 	 0.0000
4.9599 	 -1344.0872 	 -1985.6654 	 -479.5233 	 -301.8054 	 -445.8270 	 -107.7200 	 0.0000 	 0.0000 	 0.0000
4.9699 	 -1347.1113 	 -1990.1326 	 -480.6026 	 -301.8054 	 -445.8270 	 -107.7200 	 0.0000 	 0.0000 	 0.0000
4.9800 	 -1350.1354 	 -1994.5998 	 -481.6820 	 -301.8054 	 -445.8270 	 -107.7200 	 0.0000 	 0.0000 	 0.0000
4.9900 	 -1353.1595 	 -1999.0670 	 -482.7614 	 -301.8054 	 -445.8270 	 -107.7200 	 0.0000 	 0.0000 	 0.0000
