100-Body Run with i = 93 th particle. (Units in pc,M_solar,Myr, km s-1) 

time		 x 		 y 		 z 		 xdot 		 ydot 		 zdot 		 xddot 		 yddot 		 zddot
0.0000 	 -0.0001 	 0.0048 	 -0.2710 	 -0.0125 	 -0.0496 	 0.1055 	 4.2216 	 -3.9296 	 12.9266
0.0100 	 0.0000 	 0.0041 	 -0.2692 	 0.0348 	 -0.0918 	 0.2486 	 5.3661 	 -4.5786 	 16.3310
0.0200 	 0.0008 	 0.0029 	 -0.2656 	 0.1099 	 -0.1471 	 0.4621 	 11.2542 	 -7.4537 	 29.8756
0.0301 	 0.0028 	 0.0018 	 -0.2612 	 0.3099 	 -0.1752 	 0.7467 	 32.8762 	 -23.4762 	 106.1052
0.0401 	 0.5093 	 0.0973 	 0.0426 	 100.8689 	 19.1543 	 60.2544 	 -0.5571 	 -0.1140 	 -0.0128
0.0501 	 1.5200 	 0.2892 	 0.6464 	 100.8661 	 19.1538 	 60.2540 	 -0.1269 	 -0.0177 	 -0.0316
0.0601 	 2.5307 	 0.4812 	 1.2501 	 100.8653 	 19.1537 	 60.2538 	 -0.0488 	 -0.0084 	 -0.0198
0.0701 	 3.5414 	 0.6731 	 1.8538 	 100.8650 	 19.1536 	 60.2536 	 -0.0235 	 -0.0045 	 -0.0114
0.0802 	 4.5521 	 0.8650 	 2.4576 	 100.8648 	 19.1536 	 60.2535 	 -0.0138 	 -0.0027 	 -0.0072
0.0902 	 5.5627 	 1.0569 	 3.0613 	 100.8647 	 19.1536 	 60.2535 	 -0.0091 	 -0.0018 	 -0.0049
0.1002 	 6.5734 	 1.2488 	 3.6651 	 100.8646 	 19.1535 	 60.2534 	 -0.0064 	 -0.0012 	 -0.0035
0.1102 	 7.5841 	 1.4407 	 4.2688 	 100.8645 	 19.1535 	 60.2534 	 -0.0048 	 -0.0009 	 -0.0027
0.1202 	 8.5947 	 1.6327 	 4.8726 	 100.8645 	 19.1535 	 60.2534 	 -0.0037 	 -0.0007 	 -0.0021
0.1303 	 9.6054 	 1.8246 	 5.4763 	 100.8645 	 19.1535 	 60.2534 	 -0.0030 	 -0.0006 	 -0.0017
0.1403 	 10.6161 	 2.0165 	 6.0800 	 100.8644 	 19.1535 	 60.2533 	 -0.0024 	 -0.0005 	 -0.0014
0.1503 	 11.6267 	 2.2084 	 6.6838 	 100.8644 	 19.1535 	 60.2533 	 -0.0020 	 -0.0004 	 -0.0011
0.1603 	 12.6374 	 2.4003 	 7.2875 	 100.8644 	 19.1535 	 60.2533 	 -0.0017 	 -0.0003 	 -0.0010
0.1703 	 13.6480 	 2.5923 	 7.8913 	 100.8644 	 19.1535 	 60.2533 	 -0.0014 	 -0.0003 	 -0.0008
0.1804 	 14.6587 	 2.7842 	 8.4950 	 100.8644 	 19.1535 	 60.2533 	 -0.0013 	 -0.0002 	 -0.0007
0.1904 	 15.6694 	 2.9761 	 9.0987 	 100.8643 	 19.1535 	 60.2533 	 -0.0011 	 -0.0002 	 -0.0006
0.2004 	 16.6800 	 3.1680 	 9.7025 	 100.8643 	 19.1535 	 60.2533 	 -0.0010 	 -0.0002 	 -0.0006
0.2104 	 17.6907 	 3.3599 	 10.3062 	 100.8643 	 19.1535 	 60.2533 	 -0.0009 	 -0.0002 	 -0.0005
0.2204 	 18.7014 	 3.5519 	 10.9100 	 100.8643 	 19.1535 	 60.2533 	 -0.0008 	 -0.0001 	 -0.0004
0.2305 	 19.7120 	 3.7438 	 11.5137 	 100.8643 	 19.1535 	 60.2533 	 -0.0007 	 -0.0001 	 -0.0004
0.2405 	 20.7227 	 3.9357 	 12.1174 	 100.8643 	 19.1535 	 60.2533 	 -0.0006 	 -0.0001 	 -0.0004
0.2505 	 21.7334 	 4.1276 	 12.7212 	 100.8643 	 19.1535 	 60.2533 	 -0.0006 	 -0.0001 	 -0.0003
0.2605 	 22.7440 	 4.3195 	 13.3249 	 100.8643 	 19.1535 	 60.2533 	 -0.0005 	 -0.0001 	 -0.0003
0.2705 	 23.7547 	 4.5115 	 13.9287 	 100.8643 	 19.1535 	 60.2533 	 -0.0005 	 -0.0001 	 -0.0003
0.2806 	 24.7654 	 4.7034 	 14.5324 	 100.8643 	 19.1535 	 60.2533 	 -0.0004 	 -0.0001 	 -0.0003
0.2906 	 25.7760 	 4.8953 	 15.1361 	 100.8643 	 19.1535 	 60.2533 	 -0.0004 	 -0.0001 	 -0.0002
0.3006 	 26.7867 	 5.0872 	 15.7399 	 100.8643 	 19.1535 	 60.2533 	 -0.0004 	 -0.0001 	 -0.0002
0.3106 	 27.7974 	 5.2791 	 16.3436 	 100.8643 	 19.1535 	 60.2533 	 -0.0003 	 -0.0001 	 -0.0002
0.3206 	 28.8080 	 5.4710 	 16.9474 	 100.8643 	 19.1535 	 60.2533 	 -0.0003 	 -0.0001 	 -0.0002
0.3307 	 29.8187 	 5.6630 	 17.5511 	 100.8643 	 19.1535 	 60.2532 	 -0.0003 	 -0.0001 	 -0.0002
0.3407 	 30.8293 	 5.8549 	 18.1548 	 100.8643 	 19.1535 	 60.2532 	 -0.0003 	 -0.0001 	 -0.0002
0.3507 	 31.8400 	 6.0468 	 18.7586 	 100.8643 	 19.1535 	 60.2532 	 -0.0003 	 -0.0000 	 -0.0002
0.3607 	 32.8507 	 6.2387 	 19.3623 	 100.8643 	 19.1535 	 60.2532 	 -0.0002 	 -0.0000 	 -0.0001
0.3707 	 33.8613 	 6.4306 	 19.9661 	 100.8643 	 19.1535 	 60.2532 	 -0.0002 	 -0.0000 	 -0.0001
0.3808 	 34.8720 	 6.6226 	 20.5698 	 100.8642 	 19.1535 	 60.2532 	 -0.0002 	 -0.0000 	 -0.0001
0.3908 	 35.8827 	 6.8145 	 21.1735 	 100.8642 	 19.1535 	 60.2532 	 -0.0002 	 -0.0000 	 -0.0001
0.4008 	 36.8933 	 7.0064 	 21.7773 	 100.8642 	 19.1535 	 60.2532 	 -0.0002 	 -0.0000 	 -0.0001
0.4108 	 37.9040 	 7.1983 	 22.3810 	 100.8642 	 19.1535 	 60.2532 	 -0.0002 	 -0.0000 	 -0.0001
0.4208 	 38.9147 	 7.3902 	 22.9848 	 100.8642 	 19.1535 	 60.2532 	 -0.0002 	 -0.0000 	 -0.0001
0.4309 	 39.9253 	 7.5821 	 23.5885 	 100.8642 	 19.1535 	 60.2532 	 -0.0002 	 -0.0000 	 -0.0001
0.4409 	 40.9360 	 7.7741 	 24.1922 	 100.8642 	 19.1535 	 60.2532 	 -0.0002 	 -0.0000 	 -0.0001
0.4509 	 41.9466 	 7.9660 	 24.7960 	 100.8642 	 19.1535 	 60.2532 	 -0.0002 	 -0.0000 	 -0.0001
0.4609 	 42.9573 	 8.1579 	 25.3997 	 100.8642 	 19.1535 	 60.2532 	 -0.0001 	 -0.0000 	 -0.0001
0.4709 	 43.9680 	 8.3498 	 26.0035 	 100.8642 	 19.1535 	 60.2532 	 -0.0001 	 -0.0000 	 -0.0001
0.4810 	 44.9786 	 8.5417 	 26.6072 	 100.8642 	 19.1535 	 60.2532 	 -0.0001 	 -0.0000 	 -0.0001
0.4910 	 45.9893 	 8.7337 	 27.2109 	 100.8642 	 19.1535 	 60.2532 	 -0.0001 	 -0.0000 	 -0.0001
0.5010 	 47.0000 	 8.9256 	 27.8147 	 100.8642 	 19.1535 	 60.2532 	 -0.0001 	 -0.0000 	 -0.0001
0.5110 	 48.0106 	 9.1175 	 28.4184 	 100.8642 	 19.1535 	 60.2532 	 -0.0001 	 -0.0000 	 -0.0001
0.5210 	 49.0213 	 9.3094 	 29.0222 	 100.8642 	 19.1535 	 60.2532 	 -0.0001 	 -0.0000 	 -0.0001
0.5311 	 50.0320 	 9.5013 	 29.6259 	 100.8642 	 19.1535 	 60.2532 	 -0.0001 	 -0.0000 	 -0.0001
0.5411 	 51.0426 	 9.6933 	 30.2296 	 100.8642 	 19.1535 	 60.2532 	 -0.0001 	 -0.0000 	 -0.0001
0.5511 	 52.0533 	 9.8852 	 30.8334 	 100.8642 	 19.1535 	 60.2532 	 -0.0001 	 -0.0000 	 -0.0001
0.5611 	 53.0639 	 10.0771 	 31.4371 	 100.8642 	 19.1535 	 60.2532 	 -0.0001 	 -0.0000 	 -0.0001
0.5711 	 54.0746 	 10.2690 	 32.0409 	 100.8642 	 19.1535 	 60.2532 	 -0.0001 	 -0.0000 	 -0.0001
0.5812 	 55.0853 	 10.4609 	 32.6446 	 100.8642 	 19.1535 	 60.2532 	 -0.0001 	 -0.0000 	 -0.0001
0.5912 	 56.0959 	 10.6528 	 33.2483 	 100.8642 	 19.1535 	 60.2532 	 -0.0001 	 -0.0000 	 -0.0000
0.6012 	 57.1066 	 10.8448 	 33.8521 	 100.8642 	 19.1535 	 60.2532 	 -0.0001 	 -0.0000 	 -0.0000
0.6112 	 58.1173 	 11.0367 	 34.4558 	 100.8642 	 19.1535 	 60.2532 	 -0.0001 	 -0.0000 	 -0.0000
0.6212 	 59.1279 	 11.2286 	 35.0596 	 100.8642 	 19.1535 	 60.2532 	 -0.0001 	 -0.0000 	 -0.0000
0.6313 	 60.1386 	 11.4205 	 35.6633 	 100.8642 	 19.1535 	 60.2532 	 -0.0001 	 -0.0000 	 -0.0000
0.6413 	 61.1493 	 11.6124 	 36.2670 	 100.8642 	 19.1535 	 60.2532 	 -0.0001 	 -0.0000 	 -0.0000
0.6513 	 62.1599 	 11.8044 	 36.8708 	 100.8642 	 19.1535 	 60.2532 	 -0.0001 	 -0.0000 	 -0.0000
0.6613 	 63.1706 	 11.9963 	 37.4745 	 100.8642 	 19.1535 	 60.2532 	 -0.0001 	 -0.0000 	 -0.0000
0.6713 	 64.1812 	 12.1882 	 38.0783 	 100.8642 	 19.1535 	 60.2532 	 -0.0001 	 -0.0000 	 -0.0000
0.6814 	 65.1919 	 12.3801 	 38.6820 	 100.8642 	 19.1535 	 60.2532 	 -0.0001 	 -0.0000 	 -0.0000
0.6914 	 66.2026 	 12.5720 	 39.2857 	 100.8642 	 19.1535 	 60.2532 	 -0.0001 	 -0.0000 	 -0.0000
0.7014 	 67.2132 	 12.7639 	 39.8895 	 100.8642 	 19.1535 	 60.2532 	 -0.0001 	 -0.0000 	 -0.0000
0.7114 	 68.2239 	 12.9559 	 40.4932 	 100.8642 	 19.1535 	 60.2532 	 -0.0001 	 -0.0000 	 -0.0000
0.7214 	 69.2346 	 13.1478 	 41.0970 	 100.8642 	 19.1535 	 60.2532 	 -0.0001 	 -0.0000 	 -0.0000
0.7315 	 70.2452 	 13.3397 	 41.7007 	 100.8642 	 19.1535 	 60.2532 	 -0.0001 	 -0.0000 	 -0.0000
0.7415 	 71.2559 	 13.5316 	 42.3044 	 100.8642 	 19.1535 	 60.2532 	 -0.0001 	 -0.0000 	 -0.0000
0.7515 	 72.2666 	 13.7235 	 42.9082 	 100.8642 	 19.1535 	 60.2532 	 -0.0000 	 -0.0000 	 -0.0000
0.7615 	 73.2772 	 13.9155 	 43.5119 	 100.8642 	 19.1535 	 60.2532 	 -0.0000 	 -0.0000 	 -0.0000
0.7715 	 74.2879 	 14.1074 	 44.1157 	 100.8642 	 19.1535 	 60.2532 	 -0.0000 	 -0.0000 	 -0.0000
0.7816 	 75.2985 	 14.2993 	 44.7194 	 100.8642 	 19.1535 	 60.2532 	 -0.0000 	 -0.0000 	 -0.0000
0.7916 	 76.3092 	 14.4912 	 45.3231 	 100.8642 	 19.1535 	 60.2532 	 -0.0000 	 -0.0000 	 -0.0000
0.8016 	 77.3199 	 14.6831 	 45.9269 	 100.8642 	 19.1535 	 60.2532 	 -0.0000 	 -0.0000 	 -0.0000
0.8116 	 78.3305 	 14.8751 	 46.5306 	 100.8642 	 19.1535 	 60.2532 	 -0.0000 	 -0.0000 	 -0.0000
0.8216 	 79.3412 	 15.0670 	 47.1344 	 100.8642 	 19.1535 	 60.2532 	 -0.0000 	 -0.0000 	 -0.0000
0.8317 	 80.3519 	 15.2589 	 47.7381 	 100.8642 	 19.1535 	 60.2532 	 -0.0000 	 -0.0000 	 -0.0000
0.8417 	 81.3625 	 15.4508 	 48.3418 	 100.8642 	 19.1535 	 60.2532 	 -0.0000 	 -0.0000 	 -0.0000
0.8517 	 82.3732 	 15.6427 	 48.9456 	 100.8642 	 19.1535 	 60.2532 	 -0.0000 	 -0.0000 	 -0.0000
0.8617 	 83.3838 	 15.8346 	 49.5493 	 100.8642 	 19.1535 	 60.2532 	 -0.0000 	 -0.0000 	 -0.0000
0.8717 	 84.3945 	 16.0266 	 50.1531 	 100.8642 	 19.1535 	 60.2532 	 -0.0000 	 -0.0000 	 -0.0000
0.8818 	 85.4052 	 16.2185 	 50.7568 	 100.8642 	 19.1535 	 60.2532 	 -0.0000 	 -0.0000 	 -0.0000
0.8918 	 86.4158 	 16.4104 	 51.3605 	 100.8642 	 19.1535 	 60.2532 	 -0.0000 	 -0.0000 	 -0.0000
0.9018 	 87.4265 	 16.6023 	 51.9643 	 100.8642 	 19.1535 	 60.2532 	 -0.0000 	 -0.0000 	 -0.0000
0.9118 	 88.4372 	 16.7942 	 52.5680 	 100.8642 	 19.1535 	 60.2532 	 -0.0000 	 -0.0000 	 -0.0000
0.9218 	 89.4478 	 16.9862 	 53.1717 	 100.8642 	 19.1535 	 60.2532 	 -0.0000 	 -0.0000 	 -0.0000
0.9319 	 90.4585 	 17.1781 	 53.7755 	 100.8642 	 19.1535 	 60.2532 	 -0.0000 	 -0.0000 	 -0.0000
0.9419 	 91.4692 	 17.3700 	 54.3792 	 100.8642 	 19.1535 	 60.2532 	 -0.0000 	 -0.0000 	 -0.0000
0.9519 	 92.4798 	 17.5619 	 54.9830 	 100.8642 	 19.1535 	 60.2532 	 -0.0000 	 -0.0000 	 -0.0000
0.9619 	 93.4905 	 17.7538 	 55.5867 	 100.8642 	 19.1535 	 60.2532 	 -0.0000 	 -0.0000 	 -0.0000
0.9719 	 94.5011 	 17.9457 	 56.1904 	 100.8642 	 19.1535 	 60.2532 	 -0.0000 	 -0.0000 	 -0.0000
0.9820 	 95.5118 	 18.1377 	 56.7942 	 100.8642 	 19.1535 	 60.2532 	 -0.0000 	 -0.0000 	 -0.0000
0.9920 	 96.5225 	 18.3296 	 57.3979 	 100.8642 	 19.1535 	 60.2532 	 -0.0000 	 -0.0000 	 -0.0000
1.0020 	 97.5331 	 18.5215 	 58.0017 	 100.8642 	 19.1535 	 60.2532 	 -0.0000 	 -0.0000 	 -0.0000
1.0120 	 98.5438 	 18.7134 	 58.6054 	 100.8642 	 19.1535 	 60.2532 	 -0.0000 	 -0.0000 	 -0.0000
1.0220 	 99.5545 	 18.9053 	 59.2091 	 100.8642 	 19.1535 	 60.2532 	 -0.0000 	 -0.0000 	 -0.0000
1.0321 	 100.5651 	 19.0973 	 59.8129 	 100.8642 	 19.1535 	 60.2532 	 -0.0000 	 -0.0000 	 -0.0000
1.0421 	 101.5758 	 19.2892 	 60.4166 	 100.8642 	 19.1535 	 60.2532 	 -0.0000 	 -0.0000 	 -0.0000
1.0521 	 102.5865 	 19.4811 	 61.0204 	 100.8642 	 19.1535 	 60.2532 	 -0.0000 	 -0.0000 	 -0.0000
1.0621 	 103.5971 	 19.6730 	 61.6241 	 100.8642 	 19.1535 	 60.2532 	 -0.0000 	 -0.0000 	 -0.0000
1.0721 	 104.6078 	 19.8649 	 62.2278 	 100.8642 	 19.1535 	 60.2532 	 -0.0000 	 -0.0000 	 -0.0000
1.0822 	 105.6184 	 20.0569 	 62.8316 	 100.8642 	 19.1535 	 60.2532 	 -0.0000 	 -0.0000 	 -0.0000
1.0922 	 106.6291 	 20.2488 	 63.4353 	 100.8642 	 19.1535 	 60.2532 	 -0.0000 	 -0.0000 	 -0.0000
1.1022 	 107.6398 	 20.4407 	 64.0391 	 100.8642 	 19.1535 	 60.2532 	 -0.0000 	 -0.0000 	 -0.0000
1.1122 	 108.6504 	 20.6326 	 64.6428 	 100.8642 	 19.1535 	 60.2532 	 -0.0000 	 -0.0000 	 -0.0000
1.1222 	 109.6611 	 20.8245 	 65.2465 	 100.8642 	 19.1535 	 60.2532 	 -0.0000 	 -0.0000 	 -0.0000
1.1323 	 110.6718 	 21.0164 	 65.8503 	 100.8642 	 19.1535 	 60.2532 	 -0.0000 	 -0.0000 	 -0.0000
1.1423 	 111.6824 	 21.2084 	 66.4540 	 100.8642 	 19.1535 	 60.2532 	 -0.0000 	 -0.0000 	 -0.0000
1.1523 	 112.6931 	 21.4003 	 67.0578 	 100.8642 	 19.1535 	 60.2532 	 -0.0000 	 -0.0000 	 -0.0000
1.1623 	 113.7037 	 21.5922 	 67.6615 	 100.8642 	 19.1535 	 60.2532 	 -0.0000 	 -0.0000 	 -0.0000
1.1723 	 114.7144 	 21.7841 	 68.2652 	 100.8642 	 19.1535 	 60.2532 	 -0.0000 	 -0.0000 	 -0.0000
1.1824 	 115.7251 	 21.9760 	 68.8690 	 100.8642 	 19.1535 	 60.2532 	 -0.0000 	 -0.0000 	 -0.0000
1.1924 	 116.7357 	 22.1680 	 69.4727 	 100.8642 	 19.1535 	 60.2532 	 -0.0000 	 -0.0000 	 -0.0000
1.2024 	 117.7464 	 22.3599 	 70.0765 	 100.8642 	 19.1535 	 60.2532 	 -0.0000 	 -0.0000 	 -0.0000
1.2124 	 118.7571 	 22.5518 	 70.6802 	 100.8642 	 19.1535 	 60.2532 	 -0.0000 	 -0.0000 	 -0.0000
1.2224 	 119.7677 	 22.7437 	 71.2839 	 100.8642 	 19.1535 	 60.2532 	 -0.0000 	 -0.0000 	 -0.0000
1.2325 	 120.7784 	 22.9356 	 71.8877 	 100.8642 	 19.1535 	 60.2532 	 -0.0000 	 -0.0000 	 -0.0000
1.2425 	 121.7891 	 23.1275 	 72.4914 	 100.8642 	 19.1535 	 60.2532 	 -0.0000 	 -0.0000 	 -0.0000
1.2525 	 122.7997 	 23.3195 	 73.0952 	 100.8642 	 19.1535 	 60.2532 	 -0.0000 	 -0.0000 	 -0.0000
1.2625 	 123.8104 	 23.5114 	 73.6989 	 100.8642 	 19.1535 	 60.2532 	 -0.0000 	 -0.0000 	 -0.0000
1.2725 	 124.8210 	 23.7033 	 74.3026 	 100.8642 	 19.1535 	 60.2532 	 -0.0000 	 -0.0000 	 -0.0000
1.2826 	 125.8317 	 23.8952 	 74.9064 	 100.8642 	 19.1535 	 60.2532 	 -0.0000 	 -0.0000 	 -0.0000
1.2926 	 126.8424 	 24.0871 	 75.5101 	 100.8642 	 19.1535 	 60.2532 	 -0.0000 	 -0.0000 	 -0.0000
1.3026 	 127.8530 	 24.2791 	 76.1139 	 100.8642 	 19.1535 	 60.2532 	 -0.0000 	 -0.0000 	 -0.0000
1.3126 	 128.8637 	 24.4710 	 76.7176 	 100.8642 	 19.1535 	 60.2532 	 -0.0000 	 -0.0000 	 -0.0000
1.3226 	 129.8744 	 24.6629 	 77.3213 	 100.8642 	 19.1535 	 60.2532 	 -0.0000 	 -0.0000 	 -0.0000
1.3327 	 130.8850 	 24.8548 	 77.9251 	 100.8642 	 19.1535 	 60.2532 	 -0.0000 	 -0.0000 	 -0.0000
1.3427 	 131.8957 	 25.0467 	 78.5288 	 100.8642 	 19.1535 	 60.2532 	 -0.0000 	 -0.0000 	 -0.0000
1.3527 	 132.9064 	 25.2387 	 79.1326 	 100.8642 	 19.1535 	 60.2532 	 -0.0000 	 -0.0000 	 -0.0000
1.3627 	 133.9170 	 25.4306 	 79.7363 	 100.8642 	 19.1535 	 60.2532 	 -0.0000 	 -0.0000 	 -0.0000
1.3727 	 134.9277 	 25.6225 	 80.3400 	 100.8642 	 19.1535 	 60.2532 	 -0.0000 	 -0.0000 	 -0.0000
1.3828 	 135.9383 	 25.8144 	 80.9438 	 100.8642 	 19.1535 	 60.2532 	 -0.0000 	 -0.0000 	 -0.0000
1.3928 	 136.9490 	 26.0063 	 81.5475 	 100.8642 	 19.1535 	 60.2532 	 -0.0000 	 -0.0000 	 -0.0000
1.4028 	 137.9597 	 26.1982 	 82.1512 	 100.8642 	 19.1535 	 60.2532 	 -0.0000 	 -0.0000 	 -0.0000
1.4128 	 138.9703 	 26.3902 	 82.7550 	 100.8642 	 19.1535 	 60.2532 	 -0.0000 	 -0.0000 	 -0.0000
1.4228 	 139.9810 	 26.5821 	 83.3587 	 100.8642 	 19.1535 	 60.2532 	 -0.0000 	 -0.0000 	 -0.0000
1.4329 	 140.9917 	 26.7740 	 83.9625 	 100.8642 	 19.1535 	 60.2532 	 -0.0000 	 -0.0000 	 -0.0000
1.4429 	 142.0023 	 26.9659 	 84.5662 	 100.8642 	 19.1535 	 60.2532 	 -0.0000 	 -0.0000 	 -0.0000
1.4529 	 143.0130 	 27.1578 	 85.1699 	 100.8642 	 19.1535 	 60.2532 	 -0.0000 	 -0.0000 	 -0.0000
1.4629 	 144.0236 	 27.3498 	 85.7737 	 100.8642 	 19.1535 	 60.2532 	 -0.0000 	 -0.0000 	 -0.0000
1.4729 	 145.0343 	 27.5417 	 86.3774 	 100.8642 	 19.1535 	 60.2532 	 -0.0000 	 -0.0000 	 -0.0000
1.4830 	 146.0450 	 27.7336 	 86.9812 	 100.8642 	 19.1535 	 60.2532 	 -0.0000 	 -0.0000 	 -0.0000
1.4930 	 147.0556 	 27.9255 	 87.5849 	 100.8642 	 19.1535 	 60.2532 	 -0.0000 	 -0.0000 	 -0.0000
1.5030 	 148.0663 	 28.1174 	 88.1886 	 100.8642 	 19.1535 	 60.2532 	 -0.0000 	 -0.0000 	 -0.0000
1.5130 	 149.0770 	 28.3093 	 88.7924 	 100.8642 	 19.1535 	 60.2532 	 -0.0000 	 -0.0000 	 -0.0000
1.5230 	 150.0876 	 28.5013 	 89.3961 	 100.8642 	 19.1535 	 60.2532 	 -0.0000 	 -0.0000 	 -0.0000
1.5331 	 151.0983 	 28.6932 	 89.9999 	 100.8642 	 19.1535 	 60.2532 	 -0.0000 	 -0.0000 	 -0.0000
1.5431 	 152.1090 	 28.8851 	 90.6036 	 100.8642 	 19.1535 	 60.2532 	 -0.0000 	 -0.0000 	 -0.0000
1.5531 	 153.1196 	 29.0770 	 91.2073 	 100.8642 	 19.1535 	 60.2532 	 -0.0000 	 -0.0000 	 -0.0000
1.5631 	 154.1303 	 29.2689 	 91.8111 	 100.8642 	 19.1535 	 60.2532 	 -0.0000 	 -0.0000 	 -0.0000
1.5731 	 155.1409 	 29.4609 	 92.4148 	 100.8642 	 19.1535 	 60.2532 	 -0.0000 	 -0.0000 	 -0.0000
1.5832 	 156.1516 	 29.6528 	 93.0186 	 100.8642 	 19.1535 	 60.2532 	 -0.0000 	 -0.0000 	 -0.0000
1.5932 	 157.1623 	 29.8447 	 93.6223 	 100.8642 	 19.1535 	 60.2532 	 -0.0000 	 -0.0000 	 -0.0000
1.6032 	 158.1729 	 30.0366 	 94.2260 	 100.8642 	 19.1535 	 60.2532 	 -0.0000 	 -0.0000 	 -0.0000
1.6132 	 159.1836 	 30.2285 	 94.8298 	 100.8642 	 19.1535 	 60.2532 	 -0.0000 	 -0.0000 	 -0.0000
1.6232 	 160.1943 	 30.4204 	 95.4335 	 100.8642 	 19.1535 	 60.2532 	 -0.0000 	 -0.0000 	 -0.0000
1.6333 	 161.2049 	 30.6124 	 96.0373 	 100.8642 	 19.1535 	 60.2532 	 -0.0000 	 -0.0000 	 -0.0000
1.6433 	 162.2156 	 30.8043 	 96.6410 	 100.8642 	 19.1535 	 60.2532 	 -0.0000 	 -0.0000 	 -0.0000
1.6533 	 163.2262 	 30.9962 	 97.2447 	 100.8642 	 19.1535 	 60.2532 	 -0.0000 	 -0.0000 	 -0.0000
1.6633 	 164.2369 	 31.1881 	 97.8485 	 100.8642 	 19.1535 	 60.2532 	 -0.0000 	 -0.0000 	 -0.0000
1.6733 	 165.2476 	 31.3800 	 98.4522 	 100.8642 	 19.1535 	 60.2532 	 -0.0000 	 -0.0000 	 -0.0000
1.6834 	 166.2582 	 31.5720 	 99.0560 	 100.8642 	 19.1535 	 60.2532 	 -0.0000 	 -0.0000 	 -0.0000
1.6934 	 167.2689 	 31.7639 	 99.6597 	 100.8642 	 19.1535 	 60.2532 	 -0.0000 	 -0.0000 	 -0.0000
1.7034 	 168.2796 	 31.9558 	 100.2634 	 100.8642 	 19.1535 	 60.2532 	 -0.0000 	 -0.0000 	 -0.0000
1.7134 	 169.2902 	 32.1477 	 100.8672 	 100.8642 	 19.1535 	 60.2532 	 -0.0000 	 -0.0000 	 -0.0000
1.7234 	 170.3009 	 32.3396 	 101.4709 	 100.8642 	 19.1535 	 60.2532 	 -0.0000 	 -0.0000 	 -0.0000
1.7335 	 171.3116 	 32.5316 	 102.0747 	 100.8642 	 19.1535 	 60.2532 	 -0.0000 	 -0.0000 	 -0.0000
1.7435 	 172.3222 	 32.7235 	 102.6784 	 100.8642 	 19.1535 	 60.2532 	 -0.0000 	 -0.0000 	 -0.0000
1.7535 	 173.3329 	 32.9154 	 103.2821 	 100.8642 	 19.1535 	 60.2532 	 -0.0000 	 -0.0000 	 -0.0000
1.7635 	 174.3435 	 33.1073 	 103.8859 	 100.8642 	 19.1535 	 60.2532 	 -0.0000 	 -0.0000 	 -0.0000
1.7735 	 175.3542 	 33.2992 	 104.4896 	 100.8642 	 19.1535 	 60.2532 	 -0.0000 	 -0.0000 	 -0.0000
1.7836 	 176.3649 	 33.4911 	 105.0934 	 100.8642 	 19.1535 	 60.2532 	 -0.0000 	 -0.0000 	 -0.0000
1.7936 	 177.3755 	 33.6831 	 105.6971 	 100.8642 	 19.1535 	 60.2532 	 -0.0000 	 -0.0000 	 -0.0000
1.8036 	 178.3862 	 33.8750 	 106.3008 	 100.8642 	 19.1535 	 60.2532 	 -0.0000 	 -0.0000 	 -0.0000
1.8136 	 179.3969 	 34.0669 	 106.9046 	 100.8642 	 19.1535 	 60.2532 	 -0.0000 	 -0.0000 	 -0.0000
1.8236 	 180.4075 	 34.2588 	 107.5083 	 100.8642 	 19.1535 	 60.2532 	 -0.0000 	 -0.0000 	 -0.0000
1.8337 	 181.4182 	 34.4507 	 108.1120 	 100.8642 	 19.1535 	 60.2532 	 -0.0000 	 -0.0000 	 -0.0000
1.8437 	 182.4288 	 34.6427 	 108.7158 	 100.8642 	 19.1535 	 60.2532 	 -0.0000 	 -0.0000 	 -0.0000
1.8537 	 183.4395 	 34.8346 	 109.3195 	 100.8642 	 19.1535 	 60.2532 	 -0.0000 	 -0.0000 	 -0.0000
1.8637 	 184.4502 	 35.0265 	 109.9233 	 100.8642 	 19.1535 	 60.2532 	 -0.0000 	 -0.0000 	 -0.0000
1.8737 	 185.4608 	 35.2184 	 110.5270 	 100.8642 	 19.1535 	 60.2532 	 -0.0000 	 -0.0000 	 -0.0000
1.8838 	 186.4715 	 35.4103 	 111.1307 	 100.8642 	 19.1535 	 60.2532 	 -0.0000 	 -0.0000 	 -0.0000
1.8938 	 187.4822 	 35.6022 	 111.7345 	 100.8642 	 19.1535 	 60.2532 	 -0.0000 	 -0.0000 	 -0.0000
1.9038 	 188.4928 	 35.7942 	 112.3382 	 100.8642 	 19.1535 	 60.2532 	 -0.0000 	 -0.0000 	 -0.0000
1.9138 	 189.5035 	 35.9861 	 112.9420 	 100.8642 	 19.1535 	 60.2532 	 -0.0000 	 -0.0000 	 -0.0000
1.9238 	 190.5142 	 36.1780 	 113.5457 	 100.8642 	 19.1535 	 60.2532 	 -0.0000 	 -0.0000 	 -0.0000
1.9339 	 191.5248 	 36.3699 	 114.1494 	 100.8642 	 19.1535 	 60.2532 	 -0.0000 	 -0.0000 	 -0.0000
1.9439 	 192.5355 	 36.5618 	 114.7532 	 100.8642 	 19.1535 	 60.2532 	 -0.0000 	 -0.0000 	 -0.0000
1.9539 	 193.5461 	 36.7538 	 115.3569 	 100.8642 	 19.1535 	 60.2532 	 -0.0000 	 -0.0000 	 -0.0000
1.9639 	 194.5568 	 36.9457 	 115.9607 	 100.8642 	 19.1535 	 60.2532 	 -0.0000 	 -0.0000 	 -0.0000
1.9739 	 195.5675 	 37.1376 	 116.5644 	 100.8642 	 19.1535 	 60.2532 	 -0.0000 	 -0.0000 	 -0.0000
1.9840 	 196.5781 	 37.3295 	 117.1681 	 100.8642 	 19.1535 	 60.2532 	 -0.0000 	 -0.0000 	 -0.0000
1.9940 	 197.5888 	 37.5214 	 117.7719 	 100.8642 	 19.1535 	 60.2532 	 -0.0000 	 -0.0000 	 -0.0000
2.0040 	 198.5995 	 37.7134 	 118.3756 	 100.8642 	 19.1535 	 60.2532 	 -0.0000 	 -0.0000 	 -0.0000
2.0140 	 199.6101 	 37.9053 	 118.9794 	 100.8642 	 19.1535 	 60.2532 	 -0.0000 	 -0.0000 	 -0.0000
2.0240 	 200.6208 	 38.0972 	 119.5831 	 100.8642 	 19.1535 	 60.2532 	 -0.0000 	 -0.0000 	 -0.0000
2.0341 	 201.6315 	 38.2891 	 120.1868 	 100.8642 	 19.1535 	 60.2532 	 -0.0000 	 -0.0000 	 -0.0000
2.0441 	 202.6421 	 38.4810 	 120.7906 	 100.8642 	 19.1535 	 60.2532 	 -0.0000 	 -0.0000 	 -0.0000
2.0541 	 203.6528 	 38.6729 	 121.3943 	 100.8642 	 19.1535 	 60.2532 	 -0.0000 	 -0.0000 	 -0.0000
2.0641 	 204.6634 	 38.8649 	 121.9981 	 100.8642 	 19.1535 	 60.2532 	 -0.0000 	 -0.0000 	 -0.0000
2.0741 	 205.6741 	 39.0568 	 122.6018 	 100.8642 	 19.1535 	 60.2532 	 -0.0000 	 -0.0000 	 -0.0000
2.0842 	 206.6848 	 39.2487 	 123.2055 	 100.8642 	 19.1535 	 60.2532 	 -0.0000 	 -0.0000 	 -0.0000
2.0942 	 207.6954 	 39.4406 	 123.8093 	 100.8642 	 19.1535 	 60.2532 	 -0.0000 	 -0.0000 	 -0.0000
2.1042 	 208.7061 	 39.6325 	 124.4130 	 100.8642 	 19.1535 	 60.2532 	 -0.0000 	 -0.0000 	 -0.0000
2.1142 	 209.7168 	 39.8245 	 125.0168 	 100.8642 	 19.1535 	 60.2532 	 -0.0000 	 -0.0000 	 -0.0000
2.1242 	 210.7274 	 40.0164 	 125.6205 	 100.8642 	 19.1535 	 60.2532 	 -0.0000 	 -0.0000 	 -0.0000
2.1343 	 211.7381 	 40.2083 	 126.2242 	 100.8642 	 19.1535 	 60.2532 	 -0.0000 	 -0.0000 	 -0.0000
2.1443 	 212.7487 	 40.4002 	 126.8280 	 100.8642 	 19.1535 	 60.2532 	 -0.0000 	 -0.0000 	 -0.0000
2.1543 	 213.7594 	 40.5921 	 127.4317 	 100.8642 	 19.1535 	 60.2532 	 -0.0000 	 -0.0000 	 -0.0000
2.1643 	 214.7701 	 40.7840 	 128.0355 	 100.8642 	 19.1535 	 60.2532 	 -0.0000 	 -0.0000 	 -0.0000
2.1743 	 215.7807 	 40.9760 	 128.6392 	 100.8642 	 19.1535 	 60.2532 	 -0.0000 	 -0.0000 	 -0.0000
2.1844 	 216.7914 	 41.1679 	 129.2429 	 100.8642 	 19.1535 	 60.2532 	 -0.0000 	 -0.0000 	 -0.0000
2.1944 	 217.8021 	 41.3598 	 129.8467 	 100.8642 	 19.1535 	 60.2532 	 -0.0000 	 -0.0000 	 -0.0000
2.2044 	 218.8127 	 41.5517 	 130.4504 	 100.8642 	 19.1535 	 60.2532 	 -0.0000 	 -0.0000 	 -0.0000
2.2144 	 219.8234 	 41.7436 	 131.0542 	 100.8642 	 19.1535 	 60.2532 	 -0.0000 	 -0.0000 	 -0.0000
2.2244 	 220.8341 	 41.9356 	 131.6579 	 100.8642 	 19.1535 	 60.2532 	 -0.0000 	 -0.0000 	 -0.0000
2.2345 	 221.8447 	 42.1275 	 132.2616 	 100.8642 	 19.1535 	 60.2532 	 -0.0000 	 -0.0000 	 -0.0000
2.2445 	 222.8554 	 42.3194 	 132.8654 	 100.8642 	 19.1535 	 60.2532 	 -0.0000 	 -0.0000 	 -0.0000
2.2545 	 223.8660 	 42.5113 	 133.4691 	 100.8642 	 19.1535 	 60.2532 	 -0.0000 	 -0.0000 	 -0.0000
2.2645 	 224.8767 	 42.7032 	 134.0728 	 100.8642 	 19.1535 	 60.2532 	 -0.0000 	 -0.0000 	 -0.0000
2.2745 	 225.8874 	 42.8951 	 134.6766 	 100.8642 	 19.1535 	 60.2532 	 -0.0000 	 -0.0000 	 -0.0000
2.2846 	 226.8980 	 43.0871 	 135.2803 	 100.8642 	 19.1535 	 60.2532 	 -0.0000 	 -0.0000 	 -0.0000
2.2946 	 227.9087 	 43.2790 	 135.8841 	 100.8642 	 19.1535 	 60.2532 	 -0.0000 	 -0.0000 	 -0.0000
2.3046 	 228.9194 	 43.4709 	 136.4878 	 100.8642 	 19.1535 	 60.2532 	 -0.0000 	 -0.0000 	 -0.0000
2.3146 	 229.9300 	 43.6628 	 137.0915 	 100.8642 	 19.1535 	 60.2532 	 -0.0000 	 -0.0000 	 -0.0000
2.3246 	 230.9407 	 43.8547 	 137.6953 	 100.8642 	 19.1535 	 60.2532 	 -0.0000 	 -0.0000 	 -0.0000
2.3347 	 231.9513 	 44.0467 	 138.2990 	 100.8642 	 19.1535 	 60.2532 	 -0.0000 	 -0.0000 	 -0.0000
2.3447 	 232.9620 	 44.2386 	 138.9028 	 100.8642 	 19.1535 	 60.2532 	 -0.0000 	 -0.0000 	 -0.0000
2.3547 	 233.9727 	 44.4305 	 139.5065 	 100.8642 	 19.1535 	 60.2532 	 -0.0000 	 -0.0000 	 -0.0000
2.3647 	 234.9833 	 44.6224 	 140.1102 	 100.8642 	 19.1535 	 60.2532 	 -0.0000 	 -0.0000 	 -0.0000
2.3747 	 235.9940 	 44.8143 	 140.7140 	 100.8642 	 19.1535 	 60.2532 	 -0.0000 	 -0.0000 	 -0.0000
2.3848 	 237.0047 	 45.0063 	 141.3177 	 100.8642 	 19.1535 	 60.2532 	 -0.0000 	 -0.0000 	 -0.0000
2.3948 	 238.0153 	 45.1982 	 141.9215 	 100.8642 	 19.1535 	 60.2532 	 -0.0000 	 -0.0000 	 -0.0000
2.4048 	 239.0260 	 45.3901 	 142.5252 	 100.8642 	 19.1535 	 60.2532 	 -0.0000 	 -0.0000 	 -0.0000
2.4148 	 240.0367 	 45.5820 	 143.1289 	 100.8642 	 19.1535 	 60.2532 	 -0.0000 	 -0.0000 	 -0.0000
2.4248 	 241.0473 	 45.7739 	 143.7327 	 100.8642 	 19.1535 	 60.2532 	 -0.0000 	 -0.0000 	 -0.0000
2.4349 	 242.0580 	 45.9658 	 144.3364 	 100.8642 	 19.1535 	 60.2532 	 -0.0000 	 -0.0000 	 -0.0000
2.4449 	 243.0686 	 46.1578 	 144.9402 	 100.8642 	 19.1535 	 60.2532 	 -0.0000 	 -0.0000 	 -0.0000
2.4549 	 244.0793 	 46.3497 	 145.5439 	 100.8642 	 19.1535 	 60.2532 	 -0.0000 	 -0.0000 	 -0.0000
2.4649 	 245.0900 	 46.5416 	 146.1476 	 100.8642 	 19.1535 	 60.2532 	 -0.0000 	 -0.0000 	 -0.0000
2.4749 	 246.1006 	 46.7335 	 146.7514 	 100.8642 	 19.1535 	 60.2532 	 -0.0000 	 -0.0000 	 -0.0000
2.4850 	 247.1113 	 46.9254 	 147.3551 	 100.8642 	 19.1535 	 60.2532 	 -0.0000 	 -0.0000 	 -0.0000
2.4950 	 248.1220 	 47.1174 	 147.9589 	 100.8642 	 19.1535 	 60.2532 	 -0.0000 	 -0.0000 	 -0.0000
2.5050 	 249.1326 	 47.3093 	 148.5626 	 100.8642 	 19.1535 	 60.2532 	 -0.0000 	 -0.0000 	 -0.0000
2.5150 	 250.1433 	 47.5012 	 149.1663 	 100.8642 	 19.1535 	 60.2532 	 -0.0000 	 -0.0000 	 -0.0000
2.5251 	 251.1539 	 47.6931 	 149.7701 	 100.8642 	 19.1535 	 60.2532 	 -0.0000 	 -0.0000 	 -0.0000
2.5351 	 252.1646 	 47.8850 	 150.3738 	 100.8642 	 19.1535 	 60.2532 	 -0.0000 	 -0.0000 	 -0.0000
2.5451 	 253.1753 	 48.0769 	 150.9776 	 100.8642 	 19.1535 	 60.2532 	 -0.0000 	 -0.0000 	 -0.0000
2.5551 	 254.1859 	 48.2689 	 151.5813 	 100.8642 	 19.1535 	 60.2532 	 -0.0000 	 -0.0000 	 -0.0000
2.5651 	 255.1966 	 48.4608 	 152.1850 	 100.8642 	 19.1535 	 60.2532 	 -0.0000 	 -0.0000 	 -0.0000
2.5752 	 256.2073 	 48.6527 	 152.7888 	 100.8642 	 19.1535 	 60.2532 	 -0.0000 	 -0.0000 	 -0.0000
2.5852 	 257.2179 	 48.8446 	 153.3925 	 100.8642 	 19.1535 	 60.2532 	 -0.0000 	 -0.0000 	 -0.0000
2.5952 	 258.2286 	 49.0365 	 153.9963 	 100.8642 	 19.1535 	 60.2532 	 -0.0000 	 -0.0000 	 -0.0000
2.6052 	 259.2393 	 49.2285 	 154.6000 	 100.8642 	 19.1535 	 60.2532 	 -0.0000 	 -0.0000 	 -0.0000
2.6152 	 260.2499 	 49.4204 	 155.2037 	 100.8642 	 19.1535 	 60.2532 	 -0.0000 	 -0.0000 	 -0.0000
2.6253 	 261.2606 	 49.6123 	 155.8075 	 100.8642 	 19.1535 	 60.2532 	 -0.0000 	 -0.0000 	 -0.0000
2.6353 	 262.2712 	 49.8042 	 156.4112 	 100.8642 	 19.1535 	 60.2532 	 -0.0000 	 -0.0000 	 -0.0000
2.6453 	 263.2819 	 49.9961 	 157.0150 	 100.8642 	 19.1535 	 60.2532 	 -0.0000 	 -0.0000 	 -0.0000
2.6553 	 264.2926 	 50.1881 	 157.6187 	 100.8642 	 19.1535 	 60.2532 	 -0.0000 	 -0.0000 	 -0.0000
2.6653 	 265.3032 	 50.3800 	 158.2224 	 100.8642 	 19.1535 	 60.2532 	 -0.0000 	 -0.0000 	 -0.0000
2.6754 	 266.3139 	 50.5719 	 158.8262 	 100.8642 	 19.1535 	 60.2532 	 -0.0000 	 -0.0000 	 -0.0000
2.6854 	 267.3246 	 50.7638 	 159.4299 	 100.8642 	 19.1535 	 60.2532 	 -0.0000 	 -0.0000 	 -0.0000
2.6954 	 268.3352 	 50.9557 	 160.0336 	 100.8642 	 19.1535 	 60.2532 	 -0.0000 	 -0.0000 	 -0.0000
2.7054 	 269.3459 	 51.1476 	 160.6374 	 100.8642 	 19.1535 	 60.2532 	 -0.0000 	 -0.0000 	 -0.0000
2.7154 	 270.3565 	 51.3396 	 161.2411 	 100.8642 	 19.1535 	 60.2532 	 -0.0000 	 -0.0000 	 -0.0000
2.7255 	 271.3672 	 51.5315 	 161.8449 	 100.8642 	 19.1535 	 60.2532 	 -0.0000 	 -0.0000 	 -0.0000
2.7355 	 272.3779 	 51.7234 	 162.4486 	 100.8642 	 19.1535 	 60.2532 	 -0.0000 	 -0.0000 	 -0.0000
2.7455 	 273.3885 	 51.9153 	 163.0523 	 100.8642 	 19.1535 	 60.2532 	 -0.0000 	 -0.0000 	 -0.0000
2.7555 	 274.3992 	 52.1072 	 163.6561 	 100.8642 	 19.1535 	 60.2532 	 -0.0000 	 -0.0000 	 -0.0000
2.7655 	 275.4099 	 52.2992 	 164.2598 	 100.8642 	 19.1535 	 60.2532 	 -0.0000 	 -0.0000 	 -0.0000
2.7756 	 276.4205 	 52.4911 	 164.8636 	 100.8642 	 19.1535 	 60.2532 	 -0.0000 	 -0.0000 	 -0.0000
2.7856 	 277.4312 	 52.6830 	 165.4673 	 100.8642 	 19.1535 	 60.2532 	 -0.0000 	 -0.0000 	 -0.0000
2.7956 	 278.4419 	 52.8749 	 166.0710 	 100.8642 	 19.1535 	 60.2532 	 -0.0000 	 -0.0000 	 -0.0000
2.8056 	 279.4525 	 53.0668 	 166.6748 	 100.8642 	 19.1535 	 60.2532 	 -0.0000 	 -0.0000 	 -0.0000
2.8156 	 280.4632 	 53.2587 	 167.2785 	 100.8642 	 19.1535 	 60.2532 	 -0.0000 	 -0.0000 	 -0.0000
2.8257 	 281.4738 	 53.4507 	 167.8823 	 100.8642 	 19.1535 	 60.2532 	 -0.0000 	 -0.0000 	 -0.0000
2.8357 	 282.4845 	 53.6426 	 168.4860 	 100.8642 	 19.1535 	 60.2532 	 -0.0000 	 -0.0000 	 -0.0000
2.8457 	 283.4952 	 53.8345 	 169.0897 	 100.8642 	 19.1535 	 60.2532 	 -0.0000 	 -0.0000 	 -0.0000
2.8557 	 284.5058 	 54.0264 	 169.6935 	 100.8642 	 19.1535 	 60.2532 	 -0.0000 	 -0.0000 	 -0.0000
2.8657 	 285.5165 	 54.2183 	 170.2972 	 100.8642 	 19.1535 	 60.2532 	 -0.0000 	 -0.0000 	 -0.0000
2.8758 	 286.5272 	 54.4103 	 170.9010 	 100.8642 	 19.1535 	 60.2532 	 -0.0000 	 -0.0000 	 -0.0000
2.8858 	 287.5378 	 54.6022 	 171.5047 	 100.8642 	 19.1535 	 60.2532 	 -0.0000 	 -0.0000 	 -0.0000
2.8958 	 288.5485 	 54.7941 	 172.1084 	 100.8642 	 19.1535 	 60.2532 	 -0.0000 	 -0.0000 	 -0.0000
2.9058 	 289.5591 	 54.9860 	 172.7122 	 100.8642 	 19.1535 	 60.2532 	 -0.0000 	 -0.0000 	 -0.0000
2.9158 	 290.5698 	 55.1779 	 173.3159 	 100.8642 	 19.1535 	 60.2532 	 -0.0000 	 -0.0000 	 -0.0000
2.9259 	 291.5805 	 55.3698 	 173.9197 	 100.8642 	 19.1535 	 60.2532 	 -0.0000 	 -0.0000 	 -0.0000
2.9359 	 292.5911 	 55.5618 	 174.5234 	 100.8642 	 19.1535 	 60.2532 	 -0.0000 	 -0.0000 	 -0.0000
2.9459 	 293.6018 	 55.7537 	 175.1271 	 100.8642 	 19.1535 	 60.2532 	 -0.0000 	 -0.0000 	 -0.0000
2.9559 	 294.6125 	 55.9456 	 175.7309 	 100.8642 	 19.1535 	 60.2532 	 -0.0000 	 -0.0000 	 -0.0000
2.9659 	 295.6231 	 56.1375 	 176.3346 	 100.8642 	 19.1535 	 60.2532 	 -0.0000 	 -0.0000 	 -0.0000
2.9760 	 296.6338 	 56.3294 	 176.9384 	 100.8642 	 19.1535 	 60.2532 	 -0.0000 	 -0.0000 	 -0.0000
2.9860 	 297.6445 	 56.5214 	 177.5421 	 100.8642 	 19.1535 	 60.2532 	 -0.0000 	 -0.0000 	 -0.0000
2.9960 	 298.6551 	 56.7133 	 178.1458 	 100.8642 	 19.1535 	 60.2532 	 -0.0000 	 -0.0000 	 -0.0000
3.0060 	 299.6658 	 56.9052 	 178.7496 	 100.8642 	 19.1535 	 60.2532 	 -0.0000 	 -0.0000 	 -0.0000
3.0160 	 300.6764 	 57.0971 	 179.3533 	 100.8642 	 19.1535 	 60.2532 	 -0.0000 	 -0.0000 	 -0.0000
3.0261 	 301.6871 	 57.2890 	 179.9571 	 100.8642 	 19.1535 	 60.2532 	 -0.0000 	 -0.0000 	 -0.0000
3.0361 	 302.6978 	 57.4810 	 180.5608 	 100.8642 	 19.1535 	 60.2532 	 -0.0000 	 -0.0000 	 -0.0000
3.0461 	 303.7084 	 57.6729 	 181.1645 	 100.8642 	 19.1535 	 60.2532 	 -0.0000 	 -0.0000 	 -0.0000
3.0561 	 304.7191 	 57.8648 	 181.7683 	 100.8642 	 19.1535 	 60.2532 	 -0.0000 	 -0.0000 	 -0.0000
3.0661 	 305.7298 	 58.0567 	 182.3720 	 100.8642 	 19.1535 	 60.2532 	 -0.0000 	 -0.0000 	 -0.0000
3.0762 	 306.7404 	 58.2486 	 182.9757 	 100.8642 	 19.1535 	 60.2532 	 -0.0000 	 -0.0000 	 -0.0000
3.0862 	 307.7511 	 58.4405 	 183.5795 	 100.8642 	 19.1535 	 60.2532 	 -0.0000 	 -0.0000 	 -0.0000
3.0962 	 308.7617 	 58.6325 	 184.1832 	 100.8642 	 19.1535 	 60.2532 	 -0.0000 	 -0.0000 	 -0.0000
3.1062 	 309.7724 	 58.8244 	 184.7870 	 100.8642 	 19.1535 	 60.2532 	 -0.0000 	 -0.0000 	 -0.0000
3.1162 	 310.7831 	 59.0163 	 185.3907 	 100.8642 	 19.1535 	 60.2532 	 -0.0000 	 -0.0000 	 -0.0000
3.1263 	 311.7937 	 59.2082 	 185.9944 	 100.8642 	 19.1535 	 60.2532 	 -0.0000 	 -0.0000 	 -0.0000
3.1363 	 312.8044 	 59.4001 	 186.5982 	 100.8642 	 19.1535 	 60.2532 	 -0.0000 	 -0.0000 	 -0.0000
3.1463 	 313.8151 	 59.5921 	 187.2019 	 100.8642 	 19.1535 	 60.2532 	 -0.0000 	 -0.0000 	 -0.0000
3.1563 	 314.8257 	 59.7840 	 187.8057 	 100.8642 	 19.1535 	 60.2532 	 -0.0000 	 -0.0000 	 -0.0000
3.1663 	 315.8364 	 59.9759 	 188.4094 	 100.8642 	 19.1535 	 60.2532 	 -0.0000 	 -0.0000 	 -0.0000
3.1764 	 316.8471 	 60.1678 	 189.0131 	 100.8642 	 19.1535 	 60.2532 	 -0.0000 	 -0.0000 	 -0.0000
3.1864 	 317.8577 	 60.3597 	 189.6169 	 100.8642 	 19.1535 	 60.2532 	 -0.0000 	 -0.0000 	 -0.0000
3.1964 	 318.8684 	 60.5516 	 190.2206 	 100.8642 	 19.1535 	 60.2532 	 -0.0000 	 -0.0000 	 -0.0000
3.2064 	 319.8790 	 60.7436 	 190.8244 	 100.8642 	 19.1535 	 60.2532 	 -0.0000 	 -0.0000 	 -0.0000
3.2164 	 320.8897 	 60.9355 	 191.4281 	 100.8642 	 19.1535 	 60.2532 	 -0.0000 	 -0.0000 	 -0.0000
3.2265 	 321.9004 	 61.1274 	 192.0318 	 100.8642 	 19.1535 	 60.2532 	 -0.0000 	 -0.0000 	 -0.0000
3.2365 	 322.9110 	 61.3193 	 192.6356 	 100.8642 	 19.1535 	 60.2532 	 -0.0000 	 -0.0000 	 -0.0000
3.2465 	 323.9217 	 61.5112 	 193.2393 	 100.8642 	 19.1535 	 60.2532 	 -0.0000 	 -0.0000 	 -0.0000
3.2565 	 324.9324 	 61.7032 	 193.8431 	 100.8642 	 19.1535 	 60.2532 	 -0.0000 	 -0.0000 	 -0.0000
3.2665 	 325.9430 	 61.8951 	 194.4468 	 100.8642 	 19.1535 	 60.2532 	 -0.0000 	 -0.0000 	 -0.0000
3.2766 	 326.9537 	 62.0870 	 195.0505 	 100.8642 	 19.1535 	 60.2532 	 -0.0000 	 -0.0000 	 -0.0000
3.2866 	 327.9643 	 62.2789 	 195.6543 	 100.8642 	 19.1535 	 60.2532 	 -0.0000 	 -0.0000 	 -0.0000
3.2966 	 328.9750 	 62.4708 	 196.2580 	 100.8642 	 19.1535 	 60.2532 	 -0.0000 	 -0.0000 	 -0.0000
3.3066 	 329.9857 	 62.6628 	 196.8618 	 100.8642 	 19.1535 	 60.2532 	 -0.0000 	 -0.0000 	 -0.0000
3.3166 	 330.9963 	 62.8547 	 197.4655 	 100.8642 	 19.1535 	 60.2532 	 -0.0000 	 -0.0000 	 -0.0000
3.3267 	 332.0070 	 63.0466 	 198.0692 	 100.8642 	 19.1535 	 60.2532 	 -0.0000 	 -0.0000 	 -0.0000
3.3367 	 333.0177 	 63.2385 	 198.6730 	 100.8642 	 19.1535 	 60.2532 	 -0.0000 	 -0.0000 	 -0.0000
3.3467 	 334.0283 	 63.4304 	 199.2767 	 100.8642 	 19.1535 	 60.2532 	 -0.0000 	 -0.0000 	 -0.0000
3.3567 	 335.0390 	 63.6223 	 199.8805 	 100.8642 	 19.1535 	 60.2532 	 -0.0000 	 -0.0000 	 -0.0000
3.3667 	 336.0497 	 63.8143 	 200.4842 	 100.8642 	 19.1535 	 60.2532 	 -0.0000 	 -0.0000 	 -0.0000
3.3768 	 337.0603 	 64.0062 	 201.0879 	 100.8642 	 19.1535 	 60.2532 	 -0.0000 	 -0.0000 	 -0.0000
3.3868 	 338.0710 	 64.1981 	 201.6917 	 100.8642 	 19.1535 	 60.2532 	 -0.0000 	 -0.0000 	 -0.0000
3.3968 	 339.0816 	 64.3900 	 202.2954 	 100.8642 	 19.1535 	 60.2532 	 -0.0000 	 -0.0000 	 -0.0000
3.4068 	 340.0923 	 64.5819 	 202.8992 	 100.8642 	 19.1535 	 60.2532 	 -0.0000 	 -0.0000 	 -0.0000
3.4168 	 341.1030 	 64.7739 	 203.5029 	 100.8642 	 19.1535 	 60.2532 	 -0.0000 	 -0.0000 	 -0.0000
3.4269 	 342.1136 	 64.9658 	 204.1066 	 100.8642 	 19.1535 	 60.2532 	 -0.0000 	 -0.0000 	 -0.0000
3.4369 	 343.1243 	 65.1577 	 204.7104 	 100.8642 	 19.1535 	 60.2532 	 -0.0000 	 -0.0000 	 -0.0000
3.4469 	 344.1350 	 65.3496 	 205.3141 	 100.8642 	 19.1535 	 60.2532 	 -0.0000 	 -0.0000 	 -0.0000
3.4569 	 345.1456 	 65.5415 	 205.9178 	 100.8642 	 19.1535 	 60.2532 	 -0.0000 	 -0.0000 	 -0.0000
3.4669 	 346.1563 	 65.7334 	 206.5216 	 100.8642 	 19.1535 	 60.2532 	 -0.0000 	 -0.0000 	 -0.0000
3.4770 	 347.1669 	 65.9254 	 207.1253 	 100.8642 	 19.1535 	 60.2532 	 -0.0000 	 -0.0000 	 -0.0000
3.4870 	 348.1776 	 66.1173 	 207.7291 	 100.8642 	 19.1535 	 60.2532 	 -0.0000 	 -0.0000 	 -0.0000
3.4970 	 349.1883 	 66.3092 	 208.3328 	 100.8642 	 19.1535 	 60.2532 	 -0.0000 	 -0.0000 	 -0.0000
3.5070 	 350.1989 	 66.5011 	 208.9365 	 100.8642 	 19.1535 	 60.2532 	 -0.0000 	 -0.0000 	 -0.0000
3.5170 	 351.2096 	 66.6930 	 209.5403 	 100.8642 	 19.1535 	 60.2532 	 -0.0000 	 -0.0000 	 -0.0000
3.5271 	 352.2203 	 66.8850 	 210.1440 	 100.8642 	 19.1535 	 60.2532 	 -0.0000 	 -0.0000 	 -0.0000
3.5371 	 353.2309 	 67.0769 	 210.7478 	 100.8642 	 19.1535 	 60.2532 	 -0.0000 	 -0.0000 	 -0.0000
3.5471 	 354.2416 	 67.2688 	 211.3515 	 100.8642 	 19.1535 	 60.2532 	 -0.0000 	 -0.0000 	 -0.0000
3.5571 	 355.2523 	 67.4607 	 211.9552 	 100.8642 	 19.1535 	 60.2532 	 -0.0000 	 -0.0000 	 -0.0000
3.5671 	 356.2629 	 67.6526 	 212.5590 	 100.8642 	 19.1535 	 60.2532 	 -0.0000 	 -0.0000 	 -0.0000
3.5772 	 357.2736 	 67.8445 	 213.1627 	 100.8642 	 19.1535 	 60.2532 	 -0.0000 	 -0.0000 	 -0.0000
3.5872 	 358.2842 	 68.0365 	 213.7665 	 100.8642 	 19.1535 	 60.2532 	 -0.0000 	 -0.0000 	 -0.0000
3.5972 	 359.2949 	 68.2284 	 214.3702 	 100.8642 	 19.1535 	 60.2532 	 -0.0000 	 -0.0000 	 -0.0000
3.6072 	 360.3056 	 68.4203 	 214.9739 	 100.8642 	 19.1535 	 60.2532 	 -0.0000 	 -0.0000 	 -0.0000
3.6172 	 361.3162 	 68.6122 	 215.5777 	 100.8642 	 19.1535 	 60.2532 	 -0.0000 	 -0.0000 	 -0.0000
3.6273 	 362.3269 	 68.8041 	 216.1814 	 100.8642 	 19.1535 	 60.2532 	 -0.0000 	 -0.0000 	 -0.0000
3.6373 	 363.3376 	 68.9961 	 216.7852 	 100.8642 	 19.1535 	 60.2532 	 -0.0000 	 -0.0000 	 -0.0000
3.6473 	 364.3482 	 69.1880 	 217.3889 	 100.8642 	 19.1535 	 60.2532 	 -0.0000 	 -0.0000 	 -0.0000
3.6573 	 365.3589 	 69.3799 	 217.9926 	 100.8642 	 19.1535 	 60.2532 	 -0.0000 	 -0.0000 	 -0.0000
3.6673 	 366.3695 	 69.5718 	 218.5964 	 100.8642 	 19.1535 	 60.2532 	 -0.0000 	 -0.0000 	 -0.0000
3.6774 	 367.3802 	 69.7637 	 219.2001 	 100.8642 	 19.1535 	 60.2532 	 -0.0000 	 -0.0000 	 -0.0000
3.6874 	 368.3909 	 69.9557 	 219.8039 	 100.8642 	 19.1535 	 60.2532 	 -0.0000 	 -0.0000 	 -0.0000
3.6974 	 369.4015 	 70.1476 	 220.4076 	 100.8642 	 19.1535 	 60.2532 	 -0.0000 	 -0.0000 	 -0.0000
3.7074 	 370.4122 	 70.3395 	 221.0113 	 100.8642 	 19.1535 	 60.2532 	 -0.0000 	 -0.0000 	 -0.0000
3.7174 	 371.4229 	 70.5314 	 221.6151 	 100.8642 	 19.1535 	 60.2532 	 -0.0000 	 -0.0000 	 -0.0000
3.7275 	 372.4335 	 70.7233 	 222.2188 	 100.8642 	 19.1535 	 60.2532 	 -0.0000 	 -0.0000 	 -0.0000
3.7375 	 373.4442 	 70.9152 	 222.8226 	 100.8642 	 19.1535 	 60.2532 	 -0.0000 	 -0.0000 	 -0.0000
3.7475 	 374.4549 	 71.1072 	 223.4263 	 100.8642 	 19.1535 	 60.2532 	 -0.0000 	 -0.0000 	 -0.0000
3.7575 	 375.4655 	 71.2991 	 224.0300 	 100.8642 	 19.1535 	 60.2532 	 -0.0000 	 -0.0000 	 -0.0000
3.7675 	 376.4762 	 71.4910 	 224.6338 	 100.8642 	 19.1535 	 60.2532 	 -0.0000 	 -0.0000 	 -0.0000
3.7776 	 377.4868 	 71.6829 	 225.2375 	 100.8642 	 19.1535 	 60.2532 	 -0.0000 	 -0.0000 	 -0.0000
3.7876 	 378.4975 	 71.8748 	 225.8413 	 100.8642 	 19.1535 	 60.2532 	 -0.0000 	 -0.0000 	 -0.0000
3.7976 	 379.5082 	 72.0668 	 226.4450 	 100.8642 	 19.1535 	 60.2532 	 -0.0000 	 -0.0000 	 -0.0000
3.8076 	 380.5188 	 72.2587 	 227.0487 	 100.8642 	 19.1535 	 60.2532 	 -0.0000 	 -0.0000 	 -0.0000
3.8176 	 381.5295 	 72.4506 	 227.6525 	 100.8642 	 19.1535 	 60.2532 	 -0.0000 	 -0.0000 	 -0.0000
3.8277 	 382.5402 	 72.6425 	 228.2562 	 100.8642 	 19.1535 	 60.2532 	 -0.0000 	 -0.0000 	 -0.0000
3.8377 	 383.5508 	 72.8344 	 228.8600 	 100.8642 	 19.1535 	 60.2532 	 -0.0000 	 -0.0000 	 -0.0000
3.8477 	 384.5615 	 73.0263 	 229.4637 	 100.8642 	 19.1535 	 60.2532 	 -0.0000 	 -0.0000 	 -0.0000
3.8577 	 385.5721 	 73.2183 	 230.0674 	 100.8642 	 19.1535 	 60.2532 	 -0.0000 	 -0.0000 	 -0.0000
3.8677 	 386.5828 	 73.4102 	 230.6712 	 100.8642 	 19.1535 	 60.2532 	 -0.0000 	 -0.0000 	 -0.0000
3.8778 	 387.5935 	 73.6021 	 231.2749 	 100.8642 	 19.1535 	 60.2532 	 -0.0000 	 -0.0000 	 -0.0000
3.8878 	 388.6041 	 73.7940 	 231.8786 	 100.8642 	 19.1535 	 60.2532 	 -0.0000 	 -0.0000 	 -0.0000
3.8978 	 389.6148 	 73.9859 	 232.4824 	 100.8642 	 19.1535 	 60.2532 	 -0.0000 	 -0.0000 	 -0.0000
3.9078 	 390.6255 	 74.1779 	 233.0861 	 100.8642 	 19.1535 	 60.2532 	 -0.0000 	 -0.0000 	 -0.0000
3.9178 	 391.6361 	 74.3698 	 233.6899 	 100.8642 	 19.1535 	 60.2532 	 -0.0000 	 -0.0000 	 -0.0000
3.9279 	 392.6468 	 74.5617 	 234.2936 	 100.8642 	 19.1535 	 60.2532 	 -0.0000 	 -0.0000 	 -0.0000
3.9379 	 393.6575 	 74.7536 	 234.8973 	 100.8642 	 19.1535 	 60.2532 	 -0.0000 	 -0.0000 	 -0.0000
3.9479 	 394.6681 	 74.9455 	 235.5011 	 100.8642 	 19.1535 	 60.2532 	 -0.0000 	 -0.0000 	 -0.0000
3.9579 	 395.6788 	 75.1375 	 236.1048 	 100.8642 	 19.1535 	 60.2532 	 -0.0000 	 -0.0000 	 -0.0000
3.9679 	 396.6894 	 75.3294 	 236.7086 	 100.8642 	 19.1535 	 60.2532 	 -0.0000 	 -0.0000 	 -0.0000
3.9780 	 397.7001 	 75.5213 	 237.3123 	 100.8642 	 19.1535 	 60.2532 	 -0.0000 	 -0.0000 	 -0.0000
3.9880 	 398.7108 	 75.7132 	 237.9160 	 100.8642 	 19.1535 	 60.2532 	 -0.0000 	 -0.0000 	 -0.0000
3.9980 	 399.7214 	 75.9051 	 238.5198 	 100.8642 	 19.1535 	 60.2532 	 -0.0000 	 -0.0000 	 -0.0000
4.0080 	 400.7321 	 76.0970 	 239.1235 	 100.8642 	 19.1535 	 60.2532 	 -0.0000 	 -0.0000 	 -0.0000
4.0180 	 401.7428 	 76.2890 	 239.7273 	 100.8642 	 19.1535 	 60.2532 	 -0.0000 	 -0.0000 	 -0.0000
4.0281 	 402.7534 	 76.4809 	 240.3310 	 100.8642 	 19.1535 	 60.2532 	 -0.0000 	 -0.0000 	 -0.0000
4.0381 	 403.7641 	 76.6728 	 240.9347 	 100.8642 	 19.1535 	 60.2532 	 -0.0000 	 -0.0000 	 -0.0000
4.0481 	 404.7747 	 76.8647 	 241.5385 	 100.8642 	 19.1535 	 60.2532 	 -0.0000 	 -0.0000 	 -0.0000
4.0581 	 405.7854 	 77.0566 	 242.1422 	 100.8642 	 19.1535 	 60.2532 	 -0.0000 	 -0.0000 	 -0.0000
4.0681 	 406.7961 	 77.2486 	 242.7460 	 100.8642 	 19.1535 	 60.2532 	 -0.0000 	 -0.0000 	 -0.0000
4.0782 	 407.8067 	 77.4405 	 243.3497 	 100.8642 	 19.1535 	 60.2532 	 -0.0000 	 -0.0000 	 -0.0000
4.0882 	 408.8174 	 77.6324 	 243.9534 	 100.8642 	 19.1535 	 60.2532 	 -0.0000 	 -0.0000 	 -0.0000
4.0982 	 409.8281 	 77.8243 	 244.5572 	 100.8642 	 19.1535 	 60.2532 	 -0.0000 	 -0.0000 	 -0.0000
4.1082 	 410.8387 	 78.0162 	 245.1609 	 100.8642 	 19.1535 	 60.2532 	 -0.0000 	 -0.0000 	 -0.0000
4.1182 	 411.8494 	 78.2081 	 245.7647 	 100.8642 	 19.1535 	 60.2532 	 -0.0000 	 -0.0000 	 -0.0000
4.1283 	 412.8601 	 78.4001 	 246.3684 	 100.8642 	 19.1535 	 60.2532 	 -0.0000 	 -0.0000 	 -0.0000
4.1383 	 413.8707 	 78.5920 	 246.9721 	 100.8642 	 19.1535 	 60.2532 	 -0.0000 	 -0.0000 	 -0.0000
4.1483 	 414.8814 	 78.7839 	 247.5759 	 100.8642 	 19.1535 	 60.2532 	 -0.0000 	 -0.0000 	 -0.0000
4.1583 	 415.8920 	 78.9758 	 248.1796 	 100.8642 	 19.1535 	 60.2532 	 -0.0000 	 -0.0000 	 -0.0000
4.1683 	 416.9027 	 79.1677 	 248.7834 	 100.8642 	 19.1535 	 60.2532 	 -0.0000 	 -0.0000 	 -0.0000
4.1784 	 417.9134 	 79.3597 	 249.3871 	 100.8642 	 19.1535 	 60.2532 	 -0.0000 	 -0.0000 	 -0.0000
4.1884 	 418.9240 	 79.5516 	 249.9908 	 100.8642 	 19.1535 	 60.2532 	 -0.0000 	 -0.0000 	 -0.0000
4.1984 	 419.9347 	 79.7435 	 250.5946 	 100.8642 	 19.1535 	 60.2532 	 -0.0000 	 -0.0000 	 -0.0000
4.2084 	 420.9454 	 79.9354 	 251.1983 	 100.8642 	 19.1535 	 60.2532 	 -0.0000 	 -0.0000 	 -0.0000
4.2184 	 421.9560 	 80.1273 	 251.8021 	 100.8642 	 19.1535 	 60.2532 	 -0.0000 	 -0.0000 	 -0.0000
4.2285 	 422.9667 	 80.3192 	 252.4058 	 100.8642 	 19.1535 	 60.2532 	 -0.0000 	 -0.0000 	 -0.0000
4.2385 	 423.9773 	 80.5112 	 253.0095 	 100.8642 	 19.1535 	 60.2532 	 -0.0000 	 -0.0000 	 -0.0000
4.2485 	 424.9880 	 80.7031 	 253.6133 	 100.8642 	 19.1535 	 60.2532 	 -0.0000 	 -0.0000 	 -0.0000
4.2585 	 425.9987 	 80.8950 	 254.2170 	 100.8642 	 19.1535 	 60.2532 	 -0.0000 	 -0.0000 	 -0.0000
4.2685 	 427.0093 	 81.0869 	 254.8207 	 100.8642 	 19.1535 	 60.2532 	 -0.0000 	 -0.0000 	 -0.0000
4.2786 	 428.0200 	 81.2788 	 255.4245 	 100.8642 	 19.1535 	 60.2532 	 -0.0000 	 -0.0000 	 -0.0000
4.2886 	 429.0307 	 81.4708 	 256.0282 	 100.8642 	 19.1535 	 60.2532 	 -0.0000 	 -0.0000 	 -0.0000
4.2986 	 430.0413 	 81.6627 	 256.6320 	 100.8642 	 19.1535 	 60.2532 	 -0.0000 	 -0.0000 	 -0.0000
4.3086 	 431.0520 	 81.8546 	 257.2357 	 100.8642 	 19.1535 	 60.2532 	 -0.0000 	 -0.0000 	 -0.0000
4.3186 	 432.0627 	 82.0465 	 257.8394 	 100.8642 	 19.1535 	 60.2532 	 -0.0000 	 -0.0000 	 -0.0000
4.3287 	 433.0733 	 82.2384 	 258.4432 	 100.8642 	 19.1535 	 60.2532 	 -0.0000 	 -0.0000 	 -0.0000
4.3387 	 434.0840 	 82.4304 	 259.0469 	 100.8642 	 19.1535 	 60.2532 	 -0.0000 	 -0.0000 	 -0.0000
4.3487 	 435.0946 	 82.6223 	 259.6507 	 100.8642 	 19.1535 	 60.2532 	 -0.0000 	 -0.0000 	 -0.0000
4.3587 	 436.1053 	 82.8142 	 260.2544 	 100.8642 	 19.1535 	 60.2532 	 -0.0000 	 -0.0000 	 -0.0000
4.3687 	 437.1160 	 83.0061 	 260.8581 	 100.8642 	 19.1535 	 60.2532 	 -0.0000 	 -0.0000 	 -0.0000
4.3788 	 438.1266 	 83.1980 	 261.4619 	 100.8642 	 19.1535 	 60.2532 	 -0.0000 	 -0.0000 	 -0.0000
4.3888 	 439.1373 	 83.3899 	 262.0656 	 100.8642 	 19.1535 	 60.2532 	 -0.0000 	 -0.0000 	 -0.0000
4.3988 	 440.1480 	 83.5819 	 262.6694 	 100.8642 	 19.1535 	 60.2532 	 -0.0000 	 -0.0000 	 -0.0000
4.4088 	 441.1586 	 83.7738 	 263.2731 	 100.8642 	 19.1535 	 60.2532 	 -0.0000 	 -0.0000 	 -0.0000
4.4188 	 442.1693 	 83.9657 	 263.8768 	 100.8642 	 19.1535 	 60.2532 	 -0.0000 	 -0.0000 	 -0.0000
4.4289 	 443.1799 	 84.1576 	 264.4806 	 100.8642 	 19.1535 	 60.2532 	 -0.0000 	 -0.0000 	 -0.0000
4.4389 	 444.1906 	 84.3495 	 265.0843 	 100.8642 	 19.1535 	 60.2532 	 -0.0000 	 -0.0000 	 -0.0000
4.4489 	 445.2013 	 84.5415 	 265.6881 	 100.8642 	 19.1535 	 60.2532 	 -0.0000 	 -0.0000 	 -0.0000
4.4589 	 446.2119 	 84.7334 	 266.2918 	 100.8642 	 19.1535 	 60.2532 	 -0.0000 	 -0.0000 	 -0.0000
4.4689 	 447.2226 	 84.9253 	 266.8955 	 100.8642 	 19.1535 	 60.2532 	 -0.0000 	 -0.0000 	 -0.0000
4.4790 	 448.2333 	 85.1172 	 267.4993 	 100.8642 	 19.1535 	 60.2532 	 -0.0000 	 -0.0000 	 -0.0000
4.4890 	 449.2439 	 85.3091 	 268.1030 	 100.8642 	 19.1535 	 60.2532 	 -0.0000 	 -0.0000 	 -0.0000
4.4990 	 450.2546 	 85.5010 	 268.7068 	 100.8642 	 19.1535 	 60.2532 	 -0.0000 	 -0.0000 	 -0.0000
4.5090 	 451.2653 	 85.6930 	 269.3105 	 100.8642 	 19.1535 	 60.2532 	 -0.0000 	 -0.0000 	 -0.0000
4.5190 	 452.2759 	 85.8849 	 269.9142 	 100.8642 	 19.1535 	 60.2532 	 -0.0000 	 -0.0000 	 -0.0000
4.5291 	 453.2866 	 86.0768 	 270.5180 	 100.8642 	 19.1535 	 60.2532 	 -0.0000 	 -0.0000 	 -0.0000
4.5391 	 454.2972 	 86.2687 	 271.1217 	 100.8642 	 19.1535 	 60.2532 	 -0.0000 	 -0.0000 	 -0.0000
4.5491 	 455.3079 	 86.4606 	 271.7255 	 100.8642 	 19.1535 	 60.2532 	 -0.0000 	 -0.0000 	 -0.0000
4.5591 	 456.3186 	 86.6526 	 272.3292 	 100.8642 	 19.1535 	 60.2532 	 -0.0000 	 -0.0000 	 -0.0000
4.5691 	 457.3292 	 86.8445 	 272.9329 	 100.8642 	 19.1535 	 60.2532 	 -0.0000 	 -0.0000 	 -0.0000
4.5792 	 458.3399 	 87.0364 	 273.5367 	 100.8642 	 19.1535 	 60.2532 	 -0.0000 	 -0.0000 	 -0.0000
4.5892 	 459.3506 	 87.2283 	 274.1404 	 100.8642 	 19.1535 	 60.2532 	 -0.0000 	 -0.0000 	 -0.0000
4.5992 	 460.3612 	 87.4202 	 274.7442 	 100.8642 	 19.1535 	 60.2532 	 -0.0000 	 -0.0000 	 -0.0000
4.6092 	 461.3719 	 87.6121 	 275.3479 	 100.8642 	 19.1535 	 60.2532 	 -0.0000 	 -0.0000 	 -0.0000
4.6192 	 462.3825 	 87.8041 	 275.9516 	 100.8642 	 19.1535 	 60.2532 	 -0.0000 	 -0.0000 	 -0.0000
4.6293 	 463.3932 	 87.9960 	 276.5554 	 100.8642 	 19.1535 	 60.2532 	 -0.0000 	 -0.0000 	 -0.0000
4.6393 	 464.4039 	 88.1879 	 277.1591 	 100.8642 	 19.1535 	 60.2532 	 -0.0000 	 -0.0000 	 -0.0000
4.6493 	 465.4145 	 88.3798 	 277.7628 	 100.8642 	 19.1535 	 60.2532 	 -0.0000 	 -0.0000 	 -0.0000
4.6593 	 466.4252 	 88.5717 	 278.3666 	 100.8642 	 19.1535 	 60.2532 	 -0.0000 	 -0.0000 	 -0.0000
4.6693 	 467.4359 	 88.7637 	 278.9703 	 100.8642 	 19.1535 	 60.2532 	 -0.0000 	 -0.0000 	 -0.0000
4.6794 	 468.4465 	 88.9556 	 279.5741 	 100.8642 	 19.1535 	 60.2532 	 -0.0000 	 -0.0000 	 -0.0000
4.6894 	 469.4572 	 89.1475 	 280.1778 	 100.8642 	 19.1535 	 60.2532 	 -0.0000 	 -0.0000 	 -0.0000
4.6994 	 470.4679 	 89.3394 	 280.7815 	 100.8642 	 19.1535 	 60.2532 	 -0.0000 	 -0.0000 	 -0.0000
4.7094 	 471.4785 	 89.5313 	 281.3853 	 100.8642 	 19.1535 	 60.2532 	 -0.0000 	 -0.0000 	 -0.0000
4.7194 	 472.4892 	 89.7233 	 281.9890 	 100.8642 	 19.1535 	 60.2532 	 -0.0000 	 -0.0000 	 -0.0000
4.7295 	 473.4998 	 89.9152 	 282.5928 	 100.8642 	 19.1535 	 60.2532 	 -0.0000 	 -0.0000 	 -0.0000
4.7395 	 474.5105 	 90.1071 	 283.1965 	 100.8642 	 19.1535 	 60.2532 	 -0.0000 	 -0.0000 	 -0.0000
4.7495 	 475.5212 	 90.2990 	 283.8002 	 100.8642 	 19.1535 	 60.2532 	 -0.0000 	 -0.0000 	 -0.0000
4.7595 	 476.5318 	 90.4909 	 284.4040 	 100.8642 	 19.1535 	 60.2532 	 -0.0000 	 -0.0000 	 -0.0000
4.7695 	 477.5425 	 90.6828 	 285.0077 	 100.8642 	 19.1535 	 60.2532 	 -0.0000 	 -0.0000 	 -0.0000
4.7796 	 478.5532 	 90.8748 	 285.6115 	 100.8642 	 19.1535 	 60.2532 	 -0.0000 	 -0.0000 	 -0.0000
4.7896 	 479.5638 	 91.0667 	 286.2152 	 100.8642 	 19.1535 	 60.2532 	 -0.0000 	 -0.0000 	 -0.0000
4.7996 	 480.5745 	 91.2586 	 286.8189 	 100.8642 	 19.1535 	 60.2532 	 -0.0000 	 -0.0000 	 -0.0000
4.8096 	 481.5851 	 91.4505 	 287.4227 	 100.8642 	 19.1535 	 60.2532 	 -0.0000 	 -0.0000 	 -0.0000
4.8196 	 482.5958 	 91.6424 	 288.0264 	 100.8642 	 19.1535 	 60.2532 	 -0.0000 	 -0.0000 	 -0.0000
4.8297 	 483.6065 	 91.8344 	 288.6302 	 100.8642 	 19.1535 	 60.2532 	 -0.0000 	 -0.0000 	 -0.0000
4.8397 	 484.6171 	 92.0263 	 289.2339 	 100.8642 	 19.1535 	 60.2532 	 -0.0000 	 -0.0000 	 -0.0000
4.8497 	 485.6278 	 92.2182 	 289.8376 	 100.8642 	 19.1535 	 60.2532 	 -0.0000 	 -0.0000 	 -0.0000
4.8597 	 486.6385 	 92.4101 	 290.4414 	 100.8642 	 19.1535 	 60.2532 	 -0.0000 	 -0.0000 	 -0.0000
4.8697 	 487.6491 	 92.6020 	 291.0451 	 100.8642 	 19.1535 	 60.2532 	 -0.0000 	 -0.0000 	 -0.0000
4.8798 	 488.6598 	 92.7939 	 291.6489 	 100.8642 	 19.1535 	 60.2532 	 -0.0000 	 -0.0000 	 -0.0000
4.8898 	 489.6705 	 92.9859 	 292.2526 	 100.8642 	 19.1535 	 60.2532 	 -0.0000 	 -0.0000 	 -0.0000
4.8998 	 490.6811 	 93.1778 	 292.8563 	 100.8642 	 19.1535 	 60.2532 	 -0.0000 	 -0.0000 	 -0.0000
4.9098 	 491.6918 	 93.3697 	 293.4601 	 100.8642 	 19.1535 	 60.2532 	 -0.0000 	 -0.0000 	 -0.0000
4.9198 	 492.7024 	 93.5616 	 294.0638 	 100.8642 	 19.1535 	 60.2532 	 -0.0000 	 -0.0000 	 -0.0000
4.9299 	 493.7131 	 93.7535 	 294.6676 	 100.8642 	 19.1535 	 60.2532 	 -0.0000 	 -0.0000 	 -0.0000
4.9399 	 494.7238 	 93.9455 	 295.2713 	 100.8642 	 19.1535 	 60.2532 	 -0.0000 	 -0.0000 	 -0.0000
4.9499 	 495.7344 	 94.1374 	 295.8750 	 100.8642 	 19.1535 	 60.2532 	 -0.0000 	 -0.0000 	 -0.0000
4.9599 	 496.7451 	 94.3293 	 296.4788 	 100.8642 	 19.1535 	 60.2532 	 -0.0000 	 -0.0000 	 -0.0000
4.9699 	 497.7558 	 94.5212 	 297.0825 	 100.8642 	 19.1535 	 60.2532 	 -0.0000 	 -0.0000 	 -0.0000
4.9800 	 498.7664 	 94.7131 	 297.6863 	 100.8642 	 19.1535 	 60.2532 	 -0.0000 	 -0.0000 	 -0.0000
4.9900 	 499.7771 	 94.9051 	 298.2900 	 100.8642 	 19.1535 	 60.2532 	 -0.0000 	 -0.0000 	 -0.0000
