100-Body Run with i = 79 th particle. (Units in pc,M_solar,Myr, km s-1) 

time		 x 		 y 		 z 		 xdot 		 ydot 		 zdot 		 xddot 		 yddot 		 zddot
0.0000 	 -0.0002 	 0.0012 	 -0.1736 	 -0.1625 	 0.4017 	 0.3588 	 -4388.1320 	 1476.8278 	 6954.6644
0.0100 	 0.0067 	 -0.0056 	 -0.1854 	 -5.7967 	 0.7017 	 8.9084 	 96.6864 	 708.4201 	 2.4429
0.0200 	 -0.0510 	 0.0019 	 -0.0962 	 -5.5643 	 1.9748 	 8.9100 	 7.0100 	 1.6503 	 -3.2581
0.0301 	 -0.1067 	 0.0217 	 -0.0069 	 -5.5348 	 1.9750 	 8.8995 	 1.7441 	 -0.3838 	 -0.1657
0.0401 	 -0.1620 	 0.0415 	 0.0823 	 -5.5194 	 1.9709 	 8.8991 	 1.3621 	 -0.4052 	 -0.0305
0.0501 	 -0.2173 	 0.0612 	 0.1714 	 -5.5076 	 1.9675 	 8.8980 	 0.9902 	 -0.2758 	 -0.1651
0.0601 	 -0.2724 	 0.0809 	 0.2606 	 -5.4992 	 1.9653 	 8.8962 	 0.7134 	 -0.1654 	 -0.1748
0.0701 	 -0.3275 	 0.1006 	 0.3497 	 -5.4930 	 1.9640 	 8.8946 	 0.5519 	 -0.1020 	 -0.1560
0.0802 	 -0.3825 	 0.1203 	 0.4388 	 -5.4880 	 1.9632 	 8.8931 	 0.4515 	 -0.0693 	 -0.1445
0.0902 	 -0.4375 	 0.1399 	 0.5279 	 -5.4838 	 1.9626 	 8.8916 	 0.3773 	 -0.0577 	 -0.1395
0.1002 	 -0.4924 	 0.1596 	 0.6170 	 -5.4804 	 1.9620 	 8.8903 	 0.3168 	 -0.0569 	 -0.1330
0.1102 	 -0.5473 	 0.1793 	 0.7061 	 -5.4774 	 1.9614 	 8.8890 	 0.2695 	 -0.0592 	 -0.1241
0.1202 	 -0.6022 	 0.1989 	 0.7951 	 -5.4749 	 1.9608 	 8.8878 	 0.2333 	 -0.0601 	 -0.1166
0.1303 	 -0.6571 	 0.2185 	 0.8842 	 -5.4727 	 1.9602 	 8.8866 	 0.2036 	 -0.0576 	 -0.1116
0.1403 	 -0.7119 	 0.2382 	 0.9732 	 -5.4708 	 1.9597 	 8.8855 	 0.1777 	 -0.0525 	 -0.1071
0.1503 	 -0.7667 	 0.2578 	 1.0623 	 -5.4692 	 1.9592 	 8.8845 	 0.1553 	 -0.0467 	 -0.1022
0.1603 	 -0.8215 	 0.2774 	 1.1513 	 -5.4677 	 1.9587 	 8.8835 	 0.1360 	 -0.0415 	 -0.0969
0.1703 	 -0.8763 	 0.2971 	 1.2403 	 -5.4664 	 1.9583 	 8.8826 	 0.1186 	 -0.0372 	 -0.0911
0.1804 	 -0.9310 	 0.3167 	 1.3293 	 -5.4653 	 1.9580 	 8.8817 	 0.1039 	 -0.0330 	 -0.0858
0.1904 	 -0.9858 	 0.3363 	 1.4183 	 -5.4644 	 1.9577 	 8.8808 	 0.0914 	 -0.0292 	 -0.0810
0.2004 	 -1.0405 	 0.3559 	 1.5073 	 -5.4635 	 1.9574 	 8.8800 	 0.0807 	 -0.0260 	 -0.0764
0.2104 	 -1.0953 	 0.3755 	 1.5962 	 -5.4627 	 1.9571 	 8.8793 	 0.0716 	 -0.0232 	 -0.0718
0.2204 	 -1.1500 	 0.3951 	 1.6852 	 -5.4621 	 1.9569 	 8.8786 	 0.0638 	 -0.0209 	 -0.0673
0.2305 	 -1.2047 	 0.4148 	 1.7742 	 -5.4614 	 1.9567 	 8.8780 	 0.0572 	 -0.0189 	 -0.0628
0.2405 	 -1.2595 	 0.4344 	 1.8631 	 -5.4609 	 1.9565 	 8.8773 	 0.0514 	 -0.0171 	 -0.0586
0.2505 	 -1.3142 	 0.4540 	 1.9521 	 -5.4604 	 1.9564 	 8.8768 	 0.0465 	 -0.0155 	 -0.0545
0.2605 	 -1.3689 	 0.4736 	 2.0410 	 -5.4600 	 1.9562 	 8.8763 	 0.0422 	 -0.0142 	 -0.0507
0.2705 	 -1.4236 	 0.4932 	 2.1299 	 -5.4596 	 1.9561 	 8.8758 	 0.0385 	 -0.0130 	 -0.0472
0.2806 	 -1.4783 	 0.5128 	 2.2189 	 -5.4592 	 1.9560 	 8.8753 	 0.0352 	 -0.0119 	 -0.0440
0.2906 	 -1.5330 	 0.5324 	 2.3078 	 -5.4589 	 1.9559 	 8.8749 	 0.0323 	 -0.0110 	 -0.0410
0.3006 	 -1.5877 	 0.5520 	 2.3967 	 -5.4585 	 1.9557 	 8.8745 	 0.0298 	 -0.0101 	 -0.0383
0.3106 	 -1.6424 	 0.5716 	 2.4857 	 -5.4583 	 1.9556 	 8.8741 	 0.0275 	 -0.0094 	 -0.0358
0.3206 	 -1.6971 	 0.5912 	 2.5746 	 -5.4580 	 1.9556 	 8.8738 	 0.0255 	 -0.0087 	 -0.0335
0.3307 	 -1.7518 	 0.6107 	 2.6635 	 -5.4577 	 1.9555 	 8.8734 	 0.0237 	 -0.0081 	 -0.0315
0.3407 	 -1.8065 	 0.6303 	 2.7524 	 -5.4575 	 1.9554 	 8.8731 	 0.0221 	 -0.0076 	 -0.0296
0.3507 	 -1.8611 	 0.6499 	 2.8413 	 -5.4573 	 1.9553 	 8.8728 	 0.0206 	 -0.0071 	 -0.0278
0.3607 	 -1.9158 	 0.6695 	 2.9302 	 -5.4571 	 1.9553 	 8.8726 	 0.0193 	 -0.0066 	 -0.0263
0.3707 	 -1.9705 	 0.6891 	 3.0191 	 -5.4569 	 1.9552 	 8.8723 	 0.0181 	 -0.0062 	 -0.0248
0.3808 	 -2.0252 	 0.7087 	 3.1080 	 -5.4567 	 1.9551 	 8.8721 	 0.0170 	 -0.0059 	 -0.0234
0.3908 	 -2.0799 	 0.7283 	 3.1969 	 -5.4566 	 1.9551 	 8.8719 	 0.0160 	 -0.0055 	 -0.0222
0.4008 	 -2.1345 	 0.7479 	 3.2858 	 -5.4564 	 1.9550 	 8.8716 	 0.0151 	 -0.0052 	 -0.0211
0.4108 	 -2.1892 	 0.7675 	 3.3747 	 -5.4563 	 1.9550 	 8.8714 	 0.0143 	 -0.0049 	 -0.0200
0.4208 	 -2.2439 	 0.7871 	 3.4636 	 -5.4561 	 1.9549 	 8.8712 	 0.0135 	 -0.0047 	 -0.0190
0.4309 	 -2.2985 	 0.8067 	 3.5525 	 -5.4560 	 1.9549 	 8.8710 	 0.0128 	 -0.0044 	 -0.0181
0.4409 	 -2.3532 	 0.8262 	 3.6414 	 -5.4559 	 1.9548 	 8.8709 	 0.0121 	 -0.0042 	 -0.0172
0.4509 	 -2.4079 	 0.8458 	 3.7302 	 -5.4558 	 1.9548 	 8.8707 	 0.0115 	 -0.0040 	 -0.0165
0.4609 	 -2.4625 	 0.8654 	 3.8191 	 -5.4556 	 1.9547 	 8.8705 	 0.0110 	 -0.0038 	 -0.0157
0.4709 	 -2.5172 	 0.8850 	 3.9080 	 -5.4555 	 1.9547 	 8.8704 	 0.0105 	 -0.0036 	 -0.0150
0.4810 	 -2.5719 	 0.9046 	 3.9969 	 -5.4554 	 1.9547 	 8.8702 	 0.0100 	 -0.0035 	 -0.0144
0.4910 	 -2.6265 	 0.9242 	 4.0858 	 -5.4553 	 1.9546 	 8.8701 	 0.0095 	 -0.0033 	 -0.0138
0.5010 	 -2.6812 	 0.9438 	 4.1747 	 -5.4552 	 1.9546 	 8.8700 	 0.0091 	 -0.0032 	 -0.0132
0.5110 	 -2.7359 	 0.9633 	 4.2635 	 -5.4552 	 1.9546 	 8.8698 	 0.0086 	 -0.0030 	 -0.0126
0.5210 	 -2.7905 	 0.9829 	 4.3524 	 -5.4551 	 1.9545 	 8.8697 	 0.0082 	 -0.0029 	 -0.0119
0.5311 	 -2.8452 	 1.0025 	 4.4413 	 -5.4550 	 1.9545 	 8.8696 	 0.0078 	 -0.0027 	 -0.0114
0.5411 	 -2.8998 	 1.0221 	 4.5302 	 -5.4549 	 1.9545 	 8.8695 	 0.0075 	 -0.0026 	 -0.0110
0.5511 	 -2.9545 	 1.0417 	 4.6190 	 -5.4548 	 1.9545 	 8.8694 	 0.0072 	 -0.0025 	 -0.0106
0.5611 	 -3.0092 	 1.0613 	 4.7079 	 -5.4548 	 1.9544 	 8.8693 	 0.0069 	 -0.0024 	 -0.0102
0.5711 	 -3.0638 	 1.0808 	 4.7968 	 -5.4547 	 1.9544 	 8.8692 	 0.0067 	 -0.0023 	 -0.0098
0.5812 	 -3.1185 	 1.1004 	 4.8856 	 -5.4546 	 1.9544 	 8.8691 	 0.0064 	 -0.0022 	 -0.0095
0.5912 	 -3.1731 	 1.1200 	 4.9745 	 -5.4546 	 1.9544 	 8.8690 	 0.0062 	 -0.0022 	 -0.0092
0.6012 	 -3.2278 	 1.1396 	 5.0634 	 -5.4545 	 1.9544 	 8.8689 	 0.0060 	 -0.0021 	 -0.0088
0.6112 	 -3.2824 	 1.1592 	 5.1522 	 -5.4545 	 1.9543 	 8.8688 	 0.0057 	 -0.0020 	 -0.0085
0.6212 	 -3.3371 	 1.1788 	 5.2411 	 -5.4544 	 1.9543 	 8.8687 	 0.0055 	 -0.0019 	 -0.0083
0.6313 	 -3.3917 	 1.1983 	 5.3300 	 -5.4543 	 1.9543 	 8.8686 	 0.0054 	 -0.0019 	 -0.0080
0.6413 	 -3.4464 	 1.2179 	 5.4188 	 -5.4543 	 1.9543 	 8.8686 	 0.0052 	 -0.0018 	 -0.0077
0.6513 	 -3.5010 	 1.2375 	 5.5077 	 -5.4542 	 1.9543 	 8.8685 	 0.0050 	 -0.0018 	 -0.0075
0.6613 	 -3.5557 	 1.2571 	 5.5966 	 -5.4542 	 1.9542 	 8.8684 	 0.0048 	 -0.0017 	 -0.0073
0.6713 	 -3.6103 	 1.2767 	 5.6854 	 -5.4541 	 1.9542 	 8.8683 	 0.0047 	 -0.0016 	 -0.0070
0.6814 	 -3.6650 	 1.2963 	 5.7743 	 -5.4541 	 1.9542 	 8.8683 	 0.0045 	 -0.0016 	 -0.0068
0.6914 	 -3.7196 	 1.3158 	 5.8631 	 -5.4541 	 1.9542 	 8.8682 	 0.0044 	 -0.0015 	 -0.0066
0.7014 	 -3.7743 	 1.3354 	 5.9520 	 -5.4540 	 1.9542 	 8.8681 	 0.0042 	 -0.0015 	 -0.0064
0.7114 	 -3.8289 	 1.3550 	 6.0409 	 -5.4540 	 1.9542 	 8.8681 	 0.0041 	 -0.0014 	 -0.0062
0.7214 	 -3.8836 	 1.3746 	 6.1297 	 -5.4539 	 1.9541 	 8.8680 	 0.0040 	 -0.0014 	 -0.0060
0.7315 	 -3.9382 	 1.3942 	 6.2186 	 -5.4539 	 1.9541 	 8.8679 	 0.0038 	 -0.0013 	 -0.0059
0.7415 	 -3.9929 	 1.4137 	 6.3074 	 -5.4539 	 1.9541 	 8.8679 	 0.0037 	 -0.0013 	 -0.0057
0.7515 	 -4.0475 	 1.4333 	 6.3963 	 -5.4538 	 1.9541 	 8.8678 	 0.0036 	 -0.0013 	 -0.0055
0.7615 	 -4.1022 	 1.4529 	 6.4851 	 -5.4538 	 1.9541 	 8.8678 	 0.0035 	 -0.0012 	 -0.0053
0.7715 	 -4.1568 	 1.4725 	 6.5740 	 -5.4537 	 1.9541 	 8.8677 	 0.0034 	 -0.0012 	 -0.0052
0.7816 	 -4.2115 	 1.4921 	 6.6628 	 -5.4537 	 1.9541 	 8.8677 	 0.0033 	 -0.0012 	 -0.0051
0.7916 	 -4.2661 	 1.5116 	 6.7517 	 -5.4537 	 1.9541 	 8.8676 	 0.0032 	 -0.0011 	 -0.0049
0.8016 	 -4.3208 	 1.5312 	 6.8406 	 -5.4536 	 1.9540 	 8.8676 	 0.0031 	 -0.0011 	 -0.0048
0.8116 	 -4.3754 	 1.5508 	 6.9294 	 -5.4536 	 1.9540 	 8.8675 	 0.0030 	 -0.0011 	 -0.0047
0.8216 	 -4.4301 	 1.5704 	 7.0183 	 -5.4536 	 1.9540 	 8.8675 	 0.0030 	 -0.0010 	 -0.0045
0.8317 	 -4.4847 	 1.5900 	 7.1071 	 -5.4536 	 1.9540 	 8.8674 	 0.0029 	 -0.0010 	 -0.0044
0.8417 	 -4.5394 	 1.6095 	 7.1960 	 -5.4535 	 1.9540 	 8.8674 	 0.0028 	 -0.0010 	 -0.0043
0.8517 	 -4.5940 	 1.6291 	 7.2848 	 -5.4535 	 1.9540 	 8.8674 	 0.0028 	 -0.0010 	 -0.0042
0.8617 	 -4.6486 	 1.6487 	 7.3737 	 -5.4535 	 1.9540 	 8.8673 	 0.0027 	 -0.0009 	 -0.0041
0.8717 	 -4.7033 	 1.6683 	 7.4625 	 -5.4534 	 1.9540 	 8.8673 	 0.0026 	 -0.0009 	 -0.0040
0.8818 	 -4.7579 	 1.6878 	 7.5514 	 -5.4534 	 1.9540 	 8.8672 	 0.0026 	 -0.0009 	 -0.0039
0.8918 	 -4.8126 	 1.7074 	 7.6402 	 -5.4534 	 1.9540 	 8.8672 	 0.0025 	 -0.0009 	 -0.0038
0.9018 	 -4.8672 	 1.7270 	 7.7291 	 -5.4534 	 1.9539 	 8.8672 	 0.0024 	 -0.0009 	 -0.0037
0.9118 	 -4.9219 	 1.7466 	 7.8179 	 -5.4533 	 1.9539 	 8.8671 	 0.0024 	 -0.0008 	 -0.0037
0.9218 	 -4.9765 	 1.7662 	 7.9068 	 -5.4533 	 1.9539 	 8.8671 	 0.0023 	 -0.0008 	 -0.0036
0.9319 	 -5.0311 	 1.7857 	 7.9956 	 -5.4533 	 1.9539 	 8.8670 	 0.0023 	 -0.0008 	 -0.0035
0.9419 	 -5.0858 	 1.8053 	 8.0845 	 -5.4533 	 1.9539 	 8.8670 	 0.0022 	 -0.0008 	 -0.0034
0.9519 	 -5.1404 	 1.8249 	 8.1733 	 -5.4533 	 1.9539 	 8.8670 	 0.0022 	 -0.0008 	 -0.0034
0.9619 	 -5.1951 	 1.8445 	 8.2622 	 -5.4532 	 1.9539 	 8.8669 	 0.0021 	 -0.0008 	 -0.0033
0.9719 	 -5.2497 	 1.8641 	 8.3510 	 -5.4532 	 1.9539 	 8.8669 	 0.0021 	 -0.0007 	 -0.0032
0.9820 	 -5.3043 	 1.8836 	 8.4399 	 -5.4532 	 1.9539 	 8.8669 	 0.0020 	 -0.0007 	 -0.0031
0.9920 	 -5.3590 	 1.9032 	 8.5287 	 -5.4532 	 1.9539 	 8.8668 	 0.0020 	 -0.0007 	 -0.0031
1.0020 	 -5.4136 	 1.9228 	 8.6175 	 -5.4532 	 1.9539 	 8.8668 	 0.0020 	 -0.0007 	 -0.0030
1.0120 	 -5.4683 	 1.9424 	 8.7064 	 -5.4531 	 1.9539 	 8.8668 	 0.0019 	 -0.0007 	 -0.0030
1.0220 	 -5.5229 	 1.9619 	 8.7952 	 -5.4531 	 1.9539 	 8.8668 	 0.0019 	 -0.0007 	 -0.0029
1.0321 	 -5.5776 	 1.9815 	 8.8841 	 -5.4531 	 1.9539 	 8.8667 	 0.0018 	 -0.0007 	 -0.0028
1.0421 	 -5.6322 	 2.0011 	 8.9729 	 -5.4531 	 1.9538 	 8.8667 	 0.0018 	 -0.0006 	 -0.0028
1.0521 	 -5.6868 	 2.0207 	 9.0618 	 -5.4531 	 1.9538 	 8.8667 	 0.0018 	 -0.0006 	 -0.0027
1.0621 	 -5.7415 	 2.0403 	 9.1506 	 -5.4530 	 1.9538 	 8.8666 	 0.0017 	 -0.0006 	 -0.0027
1.0721 	 -5.7961 	 2.0598 	 9.2395 	 -5.4530 	 1.9538 	 8.8666 	 0.0017 	 -0.0006 	 -0.0026
1.0822 	 -5.8508 	 2.0794 	 9.3283 	 -5.4530 	 1.9538 	 8.8666 	 0.0017 	 -0.0006 	 -0.0026
1.0922 	 -5.9054 	 2.0990 	 9.4171 	 -5.4530 	 1.9538 	 8.8666 	 0.0016 	 -0.0006 	 -0.0025
1.1022 	 -5.9600 	 2.1186 	 9.5060 	 -5.4530 	 1.9538 	 8.8665 	 0.0016 	 -0.0006 	 -0.0025
1.1122 	 -6.0147 	 2.1381 	 9.5948 	 -5.4530 	 1.9538 	 8.8665 	 0.0016 	 -0.0006 	 -0.0024
1.1222 	 -6.0693 	 2.1577 	 9.6837 	 -5.4529 	 1.9538 	 8.8665 	 0.0015 	 -0.0005 	 -0.0024
1.1323 	 -6.1239 	 2.1773 	 9.7725 	 -5.4529 	 1.9538 	 8.8665 	 0.0015 	 -0.0005 	 -0.0023
1.1423 	 -6.1786 	 2.1969 	 9.8614 	 -5.4529 	 1.9538 	 8.8664 	 0.0015 	 -0.0005 	 -0.0023
1.1523 	 -6.2332 	 2.2165 	 9.9502 	 -5.4529 	 1.9538 	 8.8664 	 0.0015 	 -0.0005 	 -0.0023
1.1623 	 -6.2879 	 2.2360 	 10.0390 	 -5.4529 	 1.9538 	 8.8664 	 0.0014 	 -0.0005 	 -0.0022
1.1723 	 -6.3425 	 2.2556 	 10.1279 	 -5.4529 	 1.9538 	 8.8664 	 0.0014 	 -0.0005 	 -0.0022
1.1824 	 -6.3971 	 2.2752 	 10.2167 	 -5.4529 	 1.9538 	 8.8664 	 0.0014 	 -0.0005 	 -0.0021
1.1924 	 -6.4518 	 2.2948 	 10.3056 	 -5.4528 	 1.9538 	 8.8663 	 0.0014 	 -0.0005 	 -0.0021
1.2024 	 -6.5064 	 2.3143 	 10.3944 	 -5.4528 	 1.9538 	 8.8663 	 0.0013 	 -0.0005 	 -0.0021
1.2124 	 -6.5611 	 2.3339 	 10.4832 	 -5.4528 	 1.9538 	 8.8663 	 0.0013 	 -0.0005 	 -0.0020
1.2224 	 -6.6157 	 2.3535 	 10.5721 	 -5.4528 	 1.9537 	 8.8663 	 0.0013 	 -0.0005 	 -0.0020
1.2325 	 -6.6703 	 2.3731 	 10.6609 	 -5.4528 	 1.9537 	 8.8663 	 0.0013 	 -0.0004 	 -0.0020
1.2425 	 -6.7250 	 2.3926 	 10.7498 	 -5.4528 	 1.9537 	 8.8662 	 0.0013 	 -0.0004 	 -0.0019
1.2525 	 -6.7796 	 2.4122 	 10.8386 	 -5.4528 	 1.9537 	 8.8662 	 0.0012 	 -0.0004 	 -0.0019
1.2625 	 -6.8342 	 2.4318 	 10.9275 	 -5.4527 	 1.9537 	 8.8662 	 0.0012 	 -0.0004 	 -0.0019
1.2725 	 -6.8889 	 2.4514 	 11.0163 	 -5.4527 	 1.9537 	 8.8662 	 0.0012 	 -0.0004 	 -0.0018
1.2826 	 -6.9435 	 2.4709 	 11.1051 	 -5.4527 	 1.9537 	 8.8662 	 0.0012 	 -0.0004 	 -0.0018
1.2926 	 -6.9981 	 2.4905 	 11.1940 	 -5.4527 	 1.9537 	 8.8661 	 0.0012 	 -0.0004 	 -0.0018
1.3026 	 -7.0528 	 2.5101 	 11.2828 	 -5.4527 	 1.9537 	 8.8661 	 0.0011 	 -0.0004 	 -0.0018
1.3126 	 -7.1074 	 2.5297 	 11.3716 	 -5.4527 	 1.9537 	 8.8661 	 0.0011 	 -0.0004 	 -0.0017
1.3226 	 -7.1621 	 2.5493 	 11.4605 	 -5.4527 	 1.9537 	 8.8661 	 0.0011 	 -0.0004 	 -0.0017
1.3327 	 -7.2167 	 2.5688 	 11.5493 	 -5.4527 	 1.9537 	 8.8661 	 0.0011 	 -0.0004 	 -0.0017
1.3427 	 -7.2713 	 2.5884 	 11.6382 	 -5.4527 	 1.9537 	 8.8661 	 0.0011 	 -0.0004 	 -0.0016
1.3527 	 -7.3260 	 2.6080 	 11.7270 	 -5.4526 	 1.9537 	 8.8660 	 0.0011 	 -0.0004 	 -0.0016
1.3627 	 -7.3806 	 2.6276 	 11.8158 	 -5.4526 	 1.9537 	 8.8660 	 0.0010 	 -0.0004 	 -0.0016
1.3727 	 -7.4352 	 2.6471 	 11.9047 	 -5.4526 	 1.9537 	 8.8660 	 0.0010 	 -0.0004 	 -0.0016
1.3828 	 -7.4899 	 2.6667 	 11.9935 	 -5.4526 	 1.9537 	 8.8660 	 0.0010 	 -0.0004 	 -0.0015
1.3928 	 -7.5445 	 2.6863 	 12.0824 	 -5.4526 	 1.9537 	 8.8660 	 0.0010 	 -0.0003 	 -0.0015
1.4028 	 -7.5991 	 2.7059 	 12.1712 	 -5.4526 	 1.9537 	 8.8660 	 0.0010 	 -0.0003 	 -0.0015
1.4128 	 -7.6538 	 2.7254 	 12.2600 	 -5.4526 	 1.9537 	 8.8659 	 0.0010 	 -0.0003 	 -0.0015
1.4228 	 -7.7084 	 2.7450 	 12.3489 	 -5.4526 	 1.9537 	 8.8659 	 0.0009 	 -0.0003 	 -0.0015
1.4329 	 -7.7630 	 2.7646 	 12.4377 	 -5.4526 	 1.9537 	 8.8659 	 0.0009 	 -0.0003 	 -0.0014
1.4429 	 -7.8177 	 2.7842 	 12.5265 	 -5.4526 	 1.9537 	 8.8659 	 0.0009 	 -0.0003 	 -0.0014
1.4529 	 -7.8723 	 2.8037 	 12.6154 	 -5.4525 	 1.9537 	 8.8659 	 0.0009 	 -0.0003 	 -0.0014
1.4629 	 -7.9269 	 2.8233 	 12.7042 	 -5.4525 	 1.9537 	 8.8659 	 0.0009 	 -0.0003 	 -0.0014
1.4729 	 -7.9816 	 2.8429 	 12.7930 	 -5.4525 	 1.9537 	 8.8659 	 0.0009 	 -0.0003 	 -0.0014
1.4830 	 -8.0362 	 2.8625 	 12.8819 	 -5.4525 	 1.9536 	 8.8658 	 0.0009 	 -0.0003 	 -0.0013
1.4930 	 -8.0909 	 2.8820 	 12.9707 	 -5.4525 	 1.9536 	 8.8658 	 0.0009 	 -0.0003 	 -0.0013
1.5030 	 -8.1455 	 2.9016 	 13.0596 	 -5.4525 	 1.9536 	 8.8658 	 0.0008 	 -0.0003 	 -0.0013
1.5130 	 -8.2001 	 2.9212 	 13.1484 	 -5.4525 	 1.9536 	 8.8658 	 0.0008 	 -0.0003 	 -0.0013
1.5230 	 -8.2548 	 2.9408 	 13.2372 	 -5.4525 	 1.9536 	 8.8658 	 0.0008 	 -0.0003 	 -0.0013
1.5331 	 -8.3094 	 2.9603 	 13.3261 	 -5.4525 	 1.9536 	 8.8658 	 0.0008 	 -0.0003 	 -0.0013
1.5431 	 -8.3640 	 2.9799 	 13.4149 	 -5.4525 	 1.9536 	 8.8658 	 0.0008 	 -0.0003 	 -0.0012
1.5531 	 -8.4187 	 2.9995 	 13.5037 	 -5.4525 	 1.9536 	 8.8658 	 0.0008 	 -0.0003 	 -0.0012
1.5631 	 -8.4733 	 3.0191 	 13.5926 	 -5.4525 	 1.9536 	 8.8657 	 0.0008 	 -0.0003 	 -0.0012
1.5731 	 -8.5279 	 3.0386 	 13.6814 	 -5.4524 	 1.9536 	 8.8657 	 0.0008 	 -0.0003 	 -0.0012
1.5832 	 -8.5826 	 3.0582 	 13.7702 	 -5.4524 	 1.9536 	 8.8657 	 0.0008 	 -0.0003 	 -0.0012
1.5932 	 -8.6372 	 3.0778 	 13.8591 	 -5.4524 	 1.9536 	 8.8657 	 0.0008 	 -0.0003 	 -0.0012
1.6032 	 -8.6918 	 3.0974 	 13.9479 	 -5.4524 	 1.9536 	 8.8657 	 0.0007 	 -0.0003 	 -0.0011
1.6132 	 -8.7465 	 3.1169 	 14.0367 	 -5.4524 	 1.9536 	 8.8657 	 0.0007 	 -0.0003 	 -0.0011
1.6232 	 -8.8011 	 3.1365 	 14.1256 	 -5.4524 	 1.9536 	 8.8657 	 0.0007 	 -0.0003 	 -0.0011
1.6333 	 -8.8557 	 3.1561 	 14.2144 	 -5.4524 	 1.9536 	 8.8657 	 0.0007 	 -0.0002 	 -0.0011
1.6433 	 -8.9104 	 3.1757 	 14.3032 	 -5.4524 	 1.9536 	 8.8657 	 0.0007 	 -0.0002 	 -0.0011
1.6533 	 -8.9650 	 3.1952 	 14.3921 	 -5.4524 	 1.9536 	 8.8656 	 0.0007 	 -0.0002 	 -0.0011
1.6633 	 -9.0196 	 3.2148 	 14.4809 	 -5.4524 	 1.9536 	 8.8656 	 0.0007 	 -0.0002 	 -0.0011
1.6733 	 -9.0743 	 3.2344 	 14.5697 	 -5.4524 	 1.9536 	 8.8656 	 0.0007 	 -0.0002 	 -0.0010
1.6834 	 -9.1289 	 3.2540 	 14.6586 	 -5.4524 	 1.9536 	 8.8656 	 0.0007 	 -0.0002 	 -0.0010
1.6934 	 -9.1835 	 3.2735 	 14.7474 	 -5.4524 	 1.9536 	 8.8656 	 0.0007 	 -0.0002 	 -0.0010
1.7034 	 -9.2382 	 3.2931 	 14.8362 	 -5.4524 	 1.9536 	 8.8656 	 0.0007 	 -0.0002 	 -0.0010
1.7134 	 -9.2928 	 3.3127 	 14.9251 	 -5.4523 	 1.9536 	 8.8656 	 0.0006 	 -0.0002 	 -0.0010
1.7234 	 -9.3474 	 3.3323 	 15.0139 	 -5.4523 	 1.9536 	 8.8656 	 0.0006 	 -0.0002 	 -0.0010
1.7335 	 -9.4021 	 3.3518 	 15.1027 	 -5.4523 	 1.9536 	 8.8656 	 0.0006 	 -0.0002 	 -0.0010
1.7435 	 -9.4567 	 3.3714 	 15.1916 	 -5.4523 	 1.9536 	 8.8656 	 0.0006 	 -0.0002 	 -0.0010
1.7535 	 -9.5113 	 3.3910 	 15.2804 	 -5.4523 	 1.9536 	 8.8655 	 0.0006 	 -0.0002 	 -0.0010
1.7635 	 -9.5660 	 3.4106 	 15.3692 	 -5.4523 	 1.9536 	 8.8655 	 0.0006 	 -0.0002 	 -0.0009
1.7735 	 -9.6206 	 3.4301 	 15.4581 	 -5.4523 	 1.9536 	 8.8655 	 0.0006 	 -0.0002 	 -0.0009
1.7836 	 -9.6752 	 3.4497 	 15.5469 	 -5.4523 	 1.9536 	 8.8655 	 0.0006 	 -0.0002 	 -0.0009
1.7936 	 -9.7299 	 3.4693 	 15.6357 	 -5.4523 	 1.9536 	 8.8655 	 0.0006 	 -0.0002 	 -0.0009
1.8036 	 -9.7845 	 3.4889 	 15.7246 	 -5.4523 	 1.9536 	 8.8655 	 0.0006 	 -0.0002 	 -0.0009
1.8136 	 -9.8391 	 3.5084 	 15.8134 	 -5.4523 	 1.9536 	 8.8655 	 0.0006 	 -0.0002 	 -0.0009
1.8236 	 -9.8937 	 3.5280 	 15.9022 	 -5.4523 	 1.9536 	 8.8655 	 0.0006 	 -0.0002 	 -0.0009
1.8337 	 -9.9484 	 3.5476 	 15.9911 	 -5.4523 	 1.9536 	 8.8655 	 0.0006 	 -0.0002 	 -0.0009
1.8437 	 -10.0030 	 3.5672 	 16.0799 	 -5.4523 	 1.9536 	 8.8655 	 0.0006 	 -0.0002 	 -0.0009
1.8537 	 -10.0576 	 3.5867 	 16.1687 	 -5.4523 	 1.9536 	 8.8655 	 0.0005 	 -0.0002 	 -0.0009
1.8637 	 -10.1123 	 3.6063 	 16.2576 	 -5.4523 	 1.9536 	 8.8654 	 0.0005 	 -0.0002 	 -0.0008
1.8737 	 -10.1669 	 3.6259 	 16.3464 	 -5.4523 	 1.9536 	 8.8654 	 0.0005 	 -0.0002 	 -0.0008
1.8838 	 -10.2215 	 3.6455 	 16.4352 	 -5.4522 	 1.9536 	 8.8654 	 0.0005 	 -0.0002 	 -0.0008
1.8938 	 -10.2762 	 3.6650 	 16.5241 	 -5.4522 	 1.9536 	 8.8654 	 0.0005 	 -0.0002 	 -0.0008
1.9038 	 -10.3308 	 3.6846 	 16.6129 	 -5.4522 	 1.9535 	 8.8654 	 0.0005 	 -0.0002 	 -0.0008
1.9138 	 -10.3854 	 3.7042 	 16.7017 	 -5.4522 	 1.9535 	 8.8654 	 0.0005 	 -0.0002 	 -0.0008
1.9238 	 -10.4401 	 3.7238 	 16.7906 	 -5.4522 	 1.9535 	 8.8654 	 0.0005 	 -0.0002 	 -0.0008
1.9339 	 -10.4947 	 3.7433 	 16.8794 	 -5.4522 	 1.9535 	 8.8654 	 0.0005 	 -0.0002 	 -0.0008
1.9439 	 -10.5493 	 3.7629 	 16.9682 	 -5.4522 	 1.9535 	 8.8654 	 0.0005 	 -0.0002 	 -0.0008
1.9539 	 -10.6040 	 3.7825 	 17.0571 	 -5.4522 	 1.9535 	 8.8654 	 0.0005 	 -0.0002 	 -0.0008
1.9639 	 -10.6586 	 3.8021 	 17.1459 	 -5.4522 	 1.9535 	 8.8654 	 0.0005 	 -0.0002 	 -0.0008
1.9739 	 -10.7132 	 3.8216 	 17.2347 	 -5.4522 	 1.9535 	 8.8654 	 0.0005 	 -0.0002 	 -0.0007
1.9840 	 -10.7679 	 3.8412 	 17.3236 	 -5.4522 	 1.9535 	 8.8653 	 0.0005 	 -0.0002 	 -0.0007
1.9940 	 -10.8225 	 3.8608 	 17.4124 	 -5.4522 	 1.9535 	 8.8653 	 0.0005 	 -0.0002 	 -0.0007
2.0040 	 -10.8771 	 3.8804 	 17.5012 	 -5.4522 	 1.9535 	 8.8653 	 0.0005 	 -0.0002 	 -0.0007
2.0140 	 -10.9317 	 3.8999 	 17.5900 	 -5.4522 	 1.9535 	 8.8653 	 0.0005 	 -0.0002 	 -0.0007
2.0240 	 -10.9864 	 3.9195 	 17.6789 	 -5.4522 	 1.9535 	 8.8653 	 0.0004 	 -0.0002 	 -0.0007
2.0341 	 -11.0410 	 3.9391 	 17.7677 	 -5.4522 	 1.9535 	 8.8653 	 0.0004 	 -0.0002 	 -0.0007
2.0441 	 -11.0956 	 3.9587 	 17.8565 	 -5.4522 	 1.9535 	 8.8653 	 0.0004 	 -0.0002 	 -0.0007
2.0541 	 -11.1503 	 3.9782 	 17.9454 	 -5.4522 	 1.9535 	 8.8653 	 0.0004 	 -0.0002 	 -0.0007
2.0641 	 -11.2049 	 3.9978 	 18.0342 	 -5.4522 	 1.9535 	 8.8653 	 0.0004 	 -0.0002 	 -0.0007
2.0741 	 -11.2595 	 4.0174 	 18.1230 	 -5.4522 	 1.9535 	 8.8653 	 0.0004 	 -0.0001 	 -0.0007
2.0842 	 -11.3142 	 4.0370 	 18.2119 	 -5.4522 	 1.9535 	 8.8653 	 0.0004 	 -0.0001 	 -0.0007
2.0942 	 -11.3688 	 4.0565 	 18.3007 	 -5.4522 	 1.9535 	 8.8653 	 0.0004 	 -0.0001 	 -0.0006
2.1042 	 -11.4234 	 4.0761 	 18.3895 	 -5.4521 	 1.9535 	 8.8653 	 0.0004 	 -0.0001 	 -0.0006
2.1142 	 -11.4781 	 4.0957 	 18.4784 	 -5.4521 	 1.9535 	 8.8653 	 0.0004 	 -0.0001 	 -0.0006
2.1242 	 -11.5327 	 4.1153 	 18.5672 	 -5.4521 	 1.9535 	 8.8653 	 0.0004 	 -0.0001 	 -0.0006
2.1343 	 -11.5873 	 4.1348 	 18.6560 	 -5.4521 	 1.9535 	 8.8652 	 0.0004 	 -0.0001 	 -0.0006
2.1443 	 -11.6419 	 4.1544 	 18.7448 	 -5.4521 	 1.9535 	 8.8652 	 0.0004 	 -0.0001 	 -0.0006
2.1543 	 -11.6966 	 4.1740 	 18.8337 	 -5.4521 	 1.9535 	 8.8652 	 0.0004 	 -0.0001 	 -0.0006
2.1643 	 -11.7512 	 4.1936 	 18.9225 	 -5.4521 	 1.9535 	 8.8652 	 0.0004 	 -0.0001 	 -0.0006
2.1743 	 -11.8058 	 4.2131 	 19.0113 	 -5.4521 	 1.9535 	 8.8652 	 0.0004 	 -0.0001 	 -0.0006
2.1844 	 -11.8605 	 4.2327 	 19.1002 	 -5.4521 	 1.9535 	 8.8652 	 0.0004 	 -0.0001 	 -0.0006
2.1944 	 -11.9151 	 4.2523 	 19.1890 	 -5.4521 	 1.9535 	 8.8652 	 0.0004 	 -0.0001 	 -0.0006
2.2044 	 -11.9697 	 4.2719 	 19.2778 	 -5.4521 	 1.9535 	 8.8652 	 0.0004 	 -0.0001 	 -0.0006
2.2144 	 -12.0244 	 4.2914 	 19.3667 	 -5.4521 	 1.9535 	 8.8652 	 0.0004 	 -0.0001 	 -0.0006
2.2244 	 -12.0790 	 4.3110 	 19.4555 	 -5.4521 	 1.9535 	 8.8652 	 0.0004 	 -0.0001 	 -0.0006
2.2345 	 -12.1336 	 4.3306 	 19.5443 	 -5.4521 	 1.9535 	 8.8652 	 0.0004 	 -0.0001 	 -0.0006
2.2445 	 -12.1883 	 4.3501 	 19.6331 	 -5.4521 	 1.9535 	 8.8652 	 0.0004 	 -0.0001 	 -0.0006
2.2545 	 -12.2429 	 4.3697 	 19.7220 	 -5.4521 	 1.9535 	 8.8652 	 0.0004 	 -0.0001 	 -0.0006
2.2645 	 -12.2975 	 4.3893 	 19.8108 	 -5.4521 	 1.9535 	 8.8652 	 0.0004 	 -0.0001 	 -0.0006
2.2745 	 -12.3521 	 4.4089 	 19.8996 	 -5.4521 	 1.9535 	 8.8652 	 0.0004 	 -0.0001 	 -0.0005
2.2846 	 -12.4068 	 4.4284 	 19.9885 	 -5.4521 	 1.9535 	 8.8652 	 0.0004 	 -0.0001 	 -0.0005
2.2946 	 -12.4614 	 4.4480 	 20.0773 	 -5.4521 	 1.9535 	 8.8652 	 0.0003 	 -0.0001 	 -0.0005
2.3046 	 -12.5160 	 4.4676 	 20.1661 	 -5.4521 	 1.9535 	 8.8651 	 0.0003 	 -0.0001 	 -0.0005
2.3146 	 -12.5707 	 4.4872 	 20.2549 	 -5.4521 	 1.9535 	 8.8651 	 0.0003 	 -0.0001 	 -0.0005
2.3246 	 -12.6253 	 4.5067 	 20.3438 	 -5.4521 	 1.9535 	 8.8651 	 0.0003 	 -0.0001 	 -0.0005
2.3347 	 -12.6799 	 4.5263 	 20.4326 	 -5.4521 	 1.9535 	 8.8651 	 0.0003 	 -0.0001 	 -0.0005
2.3447 	 -12.7346 	 4.5459 	 20.5214 	 -5.4521 	 1.9535 	 8.8651 	 0.0003 	 -0.0001 	 -0.0005
2.3547 	 -12.7892 	 4.5655 	 20.6103 	 -5.4521 	 1.9535 	 8.8651 	 0.0003 	 -0.0001 	 -0.0005
2.3647 	 -12.8438 	 4.5850 	 20.6991 	 -5.4521 	 1.9535 	 8.8651 	 0.0003 	 -0.0001 	 -0.0005
2.3747 	 -12.8984 	 4.6046 	 20.7879 	 -5.4520 	 1.9535 	 8.8651 	 0.0003 	 -0.0001 	 -0.0005
2.3848 	 -12.9531 	 4.6242 	 20.8767 	 -5.4520 	 1.9535 	 8.8651 	 0.0003 	 -0.0001 	 -0.0005
2.3948 	 -13.0077 	 4.6438 	 20.9656 	 -5.4520 	 1.9535 	 8.8651 	 0.0003 	 -0.0001 	 -0.0005
2.4048 	 -13.0623 	 4.6633 	 21.0544 	 -5.4520 	 1.9535 	 8.8651 	 0.0003 	 -0.0001 	 -0.0005
2.4148 	 -13.1170 	 4.6829 	 21.1432 	 -5.4520 	 1.9535 	 8.8651 	 0.0003 	 -0.0001 	 -0.0005
2.4248 	 -13.1716 	 4.7025 	 21.2321 	 -5.4520 	 1.9535 	 8.8651 	 0.0003 	 -0.0001 	 -0.0005
2.4349 	 -13.2262 	 4.7221 	 21.3209 	 -5.4520 	 1.9535 	 8.8651 	 0.0003 	 -0.0001 	 -0.0005
2.4449 	 -13.2808 	 4.7416 	 21.4097 	 -5.4520 	 1.9535 	 8.8651 	 0.0003 	 -0.0001 	 -0.0005
2.4549 	 -13.3355 	 4.7612 	 21.4985 	 -5.4520 	 1.9535 	 8.8651 	 0.0003 	 -0.0001 	 -0.0005
2.4649 	 -13.3901 	 4.7808 	 21.5874 	 -5.4520 	 1.9535 	 8.8651 	 0.0003 	 -0.0001 	 -0.0005
2.4749 	 -13.4447 	 4.8004 	 21.6762 	 -5.4520 	 1.9535 	 8.8651 	 0.0003 	 -0.0001 	 -0.0005
2.4850 	 -13.4994 	 4.8199 	 21.7650 	 -5.4520 	 1.9535 	 8.8651 	 0.0003 	 -0.0001 	 -0.0005
2.4950 	 -13.5540 	 4.8395 	 21.8539 	 -5.4520 	 1.9535 	 8.8651 	 0.0003 	 -0.0001 	 -0.0005
2.5050 	 -13.6086 	 4.8591 	 21.9427 	 -5.4520 	 1.9535 	 8.8651 	 0.0003 	 -0.0001 	 -0.0005
2.5150 	 -13.6633 	 4.8786 	 22.0315 	 -5.4520 	 1.9535 	 8.8650 	 0.0003 	 -0.0001 	 -0.0004
2.5251 	 -13.7179 	 4.8982 	 22.1203 	 -5.4520 	 1.9535 	 8.8650 	 0.0003 	 -0.0001 	 -0.0004
2.5351 	 -13.7725 	 4.9178 	 22.2092 	 -5.4520 	 1.9535 	 8.8650 	 0.0003 	 -0.0001 	 -0.0004
2.5451 	 -13.8271 	 4.9374 	 22.2980 	 -5.4520 	 1.9535 	 8.8650 	 0.0003 	 -0.0001 	 -0.0004
2.5551 	 -13.8818 	 4.9569 	 22.3868 	 -5.4520 	 1.9535 	 8.8650 	 0.0003 	 -0.0001 	 -0.0004
2.5651 	 -13.9364 	 4.9765 	 22.4757 	 -5.4520 	 1.9535 	 8.8650 	 0.0003 	 -0.0001 	 -0.0004
2.5752 	 -13.9910 	 4.9961 	 22.5645 	 -5.4520 	 1.9535 	 8.8650 	 0.0003 	 -0.0001 	 -0.0004
2.5852 	 -14.0457 	 5.0157 	 22.6533 	 -5.4520 	 1.9535 	 8.8650 	 0.0003 	 -0.0001 	 -0.0004
2.5952 	 -14.1003 	 5.0352 	 22.7421 	 -5.4520 	 1.9535 	 8.8650 	 0.0003 	 -0.0001 	 -0.0004
2.6052 	 -14.1549 	 5.0548 	 22.8310 	 -5.4520 	 1.9535 	 8.8650 	 0.0003 	 -0.0001 	 -0.0004
2.6152 	 -14.2095 	 5.0744 	 22.9198 	 -5.4520 	 1.9535 	 8.8650 	 0.0003 	 -0.0001 	 -0.0004
2.6253 	 -14.2642 	 5.0940 	 23.0086 	 -5.4520 	 1.9535 	 8.8650 	 0.0003 	 -0.0001 	 -0.0004
2.6353 	 -14.3188 	 5.1135 	 23.0975 	 -5.4520 	 1.9535 	 8.8650 	 0.0003 	 -0.0001 	 -0.0004
2.6453 	 -14.3734 	 5.1331 	 23.1863 	 -5.4520 	 1.9535 	 8.8650 	 0.0003 	 -0.0001 	 -0.0004
2.6553 	 -14.4281 	 5.1527 	 23.2751 	 -5.4520 	 1.9535 	 8.8650 	 0.0003 	 -0.0001 	 -0.0004
2.6653 	 -14.4827 	 5.1723 	 23.3639 	 -5.4520 	 1.9535 	 8.8650 	 0.0003 	 -0.0001 	 -0.0004
2.6754 	 -14.5373 	 5.1918 	 23.4528 	 -5.4520 	 1.9535 	 8.8650 	 0.0003 	 -0.0001 	 -0.0004
2.6854 	 -14.5919 	 5.2114 	 23.5416 	 -5.4520 	 1.9535 	 8.8650 	 0.0003 	 -0.0001 	 -0.0004
2.6954 	 -14.6466 	 5.2310 	 23.6304 	 -5.4520 	 1.9535 	 8.8650 	 0.0003 	 -0.0001 	 -0.0004
2.7054 	 -14.7012 	 5.2505 	 23.7192 	 -5.4520 	 1.9534 	 8.8650 	 0.0002 	 -0.0001 	 -0.0004
2.7154 	 -14.7558 	 5.2701 	 23.8081 	 -5.4520 	 1.9534 	 8.8650 	 0.0002 	 -0.0001 	 -0.0004
2.7255 	 -14.8105 	 5.2897 	 23.8969 	 -5.4519 	 1.9534 	 8.8650 	 0.0002 	 -0.0001 	 -0.0004
2.7355 	 -14.8651 	 5.3093 	 23.9857 	 -5.4519 	 1.9534 	 8.8650 	 0.0002 	 -0.0001 	 -0.0004
2.7455 	 -14.9197 	 5.3288 	 24.0746 	 -5.4519 	 1.9534 	 8.8650 	 0.0002 	 -0.0001 	 -0.0004
2.7555 	 -14.9743 	 5.3484 	 24.1634 	 -5.4519 	 1.9534 	 8.8649 	 0.0002 	 -0.0001 	 -0.0004
2.7655 	 -15.0290 	 5.3680 	 24.2522 	 -5.4519 	 1.9534 	 8.8649 	 0.0002 	 -0.0001 	 -0.0004
2.7756 	 -15.0836 	 5.3876 	 24.3410 	 -5.4519 	 1.9534 	 8.8649 	 0.0002 	 -0.0001 	 -0.0004
2.7856 	 -15.1382 	 5.4071 	 24.4299 	 -5.4519 	 1.9534 	 8.8649 	 0.0002 	 -0.0001 	 -0.0004
2.7956 	 -15.1929 	 5.4267 	 24.5187 	 -5.4519 	 1.9534 	 8.8649 	 0.0002 	 -0.0001 	 -0.0004
2.8056 	 -15.2475 	 5.4463 	 24.6075 	 -5.4519 	 1.9534 	 8.8649 	 0.0002 	 -0.0001 	 -0.0004
2.8156 	 -15.3021 	 5.4659 	 24.6963 	 -5.4519 	 1.9534 	 8.8649 	 0.0002 	 -0.0001 	 -0.0004
2.8257 	 -15.3568 	 5.4854 	 24.7852 	 -5.4519 	 1.9534 	 8.8649 	 0.0002 	 -0.0001 	 -0.0004
2.8357 	 -15.4114 	 5.5050 	 24.8740 	 -5.4519 	 1.9534 	 8.8649 	 0.0002 	 -0.0001 	 -0.0004
2.8457 	 -15.4660 	 5.5246 	 24.9628 	 -5.4519 	 1.9534 	 8.8649 	 0.0002 	 -0.0001 	 -0.0003
2.8557 	 -15.5206 	 5.5442 	 25.0516 	 -5.4519 	 1.9534 	 8.8649 	 0.0002 	 -0.0001 	 -0.0003
2.8657 	 -15.5753 	 5.5637 	 25.1405 	 -5.4519 	 1.9534 	 8.8649 	 0.0002 	 -0.0001 	 -0.0003
2.8758 	 -15.6299 	 5.5833 	 25.2293 	 -5.4519 	 1.9534 	 8.8649 	 0.0002 	 -0.0001 	 -0.0003
2.8858 	 -15.6845 	 5.6029 	 25.3181 	 -5.4519 	 1.9534 	 8.8649 	 0.0002 	 -0.0001 	 -0.0003
2.8958 	 -15.7391 	 5.6224 	 25.4070 	 -5.4519 	 1.9534 	 8.8649 	 0.0002 	 -0.0001 	 -0.0003
2.9058 	 -15.7938 	 5.6420 	 25.4958 	 -5.4519 	 1.9534 	 8.8649 	 0.0002 	 -0.0001 	 -0.0003
2.9158 	 -15.8484 	 5.6616 	 25.5846 	 -5.4519 	 1.9534 	 8.8649 	 0.0002 	 -0.0001 	 -0.0003
2.9259 	 -15.9030 	 5.6812 	 25.6734 	 -5.4519 	 1.9534 	 8.8649 	 0.0002 	 -0.0001 	 -0.0003
2.9359 	 -15.9577 	 5.7007 	 25.7623 	 -5.4519 	 1.9534 	 8.8649 	 0.0002 	 -0.0001 	 -0.0003
2.9459 	 -16.0123 	 5.7203 	 25.8511 	 -5.4519 	 1.9534 	 8.8649 	 0.0002 	 -0.0001 	 -0.0003
2.9559 	 -16.0669 	 5.7399 	 25.9399 	 -5.4519 	 1.9534 	 8.8649 	 0.0002 	 -0.0001 	 -0.0003
2.9659 	 -16.1215 	 5.7595 	 26.0287 	 -5.4519 	 1.9534 	 8.8649 	 0.0002 	 -0.0001 	 -0.0003
2.9760 	 -16.1762 	 5.7790 	 26.1176 	 -5.4519 	 1.9534 	 8.8649 	 0.0002 	 -0.0001 	 -0.0003
2.9860 	 -16.2308 	 5.7986 	 26.2064 	 -5.4519 	 1.9534 	 8.8649 	 0.0002 	 -0.0001 	 -0.0003
2.9960 	 -16.2854 	 5.8182 	 26.2952 	 -5.4519 	 1.9534 	 8.8649 	 0.0002 	 -0.0001 	 -0.0003
3.0060 	 -16.3401 	 5.8378 	 26.3840 	 -5.4519 	 1.9534 	 8.8649 	 0.0002 	 -0.0001 	 -0.0003
3.0160 	 -16.3947 	 5.8573 	 26.4729 	 -5.4519 	 1.9534 	 8.8649 	 0.0002 	 -0.0001 	 -0.0003
3.0261 	 -16.4493 	 5.8769 	 26.5617 	 -5.4519 	 1.9534 	 8.8649 	 0.0002 	 -0.0001 	 -0.0003
3.0361 	 -16.5039 	 5.8965 	 26.6505 	 -5.4519 	 1.9534 	 8.8649 	 0.0002 	 -0.0001 	 -0.0003
3.0461 	 -16.5586 	 5.9160 	 26.7394 	 -5.4519 	 1.9534 	 8.8649 	 0.0002 	 -0.0001 	 -0.0003
3.0561 	 -16.6132 	 5.9356 	 26.8282 	 -5.4519 	 1.9534 	 8.8648 	 0.0002 	 -0.0001 	 -0.0003
3.0661 	 -16.6678 	 5.9552 	 26.9170 	 -5.4519 	 1.9534 	 8.8648 	 0.0002 	 -0.0001 	 -0.0003
3.0762 	 -16.7225 	 5.9748 	 27.0058 	 -5.4519 	 1.9534 	 8.8648 	 0.0002 	 -0.0001 	 -0.0003
3.0862 	 -16.7771 	 5.9943 	 27.0947 	 -5.4519 	 1.9534 	 8.8648 	 0.0002 	 -0.0001 	 -0.0003
3.0962 	 -16.8317 	 6.0139 	 27.1835 	 -5.4519 	 1.9534 	 8.8648 	 0.0002 	 -0.0001 	 -0.0003
3.1062 	 -16.8863 	 6.0335 	 27.2723 	 -5.4519 	 1.9534 	 8.8648 	 0.0002 	 -0.0001 	 -0.0003
3.1162 	 -16.9410 	 6.0531 	 27.3611 	 -5.4519 	 1.9534 	 8.8648 	 0.0002 	 -0.0001 	 -0.0003
3.1263 	 -16.9956 	 6.0726 	 27.4500 	 -5.4519 	 1.9534 	 8.8648 	 0.0002 	 -0.0001 	 -0.0003
3.1363 	 -17.0502 	 6.0922 	 27.5388 	 -5.4519 	 1.9534 	 8.8648 	 0.0002 	 -0.0001 	 -0.0003
3.1463 	 -17.1049 	 6.1118 	 27.6276 	 -5.4519 	 1.9534 	 8.8648 	 0.0002 	 -0.0001 	 -0.0003
3.1563 	 -17.1595 	 6.1314 	 27.7164 	 -5.4519 	 1.9534 	 8.8648 	 0.0002 	 -0.0001 	 -0.0003
3.1663 	 -17.2141 	 6.1509 	 27.8053 	 -5.4519 	 1.9534 	 8.8648 	 0.0002 	 -0.0001 	 -0.0003
3.1764 	 -17.2687 	 6.1705 	 27.8941 	 -5.4519 	 1.9534 	 8.8648 	 0.0002 	 -0.0001 	 -0.0003
3.1864 	 -17.3234 	 6.1901 	 27.9829 	 -5.4519 	 1.9534 	 8.8648 	 0.0002 	 -0.0001 	 -0.0003
3.1964 	 -17.3780 	 6.2096 	 28.0717 	 -5.4519 	 1.9534 	 8.8648 	 0.0002 	 -0.0001 	 -0.0003
3.2064 	 -17.4326 	 6.2292 	 28.1606 	 -5.4518 	 1.9534 	 8.8648 	 0.0002 	 -0.0001 	 -0.0003
3.2164 	 -17.4872 	 6.2488 	 28.2494 	 -5.4518 	 1.9534 	 8.8648 	 0.0002 	 -0.0001 	 -0.0003
3.2265 	 -17.5419 	 6.2684 	 28.3382 	 -5.4518 	 1.9534 	 8.8648 	 0.0002 	 -0.0001 	 -0.0003
3.2365 	 -17.5965 	 6.2879 	 28.4270 	 -5.4518 	 1.9534 	 8.8648 	 0.0002 	 -0.0001 	 -0.0003
3.2465 	 -17.6511 	 6.3075 	 28.5159 	 -5.4518 	 1.9534 	 8.8648 	 0.0002 	 -0.0001 	 -0.0003
3.2565 	 -17.7058 	 6.3271 	 28.6047 	 -5.4518 	 1.9534 	 8.8648 	 0.0002 	 -0.0001 	 -0.0003
3.2665 	 -17.7604 	 6.3467 	 28.6935 	 -5.4518 	 1.9534 	 8.8648 	 0.0002 	 -0.0001 	 -0.0003
3.2766 	 -17.8150 	 6.3662 	 28.7823 	 -5.4518 	 1.9534 	 8.8648 	 0.0002 	 -0.0001 	 -0.0003
3.2866 	 -17.8696 	 6.3858 	 28.8712 	 -5.4518 	 1.9534 	 8.8648 	 0.0002 	 -0.0001 	 -0.0003
3.2966 	 -17.9243 	 6.4054 	 28.9600 	 -5.4518 	 1.9534 	 8.8648 	 0.0002 	 -0.0001 	 -0.0003
3.3066 	 -17.9789 	 6.4250 	 29.0488 	 -5.4518 	 1.9534 	 8.8648 	 0.0002 	 -0.0001 	 -0.0003
3.3166 	 -18.0335 	 6.4445 	 29.1376 	 -5.4518 	 1.9534 	 8.8648 	 0.0002 	 -0.0001 	 -0.0003
3.3267 	 -18.0881 	 6.4641 	 29.2265 	 -5.4518 	 1.9534 	 8.8648 	 0.0002 	 -0.0001 	 -0.0002
3.3367 	 -18.1428 	 6.4837 	 29.3153 	 -5.4518 	 1.9534 	 8.8648 	 0.0002 	 -0.0001 	 -0.0002
3.3467 	 -18.1974 	 6.5032 	 29.4041 	 -5.4518 	 1.9534 	 8.8648 	 0.0002 	 -0.0001 	 -0.0002
3.3567 	 -18.2520 	 6.5228 	 29.4929 	 -5.4518 	 1.9534 	 8.8648 	 0.0002 	 -0.0001 	 -0.0002
3.3667 	 -18.3067 	 6.5424 	 29.5818 	 -5.4518 	 1.9534 	 8.8648 	 0.0002 	 -0.0001 	 -0.0002
3.3768 	 -18.3613 	 6.5620 	 29.6706 	 -5.4518 	 1.9534 	 8.8648 	 0.0002 	 -0.0001 	 -0.0002
3.3868 	 -18.4159 	 6.5815 	 29.7594 	 -5.4518 	 1.9534 	 8.8648 	 0.0002 	 -0.0001 	 -0.0002
3.3968 	 -18.4705 	 6.6011 	 29.8482 	 -5.4518 	 1.9534 	 8.8648 	 0.0002 	 -0.0001 	 -0.0002
3.4068 	 -18.5252 	 6.6207 	 29.9371 	 -5.4518 	 1.9534 	 8.8648 	 0.0002 	 -0.0001 	 -0.0002
3.4168 	 -18.5798 	 6.6403 	 30.0259 	 -5.4518 	 1.9534 	 8.8648 	 0.0002 	 -0.0001 	 -0.0002
3.4269 	 -18.6344 	 6.6598 	 30.1147 	 -5.4518 	 1.9534 	 8.8647 	 0.0002 	 -0.0001 	 -0.0002
3.4369 	 -18.6891 	 6.6794 	 30.2036 	 -5.4518 	 1.9534 	 8.8647 	 0.0001 	 -0.0001 	 -0.0002
3.4469 	 -18.7437 	 6.6990 	 30.2924 	 -5.4518 	 1.9534 	 8.8647 	 0.0001 	 -0.0001 	 -0.0002
3.4569 	 -18.7983 	 6.7185 	 30.3812 	 -5.4518 	 1.9534 	 8.8647 	 0.0001 	 -0.0001 	 -0.0002
3.4669 	 -18.8529 	 6.7381 	 30.4700 	 -5.4518 	 1.9534 	 8.8647 	 0.0001 	 -0.0001 	 -0.0002
3.4770 	 -18.9076 	 6.7577 	 30.5589 	 -5.4518 	 1.9534 	 8.8647 	 0.0001 	 -0.0001 	 -0.0002
3.4870 	 -18.9622 	 6.7773 	 30.6477 	 -5.4518 	 1.9534 	 8.8647 	 0.0001 	 -0.0001 	 -0.0002
3.4970 	 -19.0168 	 6.7968 	 30.7365 	 -5.4518 	 1.9534 	 8.8647 	 0.0001 	 -0.0001 	 -0.0002
3.5070 	 -19.0714 	 6.8164 	 30.8253 	 -5.4518 	 1.9534 	 8.8647 	 0.0001 	 -0.0000 	 -0.0002
3.5170 	 -19.1261 	 6.8360 	 30.9142 	 -5.4518 	 1.9534 	 8.8647 	 0.0001 	 -0.0000 	 -0.0002
3.5271 	 -19.1807 	 6.8556 	 31.0030 	 -5.4518 	 1.9534 	 8.8647 	 0.0001 	 -0.0000 	 -0.0002
3.5371 	 -19.2353 	 6.8751 	 31.0918 	 -5.4518 	 1.9534 	 8.8647 	 0.0001 	 -0.0000 	 -0.0002
3.5471 	 -19.2900 	 6.8947 	 31.1806 	 -5.4518 	 1.9534 	 8.8647 	 0.0001 	 -0.0000 	 -0.0002
3.5571 	 -19.3446 	 6.9143 	 31.2695 	 -5.4518 	 1.9534 	 8.8647 	 0.0001 	 -0.0000 	 -0.0002
3.5671 	 -19.3992 	 6.9339 	 31.3583 	 -5.4518 	 1.9534 	 8.8647 	 0.0001 	 -0.0000 	 -0.0002
3.5772 	 -19.4538 	 6.9534 	 31.4471 	 -5.4518 	 1.9534 	 8.8647 	 0.0001 	 -0.0000 	 -0.0002
3.5872 	 -19.5085 	 6.9730 	 31.5359 	 -5.4518 	 1.9534 	 8.8647 	 0.0001 	 -0.0000 	 -0.0002
3.5972 	 -19.5631 	 6.9926 	 31.6247 	 -5.4518 	 1.9534 	 8.8647 	 0.0001 	 -0.0000 	 -0.0002
3.6072 	 -19.6177 	 7.0121 	 31.7136 	 -5.4518 	 1.9534 	 8.8647 	 0.0001 	 -0.0000 	 -0.0002
3.6172 	 -19.6723 	 7.0317 	 31.8024 	 -5.4518 	 1.9534 	 8.8647 	 0.0001 	 -0.0000 	 -0.0002
3.6273 	 -19.7270 	 7.0513 	 31.8912 	 -5.4518 	 1.9534 	 8.8647 	 0.0001 	 -0.0000 	 -0.0002
3.6373 	 -19.7816 	 7.0709 	 31.9800 	 -5.4518 	 1.9534 	 8.8647 	 0.0001 	 -0.0000 	 -0.0002
3.6473 	 -19.8362 	 7.0904 	 32.0689 	 -5.4518 	 1.9534 	 8.8647 	 0.0001 	 -0.0000 	 -0.0002
3.6573 	 -19.8909 	 7.1100 	 32.1577 	 -5.4518 	 1.9534 	 8.8647 	 0.0001 	 -0.0000 	 -0.0002
3.6673 	 -19.9455 	 7.1296 	 32.2465 	 -5.4518 	 1.9534 	 8.8647 	 0.0001 	 -0.0000 	 -0.0002
3.6774 	 -20.0001 	 7.1492 	 32.3353 	 -5.4518 	 1.9534 	 8.8647 	 0.0001 	 -0.0000 	 -0.0002
3.6874 	 -20.0547 	 7.1687 	 32.4242 	 -5.4518 	 1.9534 	 8.8647 	 0.0001 	 -0.0000 	 -0.0002
3.6974 	 -20.1094 	 7.1883 	 32.5130 	 -5.4518 	 1.9534 	 8.8647 	 0.0001 	 -0.0000 	 -0.0002
3.7074 	 -20.1640 	 7.2079 	 32.6018 	 -5.4518 	 1.9534 	 8.8647 	 0.0001 	 -0.0000 	 -0.0002
3.7174 	 -20.2186 	 7.2274 	 32.6906 	 -5.4518 	 1.9534 	 8.8647 	 0.0001 	 -0.0000 	 -0.0002
3.7275 	 -20.2732 	 7.2470 	 32.7795 	 -5.4518 	 1.9534 	 8.8647 	 0.0001 	 -0.0000 	 -0.0002
3.7375 	 -20.3279 	 7.2666 	 32.8683 	 -5.4518 	 1.9534 	 8.8647 	 0.0001 	 -0.0000 	 -0.0002
3.7475 	 -20.3825 	 7.2862 	 32.9571 	 -5.4518 	 1.9534 	 8.8647 	 0.0001 	 -0.0000 	 -0.0002
3.7575 	 -20.4371 	 7.3057 	 33.0459 	 -5.4518 	 1.9534 	 8.8647 	 0.0001 	 -0.0000 	 -0.0002
3.7675 	 -20.4917 	 7.3253 	 33.1348 	 -5.4518 	 1.9534 	 8.8647 	 0.0001 	 -0.0000 	 -0.0002
3.7776 	 -20.5464 	 7.3449 	 33.2236 	 -5.4518 	 1.9534 	 8.8647 	 0.0001 	 -0.0000 	 -0.0002
3.7876 	 -20.6010 	 7.3645 	 33.3124 	 -5.4518 	 1.9534 	 8.8647 	 0.0001 	 -0.0000 	 -0.0002
3.7976 	 -20.6556 	 7.3840 	 33.4012 	 -5.4518 	 1.9534 	 8.8647 	 0.0001 	 -0.0000 	 -0.0002
3.8076 	 -20.7103 	 7.4036 	 33.4901 	 -5.4518 	 1.9534 	 8.8647 	 0.0001 	 -0.0000 	 -0.0002
3.8176 	 -20.7649 	 7.4232 	 33.5789 	 -5.4518 	 1.9534 	 8.8647 	 0.0001 	 -0.0000 	 -0.0002
3.8277 	 -20.8195 	 7.4428 	 33.6677 	 -5.4518 	 1.9534 	 8.8647 	 0.0001 	 -0.0000 	 -0.0002
3.8377 	 -20.8741 	 7.4623 	 33.7565 	 -5.4518 	 1.9534 	 8.8647 	 0.0001 	 -0.0000 	 -0.0002
3.8477 	 -20.9288 	 7.4819 	 33.8454 	 -5.4518 	 1.9534 	 8.8647 	 0.0001 	 -0.0000 	 -0.0002
3.8577 	 -20.9834 	 7.5015 	 33.9342 	 -5.4518 	 1.9534 	 8.8647 	 0.0001 	 -0.0000 	 -0.0002
3.8677 	 -21.0380 	 7.5210 	 34.0230 	 -5.4518 	 1.9534 	 8.8647 	 0.0001 	 -0.0000 	 -0.0002
3.8778 	 -21.0926 	 7.5406 	 34.1118 	 -5.4518 	 1.9534 	 8.8647 	 0.0001 	 -0.0000 	 -0.0002
3.8878 	 -21.1473 	 7.5602 	 34.2007 	 -5.4518 	 1.9534 	 8.8647 	 0.0001 	 -0.0000 	 -0.0002
3.8978 	 -21.2019 	 7.5798 	 34.2895 	 -5.4518 	 1.9534 	 8.8647 	 0.0001 	 -0.0000 	 -0.0002
3.9078 	 -21.2565 	 7.5993 	 34.3783 	 -5.4517 	 1.9534 	 8.8646 	 0.0001 	 -0.0000 	 -0.0002
3.9178 	 -21.3111 	 7.6189 	 34.4671 	 -5.4517 	 1.9534 	 8.8646 	 0.0001 	 -0.0000 	 -0.0002
3.9279 	 -21.3658 	 7.6385 	 34.5560 	 -5.4517 	 1.9534 	 8.8646 	 0.0001 	 -0.0000 	 -0.0002
3.9379 	 -21.4204 	 7.6581 	 34.6448 	 -5.4517 	 1.9534 	 8.8646 	 0.0001 	 -0.0000 	 -0.0002
3.9479 	 -21.4750 	 7.6776 	 34.7336 	 -5.4517 	 1.9534 	 8.8646 	 0.0001 	 -0.0000 	 -0.0002
3.9579 	 -21.5297 	 7.6972 	 34.8224 	 -5.4517 	 1.9534 	 8.8646 	 0.0001 	 -0.0000 	 -0.0002
3.9679 	 -21.5843 	 7.7168 	 34.9113 	 -5.4517 	 1.9534 	 8.8646 	 0.0001 	 -0.0000 	 -0.0002
3.9780 	 -21.6389 	 7.7363 	 35.0001 	 -5.4517 	 1.9534 	 8.8646 	 0.0001 	 -0.0000 	 -0.0002
3.9880 	 -21.6935 	 7.7559 	 35.0889 	 -5.4517 	 1.9534 	 8.8646 	 0.0001 	 -0.0000 	 -0.0002
3.9980 	 -21.7482 	 7.7755 	 35.1777 	 -5.4517 	 1.9534 	 8.8646 	 0.0001 	 -0.0000 	 -0.0002
4.0080 	 -21.8028 	 7.7951 	 35.2665 	 -5.4517 	 1.9534 	 8.8646 	 0.0001 	 -0.0000 	 -0.0002
4.0180 	 -21.8574 	 7.8146 	 35.3554 	 -5.4517 	 1.9534 	 8.8646 	 0.0001 	 -0.0000 	 -0.0002
4.0281 	 -21.9120 	 7.8342 	 35.4442 	 -5.4517 	 1.9534 	 8.8646 	 0.0001 	 -0.0000 	 -0.0002
4.0381 	 -21.9667 	 7.8538 	 35.5330 	 -5.4517 	 1.9534 	 8.8646 	 0.0001 	 -0.0000 	 -0.0002
4.0481 	 -22.0213 	 7.8734 	 35.6218 	 -5.4517 	 1.9534 	 8.8646 	 0.0001 	 -0.0000 	 -0.0002
4.0581 	 -22.0759 	 7.8929 	 35.7107 	 -5.4517 	 1.9534 	 8.8646 	 0.0001 	 -0.0000 	 -0.0002
4.0681 	 -22.1305 	 7.9125 	 35.7995 	 -5.4517 	 1.9534 	 8.8646 	 0.0001 	 -0.0000 	 -0.0002
4.0782 	 -22.1852 	 7.9321 	 35.8883 	 -5.4517 	 1.9534 	 8.8646 	 0.0001 	 -0.0000 	 -0.0002
4.0882 	 -22.2398 	 7.9516 	 35.9771 	 -5.4517 	 1.9534 	 8.8646 	 0.0001 	 -0.0000 	 -0.0002
4.0982 	 -22.2944 	 7.9712 	 36.0660 	 -5.4517 	 1.9534 	 8.8646 	 0.0001 	 -0.0000 	 -0.0002
4.1082 	 -22.3491 	 7.9908 	 36.1548 	 -5.4517 	 1.9534 	 8.8646 	 0.0001 	 -0.0000 	 -0.0002
4.1182 	 -22.4037 	 8.0104 	 36.2436 	 -5.4517 	 1.9534 	 8.8646 	 0.0001 	 -0.0000 	 -0.0002
4.1283 	 -22.4583 	 8.0299 	 36.3324 	 -5.4517 	 1.9534 	 8.8646 	 0.0001 	 -0.0000 	 -0.0002
4.1383 	 -22.5129 	 8.0495 	 36.4213 	 -5.4517 	 1.9534 	 8.8646 	 0.0001 	 -0.0000 	 -0.0002
4.1483 	 -22.5676 	 8.0691 	 36.5101 	 -5.4517 	 1.9534 	 8.8646 	 0.0001 	 -0.0000 	 -0.0002
4.1583 	 -22.6222 	 8.0887 	 36.5989 	 -5.4517 	 1.9534 	 8.8646 	 0.0001 	 -0.0000 	 -0.0002
4.1683 	 -22.6768 	 8.1082 	 36.6877 	 -5.4517 	 1.9534 	 8.8646 	 0.0001 	 -0.0000 	 -0.0002
4.1784 	 -22.7314 	 8.1278 	 36.7766 	 -5.4517 	 1.9534 	 8.8646 	 0.0001 	 -0.0000 	 -0.0002
4.1884 	 -22.7861 	 8.1474 	 36.8654 	 -5.4517 	 1.9534 	 8.8646 	 0.0001 	 -0.0000 	 -0.0002
4.1984 	 -22.8407 	 8.1669 	 36.9542 	 -5.4517 	 1.9534 	 8.8646 	 0.0001 	 -0.0000 	 -0.0002
4.2084 	 -22.8953 	 8.1865 	 37.0430 	 -5.4517 	 1.9534 	 8.8646 	 0.0001 	 -0.0000 	 -0.0002
4.2184 	 -22.9499 	 8.2061 	 37.1318 	 -5.4517 	 1.9534 	 8.8646 	 0.0001 	 -0.0000 	 -0.0002
4.2285 	 -23.0046 	 8.2257 	 37.2207 	 -5.4517 	 1.9534 	 8.8646 	 0.0001 	 -0.0000 	 -0.0002
4.2385 	 -23.0592 	 8.2452 	 37.3095 	 -5.4517 	 1.9534 	 8.8646 	 0.0001 	 -0.0000 	 -0.0002
4.2485 	 -23.1138 	 8.2648 	 37.3983 	 -5.4517 	 1.9534 	 8.8646 	 0.0001 	 -0.0000 	 -0.0002
4.2585 	 -23.1685 	 8.2844 	 37.4871 	 -5.4517 	 1.9534 	 8.8646 	 0.0001 	 -0.0000 	 -0.0002
4.2685 	 -23.2231 	 8.3040 	 37.5760 	 -5.4517 	 1.9534 	 8.8646 	 0.0001 	 -0.0000 	 -0.0002
4.2786 	 -23.2777 	 8.3235 	 37.6648 	 -5.4517 	 1.9534 	 8.8646 	 0.0001 	 -0.0000 	 -0.0002
4.2886 	 -23.3323 	 8.3431 	 37.7536 	 -5.4517 	 1.9534 	 8.8646 	 0.0001 	 -0.0000 	 -0.0001
4.2986 	 -23.3870 	 8.3627 	 37.8424 	 -5.4517 	 1.9534 	 8.8646 	 0.0001 	 -0.0000 	 -0.0001
4.3086 	 -23.4416 	 8.3823 	 37.9313 	 -5.4517 	 1.9534 	 8.8646 	 0.0001 	 -0.0000 	 -0.0001
4.3186 	 -23.4962 	 8.4018 	 38.0201 	 -5.4517 	 1.9534 	 8.8646 	 0.0001 	 -0.0000 	 -0.0001
4.3287 	 -23.5508 	 8.4214 	 38.1089 	 -5.4517 	 1.9534 	 8.8646 	 0.0001 	 -0.0000 	 -0.0001
4.3387 	 -23.6055 	 8.4410 	 38.1977 	 -5.4517 	 1.9534 	 8.8646 	 0.0001 	 -0.0000 	 -0.0001
4.3487 	 -23.6601 	 8.4605 	 38.2866 	 -5.4517 	 1.9534 	 8.8646 	 0.0001 	 -0.0000 	 -0.0001
4.3587 	 -23.7147 	 8.4801 	 38.3754 	 -5.4517 	 1.9534 	 8.8646 	 0.0001 	 -0.0000 	 -0.0001
4.3687 	 -23.7693 	 8.4997 	 38.4642 	 -5.4517 	 1.9534 	 8.8646 	 0.0001 	 -0.0000 	 -0.0001
4.3788 	 -23.8240 	 8.5193 	 38.5530 	 -5.4517 	 1.9534 	 8.8646 	 0.0001 	 -0.0000 	 -0.0001
4.3888 	 -23.8786 	 8.5388 	 38.6418 	 -5.4517 	 1.9534 	 8.8646 	 0.0001 	 -0.0000 	 -0.0001
4.3988 	 -23.9332 	 8.5584 	 38.7307 	 -5.4517 	 1.9534 	 8.8646 	 0.0001 	 -0.0000 	 -0.0001
4.4088 	 -23.9878 	 8.5780 	 38.8195 	 -5.4517 	 1.9534 	 8.8646 	 0.0001 	 -0.0000 	 -0.0001
4.4188 	 -24.0425 	 8.5976 	 38.9083 	 -5.4517 	 1.9534 	 8.8646 	 0.0001 	 -0.0000 	 -0.0001
4.4289 	 -24.0971 	 8.6171 	 38.9971 	 -5.4517 	 1.9534 	 8.8646 	 0.0001 	 -0.0000 	 -0.0001
4.4389 	 -24.1517 	 8.6367 	 39.0860 	 -5.4517 	 1.9534 	 8.8646 	 0.0001 	 -0.0000 	 -0.0001
4.4489 	 -24.2064 	 8.6563 	 39.1748 	 -5.4517 	 1.9534 	 8.8646 	 0.0001 	 -0.0000 	 -0.0001
4.4589 	 -24.2610 	 8.6758 	 39.2636 	 -5.4517 	 1.9534 	 8.8646 	 0.0001 	 -0.0000 	 -0.0001
4.4689 	 -24.3156 	 8.6954 	 39.3524 	 -5.4517 	 1.9534 	 8.8646 	 0.0001 	 -0.0000 	 -0.0001
4.4790 	 -24.3702 	 8.7150 	 39.4413 	 -5.4517 	 1.9534 	 8.8646 	 0.0001 	 -0.0000 	 -0.0001
4.4890 	 -24.4249 	 8.7346 	 39.5301 	 -5.4517 	 1.9534 	 8.8646 	 0.0001 	 -0.0000 	 -0.0001
4.4990 	 -24.4795 	 8.7541 	 39.6189 	 -5.4517 	 1.9534 	 8.8646 	 0.0001 	 -0.0000 	 -0.0001
4.5090 	 -24.5341 	 8.7737 	 39.7077 	 -5.4517 	 1.9534 	 8.8646 	 0.0001 	 -0.0000 	 -0.0001
4.5190 	 -24.5887 	 8.7933 	 39.7965 	 -5.4517 	 1.9534 	 8.8646 	 0.0001 	 -0.0000 	 -0.0001
4.5291 	 -24.6434 	 8.8129 	 39.8854 	 -5.4517 	 1.9534 	 8.8646 	 0.0001 	 -0.0000 	 -0.0001
4.5391 	 -24.6980 	 8.8324 	 39.9742 	 -5.4517 	 1.9534 	 8.8646 	 0.0001 	 -0.0000 	 -0.0001
4.5491 	 -24.7526 	 8.8520 	 40.0630 	 -5.4517 	 1.9534 	 8.8646 	 0.0001 	 -0.0000 	 -0.0001
4.5591 	 -24.8072 	 8.8716 	 40.1518 	 -5.4517 	 1.9534 	 8.8645 	 0.0001 	 -0.0000 	 -0.0001
4.5691 	 -24.8619 	 8.8911 	 40.2407 	 -5.4517 	 1.9534 	 8.8645 	 0.0001 	 -0.0000 	 -0.0001
4.5792 	 -24.9165 	 8.9107 	 40.3295 	 -5.4517 	 1.9534 	 8.8645 	 0.0001 	 -0.0000 	 -0.0001
4.5892 	 -24.9711 	 8.9303 	 40.4183 	 -5.4517 	 1.9534 	 8.8645 	 0.0001 	 -0.0000 	 -0.0001
4.5992 	 -25.0257 	 8.9499 	 40.5071 	 -5.4517 	 1.9534 	 8.8645 	 0.0001 	 -0.0000 	 -0.0001
4.6092 	 -25.0804 	 8.9694 	 40.5960 	 -5.4517 	 1.9534 	 8.8645 	 0.0001 	 -0.0000 	 -0.0001
4.6192 	 -25.1350 	 8.9890 	 40.6848 	 -5.4517 	 1.9534 	 8.8645 	 0.0001 	 -0.0000 	 -0.0001
4.6293 	 -25.1896 	 9.0086 	 40.7736 	 -5.4517 	 1.9534 	 8.8645 	 0.0001 	 -0.0000 	 -0.0001
4.6393 	 -25.2442 	 9.0282 	 40.8624 	 -5.4517 	 1.9534 	 8.8645 	 0.0001 	 -0.0000 	 -0.0001
4.6493 	 -25.2989 	 9.0477 	 40.9512 	 -5.4517 	 1.9534 	 8.8645 	 0.0001 	 -0.0000 	 -0.0001
4.6593 	 -25.3535 	 9.0673 	 41.0401 	 -5.4517 	 1.9534 	 8.8645 	 0.0001 	 -0.0000 	 -0.0001
4.6693 	 -25.4081 	 9.0869 	 41.1289 	 -5.4517 	 1.9534 	 8.8645 	 0.0001 	 -0.0000 	 -0.0001
4.6794 	 -25.4628 	 9.1064 	 41.2177 	 -5.4517 	 1.9534 	 8.8645 	 0.0001 	 -0.0000 	 -0.0001
4.6894 	 -25.5174 	 9.1260 	 41.3065 	 -5.4517 	 1.9534 	 8.8645 	 0.0001 	 -0.0000 	 -0.0001
4.6994 	 -25.5720 	 9.1456 	 41.3954 	 -5.4517 	 1.9534 	 8.8645 	 0.0001 	 -0.0000 	 -0.0001
4.7094 	 -25.6266 	 9.1652 	 41.4842 	 -5.4517 	 1.9534 	 8.8645 	 0.0001 	 -0.0000 	 -0.0001
4.7194 	 -25.6813 	 9.1847 	 41.5730 	 -5.4517 	 1.9534 	 8.8645 	 0.0001 	 -0.0000 	 -0.0001
4.7295 	 -25.7359 	 9.2043 	 41.6618 	 -5.4517 	 1.9534 	 8.8645 	 0.0001 	 -0.0000 	 -0.0001
4.7395 	 -25.7905 	 9.2239 	 41.7507 	 -5.4517 	 1.9534 	 8.8645 	 0.0001 	 -0.0000 	 -0.0001
4.7495 	 -25.8451 	 9.2435 	 41.8395 	 -5.4517 	 1.9534 	 8.8645 	 0.0001 	 -0.0000 	 -0.0001
4.7595 	 -25.8998 	 9.2630 	 41.9283 	 -5.4517 	 1.9534 	 8.8645 	 0.0001 	 -0.0000 	 -0.0001
4.7695 	 -25.9544 	 9.2826 	 42.0171 	 -5.4517 	 1.9534 	 8.8645 	 0.0001 	 -0.0000 	 -0.0001
4.7796 	 -26.0090 	 9.3022 	 42.1059 	 -5.4517 	 1.9534 	 8.8645 	 0.0001 	 -0.0000 	 -0.0001
4.7896 	 -26.0636 	 9.3217 	 42.1948 	 -5.4517 	 1.9534 	 8.8645 	 0.0001 	 -0.0000 	 -0.0001
4.7996 	 -26.1183 	 9.3413 	 42.2836 	 -5.4517 	 1.9534 	 8.8645 	 0.0001 	 -0.0000 	 -0.0001
4.8096 	 -26.1729 	 9.3609 	 42.3724 	 -5.4517 	 1.9533 	 8.8645 	 0.0001 	 -0.0000 	 -0.0001
4.8196 	 -26.2275 	 9.3805 	 42.4612 	 -5.4517 	 1.9533 	 8.8645 	 0.0001 	 -0.0000 	 -0.0001
4.8297 	 -26.2821 	 9.4000 	 42.5501 	 -5.4517 	 1.9533 	 8.8645 	 0.0001 	 -0.0000 	 -0.0001
4.8397 	 -26.3368 	 9.4196 	 42.6389 	 -5.4517 	 1.9533 	 8.8645 	 0.0001 	 -0.0000 	 -0.0001
4.8497 	 -26.3914 	 9.4392 	 42.7277 	 -5.4517 	 1.9533 	 8.8645 	 0.0001 	 -0.0000 	 -0.0001
4.8597 	 -26.4460 	 9.4587 	 42.8165 	 -5.4517 	 1.9533 	 8.8645 	 0.0001 	 -0.0000 	 -0.0001
4.8697 	 -26.5006 	 9.4783 	 42.9054 	 -5.4517 	 1.9533 	 8.8645 	 0.0001 	 -0.0000 	 -0.0001
4.8798 	 -26.5553 	 9.4979 	 42.9942 	 -5.4517 	 1.9533 	 8.8645 	 0.0001 	 -0.0000 	 -0.0001
4.8898 	 -26.6099 	 9.5175 	 43.0830 	 -5.4517 	 1.9533 	 8.8645 	 0.0001 	 -0.0000 	 -0.0001
4.8998 	 -26.6645 	 9.5370 	 43.1718 	 -5.4517 	 1.9533 	 8.8645 	 0.0001 	 -0.0000 	 -0.0001
4.9098 	 -26.7191 	 9.5566 	 43.2606 	 -5.4517 	 1.9533 	 8.8645 	 0.0001 	 -0.0000 	 -0.0001
4.9198 	 -26.7738 	 9.5762 	 43.3495 	 -5.4517 	 1.9533 	 8.8645 	 0.0001 	 -0.0000 	 -0.0001
4.9299 	 -26.8284 	 9.5958 	 43.4383 	 -5.4517 	 1.9533 	 8.8645 	 0.0001 	 -0.0000 	 -0.0001
4.9399 	 -26.8830 	 9.6153 	 43.5271 	 -5.4517 	 1.9533 	 8.8645 	 0.0001 	 -0.0000 	 -0.0001
4.9499 	 -26.9377 	 9.6349 	 43.6159 	 -5.4517 	 1.9533 	 8.8645 	 0.0001 	 -0.0000 	 -0.0001
4.9599 	 -26.9923 	 9.6545 	 43.7048 	 -5.4517 	 1.9533 	 8.8645 	 0.0001 	 -0.0000 	 -0.0001
4.9699 	 -27.0469 	 9.6740 	 43.7936 	 -5.4517 	 1.9533 	 8.8645 	 0.0001 	 -0.0000 	 -0.0001
4.9800 	 -27.1015 	 9.6936 	 43.8824 	 -5.4517 	 1.9533 	 8.8645 	 0.0001 	 -0.0000 	 -0.0001
4.9900 	 -27.1562 	 9.7132 	 43.9712 	 -5.4517 	 1.9533 	 8.8645 	 0.0001 	 -0.0000 	 -0.0001
