100-Body Run with i = 100 th particle. (Units in pc,M_solar,Myr, km s-1) 

time		 x 		 y 		 z 		 xdot 		 ydot 		 zdot 		 xddot 		 yddot 		 zddot
0.0000 	 -0.0527 	 -0.0504 	 0.1452 	 0.0239 	 0.0178 	 -0.0033 	 2.8330 	 2.5148 	 0.1547
0.0100 	 -0.0524 	 -0.0501 	 0.1452 	 0.0525 	 0.0432 	 -0.0017 	 2.8787 	 2.5564 	 0.1656
0.0200 	 -0.0517 	 -0.0496 	 0.1452 	 0.0818 	 0.0692 	 -0.0000 	 2.9799 	 2.6437 	 0.1587
0.0301 	 -0.0507 	 -0.0487 	 0.1452 	 0.1124 	 0.0965 	 0.0014 	 3.1237 	 2.8126 	 0.1318
0.0401 	 -0.0494 	 -0.0476 	 0.1452 	 0.1445 	 0.1258 	 0.0032 	 3.3142 	 3.0331 	 0.2913
0.0501 	 -0.0478 	 -0.0462 	 0.1453 	 0.1795 	 0.1571 	 0.0075 	 3.7008 	 3.2161 	 0.5699
0.0601 	 -0.0458 	 -0.0445 	 0.1454 	 0.2187 	 0.1905 	 0.0148 	 4.1119 	 3.4873 	 0.8835
0.0701 	 -0.0434 	 -0.0424 	 0.1456 	 0.2621 	 0.2276 	 0.0253 	 4.6040 	 3.9598 	 1.2309
0.0802 	 -0.0405 	 -0.0399 	 0.1459 	 0.3123 	 0.2712 	 0.0399 	 5.5203 	 4.8434 	 1.7277
0.0902 	 -0.0370 	 -0.0368 	 0.1465 	 0.3764 	 0.3278 	 0.0618 	 7.6064 	 6.7356 	 2.8068
0.1002 	 -0.0327 	 -0.0331 	 0.1473 	 0.4785 	 0.4177 	 0.1045 	 14.5998 	 12.7212 	 6.8265
0.1102 	 -0.0232 	 -0.0260 	 0.1541 	 1.0699 	 0.8047 	 0.7405 	 -30.7867 	 -12.8044 	 -50.7564
0.1202 	 -0.0127 	 -0.0181 	 0.1617 	 0.9883 	 0.7681 	 0.6835 	 -1.4986 	 0.1042 	 14.1534
0.1303 	 -0.0040 	 -0.0112 	 0.1698 	 0.8133 	 0.6639 	 0.9458 	 -58.8865 	 -40.2015 	 24.8998
0.1403 	 0.0033 	 -0.0052 	 0.1787 	 0.5635 	 0.4728 	 0.8829 	 -4.5351 	 -4.8593 	 -4.6143
0.1503 	 0.0091 	 -0.0006 	 0.1885 	 0.5703 	 0.4400 	 0.9854 	 3.7261 	 -10.5263 	 48.1521
0.1603 	 -0.1303 	 -0.2229 	 0.2768 	 -28.3840 	 -44.8251 	 16.7242 	 0.4645 	 0.5048 	 -0.1921
0.1703 	 -0.4147 	 -0.6721 	 0.4444 	 -28.3816 	 -44.8223 	 16.7230 	 0.1191 	 0.1531 	 -0.0861
0.1804 	 -0.6991 	 -1.1212 	 0.6119 	 -28.3804 	 -44.8209 	 16.7224 	 0.0911 	 0.1275 	 -0.0453
0.1904 	 -0.9835 	 -1.5703 	 0.7795 	 -28.3798 	 -44.8199 	 16.7220 	 0.0474 	 0.0723 	 -0.0284
0.2004 	 -1.2678 	 -2.0194 	 0.9470 	 -28.3794 	 -44.8193 	 16.7218 	 0.0296 	 0.0462 	 -0.0187
0.2104 	 -1.5522 	 -2.4685 	 1.1146 	 -28.3792 	 -44.8189 	 16.7216 	 0.0204 	 0.0321 	 -0.0131
0.2204 	 -1.8365 	 -2.9175 	 1.2821 	 -28.3790 	 -44.8187 	 16.7215 	 0.0149 	 0.0236 	 -0.0096
0.2305 	 -2.1209 	 -3.3666 	 1.4497 	 -28.3789 	 -44.8185 	 16.7214 	 0.0114 	 0.0180 	 -0.0074
0.2405 	 -2.4053 	 -3.8157 	 1.6172 	 -28.3788 	 -44.8183 	 16.7214 	 0.0090 	 0.0142 	 -0.0058
0.2505 	 -2.6896 	 -4.2648 	 1.7848 	 -28.3787 	 -44.8182 	 16.7213 	 0.0073 	 0.0115 	 -0.0047
0.2605 	 -2.9740 	 -4.7139 	 1.9523 	 -28.3786 	 -44.8181 	 16.7213 	 0.0060 	 0.0095 	 -0.0038
0.2705 	 -3.2583 	 -5.1630 	 2.1199 	 -28.3786 	 -44.8180 	 16.7212 	 0.0050 	 0.0079 	 -0.0032
0.2806 	 -3.5427 	 -5.6120 	 2.2874 	 -28.3785 	 -44.8179 	 16.7212 	 0.0043 	 0.0068 	 -0.0027
0.2906 	 -3.8270 	 -6.0611 	 2.4550 	 -28.3785 	 -44.8178 	 16.7212 	 0.0037 	 0.0058 	 -0.0023
0.3006 	 -4.1114 	 -6.5102 	 2.6225 	 -28.3784 	 -44.8178 	 16.7211 	 0.0032 	 0.0051 	 -0.0020
0.3106 	 -4.3957 	 -6.9593 	 2.7901 	 -28.3784 	 -44.8177 	 16.7211 	 0.0028 	 0.0044 	 -0.0018
0.3206 	 -4.6801 	 -7.4083 	 2.9576 	 -28.3784 	 -44.8177 	 16.7211 	 0.0025 	 0.0039 	 -0.0016
0.3307 	 -4.9644 	 -7.8574 	 3.1252 	 -28.3784 	 -44.8177 	 16.7211 	 0.0022 	 0.0035 	 -0.0014
0.3407 	 -5.2488 	 -8.3065 	 3.2927 	 -28.3783 	 -44.8176 	 16.7211 	 0.0020 	 0.0031 	 -0.0012
0.3507 	 -5.5331 	 -8.7556 	 3.4602 	 -28.3783 	 -44.8176 	 16.7211 	 0.0018 	 0.0028 	 -0.0011
0.3607 	 -5.8175 	 -9.2046 	 3.6278 	 -28.3783 	 -44.8176 	 16.7211 	 0.0016 	 0.0026 	 -0.0010
0.3707 	 -6.1019 	 -9.6537 	 3.7953 	 -28.3783 	 -44.8175 	 16.7211 	 0.0015 	 0.0023 	 -0.0009
0.3808 	 -6.3862 	 -10.1028 	 3.9629 	 -28.3783 	 -44.8175 	 16.7210 	 0.0013 	 0.0021 	 -0.0008
0.3908 	 -6.6706 	 -10.5519 	 4.1304 	 -28.3783 	 -44.8175 	 16.7210 	 0.0012 	 0.0020 	 -0.0008
0.4008 	 -6.9549 	 -11.0009 	 4.2980 	 -28.3782 	 -44.8175 	 16.7210 	 0.0011 	 0.0018 	 -0.0007
0.4108 	 -7.2393 	 -11.4500 	 4.4655 	 -28.3782 	 -44.8175 	 16.7210 	 0.0011 	 0.0017 	 -0.0006
0.4208 	 -7.5236 	 -11.8991 	 4.6331 	 -28.3782 	 -44.8175 	 16.7210 	 0.0010 	 0.0015 	 -0.0006
0.4309 	 -7.8080 	 -12.3481 	 4.8006 	 -28.3782 	 -44.8174 	 16.7210 	 0.0009 	 0.0014 	 -0.0006
0.4409 	 -8.0923 	 -12.7972 	 4.9682 	 -28.3782 	 -44.8174 	 16.7210 	 0.0008 	 0.0013 	 -0.0005
0.4509 	 -8.3767 	 -13.2463 	 5.1357 	 -28.3782 	 -44.8174 	 16.7210 	 0.0008 	 0.0012 	 -0.0005
0.4609 	 -8.6610 	 -13.6954 	 5.3032 	 -28.3782 	 -44.8174 	 16.7210 	 0.0007 	 0.0012 	 -0.0005
0.4709 	 -8.9454 	 -14.1444 	 5.4708 	 -28.3782 	 -44.8174 	 16.7210 	 0.0007 	 0.0011 	 -0.0004
0.4810 	 -9.2297 	 -14.5935 	 5.6383 	 -28.3782 	 -44.8174 	 16.7210 	 0.0006 	 0.0010 	 -0.0004
0.4910 	 -9.5141 	 -15.0426 	 5.8059 	 -28.3782 	 -44.8174 	 16.7210 	 0.0006 	 0.0010 	 -0.0004
0.5010 	 -9.7984 	 -15.4916 	 5.9734 	 -28.3782 	 -44.8174 	 16.7210 	 0.0006 	 0.0009 	 -0.0004
0.5110 	 -10.0828 	 -15.9407 	 6.1410 	 -28.3782 	 -44.8173 	 16.7210 	 0.0005 	 0.0009 	 -0.0003
0.5210 	 -10.3671 	 -16.3898 	 6.3085 	 -28.3782 	 -44.8173 	 16.7210 	 0.0005 	 0.0008 	 -0.0003
0.5311 	 -10.6515 	 -16.8389 	 6.4761 	 -28.3782 	 -44.8173 	 16.7210 	 0.0005 	 0.0008 	 -0.0003
0.5411 	 -10.9358 	 -17.2879 	 6.6436 	 -28.3781 	 -44.8173 	 16.7210 	 0.0005 	 0.0007 	 -0.0003
0.5511 	 -11.2202 	 -17.7370 	 6.8111 	 -28.3781 	 -44.8173 	 16.7210 	 0.0004 	 0.0007 	 -0.0003
0.5611 	 -11.5045 	 -18.1861 	 6.9787 	 -28.3781 	 -44.8173 	 16.7210 	 0.0004 	 0.0006 	 -0.0003
0.5711 	 -11.7889 	 -18.6351 	 7.1462 	 -28.3781 	 -44.8173 	 16.7210 	 0.0004 	 0.0006 	 -0.0002
0.5812 	 -12.0732 	 -19.0842 	 7.3138 	 -28.3781 	 -44.8173 	 16.7210 	 0.0004 	 0.0006 	 -0.0002
0.5912 	 -12.3576 	 -19.5333 	 7.4813 	 -28.3781 	 -44.8173 	 16.7210 	 0.0004 	 0.0006 	 -0.0002
0.6012 	 -12.6419 	 -19.9824 	 7.6489 	 -28.3781 	 -44.8173 	 16.7210 	 0.0003 	 0.0005 	 -0.0002
0.6112 	 -12.9263 	 -20.4314 	 7.8164 	 -28.3781 	 -44.8173 	 16.7209 	 0.0003 	 0.0005 	 -0.0002
0.6212 	 -13.2106 	 -20.8805 	 7.9840 	 -28.3781 	 -44.8173 	 16.7209 	 0.0003 	 0.0005 	 -0.0002
0.6313 	 -13.4950 	 -21.3296 	 8.1515 	 -28.3781 	 -44.8173 	 16.7209 	 0.0003 	 0.0005 	 -0.0002
0.6413 	 -13.7793 	 -21.7786 	 8.3190 	 -28.3781 	 -44.8173 	 16.7209 	 0.0003 	 0.0005 	 -0.0002
0.6513 	 -14.0637 	 -22.2277 	 8.4866 	 -28.3781 	 -44.8173 	 16.7209 	 0.0003 	 0.0004 	 -0.0002
0.6613 	 -14.3480 	 -22.6768 	 8.6541 	 -28.3781 	 -44.8173 	 16.7209 	 0.0003 	 0.0004 	 -0.0002
0.6713 	 -14.6324 	 -23.1259 	 8.8217 	 -28.3781 	 -44.8173 	 16.7209 	 0.0003 	 0.0004 	 -0.0002
0.6814 	 -14.9167 	 -23.5749 	 8.9892 	 -28.3781 	 -44.8172 	 16.7209 	 0.0002 	 0.0004 	 -0.0001
0.6914 	 -15.2011 	 -24.0240 	 9.1568 	 -28.3781 	 -44.8172 	 16.7209 	 0.0002 	 0.0004 	 -0.0001
0.7014 	 -15.4854 	 -24.4731 	 9.3243 	 -28.3781 	 -44.8172 	 16.7209 	 0.0002 	 0.0004 	 -0.0001
0.7114 	 -15.7698 	 -24.9221 	 9.4919 	 -28.3781 	 -44.8172 	 16.7209 	 0.0002 	 0.0003 	 -0.0001
0.7214 	 -16.0541 	 -25.3712 	 9.6594 	 -28.3781 	 -44.8172 	 16.7209 	 0.0002 	 0.0003 	 -0.0001
0.7315 	 -16.3385 	 -25.8203 	 9.8269 	 -28.3781 	 -44.8172 	 16.7209 	 0.0002 	 0.0003 	 -0.0001
0.7415 	 -16.6228 	 -26.2694 	 9.9945 	 -28.3781 	 -44.8172 	 16.7209 	 0.0002 	 0.0003 	 -0.0001
0.7515 	 -16.9072 	 -26.7184 	 10.1620 	 -28.3781 	 -44.8172 	 16.7209 	 0.0002 	 0.0003 	 -0.0001
0.7615 	 -17.1915 	 -27.1675 	 10.3296 	 -28.3781 	 -44.8172 	 16.7209 	 0.0002 	 0.0003 	 -0.0001
0.7715 	 -17.4759 	 -27.6166 	 10.4971 	 -28.3781 	 -44.8172 	 16.7209 	 0.0002 	 0.0003 	 -0.0001
0.7816 	 -17.7602 	 -28.0656 	 10.6647 	 -28.3781 	 -44.8172 	 16.7209 	 0.0002 	 0.0003 	 -0.0001
0.7916 	 -18.0446 	 -28.5147 	 10.8322 	 -28.3781 	 -44.8172 	 16.7209 	 0.0002 	 0.0003 	 -0.0001
0.8016 	 -18.3289 	 -28.9638 	 10.9998 	 -28.3781 	 -44.8172 	 16.7209 	 0.0002 	 0.0003 	 -0.0001
0.8116 	 -18.6133 	 -29.4128 	 11.1673 	 -28.3781 	 -44.8172 	 16.7209 	 0.0002 	 0.0002 	 -0.0001
0.8216 	 -18.8976 	 -29.8619 	 11.3348 	 -28.3781 	 -44.8172 	 16.7209 	 0.0002 	 0.0002 	 -0.0001
0.8317 	 -19.1820 	 -30.3110 	 11.5024 	 -28.3781 	 -44.8172 	 16.7209 	 0.0001 	 0.0002 	 -0.0001
0.8417 	 -19.4663 	 -30.7601 	 11.6699 	 -28.3781 	 -44.8172 	 16.7209 	 0.0001 	 0.0002 	 -0.0001
0.8517 	 -19.7507 	 -31.2091 	 11.8375 	 -28.3781 	 -44.8172 	 16.7209 	 0.0001 	 0.0002 	 -0.0001
0.8617 	 -20.0350 	 -31.6582 	 12.0050 	 -28.3781 	 -44.8172 	 16.7209 	 0.0001 	 0.0002 	 -0.0001
0.8717 	 -20.3194 	 -32.1073 	 12.1726 	 -28.3781 	 -44.8172 	 16.7209 	 0.0001 	 0.0002 	 -0.0001
0.8818 	 -20.6037 	 -32.5563 	 12.3401 	 -28.3781 	 -44.8172 	 16.7209 	 0.0001 	 0.0002 	 -0.0001
0.8918 	 -20.8881 	 -33.0054 	 12.5077 	 -28.3781 	 -44.8172 	 16.7209 	 0.0001 	 0.0002 	 -0.0001
0.9018 	 -21.1724 	 -33.4545 	 12.6752 	 -28.3781 	 -44.8172 	 16.7209 	 0.0001 	 0.0002 	 -0.0001
0.9118 	 -21.4568 	 -33.9035 	 12.8427 	 -28.3781 	 -44.8172 	 16.7209 	 0.0001 	 0.0002 	 -0.0001
0.9218 	 -21.7411 	 -34.3526 	 13.0103 	 -28.3781 	 -44.8172 	 16.7209 	 0.0001 	 0.0002 	 -0.0001
0.9319 	 -22.0254 	 -34.8017 	 13.1778 	 -28.3781 	 -44.8172 	 16.7209 	 0.0001 	 0.0002 	 -0.0001
0.9419 	 -22.3098 	 -35.2508 	 13.3454 	 -28.3781 	 -44.8172 	 16.7209 	 0.0001 	 0.0002 	 -0.0001
0.9519 	 -22.5941 	 -35.6998 	 13.5129 	 -28.3781 	 -44.8172 	 16.7209 	 0.0001 	 0.0002 	 -0.0001
0.9619 	 -22.8785 	 -36.1489 	 13.6805 	 -28.3781 	 -44.8172 	 16.7209 	 0.0001 	 0.0002 	 -0.0001
0.9719 	 -23.1628 	 -36.5980 	 13.8480 	 -28.3781 	 -44.8172 	 16.7209 	 0.0001 	 0.0002 	 -0.0001
0.9820 	 -23.4472 	 -37.0470 	 14.0156 	 -28.3781 	 -44.8172 	 16.7209 	 0.0001 	 0.0002 	 -0.0001
0.9920 	 -23.7315 	 -37.4961 	 14.1831 	 -28.3781 	 -44.8172 	 16.7209 	 0.0001 	 0.0002 	 -0.0001
1.0020 	 -24.0159 	 -37.9452 	 14.3506 	 -28.3781 	 -44.8172 	 16.7209 	 0.0001 	 0.0001 	 -0.0001
1.0120 	 -24.3002 	 -38.3942 	 14.5182 	 -28.3781 	 -44.8172 	 16.7209 	 0.0001 	 0.0001 	 -0.0001
1.0220 	 -24.5846 	 -38.8433 	 14.6857 	 -28.3780 	 -44.8172 	 16.7209 	 0.0001 	 0.0001 	 -0.0001
1.0321 	 -24.8689 	 -39.2924 	 14.8533 	 -28.3780 	 -44.8172 	 16.7209 	 0.0001 	 0.0001 	 -0.0001
1.0421 	 -25.1533 	 -39.7415 	 15.0208 	 -28.3780 	 -44.8172 	 16.7209 	 0.0001 	 0.0001 	 -0.0001
1.0521 	 -25.4376 	 -40.1905 	 15.1884 	 -28.3780 	 -44.8172 	 16.7209 	 0.0001 	 0.0001 	 -0.0001
1.0621 	 -25.7220 	 -40.6396 	 15.3559 	 -28.3780 	 -44.8172 	 16.7209 	 0.0001 	 0.0001 	 -0.0000
1.0721 	 -26.0063 	 -41.0887 	 15.5235 	 -28.3780 	 -44.8172 	 16.7209 	 0.0001 	 0.0001 	 -0.0000
1.0822 	 -26.2907 	 -41.5377 	 15.6910 	 -28.3780 	 -44.8172 	 16.7209 	 0.0001 	 0.0001 	 -0.0000
1.0922 	 -26.5750 	 -41.9868 	 15.8585 	 -28.3780 	 -44.8172 	 16.7209 	 0.0001 	 0.0001 	 -0.0000
1.1022 	 -26.8594 	 -42.4359 	 16.0261 	 -28.3780 	 -44.8172 	 16.7209 	 0.0001 	 0.0001 	 -0.0000
1.1122 	 -27.1437 	 -42.8849 	 16.1936 	 -28.3780 	 -44.8172 	 16.7209 	 0.0001 	 0.0001 	 -0.0000
1.1222 	 -27.4281 	 -43.3340 	 16.3612 	 -28.3780 	 -44.8172 	 16.7209 	 0.0001 	 0.0001 	 -0.0000
1.1323 	 -27.7124 	 -43.7831 	 16.5287 	 -28.3780 	 -44.8172 	 16.7209 	 0.0001 	 0.0001 	 -0.0000
1.1423 	 -27.9968 	 -44.2322 	 16.6963 	 -28.3780 	 -44.8172 	 16.7209 	 0.0001 	 0.0001 	 -0.0000
1.1523 	 -28.2811 	 -44.6812 	 16.8638 	 -28.3780 	 -44.8172 	 16.7209 	 0.0001 	 0.0001 	 -0.0000
1.1623 	 -28.5655 	 -45.1303 	 17.0313 	 -28.3780 	 -44.8172 	 16.7209 	 0.0001 	 0.0001 	 -0.0000
1.1723 	 -28.8498 	 -45.5794 	 17.1989 	 -28.3780 	 -44.8172 	 16.7209 	 0.0001 	 0.0001 	 -0.0000
1.1824 	 -29.1342 	 -46.0284 	 17.3664 	 -28.3780 	 -44.8171 	 16.7209 	 0.0001 	 0.0001 	 -0.0000
1.1924 	 -29.4185 	 -46.4775 	 17.5340 	 -28.3780 	 -44.8171 	 16.7209 	 0.0001 	 0.0001 	 -0.0000
1.2024 	 -29.7029 	 -46.9266 	 17.7015 	 -28.3780 	 -44.8171 	 16.7209 	 0.0001 	 0.0001 	 -0.0000
1.2124 	 -29.9872 	 -47.3756 	 17.8691 	 -28.3780 	 -44.8171 	 16.7209 	 0.0001 	 0.0001 	 -0.0000
1.2224 	 -30.2716 	 -47.8247 	 18.0366 	 -28.3780 	 -44.8171 	 16.7209 	 0.0001 	 0.0001 	 -0.0000
1.2325 	 -30.5559 	 -48.2738 	 18.2042 	 -28.3780 	 -44.8171 	 16.7209 	 0.0001 	 0.0001 	 -0.0000
1.2425 	 -30.8403 	 -48.7228 	 18.3717 	 -28.3780 	 -44.8171 	 16.7209 	 0.0001 	 0.0001 	 -0.0000
1.2525 	 -31.1246 	 -49.1719 	 18.5392 	 -28.3780 	 -44.8171 	 16.7209 	 0.0001 	 0.0001 	 -0.0000
1.2625 	 -31.4090 	 -49.6210 	 18.7068 	 -28.3780 	 -44.8171 	 16.7209 	 0.0001 	 0.0001 	 -0.0000
1.2725 	 -31.6933 	 -50.0701 	 18.8743 	 -28.3780 	 -44.8171 	 16.7209 	 0.0001 	 0.0001 	 -0.0000
1.2826 	 -31.9777 	 -50.5191 	 19.0419 	 -28.3780 	 -44.8171 	 16.7209 	 0.0001 	 0.0001 	 -0.0000
1.2926 	 -32.2620 	 -50.9682 	 19.2094 	 -28.3780 	 -44.8171 	 16.7209 	 0.0001 	 0.0001 	 -0.0000
1.3026 	 -32.5464 	 -51.4173 	 19.3770 	 -28.3780 	 -44.8171 	 16.7209 	 0.0001 	 0.0001 	 -0.0000
1.3126 	 -32.8307 	 -51.8663 	 19.5445 	 -28.3780 	 -44.8171 	 16.7209 	 0.0001 	 0.0001 	 -0.0000
1.3226 	 -33.1151 	 -52.3154 	 19.7121 	 -28.3780 	 -44.8171 	 16.7209 	 0.0000 	 0.0001 	 -0.0000
1.3327 	 -33.3994 	 -52.7645 	 19.8796 	 -28.3780 	 -44.8171 	 16.7209 	 0.0000 	 0.0001 	 -0.0000
1.3427 	 -33.6838 	 -53.2135 	 20.0471 	 -28.3780 	 -44.8171 	 16.7209 	 0.0000 	 0.0001 	 -0.0000
1.3527 	 -33.9681 	 -53.6626 	 20.2147 	 -28.3780 	 -44.8171 	 16.7209 	 0.0000 	 0.0001 	 -0.0000
1.3627 	 -34.2525 	 -54.1117 	 20.3822 	 -28.3780 	 -44.8171 	 16.7209 	 0.0000 	 0.0001 	 -0.0000
1.3727 	 -34.5368 	 -54.5608 	 20.5498 	 -28.3780 	 -44.8171 	 16.7209 	 0.0000 	 0.0001 	 -0.0000
1.3828 	 -34.8212 	 -55.0098 	 20.7173 	 -28.3780 	 -44.8171 	 16.7209 	 0.0000 	 0.0001 	 -0.0000
1.3928 	 -35.1055 	 -55.4589 	 20.8849 	 -28.3780 	 -44.8171 	 16.7209 	 0.0000 	 0.0001 	 -0.0000
1.4028 	 -35.3899 	 -55.9080 	 21.0524 	 -28.3780 	 -44.8171 	 16.7209 	 0.0000 	 0.0001 	 -0.0000
1.4128 	 -35.6742 	 -56.3570 	 21.2200 	 -28.3780 	 -44.8171 	 16.7209 	 0.0000 	 0.0001 	 -0.0000
1.4228 	 -35.9586 	 -56.8061 	 21.3875 	 -28.3780 	 -44.8171 	 16.7209 	 0.0000 	 0.0001 	 -0.0000
1.4329 	 -36.2429 	 -57.2552 	 21.5550 	 -28.3780 	 -44.8171 	 16.7209 	 0.0000 	 0.0001 	 -0.0000
1.4429 	 -36.5273 	 -57.7042 	 21.7226 	 -28.3780 	 -44.8171 	 16.7209 	 0.0000 	 0.0001 	 -0.0000
1.4529 	 -36.8116 	 -58.1533 	 21.8901 	 -28.3780 	 -44.8171 	 16.7209 	 0.0000 	 0.0001 	 -0.0000
1.4629 	 -37.0960 	 -58.6024 	 22.0577 	 -28.3780 	 -44.8171 	 16.7209 	 0.0000 	 0.0001 	 -0.0000
1.4729 	 -37.3803 	 -59.0514 	 22.2252 	 -28.3780 	 -44.8171 	 16.7209 	 0.0000 	 0.0001 	 -0.0000
1.4830 	 -37.6646 	 -59.5005 	 22.3928 	 -28.3780 	 -44.8171 	 16.7209 	 0.0000 	 0.0001 	 -0.0000
1.4930 	 -37.9490 	 -59.9496 	 22.5603 	 -28.3780 	 -44.8171 	 16.7209 	 0.0000 	 0.0001 	 -0.0000
1.5030 	 -38.2333 	 -60.3987 	 22.7278 	 -28.3780 	 -44.8171 	 16.7209 	 0.0000 	 0.0001 	 -0.0000
1.5130 	 -38.5177 	 -60.8477 	 22.8954 	 -28.3780 	 -44.8171 	 16.7209 	 0.0000 	 0.0001 	 -0.0000
1.5230 	 -38.8020 	 -61.2968 	 23.0629 	 -28.3780 	 -44.8171 	 16.7209 	 0.0000 	 0.0001 	 -0.0000
1.5331 	 -39.0864 	 -61.7459 	 23.2305 	 -28.3780 	 -44.8171 	 16.7209 	 0.0000 	 0.0001 	 -0.0000
1.5431 	 -39.3707 	 -62.1949 	 23.3980 	 -28.3780 	 -44.8171 	 16.7209 	 0.0000 	 0.0001 	 -0.0000
1.5531 	 -39.6551 	 -62.6440 	 23.5656 	 -28.3780 	 -44.8171 	 16.7209 	 0.0000 	 0.0001 	 -0.0000
1.5631 	 -39.9394 	 -63.0931 	 23.7331 	 -28.3780 	 -44.8171 	 16.7209 	 0.0000 	 0.0001 	 -0.0000
1.5731 	 -40.2238 	 -63.5421 	 23.9007 	 -28.3780 	 -44.8171 	 16.7209 	 0.0000 	 0.0001 	 -0.0000
1.5832 	 -40.5081 	 -63.9912 	 24.0682 	 -28.3780 	 -44.8171 	 16.7209 	 0.0000 	 0.0001 	 -0.0000
1.5932 	 -40.7925 	 -64.4403 	 24.2357 	 -28.3780 	 -44.8171 	 16.7209 	 0.0000 	 0.0001 	 -0.0000
1.6032 	 -41.0768 	 -64.8893 	 24.4033 	 -28.3780 	 -44.8171 	 16.7209 	 0.0000 	 0.0001 	 -0.0000
1.6132 	 -41.3612 	 -65.3384 	 24.5708 	 -28.3780 	 -44.8171 	 16.7209 	 0.0000 	 0.0000 	 -0.0000
1.6232 	 -41.6455 	 -65.7875 	 24.7384 	 -28.3780 	 -44.8171 	 16.7209 	 0.0000 	 0.0000 	 -0.0000
1.6333 	 -41.9299 	 -66.2366 	 24.9059 	 -28.3780 	 -44.8171 	 16.7209 	 0.0000 	 0.0000 	 -0.0000
1.6433 	 -42.2142 	 -66.6856 	 25.0735 	 -28.3780 	 -44.8171 	 16.7209 	 0.0000 	 0.0000 	 -0.0000
1.6533 	 -42.4986 	 -67.1347 	 25.2410 	 -28.3780 	 -44.8171 	 16.7209 	 0.0000 	 0.0000 	 -0.0000
1.6633 	 -42.7829 	 -67.5838 	 25.4086 	 -28.3780 	 -44.8171 	 16.7209 	 0.0000 	 0.0000 	 -0.0000
1.6733 	 -43.0673 	 -68.0328 	 25.5761 	 -28.3780 	 -44.8171 	 16.7209 	 0.0000 	 0.0000 	 -0.0000
1.6834 	 -43.3516 	 -68.4819 	 25.7436 	 -28.3780 	 -44.8171 	 16.7209 	 0.0000 	 0.0000 	 -0.0000
1.6934 	 -43.6360 	 -68.9310 	 25.9112 	 -28.3780 	 -44.8171 	 16.7209 	 0.0000 	 0.0000 	 -0.0000
1.7034 	 -43.9203 	 -69.3800 	 26.0787 	 -28.3780 	 -44.8171 	 16.7209 	 0.0000 	 0.0000 	 -0.0000
1.7134 	 -44.2047 	 -69.8291 	 26.2463 	 -28.3780 	 -44.8171 	 16.7209 	 0.0000 	 0.0000 	 -0.0000
1.7234 	 -44.4890 	 -70.2782 	 26.4138 	 -28.3780 	 -44.8171 	 16.7209 	 0.0000 	 0.0000 	 -0.0000
1.7335 	 -44.7734 	 -70.7272 	 26.5814 	 -28.3780 	 -44.8171 	 16.7209 	 0.0000 	 0.0000 	 -0.0000
1.7435 	 -45.0577 	 -71.1763 	 26.7489 	 -28.3780 	 -44.8171 	 16.7209 	 0.0000 	 0.0000 	 -0.0000
1.7535 	 -45.3421 	 -71.6254 	 26.9164 	 -28.3780 	 -44.8171 	 16.7209 	 0.0000 	 0.0000 	 -0.0000
1.7635 	 -45.6264 	 -72.0745 	 27.0840 	 -28.3780 	 -44.8171 	 16.7209 	 0.0000 	 0.0000 	 -0.0000
1.7735 	 -45.9108 	 -72.5235 	 27.2515 	 -28.3780 	 -44.8171 	 16.7209 	 0.0000 	 0.0000 	 -0.0000
1.7836 	 -46.1951 	 -72.9726 	 27.4191 	 -28.3780 	 -44.8171 	 16.7209 	 0.0000 	 0.0000 	 -0.0000
1.7936 	 -46.4795 	 -73.4217 	 27.5866 	 -28.3780 	 -44.8171 	 16.7209 	 0.0000 	 0.0000 	 -0.0000
1.8036 	 -46.7638 	 -73.8707 	 27.7542 	 -28.3780 	 -44.8171 	 16.7209 	 0.0000 	 0.0000 	 -0.0000
1.8136 	 -47.0482 	 -74.3198 	 27.9217 	 -28.3780 	 -44.8171 	 16.7209 	 0.0000 	 0.0000 	 -0.0000
1.8236 	 -47.3325 	 -74.7689 	 28.0893 	 -28.3780 	 -44.8171 	 16.7209 	 0.0000 	 0.0000 	 -0.0000
1.8337 	 -47.6169 	 -75.2179 	 28.2568 	 -28.3780 	 -44.8171 	 16.7209 	 0.0000 	 0.0000 	 -0.0000
1.8437 	 -47.9012 	 -75.6670 	 28.4243 	 -28.3780 	 -44.8171 	 16.7209 	 0.0000 	 0.0000 	 -0.0000
1.8537 	 -48.1856 	 -76.1161 	 28.5919 	 -28.3780 	 -44.8171 	 16.7209 	 0.0000 	 0.0000 	 -0.0000
1.8637 	 -48.4699 	 -76.5651 	 28.7594 	 -28.3780 	 -44.8171 	 16.7209 	 0.0000 	 0.0000 	 -0.0000
1.8737 	 -48.7543 	 -77.0142 	 28.9270 	 -28.3780 	 -44.8171 	 16.7209 	 0.0000 	 0.0000 	 -0.0000
1.8838 	 -49.0386 	 -77.4633 	 29.0945 	 -28.3780 	 -44.8171 	 16.7209 	 0.0000 	 0.0000 	 -0.0000
1.8938 	 -49.3230 	 -77.9124 	 29.2621 	 -28.3780 	 -44.8171 	 16.7209 	 0.0000 	 0.0000 	 -0.0000
1.9038 	 -49.6073 	 -78.3614 	 29.4296 	 -28.3780 	 -44.8171 	 16.7209 	 0.0000 	 0.0000 	 -0.0000
1.9138 	 -49.8916 	 -78.8105 	 29.5971 	 -28.3780 	 -44.8171 	 16.7209 	 0.0000 	 0.0000 	 -0.0000
1.9238 	 -50.1760 	 -79.2596 	 29.7647 	 -28.3780 	 -44.8171 	 16.7209 	 0.0000 	 0.0000 	 -0.0000
1.9339 	 -50.4603 	 -79.7086 	 29.9322 	 -28.3780 	 -44.8171 	 16.7209 	 0.0000 	 0.0000 	 -0.0000
1.9439 	 -50.7447 	 -80.1577 	 30.0998 	 -28.3780 	 -44.8171 	 16.7209 	 0.0000 	 0.0000 	 -0.0000
1.9539 	 -51.0290 	 -80.6068 	 30.2673 	 -28.3780 	 -44.8171 	 16.7209 	 0.0000 	 0.0000 	 -0.0000
1.9639 	 -51.3134 	 -81.0558 	 30.4349 	 -28.3780 	 -44.8171 	 16.7209 	 0.0000 	 0.0000 	 -0.0000
1.9739 	 -51.5977 	 -81.5049 	 30.6024 	 -28.3780 	 -44.8171 	 16.7209 	 0.0000 	 0.0000 	 -0.0000
1.9840 	 -51.8821 	 -81.9540 	 30.7700 	 -28.3780 	 -44.8171 	 16.7209 	 0.0000 	 0.0000 	 -0.0000
1.9940 	 -52.1664 	 -82.4030 	 30.9375 	 -28.3780 	 -44.8171 	 16.7209 	 0.0000 	 0.0000 	 -0.0000
2.0040 	 -52.4508 	 -82.8521 	 31.1050 	 -28.3780 	 -44.8171 	 16.7209 	 0.0000 	 0.0000 	 -0.0000
2.0140 	 -52.7351 	 -83.3012 	 31.2726 	 -28.3780 	 -44.8171 	 16.7209 	 0.0000 	 0.0000 	 -0.0000
2.0240 	 -53.0195 	 -83.7503 	 31.4401 	 -28.3780 	 -44.8171 	 16.7209 	 0.0000 	 0.0000 	 -0.0000
2.0341 	 -53.3038 	 -84.1993 	 31.6077 	 -28.3780 	 -44.8171 	 16.7209 	 0.0000 	 0.0000 	 -0.0000
2.0441 	 -53.5882 	 -84.6484 	 31.7752 	 -28.3780 	 -44.8171 	 16.7209 	 0.0000 	 0.0000 	 -0.0000
2.0541 	 -53.8725 	 -85.0975 	 31.9428 	 -28.3780 	 -44.8171 	 16.7209 	 0.0000 	 0.0000 	 -0.0000
2.0641 	 -54.1569 	 -85.5465 	 32.1103 	 -28.3780 	 -44.8171 	 16.7209 	 0.0000 	 0.0000 	 -0.0000
2.0741 	 -54.4412 	 -85.9956 	 32.2779 	 -28.3780 	 -44.8171 	 16.7209 	 0.0000 	 0.0000 	 -0.0000
2.0842 	 -54.7256 	 -86.4447 	 32.4454 	 -28.3780 	 -44.8171 	 16.7209 	 0.0000 	 0.0000 	 -0.0000
2.0942 	 -55.0099 	 -86.8937 	 32.6129 	 -28.3780 	 -44.8171 	 16.7209 	 0.0000 	 0.0000 	 -0.0000
2.1042 	 -55.2943 	 -87.3428 	 32.7805 	 -28.3780 	 -44.8171 	 16.7209 	 0.0000 	 0.0000 	 -0.0000
2.1142 	 -55.5786 	 -87.7919 	 32.9480 	 -28.3780 	 -44.8171 	 16.7209 	 0.0000 	 0.0000 	 -0.0000
2.1242 	 -55.8630 	 -88.2409 	 33.1156 	 -28.3780 	 -44.8171 	 16.7209 	 0.0000 	 0.0000 	 -0.0000
2.1343 	 -56.1473 	 -88.6900 	 33.2831 	 -28.3780 	 -44.8171 	 16.7209 	 0.0000 	 0.0000 	 -0.0000
2.1443 	 -56.4317 	 -89.1391 	 33.4507 	 -28.3780 	 -44.8171 	 16.7209 	 0.0000 	 0.0000 	 -0.0000
2.1543 	 -56.7160 	 -89.5882 	 33.6182 	 -28.3780 	 -44.8171 	 16.7209 	 0.0000 	 0.0000 	 -0.0000
2.1643 	 -57.0004 	 -90.0372 	 33.7857 	 -28.3780 	 -44.8171 	 16.7209 	 0.0000 	 0.0000 	 -0.0000
2.1743 	 -57.2847 	 -90.4863 	 33.9533 	 -28.3780 	 -44.8171 	 16.7209 	 0.0000 	 0.0000 	 -0.0000
2.1844 	 -57.5691 	 -90.9354 	 34.1208 	 -28.3780 	 -44.8171 	 16.7209 	 0.0000 	 0.0000 	 -0.0000
2.1944 	 -57.8534 	 -91.3844 	 34.2884 	 -28.3780 	 -44.8171 	 16.7209 	 0.0000 	 0.0000 	 -0.0000
2.2044 	 -58.1378 	 -91.8335 	 34.4559 	 -28.3780 	 -44.8171 	 16.7209 	 0.0000 	 0.0000 	 -0.0000
2.2144 	 -58.4221 	 -92.2826 	 34.6235 	 -28.3780 	 -44.8171 	 16.7209 	 0.0000 	 0.0000 	 -0.0000
2.2244 	 -58.7065 	 -92.7316 	 34.7910 	 -28.3780 	 -44.8171 	 16.7209 	 0.0000 	 0.0000 	 -0.0000
2.2345 	 -58.9908 	 -93.1807 	 34.9586 	 -28.3780 	 -44.8171 	 16.7209 	 0.0000 	 0.0000 	 -0.0000
2.2445 	 -59.2752 	 -93.6298 	 35.1261 	 -28.3780 	 -44.8171 	 16.7209 	 0.0000 	 0.0000 	 -0.0000
2.2545 	 -59.5595 	 -94.0788 	 35.2936 	 -28.3780 	 -44.8171 	 16.7209 	 0.0000 	 0.0000 	 -0.0000
2.2645 	 -59.8439 	 -94.5279 	 35.4612 	 -28.3780 	 -44.8171 	 16.7209 	 0.0000 	 0.0000 	 -0.0000
2.2745 	 -60.1282 	 -94.9770 	 35.6287 	 -28.3780 	 -44.8171 	 16.7209 	 0.0000 	 0.0000 	 -0.0000
2.2846 	 -60.4126 	 -95.4261 	 35.7963 	 -28.3780 	 -44.8171 	 16.7209 	 0.0000 	 0.0000 	 -0.0000
2.2946 	 -60.6969 	 -95.8751 	 35.9638 	 -28.3780 	 -44.8171 	 16.7209 	 0.0000 	 0.0000 	 -0.0000
2.3046 	 -60.9813 	 -96.3242 	 36.1314 	 -28.3780 	 -44.8171 	 16.7209 	 0.0000 	 0.0000 	 -0.0000
2.3146 	 -61.2656 	 -96.7733 	 36.2989 	 -28.3780 	 -44.8171 	 16.7209 	 0.0000 	 0.0000 	 -0.0000
2.3246 	 -61.5499 	 -97.2223 	 36.4664 	 -28.3780 	 -44.8171 	 16.7209 	 0.0000 	 0.0000 	 -0.0000
2.3347 	 -61.8343 	 -97.6714 	 36.6340 	 -28.3780 	 -44.8171 	 16.7209 	 0.0000 	 0.0000 	 -0.0000
2.3447 	 -62.1186 	 -98.1205 	 36.8015 	 -28.3780 	 -44.8171 	 16.7209 	 0.0000 	 0.0000 	 -0.0000
2.3547 	 -62.4030 	 -98.5695 	 36.9691 	 -28.3780 	 -44.8171 	 16.7209 	 0.0000 	 0.0000 	 -0.0000
2.3647 	 -62.6873 	 -99.0186 	 37.1366 	 -28.3780 	 -44.8171 	 16.7209 	 0.0000 	 0.0000 	 -0.0000
2.3747 	 -62.9717 	 -99.4677 	 37.3042 	 -28.3780 	 -44.8171 	 16.7209 	 0.0000 	 0.0000 	 -0.0000
2.3848 	 -63.2560 	 -99.9167 	 37.4717 	 -28.3780 	 -44.8171 	 16.7209 	 0.0000 	 0.0000 	 -0.0000
2.3948 	 -63.5404 	 -100.3658 	 37.6393 	 -28.3780 	 -44.8171 	 16.7209 	 0.0000 	 0.0000 	 -0.0000
2.4048 	 -63.8247 	 -100.8149 	 37.8068 	 -28.3780 	 -44.8171 	 16.7209 	 0.0000 	 0.0000 	 -0.0000
2.4148 	 -64.1091 	 -101.2640 	 37.9743 	 -28.3780 	 -44.8171 	 16.7209 	 0.0000 	 0.0000 	 -0.0000
2.4248 	 -64.3934 	 -101.7130 	 38.1419 	 -28.3780 	 -44.8171 	 16.7209 	 0.0000 	 0.0000 	 -0.0000
2.4349 	 -64.6778 	 -102.1621 	 38.3094 	 -28.3780 	 -44.8171 	 16.7209 	 0.0000 	 0.0000 	 -0.0000
2.4449 	 -64.9621 	 -102.6112 	 38.4770 	 -28.3780 	 -44.8171 	 16.7209 	 0.0000 	 0.0000 	 -0.0000
2.4549 	 -65.2465 	 -103.0602 	 38.6445 	 -28.3780 	 -44.8171 	 16.7209 	 0.0000 	 0.0000 	 -0.0000
2.4649 	 -65.5308 	 -103.5093 	 38.8121 	 -28.3780 	 -44.8171 	 16.7209 	 0.0000 	 0.0000 	 -0.0000
2.4749 	 -65.8152 	 -103.9584 	 38.9796 	 -28.3780 	 -44.8171 	 16.7209 	 0.0000 	 0.0000 	 -0.0000
2.4850 	 -66.0995 	 -104.4074 	 39.1472 	 -28.3780 	 -44.8171 	 16.7209 	 0.0000 	 0.0000 	 -0.0000
2.4950 	 -66.3839 	 -104.8565 	 39.3147 	 -28.3780 	 -44.8171 	 16.7209 	 0.0000 	 0.0000 	 -0.0000
2.5050 	 -66.6682 	 -105.3056 	 39.4822 	 -28.3780 	 -44.8171 	 16.7209 	 0.0000 	 0.0000 	 -0.0000
2.5150 	 -66.9526 	 -105.7546 	 39.6498 	 -28.3780 	 -44.8171 	 16.7209 	 0.0000 	 0.0000 	 -0.0000
2.5251 	 -67.2369 	 -106.2037 	 39.8173 	 -28.3780 	 -44.8171 	 16.7209 	 0.0000 	 0.0000 	 -0.0000
2.5351 	 -67.5213 	 -106.6528 	 39.9849 	 -28.3780 	 -44.8171 	 16.7209 	 0.0000 	 0.0000 	 -0.0000
2.5451 	 -67.8056 	 -107.1018 	 40.1524 	 -28.3780 	 -44.8171 	 16.7209 	 0.0000 	 0.0000 	 -0.0000
2.5551 	 -68.0900 	 -107.5509 	 40.3200 	 -28.3780 	 -44.8171 	 16.7209 	 0.0000 	 0.0000 	 -0.0000
2.5651 	 -68.3743 	 -108.0000 	 40.4875 	 -28.3780 	 -44.8171 	 16.7209 	 0.0000 	 0.0000 	 -0.0000
2.5752 	 -68.6587 	 -108.4491 	 40.6550 	 -28.3780 	 -44.8171 	 16.7209 	 0.0000 	 0.0000 	 -0.0000
2.5852 	 -68.9430 	 -108.8981 	 40.8226 	 -28.3780 	 -44.8171 	 16.7209 	 0.0000 	 0.0000 	 -0.0000
2.5952 	 -69.2274 	 -109.3472 	 40.9901 	 -28.3780 	 -44.8171 	 16.7209 	 0.0000 	 0.0000 	 -0.0000
2.6052 	 -69.5117 	 -109.7963 	 41.1577 	 -28.3780 	 -44.8171 	 16.7209 	 0.0000 	 0.0000 	 -0.0000
2.6152 	 -69.7961 	 -110.2453 	 41.3252 	 -28.3780 	 -44.8171 	 16.7209 	 0.0000 	 0.0000 	 -0.0000
2.6253 	 -70.0804 	 -110.6944 	 41.4928 	 -28.3780 	 -44.8171 	 16.7209 	 0.0000 	 0.0000 	 -0.0000
2.6353 	 -70.3648 	 -111.1435 	 41.6603 	 -28.3780 	 -44.8171 	 16.7209 	 0.0000 	 0.0000 	 -0.0000
2.6453 	 -70.6491 	 -111.5925 	 41.8279 	 -28.3780 	 -44.8171 	 16.7209 	 0.0000 	 0.0000 	 -0.0000
2.6553 	 -70.9335 	 -112.0416 	 41.9954 	 -28.3780 	 -44.8171 	 16.7209 	 0.0000 	 0.0000 	 -0.0000
2.6653 	 -71.2178 	 -112.4907 	 42.1629 	 -28.3780 	 -44.8171 	 16.7209 	 0.0000 	 0.0000 	 -0.0000
2.6754 	 -71.5022 	 -112.9397 	 42.3305 	 -28.3780 	 -44.8171 	 16.7209 	 0.0000 	 0.0000 	 -0.0000
2.6854 	 -71.7865 	 -113.3888 	 42.4980 	 -28.3780 	 -44.8171 	 16.7209 	 0.0000 	 0.0000 	 -0.0000
2.6954 	 -72.0709 	 -113.8379 	 42.6656 	 -28.3780 	 -44.8171 	 16.7209 	 0.0000 	 0.0000 	 -0.0000
2.7054 	 -72.3552 	 -114.2870 	 42.8331 	 -28.3780 	 -44.8171 	 16.7209 	 0.0000 	 0.0000 	 -0.0000
2.7154 	 -72.6395 	 -114.7360 	 43.0007 	 -28.3780 	 -44.8171 	 16.7209 	 0.0000 	 0.0000 	 -0.0000
2.7255 	 -72.9239 	 -115.1851 	 43.1682 	 -28.3780 	 -44.8171 	 16.7209 	 0.0000 	 0.0000 	 -0.0000
2.7355 	 -73.2082 	 -115.6342 	 43.3357 	 -28.3780 	 -44.8171 	 16.7209 	 0.0000 	 0.0000 	 -0.0000
2.7455 	 -73.4926 	 -116.0832 	 43.5033 	 -28.3780 	 -44.8171 	 16.7209 	 0.0000 	 0.0000 	 -0.0000
2.7555 	 -73.7769 	 -116.5323 	 43.6708 	 -28.3780 	 -44.8171 	 16.7209 	 0.0000 	 0.0000 	 -0.0000
2.7655 	 -74.0613 	 -116.9814 	 43.8384 	 -28.3780 	 -44.8171 	 16.7209 	 0.0000 	 0.0000 	 -0.0000
2.7756 	 -74.3456 	 -117.4304 	 44.0059 	 -28.3780 	 -44.8171 	 16.7209 	 0.0000 	 0.0000 	 -0.0000
2.7856 	 -74.6300 	 -117.8795 	 44.1735 	 -28.3780 	 -44.8171 	 16.7209 	 0.0000 	 0.0000 	 -0.0000
2.7956 	 -74.9143 	 -118.3286 	 44.3410 	 -28.3780 	 -44.8171 	 16.7209 	 0.0000 	 0.0000 	 -0.0000
2.8056 	 -75.1987 	 -118.7776 	 44.5086 	 -28.3780 	 -44.8171 	 16.7209 	 0.0000 	 0.0000 	 -0.0000
2.8156 	 -75.4830 	 -119.2267 	 44.6761 	 -28.3780 	 -44.8171 	 16.7209 	 0.0000 	 0.0000 	 -0.0000
2.8257 	 -75.7674 	 -119.6758 	 44.8436 	 -28.3780 	 -44.8171 	 16.7209 	 0.0000 	 0.0000 	 -0.0000
2.8357 	 -76.0517 	 -120.1249 	 45.0112 	 -28.3780 	 -44.8171 	 16.7209 	 0.0000 	 0.0000 	 -0.0000
2.8457 	 -76.3361 	 -120.5739 	 45.1787 	 -28.3780 	 -44.8171 	 16.7209 	 0.0000 	 0.0000 	 -0.0000
2.8557 	 -76.6204 	 -121.0230 	 45.3463 	 -28.3780 	 -44.8171 	 16.7209 	 0.0000 	 0.0000 	 -0.0000
2.8657 	 -76.9048 	 -121.4721 	 45.5138 	 -28.3780 	 -44.8171 	 16.7209 	 0.0000 	 0.0000 	 -0.0000
2.8758 	 -77.1891 	 -121.9211 	 45.6814 	 -28.3780 	 -44.8171 	 16.7209 	 0.0000 	 0.0000 	 -0.0000
2.8858 	 -77.4735 	 -122.3702 	 45.8489 	 -28.3780 	 -44.8171 	 16.7209 	 0.0000 	 0.0000 	 -0.0000
2.8958 	 -77.7578 	 -122.8193 	 46.0164 	 -28.3780 	 -44.8171 	 16.7209 	 0.0000 	 0.0000 	 -0.0000
2.9058 	 -78.0422 	 -123.2683 	 46.1840 	 -28.3780 	 -44.8171 	 16.7209 	 0.0000 	 0.0000 	 -0.0000
2.9158 	 -78.3265 	 -123.7174 	 46.3515 	 -28.3780 	 -44.8171 	 16.7209 	 0.0000 	 0.0000 	 -0.0000
2.9259 	 -78.6109 	 -124.1665 	 46.5191 	 -28.3780 	 -44.8171 	 16.7209 	 0.0000 	 0.0000 	 -0.0000
2.9359 	 -78.8952 	 -124.6155 	 46.6866 	 -28.3780 	 -44.8171 	 16.7209 	 0.0000 	 0.0000 	 -0.0000
2.9459 	 -79.1796 	 -125.0646 	 46.8542 	 -28.3780 	 -44.8171 	 16.7209 	 0.0000 	 0.0000 	 -0.0000
2.9559 	 -79.4639 	 -125.5137 	 47.0217 	 -28.3780 	 -44.8171 	 16.7209 	 0.0000 	 0.0000 	 -0.0000
2.9659 	 -79.7483 	 -125.9627 	 47.1893 	 -28.3780 	 -44.8171 	 16.7209 	 0.0000 	 0.0000 	 -0.0000
2.9760 	 -80.0326 	 -126.4118 	 47.3568 	 -28.3780 	 -44.8171 	 16.7209 	 0.0000 	 0.0000 	 -0.0000
2.9860 	 -80.3170 	 -126.8609 	 47.5243 	 -28.3780 	 -44.8171 	 16.7209 	 0.0000 	 0.0000 	 -0.0000
2.9960 	 -80.6013 	 -127.3100 	 47.6919 	 -28.3780 	 -44.8171 	 16.7209 	 0.0000 	 0.0000 	 -0.0000
3.0060 	 -80.8857 	 -127.7590 	 47.8594 	 -28.3780 	 -44.8171 	 16.7209 	 0.0000 	 0.0000 	 -0.0000
3.0160 	 -81.1700 	 -128.2081 	 48.0270 	 -28.3780 	 -44.8171 	 16.7209 	 0.0000 	 0.0000 	 -0.0000
3.0261 	 -81.4544 	 -128.6572 	 48.1945 	 -28.3780 	 -44.8171 	 16.7209 	 0.0000 	 0.0000 	 -0.0000
3.0361 	 -81.7387 	 -129.1062 	 48.3621 	 -28.3780 	 -44.8171 	 16.7209 	 0.0000 	 0.0000 	 -0.0000
3.0461 	 -82.0231 	 -129.5553 	 48.5296 	 -28.3780 	 -44.8171 	 16.7209 	 0.0000 	 0.0000 	 -0.0000
3.0561 	 -82.3074 	 -130.0044 	 48.6972 	 -28.3780 	 -44.8171 	 16.7209 	 0.0000 	 0.0000 	 -0.0000
3.0661 	 -82.5918 	 -130.4534 	 48.8647 	 -28.3780 	 -44.8171 	 16.7209 	 0.0000 	 0.0000 	 -0.0000
3.0762 	 -82.8761 	 -130.9025 	 49.0322 	 -28.3780 	 -44.8171 	 16.7209 	 0.0000 	 0.0000 	 -0.0000
3.0862 	 -83.1604 	 -131.3516 	 49.1998 	 -28.3780 	 -44.8171 	 16.7209 	 0.0000 	 0.0000 	 -0.0000
3.0962 	 -83.4448 	 -131.8006 	 49.3673 	 -28.3780 	 -44.8171 	 16.7209 	 0.0000 	 0.0000 	 -0.0000
3.1062 	 -83.7291 	 -132.2497 	 49.5349 	 -28.3780 	 -44.8171 	 16.7209 	 0.0000 	 0.0000 	 -0.0000
3.1162 	 -84.0135 	 -132.6988 	 49.7024 	 -28.3780 	 -44.8171 	 16.7209 	 0.0000 	 0.0000 	 -0.0000
3.1263 	 -84.2978 	 -133.1479 	 49.8700 	 -28.3780 	 -44.8171 	 16.7209 	 0.0000 	 0.0000 	 -0.0000
3.1363 	 -84.5822 	 -133.5969 	 50.0375 	 -28.3780 	 -44.8171 	 16.7209 	 0.0000 	 0.0000 	 -0.0000
3.1463 	 -84.8665 	 -134.0460 	 50.2050 	 -28.3780 	 -44.8171 	 16.7209 	 0.0000 	 0.0000 	 -0.0000
3.1563 	 -85.1509 	 -134.4951 	 50.3726 	 -28.3780 	 -44.8171 	 16.7209 	 0.0000 	 0.0000 	 -0.0000
3.1663 	 -85.4352 	 -134.9441 	 50.5401 	 -28.3780 	 -44.8171 	 16.7209 	 0.0000 	 0.0000 	 -0.0000
3.1764 	 -85.7196 	 -135.3932 	 50.7077 	 -28.3780 	 -44.8171 	 16.7209 	 0.0000 	 0.0000 	 -0.0000
3.1864 	 -86.0039 	 -135.8423 	 50.8752 	 -28.3780 	 -44.8171 	 16.7209 	 0.0000 	 0.0000 	 -0.0000
3.1964 	 -86.2883 	 -136.2913 	 51.0428 	 -28.3780 	 -44.8171 	 16.7209 	 0.0000 	 0.0000 	 -0.0000
3.2064 	 -86.5726 	 -136.7404 	 51.2103 	 -28.3780 	 -44.8171 	 16.7209 	 0.0000 	 0.0000 	 -0.0000
3.2164 	 -86.8570 	 -137.1895 	 51.3779 	 -28.3780 	 -44.8171 	 16.7209 	 0.0000 	 0.0000 	 -0.0000
3.2265 	 -87.1413 	 -137.6385 	 51.5454 	 -28.3780 	 -44.8171 	 16.7209 	 0.0000 	 0.0000 	 -0.0000
3.2365 	 -87.4257 	 -138.0876 	 51.7129 	 -28.3780 	 -44.8171 	 16.7209 	 0.0000 	 0.0000 	 -0.0000
3.2465 	 -87.7100 	 -138.5367 	 51.8805 	 -28.3780 	 -44.8171 	 16.7209 	 0.0000 	 0.0000 	 -0.0000
3.2565 	 -87.9944 	 -138.9857 	 52.0480 	 -28.3780 	 -44.8171 	 16.7209 	 0.0000 	 0.0000 	 -0.0000
3.2665 	 -88.2787 	 -139.4348 	 52.2156 	 -28.3780 	 -44.8171 	 16.7209 	 0.0000 	 0.0000 	 -0.0000
3.2766 	 -88.5631 	 -139.8839 	 52.3831 	 -28.3780 	 -44.8171 	 16.7209 	 0.0000 	 0.0000 	 -0.0000
3.2866 	 -88.8474 	 -140.3330 	 52.5507 	 -28.3780 	 -44.8171 	 16.7209 	 0.0000 	 0.0000 	 -0.0000
3.2966 	 -89.1318 	 -140.7820 	 52.7182 	 -28.3780 	 -44.8171 	 16.7209 	 0.0000 	 0.0000 	 -0.0000
3.3066 	 -89.4161 	 -141.2311 	 52.8857 	 -28.3780 	 -44.8171 	 16.7209 	 0.0000 	 0.0000 	 -0.0000
3.3166 	 -89.7005 	 -141.6802 	 53.0533 	 -28.3780 	 -44.8171 	 16.7209 	 0.0000 	 0.0000 	 -0.0000
3.3267 	 -89.9848 	 -142.1292 	 53.2208 	 -28.3780 	 -44.8171 	 16.7209 	 0.0000 	 0.0000 	 -0.0000
3.3367 	 -90.2692 	 -142.5783 	 53.3884 	 -28.3780 	 -44.8171 	 16.7209 	 0.0000 	 0.0000 	 -0.0000
3.3467 	 -90.5535 	 -143.0274 	 53.5559 	 -28.3780 	 -44.8171 	 16.7209 	 0.0000 	 0.0000 	 -0.0000
3.3567 	 -90.8379 	 -143.4764 	 53.7235 	 -28.3780 	 -44.8171 	 16.7209 	 0.0000 	 0.0000 	 -0.0000
3.3667 	 -91.1222 	 -143.9255 	 53.8910 	 -28.3780 	 -44.8171 	 16.7209 	 0.0000 	 0.0000 	 -0.0000
3.3768 	 -91.4066 	 -144.3746 	 54.0586 	 -28.3780 	 -44.8171 	 16.7209 	 0.0000 	 0.0000 	 -0.0000
3.3868 	 -91.6909 	 -144.8236 	 54.2261 	 -28.3780 	 -44.8171 	 16.7209 	 0.0000 	 0.0000 	 -0.0000
3.3968 	 -91.9753 	 -145.2727 	 54.3936 	 -28.3780 	 -44.8171 	 16.7209 	 0.0000 	 0.0000 	 -0.0000
3.4068 	 -92.2596 	 -145.7218 	 54.5612 	 -28.3780 	 -44.8171 	 16.7209 	 0.0000 	 0.0000 	 -0.0000
3.4168 	 -92.5440 	 -146.1709 	 54.7287 	 -28.3780 	 -44.8171 	 16.7209 	 0.0000 	 0.0000 	 -0.0000
3.4269 	 -92.8283 	 -146.6199 	 54.8963 	 -28.3780 	 -44.8171 	 16.7209 	 0.0000 	 0.0000 	 -0.0000
3.4369 	 -93.1127 	 -147.0690 	 55.0638 	 -28.3780 	 -44.8171 	 16.7209 	 0.0000 	 0.0000 	 -0.0000
3.4469 	 -93.3970 	 -147.5181 	 55.2314 	 -28.3780 	 -44.8171 	 16.7209 	 0.0000 	 0.0000 	 -0.0000
3.4569 	 -93.6813 	 -147.9671 	 55.3989 	 -28.3780 	 -44.8171 	 16.7209 	 0.0000 	 0.0000 	 -0.0000
3.4669 	 -93.9657 	 -148.4162 	 55.5664 	 -28.3780 	 -44.8171 	 16.7209 	 0.0000 	 0.0000 	 -0.0000
3.4770 	 -94.2500 	 -148.8653 	 55.7340 	 -28.3780 	 -44.8171 	 16.7209 	 0.0000 	 0.0000 	 -0.0000
3.4870 	 -94.5344 	 -149.3143 	 55.9015 	 -28.3780 	 -44.8171 	 16.7209 	 0.0000 	 0.0000 	 -0.0000
3.4970 	 -94.8187 	 -149.7634 	 56.0691 	 -28.3780 	 -44.8171 	 16.7209 	 0.0000 	 0.0000 	 -0.0000
3.5070 	 -95.1031 	 -150.2125 	 56.2366 	 -28.3780 	 -44.8171 	 16.7209 	 0.0000 	 0.0000 	 -0.0000
3.5170 	 -95.3874 	 -150.6615 	 56.4042 	 -28.3780 	 -44.8171 	 16.7209 	 0.0000 	 0.0000 	 -0.0000
3.5271 	 -95.6718 	 -151.1106 	 56.5717 	 -28.3780 	 -44.8171 	 16.7209 	 0.0000 	 0.0000 	 -0.0000
3.5371 	 -95.9561 	 -151.5597 	 56.7393 	 -28.3780 	 -44.8171 	 16.7209 	 0.0000 	 0.0000 	 -0.0000
3.5471 	 -96.2405 	 -152.0087 	 56.9068 	 -28.3780 	 -44.8171 	 16.7209 	 0.0000 	 0.0000 	 -0.0000
3.5571 	 -96.5248 	 -152.4578 	 57.0743 	 -28.3780 	 -44.8171 	 16.7209 	 0.0000 	 0.0000 	 -0.0000
3.5671 	 -96.8092 	 -152.9069 	 57.2419 	 -28.3780 	 -44.8171 	 16.7209 	 0.0000 	 0.0000 	 -0.0000
3.5772 	 -97.0935 	 -153.3560 	 57.4094 	 -28.3780 	 -44.8171 	 16.7209 	 0.0000 	 0.0000 	 -0.0000
3.5872 	 -97.3779 	 -153.8050 	 57.5770 	 -28.3780 	 -44.8171 	 16.7209 	 0.0000 	 0.0000 	 -0.0000
3.5972 	 -97.6622 	 -154.2541 	 57.7445 	 -28.3780 	 -44.8171 	 16.7209 	 0.0000 	 0.0000 	 -0.0000
3.6072 	 -97.9466 	 -154.7032 	 57.9121 	 -28.3780 	 -44.8171 	 16.7209 	 0.0000 	 0.0000 	 -0.0000
3.6172 	 -98.2309 	 -155.1522 	 58.0796 	 -28.3780 	 -44.8171 	 16.7209 	 0.0000 	 0.0000 	 -0.0000
3.6273 	 -98.5153 	 -155.6013 	 58.2471 	 -28.3780 	 -44.8171 	 16.7209 	 0.0000 	 0.0000 	 -0.0000
3.6373 	 -98.7996 	 -156.0504 	 58.4147 	 -28.3780 	 -44.8171 	 16.7209 	 0.0000 	 0.0000 	 -0.0000
3.6473 	 -99.0840 	 -156.4994 	 58.5822 	 -28.3780 	 -44.8171 	 16.7209 	 0.0000 	 0.0000 	 -0.0000
3.6573 	 -99.3683 	 -156.9485 	 58.7498 	 -28.3780 	 -44.8171 	 16.7209 	 0.0000 	 0.0000 	 -0.0000
3.6673 	 -99.6527 	 -157.3976 	 58.9173 	 -28.3780 	 -44.8171 	 16.7209 	 0.0000 	 0.0000 	 -0.0000
3.6774 	 -99.9370 	 -157.8466 	 59.0849 	 -28.3780 	 -44.8171 	 16.7209 	 0.0000 	 0.0000 	 -0.0000
3.6874 	 -100.2214 	 -158.2957 	 59.2524 	 -28.3780 	 -44.8171 	 16.7209 	 0.0000 	 0.0000 	 -0.0000
3.6974 	 -100.5057 	 -158.7448 	 59.4200 	 -28.3780 	 -44.8171 	 16.7209 	 0.0000 	 0.0000 	 -0.0000
3.7074 	 -100.7901 	 -159.1938 	 59.5875 	 -28.3780 	 -44.8171 	 16.7209 	 0.0000 	 0.0000 	 -0.0000
3.7174 	 -101.0744 	 -159.6429 	 59.7550 	 -28.3780 	 -44.8171 	 16.7209 	 0.0000 	 0.0000 	 -0.0000
3.7275 	 -101.3588 	 -160.0920 	 59.9226 	 -28.3780 	 -44.8171 	 16.7209 	 0.0000 	 0.0000 	 -0.0000
3.7375 	 -101.6431 	 -160.5411 	 60.0901 	 -28.3780 	 -44.8171 	 16.7209 	 0.0000 	 0.0000 	 -0.0000
3.7475 	 -101.9275 	 -160.9901 	 60.2577 	 -28.3780 	 -44.8171 	 16.7209 	 0.0000 	 0.0000 	 -0.0000
3.7575 	 -102.2118 	 -161.4392 	 60.4252 	 -28.3780 	 -44.8171 	 16.7209 	 0.0000 	 0.0000 	 -0.0000
3.7675 	 -102.4962 	 -161.8883 	 60.5928 	 -28.3780 	 -44.8171 	 16.7209 	 0.0000 	 0.0000 	 -0.0000
3.7776 	 -102.7805 	 -162.3373 	 60.7603 	 -28.3780 	 -44.8171 	 16.7209 	 0.0000 	 0.0000 	 -0.0000
3.7876 	 -103.0649 	 -162.7864 	 60.9278 	 -28.3780 	 -44.8171 	 16.7209 	 0.0000 	 0.0000 	 -0.0000
3.7976 	 -103.3492 	 -163.2355 	 61.0954 	 -28.3780 	 -44.8171 	 16.7209 	 0.0000 	 0.0000 	 -0.0000
3.8076 	 -103.6335 	 -163.6845 	 61.2629 	 -28.3780 	 -44.8171 	 16.7209 	 0.0000 	 0.0000 	 -0.0000
3.8176 	 -103.9179 	 -164.1336 	 61.4305 	 -28.3780 	 -44.8171 	 16.7209 	 0.0000 	 0.0000 	 -0.0000
3.8277 	 -104.2022 	 -164.5827 	 61.5980 	 -28.3780 	 -44.8171 	 16.7209 	 0.0000 	 0.0000 	 -0.0000
3.8377 	 -104.4866 	 -165.0317 	 61.7656 	 -28.3780 	 -44.8171 	 16.7209 	 0.0000 	 0.0000 	 -0.0000
3.8477 	 -104.7709 	 -165.4808 	 61.9331 	 -28.3780 	 -44.8171 	 16.7209 	 0.0000 	 0.0000 	 -0.0000
3.8577 	 -105.0553 	 -165.9299 	 62.1007 	 -28.3780 	 -44.8171 	 16.7209 	 0.0000 	 0.0000 	 -0.0000
3.8677 	 -105.3396 	 -166.3790 	 62.2682 	 -28.3780 	 -44.8171 	 16.7209 	 0.0000 	 0.0000 	 -0.0000
3.8778 	 -105.6240 	 -166.8280 	 62.4357 	 -28.3780 	 -44.8171 	 16.7209 	 0.0000 	 0.0000 	 -0.0000
3.8878 	 -105.9083 	 -167.2771 	 62.6033 	 -28.3780 	 -44.8171 	 16.7209 	 0.0000 	 0.0000 	 -0.0000
3.8978 	 -106.1927 	 -167.7262 	 62.7708 	 -28.3780 	 -44.8171 	 16.7209 	 0.0000 	 0.0000 	 -0.0000
3.9078 	 -106.4770 	 -168.1752 	 62.9384 	 -28.3780 	 -44.8171 	 16.7209 	 0.0000 	 0.0000 	 -0.0000
3.9178 	 -106.7614 	 -168.6243 	 63.1059 	 -28.3780 	 -44.8171 	 16.7209 	 0.0000 	 0.0000 	 -0.0000
3.9279 	 -107.0457 	 -169.0734 	 63.2735 	 -28.3780 	 -44.8171 	 16.7209 	 0.0000 	 0.0000 	 -0.0000
3.9379 	 -107.3301 	 -169.5224 	 63.4410 	 -28.3780 	 -44.8171 	 16.7209 	 0.0000 	 0.0000 	 -0.0000
3.9479 	 -107.6144 	 -169.9715 	 63.6086 	 -28.3780 	 -44.8171 	 16.7209 	 0.0000 	 0.0000 	 -0.0000
3.9579 	 -107.8988 	 -170.4206 	 63.7761 	 -28.3780 	 -44.8171 	 16.7209 	 0.0000 	 0.0000 	 -0.0000
3.9679 	 -108.1831 	 -170.8696 	 63.9436 	 -28.3780 	 -44.8171 	 16.7209 	 0.0000 	 0.0000 	 -0.0000
3.9780 	 -108.4675 	 -171.3187 	 64.1112 	 -28.3780 	 -44.8171 	 16.7209 	 0.0000 	 0.0000 	 -0.0000
3.9880 	 -108.7518 	 -171.7678 	 64.2787 	 -28.3780 	 -44.8171 	 16.7209 	 0.0000 	 0.0000 	 -0.0000
3.9980 	 -109.0362 	 -172.2168 	 64.4463 	 -28.3780 	 -44.8171 	 16.7209 	 0.0000 	 0.0000 	 -0.0000
4.0080 	 -109.3205 	 -172.6659 	 64.6138 	 -28.3780 	 -44.8171 	 16.7209 	 0.0000 	 0.0000 	 -0.0000
4.0180 	 -109.6049 	 -173.1150 	 64.7814 	 -28.3780 	 -44.8171 	 16.7209 	 0.0000 	 0.0000 	 -0.0000
4.0281 	 -109.8892 	 -173.5641 	 64.9489 	 -28.3780 	 -44.8171 	 16.7209 	 0.0000 	 0.0000 	 -0.0000
4.0381 	 -110.1736 	 -174.0131 	 65.1164 	 -28.3780 	 -44.8171 	 16.7209 	 0.0000 	 0.0000 	 -0.0000
4.0481 	 -110.4579 	 -174.4622 	 65.2840 	 -28.3780 	 -44.8171 	 16.7209 	 0.0000 	 0.0000 	 -0.0000
4.0581 	 -110.7423 	 -174.9113 	 65.4515 	 -28.3780 	 -44.8171 	 16.7209 	 0.0000 	 0.0000 	 -0.0000
4.0681 	 -111.0266 	 -175.3603 	 65.6191 	 -28.3780 	 -44.8171 	 16.7209 	 0.0000 	 0.0000 	 -0.0000
4.0782 	 -111.3110 	 -175.8094 	 65.7866 	 -28.3780 	 -44.8171 	 16.7209 	 0.0000 	 0.0000 	 -0.0000
4.0882 	 -111.5953 	 -176.2585 	 65.9542 	 -28.3780 	 -44.8171 	 16.7209 	 0.0000 	 0.0000 	 -0.0000
4.0982 	 -111.8797 	 -176.7075 	 66.1217 	 -28.3780 	 -44.8171 	 16.7209 	 0.0000 	 0.0000 	 -0.0000
4.1082 	 -112.1640 	 -177.1566 	 66.2893 	 -28.3780 	 -44.8171 	 16.7209 	 0.0000 	 0.0000 	 -0.0000
4.1182 	 -112.4484 	 -177.6057 	 66.4568 	 -28.3780 	 -44.8171 	 16.7209 	 0.0000 	 0.0000 	 -0.0000
4.1283 	 -112.7327 	 -178.0547 	 66.6243 	 -28.3780 	 -44.8171 	 16.7209 	 0.0000 	 0.0000 	 -0.0000
4.1383 	 -113.0171 	 -178.5038 	 66.7919 	 -28.3780 	 -44.8171 	 16.7209 	 0.0000 	 0.0000 	 -0.0000
4.1483 	 -113.3014 	 -178.9529 	 66.9594 	 -28.3780 	 -44.8171 	 16.7209 	 0.0000 	 0.0000 	 -0.0000
4.1583 	 -113.5858 	 -179.4019 	 67.1270 	 -28.3780 	 -44.8171 	 16.7209 	 0.0000 	 0.0000 	 -0.0000
4.1683 	 -113.8701 	 -179.8510 	 67.2945 	 -28.3780 	 -44.8171 	 16.7209 	 0.0000 	 0.0000 	 -0.0000
4.1784 	 -114.1544 	 -180.3001 	 67.4621 	 -28.3780 	 -44.8171 	 16.7209 	 0.0000 	 0.0000 	 -0.0000
4.1884 	 -114.4388 	 -180.7492 	 67.6296 	 -28.3780 	 -44.8171 	 16.7209 	 0.0000 	 0.0000 	 -0.0000
4.1984 	 -114.7231 	 -181.1982 	 67.7971 	 -28.3780 	 -44.8171 	 16.7209 	 0.0000 	 0.0000 	 -0.0000
4.2084 	 -115.0075 	 -181.6473 	 67.9647 	 -28.3780 	 -44.8171 	 16.7209 	 0.0000 	 0.0000 	 -0.0000
4.2184 	 -115.2918 	 -182.0964 	 68.1322 	 -28.3780 	 -44.8171 	 16.7209 	 0.0000 	 0.0000 	 -0.0000
4.2285 	 -115.5762 	 -182.5454 	 68.2998 	 -28.3780 	 -44.8171 	 16.7209 	 0.0000 	 0.0000 	 -0.0000
4.2385 	 -115.8605 	 -182.9945 	 68.4673 	 -28.3780 	 -44.8171 	 16.7209 	 0.0000 	 0.0000 	 -0.0000
4.2485 	 -116.1449 	 -183.4436 	 68.6349 	 -28.3780 	 -44.8171 	 16.7209 	 0.0000 	 0.0000 	 -0.0000
4.2585 	 -116.4292 	 -183.8926 	 68.8024 	 -28.3780 	 -44.8171 	 16.7209 	 0.0000 	 0.0000 	 -0.0000
4.2685 	 -116.7136 	 -184.3417 	 68.9700 	 -28.3780 	 -44.8171 	 16.7209 	 0.0000 	 0.0000 	 -0.0000
4.2786 	 -116.9979 	 -184.7908 	 69.1375 	 -28.3780 	 -44.8171 	 16.7209 	 0.0000 	 0.0000 	 -0.0000
4.2886 	 -117.2823 	 -185.2398 	 69.3050 	 -28.3780 	 -44.8171 	 16.7209 	 0.0000 	 0.0000 	 -0.0000
4.2986 	 -117.5666 	 -185.6889 	 69.4726 	 -28.3780 	 -44.8171 	 16.7209 	 0.0000 	 0.0000 	 -0.0000
4.3086 	 -117.8510 	 -186.1380 	 69.6401 	 -28.3780 	 -44.8171 	 16.7209 	 0.0000 	 0.0000 	 -0.0000
4.3186 	 -118.1353 	 -186.5871 	 69.8077 	 -28.3780 	 -44.8171 	 16.7209 	 0.0000 	 0.0000 	 -0.0000
4.3287 	 -118.4197 	 -187.0361 	 69.9752 	 -28.3780 	 -44.8171 	 16.7209 	 0.0000 	 0.0000 	 -0.0000
4.3387 	 -118.7040 	 -187.4852 	 70.1428 	 -28.3780 	 -44.8171 	 16.7209 	 0.0000 	 0.0000 	 -0.0000
4.3487 	 -118.9884 	 -187.9343 	 70.3103 	 -28.3780 	 -44.8171 	 16.7209 	 0.0000 	 0.0000 	 -0.0000
4.3587 	 -119.2727 	 -188.3833 	 70.4778 	 -28.3780 	 -44.8171 	 16.7209 	 0.0000 	 0.0000 	 -0.0000
4.3687 	 -119.5571 	 -188.8324 	 70.6454 	 -28.3780 	 -44.8171 	 16.7209 	 0.0000 	 0.0000 	 -0.0000
4.3788 	 -119.8414 	 -189.2815 	 70.8129 	 -28.3780 	 -44.8171 	 16.7209 	 0.0000 	 0.0000 	 -0.0000
4.3888 	 -120.1258 	 -189.7305 	 70.9805 	 -28.3780 	 -44.8171 	 16.7209 	 0.0000 	 0.0000 	 -0.0000
4.3988 	 -120.4101 	 -190.1796 	 71.1480 	 -28.3780 	 -44.8171 	 16.7209 	 0.0000 	 0.0000 	 -0.0000
4.4088 	 -120.6945 	 -190.6287 	 71.3156 	 -28.3780 	 -44.8171 	 16.7209 	 0.0000 	 0.0000 	 -0.0000
4.4188 	 -120.9788 	 -191.0777 	 71.4831 	 -28.3780 	 -44.8171 	 16.7209 	 0.0000 	 0.0000 	 -0.0000
4.4289 	 -121.2632 	 -191.5268 	 71.6507 	 -28.3780 	 -44.8171 	 16.7209 	 0.0000 	 0.0000 	 -0.0000
4.4389 	 -121.5475 	 -191.9759 	 71.8182 	 -28.3780 	 -44.8171 	 16.7209 	 0.0000 	 0.0000 	 -0.0000
4.4489 	 -121.8319 	 -192.4249 	 71.9857 	 -28.3780 	 -44.8171 	 16.7209 	 0.0000 	 0.0000 	 -0.0000
4.4589 	 -122.1162 	 -192.8740 	 72.1533 	 -28.3780 	 -44.8171 	 16.7209 	 0.0000 	 0.0000 	 -0.0000
4.4689 	 -122.4006 	 -193.3231 	 72.3208 	 -28.3780 	 -44.8171 	 16.7209 	 0.0000 	 0.0000 	 -0.0000
4.4790 	 -122.6849 	 -193.7722 	 72.4884 	 -28.3780 	 -44.8171 	 16.7209 	 0.0000 	 0.0000 	 -0.0000
4.4890 	 -122.9693 	 -194.2212 	 72.6559 	 -28.3780 	 -44.8171 	 16.7209 	 0.0000 	 0.0000 	 -0.0000
4.4990 	 -123.2536 	 -194.6703 	 72.8235 	 -28.3780 	 -44.8171 	 16.7209 	 0.0000 	 0.0000 	 -0.0000
4.5090 	 -123.5380 	 -195.1194 	 72.9910 	 -28.3780 	 -44.8171 	 16.7209 	 0.0000 	 0.0000 	 -0.0000
4.5190 	 -123.8223 	 -195.5684 	 73.1585 	 -28.3780 	 -44.8171 	 16.7209 	 0.0000 	 0.0000 	 -0.0000
4.5291 	 -124.1066 	 -196.0175 	 73.3261 	 -28.3780 	 -44.8171 	 16.7209 	 0.0000 	 0.0000 	 -0.0000
4.5391 	 -124.3910 	 -196.4666 	 73.4936 	 -28.3780 	 -44.8171 	 16.7209 	 0.0000 	 0.0000 	 -0.0000
4.5491 	 -124.6753 	 -196.9156 	 73.6612 	 -28.3780 	 -44.8171 	 16.7209 	 0.0000 	 0.0000 	 -0.0000
4.5591 	 -124.9597 	 -197.3647 	 73.8287 	 -28.3780 	 -44.8171 	 16.7209 	 0.0000 	 0.0000 	 -0.0000
4.5691 	 -125.2440 	 -197.8138 	 73.9963 	 -28.3780 	 -44.8171 	 16.7209 	 0.0000 	 0.0000 	 -0.0000
4.5792 	 -125.5284 	 -198.2628 	 74.1638 	 -28.3780 	 -44.8171 	 16.7209 	 0.0000 	 0.0000 	 -0.0000
4.5892 	 -125.8127 	 -198.7119 	 74.3314 	 -28.3780 	 -44.8171 	 16.7209 	 0.0000 	 0.0000 	 -0.0000
4.5992 	 -126.0971 	 -199.1610 	 74.4989 	 -28.3780 	 -44.8171 	 16.7209 	 0.0000 	 0.0000 	 -0.0000
4.6092 	 -126.3814 	 -199.6100 	 74.6664 	 -28.3780 	 -44.8171 	 16.7209 	 0.0000 	 0.0000 	 -0.0000
4.6192 	 -126.6658 	 -200.0591 	 74.8340 	 -28.3780 	 -44.8171 	 16.7209 	 0.0000 	 0.0000 	 -0.0000
4.6293 	 -126.9501 	 -200.5082 	 75.0015 	 -28.3780 	 -44.8171 	 16.7209 	 0.0000 	 0.0000 	 -0.0000
4.6393 	 -127.2345 	 -200.9573 	 75.1691 	 -28.3780 	 -44.8171 	 16.7209 	 0.0000 	 0.0000 	 -0.0000
4.6493 	 -127.5188 	 -201.4063 	 75.3366 	 -28.3780 	 -44.8171 	 16.7209 	 0.0000 	 0.0000 	 -0.0000
4.6593 	 -127.8032 	 -201.8554 	 75.5042 	 -28.3780 	 -44.8171 	 16.7209 	 0.0000 	 0.0000 	 -0.0000
4.6693 	 -128.0875 	 -202.3045 	 75.6717 	 -28.3780 	 -44.8171 	 16.7209 	 0.0000 	 0.0000 	 -0.0000
4.6794 	 -128.3719 	 -202.7535 	 75.8392 	 -28.3780 	 -44.8171 	 16.7209 	 0.0000 	 0.0000 	 -0.0000
4.6894 	 -128.6562 	 -203.2026 	 76.0068 	 -28.3780 	 -44.8171 	 16.7209 	 0.0000 	 0.0000 	 -0.0000
4.6994 	 -128.9406 	 -203.6517 	 76.1743 	 -28.3780 	 -44.8171 	 16.7209 	 0.0000 	 0.0000 	 -0.0000
4.7094 	 -129.2249 	 -204.1007 	 76.3419 	 -28.3780 	 -44.8171 	 16.7209 	 0.0000 	 0.0000 	 -0.0000
4.7194 	 -129.5093 	 -204.5498 	 76.5094 	 -28.3780 	 -44.8171 	 16.7209 	 0.0000 	 0.0000 	 -0.0000
4.7295 	 -129.7936 	 -204.9989 	 76.6770 	 -28.3780 	 -44.8171 	 16.7209 	 0.0000 	 0.0000 	 -0.0000
4.7395 	 -130.0780 	 -205.4479 	 76.8445 	 -28.3780 	 -44.8171 	 16.7209 	 0.0000 	 0.0000 	 -0.0000
4.7495 	 -130.3623 	 -205.8970 	 77.0121 	 -28.3780 	 -44.8171 	 16.7209 	 0.0000 	 0.0000 	 -0.0000
4.7595 	 -130.6467 	 -206.3461 	 77.1796 	 -28.3780 	 -44.8171 	 16.7209 	 0.0000 	 0.0000 	 -0.0000
4.7695 	 -130.9310 	 -206.7951 	 77.3471 	 -28.3780 	 -44.8171 	 16.7209 	 0.0000 	 0.0000 	 -0.0000
4.7796 	 -131.2154 	 -207.2442 	 77.5147 	 -28.3780 	 -44.8171 	 16.7209 	 0.0000 	 0.0000 	 -0.0000
4.7896 	 -131.4997 	 -207.6933 	 77.6822 	 -28.3780 	 -44.8171 	 16.7209 	 0.0000 	 0.0000 	 -0.0000
4.7996 	 -131.7841 	 -208.1424 	 77.8498 	 -28.3780 	 -44.8171 	 16.7209 	 0.0000 	 0.0000 	 -0.0000
4.8096 	 -132.0684 	 -208.5914 	 78.0173 	 -28.3780 	 -44.8171 	 16.7209 	 0.0000 	 0.0000 	 -0.0000
4.8196 	 -132.3528 	 -209.0405 	 78.1849 	 -28.3780 	 -44.8171 	 16.7209 	 0.0000 	 0.0000 	 -0.0000
4.8297 	 -132.6371 	 -209.4896 	 78.3524 	 -28.3780 	 -44.8171 	 16.7209 	 0.0000 	 0.0000 	 -0.0000
4.8397 	 -132.9215 	 -209.9386 	 78.5199 	 -28.3780 	 -44.8171 	 16.7209 	 0.0000 	 0.0000 	 -0.0000
4.8497 	 -133.2058 	 -210.3877 	 78.6875 	 -28.3780 	 -44.8171 	 16.7209 	 0.0000 	 0.0000 	 -0.0000
4.8597 	 -133.4902 	 -210.8368 	 78.8550 	 -28.3780 	 -44.8171 	 16.7209 	 0.0000 	 0.0000 	 -0.0000
4.8697 	 -133.7745 	 -211.2858 	 79.0226 	 -28.3780 	 -44.8171 	 16.7209 	 0.0000 	 0.0000 	 -0.0000
4.8798 	 -134.0588 	 -211.7349 	 79.1901 	 -28.3780 	 -44.8171 	 16.7209 	 0.0000 	 0.0000 	 -0.0000
4.8898 	 -134.3432 	 -212.1840 	 79.3577 	 -28.3780 	 -44.8171 	 16.7209 	 0.0000 	 0.0000 	 -0.0000
4.8998 	 -134.6275 	 -212.6330 	 79.5252 	 -28.3780 	 -44.8171 	 16.7209 	 0.0000 	 0.0000 	 -0.0000
4.9098 	 -134.9119 	 -213.0821 	 79.6928 	 -28.3780 	 -44.8171 	 16.7209 	 0.0000 	 0.0000 	 -0.0000
4.9198 	 -135.1962 	 -213.5312 	 79.8603 	 -28.3780 	 -44.8171 	 16.7209 	 0.0000 	 0.0000 	 -0.0000
4.9299 	 -135.4806 	 -213.9803 	 80.0278 	 -28.3780 	 -44.8171 	 16.7209 	 0.0000 	 0.0000 	 -0.0000
4.9399 	 -135.7649 	 -214.4293 	 80.1954 	 -28.3780 	 -44.8171 	 16.7209 	 0.0000 	 0.0000 	 -0.0000
4.9499 	 -136.0493 	 -214.8784 	 80.3629 	 -28.3780 	 -44.8171 	 16.7209 	 0.0000 	 0.0000 	 -0.0000
4.9599 	 -136.3336 	 -215.3275 	 80.5305 	 -28.3780 	 -44.8171 	 16.7209 	 0.0000 	 0.0000 	 -0.0000
4.9699 	 -136.6180 	 -215.7765 	 80.6980 	 -28.3780 	 -44.8171 	 16.7209 	 0.0000 	 0.0000 	 -0.0000
4.9800 	 -136.9023 	 -216.2256 	 80.8656 	 -28.3780 	 -44.8171 	 16.7209 	 0.0000 	 0.0000 	 -0.0000
4.9900 	 -137.1867 	 -216.6747 	 81.0331 	 -28.3780 	 -44.8171 	 16.7209 	 0.0000 	 0.0000 	 -0.0000
