100-Body Run with i = 21 th particle. (Units in pc,M_solar,Myr, km s-1) 

time		 x 		 y 		 z 		 xdot 		 ydot 		 zdot 		 xddot 		 yddot 		 zddot
0.0000 	 -0.0021 	 0.0007 	 -0.0486 	 -0.1861 	 0.0825 	 -0.4820 	 -107.8189 	 35.0717 	 -272.1355
0.0100 	 0.0048 	 -0.0022 	 -0.0298 	 1.3182 	 -0.5857 	 3.6747 	 -4.7027 	 2.5390 	 12.7953
0.0200 	 0.0169 	 -0.0075 	 0.0066 	 1.0881 	 -0.4732 	 3.6174 	 -3.7738 	 1.8162 	 -4.4640
0.0301 	 0.0277 	 -0.0122 	 0.0429 	 1.0653 	 -0.4612 	 3.6151 	 -2.6819 	 1.5840 	 2.9022
0.0401 	 0.0380 	 -0.0166 	 0.0793 	 1.0117 	 -0.4253 	 3.6506 	 -7.6646 	 5.9765 	 1.6129
0.0501 	 0.0479 	 -0.0207 	 0.1158 	 0.9577 	 -0.3874 	 3.6391 	 -3.2873 	 1.7020 	 -1.3185
0.0601 	 0.0574 	 -0.0246 	 0.1522 	 0.9308 	 -0.3763 	 3.6326 	 -2.3882 	 0.8863 	 -0.1999
0.0701 	 0.0666 	 -0.0283 	 0.1886 	 0.9079 	 -0.3664 	 3.6318 	 -2.1850 	 1.1264 	 -0.0978
0.0802 	 0.0756 	 -0.0319 	 0.2250 	 0.8886 	 -0.3545 	 3.6294 	 -1.5807 	 1.1963 	 -0.3271
0.0902 	 0.0845 	 -0.0354 	 0.2613 	 0.8760 	 -0.3421 	 3.6261 	 -0.9956 	 1.2985 	 -0.3713
0.1002 	 0.0932 	 -0.0388 	 0.2976 	 0.8672 	 -0.3292 	 3.6210 	 -0.8066 	 1.1978 	 -0.6359
0.1102 	 0.1019 	 -0.0420 	 0.3339 	 0.8595 	 -0.3191 	 3.6145 	 -0.7457 	 0.8215 	 -0.6019
0.1202 	 0.1104 	 -0.0452 	 0.3701 	 0.8523 	 -0.3123 	 3.6094 	 -0.6755 	 0.5735 	 -0.4329
0.1303 	 0.1190 	 -0.0483 	 0.4062 	 0.8463 	 -0.3071 	 3.6056 	 -0.5082 	 0.4780 	 -0.3228
0.1403 	 0.1274 	 -0.0513 	 0.4423 	 0.8428 	 -0.3021 	 3.6028 	 -0.1626 	 0.5425 	 -0.2538
0.1503 	 0.1359 	 -0.0543 	 0.4784 	 0.8432 	 -0.2958 	 3.5997 	 0.2169 	 0.7418 	 -0.4324
0.1603 	 0.1443 	 -0.0572 	 0.5145 	 0.8453 	 -0.2877 	 3.5932 	 0.1087 	 0.8130 	 -0.8349
0.1703 	 0.1528 	 -0.0601 	 0.5504 	 0.8448 	 -0.2801 	 3.5843 	 -0.1777 	 0.6773 	 -0.8845
0.1804 	 0.1612 	 -0.0629 	 0.5863 	 0.8425 	 -0.2741 	 3.5761 	 -0.2602 	 0.5355 	 -0.7513
0.1904 	 0.1697 	 -0.0656 	 0.6221 	 0.8399 	 -0.2692 	 3.5692 	 -0.2516 	 0.4508 	 -0.6218
0.2004 	 0.1781 	 -0.0683 	 0.6578 	 0.8375 	 -0.2650 	 3.5635 	 -0.2197 	 0.4042 	 -0.5324
0.2104 	 0.1865 	 -0.0709 	 0.6935 	 0.8355 	 -0.2611 	 3.5585 	 -0.1802 	 0.3756 	 -0.4731
0.2204 	 0.1948 	 -0.0735 	 0.7291 	 0.8339 	 -0.2574 	 3.5539 	 -0.1421 	 0.3546 	 -0.4314
0.2305 	 0.2032 	 -0.0761 	 0.7647 	 0.8327 	 -0.2539 	 3.5498 	 -0.1132 	 0.3352 	 -0.3999
0.2405 	 0.2115 	 -0.0786 	 0.8003 	 0.8316 	 -0.2507 	 3.5459 	 -0.0967 	 0.3135 	 -0.3730
0.2505 	 0.2198 	 -0.0811 	 0.8358 	 0.8307 	 -0.2477 	 3.5423 	 -0.0910 	 0.2893 	 -0.3463
0.2605 	 0.2282 	 -0.0836 	 0.8713 	 0.8298 	 -0.2449 	 3.5390 	 -0.0919 	 0.2653 	 -0.3184
0.2705 	 0.2365 	 -0.0860 	 0.9067 	 0.8288 	 -0.2423 	 3.5359 	 -0.0959 	 0.2435 	 -0.2910
0.2806 	 0.2448 	 -0.0884 	 0.9421 	 0.8278 	 -0.2400 	 3.5331 	 -0.1010 	 0.2238 	 -0.2664
0.2906 	 0.2531 	 -0.0908 	 0.9775 	 0.8268 	 -0.2379 	 3.5306 	 -0.1061 	 0.2044 	 -0.2452
0.3006 	 0.2613 	 -0.0932 	 1.0129 	 0.8257 	 -0.2359 	 3.5282 	 -0.1109 	 0.1845 	 -0.2265
0.3106 	 0.2696 	 -0.0955 	 1.0482 	 0.8246 	 -0.2342 	 3.5260 	 -0.1151 	 0.1642 	 -0.2091
0.3206 	 0.2779 	 -0.0979 	 1.0836 	 0.8234 	 -0.2326 	 3.5240 	 -0.1189 	 0.1448 	 -0.1927
0.3307 	 0.2861 	 -0.1002 	 1.1189 	 0.8222 	 -0.2313 	 3.5222 	 -0.1224 	 0.1271 	 -0.1780
0.3407 	 0.2943 	 -0.1025 	 1.1541 	 0.8210 	 -0.2301 	 3.5204 	 -0.1257 	 0.1113 	 -0.1661
0.3507 	 0.3026 	 -0.1048 	 1.1894 	 0.8197 	 -0.2290 	 3.5188 	 -0.1284 	 0.0972 	 -0.1582
0.3607 	 0.3108 	 -0.1071 	 1.2247 	 0.8184 	 -0.2281 	 3.5173 	 -0.1301 	 0.0844 	 -0.1548
0.3707 	 0.3190 	 -0.1094 	 1.2599 	 0.8171 	 -0.2273 	 3.5157 	 -0.1304 	 0.0729 	 -0.1559
0.3808 	 0.3271 	 -0.1117 	 1.2951 	 0.8158 	 -0.2267 	 3.5141 	 -0.1291 	 0.0631 	 -0.1611
0.3908 	 0.3353 	 -0.1139 	 1.3303 	 0.8145 	 -0.2261 	 3.5125 	 -0.1262 	 0.0556 	 -0.1690
0.4008 	 0.3435 	 -0.1162 	 1.3655 	 0.8133 	 -0.2255 	 3.5107 	 -0.1217 	 0.0511 	 -0.1782
0.4108 	 0.3516 	 -0.1184 	 1.4007 	 0.8121 	 -0.2250 	 3.5089 	 -0.1160 	 0.0493 	 -0.1871
0.4208 	 0.3597 	 -0.1207 	 1.4358 	 0.8109 	 -0.2245 	 3.5070 	 -0.1095 	 0.0495 	 -0.1942
0.4309 	 0.3679 	 -0.1229 	 1.4709 	 0.8099 	 -0.2240 	 3.5050 	 -0.1027 	 0.0503 	 -0.1989
0.4409 	 0.3760 	 -0.1252 	 1.5061 	 0.8089 	 -0.2235 	 3.5030 	 -0.0960 	 0.0509 	 -0.2009
0.4509 	 0.3841 	 -0.1274 	 1.5411 	 0.8080 	 -0.2230 	 3.5010 	 -0.0897 	 0.0506 	 -0.2004
0.4609 	 0.3922 	 -0.1297 	 1.5762 	 0.8071 	 -0.2225 	 3.4990 	 -0.0839 	 0.0494 	 -0.1978
0.4709 	 0.4002 	 -0.1319 	 1.6113 	 0.8063 	 -0.2220 	 3.4970 	 -0.0785 	 0.0472 	 -0.1935
0.4810 	 0.4083 	 -0.1341 	 1.6463 	 0.8055 	 -0.2216 	 3.4951 	 -0.0736 	 0.0444 	 -0.1880
0.4910 	 0.4164 	 -0.1363 	 1.6813 	 0.8048 	 -0.2211 	 3.4933 	 -0.0690 	 0.0414 	 -0.1816
0.5010 	 0.4244 	 -0.1385 	 1.7163 	 0.8041 	 -0.2207 	 3.4915 	 -0.0647 	 0.0382 	 -0.1747
0.5110 	 0.4325 	 -0.1407 	 1.7513 	 0.8035 	 -0.2204 	 3.4898 	 -0.0599 	 0.0351 	 -0.1643
0.5210 	 0.4406 	 -0.1430 	 1.7862 	 0.8029 	 -0.2200 	 3.4882 	 -0.0562 	 0.0320 	 -0.1569
0.5311 	 0.4486 	 -0.1452 	 1.8212 	 0.8024 	 -0.2197 	 3.4866 	 -0.0527 	 0.0293 	 -0.1500
0.5411 	 0.4566 	 -0.1474 	 1.8561 	 0.8019 	 -0.2194 	 3.4852 	 -0.0494 	 0.0269 	 -0.1434
0.5511 	 0.4647 	 -0.1496 	 1.8910 	 0.8014 	 -0.2192 	 3.4838 	 -0.0464 	 0.0247 	 -0.1370
0.5611 	 0.4727 	 -0.1517 	 1.9259 	 0.8009 	 -0.2190 	 3.4824 	 -0.0435 	 0.0227 	 -0.1309
0.5711 	 0.4807 	 -0.1539 	 1.9608 	 0.8005 	 -0.2187 	 3.4811 	 -0.0409 	 0.0209 	 -0.1251
0.5812 	 0.4887 	 -0.1561 	 1.9957 	 0.8001 	 -0.2185 	 3.4799 	 -0.0385 	 0.0193 	 -0.1196
0.5912 	 0.4967 	 -0.1583 	 2.0306 	 0.7997 	 -0.2183 	 3.4787 	 -0.0363 	 0.0179 	 -0.1144
0.6012 	 0.5048 	 -0.1605 	 2.0654 	 0.7994 	 -0.2182 	 3.4776 	 -0.0342 	 0.0166 	 -0.1096
0.6112 	 0.5128 	 -0.1627 	 2.1002 	 0.7990 	 -0.2180 	 3.4765 	 -0.0324 	 0.0154 	 -0.1050
0.6212 	 0.5208 	 -0.1649 	 2.1351 	 0.7987 	 -0.2179 	 3.4755 	 -0.0306 	 0.0144 	 -0.1007
0.6313 	 0.5288 	 -0.1671 	 2.1699 	 0.7984 	 -0.2177 	 3.4745 	 -0.0290 	 0.0134 	 -0.0966
0.6413 	 0.5368 	 -0.1692 	 2.2047 	 0.7982 	 -0.2176 	 3.4736 	 -0.0275 	 0.0126 	 -0.0928
0.6513 	 0.5448 	 -0.1714 	 2.2395 	 0.7979 	 -0.2175 	 3.4727 	 -0.0261 	 0.0118 	 -0.0892
0.6613 	 0.5528 	 -0.1736 	 2.2743 	 0.7976 	 -0.2174 	 3.4718 	 -0.0249 	 0.0111 	 -0.0858
0.6713 	 0.5608 	 -0.1758 	 2.3091 	 0.7974 	 -0.2173 	 3.4709 	 -0.0237 	 0.0104 	 -0.0826
0.6814 	 0.5687 	 -0.1780 	 2.3439 	 0.7972 	 -0.2172 	 3.4701 	 -0.0224 	 0.0097 	 -0.0796
0.6914 	 0.5767 	 -0.1801 	 2.3786 	 0.7969 	 -0.2171 	 3.4693 	 -0.0207 	 0.0086 	 -0.0764
0.7014 	 0.5847 	 -0.1823 	 2.4134 	 0.7967 	 -0.2170 	 3.4686 	 -0.0196 	 0.0080 	 -0.0728
0.7114 	 0.5927 	 -0.1845 	 2.4481 	 0.7965 	 -0.2169 	 3.4679 	 -0.0189 	 0.0077 	 -0.0699
0.7214 	 0.6007 	 -0.1866 	 2.4829 	 0.7964 	 -0.2168 	 3.4672 	 -0.0182 	 0.0073 	 -0.0674
0.7315 	 0.6087 	 -0.1888 	 2.5176 	 0.7962 	 -0.2167 	 3.4665 	 -0.0175 	 0.0070 	 -0.0651
0.7415 	 0.6166 	 -0.1910 	 2.5523 	 0.7960 	 -0.2167 	 3.4659 	 -0.0169 	 0.0067 	 -0.0629
0.7515 	 0.6246 	 -0.1932 	 2.5871 	 0.7958 	 -0.2166 	 3.4653 	 -0.0163 	 0.0063 	 -0.0609
0.7615 	 0.6326 	 -0.1953 	 2.6218 	 0.7957 	 -0.2166 	 3.4647 	 -0.0157 	 0.0061 	 -0.0590
0.7715 	 0.6406 	 -0.1975 	 2.6565 	 0.7955 	 -0.2165 	 3.4641 	 -0.0151 	 0.0058 	 -0.0571
0.7816 	 0.6485 	 -0.1997 	 2.6912 	 0.7954 	 -0.2164 	 3.4635 	 -0.0146 	 0.0055 	 -0.0554
0.7916 	 0.6565 	 -0.2018 	 2.7259 	 0.7952 	 -0.2164 	 3.4630 	 -0.0141 	 0.0053 	 -0.0537
0.8016 	 0.6645 	 -0.2040 	 2.7606 	 0.7951 	 -0.2163 	 3.4624 	 -0.0136 	 0.0051 	 -0.0522
0.8116 	 0.6724 	 -0.2062 	 2.7953 	 0.7950 	 -0.2163 	 3.4619 	 -0.0131 	 0.0048 	 -0.0506
0.8216 	 0.6804 	 -0.2083 	 2.8300 	 0.7948 	 -0.2162 	 3.4614 	 -0.0127 	 0.0046 	 -0.0492
0.8317 	 0.6884 	 -0.2105 	 2.8647 	 0.7947 	 -0.2162 	 3.4609 	 -0.0123 	 0.0045 	 -0.0478
0.8417 	 0.6963 	 -0.2127 	 2.8993 	 0.7946 	 -0.2161 	 3.4605 	 -0.0119 	 0.0043 	 -0.0465
0.8517 	 0.7043 	 -0.2148 	 2.9340 	 0.7945 	 -0.2161 	 3.4600 	 -0.0116 	 0.0041 	 -0.0453
0.8617 	 0.7122 	 -0.2170 	 2.9687 	 0.7944 	 -0.2161 	 3.4596 	 -0.0112 	 0.0040 	 -0.0440
0.8717 	 0.7202 	 -0.2192 	 3.0033 	 0.7942 	 -0.2160 	 3.4591 	 -0.0109 	 0.0038 	 -0.0429
0.8818 	 0.7282 	 -0.2213 	 3.0380 	 0.7941 	 -0.2160 	 3.4587 	 -0.0106 	 0.0037 	 -0.0418
0.8918 	 0.7361 	 -0.2235 	 3.0727 	 0.7940 	 -0.2160 	 3.4583 	 -0.0103 	 0.0035 	 -0.0407
0.9018 	 0.7441 	 -0.2257 	 3.1073 	 0.7939 	 -0.2159 	 3.4579 	 -0.0100 	 0.0034 	 -0.0397
0.9118 	 0.7520 	 -0.2278 	 3.1420 	 0.7938 	 -0.2159 	 3.4575 	 -0.0097 	 0.0033 	 -0.0387
0.9218 	 0.7600 	 -0.2300 	 3.1766 	 0.7937 	 -0.2158 	 3.4571 	 -0.0095 	 0.0032 	 -0.0377
0.9319 	 0.7679 	 -0.2322 	 3.2112 	 0.7936 	 -0.2158 	 3.4567 	 -0.0092 	 0.0031 	 -0.0368
0.9419 	 0.7759 	 -0.2343 	 3.2459 	 0.7936 	 -0.2158 	 3.4564 	 -0.0090 	 0.0030 	 -0.0360
0.9519 	 0.7838 	 -0.2365 	 3.2805 	 0.7935 	 -0.2158 	 3.4560 	 -0.0087 	 0.0029 	 -0.0351
0.9619 	 0.7918 	 -0.2386 	 3.3151 	 0.7934 	 -0.2157 	 3.4557 	 -0.0085 	 0.0028 	 -0.0343
0.9719 	 0.7997 	 -0.2408 	 3.3498 	 0.7933 	 -0.2157 	 3.4553 	 -0.0083 	 0.0027 	 -0.0335
0.9820 	 0.8077 	 -0.2430 	 3.3844 	 0.7932 	 -0.2157 	 3.4550 	 -0.0081 	 0.0026 	 -0.0327
0.9920 	 0.8156 	 -0.2451 	 3.4190 	 0.7931 	 -0.2156 	 3.4547 	 -0.0079 	 0.0026 	 -0.0320
1.0020 	 0.8236 	 -0.2473 	 3.4536 	 0.7931 	 -0.2156 	 3.4544 	 -0.0077 	 0.0025 	 -0.0313
1.0120 	 0.8315 	 -0.2494 	 3.4882 	 0.7930 	 -0.2156 	 3.4540 	 -0.0076 	 0.0024 	 -0.0306
1.0220 	 0.8395 	 -0.2516 	 3.5228 	 0.7929 	 -0.2156 	 3.4537 	 -0.0074 	 0.0023 	 -0.0300
1.0321 	 0.8474 	 -0.2538 	 3.5574 	 0.7928 	 -0.2156 	 3.4534 	 -0.0072 	 0.0023 	 -0.0294
1.0421 	 0.8554 	 -0.2559 	 3.5920 	 0.7928 	 -0.2155 	 3.4532 	 -0.0071 	 0.0023 	 -0.0289
1.0521 	 0.8633 	 -0.2581 	 3.6266 	 0.7927 	 -0.2155 	 3.4529 	 -0.0069 	 0.0022 	 -0.0286
1.0621 	 0.8712 	 -0.2602 	 3.6612 	 0.7926 	 -0.2155 	 3.4526 	 -0.0068 	 0.0023 	 -0.0283
1.0721 	 0.8792 	 -0.2624 	 3.6958 	 0.7926 	 -0.2155 	 3.4523 	 -0.0066 	 0.0023 	 -0.0282
1.0822 	 0.8871 	 -0.2646 	 3.7304 	 0.7925 	 -0.2154 	 3.4520 	 -0.0063 	 0.0024 	 -0.0283
1.0922 	 0.8951 	 -0.2667 	 3.7650 	 0.7924 	 -0.2154 	 3.4517 	 -0.0059 	 0.0026 	 -0.0286
1.1022 	 0.9030 	 -0.2689 	 3.7996 	 0.7924 	 -0.2154 	 3.4514 	 -0.0051 	 0.0030 	 -0.0291
1.1122 	 0.9109 	 -0.2710 	 3.8342 	 0.7923 	 -0.2154 	 3.4511 	 -0.0037 	 0.0035 	 -0.0296
1.1222 	 0.9189 	 -0.2732 	 3.8688 	 0.7923 	 -0.2153 	 3.4508 	 -0.0016 	 0.0041 	 -0.0295
1.1323 	 0.9268 	 -0.2753 	 3.9033 	 0.7923 	 -0.2153 	 3.4506 	 0.0004 	 0.0044 	 -0.0282
1.1423 	 0.9348 	 -0.2775 	 3.9379 	 0.7923 	 -0.2152 	 3.4503 	 0.0013 	 0.0042 	 -0.0257
1.1523 	 0.9427 	 -0.2797 	 3.9725 	 0.7923 	 -0.2152 	 3.4500 	 0.0009 	 0.0036 	 -0.0233
1.1623 	 0.9506 	 -0.2818 	 4.0070 	 0.7923 	 -0.2152 	 3.4498 	 -0.0002 	 0.0030 	 -0.0217
1.1723 	 0.9586 	 -0.2840 	 4.0416 	 0.7923 	 -0.2151 	 3.4496 	 -0.0013 	 0.0025 	 -0.0207
1.1824 	 0.9665 	 -0.2861 	 4.0762 	 0.7923 	 -0.2151 	 3.4494 	 -0.0022 	 0.0021 	 -0.0202
1.1924 	 0.9745 	 -0.2883 	 4.1107 	 0.7923 	 -0.2151 	 3.4492 	 -0.0028 	 0.0019 	 -0.0198
1.2024 	 0.9824 	 -0.2904 	 4.1453 	 0.7922 	 -0.2151 	 3.4490 	 -0.0032 	 0.0017 	 -0.0195
1.2124 	 0.9903 	 -0.2926 	 4.1799 	 0.7922 	 -0.2151 	 3.4488 	 -0.0034 	 0.0016 	 -0.0192
1.2224 	 0.9983 	 -0.2947 	 4.2144 	 0.7922 	 -0.2150 	 3.4486 	 -0.0036 	 0.0015 	 -0.0189
1.2325 	 1.0062 	 -0.2969 	 4.2490 	 0.7921 	 -0.2150 	 3.4484 	 -0.0037 	 0.0015 	 -0.0186
1.2425 	 1.0141 	 -0.2991 	 4.2835 	 0.7921 	 -0.2150 	 3.4482 	 -0.0038 	 0.0014 	 -0.0184
1.2525 	 1.0221 	 -0.3012 	 4.3181 	 0.7921 	 -0.2150 	 3.4481 	 -0.0038 	 0.0014 	 -0.0181
1.2625 	 1.0300 	 -0.3034 	 4.3526 	 0.7920 	 -0.2150 	 3.4479 	 -0.0038 	 0.0013 	 -0.0178
1.2725 	 1.0380 	 -0.3055 	 4.3872 	 0.7920 	 -0.2150 	 3.4477 	 -0.0038 	 0.0013 	 -0.0176
1.2826 	 1.0459 	 -0.3077 	 4.4217 	 0.7919 	 -0.2150 	 3.4475 	 -0.0038 	 0.0013 	 -0.0173
1.2926 	 1.0538 	 -0.3098 	 4.4562 	 0.7919 	 -0.2149 	 3.4474 	 -0.0038 	 0.0012 	 -0.0171
1.3026 	 1.0618 	 -0.3120 	 4.4908 	 0.7919 	 -0.2149 	 3.4472 	 -0.0038 	 0.0012 	 -0.0168
1.3126 	 1.0697 	 -0.3141 	 4.5253 	 0.7918 	 -0.2149 	 3.4470 	 -0.0037 	 0.0012 	 -0.0166
1.3226 	 1.0776 	 -0.3163 	 4.5599 	 0.7918 	 -0.2149 	 3.4469 	 -0.0037 	 0.0011 	 -0.0163
1.3327 	 1.0856 	 -0.3184 	 4.5944 	 0.7918 	 -0.2149 	 3.4467 	 -0.0037 	 0.0011 	 -0.0161
1.3427 	 1.0935 	 -0.3206 	 4.6289 	 0.7917 	 -0.2149 	 3.4465 	 -0.0036 	 0.0011 	 -0.0158
1.3527 	 1.1014 	 -0.3227 	 4.6635 	 0.7917 	 -0.2149 	 3.4464 	 -0.0036 	 0.0011 	 -0.0156
1.3627 	 1.1094 	 -0.3249 	 4.6980 	 0.7916 	 -0.2149 	 3.4462 	 -0.0035 	 0.0011 	 -0.0154
1.3727 	 1.1173 	 -0.3271 	 4.7325 	 0.7916 	 -0.2149 	 3.4461 	 -0.0035 	 0.0010 	 -0.0151
1.3828 	 1.1252 	 -0.3292 	 4.7671 	 0.7916 	 -0.2148 	 3.4459 	 -0.0035 	 0.0010 	 -0.0149
1.3928 	 1.1332 	 -0.3314 	 4.8016 	 0.7915 	 -0.2148 	 3.4458 	 -0.0034 	 0.0010 	 -0.0147
1.4028 	 1.1411 	 -0.3335 	 4.8361 	 0.7915 	 -0.2148 	 3.4456 	 -0.0034 	 0.0010 	 -0.0145
1.4128 	 1.1490 	 -0.3357 	 4.8706 	 0.7915 	 -0.2148 	 3.4455 	 -0.0033 	 0.0010 	 -0.0143
1.4228 	 1.1569 	 -0.3378 	 4.9052 	 0.7914 	 -0.2148 	 3.4453 	 -0.0033 	 0.0009 	 -0.0141
1.4329 	 1.1649 	 -0.3400 	 4.9397 	 0.7914 	 -0.2148 	 3.4452 	 -0.0032 	 0.0009 	 -0.0139
1.4429 	 1.1728 	 -0.3421 	 4.9742 	 0.7914 	 -0.2148 	 3.4451 	 -0.0032 	 0.0009 	 -0.0137
1.4529 	 1.1807 	 -0.3443 	 5.0087 	 0.7913 	 -0.2148 	 3.4449 	 -0.0032 	 0.0009 	 -0.0135
1.4629 	 1.1887 	 -0.3464 	 5.0432 	 0.7913 	 -0.2148 	 3.4448 	 -0.0031 	 0.0009 	 -0.0133
1.4729 	 1.1966 	 -0.3486 	 5.0778 	 0.7913 	 -0.2148 	 3.4447 	 -0.0031 	 0.0009 	 -0.0131
1.4830 	 1.2045 	 -0.3507 	 5.1123 	 0.7912 	 -0.2147 	 3.4445 	 -0.0030 	 0.0009 	 -0.0129
1.4930 	 1.2124 	 -0.3529 	 5.1468 	 0.7912 	 -0.2147 	 3.4444 	 -0.0030 	 0.0008 	 -0.0127
1.5030 	 1.2204 	 -0.3550 	 5.1813 	 0.7912 	 -0.2147 	 3.4443 	 -0.0030 	 0.0008 	 -0.0126
1.5130 	 1.2283 	 -0.3572 	 5.2158 	 0.7912 	 -0.2147 	 3.4441 	 -0.0029 	 0.0008 	 -0.0124
1.5230 	 1.2362 	 -0.3593 	 5.2503 	 0.7911 	 -0.2147 	 3.4440 	 -0.0029 	 0.0008 	 -0.0122
1.5331 	 1.2442 	 -0.3615 	 5.2848 	 0.7911 	 -0.2147 	 3.4439 	 -0.0028 	 0.0008 	 -0.0121
1.5431 	 1.2521 	 -0.3636 	 5.3193 	 0.7911 	 -0.2147 	 3.4438 	 -0.0028 	 0.0008 	 -0.0119
1.5531 	 1.2600 	 -0.3658 	 5.3538 	 0.7910 	 -0.2147 	 3.4437 	 -0.0028 	 0.0008 	 -0.0117
1.5631 	 1.2679 	 -0.3679 	 5.3884 	 0.7910 	 -0.2147 	 3.4435 	 -0.0027 	 0.0008 	 -0.0116
1.5731 	 1.2759 	 -0.3701 	 5.4229 	 0.7910 	 -0.2147 	 3.4434 	 -0.0027 	 0.0007 	 -0.0114
1.5832 	 1.2838 	 -0.3722 	 5.4574 	 0.7910 	 -0.2147 	 3.4433 	 -0.0027 	 0.0007 	 -0.0113
1.5932 	 1.2917 	 -0.3744 	 5.4919 	 0.7909 	 -0.2147 	 3.4432 	 -0.0026 	 0.0007 	 -0.0111
1.6032 	 1.2996 	 -0.3765 	 5.5264 	 0.7909 	 -0.2147 	 3.4431 	 -0.0026 	 0.0007 	 -0.0110
1.6132 	 1.3076 	 -0.3787 	 5.5609 	 0.7909 	 -0.2146 	 3.4430 	 -0.0026 	 0.0007 	 -0.0109
1.6232 	 1.3155 	 -0.3808 	 5.5954 	 0.7909 	 -0.2146 	 3.4429 	 -0.0025 	 0.0007 	 -0.0107
1.6333 	 1.3234 	 -0.3830 	 5.6299 	 0.7908 	 -0.2146 	 3.4428 	 -0.0025 	 0.0007 	 -0.0106
1.6433 	 1.3313 	 -0.3851 	 5.6644 	 0.7908 	 -0.2146 	 3.4427 	 -0.0025 	 0.0007 	 -0.0105
1.6533 	 1.3393 	 -0.3873 	 5.6988 	 0.7908 	 -0.2146 	 3.4426 	 -0.0025 	 0.0007 	 -0.0103
1.6633 	 1.3472 	 -0.3894 	 5.7333 	 0.7908 	 -0.2146 	 3.4425 	 -0.0024 	 0.0006 	 -0.0102
1.6733 	 1.3551 	 -0.3916 	 5.7678 	 0.7907 	 -0.2146 	 3.4424 	 -0.0024 	 0.0006 	 -0.0101
1.6834 	 1.3630 	 -0.3937 	 5.8023 	 0.7907 	 -0.2146 	 3.4423 	 -0.0024 	 0.0006 	 -0.0100
1.6934 	 1.3710 	 -0.3959 	 5.8368 	 0.7907 	 -0.2146 	 3.4422 	 -0.0023 	 0.0006 	 -0.0098
1.7034 	 1.3789 	 -0.3980 	 5.8713 	 0.7907 	 -0.2146 	 3.4421 	 -0.0023 	 0.0006 	 -0.0097
1.7134 	 1.3868 	 -0.4002 	 5.9058 	 0.7906 	 -0.2146 	 3.4420 	 -0.0023 	 0.0006 	 -0.0096
1.7234 	 1.3947 	 -0.4023 	 5.9403 	 0.7906 	 -0.2146 	 3.4419 	 -0.0023 	 0.0006 	 -0.0095
1.7335 	 1.4026 	 -0.4045 	 5.9748 	 0.7906 	 -0.2146 	 3.4418 	 -0.0022 	 0.0006 	 -0.0094
1.7435 	 1.4106 	 -0.4066 	 6.0093 	 0.7906 	 -0.2146 	 3.4417 	 -0.0022 	 0.0006 	 -0.0093
1.7535 	 1.4185 	 -0.4088 	 6.0437 	 0.7905 	 -0.2146 	 3.4416 	 -0.0022 	 0.0006 	 -0.0092
1.7635 	 1.4264 	 -0.4109 	 6.0782 	 0.7905 	 -0.2146 	 3.4415 	 -0.0022 	 0.0006 	 -0.0090
1.7735 	 1.4343 	 -0.4131 	 6.1127 	 0.7905 	 -0.2145 	 3.4414 	 -0.0021 	 0.0006 	 -0.0089
1.7836 	 1.4422 	 -0.4152 	 6.1472 	 0.7905 	 -0.2145 	 3.4413 	 -0.0021 	 0.0006 	 -0.0088
1.7936 	 1.4502 	 -0.4174 	 6.1817 	 0.7905 	 -0.2145 	 3.4412 	 -0.0021 	 0.0005 	 -0.0087
1.8036 	 1.4581 	 -0.4195 	 6.2162 	 0.7904 	 -0.2145 	 3.4411 	 -0.0021 	 0.0005 	 -0.0086
1.8136 	 1.4660 	 -0.4217 	 6.2506 	 0.7904 	 -0.2145 	 3.4411 	 -0.0020 	 0.0005 	 -0.0085
1.8236 	 1.4739 	 -0.4238 	 6.2851 	 0.7904 	 -0.2145 	 3.4410 	 -0.0020 	 0.0005 	 -0.0084
1.8337 	 1.4818 	 -0.4260 	 6.3196 	 0.7904 	 -0.2145 	 3.4409 	 -0.0020 	 0.0005 	 -0.0084
1.8437 	 1.4898 	 -0.4281 	 6.3541 	 0.7904 	 -0.2145 	 3.4408 	 -0.0020 	 0.0005 	 -0.0083
1.8537 	 1.4977 	 -0.4303 	 6.3885 	 0.7903 	 -0.2145 	 3.4407 	 -0.0019 	 0.0005 	 -0.0082
1.8637 	 1.5056 	 -0.4324 	 6.4230 	 0.7903 	 -0.2145 	 3.4406 	 -0.0019 	 0.0005 	 -0.0081
1.8737 	 1.5135 	 -0.4346 	 6.4575 	 0.7903 	 -0.2145 	 3.4406 	 -0.0019 	 0.0005 	 -0.0080
1.8838 	 1.5214 	 -0.4367 	 6.4920 	 0.7903 	 -0.2145 	 3.4405 	 -0.0019 	 0.0005 	 -0.0079
1.8938 	 1.5294 	 -0.4389 	 6.5264 	 0.7903 	 -0.2145 	 3.4404 	 -0.0019 	 0.0005 	 -0.0078
1.9038 	 1.5373 	 -0.4410 	 6.5609 	 0.7902 	 -0.2145 	 3.4403 	 -0.0018 	 0.0005 	 -0.0077
1.9138 	 1.5452 	 -0.4432 	 6.5954 	 0.7902 	 -0.2145 	 3.4402 	 -0.0018 	 0.0005 	 -0.0077
1.9238 	 1.5531 	 -0.4453 	 6.6299 	 0.7902 	 -0.2145 	 3.4402 	 -0.0018 	 0.0005 	 -0.0076
1.9339 	 1.5610 	 -0.4475 	 6.6643 	 0.7902 	 -0.2145 	 3.4401 	 -0.0018 	 0.0005 	 -0.0075
1.9439 	 1.5690 	 -0.4496 	 6.6988 	 0.7902 	 -0.2145 	 3.4400 	 -0.0018 	 0.0005 	 -0.0074
1.9539 	 1.5769 	 -0.4518 	 6.7333 	 0.7902 	 -0.2145 	 3.4399 	 -0.0017 	 0.0005 	 -0.0073
1.9639 	 1.5848 	 -0.4539 	 6.7677 	 0.7901 	 -0.2145 	 3.4399 	 -0.0017 	 0.0004 	 -0.0073
1.9739 	 1.5927 	 -0.4561 	 6.8022 	 0.7901 	 -0.2144 	 3.4398 	 -0.0017 	 0.0004 	 -0.0072
1.9840 	 1.6006 	 -0.4582 	 6.8367 	 0.7901 	 -0.2144 	 3.4397 	 -0.0017 	 0.0004 	 -0.0070
1.9940 	 1.6085 	 -0.4604 	 6.8711 	 0.7901 	 -0.2144 	 3.4397 	 -0.0016 	 0.0004 	 -0.0069
2.0040 	 1.6165 	 -0.4625 	 6.9056 	 0.7901 	 -0.2144 	 3.4396 	 -0.0016 	 0.0004 	 -0.0068
2.0140 	 1.6244 	 -0.4647 	 6.9401 	 0.7901 	 -0.2144 	 3.4395 	 -0.0016 	 0.0004 	 -0.0068
2.0240 	 1.6323 	 -0.4668 	 6.9745 	 0.7900 	 -0.2144 	 3.4395 	 -0.0016 	 0.0004 	 -0.0067
2.0341 	 1.6402 	 -0.4690 	 7.0090 	 0.7900 	 -0.2144 	 3.4394 	 -0.0016 	 0.0004 	 -0.0066
2.0441 	 1.6481 	 -0.4711 	 7.0435 	 0.7900 	 -0.2144 	 3.4393 	 -0.0016 	 0.0004 	 -0.0066
2.0541 	 1.6560 	 -0.4733 	 7.0779 	 0.7900 	 -0.2144 	 3.4393 	 -0.0015 	 0.0004 	 -0.0065
2.0641 	 1.6640 	 -0.4754 	 7.1124 	 0.7900 	 -0.2144 	 3.4392 	 -0.0015 	 0.0004 	 -0.0064
2.0741 	 1.6719 	 -0.4776 	 7.1468 	 0.7900 	 -0.2144 	 3.4391 	 -0.0015 	 0.0004 	 -0.0064
2.0842 	 1.6798 	 -0.4797 	 7.1813 	 0.7899 	 -0.2144 	 3.4391 	 -0.0015 	 0.0004 	 -0.0063
2.0942 	 1.6877 	 -0.4819 	 7.2158 	 0.7899 	 -0.2144 	 3.4390 	 -0.0015 	 0.0004 	 -0.0063
2.1042 	 1.6956 	 -0.4840 	 7.2502 	 0.7899 	 -0.2144 	 3.4389 	 -0.0015 	 0.0004 	 -0.0062
2.1142 	 1.7035 	 -0.4862 	 7.2847 	 0.7899 	 -0.2144 	 3.4389 	 -0.0015 	 0.0004 	 -0.0061
2.1242 	 1.7114 	 -0.4883 	 7.3191 	 0.7899 	 -0.2144 	 3.4388 	 -0.0014 	 0.0004 	 -0.0061
2.1343 	 1.7194 	 -0.4905 	 7.3536 	 0.7899 	 -0.2144 	 3.4388 	 -0.0014 	 0.0004 	 -0.0060
2.1443 	 1.7273 	 -0.4926 	 7.3880 	 0.7899 	 -0.2144 	 3.4387 	 -0.0014 	 0.0004 	 -0.0060
2.1543 	 1.7352 	 -0.4948 	 7.4225 	 0.7898 	 -0.2144 	 3.4386 	 -0.0014 	 0.0004 	 -0.0059
2.1643 	 1.7431 	 -0.4969 	 7.4570 	 0.7898 	 -0.2144 	 3.4386 	 -0.0014 	 0.0004 	 -0.0058
2.1743 	 1.7510 	 -0.4991 	 7.4914 	 0.7898 	 -0.2144 	 3.4385 	 -0.0014 	 0.0004 	 -0.0058
2.1844 	 1.7589 	 -0.5012 	 7.5259 	 0.7898 	 -0.2144 	 3.4385 	 -0.0014 	 0.0004 	 -0.0057
2.1944 	 1.7668 	 -0.5033 	 7.5603 	 0.7898 	 -0.2144 	 3.4384 	 -0.0013 	 0.0004 	 -0.0057
2.2044 	 1.7748 	 -0.5055 	 7.5948 	 0.7898 	 -0.2144 	 3.4383 	 -0.0013 	 0.0003 	 -0.0056
2.2144 	 1.7827 	 -0.5076 	 7.6292 	 0.7898 	 -0.2144 	 3.4383 	 -0.0013 	 0.0003 	 -0.0056
2.2244 	 1.7906 	 -0.5098 	 7.6637 	 0.7898 	 -0.2143 	 3.4382 	 -0.0013 	 0.0003 	 -0.0055
2.2345 	 1.7985 	 -0.5119 	 7.6981 	 0.7897 	 -0.2143 	 3.4382 	 -0.0013 	 0.0003 	 -0.0055
2.2445 	 1.8064 	 -0.5141 	 7.7326 	 0.7897 	 -0.2143 	 3.4381 	 -0.0013 	 0.0003 	 -0.0054
2.2545 	 1.8143 	 -0.5162 	 7.7670 	 0.7897 	 -0.2143 	 3.4381 	 -0.0013 	 0.0003 	 -0.0054
2.2645 	 1.8222 	 -0.5184 	 7.8015 	 0.7897 	 -0.2143 	 3.4380 	 -0.0013 	 0.0003 	 -0.0053
2.2745 	 1.8301 	 -0.5205 	 7.8359 	 0.7897 	 -0.2143 	 3.4380 	 -0.0012 	 0.0003 	 -0.0053
2.2846 	 1.8381 	 -0.5227 	 7.8704 	 0.7897 	 -0.2143 	 3.4379 	 -0.0012 	 0.0003 	 -0.0052
2.2946 	 1.8460 	 -0.5248 	 7.9048 	 0.7897 	 -0.2143 	 3.4379 	 -0.0012 	 0.0003 	 -0.0052
2.3046 	 1.8539 	 -0.5270 	 7.9393 	 0.7897 	 -0.2143 	 3.4378 	 -0.0012 	 0.0003 	 -0.0051
2.3146 	 1.8618 	 -0.5291 	 7.9737 	 0.7896 	 -0.2143 	 3.4378 	 -0.0012 	 0.0003 	 -0.0051
2.3246 	 1.8697 	 -0.5313 	 8.0082 	 0.7896 	 -0.2143 	 3.4377 	 -0.0012 	 0.0003 	 -0.0051
2.3347 	 1.8776 	 -0.5334 	 8.0426 	 0.7896 	 -0.2143 	 3.4377 	 -0.0012 	 0.0003 	 -0.0050
2.3447 	 1.8855 	 -0.5356 	 8.0771 	 0.7896 	 -0.2143 	 3.4376 	 -0.0012 	 0.0003 	 -0.0050
2.3547 	 1.8934 	 -0.5377 	 8.1115 	 0.7896 	 -0.2143 	 3.4376 	 -0.0012 	 0.0003 	 -0.0049
2.3647 	 1.9014 	 -0.5399 	 8.1459 	 0.7896 	 -0.2143 	 3.4375 	 -0.0011 	 0.0003 	 -0.0049
2.3747 	 1.9093 	 -0.5420 	 8.1804 	 0.7896 	 -0.2143 	 3.4375 	 -0.0011 	 0.0003 	 -0.0048
2.3848 	 1.9172 	 -0.5442 	 8.2148 	 0.7896 	 -0.2143 	 3.4374 	 -0.0011 	 0.0003 	 -0.0048
2.3948 	 1.9251 	 -0.5463 	 8.2493 	 0.7895 	 -0.2143 	 3.4374 	 -0.0011 	 0.0003 	 -0.0048
2.4048 	 1.9330 	 -0.5484 	 8.2837 	 0.7895 	 -0.2143 	 3.4373 	 -0.0011 	 0.0003 	 -0.0047
2.4148 	 1.9409 	 -0.5506 	 8.3182 	 0.7895 	 -0.2143 	 3.4373 	 -0.0011 	 0.0003 	 -0.0047
2.4248 	 1.9488 	 -0.5527 	 8.3526 	 0.7895 	 -0.2143 	 3.4372 	 -0.0011 	 0.0003 	 -0.0046
2.4349 	 1.9567 	 -0.5549 	 8.3870 	 0.7895 	 -0.2143 	 3.4372 	 -0.0011 	 0.0003 	 -0.0046
2.4449 	 1.9646 	 -0.5570 	 8.4215 	 0.7895 	 -0.2143 	 3.4371 	 -0.0011 	 0.0003 	 -0.0046
2.4549 	 1.9726 	 -0.5592 	 8.4559 	 0.7895 	 -0.2143 	 3.4371 	 -0.0011 	 0.0003 	 -0.0045
2.4649 	 1.9805 	 -0.5613 	 8.4904 	 0.7895 	 -0.2143 	 3.4370 	 -0.0011 	 0.0003 	 -0.0045
2.4749 	 1.9884 	 -0.5635 	 8.5248 	 0.7895 	 -0.2143 	 3.4370 	 -0.0010 	 0.0003 	 -0.0045
2.4850 	 1.9963 	 -0.5656 	 8.5592 	 0.7894 	 -0.2143 	 3.4369 	 -0.0010 	 0.0003 	 -0.0044
2.4950 	 2.0042 	 -0.5678 	 8.5937 	 0.7894 	 -0.2143 	 3.4369 	 -0.0010 	 0.0003 	 -0.0044
2.5050 	 2.0121 	 -0.5699 	 8.6281 	 0.7894 	 -0.2143 	 3.4369 	 -0.0010 	 0.0003 	 -0.0044
2.5150 	 2.0200 	 -0.5721 	 8.6625 	 0.7894 	 -0.2143 	 3.4368 	 -0.0010 	 0.0003 	 -0.0043
2.5251 	 2.0279 	 -0.5742 	 8.6970 	 0.7894 	 -0.2143 	 3.4368 	 -0.0010 	 0.0003 	 -0.0043
2.5351 	 2.0358 	 -0.5764 	 8.7314 	 0.7894 	 -0.2143 	 3.4367 	 -0.0010 	 0.0003 	 -0.0042
2.5451 	 2.0438 	 -0.5785 	 8.7659 	 0.7894 	 -0.2143 	 3.4367 	 -0.0010 	 0.0003 	 -0.0042
2.5551 	 2.0517 	 -0.5807 	 8.8003 	 0.7894 	 -0.2143 	 3.4366 	 -0.0010 	 0.0003 	 -0.0042
2.5651 	 2.0596 	 -0.5828 	 8.8347 	 0.7894 	 -0.2142 	 3.4366 	 -0.0010 	 0.0003 	 -0.0041
2.5752 	 2.0675 	 -0.5849 	 8.8692 	 0.7894 	 -0.2142 	 3.4366 	 -0.0010 	 0.0003 	 -0.0041
2.5852 	 2.0754 	 -0.5871 	 8.9036 	 0.7894 	 -0.2142 	 3.4365 	 -0.0009 	 0.0003 	 -0.0041
2.5952 	 2.0833 	 -0.5892 	 8.9380 	 0.7893 	 -0.2142 	 3.4365 	 -0.0009 	 0.0003 	 -0.0041
2.6052 	 2.0912 	 -0.5914 	 8.9725 	 0.7893 	 -0.2142 	 3.4364 	 -0.0009 	 0.0003 	 -0.0040
2.6152 	 2.0991 	 -0.5935 	 9.0069 	 0.7893 	 -0.2142 	 3.4364 	 -0.0009 	 0.0002 	 -0.0040
2.6253 	 2.1070 	 -0.5957 	 9.0413 	 0.7893 	 -0.2142 	 3.4364 	 -0.0009 	 0.0002 	 -0.0040
2.6353 	 2.1149 	 -0.5978 	 9.0758 	 0.7893 	 -0.2142 	 3.4363 	 -0.0009 	 0.0002 	 -0.0039
2.6453 	 2.1228 	 -0.6000 	 9.1102 	 0.7893 	 -0.2142 	 3.4363 	 -0.0009 	 0.0002 	 -0.0039
2.6553 	 2.1308 	 -0.6021 	 9.1446 	 0.7893 	 -0.2142 	 3.4362 	 -0.0009 	 0.0002 	 -0.0039
2.6653 	 2.1387 	 -0.6043 	 9.1791 	 0.7893 	 -0.2142 	 3.4362 	 -0.0009 	 0.0002 	 -0.0038
2.6754 	 2.1466 	 -0.6064 	 9.2135 	 0.7893 	 -0.2142 	 3.4362 	 -0.0009 	 0.0002 	 -0.0038
2.6854 	 2.1545 	 -0.6086 	 9.2479 	 0.7893 	 -0.2142 	 3.4361 	 -0.0009 	 0.0002 	 -0.0038
2.6954 	 2.1624 	 -0.6107 	 9.2823 	 0.7893 	 -0.2142 	 3.4361 	 -0.0009 	 0.0002 	 -0.0038
2.7054 	 2.1703 	 -0.6128 	 9.3168 	 0.7892 	 -0.2142 	 3.4360 	 -0.0009 	 0.0002 	 -0.0037
2.7154 	 2.1782 	 -0.6150 	 9.3512 	 0.7892 	 -0.2142 	 3.4360 	 -0.0009 	 0.0002 	 -0.0037
2.7255 	 2.1861 	 -0.6171 	 9.3856 	 0.7892 	 -0.2142 	 3.4360 	 -0.0008 	 0.0002 	 -0.0037
2.7355 	 2.1940 	 -0.6193 	 9.4201 	 0.7892 	 -0.2142 	 3.4359 	 -0.0008 	 0.0002 	 -0.0036
2.7455 	 2.2019 	 -0.6214 	 9.4545 	 0.7892 	 -0.2142 	 3.4359 	 -0.0008 	 0.0002 	 -0.0036
2.7555 	 2.2098 	 -0.6236 	 9.4889 	 0.7892 	 -0.2142 	 3.4359 	 -0.0008 	 0.0002 	 -0.0036
2.7655 	 2.2177 	 -0.6257 	 9.5233 	 0.7892 	 -0.2142 	 3.4358 	 -0.0008 	 0.0002 	 -0.0036
2.7756 	 2.2256 	 -0.6279 	 9.5578 	 0.7892 	 -0.2142 	 3.4358 	 -0.0008 	 0.0002 	 -0.0035
2.7856 	 2.2336 	 -0.6300 	 9.5922 	 0.7892 	 -0.2142 	 3.4358 	 -0.0008 	 0.0002 	 -0.0035
2.7956 	 2.2415 	 -0.6322 	 9.6266 	 0.7892 	 -0.2142 	 3.4357 	 -0.0008 	 0.0002 	 -0.0035
2.8056 	 2.2494 	 -0.6343 	 9.6610 	 0.7892 	 -0.2142 	 3.4357 	 -0.0008 	 0.0002 	 -0.0035
2.8156 	 2.2573 	 -0.6365 	 9.6955 	 0.7892 	 -0.2142 	 3.4357 	 -0.0008 	 0.0002 	 -0.0034
2.8257 	 2.2652 	 -0.6386 	 9.7299 	 0.7891 	 -0.2142 	 3.4356 	 -0.0008 	 0.0002 	 -0.0034
2.8357 	 2.2731 	 -0.6408 	 9.7643 	 0.7891 	 -0.2142 	 3.4356 	 -0.0008 	 0.0002 	 -0.0034
2.8457 	 2.2810 	 -0.6429 	 9.7988 	 0.7891 	 -0.2142 	 3.4356 	 -0.0008 	 0.0002 	 -0.0034
2.8557 	 2.2889 	 -0.6450 	 9.8332 	 0.7891 	 -0.2142 	 3.4355 	 -0.0008 	 0.0002 	 -0.0033
2.8657 	 2.2968 	 -0.6472 	 9.8676 	 0.7891 	 -0.2142 	 3.4355 	 -0.0008 	 0.0002 	 -0.0033
2.8758 	 2.3047 	 -0.6493 	 9.9020 	 0.7891 	 -0.2142 	 3.4355 	 -0.0008 	 0.0002 	 -0.0033
2.8858 	 2.3126 	 -0.6515 	 9.9364 	 0.7891 	 -0.2142 	 3.4354 	 -0.0008 	 0.0002 	 -0.0033
2.8958 	 2.3205 	 -0.6536 	 9.9709 	 0.7891 	 -0.2142 	 3.4354 	 -0.0007 	 0.0002 	 -0.0032
2.9058 	 2.3284 	 -0.6558 	 10.0053 	 0.7891 	 -0.2142 	 3.4354 	 -0.0007 	 0.0002 	 -0.0032
2.9158 	 2.3363 	 -0.6579 	 10.0397 	 0.7891 	 -0.2142 	 3.4353 	 -0.0007 	 0.0002 	 -0.0032
2.9259 	 2.3443 	 -0.6601 	 10.0741 	 0.7891 	 -0.2142 	 3.4353 	 -0.0007 	 0.0002 	 -0.0032
2.9359 	 2.3522 	 -0.6622 	 10.1086 	 0.7891 	 -0.2142 	 3.4353 	 -0.0007 	 0.0002 	 -0.0032
2.9459 	 2.3601 	 -0.6644 	 10.1430 	 0.7891 	 -0.2142 	 3.4352 	 -0.0007 	 0.0002 	 -0.0031
2.9559 	 2.3680 	 -0.6665 	 10.1774 	 0.7890 	 -0.2142 	 3.4352 	 -0.0007 	 0.0002 	 -0.0031
2.9659 	 2.3759 	 -0.6686 	 10.2118 	 0.7890 	 -0.2142 	 3.4352 	 -0.0007 	 0.0002 	 -0.0031
2.9760 	 2.3838 	 -0.6708 	 10.2462 	 0.7890 	 -0.2142 	 3.4351 	 -0.0007 	 0.0002 	 -0.0031
2.9860 	 2.3917 	 -0.6729 	 10.2807 	 0.7890 	 -0.2142 	 3.4351 	 -0.0007 	 0.0002 	 -0.0031
2.9960 	 2.3996 	 -0.6751 	 10.3151 	 0.7890 	 -0.2142 	 3.4351 	 -0.0007 	 0.0002 	 -0.0030
3.0060 	 2.4075 	 -0.6772 	 10.3495 	 0.7890 	 -0.2142 	 3.4350 	 -0.0007 	 0.0002 	 -0.0030
3.0160 	 2.4154 	 -0.6794 	 10.3839 	 0.7890 	 -0.2141 	 3.4350 	 -0.0007 	 0.0002 	 -0.0030
3.0261 	 2.4233 	 -0.6815 	 10.4183 	 0.7890 	 -0.2141 	 3.4350 	 -0.0007 	 0.0002 	 -0.0030
3.0361 	 2.4312 	 -0.6837 	 10.4528 	 0.7890 	 -0.2141 	 3.4350 	 -0.0007 	 0.0002 	 -0.0030
3.0461 	 2.4391 	 -0.6858 	 10.4872 	 0.7890 	 -0.2141 	 3.4349 	 -0.0007 	 0.0002 	 -0.0029
3.0561 	 2.4470 	 -0.6880 	 10.5216 	 0.7890 	 -0.2141 	 3.4349 	 -0.0007 	 0.0002 	 -0.0029
3.0661 	 2.4549 	 -0.6901 	 10.5560 	 0.7890 	 -0.2141 	 3.4349 	 -0.0007 	 0.0002 	 -0.0029
3.0762 	 2.4628 	 -0.6923 	 10.5904 	 0.7890 	 -0.2141 	 3.4348 	 -0.0007 	 0.0002 	 -0.0029
3.0862 	 2.4707 	 -0.6944 	 10.6248 	 0.7890 	 -0.2141 	 3.4348 	 -0.0007 	 0.0002 	 -0.0029
3.0962 	 2.4787 	 -0.6965 	 10.6593 	 0.7890 	 -0.2141 	 3.4348 	 -0.0006 	 0.0002 	 -0.0028
3.1062 	 2.4866 	 -0.6987 	 10.6937 	 0.7889 	 -0.2141 	 3.4348 	 -0.0006 	 0.0002 	 -0.0028
3.1162 	 2.4945 	 -0.7008 	 10.7281 	 0.7889 	 -0.2141 	 3.4347 	 -0.0006 	 0.0002 	 -0.0028
3.1263 	 2.5024 	 -0.7030 	 10.7625 	 0.7889 	 -0.2141 	 3.4347 	 -0.0006 	 0.0002 	 -0.0028
3.1363 	 2.5103 	 -0.7051 	 10.7969 	 0.7889 	 -0.2141 	 3.4347 	 -0.0006 	 0.0002 	 -0.0028
3.1463 	 2.5182 	 -0.7073 	 10.8313 	 0.7889 	 -0.2141 	 3.4346 	 -0.0006 	 0.0002 	 -0.0027
3.1563 	 2.5261 	 -0.7094 	 10.8658 	 0.7889 	 -0.2141 	 3.4346 	 -0.0006 	 0.0002 	 -0.0027
3.1663 	 2.5340 	 -0.7116 	 10.9002 	 0.7889 	 -0.2141 	 3.4346 	 -0.0006 	 0.0002 	 -0.0027
3.1764 	 2.5419 	 -0.7137 	 10.9346 	 0.7889 	 -0.2141 	 3.4346 	 -0.0006 	 0.0002 	 -0.0027
3.1864 	 2.5498 	 -0.7159 	 10.9690 	 0.7889 	 -0.2141 	 3.4345 	 -0.0006 	 0.0002 	 -0.0027
3.1964 	 2.5577 	 -0.7180 	 11.0034 	 0.7889 	 -0.2141 	 3.4345 	 -0.0006 	 0.0002 	 -0.0027
3.2064 	 2.5656 	 -0.7201 	 11.0378 	 0.7889 	 -0.2141 	 3.4345 	 -0.0006 	 0.0002 	 -0.0026
3.2164 	 2.5735 	 -0.7223 	 11.0722 	 0.7889 	 -0.2141 	 3.4345 	 -0.0006 	 0.0002 	 -0.0026
3.2265 	 2.5814 	 -0.7244 	 11.1067 	 0.7889 	 -0.2141 	 3.4344 	 -0.0006 	 0.0002 	 -0.0026
3.2365 	 2.5893 	 -0.7266 	 11.1411 	 0.7889 	 -0.2141 	 3.4344 	 -0.0006 	 0.0002 	 -0.0026
3.2465 	 2.5972 	 -0.7287 	 11.1755 	 0.7889 	 -0.2141 	 3.4344 	 -0.0006 	 0.0002 	 -0.0026
3.2565 	 2.6051 	 -0.7309 	 11.2099 	 0.7889 	 -0.2141 	 3.4343 	 -0.0006 	 0.0002 	 -0.0026
3.2665 	 2.6130 	 -0.7330 	 11.2443 	 0.7888 	 -0.2141 	 3.4343 	 -0.0006 	 0.0002 	 -0.0025
3.2766 	 2.6209 	 -0.7352 	 11.2787 	 0.7888 	 -0.2141 	 3.4343 	 -0.0006 	 0.0002 	 -0.0025
3.2866 	 2.6288 	 -0.7373 	 11.3131 	 0.7888 	 -0.2141 	 3.4343 	 -0.0006 	 0.0002 	 -0.0025
3.2966 	 2.6367 	 -0.7395 	 11.3475 	 0.7888 	 -0.2141 	 3.4342 	 -0.0006 	 0.0002 	 -0.0024
3.3066 	 2.6447 	 -0.7416 	 11.3819 	 0.7888 	 -0.2141 	 3.4342 	 -0.0005 	 0.0002 	 -0.0024
3.3166 	 2.6526 	 -0.7437 	 11.4164 	 0.7888 	 -0.2141 	 3.4342 	 -0.0005 	 0.0002 	 -0.0024
3.3267 	 2.6605 	 -0.7459 	 11.4508 	 0.7888 	 -0.2141 	 3.4342 	 -0.0005 	 0.0002 	 -0.0024
3.3367 	 2.6684 	 -0.7480 	 11.4852 	 0.7888 	 -0.2141 	 3.4341 	 -0.0005 	 0.0002 	 -0.0024
3.3467 	 2.6763 	 -0.7502 	 11.5196 	 0.7888 	 -0.2141 	 3.4341 	 -0.0005 	 0.0002 	 -0.0024
3.3567 	 2.6842 	 -0.7523 	 11.5540 	 0.7888 	 -0.2141 	 3.4341 	 -0.0005 	 0.0002 	 -0.0024
3.3667 	 2.6921 	 -0.7545 	 11.5884 	 0.7888 	 -0.2141 	 3.4341 	 -0.0005 	 0.0001 	 -0.0023
3.3768 	 2.7000 	 -0.7566 	 11.6228 	 0.7888 	 -0.2141 	 3.4341 	 -0.0005 	 0.0001 	 -0.0023
3.3868 	 2.7079 	 -0.7588 	 11.6572 	 0.7888 	 -0.2141 	 3.4340 	 -0.0005 	 0.0001 	 -0.0023
3.3968 	 2.7158 	 -0.7609 	 11.6916 	 0.7888 	 -0.2141 	 3.4340 	 -0.0005 	 0.0001 	 -0.0023
3.4068 	 2.7237 	 -0.7631 	 11.7260 	 0.7888 	 -0.2141 	 3.4340 	 -0.0005 	 0.0001 	 -0.0023
3.4168 	 2.7316 	 -0.7652 	 11.7605 	 0.7888 	 -0.2141 	 3.4340 	 -0.0005 	 0.0001 	 -0.0023
3.4269 	 2.7395 	 -0.7673 	 11.7949 	 0.7888 	 -0.2141 	 3.4339 	 -0.0005 	 0.0001 	 -0.0023
3.4369 	 2.7474 	 -0.7695 	 11.8293 	 0.7888 	 -0.2141 	 3.4339 	 -0.0005 	 0.0001 	 -0.0022
3.4469 	 2.7553 	 -0.7716 	 11.8637 	 0.7888 	 -0.2141 	 3.4339 	 -0.0005 	 0.0001 	 -0.0022
3.4569 	 2.7632 	 -0.7738 	 11.8981 	 0.7887 	 -0.2141 	 3.4339 	 -0.0005 	 0.0001 	 -0.0022
3.4669 	 2.7711 	 -0.7759 	 11.9325 	 0.7887 	 -0.2141 	 3.4339 	 -0.0005 	 0.0001 	 -0.0022
3.4770 	 2.7790 	 -0.7781 	 11.9669 	 0.7887 	 -0.2141 	 3.4338 	 -0.0005 	 0.0001 	 -0.0022
3.4870 	 2.7869 	 -0.7802 	 12.0013 	 0.7887 	 -0.2141 	 3.4338 	 -0.0005 	 0.0001 	 -0.0022
3.4970 	 2.7948 	 -0.7824 	 12.0357 	 0.7887 	 -0.2141 	 3.4338 	 -0.0005 	 0.0001 	 -0.0022
3.5070 	 2.8027 	 -0.7845 	 12.0701 	 0.7887 	 -0.2141 	 3.4338 	 -0.0005 	 0.0001 	 -0.0022
3.5170 	 2.8106 	 -0.7866 	 12.1045 	 0.7887 	 -0.2141 	 3.4337 	 -0.0005 	 0.0001 	 -0.0021
3.5271 	 2.8185 	 -0.7888 	 12.1389 	 0.7887 	 -0.2141 	 3.4337 	 -0.0005 	 0.0001 	 -0.0021
3.5371 	 2.8264 	 -0.7909 	 12.1733 	 0.7887 	 -0.2141 	 3.4337 	 -0.0005 	 0.0001 	 -0.0021
3.5471 	 2.8343 	 -0.7931 	 12.2077 	 0.7887 	 -0.2141 	 3.4337 	 -0.0005 	 0.0001 	 -0.0021
3.5571 	 2.8422 	 -0.7952 	 12.2422 	 0.7887 	 -0.2141 	 3.4337 	 -0.0005 	 0.0001 	 -0.0021
3.5671 	 2.8501 	 -0.7974 	 12.2766 	 0.7887 	 -0.2141 	 3.4336 	 -0.0005 	 0.0001 	 -0.0021
3.5772 	 2.8580 	 -0.7995 	 12.3110 	 0.7887 	 -0.2141 	 3.4336 	 -0.0005 	 0.0001 	 -0.0021
3.5872 	 2.8659 	 -0.8017 	 12.3454 	 0.7887 	 -0.2141 	 3.4336 	 -0.0005 	 0.0001 	 -0.0021
3.5972 	 2.8738 	 -0.8038 	 12.3798 	 0.7887 	 -0.2141 	 3.4336 	 -0.0005 	 0.0001 	 -0.0021
3.6072 	 2.8818 	 -0.8060 	 12.4142 	 0.7887 	 -0.2141 	 3.4336 	 -0.0005 	 0.0001 	 -0.0020
3.6172 	 2.8897 	 -0.8081 	 12.4486 	 0.7887 	 -0.2141 	 3.4335 	 -0.0005 	 0.0001 	 -0.0020
3.6273 	 2.8976 	 -0.8102 	 12.4830 	 0.7887 	 -0.2141 	 3.4335 	 -0.0005 	 0.0001 	 -0.0020
3.6373 	 2.9055 	 -0.8124 	 12.5174 	 0.7887 	 -0.2141 	 3.4335 	 -0.0004 	 0.0001 	 -0.0020
3.6473 	 2.9134 	 -0.8145 	 12.5518 	 0.7887 	 -0.2141 	 3.4335 	 -0.0004 	 0.0001 	 -0.0020
3.6573 	 2.9213 	 -0.8167 	 12.5862 	 0.7887 	 -0.2140 	 3.4335 	 -0.0004 	 0.0001 	 -0.0020
3.6673 	 2.9292 	 -0.8188 	 12.6206 	 0.7886 	 -0.2140 	 3.4334 	 -0.0004 	 0.0001 	 -0.0020
3.6774 	 2.9371 	 -0.8210 	 12.6550 	 0.7886 	 -0.2140 	 3.4334 	 -0.0004 	 0.0001 	 -0.0020
3.6874 	 2.9450 	 -0.8231 	 12.6894 	 0.7886 	 -0.2140 	 3.4334 	 -0.0004 	 0.0001 	 -0.0020
3.6974 	 2.9529 	 -0.8253 	 12.7238 	 0.7886 	 -0.2140 	 3.4334 	 -0.0004 	 0.0001 	 -0.0019
3.7074 	 2.9608 	 -0.8274 	 12.7582 	 0.7886 	 -0.2140 	 3.4334 	 -0.0004 	 0.0001 	 -0.0019
3.7174 	 2.9687 	 -0.8295 	 12.7926 	 0.7886 	 -0.2140 	 3.4333 	 -0.0004 	 0.0001 	 -0.0019
3.7275 	 2.9766 	 -0.8317 	 12.8270 	 0.7886 	 -0.2140 	 3.4333 	 -0.0004 	 0.0001 	 -0.0019
3.7375 	 2.9845 	 -0.8338 	 12.8614 	 0.7886 	 -0.2140 	 3.4333 	 -0.0004 	 0.0001 	 -0.0019
3.7475 	 2.9924 	 -0.8360 	 12.8958 	 0.7886 	 -0.2140 	 3.4333 	 -0.0004 	 0.0001 	 -0.0019
3.7575 	 3.0003 	 -0.8381 	 12.9302 	 0.7886 	 -0.2140 	 3.4333 	 -0.0004 	 0.0001 	 -0.0019
3.7675 	 3.0082 	 -0.8403 	 12.9646 	 0.7886 	 -0.2140 	 3.4332 	 -0.0004 	 0.0001 	 -0.0019
3.7776 	 3.0161 	 -0.8424 	 12.9990 	 0.7886 	 -0.2140 	 3.4332 	 -0.0004 	 0.0001 	 -0.0019
3.7876 	 3.0240 	 -0.8446 	 13.0334 	 0.7886 	 -0.2140 	 3.4332 	 -0.0004 	 0.0001 	 -0.0018
3.7976 	 3.0319 	 -0.8467 	 13.0678 	 0.7886 	 -0.2140 	 3.4332 	 -0.0004 	 0.0001 	 -0.0018
3.8076 	 3.0398 	 -0.8488 	 13.1022 	 0.7886 	 -0.2140 	 3.4332 	 -0.0004 	 0.0001 	 -0.0018
3.8176 	 3.0477 	 -0.8510 	 13.1366 	 0.7886 	 -0.2140 	 3.4331 	 -0.0004 	 0.0001 	 -0.0018
3.8277 	 3.0556 	 -0.8531 	 13.1710 	 0.7886 	 -0.2140 	 3.4331 	 -0.0004 	 0.0001 	 -0.0018
3.8377 	 3.0635 	 -0.8553 	 13.2054 	 0.7886 	 -0.2140 	 3.4331 	 -0.0004 	 0.0001 	 -0.0018
3.8477 	 3.0714 	 -0.8574 	 13.2398 	 0.7886 	 -0.2140 	 3.4331 	 -0.0004 	 0.0001 	 -0.0018
3.8577 	 3.0793 	 -0.8596 	 13.2742 	 0.7886 	 -0.2140 	 3.4331 	 -0.0004 	 0.0001 	 -0.0018
3.8677 	 3.0872 	 -0.8617 	 13.3086 	 0.7886 	 -0.2140 	 3.4331 	 -0.0004 	 0.0001 	 -0.0018
3.8778 	 3.0951 	 -0.8639 	 13.3430 	 0.7886 	 -0.2140 	 3.4330 	 -0.0004 	 0.0001 	 -0.0018
3.8878 	 3.1030 	 -0.8660 	 13.3774 	 0.7886 	 -0.2140 	 3.4330 	 -0.0004 	 0.0001 	 -0.0018
3.8978 	 3.1109 	 -0.8681 	 13.4118 	 0.7886 	 -0.2140 	 3.4330 	 -0.0004 	 0.0001 	 -0.0017
3.9078 	 3.1188 	 -0.8703 	 13.4462 	 0.7885 	 -0.2140 	 3.4330 	 -0.0004 	 0.0001 	 -0.0017
3.9178 	 3.1267 	 -0.8724 	 13.4806 	 0.7885 	 -0.2140 	 3.4330 	 -0.0004 	 0.0001 	 -0.0017
3.9279 	 3.1346 	 -0.8746 	 13.5150 	 0.7885 	 -0.2140 	 3.4330 	 -0.0004 	 0.0001 	 -0.0017
3.9379 	 3.1425 	 -0.8767 	 13.5494 	 0.7885 	 -0.2140 	 3.4329 	 -0.0004 	 0.0001 	 -0.0017
3.9479 	 3.1504 	 -0.8789 	 13.5838 	 0.7885 	 -0.2140 	 3.4329 	 -0.0004 	 0.0001 	 -0.0017
3.9579 	 3.1583 	 -0.8810 	 13.6182 	 0.7885 	 -0.2140 	 3.4329 	 -0.0004 	 0.0001 	 -0.0017
3.9679 	 3.1662 	 -0.8832 	 13.6526 	 0.7885 	 -0.2140 	 3.4329 	 -0.0004 	 0.0001 	 -0.0017
3.9780 	 3.1741 	 -0.8853 	 13.6870 	 0.7885 	 -0.2140 	 3.4329 	 -0.0004 	 0.0001 	 -0.0017
3.9880 	 3.1820 	 -0.8874 	 13.7214 	 0.7885 	 -0.2140 	 3.4329 	 -0.0004 	 0.0001 	 -0.0017
3.9980 	 3.1899 	 -0.8896 	 13.7558 	 0.7885 	 -0.2140 	 3.4328 	 -0.0004 	 0.0001 	 -0.0017
4.0080 	 3.1978 	 -0.8917 	 13.7902 	 0.7885 	 -0.2140 	 3.4328 	 -0.0004 	 0.0001 	 -0.0016
4.0180 	 3.2057 	 -0.8939 	 13.8246 	 0.7885 	 -0.2140 	 3.4328 	 -0.0004 	 0.0001 	 -0.0016
4.0281 	 3.2136 	 -0.8960 	 13.8590 	 0.7885 	 -0.2140 	 3.4328 	 -0.0004 	 0.0001 	 -0.0016
4.0381 	 3.2215 	 -0.8982 	 13.8934 	 0.7885 	 -0.2140 	 3.4328 	 -0.0004 	 0.0001 	 -0.0016
4.0481 	 3.2294 	 -0.9003 	 13.9278 	 0.7885 	 -0.2140 	 3.4328 	 -0.0004 	 0.0001 	 -0.0016
4.0581 	 3.2373 	 -0.9025 	 13.9622 	 0.7885 	 -0.2140 	 3.4327 	 -0.0004 	 0.0001 	 -0.0016
4.0681 	 3.2452 	 -0.9046 	 13.9966 	 0.7885 	 -0.2140 	 3.4327 	 -0.0004 	 0.0001 	 -0.0016
4.0782 	 3.2531 	 -0.9067 	 14.0310 	 0.7885 	 -0.2140 	 3.4327 	 -0.0004 	 0.0001 	 -0.0016
4.0882 	 3.2610 	 -0.9089 	 14.0654 	 0.7885 	 -0.2140 	 3.4327 	 -0.0004 	 0.0001 	 -0.0016
4.0982 	 3.2689 	 -0.9110 	 14.0998 	 0.7885 	 -0.2140 	 3.4327 	 -0.0003 	 0.0001 	 -0.0016
4.1082 	 3.2768 	 -0.9132 	 14.1342 	 0.7885 	 -0.2140 	 3.4327 	 -0.0003 	 0.0001 	 -0.0016
4.1182 	 3.2847 	 -0.9153 	 14.1686 	 0.7885 	 -0.2140 	 3.4326 	 -0.0003 	 0.0001 	 -0.0016
4.1283 	 3.2926 	 -0.9175 	 14.2029 	 0.7885 	 -0.2140 	 3.4326 	 -0.0003 	 0.0001 	 -0.0016
4.1383 	 3.3005 	 -0.9196 	 14.2373 	 0.7885 	 -0.2140 	 3.4326 	 -0.0003 	 0.0001 	 -0.0015
4.1483 	 3.3084 	 -0.9218 	 14.2717 	 0.7885 	 -0.2140 	 3.4326 	 -0.0003 	 0.0001 	 -0.0015
4.1583 	 3.3163 	 -0.9239 	 14.3061 	 0.7885 	 -0.2140 	 3.4326 	 -0.0003 	 0.0001 	 -0.0015
4.1683 	 3.3242 	 -0.9260 	 14.3405 	 0.7885 	 -0.2140 	 3.4326 	 -0.0003 	 0.0001 	 -0.0015
4.1784 	 3.3321 	 -0.9282 	 14.3749 	 0.7884 	 -0.2140 	 3.4325 	 -0.0003 	 0.0001 	 -0.0015
4.1884 	 3.3400 	 -0.9303 	 14.4093 	 0.7884 	 -0.2140 	 3.4325 	 -0.0003 	 0.0001 	 -0.0015
4.1984 	 3.3479 	 -0.9325 	 14.4437 	 0.7884 	 -0.2140 	 3.4325 	 -0.0003 	 0.0001 	 -0.0015
4.2084 	 3.3558 	 -0.9346 	 14.4781 	 0.7884 	 -0.2140 	 3.4325 	 -0.0003 	 0.0001 	 -0.0015
4.2184 	 3.3637 	 -0.9368 	 14.5125 	 0.7884 	 -0.2140 	 3.4325 	 -0.0003 	 0.0001 	 -0.0015
4.2285 	 3.3716 	 -0.9389 	 14.5469 	 0.7884 	 -0.2140 	 3.4325 	 -0.0003 	 0.0001 	 -0.0015
4.2385 	 3.3795 	 -0.9411 	 14.5813 	 0.7884 	 -0.2140 	 3.4325 	 -0.0003 	 0.0001 	 -0.0015
4.2485 	 3.3874 	 -0.9432 	 14.6157 	 0.7884 	 -0.2140 	 3.4324 	 -0.0003 	 0.0001 	 -0.0015
4.2585 	 3.3953 	 -0.9453 	 14.6501 	 0.7884 	 -0.2140 	 3.4324 	 -0.0003 	 0.0001 	 -0.0015
4.2685 	 3.4032 	 -0.9475 	 14.6845 	 0.7884 	 -0.2140 	 3.4324 	 -0.0003 	 0.0001 	 -0.0015
4.2786 	 3.4111 	 -0.9496 	 14.7189 	 0.7884 	 -0.2140 	 3.4324 	 -0.0003 	 0.0001 	 -0.0014
4.2886 	 3.4190 	 -0.9518 	 14.7533 	 0.7884 	 -0.2140 	 3.4324 	 -0.0003 	 0.0001 	 -0.0014
4.2986 	 3.4269 	 -0.9539 	 14.7876 	 0.7884 	 -0.2140 	 3.4324 	 -0.0003 	 0.0001 	 -0.0014
4.3086 	 3.4348 	 -0.9561 	 14.8220 	 0.7884 	 -0.2140 	 3.4324 	 -0.0003 	 0.0001 	 -0.0014
4.3186 	 3.4427 	 -0.9582 	 14.8564 	 0.7884 	 -0.2140 	 3.4323 	 -0.0003 	 0.0001 	 -0.0014
4.3287 	 3.4506 	 -0.9603 	 14.8908 	 0.7884 	 -0.2140 	 3.4323 	 -0.0003 	 0.0001 	 -0.0014
4.3387 	 3.4585 	 -0.9625 	 14.9252 	 0.7884 	 -0.2140 	 3.4323 	 -0.0003 	 0.0001 	 -0.0014
4.3487 	 3.4664 	 -0.9646 	 14.9596 	 0.7884 	 -0.2140 	 3.4323 	 -0.0003 	 0.0001 	 -0.0014
4.3587 	 3.4743 	 -0.9668 	 14.9940 	 0.7884 	 -0.2140 	 3.4323 	 -0.0003 	 0.0001 	 -0.0014
4.3687 	 3.4822 	 -0.9689 	 15.0284 	 0.7884 	 -0.2140 	 3.4323 	 -0.0003 	 0.0001 	 -0.0014
4.3788 	 3.4901 	 -0.9711 	 15.0628 	 0.7884 	 -0.2140 	 3.4323 	 -0.0003 	 0.0001 	 -0.0014
4.3888 	 3.4980 	 -0.9732 	 15.0972 	 0.7884 	 -0.2140 	 3.4322 	 -0.0003 	 0.0001 	 -0.0014
4.3988 	 3.5059 	 -0.9754 	 15.1316 	 0.7884 	 -0.2140 	 3.4322 	 -0.0003 	 0.0001 	 -0.0014
4.4088 	 3.5138 	 -0.9775 	 15.1660 	 0.7884 	 -0.2140 	 3.4322 	 -0.0003 	 0.0001 	 -0.0014
4.4188 	 3.5217 	 -0.9796 	 15.2003 	 0.7884 	 -0.2140 	 3.4322 	 -0.0003 	 0.0001 	 -0.0014
4.4289 	 3.5296 	 -0.9818 	 15.2347 	 0.7884 	 -0.2140 	 3.4322 	 -0.0003 	 0.0001 	 -0.0013
4.4389 	 3.5375 	 -0.9839 	 15.2691 	 0.7884 	 -0.2140 	 3.4322 	 -0.0003 	 0.0001 	 -0.0013
4.4489 	 3.5454 	 -0.9861 	 15.3035 	 0.7884 	 -0.2140 	 3.4322 	 -0.0003 	 0.0001 	 -0.0013
4.4589 	 3.5533 	 -0.9882 	 15.3379 	 0.7884 	 -0.2140 	 3.4321 	 -0.0003 	 0.0001 	 -0.0013
4.4689 	 3.5612 	 -0.9904 	 15.3723 	 0.7884 	 -0.2140 	 3.4321 	 -0.0003 	 0.0001 	 -0.0013
4.4790 	 3.5691 	 -0.9925 	 15.4067 	 0.7884 	 -0.2140 	 3.4321 	 -0.0003 	 0.0001 	 -0.0013
4.4890 	 3.5770 	 -0.9947 	 15.4411 	 0.7884 	 -0.2140 	 3.4321 	 -0.0003 	 0.0001 	 -0.0013
4.4990 	 3.5849 	 -0.9968 	 15.4755 	 0.7884 	 -0.2140 	 3.4321 	 -0.0003 	 0.0001 	 -0.0013
4.5090 	 3.5928 	 -0.9989 	 15.5099 	 0.7883 	 -0.2140 	 3.4321 	 -0.0003 	 0.0001 	 -0.0013
4.5190 	 3.6007 	 -1.0011 	 15.5442 	 0.7883 	 -0.2140 	 3.4321 	 -0.0003 	 0.0001 	 -0.0013
4.5291 	 3.6086 	 -1.0032 	 15.5786 	 0.7883 	 -0.2140 	 3.4321 	 -0.0003 	 0.0001 	 -0.0013
4.5391 	 3.6165 	 -1.0054 	 15.6130 	 0.7883 	 -0.2140 	 3.4320 	 -0.0003 	 0.0001 	 -0.0013
4.5491 	 3.6244 	 -1.0075 	 15.6474 	 0.7883 	 -0.2140 	 3.4320 	 -0.0003 	 0.0001 	 -0.0013
4.5591 	 3.6323 	 -1.0097 	 15.6818 	 0.7883 	 -0.2140 	 3.4320 	 -0.0003 	 0.0001 	 -0.0013
4.5691 	 3.6402 	 -1.0118 	 15.7162 	 0.7883 	 -0.2140 	 3.4320 	 -0.0003 	 0.0001 	 -0.0013
4.5792 	 3.6481 	 -1.0139 	 15.7506 	 0.7883 	 -0.2140 	 3.4320 	 -0.0003 	 0.0001 	 -0.0013
4.5892 	 3.6560 	 -1.0161 	 15.7850 	 0.7883 	 -0.2140 	 3.4320 	 -0.0003 	 0.0001 	 -0.0013
4.5992 	 3.6639 	 -1.0182 	 15.8194 	 0.7883 	 -0.2140 	 3.4320 	 -0.0003 	 0.0001 	 -0.0013
4.6092 	 3.6718 	 -1.0204 	 15.8537 	 0.7883 	 -0.2140 	 3.4320 	 -0.0003 	 0.0001 	 -0.0012
4.6192 	 3.6797 	 -1.0225 	 15.8881 	 0.7883 	 -0.2140 	 3.4319 	 -0.0003 	 0.0001 	 -0.0012
4.6293 	 3.6876 	 -1.0247 	 15.9225 	 0.7883 	 -0.2140 	 3.4319 	 -0.0003 	 0.0001 	 -0.0012
4.6393 	 3.6955 	 -1.0268 	 15.9569 	 0.7883 	 -0.2140 	 3.4319 	 -0.0003 	 0.0001 	 -0.0012
4.6493 	 3.7034 	 -1.0290 	 15.9913 	 0.7883 	 -0.2139 	 3.4319 	 -0.0003 	 0.0001 	 -0.0012
4.6593 	 3.7113 	 -1.0311 	 16.0257 	 0.7883 	 -0.2139 	 3.4319 	 -0.0003 	 0.0001 	 -0.0012
4.6693 	 3.7192 	 -1.0332 	 16.0601 	 0.7883 	 -0.2139 	 3.4319 	 -0.0003 	 0.0001 	 -0.0012
4.6794 	 3.7271 	 -1.0354 	 16.0945 	 0.7883 	 -0.2139 	 3.4319 	 -0.0003 	 0.0001 	 -0.0012
4.6894 	 3.7350 	 -1.0375 	 16.1288 	 0.7883 	 -0.2139 	 3.4319 	 -0.0003 	 0.0001 	 -0.0012
4.6994 	 3.7429 	 -1.0397 	 16.1632 	 0.7883 	 -0.2139 	 3.4318 	 -0.0003 	 0.0001 	 -0.0012
4.7094 	 3.7508 	 -1.0418 	 16.1976 	 0.7883 	 -0.2139 	 3.4318 	 -0.0003 	 0.0001 	 -0.0012
4.7194 	 3.7587 	 -1.0440 	 16.2320 	 0.7883 	 -0.2139 	 3.4318 	 -0.0003 	 0.0001 	 -0.0012
4.7295 	 3.7666 	 -1.0461 	 16.2664 	 0.7883 	 -0.2139 	 3.4318 	 -0.0003 	 0.0001 	 -0.0012
4.7395 	 3.7745 	 -1.0482 	 16.3008 	 0.7883 	 -0.2139 	 3.4318 	 -0.0003 	 0.0001 	 -0.0012
4.7495 	 3.7824 	 -1.0504 	 16.3352 	 0.7883 	 -0.2139 	 3.4318 	 -0.0003 	 0.0001 	 -0.0012
4.7595 	 3.7903 	 -1.0525 	 16.3696 	 0.7883 	 -0.2139 	 3.4318 	 -0.0003 	 0.0001 	 -0.0012
4.7695 	 3.7982 	 -1.0547 	 16.4039 	 0.7883 	 -0.2139 	 3.4318 	 -0.0003 	 0.0001 	 -0.0012
4.7796 	 3.8061 	 -1.0568 	 16.4383 	 0.7883 	 -0.2139 	 3.4318 	 -0.0003 	 0.0001 	 -0.0012
4.7896 	 3.8140 	 -1.0590 	 16.4727 	 0.7883 	 -0.2139 	 3.4317 	 -0.0003 	 0.0001 	 -0.0012
4.7996 	 3.8219 	 -1.0611 	 16.5071 	 0.7883 	 -0.2139 	 3.4317 	 -0.0003 	 0.0001 	 -0.0011
4.8096 	 3.8298 	 -1.0633 	 16.5415 	 0.7883 	 -0.2139 	 3.4317 	 -0.0003 	 0.0001 	 -0.0011
4.8196 	 3.8377 	 -1.0654 	 16.5759 	 0.7883 	 -0.2139 	 3.4317 	 -0.0002 	 0.0001 	 -0.0011
4.8297 	 3.8456 	 -1.0675 	 16.6103 	 0.7883 	 -0.2139 	 3.4317 	 -0.0002 	 0.0001 	 -0.0011
4.8397 	 3.8535 	 -1.0697 	 16.6446 	 0.7883 	 -0.2139 	 3.4317 	 -0.0002 	 0.0001 	 -0.0011
4.8497 	 3.8614 	 -1.0718 	 16.6790 	 0.7883 	 -0.2139 	 3.4317 	 -0.0002 	 0.0001 	 -0.0011
4.8597 	 3.8693 	 -1.0740 	 16.7134 	 0.7883 	 -0.2139 	 3.4317 	 -0.0002 	 0.0001 	 -0.0011
4.8697 	 3.8772 	 -1.0761 	 16.7478 	 0.7883 	 -0.2139 	 3.4316 	 -0.0002 	 0.0001 	 -0.0011
4.8798 	 3.8851 	 -1.0783 	 16.7822 	 0.7882 	 -0.2139 	 3.4316 	 -0.0002 	 0.0001 	 -0.0011
4.8898 	 3.8930 	 -1.0804 	 16.8166 	 0.7882 	 -0.2139 	 3.4316 	 -0.0002 	 0.0001 	 -0.0011
4.8998 	 3.9009 	 -1.0825 	 16.8510 	 0.7882 	 -0.2139 	 3.4316 	 -0.0002 	 0.0001 	 -0.0011
4.9098 	 3.9088 	 -1.0847 	 16.8853 	 0.7882 	 -0.2139 	 3.4316 	 -0.0002 	 0.0001 	 -0.0011
4.9198 	 3.9167 	 -1.0868 	 16.9197 	 0.7882 	 -0.2139 	 3.4316 	 -0.0002 	 0.0001 	 -0.0011
4.9299 	 3.9246 	 -1.0890 	 16.9541 	 0.7882 	 -0.2139 	 3.4316 	 -0.0002 	 0.0001 	 -0.0011
4.9399 	 3.9325 	 -1.0911 	 16.9885 	 0.7882 	 -0.2139 	 3.4316 	 -0.0002 	 0.0001 	 -0.0011
4.9499 	 3.9404 	 -1.0933 	 17.0229 	 0.7882 	 -0.2139 	 3.4316 	 -0.0002 	 0.0001 	 -0.0011
4.9599 	 3.9483 	 -1.0954 	 17.0573 	 0.7882 	 -0.2139 	 3.4316 	 -0.0002 	 0.0001 	 -0.0011
4.9699 	 3.9562 	 -1.0976 	 17.0916 	 0.7882 	 -0.2139 	 3.4315 	 -0.0002 	 0.0001 	 -0.0011
4.9800 	 3.9641 	 -1.0997 	 17.1260 	 0.7882 	 -0.2139 	 3.4315 	 -0.0002 	 0.0001 	 -0.0011
4.9900 	 3.9720 	 -1.1018 	 17.1604 	 0.7882 	 -0.2139 	 3.4315 	 -0.0002 	 0.0001 	 -0.0011
