100-Body Run with i = 78 th particle. (Units in pc,M_solar,Myr, km s-1) 

time		 x 		 y 		 z 		 xdot 		 ydot 		 zdot 		 xddot 		 yddot 		 zddot
0.0000 	 0.7534 	 -1.0377 	 -0.0699 	 0.0048 	 0.0116 	 0.0265 	 -0.1128 	 0.1703 	 -0.0098
0.0100 	 0.7534 	 -1.0375 	 -0.0696 	 0.0037 	 0.0133 	 0.0264 	 -0.1128 	 0.1703 	 -0.0099
0.0200 	 0.7534 	 -1.0374 	 -0.0693 	 0.0026 	 0.0150 	 0.0263 	 -0.1128 	 0.1703 	 -0.0099
0.0301 	 0.7535 	 -1.0372 	 -0.0691 	 0.0015 	 0.0167 	 0.0262 	 -0.1127 	 0.1702 	 -0.0100
0.0401 	 0.7535 	 -1.0371 	 -0.0688 	 0.0003 	 0.0184 	 0.0261 	 -0.1115 	 0.1699 	 -0.0095
0.0501 	 0.7535 	 -1.0369 	 -0.0685 	 -0.0008 	 0.0201 	 0.0260 	 -0.1092 	 0.1670 	 -0.0091
0.0601 	 0.7535 	 -1.0367 	 -0.0683 	 -0.0019 	 0.0218 	 0.0259 	 -0.1091 	 0.1658 	 -0.0094
0.0701 	 0.7534 	 -1.0364 	 -0.0680 	 -0.0030 	 0.0234 	 0.0258 	 -0.1089 	 0.1652 	 -0.0096
0.0802 	 0.7534 	 -1.0362 	 -0.0678 	 -0.0040 	 0.0251 	 0.0257 	 -0.1088 	 0.1649 	 -0.0096
0.0902 	 0.7534 	 -1.0359 	 -0.0675 	 -0.0051 	 0.0267 	 0.0256 	 -0.1087 	 0.1645 	 -0.0096
0.1002 	 0.7533 	 -1.0357 	 -0.0673 	 -0.0062 	 0.0284 	 0.0255 	 -0.1086 	 0.1642 	 -0.0095
0.1102 	 0.7532 	 -1.0354 	 -0.0670 	 -0.0073 	 0.0300 	 0.0254 	 -0.1085 	 0.1639 	 -0.0094
0.1202 	 0.7532 	 -1.0351 	 -0.0668 	 -0.0084 	 0.0317 	 0.0253 	 -0.1084 	 0.1636 	 -0.0091
0.1303 	 0.7531 	 -1.0347 	 -0.0665 	 -0.0095 	 0.0333 	 0.0252 	 -0.1083 	 0.1633 	 -0.0088
0.1403 	 0.7530 	 -1.0344 	 -0.0662 	 -0.0106 	 0.0349 	 0.0251 	 -0.1083 	 0.1631 	 -0.0085
0.1503 	 0.7528 	 -1.0340 	 -0.0660 	 -0.0117 	 0.0366 	 0.0251 	 -0.1082 	 0.1628 	 -0.0081
0.1603 	 0.7527 	 -1.0337 	 -0.0657 	 -0.0127 	 0.0382 	 0.0250 	 -0.1081 	 0.1621 	 -0.0076
0.1703 	 0.7526 	 -1.0333 	 -0.0655 	 -0.0138 	 0.0398 	 0.0249 	 -0.1076 	 0.1601 	 -0.0073
0.1804 	 0.7524 	 -1.0329 	 -0.0652 	 -0.0149 	 0.0414 	 0.0248 	 -0.1067 	 0.1585 	 -0.0071
0.1904 	 0.7523 	 -1.0324 	 -0.0650 	 -0.0160 	 0.0430 	 0.0248 	 -0.1060 	 0.1576 	 -0.0070
0.2004 	 0.7521 	 -1.0320 	 -0.0647 	 -0.0170 	 0.0446 	 0.0247 	 -0.1056 	 0.1570 	 -0.0067
0.2104 	 0.7520 	 -1.0315 	 -0.0645 	 -0.0181 	 0.0461 	 0.0246 	 -0.1055 	 0.1566 	 -0.0064
0.2204 	 0.7518 	 -1.0311 	 -0.0643 	 -0.0191 	 0.0477 	 0.0246 	 -0.1055 	 0.1562 	 -0.0060
0.2305 	 0.7516 	 -1.0306 	 -0.0640 	 -0.0202 	 0.0493 	 0.0245 	 -0.1055 	 0.1558 	 -0.0057
0.2405 	 0.7514 	 -1.0301 	 -0.0638 	 -0.0212 	 0.0508 	 0.0245 	 -0.1056 	 0.1553 	 -0.0053
0.2505 	 0.7511 	 -1.0296 	 -0.0635 	 -0.0223 	 0.0524 	 0.0244 	 -0.1057 	 0.1549 	 -0.0050
0.2605 	 0.7509 	 -1.0290 	 -0.0633 	 -0.0234 	 0.0539 	 0.0244 	 -0.1058 	 0.1545 	 -0.0047
0.2705 	 0.7507 	 -1.0285 	 -0.0630 	 -0.0244 	 0.0555 	 0.0243 	 -0.1059 	 0.1541 	 -0.0044
0.2806 	 0.7504 	 -1.0279 	 -0.0628 	 -0.0255 	 0.0570 	 0.0243 	 -0.1060 	 0.1536 	 -0.0041
0.2906 	 0.7502 	 -1.0273 	 -0.0625 	 -0.0265 	 0.0585 	 0.0242 	 -0.1061 	 0.1532 	 -0.0038
0.3006 	 0.7499 	 -1.0268 	 -0.0623 	 -0.0276 	 0.0601 	 0.0242 	 -0.1061 	 0.1528 	 -0.0035
0.3106 	 0.7496 	 -1.0261 	 -0.0621 	 -0.0287 	 0.0616 	 0.0242 	 -0.1062 	 0.1523 	 -0.0033
0.3206 	 0.7493 	 -1.0255 	 -0.0618 	 -0.0297 	 0.0631 	 0.0241 	 -0.1062 	 0.1519 	 -0.0031
0.3307 	 0.7490 	 -1.0249 	 -0.0616 	 -0.0308 	 0.0647 	 0.0241 	 -0.1062 	 0.1515 	 -0.0029
0.3407 	 0.7487 	 -1.0242 	 -0.0613 	 -0.0319 	 0.0662 	 0.0241 	 -0.1061 	 0.1511 	 -0.0028
0.3507 	 0.7484 	 -1.0236 	 -0.0611 	 -0.0329 	 0.0677 	 0.0240 	 -0.1060 	 0.1508 	 -0.0026
0.3607 	 0.7480 	 -1.0229 	 -0.0609 	 -0.0340 	 0.0692 	 0.0240 	 -0.1059 	 0.1504 	 -0.0026
0.3707 	 0.7477 	 -1.0222 	 -0.0606 	 -0.0350 	 0.0707 	 0.0240 	 -0.1058 	 0.1501 	 -0.0025
0.3808 	 0.7473 	 -1.0214 	 -0.0604 	 -0.0361 	 0.0722 	 0.0240 	 -0.1057 	 0.1499 	 -0.0025
0.3908 	 0.7470 	 -1.0207 	 -0.0601 	 -0.0372 	 0.0737 	 0.0239 	 -0.1055 	 0.1496 	 -0.0025
0.4008 	 0.7466 	 -1.0200 	 -0.0599 	 -0.0382 	 0.0752 	 0.0239 	 -0.1053 	 0.1494 	 -0.0026
0.4108 	 0.7462 	 -1.0192 	 -0.0597 	 -0.0393 	 0.0767 	 0.0239 	 -0.1050 	 0.1492 	 -0.0026
0.4208 	 0.7458 	 -1.0184 	 -0.0594 	 -0.0403 	 0.0782 	 0.0239 	 -0.1048 	 0.1491 	 -0.0027
0.4309 	 0.7454 	 -1.0176 	 -0.0592 	 -0.0414 	 0.0797 	 0.0238 	 -0.1045 	 0.1490 	 -0.0028
0.4409 	 0.7450 	 -1.0168 	 -0.0589 	 -0.0424 	 0.0812 	 0.0238 	 -0.1043 	 0.1489 	 -0.0030
0.4509 	 0.7445 	 -1.0160 	 -0.0587 	 -0.0435 	 0.0827 	 0.0238 	 -0.1040 	 0.1489 	 -0.0031
0.4609 	 0.7441 	 -1.0152 	 -0.0585 	 -0.0445 	 0.0842 	 0.0237 	 -0.1038 	 0.1488 	 -0.0032
0.4709 	 0.7437 	 -1.0143 	 -0.0582 	 -0.0455 	 0.0856 	 0.0237 	 -0.1035 	 0.1488 	 -0.0034
0.4810 	 0.7432 	 -1.0135 	 -0.0580 	 -0.0466 	 0.0871 	 0.0237 	 -0.1033 	 0.1489 	 -0.0035
0.4910 	 0.7427 	 -1.0126 	 -0.0577 	 -0.0476 	 0.0886 	 0.0236 	 -0.1031 	 0.1489 	 -0.0037
0.5010 	 0.7422 	 -1.0117 	 -0.0575 	 -0.0486 	 0.0901 	 0.0236 	 -0.1029 	 0.1490 	 -0.0038
0.5110 	 0.7417 	 -1.0108 	 -0.0573 	 -0.0497 	 0.0916 	 0.0236 	 -0.1003 	 0.1442 	 -0.0054
0.5210 	 0.7412 	 -1.0099 	 -0.0570 	 -0.0507 	 0.0931 	 0.0235 	 -0.0996 	 0.1443 	 -0.0055
0.5311 	 0.7407 	 -1.0089 	 -0.0568 	 -0.0517 	 0.0945 	 0.0234 	 -0.0995 	 0.1444 	 -0.0056
0.5411 	 0.7402 	 -1.0080 	 -0.0566 	 -0.0527 	 0.0959 	 0.0234 	 -0.0993 	 0.1444 	 -0.0057
0.5511 	 0.7397 	 -1.0070 	 -0.0563 	 -0.0537 	 0.0974 	 0.0233 	 -0.0992 	 0.1445 	 -0.0058
0.5611 	 0.7391 	 -1.0060 	 -0.0561 	 -0.0547 	 0.0988 	 0.0233 	 -0.0991 	 0.1446 	 -0.0059
0.5711 	 0.7386 	 -1.0050 	 -0.0559 	 -0.0556 	 0.1003 	 0.0232 	 -0.0990 	 0.1447 	 -0.0060
0.5812 	 0.7380 	 -1.0040 	 -0.0556 	 -0.0566 	 0.1017 	 0.0232 	 -0.0990 	 0.1448 	 -0.0061
0.5912 	 0.7374 	 -1.0030 	 -0.0554 	 -0.0576 	 0.1032 	 0.0231 	 -0.0989 	 0.1449 	 -0.0061
0.6012 	 0.7369 	 -1.0019 	 -0.0552 	 -0.0586 	 0.1046 	 0.0230 	 -0.0989 	 0.1451 	 -0.0062
0.6112 	 0.7363 	 -1.0009 	 -0.0549 	 -0.0596 	 0.1061 	 0.0230 	 -0.0989 	 0.1452 	 -0.0062
0.6212 	 0.7357 	 -0.9998 	 -0.0547 	 -0.0606 	 0.1076 	 0.0229 	 -0.0990 	 0.1453 	 -0.0063
0.6313 	 0.7351 	 -0.9987 	 -0.0545 	 -0.0616 	 0.1090 	 0.0228 	 -0.0992 	 0.1455 	 -0.0063
0.6413 	 0.7344 	 -0.9976 	 -0.0543 	 -0.0626 	 0.1105 	 0.0228 	 -0.0994 	 0.1457 	 -0.0064
0.6513 	 0.7338 	 -0.9965 	 -0.0540 	 -0.0636 	 0.1119 	 0.0227 	 -0.0996 	 0.1459 	 -0.0064
0.6613 	 0.7332 	 -0.9954 	 -0.0538 	 -0.0646 	 0.1134 	 0.0227 	 -0.0999 	 0.1461 	 -0.0064
0.6713 	 0.7325 	 -0.9942 	 -0.0536 	 -0.0656 	 0.1149 	 0.0226 	 -0.1002 	 0.1463 	 -0.0065
0.6814 	 0.7318 	 -0.9931 	 -0.0533 	 -0.0666 	 0.1163 	 0.0225 	 -0.1003 	 0.1468 	 -0.0060
0.6914 	 0.7312 	 -0.9919 	 -0.0531 	 -0.0676 	 0.1178 	 0.0225 	 -0.0981 	 0.1457 	 -0.0050
0.7014 	 0.7305 	 -0.9907 	 -0.0529 	 -0.0686 	 0.1192 	 0.0224 	 -0.0988 	 0.1441 	 -0.0069
0.7114 	 0.7298 	 -0.9895 	 -0.0527 	 -0.0696 	 0.1207 	 0.0223 	 -0.0998 	 0.1441 	 -0.0075
0.7214 	 0.7291 	 -0.9883 	 -0.0524 	 -0.0706 	 0.1221 	 0.0223 	 -0.1005 	 0.1442 	 -0.0077
0.7315 	 0.7284 	 -0.9871 	 -0.0522 	 -0.0716 	 0.1236 	 0.0222 	 -0.1011 	 0.1443 	 -0.0077
0.7415 	 0.7277 	 -0.9858 	 -0.0520 	 -0.0726 	 0.1250 	 0.0221 	 -0.1017 	 0.1444 	 -0.0076
0.7515 	 0.7269 	 -0.9846 	 -0.0518 	 -0.0736 	 0.1265 	 0.0220 	 -0.1023 	 0.1444 	 -0.0075
0.7615 	 0.7262 	 -0.9833 	 -0.0516 	 -0.0746 	 0.1279 	 0.0220 	 -0.1030 	 0.1444 	 -0.0074
0.7715 	 0.7254 	 -0.9820 	 -0.0513 	 -0.0757 	 0.1294 	 0.0219 	 -0.1036 	 0.1444 	 -0.0072
0.7816 	 0.7247 	 -0.9807 	 -0.0511 	 -0.0767 	 0.1308 	 0.0218 	 -0.1042 	 0.1444 	 -0.0069
0.7916 	 0.7239 	 -0.9794 	 -0.0509 	 -0.0778 	 0.1323 	 0.0217 	 -0.1049 	 0.1443 	 -0.0066
0.8016 	 0.7231 	 -0.9780 	 -0.0507 	 -0.0788 	 0.1337 	 0.0217 	 -0.1055 	 0.1442 	 -0.0063
0.8116 	 0.7223 	 -0.9767 	 -0.0505 	 -0.0799 	 0.1352 	 0.0216 	 -0.1061 	 0.1440 	 -0.0060
0.8216 	 0.7215 	 -0.9753 	 -0.0503 	 -0.0810 	 0.1366 	 0.0216 	 -0.1067 	 0.1438 	 -0.0056
0.8317 	 0.7207 	 -0.9740 	 -0.0500 	 -0.0820 	 0.1380 	 0.0215 	 -0.1072 	 0.1436 	 -0.0053
0.8417 	 0.7199 	 -0.9726 	 -0.0498 	 -0.0831 	 0.1395 	 0.0215 	 -0.1077 	 0.1434 	 -0.0049
0.8517 	 0.7190 	 -0.9712 	 -0.0496 	 -0.0842 	 0.1409 	 0.0214 	 -0.1082 	 0.1432 	 -0.0046
0.8617 	 0.7182 	 -0.9697 	 -0.0494 	 -0.0853 	 0.1423 	 0.0214 	 -0.1086 	 0.1430 	 -0.0042
0.8717 	 0.7173 	 -0.9683 	 -0.0492 	 -0.0864 	 0.1438 	 0.0213 	 -0.1089 	 0.1428 	 -0.0039
0.8818 	 0.7165 	 -0.9669 	 -0.0490 	 -0.0875 	 0.1452 	 0.0213 	 -0.1092 	 0.1426 	 -0.0037
0.8918 	 0.7156 	 -0.9654 	 -0.0488 	 -0.0885 	 0.1466 	 0.0213 	 -0.1094 	 0.1424 	 -0.0034
0.9018 	 0.7147 	 -0.9639 	 -0.0485 	 -0.0896 	 0.1481 	 0.0212 	 -0.1096 	 0.1423 	 -0.0032
0.9118 	 0.7138 	 -0.9624 	 -0.0483 	 -0.0907 	 0.1495 	 0.0212 	 -0.1098 	 0.1423 	 -0.0030
0.9218 	 0.7129 	 -0.9609 	 -0.0481 	 -0.0918 	 0.1509 	 0.0212 	 -0.1100 	 0.1422 	 -0.0029
0.9319 	 0.7119 	 -0.9594 	 -0.0479 	 -0.0929 	 0.1523 	 0.0211 	 -0.1101 	 0.1423 	 -0.0028
0.9419 	 0.7110 	 -0.9579 	 -0.0477 	 -0.0941 	 0.1538 	 0.0211 	 -0.1103 	 0.1424 	 -0.0027
0.9519 	 0.7100 	 -0.9563 	 -0.0475 	 -0.0952 	 0.1552 	 0.0211 	 -0.1105 	 0.1425 	 -0.0027
0.9619 	 0.7091 	 -0.9548 	 -0.0473 	 -0.0963 	 0.1566 	 0.0210 	 -0.1107 	 0.1428 	 -0.0027
0.9719 	 0.7081 	 -0.9532 	 -0.0471 	 -0.0974 	 0.1580 	 0.0210 	 -0.1109 	 0.1431 	 -0.0027
0.9820 	 0.7071 	 -0.9516 	 -0.0468 	 -0.0985 	 0.1595 	 0.0210 	 -0.1112 	 0.1434 	 -0.0027
0.9920 	 0.7061 	 -0.9500 	 -0.0466 	 -0.0996 	 0.1609 	 0.0210 	 -0.1114 	 0.1438 	 -0.0028
1.0020 	 0.7051 	 -0.9484 	 -0.0464 	 -0.1007 	 0.1624 	 0.0209 	 -0.1118 	 0.1442 	 -0.0028
1.0120 	 0.7041 	 -0.9467 	 -0.0462 	 -0.1018 	 0.1638 	 0.0209 	 -0.1121 	 0.1447 	 -0.0029
1.0220 	 0.7031 	 -0.9451 	 -0.0460 	 -0.1030 	 0.1653 	 0.0209 	 -0.1126 	 0.1453 	 -0.0030
1.0321 	 0.7021 	 -0.9434 	 -0.0458 	 -0.1041 	 0.1667 	 0.0208 	 -0.1130 	 0.1458 	 -0.0032
1.0421 	 0.7010 	 -0.9417 	 -0.0456 	 -0.1052 	 0.1682 	 0.0208 	 -0.1136 	 0.1464 	 -0.0035
1.0521 	 0.7000 	 -0.9401 	 -0.0454 	 -0.1064 	 0.1697 	 0.0208 	 -0.1141 	 0.1470 	 -0.0040
1.0621 	 0.6989 	 -0.9383 	 -0.0452 	 -0.1075 	 0.1711 	 0.0207 	 -0.1147 	 0.1475 	 -0.0044
1.0721 	 0.6978 	 -0.9366 	 -0.0450 	 -0.1087 	 0.1726 	 0.0207 	 -0.1152 	 0.1481 	 -0.0049
1.0822 	 0.6967 	 -0.9349 	 -0.0448 	 -0.1098 	 0.1741 	 0.0206 	 -0.1157 	 0.1487 	 -0.0053
1.0922 	 0.6956 	 -0.9331 	 -0.0446 	 -0.1110 	 0.1756 	 0.0206 	 -0.1163 	 0.1493 	 -0.0057
1.1022 	 0.6945 	 -0.9314 	 -0.0443 	 -0.1122 	 0.1771 	 0.0205 	 -0.1168 	 0.1500 	 -0.0060
1.1122 	 0.6933 	 -0.9296 	 -0.0441 	 -0.1133 	 0.1786 	 0.0205 	 -0.1174 	 0.1507 	 -0.0063
1.1222 	 0.6922 	 -0.9278 	 -0.0439 	 -0.1145 	 0.1801 	 0.0204 	 -0.1180 	 0.1515 	 -0.0067
1.1323 	 0.6911 	 -0.9260 	 -0.0437 	 -0.1157 	 0.1816 	 0.0203 	 -0.1187 	 0.1523 	 -0.0070
1.1423 	 0.6899 	 -0.9242 	 -0.0435 	 -0.1169 	 0.1832 	 0.0203 	 -0.1194 	 0.1532 	 -0.0073
1.1523 	 0.6887 	 -0.9223 	 -0.0433 	 -0.1181 	 0.1847 	 0.0202 	 -0.1202 	 0.1541 	 -0.0077
1.1623 	 0.6875 	 -0.9204 	 -0.0431 	 -0.1193 	 0.1863 	 0.0201 	 -0.1210 	 0.1550 	 -0.0080
1.1723 	 0.6863 	 -0.9186 	 -0.0429 	 -0.1205 	 0.1878 	 0.0200 	 -0.1218 	 0.1560 	 -0.0085
1.1824 	 0.6851 	 -0.9167 	 -0.0427 	 -0.1217 	 0.1894 	 0.0199 	 -0.1226 	 0.1570 	 -0.0089
1.1924 	 0.6839 	 -0.9148 	 -0.0425 	 -0.1230 	 0.1910 	 0.0198 	 -0.1235 	 0.1580 	 -0.0095
1.2024 	 0.6826 	 -0.9129 	 -0.0423 	 -0.1242 	 0.1925 	 0.0197 	 -0.1243 	 0.1590 	 -0.0100
1.2124 	 0.6814 	 -0.9109 	 -0.0421 	 -0.1255 	 0.1941 	 0.0196 	 -0.1252 	 0.1601 	 -0.0107
1.2224 	 0.6801 	 -0.9090 	 -0.0419 	 -0.1267 	 0.1958 	 0.0195 	 -0.1261 	 0.1612 	 -0.0114
1.2325 	 0.6789 	 -0.9070 	 -0.0417 	 -0.1280 	 0.1974 	 0.0194 	 -0.1270 	 0.1624 	 -0.0122
1.2425 	 0.6776 	 -0.9050 	 -0.0415 	 -0.1293 	 0.1990 	 0.0193 	 -0.1279 	 0.1635 	 -0.0131
1.2525 	 0.6763 	 -0.9030 	 -0.0414 	 -0.1306 	 0.2007 	 0.0191 	 -0.1288 	 0.1647 	 -0.0141
1.2625 	 0.6749 	 -0.9010 	 -0.0412 	 -0.1319 	 0.2023 	 0.0190 	 -0.1297 	 0.1658 	 -0.0152
1.2725 	 0.6736 	 -0.8990 	 -0.0410 	 -0.1332 	 0.2040 	 0.0188 	 -0.1306 	 0.1670 	 -0.0164
1.2826 	 0.6723 	 -0.8969 	 -0.0408 	 -0.1345 	 0.2057 	 0.0187 	 -0.1315 	 0.1682 	 -0.0177
1.2926 	 0.6709 	 -0.8948 	 -0.0406 	 -0.1358 	 0.2074 	 0.0185 	 -0.1325 	 0.1695 	 -0.0192
1.3026 	 0.6696 	 -0.8927 	 -0.0404 	 -0.1371 	 0.2091 	 0.0183 	 -0.1335 	 0.1707 	 -0.0209
1.3126 	 0.6682 	 -0.8906 	 -0.0402 	 -0.1385 	 0.2108 	 0.0181 	 -0.1345 	 0.1719 	 -0.0227
1.3226 	 0.6668 	 -0.8885 	 -0.0401 	 -0.1398 	 0.2125 	 0.0178 	 -0.1356 	 0.1731 	 -0.0247
1.3327 	 0.6654 	 -0.8864 	 -0.0399 	 -0.1412 	 0.2142 	 0.0176 	 -0.1368 	 0.1743 	 -0.0270
1.3427 	 0.6640 	 -0.8842 	 -0.0397 	 -0.1426 	 0.2160 	 0.0173 	 -0.1381 	 0.1755 	 -0.0295
1.3527 	 0.6625 	 -0.8821 	 -0.0395 	 -0.1440 	 0.2178 	 0.0170 	 -0.1394 	 0.1767 	 -0.0322
1.3627 	 0.6611 	 -0.8799 	 -0.0394 	 -0.1454 	 0.2195 	 0.0166 	 -0.1408 	 0.1778 	 -0.0353
1.3727 	 0.6596 	 -0.8777 	 -0.0392 	 -0.1468 	 0.2213 	 0.0163 	 -0.1424 	 0.1789 	 -0.0387
1.3828 	 0.6581 	 -0.8754 	 -0.0390 	 -0.1482 	 0.2231 	 0.0159 	 -0.1440 	 0.1799 	 -0.0424
1.3928 	 0.6566 	 -0.8732 	 -0.0389 	 -0.1497 	 0.2249 	 0.0154 	 -0.1458 	 0.1809 	 -0.0465
1.4028 	 0.6551 	 -0.8709 	 -0.0387 	 -0.1511 	 0.2267 	 0.0149 	 -0.1478 	 0.1818 	 -0.0511
1.4128 	 0.6536 	 -0.8686 	 -0.0386 	 -0.1526 	 0.2286 	 0.0144 	 -0.1498 	 0.1825 	 -0.0562
1.4228 	 0.6521 	 -0.8663 	 -0.0384 	 -0.1541 	 0.2304 	 0.0138 	 -0.1519 	 0.1831 	 -0.0618
1.4329 	 0.6505 	 -0.8640 	 -0.0383 	 -0.1557 	 0.2322 	 0.0132 	 -0.1540 	 0.1835 	 -0.0679
1.4429 	 0.6489 	 -0.8617 	 -0.0382 	 -0.1572 	 0.2341 	 0.0124 	 -0.1562 	 0.1835 	 -0.0746
1.4529 	 0.6474 	 -0.8593 	 -0.0381 	 -0.1588 	 0.2359 	 0.0117 	 -0.1583 	 0.1832 	 -0.0820
1.4629 	 0.6458 	 -0.8570 	 -0.0379 	 -0.1604 	 0.2377 	 0.0108 	 -0.1604 	 0.1825 	 -0.0899
1.4729 	 0.6442 	 -0.8546 	 -0.0378 	 -0.1620 	 0.2396 	 0.0099 	 -0.1622 	 0.1811 	 -0.0984
1.4830 	 0.6425 	 -0.8522 	 -0.0377 	 -0.1636 	 0.2414 	 0.0088 	 -0.1636 	 0.1790 	 -0.1075
1.4930 	 0.6409 	 -0.8497 	 -0.0377 	 -0.1653 	 0.2432 	 0.0077 	 -0.1647 	 0.1762 	 -0.1169
1.5030 	 0.6392 	 -0.8473 	 -0.0376 	 -0.1669 	 0.2449 	 0.0065 	 -0.1652 	 0.1724 	 -0.1266
1.5130 	 0.6375 	 -0.8448 	 -0.0375 	 -0.1686 	 0.2466 	 0.0052 	 -0.1649 	 0.1675 	 -0.1363
1.5230 	 0.6358 	 -0.8423 	 -0.0375 	 -0.1702 	 0.2483 	 0.0037 	 -0.1639 	 0.1615 	 -0.1458
1.5331 	 0.6341 	 -0.8399 	 -0.0375 	 -0.1719 	 0.2498 	 0.0022 	 -0.1620 	 0.1545 	 -0.1545
1.5431 	 0.6324 	 -0.8373 	 -0.0374 	 -0.1735 	 0.2513 	 0.0007 	 -0.1591 	 0.1464 	 -0.1623
1.5531 	 0.6306 	 -0.8348 	 -0.0374 	 -0.1751 	 0.2528 	 -0.0010 	 -0.1552 	 0.1374 	 -0.1687
1.5631 	 0.6289 	 -0.8323 	 -0.0375 	 -0.1766 	 0.2541 	 -0.0027 	 -0.1505 	 0.1278 	 -0.1732
1.5731 	 0.6271 	 -0.8297 	 -0.0375 	 -0.1781 	 0.2553 	 -0.0045 	 -0.1451 	 0.1179 	 -0.1757
1.5832 	 0.6253 	 -0.8272 	 -0.0376 	 -0.1795 	 0.2565 	 -0.0062 	 -0.1392 	 0.1081 	 -0.1759
1.5932 	 0.6235 	 -0.8246 	 -0.0376 	 -0.1809 	 0.2575 	 -0.0080 	 -0.1331 	 0.0987 	 -0.1739
1.6032 	 0.6217 	 -0.8220 	 -0.0377 	 -0.1822 	 0.2584 	 -0.0097 	 -0.1269 	 0.0902 	 -0.1696
1.6132 	 0.6199 	 -0.8194 	 -0.0378 	 -0.1834 	 0.2593 	 -0.0114 	 -0.1211 	 0.0827 	 -0.1635
1.6232 	 0.6180 	 -0.8168 	 -0.0379 	 -0.1846 	 0.2601 	 -0.0130 	 -0.1158 	 0.0766 	 -0.1558
1.6333 	 0.6162 	 -0.8142 	 -0.0381 	 -0.1857 	 0.2608 	 -0.0145 	 -0.1111 	 0.0719 	 -0.1469
1.6433 	 0.6143 	 -0.8116 	 -0.0382 	 -0.1868 	 0.2616 	 -0.0159 	 -0.1071 	 0.0687 	 -0.1373
1.6533 	 0.6124 	 -0.8090 	 -0.0384 	 -0.1879 	 0.2622 	 -0.0172 	 -0.1039 	 0.0667 	 -0.1273
1.6633 	 0.6105 	 -0.8063 	 -0.0386 	 -0.1889 	 0.2629 	 -0.0185 	 -0.1015 	 0.0661 	 -0.1172
1.6733 	 0.6086 	 -0.8037 	 -0.0388 	 -0.1899 	 0.2636 	 -0.0196 	 -0.0998 	 0.0664 	 -0.1074
1.6834 	 0.6067 	 -0.8010 	 -0.0390 	 -0.1909 	 0.2642 	 -0.0206 	 -0.0987 	 0.0676 	 -0.0980
1.6934 	 0.6048 	 -0.7984 	 -0.0392 	 -0.1919 	 0.2649 	 -0.0216 	 -0.0982 	 0.0696 	 -0.0891
1.7034 	 0.6029 	 -0.7957 	 -0.0394 	 -0.1929 	 0.2656 	 -0.0224 	 -0.0981 	 0.0720 	 -0.0809
1.7134 	 0.6009 	 -0.7931 	 -0.0396 	 -0.1939 	 0.2664 	 -0.0232 	 -0.0984 	 0.0749 	 -0.0733
1.7234 	 0.5990 	 -0.7904 	 -0.0399 	 -0.1949 	 0.2671 	 -0.0239 	 -0.0990 	 0.0780 	 -0.0663
1.7335 	 0.5970 	 -0.7877 	 -0.0401 	 -0.1959 	 0.2679 	 -0.0245 	 -0.0999 	 0.0812 	 -0.0600
1.7435 	 0.5951 	 -0.7850 	 -0.0404 	 -0.1969 	 0.2688 	 -0.0251 	 -0.1009 	 0.0845 	 -0.0544
1.7535 	 0.5931 	 -0.7823 	 -0.0406 	 -0.1979 	 0.2696 	 -0.0256 	 -0.1020 	 0.0878 	 -0.0493
1.7635 	 0.5911 	 -0.7796 	 -0.0409 	 -0.1989 	 0.2705 	 -0.0261 	 -0.1033 	 0.0911 	 -0.0447
1.7735 	 0.5891 	 -0.7769 	 -0.0411 	 -0.1999 	 0.2714 	 -0.0265 	 -0.1046 	 0.0942 	 -0.0405
1.7836 	 0.5871 	 -0.7742 	 -0.0414 	 -0.2010 	 0.2724 	 -0.0269 	 -0.1060 	 0.0973 	 -0.0369
1.7936 	 0.5851 	 -0.7714 	 -0.0417 	 -0.2021 	 0.2734 	 -0.0272 	 -0.1073 	 0.1003 	 -0.0336
1.8036 	 0.5830 	 -0.7687 	 -0.0419 	 -0.2032 	 0.2744 	 -0.0276 	 -0.1087 	 0.1032 	 -0.0306
1.8136 	 0.5810 	 -0.7659 	 -0.0422 	 -0.2042 	 0.2755 	 -0.0279 	 -0.1101 	 0.1059 	 -0.0279
1.8236 	 0.5789 	 -0.7632 	 -0.0425 	 -0.2054 	 0.2765 	 -0.0281 	 -0.1114 	 0.1085 	 -0.0255
1.8337 	 0.5769 	 -0.7604 	 -0.0428 	 -0.2065 	 0.2776 	 -0.0284 	 -0.1128 	 0.1109 	 -0.0234
1.8437 	 0.5748 	 -0.7576 	 -0.0431 	 -0.2076 	 0.2788 	 -0.0286 	 -0.1141 	 0.1133 	 -0.0215
1.8537 	 0.5727 	 -0.7548 	 -0.0434 	 -0.2088 	 0.2799 	 -0.0288 	 -0.1154 	 0.1155 	 -0.0197
1.8637 	 0.5706 	 -0.7520 	 -0.0436 	 -0.2099 	 0.2811 	 -0.0290 	 -0.1166 	 0.1177 	 -0.0181
1.8737 	 0.5685 	 -0.7492 	 -0.0439 	 -0.2111 	 0.2823 	 -0.0292 	 -0.1178 	 0.1197 	 -0.0167
1.8838 	 0.5664 	 -0.7463 	 -0.0442 	 -0.2123 	 0.2835 	 -0.0293 	 -0.1190 	 0.1216 	 -0.0154
1.8938 	 0.5643 	 -0.7435 	 -0.0445 	 -0.2135 	 0.2847 	 -0.0295 	 -0.1202 	 0.1235 	 -0.0142
1.9038 	 0.5621 	 -0.7406 	 -0.0448 	 -0.2147 	 0.2859 	 -0.0296 	 -0.1214 	 0.1252 	 -0.0131
1.9138 	 0.5600 	 -0.7378 	 -0.0451 	 -0.2159 	 0.2872 	 -0.0297 	 -0.1225 	 0.1269 	 -0.0121
1.9238 	 0.5578 	 -0.7349 	 -0.0454 	 -0.2172 	 0.2885 	 -0.0298 	 -0.1236 	 0.1285 	 -0.0111
1.9339 	 0.5556 	 -0.7320 	 -0.0457 	 -0.2184 	 0.2898 	 -0.0300 	 -0.1246 	 0.1301 	 -0.0103
1.9439 	 0.5534 	 -0.7291 	 -0.0460 	 -0.2197 	 0.2911 	 -0.0301 	 -0.1257 	 0.1316 	 -0.0095
1.9539 	 0.5512 	 -0.7262 	 -0.0463 	 -0.2209 	 0.2924 	 -0.0301 	 -0.1267 	 0.1330 	 -0.0088
1.9639 	 0.5490 	 -0.7232 	 -0.0466 	 -0.2222 	 0.2938 	 -0.0302 	 -0.1277 	 0.1344 	 -0.0081
1.9739 	 0.5468 	 -0.7203 	 -0.0469 	 -0.2235 	 0.2951 	 -0.0303 	 -0.1287 	 0.1358 	 -0.0075
1.9840 	 0.5445 	 -0.7173 	 -0.0472 	 -0.2248 	 0.2965 	 -0.0304 	 -0.1276 	 0.1347 	 -0.0039
1.9940 	 0.5422 	 -0.7143 	 -0.0475 	 -0.2260 	 0.2978 	 -0.0304 	 -0.1285 	 0.1360 	 -0.0033
2.0040 	 0.5400 	 -0.7113 	 -0.0478 	 -0.2273 	 0.2992 	 -0.0304 	 -0.1294 	 0.1372 	 -0.0028
2.0140 	 0.5377 	 -0.7083 	 -0.0481 	 -0.2286 	 0.3006 	 -0.0305 	 -0.1303 	 0.1384 	 -0.0023
2.0240 	 0.5354 	 -0.7053 	 -0.0484 	 -0.2300 	 0.3020 	 -0.0305 	 -0.1312 	 0.1395 	 -0.0019
2.0341 	 0.5331 	 -0.7023 	 -0.0488 	 -0.2313 	 0.3034 	 -0.0305 	 -0.1321 	 0.1407 	 -0.0014
2.0441 	 0.5308 	 -0.6992 	 -0.0491 	 -0.2326 	 0.3048 	 -0.0305 	 -0.1330 	 0.1418 	 -0.0010
2.0541 	 0.5284 	 -0.6962 	 -0.0494 	 -0.2339 	 0.3062 	 -0.0305 	 -0.1339 	 0.1428 	 -0.0007
2.0641 	 0.5261 	 -0.6931 	 -0.0497 	 -0.2353 	 0.3077 	 -0.0305 	 -0.1348 	 0.1439 	 -0.0003
2.0741 	 0.5237 	 -0.6900 	 -0.0500 	 -0.2366 	 0.3091 	 -0.0305 	 -0.1356 	 0.1449 	 -0.0000
2.0842 	 0.5213 	 -0.6869 	 -0.0503 	 -0.2380 	 0.3106 	 -0.0305 	 -0.1365 	 0.1460 	 0.0003
2.0942 	 0.5189 	 -0.6838 	 -0.0506 	 -0.2394 	 0.3120 	 -0.0305 	 -0.1373 	 0.1470 	 0.0006
2.1042 	 0.5165 	 -0.6807 	 -0.0509 	 -0.2408 	 0.3135 	 -0.0305 	 -0.1382 	 0.1480 	 0.0008
2.1142 	 0.5141 	 -0.6775 	 -0.0512 	 -0.2421 	 0.3150 	 -0.0305 	 -0.1390 	 0.1490 	 0.0010
2.1242 	 0.5117 	 -0.6743 	 -0.0515 	 -0.2435 	 0.3165 	 -0.0305 	 -0.1398 	 0.1500 	 0.0013
2.1343 	 0.5092 	 -0.6712 	 -0.0518 	 -0.2449 	 0.3180 	 -0.0305 	 -0.1407 	 0.1509 	 0.0014
2.1443 	 0.5068 	 -0.6680 	 -0.0521 	 -0.2464 	 0.3195 	 -0.0305 	 -0.1415 	 0.1519 	 0.0016
2.1543 	 0.5043 	 -0.6648 	 -0.0524 	 -0.2478 	 0.3210 	 -0.0305 	 -0.1423 	 0.1529 	 0.0018
2.1643 	 0.5018 	 -0.6615 	 -0.0527 	 -0.2492 	 0.3226 	 -0.0304 	 -0.1431 	 0.1538 	 0.0019
2.1743 	 0.4993 	 -0.6583 	 -0.0530 	 -0.2506 	 0.3241 	 -0.0304 	 -0.1440 	 0.1548 	 0.0020
2.1844 	 0.4968 	 -0.6550 	 -0.0533 	 -0.2521 	 0.3257 	 -0.0304 	 -0.1448 	 0.1558 	 0.0021
2.1944 	 0.4942 	 -0.6518 	 -0.0536 	 -0.2536 	 0.3272 	 -0.0304 	 -0.1456 	 0.1567 	 0.0022
2.2044 	 0.4917 	 -0.6485 	 -0.0539 	 -0.2550 	 0.3288 	 -0.0304 	 -0.1465 	 0.1577 	 0.0022
2.2144 	 0.4891 	 -0.6452 	 -0.0543 	 -0.2565 	 0.3304 	 -0.0303 	 -0.1473 	 0.1587 	 0.0023
2.2244 	 0.4866 	 -0.6419 	 -0.0546 	 -0.2580 	 0.3320 	 -0.0303 	 -0.1481 	 0.1596 	 0.0023
2.2345 	 0.4840 	 -0.6385 	 -0.0549 	 -0.2595 	 0.3336 	 -0.0303 	 -0.1490 	 0.1606 	 0.0023
2.2445 	 0.4814 	 -0.6352 	 -0.0552 	 -0.2610 	 0.3352 	 -0.0303 	 -0.1498 	 0.1616 	 0.0023
2.2545 	 0.4787 	 -0.6318 	 -0.0555 	 -0.2625 	 0.3368 	 -0.0302 	 -0.1507 	 0.1626 	 0.0023
2.2645 	 0.4761 	 -0.6284 	 -0.0558 	 -0.2640 	 0.3385 	 -0.0302 	 -0.1516 	 0.1636 	 0.0022
2.2745 	 0.4734 	 -0.6250 	 -0.0561 	 -0.2655 	 0.3401 	 -0.0302 	 -0.1524 	 0.1647 	 0.0022
2.2846 	 0.4708 	 -0.6216 	 -0.0564 	 -0.2670 	 0.3418 	 -0.0302 	 -0.1533 	 0.1657 	 0.0021
2.2946 	 0.4681 	 -0.6182 	 -0.0567 	 -0.2686 	 0.3434 	 -0.0302 	 -0.1542 	 0.1667 	 0.0020
2.3046 	 0.4654 	 -0.6147 	 -0.0570 	 -0.2701 	 0.3451 	 -0.0301 	 -0.1551 	 0.1678 	 0.0019
2.3146 	 0.4627 	 -0.6113 	 -0.0573 	 -0.2717 	 0.3468 	 -0.0301 	 -0.1560 	 0.1689 	 0.0018
2.3246 	 0.4600 	 -0.6078 	 -0.0576 	 -0.2732 	 0.3485 	 -0.0301 	 -0.1569 	 0.1699 	 0.0017
2.3347 	 0.4572 	 -0.6043 	 -0.0579 	 -0.2748 	 0.3502 	 -0.0301 	 -0.1578 	 0.1710 	 0.0016
2.3447 	 0.4544 	 -0.6008 	 -0.0582 	 -0.2764 	 0.3519 	 -0.0301 	 -0.1587 	 0.1722 	 0.0014
2.3547 	 0.4517 	 -0.5972 	 -0.0585 	 -0.2780 	 0.3537 	 -0.0300 	 -0.1596 	 0.1733 	 0.0013
2.3647 	 0.4489 	 -0.5937 	 -0.0588 	 -0.2796 	 0.3554 	 -0.0300 	 -0.1606 	 0.1745 	 0.0011
2.3747 	 0.4461 	 -0.5901 	 -0.0591 	 -0.2812 	 0.3572 	 -0.0300 	 -0.1615 	 0.1756 	 0.0010
2.3848 	 0.4432 	 -0.5865 	 -0.0594 	 -0.2828 	 0.3589 	 -0.0300 	 -0.1625 	 0.1768 	 0.0008
2.3948 	 0.4404 	 -0.5829 	 -0.0597 	 -0.2845 	 0.3607 	 -0.0300 	 -0.1635 	 0.1780 	 0.0006
2.4048 	 0.4375 	 -0.5793 	 -0.0600 	 -0.2861 	 0.3625 	 -0.0300 	 -0.1644 	 0.1793 	 0.0004
2.4148 	 0.4347 	 -0.5756 	 -0.0603 	 -0.2878 	 0.3643 	 -0.0300 	 -0.1654 	 0.1805 	 0.0002
2.4248 	 0.4318 	 -0.5720 	 -0.0606 	 -0.2894 	 0.3661 	 -0.0300 	 -0.1665 	 0.1818 	 -0.0000
2.4349 	 0.4289 	 -0.5683 	 -0.0609 	 -0.2911 	 0.3679 	 -0.0300 	 -0.1675 	 0.1831 	 -0.0002
2.4449 	 0.4259 	 -0.5646 	 -0.0612 	 -0.2928 	 0.3698 	 -0.0300 	 -0.1685 	 0.1844 	 -0.0004
2.4549 	 0.4230 	 -0.5609 	 -0.0615 	 -0.2945 	 0.3716 	 -0.0300 	 -0.1696 	 0.1858 	 -0.0006
2.4649 	 0.4200 	 -0.5572 	 -0.0618 	 -0.2962 	 0.3735 	 -0.0300 	 -0.1706 	 0.1871 	 -0.0008
2.4749 	 0.4171 	 -0.5534 	 -0.0621 	 -0.2979 	 0.3754 	 -0.0300 	 -0.1717 	 0.1885 	 -0.0011
2.4850 	 0.4141 	 -0.5496 	 -0.0624 	 -0.2996 	 0.3773 	 -0.0300 	 -0.1728 	 0.1899 	 -0.0013
2.4950 	 0.4111 	 -0.5458 	 -0.0627 	 -0.3014 	 0.3792 	 -0.0301 	 -0.1738 	 0.1913 	 -0.0015
2.5050 	 0.4080 	 -0.5420 	 -0.0630 	 -0.3031 	 0.3811 	 -0.0301 	 -0.1749 	 0.1928 	 -0.0017
2.5150 	 0.4050 	 -0.5382 	 -0.0633 	 -0.3049 	 0.3830 	 -0.0301 	 -0.1760 	 0.1942 	 -0.0019
2.5251 	 0.4019 	 -0.5344 	 -0.0636 	 -0.3066 	 0.3850 	 -0.0301 	 -0.1772 	 0.1957 	 -0.0021
2.5351 	 0.3988 	 -0.5305 	 -0.0639 	 -0.3084 	 0.3870 	 -0.0301 	 -0.1783 	 0.1972 	 -0.0023
2.5451 	 0.3957 	 -0.5266 	 -0.0642 	 -0.3102 	 0.3890 	 -0.0302 	 -0.1794 	 0.1987 	 -0.0024
2.5551 	 0.3926 	 -0.5227 	 -0.0645 	 -0.3120 	 0.3910 	 -0.0302 	 -0.1805 	 0.2003 	 -0.0026
2.5651 	 0.3895 	 -0.5188 	 -0.0648 	 -0.3138 	 0.3930 	 -0.0302 	 -0.1817 	 0.2018 	 -0.0028
2.5752 	 0.3863 	 -0.5148 	 -0.0651 	 -0.3157 	 0.3950 	 -0.0302 	 -0.1828 	 0.2034 	 -0.0030
2.5852 	 0.3832 	 -0.5109 	 -0.0654 	 -0.3175 	 0.3970 	 -0.0303 	 -0.1839 	 0.2049 	 -0.0031
2.5952 	 0.3800 	 -0.5069 	 -0.0657 	 -0.3193 	 0.3991 	 -0.0303 	 -0.1850 	 0.2065 	 -0.0033
2.6052 	 0.3768 	 -0.5029 	 -0.0660 	 -0.3212 	 0.4012 	 -0.0303 	 -0.1862 	 0.2081 	 -0.0035
2.6152 	 0.3735 	 -0.4988 	 -0.0663 	 -0.3231 	 0.4033 	 -0.0304 	 -0.1873 	 0.2097 	 -0.0036
2.6253 	 0.3703 	 -0.4948 	 -0.0666 	 -0.3250 	 0.4054 	 -0.0304 	 -0.1884 	 0.2113 	 -0.0038
2.6353 	 0.3670 	 -0.4907 	 -0.0669 	 -0.3268 	 0.4075 	 -0.0304 	 -0.1896 	 0.2130 	 -0.0039
2.6453 	 0.3637 	 -0.4866 	 -0.0672 	 -0.3288 	 0.4097 	 -0.0305 	 -0.1907 	 0.2146 	 -0.0041
2.6553 	 0.3604 	 -0.4825 	 -0.0675 	 -0.3307 	 0.4118 	 -0.0305 	 -0.1918 	 0.2163 	 -0.0043
2.6653 	 0.3571 	 -0.4784 	 -0.0679 	 -0.3326 	 0.4140 	 -0.0306 	 -0.1929 	 0.2179 	 -0.0044
2.6754 	 0.3538 	 -0.4742 	 -0.0682 	 -0.3345 	 0.4162 	 -0.0306 	 -0.1940 	 0.2196 	 -0.0046
2.6854 	 0.3504 	 -0.4700 	 -0.0685 	 -0.3365 	 0.4184 	 -0.0307 	 -0.1951 	 0.2213 	 -0.0048
2.6954 	 0.3470 	 -0.4658 	 -0.0688 	 -0.3384 	 0.4206 	 -0.0307 	 -0.1962 	 0.2230 	 -0.0050
2.7054 	 0.3436 	 -0.4616 	 -0.0691 	 -0.3404 	 0.4229 	 -0.0308 	 -0.1973 	 0.2248 	 -0.0052
2.7154 	 0.3402 	 -0.4573 	 -0.0694 	 -0.3424 	 0.4251 	 -0.0308 	 -0.1984 	 0.2265 	 -0.0054
2.7255 	 0.3368 	 -0.4531 	 -0.0697 	 -0.3444 	 0.4274 	 -0.0309 	 -0.1995 	 0.2283 	 -0.0056
2.7355 	 0.3333 	 -0.4488 	 -0.0700 	 -0.3464 	 0.4297 	 -0.0309 	 -0.2005 	 0.2301 	 -0.0058
2.7455 	 0.3298 	 -0.4445 	 -0.0703 	 -0.3484 	 0.4320 	 -0.0310 	 -0.2016 	 0.2319 	 -0.0061
2.7555 	 0.3263 	 -0.4401 	 -0.0706 	 -0.3504 	 0.4343 	 -0.0310 	 -0.2026 	 0.2337 	 -0.0063
2.7655 	 0.3228 	 -0.4358 	 -0.0709 	 -0.3525 	 0.4367 	 -0.0311 	 -0.2036 	 0.2355 	 -0.0065
2.7756 	 0.3192 	 -0.4314 	 -0.0713 	 -0.3545 	 0.4391 	 -0.0312 	 -0.2046 	 0.2374 	 -0.0067
2.7856 	 0.3157 	 -0.4270 	 -0.0716 	 -0.3566 	 0.4414 	 -0.0312 	 -0.2055 	 0.2392 	 -0.0068
2.7956 	 0.3121 	 -0.4225 	 -0.0719 	 -0.3586 	 0.4439 	 -0.0313 	 -0.2063 	 0.2411 	 -0.0069
2.8056 	 0.3085 	 -0.4181 	 -0.0722 	 -0.3607 	 0.4463 	 -0.0314 	 -0.2072 	 0.2429 	 -0.0070
2.8156 	 0.3049 	 -0.4136 	 -0.0725 	 -0.3628 	 0.4487 	 -0.0315 	 -0.2079 	 0.2447 	 -0.0071
2.8257 	 0.3012 	 -0.4091 	 -0.0728 	 -0.3649 	 0.4512 	 -0.0315 	 -0.2086 	 0.2465 	 -0.0071
2.8357 	 0.2976 	 -0.4045 	 -0.0731 	 -0.3670 	 0.4537 	 -0.0316 	 -0.2093 	 0.2483 	 -0.0071
2.8457 	 0.2939 	 -0.4000 	 -0.0735 	 -0.3691 	 0.4562 	 -0.0317 	 -0.2099 	 0.2500 	 -0.0070
2.8557 	 0.2902 	 -0.3954 	 -0.0738 	 -0.3712 	 0.4587 	 -0.0317 	 -0.2104 	 0.2516 	 -0.0069
2.8657 	 0.2864 	 -0.3908 	 -0.0741 	 -0.3733 	 0.4612 	 -0.0318 	 -0.2109 	 0.2531 	 -0.0069
2.8758 	 0.2827 	 -0.3861 	 -0.0744 	 -0.3754 	 0.4637 	 -0.0319 	 -0.2113 	 0.2546 	 -0.0067
2.8858 	 0.2789 	 -0.3815 	 -0.0747 	 -0.3775 	 0.4663 	 -0.0319 	 -0.2117 	 0.2560 	 -0.0066
2.8958 	 0.2751 	 -0.3768 	 -0.0750 	 -0.3796 	 0.4689 	 -0.0320 	 -0.2120 	 0.2573 	 -0.0065
2.9058 	 0.2713 	 -0.3721 	 -0.0754 	 -0.3818 	 0.4715 	 -0.0321 	 -0.2123 	 0.2585 	 -0.0064
2.9158 	 0.2675 	 -0.3674 	 -0.0757 	 -0.3839 	 0.4741 	 -0.0321 	 -0.2126 	 0.2595 	 -0.0064
2.9259 	 0.2636 	 -0.3626 	 -0.0760 	 -0.3860 	 0.4767 	 -0.0322 	 -0.2128 	 0.2604 	 -0.0063
2.9359 	 0.2597 	 -0.3578 	 -0.0763 	 -0.3882 	 0.4793 	 -0.0323 	 -0.2130 	 0.2613 	 -0.0063
2.9459 	 0.2558 	 -0.3530 	 -0.0767 	 -0.3903 	 0.4819 	 -0.0323 	 -0.2132 	 0.2620 	 -0.0062
2.9559 	 0.2519 	 -0.3481 	 -0.0770 	 -0.3924 	 0.4845 	 -0.0324 	 -0.2134 	 0.2625 	 -0.0062
2.9659 	 0.2480 	 -0.3433 	 -0.0773 	 -0.3946 	 0.4872 	 -0.0324 	 -0.2136 	 0.2630 	 -0.0062
2.9760 	 0.2440 	 -0.3384 	 -0.0776 	 -0.3967 	 0.4898 	 -0.0325 	 -0.2138 	 0.2634 	 -0.0063
2.9860 	 0.2400 	 -0.3335 	 -0.0780 	 -0.3989 	 0.4924 	 -0.0326 	 -0.2141 	 0.2637 	 -0.0063
2.9960 	 0.2360 	 -0.3285 	 -0.0783 	 -0.4010 	 0.4951 	 -0.0326 	 -0.2143 	 0.2639 	 -0.0064
3.0060 	 0.2320 	 -0.3235 	 -0.0786 	 -0.4032 	 0.4977 	 -0.0327 	 -0.2146 	 0.2640 	 -0.0065
3.0160 	 0.2279 	 -0.3185 	 -0.0789 	 -0.4053 	 0.5004 	 -0.0328 	 -0.2150 	 0.2640 	 -0.0066
3.0261 	 0.2239 	 -0.3135 	 -0.0793 	 -0.4075 	 0.5030 	 -0.0328 	 -0.2154 	 0.2640 	 -0.0068
3.0361 	 0.2198 	 -0.3085 	 -0.0796 	 -0.4096 	 0.5057 	 -0.0329 	 -0.2158 	 0.2639 	 -0.0069
3.0461 	 0.2157 	 -0.3034 	 -0.0799 	 -0.4118 	 0.5083 	 -0.0330 	 -0.2163 	 0.2637 	 -0.0071
3.0561 	 0.2115 	 -0.2983 	 -0.0803 	 -0.4140 	 0.5109 	 -0.0330 	 -0.2168 	 0.2635 	 -0.0072
3.0661 	 0.2074 	 -0.2931 	 -0.0806 	 -0.4161 	 0.5136 	 -0.0331 	 -0.2174 	 0.2633 	 -0.0073
3.0762 	 0.2032 	 -0.2880 	 -0.0809 	 -0.4183 	 0.5162 	 -0.0332 	 -0.2180 	 0.2631 	 -0.0074
3.0862 	 0.1990 	 -0.2828 	 -0.0813 	 -0.4205 	 0.5189 	 -0.0333 	 -0.2186 	 0.2630 	 -0.0075
3.0962 	 0.1947 	 -0.2776 	 -0.0816 	 -0.4227 	 0.5215 	 -0.0333 	 -0.2191 	 0.2628 	 -0.0076
3.1062 	 0.1905 	 -0.2723 	 -0.0819 	 -0.4249 	 0.5241 	 -0.0334 	 -0.2196 	 0.2627 	 -0.0078
3.1162 	 0.1862 	 -0.2671 	 -0.0823 	 -0.4271 	 0.5268 	 -0.0335 	 -0.2201 	 0.2627 	 -0.0079
3.1263 	 0.1819 	 -0.2618 	 -0.0826 	 -0.4293 	 0.5294 	 -0.0336 	 -0.2205 	 0.2628 	 -0.0081
3.1363 	 0.1776 	 -0.2565 	 -0.0829 	 -0.4315 	 0.5320 	 -0.0337 	 -0.2209 	 0.2630 	 -0.0083
3.1463 	 0.1733 	 -0.2511 	 -0.0833 	 -0.4337 	 0.5347 	 -0.0337 	 -0.2212 	 0.2633 	 -0.0085
3.1563 	 0.1689 	 -0.2458 	 -0.0836 	 -0.4359 	 0.5373 	 -0.0338 	 -0.2214 	 0.2638 	 -0.0087
3.1663 	 0.1646 	 -0.2404 	 -0.0840 	 -0.4382 	 0.5399 	 -0.0339 	 -0.2214 	 0.2645 	 -0.0088
3.1764 	 0.1602 	 -0.2349 	 -0.0843 	 -0.4404 	 0.5426 	 -0.0340 	 -0.2213 	 0.2654 	 -0.0090
3.1864 	 0.1557 	 -0.2295 	 -0.0846 	 -0.4426 	 0.5453 	 -0.0341 	 -0.2210 	 0.2665 	 -0.0091
3.1964 	 0.1513 	 -0.2240 	 -0.0850 	 -0.4448 	 0.5479 	 -0.0342 	 -0.2206 	 0.2680 	 -0.0092
3.2064 	 0.1468 	 -0.2185 	 -0.0853 	 -0.4470 	 0.5506 	 -0.0343 	 -0.2198 	 0.2696 	 -0.0091
3.2164 	 0.1423 	 -0.2130 	 -0.0857 	 -0.4492 	 0.5533 	 -0.0344 	 -0.2188 	 0.2716 	 -0.0090
3.2265 	 0.1378 	 -0.2074 	 -0.0860 	 -0.4514 	 0.5561 	 -0.0345 	 -0.2174 	 0.2737 	 -0.0088
3.2365 	 0.1333 	 -0.2018 	 -0.0864 	 -0.4536 	 0.5588 	 -0.0345 	 -0.2156 	 0.2761 	 -0.0085
3.2465 	 0.1287 	 -0.1962 	 -0.0867 	 -0.4557 	 0.5616 	 -0.0346 	 -0.2133 	 0.2786 	 -0.0080
3.2565 	 0.1242 	 -0.1906 	 -0.0870 	 -0.4578 	 0.5644 	 -0.0347 	 -0.2105 	 0.2812 	 -0.0074
3.2665 	 0.1196 	 -0.1849 	 -0.0874 	 -0.4599 	 0.5672 	 -0.0348 	 -0.2072 	 0.2837 	 -0.0066
3.2766 	 0.1149 	 -0.1792 	 -0.0877 	 -0.4620 	 0.5701 	 -0.0348 	 -0.1947 	 0.2840 	 0.0090
3.2866 	 0.1103 	 -0.1735 	 -0.0881 	 -0.4639 	 0.5729 	 -0.0347 	 -0.1901 	 0.2860 	 0.0102
3.2966 	 0.1056 	 -0.1677 	 -0.0884 	 -0.4658 	 0.5758 	 -0.0346 	 -0.1849 	 0.2875 	 0.0114
3.3066 	 0.1010 	 -0.1619 	 -0.0888 	 -0.4676 	 0.5787 	 -0.0345 	 -0.1790 	 0.2883 	 0.0126
3.3166 	 0.0963 	 -0.1561 	 -0.0891 	 -0.4694 	 0.5816 	 -0.0344 	 -0.1727 	 0.2880 	 0.0136
3.3267 	 0.0916 	 -0.1503 	 -0.0895 	 -0.4711 	 0.5845 	 -0.0342 	 -0.1660 	 0.2864 	 0.0143
3.3367 	 0.0868 	 -0.1444 	 -0.0898 	 -0.4727 	 0.5873 	 -0.0341 	 -0.1591 	 0.2834 	 0.0146
3.3467 	 0.0821 	 -0.1385 	 -0.0902 	 -0.4743 	 0.5901 	 -0.0339 	 -0.1522 	 0.2787 	 0.0143
3.3567 	 0.0773 	 -0.1326 	 -0.0905 	 -0.4757 	 0.5929 	 -0.0338 	 -0.1455 	 0.2722 	 0.0132
3.3667 	 0.0725 	 -0.1266 	 -0.0908 	 -0.4772 	 0.5956 	 -0.0337 	 -0.1393 	 0.2638 	 0.0110
3.3768 	 0.0678 	 -0.1207 	 -0.0912 	 -0.4785 	 0.5982 	 -0.0336 	 -0.1339 	 0.2534 	 0.0076
3.3868 	 0.0630 	 -0.1146 	 -0.0915 	 -0.4799 	 0.6007 	 -0.0335 	 -0.1296 	 0.2411 	 0.0029
3.3968 	 0.0581 	 -0.1086 	 -0.0918 	 -0.4811 	 0.6030 	 -0.0335 	 -0.1266 	 0.2270 	 -0.0033
3.4068 	 0.0533 	 -0.1026 	 -0.0922 	 -0.4824 	 0.6052 	 -0.0336 	 -0.1250 	 0.2109 	 -0.0111
3.4168 	 0.0485 	 -0.0965 	 -0.0925 	 -0.4837 	 0.6072 	 -0.0338 	 -0.1251 	 0.1929 	 -0.0205
3.4269 	 0.0436 	 -0.0904 	 -0.0929 	 -0.4849 	 0.6091 	 -0.0340 	 -0.1269 	 0.1730 	 -0.0314
3.4369 	 0.0388 	 -0.0843 	 -0.0932 	 -0.4862 	 0.6107 	 -0.0344 	 -0.1304 	 0.1510 	 -0.0437
3.4469 	 0.0339 	 -0.0782 	 -0.0935 	 -0.4875 	 0.6121 	 -0.0349 	 -0.1356 	 0.1267 	 -0.0574
3.4569 	 0.0290 	 -0.0720 	 -0.0939 	 -0.4889 	 0.6132 	 -0.0355 	 -0.1426 	 0.0997 	 -0.0723
3.4669 	 0.0241 	 -0.0659 	 -0.0943 	 -0.4904 	 0.6141 	 -0.0363 	 -0.1512 	 0.0695 	 -0.0881
3.4770 	 0.0192 	 -0.0597 	 -0.0946 	 -0.4920 	 0.6146 	 -0.0373 	 -0.1612 	 0.0358 	 -0.1046
3.4870 	 0.0142 	 -0.0536 	 -0.0950 	 -0.4936 	 0.6148 	 -0.0384 	 -0.1721 	 -0.0022 	 -0.1217
3.4970 	 0.0093 	 -0.0474 	 -0.0954 	 -0.4954 	 0.6145 	 -0.0397 	 -0.1833 	 -0.0447 	 -0.1389
3.5070 	 0.0043 	 -0.0412 	 -0.0958 	 -0.4973 	 0.6139 	 -0.0412 	 -0.1939 	 -0.0920 	 -0.1561
3.5170 	 -0.0007 	 -0.0351 	 -0.0962 	 -0.4993 	 0.6127 	 -0.0429 	 -0.2026 	 -0.1440 	 -0.1730
3.5271 	 -0.0057 	 -0.0290 	 -0.0967 	 -0.5014 	 0.6110 	 -0.0447 	 -0.2077 	 -0.1999 	 -0.1893
3.5371 	 -0.0107 	 -0.0229 	 -0.0971 	 -0.5034 	 0.6087 	 -0.0467 	 -0.2075 	 -0.2582 	 -0.2047
3.5471 	 -0.0158 	 -0.0168 	 -0.0976 	 -0.5055 	 0.6058 	 -0.0488 	 -0.2004 	 -0.3165 	 -0.2187
3.5571 	 -0.0209 	 -0.0107 	 -0.0981 	 -0.5074 	 0.6023 	 -0.0510 	 -0.1855 	 -0.3719 	 -0.2307
3.5671 	 -0.0260 	 -0.0047 	 -0.0986 	 -0.5092 	 0.5984 	 -0.0534 	 -0.1632 	 -0.4212 	 -0.2403
3.5772 	 -0.0311 	 0.0013 	 -0.0992 	 -0.5107 	 0.5939 	 -0.0558 	 -0.1348 	 -0.4621 	 -0.2472
3.5872 	 -0.0362 	 0.0072 	 -0.0997 	 -0.5119 	 0.5891 	 -0.0583 	 -0.1028 	 -0.4928 	 -0.2511
3.5972 	 -0.0413 	 0.0131 	 -0.1003 	 -0.5127 	 0.5841 	 -0.0609 	 -0.0697 	 -0.5134 	 -0.2525
3.6072 	 -0.0465 	 0.0189 	 -0.1010 	 -0.5133 	 0.5789 	 -0.0634 	 -0.0379 	 -0.5249 	 -0.2516
3.6172 	 -0.0516 	 0.0247 	 -0.1016 	 -0.5135 	 0.5736 	 -0.0659 	 -0.0092 	 -0.5291 	 -0.2493
3.6273 	 -0.0568 	 0.0304 	 -0.1023 	 -0.5135 	 0.5683 	 -0.0684 	 0.0156 	 -0.5281 	 -0.2461
3.6373 	 -0.0619 	 0.0361 	 -0.1030 	 -0.5132 	 0.5630 	 -0.0708 	 0.0363 	 -0.5239 	 -0.2426
3.6473 	 -0.0670 	 0.0417 	 -0.1037 	 -0.5128 	 0.5578 	 -0.0733 	 0.0532 	 -0.5181 	 -0.2392
3.6573 	 -0.0722 	 0.0472 	 -0.1045 	 -0.5122 	 0.5526 	 -0.0756 	 0.0669 	 -0.5119 	 -0.2361
3.6673 	 -0.0773 	 0.0527 	 -0.1052 	 -0.5114 	 0.5475 	 -0.0780 	 0.0780 	 -0.5061 	 -0.2335
3.6774 	 -0.0824 	 0.0582 	 -0.1060 	 -0.5106 	 0.5425 	 -0.0803 	 0.0873 	 -0.5012 	 -0.2314
3.6874 	 -0.0875 	 0.0636 	 -0.1068 	 -0.5097 	 0.5375 	 -0.0826 	 0.0952 	 -0.4974 	 -0.2299
3.6974 	 -0.0926 	 0.0690 	 -0.1077 	 -0.5087 	 0.5325 	 -0.0849 	 0.1025 	 -0.4950 	 -0.2288
3.7074 	 -0.0977 	 0.0743 	 -0.1085 	 -0.5076 	 0.5276 	 -0.0872 	 0.1094 	 -0.4938 	 -0.2280
3.7174 	 -0.1028 	 0.0796 	 -0.1094 	 -0.5065 	 0.5226 	 -0.0895 	 0.1163 	 -0.4938 	 -0.2275
3.7275 	 -0.1079 	 0.0848 	 -0.1103 	 -0.5053 	 0.5177 	 -0.0918 	 0.1234 	 -0.4947 	 -0.2271
3.7375 	 -0.1129 	 0.0899 	 -0.1113 	 -0.5040 	 0.5127 	 -0.0940 	 0.1311 	 -0.4965 	 -0.2268
3.7475 	 -0.1180 	 0.0950 	 -0.1122 	 -0.5027 	 0.5077 	 -0.0963 	 0.1393 	 -0.4990 	 -0.2265
3.7575 	 -0.1230 	 0.1001 	 -0.1132 	 -0.5012 	 0.5027 	 -0.0986 	 0.1483 	 -0.5021 	 -0.2262
3.7675 	 -0.1280 	 0.1051 	 -0.1142 	 -0.4997 	 0.4977 	 -0.1008 	 0.1581 	 -0.5055 	 -0.2258
3.7776 	 -0.1330 	 0.1101 	 -0.1152 	 -0.4981 	 0.4926 	 -0.1031 	 0.1687 	 -0.5093 	 -0.2255
3.7876 	 -0.1380 	 0.1150 	 -0.1163 	 -0.4963 	 0.4874 	 -0.1054 	 0.1805 	 -0.5134 	 -0.2253
3.7976 	 -0.1430 	 0.1198 	 -0.1173 	 -0.4944 	 0.4823 	 -0.1076 	 0.1934 	 -0.5180 	 -0.2251
3.8076 	 -0.1479 	 0.1246 	 -0.1184 	 -0.4924 	 0.4771 	 -0.1099 	 0.2077 	 -0.5229 	 -0.2249
3.8176 	 -0.1528 	 0.1294 	 -0.1195 	 -0.4903 	 0.4718 	 -0.1121 	 0.2236 	 -0.5285 	 -0.2245
3.8277 	 -0.1577 	 0.1341 	 -0.1207 	 -0.4879 	 0.4665 	 -0.1144 	 0.2413 	 -0.5347 	 -0.2237
3.8377 	 -0.1626 	 0.1387 	 -0.1218 	 -0.4854 	 0.4611 	 -0.1166 	 0.2610 	 -0.5417 	 -0.2221
3.8477 	 -0.1675 	 0.1433 	 -0.1230 	 -0.4827 	 0.4556 	 -0.1188 	 0.2828 	 -0.5495 	 -0.2191
3.8577 	 -0.1723 	 0.1479 	 -0.1242 	 -0.4798 	 0.4501 	 -0.1210 	 0.3066 	 -0.5579 	 -0.2139
3.8677 	 -0.1771 	 0.1524 	 -0.1254 	 -0.4766 	 0.4444 	 -0.1231 	 0.3323 	 -0.5668 	 -0.2058
3.8778 	 -0.1818 	 0.1568 	 -0.1267 	 -0.4731 	 0.4387 	 -0.1251 	 0.3593 	 -0.5758 	 -0.1939
3.8878 	 -0.1866 	 0.1612 	 -0.1279 	 -0.4693 	 0.4329 	 -0.1270 	 0.3868 	 -0.5844 	 -0.1773
3.8978 	 -0.1912 	 0.1655 	 -0.1292 	 -0.4653 	 0.4270 	 -0.1286 	 0.4136 	 -0.5918 	 -0.1554
3.9078 	 -0.1959 	 0.1697 	 -0.1305 	 -0.4611 	 0.4210 	 -0.1301 	 0.4381 	 -0.5972 	 -0.1280
3.9178 	 -0.2005 	 0.1739 	 -0.1318 	 -0.4566 	 0.4150 	 -0.1312 	 0.4589 	 -0.5998 	 -0.0955
3.9279 	 -0.2050 	 0.1780 	 -0.1331 	 -0.4519 	 0.4090 	 -0.1320 	 0.4743 	 -0.5990 	 -0.0588
3.9379 	 -0.2095 	 0.1821 	 -0.1344 	 -0.4471 	 0.4030 	 -0.1324 	 0.4831 	 -0.5943 	 -0.0193
3.9479 	 -0.2140 	 0.1861 	 -0.1358 	 -0.4422 	 0.3971 	 -0.1323 	 0.4846 	 -0.5856 	 0.0211
3.9579 	 -0.2184 	 0.1901 	 -0.1371 	 -0.4374 	 0.3913 	 -0.1319 	 0.4787 	 -0.5732 	 0.0605
3.9679 	 -0.2228 	 0.1939 	 -0.1384 	 -0.4327 	 0.3857 	 -0.1311 	 0.4661 	 -0.5576 	 0.0969
3.9780 	 -0.2271 	 0.1978 	 -0.1397 	 -0.4281 	 0.3802 	 -0.1300 	 0.4476 	 -0.5397 	 0.1292
3.9880 	 -0.2313 	 0.2016 	 -0.1410 	 -0.4237 	 0.3748 	 -0.1286 	 0.4246 	 -0.5203 	 0.1563
3.9980 	 -0.2356 	 0.2053 	 -0.1423 	 -0.4196 	 0.3697 	 -0.1269 	 0.3985 	 -0.5003 	 0.1779
4.0080 	 -0.2397 	 0.2090 	 -0.1436 	 -0.4157 	 0.3648 	 -0.1250 	 0.3705 	 -0.4805 	 0.1941
4.0180 	 -0.2439 	 0.2126 	 -0.1448 	 -0.4122 	 0.3601 	 -0.1230 	 0.3415 	 -0.4613 	 0.2053
4.0281 	 -0.2480 	 0.2162 	 -0.1460 	 -0.4089 	 0.3556 	 -0.1209 	 0.3124 	 -0.4434 	 0.2119
4.0381 	 -0.2521 	 0.2197 	 -0.1472 	 -0.4059 	 0.3512 	 -0.1188 	 0.2837 	 -0.4269 	 0.2147
4.0481 	 -0.2561 	 0.2232 	 -0.1484 	 -0.4032 	 0.3470 	 -0.1166 	 0.2557 	 -0.4121 	 0.2142
4.0581 	 -0.2602 	 0.2267 	 -0.1496 	 -0.4008 	 0.3429 	 -0.1145 	 0.2285 	 -0.3993 	 0.2109
4.0681 	 -0.2642 	 0.2301 	 -0.1507 	 -0.3986 	 0.3390 	 -0.1124 	 0.2021 	 -0.3886 	 0.2053
4.0782 	 -0.2682 	 0.2335 	 -0.1518 	 -0.3967 	 0.3352 	 -0.1104 	 0.1764 	 -0.3802 	 0.1979
4.0882 	 -0.2721 	 0.2368 	 -0.1529 	 -0.3951 	 0.3314 	 -0.1085 	 0.1515 	 -0.3743 	 0.1889
4.0982 	 -0.2761 	 0.2401 	 -0.1540 	 -0.3937 	 0.3276 	 -0.1066 	 0.1272 	 -0.3712 	 0.1787
4.1082 	 -0.2800 	 0.2434 	 -0.1551 	 -0.3925 	 0.3239 	 -0.1049 	 0.1038 	 -0.3713 	 0.1674
4.1182 	 -0.2839 	 0.2466 	 -0.1561 	 -0.3916 	 0.3202 	 -0.1033 	 0.0815 	 -0.3748 	 0.1553
4.1283 	 -0.2879 	 0.2498 	 -0.1571 	 -0.3909 	 0.3164 	 -0.1018 	 0.0608 	 -0.3822 	 0.1428
4.1383 	 -0.2918 	 0.2530 	 -0.1581 	 -0.3904 	 0.3125 	 -0.1004 	 0.0425 	 -0.3935 	 0.1303
4.1483 	 -0.2957 	 0.2561 	 -0.1591 	 -0.3900 	 0.3085 	 -0.0992 	 0.0275 	 -0.4087 	 0.1182
4.1583 	 -0.2996 	 0.2591 	 -0.1601 	 -0.3898 	 0.3043 	 -0.0980 	 0.0171 	 -0.4271 	 0.1072
4.1683 	 -0.3035 	 0.2622 	 -0.1611 	 -0.3897 	 0.2999 	 -0.0970 	 0.0123 	 -0.4479 	 0.0980
4.1784 	 -0.3074 	 0.2651 	 -0.1621 	 -0.3895 	 0.2953 	 -0.0961 	 0.0140 	 -0.4693 	 0.0911
4.1884 	 -0.3113 	 0.2681 	 -0.1630 	 -0.3894 	 0.2905 	 -0.0952 	 0.0226 	 -0.4893 	 0.0871
4.1984 	 -0.3152 	 0.2710 	 -0.1640 	 -0.3891 	 0.2855 	 -0.0943 	 0.0375 	 -0.5059 	 0.0861
4.2084 	 -0.3191 	 0.2738 	 -0.1649 	 -0.3886 	 0.2804 	 -0.0934 	 0.0575 	 -0.5172 	 0.0879
4.2184 	 -0.3230 	 0.2766 	 -0.1658 	 -0.3879 	 0.2752 	 -0.0925 	 0.0808 	 -0.5222 	 0.0920
4.2285 	 -0.3269 	 0.2793 	 -0.1668 	 -0.3870 	 0.2700 	 -0.0916 	 0.1052 	 -0.5207 	 0.0977
4.2385 	 -0.3308 	 0.2820 	 -0.1677 	 -0.3858 	 0.2648 	 -0.0906 	 0.1290 	 -0.5132 	 0.1041
4.2485 	 -0.3346 	 0.2846 	 -0.1686 	 -0.3844 	 0.2597 	 -0.0895 	 0.1509 	 -0.5009 	 0.1105
4.2585 	 -0.3385 	 0.2872 	 -0.1695 	 -0.3828 	 0.2548 	 -0.0884 	 0.1699 	 -0.4851 	 0.1165
4.2685 	 -0.3423 	 0.2897 	 -0.1704 	 -0.3810 	 0.2500 	 -0.0872 	 0.1858 	 -0.4673 	 0.1217
4.2786 	 -0.3461 	 0.2922 	 -0.1712 	 -0.3791 	 0.2454 	 -0.0859 	 0.1986 	 -0.4485 	 0.1259
4.2886 	 -0.3499 	 0.2947 	 -0.1721 	 -0.3770 	 0.2410 	 -0.0846 	 0.2085 	 -0.4296 	 0.1292
4.2986 	 -0.3536 	 0.2970 	 -0.1729 	 -0.3749 	 0.2368 	 -0.0833 	 0.2161 	 -0.4112 	 0.1315
4.3086 	 -0.3574 	 0.2994 	 -0.1737 	 -0.3727 	 0.2328 	 -0.0820 	 0.2216 	 -0.3937 	 0.1330
4.3186 	 -0.3611 	 0.3017 	 -0.1746 	 -0.3705 	 0.2289 	 -0.0807 	 0.2255 	 -0.3773 	 0.1339
4.3287 	 -0.3648 	 0.3040 	 -0.1754 	 -0.3682 	 0.2252 	 -0.0793 	 0.2281 	 -0.3621 	 0.1341
4.3387 	 -0.3685 	 0.3062 	 -0.1762 	 -0.3659 	 0.2216 	 -0.0780 	 0.2296 	 -0.3481 	 0.1339
4.3487 	 -0.3721 	 0.3084 	 -0.1769 	 -0.3636 	 0.2182 	 -0.0766 	 0.2304 	 -0.3352 	 0.1333
4.3587 	 -0.3758 	 0.3106 	 -0.1777 	 -0.3613 	 0.2149 	 -0.0753 	 0.2305 	 -0.3234 	 0.1324
4.3687 	 -0.3794 	 0.3127 	 -0.1784 	 -0.3590 	 0.2117 	 -0.0740 	 0.2302 	 -0.3125 	 0.1313
4.3788 	 -0.3830 	 0.3148 	 -0.1792 	 -0.3567 	 0.2086 	 -0.0727 	 0.2296 	 -0.3026 	 0.1300
4.3888 	 -0.3865 	 0.3169 	 -0.1799 	 -0.3544 	 0.2057 	 -0.0714 	 0.2287 	 -0.2934 	 0.1286
4.3988 	 -0.3901 	 0.3190 	 -0.1806 	 -0.3521 	 0.2028 	 -0.0701 	 0.2275 	 -0.2850 	 0.1271
4.4088 	 -0.3936 	 0.3210 	 -0.1813 	 -0.3498 	 0.1999 	 -0.0688 	 0.2263 	 -0.2772 	 0.1255
4.4188 	 -0.3971 	 0.3230 	 -0.1820 	 -0.3475 	 0.1972 	 -0.0676 	 0.2249 	 -0.2699 	 0.1239
4.4289 	 -0.4006 	 0.3249 	 -0.1827 	 -0.3453 	 0.1945 	 -0.0664 	 0.2234 	 -0.2632 	 0.1222
4.4389 	 -0.4040 	 0.3269 	 -0.1833 	 -0.3431 	 0.1919 	 -0.0651 	 0.2219 	 -0.2569 	 0.1205
4.4489 	 -0.4074 	 0.3288 	 -0.1840 	 -0.3409 	 0.1894 	 -0.0639 	 0.2203 	 -0.2510 	 0.1188
4.4589 	 -0.4108 	 0.3307 	 -0.1846 	 -0.3387 	 0.1869 	 -0.0628 	 0.2187 	 -0.2455 	 0.1171
4.4689 	 -0.4142 	 0.3325 	 -0.1852 	 -0.3365 	 0.1845 	 -0.0616 	 0.2171 	 -0.2403 	 0.1154
4.4790 	 -0.4176 	 0.3344 	 -0.1858 	 -0.3343 	 0.1821 	 -0.0604 	 0.2154 	 -0.2354 	 0.1138
4.4890 	 -0.4209 	 0.3362 	 -0.1864 	 -0.3322 	 0.1797 	 -0.0593 	 0.2138 	 -0.2308 	 0.1121
4.4990 	 -0.4242 	 0.3380 	 -0.1870 	 -0.3300 	 0.1775 	 -0.0582 	 0.2121 	 -0.2264 	 0.1104
4.5090 	 -0.4275 	 0.3397 	 -0.1876 	 -0.3279 	 0.1752 	 -0.0571 	 0.2104 	 -0.2223 	 0.1088
4.5190 	 -0.4308 	 0.3415 	 -0.1882 	 -0.3258 	 0.1730 	 -0.0560 	 0.2088 	 -0.2183 	 0.1072
4.5291 	 -0.4341 	 0.3432 	 -0.1887 	 -0.3237 	 0.1708 	 -0.0550 	 0.2071 	 -0.2145 	 0.1056
4.5391 	 -0.4373 	 0.3449 	 -0.1893 	 -0.3217 	 0.1687 	 -0.0539 	 0.2055 	 -0.2109 	 0.1040
4.5491 	 -0.4405 	 0.3466 	 -0.1898 	 -0.3196 	 0.1666 	 -0.0529 	 0.2038 	 -0.2074 	 0.1025
4.5591 	 -0.4437 	 0.3482 	 -0.1903 	 -0.3176 	 0.1645 	 -0.0518 	 0.2022 	 -0.2041 	 0.1010
4.5691 	 -0.4469 	 0.3499 	 -0.1908 	 -0.3155 	 0.1625 	 -0.0508 	 0.2005 	 -0.2009 	 0.0995
4.5792 	 -0.4500 	 0.3515 	 -0.1913 	 -0.3135 	 0.1605 	 -0.0499 	 0.1989 	 -0.1979 	 0.0980
4.5892 	 -0.4531 	 0.3531 	 -0.1918 	 -0.3116 	 0.1585 	 -0.0489 	 0.1973 	 -0.1950 	 0.0965
4.5992 	 -0.4563 	 0.3547 	 -0.1923 	 -0.3096 	 0.1566 	 -0.0479 	 0.1957 	 -0.1921 	 0.0951
4.6092 	 -0.4594 	 0.3562 	 -0.1928 	 -0.3076 	 0.1547 	 -0.0470 	 0.1941 	 -0.1894 	 0.0937
4.6192 	 -0.4624 	 0.3578 	 -0.1933 	 -0.3057 	 0.1528 	 -0.0460 	 0.1924 	 -0.1868 	 0.0923
4.6293 	 -0.4655 	 0.3593 	 -0.1937 	 -0.3038 	 0.1510 	 -0.0451 	 0.1909 	 -0.1843 	 0.0909
4.6393 	 -0.4685 	 0.3608 	 -0.1942 	 -0.3019 	 0.1491 	 -0.0442 	 0.1893 	 -0.1819 	 0.0896
4.6493 	 -0.4715 	 0.3623 	 -0.1946 	 -0.3000 	 0.1473 	 -0.0433 	 0.1877 	 -0.1795 	 0.0883
4.6593 	 -0.4745 	 0.3638 	 -0.1950 	 -0.2981 	 0.1455 	 -0.0425 	 0.1861 	 -0.1773 	 0.0870
4.6693 	 -0.4775 	 0.3652 	 -0.1955 	 -0.2963 	 0.1438 	 -0.0416 	 0.1846 	 -0.1751 	 0.0857
4.6794 	 -0.4805 	 0.3666 	 -0.1959 	 -0.2944 	 0.1420 	 -0.0407 	 0.1830 	 -0.1730 	 0.0845
4.6894 	 -0.4834 	 0.3680 	 -0.1963 	 -0.2926 	 0.1403 	 -0.0399 	 0.1815 	 -0.1710 	 0.0832
4.6994 	 -0.4863 	 0.3694 	 -0.1967 	 -0.2908 	 0.1386 	 -0.0391 	 0.1799 	 -0.1690 	 0.0820
4.7094 	 -0.4892 	 0.3708 	 -0.1971 	 -0.2890 	 0.1369 	 -0.0383 	 0.1784 	 -0.1671 	 0.0808
4.7194 	 -0.4921 	 0.3722 	 -0.1974 	 -0.2872 	 0.1352 	 -0.0374 	 0.1769 	 -0.1653 	 0.0796
4.7295 	 -0.4950 	 0.3735 	 -0.1978 	 -0.2854 	 0.1336 	 -0.0367 	 0.1754 	 -0.1635 	 0.0785
4.7395 	 -0.4978 	 0.3749 	 -0.1982 	 -0.2837 	 0.1320 	 -0.0359 	 0.1739 	 -0.1618 	 0.0774
4.7495 	 -0.5007 	 0.3762 	 -0.1985 	 -0.2820 	 0.1303 	 -0.0351 	 0.1724 	 -0.1602 	 0.0762
4.7595 	 -0.5035 	 0.3775 	 -0.1989 	 -0.2802 	 0.1287 	 -0.0343 	 0.1710 	 -0.1586 	 0.0751
4.7695 	 -0.5063 	 0.3788 	 -0.1992 	 -0.2785 	 0.1272 	 -0.0336 	 0.1695 	 -0.1570 	 0.0741
4.7796 	 -0.5091 	 0.3800 	 -0.1995 	 -0.2768 	 0.1256 	 -0.0329 	 0.1680 	 -0.1555 	 0.0730
4.7896 	 -0.5118 	 0.3813 	 -0.1999 	 -0.2752 	 0.1241 	 -0.0321 	 0.1666 	 -0.1541 	 0.0720
4.7996 	 -0.5146 	 0.3825 	 -0.2002 	 -0.2735 	 0.1225 	 -0.0314 	 0.1652 	 -0.1527 	 0.0710
4.8096 	 -0.5173 	 0.3837 	 -0.2005 	 -0.2719 	 0.1210 	 -0.0307 	 0.1638 	 -0.1513 	 0.0700
4.8196 	 -0.5200 	 0.3849 	 -0.2008 	 -0.2702 	 0.1195 	 -0.0300 	 0.1624 	 -0.1500 	 0.0690
4.8297 	 -0.5227 	 0.3861 	 -0.2011 	 -0.2686 	 0.1180 	 -0.0293 	 0.1610 	 -0.1488 	 0.0681
4.8397 	 -0.5254 	 0.3873 	 -0.2014 	 -0.2670 	 0.1165 	 -0.0287 	 0.1596 	 -0.1475 	 0.0671
4.8497 	 -0.5281 	 0.3885 	 -0.2017 	 -0.2654 	 0.1150 	 -0.0280 	 0.1582 	 -0.1463 	 0.0662
4.8597 	 -0.5307 	 0.3896 	 -0.2020 	 -0.2638 	 0.1136 	 -0.0273 	 0.1568 	 -0.1452 	 0.0653
4.8697 	 -0.5334 	 0.3907 	 -0.2022 	 -0.2623 	 0.1121 	 -0.0267 	 0.1555 	 -0.1441 	 0.0645
4.8798 	 -0.5360 	 0.3919 	 -0.2025 	 -0.2607 	 0.1107 	 -0.0260 	 0.1541 	 -0.1430 	 0.0636
4.8898 	 -0.5386 	 0.3930 	 -0.2027 	 -0.2592 	 0.1093 	 -0.0254 	 0.1528 	 -0.1419 	 0.0628
4.8998 	 -0.5412 	 0.3940 	 -0.2030 	 -0.2576 	 0.1078 	 -0.0248 	 0.1515 	 -0.1409 	 0.0620
4.9098 	 -0.5438 	 0.3951 	 -0.2032 	 -0.2561 	 0.1064 	 -0.0242 	 0.1502 	 -0.1399 	 0.0612
4.9198 	 -0.5463 	 0.3962 	 -0.2035 	 -0.2546 	 0.1050 	 -0.0235 	 0.1489 	 -0.1389 	 0.0604
4.9299 	 -0.5489 	 0.3972 	 -0.2037 	 -0.2532 	 0.1036 	 -0.0229 	 0.1476 	 -0.1380 	 0.0597
4.9399 	 -0.5514 	 0.3983 	 -0.2039 	 -0.2517 	 0.1023 	 -0.0224 	 0.1463 	 -0.1370 	 0.0589
4.9499 	 -0.5539 	 0.3993 	 -0.2042 	 -0.2502 	 0.1009 	 -0.0218 	 0.1450 	 -0.1361 	 0.0582
4.9599 	 -0.5564 	 0.4003 	 -0.2044 	 -0.2488 	 0.0995 	 -0.0212 	 0.1437 	 -0.1353 	 0.0575
4.9699 	 -0.5589 	 0.4013 	 -0.2046 	 -0.2473 	 0.0982 	 -0.0206 	 0.1425 	 -0.1344 	 0.0568
4.9800 	 -0.5614 	 0.4022 	 -0.2048 	 -0.2459 	 0.0968 	 -0.0200 	 0.1412 	 -0.1336 	 0.0562
4.9900 	 -0.5638 	 0.4032 	 -0.2050 	 -0.2445 	 0.0955 	 -0.0195 	 0.1400 	 -0.1328 	 0.0555
