100-Body Run with i = 99 th particle. (Units in pc,M_solar,Myr, km s-1) 

time		 x 		 y 		 z 		 xdot 		 ydot 		 zdot 		 xddot 		 yddot 		 zddot
0.0000 	 -0.1042 	 -0.0506 	 1.3298 	 -0.0001 	 -0.0000 	 -0.0060 	 0.1164 	 0.0353 	 -0.1117
0.0100 	 -0.1042 	 -0.0506 	 1.3297 	 0.0011 	 0.0003 	 -0.0071 	 0.1163 	 0.0352 	 -0.1115
0.0200 	 -0.1041 	 -0.0506 	 1.3297 	 0.0023 	 0.0007 	 -0.0082 	 0.1162 	 0.0351 	 -0.1113
0.0301 	 -0.1041 	 -0.0506 	 1.3296 	 0.0034 	 0.0010 	 -0.0094 	 0.1160 	 0.0350 	 -0.1112
0.0401 	 -0.1041 	 -0.0506 	 1.3295 	 0.0046 	 0.0014 	 -0.0105 	 0.1163 	 0.0350 	 -0.1107
0.0501 	 -0.1040 	 -0.0506 	 1.3294 	 0.0058 	 0.0017 	 -0.0116 	 0.1163 	 0.0350 	 -0.1086
0.0601 	 -0.1040 	 -0.0506 	 1.3292 	 0.0069 	 0.0021 	 -0.0127 	 0.1154 	 0.0349 	 -0.1080
0.0701 	 -0.1039 	 -0.0505 	 1.3291 	 0.0081 	 0.0024 	 -0.0137 	 0.1148 	 0.0348 	 -0.1080
0.0802 	 -0.1038 	 -0.0505 	 1.3290 	 0.0092 	 0.0028 	 -0.0148 	 0.1141 	 0.0349 	 -0.1081
0.0902 	 -0.1037 	 -0.0505 	 1.3288 	 0.0104 	 0.0031 	 -0.0159 	 0.1134 	 0.0350 	 -0.1082
0.1002 	 -0.1036 	 -0.0504 	 1.3286 	 0.0115 	 0.0035 	 -0.0170 	 0.1126 	 0.0352 	 -0.1083
0.1102 	 -0.1035 	 -0.0504 	 1.3285 	 0.0126 	 0.0039 	 -0.0181 	 0.1117 	 0.0354 	 -0.1080
0.1202 	 -0.1033 	 -0.0504 	 1.3283 	 0.0137 	 0.0042 	 -0.0192 	 0.1108 	 0.0357 	 -0.1075
0.1303 	 -0.1032 	 -0.0503 	 1.3281 	 0.0148 	 0.0046 	 -0.0202 	 0.1101 	 0.0358 	 -0.1067
0.1403 	 -0.1030 	 -0.0503 	 1.3279 	 0.0159 	 0.0049 	 -0.0213 	 0.1098 	 0.0358 	 -0.1056
0.1503 	 -0.1029 	 -0.0502 	 1.3277 	 0.0170 	 0.0053 	 -0.0223 	 0.1098 	 0.0356 	 -0.1044
0.1603 	 -0.1027 	 -0.0502 	 1.3274 	 0.0181 	 0.0056 	 -0.0234 	 0.1101 	 0.0349 	 -0.1030
0.1703 	 -0.1025 	 -0.0501 	 1.3272 	 0.0192 	 0.0060 	 -0.0244 	 0.1101 	 0.0333 	 -0.0997
0.1804 	 -0.1023 	 -0.0500 	 1.3269 	 0.0203 	 0.0063 	 -0.0254 	 0.1110 	 0.0329 	 -0.0968
0.1904 	 -0.1021 	 -0.0500 	 1.3267 	 0.0215 	 0.0066 	 -0.0263 	 0.1123 	 0.0329 	 -0.0953
0.2004 	 -0.1019 	 -0.0499 	 1.3264 	 0.0226 	 0.0070 	 -0.0273 	 0.1137 	 0.0327 	 -0.0946
0.2104 	 -0.1016 	 -0.0498 	 1.3261 	 0.0237 	 0.0073 	 -0.0282 	 0.1150 	 0.0324 	 -0.0942
0.2204 	 -0.1014 	 -0.0498 	 1.3258 	 0.0249 	 0.0076 	 -0.0292 	 0.1164 	 0.0321 	 -0.0939
0.2305 	 -0.1011 	 -0.0497 	 1.3255 	 0.0261 	 0.0079 	 -0.0301 	 0.1178 	 0.0318 	 -0.0937
0.2405 	 -0.1009 	 -0.0496 	 1.3252 	 0.0273 	 0.0083 	 -0.0311 	 0.1193 	 0.0315 	 -0.0935
0.2505 	 -0.1006 	 -0.0495 	 1.3249 	 0.0285 	 0.0086 	 -0.0320 	 0.1208 	 0.0312 	 -0.0931
0.2605 	 -0.1003 	 -0.0494 	 1.3246 	 0.0297 	 0.0089 	 -0.0329 	 0.1224 	 0.0308 	 -0.0927
0.2705 	 -0.1000 	 -0.0493 	 1.3243 	 0.0309 	 0.0092 	 -0.0338 	 0.1241 	 0.0304 	 -0.0921
0.2806 	 -0.0997 	 -0.0493 	 1.3239 	 0.0322 	 0.0095 	 -0.0348 	 0.1258 	 0.0299 	 -0.0913
0.2906 	 -0.0994 	 -0.0492 	 1.3236 	 0.0334 	 0.0098 	 -0.0357 	 0.1276 	 0.0294 	 -0.0903
0.3006 	 -0.0990 	 -0.0491 	 1.3232 	 0.0347 	 0.0101 	 -0.0366 	 0.1294 	 0.0287 	 -0.0891
0.3106 	 -0.0987 	 -0.0490 	 1.3228 	 0.0360 	 0.0104 	 -0.0375 	 0.1312 	 0.0280 	 -0.0876
0.3206 	 -0.0983 	 -0.0488 	 1.3225 	 0.0374 	 0.0106 	 -0.0383 	 0.1330 	 0.0273 	 -0.0857
0.3307 	 -0.0979 	 -0.0487 	 1.3221 	 0.0387 	 0.0109 	 -0.0392 	 0.1345 	 0.0265 	 -0.0835
0.3407 	 -0.0975 	 -0.0486 	 1.3217 	 0.0400 	 0.0112 	 -0.0400 	 0.1359 	 0.0258 	 -0.0809
0.3507 	 -0.0971 	 -0.0485 	 1.3213 	 0.0414 	 0.0114 	 -0.0408 	 0.1368 	 0.0250 	 -0.0779
0.3607 	 -0.0967 	 -0.0484 	 1.3209 	 0.0428 	 0.0117 	 -0.0416 	 0.1373 	 0.0243 	 -0.0747
0.3707 	 -0.0963 	 -0.0483 	 1.3204 	 0.0442 	 0.0119 	 -0.0423 	 0.1372 	 0.0237 	 -0.0714
0.3808 	 -0.0958 	 -0.0482 	 1.3200 	 0.0455 	 0.0121 	 -0.0430 	 0.1366 	 0.0232 	 -0.0681
0.3908 	 -0.0953 	 -0.0480 	 1.3196 	 0.0469 	 0.0124 	 -0.0437 	 0.1356 	 0.0227 	 -0.0649
0.4008 	 -0.0949 	 -0.0479 	 1.3191 	 0.0483 	 0.0126 	 -0.0443 	 0.1341 	 0.0223 	 -0.0619
0.4108 	 -0.0944 	 -0.0478 	 1.3187 	 0.0496 	 0.0128 	 -0.0449 	 0.1324 	 0.0219 	 -0.0591
0.4208 	 -0.0939 	 -0.0477 	 1.3182 	 0.0509 	 0.0130 	 -0.0455 	 0.1305 	 0.0215 	 -0.0567
0.4309 	 -0.0934 	 -0.0475 	 1.3178 	 0.0522 	 0.0133 	 -0.0460 	 0.1285 	 0.0212 	 -0.0544
0.4409 	 -0.0928 	 -0.0474 	 1.3173 	 0.0535 	 0.0135 	 -0.0466 	 0.1266 	 0.0208 	 -0.0524
0.4509 	 -0.0923 	 -0.0473 	 1.3168 	 0.0547 	 0.0137 	 -0.0471 	 0.1247 	 0.0204 	 -0.0506
0.4609 	 -0.0917 	 -0.0471 	 1.3164 	 0.0560 	 0.0139 	 -0.0476 	 0.1229 	 0.0200 	 -0.0489
0.4709 	 -0.0912 	 -0.0470 	 1.3159 	 0.0572 	 0.0141 	 -0.0481 	 0.1212 	 0.0195 	 -0.0473
0.4810 	 -0.0906 	 -0.0468 	 1.3154 	 0.0584 	 0.0143 	 -0.0485 	 0.1196 	 0.0190 	 -0.0456
0.4910 	 -0.0900 	 -0.0467 	 1.3149 	 0.0596 	 0.0145 	 -0.0490 	 0.1182 	 0.0184 	 -0.0440
0.5010 	 -0.0894 	 -0.0465 	 1.3144 	 0.0608 	 0.0146 	 -0.0494 	 0.1168 	 0.0178 	 -0.0424
0.5110 	 -0.0888 	 -0.0464 	 1.3139 	 0.0619 	 0.0148 	 -0.0498 	 0.1141 	 0.0168 	 -0.0337
0.5210 	 -0.0881 	 -0.0462 	 1.3134 	 0.0631 	 0.0150 	 -0.0501 	 0.1128 	 0.0160 	 -0.0316
0.5311 	 -0.0875 	 -0.0461 	 1.3129 	 0.0642 	 0.0151 	 -0.0505 	 0.1117 	 0.0153 	 -0.0297
0.5411 	 -0.0869 	 -0.0459 	 1.3124 	 0.0653 	 0.0153 	 -0.0507 	 0.1106 	 0.0144 	 -0.0277
0.5511 	 -0.0862 	 -0.0458 	 1.3119 	 0.0664 	 0.0154 	 -0.0510 	 0.1096 	 0.0135 	 -0.0257
0.5611 	 -0.0855 	 -0.0456 	 1.3114 	 0.0675 	 0.0156 	 -0.0513 	 0.1087 	 0.0126 	 -0.0234
0.5711 	 -0.0848 	 -0.0455 	 1.3109 	 0.0686 	 0.0157 	 -0.0515 	 0.1077 	 0.0115 	 -0.0211
0.5812 	 -0.0842 	 -0.0453 	 1.3104 	 0.0697 	 0.0158 	 -0.0517 	 0.1068 	 0.0104 	 -0.0186
0.5912 	 -0.0835 	 -0.0452 	 1.3098 	 0.0707 	 0.0159 	 -0.0519 	 0.1058 	 0.0092 	 -0.0160
0.6012 	 -0.0827 	 -0.0450 	 1.3093 	 0.0718 	 0.0160 	 -0.0520 	 0.1048 	 0.0079 	 -0.0132
0.6112 	 -0.0820 	 -0.0448 	 1.3088 	 0.0728 	 0.0160 	 -0.0521 	 0.1038 	 0.0065 	 -0.0102
0.6212 	 -0.0813 	 -0.0447 	 1.3083 	 0.0739 	 0.0161 	 -0.0522 	 0.1028 	 0.0049 	 -0.0070
0.6313 	 -0.0805 	 -0.0445 	 1.3078 	 0.0749 	 0.0161 	 -0.0523 	 0.1017 	 0.0032 	 -0.0036
0.6413 	 -0.0798 	 -0.0444 	 1.3072 	 0.0759 	 0.0162 	 -0.0523 	 0.1005 	 0.0014 	 0.0001
0.6513 	 -0.0790 	 -0.0442 	 1.3067 	 0.0769 	 0.0162 	 -0.0523 	 0.0992 	 -0.0006 	 0.0040
0.6613 	 -0.0782 	 -0.0440 	 1.3062 	 0.0779 	 0.0161 	 -0.0522 	 0.0978 	 -0.0029 	 0.0082
0.6713 	 -0.0774 	 -0.0439 	 1.3057 	 0.0789 	 0.0161 	 -0.0521 	 0.0962 	 -0.0053 	 0.0127
0.6814 	 -0.0767 	 -0.0437 	 1.3051 	 0.0798 	 0.0160 	 -0.0519 	 0.0961 	 -0.0104 	 0.0209
0.6914 	 -0.0758 	 -0.0436 	 1.3046 	 0.0808 	 0.0159 	 -0.0516 	 0.0927 	 -0.0157 	 0.0328
0.7014 	 -0.0750 	 -0.0434 	 1.3041 	 0.0817 	 0.0157 	 -0.0513 	 0.0897 	 -0.0190 	 0.0394
0.7114 	 -0.0742 	 -0.0432 	 1.3036 	 0.0826 	 0.0155 	 -0.0509 	 0.0870 	 -0.0225 	 0.0457
0.7214 	 -0.0734 	 -0.0431 	 1.3031 	 0.0834 	 0.0153 	 -0.0504 	 0.0841 	 -0.0265 	 0.0524
0.7315 	 -0.0725 	 -0.0429 	 1.3026 	 0.0843 	 0.0150 	 -0.0498 	 0.0808 	 -0.0309 	 0.0596
0.7415 	 -0.0717 	 -0.0428 	 1.3021 	 0.0850 	 0.0146 	 -0.0492 	 0.0770 	 -0.0358 	 0.0674
0.7515 	 -0.0708 	 -0.0426 	 1.3016 	 0.0858 	 0.0143 	 -0.0484 	 0.0728 	 -0.0412 	 0.0759
0.7615 	 -0.0700 	 -0.0425 	 1.3011 	 0.0865 	 0.0138 	 -0.0476 	 0.0678 	 -0.0473 	 0.0852
0.7715 	 -0.0691 	 -0.0424 	 1.3006 	 0.0872 	 0.0133 	 -0.0467 	 0.0621 	 -0.0542 	 0.0953
0.7816 	 -0.0682 	 -0.0422 	 1.3002 	 0.0877 	 0.0127 	 -0.0457 	 0.0555 	 -0.0620 	 0.1063
0.7916 	 -0.0673 	 -0.0421 	 1.2997 	 0.0883 	 0.0121 	 -0.0446 	 0.0478 	 -0.0707 	 0.1185
0.8016 	 -0.0665 	 -0.0420 	 1.2993 	 0.0887 	 0.0113 	 -0.0434 	 0.0388 	 -0.0806 	 0.1318
0.8116 	 -0.0656 	 -0.0419 	 1.2989 	 0.0890 	 0.0104 	 -0.0420 	 0.0283 	 -0.0919 	 0.1466
0.8216 	 -0.0647 	 -0.0418 	 1.2984 	 0.0893 	 0.0095 	 -0.0404 	 0.0160 	 -0.1049 	 0.1630
0.8317 	 -0.0638 	 -0.0417 	 1.2981 	 0.0893 	 0.0083 	 -0.0387 	 0.0016 	 -0.1197 	 0.1813
0.8417 	 -0.0629 	 -0.0416 	 1.2977 	 0.0893 	 0.0071 	 -0.0368 	 -0.0155 	 -0.1370 	 0.2017
0.8517 	 -0.0620 	 -0.0416 	 1.2973 	 0.0890 	 0.0056 	 -0.0346 	 -0.0357 	 -0.1570 	 0.2247
0.8617 	 -0.0611 	 -0.0415 	 1.2970 	 0.0886 	 0.0039 	 -0.0323 	 -0.0599 	 -0.1805 	 0.2508
0.8717 	 -0.0602 	 -0.0415 	 1.2967 	 0.0878 	 0.0020 	 -0.0296 	 -0.0889 	 -0.2083 	 0.2806
0.8818 	 -0.0593 	 -0.0415 	 1.2964 	 0.0867 	 -0.0003 	 -0.0266 	 -0.1242 	 -0.2414 	 0.3149
0.8918 	 -0.0585 	 -0.0415 	 1.2961 	 0.0853 	 -0.0029 	 -0.0233 	 -0.1673 	 -0.2815 	 0.3548
0.9018 	 -0.0576 	 -0.0415 	 1.2959 	 0.0834 	 -0.0060 	 -0.0195 	 -0.2210 	 -0.3305 	 0.4016
0.9118 	 -0.0568 	 -0.0416 	 1.2958 	 0.0808 	 -0.0096 	 -0.0152 	 -0.2887 	 -0.3913 	 0.4574
0.9218 	 -0.0560 	 -0.0417 	 1.2956 	 0.0775 	 -0.0139 	 -0.0103 	 -0.3757 	 -0.4682 	 0.5247
0.9319 	 -0.0553 	 -0.0419 	 1.2956 	 0.0732 	 -0.0190 	 -0.0046 	 -0.4905 	 -0.5677 	 0.6073
0.9419 	 -0.0546 	 -0.0421 	 1.2955 	 0.0675 	 -0.0253 	 0.0020 	 -0.6465 	 -0.6998 	 0.7107
0.9519 	 -0.0539 	 -0.0424 	 1.2956 	 0.0600 	 -0.0332 	 0.0097 	 -0.8667 	 -0.8816 	 0.8430
0.9619 	 -0.0534 	 -0.0428 	 1.2957 	 0.0498 	 -0.0433 	 0.0190 	 -1.1942 	 -1.1434 	 1.0167
0.9719 	 -0.0530 	 -0.0433 	 1.2960 	 0.0355 	 -0.0566 	 0.0303 	 -1.7169 	 -1.5448 	 1.2505
0.9820 	 -0.0527 	 -0.0440 	 1.2964 	 0.0141 	 -0.0751 	 0.0443 	 -2.6413 	 -2.2182 	 1.5705
0.9920 	 -0.0528 	 -0.0449 	 1.2969 	 -0.0206 	 -0.1030 	 0.0620 	 -4.5663 	 -3.5190 	 1.9815
1.0020 	 -0.0534 	 -0.0462 	 1.2976 	 -0.0878 	 -0.1514 	 0.0831 	 -9.9985 	 -6.7643 	 2.0784
1.0120 	 -0.0555 	 -0.0484 	 1.2983 	 -0.2909 	 -0.2667 	 0.0709 	 -48.0818 	 -23.4816 	 -12.2563
1.0220 	 0.0088 	 -0.0489 	 1.3925 	 13.0556 	 0.1158 	 18.7165 	 0.0248 	 0.1173 	 -0.3501
1.0321 	 0.1397 	 -0.0478 	 1.5800 	 13.0557 	 0.1165 	 18.7139 	 0.0147 	 0.0351 	 -0.2160
1.0421 	 0.2705 	 -0.0466 	 1.7675 	 13.0559 	 0.1167 	 18.7119 	 0.0032 	 0.0183 	 -0.1875
1.0521 	 0.4013 	 -0.0454 	 1.9550 	 13.0557 	 0.1168 	 18.7102 	 -0.0218 	 0.0091 	 -0.1377
1.0621 	 0.5321 	 -0.0443 	 2.1425 	 13.0555 	 0.1169 	 18.7091 	 -0.0251 	 0.0048 	 -0.0971
1.0721 	 0.6629 	 -0.0431 	 2.3300 	 13.0553 	 0.1170 	 18.7082 	 -0.0227 	 0.0027 	 -0.0721
1.0822 	 0.7937 	 -0.0419 	 2.5174 	 13.0550 	 0.1170 	 18.7076 	 -0.0199 	 0.0014 	 -0.0558
1.0922 	 0.9246 	 -0.0407 	 2.7049 	 13.0549 	 0.1170 	 18.7071 	 -0.0177 	 0.0005 	 -0.0440
1.1022 	 1.0554 	 -0.0396 	 2.8923 	 13.0547 	 0.1170 	 18.7067 	 -0.0163 	 -0.0003 	 -0.0350
1.1122 	 1.1862 	 -0.0384 	 3.0798 	 13.0545 	 0.1170 	 18.7064 	 -0.0159 	 -0.0012 	 -0.0280
1.1222 	 1.3170 	 -0.0372 	 3.2672 	 13.0544 	 0.1170 	 18.7061 	 -0.0163 	 -0.0020 	 -0.0229
1.1323 	 1.4478 	 -0.0361 	 3.4546 	 13.0542 	 0.1169 	 18.7059 	 -0.0170 	 -0.0024 	 -0.0201
1.1423 	 1.5786 	 -0.0349 	 3.6421 	 13.0540 	 0.1169 	 18.7057 	 -0.0167 	 -0.0023 	 -0.0190
1.1523 	 1.7094 	 -0.0337 	 3.8295 	 13.0539 	 0.1169 	 18.7055 	 -0.0153 	 -0.0018 	 -0.0184
1.1623 	 1.8402 	 -0.0325 	 4.0169 	 13.0537 	 0.1169 	 18.7054 	 -0.0132 	 -0.0013 	 -0.0175
1.1723 	 1.9710 	 -0.0314 	 4.2043 	 13.0536 	 0.1169 	 18.7052 	 -0.0114 	 -0.0008 	 -0.0163
1.1824 	 2.1018 	 -0.0302 	 4.3918 	 13.0535 	 0.1169 	 18.7050 	 -0.0098 	 -0.0006 	 -0.0149
1.1924 	 2.2326 	 -0.0290 	 4.5792 	 13.0534 	 0.1169 	 18.7049 	 -0.0086 	 -0.0004 	 -0.0136
1.2024 	 2.3634 	 -0.0279 	 4.7666 	 13.0533 	 0.1169 	 18.7048 	 -0.0076 	 -0.0002 	 -0.0124
1.2124 	 2.4942 	 -0.0267 	 4.9540 	 13.0532 	 0.1168 	 18.7046 	 -0.0068 	 -0.0001 	 -0.0113
1.2224 	 2.6250 	 -0.0255 	 5.1415 	 13.0532 	 0.1168 	 18.7045 	 -0.0062 	 -0.0001 	 -0.0104
1.2325 	 2.7558 	 -0.0243 	 5.3289 	 13.0531 	 0.1168 	 18.7044 	 -0.0056 	 -0.0000 	 -0.0095
1.2425 	 2.8865 	 -0.0232 	 5.5163 	 13.0531 	 0.1168 	 18.7043 	 -0.0052 	 0.0000 	 -0.0088
1.2525 	 3.0173 	 -0.0220 	 5.7037 	 13.0530 	 0.1168 	 18.7042 	 -0.0048 	 0.0000 	 -0.0081
1.2625 	 3.1481 	 -0.0208 	 5.8911 	 13.0530 	 0.1168 	 18.7042 	 -0.0044 	 0.0001 	 -0.0075
1.2725 	 3.2789 	 -0.0197 	 6.0786 	 13.0529 	 0.1168 	 18.7041 	 -0.0041 	 0.0001 	 -0.0070
1.2826 	 3.4097 	 -0.0185 	 6.2660 	 13.0529 	 0.1169 	 18.7040 	 -0.0038 	 0.0001 	 -0.0065
1.2926 	 3.5405 	 -0.0173 	 6.4534 	 13.0528 	 0.1169 	 18.7040 	 -0.0036 	 0.0002 	 -0.0061
1.3026 	 3.6713 	 -0.0161 	 6.6408 	 13.0528 	 0.1169 	 18.7039 	 -0.0034 	 0.0002 	 -0.0057
1.3126 	 3.8021 	 -0.0150 	 6.8282 	 13.0528 	 0.1169 	 18.7039 	 -0.0032 	 0.0002 	 -0.0053
1.3226 	 3.9329 	 -0.0138 	 7.0156 	 13.0528 	 0.1169 	 18.7038 	 -0.0030 	 0.0002 	 -0.0050
1.3327 	 4.0637 	 -0.0126 	 7.2030 	 13.0527 	 0.1169 	 18.7038 	 -0.0029 	 0.0002 	 -0.0047
1.3427 	 4.1944 	 -0.0115 	 7.3904 	 13.0527 	 0.1169 	 18.7037 	 -0.0027 	 0.0003 	 -0.0045
1.3527 	 4.3252 	 -0.0103 	 7.5779 	 13.0527 	 0.1169 	 18.7037 	 -0.0026 	 0.0003 	 -0.0042
1.3627 	 4.4560 	 -0.0091 	 7.7653 	 13.0526 	 0.1169 	 18.7036 	 -0.0025 	 0.0003 	 -0.0040
1.3727 	 4.5868 	 -0.0080 	 7.9527 	 13.0526 	 0.1169 	 18.7036 	 -0.0023 	 0.0003 	 -0.0038
1.3828 	 4.7176 	 -0.0068 	 8.1401 	 13.0526 	 0.1169 	 18.7035 	 -0.0022 	 0.0003 	 -0.0036
1.3928 	 4.8484 	 -0.0056 	 8.3275 	 13.0526 	 0.1169 	 18.7035 	 -0.0022 	 0.0003 	 -0.0034
1.4028 	 4.9792 	 -0.0044 	 8.5149 	 13.0526 	 0.1169 	 18.7035 	 -0.0021 	 0.0003 	 -0.0033
1.4128 	 5.1100 	 -0.0033 	 8.7023 	 13.0525 	 0.1169 	 18.7034 	 -0.0020 	 0.0004 	 -0.0031
1.4228 	 5.2407 	 -0.0021 	 8.8897 	 13.0525 	 0.1169 	 18.7034 	 -0.0019 	 0.0004 	 -0.0030
1.4329 	 5.3715 	 -0.0009 	 9.0771 	 13.0525 	 0.1169 	 18.7034 	 -0.0018 	 0.0004 	 -0.0029
1.4429 	 5.5023 	 0.0002 	 9.2645 	 13.0525 	 0.1169 	 18.7034 	 -0.0018 	 0.0004 	 -0.0028
1.4529 	 5.6331 	 0.0014 	 9.4520 	 13.0525 	 0.1169 	 18.7033 	 -0.0017 	 0.0004 	 -0.0027
1.4629 	 5.7639 	 0.0026 	 9.6394 	 13.0524 	 0.1169 	 18.7033 	 -0.0017 	 0.0004 	 -0.0026
1.4729 	 5.8947 	 0.0038 	 9.8268 	 13.0524 	 0.1169 	 18.7033 	 -0.0016 	 0.0003 	 -0.0025
1.4830 	 6.0255 	 0.0049 	 10.0142 	 13.0524 	 0.1169 	 18.7033 	 -0.0016 	 0.0003 	 -0.0024
1.4930 	 6.1563 	 0.0061 	 10.2016 	 13.0524 	 0.1169 	 18.7032 	 -0.0015 	 0.0003 	 -0.0023
1.5030 	 6.2870 	 0.0073 	 10.3890 	 13.0524 	 0.1169 	 18.7032 	 -0.0015 	 0.0003 	 -0.0022
1.5130 	 6.4178 	 0.0084 	 10.5764 	 13.0524 	 0.1169 	 18.7032 	 -0.0014 	 0.0003 	 -0.0021
1.5230 	 6.5486 	 0.0096 	 10.7638 	 13.0523 	 0.1169 	 18.7032 	 -0.0014 	 0.0003 	 -0.0021
1.5331 	 6.6794 	 0.0108 	 10.9512 	 13.0523 	 0.1169 	 18.7031 	 -0.0013 	 0.0003 	 -0.0020
1.5431 	 6.8102 	 0.0120 	 11.1386 	 13.0523 	 0.1169 	 18.7031 	 -0.0013 	 0.0003 	 -0.0020
1.5531 	 6.9410 	 0.0131 	 11.3260 	 13.0523 	 0.1169 	 18.7031 	 -0.0013 	 0.0003 	 -0.0019
1.5631 	 7.0717 	 0.0143 	 11.5134 	 13.0523 	 0.1169 	 18.7031 	 -0.0012 	 0.0002 	 -0.0018
1.5731 	 7.2025 	 0.0155 	 11.7008 	 13.0523 	 0.1169 	 18.7031 	 -0.0012 	 0.0002 	 -0.0018
1.5832 	 7.3333 	 0.0166 	 11.8882 	 13.0523 	 0.1169 	 18.7031 	 -0.0012 	 0.0002 	 -0.0017
1.5932 	 7.4641 	 0.0178 	 12.0756 	 13.0523 	 0.1169 	 18.7030 	 -0.0011 	 0.0002 	 -0.0017
1.6032 	 7.5949 	 0.0190 	 12.2631 	 13.0522 	 0.1169 	 18.7030 	 -0.0011 	 0.0002 	 -0.0016
1.6132 	 7.7257 	 0.0202 	 12.4505 	 13.0522 	 0.1169 	 18.7030 	 -0.0011 	 0.0002 	 -0.0016
1.6232 	 7.8565 	 0.0213 	 12.6379 	 13.0522 	 0.1169 	 18.7030 	 -0.0010 	 0.0002 	 -0.0015
1.6333 	 7.9872 	 0.0225 	 12.8253 	 13.0522 	 0.1169 	 18.7030 	 -0.0010 	 0.0002 	 -0.0015
1.6433 	 8.1180 	 0.0237 	 13.0127 	 13.0522 	 0.1169 	 18.7030 	 -0.0010 	 0.0002 	 -0.0014
1.6533 	 8.2488 	 0.0249 	 13.2001 	 13.0522 	 0.1169 	 18.7029 	 -0.0010 	 0.0001 	 -0.0014
1.6633 	 8.3796 	 0.0260 	 13.3875 	 13.0522 	 0.1170 	 18.7029 	 -0.0009 	 0.0001 	 -0.0014
1.6733 	 8.5104 	 0.0272 	 13.5749 	 13.0522 	 0.1170 	 18.7029 	 -0.0009 	 0.0001 	 -0.0013
1.6834 	 8.6412 	 0.0284 	 13.7623 	 13.0522 	 0.1170 	 18.7029 	 -0.0009 	 0.0001 	 -0.0013
1.6934 	 8.7719 	 0.0295 	 13.9497 	 13.0522 	 0.1170 	 18.7029 	 -0.0009 	 0.0001 	 -0.0013
1.7034 	 8.9027 	 0.0307 	 14.1371 	 13.0522 	 0.1170 	 18.7029 	 -0.0008 	 0.0001 	 -0.0012
1.7134 	 9.0335 	 0.0319 	 14.3245 	 13.0521 	 0.1170 	 18.7029 	 -0.0008 	 0.0001 	 -0.0012
1.7234 	 9.1643 	 0.0331 	 14.5119 	 13.0521 	 0.1170 	 18.7029 	 -0.0008 	 0.0001 	 -0.0012
1.7335 	 9.2951 	 0.0342 	 14.6993 	 13.0521 	 0.1170 	 18.7028 	 -0.0008 	 0.0001 	 -0.0011
1.7435 	 9.4259 	 0.0354 	 14.8867 	 13.0521 	 0.1170 	 18.7028 	 -0.0007 	 0.0001 	 -0.0011
1.7535 	 9.5566 	 0.0366 	 15.0741 	 13.0521 	 0.1170 	 18.7028 	 -0.0007 	 0.0001 	 -0.0011
1.7635 	 9.6874 	 0.0377 	 15.2615 	 13.0521 	 0.1170 	 18.7028 	 -0.0007 	 0.0001 	 -0.0010
1.7735 	 9.8182 	 0.0389 	 15.4489 	 13.0521 	 0.1170 	 18.7028 	 -0.0007 	 0.0001 	 -0.0010
1.7836 	 9.9490 	 0.0401 	 15.6363 	 13.0521 	 0.1170 	 18.7028 	 -0.0007 	 0.0001 	 -0.0010
1.7936 	 10.0798 	 0.0413 	 15.8237 	 13.0521 	 0.1170 	 18.7028 	 -0.0007 	 0.0001 	 -0.0010
1.8036 	 10.2105 	 0.0424 	 16.0111 	 13.0521 	 0.1170 	 18.7028 	 -0.0006 	 0.0001 	 -0.0009
1.8136 	 10.3413 	 0.0436 	 16.1985 	 13.0521 	 0.1170 	 18.7028 	 -0.0006 	 0.0001 	 -0.0009
1.8236 	 10.4721 	 0.0448 	 16.3859 	 13.0521 	 0.1170 	 18.7027 	 -0.0006 	 0.0001 	 -0.0009
1.8337 	 10.6029 	 0.0459 	 16.5733 	 13.0521 	 0.1170 	 18.7027 	 -0.0006 	 0.0001 	 -0.0009
1.8437 	 10.7337 	 0.0471 	 16.7607 	 13.0521 	 0.1170 	 18.7027 	 -0.0006 	 0.0000 	 -0.0009
1.8537 	 10.8645 	 0.0483 	 16.9481 	 13.0520 	 0.1170 	 18.7027 	 -0.0006 	 0.0000 	 -0.0008
1.8637 	 10.9952 	 0.0495 	 17.1355 	 13.0520 	 0.1170 	 18.7027 	 -0.0006 	 0.0000 	 -0.0008
1.8737 	 11.1260 	 0.0506 	 17.3229 	 13.0520 	 0.1170 	 18.7027 	 -0.0005 	 0.0000 	 -0.0008
1.8838 	 11.2568 	 0.0518 	 17.5103 	 13.0520 	 0.1170 	 18.7027 	 -0.0005 	 0.0000 	 -0.0008
1.8938 	 11.3876 	 0.0530 	 17.6977 	 13.0520 	 0.1170 	 18.7027 	 -0.0005 	 0.0000 	 -0.0008
1.9038 	 11.5184 	 0.0542 	 17.8851 	 13.0520 	 0.1170 	 18.7027 	 -0.0005 	 0.0000 	 -0.0008
1.9138 	 11.6491 	 0.0553 	 18.0725 	 13.0520 	 0.1170 	 18.7027 	 -0.0005 	 0.0000 	 -0.0007
1.9238 	 11.7799 	 0.0565 	 18.2600 	 13.0520 	 0.1170 	 18.7027 	 -0.0005 	 0.0000 	 -0.0007
1.9339 	 11.9107 	 0.0577 	 18.4474 	 13.0520 	 0.1170 	 18.7027 	 -0.0005 	 0.0000 	 -0.0007
1.9439 	 12.0415 	 0.0588 	 18.6348 	 13.0520 	 0.1170 	 18.7027 	 -0.0005 	 0.0000 	 -0.0007
1.9539 	 12.1723 	 0.0600 	 18.8222 	 13.0520 	 0.1170 	 18.7026 	 -0.0005 	 0.0000 	 -0.0007
1.9639 	 12.3031 	 0.0612 	 19.0096 	 13.0520 	 0.1170 	 18.7026 	 -0.0004 	 0.0000 	 -0.0007
1.9739 	 12.4338 	 0.0624 	 19.1970 	 13.0520 	 0.1170 	 18.7026 	 -0.0004 	 0.0000 	 -0.0006
1.9840 	 12.5646 	 0.0635 	 19.3844 	 13.0520 	 0.1170 	 18.7026 	 -0.0004 	 0.0000 	 -0.0006
1.9940 	 12.6954 	 0.0647 	 19.5718 	 13.0520 	 0.1170 	 18.7026 	 -0.0004 	 0.0000 	 -0.0006
2.0040 	 12.8262 	 0.0659 	 19.7592 	 13.0520 	 0.1170 	 18.7026 	 -0.0004 	 0.0000 	 -0.0006
2.0140 	 12.9570 	 0.0670 	 19.9466 	 13.0520 	 0.1170 	 18.7026 	 -0.0004 	 0.0000 	 -0.0006
2.0240 	 13.0877 	 0.0682 	 20.1340 	 13.0520 	 0.1170 	 18.7026 	 -0.0004 	 0.0000 	 -0.0006
2.0341 	 13.2185 	 0.0694 	 20.3214 	 13.0520 	 0.1170 	 18.7026 	 -0.0004 	 0.0000 	 -0.0006
2.0441 	 13.3493 	 0.0706 	 20.5088 	 13.0520 	 0.1170 	 18.7026 	 -0.0004 	 0.0000 	 -0.0006
2.0541 	 13.4801 	 0.0717 	 20.6962 	 13.0520 	 0.1170 	 18.7026 	 -0.0004 	 0.0000 	 -0.0005
2.0641 	 13.6109 	 0.0729 	 20.8836 	 13.0520 	 0.1170 	 18.7026 	 -0.0004 	 0.0000 	 -0.0005
2.0741 	 13.7417 	 0.0741 	 21.0710 	 13.0520 	 0.1170 	 18.7026 	 -0.0004 	 0.0000 	 -0.0005
2.0842 	 13.8724 	 0.0752 	 21.2584 	 13.0519 	 0.1170 	 18.7026 	 -0.0004 	 0.0000 	 -0.0005
2.0942 	 14.0032 	 0.0764 	 21.4458 	 13.0519 	 0.1170 	 18.7026 	 -0.0003 	 0.0000 	 -0.0005
2.1042 	 14.1340 	 0.0776 	 21.6332 	 13.0519 	 0.1170 	 18.7026 	 -0.0003 	 0.0000 	 -0.0005
2.1142 	 14.2648 	 0.0788 	 21.8206 	 13.0519 	 0.1170 	 18.7026 	 -0.0003 	 0.0000 	 -0.0005
2.1242 	 14.3956 	 0.0799 	 22.0080 	 13.0519 	 0.1170 	 18.7026 	 -0.0003 	 0.0000 	 -0.0005
2.1343 	 14.5263 	 0.0811 	 22.1954 	 13.0519 	 0.1170 	 18.7025 	 -0.0003 	 0.0000 	 -0.0005
2.1443 	 14.6571 	 0.0823 	 22.3828 	 13.0519 	 0.1170 	 18.7025 	 -0.0003 	 0.0000 	 -0.0005
2.1543 	 14.7879 	 0.0835 	 22.5702 	 13.0519 	 0.1170 	 18.7025 	 -0.0003 	 0.0000 	 -0.0005
2.1643 	 14.9187 	 0.0846 	 22.7576 	 13.0519 	 0.1170 	 18.7025 	 -0.0003 	 0.0000 	 -0.0004
2.1743 	 15.0495 	 0.0858 	 22.9450 	 13.0519 	 0.1170 	 18.7025 	 -0.0003 	 0.0000 	 -0.0004
2.1844 	 15.1802 	 0.0870 	 23.1324 	 13.0519 	 0.1170 	 18.7025 	 -0.0003 	 0.0000 	 -0.0004
2.1944 	 15.3110 	 0.0881 	 23.3198 	 13.0519 	 0.1170 	 18.7025 	 -0.0003 	 0.0000 	 -0.0004
2.2044 	 15.4418 	 0.0893 	 23.5072 	 13.0519 	 0.1170 	 18.7025 	 -0.0003 	 0.0000 	 -0.0004
2.2144 	 15.5726 	 0.0905 	 23.6946 	 13.0519 	 0.1170 	 18.7025 	 -0.0003 	 0.0000 	 -0.0004
2.2244 	 15.7034 	 0.0917 	 23.8820 	 13.0519 	 0.1170 	 18.7025 	 -0.0003 	 0.0000 	 -0.0004
2.2345 	 15.8341 	 0.0928 	 24.0694 	 13.0519 	 0.1170 	 18.7025 	 -0.0003 	 0.0000 	 -0.0004
2.2445 	 15.9649 	 0.0940 	 24.2568 	 13.0519 	 0.1170 	 18.7025 	 -0.0003 	 0.0000 	 -0.0004
2.2545 	 16.0957 	 0.0952 	 24.4442 	 13.0519 	 0.1170 	 18.7025 	 -0.0003 	 0.0000 	 -0.0004
2.2645 	 16.2265 	 0.0963 	 24.6316 	 13.0519 	 0.1170 	 18.7025 	 -0.0003 	 0.0000 	 -0.0004
2.2745 	 16.3573 	 0.0975 	 24.8190 	 13.0519 	 0.1170 	 18.7025 	 -0.0003 	 0.0000 	 -0.0004
2.2846 	 16.4880 	 0.0987 	 25.0064 	 13.0519 	 0.1170 	 18.7025 	 -0.0003 	 0.0000 	 -0.0004
2.2946 	 16.6188 	 0.0999 	 25.1938 	 13.0519 	 0.1170 	 18.7025 	 -0.0002 	 0.0000 	 -0.0004
2.3046 	 16.7496 	 0.1010 	 25.3812 	 13.0519 	 0.1170 	 18.7025 	 -0.0002 	 0.0000 	 -0.0004
2.3146 	 16.8804 	 0.1022 	 25.5686 	 13.0519 	 0.1170 	 18.7025 	 -0.0002 	 0.0000 	 -0.0003
2.3246 	 17.0112 	 0.1034 	 25.7560 	 13.0519 	 0.1170 	 18.7025 	 -0.0002 	 0.0000 	 -0.0003
2.3347 	 17.1419 	 0.1046 	 25.9434 	 13.0519 	 0.1170 	 18.7025 	 -0.0002 	 0.0000 	 -0.0003
2.3447 	 17.2727 	 0.1057 	 26.1308 	 13.0519 	 0.1170 	 18.7025 	 -0.0002 	 0.0000 	 -0.0003
2.3547 	 17.4035 	 0.1069 	 26.3182 	 13.0519 	 0.1170 	 18.7025 	 -0.0002 	 0.0000 	 -0.0003
2.3647 	 17.5343 	 0.1081 	 26.5056 	 13.0519 	 0.1170 	 18.7025 	 -0.0002 	 0.0000 	 -0.0003
2.3747 	 17.6651 	 0.1092 	 26.6930 	 13.0519 	 0.1170 	 18.7025 	 -0.0002 	 0.0000 	 -0.0003
2.3848 	 17.7958 	 0.1104 	 26.8804 	 13.0519 	 0.1170 	 18.7025 	 -0.0002 	 0.0000 	 -0.0003
2.3948 	 17.9266 	 0.1116 	 27.0678 	 13.0519 	 0.1170 	 18.7024 	 -0.0002 	 0.0000 	 -0.0003
2.4048 	 18.0574 	 0.1128 	 27.2552 	 13.0519 	 0.1170 	 18.7024 	 -0.0002 	 0.0000 	 -0.0003
2.4148 	 18.1882 	 0.1139 	 27.4426 	 13.0519 	 0.1170 	 18.7024 	 -0.0002 	 0.0000 	 -0.0003
2.4248 	 18.3190 	 0.1151 	 27.6300 	 13.0519 	 0.1170 	 18.7024 	 -0.0002 	 0.0000 	 -0.0003
2.4349 	 18.4498 	 0.1163 	 27.8174 	 13.0519 	 0.1170 	 18.7024 	 -0.0002 	 0.0000 	 -0.0003
2.4449 	 18.5805 	 0.1174 	 28.0048 	 13.0519 	 0.1170 	 18.7024 	 -0.0002 	 0.0000 	 -0.0003
2.4549 	 18.7113 	 0.1186 	 28.1922 	 13.0518 	 0.1170 	 18.7024 	 -0.0002 	 0.0000 	 -0.0003
2.4649 	 18.8421 	 0.1198 	 28.3796 	 13.0518 	 0.1170 	 18.7024 	 -0.0002 	 0.0000 	 -0.0003
2.4749 	 18.9729 	 0.1210 	 28.5670 	 13.0518 	 0.1170 	 18.7024 	 -0.0002 	 0.0000 	 -0.0003
2.4850 	 19.1037 	 0.1221 	 28.7544 	 13.0518 	 0.1170 	 18.7024 	 -0.0002 	 0.0000 	 -0.0003
2.4950 	 19.2344 	 0.1233 	 28.9418 	 13.0518 	 0.1170 	 18.7024 	 -0.0002 	 0.0000 	 -0.0003
2.5050 	 19.3652 	 0.1245 	 29.1292 	 13.0518 	 0.1170 	 18.7024 	 -0.0002 	 0.0000 	 -0.0003
2.5150 	 19.4960 	 0.1256 	 29.3166 	 13.0518 	 0.1170 	 18.7024 	 -0.0002 	 0.0000 	 -0.0003
2.5251 	 19.6268 	 0.1268 	 29.5039 	 13.0518 	 0.1170 	 18.7024 	 -0.0002 	 0.0000 	 -0.0003
2.5351 	 19.7576 	 0.1280 	 29.6913 	 13.0518 	 0.1170 	 18.7024 	 -0.0002 	 0.0000 	 -0.0003
2.5451 	 19.8883 	 0.1292 	 29.8787 	 13.0518 	 0.1170 	 18.7024 	 -0.0002 	 0.0000 	 -0.0003
2.5551 	 20.0191 	 0.1303 	 30.0661 	 13.0518 	 0.1170 	 18.7024 	 -0.0002 	 0.0000 	 -0.0003
2.5651 	 20.1499 	 0.1315 	 30.2535 	 13.0518 	 0.1170 	 18.7024 	 -0.0002 	 0.0000 	 -0.0002
2.5752 	 20.2807 	 0.1327 	 30.4409 	 13.0518 	 0.1170 	 18.7024 	 -0.0002 	 0.0000 	 -0.0002
2.5852 	 20.4114 	 0.1339 	 30.6283 	 13.0518 	 0.1170 	 18.7024 	 -0.0002 	 0.0000 	 -0.0002
2.5952 	 20.5422 	 0.1350 	 30.8157 	 13.0518 	 0.1170 	 18.7024 	 -0.0002 	 0.0000 	 -0.0002
2.6052 	 20.6730 	 0.1362 	 31.0031 	 13.0518 	 0.1170 	 18.7024 	 -0.0002 	 0.0000 	 -0.0002
2.6152 	 20.8038 	 0.1374 	 31.1905 	 13.0518 	 0.1170 	 18.7024 	 -0.0002 	 0.0000 	 -0.0002
2.6253 	 20.9346 	 0.1385 	 31.3779 	 13.0518 	 0.1170 	 18.7024 	 -0.0002 	 0.0000 	 -0.0002
2.6353 	 21.0653 	 0.1397 	 31.5653 	 13.0518 	 0.1170 	 18.7024 	 -0.0002 	 0.0000 	 -0.0002
2.6453 	 21.1961 	 0.1409 	 31.7527 	 13.0518 	 0.1170 	 18.7024 	 -0.0002 	 0.0000 	 -0.0002
2.6553 	 21.3269 	 0.1421 	 31.9401 	 13.0518 	 0.1170 	 18.7024 	 -0.0002 	 0.0000 	 -0.0002
2.6653 	 21.4577 	 0.1432 	 32.1275 	 13.0518 	 0.1170 	 18.7024 	 -0.0002 	 0.0000 	 -0.0002
2.6754 	 21.5885 	 0.1444 	 32.3149 	 13.0518 	 0.1170 	 18.7024 	 -0.0001 	 0.0000 	 -0.0002
2.6854 	 21.7192 	 0.1456 	 32.5023 	 13.0518 	 0.1170 	 18.7024 	 -0.0001 	 0.0000 	 -0.0002
2.6954 	 21.8500 	 0.1467 	 32.6897 	 13.0518 	 0.1170 	 18.7024 	 -0.0001 	 0.0000 	 -0.0002
2.7054 	 21.9808 	 0.1479 	 32.8771 	 13.0518 	 0.1170 	 18.7024 	 -0.0001 	 0.0000 	 -0.0002
2.7154 	 22.1116 	 0.1491 	 33.0645 	 13.0518 	 0.1170 	 18.7024 	 -0.0001 	 0.0000 	 -0.0002
2.7255 	 22.2424 	 0.1503 	 33.2519 	 13.0518 	 0.1170 	 18.7024 	 -0.0001 	 0.0000 	 -0.0002
2.7355 	 22.3731 	 0.1514 	 33.4393 	 13.0518 	 0.1170 	 18.7024 	 -0.0001 	 0.0000 	 -0.0002
2.7455 	 22.5039 	 0.1526 	 33.6267 	 13.0518 	 0.1170 	 18.7024 	 -0.0001 	 0.0000 	 -0.0002
2.7555 	 22.6347 	 0.1538 	 33.8141 	 13.0518 	 0.1170 	 18.7024 	 -0.0001 	 0.0000 	 -0.0002
2.7655 	 22.7655 	 0.1550 	 34.0015 	 13.0518 	 0.1170 	 18.7024 	 -0.0001 	 0.0000 	 -0.0002
2.7756 	 22.8963 	 0.1561 	 34.1889 	 13.0518 	 0.1170 	 18.7024 	 -0.0001 	 0.0000 	 -0.0002
2.7856 	 23.0270 	 0.1573 	 34.3763 	 13.0518 	 0.1170 	 18.7024 	 -0.0001 	 0.0000 	 -0.0002
2.7956 	 23.1578 	 0.1585 	 34.5637 	 13.0518 	 0.1170 	 18.7024 	 -0.0001 	 0.0000 	 -0.0002
2.8056 	 23.2886 	 0.1596 	 34.7511 	 13.0518 	 0.1170 	 18.7023 	 -0.0001 	 0.0000 	 -0.0002
2.8156 	 23.4194 	 0.1608 	 34.9385 	 13.0518 	 0.1170 	 18.7023 	 -0.0001 	 0.0000 	 -0.0002
2.8257 	 23.5502 	 0.1620 	 35.1259 	 13.0518 	 0.1170 	 18.7023 	 -0.0001 	 0.0000 	 -0.0002
2.8357 	 23.6809 	 0.1632 	 35.3133 	 13.0518 	 0.1170 	 18.7023 	 -0.0001 	 0.0000 	 -0.0002
2.8457 	 23.8117 	 0.1643 	 35.5007 	 13.0518 	 0.1170 	 18.7023 	 -0.0001 	 0.0000 	 -0.0002
2.8557 	 23.9425 	 0.1655 	 35.6881 	 13.0518 	 0.1170 	 18.7023 	 -0.0001 	 0.0000 	 -0.0002
2.8657 	 24.0733 	 0.1667 	 35.8755 	 13.0518 	 0.1170 	 18.7023 	 -0.0001 	 0.0000 	 -0.0002
2.8758 	 24.2041 	 0.1678 	 36.0629 	 13.0518 	 0.1170 	 18.7023 	 -0.0001 	 0.0000 	 -0.0002
2.8858 	 24.3348 	 0.1690 	 36.2503 	 13.0518 	 0.1170 	 18.7023 	 -0.0001 	 0.0000 	 -0.0002
2.8958 	 24.4656 	 0.1702 	 36.4377 	 13.0518 	 0.1170 	 18.7023 	 -0.0001 	 0.0000 	 -0.0002
2.9058 	 24.5964 	 0.1714 	 36.6251 	 13.0518 	 0.1170 	 18.7023 	 -0.0001 	 0.0000 	 -0.0002
2.9158 	 24.7272 	 0.1725 	 36.8125 	 13.0518 	 0.1170 	 18.7023 	 -0.0001 	 0.0000 	 -0.0002
2.9259 	 24.8580 	 0.1737 	 36.9999 	 13.0518 	 0.1170 	 18.7023 	 -0.0001 	 0.0000 	 -0.0002
2.9359 	 24.9887 	 0.1749 	 37.1873 	 13.0518 	 0.1170 	 18.7023 	 -0.0001 	 0.0000 	 -0.0002
2.9459 	 25.1195 	 0.1760 	 37.3747 	 13.0518 	 0.1170 	 18.7023 	 -0.0001 	 0.0000 	 -0.0002
2.9559 	 25.2503 	 0.1772 	 37.5621 	 13.0518 	 0.1170 	 18.7023 	 -0.0001 	 0.0000 	 -0.0002
2.9659 	 25.3811 	 0.1784 	 37.7495 	 13.0518 	 0.1170 	 18.7023 	 -0.0001 	 0.0000 	 -0.0002
2.9760 	 25.5119 	 0.1796 	 37.9369 	 13.0518 	 0.1170 	 18.7023 	 -0.0001 	 0.0000 	 -0.0002
2.9860 	 25.6426 	 0.1807 	 38.1243 	 13.0518 	 0.1170 	 18.7023 	 -0.0001 	 0.0000 	 -0.0002
2.9960 	 25.7734 	 0.1819 	 38.3117 	 13.0518 	 0.1170 	 18.7023 	 -0.0001 	 0.0000 	 -0.0002
3.0060 	 25.9042 	 0.1831 	 38.4991 	 13.0518 	 0.1170 	 18.7023 	 -0.0001 	 0.0000 	 -0.0002
3.0160 	 26.0350 	 0.1843 	 38.6865 	 13.0518 	 0.1170 	 18.7023 	 -0.0001 	 0.0000 	 -0.0001
3.0261 	 26.1657 	 0.1854 	 38.8739 	 13.0518 	 0.1170 	 18.7023 	 -0.0001 	 0.0000 	 -0.0001
3.0361 	 26.2965 	 0.1866 	 39.0613 	 13.0518 	 0.1170 	 18.7023 	 -0.0001 	 0.0000 	 -0.0001
3.0461 	 26.4273 	 0.1878 	 39.2487 	 13.0518 	 0.1170 	 18.7023 	 -0.0001 	 0.0000 	 -0.0001
3.0561 	 26.5581 	 0.1889 	 39.4361 	 13.0518 	 0.1170 	 18.7023 	 -0.0001 	 0.0000 	 -0.0001
3.0661 	 26.6889 	 0.1901 	 39.6235 	 13.0518 	 0.1170 	 18.7023 	 -0.0001 	 0.0000 	 -0.0001
3.0762 	 26.8196 	 0.1913 	 39.8109 	 13.0518 	 0.1170 	 18.7023 	 -0.0001 	 0.0000 	 -0.0001
3.0862 	 26.9504 	 0.1925 	 39.9983 	 13.0518 	 0.1170 	 18.7023 	 -0.0001 	 0.0000 	 -0.0001
3.0962 	 27.0812 	 0.1936 	 40.1857 	 13.0518 	 0.1170 	 18.7023 	 -0.0001 	 0.0000 	 -0.0001
3.1062 	 27.2120 	 0.1948 	 40.3731 	 13.0518 	 0.1170 	 18.7023 	 -0.0001 	 0.0000 	 -0.0001
3.1162 	 27.3428 	 0.1960 	 40.5604 	 13.0518 	 0.1170 	 18.7023 	 -0.0001 	 0.0000 	 -0.0001
3.1263 	 27.4735 	 0.1971 	 40.7478 	 13.0518 	 0.1170 	 18.7023 	 -0.0001 	 0.0000 	 -0.0001
3.1363 	 27.6043 	 0.1983 	 40.9352 	 13.0518 	 0.1170 	 18.7023 	 -0.0001 	 0.0000 	 -0.0001
3.1463 	 27.7351 	 0.1995 	 41.1226 	 13.0518 	 0.1170 	 18.7023 	 -0.0001 	 0.0000 	 -0.0001
3.1563 	 27.8659 	 0.2007 	 41.3100 	 13.0518 	 0.1170 	 18.7023 	 -0.0001 	 0.0000 	 -0.0001
3.1663 	 27.9967 	 0.2018 	 41.4974 	 13.0518 	 0.1170 	 18.7023 	 -0.0001 	 0.0000 	 -0.0001
3.1764 	 28.1274 	 0.2030 	 41.6848 	 13.0518 	 0.1170 	 18.7023 	 -0.0001 	 0.0000 	 -0.0001
3.1864 	 28.2582 	 0.2042 	 41.8722 	 13.0518 	 0.1170 	 18.7023 	 -0.0001 	 0.0000 	 -0.0001
3.1964 	 28.3890 	 0.2054 	 42.0596 	 13.0518 	 0.1170 	 18.7023 	 -0.0001 	 0.0000 	 -0.0001
3.2064 	 28.5198 	 0.2065 	 42.2470 	 13.0518 	 0.1170 	 18.7023 	 -0.0001 	 0.0000 	 -0.0001
3.2164 	 28.6506 	 0.2077 	 42.4344 	 13.0518 	 0.1170 	 18.7023 	 -0.0001 	 0.0000 	 -0.0001
3.2265 	 28.7813 	 0.2089 	 42.6218 	 13.0517 	 0.1170 	 18.7023 	 -0.0001 	 0.0000 	 -0.0001
3.2365 	 28.9121 	 0.2100 	 42.8092 	 13.0517 	 0.1170 	 18.7023 	 -0.0001 	 0.0000 	 -0.0001
3.2465 	 29.0429 	 0.2112 	 42.9966 	 13.0517 	 0.1170 	 18.7023 	 -0.0001 	 0.0000 	 -0.0001
3.2565 	 29.1737 	 0.2124 	 43.1840 	 13.0517 	 0.1170 	 18.7023 	 -0.0001 	 0.0000 	 -0.0001
3.2665 	 29.3044 	 0.2136 	 43.3714 	 13.0517 	 0.1170 	 18.7023 	 -0.0001 	 0.0000 	 -0.0001
3.2766 	 29.4352 	 0.2147 	 43.5588 	 13.0517 	 0.1170 	 18.7023 	 -0.0001 	 0.0000 	 -0.0001
3.2866 	 29.5660 	 0.2159 	 43.7462 	 13.0517 	 0.1170 	 18.7023 	 -0.0001 	 0.0000 	 -0.0001
3.2966 	 29.6968 	 0.2171 	 43.9336 	 13.0517 	 0.1170 	 18.7023 	 -0.0001 	 0.0000 	 -0.0001
3.3066 	 29.8276 	 0.2182 	 44.1210 	 13.0517 	 0.1170 	 18.7023 	 -0.0001 	 0.0000 	 -0.0001
3.3166 	 29.9583 	 0.2194 	 44.3084 	 13.0517 	 0.1170 	 18.7023 	 -0.0001 	 0.0000 	 -0.0001
3.3267 	 30.0891 	 0.2206 	 44.4958 	 13.0517 	 0.1170 	 18.7023 	 -0.0001 	 0.0000 	 -0.0001
3.3367 	 30.2199 	 0.2218 	 44.6832 	 13.0517 	 0.1170 	 18.7023 	 -0.0001 	 0.0000 	 -0.0001
3.3467 	 30.3507 	 0.2229 	 44.8706 	 13.0517 	 0.1170 	 18.7023 	 -0.0001 	 0.0000 	 -0.0001
3.3567 	 30.4815 	 0.2241 	 45.0580 	 13.0517 	 0.1170 	 18.7023 	 -0.0001 	 0.0000 	 -0.0001
3.3667 	 30.6122 	 0.2253 	 45.2454 	 13.0517 	 0.1170 	 18.7023 	 -0.0001 	 0.0000 	 -0.0001
3.3768 	 30.7430 	 0.2265 	 45.4328 	 13.0517 	 0.1170 	 18.7023 	 -0.0001 	 0.0000 	 -0.0001
3.3868 	 30.8738 	 0.2276 	 45.6202 	 13.0517 	 0.1170 	 18.7023 	 -0.0001 	 0.0000 	 -0.0001
3.3968 	 31.0046 	 0.2288 	 45.8076 	 13.0517 	 0.1170 	 18.7023 	 -0.0001 	 0.0000 	 -0.0001
3.4068 	 31.1354 	 0.2300 	 45.9950 	 13.0517 	 0.1170 	 18.7023 	 -0.0001 	 0.0000 	 -0.0001
3.4168 	 31.2661 	 0.2311 	 46.1824 	 13.0517 	 0.1170 	 18.7023 	 -0.0001 	 0.0000 	 -0.0001
3.4269 	 31.3969 	 0.2323 	 46.3698 	 13.0517 	 0.1170 	 18.7023 	 -0.0001 	 0.0000 	 -0.0001
3.4369 	 31.5277 	 0.2335 	 46.5572 	 13.0517 	 0.1170 	 18.7023 	 -0.0001 	 0.0000 	 -0.0001
3.4469 	 31.6585 	 0.2347 	 46.7446 	 13.0517 	 0.1170 	 18.7023 	 -0.0001 	 0.0000 	 -0.0001
3.4569 	 31.7892 	 0.2358 	 46.9320 	 13.0517 	 0.1170 	 18.7023 	 -0.0001 	 0.0000 	 -0.0001
3.4669 	 31.9200 	 0.2370 	 47.1194 	 13.0517 	 0.1170 	 18.7023 	 -0.0001 	 0.0000 	 -0.0001
3.4770 	 32.0508 	 0.2382 	 47.3068 	 13.0517 	 0.1170 	 18.7023 	 -0.0001 	 0.0000 	 -0.0001
3.4870 	 32.1816 	 0.2393 	 47.4942 	 13.0517 	 0.1170 	 18.7023 	 -0.0001 	 0.0000 	 -0.0001
3.4970 	 32.3124 	 0.2405 	 47.6816 	 13.0517 	 0.1170 	 18.7023 	 -0.0001 	 0.0000 	 -0.0001
3.5070 	 32.4431 	 0.2417 	 47.8690 	 13.0517 	 0.1170 	 18.7023 	 -0.0001 	 0.0000 	 -0.0001
3.5170 	 32.5739 	 0.2429 	 48.0564 	 13.0517 	 0.1170 	 18.7023 	 -0.0001 	 0.0000 	 -0.0001
3.5271 	 32.7047 	 0.2440 	 48.2437 	 13.0517 	 0.1170 	 18.7023 	 -0.0001 	 0.0000 	 -0.0001
3.5371 	 32.8355 	 0.2452 	 48.4311 	 13.0517 	 0.1170 	 18.7023 	 -0.0001 	 0.0000 	 -0.0001
3.5471 	 32.9663 	 0.2464 	 48.6185 	 13.0517 	 0.1170 	 18.7023 	 -0.0001 	 0.0000 	 -0.0001
3.5571 	 33.0970 	 0.2475 	 48.8059 	 13.0517 	 0.1170 	 18.7023 	 -0.0001 	 0.0000 	 -0.0001
3.5671 	 33.2278 	 0.2487 	 48.9933 	 13.0517 	 0.1170 	 18.7023 	 -0.0001 	 0.0000 	 -0.0001
3.5772 	 33.3586 	 0.2499 	 49.1807 	 13.0517 	 0.1170 	 18.7022 	 -0.0001 	 0.0000 	 -0.0001
3.5872 	 33.4894 	 0.2511 	 49.3681 	 13.0517 	 0.1170 	 18.7022 	 -0.0001 	 0.0000 	 -0.0001
3.5972 	 33.6202 	 0.2522 	 49.5555 	 13.0517 	 0.1170 	 18.7022 	 -0.0001 	 0.0000 	 -0.0001
3.6072 	 33.7509 	 0.2534 	 49.7429 	 13.0517 	 0.1170 	 18.7022 	 -0.0001 	 0.0000 	 -0.0001
3.6172 	 33.8817 	 0.2546 	 49.9303 	 13.0517 	 0.1170 	 18.7022 	 -0.0001 	 0.0000 	 -0.0001
3.6273 	 34.0125 	 0.2558 	 50.1177 	 13.0517 	 0.1170 	 18.7022 	 -0.0001 	 0.0000 	 -0.0001
3.6373 	 34.1433 	 0.2569 	 50.3051 	 13.0517 	 0.1170 	 18.7022 	 -0.0001 	 0.0000 	 -0.0001
3.6473 	 34.2740 	 0.2581 	 50.4925 	 13.0517 	 0.1170 	 18.7022 	 -0.0001 	 0.0000 	 -0.0001
3.6573 	 34.4048 	 0.2593 	 50.6799 	 13.0517 	 0.1170 	 18.7022 	 -0.0001 	 0.0000 	 -0.0001
3.6673 	 34.5356 	 0.2604 	 50.8673 	 13.0517 	 0.1170 	 18.7022 	 -0.0001 	 0.0000 	 -0.0001
3.6774 	 34.6664 	 0.2616 	 51.0547 	 13.0517 	 0.1170 	 18.7022 	 -0.0001 	 0.0000 	 -0.0001
3.6874 	 34.7972 	 0.2628 	 51.2421 	 13.0517 	 0.1170 	 18.7022 	 -0.0001 	 0.0000 	 -0.0001
3.6974 	 34.9279 	 0.2640 	 51.4295 	 13.0517 	 0.1170 	 18.7022 	 -0.0001 	 0.0000 	 -0.0001
3.7074 	 35.0587 	 0.2651 	 51.6169 	 13.0517 	 0.1170 	 18.7022 	 -0.0001 	 0.0000 	 -0.0001
3.7174 	 35.1895 	 0.2663 	 51.8043 	 13.0517 	 0.1170 	 18.7022 	 -0.0001 	 0.0000 	 -0.0001
3.7275 	 35.3203 	 0.2675 	 51.9917 	 13.0517 	 0.1170 	 18.7022 	 -0.0001 	 0.0000 	 -0.0001
3.7375 	 35.4511 	 0.2686 	 52.1791 	 13.0517 	 0.1170 	 18.7022 	 -0.0001 	 0.0000 	 -0.0001
3.7475 	 35.5818 	 0.2698 	 52.3665 	 13.0517 	 0.1170 	 18.7022 	 -0.0001 	 0.0000 	 -0.0001
3.7575 	 35.7126 	 0.2710 	 52.5539 	 13.0517 	 0.1170 	 18.7022 	 -0.0001 	 0.0000 	 -0.0001
3.7675 	 35.8434 	 0.2722 	 52.7413 	 13.0517 	 0.1170 	 18.7022 	 -0.0001 	 0.0000 	 -0.0001
3.7776 	 35.9742 	 0.2733 	 52.9287 	 13.0517 	 0.1170 	 18.7022 	 -0.0001 	 0.0000 	 -0.0001
3.7876 	 36.1049 	 0.2745 	 53.1161 	 13.0517 	 0.1170 	 18.7022 	 -0.0001 	 0.0000 	 -0.0001
3.7976 	 36.2357 	 0.2757 	 53.3035 	 13.0517 	 0.1170 	 18.7022 	 -0.0001 	 0.0000 	 -0.0001
3.8076 	 36.3665 	 0.2769 	 53.4909 	 13.0517 	 0.1170 	 18.7022 	 -0.0001 	 0.0000 	 -0.0001
3.8176 	 36.4973 	 0.2780 	 53.6783 	 13.0517 	 0.1170 	 18.7022 	 -0.0001 	 0.0000 	 -0.0001
3.8277 	 36.6281 	 0.2792 	 53.8657 	 13.0517 	 0.1170 	 18.7022 	 -0.0001 	 0.0000 	 -0.0001
3.8377 	 36.7588 	 0.2804 	 54.0531 	 13.0517 	 0.1170 	 18.7022 	 -0.0001 	 0.0000 	 -0.0001
3.8477 	 36.8896 	 0.2815 	 54.2405 	 13.0517 	 0.1170 	 18.7022 	 -0.0001 	 0.0000 	 -0.0001
3.8577 	 37.0204 	 0.2827 	 54.4279 	 13.0517 	 0.1170 	 18.7022 	 -0.0001 	 0.0000 	 -0.0001
3.8677 	 37.1512 	 0.2839 	 54.6153 	 13.0517 	 0.1170 	 18.7022 	 -0.0001 	 0.0000 	 -0.0001
3.8778 	 37.2820 	 0.2851 	 54.8026 	 13.0517 	 0.1170 	 18.7022 	 -0.0001 	 0.0000 	 -0.0001
3.8878 	 37.4127 	 0.2862 	 54.9900 	 13.0517 	 0.1170 	 18.7022 	 -0.0000 	 0.0000 	 -0.0001
3.8978 	 37.5435 	 0.2874 	 55.1774 	 13.0517 	 0.1170 	 18.7022 	 -0.0000 	 0.0000 	 -0.0001
3.9078 	 37.6743 	 0.2886 	 55.3648 	 13.0517 	 0.1170 	 18.7022 	 -0.0000 	 0.0000 	 -0.0001
3.9178 	 37.8051 	 0.2897 	 55.5522 	 13.0517 	 0.1170 	 18.7022 	 -0.0000 	 0.0000 	 -0.0001
3.9279 	 37.9358 	 0.2909 	 55.7396 	 13.0517 	 0.1170 	 18.7022 	 -0.0000 	 0.0000 	 -0.0001
3.9379 	 38.0666 	 0.2921 	 55.9270 	 13.0517 	 0.1170 	 18.7022 	 -0.0000 	 0.0000 	 -0.0001
3.9479 	 38.1974 	 0.2933 	 56.1144 	 13.0517 	 0.1170 	 18.7022 	 -0.0000 	 0.0000 	 -0.0001
3.9579 	 38.3282 	 0.2944 	 56.3018 	 13.0517 	 0.1170 	 18.7022 	 -0.0000 	 0.0000 	 -0.0001
3.9679 	 38.4590 	 0.2956 	 56.4892 	 13.0517 	 0.1170 	 18.7022 	 -0.0000 	 0.0000 	 -0.0001
3.9780 	 38.5897 	 0.2968 	 56.6766 	 13.0517 	 0.1170 	 18.7022 	 -0.0000 	 0.0000 	 -0.0001
3.9880 	 38.7205 	 0.2980 	 56.8640 	 13.0517 	 0.1170 	 18.7022 	 -0.0000 	 0.0000 	 -0.0001
3.9980 	 38.8513 	 0.2991 	 57.0514 	 13.0517 	 0.1170 	 18.7022 	 -0.0000 	 0.0000 	 -0.0001
4.0080 	 38.9821 	 0.3003 	 57.2388 	 13.0517 	 0.1170 	 18.7022 	 -0.0000 	 0.0000 	 -0.0001
4.0180 	 39.1129 	 0.3015 	 57.4262 	 13.0517 	 0.1170 	 18.7022 	 -0.0000 	 0.0000 	 -0.0001
4.0281 	 39.2436 	 0.3026 	 57.6136 	 13.0517 	 0.1170 	 18.7022 	 -0.0000 	 0.0000 	 -0.0001
4.0381 	 39.3744 	 0.3038 	 57.8010 	 13.0517 	 0.1170 	 18.7022 	 -0.0000 	 0.0000 	 -0.0001
4.0481 	 39.5052 	 0.3050 	 57.9884 	 13.0517 	 0.1170 	 18.7022 	 -0.0000 	 0.0000 	 -0.0001
4.0581 	 39.6360 	 0.3062 	 58.1758 	 13.0517 	 0.1170 	 18.7022 	 -0.0000 	 0.0000 	 -0.0001
4.0681 	 39.7667 	 0.3073 	 58.3632 	 13.0517 	 0.1170 	 18.7022 	 -0.0000 	 0.0000 	 -0.0001
4.0782 	 39.8975 	 0.3085 	 58.5506 	 13.0517 	 0.1170 	 18.7022 	 -0.0000 	 0.0000 	 -0.0001
4.0882 	 40.0283 	 0.3097 	 58.7380 	 13.0517 	 0.1170 	 18.7022 	 -0.0000 	 0.0000 	 -0.0001
4.0982 	 40.1591 	 0.3108 	 58.9254 	 13.0517 	 0.1170 	 18.7022 	 -0.0000 	 0.0000 	 -0.0001
4.1082 	 40.2899 	 0.3120 	 59.1128 	 13.0517 	 0.1170 	 18.7022 	 -0.0000 	 0.0000 	 -0.0001
4.1182 	 40.4206 	 0.3132 	 59.3002 	 13.0517 	 0.1170 	 18.7022 	 -0.0000 	 0.0000 	 -0.0001
4.1283 	 40.5514 	 0.3144 	 59.4876 	 13.0517 	 0.1170 	 18.7022 	 -0.0000 	 0.0000 	 -0.0001
4.1383 	 40.6822 	 0.3155 	 59.6750 	 13.0517 	 0.1170 	 18.7022 	 -0.0000 	 0.0000 	 -0.0001
4.1483 	 40.8130 	 0.3167 	 59.8624 	 13.0517 	 0.1170 	 18.7022 	 -0.0000 	 0.0000 	 -0.0001
4.1583 	 40.9438 	 0.3179 	 60.0498 	 13.0517 	 0.1170 	 18.7022 	 -0.0000 	 0.0000 	 -0.0001
4.1683 	 41.0745 	 0.3190 	 60.2372 	 13.0517 	 0.1170 	 18.7022 	 -0.0000 	 0.0000 	 -0.0001
4.1784 	 41.2053 	 0.3202 	 60.4246 	 13.0517 	 0.1170 	 18.7022 	 -0.0000 	 0.0000 	 -0.0001
4.1884 	 41.3361 	 0.3214 	 60.6120 	 13.0517 	 0.1170 	 18.7022 	 -0.0000 	 0.0000 	 -0.0001
4.1984 	 41.4669 	 0.3226 	 60.7994 	 13.0517 	 0.1170 	 18.7022 	 -0.0000 	 0.0000 	 -0.0001
4.2084 	 41.5976 	 0.3237 	 60.9867 	 13.0517 	 0.1170 	 18.7022 	 -0.0000 	 0.0000 	 -0.0001
4.2184 	 41.7284 	 0.3249 	 61.1741 	 13.0517 	 0.1170 	 18.7022 	 -0.0000 	 0.0000 	 -0.0001
4.2285 	 41.8592 	 0.3261 	 61.3615 	 13.0517 	 0.1170 	 18.7022 	 -0.0000 	 0.0000 	 -0.0001
4.2385 	 41.9900 	 0.3273 	 61.5489 	 13.0517 	 0.1170 	 18.7022 	 -0.0000 	 0.0000 	 -0.0001
4.2485 	 42.1208 	 0.3284 	 61.7363 	 13.0517 	 0.1170 	 18.7022 	 -0.0000 	 0.0000 	 -0.0001
4.2585 	 42.2515 	 0.3296 	 61.9237 	 13.0517 	 0.1170 	 18.7022 	 -0.0000 	 0.0000 	 -0.0001
4.2685 	 42.3823 	 0.3308 	 62.1111 	 13.0517 	 0.1170 	 18.7022 	 -0.0000 	 0.0000 	 -0.0001
4.2786 	 42.5131 	 0.3319 	 62.2985 	 13.0517 	 0.1170 	 18.7022 	 -0.0000 	 0.0000 	 -0.0001
4.2886 	 42.6439 	 0.3331 	 62.4859 	 13.0517 	 0.1170 	 18.7022 	 -0.0000 	 0.0000 	 -0.0001
4.2986 	 42.7747 	 0.3343 	 62.6733 	 13.0517 	 0.1170 	 18.7022 	 -0.0000 	 0.0000 	 -0.0001
4.3086 	 42.9054 	 0.3355 	 62.8607 	 13.0517 	 0.1170 	 18.7022 	 -0.0000 	 0.0000 	 -0.0001
4.3186 	 43.0362 	 0.3366 	 63.0481 	 13.0517 	 0.1170 	 18.7022 	 -0.0000 	 0.0000 	 -0.0001
4.3287 	 43.1670 	 0.3378 	 63.2355 	 13.0517 	 0.1170 	 18.7022 	 -0.0000 	 0.0000 	 -0.0001
4.3387 	 43.2978 	 0.3390 	 63.4229 	 13.0517 	 0.1170 	 18.7022 	 -0.0000 	 0.0000 	 -0.0001
4.3487 	 43.4285 	 0.3401 	 63.6103 	 13.0517 	 0.1170 	 18.7022 	 -0.0000 	 0.0000 	 -0.0001
4.3587 	 43.5593 	 0.3413 	 63.7977 	 13.0517 	 0.1170 	 18.7022 	 -0.0000 	 0.0000 	 -0.0001
4.3687 	 43.6901 	 0.3425 	 63.9851 	 13.0517 	 0.1170 	 18.7022 	 -0.0000 	 0.0000 	 -0.0001
4.3788 	 43.8209 	 0.3437 	 64.1725 	 13.0517 	 0.1170 	 18.7022 	 -0.0000 	 0.0000 	 -0.0001
4.3888 	 43.9517 	 0.3448 	 64.3599 	 13.0517 	 0.1170 	 18.7022 	 -0.0000 	 0.0000 	 -0.0001
4.3988 	 44.0824 	 0.3460 	 64.5473 	 13.0517 	 0.1170 	 18.7022 	 -0.0000 	 0.0000 	 -0.0001
4.4088 	 44.2132 	 0.3472 	 64.7347 	 13.0517 	 0.1170 	 18.7022 	 -0.0000 	 0.0000 	 -0.0001
4.4188 	 44.3440 	 0.3484 	 64.9221 	 13.0517 	 0.1170 	 18.7022 	 -0.0000 	 0.0000 	 -0.0001
4.4289 	 44.4748 	 0.3495 	 65.1095 	 13.0517 	 0.1170 	 18.7022 	 -0.0000 	 0.0000 	 -0.0001
4.4389 	 44.6056 	 0.3507 	 65.2969 	 13.0517 	 0.1170 	 18.7022 	 -0.0000 	 0.0000 	 -0.0001
4.4489 	 44.7363 	 0.3519 	 65.4843 	 13.0517 	 0.1170 	 18.7022 	 -0.0000 	 0.0000 	 -0.0001
4.4589 	 44.8671 	 0.3530 	 65.6717 	 13.0517 	 0.1170 	 18.7022 	 -0.0000 	 0.0000 	 -0.0000
4.4689 	 44.9979 	 0.3542 	 65.8591 	 13.0517 	 0.1170 	 18.7022 	 -0.0000 	 0.0000 	 -0.0000
4.4790 	 45.1287 	 0.3554 	 66.0465 	 13.0517 	 0.1170 	 18.7022 	 -0.0000 	 0.0000 	 -0.0000
4.4890 	 45.2594 	 0.3566 	 66.2339 	 13.0517 	 0.1170 	 18.7022 	 -0.0000 	 0.0000 	 -0.0000
4.4990 	 45.3902 	 0.3577 	 66.4213 	 13.0517 	 0.1170 	 18.7022 	 -0.0000 	 0.0000 	 -0.0000
4.5090 	 45.5210 	 0.3589 	 66.6087 	 13.0517 	 0.1170 	 18.7022 	 -0.0000 	 0.0000 	 -0.0000
4.5190 	 45.6518 	 0.3601 	 66.7960 	 13.0517 	 0.1170 	 18.7022 	 -0.0000 	 0.0000 	 -0.0000
4.5291 	 45.7826 	 0.3612 	 66.9834 	 13.0517 	 0.1170 	 18.7022 	 -0.0000 	 0.0000 	 -0.0000
4.5391 	 45.9133 	 0.3624 	 67.1708 	 13.0517 	 0.1170 	 18.7022 	 -0.0000 	 0.0000 	 -0.0000
4.5491 	 46.0441 	 0.3636 	 67.3582 	 13.0517 	 0.1170 	 18.7022 	 -0.0000 	 0.0000 	 -0.0000
4.5591 	 46.1749 	 0.3648 	 67.5456 	 13.0517 	 0.1170 	 18.7022 	 -0.0000 	 0.0000 	 -0.0000
4.5691 	 46.3057 	 0.3659 	 67.7330 	 13.0517 	 0.1170 	 18.7022 	 -0.0000 	 0.0000 	 -0.0000
4.5792 	 46.4364 	 0.3671 	 67.9204 	 13.0517 	 0.1170 	 18.7022 	 -0.0000 	 0.0000 	 -0.0000
4.5892 	 46.5672 	 0.3683 	 68.1078 	 13.0517 	 0.1170 	 18.7022 	 -0.0000 	 0.0000 	 -0.0000
4.5992 	 46.6980 	 0.3695 	 68.2952 	 13.0517 	 0.1170 	 18.7022 	 -0.0000 	 0.0000 	 -0.0000
4.6092 	 46.8288 	 0.3706 	 68.4826 	 13.0517 	 0.1170 	 18.7022 	 -0.0000 	 0.0000 	 -0.0000
4.6192 	 46.9596 	 0.3718 	 68.6700 	 13.0517 	 0.1170 	 18.7022 	 -0.0000 	 0.0000 	 -0.0000
4.6293 	 47.0903 	 0.3730 	 68.8574 	 13.0517 	 0.1170 	 18.7022 	 -0.0000 	 0.0000 	 -0.0000
4.6393 	 47.2211 	 0.3741 	 69.0448 	 13.0517 	 0.1170 	 18.7022 	 -0.0000 	 0.0000 	 -0.0000
4.6493 	 47.3519 	 0.3753 	 69.2322 	 13.0517 	 0.1170 	 18.7022 	 -0.0000 	 0.0000 	 -0.0000
4.6593 	 47.4827 	 0.3765 	 69.4196 	 13.0517 	 0.1170 	 18.7022 	 -0.0000 	 0.0000 	 -0.0000
4.6693 	 47.6135 	 0.3777 	 69.6070 	 13.0517 	 0.1170 	 18.7022 	 -0.0000 	 0.0000 	 -0.0000
4.6794 	 47.7442 	 0.3788 	 69.7944 	 13.0517 	 0.1170 	 18.7022 	 -0.0000 	 0.0000 	 -0.0000
4.6894 	 47.8750 	 0.3800 	 69.9818 	 13.0517 	 0.1170 	 18.7022 	 -0.0000 	 0.0000 	 -0.0000
4.6994 	 48.0058 	 0.3812 	 70.1692 	 13.0517 	 0.1170 	 18.7022 	 -0.0000 	 0.0000 	 -0.0000
4.7094 	 48.1366 	 0.3823 	 70.3566 	 13.0517 	 0.1170 	 18.7022 	 -0.0000 	 0.0000 	 -0.0000
4.7194 	 48.2673 	 0.3835 	 70.5440 	 13.0517 	 0.1170 	 18.7022 	 -0.0000 	 0.0000 	 -0.0000
4.7295 	 48.3981 	 0.3847 	 70.7314 	 13.0517 	 0.1170 	 18.7022 	 -0.0000 	 0.0000 	 -0.0000
4.7395 	 48.5289 	 0.3859 	 70.9188 	 13.0517 	 0.1170 	 18.7022 	 -0.0000 	 0.0000 	 -0.0000
4.7495 	 48.6597 	 0.3870 	 71.1062 	 13.0517 	 0.1170 	 18.7022 	 -0.0000 	 0.0000 	 -0.0000
4.7595 	 48.7905 	 0.3882 	 71.2936 	 13.0517 	 0.1170 	 18.7022 	 -0.0000 	 0.0000 	 -0.0000
4.7695 	 48.9212 	 0.3894 	 71.4810 	 13.0517 	 0.1170 	 18.7022 	 -0.0000 	 0.0000 	 -0.0000
4.7796 	 49.0520 	 0.3905 	 71.6684 	 13.0517 	 0.1170 	 18.7022 	 -0.0000 	 0.0000 	 -0.0000
4.7896 	 49.1828 	 0.3917 	 71.8558 	 13.0517 	 0.1170 	 18.7022 	 -0.0000 	 0.0000 	 -0.0000
4.7996 	 49.3136 	 0.3929 	 72.0432 	 13.0517 	 0.1170 	 18.7022 	 -0.0000 	 0.0000 	 -0.0000
4.8096 	 49.4443 	 0.3941 	 72.2305 	 13.0517 	 0.1170 	 18.7022 	 -0.0000 	 0.0000 	 -0.0000
4.8196 	 49.5751 	 0.3952 	 72.4179 	 13.0517 	 0.1170 	 18.7022 	 -0.0000 	 0.0000 	 -0.0000
4.8297 	 49.7059 	 0.3964 	 72.6053 	 13.0517 	 0.1170 	 18.7022 	 -0.0000 	 0.0000 	 -0.0000
4.8397 	 49.8367 	 0.3976 	 72.7927 	 13.0517 	 0.1170 	 18.7022 	 -0.0000 	 0.0000 	 -0.0000
4.8497 	 49.9675 	 0.3988 	 72.9801 	 13.0517 	 0.1170 	 18.7022 	 -0.0000 	 0.0000 	 -0.0000
4.8597 	 50.0982 	 0.3999 	 73.1675 	 13.0517 	 0.1170 	 18.7022 	 -0.0000 	 0.0000 	 -0.0000
4.8697 	 50.2290 	 0.4011 	 73.3549 	 13.0517 	 0.1170 	 18.7022 	 -0.0000 	 0.0000 	 -0.0000
4.8798 	 50.3598 	 0.4023 	 73.5423 	 13.0517 	 0.1170 	 18.7022 	 -0.0000 	 0.0000 	 -0.0000
4.8898 	 50.4906 	 0.4034 	 73.7297 	 13.0517 	 0.1170 	 18.7022 	 -0.0000 	 0.0000 	 -0.0000
4.8998 	 50.6214 	 0.4046 	 73.9171 	 13.0517 	 0.1170 	 18.7022 	 -0.0000 	 0.0000 	 -0.0000
4.9098 	 50.7521 	 0.4058 	 74.1045 	 13.0517 	 0.1170 	 18.7022 	 -0.0000 	 0.0000 	 -0.0000
4.9198 	 50.8829 	 0.4070 	 74.2919 	 13.0517 	 0.1170 	 18.7022 	 -0.0000 	 0.0000 	 -0.0000
4.9299 	 51.0137 	 0.4081 	 74.4793 	 13.0517 	 0.1170 	 18.7022 	 -0.0000 	 0.0000 	 -0.0000
4.9399 	 51.1445 	 0.4093 	 74.6667 	 13.0517 	 0.1170 	 18.7022 	 -0.0000 	 0.0000 	 -0.0000
4.9499 	 51.2752 	 0.4105 	 74.8541 	 13.0517 	 0.1170 	 18.7022 	 -0.0000 	 0.0000 	 -0.0000
4.9599 	 51.4060 	 0.4116 	 75.0415 	 13.0517 	 0.1170 	 18.7022 	 -0.0000 	 0.0000 	 -0.0000
4.9699 	 51.5368 	 0.4128 	 75.2289 	 13.0517 	 0.1170 	 18.7022 	 -0.0000 	 0.0000 	 -0.0000
4.9800 	 51.6676 	 0.4140 	 75.4163 	 13.0517 	 0.1170 	 18.7022 	 -0.0000 	 0.0000 	 -0.0000
4.9900 	 51.7984 	 0.4152 	 75.6037 	 13.0517 	 0.1170 	 18.7022 	 -0.0000 	 0.0000 	 -0.0000
