100-Body Run with i = 52 th particle. (Units in pc,M_solar,Myr, km s-1) 

time		 x 		 y 		 z 		 xdot 		 ydot 		 zdot 		 xddot 		 yddot 		 zddot
0.0000 	 -0.0853 	 -0.2763 	 -1.0301 	 -0.0430 	 -0.0287 	 -0.0031 	 0.0507 	 0.1562 	 0.3657
0.0100 	 -0.0858 	 -0.2766 	 -1.0301 	 -0.0425 	 -0.0271 	 0.0005 	 0.0511 	 0.1563 	 0.3655
0.0200 	 -0.0862 	 -0.2769 	 -1.0300 	 -0.0419 	 -0.0256 	 0.0042 	 0.0517 	 0.1566 	 0.3655
0.0301 	 -0.0866 	 -0.2771 	 -1.0300 	 -0.0414 	 -0.0240 	 0.0079 	 0.0528 	 0.1571 	 0.3657
0.0401 	 -0.0870 	 -0.2774 	 -1.0299 	 -0.0409 	 -0.0224 	 0.0115 	 0.0478 	 0.1571 	 0.3637
0.0501 	 -0.0874 	 -0.2776 	 -1.0298 	 -0.0404 	 -0.0209 	 0.0151 	 0.0536 	 0.1545 	 0.3543
0.0601 	 -0.0878 	 -0.2778 	 -1.0296 	 -0.0398 	 -0.0193 	 0.0186 	 0.0573 	 0.1551 	 0.3533
0.0701 	 -0.0882 	 -0.2780 	 -1.0294 	 -0.0393 	 -0.0178 	 0.0222 	 0.0597 	 0.1555 	 0.3516
0.0802 	 -0.0886 	 -0.2781 	 -1.0291 	 -0.0387 	 -0.0162 	 0.0257 	 0.0609 	 0.1555 	 0.3492
0.0902 	 -0.0890 	 -0.2783 	 -1.0289 	 -0.0380 	 -0.0147 	 0.0292 	 0.0607 	 0.1551 	 0.3468
0.1002 	 -0.0894 	 -0.2784 	 -1.0286 	 -0.0374 	 -0.0131 	 0.0326 	 0.0596 	 0.1547 	 0.3450
0.1102 	 -0.0898 	 -0.2786 	 -1.0282 	 -0.0369 	 -0.0116 	 0.0361 	 0.0581 	 0.1545 	 0.3442
0.1202 	 -0.0901 	 -0.2787 	 -1.0278 	 -0.0363 	 -0.0100 	 0.0395 	 0.0565 	 0.1555 	 0.3463
0.1303 	 -0.0905 	 -0.2788 	 -1.0274 	 -0.0357 	 -0.0084 	 0.0430 	 0.0545 	 0.1583 	 0.3524
0.1403 	 -0.0908 	 -0.2788 	 -1.0270 	 -0.0352 	 -0.0068 	 0.0466 	 0.0507 	 0.1641 	 0.3651
0.1503 	 -0.0912 	 -0.2789 	 -1.0265 	 -0.0347 	 -0.0051 	 0.0504 	 0.0389 	 0.1763 	 0.3899
0.1603 	 -0.0915 	 -0.2789 	 -1.0260 	 -0.0345 	 -0.0033 	 0.0545 	 -0.0042 	 0.2012 	 0.4316
0.1703 	 -0.0919 	 -0.2790 	 -1.0254 	 -0.0351 	 -0.0011 	 0.0589 	 -0.1171 	 0.2242 	 0.4330
0.1804 	 -0.0922 	 -0.2790 	 -1.0248 	 -0.0365 	 0.0010 	 0.0627 	 -0.1408 	 0.1860 	 0.3193
0.1904 	 -0.0926 	 -0.2789 	 -1.0241 	 -0.0375 	 0.0027 	 0.0656 	 -0.0539 	 0.1548 	 0.2782
0.2004 	 -0.0930 	 -0.2789 	 -1.0235 	 -0.0378 	 0.0042 	 0.0684 	 -0.0043 	 0.1491 	 0.2848
0.2104 	 -0.0934 	 -0.2789 	 -1.0228 	 -0.0377 	 0.0057 	 0.0713 	 0.0170 	 0.1496 	 0.2938
0.2204 	 -0.0937 	 -0.2788 	 -1.0220 	 -0.0375 	 0.0072 	 0.0743 	 0.0267 	 0.1510 	 0.2994
0.2305 	 -0.0941 	 -0.2787 	 -1.0213 	 -0.0372 	 0.0087 	 0.0773 	 0.0316 	 0.1521 	 0.3023
0.2405 	 -0.0945 	 -0.2786 	 -1.0205 	 -0.0368 	 0.0102 	 0.0804 	 0.0343 	 0.1528 	 0.3037
0.2505 	 -0.0949 	 -0.2785 	 -1.0197 	 -0.0365 	 0.0118 	 0.0834 	 0.0360 	 0.1530 	 0.3041
0.2605 	 -0.0952 	 -0.2784 	 -1.0188 	 -0.0361 	 0.0133 	 0.0864 	 0.0372 	 0.1528 	 0.3039
0.2705 	 -0.0956 	 -0.2782 	 -1.0179 	 -0.0357 	 0.0148 	 0.0895 	 0.0383 	 0.1521 	 0.3034
0.2806 	 -0.0959 	 -0.2781 	 -1.0170 	 -0.0354 	 0.0164 	 0.0925 	 0.0392 	 0.1512 	 0.3028
0.2906 	 -0.0963 	 -0.2779 	 -1.0161 	 -0.0350 	 0.0179 	 0.0956 	 0.0402 	 0.1500 	 0.3024
0.3006 	 -0.0966 	 -0.2777 	 -1.0151 	 -0.0345 	 0.0194 	 0.0986 	 0.0412 	 0.1487 	 0.3020
0.3106 	 -0.0970 	 -0.2775 	 -1.0141 	 -0.0341 	 0.0208 	 0.1016 	 0.0422 	 0.1473 	 0.3018
0.3206 	 -0.0973 	 -0.2773 	 -1.0131 	 -0.0337 	 0.0223 	 0.1046 	 0.0432 	 0.1459 	 0.3018
0.3307 	 -0.0977 	 -0.2771 	 -1.0120 	 -0.0333 	 0.0238 	 0.1077 	 0.0442 	 0.1445 	 0.3019
0.3407 	 -0.0980 	 -0.2768 	 -1.0109 	 -0.0328 	 0.0252 	 0.1107 	 0.0452 	 0.1432 	 0.3022
0.3507 	 -0.0983 	 -0.2766 	 -1.0098 	 -0.0324 	 0.0266 	 0.1137 	 0.0462 	 0.1420 	 0.3025
0.3607 	 -0.0986 	 -0.2763 	 -1.0086 	 -0.0319 	 0.0280 	 0.1167 	 0.0471 	 0.1408 	 0.3030
0.3707 	 -0.0990 	 -0.2760 	 -1.0075 	 -0.0314 	 0.0295 	 0.1198 	 0.0481 	 0.1398 	 0.3035
0.3808 	 -0.0993 	 -0.2757 	 -1.0062 	 -0.0309 	 0.0309 	 0.1228 	 0.0490 	 0.1389 	 0.3041
0.3908 	 -0.0996 	 -0.2754 	 -1.0050 	 -0.0304 	 0.0322 	 0.1259 	 0.0497 	 0.1380 	 0.3047
0.4008 	 -0.0999 	 -0.2751 	 -1.0037 	 -0.0299 	 0.0336 	 0.1289 	 0.0504 	 0.1372 	 0.3054
0.4108 	 -0.1002 	 -0.2747 	 -1.0024 	 -0.0294 	 0.0350 	 0.1320 	 0.0510 	 0.1365 	 0.3060
0.4208 	 -0.1005 	 -0.2744 	 -1.0011 	 -0.0289 	 0.0364 	 0.1351 	 0.0515 	 0.1359 	 0.3067
0.4309 	 -0.1008 	 -0.2740 	 -0.9997 	 -0.0284 	 0.0377 	 0.1381 	 0.0520 	 0.1353 	 0.3073
0.4409 	 -0.1010 	 -0.2736 	 -0.9983 	 -0.0279 	 0.0391 	 0.1412 	 0.0524 	 0.1347 	 0.3079
0.4509 	 -0.1013 	 -0.2732 	 -0.9969 	 -0.0273 	 0.0404 	 0.1443 	 0.0528 	 0.1342 	 0.3085
0.4609 	 -0.1016 	 -0.2728 	 -0.9954 	 -0.0268 	 0.0418 	 0.1474 	 0.0532 	 0.1337 	 0.3090
0.4709 	 -0.1019 	 -0.2724 	 -0.9939 	 -0.0263 	 0.0431 	 0.1505 	 0.0536 	 0.1333 	 0.3095
0.4810 	 -0.1021 	 -0.2719 	 -0.9924 	 -0.0257 	 0.0444 	 0.1536 	 0.0540 	 0.1329 	 0.3099
0.4910 	 -0.1024 	 -0.2715 	 -0.9908 	 -0.0252 	 0.0458 	 0.1567 	 0.0545 	 0.1326 	 0.3105
0.5010 	 -0.1026 	 -0.2710 	 -0.9893 	 -0.0246 	 0.0471 	 0.1598 	 0.0551 	 0.1324 	 0.3110
0.5110 	 -0.1029 	 -0.2705 	 -0.9876 	 -0.0241 	 0.0484 	 0.1629 	 0.0547 	 0.1309 	 0.3070
0.5210 	 -0.1031 	 -0.2700 	 -0.9860 	 -0.0235 	 0.0497 	 0.1660 	 0.0558 	 0.1313 	 0.3074
0.5311 	 -0.1033 	 -0.2695 	 -0.9843 	 -0.0230 	 0.0510 	 0.1691 	 0.0568 	 0.1316 	 0.3083
0.5411 	 -0.1036 	 -0.2690 	 -0.9826 	 -0.0224 	 0.0524 	 0.1722 	 0.0580 	 0.1320 	 0.3093
0.5511 	 -0.1038 	 -0.2685 	 -0.9809 	 -0.0218 	 0.0537 	 0.1753 	 0.0593 	 0.1326 	 0.3104
0.5611 	 -0.1040 	 -0.2680 	 -0.9791 	 -0.0212 	 0.0550 	 0.1784 	 0.0607 	 0.1334 	 0.3117
0.5711 	 -0.1042 	 -0.2674 	 -0.9773 	 -0.0206 	 0.0564 	 0.1816 	 0.0623 	 0.1345 	 0.3131
0.5812 	 -0.1044 	 -0.2668 	 -0.9754 	 -0.0200 	 0.0577 	 0.1847 	 0.0640 	 0.1357 	 0.3146
0.5912 	 -0.1046 	 -0.2662 	 -0.9736 	 -0.0193 	 0.0591 	 0.1879 	 0.0659 	 0.1373 	 0.3164
0.6012 	 -0.1048 	 -0.2656 	 -0.9717 	 -0.0186 	 0.0605 	 0.1910 	 0.0679 	 0.1392 	 0.3184
0.6112 	 -0.1050 	 -0.2650 	 -0.9698 	 -0.0179 	 0.0619 	 0.1942 	 0.0701 	 0.1414 	 0.3205
0.6212 	 -0.1052 	 -0.2644 	 -0.9678 	 -0.0172 	 0.0633 	 0.1975 	 0.0723 	 0.1441 	 0.3228
0.6313 	 -0.1053 	 -0.2638 	 -0.9658 	 -0.0165 	 0.0648 	 0.2007 	 0.0747 	 0.1474 	 0.3252
0.6413 	 -0.1055 	 -0.2631 	 -0.9638 	 -0.0157 	 0.0663 	 0.2040 	 0.0771 	 0.1512 	 0.3277
0.6513 	 -0.1056 	 -0.2624 	 -0.9617 	 -0.0149 	 0.0678 	 0.2073 	 0.0798 	 0.1558 	 0.3307
0.6613 	 -0.1058 	 -0.2617 	 -0.9596 	 -0.0141 	 0.0694 	 0.2106 	 0.0828 	 0.1614 	 0.3342
0.6713 	 -0.1059 	 -0.2610 	 -0.9575 	 -0.0133 	 0.0710 	 0.2140 	 0.0861 	 0.1681 	 0.3382
0.6814 	 -0.1061 	 -0.2603 	 -0.9553 	 -0.0124 	 0.0728 	 0.2174 	 0.0896 	 0.1760 	 0.3423
0.6914 	 -0.1062 	 -0.2596 	 -0.9531 	 -0.0115 	 0.0746 	 0.2208 	 0.0933 	 0.1851 	 0.3455
0.7014 	 -0.1063 	 -0.2588 	 -0.9509 	 -0.0105 	 0.0765 	 0.2243 	 0.0973 	 0.1962 	 0.3497
0.7114 	 -0.1064 	 -0.2580 	 -0.9486 	 -0.0095 	 0.0785 	 0.2278 	 0.1013 	 0.2095 	 0.3540
0.7214 	 -0.1065 	 -0.2572 	 -0.9463 	 -0.0085 	 0.0807 	 0.2314 	 0.1047 	 0.2247 	 0.3570
0.7315 	 -0.1066 	 -0.2564 	 -0.9440 	 -0.0074 	 0.0830 	 0.2350 	 0.1064 	 0.2416 	 0.3573
0.7415 	 -0.1066 	 -0.2556 	 -0.9416 	 -0.0064 	 0.0855 	 0.2386 	 0.1047 	 0.2596 	 0.3533
0.7515 	 -0.1067 	 -0.2547 	 -0.9392 	 -0.0054 	 0.0882 	 0.2420 	 0.0973 	 0.2776 	 0.3436
0.7615 	 -0.1067 	 -0.2538 	 -0.9368 	 -0.0045 	 0.0911 	 0.2454 	 0.0826 	 0.2941 	 0.3281
0.7715 	 -0.1068 	 -0.2529 	 -0.9343 	 -0.0037 	 0.0941 	 0.2486 	 0.0609 	 0.3066 	 0.3080
0.7816 	 -0.1068 	 -0.2519 	 -0.9318 	 -0.0033 	 0.0972 	 0.2516 	 0.0348 	 0.3118 	 0.2853
0.7916 	 -0.1068 	 -0.2509 	 -0.9293 	 -0.0030 	 0.1003 	 0.2543 	 0.0087 	 0.3073 	 0.2626
0.8016 	 -0.1069 	 -0.2499 	 -0.9267 	 -0.0031 	 0.1033 	 0.2569 	 -0.0130 	 0.2927 	 0.2425
0.8116 	 -0.1069 	 -0.2489 	 -0.9241 	 -0.0033 	 0.1061 	 0.2592 	 -0.0276 	 0.2701 	 0.2272
0.8216 	 -0.1069 	 -0.2478 	 -0.9215 	 -0.0036 	 0.1087 	 0.2614 	 -0.0342 	 0.2433 	 0.2176
0.8317 	 -0.1070 	 -0.2467 	 -0.9189 	 -0.0039 	 0.1110 	 0.2636 	 -0.0340 	 0.2159 	 0.2136
0.8417 	 -0.1070 	 -0.2456 	 -0.9162 	 -0.0043 	 0.1131 	 0.2657 	 -0.0286 	 0.1907 	 0.2141
0.8517 	 -0.1071 	 -0.2444 	 -0.9135 	 -0.0045 	 0.1149 	 0.2679 	 -0.0202 	 0.1690 	 0.2177
0.8617 	 -0.1071 	 -0.2433 	 -0.9109 	 -0.0047 	 0.1165 	 0.2701 	 -0.0103 	 0.1510 	 0.2232
0.8717 	 -0.1071 	 -0.2421 	 -0.9081 	 -0.0047 	 0.1179 	 0.2724 	 -0.0000 	 0.1367 	 0.2296
0.8818 	 -0.1072 	 -0.2409 	 -0.9054 	 -0.0047 	 0.1192 	 0.2747 	 0.0100 	 0.1253 	 0.2363
0.8918 	 -0.1072 	 -0.2397 	 -0.9026 	 -0.0045 	 0.1204 	 0.2771 	 0.0194 	 0.1164 	 0.2429
0.9018 	 -0.1073 	 -0.2385 	 -0.8998 	 -0.0043 	 0.1215 	 0.2796 	 0.0281 	 0.1095 	 0.2491
0.9118 	 -0.1073 	 -0.2373 	 -0.8970 	 -0.0040 	 0.1226 	 0.2821 	 0.0359 	 0.1040 	 0.2549
0.9218 	 -0.1074 	 -0.2360 	 -0.8942 	 -0.0036 	 0.1236 	 0.2847 	 0.0431 	 0.0996 	 0.2603
0.9319 	 -0.1074 	 -0.2348 	 -0.8913 	 -0.0031 	 0.1246 	 0.2873 	 0.0495 	 0.0961 	 0.2652
0.9419 	 -0.1074 	 -0.2335 	 -0.8884 	 -0.0026 	 0.1256 	 0.2900 	 0.0553 	 0.0933 	 0.2696
0.9519 	 -0.1074 	 -0.2323 	 -0.8855 	 -0.0020 	 0.1265 	 0.2927 	 0.0606 	 0.0910 	 0.2737
0.9619 	 -0.1075 	 -0.2310 	 -0.8826 	 -0.0014 	 0.1274 	 0.2955 	 0.0654 	 0.0890 	 0.2774
0.9719 	 -0.1075 	 -0.2297 	 -0.8796 	 -0.0007 	 0.1283 	 0.2983 	 0.0698 	 0.0874 	 0.2808
0.9820 	 -0.1075 	 -0.2284 	 -0.8766 	 0.0000 	 0.1291 	 0.3011 	 0.0739 	 0.0861 	 0.2840
0.9920 	 -0.1075 	 -0.2271 	 -0.8736 	 0.0008 	 0.1300 	 0.3040 	 0.0776 	 0.0849 	 0.2868
1.0020 	 -0.1075 	 -0.2258 	 -0.8705 	 0.0016 	 0.1308 	 0.3068 	 0.0810 	 0.0839 	 0.2895
1.0120 	 -0.1074 	 -0.2245 	 -0.8674 	 0.0024 	 0.1317 	 0.3098 	 0.0842 	 0.0830 	 0.2919
1.0220 	 -0.1074 	 -0.2232 	 -0.8643 	 0.0033 	 0.1325 	 0.3127 	 0.0871 	 0.0822 	 0.2942
1.0321 	 -0.1074 	 -0.2219 	 -0.8611 	 0.0042 	 0.1333 	 0.3156 	 0.0898 	 0.0815 	 0.2964
1.0421 	 -0.1073 	 -0.2205 	 -0.8580 	 0.0051 	 0.1341 	 0.3186 	 0.0922 	 0.0810 	 0.2984
1.0521 	 -0.1073 	 -0.2192 	 -0.8548 	 0.0060 	 0.1349 	 0.3216 	 0.0944 	 0.0805 	 0.3004
1.0621 	 -0.1072 	 -0.2178 	 -0.8515 	 0.0070 	 0.1357 	 0.3246 	 0.0963 	 0.0800 	 0.3022
1.0721 	 -0.1071 	 -0.2165 	 -0.8482 	 0.0080 	 0.1365 	 0.3277 	 0.0978 	 0.0796 	 0.3039
1.0822 	 -0.1071 	 -0.2151 	 -0.8449 	 0.0089 	 0.1373 	 0.3307 	 0.0992 	 0.0793 	 0.3051
1.0922 	 -0.1070 	 -0.2137 	 -0.8416 	 0.0099 	 0.1381 	 0.3338 	 0.1005 	 0.0789 	 0.3060
1.1022 	 -0.1069 	 -0.2123 	 -0.8383 	 0.0110 	 0.1389 	 0.3369 	 0.1019 	 0.0784 	 0.3064
1.1122 	 -0.1067 	 -0.2109 	 -0.8349 	 0.0120 	 0.1397 	 0.3399 	 0.1036 	 0.0779 	 0.3067
1.1222 	 -0.1066 	 -0.2095 	 -0.8314 	 0.0130 	 0.1405 	 0.3430 	 0.1056 	 0.0773 	 0.3069
1.1323 	 -0.1065 	 -0.2081 	 -0.8280 	 0.0141 	 0.1413 	 0.3461 	 0.1076 	 0.0766 	 0.3072
1.1423 	 -0.1063 	 -0.2067 	 -0.8245 	 0.0152 	 0.1420 	 0.3492 	 0.1095 	 0.0758 	 0.3075
1.1523 	 -0.1062 	 -0.2053 	 -0.8210 	 0.0163 	 0.1428 	 0.3523 	 0.1115 	 0.0749 	 0.3078
1.1623 	 -0.1060 	 -0.2038 	 -0.8175 	 0.0174 	 0.1435 	 0.3553 	 0.1133 	 0.0740 	 0.3082
1.1723 	 -0.1058 	 -0.2024 	 -0.8139 	 0.0186 	 0.1443 	 0.3584 	 0.1152 	 0.0728 	 0.3085
1.1824 	 -0.1056 	 -0.2009 	 -0.8103 	 0.0197 	 0.1450 	 0.3615 	 0.1170 	 0.0716 	 0.3088
1.1924 	 -0.1054 	 -0.1995 	 -0.8066 	 0.0209 	 0.1457 	 0.3646 	 0.1189 	 0.0702 	 0.3091
1.2024 	 -0.1052 	 -0.1980 	 -0.8030 	 0.0221 	 0.1464 	 0.3677 	 0.1208 	 0.0687 	 0.3095
1.2124 	 -0.1050 	 -0.1965 	 -0.7993 	 0.0233 	 0.1471 	 0.3708 	 0.1228 	 0.0671 	 0.3099
1.2224 	 -0.1047 	 -0.1951 	 -0.7955 	 0.0246 	 0.1477 	 0.3739 	 0.1249 	 0.0654 	 0.3104
1.2325 	 -0.1045 	 -0.1936 	 -0.7918 	 0.0258 	 0.1484 	 0.3770 	 0.1270 	 0.0636 	 0.3110
1.2425 	 -0.1042 	 -0.1921 	 -0.7880 	 0.0271 	 0.1490 	 0.3802 	 0.1291 	 0.0618 	 0.3118
1.2525 	 -0.1039 	 -0.1906 	 -0.7842 	 0.0284 	 0.1496 	 0.3833 	 0.1314 	 0.0599 	 0.3126
1.2625 	 -0.1037 	 -0.1891 	 -0.7803 	 0.0297 	 0.1502 	 0.3864 	 0.1336 	 0.0580 	 0.3136
1.2725 	 -0.1034 	 -0.1876 	 -0.7764 	 0.0311 	 0.1508 	 0.3896 	 0.1359 	 0.0561 	 0.3147
1.2826 	 -0.1030 	 -0.1861 	 -0.7725 	 0.0325 	 0.1513 	 0.3927 	 0.1382 	 0.0542 	 0.3159
1.2926 	 -0.1027 	 -0.1845 	 -0.7685 	 0.0339 	 0.1519 	 0.3959 	 0.1406 	 0.0523 	 0.3173
1.3026 	 -0.1024 	 -0.1830 	 -0.7646 	 0.0353 	 0.1524 	 0.3991 	 0.1429 	 0.0505 	 0.3187
1.3126 	 -0.1020 	 -0.1815 	 -0.7605 	 0.0367 	 0.1529 	 0.4023 	 0.1453 	 0.0487 	 0.3203
1.3226 	 -0.1016 	 -0.1800 	 -0.7565 	 0.0382 	 0.1534 	 0.4055 	 0.1477 	 0.0469 	 0.3220
1.3327 	 -0.1012 	 -0.1784 	 -0.7524 	 0.0397 	 0.1538 	 0.4087 	 0.1501 	 0.0452 	 0.3237
1.3427 	 -0.1008 	 -0.1769 	 -0.7483 	 0.0412 	 0.1543 	 0.4120 	 0.1526 	 0.0436 	 0.3256
1.3527 	 -0.1004 	 -0.1753 	 -0.7442 	 0.0428 	 0.1547 	 0.4153 	 0.1551 	 0.0420 	 0.3275
1.3627 	 -0.1000 	 -0.1738 	 -0.7400 	 0.0443 	 0.1551 	 0.4186 	 0.1576 	 0.0404 	 0.3295
1.3727 	 -0.0995 	 -0.1722 	 -0.7358 	 0.0459 	 0.1555 	 0.4219 	 0.1602 	 0.0390 	 0.3317
1.3828 	 -0.0990 	 -0.1707 	 -0.7315 	 0.0475 	 0.1559 	 0.4252 	 0.1629 	 0.0376 	 0.3339
1.3928 	 -0.0986 	 -0.1691 	 -0.7272 	 0.0492 	 0.1563 	 0.4286 	 0.1657 	 0.0363 	 0.3362
1.4028 	 -0.0981 	 -0.1675 	 -0.7229 	 0.0508 	 0.1566 	 0.4319 	 0.1685 	 0.0350 	 0.3387
1.4128 	 -0.0975 	 -0.1660 	 -0.7186 	 0.0526 	 0.1570 	 0.4354 	 0.1715 	 0.0339 	 0.3412
1.4228 	 -0.0970 	 -0.1644 	 -0.7142 	 0.0543 	 0.1573 	 0.4388 	 0.1745 	 0.0328 	 0.3438
1.4329 	 -0.0965 	 -0.1628 	 -0.7098 	 0.0561 	 0.1576 	 0.4422 	 0.1778 	 0.0319 	 0.3466
1.4429 	 -0.0959 	 -0.1612 	 -0.7053 	 0.0578 	 0.1579 	 0.4457 	 0.1812 	 0.0311 	 0.3495
1.4529 	 -0.0953 	 -0.1596 	 -0.7009 	 0.0597 	 0.1582 	 0.4492 	 0.1849 	 0.0304 	 0.3525
1.4629 	 -0.0947 	 -0.1581 	 -0.6963 	 0.0616 	 0.1585 	 0.4528 	 0.1888 	 0.0299 	 0.3557
1.4729 	 -0.0941 	 -0.1565 	 -0.6918 	 0.0635 	 0.1588 	 0.4564 	 0.1930 	 0.0296 	 0.3590
1.4830 	 -0.0934 	 -0.1549 	 -0.6872 	 0.0654 	 0.1591 	 0.4600 	 0.1975 	 0.0294 	 0.3625
1.4930 	 -0.0927 	 -0.1533 	 -0.6826 	 0.0674 	 0.1594 	 0.4636 	 0.2023 	 0.0295 	 0.3661
1.5030 	 -0.0921 	 -0.1517 	 -0.6779 	 0.0695 	 0.1597 	 0.4673 	 0.2075 	 0.0299 	 0.3700
1.5130 	 -0.0914 	 -0.1501 	 -0.6732 	 0.0716 	 0.1600 	 0.4711 	 0.2132 	 0.0305 	 0.3740
1.5230 	 -0.0906 	 -0.1485 	 -0.6685 	 0.0738 	 0.1603 	 0.4748 	 0.2193 	 0.0316 	 0.3783
1.5331 	 -0.0899 	 -0.1469 	 -0.6637 	 0.0760 	 0.1607 	 0.4786 	 0.2258 	 0.0330 	 0.3828
1.5431 	 -0.0891 	 -0.1453 	 -0.6589 	 0.0783 	 0.1610 	 0.4825 	 0.2329 	 0.0349 	 0.3875
1.5531 	 -0.0883 	 -0.1436 	 -0.6540 	 0.0807 	 0.1614 	 0.4864 	 0.2406 	 0.0374 	 0.3925
1.5631 	 -0.0875 	 -0.1420 	 -0.6491 	 0.0831 	 0.1618 	 0.4904 	 0.2488 	 0.0406 	 0.3979
1.5731 	 -0.0866 	 -0.1404 	 -0.6442 	 0.0856 	 0.1622 	 0.4944 	 0.2577 	 0.0446 	 0.4035
1.5832 	 -0.0858 	 -0.1388 	 -0.6392 	 0.0883 	 0.1627 	 0.4984 	 0.2672 	 0.0495 	 0.4095
1.5932 	 -0.0849 	 -0.1371 	 -0.6342 	 0.0910 	 0.1632 	 0.5026 	 0.2774 	 0.0555 	 0.4157
1.6032 	 -0.0839 	 -0.1355 	 -0.6291 	 0.0938 	 0.1638 	 0.5068 	 0.2883 	 0.0628 	 0.4222
1.6132 	 -0.0830 	 -0.1339 	 -0.6240 	 0.0968 	 0.1644 	 0.5110 	 0.2998 	 0.0717 	 0.4290
1.6232 	 -0.0820 	 -0.1322 	 -0.6189 	 0.0998 	 0.1652 	 0.5154 	 0.3118 	 0.0823 	 0.4359
1.6333 	 -0.0810 	 -0.1305 	 -0.6137 	 0.1030 	 0.1661 	 0.5198 	 0.3243 	 0.0950 	 0.4430
1.6433 	 -0.0799 	 -0.1289 	 -0.6085 	 0.1063 	 0.1671 	 0.5243 	 0.3371 	 0.1101 	 0.4500
1.6533 	 -0.0789 	 -0.1272 	 -0.6032 	 0.1098 	 0.1683 	 0.5288 	 0.3497 	 0.1278 	 0.4568
1.6633 	 -0.0777 	 -0.1255 	 -0.5979 	 0.1133 	 0.1697 	 0.5334 	 0.3617 	 0.1484 	 0.4632
1.6733 	 -0.0766 	 -0.1238 	 -0.5925 	 0.1170 	 0.1713 	 0.5381 	 0.3726 	 0.1721 	 0.4690
1.6834 	 -0.0754 	 -0.1221 	 -0.5871 	 0.1208 	 0.1732 	 0.5428 	 0.3815 	 0.1989 	 0.4738
1.6934 	 -0.0742 	 -0.1203 	 -0.5816 	 0.1247 	 0.1753 	 0.5476 	 0.3874 	 0.2286 	 0.4772
1.7034 	 -0.0729 	 -0.1185 	 -0.5761 	 0.1286 	 0.1777 	 0.5524 	 0.3892 	 0.2606 	 0.4790
1.7134 	 -0.0716 	 -0.1168 	 -0.5706 	 0.1324 	 0.1805 	 0.5572 	 0.3857 	 0.2938 	 0.4788
1.7234 	 -0.0702 	 -0.1149 	 -0.5650 	 0.1363 	 0.1836 	 0.5619 	 0.3756 	 0.3267 	 0.4765
1.7335 	 -0.0689 	 -0.1131 	 -0.5593 	 0.1399 	 0.1871 	 0.5667 	 0.3583 	 0.3571 	 0.4720
1.7435 	 -0.0674 	 -0.1112 	 -0.5536 	 0.1434 	 0.1908 	 0.5714 	 0.3334 	 0.3823 	 0.4656
1.7535 	 -0.0660 	 -0.1092 	 -0.5479 	 0.1466 	 0.1947 	 0.5760 	 0.3016 	 0.3996 	 0.4580
1.7635 	 -0.0645 	 -0.1073 	 -0.5421 	 0.1494 	 0.1987 	 0.5806 	 0.2643 	 0.4066 	 0.4499
1.7735 	 -0.0630 	 -0.1053 	 -0.5362 	 0.1519 	 0.2028 	 0.5850 	 0.2239 	 0.4017 	 0.4424
1.7836 	 -0.0615 	 -0.1032 	 -0.5303 	 0.1539 	 0.2068 	 0.5894 	 0.1832 	 0.3843 	 0.4364
1.7936 	 -0.0599 	 -0.1011 	 -0.5244 	 0.1556 	 0.2105 	 0.5938 	 0.1449 	 0.3553 	 0.4327
1.8036 	 -0.0583 	 -0.0990 	 -0.5184 	 0.1569 	 0.2138 	 0.5981 	 0.1113 	 0.3164 	 0.4318
1.8136 	 -0.0568 	 -0.0968 	 -0.5124 	 0.1578 	 0.2168 	 0.6025 	 0.0839 	 0.2701 	 0.4336
1.8236 	 -0.0552 	 -0.0947 	 -0.5064 	 0.1586 	 0.2192 	 0.6068 	 0.0633 	 0.2192 	 0.4376
1.8337 	 -0.0536 	 -0.0924 	 -0.5003 	 0.1591 	 0.2212 	 0.6112 	 0.0492 	 0.1662 	 0.4433
1.8437 	 -0.0520 	 -0.0902 	 -0.4941 	 0.1596 	 0.2226 	 0.6157 	 0.0408 	 0.1131 	 0.4498
1.8537 	 -0.0504 	 -0.0880 	 -0.4879 	 0.1599 	 0.2234 	 0.6203 	 0.0370 	 0.0616 	 0.4563
1.8637 	 -0.0488 	 -0.0858 	 -0.4817 	 0.1603 	 0.2238 	 0.6249 	 0.0363 	 0.0127 	 0.4622
1.8737 	 -0.0472 	 -0.0835 	 -0.4754 	 0.1607 	 0.2237 	 0.6295 	 0.0376 	 -0.0330 	 0.4667
1.8838 	 -0.0456 	 -0.0813 	 -0.4691 	 0.1611 	 0.2232 	 0.6342 	 0.0395 	 -0.0750 	 0.4694
1.8938 	 -0.0440 	 -0.0790 	 -0.4627 	 0.1615 	 0.2222 	 0.6389 	 0.0410 	 -0.1132 	 0.4702
1.9038 	 -0.0423 	 -0.0768 	 -0.4563 	 0.1619 	 0.2209 	 0.6436 	 0.0412 	 -0.1478 	 0.4688
1.9138 	 -0.0407 	 -0.0746 	 -0.4498 	 0.1623 	 0.2193 	 0.6483 	 0.0394 	 -0.1787 	 0.4652
1.9238 	 -0.0391 	 -0.0724 	 -0.4433 	 0.1627 	 0.2173 	 0.6529 	 0.0352 	 -0.2063 	 0.4594
1.9339 	 -0.0375 	 -0.0703 	 -0.4367 	 0.1630 	 0.2151 	 0.6575 	 0.0284 	 -0.2306 	 0.4516
1.9439 	 -0.0358 	 -0.0681 	 -0.4301 	 0.1632 	 0.2127 	 0.6620 	 0.0190 	 -0.2519 	 0.4418
1.9539 	 -0.0342 	 -0.0660 	 -0.4234 	 0.1634 	 0.2101 	 0.6663 	 0.0073 	 -0.2705 	 0.4302
1.9639 	 -0.0325 	 -0.0639 	 -0.4168 	 0.1634 	 0.2073 	 0.6706 	 -0.0063 	 -0.2865 	 0.4169
1.9739 	 -0.0309 	 -0.0618 	 -0.4100 	 0.1632 	 0.2044 	 0.6747 	 -0.0211 	 -0.3000 	 0.4019
1.9840 	 -0.0293 	 -0.0598 	 -0.4032 	 0.1629 	 0.2013 	 0.6787 	 -0.0324 	 -0.3146 	 0.4061
1.9940 	 -0.0276 	 -0.0578 	 -0.3964 	 0.1625 	 0.1981 	 0.6827 	 -0.0477 	 -0.3233 	 0.3885
2.0040 	 -0.0260 	 -0.0558 	 -0.3896 	 0.1620 	 0.1948 	 0.6865 	 -0.0622 	 -0.3297 	 0.3700
2.0140 	 -0.0244 	 -0.0539 	 -0.3827 	 0.1613 	 0.1915 	 0.6901 	 -0.0753 	 -0.3339 	 0.3512
2.0240 	 -0.0228 	 -0.0520 	 -0.3757 	 0.1605 	 0.1881 	 0.6935 	 -0.0863 	 -0.3359 	 0.3326
2.0341 	 -0.0212 	 -0.0501 	 -0.3688 	 0.1596 	 0.1848 	 0.6967 	 -0.0950 	 -0.3359 	 0.3147
2.0441 	 -0.0196 	 -0.0483 	 -0.3618 	 0.1586 	 0.1814 	 0.6998 	 -0.1012 	 -0.3341 	 0.2983
2.0541 	 -0.0180 	 -0.0465 	 -0.3547 	 0.1576 	 0.1781 	 0.7027 	 -0.1049 	 -0.3308 	 0.2838
2.0641 	 -0.0164 	 -0.0447 	 -0.3477 	 0.1565 	 0.1748 	 0.7055 	 -0.1065 	 -0.3263 	 0.2717
2.0741 	 -0.0149 	 -0.0430 	 -0.3406 	 0.1554 	 0.1715 	 0.7082 	 -0.1060 	 -0.3210 	 0.2625
2.0842 	 -0.0133 	 -0.0413 	 -0.3335 	 0.1544 	 0.1684 	 0.7108 	 -0.1041 	 -0.3152 	 0.2562
2.0942 	 -0.0118 	 -0.0396 	 -0.3264 	 0.1534 	 0.1652 	 0.7133 	 -0.1009 	 -0.3093 	 0.2530
2.1042 	 -0.0102 	 -0.0380 	 -0.3192 	 0.1524 	 0.1622 	 0.7159 	 -0.0970 	 -0.3035 	 0.2529
2.1142 	 -0.0087 	 -0.0364 	 -0.3120 	 0.1514 	 0.1591 	 0.7184 	 -0.0925 	 -0.2982 	 0.2559
2.1242 	 -0.0072 	 -0.0348 	 -0.3048 	 0.1505 	 0.1562 	 0.7210 	 -0.0879 	 -0.2934 	 0.2619
2.1343 	 -0.0057 	 -0.0332 	 -0.2976 	 0.1497 	 0.1533 	 0.7237 	 -0.0834 	 -0.2895 	 0.2708
2.1443 	 -0.0042 	 -0.0317 	 -0.2903 	 0.1488 	 0.1504 	 0.7264 	 -0.0790 	 -0.2866 	 0.2826
2.1543 	 -0.0027 	 -0.0302 	 -0.2830 	 0.1481 	 0.1475 	 0.7293 	 -0.0751 	 -0.2848 	 0.2973
2.1643 	 -0.0012 	 -0.0288 	 -0.2757 	 0.1473 	 0.1447 	 0.7324 	 -0.0716 	 -0.2844 	 0.3149
2.1743 	 0.0002 	 -0.0273 	 -0.2683 	 0.1466 	 0.1418 	 0.7357 	 -0.0689 	 -0.2855 	 0.3358
2.1844 	 0.0017 	 -0.0259 	 -0.2609 	 0.1459 	 0.1389 	 0.7391 	 -0.0669 	 -0.2885 	 0.3601
2.1944 	 0.0032 	 -0.0245 	 -0.2535 	 0.1453 	 0.1360 	 0.7429 	 -0.0660 	 -0.2939 	 0.3886
2.2044 	 0.0046 	 -0.0232 	 -0.2460 	 0.1446 	 0.1330 	 0.7469 	 -0.0665 	 -0.3025 	 0.4218
2.2144 	 0.0061 	 -0.0219 	 -0.2385 	 0.1439 	 0.1299 	 0.7514 	 -0.0686 	 -0.3153 	 0.4608
2.2244 	 0.0075 	 -0.0206 	 -0.2310 	 0.1432 	 0.1267 	 0.7562 	 -0.0731 	 -0.3340 	 0.5067
2.2345 	 0.0089 	 -0.0193 	 -0.2234 	 0.1425 	 0.1232 	 0.7615 	 -0.0810 	 -0.3611 	 0.5610
2.2445 	 0.0103 	 -0.0181 	 -0.2157 	 0.1416 	 0.1194 	 0.7675 	 -0.0937 	 -0.4004 	 0.6251
2.2545 	 0.0118 	 -0.0170 	 -0.2080 	 0.1406 	 0.1151 	 0.7741 	 -0.1139 	 -0.4576 	 0.6998
2.2645 	 0.0132 	 -0.0158 	 -0.2002 	 0.1393 	 0.1102 	 0.7815 	 -0.1454 	 -0.5411 	 0.7840
2.2745 	 0.0146 	 -0.0148 	 -0.1923 	 0.1376 	 0.1042 	 0.7898 	 -0.1941 	 -0.6614 	 0.8716
2.2846 	 0.0159 	 -0.0137 	 -0.1844 	 0.1353 	 0.0968 	 0.7990 	 -0.2669 	 -0.8291 	 0.9459
2.2946 	 0.0173 	 -0.0128 	 -0.1763 	 0.1321 	 0.0874 	 0.8086 	 -0.3691 	 -1.0447 	 0.9740
2.3046 	 0.0186 	 -0.0120 	 -0.1682 	 0.1278 	 0.0757 	 0.8182 	 -0.4949 	 -1.2801 	 0.9091
2.3146 	 0.0198 	 -0.0113 	 -0.1599 	 0.1222 	 0.0619 	 0.8264 	 -0.6174 	 -1.4647 	 0.7215
2.3246 	 0.0210 	 -0.0108 	 -0.1516 	 0.1156 	 0.0468 	 0.8323 	 -0.6952 	 -1.5156 	 0.4462
2.3347 	 0.0221 	 -0.0104 	 -0.1433 	 0.1085 	 0.0321 	 0.8354 	 -0.7054 	 -1.4107 	 0.1802
2.3447 	 0.0232 	 -0.0101 	 -0.1349 	 0.1017 	 0.0189 	 0.8362 	 -0.6635 	 -1.2094 	 0.0029
2.3547 	 0.0242 	 -0.0100 	 -0.1265 	 0.0953 	 0.0079 	 0.8358 	 -0.6033 	 -0.9905 	 -0.0746
2.3647 	 0.0251 	 -0.0100 	 -0.1181 	 0.0895 	 -0.0010 	 0.8350 	 -0.5495 	 -0.7999 	 -0.0831
2.3747 	 0.0260 	 -0.0100 	 -0.1098 	 0.0842 	 -0.0083 	 0.8342 	 -0.5123 	 -0.6499 	 -0.0577
2.3848 	 0.0268 	 -0.0101 	 -0.1014 	 0.0792 	 -0.0142 	 0.8338 	 -0.4924 	 -0.5364 	 -0.0221
2.3948 	 0.0275 	 -0.0103 	 -0.0931 	 0.0743 	 -0.0191 	 0.8338 	 -0.4868 	 -0.4519 	 0.0104
2.4048 	 0.0283 	 -0.0105 	 -0.0847 	 0.0694 	 -0.0233 	 0.8340 	 -0.4910 	 -0.3899 	 0.0337
2.4148 	 0.0289 	 -0.0107 	 -0.0764 	 0.0645 	 -0.0270 	 0.8344 	 -0.5005 	 -0.3462 	 0.0460
2.4248 	 0.0296 	 -0.0110 	 -0.0680 	 0.0594 	 -0.0303 	 0.8349 	 -0.5115 	 -0.3183 	 0.0485
2.4349 	 0.0301 	 -0.0113 	 -0.0596 	 0.0542 	 -0.0334 	 0.8354 	 -0.5209 	 -0.3040 	 0.0440
2.4449 	 0.0306 	 -0.0117 	 -0.0512 	 0.0490 	 -0.0364 	 0.8358 	 -0.5273 	 -0.3010 	 0.0361
2.4549 	 0.0311 	 -0.0121 	 -0.0429 	 0.0437 	 -0.0395 	 0.8361 	 -0.5308 	 -0.3066 	 0.0279
2.4649 	 0.0315 	 -0.0125 	 -0.0345 	 0.0383 	 -0.0426 	 0.8363 	 -0.5322 	 -0.3179 	 0.0211
2.4749 	 0.0319 	 -0.0129 	 -0.0261 	 0.0330 	 -0.0459 	 0.8365 	 -0.5329 	 -0.3324 	 0.0164
2.4850 	 0.0322 	 -0.0134 	 -0.0177 	 0.0276 	 -0.0493 	 0.8367 	 -0.5343 	 -0.3482 	 0.0128
2.4950 	 0.0324 	 -0.0139 	 -0.0093 	 0.0223 	 -0.0528 	 0.8368 	 -0.5376 	 -0.3647 	 0.0089
2.5050 	 0.0326 	 -0.0145 	 -0.0010 	 0.0169 	 -0.0566 	 0.8368 	 -0.5433 	 -0.3807 	 0.0039
2.5150 	 0.0328 	 -0.0151 	 0.0074 	 0.0114 	 -0.0605 	 0.8369 	 -0.5510 	 -0.3945 	 -0.0032
2.5251 	 0.0329 	 -0.0157 	 0.0158 	 0.0058 	 -0.0645 	 0.8368 	 -0.5596 	 -0.4035 	 -0.0131
2.5351 	 0.0329 	 -0.0164 	 0.0242 	 0.0002 	 -0.0685 	 0.8366 	 -0.5677 	 -0.4048 	 -0.0259
2.5451 	 0.0329 	 -0.0171 	 0.0326 	 -0.0055 	 -0.0725 	 0.8362 	 -0.5731 	 -0.3957 	 -0.0403
2.5551 	 0.0328 	 -0.0178 	 0.0409 	 -0.0113 	 -0.0764 	 0.8358 	 -0.5740 	 -0.3740 	 -0.0534
2.5651 	 0.0326 	 -0.0186 	 0.0493 	 -0.0170 	 -0.0800 	 0.8352 	 -0.5689 	 -0.3394 	 -0.0613
2.5752 	 0.0324 	 -0.0194 	 0.0577 	 -0.0227 	 -0.0832 	 0.8346 	 -0.5583 	 -0.2934 	 -0.0603
2.5852 	 0.0322 	 -0.0202 	 0.0660 	 -0.0282 	 -0.0859 	 0.8340 	 -0.5442 	 -0.2388 	 -0.0482
2.5952 	 0.0319 	 -0.0211 	 0.0744 	 -0.0336 	 -0.0879 	 0.8336 	 -0.5296 	 -0.1785 	 -0.0249
2.6052 	 0.0315 	 -0.0220 	 0.0828 	 -0.0388 	 -0.0894 	 0.8336 	 -0.5180 	 -0.1143 	 0.0080
2.6152 	 0.0311 	 -0.0229 	 0.0911 	 -0.0440 	 -0.0902 	 0.8338 	 -0.5125 	 -0.0469 	 0.0476
2.6253 	 0.0306 	 -0.0238 	 0.0995 	 -0.0491 	 -0.0903 	 0.8345 	 -0.5152 	 0.0245 	 0.0909
2.6353 	 0.0301 	 -0.0247 	 0.1078 	 -0.0543 	 -0.0897 	 0.8357 	 -0.5281 	 0.1009 	 0.1346
2.6453 	 0.0295 	 -0.0256 	 0.1162 	 -0.0597 	 -0.0883 	 0.8372 	 -0.5523 	 0.1838 	 0.1755
2.6553 	 0.0289 	 -0.0265 	 0.1246 	 -0.0655 	 -0.0860 	 0.8392 	 -0.5890 	 0.2745 	 0.2100
2.6653 	 0.0282 	 -0.0273 	 0.1330 	 -0.0716 	 -0.0828 	 0.8414 	 -0.6388 	 0.3737 	 0.2338
2.6754 	 0.0275 	 -0.0281 	 0.1415 	 -0.0783 	 -0.0785 	 0.8438 	 -0.7020 	 0.4812 	 0.2421
2.6854 	 0.0266 	 -0.0289 	 0.1499 	 -0.0857 	 -0.0731 	 0.8462 	 -0.7779 	 0.5952 	 0.2290
2.6954 	 0.0257 	 -0.0296 	 0.1584 	 -0.0939 	 -0.0666 	 0.8483 	 -0.8644 	 0.7121 	 0.1885
2.7054 	 0.0248 	 -0.0302 	 0.1669 	 -0.1031 	 -0.0588 	 0.8498 	 -0.9574 	 0.8256 	 0.1146
2.7154 	 0.0237 	 -0.0308 	 0.1755 	 -0.1131 	 -0.0500 	 0.8505 	 -1.0503 	 0.9273 	 0.0034
2.7255 	 0.0225 	 -0.0312 	 0.1840 	 -0.1241 	 -0.0403 	 0.8498 	 -1.1342 	 1.0066 	 -0.1459
2.7355 	 0.0212 	 -0.0316 	 0.1925 	 -0.1358 	 -0.0300 	 0.8474 	 -1.1988 	 1.0524 	 -0.3281
2.7455 	 0.0198 	 -0.0318 	 0.2009 	 -0.1480 	 -0.0194 	 0.8431 	 -1.2342 	 1.0564 	 -0.5318
2.7555 	 0.0182 	 -0.0320 	 0.2094 	 -0.1604 	 -0.0090 	 0.8367 	 -1.2334 	 1.0145 	 -0.7421
2.7655 	 0.0165 	 -0.0320 	 0.2177 	 -0.1726 	 0.0008 	 0.8283 	 -1.1942 	 0.9296 	 -0.9406
2.7756 	 0.0148 	 -0.0319 	 0.2259 	 -0.1842 	 0.0095 	 0.8180 	 -1.1202 	 0.8103 	 -1.1113
2.7856 	 0.0129 	 -0.0318 	 0.2341 	 -0.1949 	 0.0170 	 0.8061 	 -1.0197 	 0.6688 	 -1.2438
2.7956 	 0.0109 	 -0.0316 	 0.2421 	 -0.2046 	 0.0229 	 0.7932 	 -0.9034 	 0.5183 	 -1.3347
2.8056 	 0.0088 	 -0.0314 	 0.2500 	 -0.2130 	 0.0274 	 0.7795 	 -0.7822 	 0.3695 	 -1.3867
2.8156 	 0.0066 	 -0.0311 	 0.2577 	 -0.2203 	 0.0303 	 0.7655 	 -0.6650 	 0.2300 	 -1.4060
2.8257 	 0.0044 	 -0.0308 	 0.2653 	 -0.2264 	 0.0320 	 0.7514 	 -0.5582 	 0.1040 	 -1.4005
2.8357 	 0.0021 	 -0.0304 	 0.2728 	 -0.2315 	 0.0325 	 0.7375 	 -0.4657 	 -0.0071 	 -1.3776
2.8457 	 -0.0003 	 -0.0301 	 0.2801 	 -0.2358 	 0.0319 	 0.7239 	 -0.3890 	 -0.1035 	 -1.3431
2.8557 	 -0.0026 	 -0.0298 	 0.2873 	 -0.2394 	 0.0305 	 0.7106 	 -0.3281 	 -0.1863 	 -1.3016
2.8657 	 -0.0051 	 -0.0295 	 0.2943 	 -0.2424 	 0.0282 	 0.6978 	 -0.2817 	 -0.2567 	 -1.2563
2.8758 	 -0.0075 	 -0.0292 	 0.3013 	 -0.2450 	 0.0253 	 0.6854 	 -0.2478 	 -0.3160 	 -1.2092
2.8858 	 -0.0100 	 -0.0290 	 0.3081 	 -0.2474 	 0.0219 	 0.6736 	 -0.2242 	 -0.3653 	 -1.1620
2.8958 	 -0.0125 	 -0.0288 	 0.3148 	 -0.2496 	 0.0181 	 0.6621 	 -0.2083 	 -0.4055 	 -1.1156
2.9058 	 -0.0150 	 -0.0286 	 0.3213 	 -0.2516 	 0.0138 	 0.6512 	 -0.1981 	 -0.4373 	 -1.0710
2.9158 	 -0.0175 	 -0.0285 	 0.3278 	 -0.2535 	 0.0093 	 0.6407 	 -0.1914 	 -0.4615 	 -1.0286
2.9259 	 -0.0201 	 -0.0285 	 0.3342 	 -0.2554 	 0.0046 	 0.6306 	 -0.1865 	 -0.4788 	 -0.9890
2.9359 	 -0.0226 	 -0.0284 	 0.3405 	 -0.2573 	 -0.0003 	 0.6208 	 -0.1821 	 -0.4896 	 -0.9522
2.9459 	 -0.0252 	 -0.0285 	 0.3466 	 -0.2591 	 -0.0052 	 0.6115 	 -0.1772 	 -0.4946 	 -0.9182
2.9559 	 -0.0278 	 -0.0285 	 0.3527 	 -0.2608 	 -0.0102 	 0.6024 	 -0.1711 	 -0.4943 	 -0.8867
2.9659 	 -0.0304 	 -0.0287 	 0.3587 	 -0.2625 	 -0.0151 	 0.5937 	 -0.1636 	 -0.4893 	 -0.8574
2.9760 	 -0.0331 	 -0.0288 	 0.3646 	 -0.2641 	 -0.0199 	 0.5852 	 -0.1543 	 -0.4802 	 -0.8298
2.9860 	 -0.0357 	 -0.0291 	 0.3704 	 -0.2656 	 -0.0247 	 0.5771 	 -0.1434 	 -0.4676 	 -0.8033
2.9960 	 -0.0384 	 -0.0293 	 0.3762 	 -0.2670 	 -0.0293 	 0.5691 	 -0.1311 	 -0.4522 	 -0.7775
3.0060 	 -0.0411 	 -0.0297 	 0.3818 	 -0.2682 	 -0.0337 	 0.5615 	 -0.1176 	 -0.4347 	 -0.7521
3.0160 	 -0.0438 	 -0.0300 	 0.3874 	 -0.2693 	 -0.0380 	 0.5541 	 -0.1032 	 -0.4157 	 -0.7269
3.0261 	 -0.0465 	 -0.0304 	 0.3930 	 -0.2703 	 -0.0421 	 0.5469 	 -0.0881 	 -0.3959 	 -0.7019
3.0361 	 -0.0492 	 -0.0309 	 0.3984 	 -0.2711 	 -0.0459 	 0.5400 	 -0.0725 	 -0.3759 	 -0.6770
3.0461 	 -0.0519 	 -0.0313 	 0.4038 	 -0.2717 	 -0.0496 	 0.5334 	 -0.0568 	 -0.3559 	 -0.6524
3.0561 	 -0.0546 	 -0.0319 	 0.4091 	 -0.2722 	 -0.0531 	 0.5269 	 -0.0412 	 -0.3363 	 -0.6280
3.0661 	 -0.0574 	 -0.0324 	 0.4143 	 -0.2726 	 -0.0564 	 0.5208 	 -0.0257 	 -0.3176 	 -0.6041
3.0762 	 -0.0601 	 -0.0330 	 0.4195 	 -0.2727 	 -0.0594 	 0.5148 	 -0.0106 	 -0.2998 	 -0.5808
3.0862 	 -0.0628 	 -0.0336 	 0.4247 	 -0.2728 	 -0.0624 	 0.5091 	 0.0043 	 -0.2835 	 -0.5585
3.0962 	 -0.0656 	 -0.0342 	 0.4297 	 -0.2727 	 -0.0651 	 0.5036 	 0.0189 	 -0.2688 	 -0.5372
3.1062 	 -0.0683 	 -0.0349 	 0.4348 	 -0.2724 	 -0.0678 	 0.4983 	 0.0335 	 -0.2559 	 -0.5171
3.1162 	 -0.0710 	 -0.0356 	 0.4397 	 -0.2720 	 -0.0703 	 0.4933 	 0.0481 	 -0.2447 	 -0.4983
3.1263 	 -0.0737 	 -0.0363 	 0.4446 	 -0.2714 	 -0.0727 	 0.4884 	 0.0625 	 -0.2352 	 -0.4808
3.1363 	 -0.0765 	 -0.0370 	 0.4495 	 -0.2707 	 -0.0750 	 0.4836 	 0.0768 	 -0.2275 	 -0.4648
3.1463 	 -0.0792 	 -0.0378 	 0.4543 	 -0.2699 	 -0.0772 	 0.4790 	 0.0910 	 -0.2217 	 -0.4502
3.1563 	 -0.0819 	 -0.0386 	 0.4591 	 -0.2689 	 -0.0794 	 0.4746 	 0.1048 	 -0.2177 	 -0.4371
3.1663 	 -0.0845 	 -0.0394 	 0.4638 	 -0.2678 	 -0.0816 	 0.4703 	 0.1183 	 -0.2156 	 -0.4253
3.1764 	 -0.0872 	 -0.0402 	 0.4685 	 -0.2665 	 -0.0838 	 0.4661 	 0.1313 	 -0.2154 	 -0.4150
3.1864 	 -0.0899 	 -0.0411 	 0.4732 	 -0.2652 	 -0.0859 	 0.4620 	 0.1437 	 -0.2169 	 -0.4060
3.1964 	 -0.0925 	 -0.0419 	 0.4778 	 -0.2637 	 -0.0881 	 0.4579 	 0.1553 	 -0.2200 	 -0.3986
3.2064 	 -0.0952 	 -0.0428 	 0.4824 	 -0.2621 	 -0.0903 	 0.4540 	 0.1662 	 -0.2246 	 -0.3928
3.2164 	 -0.0978 	 -0.0438 	 0.4869 	 -0.2603 	 -0.0926 	 0.4500 	 0.1760 	 -0.2305 	 -0.3889
3.2265 	 -0.1004 	 -0.0447 	 0.4914 	 -0.2585 	 -0.0950 	 0.4462 	 0.1848 	 -0.2372 	 -0.3872
3.2365 	 -0.1030 	 -0.0457 	 0.4958 	 -0.2566 	 -0.0974 	 0.4423 	 0.1922 	 -0.2444 	 -0.3876
3.2465 	 -0.1055 	 -0.0466 	 0.5002 	 -0.2547 	 -0.0999 	 0.4384 	 0.1982 	 -0.2515 	 -0.3905
3.2565 	 -0.1081 	 -0.0477 	 0.5046 	 -0.2527 	 -0.1024 	 0.4344 	 0.2027 	 -0.2580 	 -0.3957
3.2665 	 -0.1106 	 -0.0487 	 0.5089 	 -0.2506 	 -0.1050 	 0.4304 	 0.2054 	 -0.2630 	 -0.4030
3.2766 	 -0.1131 	 -0.0498 	 0.5132 	 -0.2486 	 -0.1077 	 0.4264 	 0.2071 	 -0.2660 	 -0.4062
3.2866 	 -0.1156 	 -0.0509 	 0.5175 	 -0.2465 	 -0.1103 	 0.4223 	 0.2064 	 -0.2669 	 -0.4166
3.2966 	 -0.1180 	 -0.0520 	 0.5217 	 -0.2444 	 -0.1130 	 0.4180 	 0.2042 	 -0.2653 	 -0.4276
3.3066 	 -0.1205 	 -0.0531 	 0.5259 	 -0.2424 	 -0.1157 	 0.4137 	 0.2005 	 -0.2610 	 -0.4386
3.3166 	 -0.1229 	 -0.0543 	 0.5300 	 -0.2404 	 -0.1182 	 0.4092 	 0.1957 	 -0.2542 	 -0.4490
3.3267 	 -0.1253 	 -0.0555 	 0.5341 	 -0.2385 	 -0.1207 	 0.4047 	 0.1900 	 -0.2453 	 -0.4583
3.3367 	 -0.1277 	 -0.0567 	 0.5381 	 -0.2366 	 -0.1232 	 0.4001 	 0.1837 	 -0.2347 	 -0.4661
3.3467 	 -0.1300 	 -0.0580 	 0.5421 	 -0.2348 	 -0.1254 	 0.3954 	 0.1771 	 -0.2228 	 -0.4722
3.3567 	 -0.1324 	 -0.0592 	 0.5460 	 -0.2331 	 -0.1276 	 0.3906 	 0.1703 	 -0.2102 	 -0.4764
3.3667 	 -0.1347 	 -0.0605 	 0.5499 	 -0.2314 	 -0.1297 	 0.3858 	 0.1637 	 -0.1973 	 -0.4788
3.3768 	 -0.1370 	 -0.0618 	 0.5538 	 -0.2298 	 -0.1316 	 0.3810 	 0.1573 	 -0.1846 	 -0.4796
3.3868 	 -0.1393 	 -0.0632 	 0.5575 	 -0.2282 	 -0.1334 	 0.3762 	 0.1512 	 -0.1722 	 -0.4789
3.3968 	 -0.1416 	 -0.0645 	 0.5613 	 -0.2268 	 -0.1350 	 0.3714 	 0.1455 	 -0.1605 	 -0.4770
3.4068 	 -0.1439 	 -0.0659 	 0.5650 	 -0.2253 	 -0.1366 	 0.3667 	 0.1403 	 -0.1496 	 -0.4740
3.4168 	 -0.1461 	 -0.0672 	 0.5686 	 -0.2239 	 -0.1380 	 0.3619 	 0.1355 	 -0.1395 	 -0.4702
3.4269 	 -0.1483 	 -0.0686 	 0.5722 	 -0.2226 	 -0.1394 	 0.3572 	 0.1311 	 -0.1305 	 -0.4658
3.4369 	 -0.1506 	 -0.0700 	 0.5758 	 -0.2213 	 -0.1406 	 0.3526 	 0.1271 	 -0.1223 	 -0.4608
3.4469 	 -0.1528 	 -0.0714 	 0.5793 	 -0.2201 	 -0.1418 	 0.3480 	 0.1236 	 -0.1151 	 -0.4555
3.4569 	 -0.1550 	 -0.0729 	 0.5828 	 -0.2188 	 -0.1429 	 0.3435 	 0.1203 	 -0.1088 	 -0.4499
3.4669 	 -0.1572 	 -0.0743 	 0.5862 	 -0.2176 	 -0.1440 	 0.3390 	 0.1174 	 -0.1034 	 -0.4442
3.4770 	 -0.1593 	 -0.0758 	 0.5896 	 -0.2165 	 -0.1450 	 0.3346 	 0.1148 	 -0.0987 	 -0.4383
3.4870 	 -0.1615 	 -0.0772 	 0.5929 	 -0.2153 	 -0.1460 	 0.3302 	 0.1124 	 -0.0948 	 -0.4324
3.4970 	 -0.1637 	 -0.0787 	 0.5962 	 -0.2142 	 -0.1469 	 0.3259 	 0.1102 	 -0.0915 	 -0.4265
3.5070 	 -0.1658 	 -0.0802 	 0.5994 	 -0.2131 	 -0.1478 	 0.3217 	 0.1083 	 -0.0888 	 -0.4206
3.5170 	 -0.1679 	 -0.0816 	 0.6026 	 -0.2121 	 -0.1487 	 0.3175 	 0.1064 	 -0.0866 	 -0.4147
3.5271 	 -0.1700 	 -0.0831 	 0.6058 	 -0.2110 	 -0.1496 	 0.3133 	 0.1048 	 -0.0849 	 -0.4088
3.5371 	 -0.1722 	 -0.0846 	 0.6089 	 -0.2100 	 -0.1504 	 0.3093 	 0.1032 	 -0.0836 	 -0.4031
3.5471 	 -0.1743 	 -0.0861 	 0.6120 	 -0.2089 	 -0.1512 	 0.3053 	 0.1017 	 -0.0826 	 -0.3974
3.5571 	 -0.1763 	 -0.0877 	 0.6150 	 -0.2079 	 -0.1521 	 0.3013 	 0.1004 	 -0.0820 	 -0.3918
3.5671 	 -0.1784 	 -0.0892 	 0.6180 	 -0.2069 	 -0.1529 	 0.2974 	 0.0991 	 -0.0817 	 -0.3862
3.5772 	 -0.1805 	 -0.0907 	 0.6210 	 -0.2059 	 -0.1537 	 0.2936 	 0.0979 	 -0.0817 	 -0.3808
3.5872 	 -0.1826 	 -0.0923 	 0.6239 	 -0.2050 	 -0.1545 	 0.2898 	 0.0968 	 -0.0819 	 -0.3755
3.5972 	 -0.1846 	 -0.0938 	 0.6268 	 -0.2040 	 -0.1553 	 0.2860 	 0.0958 	 -0.0823 	 -0.3703
3.6072 	 -0.1866 	 -0.0954 	 0.6296 	 -0.2030 	 -0.1562 	 0.2824 	 0.0949 	 -0.0829 	 -0.3652
3.6172 	 -0.1887 	 -0.0970 	 0.6325 	 -0.2021 	 -0.1570 	 0.2787 	 0.0940 	 -0.0837 	 -0.3603
3.6273 	 -0.1907 	 -0.0985 	 0.6352 	 -0.2012 	 -0.1578 	 0.2751 	 0.0931 	 -0.0847 	 -0.3554
3.6373 	 -0.1927 	 -0.1001 	 0.6380 	 -0.2002 	 -0.1587 	 0.2716 	 0.0924 	 -0.0858 	 -0.3507
3.6473 	 -0.1947 	 -0.1017 	 0.6407 	 -0.1993 	 -0.1596 	 0.2681 	 0.0916 	 -0.0871 	 -0.3460
3.6573 	 -0.1967 	 -0.1033 	 0.6433 	 -0.1984 	 -0.1604 	 0.2647 	 0.0910 	 -0.0885 	 -0.3415
3.6673 	 -0.1987 	 -0.1049 	 0.6460 	 -0.1975 	 -0.1613 	 0.2613 	 0.0903 	 -0.0901 	 -0.3371
3.6774 	 -0.2007 	 -0.1066 	 0.6486 	 -0.1966 	 -0.1623 	 0.2579 	 0.0898 	 -0.0918 	 -0.3327
3.6874 	 -0.2026 	 -0.1082 	 0.6511 	 -0.1957 	 -0.1632 	 0.2546 	 0.0892 	 -0.0936 	 -0.3285
3.6974 	 -0.2046 	 -0.1098 	 0.6537 	 -0.1948 	 -0.1641 	 0.2513 	 0.0887 	 -0.0955 	 -0.3244
3.7074 	 -0.2065 	 -0.1115 	 0.6562 	 -0.1939 	 -0.1651 	 0.2481 	 0.0883 	 -0.0976 	 -0.3203
3.7174 	 -0.2085 	 -0.1131 	 0.6587 	 -0.1930 	 -0.1661 	 0.2449 	 0.0878 	 -0.0998 	 -0.3164
3.7275 	 -0.2104 	 -0.1148 	 0.6611 	 -0.1921 	 -0.1671 	 0.2418 	 0.0874 	 -0.1021 	 -0.3125
3.7375 	 -0.2123 	 -0.1165 	 0.6635 	 -0.1913 	 -0.1681 	 0.2386 	 0.0871 	 -0.1046 	 -0.3087
3.7475 	 -0.2142 	 -0.1182 	 0.6659 	 -0.1904 	 -0.1692 	 0.2356 	 0.0868 	 -0.1071 	 -0.3050
3.7575 	 -0.2161 	 -0.1199 	 0.6682 	 -0.1895 	 -0.1703 	 0.2325 	 0.0865 	 -0.1098 	 -0.3013
3.7675 	 -0.2180 	 -0.1216 	 0.6705 	 -0.1887 	 -0.1714 	 0.2295 	 0.0862 	 -0.1126 	 -0.2977
3.7776 	 -0.2199 	 -0.1233 	 0.6728 	 -0.1878 	 -0.1725 	 0.2266 	 0.0859 	 -0.1156 	 -0.2942
3.7876 	 -0.2218 	 -0.1250 	 0.6751 	 -0.1869 	 -0.1737 	 0.2236 	 0.0857 	 -0.1186 	 -0.2908
3.7976 	 -0.2237 	 -0.1268 	 0.6773 	 -0.1861 	 -0.1749 	 0.2207 	 0.0855 	 -0.1219 	 -0.2874
3.8076 	 -0.2255 	 -0.1285 	 0.6795 	 -0.1852 	 -0.1762 	 0.2179 	 0.0853 	 -0.1252 	 -0.2840
3.8176 	 -0.2274 	 -0.1303 	 0.6817 	 -0.1844 	 -0.1774 	 0.2150 	 0.0851 	 -0.1287 	 -0.2807
3.8277 	 -0.2292 	 -0.1321 	 0.6838 	 -0.1835 	 -0.1787 	 0.2123 	 0.0850 	 -0.1324 	 -0.2774
3.8377 	 -0.2310 	 -0.1339 	 0.6859 	 -0.1827 	 -0.1801 	 0.2095 	 0.0849 	 -0.1362 	 -0.2741
3.8477 	 -0.2329 	 -0.1357 	 0.6880 	 -0.1818 	 -0.1815 	 0.2068 	 0.0847 	 -0.1402 	 -0.2709
3.8577 	 -0.2347 	 -0.1375 	 0.6901 	 -0.1810 	 -0.1829 	 0.2041 	 0.0846 	 -0.1444 	 -0.2677
3.8677 	 -0.2365 	 -0.1394 	 0.6921 	 -0.1801 	 -0.1844 	 0.2014 	 0.0846 	 -0.1487 	 -0.2645
3.8778 	 -0.2383 	 -0.1412 	 0.6941 	 -0.1793 	 -0.1859 	 0.1988 	 0.0845 	 -0.1533 	 -0.2613
3.8878 	 -0.2401 	 -0.1431 	 0.6961 	 -0.1784 	 -0.1874 	 0.1962 	 0.0844 	 -0.1581 	 -0.2581
3.8978 	 -0.2419 	 -0.1450 	 0.6980 	 -0.1776 	 -0.1890 	 0.1936 	 0.0844 	 -0.1631 	 -0.2549
3.9078 	 -0.2436 	 -0.1469 	 0.7000 	 -0.1767 	 -0.1907 	 0.1911 	 0.0844 	 -0.1683 	 -0.2516
3.9178 	 -0.2454 	 -0.1488 	 0.7019 	 -0.1759 	 -0.1924 	 0.1885 	 0.0843 	 -0.1738 	 -0.2483
3.9279 	 -0.2472 	 -0.1507 	 0.7037 	 -0.1750 	 -0.1942 	 0.1861 	 0.0843 	 -0.1796 	 -0.2450
3.9379 	 -0.2489 	 -0.1527 	 0.7056 	 -0.1742 	 -0.1960 	 0.1836 	 0.0843 	 -0.1857 	 -0.2416
3.9479 	 -0.2507 	 -0.1547 	 0.7074 	 -0.1734 	 -0.1979 	 0.1812 	 0.0844 	 -0.1921 	 -0.2381
3.9579 	 -0.2524 	 -0.1567 	 0.7092 	 -0.1725 	 -0.1999 	 0.1789 	 0.0844 	 -0.1988 	 -0.2345
3.9679 	 -0.2541 	 -0.1587 	 0.7110 	 -0.1717 	 -0.2019 	 0.1765 	 0.0845 	 -0.2059 	 -0.2308
3.9780 	 -0.2558 	 -0.1607 	 0.7128 	 -0.1708 	 -0.2040 	 0.1742 	 0.0845 	 -0.2135 	 -0.2270
3.9880 	 -0.2575 	 -0.1628 	 0.7145 	 -0.1700 	 -0.2062 	 0.1720 	 0.0846 	 -0.2215 	 -0.2229
3.9980 	 -0.2592 	 -0.1648 	 0.7162 	 -0.1691 	 -0.2084 	 0.1698 	 0.0848 	 -0.2300 	 -0.2187
4.0080 	 -0.2609 	 -0.1669 	 0.7179 	 -0.1683 	 -0.2108 	 0.1676 	 0.0849 	 -0.2391 	 -0.2143
4.0180 	 -0.2626 	 -0.1691 	 0.7196 	 -0.1674 	 -0.2132 	 0.1655 	 0.0851 	 -0.2488 	 -0.2095
4.0281 	 -0.2643 	 -0.1712 	 0.7212 	 -0.1666 	 -0.2158 	 0.1634 	 0.0854 	 -0.2593 	 -0.2045
4.0381 	 -0.2660 	 -0.1734 	 0.7228 	 -0.1657 	 -0.2184 	 0.1614 	 0.0858 	 -0.2705 	 -0.1991
4.0481 	 -0.2676 	 -0.1756 	 0.7245 	 -0.1648 	 -0.2212 	 0.1594 	 0.0862 	 -0.2827 	 -0.1933
4.0581 	 -0.2693 	 -0.1778 	 0.7260 	 -0.1640 	 -0.2241 	 0.1575 	 0.0868 	 -0.2959 	 -0.1869
4.0681 	 -0.2709 	 -0.1801 	 0.7276 	 -0.1631 	 -0.2271 	 0.1557 	 0.0875 	 -0.3103 	 -0.1800
4.0782 	 -0.2725 	 -0.1824 	 0.7292 	 -0.1622 	 -0.2303 	 0.1539 	 0.0884 	 -0.3262 	 -0.1723
4.0882 	 -0.2741 	 -0.1847 	 0.7307 	 -0.1613 	 -0.2337 	 0.1522 	 0.0895 	 -0.3437 	 -0.1637
4.0982 	 -0.2758 	 -0.1871 	 0.7322 	 -0.1604 	 -0.2372 	 0.1506 	 0.0910 	 -0.3633 	 -0.1541
4.1082 	 -0.2774 	 -0.1895 	 0.7337 	 -0.1595 	 -0.2410 	 0.1491 	 0.0929 	 -0.3852 	 -0.1433
4.1182 	 -0.2790 	 -0.1919 	 0.7352 	 -0.1586 	 -0.2449 	 0.1478 	 0.0954 	 -0.4100 	 -0.1309
4.1283 	 -0.2805 	 -0.1944 	 0.7367 	 -0.1576 	 -0.2492 	 0.1465 	 0.0986 	 -0.4384 	 -0.1165
4.1383 	 -0.2821 	 -0.1969 	 0.7381 	 -0.1566 	 -0.2537 	 0.1454 	 0.1029 	 -0.4713 	 -0.0998
4.1483 	 -0.2837 	 -0.1995 	 0.7396 	 -0.1555 	 -0.2587 	 0.1445 	 0.1087 	 -0.5097 	 -0.0800
4.1583 	 -0.2852 	 -0.2021 	 0.7410 	 -0.1544 	 -0.2640 	 0.1438 	 0.1164 	 -0.5553 	 -0.0563
4.1683 	 -0.2868 	 -0.2048 	 0.7425 	 -0.1532 	 -0.2698 	 0.1434 	 0.1268 	 -0.6101 	 -0.0273
4.1784 	 -0.2883 	 -0.2075 	 0.7439 	 -0.1519 	 -0.2762 	 0.1433 	 0.1414 	 -0.6773 	 0.0088
4.1884 	 -0.2898 	 -0.2103 	 0.7454 	 -0.1503 	 -0.2834 	 0.1436 	 0.1619 	 -0.7612 	 0.0548
4.1984 	 -0.2913 	 -0.2132 	 0.7468 	 -0.1486 	 -0.2916 	 0.1445 	 0.1918 	 -0.8685 	 0.1150
4.2084 	 -0.2928 	 -0.2161 	 0.7483 	 -0.1464 	 -0.3010 	 0.1460 	 0.2367 	 -1.0098 	 0.1966
4.2184 	 -0.2942 	 -0.2192 	 0.7497 	 -0.1437 	 -0.3120 	 0.1485 	 0.3071 	 -1.2022 	 0.3118
4.2285 	 -0.2957 	 -0.2224 	 0.7512 	 -0.1401 	 -0.3253 	 0.1524 	 0.4243 	 -1.4762 	 0.4834
4.2385 	 -0.2970 	 -0.2258 	 0.7528 	 -0.1349 	 -0.3420 	 0.1585 	 0.6356 	 -1.8888 	 0.7583
4.2485 	 -0.2983 	 -0.2293 	 0.7544 	 -0.1267 	 -0.3640 	 0.1683 	 1.0626 	 -2.5591 	 1.2446
4.2585 	 -0.2995 	 -0.2331 	 0.7562 	 -0.1117 	 -0.3950 	 0.1851 	 2.0923 	 -3.7655 	 2.2449
4.2685 	 -0.3005 	 -0.2373 	 0.7583 	 -0.0777 	 -0.4433 	 0.2183 	 5.4614 	 -6.2145 	 4.8891
4.2786 	 -0.3005 	 -0.2422 	 0.7610 	 0.0440 	 -0.5213 	 0.3061 	 26.8456 	 -9.0460 	 16.3340
4.2886 	 -0.2974 	 -0.2462 	 0.7647 	 0.6629 	 -0.3129 	 0.5117 	 16.6240 	 123.4787 	 -44.3370
4.2986 	 -0.2914 	 -0.2486 	 0.7693 	 0.5825 	 0.0159 	 0.3313 	 -6.6201 	 4.7930 	 -5.5289
4.3086 	 -0.2857 	 -0.2484 	 0.7725 	 0.5381 	 0.0378 	 0.2976 	 -2.8818 	 0.8155 	 -2.0403
4.3186 	 -0.2804 	 -0.2480 	 0.7754 	 0.5167 	 0.0418 	 0.2826 	 -1.5779 	 0.1226 	 -1.1024
4.3287 	 -0.2753 	 -0.2476 	 0.7782 	 0.5041 	 0.0419 	 0.2737 	 -1.0098 	 -0.0686 	 -0.7300
4.3387 	 -0.2703 	 -0.2472 	 0.7809 	 0.4956 	 0.0408 	 0.2674 	 -0.7165 	 -0.1307 	 -0.5454
4.3487 	 -0.2654 	 -0.2468 	 0.7835 	 0.4894 	 0.0394 	 0.2625 	 -0.5464 	 -0.1488 	 -0.4401
4.3587 	 -0.2605 	 -0.2464 	 0.7861 	 0.4845 	 0.0379 	 0.2584 	 -0.4392 	 -0.1493 	 -0.3740
4.3687 	 -0.2557 	 -0.2460 	 0.7887 	 0.4804 	 0.0364 	 0.2549 	 -0.3672 	 -0.1420 	 -0.3294
4.3788 	 -0.2509 	 -0.2457 	 0.7913 	 0.4770 	 0.0350 	 0.2518 	 -0.3163 	 -0.1314 	 -0.2977
4.3888 	 -0.2461 	 -0.2453 	 0.7938 	 0.4741 	 0.0338 	 0.2489 	 -0.2787 	 -0.1194 	 -0.2742
4.3988 	 -0.2414 	 -0.2450 	 0.7962 	 0.4714 	 0.0326 	 0.2463 	 -0.2500 	 -0.1071 	 -0.2562
4.4088 	 -0.2367 	 -0.2447 	 0.7987 	 0.4690 	 0.0316 	 0.2438 	 -0.2274 	 -0.0950 	 -0.2418
4.4188 	 -0.2320 	 -0.2443 	 0.8011 	 0.4668 	 0.0307 	 0.2414 	 -0.2092 	 -0.0834 	 -0.2302
4.4289 	 -0.2273 	 -0.2440 	 0.8035 	 0.4648 	 0.0300 	 0.2391 	 -0.1941 	 -0.0724 	 -0.2205
4.4389 	 -0.2226 	 -0.2437 	 0.8059 	 0.4629 	 0.0293 	 0.2370 	 -0.1815 	 -0.0621 	 -0.2124
4.4489 	 -0.2180 	 -0.2434 	 0.8083 	 0.4612 	 0.0287 	 0.2349 	 -0.1707 	 -0.0524 	 -0.2053
4.4589 	 -0.2134 	 -0.2432 	 0.8106 	 0.4595 	 0.0282 	 0.2329 	 -0.1614 	 -0.0434 	 -0.1991
4.4689 	 -0.2088 	 -0.2429 	 0.8130 	 0.4579 	 0.0278 	 0.2309 	 -0.1533 	 -0.0350 	 -0.1936
4.4790 	 -0.2042 	 -0.2426 	 0.8153 	 0.4564 	 0.0275 	 0.2290 	 -0.1462 	 -0.0273 	 -0.1887
4.4890 	 -0.1997 	 -0.2423 	 0.8175 	 0.4550 	 0.0273 	 0.2271 	 -0.1398 	 -0.0201 	 -0.1842
4.4990 	 -0.1951 	 -0.2421 	 0.8198 	 0.4536 	 0.0271 	 0.2253 	 -0.1341 	 -0.0134 	 -0.1800
4.5090 	 -0.1906 	 -0.2418 	 0.8221 	 0.4523 	 0.0270 	 0.2235 	 -0.1290 	 -0.0071 	 -0.1762
4.5190 	 -0.1860 	 -0.2415 	 0.8243 	 0.4510 	 0.0270 	 0.2218 	 -0.1244 	 -0.0014 	 -0.1726
4.5291 	 -0.1815 	 -0.2412 	 0.8265 	 0.4498 	 0.0270 	 0.2200 	 -0.1202 	 0.0040 	 -0.1692
4.5391 	 -0.1770 	 -0.2410 	 0.8287 	 0.4486 	 0.0271 	 0.2184 	 -0.1164 	 0.0090 	 -0.1660
4.5491 	 -0.1725 	 -0.2407 	 0.8309 	 0.4475 	 0.0272 	 0.2167 	 -0.1129 	 0.0136 	 -0.1630
4.5591 	 -0.1681 	 -0.2404 	 0.8330 	 0.4464 	 0.0273 	 0.2151 	 -0.1097 	 0.0179 	 -0.1601
4.5691 	 -0.1636 	 -0.2402 	 0.8352 	 0.4453 	 0.0275 	 0.2135 	 -0.1067 	 0.0219 	 -0.1574
4.5792 	 -0.1591 	 -0.2399 	 0.8373 	 0.4442 	 0.0278 	 0.2119 	 -0.1040 	 0.0257 	 -0.1547
4.5892 	 -0.1547 	 -0.2396 	 0.8394 	 0.4432 	 0.0280 	 0.2104 	 -0.1015 	 0.0291 	 -0.1522
4.5992 	 -0.1503 	 -0.2393 	 0.8415 	 0.4422 	 0.0284 	 0.2089 	 -0.0992 	 0.0323 	 -0.1497
4.6092 	 -0.1458 	 -0.2390 	 0.8436 	 0.4412 	 0.0287 	 0.2074 	 -0.0970 	 0.0353 	 -0.1473
4.6192 	 -0.1414 	 -0.2387 	 0.8457 	 0.4403 	 0.0291 	 0.2059 	 -0.0950 	 0.0381 	 -0.1450
4.6293 	 -0.1370 	 -0.2384 	 0.8477 	 0.4393 	 0.0295 	 0.2045 	 -0.0931 	 0.0407 	 -0.1428
4.6393 	 -0.1326 	 -0.2381 	 0.8498 	 0.4384 	 0.0299 	 0.2031 	 -0.0914 	 0.0432 	 -0.1406
4.6493 	 -0.1282 	 -0.2378 	 0.8518 	 0.4375 	 0.0303 	 0.2017 	 -0.0897 	 0.0454 	 -0.1385
4.6593 	 -0.1238 	 -0.2375 	 0.8538 	 0.4366 	 0.0308 	 0.2003 	 -0.0882 	 0.0475 	 -0.1364
4.6693 	 -0.1195 	 -0.2372 	 0.8558 	 0.4357 	 0.0313 	 0.1989 	 -0.0868 	 0.0494 	 -0.1344
4.6794 	 -0.1151 	 -0.2369 	 0.8578 	 0.4348 	 0.0318 	 0.1976 	 -0.0855 	 0.0512 	 -0.1325
4.6894 	 -0.1108 	 -0.2366 	 0.8598 	 0.4340 	 0.0323 	 0.1963 	 -0.0842 	 0.0529 	 -0.1306
4.6994 	 -0.1064 	 -0.2363 	 0.8618 	 0.4332 	 0.0328 	 0.1950 	 -0.0831 	 0.0544 	 -0.1287
4.7094 	 -0.1021 	 -0.2359 	 0.8637 	 0.4323 	 0.0334 	 0.1937 	 -0.0820 	 0.0559 	 -0.1269
4.7194 	 -0.0977 	 -0.2356 	 0.8656 	 0.4315 	 0.0340 	 0.1925 	 -0.0809 	 0.0572 	 -0.1252
4.7295 	 -0.0934 	 -0.2353 	 0.8676 	 0.4307 	 0.0345 	 0.1912 	 -0.0800 	 0.0584 	 -0.1235
4.7395 	 -0.0891 	 -0.2349 	 0.8695 	 0.4299 	 0.0351 	 0.1900 	 -0.0791 	 0.0595 	 -0.1218
4.7495 	 -0.0848 	 -0.2345 	 0.8714 	 0.4291 	 0.0357 	 0.1888 	 -0.0782 	 0.0606 	 -0.1202
4.7595 	 -0.0805 	 -0.2342 	 0.8732 	 0.4283 	 0.0363 	 0.1876 	 -0.0774 	 0.0615 	 -0.1186
4.7695 	 -0.0762 	 -0.2338 	 0.8751 	 0.4276 	 0.0370 	 0.1864 	 -0.0767 	 0.0624 	 -0.1170
4.7796 	 -0.0719 	 -0.2334 	 0.8770 	 0.4268 	 0.0376 	 0.1852 	 -0.0759 	 0.0631 	 -0.1155
4.7896 	 -0.0677 	 -0.2331 	 0.8788 	 0.4261 	 0.0382 	 0.1841 	 -0.0753 	 0.0638 	 -0.1141
4.7996 	 -0.0634 	 -0.2327 	 0.8807 	 0.4253 	 0.0389 	 0.1829 	 -0.0747 	 0.0645 	 -0.1126
4.8096 	 -0.0592 	 -0.2323 	 0.8825 	 0.4246 	 0.0395 	 0.1818 	 -0.0741 	 0.0651 	 -0.1112
4.8196 	 -0.0549 	 -0.2319 	 0.8843 	 0.4238 	 0.0402 	 0.1807 	 -0.0735 	 0.0656 	 -0.1099
4.8297 	 -0.0507 	 -0.2315 	 0.8861 	 0.4231 	 0.0408 	 0.1796 	 -0.0730 	 0.0660 	 -0.1085
4.8397 	 -0.0464 	 -0.2311 	 0.8879 	 0.4224 	 0.0415 	 0.1785 	 -0.0725 	 0.0664 	 -0.1072
4.8497 	 -0.0422 	 -0.2307 	 0.8897 	 0.4216 	 0.0422 	 0.1775 	 -0.0721 	 0.0668 	 -0.1060
4.8597 	 -0.0380 	 -0.2302 	 0.8915 	 0.4209 	 0.0428 	 0.1764 	 -0.0716 	 0.0671 	 -0.1048
4.8697 	 -0.0338 	 -0.2298 	 0.8932 	 0.4202 	 0.0435 	 0.1754 	 -0.0712 	 0.0673 	 -0.1036
4.8798 	 -0.0296 	 -0.2294 	 0.8950 	 0.4195 	 0.0442 	 0.1743 	 -0.0709 	 0.0675 	 -0.1024
4.8898 	 -0.0254 	 -0.2289 	 0.8967 	 0.4188 	 0.0449 	 0.1733 	 -0.0705 	 0.0677 	 -0.1013
4.8998 	 -0.0212 	 -0.2285 	 0.8985 	 0.4181 	 0.0455 	 0.1723 	 -0.0702 	 0.0678 	 -0.1002
4.9098 	 -0.0170 	 -0.2280 	 0.9002 	 0.4174 	 0.0462 	 0.1713 	 -0.0699 	 0.0679 	 -0.0992
4.9198 	 -0.0128 	 -0.2275 	 0.9019 	 0.4167 	 0.0469 	 0.1703 	 -0.0697 	 0.0680 	 -0.0981
4.9299 	 -0.0086 	 -0.2271 	 0.9036 	 0.4160 	 0.0476 	 0.1693 	 -0.0694 	 0.0680 	 -0.0971
4.9399 	 -0.0045 	 -0.2266 	 0.9053 	 0.4153 	 0.0483 	 0.1684 	 -0.0692 	 0.0680 	 -0.0962
4.9499 	 -0.0003 	 -0.2261 	 0.9070 	 0.4146 	 0.0489 	 0.1674 	 -0.0690 	 0.0679 	 -0.0953
4.9599 	 0.0038 	 -0.2256 	 0.9086 	 0.4139 	 0.0496 	 0.1665 	 -0.0689 	 0.0679 	 -0.0944
4.9699 	 0.0080 	 -0.2251 	 0.9103 	 0.4132 	 0.0503 	 0.1655 	 -0.0688 	 0.0677 	 -0.0935
4.9800 	 0.0121 	 -0.2246 	 0.9120 	 0.4125 	 0.0510 	 0.1646 	 -0.0686 	 0.0676 	 -0.0926
4.9900 	 0.0163 	 -0.2241 	 0.9136 	 0.4118 	 0.0517 	 0.1637 	 -0.0686 	 0.0674 	 -0.0918
