100-Body Run with i = 34 th particle. (Units in pc,M_solar,Myr, km s-1) 

time		 x 		 y 		 z 		 xdot 		 ydot 		 zdot 		 xddot 		 yddot 		 zddot
0.0000 	 0.0227 	 0.0165 	 0.2138 	 0.0022 	 -0.0019 	 -0.0047 	 -1.0696 	 -1.3277 	 -0.9165
0.0100 	 0.0227 	 0.0164 	 0.2137 	 -0.0086 	 -0.0152 	 -0.0139 	 -1.0816 	 -1.3354 	 -0.9300
0.0200 	 0.0225 	 0.0162 	 0.2135 	 -0.0195 	 -0.0287 	 -0.0234 	 -1.1061 	 -1.3546 	 -0.9710
0.0301 	 0.0223 	 0.0158 	 0.2132 	 -0.0308 	 -0.0424 	 -0.0335 	 -1.1530 	 -1.3856 	 -1.0492
0.0401 	 0.0219 	 0.0154 	 0.2128 	 -0.0426 	 -0.0565 	 -0.0444 	 -1.1863 	 -1.4345 	 -1.1169
0.0501 	 0.0214 	 0.0147 	 0.2123 	 -0.0546 	 -0.0714 	 -0.0561 	 -1.1722 	 -1.5508 	 -1.2527
0.0601 	 0.0208 	 0.0139 	 0.2117 	 -0.0655 	 -0.0881 	 -0.0698 	 -0.9842 	 -1.8109 	 -1.4671
0.0701 	 0.0201 	 0.0129 	 0.2109 	 -0.0736 	 -0.1082 	 -0.0846 	 -0.6436 	 -2.1750 	 -1.3891
0.0802 	 0.0194 	 0.0117 	 0.2100 	 -0.0803 	 -0.1301 	 -0.0964 	 -0.7907 	 -2.1196 	 -1.0142
0.0902 	 0.0185 	 0.0103 	 0.2090 	 -0.0903 	 -0.1503 	 -0.1067 	 -1.2030 	 -1.9330 	 -1.1069
0.1002 	 0.0175 	 0.0087 	 0.2078 	 -0.1039 	 -0.1693 	 -0.1192 	 -1.4812 	 -1.8910 	 -1.4160
0.1102 	 0.0164 	 0.0069 	 0.2066 	 -0.1197 	 -0.1884 	 -0.1353 	 -1.6686 	 -1.9158 	 -1.7979
0.1202 	 0.0151 	 0.0049 	 0.2051 	 -0.1374 	 -0.2080 	 -0.1564 	 -1.8817 	 -2.0195 	 -2.4988
0.1303 	 0.0136 	 0.0028 	 0.2034 	 -0.1578 	 -0.2291 	 -0.1880 	 -2.2382 	 -2.2342 	 -4.0279
0.1403 	 0.0119 	 0.0003 	 0.2011 	 -0.1844 	 -0.2536 	 -0.2467 	 -3.2901 	 -2.6714 	 -8.8157
0.1503 	 0.0098 	 -0.0022 	 0.1974 	 -0.2268 	 -0.2623 	 -0.4484 	 -4.8895 	 8.3623 	 -55.4332
0.1603 	 0.1527 	 0.2218 	 0.1142 	 28.7241 	 44.9898 	 -16.2398 	 -0.0792 	 -0.6981 	 0.0420
0.1703 	 0.4405 	 0.6726 	 -0.0485 	 28.7227 	 44.9851 	 -16.2394 	 -0.1321 	 -0.2854 	 0.0371
0.1804 	 0.7283 	 1.1234 	 -0.2112 	 28.7217 	 44.9831 	 -16.2391 	 -0.0763 	 -0.1409 	 0.0267
0.1904 	 1.0161 	 1.5741 	 -0.3739 	 28.7211 	 44.9821 	 -16.2389 	 -0.0466 	 -0.0806 	 0.0166
0.2004 	 1.3038 	 2.0248 	 -0.5367 	 28.7207 	 44.9814 	 -16.2388 	 -0.0306 	 -0.0513 	 0.0119
0.2104 	 1.5916 	 2.4755 	 -0.6994 	 28.7205 	 44.9810 	 -16.2386 	 -0.0214 	 -0.0353 	 0.0089
0.2204 	 1.8794 	 2.9262 	 -0.8621 	 28.7203 	 44.9807 	 -16.2386 	 -0.0157 	 -0.0256 	 0.0069
0.2305 	 2.1672 	 3.3769 	 -1.0248 	 28.7202 	 44.9805 	 -16.2385 	 -0.0120 	 -0.0194 	 0.0055
0.2405 	 2.4550 	 3.8276 	 -1.1875 	 28.7201 	 44.9803 	 -16.2385 	 -0.0094 	 -0.0152 	 0.0044
0.2505 	 2.7427 	 4.2784 	 -1.3502 	 28.7200 	 44.9802 	 -16.2384 	 -0.0076 	 -0.0122 	 0.0036
0.2605 	 3.0305 	 4.7291 	 -1.5129 	 28.7199 	 44.9800 	 -16.2384 	 -0.0062 	 -0.0100 	 0.0030
0.2705 	 3.3183 	 5.1798 	 -1.6756 	 28.7198 	 44.9800 	 -16.2384 	 -0.0052 	 -0.0083 	 0.0026
0.2806 	 3.6061 	 5.6305 	 -1.8383 	 28.7198 	 44.9799 	 -16.2383 	 -0.0044 	 -0.0071 	 0.0022
0.2906 	 3.8938 	 6.0812 	 -2.0011 	 28.7198 	 44.9798 	 -16.2383 	 -0.0038 	 -0.0061 	 0.0019
0.3006 	 4.1816 	 6.5319 	 -2.1638 	 28.7197 	 44.9798 	 -16.2383 	 -0.0033 	 -0.0052 	 0.0017
0.3106 	 4.4694 	 6.9826 	 -2.3265 	 28.7197 	 44.9797 	 -16.2383 	 -0.0029 	 -0.0046 	 0.0015
0.3206 	 4.7571 	 7.4333 	 -2.4892 	 28.7197 	 44.9797 	 -16.2383 	 -0.0026 	 -0.0041 	 0.0013
0.3307 	 5.0449 	 7.8840 	 -2.6519 	 28.7196 	 44.9796 	 -16.2383 	 -0.0023 	 -0.0036 	 0.0012
0.3407 	 5.3327 	 8.3346 	 -2.8146 	 28.7196 	 44.9796 	 -16.2382 	 -0.0020 	 -0.0032 	 0.0011
0.3507 	 5.6205 	 8.7853 	 -2.9773 	 28.7196 	 44.9796 	 -16.2382 	 -0.0018 	 -0.0029 	 0.0010
0.3607 	 5.9082 	 9.2360 	 -3.1400 	 28.7196 	 44.9795 	 -16.2382 	 -0.0017 	 -0.0026 	 0.0009
0.3707 	 6.1960 	 9.6867 	 -3.3027 	 28.7196 	 44.9795 	 -16.2382 	 -0.0015 	 -0.0024 	 0.0008
0.3808 	 6.4838 	 10.1374 	 -3.4654 	 28.7195 	 44.9795 	 -16.2382 	 -0.0014 	 -0.0022 	 0.0007
0.3908 	 6.7715 	 10.5881 	 -3.6281 	 28.7195 	 44.9795 	 -16.2382 	 -0.0013 	 -0.0020 	 0.0007
0.4008 	 7.0593 	 11.0388 	 -3.7908 	 28.7195 	 44.9794 	 -16.2382 	 -0.0012 	 -0.0018 	 0.0006
0.4108 	 7.3471 	 11.4895 	 -3.9535 	 28.7195 	 44.9794 	 -16.2382 	 -0.0011 	 -0.0017 	 0.0006
0.4208 	 7.6349 	 11.9402 	 -4.1163 	 28.7195 	 44.9794 	 -16.2382 	 -0.0010 	 -0.0016 	 0.0005
0.4309 	 7.9226 	 12.3909 	 -4.2790 	 28.7195 	 44.9794 	 -16.2382 	 -0.0009 	 -0.0015 	 0.0005
0.4409 	 8.2104 	 12.8416 	 -4.4417 	 28.7195 	 44.9794 	 -16.2382 	 -0.0009 	 -0.0014 	 0.0005
0.4509 	 8.4982 	 13.2923 	 -4.6044 	 28.7195 	 44.9794 	 -16.2382 	 -0.0008 	 -0.0013 	 0.0004
0.4609 	 8.7859 	 13.7430 	 -4.7671 	 28.7195 	 44.9794 	 -16.2382 	 -0.0008 	 -0.0012 	 0.0004
0.4709 	 9.0737 	 14.1937 	 -4.9298 	 28.7195 	 44.9793 	 -16.2382 	 -0.0007 	 -0.0011 	 0.0004
0.4810 	 9.3615 	 14.6444 	 -5.0925 	 28.7194 	 44.9793 	 -16.2382 	 -0.0007 	 -0.0010 	 0.0004
0.4910 	 9.6492 	 15.0951 	 -5.2552 	 28.7194 	 44.9793 	 -16.2382 	 -0.0006 	 -0.0010 	 0.0003
0.5010 	 9.9370 	 15.5458 	 -5.4179 	 28.7194 	 44.9793 	 -16.2381 	 -0.0006 	 -0.0009 	 0.0003
0.5110 	 10.2248 	 15.9965 	 -5.5806 	 28.7194 	 44.9793 	 -16.2381 	 -0.0006 	 -0.0009 	 0.0003
0.5210 	 10.5126 	 16.4472 	 -5.7433 	 28.7194 	 44.9793 	 -16.2381 	 -0.0005 	 -0.0008 	 0.0003
0.5311 	 10.8003 	 16.8979 	 -5.9060 	 28.7194 	 44.9793 	 -16.2381 	 -0.0005 	 -0.0008 	 0.0003
0.5411 	 11.0881 	 17.3486 	 -6.0687 	 28.7194 	 44.9793 	 -16.2381 	 -0.0005 	 -0.0007 	 0.0003
0.5511 	 11.3759 	 17.7992 	 -6.2314 	 28.7194 	 44.9793 	 -16.2381 	 -0.0004 	 -0.0007 	 0.0003
0.5611 	 11.6636 	 18.2499 	 -6.3941 	 28.7194 	 44.9793 	 -16.2381 	 -0.0004 	 -0.0006 	 0.0002
0.5711 	 11.9514 	 18.7006 	 -6.5569 	 28.7194 	 44.9793 	 -16.2381 	 -0.0004 	 -0.0006 	 0.0002
0.5812 	 12.2392 	 19.1513 	 -6.7196 	 28.7194 	 44.9793 	 -16.2381 	 -0.0004 	 -0.0006 	 0.0002
0.5912 	 12.5269 	 19.6020 	 -6.8823 	 28.7194 	 44.9792 	 -16.2381 	 -0.0004 	 -0.0006 	 0.0002
0.6012 	 12.8147 	 20.0527 	 -7.0450 	 28.7194 	 44.9792 	 -16.2381 	 -0.0003 	 -0.0005 	 0.0002
0.6112 	 13.1025 	 20.5034 	 -7.2077 	 28.7194 	 44.9792 	 -16.2381 	 -0.0003 	 -0.0005 	 0.0002
0.6212 	 13.3903 	 20.9541 	 -7.3704 	 28.7194 	 44.9792 	 -16.2381 	 -0.0003 	 -0.0005 	 0.0002
0.6313 	 13.6780 	 21.4048 	 -7.5331 	 28.7194 	 44.9792 	 -16.2381 	 -0.0003 	 -0.0005 	 0.0002
0.6413 	 13.9658 	 21.8555 	 -7.6958 	 28.7194 	 44.9792 	 -16.2381 	 -0.0003 	 -0.0005 	 0.0002
0.6513 	 14.2536 	 22.3062 	 -7.8585 	 28.7194 	 44.9792 	 -16.2381 	 -0.0003 	 -0.0004 	 0.0002
0.6613 	 14.5413 	 22.7569 	 -8.0212 	 28.7194 	 44.9792 	 -16.2381 	 -0.0003 	 -0.0004 	 0.0001
0.6713 	 14.8291 	 23.2076 	 -8.1839 	 28.7194 	 44.9792 	 -16.2381 	 -0.0003 	 -0.0004 	 0.0001
0.6814 	 15.1169 	 23.6583 	 -8.3466 	 28.7194 	 44.9792 	 -16.2381 	 -0.0002 	 -0.0004 	 0.0001
0.6914 	 15.4046 	 24.1090 	 -8.5093 	 28.7194 	 44.9792 	 -16.2381 	 -0.0002 	 -0.0004 	 0.0001
0.7014 	 15.6924 	 24.5597 	 -8.6720 	 28.7194 	 44.9792 	 -16.2381 	 -0.0002 	 -0.0004 	 0.0001
0.7114 	 15.9802 	 25.0103 	 -8.8347 	 28.7194 	 44.9792 	 -16.2381 	 -0.0002 	 -0.0003 	 0.0001
0.7214 	 16.2679 	 25.4610 	 -8.9975 	 28.7194 	 44.9792 	 -16.2381 	 -0.0002 	 -0.0003 	 0.0001
0.7315 	 16.5557 	 25.9117 	 -9.1602 	 28.7194 	 44.9792 	 -16.2381 	 -0.0002 	 -0.0003 	 0.0001
0.7415 	 16.8435 	 26.3624 	 -9.3229 	 28.7194 	 44.9792 	 -16.2381 	 -0.0002 	 -0.0003 	 0.0001
0.7515 	 17.1313 	 26.8131 	 -9.4856 	 28.7194 	 44.9792 	 -16.2381 	 -0.0002 	 -0.0003 	 0.0001
0.7615 	 17.4190 	 27.2638 	 -9.6483 	 28.7194 	 44.9792 	 -16.2381 	 -0.0002 	 -0.0003 	 0.0001
0.7715 	 17.7068 	 27.7145 	 -9.8110 	 28.7193 	 44.9792 	 -16.2381 	 -0.0002 	 -0.0003 	 0.0001
0.7816 	 17.9946 	 28.1652 	 -9.9737 	 28.7193 	 44.9792 	 -16.2381 	 -0.0002 	 -0.0003 	 0.0001
0.7916 	 18.2823 	 28.6159 	 -10.1364 	 28.7193 	 44.9792 	 -16.2381 	 -0.0002 	 -0.0003 	 0.0001
0.8016 	 18.5701 	 29.0666 	 -10.2991 	 28.7193 	 44.9792 	 -16.2381 	 -0.0002 	 -0.0003 	 0.0001
0.8116 	 18.8579 	 29.5173 	 -10.4618 	 28.7193 	 44.9792 	 -16.2381 	 -0.0002 	 -0.0002 	 0.0001
0.8216 	 19.1456 	 29.9680 	 -10.6245 	 28.7193 	 44.9792 	 -16.2381 	 -0.0002 	 -0.0002 	 0.0001
0.8317 	 19.4334 	 30.4187 	 -10.7872 	 28.7193 	 44.9792 	 -16.2381 	 -0.0001 	 -0.0002 	 0.0001
0.8417 	 19.7212 	 30.8694 	 -10.9499 	 28.7193 	 44.9792 	 -16.2381 	 -0.0001 	 -0.0002 	 0.0001
0.8517 	 20.0089 	 31.3201 	 -11.1126 	 28.7193 	 44.9792 	 -16.2381 	 -0.0001 	 -0.0002 	 0.0001
0.8617 	 20.2967 	 31.7707 	 -11.2753 	 28.7193 	 44.9792 	 -16.2381 	 -0.0001 	 -0.0002 	 0.0001
0.8717 	 20.5845 	 32.2214 	 -11.4380 	 28.7193 	 44.9791 	 -16.2381 	 -0.0001 	 -0.0002 	 0.0001
0.8818 	 20.8722 	 32.6721 	 -11.6008 	 28.7193 	 44.9791 	 -16.2381 	 -0.0001 	 -0.0002 	 0.0001
0.8918 	 21.1600 	 33.1228 	 -11.7635 	 28.7193 	 44.9791 	 -16.2381 	 -0.0001 	 -0.0002 	 0.0001
0.9018 	 21.4478 	 33.5735 	 -11.9262 	 28.7193 	 44.9791 	 -16.2381 	 -0.0001 	 -0.0002 	 0.0001
0.9118 	 21.7356 	 34.0242 	 -12.0889 	 28.7193 	 44.9791 	 -16.2381 	 -0.0001 	 -0.0002 	 0.0001
0.9218 	 22.0233 	 34.4749 	 -12.2516 	 28.7193 	 44.9791 	 -16.2381 	 -0.0001 	 -0.0002 	 0.0001
0.9319 	 22.3111 	 34.9256 	 -12.4143 	 28.7193 	 44.9791 	 -16.2381 	 -0.0001 	 -0.0002 	 0.0001
0.9419 	 22.5989 	 35.3763 	 -12.5770 	 28.7193 	 44.9791 	 -16.2381 	 -0.0001 	 -0.0002 	 0.0001
0.9519 	 22.8866 	 35.8270 	 -12.7397 	 28.7193 	 44.9791 	 -16.2381 	 -0.0001 	 -0.0002 	 0.0001
0.9619 	 23.1744 	 36.2777 	 -12.9024 	 28.7193 	 44.9791 	 -16.2381 	 -0.0001 	 -0.0002 	 0.0001
0.9719 	 23.4622 	 36.7284 	 -13.0651 	 28.7193 	 44.9791 	 -16.2381 	 -0.0001 	 -0.0002 	 0.0001
0.9820 	 23.7499 	 37.1791 	 -13.2278 	 28.7193 	 44.9791 	 -16.2381 	 -0.0001 	 -0.0002 	 0.0001
0.9920 	 24.0377 	 37.6297 	 -13.3905 	 28.7193 	 44.9791 	 -16.2381 	 -0.0001 	 -0.0002 	 0.0001
1.0020 	 24.3255 	 38.0804 	 -13.5532 	 28.7193 	 44.9791 	 -16.2381 	 -0.0001 	 -0.0001 	 0.0001
1.0120 	 24.6132 	 38.5311 	 -13.7159 	 28.7193 	 44.9791 	 -16.2381 	 -0.0001 	 -0.0001 	 0.0001
1.0220 	 24.9010 	 38.9818 	 -13.8786 	 28.7193 	 44.9791 	 -16.2381 	 -0.0001 	 -0.0001 	 0.0001
1.0321 	 25.1888 	 39.4325 	 -14.0413 	 28.7193 	 44.9791 	 -16.2381 	 -0.0001 	 -0.0001 	 0.0000
1.0421 	 25.4766 	 39.8832 	 -14.2041 	 28.7193 	 44.9791 	 -16.2381 	 -0.0001 	 -0.0001 	 0.0000
1.0521 	 25.7643 	 40.3339 	 -14.3668 	 28.7193 	 44.9791 	 -16.2381 	 -0.0001 	 -0.0001 	 0.0000
1.0621 	 26.0521 	 40.7846 	 -14.5295 	 28.7193 	 44.9791 	 -16.2381 	 -0.0001 	 -0.0001 	 0.0000
1.0721 	 26.3399 	 41.2353 	 -14.6922 	 28.7193 	 44.9791 	 -16.2381 	 -0.0001 	 -0.0001 	 0.0000
1.0822 	 26.6276 	 41.6860 	 -14.8549 	 28.7193 	 44.9791 	 -16.2381 	 -0.0001 	 -0.0001 	 0.0000
1.0922 	 26.9154 	 42.1367 	 -15.0176 	 28.7193 	 44.9791 	 -16.2381 	 -0.0001 	 -0.0001 	 0.0000
1.1022 	 27.2032 	 42.5874 	 -15.1803 	 28.7193 	 44.9791 	 -16.2381 	 -0.0001 	 -0.0001 	 0.0000
1.1122 	 27.4909 	 43.0381 	 -15.3430 	 28.7193 	 44.9791 	 -16.2381 	 -0.0001 	 -0.0001 	 0.0000
1.1222 	 27.7787 	 43.4888 	 -15.5057 	 28.7193 	 44.9791 	 -16.2381 	 -0.0001 	 -0.0001 	 0.0000
1.1323 	 28.0665 	 43.9394 	 -15.6684 	 28.7193 	 44.9791 	 -16.2381 	 -0.0001 	 -0.0001 	 0.0000
1.1423 	 28.3542 	 44.3901 	 -15.8311 	 28.7193 	 44.9791 	 -16.2381 	 -0.0001 	 -0.0001 	 0.0000
1.1523 	 28.6420 	 44.8408 	 -15.9938 	 28.7193 	 44.9791 	 -16.2381 	 -0.0001 	 -0.0001 	 0.0000
1.1623 	 28.9298 	 45.2915 	 -16.1565 	 28.7193 	 44.9791 	 -16.2381 	 -0.0001 	 -0.0001 	 0.0000
1.1723 	 29.2175 	 45.7422 	 -16.3192 	 28.7193 	 44.9791 	 -16.2381 	 -0.0001 	 -0.0001 	 0.0000
1.1824 	 29.5053 	 46.1929 	 -16.4819 	 28.7193 	 44.9791 	 -16.2381 	 -0.0001 	 -0.0001 	 0.0000
1.1924 	 29.7931 	 46.6436 	 -16.6446 	 28.7193 	 44.9791 	 -16.2381 	 -0.0001 	 -0.0001 	 0.0000
1.2024 	 30.0808 	 47.0943 	 -16.8074 	 28.7193 	 44.9791 	 -16.2381 	 -0.0001 	 -0.0001 	 0.0000
1.2124 	 30.3686 	 47.5450 	 -16.9701 	 28.7193 	 44.9791 	 -16.2381 	 -0.0001 	 -0.0001 	 0.0000
1.2224 	 30.6564 	 47.9957 	 -17.1328 	 28.7193 	 44.9791 	 -16.2381 	 -0.0001 	 -0.0001 	 0.0000
1.2325 	 30.9442 	 48.4464 	 -17.2955 	 28.7193 	 44.9791 	 -16.2381 	 -0.0001 	 -0.0001 	 0.0000
1.2425 	 31.2319 	 48.8971 	 -17.4582 	 28.7193 	 44.9791 	 -16.2381 	 -0.0001 	 -0.0001 	 0.0000
1.2525 	 31.5197 	 49.3478 	 -17.6209 	 28.7193 	 44.9791 	 -16.2381 	 -0.0001 	 -0.0001 	 0.0000
1.2625 	 31.8075 	 49.7984 	 -17.7836 	 28.7193 	 44.9791 	 -16.2381 	 -0.0001 	 -0.0001 	 0.0000
1.2725 	 32.0952 	 50.2491 	 -17.9463 	 28.7193 	 44.9791 	 -16.2381 	 -0.0001 	 -0.0001 	 0.0000
1.2826 	 32.3830 	 50.6998 	 -18.1090 	 28.7193 	 44.9791 	 -16.2381 	 -0.0001 	 -0.0001 	 0.0000
1.2926 	 32.6708 	 51.1505 	 -18.2717 	 28.7193 	 44.9791 	 -16.2381 	 -0.0001 	 -0.0001 	 0.0000
1.3026 	 32.9585 	 51.6012 	 -18.4344 	 28.7193 	 44.9791 	 -16.2381 	 -0.0001 	 -0.0001 	 0.0000
1.3126 	 33.2463 	 52.0519 	 -18.5971 	 28.7193 	 44.9791 	 -16.2381 	 -0.0001 	 -0.0001 	 0.0000
1.3226 	 33.5341 	 52.5026 	 -18.7598 	 28.7193 	 44.9791 	 -16.2381 	 -0.0000 	 -0.0001 	 0.0000
1.3327 	 33.8218 	 52.9533 	 -18.9225 	 28.7193 	 44.9791 	 -16.2381 	 -0.0000 	 -0.0001 	 0.0000
1.3427 	 34.1096 	 53.4040 	 -19.0852 	 28.7193 	 44.9791 	 -16.2381 	 -0.0000 	 -0.0001 	 0.0000
1.3527 	 34.3974 	 53.8547 	 -19.2479 	 28.7193 	 44.9791 	 -16.2381 	 -0.0000 	 -0.0001 	 0.0000
1.3627 	 34.6851 	 54.3054 	 -19.4107 	 28.7193 	 44.9791 	 -16.2381 	 -0.0000 	 -0.0001 	 0.0000
1.3727 	 34.9729 	 54.7561 	 -19.5734 	 28.7193 	 44.9791 	 -16.2381 	 -0.0000 	 -0.0001 	 0.0000
1.3828 	 35.2607 	 55.2068 	 -19.7361 	 28.7193 	 44.9791 	 -16.2381 	 -0.0000 	 -0.0001 	 0.0000
1.3928 	 35.5485 	 55.6574 	 -19.8988 	 28.7193 	 44.9791 	 -16.2381 	 -0.0000 	 -0.0001 	 0.0000
1.4028 	 35.8362 	 56.1081 	 -20.0615 	 28.7193 	 44.9791 	 -16.2381 	 -0.0000 	 -0.0001 	 0.0000
1.4128 	 36.1240 	 56.5588 	 -20.2242 	 28.7193 	 44.9791 	 -16.2381 	 -0.0000 	 -0.0001 	 0.0000
1.4228 	 36.4118 	 57.0095 	 -20.3869 	 28.7193 	 44.9791 	 -16.2381 	 -0.0000 	 -0.0001 	 0.0000
1.4329 	 36.6995 	 57.4602 	 -20.5496 	 28.7193 	 44.9791 	 -16.2381 	 -0.0000 	 -0.0001 	 0.0000
1.4429 	 36.9873 	 57.9109 	 -20.7123 	 28.7193 	 44.9791 	 -16.2381 	 -0.0000 	 -0.0001 	 0.0000
1.4529 	 37.2751 	 58.3616 	 -20.8750 	 28.7193 	 44.9791 	 -16.2381 	 -0.0000 	 -0.0001 	 0.0000
1.4629 	 37.5628 	 58.8123 	 -21.0377 	 28.7193 	 44.9791 	 -16.2381 	 -0.0000 	 -0.0001 	 0.0000
1.4729 	 37.8506 	 59.2630 	 -21.2004 	 28.7193 	 44.9791 	 -16.2381 	 -0.0000 	 -0.0001 	 0.0000
1.4830 	 38.1384 	 59.7137 	 -21.3631 	 28.7193 	 44.9791 	 -16.2381 	 -0.0000 	 -0.0001 	 0.0000
1.4930 	 38.4261 	 60.1644 	 -21.5258 	 28.7193 	 44.9791 	 -16.2381 	 -0.0000 	 -0.0001 	 0.0000
1.5030 	 38.7139 	 60.6151 	 -21.6885 	 28.7193 	 44.9791 	 -16.2381 	 -0.0000 	 -0.0001 	 0.0000
1.5130 	 39.0017 	 61.0658 	 -21.8512 	 28.7193 	 44.9791 	 -16.2381 	 -0.0000 	 -0.0001 	 0.0000
1.5230 	 39.2894 	 61.5164 	 -22.0139 	 28.7193 	 44.9791 	 -16.2381 	 -0.0000 	 -0.0001 	 0.0000
1.5331 	 39.5772 	 61.9671 	 -22.1767 	 28.7193 	 44.9791 	 -16.2381 	 -0.0000 	 -0.0001 	 0.0000
1.5431 	 39.8650 	 62.4178 	 -22.3394 	 28.7193 	 44.9791 	 -16.2381 	 -0.0000 	 -0.0001 	 0.0000
1.5531 	 40.1527 	 62.8685 	 -22.5021 	 28.7193 	 44.9791 	 -16.2381 	 -0.0000 	 -0.0001 	 0.0000
1.5631 	 40.4405 	 63.3192 	 -22.6648 	 28.7193 	 44.9791 	 -16.2381 	 -0.0000 	 -0.0001 	 0.0000
1.5731 	 40.7283 	 63.7699 	 -22.8275 	 28.7193 	 44.9791 	 -16.2381 	 -0.0000 	 -0.0001 	 0.0000
1.5832 	 41.0161 	 64.2206 	 -22.9902 	 28.7193 	 44.9791 	 -16.2381 	 -0.0000 	 -0.0001 	 0.0000
1.5932 	 41.3038 	 64.6713 	 -23.1529 	 28.7193 	 44.9791 	 -16.2381 	 -0.0000 	 -0.0001 	 0.0000
1.6032 	 41.5916 	 65.1220 	 -23.3156 	 28.7193 	 44.9791 	 -16.2381 	 -0.0000 	 -0.0001 	 0.0000
1.6132 	 41.8794 	 65.5727 	 -23.4783 	 28.7193 	 44.9791 	 -16.2381 	 -0.0000 	 -0.0000 	 0.0000
1.6232 	 42.1671 	 66.0234 	 -23.6410 	 28.7193 	 44.9791 	 -16.2381 	 -0.0000 	 -0.0000 	 0.0000
1.6333 	 42.4549 	 66.4741 	 -23.8037 	 28.7193 	 44.9791 	 -16.2381 	 -0.0000 	 -0.0000 	 0.0000
1.6433 	 42.7427 	 66.9248 	 -23.9664 	 28.7193 	 44.9791 	 -16.2381 	 -0.0000 	 -0.0000 	 0.0000
1.6533 	 43.0304 	 67.3754 	 -24.1291 	 28.7193 	 44.9791 	 -16.2381 	 -0.0000 	 -0.0000 	 0.0000
1.6633 	 43.3182 	 67.8261 	 -24.2918 	 28.7193 	 44.9791 	 -16.2381 	 -0.0000 	 -0.0000 	 0.0000
1.6733 	 43.6060 	 68.2768 	 -24.4545 	 28.7193 	 44.9791 	 -16.2381 	 -0.0000 	 -0.0000 	 0.0000
1.6834 	 43.8937 	 68.7275 	 -24.6172 	 28.7193 	 44.9791 	 -16.2381 	 -0.0000 	 -0.0000 	 0.0000
1.6934 	 44.1815 	 69.1782 	 -24.7800 	 28.7193 	 44.9791 	 -16.2381 	 -0.0000 	 -0.0000 	 0.0000
1.7034 	 44.4693 	 69.6289 	 -24.9427 	 28.7193 	 44.9791 	 -16.2381 	 -0.0000 	 -0.0000 	 0.0000
1.7134 	 44.7570 	 70.0796 	 -25.1054 	 28.7193 	 44.9791 	 -16.2381 	 -0.0000 	 -0.0000 	 0.0000
1.7234 	 45.0448 	 70.5303 	 -25.2681 	 28.7193 	 44.9791 	 -16.2381 	 -0.0000 	 -0.0000 	 0.0000
1.7335 	 45.3326 	 70.9810 	 -25.4308 	 28.7193 	 44.9791 	 -16.2381 	 -0.0000 	 -0.0000 	 0.0000
1.7435 	 45.6203 	 71.4317 	 -25.5935 	 28.7193 	 44.9791 	 -16.2381 	 -0.0000 	 -0.0000 	 0.0000
1.7535 	 45.9081 	 71.8824 	 -25.7562 	 28.7193 	 44.9791 	 -16.2381 	 -0.0000 	 -0.0000 	 0.0000
1.7635 	 46.1959 	 72.3331 	 -25.9189 	 28.7193 	 44.9791 	 -16.2381 	 -0.0000 	 -0.0000 	 0.0000
1.7735 	 46.4836 	 72.7837 	 -26.0816 	 28.7193 	 44.9791 	 -16.2381 	 -0.0000 	 -0.0000 	 0.0000
1.7836 	 46.7714 	 73.2344 	 -26.2443 	 28.7193 	 44.9791 	 -16.2381 	 -0.0000 	 -0.0000 	 0.0000
1.7936 	 47.0592 	 73.6851 	 -26.4070 	 28.7193 	 44.9791 	 -16.2381 	 -0.0000 	 -0.0000 	 0.0000
1.8036 	 47.3470 	 74.1358 	 -26.5697 	 28.7193 	 44.9791 	 -16.2381 	 -0.0000 	 -0.0000 	 0.0000
1.8136 	 47.6347 	 74.5865 	 -26.7324 	 28.7193 	 44.9791 	 -16.2381 	 -0.0000 	 -0.0000 	 0.0000
1.8236 	 47.9225 	 75.0372 	 -26.8951 	 28.7193 	 44.9791 	 -16.2381 	 -0.0000 	 -0.0000 	 0.0000
1.8337 	 48.2103 	 75.4879 	 -27.0578 	 28.7193 	 44.9791 	 -16.2381 	 -0.0000 	 -0.0000 	 0.0000
1.8437 	 48.4980 	 75.9386 	 -27.2205 	 28.7193 	 44.9791 	 -16.2381 	 -0.0000 	 -0.0000 	 0.0000
1.8537 	 48.7858 	 76.3893 	 -27.3832 	 28.7193 	 44.9791 	 -16.2381 	 -0.0000 	 -0.0000 	 0.0000
1.8637 	 49.0736 	 76.8400 	 -27.5460 	 28.7193 	 44.9791 	 -16.2381 	 -0.0000 	 -0.0000 	 0.0000
1.8737 	 49.3613 	 77.2907 	 -27.7087 	 28.7193 	 44.9791 	 -16.2381 	 -0.0000 	 -0.0000 	 0.0000
1.8838 	 49.6491 	 77.7414 	 -27.8714 	 28.7193 	 44.9791 	 -16.2381 	 -0.0000 	 -0.0000 	 0.0000
1.8938 	 49.9369 	 78.1921 	 -28.0341 	 28.7193 	 44.9791 	 -16.2381 	 -0.0000 	 -0.0000 	 0.0000
1.9038 	 50.2246 	 78.6427 	 -28.1968 	 28.7193 	 44.9791 	 -16.2381 	 -0.0000 	 -0.0000 	 0.0000
1.9138 	 50.5124 	 79.0934 	 -28.3595 	 28.7193 	 44.9791 	 -16.2381 	 -0.0000 	 -0.0000 	 0.0000
1.9238 	 50.8002 	 79.5441 	 -28.5222 	 28.7193 	 44.9791 	 -16.2381 	 -0.0000 	 -0.0000 	 0.0000
1.9339 	 51.0879 	 79.9948 	 -28.6849 	 28.7193 	 44.9791 	 -16.2381 	 -0.0000 	 -0.0000 	 0.0000
1.9439 	 51.3757 	 80.4455 	 -28.8476 	 28.7193 	 44.9791 	 -16.2381 	 -0.0000 	 -0.0000 	 0.0000
1.9539 	 51.6635 	 80.8962 	 -29.0103 	 28.7193 	 44.9791 	 -16.2381 	 -0.0000 	 -0.0000 	 0.0000
1.9639 	 51.9512 	 81.3469 	 -29.1730 	 28.7193 	 44.9791 	 -16.2381 	 -0.0000 	 -0.0000 	 0.0000
1.9739 	 52.2390 	 81.7976 	 -29.3357 	 28.7193 	 44.9791 	 -16.2381 	 -0.0000 	 -0.0000 	 0.0000
1.9840 	 52.5268 	 82.2483 	 -29.4984 	 28.7193 	 44.9791 	 -16.2381 	 -0.0000 	 -0.0000 	 0.0000
1.9940 	 52.8146 	 82.6990 	 -29.6611 	 28.7193 	 44.9791 	 -16.2381 	 -0.0000 	 -0.0000 	 0.0000
2.0040 	 53.1023 	 83.1497 	 -29.8238 	 28.7193 	 44.9791 	 -16.2381 	 -0.0000 	 -0.0000 	 0.0000
2.0140 	 53.3901 	 83.6004 	 -29.9865 	 28.7193 	 44.9791 	 -16.2381 	 -0.0000 	 -0.0000 	 0.0000
2.0240 	 53.6779 	 84.0510 	 -30.1493 	 28.7193 	 44.9791 	 -16.2381 	 -0.0000 	 -0.0000 	 0.0000
2.0341 	 53.9656 	 84.5017 	 -30.3120 	 28.7193 	 44.9791 	 -16.2381 	 -0.0000 	 -0.0000 	 0.0000
2.0441 	 54.2534 	 84.9524 	 -30.4747 	 28.7193 	 44.9791 	 -16.2381 	 -0.0000 	 -0.0000 	 0.0000
2.0541 	 54.5412 	 85.4031 	 -30.6374 	 28.7193 	 44.9791 	 -16.2381 	 -0.0000 	 -0.0000 	 0.0000
2.0641 	 54.8289 	 85.8538 	 -30.8001 	 28.7193 	 44.9791 	 -16.2381 	 -0.0000 	 -0.0000 	 0.0000
2.0741 	 55.1167 	 86.3045 	 -30.9628 	 28.7193 	 44.9791 	 -16.2381 	 -0.0000 	 -0.0000 	 0.0000
2.0842 	 55.4045 	 86.7552 	 -31.1255 	 28.7193 	 44.9791 	 -16.2381 	 -0.0000 	 -0.0000 	 0.0000
2.0942 	 55.6922 	 87.2059 	 -31.2882 	 28.7193 	 44.9791 	 -16.2381 	 -0.0000 	 -0.0000 	 0.0000
2.1042 	 55.9800 	 87.6566 	 -31.4509 	 28.7193 	 44.9791 	 -16.2381 	 -0.0000 	 -0.0000 	 0.0000
2.1142 	 56.2678 	 88.1073 	 -31.6136 	 28.7193 	 44.9791 	 -16.2381 	 -0.0000 	 -0.0000 	 0.0000
2.1242 	 56.5555 	 88.5580 	 -31.7763 	 28.7193 	 44.9791 	 -16.2381 	 -0.0000 	 -0.0000 	 0.0000
2.1343 	 56.8433 	 89.0087 	 -31.9390 	 28.7193 	 44.9791 	 -16.2381 	 -0.0000 	 -0.0000 	 0.0000
2.1443 	 57.1311 	 89.4594 	 -32.1017 	 28.7193 	 44.9791 	 -16.2381 	 -0.0000 	 -0.0000 	 0.0000
2.1543 	 57.4188 	 89.9100 	 -32.2644 	 28.7193 	 44.9791 	 -16.2381 	 -0.0000 	 -0.0000 	 0.0000
2.1643 	 57.7066 	 90.3607 	 -32.4271 	 28.7193 	 44.9791 	 -16.2381 	 -0.0000 	 -0.0000 	 0.0000
2.1743 	 57.9944 	 90.8114 	 -32.5898 	 28.7193 	 44.9791 	 -16.2381 	 -0.0000 	 -0.0000 	 0.0000
2.1844 	 58.2822 	 91.2621 	 -32.7525 	 28.7193 	 44.9791 	 -16.2381 	 -0.0000 	 -0.0000 	 0.0000
2.1944 	 58.5699 	 91.7128 	 -32.9153 	 28.7193 	 44.9791 	 -16.2381 	 -0.0000 	 -0.0000 	 0.0000
2.2044 	 58.8577 	 92.1635 	 -33.0780 	 28.7193 	 44.9791 	 -16.2381 	 -0.0000 	 -0.0000 	 0.0000
2.2144 	 59.1455 	 92.6142 	 -33.2407 	 28.7193 	 44.9791 	 -16.2381 	 -0.0000 	 -0.0000 	 0.0000
2.2244 	 59.4332 	 93.0649 	 -33.4034 	 28.7193 	 44.9791 	 -16.2381 	 -0.0000 	 -0.0000 	 0.0000
2.2345 	 59.7210 	 93.5156 	 -33.5661 	 28.7193 	 44.9791 	 -16.2381 	 -0.0000 	 -0.0000 	 0.0000
2.2445 	 60.0088 	 93.9663 	 -33.7288 	 28.7193 	 44.9791 	 -16.2381 	 -0.0000 	 -0.0000 	 0.0000
2.2545 	 60.2965 	 94.4170 	 -33.8915 	 28.7193 	 44.9791 	 -16.2381 	 -0.0000 	 -0.0000 	 0.0000
2.2645 	 60.5843 	 94.8677 	 -34.0542 	 28.7193 	 44.9791 	 -16.2381 	 -0.0000 	 -0.0000 	 0.0000
2.2745 	 60.8721 	 95.3183 	 -34.2169 	 28.7193 	 44.9791 	 -16.2381 	 -0.0000 	 -0.0000 	 0.0000
2.2846 	 61.1598 	 95.7690 	 -34.3796 	 28.7193 	 44.9791 	 -16.2381 	 -0.0000 	 -0.0000 	 0.0000
2.2946 	 61.4476 	 96.2197 	 -34.5423 	 28.7193 	 44.9791 	 -16.2381 	 -0.0000 	 -0.0000 	 0.0000
2.3046 	 61.7354 	 96.6704 	 -34.7050 	 28.7193 	 44.9791 	 -16.2381 	 -0.0000 	 -0.0000 	 0.0000
2.3146 	 62.0231 	 97.1211 	 -34.8677 	 28.7193 	 44.9791 	 -16.2381 	 -0.0000 	 -0.0000 	 0.0000
2.3246 	 62.3109 	 97.5718 	 -35.0304 	 28.7193 	 44.9790 	 -16.2381 	 -0.0000 	 -0.0000 	 0.0000
2.3347 	 62.5987 	 98.0225 	 -35.1931 	 28.7193 	 44.9790 	 -16.2381 	 -0.0000 	 -0.0000 	 0.0000
2.3447 	 62.8864 	 98.4732 	 -35.3558 	 28.7193 	 44.9790 	 -16.2381 	 -0.0000 	 -0.0000 	 0.0000
2.3547 	 63.1742 	 98.9239 	 -35.5185 	 28.7193 	 44.9790 	 -16.2381 	 -0.0000 	 -0.0000 	 0.0000
2.3647 	 63.4620 	 99.3746 	 -35.6813 	 28.7193 	 44.9790 	 -16.2381 	 -0.0000 	 -0.0000 	 0.0000
2.3747 	 63.7497 	 99.8253 	 -35.8440 	 28.7193 	 44.9790 	 -16.2381 	 -0.0000 	 -0.0000 	 0.0000
2.3848 	 64.0375 	 100.2760 	 -36.0067 	 28.7193 	 44.9790 	 -16.2381 	 -0.0000 	 -0.0000 	 0.0000
2.3948 	 64.3253 	 100.7266 	 -36.1694 	 28.7193 	 44.9790 	 -16.2381 	 -0.0000 	 -0.0000 	 0.0000
2.4048 	 64.6131 	 101.1773 	 -36.3321 	 28.7193 	 44.9790 	 -16.2381 	 -0.0000 	 -0.0000 	 0.0000
2.4148 	 64.9008 	 101.6280 	 -36.4948 	 28.7193 	 44.9790 	 -16.2381 	 -0.0000 	 -0.0000 	 0.0000
2.4248 	 65.1886 	 102.0787 	 -36.6575 	 28.7193 	 44.9790 	 -16.2381 	 -0.0000 	 -0.0000 	 0.0000
2.4349 	 65.4764 	 102.5294 	 -36.8202 	 28.7193 	 44.9790 	 -16.2381 	 -0.0000 	 -0.0000 	 0.0000
2.4449 	 65.7641 	 102.9801 	 -36.9829 	 28.7193 	 44.9790 	 -16.2381 	 -0.0000 	 -0.0000 	 0.0000
2.4549 	 66.0519 	 103.4308 	 -37.1456 	 28.7193 	 44.9790 	 -16.2381 	 -0.0000 	 -0.0000 	 0.0000
2.4649 	 66.3397 	 103.8815 	 -37.3083 	 28.7193 	 44.9790 	 -16.2381 	 -0.0000 	 -0.0000 	 0.0000
2.4749 	 66.6274 	 104.3322 	 -37.4710 	 28.7193 	 44.9790 	 -16.2381 	 -0.0000 	 -0.0000 	 0.0000
2.4850 	 66.9152 	 104.7829 	 -37.6337 	 28.7193 	 44.9790 	 -16.2381 	 -0.0000 	 -0.0000 	 0.0000
2.4950 	 67.2030 	 105.2336 	 -37.7964 	 28.7193 	 44.9790 	 -16.2381 	 -0.0000 	 -0.0000 	 0.0000
2.5050 	 67.4907 	 105.6843 	 -37.9591 	 28.7193 	 44.9790 	 -16.2381 	 -0.0000 	 -0.0000 	 0.0000
2.5150 	 67.7785 	 106.1350 	 -38.1218 	 28.7193 	 44.9790 	 -16.2381 	 -0.0000 	 -0.0000 	 0.0000
2.5251 	 68.0663 	 106.5856 	 -38.2845 	 28.7193 	 44.9790 	 -16.2381 	 -0.0000 	 -0.0000 	 0.0000
2.5351 	 68.3540 	 107.0363 	 -38.4473 	 28.7193 	 44.9790 	 -16.2381 	 -0.0000 	 -0.0000 	 0.0000
2.5451 	 68.6418 	 107.4870 	 -38.6100 	 28.7193 	 44.9790 	 -16.2381 	 -0.0000 	 -0.0000 	 0.0000
2.5551 	 68.9296 	 107.9377 	 -38.7727 	 28.7193 	 44.9790 	 -16.2381 	 -0.0000 	 -0.0000 	 0.0000
2.5651 	 69.2173 	 108.3884 	 -38.9354 	 28.7193 	 44.9790 	 -16.2381 	 -0.0000 	 -0.0000 	 0.0000
2.5752 	 69.5051 	 108.8391 	 -39.0981 	 28.7193 	 44.9790 	 -16.2381 	 -0.0000 	 -0.0000 	 0.0000
2.5852 	 69.7929 	 109.2898 	 -39.2608 	 28.7193 	 44.9790 	 -16.2381 	 -0.0000 	 -0.0000 	 0.0000
2.5952 	 70.0806 	 109.7405 	 -39.4235 	 28.7193 	 44.9790 	 -16.2381 	 -0.0000 	 -0.0000 	 0.0000
2.6052 	 70.3684 	 110.1912 	 -39.5862 	 28.7193 	 44.9790 	 -16.2381 	 -0.0000 	 -0.0000 	 0.0000
2.6152 	 70.6562 	 110.6419 	 -39.7489 	 28.7193 	 44.9790 	 -16.2381 	 -0.0000 	 -0.0000 	 0.0000
2.6253 	 70.9440 	 111.0926 	 -39.9116 	 28.7193 	 44.9790 	 -16.2381 	 -0.0000 	 -0.0000 	 0.0000
2.6353 	 71.2317 	 111.5433 	 -40.0743 	 28.7193 	 44.9790 	 -16.2381 	 -0.0000 	 -0.0000 	 0.0000
2.6453 	 71.5195 	 111.9939 	 -40.2370 	 28.7193 	 44.9790 	 -16.2381 	 -0.0000 	 -0.0000 	 0.0000
2.6553 	 71.8073 	 112.4446 	 -40.3997 	 28.7193 	 44.9790 	 -16.2381 	 -0.0000 	 -0.0000 	 0.0000
2.6653 	 72.0950 	 112.8953 	 -40.5624 	 28.7193 	 44.9790 	 -16.2381 	 -0.0000 	 -0.0000 	 0.0000
2.6754 	 72.3828 	 113.3460 	 -40.7251 	 28.7193 	 44.9790 	 -16.2381 	 -0.0000 	 -0.0000 	 0.0000
2.6854 	 72.6706 	 113.7967 	 -40.8878 	 28.7193 	 44.9790 	 -16.2381 	 -0.0000 	 -0.0000 	 0.0000
2.6954 	 72.9583 	 114.2474 	 -41.0505 	 28.7193 	 44.9790 	 -16.2381 	 -0.0000 	 -0.0000 	 0.0000
2.7054 	 73.2461 	 114.6981 	 -41.2133 	 28.7193 	 44.9790 	 -16.2381 	 -0.0000 	 -0.0000 	 0.0000
2.7154 	 73.5339 	 115.1488 	 -41.3760 	 28.7193 	 44.9790 	 -16.2381 	 -0.0000 	 -0.0000 	 0.0000
2.7255 	 73.8216 	 115.5995 	 -41.5387 	 28.7193 	 44.9790 	 -16.2381 	 -0.0000 	 -0.0000 	 0.0000
2.7355 	 74.1094 	 116.0502 	 -41.7014 	 28.7193 	 44.9790 	 -16.2381 	 -0.0000 	 -0.0000 	 0.0000
2.7455 	 74.3972 	 116.5009 	 -41.8641 	 28.7193 	 44.9790 	 -16.2381 	 -0.0000 	 -0.0000 	 0.0000
2.7555 	 74.6849 	 116.9516 	 -42.0268 	 28.7193 	 44.9790 	 -16.2381 	 -0.0000 	 -0.0000 	 0.0000
2.7655 	 74.9727 	 117.4022 	 -42.1895 	 28.7193 	 44.9790 	 -16.2381 	 -0.0000 	 -0.0000 	 0.0000
2.7756 	 75.2605 	 117.8529 	 -42.3522 	 28.7193 	 44.9790 	 -16.2381 	 -0.0000 	 -0.0000 	 0.0000
2.7856 	 75.5482 	 118.3036 	 -42.5149 	 28.7193 	 44.9790 	 -16.2381 	 -0.0000 	 -0.0000 	 0.0000
2.7956 	 75.8360 	 118.7543 	 -42.6776 	 28.7193 	 44.9790 	 -16.2381 	 -0.0000 	 -0.0000 	 0.0000
2.8056 	 76.1238 	 119.2050 	 -42.8403 	 28.7193 	 44.9790 	 -16.2381 	 -0.0000 	 -0.0000 	 0.0000
2.8156 	 76.4115 	 119.6557 	 -43.0030 	 28.7193 	 44.9790 	 -16.2381 	 -0.0000 	 -0.0000 	 0.0000
2.8257 	 76.6993 	 120.1064 	 -43.1657 	 28.7193 	 44.9790 	 -16.2381 	 -0.0000 	 -0.0000 	 0.0000
2.8357 	 76.9871 	 120.5571 	 -43.3284 	 28.7193 	 44.9790 	 -16.2381 	 -0.0000 	 -0.0000 	 0.0000
2.8457 	 77.2749 	 121.0078 	 -43.4911 	 28.7193 	 44.9790 	 -16.2381 	 -0.0000 	 -0.0000 	 0.0000
2.8557 	 77.5626 	 121.4585 	 -43.6538 	 28.7193 	 44.9790 	 -16.2381 	 -0.0000 	 -0.0000 	 0.0000
2.8657 	 77.8504 	 121.9092 	 -43.8165 	 28.7193 	 44.9790 	 -16.2381 	 -0.0000 	 -0.0000 	 0.0000
2.8758 	 78.1382 	 122.3599 	 -43.9793 	 28.7193 	 44.9790 	 -16.2381 	 -0.0000 	 -0.0000 	 0.0000
2.8858 	 78.4259 	 122.8105 	 -44.1420 	 28.7193 	 44.9790 	 -16.2381 	 -0.0000 	 -0.0000 	 0.0000
2.8958 	 78.7137 	 123.2612 	 -44.3047 	 28.7193 	 44.9790 	 -16.2381 	 -0.0000 	 -0.0000 	 0.0000
2.9058 	 79.0015 	 123.7119 	 -44.4674 	 28.7193 	 44.9790 	 -16.2381 	 -0.0000 	 -0.0000 	 0.0000
2.9158 	 79.2892 	 124.1626 	 -44.6301 	 28.7193 	 44.9790 	 -16.2381 	 -0.0000 	 -0.0000 	 0.0000
2.9259 	 79.5770 	 124.6133 	 -44.7928 	 28.7193 	 44.9790 	 -16.2381 	 -0.0000 	 -0.0000 	 0.0000
2.9359 	 79.8648 	 125.0640 	 -44.9555 	 28.7193 	 44.9790 	 -16.2380 	 -0.0000 	 -0.0000 	 0.0000
2.9459 	 80.1525 	 125.5147 	 -45.1182 	 28.7193 	 44.9790 	 -16.2380 	 -0.0000 	 -0.0000 	 0.0000
2.9559 	 80.4403 	 125.9654 	 -45.2809 	 28.7193 	 44.9790 	 -16.2380 	 -0.0000 	 -0.0000 	 0.0000
2.9659 	 80.7281 	 126.4161 	 -45.4436 	 28.7193 	 44.9790 	 -16.2380 	 -0.0000 	 -0.0000 	 0.0000
2.9760 	 81.0158 	 126.8668 	 -45.6063 	 28.7193 	 44.9790 	 -16.2380 	 -0.0000 	 -0.0000 	 0.0000
2.9860 	 81.3036 	 127.3175 	 -45.7690 	 28.7193 	 44.9790 	 -16.2380 	 -0.0000 	 -0.0000 	 0.0000
2.9960 	 81.5914 	 127.7682 	 -45.9317 	 28.7193 	 44.9790 	 -16.2380 	 -0.0000 	 -0.0000 	 0.0000
3.0060 	 81.8791 	 128.2188 	 -46.0944 	 28.7193 	 44.9790 	 -16.2380 	 -0.0000 	 -0.0000 	 0.0000
3.0160 	 82.1669 	 128.6695 	 -46.2571 	 28.7193 	 44.9790 	 -16.2380 	 -0.0000 	 -0.0000 	 0.0000
3.0261 	 82.4547 	 129.1202 	 -46.4198 	 28.7193 	 44.9790 	 -16.2380 	 -0.0000 	 -0.0000 	 0.0000
3.0361 	 82.7424 	 129.5709 	 -46.5825 	 28.7193 	 44.9790 	 -16.2380 	 -0.0000 	 -0.0000 	 0.0000
3.0461 	 83.0302 	 130.0216 	 -46.7453 	 28.7193 	 44.9790 	 -16.2380 	 -0.0000 	 -0.0000 	 0.0000
3.0561 	 83.3180 	 130.4723 	 -46.9080 	 28.7193 	 44.9790 	 -16.2380 	 -0.0000 	 -0.0000 	 0.0000
3.0661 	 83.6058 	 130.9230 	 -47.0707 	 28.7193 	 44.9790 	 -16.2380 	 -0.0000 	 -0.0000 	 0.0000
3.0762 	 83.8935 	 131.3737 	 -47.2334 	 28.7193 	 44.9790 	 -16.2380 	 -0.0000 	 -0.0000 	 0.0000
3.0862 	 84.1813 	 131.8244 	 -47.3961 	 28.7193 	 44.9790 	 -16.2380 	 -0.0000 	 -0.0000 	 0.0000
3.0962 	 84.4691 	 132.2751 	 -47.5588 	 28.7193 	 44.9790 	 -16.2380 	 -0.0000 	 -0.0000 	 0.0000
3.1062 	 84.7568 	 132.7258 	 -47.7215 	 28.7193 	 44.9790 	 -16.2380 	 -0.0000 	 -0.0000 	 0.0000
3.1162 	 85.0446 	 133.1765 	 -47.8842 	 28.7193 	 44.9790 	 -16.2380 	 -0.0000 	 -0.0000 	 0.0000
3.1263 	 85.3324 	 133.6272 	 -48.0469 	 28.7193 	 44.9790 	 -16.2380 	 -0.0000 	 -0.0000 	 0.0000
3.1363 	 85.6201 	 134.0778 	 -48.2096 	 28.7193 	 44.9790 	 -16.2380 	 -0.0000 	 -0.0000 	 0.0000
3.1463 	 85.9079 	 134.5285 	 -48.3723 	 28.7193 	 44.9790 	 -16.2380 	 -0.0000 	 -0.0000 	 0.0000
3.1563 	 86.1957 	 134.9792 	 -48.5350 	 28.7193 	 44.9790 	 -16.2380 	 -0.0000 	 -0.0000 	 0.0000
3.1663 	 86.4834 	 135.4299 	 -48.6977 	 28.7193 	 44.9790 	 -16.2380 	 -0.0000 	 -0.0000 	 0.0000
3.1764 	 86.7712 	 135.8806 	 -48.8604 	 28.7193 	 44.9790 	 -16.2380 	 -0.0000 	 -0.0000 	 0.0000
3.1864 	 87.0590 	 136.3313 	 -49.0231 	 28.7193 	 44.9790 	 -16.2380 	 -0.0000 	 -0.0000 	 0.0000
3.1964 	 87.3467 	 136.7820 	 -49.1858 	 28.7193 	 44.9790 	 -16.2380 	 -0.0000 	 -0.0000 	 0.0000
3.2064 	 87.6345 	 137.2327 	 -49.3485 	 28.7193 	 44.9790 	 -16.2380 	 -0.0000 	 -0.0000 	 0.0000
3.2164 	 87.9223 	 137.6834 	 -49.5113 	 28.7193 	 44.9790 	 -16.2380 	 -0.0000 	 -0.0000 	 0.0000
3.2265 	 88.2100 	 138.1341 	 -49.6740 	 28.7193 	 44.9790 	 -16.2380 	 -0.0000 	 -0.0000 	 0.0000
3.2365 	 88.4978 	 138.5848 	 -49.8367 	 28.7193 	 44.9790 	 -16.2380 	 -0.0000 	 -0.0000 	 0.0000
3.2465 	 88.7856 	 139.0355 	 -49.9994 	 28.7193 	 44.9790 	 -16.2380 	 -0.0000 	 -0.0000 	 0.0000
3.2565 	 89.0733 	 139.4861 	 -50.1621 	 28.7193 	 44.9790 	 -16.2380 	 -0.0000 	 -0.0000 	 0.0000
3.2665 	 89.3611 	 139.9368 	 -50.3248 	 28.7193 	 44.9790 	 -16.2380 	 -0.0000 	 -0.0000 	 0.0000
3.2766 	 89.6489 	 140.3875 	 -50.4875 	 28.7193 	 44.9790 	 -16.2380 	 -0.0000 	 -0.0000 	 0.0000
3.2866 	 89.9367 	 140.8382 	 -50.6502 	 28.7193 	 44.9790 	 -16.2380 	 -0.0000 	 -0.0000 	 0.0000
3.2966 	 90.2244 	 141.2889 	 -50.8129 	 28.7193 	 44.9790 	 -16.2380 	 -0.0000 	 -0.0000 	 0.0000
3.3066 	 90.5122 	 141.7396 	 -50.9756 	 28.7193 	 44.9790 	 -16.2380 	 -0.0000 	 -0.0000 	 0.0000
3.3166 	 90.8000 	 142.1903 	 -51.1383 	 28.7193 	 44.9790 	 -16.2380 	 -0.0000 	 -0.0000 	 0.0000
3.3267 	 91.0877 	 142.6410 	 -51.3010 	 28.7193 	 44.9790 	 -16.2380 	 -0.0000 	 -0.0000 	 0.0000
3.3367 	 91.3755 	 143.0917 	 -51.4637 	 28.7193 	 44.9790 	 -16.2380 	 -0.0000 	 -0.0000 	 0.0000
3.3467 	 91.6633 	 143.5424 	 -51.6264 	 28.7193 	 44.9790 	 -16.2380 	 -0.0000 	 -0.0000 	 0.0000
3.3567 	 91.9510 	 143.9931 	 -51.7891 	 28.7193 	 44.9790 	 -16.2380 	 -0.0000 	 -0.0000 	 0.0000
3.3667 	 92.2388 	 144.4438 	 -51.9518 	 28.7193 	 44.9790 	 -16.2380 	 -0.0000 	 -0.0000 	 0.0000
3.3768 	 92.5266 	 144.8944 	 -52.1146 	 28.7193 	 44.9790 	 -16.2380 	 -0.0000 	 -0.0000 	 0.0000
3.3868 	 92.8143 	 145.3451 	 -52.2773 	 28.7193 	 44.9790 	 -16.2380 	 -0.0000 	 -0.0000 	 0.0000
3.3968 	 93.1021 	 145.7958 	 -52.4400 	 28.7193 	 44.9790 	 -16.2380 	 -0.0000 	 -0.0000 	 0.0000
3.4068 	 93.3899 	 146.2465 	 -52.6027 	 28.7193 	 44.9790 	 -16.2380 	 -0.0000 	 -0.0000 	 0.0000
3.4168 	 93.6776 	 146.6972 	 -52.7654 	 28.7193 	 44.9790 	 -16.2380 	 -0.0000 	 -0.0000 	 0.0000
3.4269 	 93.9654 	 147.1479 	 -52.9281 	 28.7193 	 44.9790 	 -16.2380 	 -0.0000 	 -0.0000 	 0.0000
3.4369 	 94.2532 	 147.5986 	 -53.0908 	 28.7193 	 44.9790 	 -16.2380 	 -0.0000 	 -0.0000 	 0.0000
3.4469 	 94.5409 	 148.0493 	 -53.2535 	 28.7193 	 44.9790 	 -16.2380 	 -0.0000 	 -0.0000 	 0.0000
3.4569 	 94.8287 	 148.5000 	 -53.4162 	 28.7193 	 44.9790 	 -16.2380 	 -0.0000 	 -0.0000 	 0.0000
3.4669 	 95.1165 	 148.9507 	 -53.5789 	 28.7193 	 44.9790 	 -16.2380 	 -0.0000 	 -0.0000 	 0.0000
3.4770 	 95.4042 	 149.4014 	 -53.7416 	 28.7193 	 44.9790 	 -16.2380 	 -0.0000 	 -0.0000 	 0.0000
3.4870 	 95.6920 	 149.8521 	 -53.9043 	 28.7193 	 44.9790 	 -16.2380 	 -0.0000 	 -0.0000 	 0.0000
3.4970 	 95.9798 	 150.3027 	 -54.0670 	 28.7193 	 44.9790 	 -16.2380 	 -0.0000 	 -0.0000 	 0.0000
3.5070 	 96.2676 	 150.7534 	 -54.2297 	 28.7193 	 44.9790 	 -16.2380 	 -0.0000 	 -0.0000 	 0.0000
3.5170 	 96.5553 	 151.2041 	 -54.3924 	 28.7193 	 44.9790 	 -16.2380 	 -0.0000 	 -0.0000 	 0.0000
3.5271 	 96.8431 	 151.6548 	 -54.5551 	 28.7193 	 44.9790 	 -16.2380 	 -0.0000 	 -0.0000 	 0.0000
3.5371 	 97.1309 	 152.1055 	 -54.7178 	 28.7193 	 44.9790 	 -16.2380 	 -0.0000 	 -0.0000 	 0.0000
3.5471 	 97.4186 	 152.5562 	 -54.8806 	 28.7193 	 44.9790 	 -16.2380 	 -0.0000 	 -0.0000 	 0.0000
3.5571 	 97.7064 	 153.0069 	 -55.0433 	 28.7193 	 44.9790 	 -16.2380 	 -0.0000 	 -0.0000 	 0.0000
3.5671 	 97.9942 	 153.4576 	 -55.2060 	 28.7193 	 44.9790 	 -16.2380 	 -0.0000 	 -0.0000 	 0.0000
3.5772 	 98.2819 	 153.9083 	 -55.3687 	 28.7193 	 44.9790 	 -16.2380 	 -0.0000 	 -0.0000 	 0.0000
3.5872 	 98.5697 	 154.3590 	 -55.5314 	 28.7193 	 44.9790 	 -16.2380 	 -0.0000 	 -0.0000 	 0.0000
3.5972 	 98.8575 	 154.8097 	 -55.6941 	 28.7193 	 44.9790 	 -16.2380 	 -0.0000 	 -0.0000 	 0.0000
3.6072 	 99.1452 	 155.2604 	 -55.8568 	 28.7193 	 44.9790 	 -16.2380 	 -0.0000 	 -0.0000 	 0.0000
3.6172 	 99.4330 	 155.7110 	 -56.0195 	 28.7193 	 44.9790 	 -16.2380 	 -0.0000 	 -0.0000 	 0.0000
3.6273 	 99.7208 	 156.1617 	 -56.1822 	 28.7193 	 44.9790 	 -16.2380 	 -0.0000 	 -0.0000 	 0.0000
3.6373 	 100.0085 	 156.6124 	 -56.3449 	 28.7193 	 44.9790 	 -16.2380 	 -0.0000 	 -0.0000 	 0.0000
3.6473 	 100.2963 	 157.0631 	 -56.5076 	 28.7193 	 44.9790 	 -16.2380 	 -0.0000 	 -0.0000 	 0.0000
3.6573 	 100.5841 	 157.5138 	 -56.6703 	 28.7193 	 44.9790 	 -16.2380 	 -0.0000 	 -0.0000 	 0.0000
3.6673 	 100.8718 	 157.9645 	 -56.8330 	 28.7193 	 44.9790 	 -16.2380 	 -0.0000 	 -0.0000 	 0.0000
3.6774 	 101.1596 	 158.4152 	 -56.9957 	 28.7193 	 44.9790 	 -16.2380 	 -0.0000 	 -0.0000 	 0.0000
3.6874 	 101.4474 	 158.8659 	 -57.1584 	 28.7193 	 44.9790 	 -16.2380 	 -0.0000 	 -0.0000 	 0.0000
3.6974 	 101.7351 	 159.3166 	 -57.3211 	 28.7193 	 44.9790 	 -16.2380 	 -0.0000 	 -0.0000 	 0.0000
3.7074 	 102.0229 	 159.7673 	 -57.4838 	 28.7193 	 44.9790 	 -16.2380 	 -0.0000 	 -0.0000 	 0.0000
3.7174 	 102.3107 	 160.2180 	 -57.6466 	 28.7193 	 44.9790 	 -16.2380 	 -0.0000 	 -0.0000 	 0.0000
3.7275 	 102.5985 	 160.6687 	 -57.8093 	 28.7193 	 44.9790 	 -16.2380 	 -0.0000 	 -0.0000 	 0.0000
3.7375 	 102.8862 	 161.1193 	 -57.9720 	 28.7193 	 44.9790 	 -16.2380 	 -0.0000 	 -0.0000 	 0.0000
3.7475 	 103.1740 	 161.5700 	 -58.1347 	 28.7193 	 44.9790 	 -16.2380 	 -0.0000 	 -0.0000 	 0.0000
3.7575 	 103.4618 	 162.0207 	 -58.2974 	 28.7193 	 44.9790 	 -16.2380 	 -0.0000 	 -0.0000 	 0.0000
3.7675 	 103.7495 	 162.4714 	 -58.4601 	 28.7193 	 44.9790 	 -16.2380 	 -0.0000 	 -0.0000 	 0.0000
3.7776 	 104.0373 	 162.9221 	 -58.6228 	 28.7193 	 44.9790 	 -16.2380 	 -0.0000 	 -0.0000 	 0.0000
3.7876 	 104.3251 	 163.3728 	 -58.7855 	 28.7193 	 44.9790 	 -16.2380 	 -0.0000 	 -0.0000 	 0.0000
3.7976 	 104.6128 	 163.8235 	 -58.9482 	 28.7193 	 44.9790 	 -16.2380 	 -0.0000 	 -0.0000 	 0.0000
3.8076 	 104.9006 	 164.2742 	 -59.1109 	 28.7193 	 44.9790 	 -16.2380 	 -0.0000 	 -0.0000 	 0.0000
3.8176 	 105.1884 	 164.7249 	 -59.2736 	 28.7193 	 44.9790 	 -16.2380 	 -0.0000 	 -0.0000 	 0.0000
3.8277 	 105.4761 	 165.1756 	 -59.4363 	 28.7193 	 44.9790 	 -16.2380 	 -0.0000 	 -0.0000 	 0.0000
3.8377 	 105.7639 	 165.6263 	 -59.5990 	 28.7193 	 44.9790 	 -16.2380 	 -0.0000 	 -0.0000 	 0.0000
3.8477 	 106.0517 	 166.0770 	 -59.7617 	 28.7193 	 44.9790 	 -16.2380 	 -0.0000 	 -0.0000 	 0.0000
3.8577 	 106.3394 	 166.5276 	 -59.9244 	 28.7193 	 44.9790 	 -16.2380 	 -0.0000 	 -0.0000 	 0.0000
3.8677 	 106.6272 	 166.9783 	 -60.0871 	 28.7193 	 44.9790 	 -16.2380 	 -0.0000 	 -0.0000 	 0.0000
3.8778 	 106.9150 	 167.4290 	 -60.2498 	 28.7193 	 44.9790 	 -16.2380 	 -0.0000 	 -0.0000 	 0.0000
3.8878 	 107.2027 	 167.8797 	 -60.4126 	 28.7193 	 44.9790 	 -16.2380 	 -0.0000 	 -0.0000 	 0.0000
3.8978 	 107.4905 	 168.3304 	 -60.5753 	 28.7193 	 44.9790 	 -16.2380 	 -0.0000 	 -0.0000 	 0.0000
3.9078 	 107.7783 	 168.7811 	 -60.7380 	 28.7193 	 44.9790 	 -16.2380 	 -0.0000 	 -0.0000 	 0.0000
3.9178 	 108.0660 	 169.2318 	 -60.9007 	 28.7193 	 44.9790 	 -16.2380 	 -0.0000 	 -0.0000 	 0.0000
3.9279 	 108.3538 	 169.6825 	 -61.0634 	 28.7193 	 44.9790 	 -16.2380 	 -0.0000 	 -0.0000 	 0.0000
3.9379 	 108.6416 	 170.1332 	 -61.2261 	 28.7193 	 44.9790 	 -16.2380 	 -0.0000 	 -0.0000 	 0.0000
3.9479 	 108.9293 	 170.5839 	 -61.3888 	 28.7193 	 44.9790 	 -16.2380 	 -0.0000 	 -0.0000 	 0.0000
3.9579 	 109.2171 	 171.0346 	 -61.5515 	 28.7193 	 44.9790 	 -16.2380 	 -0.0000 	 -0.0000 	 0.0000
3.9679 	 109.5049 	 171.4853 	 -61.7142 	 28.7193 	 44.9790 	 -16.2380 	 -0.0000 	 -0.0000 	 0.0000
3.9780 	 109.7927 	 171.9359 	 -61.8769 	 28.7193 	 44.9790 	 -16.2380 	 -0.0000 	 -0.0000 	 0.0000
3.9880 	 110.0804 	 172.3866 	 -62.0396 	 28.7193 	 44.9790 	 -16.2380 	 -0.0000 	 -0.0000 	 0.0000
3.9980 	 110.3682 	 172.8373 	 -62.2023 	 28.7193 	 44.9790 	 -16.2380 	 -0.0000 	 -0.0000 	 0.0000
4.0080 	 110.6560 	 173.2880 	 -62.3650 	 28.7193 	 44.9790 	 -16.2380 	 -0.0000 	 -0.0000 	 0.0000
4.0180 	 110.9437 	 173.7387 	 -62.5277 	 28.7193 	 44.9790 	 -16.2380 	 -0.0000 	 -0.0000 	 0.0000
4.0281 	 111.2315 	 174.1894 	 -62.6904 	 28.7193 	 44.9790 	 -16.2380 	 -0.0000 	 -0.0000 	 0.0000
4.0381 	 111.5193 	 174.6401 	 -62.8531 	 28.7193 	 44.9790 	 -16.2380 	 -0.0000 	 -0.0000 	 0.0000
4.0481 	 111.8070 	 175.0908 	 -63.0158 	 28.7193 	 44.9790 	 -16.2380 	 -0.0000 	 -0.0000 	 0.0000
4.0581 	 112.0948 	 175.5415 	 -63.1786 	 28.7193 	 44.9790 	 -16.2380 	 -0.0000 	 -0.0000 	 0.0000
4.0681 	 112.3826 	 175.9922 	 -63.3413 	 28.7193 	 44.9790 	 -16.2380 	 -0.0000 	 -0.0000 	 0.0000
4.0782 	 112.6703 	 176.4429 	 -63.5040 	 28.7193 	 44.9790 	 -16.2380 	 -0.0000 	 -0.0000 	 0.0000
4.0882 	 112.9581 	 176.8936 	 -63.6667 	 28.7193 	 44.9790 	 -16.2380 	 -0.0000 	 -0.0000 	 0.0000
4.0982 	 113.2459 	 177.3442 	 -63.8294 	 28.7193 	 44.9790 	 -16.2380 	 -0.0000 	 -0.0000 	 0.0000
4.1082 	 113.5336 	 177.7949 	 -63.9921 	 28.7193 	 44.9790 	 -16.2380 	 -0.0000 	 -0.0000 	 0.0000
4.1182 	 113.8214 	 178.2456 	 -64.1548 	 28.7193 	 44.9790 	 -16.2380 	 -0.0000 	 -0.0000 	 0.0000
4.1283 	 114.1092 	 178.6963 	 -64.3175 	 28.7193 	 44.9790 	 -16.2380 	 -0.0000 	 -0.0000 	 0.0000
4.1383 	 114.3969 	 179.1470 	 -64.4802 	 28.7193 	 44.9790 	 -16.2380 	 -0.0000 	 -0.0000 	 0.0000
4.1483 	 114.6847 	 179.5977 	 -64.6429 	 28.7193 	 44.9790 	 -16.2380 	 -0.0000 	 -0.0000 	 0.0000
4.1583 	 114.9725 	 180.0484 	 -64.8056 	 28.7193 	 44.9790 	 -16.2380 	 -0.0000 	 -0.0000 	 0.0000
4.1683 	 115.2602 	 180.4991 	 -64.9683 	 28.7193 	 44.9790 	 -16.2380 	 -0.0000 	 -0.0000 	 0.0000
4.1784 	 115.5480 	 180.9498 	 -65.1310 	 28.7193 	 44.9790 	 -16.2380 	 -0.0000 	 -0.0000 	 0.0000
4.1884 	 115.8358 	 181.4005 	 -65.2937 	 28.7193 	 44.9790 	 -16.2380 	 -0.0000 	 -0.0000 	 0.0000
4.1984 	 116.1236 	 181.8512 	 -65.4564 	 28.7193 	 44.9790 	 -16.2380 	 -0.0000 	 -0.0000 	 0.0000
4.2084 	 116.4113 	 182.3019 	 -65.6191 	 28.7193 	 44.9790 	 -16.2380 	 -0.0000 	 -0.0000 	 0.0000
4.2184 	 116.6991 	 182.7525 	 -65.7818 	 28.7193 	 44.9790 	 -16.2380 	 -0.0000 	 -0.0000 	 0.0000
4.2285 	 116.9869 	 183.2032 	 -65.9446 	 28.7193 	 44.9790 	 -16.2380 	 -0.0000 	 -0.0000 	 0.0000
4.2385 	 117.2746 	 183.6539 	 -66.1073 	 28.7193 	 44.9790 	 -16.2380 	 -0.0000 	 -0.0000 	 0.0000
4.2485 	 117.5624 	 184.1046 	 -66.2700 	 28.7193 	 44.9790 	 -16.2380 	 -0.0000 	 -0.0000 	 0.0000
4.2585 	 117.8502 	 184.5553 	 -66.4327 	 28.7193 	 44.9790 	 -16.2380 	 -0.0000 	 -0.0000 	 0.0000
4.2685 	 118.1379 	 185.0060 	 -66.5954 	 28.7193 	 44.9790 	 -16.2380 	 -0.0000 	 -0.0000 	 0.0000
4.2786 	 118.4257 	 185.4567 	 -66.7581 	 28.7193 	 44.9790 	 -16.2380 	 -0.0000 	 -0.0000 	 0.0000
4.2886 	 118.7135 	 185.9074 	 -66.9208 	 28.7193 	 44.9790 	 -16.2380 	 -0.0000 	 -0.0000 	 0.0000
4.2986 	 119.0012 	 186.3581 	 -67.0835 	 28.7193 	 44.9790 	 -16.2380 	 -0.0000 	 -0.0000 	 0.0000
4.3086 	 119.2890 	 186.8088 	 -67.2462 	 28.7193 	 44.9790 	 -16.2380 	 -0.0000 	 -0.0000 	 0.0000
4.3186 	 119.5768 	 187.2595 	 -67.4089 	 28.7193 	 44.9790 	 -16.2380 	 -0.0000 	 -0.0000 	 0.0000
4.3287 	 119.8645 	 187.7102 	 -67.5716 	 28.7193 	 44.9790 	 -16.2380 	 -0.0000 	 -0.0000 	 0.0000
4.3387 	 120.1523 	 188.1608 	 -67.7343 	 28.7193 	 44.9790 	 -16.2380 	 -0.0000 	 -0.0000 	 0.0000
4.3487 	 120.4401 	 188.6115 	 -67.8970 	 28.7193 	 44.9790 	 -16.2380 	 -0.0000 	 -0.0000 	 0.0000
4.3587 	 120.7278 	 189.0622 	 -68.0597 	 28.7193 	 44.9790 	 -16.2380 	 -0.0000 	 -0.0000 	 0.0000
4.3687 	 121.0156 	 189.5129 	 -68.2224 	 28.7193 	 44.9790 	 -16.2380 	 -0.0000 	 -0.0000 	 0.0000
4.3788 	 121.3034 	 189.9636 	 -68.3851 	 28.7193 	 44.9790 	 -16.2380 	 -0.0000 	 -0.0000 	 0.0000
4.3888 	 121.5911 	 190.4143 	 -68.5478 	 28.7193 	 44.9790 	 -16.2380 	 -0.0000 	 -0.0000 	 0.0000
4.3988 	 121.8789 	 190.8650 	 -68.7105 	 28.7193 	 44.9790 	 -16.2380 	 -0.0000 	 -0.0000 	 0.0000
4.4088 	 122.1667 	 191.3157 	 -68.8733 	 28.7193 	 44.9790 	 -16.2380 	 -0.0000 	 -0.0000 	 0.0000
4.4188 	 122.4545 	 191.7664 	 -69.0360 	 28.7193 	 44.9790 	 -16.2380 	 -0.0000 	 -0.0000 	 0.0000
4.4289 	 122.7422 	 192.2171 	 -69.1987 	 28.7193 	 44.9790 	 -16.2380 	 -0.0000 	 -0.0000 	 0.0000
4.4389 	 123.0300 	 192.6678 	 -69.3614 	 28.7193 	 44.9790 	 -16.2380 	 -0.0000 	 -0.0000 	 0.0000
4.4489 	 123.3178 	 193.1185 	 -69.5241 	 28.7193 	 44.9790 	 -16.2380 	 -0.0000 	 -0.0000 	 0.0000
4.4589 	 123.6055 	 193.5691 	 -69.6868 	 28.7193 	 44.9790 	 -16.2380 	 -0.0000 	 -0.0000 	 0.0000
4.4689 	 123.8933 	 194.0198 	 -69.8495 	 28.7193 	 44.9790 	 -16.2380 	 -0.0000 	 -0.0000 	 0.0000
4.4790 	 124.1811 	 194.4705 	 -70.0122 	 28.7193 	 44.9790 	 -16.2380 	 -0.0000 	 -0.0000 	 0.0000
4.4890 	 124.4688 	 194.9212 	 -70.1749 	 28.7193 	 44.9790 	 -16.2380 	 -0.0000 	 -0.0000 	 0.0000
4.4990 	 124.7566 	 195.3719 	 -70.3376 	 28.7193 	 44.9790 	 -16.2380 	 -0.0000 	 -0.0000 	 0.0000
4.5090 	 125.0444 	 195.8226 	 -70.5003 	 28.7193 	 44.9790 	 -16.2380 	 -0.0000 	 -0.0000 	 0.0000
4.5190 	 125.3321 	 196.2733 	 -70.6630 	 28.7193 	 44.9790 	 -16.2380 	 -0.0000 	 -0.0000 	 0.0000
4.5291 	 125.6199 	 196.7240 	 -70.8257 	 28.7193 	 44.9790 	 -16.2380 	 -0.0000 	 -0.0000 	 0.0000
4.5391 	 125.9077 	 197.1747 	 -70.9884 	 28.7193 	 44.9790 	 -16.2380 	 -0.0000 	 -0.0000 	 0.0000
4.5491 	 126.1954 	 197.6254 	 -71.1511 	 28.7193 	 44.9790 	 -16.2380 	 -0.0000 	 -0.0000 	 0.0000
4.5591 	 126.4832 	 198.0761 	 -71.3138 	 28.7193 	 44.9790 	 -16.2380 	 -0.0000 	 -0.0000 	 0.0000
4.5691 	 126.7710 	 198.5268 	 -71.4765 	 28.7193 	 44.9790 	 -16.2380 	 -0.0000 	 -0.0000 	 0.0000
4.5792 	 127.0587 	 198.9774 	 -71.6393 	 28.7193 	 44.9790 	 -16.2380 	 -0.0000 	 -0.0000 	 0.0000
4.5892 	 127.3465 	 199.4281 	 -71.8020 	 28.7193 	 44.9790 	 -16.2380 	 -0.0000 	 -0.0000 	 0.0000
4.5992 	 127.6343 	 199.8788 	 -71.9647 	 28.7193 	 44.9790 	 -16.2380 	 -0.0000 	 -0.0000 	 0.0000
4.6092 	 127.9220 	 200.3295 	 -72.1274 	 28.7193 	 44.9790 	 -16.2380 	 -0.0000 	 -0.0000 	 0.0000
4.6192 	 128.2098 	 200.7802 	 -72.2901 	 28.7193 	 44.9790 	 -16.2380 	 -0.0000 	 -0.0000 	 0.0000
4.6293 	 128.4976 	 201.2309 	 -72.4528 	 28.7193 	 44.9790 	 -16.2380 	 -0.0000 	 -0.0000 	 0.0000
4.6393 	 128.7853 	 201.6816 	 -72.6155 	 28.7193 	 44.9790 	 -16.2380 	 -0.0000 	 -0.0000 	 0.0000
4.6493 	 129.0731 	 202.1323 	 -72.7782 	 28.7193 	 44.9790 	 -16.2380 	 -0.0000 	 -0.0000 	 0.0000
4.6593 	 129.3609 	 202.5830 	 -72.9409 	 28.7193 	 44.9790 	 -16.2380 	 -0.0000 	 -0.0000 	 0.0000
4.6693 	 129.6487 	 203.0337 	 -73.1036 	 28.7193 	 44.9790 	 -16.2380 	 -0.0000 	 -0.0000 	 0.0000
4.6794 	 129.9364 	 203.4844 	 -73.2663 	 28.7193 	 44.9790 	 -16.2380 	 -0.0000 	 -0.0000 	 0.0000
4.6894 	 130.2242 	 203.9351 	 -73.4290 	 28.7193 	 44.9790 	 -16.2380 	 -0.0000 	 -0.0000 	 0.0000
4.6994 	 130.5120 	 204.3857 	 -73.5917 	 28.7193 	 44.9790 	 -16.2380 	 -0.0000 	 -0.0000 	 0.0000
4.7094 	 130.7997 	 204.8364 	 -73.7544 	 28.7193 	 44.9790 	 -16.2380 	 -0.0000 	 -0.0000 	 0.0000
4.7194 	 131.0875 	 205.2871 	 -73.9171 	 28.7193 	 44.9790 	 -16.2380 	 -0.0000 	 -0.0000 	 0.0000
4.7295 	 131.3753 	 205.7378 	 -74.0798 	 28.7193 	 44.9790 	 -16.2380 	 -0.0000 	 -0.0000 	 0.0000
4.7395 	 131.6630 	 206.1885 	 -74.2425 	 28.7193 	 44.9790 	 -16.2380 	 -0.0000 	 -0.0000 	 0.0000
4.7495 	 131.9508 	 206.6392 	 -74.4053 	 28.7193 	 44.9790 	 -16.2380 	 -0.0000 	 -0.0000 	 0.0000
4.7595 	 132.2386 	 207.0899 	 -74.5680 	 28.7193 	 44.9790 	 -16.2380 	 -0.0000 	 -0.0000 	 0.0000
4.7695 	 132.5263 	 207.5406 	 -74.7307 	 28.7193 	 44.9790 	 -16.2380 	 -0.0000 	 -0.0000 	 0.0000
4.7796 	 132.8141 	 207.9913 	 -74.8934 	 28.7193 	 44.9790 	 -16.2380 	 -0.0000 	 -0.0000 	 0.0000
4.7896 	 133.1019 	 208.4420 	 -75.0561 	 28.7193 	 44.9790 	 -16.2380 	 -0.0000 	 -0.0000 	 0.0000
4.7996 	 133.3896 	 208.8927 	 -75.2188 	 28.7193 	 44.9790 	 -16.2380 	 -0.0000 	 -0.0000 	 0.0000
4.8096 	 133.6774 	 209.3434 	 -75.3815 	 28.7193 	 44.9790 	 -16.2380 	 -0.0000 	 -0.0000 	 0.0000
4.8196 	 133.9652 	 209.7940 	 -75.5442 	 28.7193 	 44.9790 	 -16.2380 	 -0.0000 	 -0.0000 	 0.0000
4.8297 	 134.2529 	 210.2447 	 -75.7069 	 28.7193 	 44.9790 	 -16.2380 	 -0.0000 	 -0.0000 	 0.0000
4.8397 	 134.5407 	 210.6954 	 -75.8696 	 28.7193 	 44.9790 	 -16.2380 	 -0.0000 	 -0.0000 	 0.0000
4.8497 	 134.8285 	 211.1461 	 -76.0323 	 28.7193 	 44.9790 	 -16.2380 	 -0.0000 	 -0.0000 	 0.0000
4.8597 	 135.1162 	 211.5968 	 -76.1950 	 28.7193 	 44.9790 	 -16.2380 	 -0.0000 	 -0.0000 	 0.0000
4.8697 	 135.4040 	 212.0475 	 -76.3577 	 28.7193 	 44.9790 	 -16.2380 	 -0.0000 	 -0.0000 	 0.0000
4.8798 	 135.6918 	 212.4982 	 -76.5204 	 28.7193 	 44.9790 	 -16.2380 	 -0.0000 	 -0.0000 	 0.0000
4.8898 	 135.9796 	 212.9489 	 -76.6831 	 28.7193 	 44.9790 	 -16.2380 	 -0.0000 	 -0.0000 	 0.0000
4.8998 	 136.2673 	 213.3996 	 -76.8458 	 28.7193 	 44.9790 	 -16.2380 	 -0.0000 	 -0.0000 	 0.0000
4.9098 	 136.5551 	 213.8503 	 -77.0085 	 28.7193 	 44.9790 	 -16.2380 	 -0.0000 	 -0.0000 	 0.0000
4.9198 	 136.8429 	 214.3010 	 -77.1713 	 28.7193 	 44.9790 	 -16.2380 	 -0.0000 	 -0.0000 	 0.0000
4.9299 	 137.1306 	 214.7517 	 -77.3340 	 28.7193 	 44.9790 	 -16.2380 	 -0.0000 	 -0.0000 	 0.0000
4.9399 	 137.4184 	 215.2023 	 -77.4967 	 28.7193 	 44.9790 	 -16.2380 	 -0.0000 	 -0.0000 	 0.0000
4.9499 	 137.7062 	 215.6530 	 -77.6594 	 28.7193 	 44.9790 	 -16.2380 	 -0.0000 	 -0.0000 	 0.0000
4.9599 	 137.9939 	 216.1037 	 -77.8221 	 28.7193 	 44.9790 	 -16.2380 	 -0.0000 	 -0.0000 	 0.0000
4.9699 	 138.2817 	 216.5544 	 -77.9848 	 28.7193 	 44.9790 	 -16.2380 	 -0.0000 	 -0.0000 	 0.0000
4.9800 	 138.5695 	 217.0051 	 -78.1475 	 28.7193 	 44.9790 	 -16.2380 	 -0.0000 	 -0.0000 	 0.0000
4.9900 	 138.8572 	 217.4558 	 -78.3102 	 28.7193 	 44.9790 	 -16.2380 	 -0.0000 	 -0.0000 	 0.0000
