100-Body Run with i = 16 th particle. (Units in pc,M_solar,Myr, km s-1) 

time		 x 		 y 		 z 		 xdot 		 ydot 		 zdot 		 xddot 		 yddot 		 zddot
0.0000 	 0.0280 	 -0.1656 	 -1.8664 	 -0.0061 	 -0.0114 	 -0.0474 	 0.0236 	 0.0459 	 0.0878
0.0100 	 0.0280 	 -0.1657 	 -1.8668 	 -0.0059 	 -0.0109 	 -0.0465 	 0.0237 	 0.0460 	 0.0876
0.0200 	 0.0279 	 -0.1659 	 -1.8673 	 -0.0056 	 -0.0105 	 -0.0456 	 0.0239 	 0.0461 	 0.0873
0.0301 	 0.0278 	 -0.1660 	 -1.8677 	 -0.0054 	 -0.0100 	 -0.0448 	 0.0241 	 0.0462 	 0.0872
0.0401 	 0.0278 	 -0.1661 	 -1.8682 	 -0.0052 	 -0.0096 	 -0.0439 	 0.0238 	 0.0462 	 0.0868
0.0501 	 0.0277 	 -0.1661 	 -1.8686 	 -0.0049 	 -0.0091 	 -0.0430 	 0.0234 	 0.0461 	 0.0847
0.0601 	 0.0277 	 -0.1662 	 -1.8691 	 -0.0047 	 -0.0086 	 -0.0422 	 0.0244 	 0.0462 	 0.0838
0.0701 	 0.0276 	 -0.1663 	 -1.8695 	 -0.0044 	 -0.0082 	 -0.0414 	 0.0251 	 0.0464 	 0.0836
0.0802 	 0.0276 	 -0.1664 	 -1.8699 	 -0.0042 	 -0.0077 	 -0.0405 	 0.0257 	 0.0465 	 0.0835
0.0902 	 0.0276 	 -0.1665 	 -1.8703 	 -0.0039 	 -0.0072 	 -0.0397 	 0.0263 	 0.0467 	 0.0834
0.1002 	 0.0275 	 -0.1665 	 -1.8707 	 -0.0036 	 -0.0068 	 -0.0389 	 0.0270 	 0.0469 	 0.0833
0.1102 	 0.0275 	 -0.1666 	 -1.8711 	 -0.0034 	 -0.0063 	 -0.0380 	 0.0278 	 0.0470 	 0.0830
0.1202 	 0.0275 	 -0.1667 	 -1.8714 	 -0.0031 	 -0.0058 	 -0.0372 	 0.0285 	 0.0472 	 0.0826
0.1303 	 0.0274 	 -0.1667 	 -1.8718 	 -0.0028 	 -0.0054 	 -0.0364 	 0.0292 	 0.0473 	 0.0821
0.1403 	 0.0274 	 -0.1668 	 -1.8722 	 -0.0025 	 -0.0049 	 -0.0355 	 0.0296 	 0.0473 	 0.0814
0.1503 	 0.0274 	 -0.1668 	 -1.8725 	 -0.0022 	 -0.0044 	 -0.0347 	 0.0297 	 0.0474 	 0.0808
0.1603 	 0.0274 	 -0.1669 	 -1.8729 	 -0.0019 	 -0.0039 	 -0.0339 	 0.0296 	 0.0474 	 0.0801
0.1703 	 0.0273 	 -0.1669 	 -1.8732 	 -0.0016 	 -0.0035 	 -0.0331 	 0.0292 	 0.0475 	 0.0792
0.1804 	 0.0273 	 -0.1669 	 -1.8735 	 -0.0013 	 -0.0030 	 -0.0323 	 0.0285 	 0.0475 	 0.0784
0.1904 	 0.0273 	 -0.1670 	 -1.8739 	 -0.0010 	 -0.0025 	 -0.0316 	 0.0276 	 0.0474 	 0.0777
0.2004 	 0.0273 	 -0.1670 	 -1.8742 	 -0.0008 	 -0.0020 	 -0.0308 	 0.0264 	 0.0471 	 0.0773
0.2104 	 0.0273 	 -0.1670 	 -1.8745 	 -0.0005 	 -0.0016 	 -0.0300 	 0.0251 	 0.0468 	 0.0769
0.2204 	 0.0273 	 -0.1670 	 -1.8748 	 -0.0003 	 -0.0011 	 -0.0292 	 0.0237 	 0.0465 	 0.0764
0.2305 	 0.0273 	 -0.1670 	 -1.8751 	 -0.0000 	 -0.0006 	 -0.0285 	 0.0223 	 0.0462 	 0.0756
0.2405 	 0.0273 	 -0.1670 	 -1.8753 	 0.0002 	 -0.0002 	 -0.0277 	 0.0211 	 0.0459 	 0.0745
0.2505 	 0.0273 	 -0.1670 	 -1.8756 	 0.0004 	 0.0003 	 -0.0270 	 0.0202 	 0.0458 	 0.0731
0.2605 	 0.0273 	 -0.1670 	 -1.8759 	 0.0006 	 0.0008 	 -0.0263 	 0.0197 	 0.0459 	 0.0714
0.2705 	 0.0273 	 -0.1670 	 -1.8761 	 0.0008 	 0.0012 	 -0.0256 	 0.0198 	 0.0463 	 0.0697
0.2806 	 0.0273 	 -0.1670 	 -1.8764 	 0.0010 	 0.0017 	 -0.0249 	 0.0201 	 0.0468 	 0.0682
0.2906 	 0.0273 	 -0.1670 	 -1.8766 	 0.0012 	 0.0022 	 -0.0242 	 0.0207 	 0.0475 	 0.0669
0.3006 	 0.0273 	 -0.1670 	 -1.8769 	 0.0014 	 0.0026 	 -0.0235 	 0.0214 	 0.0482 	 0.0658
0.3106 	 0.0274 	 -0.1669 	 -1.8771 	 0.0016 	 0.0031 	 -0.0229 	 0.0221 	 0.0490 	 0.0649
0.3206 	 0.0274 	 -0.1669 	 -1.8773 	 0.0018 	 0.0036 	 -0.0222 	 0.0227 	 0.0498 	 0.0642
0.3307 	 0.0274 	 -0.1669 	 -1.8776 	 0.0021 	 0.0041 	 -0.0216 	 0.0233 	 0.0506 	 0.0636
0.3407 	 0.0274 	 -0.1668 	 -1.8778 	 0.0023 	 0.0046 	 -0.0209 	 0.0237 	 0.0513 	 0.0630
0.3507 	 0.0274 	 -0.1668 	 -1.8780 	 0.0025 	 0.0051 	 -0.0203 	 0.0241 	 0.0521 	 0.0624
0.3607 	 0.0275 	 -0.1667 	 -1.8782 	 0.0028 	 0.0057 	 -0.0197 	 0.0244 	 0.0528 	 0.0619
0.3707 	 0.0275 	 -0.1666 	 -1.8784 	 0.0030 	 0.0062 	 -0.0191 	 0.0246 	 0.0535 	 0.0612
0.3808 	 0.0275 	 -0.1666 	 -1.8786 	 0.0033 	 0.0067 	 -0.0185 	 0.0248 	 0.0542 	 0.0606
0.3908 	 0.0276 	 -0.1665 	 -1.8787 	 0.0035 	 0.0073 	 -0.0179 	 0.0250 	 0.0549 	 0.0598
0.4008 	 0.0276 	 -0.1664 	 -1.8789 	 0.0038 	 0.0078 	 -0.0173 	 0.0251 	 0.0555 	 0.0590
0.4108 	 0.0276 	 -0.1664 	 -1.8791 	 0.0040 	 0.0084 	 -0.0167 	 0.0252 	 0.0561 	 0.0581
0.4208 	 0.0277 	 -0.1663 	 -1.8792 	 0.0043 	 0.0090 	 -0.0161 	 0.0254 	 0.0567 	 0.0571
0.4309 	 0.0277 	 -0.1662 	 -1.8794 	 0.0045 	 0.0095 	 -0.0155 	 0.0255 	 0.0573 	 0.0560
0.4409 	 0.0278 	 -0.1661 	 -1.8796 	 0.0048 	 0.0101 	 -0.0150 	 0.0257 	 0.0578 	 0.0548
0.4509 	 0.0278 	 -0.1660 	 -1.8797 	 0.0051 	 0.0107 	 -0.0144 	 0.0260 	 0.0583 	 0.0536
0.4609 	 0.0279 	 -0.1659 	 -1.8798 	 0.0053 	 0.0113 	 -0.0139 	 0.0263 	 0.0587 	 0.0523
0.4709 	 0.0279 	 -0.1657 	 -1.8800 	 0.0056 	 0.0119 	 -0.0134 	 0.0266 	 0.0591 	 0.0510
0.4810 	 0.0280 	 -0.1656 	 -1.8801 	 0.0058 	 0.0125 	 -0.0129 	 0.0271 	 0.0595 	 0.0496
0.4910 	 0.0280 	 -0.1655 	 -1.8802 	 0.0061 	 0.0131 	 -0.0124 	 0.0276 	 0.0598 	 0.0482
0.5010 	 0.0281 	 -0.1654 	 -1.8804 	 0.0064 	 0.0137 	 -0.0119 	 0.0281 	 0.0600 	 0.0468
0.5110 	 0.0282 	 -0.1652 	 -1.8805 	 0.0067 	 0.0143 	 -0.0115 	 0.0285 	 0.0599 	 0.0440
0.5210 	 0.0282 	 -0.1651 	 -1.8806 	 0.0070 	 0.0149 	 -0.0110 	 0.0293 	 0.0603 	 0.0422
0.5311 	 0.0283 	 -0.1649 	 -1.8807 	 0.0073 	 0.0155 	 -0.0106 	 0.0300 	 0.0605 	 0.0408
0.5411 	 0.0284 	 -0.1648 	 -1.8808 	 0.0076 	 0.0161 	 -0.0102 	 0.0307 	 0.0607 	 0.0394
0.5511 	 0.0285 	 -0.1646 	 -1.8809 	 0.0079 	 0.0167 	 -0.0098 	 0.0315 	 0.0609 	 0.0381
0.5611 	 0.0285 	 -0.1644 	 -1.8810 	 0.0082 	 0.0173 	 -0.0095 	 0.0323 	 0.0611 	 0.0368
0.5711 	 0.0286 	 -0.1643 	 -1.8811 	 0.0085 	 0.0179 	 -0.0091 	 0.0331 	 0.0613 	 0.0355
0.5812 	 0.0287 	 -0.1641 	 -1.8812 	 0.0089 	 0.0185 	 -0.0087 	 0.0339 	 0.0615 	 0.0342
0.5912 	 0.0288 	 -0.1639 	 -1.8813 	 0.0092 	 0.0192 	 -0.0084 	 0.0348 	 0.0617 	 0.0328
0.6012 	 0.0289 	 -0.1637 	 -1.8814 	 0.0096 	 0.0198 	 -0.0081 	 0.0356 	 0.0620 	 0.0315
0.6112 	 0.0290 	 -0.1635 	 -1.8814 	 0.0099 	 0.0204 	 -0.0078 	 0.0365 	 0.0623 	 0.0302
0.6212 	 0.0291 	 -0.1633 	 -1.8815 	 0.0103 	 0.0210 	 -0.0075 	 0.0374 	 0.0626 	 0.0289
0.6313 	 0.0292 	 -0.1631 	 -1.8816 	 0.0107 	 0.0217 	 -0.0072 	 0.0382 	 0.0630 	 0.0275
0.6413 	 0.0293 	 -0.1628 	 -1.8817 	 0.0111 	 0.0223 	 -0.0069 	 0.0391 	 0.0633 	 0.0261
0.6513 	 0.0294 	 -0.1626 	 -1.8817 	 0.0115 	 0.0229 	 -0.0067 	 0.0400 	 0.0637 	 0.0247
0.6613 	 0.0295 	 -0.1624 	 -1.8818 	 0.0119 	 0.0236 	 -0.0064 	 0.0410 	 0.0642 	 0.0233
0.6713 	 0.0297 	 -0.1621 	 -1.8819 	 0.0123 	 0.0242 	 -0.0062 	 0.0419 	 0.0646 	 0.0218
0.6814 	 0.0298 	 -0.1619 	 -1.8819 	 0.0127 	 0.0249 	 -0.0060 	 0.0428 	 0.0651 	 0.0202
0.6914 	 0.0299 	 -0.1616 	 -1.8820 	 0.0131 	 0.0255 	 -0.0058 	 0.0438 	 0.0656 	 0.0182
0.7014 	 0.0300 	 -0.1614 	 -1.8820 	 0.0136 	 0.0262 	 -0.0056 	 0.0448 	 0.0661 	 0.0162
0.7114 	 0.0302 	 -0.1611 	 -1.8821 	 0.0140 	 0.0268 	 -0.0055 	 0.0458 	 0.0666 	 0.0144
0.7214 	 0.0303 	 -0.1609 	 -1.8821 	 0.0145 	 0.0275 	 -0.0053 	 0.0469 	 0.0671 	 0.0126
0.7315 	 0.0305 	 -0.1606 	 -1.8822 	 0.0150 	 0.0282 	 -0.0052 	 0.0480 	 0.0677 	 0.0108
0.7415 	 0.0306 	 -0.1603 	 -1.8822 	 0.0155 	 0.0289 	 -0.0051 	 0.0492 	 0.0684 	 0.0089
0.7515 	 0.0308 	 -0.1600 	 -1.8823 	 0.0160 	 0.0296 	 -0.0050 	 0.0504 	 0.0690 	 0.0071
0.7615 	 0.0309 	 -0.1597 	 -1.8823 	 0.0165 	 0.0302 	 -0.0050 	 0.0517 	 0.0697 	 0.0051
0.7715 	 0.0311 	 -0.1594 	 -1.8824 	 0.0170 	 0.0309 	 -0.0049 	 0.0530 	 0.0703 	 0.0031
0.7816 	 0.0313 	 -0.1591 	 -1.8824 	 0.0175 	 0.0317 	 -0.0049 	 0.0544 	 0.0710 	 0.0010
0.7916 	 0.0315 	 -0.1588 	 -1.8825 	 0.0181 	 0.0324 	 -0.0049 	 0.0558 	 0.0717 	 -0.0012
0.8016 	 0.0317 	 -0.1584 	 -1.8825 	 0.0187 	 0.0331 	 -0.0049 	 0.0574 	 0.0724 	 -0.0034
0.8116 	 0.0318 	 -0.1581 	 -1.8826 	 0.0192 	 0.0338 	 -0.0050 	 0.0590 	 0.0731 	 -0.0059
0.8216 	 0.0320 	 -0.1577 	 -1.8826 	 0.0198 	 0.0346 	 -0.0051 	 0.0607 	 0.0738 	 -0.0084
0.8317 	 0.0322 	 -0.1574 	 -1.8827 	 0.0205 	 0.0353 	 -0.0052 	 0.0626 	 0.0746 	 -0.0112
0.8417 	 0.0324 	 -0.1570 	 -1.8827 	 0.0211 	 0.0361 	 -0.0053 	 0.0645 	 0.0753 	 -0.0141
0.8517 	 0.0327 	 -0.1567 	 -1.8828 	 0.0217 	 0.0368 	 -0.0054 	 0.0665 	 0.0760 	 -0.0173
0.8617 	 0.0329 	 -0.1563 	 -1.8829 	 0.0224 	 0.0376 	 -0.0056 	 0.0687 	 0.0768 	 -0.0208
0.8717 	 0.0331 	 -0.1559 	 -1.8829 	 0.0231 	 0.0384 	 -0.0059 	 0.0709 	 0.0777 	 -0.0246
0.8818 	 0.0333 	 -0.1555 	 -1.8830 	 0.0238 	 0.0391 	 -0.0061 	 0.0732 	 0.0787 	 -0.0287
0.8918 	 0.0336 	 -0.1551 	 -1.8830 	 0.0246 	 0.0399 	 -0.0064 	 0.0756 	 0.0799 	 -0.0332
0.9018 	 0.0338 	 -0.1547 	 -1.8831 	 0.0254 	 0.0407 	 -0.0068 	 0.0780 	 0.0813 	 -0.0380
0.9118 	 0.0341 	 -0.1543 	 -1.8832 	 0.0262 	 0.0416 	 -0.0072 	 0.0805 	 0.0829 	 -0.0432
0.9218 	 0.0344 	 -0.1539 	 -1.8832 	 0.0270 	 0.0424 	 -0.0077 	 0.0831 	 0.0847 	 -0.0487
0.9319 	 0.0346 	 -0.1535 	 -1.8833 	 0.0278 	 0.0433 	 -0.0082 	 0.0857 	 0.0869 	 -0.0545
0.9419 	 0.0349 	 -0.1530 	 -1.8834 	 0.0287 	 0.0441 	 -0.0088 	 0.0885 	 0.0893 	 -0.0606
0.9519 	 0.0352 	 -0.1526 	 -1.8835 	 0.0296 	 0.0451 	 -0.0094 	 0.0914 	 0.0920 	 -0.0671
0.9619 	 0.0355 	 -0.1521 	 -1.8836 	 0.0305 	 0.0460 	 -0.0101 	 0.0945 	 0.0950 	 -0.0738
0.9719 	 0.0358 	 -0.1517 	 -1.8837 	 0.0315 	 0.0470 	 -0.0109 	 0.0978 	 0.0982 	 -0.0810
0.9820 	 0.0361 	 -0.1512 	 -1.8838 	 0.0325 	 0.0480 	 -0.0117 	 0.1013 	 0.1017 	 -0.0885
0.9920 	 0.0365 	 -0.1507 	 -1.8839 	 0.0335 	 0.0490 	 -0.0127 	 0.1052 	 0.1055 	 -0.0965
1.0020 	 0.0368 	 -0.1502 	 -1.8841 	 0.0346 	 0.0501 	 -0.0137 	 0.1094 	 0.1096 	 -0.1050
1.0120 	 0.0372 	 -0.1497 	 -1.8842 	 0.0357 	 0.0512 	 -0.0148 	 0.1140 	 0.1139 	 -0.1141
1.0220 	 0.0375 	 -0.1492 	 -1.8844 	 0.0369 	 0.0524 	 -0.0160 	 0.1191 	 0.1186 	 -0.1240
1.0321 	 0.0379 	 -0.1487 	 -1.8845 	 0.0381 	 0.0536 	 -0.0172 	 0.1247 	 0.1236 	 -0.1346
1.0421 	 0.0383 	 -0.1481 	 -1.8847 	 0.0394 	 0.0548 	 -0.0187 	 0.1308 	 0.1290 	 -0.1461
1.0521 	 0.0387 	 -0.1476 	 -1.8849 	 0.0407 	 0.0562 	 -0.0202 	 0.1376 	 0.1350 	 -0.1588
1.0621 	 0.0391 	 -0.1470 	 -1.8851 	 0.0421 	 0.0575 	 -0.0218 	 0.1451 	 0.1414 	 -0.1726
1.0721 	 0.0395 	 -0.1464 	 -1.8854 	 0.0436 	 0.0590 	 -0.0236 	 0.1535 	 0.1485 	 -0.1879
1.0822 	 0.0400 	 -0.1458 	 -1.8856 	 0.0452 	 0.0605 	 -0.0256 	 0.1629 	 0.1563 	 -0.2049
1.0922 	 0.0405 	 -0.1452 	 -1.8859 	 0.0469 	 0.0621 	 -0.0278 	 0.1734 	 0.1650 	 -0.2239
1.1022 	 0.0409 	 -0.1446 	 -1.8862 	 0.0487 	 0.0638 	 -0.0301 	 0.1853 	 0.1747 	 -0.2452
1.1122 	 0.0414 	 -0.1439 	 -1.8865 	 0.0506 	 0.0656 	 -0.0327 	 0.1988 	 0.1855 	 -0.2694
1.1222 	 0.0419 	 -0.1432 	 -1.8868 	 0.0527 	 0.0676 	 -0.0355 	 0.2144 	 0.1979 	 -0.2969
1.1323 	 0.0425 	 -0.1425 	 -1.8872 	 0.0549 	 0.0696 	 -0.0386 	 0.2324 	 0.2119 	 -0.3285
1.1423 	 0.0430 	 -0.1418 	 -1.8876 	 0.0574 	 0.0718 	 -0.0421 	 0.2535 	 0.2281 	 -0.3650
1.1523 	 0.0436 	 -0.1411 	 -1.8880 	 0.0600 	 0.0742 	 -0.0460 	 0.2784 	 0.2470 	 -0.4078
1.1623 	 0.0443 	 -0.1404 	 -1.8885 	 0.0630 	 0.0768 	 -0.0503 	 0.3081 	 0.2691 	 -0.4583
1.1723 	 0.0449 	 -0.1396 	 -1.8890 	 0.0662 	 0.0796 	 -0.0552 	 0.3439 	 0.2956 	 -0.5189
1.1824 	 0.0456 	 -0.1388 	 -1.8896 	 0.0699 	 0.0827 	 -0.0608 	 0.3879 	 0.3276 	 -0.5926
1.1924 	 0.0463 	 -0.1379 	 -1.8903 	 0.0740 	 0.0862 	 -0.0671 	 0.4430 	 0.3670 	 -0.6842
1.2024 	 0.0471 	 -0.1370 	 -1.8910 	 0.0788 	 0.0901 	 -0.0745 	 0.5137 	 0.4168 	 -0.8005
1.2124 	 0.0479 	 -0.1361 	 -1.8918 	 0.0844 	 0.0946 	 -0.0833 	 0.6070 	 0.4812 	 -0.9527
1.2224 	 0.0488 	 -0.1351 	 -1.8927 	 0.0911 	 0.0998 	 -0.0938 	 0.7350 	 0.5676 	 -1.1592
1.2325 	 0.0497 	 -0.1341 	 -1.8937 	 0.0993 	 0.1061 	 -0.1068 	 0.9195 	 0.6886 	 -1.4530
1.2425 	 0.0508 	 -0.1330 	 -1.8948 	 0.1098 	 0.1138 	 -0.1234 	 1.2044 	 0.8688 	 -1.8994
1.2525 	 0.0520 	 -0.1318 	 -1.8962 	 0.1241 	 0.1238 	 -0.1458 	 1.6909 	 1.1625 	 -2.6462
1.2625 	 0.0533 	 -0.1305 	 -1.8978 	 0.1453 	 0.1379 	 -0.1787 	 2.6691 	 1.7146 	 -4.1060
1.2725 	 0.0550 	 -0.1290 	 -1.8999 	 0.1828 	 0.1606 	 -0.2353 	 5.3770 	 3.0820 	 -7.9735
1.2826 	 0.0575 	 -0.1270 	 -1.9033 	 0.2950 	 0.2150 	 -0.3922 	 28.0230 	 11.8052 	 -37.3950
1.2926 	 0.0668 	 -0.1323 	 -1.9048 	 1.4353 	 -0.4793 	 -0.6531 	 -9.0903 	 8.7022 	 -1.2213
1.3026 	 0.0811 	 -0.1370 	 -1.9113 	 1.3956 	 -0.4496 	 -0.6490 	 -1.5346 	 0.8072 	 0.5855
1.3126 	 0.0950 	 -0.1415 	 -1.9178 	 1.3862 	 -0.4450 	 -0.6446 	 -0.5682 	 0.2520 	 0.3261
1.3226 	 0.1089 	 -0.1460 	 -1.9242 	 1.3821 	 -0.4433 	 -0.6419 	 -0.2959 	 0.1214 	 0.2241
1.3327 	 0.1227 	 -0.1504 	 -1.9307 	 1.3798 	 -0.4423 	 -0.6400 	 -0.1840 	 0.0724 	 0.1761
1.3427 	 0.1365 	 -0.1548 	 -1.9371 	 1.3783 	 -0.4418 	 -0.6383 	 -0.1277 	 0.0491 	 0.1498
1.3527 	 0.1503 	 -0.1593 	 -1.9435 	 1.3772 	 -0.4413 	 -0.6369 	 -0.0955 	 0.0363 	 0.1336
1.3627 	 0.1641 	 -0.1637 	 -1.9498 	 1.3763 	 -0.4410 	 -0.6356 	 -0.0755 	 0.0286 	 0.1228
1.3727 	 0.1779 	 -0.1681 	 -1.9562 	 1.3756 	 -0.4407 	 -0.6344 	 -0.0623 	 0.0235 	 0.1151
1.3828 	 0.1917 	 -0.1725 	 -1.9625 	 1.3750 	 -0.4405 	 -0.6333 	 -0.0532 	 0.0200 	 0.1093
1.3928 	 0.2055 	 -0.1769 	 -1.9689 	 1.3745 	 -0.4403 	 -0.6323 	 -0.0467 	 0.0175 	 0.1047
1.4028 	 0.2193 	 -0.1813 	 -1.9752 	 1.3741 	 -0.4402 	 -0.6312 	 -0.0418 	 0.0157 	 0.1010
1.4128 	 0.2330 	 -0.1858 	 -1.9815 	 1.3737 	 -0.4400 	 -0.6302 	 -0.0382 	 0.0143 	 0.0979
1.4228 	 0.2468 	 -0.1902 	 -1.9878 	 1.3733 	 -0.4399 	 -0.6293 	 -0.0354 	 0.0132 	 0.0952
1.4329 	 0.2605 	 -0.1946 	 -1.9941 	 1.3730 	 -0.4398 	 -0.6283 	 -0.0332 	 0.0124 	 0.0928
1.4429 	 0.2743 	 -0.1990 	 -2.0004 	 1.3727 	 -0.4396 	 -0.6274 	 -0.0315 	 0.0117 	 0.0907
1.4529 	 0.2881 	 -0.2034 	 -2.0067 	 1.3724 	 -0.4395 	 -0.6265 	 -0.0301 	 0.0111 	 0.0888
1.4629 	 0.3018 	 -0.2078 	 -2.0130 	 1.3721 	 -0.4394 	 -0.6256 	 -0.0290 	 0.0106 	 0.0871
1.4729 	 0.3155 	 -0.2122 	 -2.0193 	 1.3718 	 -0.4393 	 -0.6248 	 -0.0280 	 0.0102 	 0.0854
1.4830 	 0.3293 	 -0.2166 	 -2.0255 	 1.3715 	 -0.4392 	 -0.6239 	 -0.0273 	 0.0099 	 0.0839
1.4930 	 0.3430 	 -0.2210 	 -2.0318 	 1.3712 	 -0.4391 	 -0.6231 	 -0.0267 	 0.0096 	 0.0825
1.5030 	 0.3568 	 -0.2254 	 -2.0380 	 1.3710 	 -0.4390 	 -0.6223 	 -0.0262 	 0.0094 	 0.0811
1.5130 	 0.3705 	 -0.2298 	 -2.0442 	 1.3707 	 -0.4389 	 -0.6214 	 -0.0257 	 0.0091 	 0.0798
1.5230 	 0.3842 	 -0.2342 	 -2.0505 	 1.3704 	 -0.4388 	 -0.6207 	 -0.0254 	 0.0089 	 0.0786
1.5331 	 0.3980 	 -0.2386 	 -2.0567 	 1.3702 	 -0.4387 	 -0.6199 	 -0.0251 	 0.0088 	 0.0774
1.5431 	 0.4117 	 -0.2430 	 -2.0629 	 1.3699 	 -0.4387 	 -0.6191 	 -0.0248 	 0.0086 	 0.0762
1.5531 	 0.4254 	 -0.2474 	 -2.0691 	 1.3697 	 -0.4386 	 -0.6183 	 -0.0246 	 0.0085 	 0.0751
1.5631 	 0.4391 	 -0.2518 	 -2.0753 	 1.3694 	 -0.4385 	 -0.6176 	 -0.0244 	 0.0083 	 0.0740
1.5731 	 0.4529 	 -0.2562 	 -2.0815 	 1.3692 	 -0.4384 	 -0.6169 	 -0.0243 	 0.0082 	 0.0729
1.5832 	 0.4666 	 -0.2605 	 -2.0876 	 1.3690 	 -0.4383 	 -0.6161 	 -0.0241 	 0.0081 	 0.0719
1.5932 	 0.4803 	 -0.2649 	 -2.0938 	 1.3687 	 -0.4382 	 -0.6154 	 -0.0240 	 0.0080 	 0.0709
1.6032 	 0.4940 	 -0.2693 	 -2.1000 	 1.3685 	 -0.4382 	 -0.6147 	 -0.0239 	 0.0079 	 0.0699
1.6132 	 0.5077 	 -0.2737 	 -2.1061 	 1.3682 	 -0.4381 	 -0.6140 	 -0.0238 	 0.0078 	 0.0689
1.6232 	 0.5214 	 -0.2781 	 -2.1123 	 1.3680 	 -0.4380 	 -0.6133 	 -0.0237 	 0.0077 	 0.0680
1.6333 	 0.5351 	 -0.2825 	 -2.1184 	 1.3678 	 -0.4379 	 -0.6127 	 -0.0237 	 0.0077 	 0.0671
1.6433 	 0.5488 	 -0.2869 	 -2.1245 	 1.3675 	 -0.4379 	 -0.6120 	 -0.0236 	 0.0076 	 0.0662
1.6533 	 0.5625 	 -0.2913 	 -2.1307 	 1.3673 	 -0.4378 	 -0.6113 	 -0.0235 	 0.0075 	 0.0653
1.6633 	 0.5762 	 -0.2957 	 -2.1368 	 1.3671 	 -0.4377 	 -0.6107 	 -0.0235 	 0.0074 	 0.0644
1.6733 	 0.5899 	 -0.3000 	 -2.1429 	 1.3668 	 -0.4376 	 -0.6100 	 -0.0234 	 0.0074 	 0.0636
1.6834 	 0.6036 	 -0.3044 	 -2.1490 	 1.3666 	 -0.4376 	 -0.6094 	 -0.0234 	 0.0073 	 0.0628
1.6934 	 0.6173 	 -0.3088 	 -2.1551 	 1.3664 	 -0.4375 	 -0.6088 	 -0.0233 	 0.0073 	 0.0620
1.7034 	 0.6310 	 -0.3132 	 -2.1612 	 1.3661 	 -0.4374 	 -0.6082 	 -0.0233 	 0.0072 	 0.0612
1.7134 	 0.6447 	 -0.3176 	 -2.1673 	 1.3659 	 -0.4373 	 -0.6076 	 -0.0232 	 0.0072 	 0.0604
1.7234 	 0.6584 	 -0.3220 	 -2.1734 	 1.3657 	 -0.4373 	 -0.6070 	 -0.0232 	 0.0071 	 0.0596
1.7335 	 0.6721 	 -0.3263 	 -2.1795 	 1.3654 	 -0.4372 	 -0.6064 	 -0.0231 	 0.0071 	 0.0588
1.7435 	 0.6858 	 -0.3307 	 -2.1856 	 1.3652 	 -0.4371 	 -0.6058 	 -0.0231 	 0.0070 	 0.0581
1.7535 	 0.6994 	 -0.3351 	 -2.1916 	 1.3650 	 -0.4371 	 -0.6052 	 -0.0230 	 0.0070 	 0.0573
1.7635 	 0.7131 	 -0.3395 	 -2.1977 	 1.3647 	 -0.4370 	 -0.6046 	 -0.0230 	 0.0069 	 0.0566
1.7735 	 0.7268 	 -0.3439 	 -2.2037 	 1.3645 	 -0.4369 	 -0.6041 	 -0.0229 	 0.0069 	 0.0559
1.7836 	 0.7405 	 -0.3482 	 -2.2098 	 1.3643 	 -0.4368 	 -0.6035 	 -0.0229 	 0.0068 	 0.0552
1.7936 	 0.7541 	 -0.3526 	 -2.2158 	 1.3640 	 -0.4368 	 -0.6030 	 -0.0228 	 0.0068 	 0.0545
1.8036 	 0.7678 	 -0.3570 	 -2.2219 	 1.3638 	 -0.4367 	 -0.6024 	 -0.0228 	 0.0068 	 0.0538
1.8136 	 0.7815 	 -0.3614 	 -2.2279 	 1.3636 	 -0.4366 	 -0.6019 	 -0.0227 	 0.0067 	 0.0531
1.8236 	 0.7951 	 -0.3657 	 -2.2339 	 1.3634 	 -0.4366 	 -0.6014 	 -0.0227 	 0.0067 	 0.0524
1.8337 	 0.8088 	 -0.3701 	 -2.2400 	 1.3631 	 -0.4365 	 -0.6008 	 -0.0226 	 0.0066 	 0.0518
1.8437 	 0.8224 	 -0.3745 	 -2.2460 	 1.3629 	 -0.4364 	 -0.6003 	 -0.0226 	 0.0066 	 0.0511
1.8537 	 0.8361 	 -0.3789 	 -2.2520 	 1.3627 	 -0.4364 	 -0.5998 	 -0.0225 	 0.0066 	 0.0505
1.8637 	 0.8497 	 -0.3832 	 -2.2580 	 1.3625 	 -0.4363 	 -0.5993 	 -0.0224 	 0.0065 	 0.0499
1.8737 	 0.8634 	 -0.3876 	 -2.2640 	 1.3622 	 -0.4362 	 -0.5988 	 -0.0224 	 0.0065 	 0.0492
1.8838 	 0.8770 	 -0.3920 	 -2.2700 	 1.3620 	 -0.4362 	 -0.5983 	 -0.0223 	 0.0065 	 0.0486
1.8938 	 0.8907 	 -0.3963 	 -2.2760 	 1.3618 	 -0.4361 	 -0.5978 	 -0.0222 	 0.0064 	 0.0480
1.9038 	 0.9043 	 -0.4007 	 -2.2820 	 1.3616 	 -0.4361 	 -0.5974 	 -0.0222 	 0.0064 	 0.0474
1.9138 	 0.9180 	 -0.4051 	 -2.2880 	 1.3613 	 -0.4360 	 -0.5969 	 -0.0221 	 0.0064 	 0.0468
1.9238 	 0.9316 	 -0.4095 	 -2.2939 	 1.3611 	 -0.4359 	 -0.5964 	 -0.0220 	 0.0063 	 0.0463
1.9339 	 0.9452 	 -0.4138 	 -2.2999 	 1.3609 	 -0.4359 	 -0.5960 	 -0.0220 	 0.0063 	 0.0457
1.9439 	 0.9589 	 -0.4182 	 -2.3059 	 1.3607 	 -0.4358 	 -0.5955 	 -0.0219 	 0.0063 	 0.0451
1.9539 	 0.9725 	 -0.4226 	 -2.3118 	 1.3605 	 -0.4357 	 -0.5951 	 -0.0218 	 0.0062 	 0.0446
1.9639 	 0.9861 	 -0.4269 	 -2.3178 	 1.3602 	 -0.4357 	 -0.5946 	 -0.0217 	 0.0062 	 0.0440
1.9739 	 0.9998 	 -0.4313 	 -2.3238 	 1.3600 	 -0.4356 	 -0.5942 	 -0.0216 	 0.0062 	 0.0435
1.9840 	 1.0134 	 -0.4356 	 -2.3297 	 1.3598 	 -0.4356 	 -0.5937 	 -0.0198 	 0.0054 	 0.0410
1.9940 	 1.0270 	 -0.4400 	 -2.3357 	 1.3596 	 -0.4355 	 -0.5933 	 -0.0198 	 0.0054 	 0.0405
2.0040 	 1.0406 	 -0.4444 	 -2.3416 	 1.3594 	 -0.4354 	 -0.5929 	 -0.0197 	 0.0054 	 0.0400
2.0140 	 1.0543 	 -0.4487 	 -2.3475 	 1.3592 	 -0.4354 	 -0.5925 	 -0.0197 	 0.0054 	 0.0396
2.0240 	 1.0679 	 -0.4531 	 -2.3535 	 1.3590 	 -0.4353 	 -0.5921 	 -0.0196 	 0.0054 	 0.0391
2.0341 	 1.0815 	 -0.4575 	 -2.3594 	 1.3588 	 -0.4353 	 -0.5917 	 -0.0195 	 0.0053 	 0.0386
2.0441 	 1.0951 	 -0.4618 	 -2.3653 	 1.3586 	 -0.4352 	 -0.5914 	 -0.0195 	 0.0053 	 0.0382
2.0541 	 1.1087 	 -0.4662 	 -2.3713 	 1.3584 	 -0.4352 	 -0.5910 	 -0.0194 	 0.0053 	 0.0377
2.0641 	 1.1223 	 -0.4705 	 -2.3772 	 1.3582 	 -0.4351 	 -0.5906 	 -0.0193 	 0.0053 	 0.0373
2.0741 	 1.1360 	 -0.4749 	 -2.3831 	 1.3580 	 -0.4351 	 -0.5902 	 -0.0192 	 0.0053 	 0.0368
2.0842 	 1.1496 	 -0.4793 	 -2.3890 	 1.3579 	 -0.4350 	 -0.5899 	 -0.0192 	 0.0052 	 0.0364
2.0942 	 1.1632 	 -0.4836 	 -2.3949 	 1.3577 	 -0.4350 	 -0.5895 	 -0.0191 	 0.0052 	 0.0360
2.1042 	 1.1768 	 -0.4880 	 -2.4008 	 1.3575 	 -0.4349 	 -0.5891 	 -0.0190 	 0.0052 	 0.0356
2.1142 	 1.1904 	 -0.4923 	 -2.4067 	 1.3573 	 -0.4349 	 -0.5888 	 -0.0189 	 0.0052 	 0.0351
2.1242 	 1.2040 	 -0.4967 	 -2.4126 	 1.3571 	 -0.4348 	 -0.5884 	 -0.0188 	 0.0052 	 0.0347
2.1343 	 1.2176 	 -0.5011 	 -2.4185 	 1.3569 	 -0.4348 	 -0.5881 	 -0.0188 	 0.0051 	 0.0343
2.1443 	 1.2312 	 -0.5054 	 -2.4244 	 1.3567 	 -0.4347 	 -0.5878 	 -0.0187 	 0.0051 	 0.0339
2.1543 	 1.2448 	 -0.5098 	 -2.4303 	 1.3565 	 -0.4347 	 -0.5874 	 -0.0186 	 0.0051 	 0.0335
2.1643 	 1.2583 	 -0.5141 	 -2.4362 	 1.3563 	 -0.4346 	 -0.5871 	 -0.0185 	 0.0051 	 0.0332
2.1743 	 1.2719 	 -0.5185 	 -2.4421 	 1.3562 	 -0.4346 	 -0.5867 	 -0.0184 	 0.0051 	 0.0328
2.1844 	 1.2855 	 -0.5228 	 -2.4479 	 1.3560 	 -0.4345 	 -0.5864 	 -0.0183 	 0.0050 	 0.0324
2.1944 	 1.2991 	 -0.5272 	 -2.4538 	 1.3558 	 -0.4345 	 -0.5861 	 -0.0183 	 0.0050 	 0.0320
2.2044 	 1.3127 	 -0.5315 	 -2.4597 	 1.3556 	 -0.4344 	 -0.5858 	 -0.0182 	 0.0050 	 0.0317
2.2144 	 1.3263 	 -0.5359 	 -2.4655 	 1.3554 	 -0.4344 	 -0.5855 	 -0.0181 	 0.0050 	 0.0313
2.2244 	 1.3399 	 -0.5402 	 -2.4714 	 1.3552 	 -0.4343 	 -0.5852 	 -0.0180 	 0.0050 	 0.0309
2.2345 	 1.3534 	 -0.5446 	 -2.4773 	 1.3551 	 -0.4343 	 -0.5848 	 -0.0179 	 0.0049 	 0.0306
2.2445 	 1.3670 	 -0.5489 	 -2.4831 	 1.3549 	 -0.4342 	 -0.5845 	 -0.0178 	 0.0049 	 0.0303
2.2545 	 1.3806 	 -0.5533 	 -2.4890 	 1.3547 	 -0.4342 	 -0.5842 	 -0.0177 	 0.0049 	 0.0299
2.2645 	 1.3942 	 -0.5576 	 -2.4948 	 1.3545 	 -0.4341 	 -0.5839 	 -0.0176 	 0.0049 	 0.0296
2.2745 	 1.4077 	 -0.5620 	 -2.5007 	 1.3544 	 -0.4341 	 -0.5836 	 -0.0176 	 0.0049 	 0.0293
2.2846 	 1.4213 	 -0.5663 	 -2.5065 	 1.3542 	 -0.4340 	 -0.5834 	 -0.0175 	 0.0048 	 0.0289
2.2946 	 1.4349 	 -0.5707 	 -2.5124 	 1.3540 	 -0.4340 	 -0.5831 	 -0.0174 	 0.0048 	 0.0286
2.3046 	 1.4484 	 -0.5750 	 -2.5182 	 1.3538 	 -0.4339 	 -0.5828 	 -0.0173 	 0.0048 	 0.0283
2.3146 	 1.4620 	 -0.5794 	 -2.5241 	 1.3537 	 -0.4339 	 -0.5825 	 -0.0172 	 0.0048 	 0.0280
2.3246 	 1.4756 	 -0.5837 	 -2.5299 	 1.3535 	 -0.4338 	 -0.5822 	 -0.0171 	 0.0048 	 0.0277
2.3347 	 1.4891 	 -0.5881 	 -2.5357 	 1.3533 	 -0.4338 	 -0.5819 	 -0.0170 	 0.0047 	 0.0274
2.3447 	 1.5027 	 -0.5924 	 -2.5416 	 1.3531 	 -0.4337 	 -0.5817 	 -0.0169 	 0.0047 	 0.0271
2.3547 	 1.5162 	 -0.5968 	 -2.5474 	 1.3530 	 -0.4337 	 -0.5814 	 -0.0168 	 0.0047 	 0.0268
2.3647 	 1.5298 	 -0.6011 	 -2.5532 	 1.3528 	 -0.4336 	 -0.5811 	 -0.0168 	 0.0047 	 0.0265
2.3747 	 1.5433 	 -0.6055 	 -2.5590 	 1.3526 	 -0.4336 	 -0.5809 	 -0.0167 	 0.0046 	 0.0262
2.3848 	 1.5569 	 -0.6098 	 -2.5648 	 1.3525 	 -0.4335 	 -0.5806 	 -0.0166 	 0.0046 	 0.0259
2.3948 	 1.5705 	 -0.6141 	 -2.5707 	 1.3523 	 -0.4335 	 -0.5804 	 -0.0165 	 0.0046 	 0.0256
2.4048 	 1.5840 	 -0.6185 	 -2.5765 	 1.3521 	 -0.4334 	 -0.5801 	 -0.0164 	 0.0046 	 0.0254
2.4148 	 1.5975 	 -0.6228 	 -2.5823 	 1.3520 	 -0.4334 	 -0.5798 	 -0.0163 	 0.0046 	 0.0251
2.4248 	 1.6111 	 -0.6272 	 -2.5881 	 1.3518 	 -0.4333 	 -0.5796 	 -0.0162 	 0.0045 	 0.0248
2.4349 	 1.6246 	 -0.6315 	 -2.5939 	 1.3517 	 -0.4333 	 -0.5793 	 -0.0161 	 0.0045 	 0.0246
2.4449 	 1.6382 	 -0.6359 	 -2.5997 	 1.3515 	 -0.4333 	 -0.5791 	 -0.0160 	 0.0045 	 0.0243
2.4549 	 1.6517 	 -0.6402 	 -2.6055 	 1.3513 	 -0.4332 	 -0.5789 	 -0.0160 	 0.0045 	 0.0241
2.4649 	 1.6653 	 -0.6445 	 -2.6113 	 1.3512 	 -0.4332 	 -0.5786 	 -0.0159 	 0.0045 	 0.0238
2.4749 	 1.6788 	 -0.6489 	 -2.6171 	 1.3510 	 -0.4331 	 -0.5784 	 -0.0158 	 0.0044 	 0.0236
2.4850 	 1.6923 	 -0.6532 	 -2.6229 	 1.3509 	 -0.4331 	 -0.5781 	 -0.0157 	 0.0044 	 0.0233
2.4950 	 1.7059 	 -0.6576 	 -2.6287 	 1.3507 	 -0.4330 	 -0.5779 	 -0.0156 	 0.0044 	 0.0231
2.5050 	 1.7194 	 -0.6619 	 -2.6345 	 1.3505 	 -0.4330 	 -0.5777 	 -0.0155 	 0.0044 	 0.0228
2.5150 	 1.7329 	 -0.6662 	 -2.6403 	 1.3504 	 -0.4329 	 -0.5775 	 -0.0154 	 0.0043 	 0.0226
2.5251 	 1.7465 	 -0.6706 	 -2.6461 	 1.3502 	 -0.4329 	 -0.5772 	 -0.0154 	 0.0043 	 0.0224
2.5351 	 1.7600 	 -0.6749 	 -2.6518 	 1.3501 	 -0.4329 	 -0.5770 	 -0.0153 	 0.0043 	 0.0221
2.5451 	 1.7735 	 -0.6793 	 -2.6576 	 1.3499 	 -0.4328 	 -0.5768 	 -0.0152 	 0.0043 	 0.0219
2.5551 	 1.7870 	 -0.6836 	 -2.6634 	 1.3498 	 -0.4328 	 -0.5766 	 -0.0151 	 0.0043 	 0.0217
2.5651 	 1.8006 	 -0.6879 	 -2.6692 	 1.3496 	 -0.4327 	 -0.5764 	 -0.0150 	 0.0042 	 0.0215
2.5752 	 1.8141 	 -0.6923 	 -2.6749 	 1.3495 	 -0.4327 	 -0.5761 	 -0.0149 	 0.0042 	 0.0212
2.5852 	 1.8276 	 -0.6966 	 -2.6807 	 1.3493 	 -0.4326 	 -0.5759 	 -0.0148 	 0.0042 	 0.0210
2.5952 	 1.8411 	 -0.7009 	 -2.6865 	 1.3492 	 -0.4326 	 -0.5757 	 -0.0148 	 0.0042 	 0.0208
2.6052 	 1.8547 	 -0.7053 	 -2.6923 	 1.3490 	 -0.4326 	 -0.5755 	 -0.0147 	 0.0042 	 0.0206
2.6152 	 1.8682 	 -0.7096 	 -2.6980 	 1.3489 	 -0.4325 	 -0.5753 	 -0.0146 	 0.0041 	 0.0204
2.6253 	 1.8817 	 -0.7139 	 -2.7038 	 1.3487 	 -0.4325 	 -0.5751 	 -0.0145 	 0.0041 	 0.0202
2.6353 	 1.8952 	 -0.7183 	 -2.7095 	 1.3486 	 -0.4324 	 -0.5749 	 -0.0144 	 0.0041 	 0.0200
2.6453 	 1.9087 	 -0.7226 	 -2.7153 	 1.3484 	 -0.4324 	 -0.5747 	 -0.0144 	 0.0041 	 0.0198
2.6553 	 1.9222 	 -0.7269 	 -2.7211 	 1.3483 	 -0.4324 	 -0.5745 	 -0.0143 	 0.0040 	 0.0196
2.6653 	 1.9357 	 -0.7313 	 -2.7268 	 1.3482 	 -0.4323 	 -0.5743 	 -0.0142 	 0.0040 	 0.0194
2.6754 	 1.9492 	 -0.7356 	 -2.7326 	 1.3480 	 -0.4323 	 -0.5741 	 -0.0141 	 0.0040 	 0.0192
2.6854 	 1.9627 	 -0.7399 	 -2.7383 	 1.3479 	 -0.4322 	 -0.5739 	 -0.0140 	 0.0040 	 0.0190
2.6954 	 1.9763 	 -0.7443 	 -2.7441 	 1.3477 	 -0.4322 	 -0.5737 	 -0.0140 	 0.0040 	 0.0189
2.7054 	 1.9898 	 -0.7486 	 -2.7498 	 1.3476 	 -0.4322 	 -0.5735 	 -0.0139 	 0.0039 	 0.0187
2.7154 	 2.0033 	 -0.7529 	 -2.7556 	 1.3475 	 -0.4321 	 -0.5734 	 -0.0138 	 0.0039 	 0.0185
2.7255 	 2.0168 	 -0.7572 	 -2.7613 	 1.3473 	 -0.4321 	 -0.5732 	 -0.0137 	 0.0039 	 0.0183
2.7355 	 2.0303 	 -0.7616 	 -2.7671 	 1.3472 	 -0.4320 	 -0.5730 	 -0.0137 	 0.0039 	 0.0181
2.7455 	 2.0438 	 -0.7659 	 -2.7728 	 1.3470 	 -0.4320 	 -0.5728 	 -0.0136 	 0.0039 	 0.0180
2.7555 	 2.0573 	 -0.7702 	 -2.7785 	 1.3469 	 -0.4320 	 -0.5726 	 -0.0135 	 0.0038 	 0.0178
2.7655 	 2.0707 	 -0.7746 	 -2.7843 	 1.3468 	 -0.4319 	 -0.5725 	 -0.0134 	 0.0038 	 0.0176
2.7756 	 2.0842 	 -0.7789 	 -2.7900 	 1.3466 	 -0.4319 	 -0.5723 	 -0.0133 	 0.0038 	 0.0175
2.7856 	 2.0977 	 -0.7832 	 -2.7957 	 1.3465 	 -0.4318 	 -0.5721 	 -0.0133 	 0.0038 	 0.0173
2.7956 	 2.1112 	 -0.7875 	 -2.8015 	 1.3464 	 -0.4318 	 -0.5719 	 -0.0132 	 0.0038 	 0.0171
2.8056 	 2.1247 	 -0.7919 	 -2.8072 	 1.3462 	 -0.4318 	 -0.5718 	 -0.0131 	 0.0037 	 0.0170
2.8156 	 2.1382 	 -0.7962 	 -2.8129 	 1.3461 	 -0.4317 	 -0.5716 	 -0.0130 	 0.0037 	 0.0168
2.8257 	 2.1517 	 -0.8005 	 -2.8187 	 1.3460 	 -0.4317 	 -0.5714 	 -0.0130 	 0.0037 	 0.0166
2.8357 	 2.1652 	 -0.8048 	 -2.8244 	 1.3459 	 -0.4317 	 -0.5713 	 -0.0129 	 0.0037 	 0.0165
2.8457 	 2.1787 	 -0.8092 	 -2.8301 	 1.3457 	 -0.4316 	 -0.5711 	 -0.0128 	 0.0037 	 0.0163
2.8557 	 2.1921 	 -0.8135 	 -2.8358 	 1.3456 	 -0.4316 	 -0.5709 	 -0.0128 	 0.0036 	 0.0162
2.8657 	 2.2056 	 -0.8178 	 -2.8415 	 1.3455 	 -0.4316 	 -0.5708 	 -0.0127 	 0.0036 	 0.0160
2.8758 	 2.2191 	 -0.8221 	 -2.8473 	 1.3453 	 -0.4315 	 -0.5706 	 -0.0126 	 0.0036 	 0.0159
2.8858 	 2.2326 	 -0.8265 	 -2.8530 	 1.3452 	 -0.4315 	 -0.5705 	 -0.0125 	 0.0036 	 0.0157
2.8958 	 2.2461 	 -0.8308 	 -2.8587 	 1.3451 	 -0.4314 	 -0.5703 	 -0.0125 	 0.0036 	 0.0156
2.9058 	 2.2595 	 -0.8351 	 -2.8644 	 1.3450 	 -0.4314 	 -0.5701 	 -0.0124 	 0.0035 	 0.0155
2.9158 	 2.2730 	 -0.8394 	 -2.8701 	 1.3448 	 -0.4314 	 -0.5700 	 -0.0123 	 0.0035 	 0.0153
2.9259 	 2.2865 	 -0.8438 	 -2.8758 	 1.3447 	 -0.4313 	 -0.5698 	 -0.0123 	 0.0035 	 0.0152
2.9359 	 2.3000 	 -0.8481 	 -2.8815 	 1.3446 	 -0.4313 	 -0.5697 	 -0.0122 	 0.0035 	 0.0150
2.9459 	 2.3134 	 -0.8524 	 -2.8872 	 1.3445 	 -0.4313 	 -0.5695 	 -0.0121 	 0.0035 	 0.0149
2.9559 	 2.3269 	 -0.8567 	 -2.8930 	 1.3444 	 -0.4312 	 -0.5694 	 -0.0121 	 0.0034 	 0.0148
2.9659 	 2.3404 	 -0.8610 	 -2.8987 	 1.3442 	 -0.4312 	 -0.5692 	 -0.0120 	 0.0034 	 0.0146
2.9760 	 2.3539 	 -0.8654 	 -2.9044 	 1.3441 	 -0.4312 	 -0.5691 	 -0.0119 	 0.0034 	 0.0145
2.9860 	 2.3673 	 -0.8697 	 -2.9101 	 1.3440 	 -0.4311 	 -0.5689 	 -0.0119 	 0.0034 	 0.0144
2.9960 	 2.3808 	 -0.8740 	 -2.9158 	 1.3439 	 -0.4311 	 -0.5688 	 -0.0118 	 0.0034 	 0.0142
3.0060 	 2.3943 	 -0.8783 	 -2.9215 	 1.3438 	 -0.4311 	 -0.5687 	 -0.0117 	 0.0034 	 0.0141
3.0160 	 2.4077 	 -0.8826 	 -2.9272 	 1.3436 	 -0.4310 	 -0.5685 	 -0.0117 	 0.0033 	 0.0140
3.0261 	 2.4212 	 -0.8870 	 -2.9329 	 1.3435 	 -0.4310 	 -0.5684 	 -0.0116 	 0.0033 	 0.0139
3.0361 	 2.4346 	 -0.8913 	 -2.9385 	 1.3434 	 -0.4310 	 -0.5682 	 -0.0115 	 0.0033 	 0.0138
3.0461 	 2.4481 	 -0.8956 	 -2.9442 	 1.3433 	 -0.4309 	 -0.5681 	 -0.0115 	 0.0033 	 0.0136
3.0561 	 2.4616 	 -0.8999 	 -2.9499 	 1.3432 	 -0.4309 	 -0.5680 	 -0.0114 	 0.0033 	 0.0135
3.0661 	 2.4750 	 -0.9042 	 -2.9556 	 1.3431 	 -0.4309 	 -0.5678 	 -0.0113 	 0.0032 	 0.0134
3.0762 	 2.4885 	 -0.9086 	 -2.9613 	 1.3430 	 -0.4308 	 -0.5677 	 -0.0113 	 0.0032 	 0.0133
3.0862 	 2.5019 	 -0.9129 	 -2.9670 	 1.3428 	 -0.4308 	 -0.5676 	 -0.0112 	 0.0032 	 0.0132
3.0962 	 2.5154 	 -0.9172 	 -2.9727 	 1.3427 	 -0.4308 	 -0.5674 	 -0.0112 	 0.0032 	 0.0130
3.1062 	 2.5288 	 -0.9215 	 -2.9784 	 1.3426 	 -0.4307 	 -0.5673 	 -0.0111 	 0.0032 	 0.0129
3.1162 	 2.5423 	 -0.9258 	 -2.9841 	 1.3425 	 -0.4307 	 -0.5672 	 -0.0110 	 0.0032 	 0.0128
3.1263 	 2.5557 	 -0.9301 	 -2.9897 	 1.3424 	 -0.4307 	 -0.5670 	 -0.0110 	 0.0031 	 0.0127
3.1363 	 2.5692 	 -0.9344 	 -2.9954 	 1.3423 	 -0.4306 	 -0.5669 	 -0.0109 	 0.0031 	 0.0126
3.1463 	 2.5826 	 -0.9388 	 -3.0011 	 1.3422 	 -0.4306 	 -0.5668 	 -0.0108 	 0.0031 	 0.0125
3.1563 	 2.5961 	 -0.9431 	 -3.0068 	 1.3421 	 -0.4306 	 -0.5667 	 -0.0108 	 0.0031 	 0.0124
3.1663 	 2.6095 	 -0.9474 	 -3.0125 	 1.3420 	 -0.4305 	 -0.5665 	 -0.0107 	 0.0031 	 0.0123
3.1764 	 2.6230 	 -0.9517 	 -3.0181 	 1.3419 	 -0.4305 	 -0.5664 	 -0.0107 	 0.0031 	 0.0122
3.1864 	 2.6364 	 -0.9560 	 -3.0238 	 1.3417 	 -0.4305 	 -0.5663 	 -0.0106 	 0.0030 	 0.0121
3.1964 	 2.6499 	 -0.9603 	 -3.0295 	 1.3416 	 -0.4305 	 -0.5662 	 -0.0106 	 0.0030 	 0.0120
3.2064 	 2.6633 	 -0.9646 	 -3.0352 	 1.3415 	 -0.4304 	 -0.5661 	 -0.0105 	 0.0030 	 0.0119
3.2164 	 2.6768 	 -0.9690 	 -3.0408 	 1.3414 	 -0.4304 	 -0.5659 	 -0.0104 	 0.0030 	 0.0118
3.2265 	 2.6902 	 -0.9733 	 -3.0465 	 1.3413 	 -0.4304 	 -0.5658 	 -0.0104 	 0.0030 	 0.0117
3.2365 	 2.7036 	 -0.9776 	 -3.0522 	 1.3412 	 -0.4303 	 -0.5657 	 -0.0103 	 0.0030 	 0.0116
3.2465 	 2.7171 	 -0.9819 	 -3.0578 	 1.3411 	 -0.4303 	 -0.5656 	 -0.0103 	 0.0029 	 0.0115
3.2565 	 2.7305 	 -0.9862 	 -3.0635 	 1.3410 	 -0.4303 	 -0.5655 	 -0.0102 	 0.0029 	 0.0114
3.2665 	 2.7440 	 -0.9905 	 -3.0692 	 1.3409 	 -0.4302 	 -0.5654 	 -0.0102 	 0.0029 	 0.0113
3.2766 	 2.7574 	 -0.9948 	 -3.0748 	 1.3408 	 -0.4302 	 -0.5653 	 -0.0097 	 0.0028 	 0.0109
3.2866 	 2.7708 	 -0.9991 	 -3.0805 	 1.3407 	 -0.4302 	 -0.5651 	 -0.0096 	 0.0027 	 0.0108
3.2966 	 2.7843 	 -1.0034 	 -3.0862 	 1.3406 	 -0.4302 	 -0.5650 	 -0.0096 	 0.0027 	 0.0107
3.3066 	 2.7977 	 -1.0078 	 -3.0918 	 1.3405 	 -0.4301 	 -0.5649 	 -0.0095 	 0.0027 	 0.0106
3.3166 	 2.8111 	 -1.0121 	 -3.0975 	 1.3404 	 -0.4301 	 -0.5648 	 -0.0095 	 0.0027 	 0.0105
3.3267 	 2.8245 	 -1.0164 	 -3.1031 	 1.3403 	 -0.4301 	 -0.5647 	 -0.0094 	 0.0027 	 0.0104
3.3367 	 2.8380 	 -1.0207 	 -3.1088 	 1.3402 	 -0.4301 	 -0.5646 	 -0.0094 	 0.0027 	 0.0103
3.3467 	 2.8514 	 -1.0250 	 -3.1144 	 1.3401 	 -0.4300 	 -0.5645 	 -0.0093 	 0.0027 	 0.0103
3.3567 	 2.8648 	 -1.0293 	 -3.1201 	 1.3401 	 -0.4300 	 -0.5644 	 -0.0093 	 0.0026 	 0.0102
3.3667 	 2.8783 	 -1.0336 	 -3.1258 	 1.3400 	 -0.4300 	 -0.5643 	 -0.0092 	 0.0026 	 0.0101
3.3768 	 2.8917 	 -1.0379 	 -3.1314 	 1.3399 	 -0.4300 	 -0.5642 	 -0.0092 	 0.0026 	 0.0100
3.3868 	 2.9051 	 -1.0422 	 -3.1371 	 1.3398 	 -0.4299 	 -0.5641 	 -0.0091 	 0.0026 	 0.0099
3.3968 	 2.9185 	 -1.0465 	 -3.1427 	 1.3397 	 -0.4299 	 -0.5640 	 -0.0091 	 0.0026 	 0.0099
3.4068 	 2.9320 	 -1.0508 	 -3.1484 	 1.3396 	 -0.4299 	 -0.5639 	 -0.0090 	 0.0026 	 0.0098
3.4168 	 2.9454 	 -1.0552 	 -3.1540 	 1.3395 	 -0.4298 	 -0.5638 	 -0.0090 	 0.0026 	 0.0097
3.4269 	 2.9588 	 -1.0595 	 -3.1597 	 1.3394 	 -0.4298 	 -0.5637 	 -0.0089 	 0.0025 	 0.0096
3.4369 	 2.9722 	 -1.0638 	 -3.1653 	 1.3393 	 -0.4298 	 -0.5636 	 -0.0089 	 0.0025 	 0.0096
3.4469 	 2.9856 	 -1.0681 	 -3.1710 	 1.3392 	 -0.4298 	 -0.5635 	 -0.0088 	 0.0025 	 0.0095
3.4569 	 2.9991 	 -1.0724 	 -3.1766 	 1.3392 	 -0.4297 	 -0.5634 	 -0.0088 	 0.0025 	 0.0094
3.4669 	 3.0125 	 -1.0767 	 -3.1823 	 1.3391 	 -0.4297 	 -0.5633 	 -0.0087 	 0.0025 	 0.0093
3.4770 	 3.0259 	 -1.0810 	 -3.1879 	 1.3390 	 -0.4297 	 -0.5632 	 -0.0087 	 0.0025 	 0.0093
3.4870 	 3.0393 	 -1.0853 	 -3.1935 	 1.3389 	 -0.4297 	 -0.5631 	 -0.0086 	 0.0025 	 0.0092
3.4970 	 3.0527 	 -1.0896 	 -3.1992 	 1.3388 	 -0.4296 	 -0.5631 	 -0.0086 	 0.0025 	 0.0091
3.5070 	 3.0661 	 -1.0939 	 -3.2048 	 1.3387 	 -0.4296 	 -0.5630 	 -0.0086 	 0.0024 	 0.0090
3.5170 	 3.0796 	 -1.0982 	 -3.2105 	 1.3386 	 -0.4296 	 -0.5629 	 -0.0085 	 0.0024 	 0.0090
3.5271 	 3.0930 	 -1.1025 	 -3.2161 	 1.3385 	 -0.4296 	 -0.5628 	 -0.0085 	 0.0024 	 0.0089
3.5371 	 3.1064 	 -1.1068 	 -3.2217 	 1.3385 	 -0.4295 	 -0.5627 	 -0.0084 	 0.0024 	 0.0088
3.5471 	 3.1198 	 -1.1111 	 -3.2274 	 1.3384 	 -0.4295 	 -0.5626 	 -0.0084 	 0.0024 	 0.0088
3.5571 	 3.1332 	 -1.1154 	 -3.2330 	 1.3383 	 -0.4295 	 -0.5625 	 -0.0083 	 0.0024 	 0.0087
3.5671 	 3.1466 	 -1.1197 	 -3.2387 	 1.3382 	 -0.4295 	 -0.5624 	 -0.0083 	 0.0024 	 0.0086
3.5772 	 3.1600 	 -1.1240 	 -3.2443 	 1.3381 	 -0.4295 	 -0.5623 	 -0.0082 	 0.0024 	 0.0086
3.5872 	 3.1734 	 -1.1283 	 -3.2499 	 1.3380 	 -0.4294 	 -0.5623 	 -0.0082 	 0.0023 	 0.0085
3.5972 	 3.1868 	 -1.1326 	 -3.2556 	 1.3380 	 -0.4294 	 -0.5622 	 -0.0082 	 0.0023 	 0.0084
3.6072 	 3.2002 	 -1.1369 	 -3.2612 	 1.3379 	 -0.4294 	 -0.5621 	 -0.0081 	 0.0023 	 0.0084
3.6172 	 3.2136 	 -1.1412 	 -3.2668 	 1.3378 	 -0.4294 	 -0.5620 	 -0.0081 	 0.0023 	 0.0083
3.6273 	 3.2271 	 -1.1455 	 -3.2725 	 1.3377 	 -0.4293 	 -0.5619 	 -0.0080 	 0.0023 	 0.0083
3.6373 	 3.2405 	 -1.1499 	 -3.2781 	 1.3376 	 -0.4293 	 -0.5618 	 -0.0080 	 0.0023 	 0.0082
3.6473 	 3.2539 	 -1.1542 	 -3.2837 	 1.3376 	 -0.4293 	 -0.5618 	 -0.0080 	 0.0023 	 0.0081
3.6573 	 3.2673 	 -1.1585 	 -3.2893 	 1.3375 	 -0.4293 	 -0.5617 	 -0.0079 	 0.0023 	 0.0081
3.6673 	 3.2807 	 -1.1628 	 -3.2950 	 1.3374 	 -0.4292 	 -0.5616 	 -0.0079 	 0.0022 	 0.0080
3.6774 	 3.2941 	 -1.1671 	 -3.3006 	 1.3373 	 -0.4292 	 -0.5615 	 -0.0078 	 0.0022 	 0.0080
3.6874 	 3.3075 	 -1.1714 	 -3.3062 	 1.3372 	 -0.4292 	 -0.5614 	 -0.0078 	 0.0022 	 0.0079
3.6974 	 3.3209 	 -1.1757 	 -3.3118 	 1.3372 	 -0.4292 	 -0.5614 	 -0.0078 	 0.0022 	 0.0078
3.7074 	 3.3343 	 -1.1800 	 -3.3175 	 1.3371 	 -0.4292 	 -0.5613 	 -0.0077 	 0.0022 	 0.0078
3.7174 	 3.3477 	 -1.1843 	 -3.3231 	 1.3370 	 -0.4291 	 -0.5612 	 -0.0077 	 0.0022 	 0.0077
3.7275 	 3.3611 	 -1.1886 	 -3.3287 	 1.3369 	 -0.4291 	 -0.5611 	 -0.0076 	 0.0022 	 0.0077
3.7375 	 3.3744 	 -1.1929 	 -3.3343 	 1.3369 	 -0.4291 	 -0.5611 	 -0.0076 	 0.0022 	 0.0076
3.7475 	 3.3878 	 -1.1972 	 -3.3400 	 1.3368 	 -0.4291 	 -0.5610 	 -0.0076 	 0.0022 	 0.0076
3.7575 	 3.4012 	 -1.2015 	 -3.3456 	 1.3367 	 -0.4290 	 -0.5609 	 -0.0075 	 0.0021 	 0.0075
3.7675 	 3.4146 	 -1.2058 	 -3.3512 	 1.3366 	 -0.4290 	 -0.5608 	 -0.0075 	 0.0021 	 0.0075
3.7776 	 3.4280 	 -1.2101 	 -3.3568 	 1.3366 	 -0.4290 	 -0.5608 	 -0.0074 	 0.0021 	 0.0074
3.7876 	 3.4414 	 -1.2144 	 -3.3624 	 1.3365 	 -0.4290 	 -0.5607 	 -0.0074 	 0.0021 	 0.0074
3.7976 	 3.4548 	 -1.2186 	 -3.3681 	 1.3364 	 -0.4290 	 -0.5606 	 -0.0074 	 0.0021 	 0.0073
3.8076 	 3.4682 	 -1.2229 	 -3.3737 	 1.3363 	 -0.4289 	 -0.5605 	 -0.0073 	 0.0021 	 0.0073
3.8176 	 3.4816 	 -1.2272 	 -3.3793 	 1.3363 	 -0.4289 	 -0.5605 	 -0.0073 	 0.0021 	 0.0072
3.8277 	 3.4950 	 -1.2315 	 -3.3849 	 1.3362 	 -0.4289 	 -0.5604 	 -0.0073 	 0.0021 	 0.0072
3.8377 	 3.5084 	 -1.2358 	 -3.3905 	 1.3361 	 -0.4289 	 -0.5603 	 -0.0072 	 0.0021 	 0.0071
3.8477 	 3.5218 	 -1.2401 	 -3.3961 	 1.3360 	 -0.4289 	 -0.5602 	 -0.0072 	 0.0020 	 0.0071
3.8577 	 3.5351 	 -1.2444 	 -3.4017 	 1.3360 	 -0.4288 	 -0.5602 	 -0.0072 	 0.0020 	 0.0070
3.8677 	 3.5485 	 -1.2487 	 -3.4074 	 1.3359 	 -0.4288 	 -0.5601 	 -0.0071 	 0.0020 	 0.0070
3.8778 	 3.5619 	 -1.2530 	 -3.4130 	 1.3358 	 -0.4288 	 -0.5600 	 -0.0071 	 0.0020 	 0.0069
3.8878 	 3.5753 	 -1.2573 	 -3.4186 	 1.3358 	 -0.4288 	 -0.5600 	 -0.0071 	 0.0020 	 0.0069
3.8978 	 3.5887 	 -1.2616 	 -3.4242 	 1.3357 	 -0.4288 	 -0.5599 	 -0.0070 	 0.0020 	 0.0068
3.9078 	 3.6021 	 -1.2659 	 -3.4298 	 1.3356 	 -0.4287 	 -0.5598 	 -0.0070 	 0.0020 	 0.0068
3.9178 	 3.6154 	 -1.2702 	 -3.4354 	 1.3355 	 -0.4287 	 -0.5598 	 -0.0069 	 0.0020 	 0.0067
3.9279 	 3.6288 	 -1.2745 	 -3.4410 	 1.3355 	 -0.4287 	 -0.5597 	 -0.0069 	 0.0020 	 0.0067
3.9379 	 3.6422 	 -1.2788 	 -3.4466 	 1.3354 	 -0.4287 	 -0.5596 	 -0.0069 	 0.0020 	 0.0066
3.9479 	 3.6556 	 -1.2831 	 -3.4522 	 1.3353 	 -0.4287 	 -0.5596 	 -0.0068 	 0.0019 	 0.0066
3.9579 	 3.6690 	 -1.2874 	 -3.4578 	 1.3353 	 -0.4286 	 -0.5595 	 -0.0068 	 0.0019 	 0.0065
3.9679 	 3.6823 	 -1.2917 	 -3.4634 	 1.3352 	 -0.4286 	 -0.5594 	 -0.0068 	 0.0019 	 0.0065
3.9780 	 3.6957 	 -1.2960 	 -3.4691 	 1.3351 	 -0.4286 	 -0.5594 	 -0.0067 	 0.0019 	 0.0065
3.9880 	 3.7091 	 -1.3003 	 -3.4747 	 1.3351 	 -0.4286 	 -0.5593 	 -0.0067 	 0.0019 	 0.0064
3.9980 	 3.7225 	 -1.3046 	 -3.4803 	 1.3350 	 -0.4286 	 -0.5592 	 -0.0067 	 0.0019 	 0.0064
4.0080 	 3.7359 	 -1.3089 	 -3.4859 	 1.3349 	 -0.4285 	 -0.5592 	 -0.0067 	 0.0019 	 0.0063
4.0180 	 3.7492 	 -1.3132 	 -3.4915 	 1.3349 	 -0.4285 	 -0.5591 	 -0.0066 	 0.0019 	 0.0063
4.0281 	 3.7626 	 -1.3175 	 -3.4971 	 1.3348 	 -0.4285 	 -0.5590 	 -0.0066 	 0.0019 	 0.0062
4.0381 	 3.7760 	 -1.3217 	 -3.5027 	 1.3347 	 -0.4285 	 -0.5590 	 -0.0066 	 0.0019 	 0.0062
4.0481 	 3.7894 	 -1.3260 	 -3.5083 	 1.3347 	 -0.4285 	 -0.5589 	 -0.0065 	 0.0018 	 0.0062
4.0581 	 3.8027 	 -1.3303 	 -3.5139 	 1.3346 	 -0.4285 	 -0.5589 	 -0.0065 	 0.0018 	 0.0061
4.0681 	 3.8161 	 -1.3346 	 -3.5195 	 1.3345 	 -0.4284 	 -0.5588 	 -0.0065 	 0.0018 	 0.0061
4.0782 	 3.8295 	 -1.3389 	 -3.5251 	 1.3345 	 -0.4284 	 -0.5587 	 -0.0064 	 0.0018 	 0.0060
4.0882 	 3.8428 	 -1.3432 	 -3.5307 	 1.3344 	 -0.4284 	 -0.5587 	 -0.0064 	 0.0018 	 0.0060
4.0982 	 3.8562 	 -1.3475 	 -3.5363 	 1.3343 	 -0.4284 	 -0.5586 	 -0.0064 	 0.0018 	 0.0060
4.1082 	 3.8696 	 -1.3518 	 -3.5419 	 1.3343 	 -0.4284 	 -0.5586 	 -0.0063 	 0.0018 	 0.0059
4.1182 	 3.8830 	 -1.3561 	 -3.5475 	 1.3342 	 -0.4283 	 -0.5585 	 -0.0063 	 0.0018 	 0.0059
4.1283 	 3.8963 	 -1.3604 	 -3.5531 	 1.3342 	 -0.4283 	 -0.5584 	 -0.0063 	 0.0018 	 0.0058
4.1383 	 3.9097 	 -1.3647 	 -3.5587 	 1.3341 	 -0.4283 	 -0.5584 	 -0.0063 	 0.0018 	 0.0058
4.1483 	 3.9231 	 -1.3690 	 -3.5642 	 1.3340 	 -0.4283 	 -0.5583 	 -0.0062 	 0.0018 	 0.0058
4.1583 	 3.9364 	 -1.3733 	 -3.5698 	 1.3340 	 -0.4283 	 -0.5583 	 -0.0062 	 0.0018 	 0.0057
4.1683 	 3.9498 	 -1.3775 	 -3.5754 	 1.3339 	 -0.4283 	 -0.5582 	 -0.0062 	 0.0017 	 0.0057
4.1784 	 3.9632 	 -1.3818 	 -3.5810 	 1.3338 	 -0.4282 	 -0.5582 	 -0.0061 	 0.0017 	 0.0057
4.1884 	 3.9765 	 -1.3861 	 -3.5866 	 1.3338 	 -0.4282 	 -0.5581 	 -0.0061 	 0.0017 	 0.0056
4.1984 	 3.9899 	 -1.3904 	 -3.5922 	 1.3337 	 -0.4282 	 -0.5580 	 -0.0061 	 0.0017 	 0.0056
4.2084 	 4.0033 	 -1.3947 	 -3.5978 	 1.3337 	 -0.4282 	 -0.5580 	 -0.0061 	 0.0017 	 0.0056
4.2184 	 4.0166 	 -1.3990 	 -3.6034 	 1.3336 	 -0.4282 	 -0.5579 	 -0.0060 	 0.0017 	 0.0055
4.2285 	 4.0300 	 -1.4033 	 -3.6090 	 1.3335 	 -0.4282 	 -0.5579 	 -0.0060 	 0.0017 	 0.0055
4.2385 	 4.0433 	 -1.4076 	 -3.6146 	 1.3335 	 -0.4281 	 -0.5578 	 -0.0060 	 0.0017 	 0.0055
4.2485 	 4.0567 	 -1.4119 	 -3.6202 	 1.3334 	 -0.4281 	 -0.5578 	 -0.0059 	 0.0017 	 0.0054
4.2585 	 4.0701 	 -1.4162 	 -3.6257 	 1.3334 	 -0.4281 	 -0.5577 	 -0.0059 	 0.0017 	 0.0054
4.2685 	 4.0834 	 -1.4205 	 -3.6313 	 1.3333 	 -0.4281 	 -0.5577 	 -0.0059 	 0.0017 	 0.0054
4.2786 	 4.0968 	 -1.4247 	 -3.6369 	 1.3332 	 -0.4281 	 -0.5576 	 -0.0059 	 0.0017 	 0.0053
4.2886 	 4.1101 	 -1.4290 	 -3.6425 	 1.3332 	 -0.4281 	 -0.5576 	 -0.0058 	 0.0016 	 0.0053
4.2986 	 4.1235 	 -1.4333 	 -3.6481 	 1.3331 	 -0.4280 	 -0.5575 	 -0.0058 	 0.0016 	 0.0053
4.3086 	 4.1369 	 -1.4376 	 -3.6537 	 1.3331 	 -0.4280 	 -0.5574 	 -0.0058 	 0.0016 	 0.0052
4.3186 	 4.1502 	 -1.4419 	 -3.6593 	 1.3330 	 -0.4280 	 -0.5574 	 -0.0058 	 0.0016 	 0.0052
4.3287 	 4.1636 	 -1.4462 	 -3.6649 	 1.3330 	 -0.4280 	 -0.5573 	 -0.0057 	 0.0016 	 0.0052
4.3387 	 4.1769 	 -1.4505 	 -3.6704 	 1.3329 	 -0.4280 	 -0.5573 	 -0.0057 	 0.0016 	 0.0051
4.3487 	 4.1903 	 -1.4548 	 -3.6760 	 1.3328 	 -0.4280 	 -0.5572 	 -0.0057 	 0.0016 	 0.0051
4.3587 	 4.2036 	 -1.4591 	 -3.6816 	 1.3328 	 -0.4279 	 -0.5572 	 -0.0056 	 0.0016 	 0.0051
4.3687 	 4.2170 	 -1.4633 	 -3.6872 	 1.3327 	 -0.4279 	 -0.5571 	 -0.0056 	 0.0016 	 0.0050
4.3788 	 4.2303 	 -1.4676 	 -3.6928 	 1.3327 	 -0.4279 	 -0.5571 	 -0.0056 	 0.0016 	 0.0050
4.3888 	 4.2437 	 -1.4719 	 -3.6984 	 1.3326 	 -0.4279 	 -0.5570 	 -0.0056 	 0.0016 	 0.0050
4.3988 	 4.2570 	 -1.4762 	 -3.7039 	 1.3326 	 -0.4279 	 -0.5570 	 -0.0055 	 0.0016 	 0.0049
4.4088 	 4.2704 	 -1.4805 	 -3.7095 	 1.3325 	 -0.4279 	 -0.5569 	 -0.0055 	 0.0016 	 0.0049
4.4188 	 4.2838 	 -1.4848 	 -3.7151 	 1.3325 	 -0.4278 	 -0.5569 	 -0.0055 	 0.0015 	 0.0049
4.4289 	 4.2971 	 -1.4891 	 -3.7207 	 1.3324 	 -0.4278 	 -0.5568 	 -0.0055 	 0.0015 	 0.0049
4.4389 	 4.3105 	 -1.4933 	 -3.7263 	 1.3323 	 -0.4278 	 -0.5568 	 -0.0054 	 0.0015 	 0.0048
4.4489 	 4.3238 	 -1.4976 	 -3.7318 	 1.3323 	 -0.4278 	 -0.5567 	 -0.0054 	 0.0015 	 0.0048
4.4589 	 4.3372 	 -1.5019 	 -3.7374 	 1.3322 	 -0.4278 	 -0.5567 	 -0.0054 	 0.0015 	 0.0048
4.4689 	 4.3505 	 -1.5062 	 -3.7430 	 1.3322 	 -0.4278 	 -0.5566 	 -0.0054 	 0.0015 	 0.0047
4.4790 	 4.3638 	 -1.5105 	 -3.7486 	 1.3321 	 -0.4278 	 -0.5566 	 -0.0054 	 0.0015 	 0.0047
4.4890 	 4.3772 	 -1.5148 	 -3.7541 	 1.3321 	 -0.4277 	 -0.5566 	 -0.0053 	 0.0015 	 0.0047
4.4990 	 4.3905 	 -1.5191 	 -3.7597 	 1.3320 	 -0.4277 	 -0.5565 	 -0.0053 	 0.0015 	 0.0047
4.5090 	 4.4039 	 -1.5234 	 -3.7653 	 1.3320 	 -0.4277 	 -0.5565 	 -0.0053 	 0.0015 	 0.0046
4.5190 	 4.4172 	 -1.5276 	 -3.7709 	 1.3319 	 -0.4277 	 -0.5564 	 -0.0053 	 0.0015 	 0.0046
4.5291 	 4.4306 	 -1.5319 	 -3.7764 	 1.3319 	 -0.4277 	 -0.5564 	 -0.0052 	 0.0015 	 0.0046
4.5391 	 4.4439 	 -1.5362 	 -3.7820 	 1.3318 	 -0.4277 	 -0.5563 	 -0.0052 	 0.0015 	 0.0045
4.5491 	 4.4573 	 -1.5405 	 -3.7876 	 1.3318 	 -0.4276 	 -0.5563 	 -0.0052 	 0.0015 	 0.0045
4.5591 	 4.4706 	 -1.5448 	 -3.7932 	 1.3317 	 -0.4276 	 -0.5562 	 -0.0052 	 0.0015 	 0.0045
4.5691 	 4.4840 	 -1.5491 	 -3.7987 	 1.3317 	 -0.4276 	 -0.5562 	 -0.0051 	 0.0014 	 0.0045
4.5792 	 4.4973 	 -1.5533 	 -3.8043 	 1.3316 	 -0.4276 	 -0.5561 	 -0.0051 	 0.0014 	 0.0044
4.5892 	 4.5106 	 -1.5576 	 -3.8099 	 1.3315 	 -0.4276 	 -0.5561 	 -0.0051 	 0.0014 	 0.0044
4.5992 	 4.5240 	 -1.5619 	 -3.8155 	 1.3315 	 -0.4276 	 -0.5561 	 -0.0051 	 0.0014 	 0.0044
4.6092 	 4.5373 	 -1.5662 	 -3.8210 	 1.3314 	 -0.4276 	 -0.5560 	 -0.0051 	 0.0014 	 0.0044
4.6192 	 4.5507 	 -1.5705 	 -3.8266 	 1.3314 	 -0.4275 	 -0.5560 	 -0.0050 	 0.0014 	 0.0043
4.6293 	 4.5640 	 -1.5748 	 -3.8322 	 1.3313 	 -0.4275 	 -0.5559 	 -0.0050 	 0.0014 	 0.0043
4.6393 	 4.5773 	 -1.5791 	 -3.8377 	 1.3313 	 -0.4275 	 -0.5559 	 -0.0050 	 0.0014 	 0.0043
4.6493 	 4.5907 	 -1.5833 	 -3.8433 	 1.3312 	 -0.4275 	 -0.5558 	 -0.0050 	 0.0014 	 0.0043
4.6593 	 4.6040 	 -1.5876 	 -3.8489 	 1.3312 	 -0.4275 	 -0.5558 	 -0.0049 	 0.0014 	 0.0042
4.6693 	 4.6174 	 -1.5919 	 -3.8545 	 1.3311 	 -0.4275 	 -0.5558 	 -0.0049 	 0.0014 	 0.0042
4.6794 	 4.6307 	 -1.5962 	 -3.8600 	 1.3311 	 -0.4275 	 -0.5557 	 -0.0049 	 0.0014 	 0.0042
4.6894 	 4.6440 	 -1.6005 	 -3.8656 	 1.3310 	 -0.4274 	 -0.5557 	 -0.0049 	 0.0014 	 0.0042
4.6994 	 4.6574 	 -1.6048 	 -3.8712 	 1.3310 	 -0.4274 	 -0.5556 	 -0.0049 	 0.0014 	 0.0042
4.7094 	 4.6707 	 -1.6090 	 -3.8767 	 1.3310 	 -0.4274 	 -0.5556 	 -0.0048 	 0.0014 	 0.0041
4.7194 	 4.6841 	 -1.6133 	 -3.8823 	 1.3309 	 -0.4274 	 -0.5555 	 -0.0048 	 0.0014 	 0.0041
4.7295 	 4.6974 	 -1.6176 	 -3.8879 	 1.3309 	 -0.4274 	 -0.5555 	 -0.0048 	 0.0013 	 0.0041
4.7395 	 4.7107 	 -1.6219 	 -3.8934 	 1.3308 	 -0.4274 	 -0.5555 	 -0.0048 	 0.0013 	 0.0041
4.7495 	 4.7241 	 -1.6262 	 -3.8990 	 1.3308 	 -0.4274 	 -0.5554 	 -0.0048 	 0.0013 	 0.0040
4.7595 	 4.7374 	 -1.6304 	 -3.9046 	 1.3307 	 -0.4274 	 -0.5554 	 -0.0047 	 0.0013 	 0.0040
4.7695 	 4.7507 	 -1.6347 	 -3.9101 	 1.3307 	 -0.4273 	 -0.5553 	 -0.0047 	 0.0013 	 0.0040
4.7796 	 4.7641 	 -1.6390 	 -3.9157 	 1.3306 	 -0.4273 	 -0.5553 	 -0.0047 	 0.0013 	 0.0040
4.7896 	 4.7774 	 -1.6433 	 -3.9212 	 1.3306 	 -0.4273 	 -0.5553 	 -0.0047 	 0.0013 	 0.0040
4.7996 	 4.7907 	 -1.6476 	 -3.9268 	 1.3305 	 -0.4273 	 -0.5552 	 -0.0047 	 0.0013 	 0.0039
4.8096 	 4.8041 	 -1.6519 	 -3.9324 	 1.3305 	 -0.4273 	 -0.5552 	 -0.0046 	 0.0013 	 0.0039
4.8196 	 4.8174 	 -1.6561 	 -3.9379 	 1.3304 	 -0.4273 	 -0.5551 	 -0.0046 	 0.0013 	 0.0039
4.8297 	 4.8307 	 -1.6604 	 -3.9435 	 1.3304 	 -0.4273 	 -0.5551 	 -0.0046 	 0.0013 	 0.0039
4.8397 	 4.8440 	 -1.6647 	 -3.9491 	 1.3303 	 -0.4272 	 -0.5551 	 -0.0046 	 0.0013 	 0.0038
4.8497 	 4.8574 	 -1.6690 	 -3.9546 	 1.3303 	 -0.4272 	 -0.5550 	 -0.0046 	 0.0013 	 0.0038
4.8597 	 4.8707 	 -1.6733 	 -3.9602 	 1.3302 	 -0.4272 	 -0.5550 	 -0.0045 	 0.0013 	 0.0038
4.8697 	 4.8840 	 -1.6775 	 -3.9657 	 1.3302 	 -0.4272 	 -0.5549 	 -0.0045 	 0.0013 	 0.0038
4.8798 	 4.8974 	 -1.6818 	 -3.9713 	 1.3302 	 -0.4272 	 -0.5549 	 -0.0045 	 0.0013 	 0.0038
4.8898 	 4.9107 	 -1.6861 	 -3.9769 	 1.3301 	 -0.4272 	 -0.5549 	 -0.0045 	 0.0013 	 0.0037
4.8998 	 4.9240 	 -1.6904 	 -3.9824 	 1.3301 	 -0.4272 	 -0.5548 	 -0.0045 	 0.0013 	 0.0037
4.9098 	 4.9373 	 -1.6947 	 -3.9880 	 1.3300 	 -0.4272 	 -0.5548 	 -0.0045 	 0.0012 	 0.0037
4.9198 	 4.9507 	 -1.6989 	 -3.9935 	 1.3300 	 -0.4271 	 -0.5548 	 -0.0044 	 0.0012 	 0.0037
4.9299 	 4.9640 	 -1.7032 	 -3.9991 	 1.3299 	 -0.4271 	 -0.5547 	 -0.0044 	 0.0012 	 0.0037
4.9399 	 4.9773 	 -1.7075 	 -4.0047 	 1.3299 	 -0.4271 	 -0.5547 	 -0.0044 	 0.0012 	 0.0036
4.9499 	 4.9906 	 -1.7118 	 -4.0102 	 1.3298 	 -0.4271 	 -0.5547 	 -0.0044 	 0.0012 	 0.0036
4.9599 	 5.0040 	 -1.7161 	 -4.0158 	 1.3298 	 -0.4271 	 -0.5546 	 -0.0044 	 0.0012 	 0.0036
4.9699 	 5.0173 	 -1.7203 	 -4.0213 	 1.3298 	 -0.4271 	 -0.5546 	 -0.0043 	 0.0012 	 0.0036
4.9800 	 5.0306 	 -1.7246 	 -4.0269 	 1.3297 	 -0.4271 	 -0.5545 	 -0.0043 	 0.0012 	 0.0036
4.9900 	 5.0439 	 -1.7289 	 -4.0324 	 1.3297 	 -0.4271 	 -0.5545 	 -0.0043 	 0.0012 	 0.0036
