100-Body Run with i = 69 th particle. (Units in pc,M_solar,Myr, km s-1) 

time		 x 		 y 		 z 		 xdot 		 ydot 		 zdot 		 xddot 		 yddot 		 zddot
0.0000 	 0.1532 	 0.3205 	 0.6290 	 0.0070 	 0.0059 	 0.0006 	 -0.0575 	 -0.5243 	 -0.1165
0.0100 	 0.1533 	 0.3205 	 0.6290 	 0.0065 	 0.0006 	 -0.0006 	 -0.0574 	 -0.5253 	 -0.1168
0.0200 	 0.1533 	 0.3205 	 0.6290 	 0.0059 	 -0.0046 	 -0.0017 	 -0.0575 	 -0.5268 	 -0.1170
0.0301 	 0.1534 	 0.3204 	 0.6290 	 0.0053 	 -0.0099 	 -0.0029 	 -0.0579 	 -0.5288 	 -0.1173
0.0401 	 0.1534 	 0.3203 	 0.6289 	 0.0047 	 -0.0152 	 -0.0041 	 -0.0542 	 -0.5314 	 -0.1171
0.0501 	 0.1535 	 0.3201 	 0.6289 	 0.0042 	 -0.0206 	 -0.0052 	 -0.0568 	 -0.5313 	 -0.1085
0.0601 	 0.1535 	 0.3199 	 0.6288 	 0.0036 	 -0.0259 	 -0.0063 	 -0.0596 	 -0.5343 	 -0.1070
0.0701 	 0.1536 	 0.3196 	 0.6288 	 0.0030 	 -0.0313 	 -0.0073 	 -0.0608 	 -0.5376 	 -0.1050
0.0802 	 0.1536 	 0.3193 	 0.6287 	 0.0024 	 -0.0367 	 -0.0084 	 -0.0608 	 -0.5411 	 -0.1022
0.0902 	 0.1536 	 0.3189 	 0.6286 	 0.0018 	 -0.0421 	 -0.0094 	 -0.0596 	 -0.5448 	 -0.0992
0.1002 	 0.1536 	 0.3184 	 0.6285 	 0.0012 	 -0.0476 	 -0.0104 	 -0.0574 	 -0.5490 	 -0.0964
0.1102 	 0.1536 	 0.3179 	 0.6284 	 0.0006 	 -0.0531 	 -0.0113 	 -0.0546 	 -0.5540 	 -0.0938
0.1202 	 0.1536 	 0.3174 	 0.6283 	 0.0001 	 -0.0587 	 -0.0122 	 -0.0514 	 -0.5598 	 -0.0914
0.1303 	 0.1536 	 0.3167 	 0.6281 	 -0.0004 	 -0.0643 	 -0.0131 	 -0.0480 	 -0.5664 	 -0.0891
0.1403 	 0.1536 	 0.3161 	 0.6280 	 -0.0009 	 -0.0700 	 -0.0140 	 -0.0444 	 -0.5737 	 -0.0866
0.1503 	 0.1536 	 0.3153 	 0.6279 	 -0.0013 	 -0.0758 	 -0.0149 	 -0.0405 	 -0.5816 	 -0.0837
0.1603 	 0.1536 	 0.3145 	 0.6277 	 -0.0016 	 -0.0817 	 -0.0157 	 -0.0324 	 -0.5832 	 -0.0784
0.1703 	 0.1536 	 0.3137 	 0.6275 	 -0.0019 	 -0.0875 	 -0.0164 	 -0.0229 	 -0.5817 	 -0.0600
0.1804 	 0.1536 	 0.3128 	 0.6274 	 -0.0021 	 -0.0934 	 -0.0169 	 -0.0171 	 -0.5899 	 -0.0515
0.1904 	 0.1535 	 0.3118 	 0.6272 	 -0.0023 	 -0.0993 	 -0.0174 	 -0.0098 	 -0.5983 	 -0.0458
0.2004 	 0.1535 	 0.3108 	 0.6270 	 -0.0023 	 -0.1053 	 -0.0178 	 -0.0005 	 -0.6064 	 -0.0400
0.2104 	 0.1535 	 0.3097 	 0.6268 	 -0.0023 	 -0.1115 	 -0.0182 	 0.0106 	 -0.6140 	 -0.0326
0.2204 	 0.1535 	 0.3086 	 0.6267 	 -0.0021 	 -0.1176 	 -0.0185 	 0.0219 	 -0.6207 	 -0.0222
0.2305 	 0.1535 	 0.3074 	 0.6265 	 -0.0018 	 -0.1239 	 -0.0186 	 0.0308 	 -0.6267 	 -0.0089
0.2405 	 0.1534 	 0.3061 	 0.6263 	 -0.0015 	 -0.1302 	 -0.0187 	 0.0360 	 -0.6330 	 0.0051
0.2505 	 0.1534 	 0.3047 	 0.6261 	 -0.0011 	 -0.1366 	 -0.0185 	 0.0389 	 -0.6409 	 0.0179
0.2605 	 0.1534 	 0.3033 	 0.6259 	 -0.0007 	 -0.1431 	 -0.0183 	 0.0418 	 -0.6510 	 0.0290
0.2705 	 0.1534 	 0.3019 	 0.6257 	 -0.0003 	 -0.1496 	 -0.0180 	 0.0462 	 -0.6634 	 0.0396
0.2806 	 0.1534 	 0.3003 	 0.6256 	 0.0002 	 -0.1564 	 -0.0175 	 0.0525 	 -0.6781 	 0.0504
0.2906 	 0.1534 	 0.2987 	 0.6254 	 0.0008 	 -0.1632 	 -0.0169 	 0.0610 	 -0.6953 	 0.0623
0.3006 	 0.1534 	 0.2971 	 0.6252 	 0.0015 	 -0.1703 	 -0.0163 	 0.0717 	 -0.7152 	 0.0759
0.3106 	 0.1534 	 0.2953 	 0.6251 	 0.0022 	 -0.1776 	 -0.0154 	 0.0847 	 -0.7381 	 0.0917
0.3206 	 0.1535 	 0.2935 	 0.6249 	 0.0032 	 -0.1851 	 -0.0144 	 0.1003 	 -0.7647 	 0.1102
0.3307 	 0.1535 	 0.2916 	 0.6248 	 0.0043 	 -0.1929 	 -0.0132 	 0.1189 	 -0.7956 	 0.1321
0.3407 	 0.1536 	 0.2896 	 0.6246 	 0.0056 	 -0.2011 	 -0.0117 	 0.1412 	 -0.8318 	 0.1582
0.3507 	 0.1536 	 0.2876 	 0.6245 	 0.0071 	 -0.2096 	 -0.0100 	 0.1680 	 -0.8745 	 0.1895
0.3607 	 0.1537 	 0.2854 	 0.6244 	 0.0089 	 -0.2186 	 -0.0079 	 0.2005 	 -0.9257 	 0.2275
0.3707 	 0.1538 	 0.2832 	 0.6244 	 0.0111 	 -0.2282 	 -0.0054 	 0.2403 	 -0.9878 	 0.2742
0.3808 	 0.1539 	 0.2809 	 0.6243 	 0.0138 	 -0.2385 	 -0.0024 	 0.2901 	 -1.0645 	 0.3324
0.3908 	 0.1541 	 0.2784 	 0.6243 	 0.0170 	 -0.2496 	 0.0013 	 0.3533 	 -1.1614 	 0.4064
0.4008 	 0.1543 	 0.2759 	 0.6244 	 0.0209 	 -0.2618 	 0.0058 	 0.4357 	 -1.2871 	 0.5026
0.4108 	 0.1545 	 0.2732 	 0.6245 	 0.0258 	 -0.2755 	 0.0115 	 0.5467 	 -1.4558 	 0.6316
0.4208 	 0.1548 	 0.2703 	 0.6246 	 0.0320 	 -0.2912 	 0.0186 	 0.7023 	 -1.6928 	 0.8114
0.4309 	 0.1552 	 0.2673 	 0.6249 	 0.0401 	 -0.3098 	 0.0280 	 0.9337 	 -2.0464 	 1.0758
0.4409 	 0.1556 	 0.2641 	 0.6252 	 0.0512 	 -0.3330 	 0.0407 	 1.3073 	 -2.6220 	 1.4958
0.4509 	 0.1562 	 0.2606 	 0.6257 	 0.0673 	 -0.3640 	 0.0590 	 1.9942 	 -3.6955 	 2.2483
0.4609 	 0.1570 	 0.2567 	 0.6265 	 0.0940 	 -0.4116 	 0.0886 	 3.5927 	 -6.2536 	 3.9235
0.4709 	 0.1583 	 0.2520 	 0.6277 	 0.1531 	 -0.5127 	 0.1504 	 10.4092 	 -17.6855 	 10.4094
0.4810 	 0.1610 	 0.2448 	 0.6301 	 0.4234 	 -0.9976 	 0.3755 	 -674.1088 	 501.3498 	 -1437.7883
0.4910 	 0.1646 	 0.2357 	 0.6331 	 -0.8115 	 -0.0013 	 -2.1533 	 -4.7802 	 6.7257 	 -5.4177
0.5010 	 0.1564 	 0.2361 	 0.6119 	 -0.8380 	 0.1019 	 -2.0961 	 0.4747 	 1.2480 	 3.9140
0.5110 	 0.1480 	 0.2371 	 0.5910 	 -0.8361 	 0.1025 	 -2.0802 	 -0.0147 	 -0.3473 	 0.4934
0.5210 	 0.1396 	 0.2382 	 0.5701 	 -0.8372 	 0.0984 	 -2.0784 	 -0.1731 	 -0.4478 	 -0.0208
0.5311 	 0.1312 	 0.2391 	 0.5493 	 -0.8393 	 0.0937 	 -2.0794 	 -0.2282 	 -0.4850 	 -0.1597
0.5411 	 0.1228 	 0.2400 	 0.5285 	 -0.8416 	 0.0887 	 -2.0812 	 -0.2389 	 -0.5139 	 -0.1913
0.5511 	 0.1143 	 0.2409 	 0.5076 	 -0.8439 	 0.0834 	 -2.0831 	 -0.2167 	 -0.5405 	 -0.1756
0.5611 	 0.1059 	 0.2417 	 0.4867 	 -0.8459 	 0.0778 	 -2.0847 	 -0.1648 	 -0.5668 	 -0.1355
0.5711 	 0.0974 	 0.2424 	 0.4658 	 -0.8472 	 0.0720 	 -2.0858 	 -0.0892 	 -0.5938 	 -0.0839
0.5812 	 0.0889 	 0.2431 	 0.4449 	 -0.8476 	 0.0659 	 -2.0864 	 -0.0011 	 -0.6200 	 -0.0292
0.5912 	 0.0804 	 0.2438 	 0.4240 	 -0.8472 	 0.0596 	 -2.0864 	 0.0858 	 -0.6422 	 0.0228
0.6012 	 0.0719 	 0.2443 	 0.4031 	 -0.8459 	 0.0531 	 -2.0859 	 0.1601 	 -0.6573 	 0.0669
0.6112 	 0.0635 	 0.2448 	 0.3822 	 -0.8440 	 0.0465 	 -2.0851 	 0.2169 	 -0.6642 	 0.0993
0.6212 	 0.0550 	 0.2453 	 0.3613 	 -0.8416 	 0.0398 	 -2.0840 	 0.2573 	 -0.6636 	 0.1185
0.6313 	 0.0466 	 0.2456 	 0.3404 	 -0.8389 	 0.0332 	 -2.0827 	 0.2853 	 -0.6567 	 0.1281
0.6413 	 0.0382 	 0.2459 	 0.3196 	 -0.8360 	 0.0267 	 -2.0814 	 0.3047 	 -0.6450 	 0.1301
0.6513 	 0.0299 	 0.2462 	 0.2987 	 -0.8328 	 0.0203 	 -2.0802 	 0.3181 	 -0.6303 	 0.1264
0.6613 	 0.0215 	 0.2463 	 0.2779 	 -0.8296 	 0.0140 	 -2.0789 	 0.3271 	 -0.6138 	 0.1187
0.6713 	 0.0132 	 0.2464 	 0.2571 	 -0.8263 	 0.0080 	 -2.0778 	 0.3325 	 -0.5969 	 0.1078
0.6814 	 0.0050 	 0.2465 	 0.2363 	 -0.8229 	 0.0021 	 -2.0769 	 0.3369 	 -0.5920 	 0.0070
0.6914 	 -0.0033 	 0.2465 	 0.2154 	 -0.8195 	 -0.0038 	 -2.0770 	 0.3375 	 -0.5784 	 -0.0130
0.7014 	 -0.0115 	 0.2464 	 0.1946 	 -0.8162 	 -0.0095 	 -2.0772 	 0.3392 	 -0.5687 	 -0.0329
0.7114 	 -0.0196 	 0.2463 	 0.1738 	 -0.8127 	 -0.0153 	 -2.0777 	 0.3530 	 -0.5737 	 -0.0747
0.7214 	 -0.0277 	 0.2461 	 0.1530 	 -0.8089 	 -0.0212 	 -2.0789 	 0.4189 	 -0.6184 	 -0.1689
0.7315 	 -0.0358 	 0.2459 	 0.1321 	 -0.8035 	 -0.0280 	 -2.0814 	 0.7666 	 -0.7721 	 -0.3338
0.7415 	 -0.0438 	 0.2455 	 0.1113 	 -0.7918 	 -0.0360 	 -2.0831 	 1.3854 	 -0.6512 	 0.2240
0.7515 	 -0.0517 	 0.2452 	 0.0904 	 -0.7819 	 -0.0405 	 -2.0791 	 0.6273 	 -0.3708 	 0.3687
0.7615 	 -0.0595 	 0.2447 	 0.0696 	 -0.7771 	 -0.0443 	 -2.0765 	 0.3826 	 -0.3878 	 0.1776
0.7715 	 -0.0673 	 0.2443 	 0.0488 	 -0.7737 	 -0.0483 	 -2.0752 	 0.3229 	 -0.4053 	 0.0912
0.7816 	 -0.0750 	 0.2438 	 0.0280 	 -0.7705 	 -0.0524 	 -2.0745 	 0.3015 	 -0.4140 	 0.0490
0.7916 	 -0.0827 	 0.2432 	 0.0072 	 -0.7676 	 -0.0566 	 -2.0742 	 0.2904 	 -0.4194 	 0.0247
0.8016 	 -0.0904 	 0.2426 	 -0.0136 	 -0.7647 	 -0.0608 	 -2.0740 	 0.2820 	 -0.4244 	 0.0091
0.8116 	 -0.0980 	 0.2420 	 -0.0343 	 -0.7619 	 -0.0651 	 -2.0740 	 0.2730 	 -0.4305 	 -0.0016
0.8216 	 -0.1057 	 0.2413 	 -0.0551 	 -0.7593 	 -0.0694 	 -2.0740 	 0.2616 	 -0.4388 	 -0.0092
0.8317 	 -0.1133 	 0.2406 	 -0.0759 	 -0.7567 	 -0.0739 	 -2.0742 	 0.2460 	 -0.4507 	 -0.0140
0.8417 	 -0.1208 	 0.2399 	 -0.0967 	 -0.7543 	 -0.0785 	 -2.0743 	 0.2249 	 -0.4673 	 -0.0149
0.8517 	 -0.1284 	 0.2390 	 -0.1175 	 -0.7522 	 -0.0833 	 -2.0744 	 0.1975 	 -0.4897 	 -0.0090
0.8617 	 -0.1359 	 0.2382 	 -0.1383 	 -0.7504 	 -0.0883 	 -2.0744 	 0.1654 	 -0.5167 	 0.0094
0.8717 	 -0.1434 	 0.2373 	 -0.1590 	 -0.7489 	 -0.0936 	 -2.0742 	 0.1344 	 -0.5426 	 0.0460
0.8818 	 -0.1509 	 0.2363 	 -0.1798 	 -0.7477 	 -0.0991 	 -2.0735 	 0.1147 	 -0.5563 	 0.1011
0.8918 	 -0.1584 	 0.2353 	 -0.2006 	 -0.7465 	 -0.1047 	 -2.0721 	 0.1156 	 -0.5473 	 0.1626
0.9018 	 -0.1659 	 0.2342 	 -0.2213 	 -0.7453 	 -0.1100 	 -2.0702 	 0.1360 	 -0.5160 	 0.2118
0.9118 	 -0.1733 	 0.2331 	 -0.2421 	 -0.7438 	 -0.1150 	 -2.0680 	 0.1647 	 -0.4732 	 0.2387
0.9218 	 -0.1808 	 0.2319 	 -0.2628 	 -0.7420 	 -0.1195 	 -2.0655 	 0.1909 	 -0.4305 	 0.2465
0.9319 	 -0.1882 	 0.2307 	 -0.2835 	 -0.7400 	 -0.1236 	 -2.0631 	 0.2096 	 -0.3933 	 0.2435
0.9419 	 -0.1956 	 0.2294 	 -0.3041 	 -0.7378 	 -0.1274 	 -2.0607 	 0.2204 	 -0.3621 	 0.2363
0.9519 	 -0.2030 	 0.2281 	 -0.3248 	 -0.7356 	 -0.1309 	 -2.0583 	 0.2249 	 -0.3358 	 0.2282
0.9619 	 -0.2103 	 0.2268 	 -0.3454 	 -0.7333 	 -0.1342 	 -2.0561 	 0.2249 	 -0.3131 	 0.2205
0.9719 	 -0.2177 	 0.2255 	 -0.3660 	 -0.7311 	 -0.1372 	 -2.0539 	 0.2217 	 -0.2930 	 0.2134
0.9820 	 -0.2250 	 0.2241 	 -0.3865 	 -0.7289 	 -0.1400 	 -2.0518 	 0.2166 	 -0.2750 	 0.2068
0.9920 	 -0.2323 	 0.2226 	 -0.4071 	 -0.7268 	 -0.1427 	 -2.0498 	 0.2102 	 -0.2585 	 0.2004
1.0020 	 -0.2396 	 0.2212 	 -0.4276 	 -0.7247 	 -0.1452 	 -2.0478 	 0.2031 	 -0.2436 	 0.1943
1.0120 	 -0.2468 	 0.2197 	 -0.4481 	 -0.7227 	 -0.1476 	 -2.0459 	 0.1959 	 -0.2299 	 0.1882
1.0220 	 -0.2540 	 0.2182 	 -0.4686 	 -0.7208 	 -0.1498 	 -2.0440 	 0.1886 	 -0.2174 	 0.1822
1.0321 	 -0.2613 	 0.2167 	 -0.4891 	 -0.7189 	 -0.1520 	 -2.0422 	 0.1815 	 -0.2061 	 0.1764
1.0421 	 -0.2685 	 0.2152 	 -0.5095 	 -0.7171 	 -0.1540 	 -2.0405 	 0.1746 	 -0.1957 	 0.1710
1.0521 	 -0.2756 	 0.2137 	 -0.5300 	 -0.7154 	 -0.1559 	 -2.0388 	 0.1679 	 -0.1862 	 0.1659
1.0621 	 -0.2828 	 0.2121 	 -0.5504 	 -0.7138 	 -0.1577 	 -2.0372 	 0.1614 	 -0.1775 	 0.1610
1.0721 	 -0.2899 	 0.2105 	 -0.5708 	 -0.7122 	 -0.1594 	 -2.0356 	 0.1548 	 -0.1695 	 0.1562
1.0822 	 -0.2971 	 0.2089 	 -0.5912 	 -0.7106 	 -0.1611 	 -2.0340 	 0.1485 	 -0.1620 	 0.1511
1.0922 	 -0.3042 	 0.2073 	 -0.6116 	 -0.7092 	 -0.1627 	 -2.0325 	 0.1428 	 -0.1549 	 0.1455
1.1022 	 -0.3113 	 0.2056 	 -0.6319 	 -0.7078 	 -0.1642 	 -2.0311 	 0.1381 	 -0.1479 	 0.1397
1.1122 	 -0.3184 	 0.2040 	 -0.6523 	 -0.7064 	 -0.1656 	 -2.0297 	 0.1346 	 -0.1411 	 0.1342
1.1222 	 -0.3254 	 0.2023 	 -0.6726 	 -0.7051 	 -0.1670 	 -2.0284 	 0.1317 	 -0.1346 	 0.1293
1.1323 	 -0.3325 	 0.2006 	 -0.6929 	 -0.7038 	 -0.1683 	 -2.0271 	 0.1291 	 -0.1285 	 0.1250
1.1423 	 -0.3395 	 0.1989 	 -0.7132 	 -0.7025 	 -0.1696 	 -2.0259 	 0.1268 	 -0.1227 	 0.1210
1.1523 	 -0.3466 	 0.1972 	 -0.7335 	 -0.7012 	 -0.1708 	 -2.0247 	 0.1247 	 -0.1173 	 0.1172
1.1623 	 -0.3536 	 0.1955 	 -0.7538 	 -0.7000 	 -0.1720 	 -2.0236 	 0.1228 	 -0.1120 	 0.1136
1.1723 	 -0.3606 	 0.1938 	 -0.7741 	 -0.6988 	 -0.1731 	 -2.0224 	 0.1212 	 -0.1071 	 0.1101
1.1824 	 -0.3676 	 0.1920 	 -0.7943 	 -0.6976 	 -0.1741 	 -2.0214 	 0.1199 	 -0.1023 	 0.1067
1.1924 	 -0.3746 	 0.1903 	 -0.8146 	 -0.6964 	 -0.1751 	 -2.0203 	 0.1190 	 -0.0978 	 0.1034
1.2024 	 -0.3816 	 0.1885 	 -0.8348 	 -0.6952 	 -0.1761 	 -2.0193 	 0.1184 	 -0.0935 	 0.1002
1.2124 	 -0.3885 	 0.1868 	 -0.8550 	 -0.6940 	 -0.1770 	 -2.0183 	 0.1183 	 -0.0894 	 0.0972
1.2224 	 -0.3955 	 0.1850 	 -0.8753 	 -0.6928 	 -0.1779 	 -2.0173 	 0.1185 	 -0.0856 	 0.0943
1.2325 	 -0.4024 	 0.1832 	 -0.8955 	 -0.6916 	 -0.1787 	 -2.0164 	 0.1192 	 -0.0820 	 0.0916
1.2425 	 -0.4093 	 0.1814 	 -0.9157 	 -0.6904 	 -0.1795 	 -2.0155 	 0.1203 	 -0.0786 	 0.0892
1.2525 	 -0.4162 	 0.1796 	 -0.9359 	 -0.6892 	 -0.1803 	 -2.0146 	 0.1217 	 -0.0754 	 0.0871
1.2625 	 -0.4231 	 0.1778 	 -0.9560 	 -0.6880 	 -0.1810 	 -2.0137 	 0.1234 	 -0.0725 	 0.0853
1.2725 	 -0.4300 	 0.1760 	 -0.9762 	 -0.6867 	 -0.1817 	 -2.0129 	 0.1255 	 -0.0698 	 0.0840
1.2826 	 -0.4369 	 0.1742 	 -0.9964 	 -0.6855 	 -0.1824 	 -2.0121 	 0.1277 	 -0.0672 	 0.0831
1.2926 	 -0.4438 	 0.1723 	 -1.0165 	 -0.6842 	 -0.1831 	 -2.0112 	 0.1301 	 -0.0649 	 0.0827
1.3026 	 -0.4506 	 0.1705 	 -1.0367 	 -0.6829 	 -0.1837 	 -2.0104 	 0.1326 	 -0.0626 	 0.0828
1.3126 	 -0.4574 	 0.1686 	 -1.0568 	 -0.6815 	 -0.1843 	 -2.0096 	 0.1351 	 -0.0606 	 0.0835
1.3226 	 -0.4643 	 0.1668 	 -1.0770 	 -0.6801 	 -0.1849 	 -2.0087 	 0.1375 	 -0.0586 	 0.0848
1.3327 	 -0.4711 	 0.1649 	 -1.0971 	 -0.6788 	 -0.1855 	 -2.0079 	 0.1396 	 -0.0567 	 0.0868
1.3427 	 -0.4779 	 0.1631 	 -1.1172 	 -0.6774 	 -0.1861 	 -2.0070 	 0.1413 	 -0.0548 	 0.0894
1.3527 	 -0.4846 	 0.1612 	 -1.1373 	 -0.6759 	 -0.1866 	 -2.0061 	 0.1423 	 -0.0530 	 0.0926
1.3627 	 -0.4914 	 0.1593 	 -1.1574 	 -0.6745 	 -0.1871 	 -2.0051 	 0.1426 	 -0.0512 	 0.0962
1.3727 	 -0.4982 	 0.1575 	 -1.1775 	 -0.6731 	 -0.1876 	 -2.0041 	 0.1418 	 -0.0493 	 0.1002
1.3828 	 -0.5049 	 0.1556 	 -1.1976 	 -0.6717 	 -0.1881 	 -2.0031 	 0.1400 	 -0.0474 	 0.1042
1.3928 	 -0.5116 	 0.1537 	 -1.2176 	 -0.6703 	 -0.1886 	 -2.0021 	 0.1372 	 -0.0454 	 0.1081
1.4028 	 -0.5183 	 0.1518 	 -1.2377 	 -0.6689 	 -0.1890 	 -2.0010 	 0.1335 	 -0.0435 	 0.1114
1.4128 	 -0.5250 	 0.1499 	 -1.2577 	 -0.6676 	 -0.1894 	 -1.9998 	 0.1290 	 -0.0417 	 0.1141
1.4228 	 -0.5317 	 0.1480 	 -1.2778 	 -0.6663 	 -0.1899 	 -1.9987 	 0.1240 	 -0.0399 	 0.1160
1.4329 	 -0.5384 	 0.1461 	 -1.2978 	 -0.6651 	 -0.1902 	 -1.9975 	 0.1187 	 -0.0383 	 0.1171
1.4429 	 -0.5450 	 0.1442 	 -1.3178 	 -0.6640 	 -0.1906 	 -1.9963 	 0.1135 	 -0.0368 	 0.1174
1.4529 	 -0.5517 	 0.1423 	 -1.3378 	 -0.6628 	 -0.1910 	 -1.9952 	 0.1084 	 -0.0354 	 0.1169
1.4629 	 -0.5583 	 0.1404 	 -1.3578 	 -0.6618 	 -0.1913 	 -1.9940 	 0.1036 	 -0.0343 	 0.1158
1.4729 	 -0.5649 	 0.1384 	 -1.3777 	 -0.6608 	 -0.1917 	 -1.9928 	 0.0993 	 -0.0333 	 0.1141
1.4830 	 -0.5716 	 0.1365 	 -1.3977 	 -0.6598 	 -0.1920 	 -1.9917 	 0.0955 	 -0.0325 	 0.1120
1.4930 	 -0.5782 	 0.1346 	 -1.4177 	 -0.6588 	 -0.1923 	 -1.9906 	 0.0923 	 -0.0319 	 0.1096
1.5030 	 -0.5848 	 0.1327 	 -1.4376 	 -0.6579 	 -0.1926 	 -1.9895 	 0.0897 	 -0.0315 	 0.1069
1.5130 	 -0.5914 	 0.1307 	 -1.4575 	 -0.6570 	 -0.1930 	 -1.9885 	 0.0878 	 -0.0313 	 0.1041
1.5230 	 -0.5979 	 0.1288 	 -1.4774 	 -0.6562 	 -0.1933 	 -1.9874 	 0.0866 	 -0.0313 	 0.1013
1.5331 	 -0.6045 	 0.1269 	 -1.4974 	 -0.6553 	 -0.1936 	 -1.9864 	 0.0861 	 -0.0315 	 0.0986
1.5431 	 -0.6111 	 0.1249 	 -1.5173 	 -0.6544 	 -0.1939 	 -1.9854 	 0.0864 	 -0.0319 	 0.0962
1.5531 	 -0.6176 	 0.1230 	 -1.5371 	 -0.6536 	 -0.1942 	 -1.9845 	 0.0874 	 -0.0325 	 0.0941
1.5631 	 -0.6242 	 0.1210 	 -1.5570 	 -0.6527 	 -0.1946 	 -1.9836 	 0.0892 	 -0.0333 	 0.0927
1.5731 	 -0.6307 	 0.1191 	 -1.5769 	 -0.6518 	 -0.1949 	 -1.9826 	 0.0914 	 -0.0341 	 0.0922
1.5832 	 -0.6372 	 0.1171 	 -1.5968 	 -0.6509 	 -0.1952 	 -1.9817 	 0.0940 	 -0.0349 	 0.0928
1.5932 	 -0.6437 	 0.1152 	 -1.6166 	 -0.6499 	 -0.1956 	 -1.9808 	 0.0964 	 -0.0354 	 0.0947
1.6032 	 -0.6502 	 0.1132 	 -1.6365 	 -0.6489 	 -0.1959 	 -1.9798 	 0.0982 	 -0.0355 	 0.0978
1.6132 	 -0.6567 	 0.1112 	 -1.6563 	 -0.6479 	 -0.1963 	 -1.9788 	 0.0986 	 -0.0350 	 0.1020
1.6232 	 -0.6632 	 0.1093 	 -1.6761 	 -0.6470 	 -0.1966 	 -1.9778 	 0.0973 	 -0.0338 	 0.1066
1.6333 	 -0.6697 	 0.1073 	 -1.6959 	 -0.6460 	 -0.1970 	 -1.9767 	 0.0941 	 -0.0319 	 0.1109
1.6433 	 -0.6762 	 0.1053 	 -1.7157 	 -0.6451 	 -0.1973 	 -1.9755 	 0.0890 	 -0.0294 	 0.1144
1.6533 	 -0.6826 	 0.1033 	 -1.7355 	 -0.6442 	 -0.1976 	 -1.9744 	 0.0826 	 -0.0266 	 0.1163
1.6633 	 -0.6891 	 0.1014 	 -1.7553 	 -0.6434 	 -0.1978 	 -1.9732 	 0.0756 	 -0.0238 	 0.1167
1.6733 	 -0.6955 	 0.0994 	 -1.7751 	 -0.6427 	 -0.1980 	 -1.9720 	 0.0685 	 -0.0211 	 0.1155
1.6834 	 -0.7020 	 0.0974 	 -1.7948 	 -0.6421 	 -0.1982 	 -1.9709 	 0.0618 	 -0.0187 	 0.1132
1.6934 	 -0.7084 	 0.0954 	 -1.8146 	 -0.6415 	 -0.1984 	 -1.9698 	 0.0558 	 -0.0166 	 0.1101
1.7034 	 -0.7148 	 0.0934 	 -1.8343 	 -0.6409 	 -0.1986 	 -1.9687 	 0.0505 	 -0.0149 	 0.1066
1.7134 	 -0.7212 	 0.0914 	 -1.8540 	 -0.6405 	 -0.1987 	 -1.9676 	 0.0460 	 -0.0135 	 0.1029
1.7234 	 -0.7277 	 0.0894 	 -1.8737 	 -0.6400 	 -0.1988 	 -1.9666 	 0.0422 	 -0.0123 	 0.0991
1.7335 	 -0.7341 	 0.0874 	 -1.8934 	 -0.6396 	 -0.1990 	 -1.9657 	 0.0389 	 -0.0114 	 0.0955
1.7435 	 -0.7405 	 0.0854 	 -1.9131 	 -0.6392 	 -0.1991 	 -1.9647 	 0.0362 	 -0.0106 	 0.0920
1.7535 	 -0.7469 	 0.0835 	 -1.9328 	 -0.6389 	 -0.1992 	 -1.9638 	 0.0339 	 -0.0099 	 0.0887
1.7635 	 -0.7533 	 0.0815 	 -1.9525 	 -0.6385 	 -0.1993 	 -1.9629 	 0.0319 	 -0.0094 	 0.0857
1.7735 	 -0.7597 	 0.0795 	 -1.9721 	 -0.6382 	 -0.1994 	 -1.9621 	 0.0302 	 -0.0089 	 0.0828
1.7836 	 -0.7661 	 0.0775 	 -1.9918 	 -0.6379 	 -0.1994 	 -1.9613 	 0.0287 	 -0.0085 	 0.0802
1.7936 	 -0.7725 	 0.0755 	 -2.0114 	 -0.6377 	 -0.1995 	 -1.9605 	 0.0273 	 -0.0081 	 0.0777
1.8036 	 -0.7789 	 0.0735 	 -2.0311 	 -0.6374 	 -0.1996 	 -1.9597 	 0.0262 	 -0.0078 	 0.0754
1.8136 	 -0.7852 	 0.0715 	 -2.0507 	 -0.6371 	 -0.1997 	 -1.9590 	 0.0251 	 -0.0075 	 0.0732
1.8236 	 -0.7916 	 0.0695 	 -2.0703 	 -0.6369 	 -0.1998 	 -1.9583 	 0.0242 	 -0.0072 	 0.0712
1.8337 	 -0.7980 	 0.0675 	 -2.0899 	 -0.6367 	 -0.1998 	 -1.9576 	 0.0233 	 -0.0069 	 0.0693
1.8437 	 -0.8044 	 0.0655 	 -2.1096 	 -0.6364 	 -0.1999 	 -1.9569 	 0.0226 	 -0.0067 	 0.0676
1.8537 	 -0.8108 	 0.0635 	 -2.1292 	 -0.6362 	 -0.2000 	 -1.9562 	 0.0218 	 -0.0065 	 0.0659
1.8637 	 -0.8171 	 0.0614 	 -2.1488 	 -0.6360 	 -0.2000 	 -1.9555 	 0.0212 	 -0.0063 	 0.0643
1.8737 	 -0.8235 	 0.0594 	 -2.1684 	 -0.6358 	 -0.2001 	 -1.9549 	 0.0205 	 -0.0061 	 0.0628
1.8838 	 -0.8299 	 0.0574 	 -2.1879 	 -0.6356 	 -0.2002 	 -1.9543 	 0.0200 	 -0.0059 	 0.0614
1.8938 	 -0.8362 	 0.0554 	 -2.2075 	 -0.6354 	 -0.2002 	 -1.9537 	 0.0194 	 -0.0057 	 0.0601
1.9038 	 -0.8426 	 0.0534 	 -2.2271 	 -0.6352 	 -0.2003 	 -1.9531 	 0.0189 	 -0.0056 	 0.0588
1.9138 	 -0.8490 	 0.0514 	 -2.2467 	 -0.6350 	 -0.2003 	 -1.9525 	 0.0184 	 -0.0054 	 0.0575
1.9238 	 -0.8553 	 0.0494 	 -2.2662 	 -0.6348 	 -0.2004 	 -1.9519 	 0.0179 	 -0.0052 	 0.0564
1.9339 	 -0.8617 	 0.0474 	 -2.2858 	 -0.6346 	 -0.2004 	 -1.9514 	 0.0175 	 -0.0051 	 0.0552
1.9439 	 -0.8680 	 0.0454 	 -2.3053 	 -0.6345 	 -0.2005 	 -1.9508 	 0.0171 	 -0.0050 	 0.0541
1.9539 	 -0.8744 	 0.0434 	 -2.3249 	 -0.6343 	 -0.2005 	 -1.9503 	 0.0167 	 -0.0048 	 0.0531
1.9639 	 -0.8808 	 0.0414 	 -2.3444 	 -0.6341 	 -0.2006 	 -1.9498 	 0.0163 	 -0.0047 	 0.0521
1.9739 	 -0.8871 	 0.0394 	 -2.3639 	 -0.6340 	 -0.2006 	 -1.9492 	 0.0159 	 -0.0046 	 0.0511
1.9840 	 -0.8935 	 0.0374 	 -2.3835 	 -0.6338 	 -0.2007 	 -1.9487 	 0.0138 	 -0.0045 	 0.0470
1.9940 	 -0.8998 	 0.0353 	 -2.4030 	 -0.6337 	 -0.2007 	 -1.9483 	 0.0135 	 -0.0043 	 0.0462
2.0040 	 -0.9062 	 0.0333 	 -2.4225 	 -0.6335 	 -0.2008 	 -1.9478 	 0.0132 	 -0.0042 	 0.0454
2.0140 	 -0.9125 	 0.0313 	 -2.4420 	 -0.6334 	 -0.2008 	 -1.9474 	 0.0130 	 -0.0041 	 0.0446
2.0240 	 -0.9189 	 0.0293 	 -2.4615 	 -0.6333 	 -0.2008 	 -1.9469 	 0.0127 	 -0.0040 	 0.0439
2.0341 	 -0.9252 	 0.0273 	 -2.4810 	 -0.6332 	 -0.2009 	 -1.9465 	 0.0125 	 -0.0039 	 0.0432
2.0441 	 -0.9315 	 0.0253 	 -2.5005 	 -0.6330 	 -0.2009 	 -1.9461 	 0.0122 	 -0.0038 	 0.0425
2.0541 	 -0.9379 	 0.0233 	 -2.5200 	 -0.6329 	 -0.2010 	 -1.9456 	 0.0120 	 -0.0037 	 0.0418
2.0641 	 -0.9442 	 0.0213 	 -2.5395 	 -0.6328 	 -0.2010 	 -1.9452 	 0.0118 	 -0.0036 	 0.0411
2.0741 	 -0.9506 	 0.0192 	 -2.5590 	 -0.6327 	 -0.2010 	 -1.9448 	 0.0116 	 -0.0035 	 0.0405
2.0842 	 -0.9569 	 0.0172 	 -2.5785 	 -0.6326 	 -0.2011 	 -1.9444 	 0.0114 	 -0.0034 	 0.0399
2.0942 	 -0.9632 	 0.0152 	 -2.5980 	 -0.6324 	 -0.2011 	 -1.9440 	 0.0112 	 -0.0034 	 0.0393
2.1042 	 -0.9696 	 0.0132 	 -2.6175 	 -0.6323 	 -0.2011 	 -1.9436 	 0.0110 	 -0.0033 	 0.0387
2.1142 	 -0.9759 	 0.0112 	 -2.6369 	 -0.6322 	 -0.2012 	 -1.9432 	 0.0108 	 -0.0032 	 0.0381
2.1242 	 -0.9823 	 0.0092 	 -2.6564 	 -0.6321 	 -0.2012 	 -1.9429 	 0.0106 	 -0.0031 	 0.0375
2.1343 	 -0.9886 	 0.0072 	 -2.6759 	 -0.6320 	 -0.2012 	 -1.9425 	 0.0104 	 -0.0030 	 0.0370
2.1443 	 -0.9949 	 0.0051 	 -2.6953 	 -0.6319 	 -0.2012 	 -1.9421 	 0.0102 	 -0.0030 	 0.0364
2.1543 	 -1.0012 	 0.0031 	 -2.7148 	 -0.6318 	 -0.2013 	 -1.9417 	 0.0100 	 -0.0029 	 0.0359
2.1643 	 -1.0076 	 0.0011 	 -2.7343 	 -0.6317 	 -0.2013 	 -1.9414 	 0.0099 	 -0.0028 	 0.0354
2.1743 	 -1.0139 	 -0.0009 	 -2.7537 	 -0.6316 	 -0.2013 	 -1.9410 	 0.0097 	 -0.0028 	 0.0349
2.1844 	 -1.0202 	 -0.0029 	 -2.7732 	 -0.6315 	 -0.2014 	 -1.9407 	 0.0095 	 -0.0027 	 0.0344
2.1944 	 -1.0266 	 -0.0050 	 -2.7926 	 -0.6314 	 -0.2014 	 -1.9404 	 0.0094 	 -0.0026 	 0.0339
2.2044 	 -1.0329 	 -0.0070 	 -2.8120 	 -0.6313 	 -0.2014 	 -1.9400 	 0.0092 	 -0.0026 	 0.0334
2.2144 	 -1.0392 	 -0.0090 	 -2.8315 	 -0.6312 	 -0.2014 	 -1.9397 	 0.0091 	 -0.0025 	 0.0330
2.2244 	 -1.0455 	 -0.0110 	 -2.8509 	 -0.6311 	 -0.2015 	 -1.9394 	 0.0089 	 -0.0024 	 0.0325
2.2345 	 -1.0519 	 -0.0130 	 -2.8703 	 -0.6311 	 -0.2015 	 -1.9390 	 0.0088 	 -0.0024 	 0.0321
2.2445 	 -1.0582 	 -0.0150 	 -2.8898 	 -0.6310 	 -0.2015 	 -1.9387 	 0.0086 	 -0.0023 	 0.0316
2.2545 	 -1.0645 	 -0.0171 	 -2.9092 	 -0.6309 	 -0.2015 	 -1.9384 	 0.0085 	 -0.0023 	 0.0312
2.2645 	 -1.0708 	 -0.0191 	 -2.9286 	 -0.6308 	 -0.2016 	 -1.9381 	 0.0084 	 -0.0022 	 0.0308
2.2745 	 -1.0771 	 -0.0211 	 -2.9480 	 -0.6307 	 -0.2016 	 -1.9378 	 0.0082 	 -0.0022 	 0.0304
2.2846 	 -1.0835 	 -0.0231 	 -2.9674 	 -0.6306 	 -0.2016 	 -1.9375 	 0.0081 	 -0.0021 	 0.0300
2.2946 	 -1.0898 	 -0.0251 	 -2.9869 	 -0.6306 	 -0.2016 	 -1.9372 	 0.0080 	 -0.0021 	 0.0296
2.3046 	 -1.0961 	 -0.0272 	 -3.0063 	 -0.6305 	 -0.2016 	 -1.9369 	 0.0079 	 -0.0020 	 0.0292
2.3146 	 -1.1024 	 -0.0292 	 -3.0257 	 -0.6304 	 -0.2017 	 -1.9366 	 0.0078 	 -0.0020 	 0.0288
2.3246 	 -1.1087 	 -0.0312 	 -3.0451 	 -0.6303 	 -0.2017 	 -1.9363 	 0.0076 	 -0.0019 	 0.0284
2.3347 	 -1.1151 	 -0.0332 	 -3.0645 	 -0.6302 	 -0.2017 	 -1.9360 	 0.0075 	 -0.0019 	 0.0281
2.3447 	 -1.1214 	 -0.0352 	 -3.0839 	 -0.6302 	 -0.2017 	 -1.9357 	 0.0074 	 -0.0018 	 0.0277
2.3547 	 -1.1277 	 -0.0373 	 -3.1033 	 -0.6301 	 -0.2017 	 -1.9355 	 0.0073 	 -0.0018 	 0.0274
2.3647 	 -1.1340 	 -0.0393 	 -3.1227 	 -0.6300 	 -0.2018 	 -1.9352 	 0.0072 	 -0.0017 	 0.0270
2.3747 	 -1.1403 	 -0.0413 	 -3.1421 	 -0.6300 	 -0.2018 	 -1.9349 	 0.0071 	 -0.0017 	 0.0267
2.3848 	 -1.1466 	 -0.0433 	 -3.1614 	 -0.6299 	 -0.2018 	 -1.9347 	 0.0070 	 -0.0017 	 0.0263
2.3948 	 -1.1529 	 -0.0454 	 -3.1808 	 -0.6298 	 -0.2018 	 -1.9344 	 0.0069 	 -0.0016 	 0.0260
2.4048 	 -1.1592 	 -0.0474 	 -3.2002 	 -0.6297 	 -0.2018 	 -1.9341 	 0.0068 	 -0.0016 	 0.0257
2.4148 	 -1.1656 	 -0.0494 	 -3.2196 	 -0.6297 	 -0.2018 	 -1.9339 	 0.0067 	 -0.0015 	 0.0254
2.4248 	 -1.1719 	 -0.0514 	 -3.2390 	 -0.6296 	 -0.2019 	 -1.9336 	 0.0066 	 -0.0015 	 0.0251
2.4349 	 -1.1782 	 -0.0534 	 -3.2583 	 -0.6295 	 -0.2019 	 -1.9334 	 0.0066 	 -0.0015 	 0.0247
2.4449 	 -1.1845 	 -0.0555 	 -3.2777 	 -0.6295 	 -0.2019 	 -1.9331 	 0.0065 	 -0.0014 	 0.0245
2.4549 	 -1.1908 	 -0.0575 	 -3.2971 	 -0.6294 	 -0.2019 	 -1.9329 	 0.0064 	 -0.0014 	 0.0242
2.4649 	 -1.1971 	 -0.0595 	 -3.3164 	 -0.6293 	 -0.2019 	 -1.9327 	 0.0063 	 -0.0014 	 0.0239
2.4749 	 -1.2034 	 -0.0615 	 -3.3358 	 -0.6293 	 -0.2019 	 -1.9324 	 0.0062 	 -0.0013 	 0.0236
2.4850 	 -1.2097 	 -0.0636 	 -3.3552 	 -0.6292 	 -0.2019 	 -1.9322 	 0.0062 	 -0.0013 	 0.0233
2.4950 	 -1.2160 	 -0.0656 	 -3.3745 	 -0.6292 	 -0.2020 	 -1.9319 	 0.0061 	 -0.0013 	 0.0230
2.5050 	 -1.2223 	 -0.0676 	 -3.3939 	 -0.6291 	 -0.2020 	 -1.9317 	 0.0060 	 -0.0012 	 0.0228
2.5150 	 -1.2286 	 -0.0696 	 -3.4132 	 -0.6290 	 -0.2020 	 -1.9315 	 0.0059 	 -0.0012 	 0.0225
2.5251 	 -1.2349 	 -0.0717 	 -3.4326 	 -0.6290 	 -0.2020 	 -1.9313 	 0.0059 	 -0.0012 	 0.0222
2.5351 	 -1.2412 	 -0.0737 	 -3.4519 	 -0.6289 	 -0.2020 	 -1.9310 	 0.0058 	 -0.0011 	 0.0220
2.5451 	 -1.2475 	 -0.0757 	 -3.4713 	 -0.6289 	 -0.2020 	 -1.9308 	 0.0057 	 -0.0011 	 0.0217
2.5551 	 -1.2538 	 -0.0777 	 -3.4906 	 -0.6288 	 -0.2020 	 -1.9306 	 0.0057 	 -0.0011 	 0.0215
2.5651 	 -1.2601 	 -0.0798 	 -3.5100 	 -0.6288 	 -0.2020 	 -1.9304 	 0.0056 	 -0.0010 	 0.0212
2.5752 	 -1.2664 	 -0.0818 	 -3.5293 	 -0.6287 	 -0.2020 	 -1.9302 	 0.0055 	 -0.0010 	 0.0210
2.5852 	 -1.2727 	 -0.0838 	 -3.5487 	 -0.6286 	 -0.2021 	 -1.9300 	 0.0055 	 -0.0010 	 0.0208
2.5952 	 -1.2790 	 -0.0858 	 -3.5680 	 -0.6286 	 -0.2021 	 -1.9298 	 0.0054 	 -0.0010 	 0.0205
2.6052 	 -1.2853 	 -0.0878 	 -3.5873 	 -0.6285 	 -0.2021 	 -1.9296 	 0.0053 	 -0.0009 	 0.0203
2.6152 	 -1.2916 	 -0.0899 	 -3.6067 	 -0.6285 	 -0.2021 	 -1.9294 	 0.0053 	 -0.0009 	 0.0201
2.6253 	 -1.2979 	 -0.0919 	 -3.6260 	 -0.6284 	 -0.2021 	 -1.9292 	 0.0052 	 -0.0009 	 0.0199
2.6353 	 -1.3042 	 -0.0939 	 -3.6453 	 -0.6284 	 -0.2021 	 -1.9290 	 0.0052 	 -0.0009 	 0.0197
2.6453 	 -1.3105 	 -0.0959 	 -3.6647 	 -0.6283 	 -0.2021 	 -1.9288 	 0.0051 	 -0.0008 	 0.0194
2.6553 	 -1.3168 	 -0.0980 	 -3.6840 	 -0.6283 	 -0.2021 	 -1.9286 	 0.0051 	 -0.0008 	 0.0192
2.6653 	 -1.3231 	 -0.1000 	 -3.7033 	 -0.6282 	 -0.2021 	 -1.9284 	 0.0050 	 -0.0008 	 0.0190
2.6754 	 -1.3294 	 -0.1020 	 -3.7226 	 -0.6282 	 -0.2021 	 -1.9282 	 0.0049 	 -0.0008 	 0.0188
2.6854 	 -1.3357 	 -0.1040 	 -3.7419 	 -0.6281 	 -0.2021 	 -1.9280 	 0.0049 	 -0.0008 	 0.0186
2.6954 	 -1.3420 	 -0.1061 	 -3.7613 	 -0.6281 	 -0.2021 	 -1.9278 	 0.0048 	 -0.0007 	 0.0184
2.7054 	 -1.3483 	 -0.1081 	 -3.7806 	 -0.6280 	 -0.2022 	 -1.9276 	 0.0048 	 -0.0007 	 0.0182
2.7154 	 -1.3546 	 -0.1101 	 -3.7999 	 -0.6280 	 -0.2022 	 -1.9275 	 0.0047 	 -0.0007 	 0.0181
2.7255 	 -1.3609 	 -0.1122 	 -3.8192 	 -0.6279 	 -0.2022 	 -1.9273 	 0.0047 	 -0.0007 	 0.0179
2.7355 	 -1.3671 	 -0.1142 	 -3.8385 	 -0.6279 	 -0.2022 	 -1.9271 	 0.0047 	 -0.0007 	 0.0177
2.7455 	 -1.3734 	 -0.1162 	 -3.8578 	 -0.6278 	 -0.2022 	 -1.9269 	 0.0046 	 -0.0006 	 0.0175
2.7555 	 -1.3797 	 -0.1182 	 -3.8771 	 -0.6278 	 -0.2022 	 -1.9267 	 0.0046 	 -0.0006 	 0.0173
2.7655 	 -1.3860 	 -0.1203 	 -3.8964 	 -0.6277 	 -0.2022 	 -1.9266 	 0.0045 	 -0.0006 	 0.0172
2.7756 	 -1.3923 	 -0.1223 	 -3.9157 	 -0.6277 	 -0.2022 	 -1.9264 	 0.0045 	 -0.0006 	 0.0170
2.7856 	 -1.3986 	 -0.1243 	 -3.9350 	 -0.6277 	 -0.2022 	 -1.9262 	 0.0044 	 -0.0006 	 0.0168
2.7956 	 -1.4049 	 -0.1263 	 -3.9543 	 -0.6276 	 -0.2022 	 -1.9261 	 0.0044 	 -0.0005 	 0.0166
2.8056 	 -1.4112 	 -0.1284 	 -3.9736 	 -0.6276 	 -0.2022 	 -1.9259 	 0.0043 	 -0.0005 	 0.0165
2.8156 	 -1.4175 	 -0.1304 	 -3.9929 	 -0.6275 	 -0.2022 	 -1.9257 	 0.0043 	 -0.0005 	 0.0163
2.8257 	 -1.4238 	 -0.1324 	 -4.0122 	 -0.6275 	 -0.2022 	 -1.9256 	 0.0043 	 -0.0005 	 0.0162
2.8357 	 -1.4300 	 -0.1344 	 -4.0315 	 -0.6274 	 -0.2022 	 -1.9254 	 0.0042 	 -0.0005 	 0.0160
2.8457 	 -1.4363 	 -0.1365 	 -4.0508 	 -0.6274 	 -0.2022 	 -1.9252 	 0.0042 	 -0.0005 	 0.0158
2.8557 	 -1.4426 	 -0.1385 	 -4.0701 	 -0.6274 	 -0.2022 	 -1.9251 	 0.0041 	 -0.0005 	 0.0157
2.8657 	 -1.4489 	 -0.1405 	 -4.0894 	 -0.6273 	 -0.2022 	 -1.9249 	 0.0041 	 -0.0004 	 0.0155
2.8758 	 -1.4552 	 -0.1425 	 -4.1087 	 -0.6273 	 -0.2022 	 -1.9248 	 0.0041 	 -0.0004 	 0.0154
2.8858 	 -1.4615 	 -0.1446 	 -4.1280 	 -0.6272 	 -0.2023 	 -1.9246 	 0.0040 	 -0.0004 	 0.0153
2.8958 	 -1.4678 	 -0.1466 	 -4.1472 	 -0.6272 	 -0.2023 	 -1.9245 	 0.0040 	 -0.0004 	 0.0151
2.9058 	 -1.4740 	 -0.1486 	 -4.1665 	 -0.6272 	 -0.2023 	 -1.9243 	 0.0040 	 -0.0004 	 0.0150
2.9158 	 -1.4803 	 -0.1507 	 -4.1858 	 -0.6271 	 -0.2023 	 -1.9242 	 0.0039 	 -0.0004 	 0.0148
2.9259 	 -1.4866 	 -0.1527 	 -4.2051 	 -0.6271 	 -0.2023 	 -1.9240 	 0.0039 	 -0.0004 	 0.0147
2.9359 	 -1.4929 	 -0.1547 	 -4.2244 	 -0.6270 	 -0.2023 	 -1.9239 	 0.0038 	 -0.0004 	 0.0146
2.9459 	 -1.4992 	 -0.1567 	 -4.2436 	 -0.6270 	 -0.2023 	 -1.9237 	 0.0038 	 -0.0003 	 0.0144
2.9559 	 -1.5055 	 -0.1588 	 -4.2629 	 -0.6270 	 -0.2023 	 -1.9236 	 0.0038 	 -0.0003 	 0.0143
2.9659 	 -1.5117 	 -0.1608 	 -4.2822 	 -0.6269 	 -0.2023 	 -1.9234 	 0.0037 	 -0.0003 	 0.0142
2.9760 	 -1.5180 	 -0.1628 	 -4.3015 	 -0.6269 	 -0.2023 	 -1.9233 	 0.0037 	 -0.0003 	 0.0140
2.9860 	 -1.5243 	 -0.1648 	 -4.3207 	 -0.6269 	 -0.2023 	 -1.9232 	 0.0037 	 -0.0003 	 0.0139
2.9960 	 -1.5306 	 -0.1669 	 -4.3400 	 -0.6268 	 -0.2023 	 -1.9230 	 0.0036 	 -0.0003 	 0.0138
3.0060 	 -1.5369 	 -0.1689 	 -4.3593 	 -0.6268 	 -0.2023 	 -1.9229 	 0.0036 	 -0.0003 	 0.0137
3.0160 	 -1.5431 	 -0.1709 	 -4.3785 	 -0.6267 	 -0.2023 	 -1.9228 	 0.0036 	 -0.0003 	 0.0135
3.0261 	 -1.5494 	 -0.1729 	 -4.3978 	 -0.6267 	 -0.2023 	 -1.9226 	 0.0036 	 -0.0003 	 0.0134
3.0361 	 -1.5557 	 -0.1750 	 -4.4171 	 -0.6267 	 -0.2023 	 -1.9225 	 0.0035 	 -0.0002 	 0.0133
3.0461 	 -1.5620 	 -0.1770 	 -4.4363 	 -0.6266 	 -0.2023 	 -1.9224 	 0.0035 	 -0.0002 	 0.0132
3.0561 	 -1.5683 	 -0.1790 	 -4.4556 	 -0.6266 	 -0.2023 	 -1.9222 	 0.0035 	 -0.0002 	 0.0131
3.0661 	 -1.5745 	 -0.1811 	 -4.4749 	 -0.6266 	 -0.2023 	 -1.9221 	 0.0034 	 -0.0002 	 0.0130
3.0762 	 -1.5808 	 -0.1831 	 -4.4941 	 -0.6265 	 -0.2023 	 -1.9220 	 0.0034 	 -0.0002 	 0.0129
3.0862 	 -1.5871 	 -0.1851 	 -4.5134 	 -0.6265 	 -0.2023 	 -1.9218 	 0.0034 	 -0.0002 	 0.0127
3.0962 	 -1.5934 	 -0.1871 	 -4.5326 	 -0.6265 	 -0.2023 	 -1.9217 	 0.0033 	 -0.0002 	 0.0126
3.1062 	 -1.5996 	 -0.1892 	 -4.5519 	 -0.6264 	 -0.2023 	 -1.9216 	 0.0033 	 -0.0002 	 0.0125
3.1162 	 -1.6059 	 -0.1912 	 -4.5711 	 -0.6264 	 -0.2023 	 -1.9215 	 0.0033 	 -0.0002 	 0.0124
3.1263 	 -1.6122 	 -0.1932 	 -4.5904 	 -0.6264 	 -0.2023 	 -1.9213 	 0.0033 	 -0.0002 	 0.0123
3.1363 	 -1.6185 	 -0.1952 	 -4.6096 	 -0.6263 	 -0.2023 	 -1.9212 	 0.0032 	 -0.0002 	 0.0122
3.1463 	 -1.6248 	 -0.1973 	 -4.6289 	 -0.6263 	 -0.2023 	 -1.9211 	 0.0032 	 -0.0002 	 0.0121
3.1563 	 -1.6310 	 -0.1993 	 -4.6481 	 -0.6263 	 -0.2023 	 -1.9210 	 0.0032 	 -0.0002 	 0.0120
3.1663 	 -1.6373 	 -0.2013 	 -4.6674 	 -0.6262 	 -0.2023 	 -1.9208 	 0.0032 	 -0.0001 	 0.0119
3.1764 	 -1.6436 	 -0.2034 	 -4.6866 	 -0.6262 	 -0.2023 	 -1.9207 	 0.0031 	 -0.0001 	 0.0118
3.1864 	 -1.6499 	 -0.2054 	 -4.7059 	 -0.6262 	 -0.2023 	 -1.9206 	 0.0031 	 -0.0001 	 0.0117
3.1964 	 -1.6561 	 -0.2074 	 -4.7251 	 -0.6261 	 -0.2023 	 -1.9205 	 0.0031 	 -0.0001 	 0.0116
3.2064 	 -1.6624 	 -0.2094 	 -4.7444 	 -0.6261 	 -0.2023 	 -1.9204 	 0.0031 	 -0.0001 	 0.0115
3.2164 	 -1.6687 	 -0.2115 	 -4.7636 	 -0.6261 	 -0.2023 	 -1.9203 	 0.0030 	 -0.0001 	 0.0114
3.2265 	 -1.6749 	 -0.2135 	 -4.7828 	 -0.6261 	 -0.2023 	 -1.9201 	 0.0030 	 -0.0001 	 0.0114
3.2365 	 -1.6812 	 -0.2155 	 -4.8021 	 -0.6260 	 -0.2023 	 -1.9200 	 0.0030 	 -0.0001 	 0.0113
3.2465 	 -1.6875 	 -0.2175 	 -4.8213 	 -0.6260 	 -0.2023 	 -1.9199 	 0.0030 	 -0.0001 	 0.0112
3.2565 	 -1.6938 	 -0.2196 	 -4.8406 	 -0.6260 	 -0.2023 	 -1.9198 	 0.0029 	 -0.0001 	 0.0111
3.2665 	 -1.7000 	 -0.2216 	 -4.8598 	 -0.6259 	 -0.2023 	 -1.9197 	 0.0029 	 -0.0001 	 0.0110
3.2766 	 -1.7063 	 -0.2236 	 -4.8790 	 -0.6259 	 -0.2023 	 -1.9196 	 0.0027 	 -0.0001 	 0.0105
3.2866 	 -1.7126 	 -0.2257 	 -4.8983 	 -0.6259 	 -0.2023 	 -1.9195 	 0.0027 	 -0.0001 	 0.0104
3.2966 	 -1.7188 	 -0.2277 	 -4.9175 	 -0.6258 	 -0.2023 	 -1.9194 	 0.0027 	 -0.0001 	 0.0103
3.3066 	 -1.7251 	 -0.2297 	 -4.9367 	 -0.6258 	 -0.2023 	 -1.9193 	 0.0027 	 -0.0001 	 0.0103
3.3166 	 -1.7314 	 -0.2317 	 -4.9560 	 -0.6258 	 -0.2023 	 -1.9192 	 0.0027 	 -0.0001 	 0.0102
3.3267 	 -1.7377 	 -0.2338 	 -4.9752 	 -0.6258 	 -0.2023 	 -1.9191 	 0.0026 	 -0.0001 	 0.0101
3.3367 	 -1.7439 	 -0.2358 	 -4.9944 	 -0.6257 	 -0.2023 	 -1.9190 	 0.0026 	 -0.0001 	 0.0100
3.3467 	 -1.7502 	 -0.2378 	 -5.0136 	 -0.6257 	 -0.2023 	 -1.9189 	 0.0026 	 -0.0001 	 0.0099
3.3567 	 -1.7565 	 -0.2398 	 -5.0329 	 -0.6257 	 -0.2023 	 -1.9188 	 0.0026 	 -0.0001 	 0.0099
3.3667 	 -1.7627 	 -0.2419 	 -5.0521 	 -0.6257 	 -0.2023 	 -1.9187 	 0.0026 	 -0.0001 	 0.0098
3.3768 	 -1.7690 	 -0.2439 	 -5.0713 	 -0.6256 	 -0.2023 	 -1.9186 	 0.0025 	 -0.0000 	 0.0097
3.3868 	 -1.7753 	 -0.2459 	 -5.0905 	 -0.6256 	 -0.2023 	 -1.9185 	 0.0025 	 -0.0000 	 0.0097
3.3968 	 -1.7815 	 -0.2480 	 -5.1098 	 -0.6256 	 -0.2023 	 -1.9184 	 0.0025 	 -0.0000 	 0.0096
3.4068 	 -1.7878 	 -0.2500 	 -5.1290 	 -0.6256 	 -0.2023 	 -1.9183 	 0.0025 	 -0.0000 	 0.0095
3.4168 	 -1.7941 	 -0.2520 	 -5.1482 	 -0.6255 	 -0.2023 	 -1.9182 	 0.0025 	 -0.0000 	 0.0094
3.4269 	 -1.8004 	 -0.2540 	 -5.1674 	 -0.6255 	 -0.2023 	 -1.9181 	 0.0025 	 -0.0000 	 0.0094
3.4369 	 -1.8066 	 -0.2561 	 -5.1867 	 -0.6255 	 -0.2023 	 -1.9180 	 0.0024 	 -0.0000 	 0.0093
3.4469 	 -1.8129 	 -0.2581 	 -5.2059 	 -0.6255 	 -0.2023 	 -1.9179 	 0.0024 	 -0.0000 	 0.0092
3.4569 	 -1.8192 	 -0.2601 	 -5.2251 	 -0.6254 	 -0.2024 	 -1.9178 	 0.0024 	 -0.0000 	 0.0092
3.4669 	 -1.8254 	 -0.2622 	 -5.2443 	 -0.6254 	 -0.2024 	 -1.9177 	 0.0024 	 -0.0000 	 0.0091
3.4770 	 -1.8317 	 -0.2642 	 -5.2635 	 -0.6254 	 -0.2024 	 -1.9176 	 0.0024 	 -0.0000 	 0.0090
3.4870 	 -1.8380 	 -0.2662 	 -5.2827 	 -0.6254 	 -0.2024 	 -1.9175 	 0.0023 	 -0.0000 	 0.0090
3.4970 	 -1.8442 	 -0.2682 	 -5.3019 	 -0.6253 	 -0.2024 	 -1.9175 	 0.0023 	 -0.0000 	 0.0089
3.5070 	 -1.8505 	 -0.2703 	 -5.3212 	 -0.6253 	 -0.2024 	 -1.9174 	 0.0023 	 -0.0000 	 0.0088
3.5170 	 -1.8567 	 -0.2723 	 -5.3404 	 -0.6253 	 -0.2024 	 -1.9173 	 0.0023 	 -0.0000 	 0.0088
3.5271 	 -1.8630 	 -0.2743 	 -5.3596 	 -0.6253 	 -0.2024 	 -1.9172 	 0.0023 	 0.0000 	 0.0087
3.5371 	 -1.8693 	 -0.2763 	 -5.3788 	 -0.6253 	 -0.2024 	 -1.9171 	 0.0023 	 0.0000 	 0.0087
3.5471 	 -1.8755 	 -0.2784 	 -5.3980 	 -0.6252 	 -0.2024 	 -1.9170 	 0.0023 	 0.0000 	 0.0086
3.5571 	 -1.8818 	 -0.2804 	 -5.4172 	 -0.6252 	 -0.2024 	 -1.9169 	 0.0022 	 0.0000 	 0.0085
3.5671 	 -1.8881 	 -0.2824 	 -5.4364 	 -0.6252 	 -0.2024 	 -1.9168 	 0.0022 	 0.0000 	 0.0085
3.5772 	 -1.8943 	 -0.2845 	 -5.4556 	 -0.6252 	 -0.2024 	 -1.9168 	 0.0022 	 0.0000 	 0.0084
3.5872 	 -1.9006 	 -0.2865 	 -5.4748 	 -0.6251 	 -0.2024 	 -1.9167 	 0.0022 	 0.0000 	 0.0084
3.5972 	 -1.9069 	 -0.2885 	 -5.4940 	 -0.6251 	 -0.2024 	 -1.9166 	 0.0022 	 0.0000 	 0.0083
3.6072 	 -1.9131 	 -0.2905 	 -5.5132 	 -0.6251 	 -0.2023 	 -1.9165 	 0.0022 	 0.0000 	 0.0083
3.6172 	 -1.9194 	 -0.2926 	 -5.5324 	 -0.6251 	 -0.2023 	 -1.9164 	 0.0021 	 0.0000 	 0.0082
3.6273 	 -1.9257 	 -0.2946 	 -5.5516 	 -0.6251 	 -0.2023 	 -1.9163 	 0.0021 	 0.0000 	 0.0081
3.6373 	 -1.9319 	 -0.2966 	 -5.5708 	 -0.6250 	 -0.2023 	 -1.9163 	 0.0021 	 0.0000 	 0.0081
3.6473 	 -1.9382 	 -0.2986 	 -5.5900 	 -0.6250 	 -0.2023 	 -1.9162 	 0.0021 	 0.0000 	 0.0080
3.6573 	 -1.9444 	 -0.3007 	 -5.6092 	 -0.6250 	 -0.2023 	 -1.9161 	 0.0021 	 0.0000 	 0.0080
3.6673 	 -1.9507 	 -0.3027 	 -5.6284 	 -0.6250 	 -0.2023 	 -1.9160 	 0.0021 	 0.0000 	 0.0079
3.6774 	 -1.9570 	 -0.3047 	 -5.6476 	 -0.6249 	 -0.2023 	 -1.9159 	 0.0021 	 0.0000 	 0.0079
3.6874 	 -1.9632 	 -0.3068 	 -5.6668 	 -0.6249 	 -0.2023 	 -1.9159 	 0.0020 	 0.0000 	 0.0078
3.6974 	 -1.9695 	 -0.3088 	 -5.6860 	 -0.6249 	 -0.2023 	 -1.9158 	 0.0020 	 0.0000 	 0.0078
3.7074 	 -1.9758 	 -0.3108 	 -5.7052 	 -0.6249 	 -0.2023 	 -1.9157 	 0.0020 	 0.0000 	 0.0077
3.7174 	 -1.9820 	 -0.3128 	 -5.7244 	 -0.6249 	 -0.2023 	 -1.9156 	 0.0020 	 0.0000 	 0.0077
3.7275 	 -1.9883 	 -0.3149 	 -5.7436 	 -0.6248 	 -0.2023 	 -1.9156 	 0.0020 	 0.0000 	 0.0076
3.7375 	 -1.9945 	 -0.3169 	 -5.7628 	 -0.6248 	 -0.2023 	 -1.9155 	 0.0020 	 0.0000 	 0.0076
3.7475 	 -2.0008 	 -0.3189 	 -5.7820 	 -0.6248 	 -0.2023 	 -1.9154 	 0.0020 	 0.0001 	 0.0075
3.7575 	 -2.0071 	 -0.3210 	 -5.8012 	 -0.6248 	 -0.2023 	 -1.9153 	 0.0019 	 0.0001 	 0.0075
3.7675 	 -2.0133 	 -0.3230 	 -5.8204 	 -0.6248 	 -0.2023 	 -1.9153 	 0.0019 	 0.0001 	 0.0074
3.7776 	 -2.0196 	 -0.3250 	 -5.8396 	 -0.6248 	 -0.2023 	 -1.9152 	 0.0019 	 0.0001 	 0.0074
3.7876 	 -2.0258 	 -0.3270 	 -5.8588 	 -0.6247 	 -0.2023 	 -1.9151 	 0.0019 	 0.0001 	 0.0073
3.7976 	 -2.0321 	 -0.3291 	 -5.8780 	 -0.6247 	 -0.2023 	 -1.9150 	 0.0019 	 0.0001 	 0.0073
3.8076 	 -2.0384 	 -0.3311 	 -5.8971 	 -0.6247 	 -0.2023 	 -1.9150 	 0.0019 	 0.0001 	 0.0072
3.8176 	 -2.0446 	 -0.3331 	 -5.9163 	 -0.6247 	 -0.2023 	 -1.9149 	 0.0019 	 0.0001 	 0.0072
3.8277 	 -2.0509 	 -0.3351 	 -5.9355 	 -0.6247 	 -0.2023 	 -1.9148 	 0.0019 	 0.0001 	 0.0071
3.8377 	 -2.0571 	 -0.3372 	 -5.9547 	 -0.6246 	 -0.2023 	 -1.9147 	 0.0018 	 0.0001 	 0.0071
3.8477 	 -2.0634 	 -0.3392 	 -5.9739 	 -0.6246 	 -0.2023 	 -1.9147 	 0.0018 	 0.0001 	 0.0071
3.8577 	 -2.0697 	 -0.3412 	 -5.9931 	 -0.6246 	 -0.2023 	 -1.9146 	 0.0018 	 0.0001 	 0.0070
3.8677 	 -2.0759 	 -0.3433 	 -6.0123 	 -0.6246 	 -0.2023 	 -1.9145 	 0.0018 	 0.0001 	 0.0070
3.8778 	 -2.0822 	 -0.3453 	 -6.0314 	 -0.6246 	 -0.2023 	 -1.9145 	 0.0018 	 0.0001 	 0.0069
3.8878 	 -2.0884 	 -0.3473 	 -6.0506 	 -0.6245 	 -0.2023 	 -1.9144 	 0.0018 	 0.0001 	 0.0069
3.8978 	 -2.0947 	 -0.3493 	 -6.0698 	 -0.6245 	 -0.2023 	 -1.9143 	 0.0018 	 0.0001 	 0.0068
3.9078 	 -2.1009 	 -0.3514 	 -6.0890 	 -0.6245 	 -0.2023 	 -1.9143 	 0.0018 	 0.0001 	 0.0068
3.9178 	 -2.1072 	 -0.3534 	 -6.1082 	 -0.6245 	 -0.2023 	 -1.9142 	 0.0018 	 0.0001 	 0.0068
3.9279 	 -2.1135 	 -0.3554 	 -6.1274 	 -0.6245 	 -0.2023 	 -1.9141 	 0.0017 	 0.0001 	 0.0067
3.9379 	 -2.1197 	 -0.3574 	 -6.1465 	 -0.6245 	 -0.2023 	 -1.9141 	 0.0017 	 0.0001 	 0.0067
3.9479 	 -2.1260 	 -0.3595 	 -6.1657 	 -0.6244 	 -0.2023 	 -1.9140 	 0.0017 	 0.0001 	 0.0066
3.9579 	 -2.1322 	 -0.3615 	 -6.1849 	 -0.6244 	 -0.2023 	 -1.9139 	 0.0017 	 0.0001 	 0.0066
3.9679 	 -2.1385 	 -0.3635 	 -6.2041 	 -0.6244 	 -0.2023 	 -1.9139 	 0.0017 	 0.0001 	 0.0066
3.9780 	 -2.1447 	 -0.3656 	 -6.2232 	 -0.6244 	 -0.2023 	 -1.9138 	 0.0017 	 0.0001 	 0.0065
3.9880 	 -2.1510 	 -0.3676 	 -6.2424 	 -0.6244 	 -0.2023 	 -1.9137 	 0.0017 	 0.0001 	 0.0065
3.9980 	 -2.1573 	 -0.3696 	 -6.2616 	 -0.6244 	 -0.2023 	 -1.9137 	 0.0017 	 0.0001 	 0.0064
4.0080 	 -2.1635 	 -0.3716 	 -6.2808 	 -0.6243 	 -0.2023 	 -1.9136 	 0.0017 	 0.0001 	 0.0064
4.0180 	 -2.1698 	 -0.3737 	 -6.2999 	 -0.6243 	 -0.2023 	 -1.9135 	 0.0016 	 0.0001 	 0.0064
4.0281 	 -2.1760 	 -0.3757 	 -6.3191 	 -0.6243 	 -0.2023 	 -1.9135 	 0.0016 	 0.0001 	 0.0063
4.0381 	 -2.1823 	 -0.3777 	 -6.3383 	 -0.6243 	 -0.2023 	 -1.9134 	 0.0016 	 0.0001 	 0.0063
4.0481 	 -2.1885 	 -0.3797 	 -6.3575 	 -0.6243 	 -0.2023 	 -1.9133 	 0.0016 	 0.0001 	 0.0063
4.0581 	 -2.1948 	 -0.3818 	 -6.3766 	 -0.6243 	 -0.2023 	 -1.9133 	 0.0016 	 0.0001 	 0.0062
4.0681 	 -2.2010 	 -0.3838 	 -6.3958 	 -0.6242 	 -0.2023 	 -1.9132 	 0.0016 	 0.0001 	 0.0062
4.0782 	 -2.2073 	 -0.3858 	 -6.4150 	 -0.6242 	 -0.2023 	 -1.9132 	 0.0016 	 0.0001 	 0.0061
4.0882 	 -2.2136 	 -0.3879 	 -6.4341 	 -0.6242 	 -0.2023 	 -1.9131 	 0.0016 	 0.0001 	 0.0061
4.0982 	 -2.2198 	 -0.3899 	 -6.4533 	 -0.6242 	 -0.2023 	 -1.9130 	 0.0016 	 0.0001 	 0.0061
4.1082 	 -2.2261 	 -0.3919 	 -6.4725 	 -0.6242 	 -0.2023 	 -1.9130 	 0.0016 	 0.0001 	 0.0060
4.1182 	 -2.2323 	 -0.3939 	 -6.4916 	 -0.6242 	 -0.2023 	 -1.9129 	 0.0015 	 0.0001 	 0.0060
4.1283 	 -2.2386 	 -0.3960 	 -6.5108 	 -0.6241 	 -0.2023 	 -1.9129 	 0.0015 	 0.0001 	 0.0060
4.1383 	 -2.2448 	 -0.3980 	 -6.5300 	 -0.6241 	 -0.2023 	 -1.9128 	 0.0015 	 0.0001 	 0.0059
4.1483 	 -2.2511 	 -0.4000 	 -6.5491 	 -0.6241 	 -0.2023 	 -1.9127 	 0.0015 	 0.0001 	 0.0059
4.1583 	 -2.2573 	 -0.4020 	 -6.5683 	 -0.6241 	 -0.2023 	 -1.9127 	 0.0015 	 0.0001 	 0.0059
4.1683 	 -2.2636 	 -0.4041 	 -6.5875 	 -0.6241 	 -0.2023 	 -1.9126 	 0.0015 	 0.0001 	 0.0058
4.1784 	 -2.2698 	 -0.4061 	 -6.6066 	 -0.6241 	 -0.2023 	 -1.9126 	 0.0015 	 0.0001 	 0.0058
4.1884 	 -2.2761 	 -0.4081 	 -6.6258 	 -0.6241 	 -0.2023 	 -1.9125 	 0.0015 	 0.0001 	 0.0058
4.1984 	 -2.2823 	 -0.4102 	 -6.6450 	 -0.6240 	 -0.2023 	 -1.9124 	 0.0015 	 0.0001 	 0.0057
4.2084 	 -2.2886 	 -0.4122 	 -6.6641 	 -0.6240 	 -0.2023 	 -1.9124 	 0.0015 	 0.0001 	 0.0057
4.2184 	 -2.2949 	 -0.4142 	 -6.6833 	 -0.6240 	 -0.2023 	 -1.9123 	 0.0015 	 0.0001 	 0.0057
4.2285 	 -2.3011 	 -0.4162 	 -6.7025 	 -0.6240 	 -0.2023 	 -1.9123 	 0.0014 	 0.0001 	 0.0057
4.2385 	 -2.3074 	 -0.4183 	 -6.7216 	 -0.6240 	 -0.2023 	 -1.9122 	 0.0014 	 0.0001 	 0.0056
4.2485 	 -2.3136 	 -0.4203 	 -6.7408 	 -0.6240 	 -0.2023 	 -1.9122 	 0.0014 	 0.0001 	 0.0056
4.2585 	 -2.3199 	 -0.4223 	 -6.7599 	 -0.6240 	 -0.2023 	 -1.9121 	 0.0014 	 0.0001 	 0.0056
4.2685 	 -2.3261 	 -0.4243 	 -6.7791 	 -0.6239 	 -0.2023 	 -1.9120 	 0.0014 	 0.0001 	 0.0055
4.2786 	 -2.3324 	 -0.4264 	 -6.7983 	 -0.6239 	 -0.2023 	 -1.9120 	 0.0014 	 0.0001 	 0.0055
4.2886 	 -2.3386 	 -0.4284 	 -6.8174 	 -0.6239 	 -0.2023 	 -1.9119 	 0.0014 	 0.0001 	 0.0055
4.2986 	 -2.3449 	 -0.4304 	 -6.8366 	 -0.6239 	 -0.2023 	 -1.9119 	 0.0014 	 0.0001 	 0.0054
4.3086 	 -2.3511 	 -0.4325 	 -6.8557 	 -0.6239 	 -0.2023 	 -1.9118 	 0.0014 	 0.0001 	 0.0054
4.3186 	 -2.3574 	 -0.4345 	 -6.8749 	 -0.6239 	 -0.2023 	 -1.9118 	 0.0014 	 0.0001 	 0.0054
4.3287 	 -2.3636 	 -0.4365 	 -6.8940 	 -0.6239 	 -0.2023 	 -1.9117 	 0.0014 	 0.0001 	 0.0054
4.3387 	 -2.3699 	 -0.4385 	 -6.9132 	 -0.6238 	 -0.2023 	 -1.9117 	 0.0014 	 0.0001 	 0.0053
4.3487 	 -2.3761 	 -0.4406 	 -6.9323 	 -0.6238 	 -0.2023 	 -1.9116 	 0.0013 	 0.0001 	 0.0053
4.3587 	 -2.3824 	 -0.4426 	 -6.9515 	 -0.6238 	 -0.2023 	 -1.9116 	 0.0013 	 0.0001 	 0.0053
4.3687 	 -2.3886 	 -0.4446 	 -6.9707 	 -0.6238 	 -0.2023 	 -1.9115 	 0.0013 	 0.0001 	 0.0052
4.3788 	 -2.3949 	 -0.4466 	 -6.9898 	 -0.6238 	 -0.2023 	 -1.9115 	 0.0013 	 0.0001 	 0.0052
4.3888 	 -2.4011 	 -0.4487 	 -7.0090 	 -0.6238 	 -0.2023 	 -1.9114 	 0.0013 	 0.0001 	 0.0052
4.3988 	 -2.4074 	 -0.4507 	 -7.0281 	 -0.6238 	 -0.2023 	 -1.9114 	 0.0013 	 0.0001 	 0.0052
4.4088 	 -2.4136 	 -0.4527 	 -7.0473 	 -0.6238 	 -0.2023 	 -1.9113 	 0.0013 	 0.0001 	 0.0051
4.4188 	 -2.4199 	 -0.4547 	 -7.0664 	 -0.6237 	 -0.2023 	 -1.9112 	 0.0013 	 0.0001 	 0.0051
4.4289 	 -2.4261 	 -0.4568 	 -7.0856 	 -0.6237 	 -0.2023 	 -1.9112 	 0.0013 	 0.0001 	 0.0051
4.4389 	 -2.4324 	 -0.4588 	 -7.1047 	 -0.6237 	 -0.2023 	 -1.9111 	 0.0013 	 0.0001 	 0.0051
4.4489 	 -2.4386 	 -0.4608 	 -7.1239 	 -0.6237 	 -0.2023 	 -1.9111 	 0.0013 	 0.0001 	 0.0050
4.4589 	 -2.4449 	 -0.4629 	 -7.1430 	 -0.6237 	 -0.2023 	 -1.9110 	 0.0013 	 0.0001 	 0.0050
4.4689 	 -2.4511 	 -0.4649 	 -7.1622 	 -0.6237 	 -0.2023 	 -1.9110 	 0.0013 	 0.0001 	 0.0050
4.4790 	 -2.4574 	 -0.4669 	 -7.1813 	 -0.6237 	 -0.2023 	 -1.9109 	 0.0012 	 0.0001 	 0.0049
4.4890 	 -2.4636 	 -0.4689 	 -7.2005 	 -0.6236 	 -0.2023 	 -1.9109 	 0.0012 	 0.0001 	 0.0049
4.4990 	 -2.4699 	 -0.4710 	 -7.2196 	 -0.6236 	 -0.2023 	 -1.9108 	 0.0012 	 0.0001 	 0.0049
4.5090 	 -2.4761 	 -0.4730 	 -7.2388 	 -0.6236 	 -0.2023 	 -1.9108 	 0.0012 	 0.0001 	 0.0049
4.5190 	 -2.4824 	 -0.4750 	 -7.2579 	 -0.6236 	 -0.2023 	 -1.9108 	 0.0012 	 0.0001 	 0.0048
4.5291 	 -2.4886 	 -0.4770 	 -7.2770 	 -0.6236 	 -0.2023 	 -1.9107 	 0.0012 	 0.0001 	 0.0048
4.5391 	 -2.4949 	 -0.4791 	 -7.2962 	 -0.6236 	 -0.2023 	 -1.9107 	 0.0012 	 0.0001 	 0.0048
4.5491 	 -2.5011 	 -0.4811 	 -7.3153 	 -0.6236 	 -0.2023 	 -1.9106 	 0.0012 	 0.0001 	 0.0048
4.5591 	 -2.5074 	 -0.4831 	 -7.3345 	 -0.6236 	 -0.2023 	 -1.9106 	 0.0012 	 0.0001 	 0.0048
4.5691 	 -2.5136 	 -0.4852 	 -7.3536 	 -0.6236 	 -0.2023 	 -1.9105 	 0.0012 	 0.0001 	 0.0047
4.5792 	 -2.5199 	 -0.4872 	 -7.3728 	 -0.6235 	 -0.2023 	 -1.9105 	 0.0012 	 0.0001 	 0.0047
4.5892 	 -2.5261 	 -0.4892 	 -7.3919 	 -0.6235 	 -0.2023 	 -1.9104 	 0.0012 	 0.0001 	 0.0047
4.5992 	 -2.5324 	 -0.4912 	 -7.4111 	 -0.6235 	 -0.2023 	 -1.9104 	 0.0012 	 0.0001 	 0.0047
4.6092 	 -2.5386 	 -0.4933 	 -7.4302 	 -0.6235 	 -0.2023 	 -1.9103 	 0.0012 	 0.0001 	 0.0046
4.6192 	 -2.5448 	 -0.4953 	 -7.4493 	 -0.6235 	 -0.2023 	 -1.9103 	 0.0012 	 0.0001 	 0.0046
4.6293 	 -2.5511 	 -0.4973 	 -7.4685 	 -0.6235 	 -0.2023 	 -1.9102 	 0.0011 	 0.0001 	 0.0046
4.6393 	 -2.5573 	 -0.4993 	 -7.4876 	 -0.6235 	 -0.2023 	 -1.9102 	 0.0011 	 0.0001 	 0.0046
4.6493 	 -2.5636 	 -0.5014 	 -7.5068 	 -0.6235 	 -0.2023 	 -1.9101 	 0.0011 	 0.0001 	 0.0045
4.6593 	 -2.5698 	 -0.5034 	 -7.5259 	 -0.6234 	 -0.2023 	 -1.9101 	 0.0011 	 0.0001 	 0.0045
4.6693 	 -2.5761 	 -0.5054 	 -7.5450 	 -0.6234 	 -0.2023 	 -1.9100 	 0.0011 	 0.0001 	 0.0045
4.6794 	 -2.5823 	 -0.5074 	 -7.5642 	 -0.6234 	 -0.2023 	 -1.9100 	 0.0011 	 0.0001 	 0.0045
4.6894 	 -2.5886 	 -0.5095 	 -7.5833 	 -0.6234 	 -0.2023 	 -1.9100 	 0.0011 	 0.0001 	 0.0045
4.6994 	 -2.5948 	 -0.5115 	 -7.6024 	 -0.6234 	 -0.2023 	 -1.9099 	 0.0011 	 0.0001 	 0.0044
4.7094 	 -2.6011 	 -0.5135 	 -7.6216 	 -0.6234 	 -0.2023 	 -1.9099 	 0.0011 	 0.0001 	 0.0044
4.7194 	 -2.6073 	 -0.5156 	 -7.6407 	 -0.6234 	 -0.2023 	 -1.9098 	 0.0011 	 0.0001 	 0.0044
4.7295 	 -2.6136 	 -0.5176 	 -7.6599 	 -0.6234 	 -0.2023 	 -1.9098 	 0.0011 	 0.0001 	 0.0044
4.7395 	 -2.6198 	 -0.5196 	 -7.6790 	 -0.6234 	 -0.2023 	 -1.9097 	 0.0011 	 0.0001 	 0.0044
4.7495 	 -2.6261 	 -0.5216 	 -7.6981 	 -0.6233 	 -0.2023 	 -1.9097 	 0.0011 	 0.0001 	 0.0043
4.7595 	 -2.6323 	 -0.5237 	 -7.7173 	 -0.6233 	 -0.2023 	 -1.9097 	 0.0011 	 0.0001 	 0.0043
4.7695 	 -2.6385 	 -0.5257 	 -7.7364 	 -0.6233 	 -0.2023 	 -1.9096 	 0.0011 	 0.0001 	 0.0043
4.7796 	 -2.6448 	 -0.5277 	 -7.7555 	 -0.6233 	 -0.2022 	 -1.9096 	 0.0011 	 0.0001 	 0.0043
4.7896 	 -2.6510 	 -0.5297 	 -7.7747 	 -0.6233 	 -0.2022 	 -1.9095 	 0.0011 	 0.0001 	 0.0042
4.7996 	 -2.6573 	 -0.5318 	 -7.7938 	 -0.6233 	 -0.2022 	 -1.9095 	 0.0010 	 0.0001 	 0.0042
4.8096 	 -2.6635 	 -0.5338 	 -7.8129 	 -0.6233 	 -0.2022 	 -1.9094 	 0.0010 	 0.0001 	 0.0042
4.8196 	 -2.6698 	 -0.5358 	 -7.8321 	 -0.6233 	 -0.2022 	 -1.9094 	 0.0010 	 0.0001 	 0.0042
4.8297 	 -2.6760 	 -0.5378 	 -7.8512 	 -0.6233 	 -0.2022 	 -1.9094 	 0.0010 	 0.0001 	 0.0042
4.8397 	 -2.6823 	 -0.5399 	 -7.8703 	 -0.6233 	 -0.2022 	 -1.9093 	 0.0010 	 0.0001 	 0.0041
4.8497 	 -2.6885 	 -0.5419 	 -7.8895 	 -0.6232 	 -0.2022 	 -1.9093 	 0.0010 	 0.0001 	 0.0041
4.8597 	 -2.6948 	 -0.5439 	 -7.9086 	 -0.6232 	 -0.2022 	 -1.9092 	 0.0010 	 0.0001 	 0.0041
4.8697 	 -2.7010 	 -0.5459 	 -7.9277 	 -0.6232 	 -0.2022 	 -1.9092 	 0.0010 	 0.0001 	 0.0041
4.8798 	 -2.7072 	 -0.5480 	 -7.9469 	 -0.6232 	 -0.2022 	 -1.9091 	 0.0010 	 0.0001 	 0.0041
4.8898 	 -2.7135 	 -0.5500 	 -7.9660 	 -0.6232 	 -0.2022 	 -1.9091 	 0.0010 	 0.0001 	 0.0041
4.8998 	 -2.7197 	 -0.5520 	 -7.9851 	 -0.6232 	 -0.2022 	 -1.9091 	 0.0010 	 0.0001 	 0.0040
4.9098 	 -2.7260 	 -0.5541 	 -8.0042 	 -0.6232 	 -0.2022 	 -1.9090 	 0.0010 	 0.0001 	 0.0040
4.9198 	 -2.7322 	 -0.5561 	 -8.0234 	 -0.6232 	 -0.2022 	 -1.9090 	 0.0010 	 0.0001 	 0.0040
4.9299 	 -2.7385 	 -0.5581 	 -8.0425 	 -0.6232 	 -0.2022 	 -1.9089 	 0.0010 	 0.0001 	 0.0040
4.9399 	 -2.7447 	 -0.5601 	 -8.0616 	 -0.6232 	 -0.2022 	 -1.9089 	 0.0010 	 0.0001 	 0.0040
4.9499 	 -2.7510 	 -0.5622 	 -8.0807 	 -0.6231 	 -0.2022 	 -1.9089 	 0.0010 	 0.0001 	 0.0039
4.9599 	 -2.7572 	 -0.5642 	 -8.0999 	 -0.6231 	 -0.2022 	 -1.9088 	 0.0010 	 0.0001 	 0.0039
4.9699 	 -2.7634 	 -0.5662 	 -8.1190 	 -0.6231 	 -0.2022 	 -1.9088 	 0.0010 	 0.0001 	 0.0039
4.9800 	 -2.7697 	 -0.5682 	 -8.1381 	 -0.6231 	 -0.2022 	 -1.9087 	 0.0009 	 0.0001 	 0.0039
4.9900 	 -2.7759 	 -0.5703 	 -8.1573 	 -0.6231 	 -0.2022 	 -1.9087 	 0.0009 	 0.0001 	 0.0039
