100-Body Run with i = 26 th particle. (Units in pc,M_solar,Myr, km s-1) 

time		 x 		 y 		 z 		 xdot 		 ydot 		 zdot 		 xddot 		 yddot 		 zddot
0.0000 	 0.0567 	 0.0582 	 1.3046 	 0.0218 	 0.0122 	 0.0283 	 -0.0840 	 -0.0485 	 -0.1878
0.0100 	 0.0570 	 0.0583 	 1.3049 	 0.0209 	 0.0117 	 0.0264 	 -0.0840 	 -0.0484 	 -0.1880
0.0200 	 0.0572 	 0.0585 	 1.3052 	 0.0201 	 0.0112 	 0.0246 	 -0.0840 	 -0.0483 	 -0.1882
0.0301 	 0.0574 	 0.0586 	 1.3054 	 0.0192 	 0.0108 	 0.0227 	 -0.0841 	 -0.0482 	 -0.1885
0.0401 	 0.0575 	 0.0587 	 1.3056 	 0.0184 	 0.0103 	 0.0208 	 -0.0837 	 -0.0480 	 -0.1887
0.0501 	 0.0577 	 0.0588 	 1.3058 	 0.0176 	 0.0098 	 0.0189 	 -0.0832 	 -0.0477 	 -0.1868
0.0601 	 0.0579 	 0.0589 	 1.3060 	 0.0167 	 0.0093 	 0.0170 	 -0.0843 	 -0.0477 	 -0.1864
0.0701 	 0.0581 	 0.0590 	 1.3062 	 0.0159 	 0.0088 	 0.0152 	 -0.0851 	 -0.0477 	 -0.1867
0.0802 	 0.0582 	 0.0591 	 1.3063 	 0.0150 	 0.0084 	 0.0133 	 -0.0859 	 -0.0476 	 -0.1872
0.0902 	 0.0584 	 0.0591 	 1.3064 	 0.0141 	 0.0079 	 0.0114 	 -0.0867 	 -0.0476 	 -0.1875
0.1002 	 0.0585 	 0.0592 	 1.3065 	 0.0133 	 0.0074 	 0.0095 	 -0.0875 	 -0.0475 	 -0.1877
0.1102 	 0.0586 	 0.0593 	 1.3066 	 0.0124 	 0.0069 	 0.0076 	 -0.0883 	 -0.0474 	 -0.1878
0.1202 	 0.0587 	 0.0593 	 1.3067 	 0.0115 	 0.0065 	 0.0058 	 -0.0891 	 -0.0474 	 -0.1876
0.1303 	 0.0589 	 0.0594 	 1.3067 	 0.0106 	 0.0060 	 0.0039 	 -0.0896 	 -0.0475 	 -0.1874
0.1403 	 0.0590 	 0.0595 	 1.3068 	 0.0097 	 0.0055 	 0.0020 	 -0.0898 	 -0.0476 	 -0.1870
0.1503 	 0.0591 	 0.0595 	 1.3068 	 0.0088 	 0.0050 	 0.0001 	 -0.0898 	 -0.0478 	 -0.1868
0.1603 	 0.0591 	 0.0596 	 1.3068 	 0.0079 	 0.0045 	 -0.0017 	 -0.0897 	 -0.0483 	 -0.1861
0.1703 	 0.0592 	 0.0596 	 1.3068 	 0.0070 	 0.0041 	 -0.0036 	 -0.0895 	 -0.0491 	 -0.1833
0.1804 	 0.0593 	 0.0597 	 1.3067 	 0.0061 	 0.0036 	 -0.0054 	 -0.0887 	 -0.0493 	 -0.1816
0.1904 	 0.0593 	 0.0597 	 1.3066 	 0.0052 	 0.0031 	 -0.0072 	 -0.0879 	 -0.0495 	 -0.1812
0.2004 	 0.0594 	 0.0597 	 1.3066 	 0.0044 	 0.0026 	 -0.0090 	 -0.0871 	 -0.0498 	 -0.1815
0.2104 	 0.0594 	 0.0597 	 1.3065 	 0.0035 	 0.0021 	 -0.0109 	 -0.0862 	 -0.0503 	 -0.1822
0.2204 	 0.0595 	 0.0598 	 1.3063 	 0.0026 	 0.0016 	 -0.0127 	 -0.0853 	 -0.0508 	 -0.1831
0.2305 	 0.0595 	 0.0598 	 1.3062 	 0.0018 	 0.0011 	 -0.0145 	 -0.0842 	 -0.0514 	 -0.1841
0.2405 	 0.0595 	 0.0598 	 1.3061 	 0.0009 	 0.0005 	 -0.0164 	 -0.0830 	 -0.0521 	 -0.1851
0.2505 	 0.0595 	 0.0598 	 1.3059 	 0.0001 	 0.0000 	 -0.0182 	 -0.0817 	 -0.0530 	 -0.1862
0.2605 	 0.0595 	 0.0598 	 1.3057 	 -0.0007 	 -0.0005 	 -0.0201 	 -0.0801 	 -0.0540 	 -0.1872
0.2705 	 0.0595 	 0.0598 	 1.3055 	 -0.0015 	 -0.0011 	 -0.0220 	 -0.0784 	 -0.0553 	 -0.1880
0.2806 	 0.0595 	 0.0598 	 1.3052 	 -0.0023 	 -0.0016 	 -0.0239 	 -0.0764 	 -0.0569 	 -0.1888
0.2906 	 0.0594 	 0.0597 	 1.3050 	 -0.0030 	 -0.0022 	 -0.0258 	 -0.0743 	 -0.0589 	 -0.1893
0.3006 	 0.0594 	 0.0597 	 1.3047 	 -0.0037 	 -0.0028 	 -0.0277 	 -0.0718 	 -0.0613 	 -0.1895
0.3106 	 0.0594 	 0.0597 	 1.3044 	 -0.0045 	 -0.0034 	 -0.0296 	 -0.0691 	 -0.0641 	 -0.1893
0.3206 	 0.0593 	 0.0596 	 1.3041 	 -0.0051 	 -0.0041 	 -0.0315 	 -0.0660 	 -0.0672 	 -0.1884
0.3307 	 0.0593 	 0.0596 	 1.3038 	 -0.0058 	 -0.0048 	 -0.0333 	 -0.0629 	 -0.0704 	 -0.1866
0.3407 	 0.0592 	 0.0595 	 1.3035 	 -0.0064 	 -0.0055 	 -0.0352 	 -0.0600 	 -0.0735 	 -0.1835
0.3507 	 0.0591 	 0.0595 	 1.3031 	 -0.0070 	 -0.0063 	 -0.0370 	 -0.0577 	 -0.0761 	 -0.1793
0.3607 	 0.0591 	 0.0594 	 1.3027 	 -0.0076 	 -0.0070 	 -0.0388 	 -0.0566 	 -0.0779 	 -0.1741
0.3707 	 0.0590 	 0.0593 	 1.3023 	 -0.0081 	 -0.0078 	 -0.0405 	 -0.0569 	 -0.0787 	 -0.1683
0.3808 	 0.0589 	 0.0593 	 1.3019 	 -0.0087 	 -0.0086 	 -0.0422 	 -0.0587 	 -0.0786 	 -0.1627
0.3908 	 0.0588 	 0.0592 	 1.3015 	 -0.0093 	 -0.0094 	 -0.0438 	 -0.0619 	 -0.0777 	 -0.1577
0.4008 	 0.0587 	 0.0591 	 1.3010 	 -0.0099 	 -0.0102 	 -0.0453 	 -0.0659 	 -0.0763 	 -0.1537
0.4108 	 0.0586 	 0.0590 	 1.3006 	 -0.0106 	 -0.0109 	 -0.0468 	 -0.0704 	 -0.0748 	 -0.1507
0.4208 	 0.0585 	 0.0589 	 1.3001 	 -0.0114 	 -0.0117 	 -0.0483 	 -0.0750 	 -0.0733 	 -0.1487
0.4309 	 0.0584 	 0.0587 	 1.2996 	 -0.0121 	 -0.0124 	 -0.0498 	 -0.0794 	 -0.0719 	 -0.1475
0.4409 	 0.0582 	 0.0586 	 1.2991 	 -0.0129 	 -0.0131 	 -0.0513 	 -0.0836 	 -0.0709 	 -0.1468
0.4509 	 0.0581 	 0.0585 	 1.2986 	 -0.0138 	 -0.0138 	 -0.0528 	 -0.0874 	 -0.0701 	 -0.1465
0.4609 	 0.0580 	 0.0583 	 1.2980 	 -0.0147 	 -0.0145 	 -0.0542 	 -0.0909 	 -0.0696 	 -0.1464
0.4709 	 0.0578 	 0.0582 	 1.2975 	 -0.0156 	 -0.0152 	 -0.0557 	 -0.0940 	 -0.0694 	 -0.1464
0.4810 	 0.0577 	 0.0580 	 1.2969 	 -0.0166 	 -0.0159 	 -0.0572 	 -0.0970 	 -0.0694 	 -0.1465
0.4910 	 0.0575 	 0.0579 	 1.2963 	 -0.0176 	 -0.0166 	 -0.0586 	 -0.0996 	 -0.0696 	 -0.1465
0.5010 	 0.0573 	 0.0577 	 1.2958 	 -0.0186 	 -0.0173 	 -0.0601 	 -0.1022 	 -0.0699 	 -0.1465
0.5110 	 0.0571 	 0.0575 	 1.2951 	 -0.0196 	 -0.0180 	 -0.0616 	 -0.1049 	 -0.0699 	 -0.1389
0.5210 	 0.0569 	 0.0573 	 1.2945 	 -0.0207 	 -0.0187 	 -0.0630 	 -0.1072 	 -0.0706 	 -0.1385
0.5311 	 0.0567 	 0.0571 	 1.2939 	 -0.0218 	 -0.0194 	 -0.0643 	 -0.1093 	 -0.0713 	 -0.1384
0.5411 	 0.0565 	 0.0569 	 1.2932 	 -0.0229 	 -0.0201 	 -0.0657 	 -0.1113 	 -0.0720 	 -0.1383
0.5511 	 0.0562 	 0.0567 	 1.2926 	 -0.0240 	 -0.0209 	 -0.0671 	 -0.1132 	 -0.0729 	 -0.1381
0.5611 	 0.0560 	 0.0565 	 1.2919 	 -0.0251 	 -0.0216 	 -0.0685 	 -0.1150 	 -0.0738 	 -0.1379
0.5711 	 0.0557 	 0.0563 	 1.2912 	 -0.0263 	 -0.0223 	 -0.0699 	 -0.1167 	 -0.0748 	 -0.1377
0.5812 	 0.0555 	 0.0561 	 1.2905 	 -0.0275 	 -0.0231 	 -0.0713 	 -0.1184 	 -0.0758 	 -0.1375
0.5912 	 0.0552 	 0.0558 	 1.2898 	 -0.0287 	 -0.0239 	 -0.0726 	 -0.1200 	 -0.0770 	 -0.1372
0.6012 	 0.0549 	 0.0556 	 1.2890 	 -0.0299 	 -0.0246 	 -0.0740 	 -0.1215 	 -0.0781 	 -0.1369
0.6112 	 0.0546 	 0.0553 	 1.2883 	 -0.0311 	 -0.0254 	 -0.0754 	 -0.1231 	 -0.0794 	 -0.1366
0.6212 	 0.0543 	 0.0551 	 1.2875 	 -0.0323 	 -0.0262 	 -0.0767 	 -0.1245 	 -0.0807 	 -0.1362
0.6313 	 0.0539 	 0.0548 	 1.2867 	 -0.0336 	 -0.0270 	 -0.0781 	 -0.1259 	 -0.0821 	 -0.1358
0.6413 	 0.0536 	 0.0545 	 1.2860 	 -0.0349 	 -0.0279 	 -0.0795 	 -0.1272 	 -0.0836 	 -0.1353
0.6513 	 0.0532 	 0.0543 	 1.2852 	 -0.0361 	 -0.0287 	 -0.0808 	 -0.1285 	 -0.0852 	 -0.1347
0.6613 	 0.0529 	 0.0540 	 1.2843 	 -0.0374 	 -0.0296 	 -0.0822 	 -0.1297 	 -0.0868 	 -0.1340
0.6713 	 0.0525 	 0.0537 	 1.2835 	 -0.0387 	 -0.0305 	 -0.0835 	 -0.1308 	 -0.0886 	 -0.1332
0.6814 	 0.0521 	 0.0534 	 1.2827 	 -0.0401 	 -0.0314 	 -0.0848 	 -0.1285 	 -0.0933 	 -0.1288
0.6914 	 0.0517 	 0.0530 	 1.2818 	 -0.0413 	 -0.0323 	 -0.0860 	 -0.1306 	 -0.0969 	 -0.1193
0.7014 	 0.0513 	 0.0527 	 1.2809 	 -0.0427 	 -0.0333 	 -0.0872 	 -0.1323 	 -0.0987 	 -0.1170
0.7114 	 0.0508 	 0.0524 	 1.2801 	 -0.0440 	 -0.0343 	 -0.0884 	 -0.1334 	 -0.1008 	 -0.1153
0.7214 	 0.0504 	 0.0520 	 1.2792 	 -0.0453 	 -0.0353 	 -0.0895 	 -0.1343 	 -0.1032 	 -0.1136
0.7315 	 0.0499 	 0.0517 	 1.2783 	 -0.0467 	 -0.0364 	 -0.0907 	 -0.1351 	 -0.1057 	 -0.1115
0.7415 	 0.0495 	 0.0513 	 1.2773 	 -0.0480 	 -0.0374 	 -0.0918 	 -0.1359 	 -0.1083 	 -0.1092
0.7515 	 0.0490 	 0.0509 	 1.2764 	 -0.0494 	 -0.0385 	 -0.0929 	 -0.1367 	 -0.1112 	 -0.1065
0.7615 	 0.0485 	 0.0505 	 1.2755 	 -0.0508 	 -0.0397 	 -0.0939 	 -0.1377 	 -0.1143 	 -0.1034
0.7715 	 0.0479 	 0.0501 	 1.2745 	 -0.0522 	 -0.0408 	 -0.0949 	 -0.1389 	 -0.1176 	 -0.0999
0.7816 	 0.0474 	 0.0497 	 1.2736 	 -0.0536 	 -0.0420 	 -0.0959 	 -0.1403 	 -0.1212 	 -0.0960
0.7916 	 0.0469 	 0.0493 	 1.2726 	 -0.0550 	 -0.0433 	 -0.0968 	 -0.1420 	 -0.1250 	 -0.0916
0.8016 	 0.0463 	 0.0488 	 1.2716 	 -0.0564 	 -0.0445 	 -0.0977 	 -0.1442 	 -0.1290 	 -0.0867
0.8116 	 0.0457 	 0.0484 	 1.2707 	 -0.0579 	 -0.0458 	 -0.0986 	 -0.1469 	 -0.1332 	 -0.0815
0.8216 	 0.0452 	 0.0479 	 1.2697 	 -0.0594 	 -0.0472 	 -0.0994 	 -0.1501 	 -0.1377 	 -0.0759
0.8317 	 0.0446 	 0.0474 	 1.2687 	 -0.0609 	 -0.0486 	 -0.1001 	 -0.1539 	 -0.1424 	 -0.0700
0.8417 	 0.0439 	 0.0469 	 1.2677 	 -0.0625 	 -0.0501 	 -0.1008 	 -0.1583 	 -0.1473 	 -0.0639
0.8517 	 0.0433 	 0.0464 	 1.2667 	 -0.0641 	 -0.0516 	 -0.1014 	 -0.1633 	 -0.1524 	 -0.0576
0.8617 	 0.0426 	 0.0459 	 1.2656 	 -0.0657 	 -0.0531 	 -0.1019 	 -0.1687 	 -0.1577 	 -0.0512
0.8717 	 0.0420 	 0.0454 	 1.2646 	 -0.0674 	 -0.0547 	 -0.1024 	 -0.1747 	 -0.1632 	 -0.0446
0.8818 	 0.0413 	 0.0448 	 1.2636 	 -0.0692 	 -0.0564 	 -0.1028 	 -0.1811 	 -0.1688 	 -0.0380
0.8918 	 0.0406 	 0.0442 	 1.2625 	 -0.0711 	 -0.0581 	 -0.1032 	 -0.1878 	 -0.1748 	 -0.0313
0.9018 	 0.0399 	 0.0436 	 1.2615 	 -0.0730 	 -0.0599 	 -0.1034 	 -0.1949 	 -0.1809 	 -0.0246
0.9118 	 0.0391 	 0.0430 	 1.2605 	 -0.0750 	 -0.0617 	 -0.1037 	 -0.2023 	 -0.1873 	 -0.0177
0.9218 	 0.0384 	 0.0424 	 1.2594 	 -0.0770 	 -0.0636 	 -0.1038 	 -0.2098 	 -0.1940 	 -0.0107
0.9319 	 0.0376 	 0.0418 	 1.2584 	 -0.0792 	 -0.0656 	 -0.1039 	 -0.2176 	 -0.2010 	 -0.0035
0.9419 	 0.0368 	 0.0411 	 1.2574 	 -0.0814 	 -0.0677 	 -0.1039 	 -0.2255 	 -0.2083 	 0.0037
0.9519 	 0.0360 	 0.0404 	 1.2563 	 -0.0837 	 -0.0698 	 -0.1038 	 -0.2336 	 -0.2160 	 0.0112
0.9619 	 0.0351 	 0.0397 	 1.2553 	 -0.0861 	 -0.0720 	 -0.1036 	 -0.2420 	 -0.2240 	 0.0188
0.9719 	 0.0342 	 0.0390 	 1.2542 	 -0.0886 	 -0.0743 	 -0.1034 	 -0.2505 	 -0.2325 	 0.0266
0.9820 	 0.0333 	 0.0382 	 1.2532 	 -0.0911 	 -0.0767 	 -0.1031 	 -0.2595 	 -0.2414 	 0.0345
0.9920 	 0.0324 	 0.0374 	 1.2522 	 -0.0938 	 -0.0791 	 -0.1027 	 -0.2689 	 -0.2510 	 0.0423
1.0020 	 0.0314 	 0.0366 	 1.2511 	 -0.0965 	 -0.0817 	 -0.1023 	 -0.2794 	 -0.2612 	 0.0500
1.0120 	 0.0305 	 0.0358 	 1.2501 	 -0.0994 	 -0.0844 	 -0.1017 	 -0.2919 	 -0.2730 	 0.0571
1.0220 	 0.0295 	 0.0349 	 1.2491 	 -0.1018 	 -0.0866 	 -0.1014 	 -0.0871 	 -0.0903 	 -0.0216
1.0321 	 0.0284 	 0.0341 	 1.2481 	 -0.1018 	 -0.0867 	 -0.1022 	 0.0302 	 0.0349 	 -0.1070
1.0421 	 0.0274 	 0.0332 	 1.2471 	 -0.1015 	 -0.0862 	 -0.1033 	 0.0389 	 0.0462 	 -0.1156
1.0521 	 0.0264 	 0.0323 	 1.2460 	 -0.1011 	 -0.0858 	 -0.1045 	 0.0404 	 0.0487 	 -0.1171
1.0621 	 0.0254 	 0.0315 	 1.2450 	 -0.1007 	 -0.0853 	 -0.1057 	 0.0406 	 0.0497 	 -0.1174
1.0721 	 0.0244 	 0.0306 	 1.2439 	 -0.1003 	 -0.0848 	 -0.1069 	 0.0406 	 0.0504 	 -0.1173
1.0822 	 0.0234 	 0.0298 	 1.2428 	 -0.0999 	 -0.0843 	 -0.1080 	 0.0406 	 0.0509 	 -0.1172
1.0922 	 0.0224 	 0.0289 	 1.2417 	 -0.0995 	 -0.0838 	 -0.1092 	 0.0406 	 0.0514 	 -0.1170
1.1022 	 0.0214 	 0.0281 	 1.2406 	 -0.0990 	 -0.0832 	 -0.1104 	 0.0407 	 0.0518 	 -0.1168
1.1122 	 0.0204 	 0.0273 	 1.2395 	 -0.0986 	 -0.0827 	 -0.1115 	 0.0408 	 0.0523 	 -0.1167
1.1222 	 0.0194 	 0.0264 	 1.2384 	 -0.0982 	 -0.0822 	 -0.1127 	 0.0409 	 0.0528 	 -0.1165
1.1323 	 0.0184 	 0.0256 	 1.2373 	 -0.0978 	 -0.0817 	 -0.1139 	 0.0411 	 0.0533 	 -0.1163
1.1423 	 0.0175 	 0.0248 	 1.2361 	 -0.0974 	 -0.0811 	 -0.1150 	 0.0414 	 0.0538 	 -0.1161
1.1523 	 0.0165 	 0.0240 	 1.2350 	 -0.0970 	 -0.0806 	 -0.1162 	 0.0417 	 0.0544 	 -0.1159
1.1623 	 0.0155 	 0.0232 	 1.2338 	 -0.0966 	 -0.0800 	 -0.1174 	 0.0420 	 0.0550 	 -0.1157
1.1723 	 0.0146 	 0.0224 	 1.2326 	 -0.0961 	 -0.0795 	 -0.1185 	 0.0424 	 0.0556 	 -0.1155
1.1824 	 0.0136 	 0.0216 	 1.2314 	 -0.0957 	 -0.0789 	 -0.1197 	 0.0429 	 0.0563 	 -0.1153
1.1924 	 0.0126 	 0.0208 	 1.2302 	 -0.0953 	 -0.0783 	 -0.1208 	 0.0434 	 0.0569 	 -0.1151
1.2024 	 0.0117 	 0.0200 	 1.2290 	 -0.0949 	 -0.0778 	 -0.1220 	 0.0439 	 0.0576 	 -0.1149
1.2124 	 0.0107 	 0.0193 	 1.2278 	 -0.0944 	 -0.0772 	 -0.1231 	 0.0445 	 0.0584 	 -0.1147
1.2224 	 0.0098 	 0.0185 	 1.2265 	 -0.0940 	 -0.0766 	 -0.1243 	 0.0451 	 0.0591 	 -0.1144
1.2325 	 0.0088 	 0.0177 	 1.2253 	 -0.0935 	 -0.0760 	 -0.1254 	 0.0458 	 0.0599 	 -0.1142
1.2425 	 0.0079 	 0.0170 	 1.2240 	 -0.0930 	 -0.0754 	 -0.1266 	 0.0465 	 0.0607 	 -0.1139
1.2525 	 0.0070 	 0.0162 	 1.2227 	 -0.0926 	 -0.0748 	 -0.1277 	 0.0472 	 0.0615 	 -0.1136
1.2625 	 0.0061 	 0.0155 	 1.2214 	 -0.0921 	 -0.0742 	 -0.1288 	 0.0480 	 0.0623 	 -0.1133
1.2725 	 0.0051 	 0.0147 	 1.2202 	 -0.0916 	 -0.0735 	 -0.1300 	 0.0489 	 0.0632 	 -0.1130
1.2826 	 0.0042 	 0.0140 	 1.2188 	 -0.0911 	 -0.0729 	 -0.1311 	 0.0497 	 0.0640 	 -0.1127
1.2926 	 0.0033 	 0.0133 	 1.2175 	 -0.0906 	 -0.0723 	 -0.1322 	 0.0506 	 0.0649 	 -0.1124
1.3026 	 0.0024 	 0.0125 	 1.2162 	 -0.0901 	 -0.0716 	 -0.1334 	 0.0516 	 0.0659 	 -0.1120
1.3126 	 0.0015 	 0.0118 	 1.2149 	 -0.0896 	 -0.0709 	 -0.1345 	 0.0526 	 0.0668 	 -0.1117
1.3226 	 0.0006 	 0.0111 	 1.2135 	 -0.0890 	 -0.0703 	 -0.1356 	 0.0537 	 0.0678 	 -0.1113
1.3327 	 -0.0003 	 0.0104 	 1.2121 	 -0.0885 	 -0.0696 	 -0.1367 	 0.0547 	 0.0688 	 -0.1109
1.3427 	 -0.0012 	 0.0097 	 1.2108 	 -0.0879 	 -0.0689 	 -0.1378 	 0.0559 	 0.0698 	 -0.1106
1.3527 	 -0.0020 	 0.0090 	 1.2094 	 -0.0874 	 -0.0682 	 -0.1389 	 0.0570 	 0.0708 	 -0.1102
1.3627 	 -0.0029 	 0.0084 	 1.2080 	 -0.0868 	 -0.0675 	 -0.1400 	 0.0583 	 0.0719 	 -0.1097
1.3727 	 -0.0038 	 0.0077 	 1.2066 	 -0.0862 	 -0.0667 	 -0.1411 	 0.0595 	 0.0730 	 -0.1093
1.3828 	 -0.0046 	 0.0070 	 1.2051 	 -0.0856 	 -0.0660 	 -0.1422 	 0.0609 	 0.0741 	 -0.1089
1.3928 	 -0.0055 	 0.0064 	 1.2037 	 -0.0850 	 -0.0653 	 -0.1433 	 0.0622 	 0.0753 	 -0.1084
1.4028 	 -0.0063 	 0.0057 	 1.2023 	 -0.0844 	 -0.0645 	 -0.1444 	 0.0636 	 0.0765 	 -0.1080
1.4128 	 -0.0072 	 0.0051 	 1.2008 	 -0.0837 	 -0.0637 	 -0.1455 	 0.0651 	 0.0777 	 -0.1075
1.4228 	 -0.0080 	 0.0044 	 1.1994 	 -0.0831 	 -0.0629 	 -0.1466 	 0.0666 	 0.0790 	 -0.1070
1.4329 	 -0.0088 	 0.0038 	 1.1979 	 -0.0824 	 -0.0621 	 -0.1476 	 0.0682 	 0.0803 	 -0.1065
1.4429 	 -0.0097 	 0.0032 	 1.1964 	 -0.0817 	 -0.0613 	 -0.1487 	 0.0698 	 0.0816 	 -0.1060
1.4529 	 -0.0105 	 0.0026 	 1.1949 	 -0.0810 	 -0.0605 	 -0.1497 	 0.0715 	 0.0830 	 -0.1055
1.4629 	 -0.0113 	 0.0020 	 1.1934 	 -0.0803 	 -0.0597 	 -0.1508 	 0.0733 	 0.0844 	 -0.1049
1.4729 	 -0.0121 	 0.0014 	 1.1919 	 -0.0795 	 -0.0588 	 -0.1518 	 0.0751 	 0.0858 	 -0.1044
1.4830 	 -0.0129 	 0.0008 	 1.1904 	 -0.0788 	 -0.0579 	 -0.1529 	 0.0770 	 0.0873 	 -0.1038
1.4930 	 -0.0137 	 0.0002 	 1.1888 	 -0.0780 	 -0.0571 	 -0.1539 	 0.0789 	 0.0889 	 -0.1032
1.5030 	 -0.0145 	 -0.0003 	 1.1873 	 -0.0772 	 -0.0562 	 -0.1550 	 0.0809 	 0.0905 	 -0.1026
1.5130 	 -0.0152 	 -0.0009 	 1.1857 	 -0.0764 	 -0.0552 	 -0.1560 	 0.0830 	 0.0922 	 -0.1020
1.5230 	 -0.0160 	 -0.0014 	 1.1841 	 -0.0755 	 -0.0543 	 -0.1570 	 0.0852 	 0.0939 	 -0.1013
1.5331 	 -0.0167 	 -0.0020 	 1.1826 	 -0.0746 	 -0.0534 	 -0.1580 	 0.0874 	 0.0957 	 -0.1007
1.5431 	 -0.0175 	 -0.0025 	 1.1810 	 -0.0738 	 -0.0524 	 -0.1590 	 0.0897 	 0.0976 	 -0.1000
1.5531 	 -0.0182 	 -0.0030 	 1.1794 	 -0.0728 	 -0.0514 	 -0.1600 	 0.0921 	 0.0995 	 -0.0993
1.5631 	 -0.0189 	 -0.0035 	 1.1778 	 -0.0719 	 -0.0504 	 -0.1610 	 0.0945 	 0.1016 	 -0.0986
1.5731 	 -0.0197 	 -0.0040 	 1.1762 	 -0.0710 	 -0.0494 	 -0.1620 	 0.0971 	 0.1037 	 -0.0979
1.5832 	 -0.0204 	 -0.0045 	 1.1745 	 -0.0700 	 -0.0483 	 -0.1630 	 0.0998 	 0.1059 	 -0.0971
1.5932 	 -0.0211 	 -0.0050 	 1.1729 	 -0.0690 	 -0.0473 	 -0.1639 	 0.1026 	 0.1082 	 -0.0964
1.6032 	 -0.0217 	 -0.0055 	 1.1712 	 -0.0679 	 -0.0462 	 -0.1649 	 0.1055 	 0.1106 	 -0.0956
1.6132 	 -0.0224 	 -0.0059 	 1.1696 	 -0.0668 	 -0.0450 	 -0.1659 	 0.1085 	 0.1130 	 -0.0948
1.6232 	 -0.0231 	 -0.0064 	 1.1679 	 -0.0657 	 -0.0439 	 -0.1668 	 0.1117 	 0.1156 	 -0.0940
1.6333 	 -0.0237 	 -0.0068 	 1.1662 	 -0.0646 	 -0.0427 	 -0.1677 	 0.1150 	 0.1184 	 -0.0931
1.6433 	 -0.0244 	 -0.0072 	 1.1646 	 -0.0634 	 -0.0415 	 -0.1687 	 0.1184 	 0.1212 	 -0.0922
1.6533 	 -0.0250 	 -0.0077 	 1.1629 	 -0.0622 	 -0.0403 	 -0.1696 	 0.1220 	 0.1242 	 -0.0912
1.6633 	 -0.0256 	 -0.0080 	 1.1612 	 -0.0610 	 -0.0390 	 -0.1705 	 0.1258 	 0.1274 	 -0.0902
1.6733 	 -0.0262 	 -0.0084 	 1.1594 	 -0.0597 	 -0.0377 	 -0.1714 	 0.1296 	 0.1307 	 -0.0892
1.6834 	 -0.0268 	 -0.0088 	 1.1577 	 -0.0584 	 -0.0364 	 -0.1723 	 0.1337 	 0.1342 	 -0.0881
1.6934 	 -0.0274 	 -0.0092 	 1.1560 	 -0.0570 	 -0.0350 	 -0.1732 	 0.1379 	 0.1378 	 -0.0869
1.7034 	 -0.0280 	 -0.0095 	 1.1543 	 -0.0556 	 -0.0336 	 -0.1740 	 0.1423 	 0.1417 	 -0.0857
1.7134 	 -0.0285 	 -0.0098 	 1.1525 	 -0.0542 	 -0.0322 	 -0.1749 	 0.1470 	 0.1458 	 -0.0843
1.7234 	 -0.0290 	 -0.0102 	 1.1507 	 -0.0527 	 -0.0307 	 -0.1757 	 0.1519 	 0.1501 	 -0.0827
1.7335 	 -0.0296 	 -0.0105 	 1.1490 	 -0.0511 	 -0.0292 	 -0.1765 	 0.1571 	 0.1547 	 -0.0809
1.7435 	 -0.0301 	 -0.0107 	 1.1472 	 -0.0495 	 -0.0276 	 -0.1773 	 0.1626 	 0.1596 	 -0.0789
1.7535 	 -0.0306 	 -0.0110 	 1.1454 	 -0.0479 	 -0.0260 	 -0.1781 	 0.1684 	 0.1648 	 -0.0767
1.7635 	 -0.0310 	 -0.0113 	 1.1436 	 -0.0461 	 -0.0243 	 -0.1789 	 0.1744 	 0.1703 	 -0.0743
1.7735 	 -0.0315 	 -0.0115 	 1.1418 	 -0.0444 	 -0.0226 	 -0.1796 	 0.1806 	 0.1761 	 -0.0717
1.7836 	 -0.0319 	 -0.0117 	 1.1400 	 -0.0425 	 -0.0208 	 -0.1803 	 0.1871 	 0.1823 	 -0.0690
1.7936 	 -0.0323 	 -0.0119 	 1.1382 	 -0.0406 	 -0.0189 	 -0.1810 	 0.1939 	 0.1888 	 -0.0662
1.8036 	 -0.0327 	 -0.0121 	 1.1364 	 -0.0386 	 -0.0170 	 -0.1816 	 0.2009 	 0.1958 	 -0.0632
1.8136 	 -0.0331 	 -0.0122 	 1.1346 	 -0.0366 	 -0.0150 	 -0.1822 	 0.2083 	 0.2033 	 -0.0601
1.8236 	 -0.0335 	 -0.0124 	 1.1328 	 -0.0345 	 -0.0129 	 -0.1828 	 0.2159 	 0.2113 	 -0.0568
1.8337 	 -0.0338 	 -0.0125 	 1.1309 	 -0.0323 	 -0.0108 	 -0.1834 	 0.2239 	 0.2199 	 -0.0534
1.8437 	 -0.0341 	 -0.0126 	 1.1291 	 -0.0300 	 -0.0085 	 -0.1839 	 0.2324 	 0.2292 	 -0.0499
1.8537 	 -0.0344 	 -0.0127 	 1.1272 	 -0.0276 	 -0.0062 	 -0.1844 	 0.2412 	 0.2392 	 -0.0462
1.8637 	 -0.0347 	 -0.0127 	 1.1254 	 -0.0251 	 -0.0037 	 -0.1848 	 0.2506 	 0.2499 	 -0.0423
1.8737 	 -0.0349 	 -0.0128 	 1.1235 	 -0.0226 	 -0.0012 	 -0.1852 	 0.2606 	 0.2616 	 -0.0382
1.8838 	 -0.0351 	 -0.0127 	 1.1217 	 -0.0199 	 0.0015 	 -0.1856 	 0.2712 	 0.2744 	 -0.0338
1.8938 	 -0.0353 	 -0.0127 	 1.1198 	 -0.0171 	 0.0043 	 -0.1859 	 0.2825 	 0.2882 	 -0.0291
1.9038 	 -0.0355 	 -0.0127 	 1.1180 	 -0.0143 	 0.0073 	 -0.1862 	 0.2946 	 0.3034 	 -0.0240
1.9138 	 -0.0356 	 -0.0126 	 1.1161 	 -0.0112 	 0.0104 	 -0.1864 	 0.3077 	 0.3200 	 -0.0185
1.9238 	 -0.0357 	 -0.0125 	 1.1142 	 -0.0081 	 0.0137 	 -0.1865 	 0.3217 	 0.3384 	 -0.0124
1.9339 	 -0.0357 	 -0.0123 	 1.1124 	 -0.0048 	 0.0172 	 -0.1866 	 0.3369 	 0.3587 	 -0.0058
1.9439 	 -0.0358 	 -0.0121 	 1.1105 	 -0.0013 	 0.0209 	 -0.1867 	 0.3534 	 0.3813 	 0.0017
1.9539 	 -0.0358 	 -0.0119 	 1.1086 	 0.0023 	 0.0249 	 -0.1866 	 0.3714 	 0.4066 	 0.0101
1.9639 	 -0.0357 	 -0.0116 	 1.1067 	 0.0061 	 0.0291 	 -0.1864 	 0.3912 	 0.4350 	 0.0196
1.9739 	 -0.0356 	 -0.0113 	 1.1049 	 0.0101 	 0.0336 	 -0.1862 	 0.4131 	 0.4673 	 0.0305
1.9840 	 -0.0355 	 -0.0109 	 1.1030 	 0.0144 	 0.0385 	 -0.1858 	 0.4377 	 0.5043 	 0.0450
1.9940 	 -0.0354 	 -0.0105 	 1.1012 	 0.0189 	 0.0437 	 -0.1853 	 0.4653 	 0.5470 	 0.0596
2.0040 	 -0.0351 	 -0.0101 	 1.0993 	 0.0237 	 0.0494 	 -0.1846 	 0.4967 	 0.5967 	 0.0766
2.0140 	 -0.0349 	 -0.0095 	 1.0975 	 0.0289 	 0.0557 	 -0.1838 	 0.5328 	 0.6551 	 0.0968
2.0240 	 -0.0346 	 -0.0089 	 1.0956 	 0.0344 	 0.0626 	 -0.1827 	 0.5749 	 0.7246 	 0.1213
2.0341 	 -0.0342 	 -0.0083 	 1.0938 	 0.0404 	 0.0703 	 -0.1813 	 0.6248 	 0.8086 	 0.1518
2.0441 	 -0.0337 	 -0.0075 	 1.0920 	 0.0470 	 0.0789 	 -0.1796 	 0.6854 	 0.9123 	 0.1904
2.0541 	 -0.0332 	 -0.0067 	 1.0902 	 0.0542 	 0.0886 	 -0.1775 	 0.7608 	 1.0432 	 0.2409
2.0641 	 -0.0327 	 -0.0057 	 1.0884 	 0.0623 	 0.0999 	 -0.1747 	 0.8580 	 1.2133 	 0.3089
2.0741 	 -0.0320 	 -0.0047 	 1.0867 	 0.0715 	 0.1132 	 -0.1712 	 0.9883 	 1.4423 	 0.4044
2.0842 	 -0.0312 	 -0.0034 	 1.0850 	 0.0823 	 0.1291 	 -0.1665 	 1.1732 	 1.7654 	 0.5457
2.0942 	 -0.0303 	 -0.0020 	 1.0834 	 0.0954 	 0.1491 	 -0.1600 	 1.4555 	 2.2519 	 0.7706
2.1042 	 -0.0293 	 -0.0004 	 1.0818 	 0.1121 	 0.1753 	 -0.1505 	 1.9366 	 3.0561 	 1.1694
2.1142 	 -0.0280 	 0.0015 	 1.0804 	 0.1357 	 0.2127 	 -0.1351 	 2.9143 	 4.6037 	 2.0111
2.1242 	 -0.0264 	 0.0040 	 1.0792 	 0.1759 	 0.2748 	 -0.1052 	 5.7173 	 8.6115 	 4.5221
2.1343 	 -0.0239 	 0.0078 	 1.0789 	 0.2999 	 0.4373 	 0.0028 	 34.0782 	 39.9551 	 31.3831
2.1443 	 -0.0148 	 0.0099 	 1.0859 	 1.5914 	 0.2909 	 1.4288 	 -7.5634 	 -0.5874 	 -8.9109
2.1543 	 0.0011 	 0.0128 	 1.1001 	 1.5707 	 0.2876 	 1.3987 	 -0.1756 	 -0.1335 	 -1.0378
2.1643 	 0.0169 	 0.0157 	 1.1141 	 1.5720 	 0.2870 	 1.3906 	 0.3064 	 -0.0090 	 -0.6940
2.1743 	 0.0327 	 0.0185 	 1.1280 	 1.5756 	 0.2872 	 1.3836 	 0.3854 	 0.0197 	 -0.7237
2.1844 	 0.0485 	 0.0214 	 1.1418 	 1.5792 	 0.2872 	 1.3761 	 0.3281 	 -0.0105 	 -0.7752
2.1944 	 0.0643 	 0.0243 	 1.1555 	 1.5821 	 0.2869 	 1.3683 	 0.2356 	 -0.0589 	 -0.7698
2.2044 	 0.0802 	 0.0272 	 1.1692 	 1.5840 	 0.2861 	 1.3608 	 0.1596 	 -0.0929 	 -0.7263
2.2144 	 0.0960 	 0.0300 	 1.1828 	 1.5853 	 0.2851 	 1.3538 	 0.1059 	 -0.1070 	 -0.6758
2.2244 	 0.1119 	 0.0329 	 1.1963 	 1.5862 	 0.2840 	 1.3472 	 0.0650 	 -0.1078 	 -0.6298
2.2345 	 0.1278 	 0.0357 	 1.2098 	 1.5867 	 0.2830 	 1.3411 	 0.0300 	 -0.1024 	 -0.5871
2.2445 	 0.1437 	 0.0385 	 1.2232 	 1.5868 	 0.2820 	 1.3354 	 -0.0005 	 -0.0945 	 -0.5450
2.2545 	 0.1596 	 0.0414 	 1.2366 	 1.5867 	 0.2811 	 1.3302 	 -0.0255 	 -0.0861 	 -0.5025
2.2645 	 0.1755 	 0.0442 	 1.2499 	 1.5863 	 0.2802 	 1.3254 	 -0.0445 	 -0.0779 	 -0.4607
2.2745 	 0.1914 	 0.0470 	 1.2631 	 1.5858 	 0.2795 	 1.3210 	 -0.0577 	 -0.0704 	 -0.4214
2.2846 	 0.2073 	 0.0498 	 1.2764 	 1.5852 	 0.2788 	 1.3169 	 -0.0662 	 -0.0636 	 -0.3856
2.2946 	 0.2232 	 0.0526 	 1.2895 	 1.5845 	 0.2782 	 1.3132 	 -0.0711 	 -0.0576 	 -0.3536
2.3046 	 0.2390 	 0.0554 	 1.3027 	 1.5838 	 0.2777 	 1.3098 	 -0.0737 	 -0.0523 	 -0.3255
2.3146 	 0.2549 	 0.0581 	 1.3158 	 1.5830 	 0.2772 	 1.3067 	 -0.0747 	 -0.0478 	 -0.3009
2.3246 	 0.2708 	 0.0609 	 1.3289 	 1.5823 	 0.2767 	 1.3038 	 -0.0747 	 -0.0438 	 -0.2793
2.3347 	 0.2866 	 0.0637 	 1.3419 	 1.5815 	 0.2763 	 1.3011 	 -0.0741 	 -0.0404 	 -0.2602
2.3447 	 0.3025 	 0.0664 	 1.3549 	 1.5808 	 0.2759 	 1.2986 	 -0.0731 	 -0.0374 	 -0.2433
2.3547 	 0.3183 	 0.0692 	 1.3679 	 1.5800 	 0.2755 	 1.2962 	 -0.0719 	 -0.0347 	 -0.2283
2.3647 	 0.3341 	 0.0720 	 1.3809 	 1.5793 	 0.2752 	 1.2940 	 -0.0706 	 -0.0323 	 -0.2148
2.3747 	 0.3500 	 0.0747 	 1.3939 	 1.5786 	 0.2749 	 1.2919 	 -0.0691 	 -0.0301 	 -0.2027
2.3848 	 0.3658 	 0.0775 	 1.4068 	 1.5779 	 0.2746 	 1.2899 	 -0.0677 	 -0.0282 	 -0.1916
2.3948 	 0.3816 	 0.0802 	 1.4197 	 1.5773 	 0.2743 	 1.2880 	 -0.0662 	 -0.0264 	 -0.1816
2.4048 	 0.3974 	 0.0830 	 1.4326 	 1.5766 	 0.2741 	 1.2863 	 -0.0647 	 -0.0248 	 -0.1724
2.4148 	 0.4132 	 0.0857 	 1.4455 	 1.5760 	 0.2738 	 1.2846 	 -0.0632 	 -0.0233 	 -0.1640
2.4248 	 0.4290 	 0.0885 	 1.4584 	 1.5754 	 0.2736 	 1.2830 	 -0.0617 	 -0.0219 	 -0.1562
2.4349 	 0.4447 	 0.0912 	 1.4712 	 1.5747 	 0.2734 	 1.2815 	 -0.0603 	 -0.0206 	 -0.1490
2.4449 	 0.4605 	 0.0939 	 1.4840 	 1.5741 	 0.2732 	 1.2800 	 -0.0588 	 -0.0195 	 -0.1424
2.4549 	 0.4763 	 0.0967 	 1.4969 	 1.5736 	 0.2730 	 1.2786 	 -0.0574 	 -0.0184 	 -0.1362
2.4649 	 0.4920 	 0.0994 	 1.5097 	 1.5730 	 0.2728 	 1.2773 	 -0.0560 	 -0.0174 	 -0.1305
2.4749 	 0.5078 	 0.1021 	 1.5225 	 1.5724 	 0.2727 	 1.2760 	 -0.0547 	 -0.0164 	 -0.1252
2.4850 	 0.5236 	 0.1049 	 1.5352 	 1.5719 	 0.2725 	 1.2748 	 -0.0533 	 -0.0155 	 -0.1203
2.4950 	 0.5393 	 0.1076 	 1.5480 	 1.5714 	 0.2723 	 1.2736 	 -0.0521 	 -0.0147 	 -0.1157
2.5050 	 0.5551 	 0.1103 	 1.5608 	 1.5709 	 0.2722 	 1.2724 	 -0.0508 	 -0.0140 	 -0.1113
2.5150 	 0.5708 	 0.1131 	 1.5735 	 1.5704 	 0.2721 	 1.2713 	 -0.0496 	 -0.0133 	 -0.1073
2.5251 	 0.5865 	 0.1158 	 1.5862 	 1.5699 	 0.2719 	 1.2703 	 -0.0485 	 -0.0126 	 -0.1035
2.5351 	 0.6022 	 0.1185 	 1.5990 	 1.5694 	 0.2718 	 1.2693 	 -0.0473 	 -0.0120 	 -0.1000
2.5451 	 0.6180 	 0.1212 	 1.6117 	 1.5689 	 0.2717 	 1.2683 	 -0.0463 	 -0.0115 	 -0.0966
2.5551 	 0.6337 	 0.1240 	 1.6244 	 1.5685 	 0.2716 	 1.2673 	 -0.0452 	 -0.0110 	 -0.0935
2.5651 	 0.6494 	 0.1267 	 1.6371 	 1.5680 	 0.2715 	 1.2664 	 -0.0442 	 -0.0105 	 -0.0905
2.5752 	 0.6651 	 0.1294 	 1.6498 	 1.5676 	 0.2714 	 1.2655 	 -0.0433 	 -0.0100 	 -0.0877
2.5852 	 0.6808 	 0.1321 	 1.6624 	 1.5671 	 0.2713 	 1.2646 	 -0.0424 	 -0.0096 	 -0.0850
2.5952 	 0.6965 	 0.1348 	 1.6751 	 1.5667 	 0.2712 	 1.2638 	 -0.0415 	 -0.0092 	 -0.0825
2.6052 	 0.7122 	 0.1376 	 1.6878 	 1.5663 	 0.2711 	 1.2630 	 -0.0407 	 -0.0089 	 -0.0801
2.6152 	 0.7279 	 0.1403 	 1.7004 	 1.5659 	 0.2710 	 1.2622 	 -0.0399 	 -0.0086 	 -0.0778
2.6253 	 0.7436 	 0.1430 	 1.7130 	 1.5655 	 0.2709 	 1.2614 	 -0.0392 	 -0.0083 	 -0.0756
2.6353 	 0.7593 	 0.1457 	 1.7257 	 1.5651 	 0.2708 	 1.2607 	 -0.0384 	 -0.0080 	 -0.0736
2.6453 	 0.7750 	 0.1484 	 1.7383 	 1.5647 	 0.2708 	 1.2600 	 -0.0377 	 -0.0077 	 -0.0716
2.6553 	 0.7906 	 0.1511 	 1.7509 	 1.5644 	 0.2707 	 1.2593 	 -0.0371 	 -0.0075 	 -0.0697
2.6653 	 0.8063 	 0.1538 	 1.7635 	 1.5640 	 0.2706 	 1.2586 	 -0.0364 	 -0.0073 	 -0.0678
2.6754 	 0.8220 	 0.1565 	 1.7762 	 1.5636 	 0.2705 	 1.2579 	 -0.0358 	 -0.0071 	 -0.0661
2.6854 	 0.8376 	 0.1593 	 1.7888 	 1.5633 	 0.2705 	 1.2572 	 -0.0352 	 -0.0069 	 -0.0644
2.6954 	 0.8533 	 0.1620 	 1.8014 	 1.5629 	 0.2704 	 1.2566 	 -0.0347 	 -0.0067 	 -0.0628
2.7054 	 0.8690 	 0.1647 	 1.8139 	 1.5626 	 0.2703 	 1.2560 	 -0.0341 	 -0.0066 	 -0.0612
2.7154 	 0.8846 	 0.1674 	 1.8265 	 1.5622 	 0.2703 	 1.2554 	 -0.0336 	 -0.0064 	 -0.0597
2.7255 	 0.9003 	 0.1701 	 1.8391 	 1.5619 	 0.2702 	 1.2548 	 -0.0331 	 -0.0063 	 -0.0582
2.7355 	 0.9159 	 0.1728 	 1.8517 	 1.5616 	 0.2701 	 1.2542 	 -0.0326 	 -0.0062 	 -0.0568
2.7455 	 0.9316 	 0.1755 	 1.8642 	 1.5613 	 0.2701 	 1.2536 	 -0.0321 	 -0.0061 	 -0.0555
2.7555 	 0.9472 	 0.1782 	 1.8768 	 1.5609 	 0.2700 	 1.2531 	 -0.0316 	 -0.0060 	 -0.0541
2.7655 	 0.9629 	 0.1809 	 1.8893 	 1.5606 	 0.2700 	 1.2526 	 -0.0311 	 -0.0059 	 -0.0529
2.7756 	 0.9785 	 0.1836 	 1.9019 	 1.5603 	 0.2699 	 1.2520 	 -0.0307 	 -0.0058 	 -0.0516
2.7856 	 0.9941 	 0.1863 	 1.9144 	 1.5600 	 0.2698 	 1.2515 	 -0.0303 	 -0.0057 	 -0.0504
2.7956 	 1.0098 	 0.1890 	 1.9270 	 1.5597 	 0.2698 	 1.2510 	 -0.0298 	 -0.0056 	 -0.0493
2.8056 	 1.0254 	 0.1917 	 1.9395 	 1.5594 	 0.2697 	 1.2505 	 -0.0294 	 -0.0055 	 -0.0481
2.8156 	 1.0410 	 0.1944 	 1.9520 	 1.5591 	 0.2697 	 1.2501 	 -0.0290 	 -0.0054 	 -0.0471
2.8257 	 1.0566 	 0.1971 	 1.9646 	 1.5588 	 0.2696 	 1.2496 	 -0.0286 	 -0.0053 	 -0.0460
2.8357 	 1.0722 	 0.1998 	 1.9771 	 1.5585 	 0.2696 	 1.2491 	 -0.0282 	 -0.0053 	 -0.0450
2.8457 	 1.0879 	 0.2025 	 1.9896 	 1.5583 	 0.2695 	 1.2487 	 -0.0278 	 -0.0052 	 -0.0440
2.8557 	 1.1035 	 0.2052 	 2.0021 	 1.5580 	 0.2695 	 1.2483 	 -0.0274 	 -0.0051 	 -0.0430
2.8657 	 1.1191 	 0.2079 	 2.0146 	 1.5577 	 0.2694 	 1.2478 	 -0.0271 	 -0.0051 	 -0.0421
2.8758 	 1.1347 	 0.2106 	 2.0271 	 1.5574 	 0.2694 	 1.2474 	 -0.0267 	 -0.0050 	 -0.0412
2.8858 	 1.1503 	 0.2133 	 2.0396 	 1.5572 	 0.2693 	 1.2470 	 -0.0263 	 -0.0049 	 -0.0403
2.8958 	 1.1659 	 0.2160 	 2.0521 	 1.5569 	 0.2693 	 1.2466 	 -0.0260 	 -0.0049 	 -0.0395
2.9058 	 1.1815 	 0.2187 	 2.0646 	 1.5567 	 0.2692 	 1.2462 	 -0.0256 	 -0.0048 	 -0.0386
2.9158 	 1.1971 	 0.2214 	 2.0771 	 1.5564 	 0.2692 	 1.2458 	 -0.0253 	 -0.0047 	 -0.0378
2.9259 	 1.2127 	 0.2241 	 2.0896 	 1.5562 	 0.2691 	 1.2455 	 -0.0250 	 -0.0047 	 -0.0370
2.9359 	 1.2283 	 0.2268 	 2.1020 	 1.5559 	 0.2691 	 1.2451 	 -0.0247 	 -0.0046 	 -0.0363
2.9459 	 1.2439 	 0.2295 	 2.1145 	 1.5557 	 0.2690 	 1.2447 	 -0.0243 	 -0.0046 	 -0.0355
2.9559 	 1.2594 	 0.2322 	 2.1270 	 1.5554 	 0.2690 	 1.2444 	 -0.0240 	 -0.0045 	 -0.0348
2.9659 	 1.2750 	 0.2349 	 2.1394 	 1.5552 	 0.2689 	 1.2440 	 -0.0237 	 -0.0045 	 -0.0341
2.9760 	 1.2906 	 0.2376 	 2.1519 	 1.5549 	 0.2689 	 1.2437 	 -0.0234 	 -0.0044 	 -0.0335
2.9860 	 1.3062 	 0.2403 	 2.1644 	 1.5547 	 0.2688 	 1.2434 	 -0.0231 	 -0.0043 	 -0.0328
2.9960 	 1.3218 	 0.2430 	 2.1768 	 1.5545 	 0.2688 	 1.2430 	 -0.0228 	 -0.0043 	 -0.0322
3.0060 	 1.3373 	 0.2457 	 2.1893 	 1.5543 	 0.2688 	 1.2427 	 -0.0225 	 -0.0042 	 -0.0316
3.0160 	 1.3529 	 0.2484 	 2.2017 	 1.5540 	 0.2687 	 1.2424 	 -0.0222 	 -0.0042 	 -0.0310
3.0261 	 1.3685 	 0.2511 	 2.2142 	 1.5538 	 0.2687 	 1.2421 	 -0.0220 	 -0.0041 	 -0.0304
3.0361 	 1.3841 	 0.2538 	 2.2266 	 1.5536 	 0.2686 	 1.2418 	 -0.0217 	 -0.0041 	 -0.0298
3.0461 	 1.3996 	 0.2565 	 2.2391 	 1.5534 	 0.2686 	 1.2415 	 -0.0214 	 -0.0040 	 -0.0293
3.0561 	 1.4152 	 0.2591 	 2.2515 	 1.5532 	 0.2686 	 1.2412 	 -0.0212 	 -0.0040 	 -0.0287
3.0661 	 1.4307 	 0.2618 	 2.2639 	 1.5529 	 0.2685 	 1.2409 	 -0.0209 	 -0.0039 	 -0.0282
3.0762 	 1.4463 	 0.2645 	 2.2764 	 1.5527 	 0.2685 	 1.2406 	 -0.0207 	 -0.0039 	 -0.0277
3.0862 	 1.4619 	 0.2672 	 2.2888 	 1.5525 	 0.2684 	 1.2404 	 -0.0204 	 -0.0038 	 -0.0272
3.0962 	 1.4774 	 0.2699 	 2.3012 	 1.5523 	 0.2684 	 1.2401 	 -0.0202 	 -0.0038 	 -0.0267
3.1062 	 1.4930 	 0.2726 	 2.3136 	 1.5521 	 0.2684 	 1.2398 	 -0.0199 	 -0.0037 	 -0.0262
3.1162 	 1.5085 	 0.2753 	 2.3261 	 1.5519 	 0.2683 	 1.2396 	 -0.0197 	 -0.0037 	 -0.0258
3.1263 	 1.5241 	 0.2780 	 2.3385 	 1.5517 	 0.2683 	 1.2393 	 -0.0195 	 -0.0037 	 -0.0253
3.1363 	 1.5396 	 0.2807 	 2.3509 	 1.5515 	 0.2682 	 1.2391 	 -0.0193 	 -0.0036 	 -0.0249
3.1463 	 1.5552 	 0.2833 	 2.3633 	 1.5513 	 0.2682 	 1.2388 	 -0.0190 	 -0.0036 	 -0.0245
3.1563 	 1.5707 	 0.2860 	 2.3757 	 1.5512 	 0.2682 	 1.2386 	 -0.0188 	 -0.0035 	 -0.0241
3.1663 	 1.5863 	 0.2887 	 2.3881 	 1.5510 	 0.2681 	 1.2383 	 -0.0186 	 -0.0035 	 -0.0237
3.1764 	 1.6018 	 0.2914 	 2.4005 	 1.5508 	 0.2681 	 1.2381 	 -0.0184 	 -0.0034 	 -0.0233
3.1864 	 1.6173 	 0.2941 	 2.4130 	 1.5506 	 0.2681 	 1.2379 	 -0.0182 	 -0.0034 	 -0.0229
3.1964 	 1.6329 	 0.2968 	 2.4254 	 1.5504 	 0.2680 	 1.2376 	 -0.0180 	 -0.0034 	 -0.0225
3.2064 	 1.6484 	 0.2995 	 2.4378 	 1.5502 	 0.2680 	 1.2374 	 -0.0178 	 -0.0033 	 -0.0222
3.2164 	 1.6639 	 0.3021 	 2.4502 	 1.5501 	 0.2680 	 1.2372 	 -0.0176 	 -0.0033 	 -0.0218
3.2265 	 1.6795 	 0.3048 	 2.4625 	 1.5499 	 0.2679 	 1.2370 	 -0.0174 	 -0.0032 	 -0.0215
3.2365 	 1.6950 	 0.3075 	 2.4749 	 1.5497 	 0.2679 	 1.2368 	 -0.0172 	 -0.0032 	 -0.0211
3.2465 	 1.7105 	 0.3102 	 2.4873 	 1.5495 	 0.2679 	 1.2366 	 -0.0170 	 -0.0032 	 -0.0208
3.2565 	 1.7260 	 0.3129 	 2.4997 	 1.5494 	 0.2678 	 1.2363 	 -0.0169 	 -0.0031 	 -0.0205
3.2665 	 1.7416 	 0.3156 	 2.5121 	 1.5492 	 0.2678 	 1.2361 	 -0.0167 	 -0.0031 	 -0.0202
3.2766 	 1.7571 	 0.3183 	 2.5245 	 1.5490 	 0.2678 	 1.2359 	 -0.0162 	 -0.0030 	 -0.0194
3.2866 	 1.7726 	 0.3209 	 2.5369 	 1.5489 	 0.2678 	 1.2357 	 -0.0160 	 -0.0030 	 -0.0191
3.2966 	 1.7881 	 0.3236 	 2.5493 	 1.5487 	 0.2677 	 1.2356 	 -0.0159 	 -0.0029 	 -0.0188
3.3066 	 1.8037 	 0.3263 	 2.5616 	 1.5486 	 0.2677 	 1.2354 	 -0.0157 	 -0.0029 	 -0.0185
3.3166 	 1.8192 	 0.3290 	 2.5740 	 1.5484 	 0.2677 	 1.2352 	 -0.0155 	 -0.0029 	 -0.0182
3.3267 	 1.8347 	 0.3317 	 2.5864 	 1.5482 	 0.2676 	 1.2350 	 -0.0154 	 -0.0028 	 -0.0180
3.3367 	 1.8502 	 0.3343 	 2.5988 	 1.5481 	 0.2676 	 1.2348 	 -0.0152 	 -0.0028 	 -0.0177
3.3467 	 1.8657 	 0.3370 	 2.6111 	 1.5479 	 0.2676 	 1.2347 	 -0.0151 	 -0.0028 	 -0.0175
3.3567 	 1.8812 	 0.3397 	 2.6235 	 1.5478 	 0.2676 	 1.2345 	 -0.0149 	 -0.0027 	 -0.0172
3.3667 	 1.8967 	 0.3424 	 2.6359 	 1.5476 	 0.2675 	 1.2343 	 -0.0148 	 -0.0027 	 -0.0170
3.3768 	 1.9122 	 0.3451 	 2.6482 	 1.5475 	 0.2675 	 1.2341 	 -0.0146 	 -0.0027 	 -0.0167
3.3868 	 1.9277 	 0.3478 	 2.6606 	 1.5474 	 0.2675 	 1.2340 	 -0.0145 	 -0.0026 	 -0.0165
3.3968 	 1.9432 	 0.3504 	 2.6730 	 1.5472 	 0.2674 	 1.2338 	 -0.0143 	 -0.0026 	 -0.0163
3.4068 	 1.9587 	 0.3531 	 2.6853 	 1.5471 	 0.2674 	 1.2336 	 -0.0142 	 -0.0026 	 -0.0160
3.4168 	 1.9742 	 0.3558 	 2.6977 	 1.5469 	 0.2674 	 1.2335 	 -0.0141 	 -0.0026 	 -0.0158
3.4269 	 1.9897 	 0.3585 	 2.7101 	 1.5468 	 0.2674 	 1.2333 	 -0.0139 	 -0.0025 	 -0.0156
3.4369 	 2.0052 	 0.3611 	 2.7224 	 1.5466 	 0.2673 	 1.2332 	 -0.0138 	 -0.0025 	 -0.0154
3.4469 	 2.0207 	 0.3638 	 2.7348 	 1.5465 	 0.2673 	 1.2330 	 -0.0137 	 -0.0025 	 -0.0152
3.4569 	 2.0362 	 0.3665 	 2.7471 	 1.5464 	 0.2673 	 1.2329 	 -0.0136 	 -0.0025 	 -0.0150
3.4669 	 2.0517 	 0.3692 	 2.7595 	 1.5462 	 0.2673 	 1.2327 	 -0.0134 	 -0.0024 	 -0.0148
3.4770 	 2.0672 	 0.3719 	 2.7718 	 1.5461 	 0.2672 	 1.2326 	 -0.0133 	 -0.0024 	 -0.0146
3.4870 	 2.0827 	 0.3745 	 2.7842 	 1.5460 	 0.2672 	 1.2324 	 -0.0132 	 -0.0024 	 -0.0144
3.4970 	 2.0982 	 0.3772 	 2.7965 	 1.5458 	 0.2672 	 1.2323 	 -0.0131 	 -0.0024 	 -0.0142
3.5070 	 2.1137 	 0.3799 	 2.8089 	 1.5457 	 0.2672 	 1.2321 	 -0.0129 	 -0.0023 	 -0.0141
3.5170 	 2.1292 	 0.3826 	 2.8212 	 1.5456 	 0.2671 	 1.2320 	 -0.0128 	 -0.0023 	 -0.0139
3.5271 	 2.1447 	 0.3852 	 2.8336 	 1.5454 	 0.2671 	 1.2319 	 -0.0127 	 -0.0023 	 -0.0137
3.5371 	 2.1601 	 0.3879 	 2.8459 	 1.5453 	 0.2671 	 1.2317 	 -0.0126 	 -0.0023 	 -0.0135
3.5471 	 2.1756 	 0.3906 	 2.8582 	 1.5452 	 0.2671 	 1.2316 	 -0.0125 	 -0.0022 	 -0.0134
3.5571 	 2.1911 	 0.3933 	 2.8706 	 1.5451 	 0.2671 	 1.2315 	 -0.0124 	 -0.0022 	 -0.0132
3.5671 	 2.2066 	 0.3960 	 2.8829 	 1.5449 	 0.2670 	 1.2313 	 -0.0123 	 -0.0022 	 -0.0130
3.5772 	 2.2221 	 0.3986 	 2.8953 	 1.5448 	 0.2670 	 1.2312 	 -0.0122 	 -0.0022 	 -0.0129
3.5872 	 2.2376 	 0.4013 	 2.9076 	 1.5447 	 0.2670 	 1.2311 	 -0.0121 	 -0.0022 	 -0.0127
3.5972 	 2.2530 	 0.4040 	 2.9199 	 1.5446 	 0.2670 	 1.2309 	 -0.0120 	 -0.0021 	 -0.0126
3.6072 	 2.2685 	 0.4067 	 2.9323 	 1.5445 	 0.2669 	 1.2308 	 -0.0119 	 -0.0021 	 -0.0124
3.6172 	 2.2840 	 0.4093 	 2.9446 	 1.5443 	 0.2669 	 1.2307 	 -0.0118 	 -0.0021 	 -0.0123
3.6273 	 2.2995 	 0.4120 	 2.9569 	 1.5442 	 0.2669 	 1.2306 	 -0.0117 	 -0.0021 	 -0.0121
3.6373 	 2.3149 	 0.4147 	 2.9693 	 1.5441 	 0.2669 	 1.2304 	 -0.0116 	 -0.0021 	 -0.0120
3.6473 	 2.3304 	 0.4174 	 2.9816 	 1.5440 	 0.2669 	 1.2303 	 -0.0115 	 -0.0020 	 -0.0119
3.6573 	 2.3459 	 0.4200 	 2.9939 	 1.5439 	 0.2668 	 1.2302 	 -0.0114 	 -0.0020 	 -0.0117
3.6673 	 2.3613 	 0.4227 	 3.0062 	 1.5438 	 0.2668 	 1.2301 	 -0.0113 	 -0.0020 	 -0.0116
3.6774 	 2.3768 	 0.4254 	 3.0186 	 1.5437 	 0.2668 	 1.2300 	 -0.0112 	 -0.0020 	 -0.0115
3.6874 	 2.3923 	 0.4280 	 3.0309 	 1.5435 	 0.2668 	 1.2299 	 -0.0111 	 -0.0020 	 -0.0113
3.6974 	 2.4077 	 0.4307 	 3.0432 	 1.5434 	 0.2668 	 1.2298 	 -0.0110 	 -0.0020 	 -0.0112
3.7074 	 2.4232 	 0.4334 	 3.0555 	 1.5433 	 0.2667 	 1.2296 	 -0.0109 	 -0.0019 	 -0.0111
3.7174 	 2.4387 	 0.4361 	 3.0679 	 1.5432 	 0.2667 	 1.2295 	 -0.0108 	 -0.0019 	 -0.0110
3.7275 	 2.4541 	 0.4387 	 3.0802 	 1.5431 	 0.2667 	 1.2294 	 -0.0107 	 -0.0019 	 -0.0109
3.7375 	 2.4696 	 0.4414 	 3.0925 	 1.5430 	 0.2667 	 1.2293 	 -0.0107 	 -0.0019 	 -0.0107
3.7475 	 2.4851 	 0.4441 	 3.1048 	 1.5429 	 0.2667 	 1.2292 	 -0.0106 	 -0.0019 	 -0.0106
3.7575 	 2.5005 	 0.4468 	 3.1171 	 1.5428 	 0.2667 	 1.2291 	 -0.0105 	 -0.0019 	 -0.0105
3.7675 	 2.5160 	 0.4494 	 3.1294 	 1.5427 	 0.2666 	 1.2290 	 -0.0104 	 -0.0018 	 -0.0104
3.7776 	 2.5314 	 0.4521 	 3.1418 	 1.5426 	 0.2666 	 1.2289 	 -0.0103 	 -0.0018 	 -0.0103
3.7876 	 2.5469 	 0.4548 	 3.1541 	 1.5425 	 0.2666 	 1.2288 	 -0.0102 	 -0.0018 	 -0.0102
3.7976 	 2.5623 	 0.4574 	 3.1664 	 1.5424 	 0.2666 	 1.2287 	 -0.0102 	 -0.0018 	 -0.0101
3.8076 	 2.5778 	 0.4601 	 3.1787 	 1.5423 	 0.2666 	 1.2286 	 -0.0101 	 -0.0018 	 -0.0100
3.8176 	 2.5932 	 0.4628 	 3.1910 	 1.5422 	 0.2665 	 1.2285 	 -0.0100 	 -0.0018 	 -0.0099
3.8277 	 2.6087 	 0.4655 	 3.2033 	 1.5421 	 0.2665 	 1.2284 	 -0.0099 	 -0.0018 	 -0.0098
3.8377 	 2.6241 	 0.4681 	 3.2156 	 1.5420 	 0.2665 	 1.2283 	 -0.0099 	 -0.0017 	 -0.0097
3.8477 	 2.6396 	 0.4708 	 3.2279 	 1.5419 	 0.2665 	 1.2282 	 -0.0098 	 -0.0017 	 -0.0096
3.8577 	 2.6550 	 0.4735 	 3.2402 	 1.5418 	 0.2665 	 1.2281 	 -0.0097 	 -0.0017 	 -0.0095
3.8677 	 2.6705 	 0.4761 	 3.2525 	 1.5417 	 0.2665 	 1.2280 	 -0.0096 	 -0.0017 	 -0.0094
3.8778 	 2.6859 	 0.4788 	 3.2648 	 1.5416 	 0.2664 	 1.2279 	 -0.0096 	 -0.0017 	 -0.0093
3.8878 	 2.7014 	 0.4815 	 3.2771 	 1.5415 	 0.2664 	 1.2278 	 -0.0095 	 -0.0017 	 -0.0092
3.8978 	 2.7168 	 0.4841 	 3.2894 	 1.5414 	 0.2664 	 1.2277 	 -0.0094 	 -0.0017 	 -0.0091
3.9078 	 2.7323 	 0.4868 	 3.3017 	 1.5413 	 0.2664 	 1.2276 	 -0.0094 	 -0.0017 	 -0.0090
3.9178 	 2.7477 	 0.4895 	 3.3140 	 1.5412 	 0.2664 	 1.2275 	 -0.0093 	 -0.0016 	 -0.0089
3.9279 	 2.7632 	 0.4921 	 3.3263 	 1.5411 	 0.2664 	 1.2275 	 -0.0092 	 -0.0016 	 -0.0088
3.9379 	 2.7786 	 0.4948 	 3.3386 	 1.5410 	 0.2663 	 1.2274 	 -0.0092 	 -0.0016 	 -0.0088
3.9479 	 2.7940 	 0.4975 	 3.3509 	 1.5409 	 0.2663 	 1.2273 	 -0.0091 	 -0.0016 	 -0.0087
3.9579 	 2.8095 	 0.5002 	 3.3632 	 1.5408 	 0.2663 	 1.2272 	 -0.0090 	 -0.0016 	 -0.0086
3.9679 	 2.8249 	 0.5028 	 3.3755 	 1.5407 	 0.2663 	 1.2271 	 -0.0090 	 -0.0016 	 -0.0085
3.9780 	 2.8404 	 0.5055 	 3.3878 	 1.5407 	 0.2663 	 1.2270 	 -0.0089 	 -0.0016 	 -0.0084
3.9880 	 2.8558 	 0.5082 	 3.4001 	 1.5406 	 0.2663 	 1.2269 	 -0.0088 	 -0.0016 	 -0.0084
3.9980 	 2.8712 	 0.5108 	 3.4124 	 1.5405 	 0.2662 	 1.2269 	 -0.0088 	 -0.0015 	 -0.0083
4.0080 	 2.8867 	 0.5135 	 3.4247 	 1.5404 	 0.2662 	 1.2268 	 -0.0087 	 -0.0015 	 -0.0082
4.0180 	 2.9021 	 0.5162 	 3.4370 	 1.5403 	 0.2662 	 1.2267 	 -0.0086 	 -0.0015 	 -0.0081
4.0281 	 2.9175 	 0.5188 	 3.4493 	 1.5402 	 0.2662 	 1.2266 	 -0.0086 	 -0.0015 	 -0.0081
4.0381 	 2.9330 	 0.5215 	 3.4616 	 1.5401 	 0.2662 	 1.2265 	 -0.0085 	 -0.0015 	 -0.0080
4.0481 	 2.9484 	 0.5242 	 3.4739 	 1.5401 	 0.2662 	 1.2265 	 -0.0085 	 -0.0015 	 -0.0079
4.0581 	 2.9638 	 0.5268 	 3.4862 	 1.5400 	 0.2662 	 1.2264 	 -0.0084 	 -0.0015 	 -0.0078
4.0681 	 2.9793 	 0.5295 	 3.4985 	 1.5399 	 0.2661 	 1.2263 	 -0.0083 	 -0.0015 	 -0.0078
4.0782 	 2.9947 	 0.5322 	 3.5107 	 1.5398 	 0.2661 	 1.2262 	 -0.0083 	 -0.0015 	 -0.0077
4.0882 	 3.0101 	 0.5348 	 3.5230 	 1.5397 	 0.2661 	 1.2261 	 -0.0082 	 -0.0015 	 -0.0076
4.0982 	 3.0256 	 0.5375 	 3.5353 	 1.5396 	 0.2661 	 1.2261 	 -0.0082 	 -0.0014 	 -0.0076
4.1082 	 3.0410 	 0.5402 	 3.5476 	 1.5396 	 0.2661 	 1.2260 	 -0.0081 	 -0.0014 	 -0.0075
4.1182 	 3.0564 	 0.5428 	 3.5599 	 1.5395 	 0.2661 	 1.2259 	 -0.0081 	 -0.0014 	 -0.0074
4.1283 	 3.0718 	 0.5455 	 3.5722 	 1.5394 	 0.2660 	 1.2258 	 -0.0080 	 -0.0014 	 -0.0074
4.1383 	 3.0873 	 0.5482 	 3.5844 	 1.5393 	 0.2660 	 1.2258 	 -0.0079 	 -0.0014 	 -0.0073
4.1483 	 3.1027 	 0.5508 	 3.5967 	 1.5392 	 0.2660 	 1.2257 	 -0.0079 	 -0.0014 	 -0.0072
4.1583 	 3.1181 	 0.5535 	 3.6090 	 1.5392 	 0.2660 	 1.2256 	 -0.0078 	 -0.0014 	 -0.0072
4.1683 	 3.1335 	 0.5562 	 3.6213 	 1.5391 	 0.2660 	 1.2256 	 -0.0078 	 -0.0014 	 -0.0071
4.1784 	 3.1489 	 0.5588 	 3.6336 	 1.5390 	 0.2660 	 1.2255 	 -0.0077 	 -0.0014 	 -0.0071
4.1884 	 3.1644 	 0.5615 	 3.6458 	 1.5389 	 0.2660 	 1.2254 	 -0.0077 	 -0.0014 	 -0.0070
4.1984 	 3.1798 	 0.5642 	 3.6581 	 1.5388 	 0.2660 	 1.2253 	 -0.0076 	 -0.0013 	 -0.0069
4.2084 	 3.1952 	 0.5668 	 3.6704 	 1.5388 	 0.2659 	 1.2253 	 -0.0076 	 -0.0013 	 -0.0069
4.2184 	 3.2106 	 0.5695 	 3.6827 	 1.5387 	 0.2659 	 1.2252 	 -0.0075 	 -0.0013 	 -0.0068
4.2285 	 3.2260 	 0.5721 	 3.6950 	 1.5386 	 0.2659 	 1.2251 	 -0.0075 	 -0.0013 	 -0.0068
4.2385 	 3.2415 	 0.5748 	 3.7072 	 1.5385 	 0.2659 	 1.2251 	 -0.0074 	 -0.0013 	 -0.0067
4.2485 	 3.2569 	 0.5775 	 3.7195 	 1.5385 	 0.2659 	 1.2250 	 -0.0074 	 -0.0013 	 -0.0067
4.2585 	 3.2723 	 0.5801 	 3.7318 	 1.5384 	 0.2659 	 1.2249 	 -0.0073 	 -0.0013 	 -0.0066
4.2685 	 3.2877 	 0.5828 	 3.7441 	 1.5383 	 0.2659 	 1.2249 	 -0.0073 	 -0.0013 	 -0.0066
4.2786 	 3.3031 	 0.5855 	 3.7563 	 1.5382 	 0.2658 	 1.2248 	 -0.0072 	 -0.0013 	 -0.0065
4.2886 	 3.3185 	 0.5881 	 3.7686 	 1.5382 	 0.2658 	 1.2247 	 -0.0072 	 -0.0013 	 -0.0065
4.2986 	 3.3339 	 0.5908 	 3.7809 	 1.5381 	 0.2658 	 1.2247 	 -0.0071 	 -0.0013 	 -0.0064
4.3086 	 3.3493 	 0.5935 	 3.7931 	 1.5380 	 0.2658 	 1.2246 	 -0.0071 	 -0.0013 	 -0.0063
4.3186 	 3.3648 	 0.5961 	 3.8054 	 1.5380 	 0.2658 	 1.2245 	 -0.0071 	 -0.0012 	 -0.0063
4.3287 	 3.3802 	 0.5988 	 3.8177 	 1.5379 	 0.2658 	 1.2245 	 -0.0070 	 -0.0012 	 -0.0063
4.3387 	 3.3956 	 0.6014 	 3.8300 	 1.5378 	 0.2658 	 1.2244 	 -0.0070 	 -0.0012 	 -0.0062
4.3487 	 3.4110 	 0.6041 	 3.8422 	 1.5378 	 0.2658 	 1.2244 	 -0.0069 	 -0.0012 	 -0.0062
4.3587 	 3.4264 	 0.6068 	 3.8545 	 1.5377 	 0.2657 	 1.2243 	 -0.0069 	 -0.0012 	 -0.0061
4.3687 	 3.4418 	 0.6094 	 3.8668 	 1.5376 	 0.2657 	 1.2242 	 -0.0068 	 -0.0012 	 -0.0061
4.3788 	 3.4572 	 0.6121 	 3.8790 	 1.5375 	 0.2657 	 1.2242 	 -0.0068 	 -0.0012 	 -0.0060
4.3888 	 3.4726 	 0.6148 	 3.8913 	 1.5375 	 0.2657 	 1.2241 	 -0.0067 	 -0.0012 	 -0.0060
4.3988 	 3.4880 	 0.6174 	 3.9036 	 1.5374 	 0.2657 	 1.2241 	 -0.0067 	 -0.0012 	 -0.0059
4.4088 	 3.5034 	 0.6201 	 3.9158 	 1.5373 	 0.2657 	 1.2240 	 -0.0067 	 -0.0012 	 -0.0059
4.4188 	 3.5188 	 0.6227 	 3.9281 	 1.5373 	 0.2657 	 1.2239 	 -0.0066 	 -0.0012 	 -0.0058
4.4289 	 3.5342 	 0.6254 	 3.9403 	 1.5372 	 0.2657 	 1.2239 	 -0.0066 	 -0.0012 	 -0.0058
4.4389 	 3.5496 	 0.6281 	 3.9526 	 1.5371 	 0.2657 	 1.2238 	 -0.0065 	 -0.0012 	 -0.0057
4.4489 	 3.5650 	 0.6307 	 3.9649 	 1.5371 	 0.2656 	 1.2238 	 -0.0065 	 -0.0012 	 -0.0057
4.4589 	 3.5804 	 0.6334 	 3.9771 	 1.5370 	 0.2656 	 1.2237 	 -0.0065 	 -0.0011 	 -0.0057
4.4689 	 3.5958 	 0.6361 	 3.9894 	 1.5369 	 0.2656 	 1.2236 	 -0.0064 	 -0.0011 	 -0.0056
4.4790 	 3.6112 	 0.6387 	 4.0017 	 1.5369 	 0.2656 	 1.2236 	 -0.0064 	 -0.0011 	 -0.0056
4.4890 	 3.6266 	 0.6414 	 4.0139 	 1.5368 	 0.2656 	 1.2235 	 -0.0063 	 -0.0011 	 -0.0055
4.4990 	 3.6420 	 0.6440 	 4.0262 	 1.5368 	 0.2656 	 1.2235 	 -0.0063 	 -0.0011 	 -0.0055
4.5090 	 3.6574 	 0.6467 	 4.0384 	 1.5367 	 0.2656 	 1.2234 	 -0.0063 	 -0.0011 	 -0.0055
4.5190 	 3.6728 	 0.6494 	 4.0507 	 1.5366 	 0.2656 	 1.2234 	 -0.0062 	 -0.0011 	 -0.0054
4.5291 	 3.6882 	 0.6520 	 4.0629 	 1.5366 	 0.2656 	 1.2233 	 -0.0062 	 -0.0011 	 -0.0054
4.5391 	 3.7036 	 0.6547 	 4.0752 	 1.5365 	 0.2655 	 1.2233 	 -0.0062 	 -0.0011 	 -0.0053
4.5491 	 3.7190 	 0.6573 	 4.0875 	 1.5364 	 0.2655 	 1.2232 	 -0.0061 	 -0.0011 	 -0.0053
4.5591 	 3.7344 	 0.6600 	 4.0997 	 1.5364 	 0.2655 	 1.2232 	 -0.0061 	 -0.0011 	 -0.0053
4.5691 	 3.7498 	 0.6627 	 4.1120 	 1.5363 	 0.2655 	 1.2231 	 -0.0060 	 -0.0011 	 -0.0052
4.5792 	 3.7652 	 0.6653 	 4.1242 	 1.5363 	 0.2655 	 1.2231 	 -0.0060 	 -0.0011 	 -0.0052
4.5892 	 3.7806 	 0.6680 	 4.1365 	 1.5362 	 0.2655 	 1.2230 	 -0.0060 	 -0.0011 	 -0.0052
4.5992 	 3.7960 	 0.6706 	 4.1487 	 1.5361 	 0.2655 	 1.2230 	 -0.0059 	 -0.0011 	 -0.0051
4.6092 	 3.8114 	 0.6733 	 4.1610 	 1.5361 	 0.2655 	 1.2229 	 -0.0059 	 -0.0011 	 -0.0051
4.6192 	 3.8268 	 0.6760 	 4.1732 	 1.5360 	 0.2655 	 1.2228 	 -0.0059 	 -0.0010 	 -0.0050
4.6293 	 3.8422 	 0.6786 	 4.1855 	 1.5360 	 0.2654 	 1.2228 	 -0.0058 	 -0.0010 	 -0.0050
4.6393 	 3.8576 	 0.6813 	 4.1978 	 1.5359 	 0.2654 	 1.2227 	 -0.0058 	 -0.0010 	 -0.0050
4.6493 	 3.8729 	 0.6839 	 4.2100 	 1.5359 	 0.2654 	 1.2227 	 -0.0058 	 -0.0010 	 -0.0049
4.6593 	 3.8883 	 0.6866 	 4.2223 	 1.5358 	 0.2654 	 1.2226 	 -0.0057 	 -0.0010 	 -0.0049
4.6693 	 3.9037 	 0.6893 	 4.2345 	 1.5357 	 0.2654 	 1.2226 	 -0.0057 	 -0.0010 	 -0.0049
4.6794 	 3.9191 	 0.6919 	 4.2468 	 1.5357 	 0.2654 	 1.2226 	 -0.0057 	 -0.0010 	 -0.0048
4.6894 	 3.9345 	 0.6946 	 4.2590 	 1.5356 	 0.2654 	 1.2225 	 -0.0056 	 -0.0010 	 -0.0048
4.6994 	 3.9499 	 0.6972 	 4.2713 	 1.5356 	 0.2654 	 1.2225 	 -0.0056 	 -0.0010 	 -0.0048
4.7094 	 3.9653 	 0.6999 	 4.2835 	 1.5355 	 0.2654 	 1.2224 	 -0.0056 	 -0.0010 	 -0.0047
4.7194 	 3.9807 	 0.7026 	 4.2958 	 1.5355 	 0.2654 	 1.2224 	 -0.0055 	 -0.0010 	 -0.0047
4.7295 	 3.9960 	 0.7052 	 4.3080 	 1.5354 	 0.2653 	 1.2223 	 -0.0055 	 -0.0010 	 -0.0047
4.7395 	 4.0114 	 0.7079 	 4.3202 	 1.5353 	 0.2653 	 1.2223 	 -0.0055 	 -0.0010 	 -0.0047
4.7495 	 4.0268 	 0.7105 	 4.3325 	 1.5353 	 0.2653 	 1.2222 	 -0.0054 	 -0.0010 	 -0.0046
4.7595 	 4.0422 	 0.7132 	 4.3447 	 1.5352 	 0.2653 	 1.2222 	 -0.0054 	 -0.0010 	 -0.0046
4.7695 	 4.0576 	 0.7159 	 4.3570 	 1.5352 	 0.2653 	 1.2221 	 -0.0054 	 -0.0010 	 -0.0046
4.7796 	 4.0730 	 0.7185 	 4.3692 	 1.5351 	 0.2653 	 1.2221 	 -0.0054 	 -0.0010 	 -0.0045
4.7896 	 4.0883 	 0.7212 	 4.3815 	 1.5351 	 0.2653 	 1.2220 	 -0.0053 	 -0.0010 	 -0.0045
4.7996 	 4.1037 	 0.7238 	 4.3937 	 1.5350 	 0.2653 	 1.2220 	 -0.0053 	 -0.0009 	 -0.0045
4.8096 	 4.1191 	 0.7265 	 4.4060 	 1.5350 	 0.2653 	 1.2219 	 -0.0053 	 -0.0009 	 -0.0044
4.8196 	 4.1345 	 0.7291 	 4.4182 	 1.5349 	 0.2653 	 1.2219 	 -0.0052 	 -0.0009 	 -0.0044
4.8297 	 4.1499 	 0.7318 	 4.4305 	 1.5349 	 0.2652 	 1.2219 	 -0.0052 	 -0.0009 	 -0.0044
4.8397 	 4.1652 	 0.7345 	 4.4427 	 1.5348 	 0.2652 	 1.2218 	 -0.0052 	 -0.0009 	 -0.0044
4.8497 	 4.1806 	 0.7371 	 4.4549 	 1.5348 	 0.2652 	 1.2218 	 -0.0052 	 -0.0009 	 -0.0043
4.8597 	 4.1960 	 0.7398 	 4.4672 	 1.5347 	 0.2652 	 1.2217 	 -0.0051 	 -0.0009 	 -0.0043
4.8697 	 4.2114 	 0.7424 	 4.4794 	 1.5347 	 0.2652 	 1.2217 	 -0.0051 	 -0.0009 	 -0.0043
4.8798 	 4.2268 	 0.7451 	 4.4917 	 1.5346 	 0.2652 	 1.2216 	 -0.0051 	 -0.0009 	 -0.0043
4.8898 	 4.2421 	 0.7477 	 4.5039 	 1.5346 	 0.2652 	 1.2216 	 -0.0050 	 -0.0009 	 -0.0042
4.8998 	 4.2575 	 0.7504 	 4.5161 	 1.5345 	 0.2652 	 1.2216 	 -0.0050 	 -0.0009 	 -0.0042
4.9098 	 4.2729 	 0.7531 	 4.5284 	 1.5345 	 0.2652 	 1.2215 	 -0.0050 	 -0.0009 	 -0.0042
4.9198 	 4.2883 	 0.7557 	 4.5406 	 1.5344 	 0.2652 	 1.2215 	 -0.0050 	 -0.0009 	 -0.0041
4.9299 	 4.3036 	 0.7584 	 4.5529 	 1.5344 	 0.2652 	 1.2214 	 -0.0049 	 -0.0009 	 -0.0041
4.9399 	 4.3190 	 0.7610 	 4.5651 	 1.5343 	 0.2651 	 1.2214 	 -0.0049 	 -0.0009 	 -0.0041
4.9499 	 4.3344 	 0.7637 	 4.5773 	 1.5343 	 0.2651 	 1.2214 	 -0.0049 	 -0.0009 	 -0.0041
4.9599 	 4.3497 	 0.7663 	 4.5896 	 1.5342 	 0.2651 	 1.2213 	 -0.0049 	 -0.0009 	 -0.0040
4.9699 	 4.3651 	 0.7690 	 4.6018 	 1.5342 	 0.2651 	 1.2213 	 -0.0048 	 -0.0009 	 -0.0040
4.9800 	 4.3805 	 0.7717 	 4.6141 	 1.5341 	 0.2651 	 1.2212 	 -0.0048 	 -0.0009 	 -0.0040
4.9900 	 4.3959 	 0.7743 	 4.6263 	 1.5341 	 0.2651 	 1.2212 	 -0.0048 	 -0.0009 	 -0.0040
