100-Body Run with i = 14 th particle. (Units in pc,M_solar,Myr, km s-1) 

time		 x 		 y 		 z 		 xdot 		 ydot 		 zdot 		 xddot 		 yddot 		 zddot
0.0000 	 0.1963 	 0.1932 	 -0.4700 	 -0.0024 	 -0.0081 	 0.0109 	 -0.3602 	 -0.8950 	 0.5733
0.0100 	 0.1963 	 0.1931 	 -0.4699 	 -0.0060 	 -0.0171 	 0.0167 	 -0.3603 	 -0.8950 	 0.5737
0.0200 	 0.1962 	 0.1928 	 -0.4697 	 -0.0096 	 -0.0261 	 0.0224 	 -0.3628 	 -0.9029 	 0.5771
0.0301 	 0.1961 	 0.1925 	 -0.4695 	 -0.0133 	 -0.0353 	 0.0282 	 -0.3643 	 -0.9340 	 0.5776
0.0401 	 0.1959 	 0.1921 	 -0.4691 	 -0.0167 	 -0.0447 	 0.0338 	 -0.3079 	 -0.9303 	 0.5119
0.0501 	 0.1957 	 0.1916 	 -0.4688 	 -0.0197 	 -0.0539 	 0.0386 	 -0.2887 	 -0.9004 	 0.4687
0.0601 	 0.1955 	 0.1911 	 -0.4684 	 -0.0226 	 -0.0627 	 0.0433 	 -0.2919 	 -0.8648 	 0.4653
0.0701 	 0.1953 	 0.1904 	 -0.4679 	 -0.0256 	 -0.0713 	 0.0480 	 -0.3015 	 -0.8473 	 0.4699
0.0802 	 0.1950 	 0.1896 	 -0.4674 	 -0.0286 	 -0.0797 	 0.0527 	 -0.3103 	 -0.8395 	 0.4721
0.0902 	 0.1947 	 0.1888 	 -0.4669 	 -0.0318 	 -0.0881 	 0.0574 	 -0.3171 	 -0.8352 	 0.4712
0.1002 	 0.1944 	 0.1879 	 -0.4663 	 -0.0350 	 -0.0965 	 0.0621 	 -0.3216 	 -0.8322 	 0.4680
0.1102 	 0.1940 	 0.1869 	 -0.4656 	 -0.0382 	 -0.1048 	 0.0668 	 -0.3224 	 -0.8287 	 0.4653
0.1202 	 0.1936 	 0.1858 	 -0.4649 	 -0.0414 	 -0.1130 	 0.0715 	 -0.3123 	 -0.8173 	 0.4726
0.1303 	 0.1932 	 0.1846 	 -0.4642 	 -0.0444 	 -0.1211 	 0.0763 	 -0.2941 	 -0.7957 	 0.4772
0.1403 	 0.1927 	 0.1833 	 -0.4634 	 -0.0473 	 -0.1290 	 0.0810 	 -0.2765 	 -0.7740 	 0.4717
0.1503 	 0.1922 	 0.1820 	 -0.4626 	 -0.0500 	 -0.1367 	 0.0857 	 -0.2627 	 -0.7594 	 0.4624
0.1603 	 0.1917 	 0.1806 	 -0.4617 	 -0.0526 	 -0.1442 	 0.0903 	 -0.2497 	 -0.7486 	 0.4556
0.1703 	 0.1912 	 0.1791 	 -0.4608 	 -0.0550 	 -0.1516 	 0.0948 	 -0.2344 	 -0.7387 	 0.4401
0.1804 	 0.1906 	 0.1776 	 -0.4598 	 -0.0573 	 -0.1591 	 0.0991 	 -0.2261 	 -0.7414 	 0.4321
0.1904 	 0.1900 	 0.1759 	 -0.4588 	 -0.0595 	 -0.1665 	 0.1035 	 -0.2177 	 -0.7441 	 0.4308
0.2004 	 0.1894 	 0.1742 	 -0.4577 	 -0.0616 	 -0.1740 	 0.1078 	 -0.2093 	 -0.7472 	 0.4320
0.2104 	 0.1888 	 0.1724 	 -0.4566 	 -0.0637 	 -0.1815 	 0.1121 	 -0.2011 	 -0.7509 	 0.4348
0.2204 	 0.1881 	 0.1706 	 -0.4555 	 -0.0657 	 -0.1890 	 0.1165 	 -0.1932 	 -0.7552 	 0.4389
0.2305 	 0.1875 	 0.1687 	 -0.4543 	 -0.0676 	 -0.1966 	 0.1209 	 -0.1856 	 -0.7599 	 0.4442
0.2405 	 0.1868 	 0.1666 	 -0.4530 	 -0.0694 	 -0.2042 	 0.1254 	 -0.1783 	 -0.7651 	 0.4507
0.2505 	 0.1861 	 0.1646 	 -0.4518 	 -0.0711 	 -0.2119 	 0.1300 	 -0.1714 	 -0.7708 	 0.4584
0.2605 	 0.1854 	 0.1624 	 -0.4504 	 -0.0728 	 -0.2197 	 0.1346 	 -0.1647 	 -0.7768 	 0.4671
0.2705 	 0.1846 	 0.1602 	 -0.4491 	 -0.0744 	 -0.2275 	 0.1393 	 -0.1585 	 -0.7834 	 0.4770
0.2806 	 0.1839 	 0.1578 	 -0.4476 	 -0.0760 	 -0.2354 	 0.1442 	 -0.1526 	 -0.7905 	 0.4881
0.2906 	 0.1831 	 0.1554 	 -0.4462 	 -0.0775 	 -0.2434 	 0.1491 	 -0.1473 	 -0.7982 	 0.5003
0.3006 	 0.1823 	 0.1530 	 -0.4447 	 -0.0790 	 -0.2514 	 0.1542 	 -0.1425 	 -0.8065 	 0.5137
0.3106 	 0.1815 	 0.1504 	 -0.4431 	 -0.0804 	 -0.2595 	 0.1594 	 -0.1382 	 -0.8153 	 0.5282
0.3206 	 0.1807 	 0.1478 	 -0.4415 	 -0.0817 	 -0.2677 	 0.1648 	 -0.1340 	 -0.8243 	 0.5440
0.3307 	 0.1799 	 0.1450 	 -0.4398 	 -0.0830 	 -0.2760 	 0.1703 	 -0.1297 	 -0.8327 	 0.5608
0.3407 	 0.1790 	 0.1422 	 -0.4380 	 -0.0843 	 -0.2844 	 0.1760 	 -0.1252 	 -0.8407 	 0.5786
0.3507 	 0.1782 	 0.1393 	 -0.4362 	 -0.0856 	 -0.2929 	 0.1819 	 -0.1204 	 -0.8482 	 0.5977
0.3607 	 0.1773 	 0.1364 	 -0.4344 	 -0.0867 	 -0.3014 	 0.1880 	 -0.1152 	 -0.8555 	 0.6181
0.3707 	 0.1765 	 0.1333 	 -0.4325 	 -0.0879 	 -0.3100 	 0.1943 	 -0.1097 	 -0.8630 	 0.6401
0.3808 	 0.1756 	 0.1301 	 -0.4305 	 -0.0889 	 -0.3187 	 0.2008 	 -0.1062 	 -0.8729 	 0.6648
0.3908 	 0.1747 	 0.1269 	 -0.4285 	 -0.0900 	 -0.3275 	 0.2076 	 -0.1062 	 -0.8851 	 0.6926
0.4008 	 0.1738 	 0.1236 	 -0.4263 	 -0.0911 	 -0.3365 	 0.2147 	 -0.1110 	 -0.8980 	 0.7237
0.4108 	 0.1728 	 0.1202 	 -0.4241 	 -0.0922 	 -0.3455 	 0.2221 	 -0.1209 	 -0.9082 	 0.7576
0.4208 	 0.1719 	 0.1167 	 -0.4219 	 -0.0935 	 -0.3546 	 0.2299 	 -0.1341 	 -0.9124 	 0.7923
0.4309 	 0.1710 	 0.1131 	 -0.4195 	 -0.0949 	 -0.3638 	 0.2380 	 -0.1466 	 -0.9099 	 0.8266
0.4409 	 0.1700 	 0.1094 	 -0.4171 	 -0.0964 	 -0.3729 	 0.2465 	 -0.1547 	 -0.9034 	 0.8605
0.4509 	 0.1690 	 0.1056 	 -0.4146 	 -0.0980 	 -0.3819 	 0.2553 	 -0.1571 	 -0.8969 	 0.8953
0.4609 	 0.1680 	 0.1017 	 -0.4120 	 -0.0996 	 -0.3908 	 0.2644 	 -0.1551 	 -0.8939 	 0.9332
0.4709 	 0.1670 	 0.0978 	 -0.4093 	 -0.1011 	 -0.3998 	 0.2740 	 -0.1510 	 -0.8953 	 0.9755
0.4810 	 0.1660 	 0.0937 	 -0.4065 	 -0.1026 	 -0.4088 	 0.2840 	 -0.1463 	 -0.9035 	 1.0241
0.4910 	 0.1650 	 0.0896 	 -0.4036 	 -0.1040 	 -0.4179 	 0.2945 	 -0.1390 	 -0.9169 	 1.0781
0.5010 	 0.1639 	 0.0853 	 -0.4006 	 -0.1054 	 -0.4272 	 0.3056 	 -0.1285 	 -0.9351 	 1.1379
0.5110 	 0.1629 	 0.0810 	 -0.3975 	 -0.1066 	 -0.4367 	 0.3173 	 -0.1139 	 -0.9558 	 1.1847
0.5210 	 0.1618 	 0.0766 	 -0.3942 	 -0.1077 	 -0.4464 	 0.3296 	 -0.0971 	 -0.9832 	 1.2607
0.5311 	 0.1607 	 0.0720 	 -0.3909 	 -0.1085 	 -0.4564 	 0.3426 	 -0.0768 	 -1.0147 	 1.3485
0.5411 	 0.1596 	 0.0674 	 -0.3874 	 -0.1092 	 -0.4667 	 0.3566 	 -0.0529 	 -1.0500 	 1.4508
0.5511 	 0.1585 	 0.0627 	 -0.3837 	 -0.1096 	 -0.4774 	 0.3718 	 -0.0247 	 -1.0889 	 1.5700
0.5611 	 0.1574 	 0.0579 	 -0.3799 	 -0.1097 	 -0.4886 	 0.3882 	 0.0099 	 -1.1315 	 1.7091
0.5711 	 0.1563 	 0.0529 	 -0.3759 	 -0.1093 	 -0.5001 	 0.4061 	 0.0550 	 -1.1800 	 1.8698
0.5812 	 0.1552 	 0.0478 	 -0.3717 	 -0.1085 	 -0.5122 	 0.4257 	 0.1161 	 -1.2345 	 2.0544
0.5912 	 0.1542 	 0.0426 	 -0.3674 	 -0.1069 	 -0.5249 	 0.4473 	 0.2012 	 -1.2824 	 2.2654
0.6012 	 0.1531 	 0.0373 	 -0.3628 	 -0.1044 	 -0.5379 	 0.4712 	 0.3214 	 -1.3155 	 2.5122
0.6112 	 0.1521 	 0.0318 	 -0.3579 	 -0.0999 	 -0.5523 	 0.4985 	 0.5141 	 -1.3968 	 2.8378
0.6212 	 0.1511 	 0.0262 	 -0.3527 	 -0.0912 	 -0.5713 	 0.5321 	 1.7190 	 -3.0861 	 4.5179
0.6313 	 0.1507 	 0.0205 	 -0.3469 	 0.0009 	 -0.5789 	 0.6396 	 2.9309 	 4.7101 	 3.5016
0.6413 	 0.1508 	 0.0148 	 -0.3403 	 0.0177 	 -0.5574 	 0.6696 	 1.4134 	 1.5340 	 2.8832
0.6513 	 0.1510 	 0.0093 	 -0.3335 	 0.0326 	 -0.5348 	 0.6936 	 1.4763 	 3.2795 	 1.5712
0.6613 	 0.1514 	 0.0042 	 -0.3266 	 0.0415 	 -0.4903 	 0.6928 	 -0.1108 	 5.3496 	 -2.1051
0.6713 	 0.1517 	 -0.0005 	 -0.3199 	 0.0237 	 -0.4416 	 0.6507 	 -3.4009 	 3.6141 	 -5.8278
0.6814 	 0.1517 	 -0.0049 	 -0.3137 	 -0.0200 	 -0.4246 	 0.5893 	 -4.8603 	 -0.0499 	 -5.8481
0.6914 	 0.1513 	 -0.0092 	 -0.3080 	 -0.0676 	 -0.4361 	 0.5386 	 -4.4880 	 -1.9183 	 -4.2239
0.7014 	 0.1504 	 -0.0137 	 -0.3028 	 -0.1088 	 -0.4585 	 0.5038 	 -3.7111 	 -2.4210 	 -2.7856
0.7114 	 0.1491 	 -0.0184 	 -0.2978 	 -0.1424 	 -0.4829 	 0.4812 	 -3.0156 	 -2.3908 	 -1.7772
0.7214 	 0.1476 	 -0.0233 	 -0.2931 	 -0.1698 	 -0.5059 	 0.4670 	 -2.4962 	 -2.1989 	 -1.1193
0.7315 	 0.1458 	 -0.0285 	 -0.2884 	 -0.1929 	 -0.5269 	 0.4580 	 -2.1302 	 -1.9972 	 -0.6913
0.7415 	 0.1437 	 -0.0339 	 -0.2839 	 -0.2128 	 -0.5461 	 0.4527 	 -1.8635 	 -1.8305 	 -0.3896
0.7515 	 0.1415 	 -0.0394 	 -0.2793 	 -0.2304 	 -0.5637 	 0.4500 	 -1.6505 	 -1.6970 	 -0.1483
0.7615 	 0.1391 	 -0.0452 	 -0.2748 	 -0.2460 	 -0.5802 	 0.4496 	 -1.4586 	 -1.5859 	 0.0692
0.7715 	 0.1366 	 -0.0511 	 -0.2703 	 -0.2596 	 -0.5955 	 0.4514 	 -1.2611 	 -1.4863 	 0.2836
0.7816 	 0.1339 	 -0.0571 	 -0.2658 	 -0.2712 	 -0.6099 	 0.4553 	 -1.0343 	 -1.3867 	 0.5043
0.7916 	 0.1312 	 -0.0633 	 -0.2612 	 -0.2802 	 -0.6233 	 0.4615 	 -0.7576 	 -1.2729 	 0.7284
0.8016 	 0.1283 	 -0.0696 	 -0.2565 	 -0.2861 	 -0.6353 	 0.4699 	 -0.4185 	 -1.1265 	 0.9378
0.8116 	 0.1255 	 -0.0760 	 -0.2517 	 -0.2884 	 -0.6457 	 0.4801 	 -0.0231 	 -0.9280 	 1.0979
0.8216 	 0.1226 	 -0.0825 	 -0.2469 	 -0.2865 	 -0.6537 	 0.4916 	 0.3957 	 -0.6669 	 1.1665
0.8317 	 0.1198 	 -0.0891 	 -0.2419 	 -0.2806 	 -0.6589 	 0.5031 	 0.7800 	 -0.3541 	 1.1144
0.8417 	 0.1170 	 -0.0957 	 -0.2368 	 -0.2712 	 -0.6608 	 0.5135 	 1.0698 	 -0.0253 	 0.9471
0.8517 	 0.1143 	 -0.1023 	 -0.2316 	 -0.2596 	 -0.6595 	 0.5218 	 1.2332 	 0.2742 	 0.7068
0.8617 	 0.1118 	 -0.1089 	 -0.2264 	 -0.2469 	 -0.6555 	 0.5276 	 1.2775 	 0.5108 	 0.4500
0.8717 	 0.1094 	 -0.1154 	 -0.2211 	 -0.2342 	 -0.6495 	 0.5310 	 1.2353 	 0.6743 	 0.2201
0.8818 	 0.1071 	 -0.1219 	 -0.2157 	 -0.2223 	 -0.6422 	 0.5322 	 1.1439 	 0.7732 	 0.0378
0.8918 	 0.1049 	 -0.1283 	 -0.2104 	 -0.2114 	 -0.6342 	 0.5319 	 1.0323 	 0.8234 	 -0.0953
0.9018 	 0.1029 	 -0.1346 	 -0.2051 	 -0.2016 	 -0.6258 	 0.5304 	 0.9187 	 0.8410 	 -0.1867
0.9118 	 0.1009 	 -0.1408 	 -0.1998 	 -0.1929 	 -0.6174 	 0.5282 	 0.8124 	 0.8385 	 -0.2462
0.9218 	 0.0990 	 -0.1470 	 -0.1945 	 -0.1853 	 -0.6090 	 0.5256 	 0.7168 	 0.8247 	 -0.2829
0.9319 	 0.0972 	 -0.1530 	 -0.1893 	 -0.1785 	 -0.6009 	 0.5226 	 0.6326 	 0.8053 	 -0.3038
0.9419 	 0.0954 	 -0.1590 	 -0.1840 	 -0.1726 	 -0.5929 	 0.5195 	 0.5587 	 0.7837 	 -0.3142
0.9519 	 0.0937 	 -0.1649 	 -0.1788 	 -0.1673 	 -0.5851 	 0.5164 	 0.4933 	 0.7624 	 -0.3178
0.9619 	 0.0920 	 -0.1707 	 -0.1737 	 -0.1627 	 -0.5776 	 0.5132 	 0.4299 	 0.7429 	 -0.3180
0.9719 	 0.0904 	 -0.1765 	 -0.1686 	 -0.1587 	 -0.5703 	 0.5100 	 0.3683 	 0.7243 	 -0.3161
0.9820 	 0.0889 	 -0.1822 	 -0.1635 	 -0.1553 	 -0.5631 	 0.5068 	 0.3094 	 0.7058 	 -0.3129
0.9920 	 0.0873 	 -0.1878 	 -0.1584 	 -0.1525 	 -0.5561 	 0.5037 	 0.2544 	 0.6868 	 -0.3087
1.0020 	 0.0858 	 -0.1933 	 -0.1534 	 -0.1502 	 -0.5493 	 0.5007 	 0.2043 	 0.6671 	 -0.3035
1.0120 	 0.0843 	 -0.1988 	 -0.1484 	 -0.1484 	 -0.5427 	 0.4976 	 0.1596 	 0.6472 	 -0.2973
1.0220 	 0.0828 	 -0.2042 	 -0.1434 	 -0.1470 	 -0.5364 	 0.4947 	 0.1204 	 0.6277 	 -0.2903
1.0321 	 0.0814 	 -0.2095 	 -0.1385 	 -0.1459 	 -0.5302 	 0.4918 	 0.0863 	 0.6091 	 -0.2825
1.0421 	 0.0799 	 -0.2148 	 -0.1335 	 -0.1452 	 -0.5242 	 0.4890 	 0.0567 	 0.5919 	 -0.2743
1.0521 	 0.0784 	 -0.2200 	 -0.1287 	 -0.1448 	 -0.5183 	 0.4863 	 0.0312 	 0.5763 	 -0.2662
1.0621 	 0.0770 	 -0.2252 	 -0.1238 	 -0.1446 	 -0.5126 	 0.4837 	 0.0096 	 0.5624 	 -0.2589
1.0721 	 0.0755 	 -0.2303 	 -0.1190 	 -0.1446 	 -0.5070 	 0.4811 	 -0.0080 	 0.5499 	 -0.2525
1.0822 	 0.0741 	 -0.2354 	 -0.1141 	 -0.1447 	 -0.5016 	 0.4786 	 -0.0218 	 0.5388 	 -0.2464
1.0922 	 0.0726 	 -0.2404 	 -0.1094 	 -0.1450 	 -0.4962 	 0.4762 	 -0.0324 	 0.5290 	 -0.2404
1.1022 	 0.0712 	 -0.2453 	 -0.1046 	 -0.1454 	 -0.4910 	 0.4738 	 -0.0407 	 0.5205 	 -0.2344
1.1122 	 0.0697 	 -0.2502 	 -0.0999 	 -0.1458 	 -0.4858 	 0.4715 	 -0.0472 	 0.5132 	 -0.2285
1.1222 	 0.0683 	 -0.2551 	 -0.0952 	 -0.1463 	 -0.4807 	 0.4692 	 -0.0521 	 0.5068 	 -0.2230
1.1323 	 0.0668 	 -0.2598 	 -0.0905 	 -0.1469 	 -0.4756 	 0.4670 	 -0.0554 	 0.5012 	 -0.2174
1.1423 	 0.0653 	 -0.2646 	 -0.0858 	 -0.1474 	 -0.4706 	 0.4649 	 -0.0574 	 0.4964 	 -0.2117
1.1523 	 0.0638 	 -0.2693 	 -0.0811 	 -0.1480 	 -0.4657 	 0.4628 	 -0.0582 	 0.4922 	 -0.2057
1.1623 	 0.0624 	 -0.2739 	 -0.0765 	 -0.1486 	 -0.4608 	 0.4608 	 -0.0577 	 0.4886 	 -0.1994
1.1723 	 0.0609 	 -0.2785 	 -0.0719 	 -0.1492 	 -0.4559 	 0.4588 	 -0.0563 	 0.4856 	 -0.1924
1.1824 	 0.0594 	 -0.2831 	 -0.0673 	 -0.1497 	 -0.4510 	 0.4569 	 -0.0537 	 0.4832 	 -0.1848
1.1924 	 0.0579 	 -0.2875 	 -0.0628 	 -0.1502 	 -0.4462 	 0.4551 	 -0.0502 	 0.4814 	 -0.1761
1.2024 	 0.0564 	 -0.2920 	 -0.0582 	 -0.1507 	 -0.4414 	 0.4534 	 -0.0456 	 0.4802 	 -0.1661
1.2124 	 0.0548 	 -0.2964 	 -0.0537 	 -0.1511 	 -0.4366 	 0.4518 	 -0.0397 	 0.4797 	 -0.1544
1.2224 	 0.0533 	 -0.3007 	 -0.0492 	 -0.1515 	 -0.4318 	 0.4503 	 -0.0323 	 0.4799 	 -0.1406
1.2325 	 0.0518 	 -0.3050 	 -0.0446 	 -0.1518 	 -0.4270 	 0.4490 	 -0.0229 	 0.4808 	 -0.1240
1.2425 	 0.0503 	 -0.3093 	 -0.0402 	 -0.1520 	 -0.4221 	 0.4478 	 -0.0104 	 0.4823 	 -0.1037
1.2525 	 0.0488 	 -0.3135 	 -0.0357 	 -0.1520 	 -0.4173 	 0.4469 	 0.0063 	 0.4841 	 -0.0790
1.2625 	 0.0472 	 -0.3177 	 -0.0312 	 -0.1518 	 -0.4124 	 0.4463 	 0.0295 	 0.4854 	 -0.0491
1.2725 	 0.0457 	 -0.3218 	 -0.0267 	 -0.1514 	 -0.4076 	 0.4459 	 0.0626 	 0.4842 	 -0.0140
1.2826 	 0.0442 	 -0.3258 	 -0.0223 	 -0.1505 	 -0.4027 	 0.4460 	 0.1096 	 0.4771 	 0.0248
1.2926 	 0.0427 	 -0.3298 	 -0.0178 	 -0.1491 	 -0.3980 	 0.4464 	 0.1734 	 0.4584 	 0.0612
1.3026 	 0.0412 	 -0.3338 	 -0.0133 	 -0.1470 	 -0.3936 	 0.4472 	 0.2511 	 0.4215 	 0.0824
1.3126 	 0.0398 	 -0.3377 	 -0.0088 	 -0.1441 	 -0.3897 	 0.4480 	 0.3271 	 0.3647 	 0.0716
1.3226 	 0.0383 	 -0.3416 	 -0.0043 	 -0.1405 	 -0.3863 	 0.4485 	 0.3743 	 0.2993 	 0.0211
1.3327 	 0.0370 	 -0.3455 	 0.0002 	 -0.1367 	 -0.3836 	 0.4483 	 0.3736 	 0.2461 	 -0.0540
1.3427 	 0.0356 	 -0.3493 	 0.0046 	 -0.1332 	 -0.3813 	 0.4474 	 0.3320 	 0.2193 	 -0.1257
1.3527 	 0.0343 	 -0.3531 	 0.0091 	 -0.1301 	 -0.3792 	 0.4459 	 0.2728 	 0.2164 	 -0.1761
1.3627 	 0.0330 	 -0.3569 	 0.0136 	 -0.1277 	 -0.3769 	 0.4439 	 0.2154 	 0.2269 	 -0.2036
1.3727 	 0.0317 	 -0.3607 	 0.0180 	 -0.1258 	 -0.3746 	 0.4418 	 0.1682 	 0.2418 	 -0.2148
1.3828 	 0.0305 	 -0.3644 	 0.0224 	 -0.1243 	 -0.3721 	 0.4397 	 0.1322 	 0.2562 	 -0.2162
1.3928 	 0.0292 	 -0.3681 	 0.0268 	 -0.1231 	 -0.3695 	 0.4375 	 0.1056 	 0.2681 	 -0.2126
1.4028 	 0.0280 	 -0.3718 	 0.0312 	 -0.1222 	 -0.3667 	 0.4354 	 0.0862 	 0.2772 	 -0.2065
1.4128 	 0.0268 	 -0.3755 	 0.0356 	 -0.1214 	 -0.3639 	 0.4334 	 0.0720 	 0.2836 	 -0.1996
1.4228 	 0.0256 	 -0.3791 	 0.0399 	 -0.1207 	 -0.3611 	 0.4314 	 0.0615 	 0.2879 	 -0.1925
1.4329 	 0.0244 	 -0.3827 	 0.0442 	 -0.1201 	 -0.3582 	 0.4295 	 0.0537 	 0.2904 	 -0.1855
1.4429 	 0.0232 	 -0.3863 	 0.0485 	 -0.1196 	 -0.3552 	 0.4277 	 0.0478 	 0.2915 	 -0.1787
1.4529 	 0.0220 	 -0.3898 	 0.0528 	 -0.1192 	 -0.3523 	 0.4259 	 0.0434 	 0.2915 	 -0.1722
1.4629 	 0.0208 	 -0.3933 	 0.0570 	 -0.1187 	 -0.3494 	 0.4243 	 0.0400 	 0.2907 	 -0.1661
1.4729 	 0.0196 	 -0.3968 	 0.0613 	 -0.1184 	 -0.3465 	 0.4226 	 0.0375 	 0.2892 	 -0.1602
1.4830 	 0.0184 	 -0.4003 	 0.0655 	 -0.1180 	 -0.3436 	 0.4210 	 0.0356 	 0.2871 	 -0.1545
1.4930 	 0.0172 	 -0.4037 	 0.0697 	 -0.1176 	 -0.3407 	 0.4195 	 0.0343 	 0.2847 	 -0.1490
1.5030 	 0.0160 	 -0.4071 	 0.0739 	 -0.1173 	 -0.3379 	 0.4181 	 0.0334 	 0.2820 	 -0.1437
1.5130 	 0.0149 	 -0.4105 	 0.0781 	 -0.1170 	 -0.3351 	 0.4166 	 0.0328 	 0.2791 	 -0.1386
1.5230 	 0.0137 	 -0.4138 	 0.0823 	 -0.1166 	 -0.3323 	 0.4153 	 0.0325 	 0.2761 	 -0.1335
1.5331 	 0.0125 	 -0.4172 	 0.0864 	 -0.1163 	 -0.3296 	 0.4140 	 0.0325 	 0.2729 	 -0.1285
1.5431 	 0.0114 	 -0.4204 	 0.0906 	 -0.1160 	 -0.3268 	 0.4127 	 0.0327 	 0.2697 	 -0.1236
1.5531 	 0.0102 	 -0.4237 	 0.0947 	 -0.1157 	 -0.3242 	 0.4115 	 0.0332 	 0.2666 	 -0.1187
1.5631 	 0.0090 	 -0.4269 	 0.0988 	 -0.1153 	 -0.3215 	 0.4103 	 0.0339 	 0.2634 	 -0.1137
1.5731 	 0.0079 	 -0.4301 	 0.1029 	 -0.1150 	 -0.3189 	 0.4092 	 0.0349 	 0.2603 	 -0.1088
1.5832 	 0.0067 	 -0.4333 	 0.1070 	 -0.1146 	 -0.3163 	 0.4081 	 0.0361 	 0.2573 	 -0.1039
1.5932 	 0.0056 	 -0.4365 	 0.1111 	 -0.1143 	 -0.3137 	 0.4071 	 0.0376 	 0.2544 	 -0.0989
1.6032 	 0.0045 	 -0.4396 	 0.1152 	 -0.1139 	 -0.3112 	 0.4062 	 0.0393 	 0.2517 	 -0.0939
1.6132 	 0.0033 	 -0.4427 	 0.1192 	 -0.1135 	 -0.3087 	 0.4052 	 0.0413 	 0.2491 	 -0.0888
1.6232 	 0.0022 	 -0.4458 	 0.1233 	 -0.1130 	 -0.3062 	 0.4044 	 0.0437 	 0.2468 	 -0.0837
1.6333 	 0.0010 	 -0.4489 	 0.1273 	 -0.1126 	 -0.3037 	 0.4036 	 0.0463 	 0.2447 	 -0.0785
1.6433 	 -0.0001 	 -0.4519 	 0.1314 	 -0.1121 	 -0.3013 	 0.4028 	 0.0494 	 0.2429 	 -0.0733
1.6533 	 -0.0012 	 -0.4549 	 0.1354 	 -0.1116 	 -0.2989 	 0.4021 	 0.0528 	 0.2414 	 -0.0681
1.6633 	 -0.0023 	 -0.4579 	 0.1394 	 -0.1111 	 -0.2964 	 0.4014 	 0.0566 	 0.2403 	 -0.0629
1.6733 	 -0.0034 	 -0.4608 	 0.1434 	 -0.1105 	 -0.2940 	 0.4008 	 0.0608 	 0.2396 	 -0.0577
1.6834 	 -0.0045 	 -0.4638 	 0.1475 	 -0.1098 	 -0.2916 	 0.4003 	 0.0654 	 0.2395 	 -0.0527
1.6934 	 -0.0056 	 -0.4667 	 0.1515 	 -0.1092 	 -0.2892 	 0.3998 	 0.0704 	 0.2399 	 -0.0478
1.7034 	 -0.0067 	 -0.4696 	 0.1555 	 -0.1084 	 -0.2868 	 0.3993 	 0.0759 	 0.2410 	 -0.0431
1.7134 	 -0.0078 	 -0.4724 	 0.1595 	 -0.1076 	 -0.2844 	 0.3989 	 0.0815 	 0.2428 	 -0.0388
1.7234 	 -0.0089 	 -0.4753 	 0.1635 	 -0.1068 	 -0.2820 	 0.3985 	 0.0872 	 0.2454 	 -0.0350
1.7335 	 -0.0099 	 -0.4781 	 0.1675 	 -0.1059 	 -0.2795 	 0.3982 	 0.0930 	 0.2489 	 -0.0319
1.7435 	 -0.0110 	 -0.4809 	 0.1715 	 -0.1049 	 -0.2770 	 0.3979 	 0.0987 	 0.2532 	 -0.0295
1.7535 	 -0.0120 	 -0.4836 	 0.1754 	 -0.1039 	 -0.2744 	 0.3976 	 0.1042 	 0.2583 	 -0.0281
1.7635 	 -0.0131 	 -0.4864 	 0.1794 	 -0.1028 	 -0.2718 	 0.3973 	 0.1094 	 0.2641 	 -0.0277
1.7735 	 -0.0141 	 -0.4891 	 0.1834 	 -0.1017 	 -0.2691 	 0.3971 	 0.1140 	 0.2704 	 -0.0286
1.7836 	 -0.0151 	 -0.4918 	 0.1874 	 -0.1006 	 -0.2664 	 0.3968 	 0.1180 	 0.2770 	 -0.0306
1.7936 	 -0.0161 	 -0.4944 	 0.1913 	 -0.0994 	 -0.2636 	 0.3964 	 0.1212 	 0.2839 	 -0.0339
1.8036 	 -0.0171 	 -0.4970 	 0.1953 	 -0.0981 	 -0.2607 	 0.3961 	 0.1235 	 0.2907 	 -0.0384
1.8136 	 -0.0181 	 -0.4996 	 0.1993 	 -0.0969 	 -0.2577 	 0.3957 	 0.1247 	 0.2973 	 -0.0439
1.8236 	 -0.0190 	 -0.5022 	 0.2032 	 -0.0956 	 -0.2547 	 0.3952 	 0.1247 	 0.3035 	 -0.0503
1.8337 	 -0.0200 	 -0.5047 	 0.2072 	 -0.0944 	 -0.2517 	 0.3947 	 0.1234 	 0.3091 	 -0.0575
1.8437 	 -0.0209 	 -0.5072 	 0.2112 	 -0.0932 	 -0.2485 	 0.3940 	 0.1209 	 0.3140 	 -0.0651
1.8537 	 -0.0219 	 -0.5097 	 0.2151 	 -0.0920 	 -0.2454 	 0.3934 	 0.1171 	 0.3180 	 -0.0730
1.8637 	 -0.0228 	 -0.5122 	 0.2190 	 -0.0908 	 -0.2422 	 0.3926 	 0.1121 	 0.3211 	 -0.0809
1.8737 	 -0.0237 	 -0.5146 	 0.2230 	 -0.0897 	 -0.2389 	 0.3917 	 0.1061 	 0.3231 	 -0.0886
1.8838 	 -0.0246 	 -0.5170 	 0.2269 	 -0.0887 	 -0.2357 	 0.3908 	 0.0993 	 0.3241 	 -0.0959
1.8938 	 -0.0255 	 -0.5193 	 0.2308 	 -0.0877 	 -0.2324 	 0.3898 	 0.0918 	 0.3240 	 -0.1026
1.9038 	 -0.0263 	 -0.5216 	 0.2347 	 -0.0869 	 -0.2292 	 0.3888 	 0.0840 	 0.3231 	 -0.1087
1.9138 	 -0.0272 	 -0.5239 	 0.2386 	 -0.0861 	 -0.2260 	 0.3876 	 0.0760 	 0.3213 	 -0.1140
1.9238 	 -0.0281 	 -0.5261 	 0.2425 	 -0.0853 	 -0.2228 	 0.3865 	 0.0680 	 0.3188 	 -0.1186
1.9339 	 -0.0289 	 -0.5284 	 0.2463 	 -0.0847 	 -0.2196 	 0.3853 	 0.0602 	 0.3157 	 -0.1223
1.9439 	 -0.0298 	 -0.5305 	 0.2502 	 -0.0841 	 -0.2164 	 0.3840 	 0.0526 	 0.3122 	 -0.1254
1.9539 	 -0.0306 	 -0.5327 	 0.2540 	 -0.0836 	 -0.2133 	 0.3828 	 0.0454 	 0.3084 	 -0.1277
1.9639 	 -0.0314 	 -0.5348 	 0.2579 	 -0.0832 	 -0.2103 	 0.3815 	 0.0387 	 0.3045 	 -0.1293
1.9739 	 -0.0323 	 -0.5369 	 0.2617 	 -0.0829 	 -0.2072 	 0.3802 	 0.0324 	 0.3004 	 -0.1304
1.9840 	 -0.0331 	 -0.5390 	 0.2655 	 -0.0826 	 -0.2042 	 0.3789 	 0.0270 	 0.2945 	 -0.1270
1.9940 	 -0.0339 	 -0.5410 	 0.2693 	 -0.0823 	 -0.2013 	 0.3776 	 0.0217 	 0.2905 	 -0.1271
2.0040 	 -0.0347 	 -0.5430 	 0.2730 	 -0.0821 	 -0.1984 	 0.3763 	 0.0168 	 0.2865 	 -0.1268
2.0140 	 -0.0356 	 -0.5450 	 0.2768 	 -0.0820 	 -0.1956 	 0.3750 	 0.0124 	 0.2827 	 -0.1262
2.0240 	 -0.0364 	 -0.5469 	 0.2806 	 -0.0819 	 -0.1928 	 0.3738 	 0.0084 	 0.2790 	 -0.1252
2.0341 	 -0.0372 	 -0.5488 	 0.2843 	 -0.0818 	 -0.1900 	 0.3725 	 0.0048 	 0.2756 	 -0.1240
2.0441 	 -0.0380 	 -0.5507 	 0.2880 	 -0.0818 	 -0.1872 	 0.3713 	 0.0015 	 0.2723 	 -0.1226
2.0541 	 -0.0389 	 -0.5526 	 0.2917 	 -0.0818 	 -0.1845 	 0.3701 	 -0.0014 	 0.2692 	 -0.1210
2.0641 	 -0.0397 	 -0.5544 	 0.2954 	 -0.0818 	 -0.1818 	 0.3689 	 -0.0041 	 0.2663 	 -0.1192
2.0741 	 -0.0405 	 -0.5562 	 0.2991 	 -0.0819 	 -0.1792 	 0.3677 	 -0.0065 	 0.2636 	 -0.1173
2.0842 	 -0.0413 	 -0.5580 	 0.3028 	 -0.0819 	 -0.1766 	 0.3665 	 -0.0088 	 0.2611 	 -0.1153
2.0942 	 -0.0421 	 -0.5598 	 0.3065 	 -0.0820 	 -0.1740 	 0.3654 	 -0.0108 	 0.2588 	 -0.1131
2.1042 	 -0.0430 	 -0.5615 	 0.3101 	 -0.0822 	 -0.1714 	 0.3643 	 -0.0127 	 0.2567 	 -0.1109
2.1142 	 -0.0438 	 -0.5632 	 0.3138 	 -0.0823 	 -0.1688 	 0.3632 	 -0.0144 	 0.2547 	 -0.1086
2.1242 	 -0.0446 	 -0.5649 	 0.3174 	 -0.0824 	 -0.1663 	 0.3621 	 -0.0160 	 0.2529 	 -0.1062
2.1343 	 -0.0454 	 -0.5665 	 0.3210 	 -0.0826 	 -0.1637 	 0.3610 	 -0.0176 	 0.2513 	 -0.1038
2.1443 	 -0.0463 	 -0.5682 	 0.3246 	 -0.0828 	 -0.1612 	 0.3600 	 -0.0191 	 0.2498 	 -0.1013
2.1543 	 -0.0471 	 -0.5698 	 0.3283 	 -0.0830 	 -0.1587 	 0.3590 	 -0.0205 	 0.2485 	 -0.0988
2.1643 	 -0.0479 	 -0.5714 	 0.3318 	 -0.0832 	 -0.1562 	 0.3580 	 -0.0220 	 0.2474 	 -0.0962
2.1743 	 -0.0488 	 -0.5729 	 0.3354 	 -0.0834 	 -0.1538 	 0.3571 	 -0.0234 	 0.2464 	 -0.0936
2.1844 	 -0.0496 	 -0.5744 	 0.3390 	 -0.0837 	 -0.1513 	 0.3562 	 -0.0249 	 0.2456 	 -0.0909
2.1944 	 -0.0504 	 -0.5759 	 0.3426 	 -0.0839 	 -0.1489 	 0.3553 	 -0.0264 	 0.2449 	 -0.0882
2.2044 	 -0.0513 	 -0.5774 	 0.3461 	 -0.0842 	 -0.1464 	 0.3544 	 -0.0280 	 0.2444 	 -0.0855
2.2144 	 -0.0521 	 -0.5789 	 0.3497 	 -0.0845 	 -0.1440 	 0.3535 	 -0.0296 	 0.2441 	 -0.0828
2.2244 	 -0.0530 	 -0.5803 	 0.3532 	 -0.0848 	 -0.1415 	 0.3527 	 -0.0314 	 0.2439 	 -0.0801
2.2345 	 -0.0538 	 -0.5817 	 0.3567 	 -0.0851 	 -0.1391 	 0.3519 	 -0.0332 	 0.2439 	 -0.0774
2.2445 	 -0.0547 	 -0.5831 	 0.3603 	 -0.0855 	 -0.1366 	 0.3512 	 -0.0351 	 0.2441 	 -0.0746
2.2545 	 -0.0555 	 -0.5844 	 0.3638 	 -0.0858 	 -0.1342 	 0.3504 	 -0.0371 	 0.2445 	 -0.0719
2.2645 	 -0.0564 	 -0.5858 	 0.3673 	 -0.0862 	 -0.1317 	 0.3497 	 -0.0392 	 0.2450 	 -0.0692
2.2745 	 -0.0573 	 -0.5871 	 0.3708 	 -0.0866 	 -0.1293 	 0.3491 	 -0.0415 	 0.2457 	 -0.0666
2.2846 	 -0.0581 	 -0.5884 	 0.3743 	 -0.0870 	 -0.1268 	 0.3484 	 -0.0439 	 0.2467 	 -0.0640
2.2946 	 -0.0590 	 -0.5896 	 0.3778 	 -0.0875 	 -0.1243 	 0.3478 	 -0.0465 	 0.2478 	 -0.0614
2.3046 	 -0.0599 	 -0.5909 	 0.3812 	 -0.0880 	 -0.1218 	 0.3472 	 -0.0492 	 0.2491 	 -0.0590
2.3146 	 -0.0608 	 -0.5921 	 0.3847 	 -0.0885 	 -0.1193 	 0.3466 	 -0.0520 	 0.2507 	 -0.0566
2.3246 	 -0.0617 	 -0.5932 	 0.3882 	 -0.0890 	 -0.1168 	 0.3460 	 -0.0549 	 0.2525 	 -0.0543
2.3347 	 -0.0626 	 -0.5944 	 0.3917 	 -0.0896 	 -0.1143 	 0.3455 	 -0.0580 	 0.2545 	 -0.0522
2.3447 	 -0.0635 	 -0.5955 	 0.3951 	 -0.0902 	 -0.1117 	 0.3450 	 -0.0612 	 0.2568 	 -0.0503
2.3547 	 -0.0644 	 -0.5966 	 0.3986 	 -0.0908 	 -0.1091 	 0.3445 	 -0.0645 	 0.2593 	 -0.0485
2.3647 	 -0.0653 	 -0.5977 	 0.4020 	 -0.0915 	 -0.1065 	 0.3440 	 -0.0678 	 0.2621 	 -0.0470
2.3747 	 -0.0662 	 -0.5988 	 0.4055 	 -0.0922 	 -0.1039 	 0.3436 	 -0.0712 	 0.2651 	 -0.0456
2.3848 	 -0.0671 	 -0.5998 	 0.4089 	 -0.0929 	 -0.1012 	 0.3431 	 -0.0746 	 0.2684 	 -0.0446
2.3948 	 -0.0681 	 -0.6008 	 0.4123 	 -0.0937 	 -0.0985 	 0.3427 	 -0.0780 	 0.2719 	 -0.0439
2.4048 	 -0.0690 	 -0.6018 	 0.4158 	 -0.0945 	 -0.0957 	 0.3422 	 -0.0813 	 0.2757 	 -0.0435
2.4148 	 -0.0700 	 -0.6027 	 0.4192 	 -0.0953 	 -0.0930 	 0.3418 	 -0.0845 	 0.2797 	 -0.0435
2.4248 	 -0.0709 	 -0.6036 	 0.4226 	 -0.0962 	 -0.0901 	 0.3413 	 -0.0875 	 0.2839 	 -0.0438
2.4349 	 -0.0719 	 -0.6045 	 0.4260 	 -0.0970 	 -0.0873 	 0.3409 	 -0.0903 	 0.2883 	 -0.0446
2.4449 	 -0.0729 	 -0.6054 	 0.4295 	 -0.0980 	 -0.0844 	 0.3404 	 -0.0928 	 0.2929 	 -0.0458
2.4549 	 -0.0738 	 -0.6062 	 0.4329 	 -0.0989 	 -0.0814 	 0.3400 	 -0.0949 	 0.2975 	 -0.0475
2.4649 	 -0.0748 	 -0.6070 	 0.4363 	 -0.0999 	 -0.0784 	 0.3395 	 -0.0965 	 0.3022 	 -0.0496
2.4749 	 -0.0758 	 -0.6078 	 0.4397 	 -0.1008 	 -0.0753 	 0.3390 	 -0.0977 	 0.3069 	 -0.0521
2.4850 	 -0.0769 	 -0.6085 	 0.4431 	 -0.1018 	 -0.0722 	 0.3385 	 -0.0984 	 0.3115 	 -0.0550
2.4950 	 -0.0779 	 -0.6092 	 0.4464 	 -0.1028 	 -0.0691 	 0.3379 	 -0.0984 	 0.3160 	 -0.0584
2.5050 	 -0.0789 	 -0.6099 	 0.4498 	 -0.1038 	 -0.0659 	 0.3373 	 -0.0979 	 0.3202 	 -0.0621
2.5150 	 -0.0800 	 -0.6106 	 0.4532 	 -0.1048 	 -0.0627 	 0.3366 	 -0.0967 	 0.3241 	 -0.0660
2.5251 	 -0.0810 	 -0.6112 	 0.4566 	 -0.1057 	 -0.0594 	 0.3360 	 -0.0949 	 0.3277 	 -0.0702
2.5351 	 -0.0821 	 -0.6117 	 0.4599 	 -0.1067 	 -0.0561 	 0.3352 	 -0.0925 	 0.3308 	 -0.0746
2.5451 	 -0.0832 	 -0.6123 	 0.4633 	 -0.1076 	 -0.0528 	 0.3345 	 -0.0894 	 0.3335 	 -0.0791
2.5551 	 -0.0842 	 -0.6128 	 0.4666 	 -0.1085 	 -0.0494 	 0.3336 	 -0.0859 	 0.3356 	 -0.0835
2.5651 	 -0.0853 	 -0.6133 	 0.4700 	 -0.1093 	 -0.0461 	 0.3328 	 -0.0818 	 0.3371 	 -0.0879
2.5752 	 -0.0864 	 -0.6137 	 0.4733 	 -0.1101 	 -0.0427 	 0.3319 	 -0.0774 	 0.3381 	 -0.0921
2.5852 	 -0.0875 	 -0.6141 	 0.4766 	 -0.1108 	 -0.0393 	 0.3309 	 -0.0726 	 0.3385 	 -0.0961
2.5952 	 -0.0886 	 -0.6145 	 0.4799 	 -0.1116 	 -0.0359 	 0.3300 	 -0.0675 	 0.3384 	 -0.0998
2.6052 	 -0.0898 	 -0.6149 	 0.4832 	 -0.1122 	 -0.0325 	 0.3289 	 -0.0623 	 0.3378 	 -0.1032
2.6152 	 -0.0909 	 -0.6152 	 0.4865 	 -0.1128 	 -0.0291 	 0.3279 	 -0.0570 	 0.3367 	 -0.1063
2.6253 	 -0.0920 	 -0.6154 	 0.4898 	 -0.1133 	 -0.0258 	 0.3268 	 -0.0516 	 0.3352 	 -0.1090
2.6353 	 -0.0932 	 -0.6157 	 0.4931 	 -0.1138 	 -0.0224 	 0.3257 	 -0.0463 	 0.3333 	 -0.1113
2.6453 	 -0.0943 	 -0.6159 	 0.4963 	 -0.1143 	 -0.0191 	 0.3246 	 -0.0411 	 0.3312 	 -0.1133
2.6553 	 -0.0955 	 -0.6161 	 0.4996 	 -0.1147 	 -0.0158 	 0.3234 	 -0.0360 	 0.3288 	 -0.1148
2.6653 	 -0.0966 	 -0.6162 	 0.5028 	 -0.1150 	 -0.0125 	 0.3223 	 -0.0310 	 0.3263 	 -0.1160
2.6754 	 -0.0978 	 -0.6163 	 0.5060 	 -0.1153 	 -0.0092 	 0.3211 	 -0.0263 	 0.3236 	 -0.1169
2.6854 	 -0.0989 	 -0.6164 	 0.5093 	 -0.1155 	 -0.0060 	 0.3199 	 -0.0218 	 0.3208 	 -0.1175
2.6954 	 -0.1001 	 -0.6164 	 0.5125 	 -0.1157 	 -0.0028 	 0.3188 	 -0.0175 	 0.3181 	 -0.1178
2.7054 	 -0.1012 	 -0.6165 	 0.5156 	 -0.1159 	 0.0004 	 0.3176 	 -0.0135 	 0.3153 	 -0.1179
2.7154 	 -0.1024 	 -0.6164 	 0.5188 	 -0.1160 	 0.0035 	 0.3164 	 -0.0098 	 0.3126 	 -0.1177
2.7255 	 -0.1036 	 -0.6164 	 0.5220 	 -0.1161 	 0.0066 	 0.3152 	 -0.0062 	 0.3099 	 -0.1174
2.7355 	 -0.1047 	 -0.6163 	 0.5251 	 -0.1161 	 0.0097 	 0.3140 	 -0.0030 	 0.3074 	 -0.1169
2.7455 	 -0.1059 	 -0.6162 	 0.5283 	 -0.1161 	 0.0128 	 0.3129 	 0.0001 	 0.3049 	 -0.1162
2.7555 	 -0.1071 	 -0.6160 	 0.5314 	 -0.1161 	 0.0158 	 0.3117 	 0.0029 	 0.3025 	 -0.1155
2.7655 	 -0.1082 	 -0.6159 	 0.5345 	 -0.1161 	 0.0188 	 0.3106 	 0.0055 	 0.3003 	 -0.1146
2.7756 	 -0.1094 	 -0.6157 	 0.5376 	 -0.1160 	 0.0218 	 0.3094 	 0.0080 	 0.2983 	 -0.1136
2.7856 	 -0.1105 	 -0.6154 	 0.5407 	 -0.1159 	 0.0248 	 0.3083 	 0.0102 	 0.2963 	 -0.1126
2.7956 	 -0.1117 	 -0.6152 	 0.5438 	 -0.1158 	 0.0278 	 0.3072 	 0.0123 	 0.2946 	 -0.1116
2.8056 	 -0.1129 	 -0.6149 	 0.5469 	 -0.1157 	 0.0307 	 0.3061 	 0.0142 	 0.2929 	 -0.1105
2.8156 	 -0.1140 	 -0.6146 	 0.5499 	 -0.1155 	 0.0337 	 0.3050 	 0.0160 	 0.2915 	 -0.1094
2.8257 	 -0.1152 	 -0.6142 	 0.5530 	 -0.1153 	 0.0366 	 0.3039 	 0.0176 	 0.2901 	 -0.1083
2.8357 	 -0.1163 	 -0.6138 	 0.5560 	 -0.1152 	 0.0395 	 0.3028 	 0.0191 	 0.2889 	 -0.1072
2.8457 	 -0.1175 	 -0.6134 	 0.5591 	 -0.1150 	 0.0424 	 0.3017 	 0.0205 	 0.2879 	 -0.1061
2.8557 	 -0.1186 	 -0.6130 	 0.5621 	 -0.1148 	 0.0452 	 0.3007 	 0.0218 	 0.2870 	 -0.1050
2.8657 	 -0.1198 	 -0.6125 	 0.5651 	 -0.1145 	 0.0481 	 0.2996 	 0.0230 	 0.2862 	 -0.1040
2.8758 	 -0.1209 	 -0.6120 	 0.5681 	 -0.1143 	 0.0510 	 0.2986 	 0.0240 	 0.2856 	 -0.1029
2.8858 	 -0.1221 	 -0.6115 	 0.5711 	 -0.1140 	 0.0538 	 0.2975 	 0.0250 	 0.2851 	 -0.1020
2.8958 	 -0.1232 	 -0.6109 	 0.5740 	 -0.1138 	 0.0567 	 0.2965 	 0.0259 	 0.2848 	 -0.1011
2.9058 	 -0.1244 	 -0.6103 	 0.5770 	 -0.1135 	 0.0595 	 0.2955 	 0.0267 	 0.2846 	 -0.1002
2.9158 	 -0.1255 	 -0.6097 	 0.5800 	 -0.1133 	 0.0624 	 0.2945 	 0.0275 	 0.2845 	 -0.0994
2.9259 	 -0.1266 	 -0.6091 	 0.5829 	 -0.1130 	 0.0652 	 0.2935 	 0.0281 	 0.2845 	 -0.0986
2.9359 	 -0.1278 	 -0.6084 	 0.5859 	 -0.1127 	 0.0681 	 0.2925 	 0.0287 	 0.2846 	 -0.0979
2.9459 	 -0.1289 	 -0.6077 	 0.5888 	 -0.1124 	 0.0709 	 0.2916 	 0.0292 	 0.2849 	 -0.0973
2.9559 	 -0.1300 	 -0.6070 	 0.5917 	 -0.1121 	 0.0738 	 0.2906 	 0.0297 	 0.2853 	 -0.0968
2.9659 	 -0.1311 	 -0.6063 	 0.5946 	 -0.1118 	 0.0767 	 0.2896 	 0.0301 	 0.2858 	 -0.0963
2.9760 	 -0.1322 	 -0.6055 	 0.5975 	 -0.1115 	 0.0795 	 0.2887 	 0.0304 	 0.2864 	 -0.0959
2.9860 	 -0.1334 	 -0.6047 	 0.6004 	 -0.1112 	 0.0824 	 0.2877 	 0.0307 	 0.2871 	 -0.0956
2.9960 	 -0.1345 	 -0.6038 	 0.6033 	 -0.1109 	 0.0853 	 0.2867 	 0.0308 	 0.2880 	 -0.0953
3.0060 	 -0.1356 	 -0.6030 	 0.6061 	 -0.1106 	 0.0882 	 0.2858 	 0.0310 	 0.2889 	 -0.0952
3.0160 	 -0.1367 	 -0.6021 	 0.6090 	 -0.1103 	 0.0911 	 0.2848 	 0.0310 	 0.2899 	 -0.0951
3.0261 	 -0.1378 	 -0.6011 	 0.6118 	 -0.1100 	 0.0940 	 0.2839 	 0.0310 	 0.2911 	 -0.0951
3.0361 	 -0.1389 	 -0.6002 	 0.6147 	 -0.1096 	 0.0969 	 0.2829 	 0.0310 	 0.2923 	 -0.0953
3.0461 	 -0.1400 	 -0.5992 	 0.6175 	 -0.1093 	 0.0998 	 0.2820 	 0.0308 	 0.2936 	 -0.0955
3.0561 	 -0.1411 	 -0.5982 	 0.6203 	 -0.1090 	 0.1028 	 0.2810 	 0.0306 	 0.2951 	 -0.0958
3.0661 	 -0.1422 	 -0.5971 	 0.6231 	 -0.1087 	 0.1058 	 0.2801 	 0.0304 	 0.2966 	 -0.0962
3.0762 	 -0.1433 	 -0.5960 	 0.6259 	 -0.1084 	 0.1087 	 0.2791 	 0.0300 	 0.2982 	 -0.0967
3.0862 	 -0.1443 	 -0.5949 	 0.6287 	 -0.1081 	 0.1117 	 0.2781 	 0.0296 	 0.2999 	 -0.0974
3.0962 	 -0.1454 	 -0.5938 	 0.6315 	 -0.1078 	 0.1147 	 0.2771 	 0.0291 	 0.3017 	 -0.0982
3.1062 	 -0.1465 	 -0.5926 	 0.6343 	 -0.1075 	 0.1178 	 0.2762 	 0.0285 	 0.3037 	 -0.0990
3.1162 	 -0.1476 	 -0.5914 	 0.6371 	 -0.1073 	 0.1208 	 0.2752 	 0.0279 	 0.3057 	 -0.1001
3.1263 	 -0.1487 	 -0.5902 	 0.6398 	 -0.1070 	 0.1239 	 0.2741 	 0.0272 	 0.3078 	 -0.1012
3.1363 	 -0.1497 	 -0.5890 	 0.6425 	 -0.1067 	 0.1270 	 0.2731 	 0.0264 	 0.3100 	 -0.1025
3.1463 	 -0.1508 	 -0.5877 	 0.6453 	 -0.1065 	 0.1301 	 0.2721 	 0.0255 	 0.3122 	 -0.1039
3.1563 	 -0.1519 	 -0.5864 	 0.6480 	 -0.1062 	 0.1333 	 0.2710 	 0.0246 	 0.3146 	 -0.1055
3.1663 	 -0.1529 	 -0.5850 	 0.6507 	 -0.1060 	 0.1364 	 0.2700 	 0.0235 	 0.3171 	 -0.1072
3.1764 	 -0.1540 	 -0.5836 	 0.6534 	 -0.1057 	 0.1396 	 0.2689 	 0.0224 	 0.3196 	 -0.1091
3.1864 	 -0.1550 	 -0.5822 	 0.6561 	 -0.1055 	 0.1428 	 0.2678 	 0.0212 	 0.3222 	 -0.1112
3.1964 	 -0.1561 	 -0.5808 	 0.6588 	 -0.1053 	 0.1461 	 0.2667 	 0.0198 	 0.3249 	 -0.1134
3.2064 	 -0.1572 	 -0.5793 	 0.6614 	 -0.1051 	 0.1493 	 0.2655 	 0.0184 	 0.3277 	 -0.1158
3.2164 	 -0.1582 	 -0.5778 	 0.6641 	 -0.1049 	 0.1526 	 0.2643 	 0.0169 	 0.3305 	 -0.1183
3.2265 	 -0.1593 	 -0.5762 	 0.6667 	 -0.1048 	 0.1560 	 0.2631 	 0.0153 	 0.3335 	 -0.1211
3.2365 	 -0.1603 	 -0.5746 	 0.6694 	 -0.1046 	 0.1593 	 0.2619 	 0.0136 	 0.3364 	 -0.1241
3.2465 	 -0.1614 	 -0.5730 	 0.6720 	 -0.1045 	 0.1627 	 0.2607 	 0.0118 	 0.3395 	 -0.1273
3.2565 	 -0.1624 	 -0.5714 	 0.6746 	 -0.1044 	 0.1661 	 0.2594 	 0.0099 	 0.3425 	 -0.1307
3.2665 	 -0.1634 	 -0.5697 	 0.6772 	 -0.1043 	 0.1696 	 0.2580 	 0.0078 	 0.3456 	 -0.1344
3.2766 	 -0.1645 	 -0.5680 	 0.6798 	 -0.1042 	 0.1730 	 0.2567 	 0.0059 	 0.3474 	 -0.1344
3.2866 	 -0.1655 	 -0.5662 	 0.6823 	 -0.1042 	 0.1765 	 0.2553 	 0.0036 	 0.3505 	 -0.1386
3.2966 	 -0.1666 	 -0.5644 	 0.6849 	 -0.1042 	 0.1801 	 0.2539 	 0.0013 	 0.3536 	 -0.1430
3.3066 	 -0.1676 	 -0.5626 	 0.6874 	 -0.1042 	 0.1836 	 0.2524 	 -0.0012 	 0.3567 	 -0.1477
3.3166 	 -0.1687 	 -0.5608 	 0.6899 	 -0.1042 	 0.1872 	 0.2509 	 -0.0038 	 0.3598 	 -0.1526
3.3267 	 -0.1697 	 -0.5589 	 0.6924 	 -0.1042 	 0.1908 	 0.2494 	 -0.0066 	 0.3628 	 -0.1578
3.3367 	 -0.1708 	 -0.5569 	 0.6949 	 -0.1043 	 0.1945 	 0.2478 	 -0.0094 	 0.3657 	 -0.1634
3.3467 	 -0.1718 	 -0.5550 	 0.6974 	 -0.1044 	 0.1982 	 0.2461 	 -0.0124 	 0.3684 	 -0.1692
3.3567 	 -0.1728 	 -0.5530 	 0.6999 	 -0.1046 	 0.2019 	 0.2444 	 -0.0154 	 0.3711 	 -0.1753
3.3667 	 -0.1739 	 -0.5509 	 0.7023 	 -0.1047 	 0.2056 	 0.2426 	 -0.0185 	 0.3736 	 -0.1817
3.3768 	 -0.1749 	 -0.5488 	 0.7047 	 -0.1049 	 0.2094 	 0.2407 	 -0.0218 	 0.3760 	 -0.1884
3.3868 	 -0.1760 	 -0.5467 	 0.7071 	 -0.1052 	 0.2131 	 0.2388 	 -0.0251 	 0.3781 	 -0.1954
3.3968 	 -0.1771 	 -0.5446 	 0.7095 	 -0.1054 	 0.2169 	 0.2368 	 -0.0285 	 0.3800 	 -0.2027
3.4068 	 -0.1781 	 -0.5424 	 0.7119 	 -0.1057 	 0.2208 	 0.2348 	 -0.0320 	 0.3816 	 -0.2103
3.4168 	 -0.1792 	 -0.5402 	 0.7142 	 -0.1061 	 0.2246 	 0.2326 	 -0.0355 	 0.3829 	 -0.2182
3.4269 	 -0.1802 	 -0.5379 	 0.7165 	 -0.1065 	 0.2284 	 0.2304 	 -0.0391 	 0.3839 	 -0.2264
3.4369 	 -0.1813 	 -0.5356 	 0.7188 	 -0.1069 	 0.2323 	 0.2281 	 -0.0427 	 0.3845 	 -0.2348
3.4469 	 -0.1824 	 -0.5332 	 0.7211 	 -0.1073 	 0.2361 	 0.2257 	 -0.0463 	 0.3847 	 -0.2435
3.4569 	 -0.1835 	 -0.5308 	 0.7234 	 -0.1078 	 0.2400 	 0.2232 	 -0.0498 	 0.3845 	 -0.2524
3.4669 	 -0.1845 	 -0.5284 	 0.7256 	 -0.1083 	 0.2438 	 0.2206 	 -0.0534 	 0.3838 	 -0.2615
3.4770 	 -0.1856 	 -0.5260 	 0.7278 	 -0.1089 	 0.2477 	 0.2180 	 -0.0569 	 0.3826 	 -0.2707
3.4870 	 -0.1867 	 -0.5235 	 0.7299 	 -0.1095 	 0.2515 	 0.2152 	 -0.0603 	 0.3809 	 -0.2800
3.4970 	 -0.1878 	 -0.5209 	 0.7321 	 -0.1101 	 0.2553 	 0.2123 	 -0.0636 	 0.3786 	 -0.2895
3.5070 	 -0.1889 	 -0.5183 	 0.7342 	 -0.1107 	 0.2591 	 0.2094 	 -0.0667 	 0.3758 	 -0.2989
3.5170 	 -0.1900 	 -0.5157 	 0.7363 	 -0.1114 	 0.2628 	 0.2063 	 -0.0697 	 0.3724 	 -0.3084
3.5271 	 -0.1912 	 -0.5131 	 0.7383 	 -0.1121 	 0.2665 	 0.2032 	 -0.0725 	 0.3685 	 -0.3178
3.5371 	 -0.1923 	 -0.5104 	 0.7404 	 -0.1129 	 0.2702 	 0.2000 	 -0.0752 	 0.3639 	 -0.3271
3.5471 	 -0.1934 	 -0.5077 	 0.7423 	 -0.1136 	 0.2738 	 0.1967 	 -0.0775 	 0.3588 	 -0.3362
3.5571 	 -0.1946 	 -0.5049 	 0.7443 	 -0.1144 	 0.2774 	 0.1932 	 -0.0797 	 0.3531 	 -0.3451
3.5671 	 -0.1957 	 -0.5021 	 0.7462 	 -0.1152 	 0.2809 	 0.1897 	 -0.0815 	 0.3468 	 -0.3537
3.5772 	 -0.1969 	 -0.4993 	 0.7481 	 -0.1160 	 0.2844 	 0.1862 	 -0.0831 	 0.3400 	 -0.3620
3.5872 	 -0.1980 	 -0.4964 	 0.7499 	 -0.1169 	 0.2877 	 0.1825 	 -0.0844 	 0.3328 	 -0.3698
3.5972 	 -0.1992 	 -0.4935 	 0.7518 	 -0.1177 	 0.2910 	 0.1787 	 -0.0853 	 0.3250 	 -0.3772
3.6072 	 -0.2004 	 -0.4906 	 0.7535 	 -0.1186 	 0.2942 	 0.1749 	 -0.0859 	 0.3169 	 -0.3842
3.6172 	 -0.2016 	 -0.4876 	 0.7553 	 -0.1195 	 0.2974 	 0.1710 	 -0.0862 	 0.3084 	 -0.3906
3.6273 	 -0.2028 	 -0.4846 	 0.7570 	 -0.1203 	 0.3004 	 0.1671 	 -0.0862 	 0.2996 	 -0.3964
3.6373 	 -0.2040 	 -0.4816 	 0.7586 	 -0.1212 	 0.3034 	 0.1631 	 -0.0858 	 0.2906 	 -0.4016
3.6473 	 -0.2052 	 -0.4785 	 0.7602 	 -0.1220 	 0.3062 	 0.1591 	 -0.0852 	 0.2815 	 -0.4062
3.6573 	 -0.2065 	 -0.4754 	 0.7618 	 -0.1229 	 0.3090 	 0.1550 	 -0.0842 	 0.2722 	 -0.4102
3.6673 	 -0.2077 	 -0.4723 	 0.7633 	 -0.1237 	 0.3117 	 0.1508 	 -0.0829 	 0.2630 	 -0.4136
3.6774 	 -0.2089 	 -0.4692 	 0.7648 	 -0.1246 	 0.3143 	 0.1467 	 -0.0814 	 0.2537 	 -0.4164
3.6874 	 -0.2102 	 -0.4660 	 0.7663 	 -0.1254 	 0.3168 	 0.1425 	 -0.0796 	 0.2446 	 -0.4185
3.6974 	 -0.2114 	 -0.4629 	 0.7677 	 -0.1261 	 0.3192 	 0.1383 	 -0.0775 	 0.2357 	 -0.4201
3.7074 	 -0.2127 	 -0.4596 	 0.7690 	 -0.1269 	 0.3215 	 0.1341 	 -0.0752 	 0.2270 	 -0.4211
3.7174 	 -0.2140 	 -0.4564 	 0.7704 	 -0.1277 	 0.3237 	 0.1299 	 -0.0728 	 0.2185 	 -0.4216
3.7275 	 -0.2153 	 -0.4532 	 0.7716 	 -0.1284 	 0.3259 	 0.1256 	 -0.0701 	 0.2104 	 -0.4216
3.7375 	 -0.2166 	 -0.4499 	 0.7729 	 -0.1291 	 0.3280 	 0.1214 	 -0.0673 	 0.2027 	 -0.4212
3.7475 	 -0.2179 	 -0.4466 	 0.7741 	 -0.1297 	 0.3299 	 0.1172 	 -0.0644 	 0.1954 	 -0.4204
3.7575 	 -0.2192 	 -0.4433 	 0.7752 	 -0.1303 	 0.3319 	 0.1130 	 -0.0614 	 0.1885 	 -0.4193
3.7675 	 -0.2205 	 -0.4399 	 0.7763 	 -0.1309 	 0.3337 	 0.1088 	 -0.0583 	 0.1822 	 -0.4179
3.7776 	 -0.2218 	 -0.4366 	 0.7774 	 -0.1315 	 0.3355 	 0.1046 	 -0.0551 	 0.1763 	 -0.4163
3.7876 	 -0.2231 	 -0.4332 	 0.7784 	 -0.1321 	 0.3373 	 0.1004 	 -0.0518 	 0.1709 	 -0.4145
3.7976 	 -0.2244 	 -0.4298 	 0.7794 	 -0.1326 	 0.3389 	 0.0963 	 -0.0486 	 0.1661 	 -0.4127
3.8076 	 -0.2258 	 -0.4264 	 0.7804 	 -0.1330 	 0.3406 	 0.0922 	 -0.0452 	 0.1618 	 -0.4107
3.8176 	 -0.2271 	 -0.4230 	 0.7813 	 -0.1335 	 0.3422 	 0.0881 	 -0.0419 	 0.1580 	 -0.4088
3.8277 	 -0.2284 	 -0.4196 	 0.7821 	 -0.1339 	 0.3438 	 0.0840 	 -0.0386 	 0.1548 	 -0.4070
3.8377 	 -0.2298 	 -0.4161 	 0.7830 	 -0.1342 	 0.3453 	 0.0799 	 -0.0352 	 0.1522 	 -0.4053
3.8477 	 -0.2311 	 -0.4126 	 0.7837 	 -0.1346 	 0.3468 	 0.0759 	 -0.0319 	 0.1500 	 -0.4038
3.8577 	 -0.2325 	 -0.4092 	 0.7845 	 -0.1349 	 0.3483 	 0.0718 	 -0.0286 	 0.1484 	 -0.4025
3.8677 	 -0.2338 	 -0.4057 	 0.7852 	 -0.1351 	 0.3498 	 0.0678 	 -0.0253 	 0.1474 	 -0.4016
3.8778 	 -0.2352 	 -0.4022 	 0.7858 	 -0.1354 	 0.3513 	 0.0638 	 -0.0220 	 0.1468 	 -0.4010
3.8878 	 -0.2365 	 -0.3986 	 0.7864 	 -0.1356 	 0.3527 	 0.0598 	 -0.0187 	 0.1468 	 -0.4009
3.8978 	 -0.2379 	 -0.3951 	 0.7870 	 -0.1358 	 0.3542 	 0.0557 	 -0.0154 	 0.1473 	 -0.4012
3.9078 	 -0.2393 	 -0.3915 	 0.7876 	 -0.1359 	 0.3557 	 0.0517 	 -0.0122 	 0.1483 	 -0.4022
3.9178 	 -0.2406 	 -0.3880 	 0.7881 	 -0.1360 	 0.3572 	 0.0477 	 -0.0089 	 0.1497 	 -0.4037
3.9279 	 -0.2420 	 -0.3844 	 0.7885 	 -0.1361 	 0.3587 	 0.0436 	 -0.0056 	 0.1516 	 -0.4061
3.9379 	 -0.2434 	 -0.3808 	 0.7889 	 -0.1361 	 0.3602 	 0.0395 	 -0.0023 	 0.1540 	 -0.4092
3.9479 	 -0.2447 	 -0.3771 	 0.7893 	 -0.1361 	 0.3618 	 0.0354 	 0.0010 	 0.1568 	 -0.4133
3.9579 	 -0.2461 	 -0.3735 	 0.7896 	 -0.1361 	 0.3634 	 0.0313 	 0.0043 	 0.1600 	 -0.4185
3.9679 	 -0.2474 	 -0.3699 	 0.7899 	 -0.1360 	 0.3650 	 0.0270 	 0.0077 	 0.1636 	 -0.4248
3.9780 	 -0.2488 	 -0.3662 	 0.7902 	 -0.1359 	 0.3666 	 0.0227 	 0.0111 	 0.1675 	 -0.4324
3.9880 	 -0.2502 	 -0.3625 	 0.7904 	 -0.1358 	 0.3683 	 0.0184 	 0.0146 	 0.1716 	 -0.4414
3.9980 	 -0.2515 	 -0.3588 	 0.7906 	 -0.1356 	 0.3701 	 0.0139 	 0.0182 	 0.1759 	 -0.4521
4.0080 	 -0.2529 	 -0.3551 	 0.7907 	 -0.1354 	 0.3719 	 0.0093 	 0.0218 	 0.1803 	 -0.4646
4.0180 	 -0.2542 	 -0.3514 	 0.7907 	 -0.1352 	 0.3737 	 0.0046 	 0.0255 	 0.1846 	 -0.4790
4.0281 	 -0.2556 	 -0.3476 	 0.7908 	 -0.1349 	 0.3756 	 -0.0003 	 0.0292 	 0.1887 	 -0.4957
4.0381 	 -0.2569 	 -0.3438 	 0.7907 	 -0.1346 	 0.3775 	 -0.0054 	 0.0330 	 0.1923 	 -0.5147
4.0481 	 -0.2583 	 -0.3400 	 0.7907 	 -0.1343 	 0.3794 	 -0.0106 	 0.0367 	 0.1952 	 -0.5364
4.0581 	 -0.2596 	 -0.3362 	 0.7905 	 -0.1339 	 0.3814 	 -0.0161 	 0.0404 	 0.1970 	 -0.5607
4.0681 	 -0.2610 	 -0.3324 	 0.7903 	 -0.1335 	 0.3834 	 -0.0219 	 0.0439 	 0.1973 	 -0.5878
4.0782 	 -0.2623 	 -0.3286 	 0.7901 	 -0.1330 	 0.3853 	 -0.0279 	 0.0472 	 0.1955 	 -0.6176
4.0882 	 -0.2636 	 -0.3247 	 0.7898 	 -0.1325 	 0.3873 	 -0.0343 	 0.0499 	 0.1913 	 -0.6499
4.0982 	 -0.2650 	 -0.3208 	 0.7894 	 -0.1320 	 0.3892 	 -0.0410 	 0.0518 	 0.1841 	 -0.6841
4.1082 	 -0.2663 	 -0.3169 	 0.7889 	 -0.1315 	 0.3909 	 -0.0480 	 0.0527 	 0.1735 	 -0.7193
4.1182 	 -0.2676 	 -0.3130 	 0.7884 	 -0.1310 	 0.3926 	 -0.0554 	 0.0519 	 0.1596 	 -0.7544
4.1283 	 -0.2689 	 -0.3090 	 0.7878 	 -0.1305 	 0.3941 	 -0.0631 	 0.0491 	 0.1430 	 -0.7877
4.1383 	 -0.2702 	 -0.3051 	 0.7872 	 -0.1300 	 0.3955 	 -0.0711 	 0.0436 	 0.1249 	 -0.8173
4.1483 	 -0.2715 	 -0.3011 	 0.7864 	 -0.1296 	 0.3966 	 -0.0795 	 0.0347 	 0.1081 	 -0.8415
4.1583 	 -0.2728 	 -0.2971 	 0.7856 	 -0.1293 	 0.3977 	 -0.0880 	 0.0218 	 0.0963 	 -0.8590
4.1683 	 -0.2741 	 -0.2931 	 0.7846 	 -0.1292 	 0.3986 	 -0.0966 	 0.0042 	 0.0948 	 -0.8696
4.1784 	 -0.2754 	 -0.2891 	 0.7836 	 -0.1292 	 0.3996 	 -0.1054 	 -0.0191 	 0.1104 	 -0.8752
4.1884 	 -0.2767 	 -0.2851 	 0.7825 	 -0.1296 	 0.4009 	 -0.1142 	 -0.0494 	 0.1509 	 -0.8798
4.1984 	 -0.2780 	 -0.2811 	 0.7813 	 -0.1303 	 0.4028 	 -0.1230 	 -0.0894 	 0.2253 	 -0.8905
4.2084 	 -0.2793 	 -0.2770 	 0.7801 	 -0.1314 	 0.4056 	 -0.1321 	 -0.1440 	 0.3453 	 -0.9176
4.2184 	 -0.2806 	 -0.2730 	 0.7787 	 -0.1332 	 0.4099 	 -0.1415 	 -0.2232 	 0.5281 	 -0.9771
4.2285 	 -0.2820 	 -0.2688 	 0.7772 	 -0.1360 	 0.4165 	 -0.1519 	 -0.3479 	 0.8023 	 -1.0950
4.2385 	 -0.2834 	 -0.2646 	 0.7756 	 -0.1405 	 0.4264 	 -0.1638 	 -0.5651 	 1.2232 	 -1.3201
4.2485 	 -0.2848 	 -0.2602 	 0.7739 	 -0.1481 	 0.4418 	 -0.1790 	 -0.9966 	 1.9071 	 -1.7622
4.2585 	 -0.2864 	 -0.2557 	 0.7720 	 -0.1624 	 0.4664 	 -0.2008 	 -2.0293 	 3.1300 	 -2.7244
4.2685 	 -0.2882 	 -0.2508 	 0.7698 	 -0.1958 	 0.5084 	 -0.2387 	 -5.4003 	 5.5963 	 -5.3367
4.2786 	 -0.2909 	 -0.2453 	 0.7668 	 -0.3169 	 0.5803 	 -0.3307 	 -26.7859 	 8.4431 	 -16.7559
4.2886 	 -0.2967 	 -0.2408 	 0.7628 	 -0.9352 	 0.3659 	 -0.5405 	 -16.5685 	 -124.0685 	 43.9343
4.2986 	 -0.3055 	 -0.2378 	 0.7580 	 -0.8542 	 0.0313 	 -0.3641 	 6.6673 	 -5.3635 	 5.1414
4.3086 	 -0.3138 	 -0.2376 	 0.7544 	 -0.8095 	 0.0037 	 -0.3341 	 2.9230 	 -1.3588 	 1.6680
4.3186 	 -0.3218 	 -0.2376 	 0.7511 	 -0.7877 	 -0.0055 	 -0.3228 	 1.6156 	 -0.6352 	 0.7440
4.3287 	 -0.3297 	 -0.2377 	 0.7479 	 -0.7747 	 -0.0105 	 -0.3174 	 1.0459 	 -0.4115 	 0.3838
4.3387 	 -0.3374 	 -0.2378 	 0.7448 	 -0.7658 	 -0.0141 	 -0.3145 	 0.7527 	 -0.3161 	 0.2097
4.3487 	 -0.3450 	 -0.2379 	 0.7416 	 -0.7592 	 -0.0170 	 -0.3130 	 0.5841 	 -0.2649 	 0.1134
4.3587 	 -0.3526 	 -0.2381 	 0.7385 	 -0.7539 	 -0.0195 	 -0.3121 	 0.4793 	 -0.2320 	 0.0549
4.3687 	 -0.3602 	 -0.2383 	 0.7354 	 -0.7495 	 -0.0217 	 -0.3118 	 0.4104 	 -0.2079 	 0.0168
4.3788 	 -0.3676 	 -0.2386 	 0.7322 	 -0.7456 	 -0.0237 	 -0.3118 	 0.3631 	 -0.1885 	 -0.0094
4.3888 	 -0.3751 	 -0.2388 	 0.7291 	 -0.7422 	 -0.0255 	 -0.3120 	 0.3295 	 -0.1719 	 -0.0282
4.3988 	 -0.3825 	 -0.2391 	 0.7260 	 -0.7390 	 -0.0271 	 -0.3123 	 0.3048 	 -0.1572 	 -0.0421
4.4088 	 -0.3899 	 -0.2393 	 0.7228 	 -0.7360 	 -0.0286 	 -0.3128 	 0.2863 	 -0.1438 	 -0.0526
4.4188 	 -0.3973 	 -0.2396 	 0.7197 	 -0.7332 	 -0.0300 	 -0.3134 	 0.2721 	 -0.1314 	 -0.0608
4.4289 	 -0.4046 	 -0.2399 	 0.7166 	 -0.7306 	 -0.0313 	 -0.3140 	 0.2608 	 -0.1199 	 -0.0673
4.4389 	 -0.4119 	 -0.2403 	 0.7134 	 -0.7280 	 -0.0324 	 -0.3147 	 0.2517 	 -0.1090 	 -0.0724
4.4489 	 -0.4192 	 -0.2406 	 0.7103 	 -0.7255 	 -0.0334 	 -0.3154 	 0.2441 	 -0.0986 	 -0.0764
4.4589 	 -0.4265 	 -0.2409 	 0.7071 	 -0.7231 	 -0.0344 	 -0.3162 	 0.2377 	 -0.0888 	 -0.0797
4.4689 	 -0.4337 	 -0.2413 	 0.7039 	 -0.7208 	 -0.0352 	 -0.3170 	 0.2320 	 -0.0795 	 -0.0822
4.4790 	 -0.4409 	 -0.2416 	 0.7007 	 -0.7185 	 -0.0360 	 -0.3179 	 0.2269 	 -0.0706 	 -0.0843
4.4890 	 -0.4481 	 -0.2420 	 0.6976 	 -0.7162 	 -0.0366 	 -0.3187 	 0.2223 	 -0.0621 	 -0.0860
4.4990 	 -0.4553 	 -0.2424 	 0.6944 	 -0.7140 	 -0.0372 	 -0.3196 	 0.2179 	 -0.0540 	 -0.0873
4.5090 	 -0.4624 	 -0.2427 	 0.6911 	 -0.7118 	 -0.0377 	 -0.3205 	 0.2137 	 -0.0464 	 -0.0884
4.5190 	 -0.4695 	 -0.2431 	 0.6879 	 -0.7097 	 -0.0382 	 -0.3214 	 0.2097 	 -0.0390 	 -0.0893
4.5291 	 -0.4766 	 -0.2435 	 0.6847 	 -0.7076 	 -0.0385 	 -0.3223 	 0.2059 	 -0.0321 	 -0.0901
4.5391 	 -0.4837 	 -0.2439 	 0.6815 	 -0.7056 	 -0.0388 	 -0.3232 	 0.2021 	 -0.0254 	 -0.0907
4.5491 	 -0.4908 	 -0.2443 	 0.6782 	 -0.7036 	 -0.0390 	 -0.3241 	 0.1984 	 -0.0191 	 -0.0912
4.5591 	 -0.4978 	 -0.2447 	 0.6750 	 -0.7016 	 -0.0392 	 -0.3250 	 0.1949 	 -0.0132 	 -0.0917
4.5691 	 -0.5048 	 -0.2451 	 0.6717 	 -0.6997 	 -0.0393 	 -0.3259 	 0.1914 	 -0.0075 	 -0.0922
4.5792 	 -0.5118 	 -0.2455 	 0.6684 	 -0.6978 	 -0.0393 	 -0.3268 	 0.1881 	 -0.0021 	 -0.0926
4.5892 	 -0.5188 	 -0.2459 	 0.6652 	 -0.6959 	 -0.0393 	 -0.3278 	 0.1849 	 0.0030 	 -0.0930
4.5992 	 -0.5258 	 -0.2463 	 0.6619 	 -0.6941 	 -0.0393 	 -0.3287 	 0.1818 	 0.0079 	 -0.0934
4.6092 	 -0.5327 	 -0.2466 	 0.6586 	 -0.6923 	 -0.0392 	 -0.3296 	 0.1789 	 0.0125 	 -0.0938
4.6192 	 -0.5396 	 -0.2470 	 0.6553 	 -0.6905 	 -0.0390 	 -0.3306 	 0.1761 	 0.0169 	 -0.0941
4.6293 	 -0.5466 	 -0.2474 	 0.6520 	 -0.6887 	 -0.0388 	 -0.3315 	 0.1734 	 0.0211 	 -0.0944
4.6393 	 -0.5534 	 -0.2478 	 0.6486 	 -0.6870 	 -0.0386 	 -0.3325 	 0.1709 	 0.0252 	 -0.0946
4.6493 	 -0.5603 	 -0.2482 	 0.6453 	 -0.6853 	 -0.0383 	 -0.3334 	 0.1686 	 0.0290 	 -0.0948
4.6593 	 -0.5672 	 -0.2486 	 0.6419 	 -0.6836 	 -0.0380 	 -0.3344 	 0.1664 	 0.0327 	 -0.0949
4.6693 	 -0.5740 	 -0.2490 	 0.6386 	 -0.6820 	 -0.0377 	 -0.3353 	 0.1644 	 0.0362 	 -0.0949
4.6794 	 -0.5808 	 -0.2493 	 0.6352 	 -0.6803 	 -0.0373 	 -0.3363 	 0.1626 	 0.0395 	 -0.0948
4.6894 	 -0.5877 	 -0.2497 	 0.6318 	 -0.6787 	 -0.0369 	 -0.3372 	 0.1609 	 0.0427 	 -0.0946
4.6994 	 -0.5944 	 -0.2501 	 0.6285 	 -0.6771 	 -0.0364 	 -0.3382 	 0.1593 	 0.0458 	 -0.0943
4.7094 	 -0.6012 	 -0.2504 	 0.6251 	 -0.6755 	 -0.0360 	 -0.3391 	 0.1579 	 0.0487 	 -0.0939
4.7194 	 -0.6080 	 -0.2508 	 0.6217 	 -0.6739 	 -0.0355 	 -0.3401 	 0.1566 	 0.0515 	 -0.0933
4.7295 	 -0.6147 	 -0.2511 	 0.6183 	 -0.6724 	 -0.0349 	 -0.3410 	 0.1554 	 0.0541 	 -0.0925
4.7395 	 -0.6215 	 -0.2515 	 0.6148 	 -0.6708 	 -0.0344 	 -0.3419 	 0.1543 	 0.0565 	 -0.0916
4.7495 	 -0.6282 	 -0.2518 	 0.6114 	 -0.6693 	 -0.0338 	 -0.3428 	 0.1532 	 0.0588 	 -0.0906
4.7595 	 -0.6349 	 -0.2522 	 0.6080 	 -0.6678 	 -0.0332 	 -0.3437 	 0.1523 	 0.0609 	 -0.0894
4.7695 	 -0.6416 	 -0.2525 	 0.6045 	 -0.6662 	 -0.0326 	 -0.3446 	 0.1513 	 0.0628 	 -0.0880
4.7796 	 -0.6482 	 -0.2528 	 0.6011 	 -0.6647 	 -0.0319 	 -0.3455 	 0.1504 	 0.0646 	 -0.0865
4.7896 	 -0.6549 	 -0.2531 	 0.5976 	 -0.6632 	 -0.0313 	 -0.3463 	 0.1494 	 0.0661 	 -0.0849
4.7996 	 -0.6615 	 -0.2535 	 0.5941 	 -0.6617 	 -0.0306 	 -0.3472 	 0.1485 	 0.0675 	 -0.0832
4.8096 	 -0.6681 	 -0.2538 	 0.5906 	 -0.6603 	 -0.0299 	 -0.3480 	 0.1475 	 0.0687 	 -0.0813
4.8196 	 -0.6747 	 -0.2541 	 0.5871 	 -0.6588 	 -0.0292 	 -0.3488 	 0.1465 	 0.0697 	 -0.0794
4.8297 	 -0.6813 	 -0.2543 	 0.5836 	 -0.6573 	 -0.0285 	 -0.3496 	 0.1454 	 0.0704 	 -0.0774
4.8397 	 -0.6879 	 -0.2546 	 0.5801 	 -0.6559 	 -0.0278 	 -0.3504 	 0.1443 	 0.0711 	 -0.0754
4.8497 	 -0.6945 	 -0.2549 	 0.5766 	 -0.6544 	 -0.0271 	 -0.3511 	 0.1431 	 0.0715 	 -0.0734
4.8597 	 -0.7010 	 -0.2552 	 0.5731 	 -0.6530 	 -0.0264 	 -0.3518 	 0.1418 	 0.0718 	 -0.0713
4.8697 	 -0.7076 	 -0.2554 	 0.5696 	 -0.6516 	 -0.0257 	 -0.3525 	 0.1405 	 0.0719 	 -0.0693
4.8798 	 -0.7141 	 -0.2557 	 0.5660 	 -0.6502 	 -0.0250 	 -0.3532 	 0.1391 	 0.0719 	 -0.0674
4.8898 	 -0.7206 	 -0.2559 	 0.5625 	 -0.6488 	 -0.0242 	 -0.3539 	 0.1377 	 0.0717 	 -0.0654
4.8998 	 -0.7271 	 -0.2562 	 0.5589 	 -0.6474 	 -0.0235 	 -0.3545 	 0.1362 	 0.0715 	 -0.0636
4.9098 	 -0.7336 	 -0.2564 	 0.5554 	 -0.6461 	 -0.0228 	 -0.3552 	 0.1347 	 0.0711 	 -0.0619
4.9198 	 -0.7400 	 -0.2566 	 0.5518 	 -0.6447 	 -0.0221 	 -0.3558 	 0.1332 	 0.0707 	 -0.0602
4.9299 	 -0.7465 	 -0.2568 	 0.5483 	 -0.6434 	 -0.0214 	 -0.3564 	 0.1316 	 0.0702 	 -0.0586
4.9399 	 -0.7529 	 -0.2571 	 0.5447 	 -0.6421 	 -0.0207 	 -0.3570 	 0.1300 	 0.0697 	 -0.0572
4.9499 	 -0.7594 	 -0.2573 	 0.5411 	 -0.6408 	 -0.0200 	 -0.3575 	 0.1285 	 0.0691 	 -0.0558
4.9599 	 -0.7658 	 -0.2575 	 0.5375 	 -0.6395 	 -0.0193 	 -0.3581 	 0.1270 	 0.0685 	 -0.0545
4.9699 	 -0.7722 	 -0.2576 	 0.5339 	 -0.6382 	 -0.0186 	 -0.3586 	 0.1255 	 0.0679 	 -0.0533
4.9800 	 -0.7786 	 -0.2578 	 0.5303 	 -0.6370 	 -0.0179 	 -0.3591 	 0.1240 	 0.0672 	 -0.0522
4.9900 	 -0.7849 	 -0.2580 	 0.5267 	 -0.6358 	 -0.0173 	 -0.3597 	 0.1226 	 0.0666 	 -0.0512
