100-Body Run with i = 59 th particle. (Units in pc,M_solar,Myr, km s-1) 

time		 x 		 y 		 z 		 xdot 		 ydot 		 zdot 		 xddot 		 yddot 		 zddot
0.0000 	 -0.0241 	 -0.0233 	 0.2017 	 0.0143 	 0.0097 	 -0.0193 	 1.2702 	 0.8521 	 -2.3946
0.0100 	 -0.0239 	 -0.0232 	 0.2014 	 0.0270 	 0.0182 	 -0.0435 	 1.2701 	 0.8521 	 -2.4330
0.0200 	 -0.0236 	 -0.0230 	 0.2009 	 0.0397 	 0.0268 	 -0.0682 	 1.2746 	 0.8538 	 -2.5191
0.0301 	 -0.0231 	 -0.0226 	 0.2001 	 0.0525 	 0.0353 	 -0.0942 	 1.2731 	 0.8644 	 -2.6674
0.0401 	 -0.0225 	 -0.0222 	 0.1990 	 0.0653 	 0.0441 	 -0.1216 	 1.2828 	 0.8783 	 -2.7970
0.0501 	 -0.0218 	 -0.0218 	 0.1976 	 0.0785 	 0.0528 	 -0.1503 	 1.4022 	 0.8510 	 -2.9474
0.0601 	 -0.0210 	 -0.0212 	 0.1959 	 0.0938 	 0.0610 	 -0.1807 	 1.6537 	 0.7802 	 -3.1013
0.0701 	 -0.0199 	 -0.0205 	 0.1940 	 0.1111 	 0.0683 	 -0.2121 	 1.7441 	 0.6851 	 -3.1509
0.0802 	 -0.0187 	 -0.0198 	 0.1917 	 0.1276 	 0.0747 	 -0.2444 	 1.5052 	 0.5785 	 -3.3654
0.0902 	 -0.0174 	 -0.0191 	 0.1891 	 0.1410 	 0.0797 	 -0.2806 	 1.1540 	 0.3941 	 -3.9004
0.1002 	 -0.0159 	 -0.0182 	 0.1860 	 0.1504 	 0.0820 	 -0.3235 	 0.6734 	 0.0109 	 -4.6968
0.1102 	 -0.0144 	 -0.0174 	 0.1825 	 0.1534 	 0.0788 	 -0.3753 	 -0.1475 	 -0.7727 	 -5.8999
0.1202 	 -0.0129 	 -0.0167 	 0.1782 	 0.1533 	 0.0682 	 -0.4699 	 1.2892 	 -0.8732 	 -16.6940
0.1303 	 -0.0100 	 -0.0152 	 0.1722 	 0.3386 	 0.1728 	 -0.7374 	 60.8058 	 40.8253 	 -23.6154
0.1403 	 -0.0057 	 -0.0128 	 0.1656 	 0.6154 	 0.3745 	 -0.6379 	 8.1764 	 6.3434 	 11.6692
0.1503 	 0.0007 	 -0.0089 	 0.1596 	 0.6572 	 0.4057 	 -0.5530 	 2.0268 	 1.2458 	 6.1236
0.1603 	 0.0073 	 -0.0048 	 0.1543 	 0.6699 	 0.4107 	 -0.5098 	 0.4365 	 -0.3550 	 -0.6381
0.1703 	 0.0141 	 -0.0007 	 0.1491 	 0.6756 	 0.4071 	 -0.5158 	 0.7093 	 -0.3561 	 -0.5543
0.1804 	 0.0209 	 0.0033 	 0.1439 	 0.6841 	 0.4033 	 -0.5208 	 0.9838 	 -0.4213 	 -0.4453
0.1904 	 0.0278 	 0.0074 	 0.1387 	 0.6953 	 0.3985 	 -0.5245 	 1.2431 	 -0.5587 	 -0.2836
0.2004 	 0.0348 	 0.0113 	 0.1334 	 0.7088 	 0.3919 	 -0.5262 	 1.4342 	 -0.7549 	 -0.0384
0.2104 	 0.0420 	 0.0152 	 0.1282 	 0.7235 	 0.3833 	 -0.5250 	 1.4731 	 -0.9644 	 0.2774
0.2204 	 0.0493 	 0.0190 	 0.1229 	 0.7376 	 0.3728 	 -0.5207 	 1.3134 	 -1.1150 	 0.5847
0.2305 	 0.0568 	 0.0227 	 0.1177 	 0.7493 	 0.3613 	 -0.5137 	 1.0079 	 -1.1576 	 0.7870
0.2405 	 0.0643 	 0.0262 	 0.1126 	 0.7577 	 0.3499 	 -0.5054 	 0.6690 	 -1.1031 	 0.8485
0.2505 	 0.0719 	 0.0297 	 0.1076 	 0.7629 	 0.3394 	 -0.4970 	 0.3810 	 -0.9987 	 0.8022
0.2605 	 0.0796 	 0.0330 	 0.1027 	 0.7656 	 0.3299 	 -0.4895 	 0.1697 	 -0.8861 	 0.7016
0.2705 	 0.0872 	 0.0363 	 0.0978 	 0.7665 	 0.3215 	 -0.4830 	 0.0258 	 -0.7869 	 0.5862
0.2806 	 0.0949 	 0.0395 	 0.0930 	 0.7663 	 0.3141 	 -0.4777 	 -0.0697 	 -0.7074 	 0.4768
0.2906 	 0.1026 	 0.0426 	 0.0882 	 0.7652 	 0.3073 	 -0.4734 	 -0.1336 	 -0.6463 	 0.3815
0.3006 	 0.1103 	 0.0457 	 0.0835 	 0.7637 	 0.3011 	 -0.4700 	 -0.1775 	 -0.6004 	 0.3018
0.3106 	 0.1179 	 0.0486 	 0.0788 	 0.7617 	 0.2952 	 -0.4673 	 -0.2092 	 -0.5658 	 0.2368
0.3206 	 0.1255 	 0.0516 	 0.0741 	 0.7595 	 0.2897 	 -0.4652 	 -0.2334 	 -0.5397 	 0.1845
0.3307 	 0.1331 	 0.0544 	 0.0695 	 0.7571 	 0.2844 	 -0.4636 	 -0.2531 	 -0.5195 	 0.1428
0.3407 	 0.1407 	 0.0573 	 0.0648 	 0.7544 	 0.2793 	 -0.4623 	 -0.2700 	 -0.5035 	 0.1098
0.3507 	 0.1482 	 0.0600 	 0.0602 	 0.7516 	 0.2743 	 -0.4614 	 -0.2853 	 -0.4907 	 0.0835
0.3607 	 0.1558 	 0.0628 	 0.0556 	 0.7487 	 0.2694 	 -0.4606 	 -0.2997 	 -0.4802 	 0.0624
0.3707 	 0.1632 	 0.0654 	 0.0510 	 0.7456 	 0.2647 	 -0.4601 	 -0.3135 	 -0.4714 	 0.0454
0.3808 	 0.1707 	 0.0681 	 0.0464 	 0.7424 	 0.2600 	 -0.4597 	 -0.3272 	 -0.4642 	 0.0311
0.3908 	 0.1781 	 0.0707 	 0.0418 	 0.7391 	 0.2554 	 -0.4595 	 -0.3411 	 -0.4582 	 0.0185
0.4008 	 0.1855 	 0.0732 	 0.0372 	 0.7356 	 0.2508 	 -0.4593 	 -0.3554 	 -0.4533 	 0.0072
0.4108 	 0.1929 	 0.0757 	 0.0325 	 0.7320 	 0.2463 	 -0.4593 	 -0.3704 	 -0.4490 	 -0.0030
0.4208 	 0.2002 	 0.0781 	 0.0279 	 0.7282 	 0.2418 	 -0.4594 	 -0.3857 	 -0.4451 	 -0.0122
0.4309 	 0.2075 	 0.0805 	 0.0233 	 0.7242 	 0.2374 	 -0.4596 	 -0.4012 	 -0.4414 	 -0.0202
0.4409 	 0.2147 	 0.0829 	 0.0187 	 0.7201 	 0.2330 	 -0.4598 	 -0.4162 	 -0.4379 	 -0.0270
0.4509 	 0.2219 	 0.0852 	 0.0141 	 0.7159 	 0.2286 	 -0.4601 	 -0.4304 	 -0.4345 	 -0.0328
0.4609 	 0.2290 	 0.0875 	 0.0095 	 0.7115 	 0.2243 	 -0.4605 	 -0.4436 	 -0.4313 	 -0.0378
0.4709 	 0.2361 	 0.0897 	 0.0049 	 0.7070 	 0.2199 	 -0.4609 	 -0.4555 	 -0.4282 	 -0.0423
0.4810 	 0.2432 	 0.0919 	 0.0003 	 0.7024 	 0.2157 	 -0.4613 	 -0.4664 	 -0.4255 	 -0.0466
0.4910 	 0.2502 	 0.0940 	 -0.0043 	 0.6977 	 0.2114 	 -0.4618 	 -0.4763 	 -0.4232 	 -0.0508
0.5010 	 0.2572 	 0.0961 	 -0.0090 	 0.6928 	 0.2072 	 -0.4623 	 -0.4854 	 -0.4214 	 -0.0547
0.5110 	 0.2641 	 0.0982 	 -0.0136 	 0.6880 	 0.2030 	 -0.4630 	 -0.4547 	 -0.3938 	 -0.1362
0.5210 	 0.2710 	 0.1002 	 -0.0183 	 0.6834 	 0.1991 	 -0.4644 	 -0.4646 	 -0.3945 	 -0.1358
0.5311 	 0.2778 	 0.1022 	 -0.0229 	 0.6787 	 0.1951 	 -0.4657 	 -0.4741 	 -0.3952 	 -0.1354
0.5411 	 0.2846 	 0.1041 	 -0.0276 	 0.6739 	 0.1911 	 -0.4671 	 -0.4832 	 -0.3961 	 -0.1351
0.5511 	 0.2913 	 0.1060 	 -0.0323 	 0.6690 	 0.1872 	 -0.4685 	 -0.4919 	 -0.3971 	 -0.1348
0.5611 	 0.2980 	 0.1078 	 -0.0370 	 0.6640 	 0.1832 	 -0.4698 	 -0.5002 	 -0.3981 	 -0.1345
0.5711 	 0.3046 	 0.1097 	 -0.0417 	 0.6590 	 0.1792 	 -0.4711 	 -0.5083 	 -0.3991 	 -0.1341
0.5812 	 0.3112 	 0.1114 	 -0.0464 	 0.6539 	 0.1752 	 -0.4725 	 -0.5160 	 -0.4002 	 -0.1337
0.5912 	 0.3177 	 0.1132 	 -0.0512 	 0.6486 	 0.1712 	 -0.4738 	 -0.5234 	 -0.4012 	 -0.1333
0.6012 	 0.3242 	 0.1149 	 -0.0559 	 0.6434 	 0.1671 	 -0.4752 	 -0.5306 	 -0.4018 	 -0.1330
0.6112 	 0.3306 	 0.1165 	 -0.0607 	 0.6380 	 0.1631 	 -0.4765 	 -0.5375 	 -0.4019 	 -0.1329
0.6212 	 0.3370 	 0.1181 	 -0.0655 	 0.6326 	 0.1591 	 -0.4778 	 -0.5430 	 -0.3994 	 -0.1321
0.6313 	 0.3433 	 0.1197 	 -0.0703 	 0.6271 	 0.1551 	 -0.4791 	 -0.5466 	 -0.3944 	 -0.1305
0.6413 	 0.3495 	 0.1212 	 -0.0751 	 0.6217 	 0.1512 	 -0.4804 	 -0.5481 	 -0.3878 	 -0.1278
0.6513 	 0.3557 	 0.1227 	 -0.0799 	 0.6162 	 0.1474 	 -0.4817 	 -0.5484 	 -0.3799 	 -0.1230
0.6613 	 0.3619 	 0.1242 	 -0.0847 	 0.6107 	 0.1436 	 -0.4829 	 -0.5468 	 -0.3715 	 -0.1177
0.6713 	 0.3680 	 0.1256 	 -0.0896 	 0.6052 	 0.1399 	 -0.4840 	 -0.5421 	 -0.3631 	 -0.1141
0.6814 	 0.3740 	 0.1270 	 -0.0944 	 0.5998 	 0.1363 	 -0.4852 	 -0.5280 	 -0.3580 	 -0.1184
0.6914 	 0.3800 	 0.1283 	 -0.0993 	 0.5946 	 0.1328 	 -0.4865 	 -0.5111 	 -0.3514 	 -0.1364
0.7014 	 0.3859 	 0.1297 	 -0.1042 	 0.5896 	 0.1293 	 -0.4880 	 -0.4912 	 -0.3443 	 -0.1599
0.7114 	 0.3918 	 0.1309 	 -0.1091 	 0.5848 	 0.1259 	 -0.4898 	 -0.4614 	 -0.3373 	 -0.2012
0.7214 	 0.3977 	 0.1322 	 -0.1140 	 0.5804 	 0.1225 	 -0.4921 	 -0.4130 	 -0.3283 	 -0.2716
0.7315 	 0.4035 	 0.1334 	 -0.1189 	 0.5767 	 0.1193 	 -0.4954 	 -0.3236 	 -0.3123 	 -0.3886
0.7415 	 0.4092 	 0.1346 	 -0.1239 	 0.5743 	 0.1163 	 -0.5001 	 -0.1352 	 -0.2742 	 -0.5754
0.7515 	 0.4150 	 0.1357 	 -0.1290 	 0.5748 	 0.1140 	 -0.5071 	 0.2931 	 -0.1706 	 -0.8143
0.7615 	 0.4208 	 0.1369 	 -0.1341 	 0.5815 	 0.1134 	 -0.5156 	 1.1099 	 0.0744 	 -0.7916
0.7715 	 0.4267 	 0.1380 	 -0.1393 	 0.5960 	 0.1155 	 -0.5199 	 1.5821 	 0.3052 	 0.0736
0.7816 	 0.4327 	 0.1392 	 -0.1445 	 0.6089 	 0.1182 	 -0.5149 	 0.8974 	 0.1789 	 0.7711
0.7916 	 0.4388 	 0.1404 	 -0.1496 	 0.6142 	 0.1189 	 -0.5069 	 0.2167 	 -0.0201 	 0.7489
0.8016 	 0.4450 	 0.1416 	 -0.1546 	 0.6145 	 0.1181 	 -0.5003 	 -0.1112 	 -0.1311 	 0.5724
0.8116 	 0.4511 	 0.1427 	 -0.1596 	 0.6126 	 0.1165 	 -0.4953 	 -0.2550 	 -0.1838 	 0.4338
0.8216 	 0.4573 	 0.1439 	 -0.1646 	 0.6096 	 0.1145 	 -0.4914 	 -0.3204 	 -0.2086 	 0.3418
0.8317 	 0.4633 	 0.1450 	 -0.1695 	 0.6063 	 0.1123 	 -0.4883 	 -0.3511 	 -0.2199 	 0.2813
0.8417 	 0.4694 	 0.1461 	 -0.1743 	 0.6027 	 0.1101 	 -0.4857 	 -0.3652 	 -0.2243 	 0.2406
0.8517 	 0.4754 	 0.1472 	 -0.1792 	 0.5990 	 0.1079 	 -0.4835 	 -0.3707 	 -0.2248 	 0.2123
0.8617 	 0.4814 	 0.1483 	 -0.1840 	 0.5952 	 0.1056 	 -0.4815 	 -0.3716 	 -0.2232 	 0.1920
0.8717 	 0.4874 	 0.1494 	 -0.1889 	 0.5915 	 0.1034 	 -0.4796 	 -0.3697 	 -0.2203 	 0.1770
0.8818 	 0.4933 	 0.1504 	 -0.1937 	 0.5878 	 0.1012 	 -0.4779 	 -0.3662 	 -0.2166 	 0.1655
0.8918 	 0.4991 	 0.1514 	 -0.1984 	 0.5842 	 0.0991 	 -0.4763 	 -0.3617 	 -0.2124 	 0.1566
0.9018 	 0.5050 	 0.1524 	 -0.2032 	 0.5806 	 0.0970 	 -0.4748 	 -0.3566 	 -0.2079 	 0.1495
0.9118 	 0.5108 	 0.1533 	 -0.2079 	 0.5770 	 0.0949 	 -0.4733 	 -0.3511 	 -0.2032 	 0.1436
0.9218 	 0.5165 	 0.1543 	 -0.2127 	 0.5736 	 0.0929 	 -0.4719 	 -0.3454 	 -0.1985 	 0.1387
0.9319 	 0.5223 	 0.1552 	 -0.2174 	 0.5701 	 0.0909 	 -0.4705 	 -0.3395 	 -0.1937 	 0.1345
0.9419 	 0.5280 	 0.1561 	 -0.2221 	 0.5668 	 0.0890 	 -0.4692 	 -0.3337 	 -0.1890 	 0.1308
0.9519 	 0.5336 	 0.1570 	 -0.2268 	 0.5634 	 0.0871 	 -0.4679 	 -0.3278 	 -0.1844 	 0.1275
0.9619 	 0.5393 	 0.1578 	 -0.2315 	 0.5602 	 0.0853 	 -0.4666 	 -0.3217 	 -0.1799 	 0.1245
0.9719 	 0.5448 	 0.1587 	 -0.2362 	 0.5570 	 0.0835 	 -0.4654 	 -0.3155 	 -0.1755 	 0.1218
0.9820 	 0.5504 	 0.1595 	 -0.2408 	 0.5539 	 0.0818 	 -0.4642 	 -0.3092 	 -0.1713 	 0.1192
0.9920 	 0.5559 	 0.1603 	 -0.2455 	 0.5508 	 0.0801 	 -0.4630 	 -0.3028 	 -0.1673 	 0.1168
1.0020 	 0.5615 	 0.1611 	 -0.2501 	 0.5478 	 0.0784 	 -0.4618 	 -0.2965 	 -0.1634 	 0.1145
1.0120 	 0.5669 	 0.1619 	 -0.2547 	 0.5449 	 0.0768 	 -0.4607 	 -0.2902 	 -0.1596 	 0.1123
1.0220 	 0.5724 	 0.1627 	 -0.2593 	 0.5420 	 0.0752 	 -0.4596 	 -0.2841 	 -0.1559 	 0.1102
1.0321 	 0.5778 	 0.1634 	 -0.2639 	 0.5392 	 0.0737 	 -0.4585 	 -0.2781 	 -0.1524 	 0.1080
1.0421 	 0.5832 	 0.1641 	 -0.2685 	 0.5364 	 0.0722 	 -0.4574 	 -0.2723 	 -0.1488 	 0.1058
1.0521 	 0.5885 	 0.1648 	 -0.2731 	 0.5337 	 0.0707 	 -0.4564 	 -0.2666 	 -0.1454 	 0.1035
1.0621 	 0.5939 	 0.1655 	 -0.2777 	 0.5311 	 0.0693 	 -0.4553 	 -0.2611 	 -0.1420 	 0.1011
1.0721 	 0.5992 	 0.1662 	 -0.2822 	 0.5285 	 0.0679 	 -0.4543 	 -0.2555 	 -0.1386 	 0.0987
1.0822 	 0.6045 	 0.1669 	 -0.2868 	 0.5259 	 0.0665 	 -0.4534 	 -0.2501 	 -0.1353 	 0.0964
1.0922 	 0.6097 	 0.1676 	 -0.2913 	 0.5235 	 0.0651 	 -0.4524 	 -0.2447 	 -0.1321 	 0.0942
1.1022 	 0.6150 	 0.1682 	 -0.2958 	 0.5210 	 0.0638 	 -0.4515 	 -0.2395 	 -0.1289 	 0.0921
1.1122 	 0.6202 	 0.1688 	 -0.3004 	 0.5187 	 0.0626 	 -0.4506 	 -0.2345 	 -0.1258 	 0.0902
1.1222 	 0.6253 	 0.1695 	 -0.3049 	 0.5163 	 0.0613 	 -0.4497 	 -0.2296 	 -0.1227 	 0.0883
1.1323 	 0.6305 	 0.1701 	 -0.3094 	 0.5141 	 0.0601 	 -0.4488 	 -0.2250 	 -0.1198 	 0.0865
1.1423 	 0.6357 	 0.1707 	 -0.3139 	 0.5118 	 0.0589 	 -0.4479 	 -0.2206 	 -0.1169 	 0.0848
1.1523 	 0.6408 	 0.1713 	 -0.3183 	 0.5096 	 0.0578 	 -0.4471 	 -0.2163 	 -0.1141 	 0.0830
1.1623 	 0.6459 	 0.1718 	 -0.3228 	 0.5075 	 0.0566 	 -0.4463 	 -0.2123 	 -0.1113 	 0.0814
1.1723 	 0.6509 	 0.1724 	 -0.3273 	 0.5054 	 0.0555 	 -0.4455 	 -0.2084 	 -0.1087 	 0.0798
1.1824 	 0.6560 	 0.1729 	 -0.3317 	 0.5033 	 0.0545 	 -0.4447 	 -0.2046 	 -0.1061 	 0.0782
1.1924 	 0.6610 	 0.1735 	 -0.3362 	 0.5013 	 0.0534 	 -0.4439 	 -0.2010 	 -0.1036 	 0.0767
1.2024 	 0.6660 	 0.1740 	 -0.3406 	 0.4993 	 0.0524 	 -0.4431 	 -0.1976 	 -0.1011 	 0.0752
1.2124 	 0.6710 	 0.1745 	 -0.3451 	 0.4973 	 0.0514 	 -0.4424 	 -0.1943 	 -0.0987 	 0.0737
1.2224 	 0.6760 	 0.1750 	 -0.3495 	 0.4954 	 0.0504 	 -0.4417 	 -0.1911 	 -0.0964 	 0.0724
1.2325 	 0.6810 	 0.1755 	 -0.3539 	 0.4935 	 0.0494 	 -0.4409 	 -0.1880 	 -0.0942 	 0.0710
1.2425 	 0.6859 	 0.1760 	 -0.3583 	 0.4916 	 0.0485 	 -0.4402 	 -0.1851 	 -0.0920 	 0.0697
1.2525 	 0.6908 	 0.1765 	 -0.3627 	 0.4898 	 0.0476 	 -0.4395 	 -0.1822 	 -0.0899 	 0.0684
1.2625 	 0.6957 	 0.1770 	 -0.3671 	 0.4880 	 0.0467 	 -0.4389 	 -0.1795 	 -0.0878 	 0.0672
1.2725 	 0.7006 	 0.1775 	 -0.3715 	 0.4862 	 0.0458 	 -0.4382 	 -0.1769 	 -0.0858 	 0.0661
1.2826 	 0.7055 	 0.1779 	 -0.3759 	 0.4844 	 0.0450 	 -0.4375 	 -0.1744 	 -0.0839 	 0.0649
1.2926 	 0.7103 	 0.1784 	 -0.3803 	 0.4827 	 0.0442 	 -0.4369 	 -0.1719 	 -0.0820 	 0.0639
1.3026 	 0.7151 	 0.1788 	 -0.3847 	 0.4810 	 0.0433 	 -0.4363 	 -0.1696 	 -0.0801 	 0.0628
1.3126 	 0.7199 	 0.1792 	 -0.3891 	 0.4793 	 0.0426 	 -0.4356 	 -0.1673 	 -0.0784 	 0.0618
1.3226 	 0.7247 	 0.1796 	 -0.3934 	 0.4776 	 0.0418 	 -0.4350 	 -0.1651 	 -0.0766 	 0.0609
1.3327 	 0.7295 	 0.1801 	 -0.3978 	 0.4760 	 0.0410 	 -0.4344 	 -0.1630 	 -0.0750 	 0.0600
1.3427 	 0.7343 	 0.1805 	 -0.4021 	 0.4744 	 0.0403 	 -0.4338 	 -0.1609 	 -0.0733 	 0.0591
1.3527 	 0.7390 	 0.1809 	 -0.4065 	 0.4728 	 0.0395 	 -0.4332 	 -0.1590 	 -0.0718 	 0.0583
1.3627 	 0.7437 	 0.1813 	 -0.4108 	 0.4712 	 0.0388 	 -0.4327 	 -0.1571 	 -0.0702 	 0.0575
1.3727 	 0.7485 	 0.1816 	 -0.4151 	 0.4696 	 0.0381 	 -0.4321 	 -0.1553 	 -0.0687 	 0.0567
1.3828 	 0.7532 	 0.1820 	 -0.4195 	 0.4681 	 0.0375 	 -0.4315 	 -0.1535 	 -0.0673 	 0.0560
1.3928 	 0.7578 	 0.1824 	 -0.4238 	 0.4665 	 0.0368 	 -0.4310 	 -0.1518 	 -0.0659 	 0.0553
1.4028 	 0.7625 	 0.1828 	 -0.4281 	 0.4650 	 0.0361 	 -0.4304 	 -0.1502 	 -0.0645 	 0.0547
1.4128 	 0.7672 	 0.1831 	 -0.4324 	 0.4635 	 0.0355 	 -0.4299 	 -0.1486 	 -0.0632 	 0.0540
1.4228 	 0.7718 	 0.1835 	 -0.4367 	 0.4620 	 0.0349 	 -0.4293 	 -0.1471 	 -0.0619 	 0.0534
1.4329 	 0.7764 	 0.1838 	 -0.4410 	 0.4606 	 0.0343 	 -0.4288 	 -0.1456 	 -0.0606 	 0.0528
1.4429 	 0.7810 	 0.1842 	 -0.4453 	 0.4591 	 0.0337 	 -0.4283 	 -0.1442 	 -0.0594 	 0.0523
1.4529 	 0.7856 	 0.1845 	 -0.4496 	 0.4577 	 0.0331 	 -0.4277 	 -0.1429 	 -0.0583 	 0.0518
1.4629 	 0.7902 	 0.1848 	 -0.4539 	 0.4563 	 0.0325 	 -0.4272 	 -0.1416 	 -0.0571 	 0.0513
1.4729 	 0.7948 	 0.1851 	 -0.4582 	 0.4548 	 0.0319 	 -0.4267 	 -0.1404 	 -0.0560 	 0.0508
1.4830 	 0.7993 	 0.1855 	 -0.4624 	 0.4534 	 0.0314 	 -0.4262 	 -0.1392 	 -0.0549 	 0.0503
1.4930 	 0.8038 	 0.1858 	 -0.4667 	 0.4521 	 0.0308 	 -0.4257 	 -0.1381 	 -0.0539 	 0.0499
1.5030 	 0.8084 	 0.1861 	 -0.4710 	 0.4507 	 0.0303 	 -0.4252 	 -0.1370 	 -0.0529 	 0.0495
1.5130 	 0.8129 	 0.1864 	 -0.4752 	 0.4493 	 0.0298 	 -0.4247 	 -0.1360 	 -0.0519 	 0.0491
1.5230 	 0.8174 	 0.1867 	 -0.4795 	 0.4480 	 0.0292 	 -0.4242 	 -0.1350 	 -0.0510 	 0.0487
1.5331 	 0.8219 	 0.1870 	 -0.4837 	 0.4466 	 0.0287 	 -0.4237 	 -0.1340 	 -0.0501 	 0.0483
1.5431 	 0.8263 	 0.1873 	 -0.4880 	 0.4453 	 0.0282 	 -0.4233 	 -0.1331 	 -0.0492 	 0.0480
1.5531 	 0.8308 	 0.1875 	 -0.4922 	 0.4439 	 0.0278 	 -0.4228 	 -0.1322 	 -0.0484 	 0.0477
1.5631 	 0.8352 	 0.1878 	 -0.4964 	 0.4426 	 0.0273 	 -0.4223 	 -0.1314 	 -0.0476 	 0.0473
1.5731 	 0.8396 	 0.1881 	 -0.5007 	 0.4413 	 0.0268 	 -0.4218 	 -0.1306 	 -0.0468 	 0.0470
1.5832 	 0.8441 	 0.1883 	 -0.5049 	 0.4400 	 0.0263 	 -0.4214 	 -0.1299 	 -0.0460 	 0.0467
1.5932 	 0.8485 	 0.1886 	 -0.5091 	 0.4387 	 0.0259 	 -0.4209 	 -0.1292 	 -0.0453 	 0.0465
1.6032 	 0.8529 	 0.1889 	 -0.5133 	 0.4374 	 0.0254 	 -0.4204 	 -0.1285 	 -0.0446 	 0.0462
1.6132 	 0.8572 	 0.1891 	 -0.5175 	 0.4361 	 0.0250 	 -0.4200 	 -0.1278 	 -0.0439 	 0.0459
1.6232 	 0.8616 	 0.1894 	 -0.5217 	 0.4348 	 0.0245 	 -0.4195 	 -0.1272 	 -0.0432 	 0.0457
1.6333 	 0.8659 	 0.1896 	 -0.5259 	 0.4336 	 0.0241 	 -0.4191 	 -0.1266 	 -0.0426 	 0.0455
1.6433 	 0.8703 	 0.1899 	 -0.5301 	 0.4323 	 0.0237 	 -0.4186 	 -0.1261 	 -0.0420 	 0.0453
1.6533 	 0.8746 	 0.1901 	 -0.5343 	 0.4310 	 0.0233 	 -0.4181 	 -0.1256 	 -0.0414 	 0.0450
1.6633 	 0.8789 	 0.1903 	 -0.5385 	 0.4298 	 0.0229 	 -0.4177 	 -0.1251 	 -0.0408 	 0.0448
1.6733 	 0.8832 	 0.1905 	 -0.5427 	 0.4285 	 0.0225 	 -0.4172 	 -0.1246 	 -0.0402 	 0.0447
1.6834 	 0.8875 	 0.1908 	 -0.5469 	 0.4273 	 0.0221 	 -0.4168 	 -0.1241 	 -0.0397 	 0.0445
1.6934 	 0.8918 	 0.1910 	 -0.5511 	 0.4261 	 0.0217 	 -0.4164 	 -0.1237 	 -0.0392 	 0.0443
1.7034 	 0.8961 	 0.1912 	 -0.5552 	 0.4248 	 0.0213 	 -0.4159 	 -0.1233 	 -0.0387 	 0.0442
1.7134 	 0.9003 	 0.1914 	 -0.5594 	 0.4236 	 0.0209 	 -0.4155 	 -0.1229 	 -0.0382 	 0.0441
1.7234 	 0.9045 	 0.1916 	 -0.5636 	 0.4224 	 0.0205 	 -0.4150 	 -0.1225 	 -0.0378 	 0.0439
1.7335 	 0.9088 	 0.1918 	 -0.5677 	 0.4211 	 0.0201 	 -0.4146 	 -0.1221 	 -0.0373 	 0.0438
1.7435 	 0.9130 	 0.1920 	 -0.5719 	 0.4199 	 0.0198 	 -0.4142 	 -0.1217 	 -0.0369 	 0.0436
1.7535 	 0.9172 	 0.1922 	 -0.5760 	 0.4187 	 0.0194 	 -0.4137 	 -0.1213 	 -0.0365 	 0.0435
1.7635 	 0.9214 	 0.1924 	 -0.5802 	 0.4175 	 0.0190 	 -0.4133 	 -0.1210 	 -0.0361 	 0.0434
1.7735 	 0.9255 	 0.1926 	 -0.5843 	 0.4163 	 0.0187 	 -0.4128 	 -0.1206 	 -0.0357 	 0.0433
1.7836 	 0.9297 	 0.1928 	 -0.5884 	 0.4151 	 0.0183 	 -0.4124 	 -0.1202 	 -0.0353 	 0.0432
1.7936 	 0.9339 	 0.1930 	 -0.5926 	 0.4139 	 0.0180 	 -0.4120 	 -0.1198 	 -0.0349 	 0.0431
1.8036 	 0.9380 	 0.1931 	 -0.5967 	 0.4127 	 0.0176 	 -0.4115 	 -0.1194 	 -0.0346 	 0.0430
1.8136 	 0.9421 	 0.1933 	 -0.6008 	 0.4115 	 0.0173 	 -0.4111 	 -0.1191 	 -0.0342 	 0.0429
1.8236 	 0.9463 	 0.1935 	 -0.6049 	 0.4103 	 0.0169 	 -0.4107 	 -0.1187 	 -0.0339 	 0.0429
1.8337 	 0.9504 	 0.1937 	 -0.6090 	 0.4091 	 0.0166 	 -0.4103 	 -0.1183 	 -0.0335 	 0.0428
1.8437 	 0.9544 	 0.1938 	 -0.6131 	 0.4079 	 0.0163 	 -0.4098 	 -0.1179 	 -0.0332 	 0.0428
1.8537 	 0.9585 	 0.1940 	 -0.6172 	 0.4067 	 0.0159 	 -0.4094 	 -0.1175 	 -0.0329 	 0.0428
1.8637 	 0.9626 	 0.1941 	 -0.6213 	 0.4055 	 0.0156 	 -0.4090 	 -0.1172 	 -0.0326 	 0.0428
1.8737 	 0.9667 	 0.1943 	 -0.6254 	 0.4044 	 0.0153 	 -0.4085 	 -0.1168 	 -0.0323 	 0.0429
1.8838 	 0.9707 	 0.1945 	 -0.6295 	 0.4032 	 0.0150 	 -0.4081 	 -0.1164 	 -0.0321 	 0.0429
1.8938 	 0.9747 	 0.1946 	 -0.6336 	 0.4020 	 0.0146 	 -0.4077 	 -0.1160 	 -0.0318 	 0.0430
1.9038 	 0.9788 	 0.1947 	 -0.6377 	 0.4009 	 0.0143 	 -0.4073 	 -0.1156 	 -0.0315 	 0.0430
1.9138 	 0.9828 	 0.1949 	 -0.6418 	 0.3997 	 0.0140 	 -0.4068 	 -0.1152 	 -0.0312 	 0.0431
1.9238 	 0.9868 	 0.1950 	 -0.6459 	 0.3986 	 0.0137 	 -0.4064 	 -0.1148 	 -0.0310 	 0.0432
1.9339 	 0.9908 	 0.1952 	 -0.6499 	 0.3974 	 0.0134 	 -0.4060 	 -0.1144 	 -0.0307 	 0.0433
1.9439 	 0.9947 	 0.1953 	 -0.6540 	 0.3963 	 0.0131 	 -0.4055 	 -0.1140 	 -0.0305 	 0.0435
1.9539 	 0.9987 	 0.1954 	 -0.6581 	 0.3951 	 0.0128 	 -0.4051 	 -0.1136 	 -0.0303 	 0.0436
1.9639 	 1.0027 	 0.1955 	 -0.6621 	 0.3940 	 0.0125 	 -0.4046 	 -0.1132 	 -0.0300 	 0.0438
1.9739 	 1.0066 	 0.1957 	 -0.6662 	 0.3929 	 0.0122 	 -0.4042 	 -0.1127 	 -0.0298 	 0.0439
1.9840 	 1.0105 	 0.1958 	 -0.6702 	 0.3918 	 0.0119 	 -0.4038 	 -0.1067 	 -0.0289 	 0.0458
1.9940 	 1.0144 	 0.1959 	 -0.6743 	 0.3907 	 0.0116 	 -0.4033 	 -0.1063 	 -0.0286 	 0.0459
2.0040 	 1.0184 	 0.1960 	 -0.6783 	 0.3896 	 0.0113 	 -0.4028 	 -0.1058 	 -0.0284 	 0.0461
2.0140 	 1.0223 	 0.1961 	 -0.6823 	 0.3886 	 0.0110 	 -0.4024 	 -0.1053 	 -0.0282 	 0.0462
2.0240 	 1.0261 	 0.1962 	 -0.6864 	 0.3875 	 0.0107 	 -0.4019 	 -0.1048 	 -0.0280 	 0.0464
2.0341 	 1.0300 	 0.1964 	 -0.6904 	 0.3865 	 0.0105 	 -0.4014 	 -0.1043 	 -0.0278 	 0.0466
2.0441 	 1.0339 	 0.1965 	 -0.6944 	 0.3854 	 0.0102 	 -0.4010 	 -0.1038 	 -0.0276 	 0.0467
2.0541 	 1.0377 	 0.1966 	 -0.6984 	 0.3844 	 0.0099 	 -0.4005 	 -0.1033 	 -0.0273 	 0.0469
2.0641 	 1.0416 	 0.1967 	 -0.7024 	 0.3833 	 0.0096 	 -0.4000 	 -0.1027 	 -0.0271 	 0.0470
2.0741 	 1.0454 	 0.1967 	 -0.7064 	 0.3823 	 0.0094 	 -0.3996 	 -0.1022 	 -0.0269 	 0.0472
2.0842 	 1.0493 	 0.1968 	 -0.7104 	 0.3813 	 0.0091 	 -0.3991 	 -0.1016 	 -0.0267 	 0.0474
2.0942 	 1.0531 	 0.1969 	 -0.7144 	 0.3803 	 0.0088 	 -0.3986 	 -0.1011 	 -0.0265 	 0.0475
2.1042 	 1.0569 	 0.1970 	 -0.7184 	 0.3793 	 0.0086 	 -0.3981 	 -0.1005 	 -0.0263 	 0.0477
2.1142 	 1.0607 	 0.1971 	 -0.7224 	 0.3783 	 0.0083 	 -0.3977 	 -0.0999 	 -0.0261 	 0.0478
2.1242 	 1.0645 	 0.1972 	 -0.7264 	 0.3773 	 0.0080 	 -0.3972 	 -0.0993 	 -0.0259 	 0.0480
2.1343 	 1.0682 	 0.1973 	 -0.7304 	 0.3763 	 0.0078 	 -0.3967 	 -0.0987 	 -0.0257 	 0.0481
2.1443 	 1.0720 	 0.1973 	 -0.7343 	 0.3753 	 0.0075 	 -0.3962 	 -0.0981 	 -0.0255 	 0.0482
2.1543 	 1.0758 	 0.1974 	 -0.7383 	 0.3743 	 0.0073 	 -0.3957 	 -0.0975 	 -0.0253 	 0.0484
2.1643 	 1.0795 	 0.1975 	 -0.7423 	 0.3733 	 0.0070 	 -0.3953 	 -0.0968 	 -0.0251 	 0.0485
2.1743 	 1.0832 	 0.1976 	 -0.7462 	 0.3724 	 0.0068 	 -0.3948 	 -0.0962 	 -0.0249 	 0.0486
2.1844 	 1.0870 	 0.1976 	 -0.7502 	 0.3714 	 0.0065 	 -0.3943 	 -0.0956 	 -0.0247 	 0.0487
2.1944 	 1.0907 	 0.1977 	 -0.7541 	 0.3705 	 0.0063 	 -0.3938 	 -0.0950 	 -0.0245 	 0.0488
2.2044 	 1.0944 	 0.1977 	 -0.7581 	 0.3695 	 0.0060 	 -0.3933 	 -0.0943 	 -0.0244 	 0.0489
2.2144 	 1.0981 	 0.1978 	 -0.7620 	 0.3686 	 0.0058 	 -0.3928 	 -0.0937 	 -0.0242 	 0.0489
2.2244 	 1.1018 	 0.1979 	 -0.7659 	 0.3676 	 0.0055 	 -0.3923 	 -0.0930 	 -0.0240 	 0.0490
2.2345 	 1.1054 	 0.1979 	 -0.7699 	 0.3667 	 0.0053 	 -0.3918 	 -0.0924 	 -0.0238 	 0.0491
2.2445 	 1.1091 	 0.1980 	 -0.7738 	 0.3658 	 0.0051 	 -0.3913 	 -0.0918 	 -0.0236 	 0.0491
2.2545 	 1.1128 	 0.1980 	 -0.7777 	 0.3649 	 0.0048 	 -0.3908 	 -0.0911 	 -0.0234 	 0.0491
2.2645 	 1.1164 	 0.1981 	 -0.7816 	 0.3640 	 0.0046 	 -0.3904 	 -0.0905 	 -0.0232 	 0.0492
2.2745 	 1.1201 	 0.1981 	 -0.7855 	 0.3631 	 0.0044 	 -0.3899 	 -0.0898 	 -0.0230 	 0.0492
2.2846 	 1.1237 	 0.1982 	 -0.7894 	 0.3622 	 0.0041 	 -0.3894 	 -0.0892 	 -0.0228 	 0.0492
2.2946 	 1.1273 	 0.1982 	 -0.7933 	 0.3613 	 0.0039 	 -0.3889 	 -0.0886 	 -0.0226 	 0.0492
2.3046 	 1.1309 	 0.1982 	 -0.7972 	 0.3604 	 0.0037 	 -0.3884 	 -0.0879 	 -0.0224 	 0.0492
2.3146 	 1.1346 	 0.1983 	 -0.8011 	 0.3595 	 0.0035 	 -0.3879 	 -0.0873 	 -0.0222 	 0.0492
2.3246 	 1.1382 	 0.1983 	 -0.8050 	 0.3586 	 0.0032 	 -0.3874 	 -0.0867 	 -0.0221 	 0.0491
2.3347 	 1.1417 	 0.1983 	 -0.8089 	 0.3578 	 0.0030 	 -0.3869 	 -0.0860 	 -0.0219 	 0.0491
2.3447 	 1.1453 	 0.1984 	 -0.8128 	 0.3569 	 0.0028 	 -0.3864 	 -0.0854 	 -0.0217 	 0.0491
2.3547 	 1.1489 	 0.1984 	 -0.8166 	 0.3561 	 0.0026 	 -0.3859 	 -0.0848 	 -0.0215 	 0.0490
2.3647 	 1.1525 	 0.1984 	 -0.8205 	 0.3552 	 0.0024 	 -0.3854 	 -0.0842 	 -0.0213 	 0.0490
2.3747 	 1.1560 	 0.1984 	 -0.8244 	 0.3544 	 0.0021 	 -0.3849 	 -0.0836 	 -0.0211 	 0.0489
2.3848 	 1.1596 	 0.1985 	 -0.8282 	 0.3535 	 0.0019 	 -0.3844 	 -0.0830 	 -0.0210 	 0.0489
2.3948 	 1.1631 	 0.1985 	 -0.8321 	 0.3527 	 0.0017 	 -0.3840 	 -0.0824 	 -0.0208 	 0.0488
2.4048 	 1.1666 	 0.1985 	 -0.8359 	 0.3519 	 0.0015 	 -0.3835 	 -0.0818 	 -0.0206 	 0.0487
2.4148 	 1.1701 	 0.1985 	 -0.8397 	 0.3511 	 0.0013 	 -0.3830 	 -0.0812 	 -0.0204 	 0.0486
2.4248 	 1.1737 	 0.1985 	 -0.8436 	 0.3503 	 0.0011 	 -0.3825 	 -0.0806 	 -0.0202 	 0.0485
2.4349 	 1.1772 	 0.1985 	 -0.8474 	 0.3495 	 0.0009 	 -0.3820 	 -0.0800 	 -0.0201 	 0.0484
2.4449 	 1.1807 	 0.1985 	 -0.8512 	 0.3487 	 0.0007 	 -0.3815 	 -0.0794 	 -0.0199 	 0.0483
2.4549 	 1.1842 	 0.1985 	 -0.8551 	 0.3479 	 0.0005 	 -0.3810 	 -0.0789 	 -0.0197 	 0.0482
2.4649 	 1.1876 	 0.1985 	 -0.8589 	 0.3471 	 0.0003 	 -0.3806 	 -0.0783 	 -0.0195 	 0.0481
2.4749 	 1.1911 	 0.1985 	 -0.8627 	 0.3463 	 0.0001 	 -0.3801 	 -0.0778 	 -0.0194 	 0.0480
2.4850 	 1.1946 	 0.1985 	 -0.8665 	 0.3455 	 -0.0001 	 -0.3796 	 -0.0772 	 -0.0192 	 0.0479
2.4950 	 1.1980 	 0.1985 	 -0.8703 	 0.3447 	 -0.0003 	 -0.3791 	 -0.0767 	 -0.0190 	 0.0478
2.5050 	 1.2015 	 0.1985 	 -0.8741 	 0.3440 	 -0.0005 	 -0.3786 	 -0.0761 	 -0.0189 	 0.0476
2.5150 	 1.2049 	 0.1985 	 -0.8779 	 0.3432 	 -0.0006 	 -0.3782 	 -0.0756 	 -0.0187 	 0.0475
2.5251 	 1.2084 	 0.1985 	 -0.8817 	 0.3425 	 -0.0008 	 -0.3777 	 -0.0750 	 -0.0185 	 0.0474
2.5351 	 1.2118 	 0.1985 	 -0.8854 	 0.3417 	 -0.0010 	 -0.3772 	 -0.0745 	 -0.0184 	 0.0472
2.5451 	 1.2152 	 0.1985 	 -0.8892 	 0.3410 	 -0.0012 	 -0.3767 	 -0.0740 	 -0.0182 	 0.0471
2.5551 	 1.2186 	 0.1985 	 -0.8930 	 0.3402 	 -0.0014 	 -0.3763 	 -0.0735 	 -0.0180 	 0.0469
2.5651 	 1.2220 	 0.1985 	 -0.8968 	 0.3395 	 -0.0016 	 -0.3758 	 -0.0730 	 -0.0179 	 0.0468
2.5752 	 1.2254 	 0.1985 	 -0.9005 	 0.3388 	 -0.0017 	 -0.3753 	 -0.0725 	 -0.0177 	 0.0466
2.5852 	 1.2288 	 0.1984 	 -0.9043 	 0.3380 	 -0.0019 	 -0.3749 	 -0.0720 	 -0.0176 	 0.0465
2.5952 	 1.2322 	 0.1984 	 -0.9080 	 0.3373 	 -0.0021 	 -0.3744 	 -0.0715 	 -0.0174 	 0.0463
2.6052 	 1.2356 	 0.1984 	 -0.9118 	 0.3366 	 -0.0023 	 -0.3739 	 -0.0710 	 -0.0172 	 0.0462
2.6152 	 1.2389 	 0.1984 	 -0.9155 	 0.3359 	 -0.0024 	 -0.3735 	 -0.0705 	 -0.0171 	 0.0460
2.6253 	 1.2423 	 0.1984 	 -0.9193 	 0.3352 	 -0.0026 	 -0.3730 	 -0.0701 	 -0.0169 	 0.0459
2.6353 	 1.2457 	 0.1983 	 -0.9230 	 0.3345 	 -0.0028 	 -0.3726 	 -0.0696 	 -0.0168 	 0.0457
2.6453 	 1.2490 	 0.1983 	 -0.9267 	 0.3338 	 -0.0029 	 -0.3721 	 -0.0691 	 -0.0166 	 0.0456
2.6553 	 1.2524 	 0.1983 	 -0.9305 	 0.3331 	 -0.0031 	 -0.3716 	 -0.0687 	 -0.0165 	 0.0454
2.6653 	 1.2557 	 0.1982 	 -0.9342 	 0.3324 	 -0.0033 	 -0.3712 	 -0.0682 	 -0.0163 	 0.0452
2.6754 	 1.2590 	 0.1982 	 -0.9379 	 0.3317 	 -0.0034 	 -0.3707 	 -0.0678 	 -0.0162 	 0.0451
2.6854 	 1.2623 	 0.1982 	 -0.9416 	 0.3311 	 -0.0036 	 -0.3703 	 -0.0673 	 -0.0160 	 0.0449
2.6954 	 1.2657 	 0.1981 	 -0.9453 	 0.3304 	 -0.0038 	 -0.3698 	 -0.0669 	 -0.0159 	 0.0448
2.7054 	 1.2690 	 0.1981 	 -0.9490 	 0.3297 	 -0.0039 	 -0.3694 	 -0.0665 	 -0.0158 	 0.0446
2.7154 	 1.2723 	 0.1981 	 -0.9527 	 0.3291 	 -0.0041 	 -0.3689 	 -0.0661 	 -0.0156 	 0.0444
2.7255 	 1.2756 	 0.1980 	 -0.9564 	 0.3284 	 -0.0042 	 -0.3685 	 -0.0656 	 -0.0155 	 0.0443
2.7355 	 1.2788 	 0.1980 	 -0.9601 	 0.3277 	 -0.0044 	 -0.3681 	 -0.0652 	 -0.0153 	 0.0441
2.7455 	 1.2821 	 0.1979 	 -0.9638 	 0.3271 	 -0.0045 	 -0.3676 	 -0.0648 	 -0.0152 	 0.0439
2.7555 	 1.2854 	 0.1979 	 -0.9675 	 0.3265 	 -0.0047 	 -0.3672 	 -0.0644 	 -0.0150 	 0.0438
2.7655 	 1.2887 	 0.1978 	 -0.9712 	 0.3258 	 -0.0048 	 -0.3667 	 -0.0640 	 -0.0149 	 0.0436
2.7756 	 1.2919 	 0.1978 	 -0.9748 	 0.3252 	 -0.0050 	 -0.3663 	 -0.0636 	 -0.0148 	 0.0434
2.7856 	 1.2952 	 0.1977 	 -0.9785 	 0.3245 	 -0.0051 	 -0.3659 	 -0.0632 	 -0.0146 	 0.0433
2.7956 	 1.2984 	 0.1977 	 -0.9822 	 0.3239 	 -0.0053 	 -0.3654 	 -0.0628 	 -0.0145 	 0.0431
2.8056 	 1.3017 	 0.1976 	 -0.9858 	 0.3233 	 -0.0054 	 -0.3650 	 -0.0624 	 -0.0144 	 0.0430
2.8156 	 1.3049 	 0.1976 	 -0.9895 	 0.3227 	 -0.0056 	 -0.3646 	 -0.0620 	 -0.0142 	 0.0428
2.8257 	 1.3081 	 0.1975 	 -0.9931 	 0.3220 	 -0.0057 	 -0.3641 	 -0.0616 	 -0.0141 	 0.0426
2.8357 	 1.3114 	 0.1975 	 -0.9968 	 0.3214 	 -0.0059 	 -0.3637 	 -0.0613 	 -0.0140 	 0.0425
2.8457 	 1.3146 	 0.1974 	 -1.0004 	 0.3208 	 -0.0060 	 -0.3633 	 -0.0609 	 -0.0138 	 0.0423
2.8557 	 1.3178 	 0.1973 	 -1.0041 	 0.3202 	 -0.0061 	 -0.3629 	 -0.0605 	 -0.0137 	 0.0421
2.8657 	 1.3210 	 0.1973 	 -1.0077 	 0.3196 	 -0.0063 	 -0.3624 	 -0.0601 	 -0.0136 	 0.0420
2.8758 	 1.3242 	 0.1972 	 -1.0113 	 0.3190 	 -0.0064 	 -0.3620 	 -0.0598 	 -0.0135 	 0.0418
2.8858 	 1.3274 	 0.1971 	 -1.0149 	 0.3184 	 -0.0065 	 -0.3616 	 -0.0594 	 -0.0133 	 0.0416
2.8958 	 1.3306 	 0.1971 	 -1.0186 	 0.3178 	 -0.0067 	 -0.3612 	 -0.0591 	 -0.0132 	 0.0415
2.9058 	 1.3338 	 0.1970 	 -1.0222 	 0.3172 	 -0.0068 	 -0.3608 	 -0.0587 	 -0.0131 	 0.0413
2.9158 	 1.3369 	 0.1969 	 -1.0258 	 0.3166 	 -0.0069 	 -0.3604 	 -0.0583 	 -0.0130 	 0.0411
2.9259 	 1.3401 	 0.1969 	 -1.0294 	 0.3160 	 -0.0071 	 -0.3600 	 -0.0580 	 -0.0128 	 0.0410
2.9359 	 1.3433 	 0.1968 	 -1.0330 	 0.3155 	 -0.0072 	 -0.3595 	 -0.0576 	 -0.0127 	 0.0408
2.9459 	 1.3464 	 0.1967 	 -1.0366 	 0.3149 	 -0.0073 	 -0.3591 	 -0.0573 	 -0.0126 	 0.0406
2.9559 	 1.3496 	 0.1967 	 -1.0402 	 0.3143 	 -0.0074 	 -0.3587 	 -0.0570 	 -0.0125 	 0.0405
2.9659 	 1.3527 	 0.1966 	 -1.0438 	 0.3137 	 -0.0076 	 -0.3583 	 -0.0566 	 -0.0124 	 0.0403
2.9760 	 1.3559 	 0.1965 	 -1.0474 	 0.3132 	 -0.0077 	 -0.3579 	 -0.0563 	 -0.0122 	 0.0401
2.9860 	 1.3590 	 0.1964 	 -1.0510 	 0.3126 	 -0.0078 	 -0.3575 	 -0.0559 	 -0.0121 	 0.0400
2.9960 	 1.3621 	 0.1963 	 -1.0546 	 0.3121 	 -0.0079 	 -0.3571 	 -0.0556 	 -0.0120 	 0.0398
3.0060 	 1.3653 	 0.1963 	 -1.0581 	 0.3115 	 -0.0081 	 -0.3567 	 -0.0553 	 -0.0119 	 0.0397
3.0160 	 1.3684 	 0.1962 	 -1.0617 	 0.3109 	 -0.0082 	 -0.3563 	 -0.0550 	 -0.0118 	 0.0395
3.0261 	 1.3715 	 0.1961 	 -1.0653 	 0.3104 	 -0.0083 	 -0.3559 	 -0.0546 	 -0.0117 	 0.0393
3.0361 	 1.3746 	 0.1960 	 -1.0688 	 0.3099 	 -0.0084 	 -0.3555 	 -0.0543 	 -0.0115 	 0.0392
3.0461 	 1.3777 	 0.1959 	 -1.0724 	 0.3093 	 -0.0085 	 -0.3551 	 -0.0540 	 -0.0114 	 0.0390
3.0561 	 1.3808 	 0.1958 	 -1.0760 	 0.3088 	 -0.0086 	 -0.3548 	 -0.0537 	 -0.0113 	 0.0388
3.0661 	 1.3839 	 0.1958 	 -1.0795 	 0.3082 	 -0.0087 	 -0.3544 	 -0.0534 	 -0.0112 	 0.0387
3.0762 	 1.3870 	 0.1957 	 -1.0831 	 0.3077 	 -0.0089 	 -0.3540 	 -0.0531 	 -0.0111 	 0.0385
3.0862 	 1.3900 	 0.1956 	 -1.0866 	 0.3072 	 -0.0090 	 -0.3536 	 -0.0528 	 -0.0110 	 0.0384
3.0962 	 1.3931 	 0.1955 	 -1.0901 	 0.3066 	 -0.0091 	 -0.3532 	 -0.0525 	 -0.0109 	 0.0382
3.1062 	 1.3962 	 0.1954 	 -1.0937 	 0.3061 	 -0.0092 	 -0.3528 	 -0.0522 	 -0.0108 	 0.0380
3.1162 	 1.3993 	 0.1953 	 -1.0972 	 0.3056 	 -0.0093 	 -0.3525 	 -0.0519 	 -0.0107 	 0.0379
3.1263 	 1.4023 	 0.1952 	 -1.1007 	 0.3051 	 -0.0094 	 -0.3521 	 -0.0516 	 -0.0106 	 0.0377
3.1363 	 1.4054 	 0.1951 	 -1.1043 	 0.3046 	 -0.0095 	 -0.3517 	 -0.0513 	 -0.0105 	 0.0376
3.1463 	 1.4084 	 0.1950 	 -1.1078 	 0.3041 	 -0.0096 	 -0.3513 	 -0.0510 	 -0.0104 	 0.0374
3.1563 	 1.4115 	 0.1949 	 -1.1113 	 0.3035 	 -0.0097 	 -0.3509 	 -0.0507 	 -0.0103 	 0.0372
3.1663 	 1.4145 	 0.1948 	 -1.1148 	 0.3030 	 -0.0098 	 -0.3506 	 -0.0504 	 -0.0102 	 0.0371
3.1764 	 1.4175 	 0.1947 	 -1.1183 	 0.3025 	 -0.0099 	 -0.3502 	 -0.0502 	 -0.0101 	 0.0369
3.1864 	 1.4206 	 0.1946 	 -1.1218 	 0.3020 	 -0.0100 	 -0.3498 	 -0.0499 	 -0.0100 	 0.0368
3.1964 	 1.4236 	 0.1945 	 -1.1253 	 0.3015 	 -0.0101 	 -0.3495 	 -0.0496 	 -0.0099 	 0.0366
3.2064 	 1.4266 	 0.1944 	 -1.1288 	 0.3010 	 -0.0102 	 -0.3491 	 -0.0493 	 -0.0098 	 0.0365
3.2164 	 1.4296 	 0.1943 	 -1.1323 	 0.3005 	 -0.0103 	 -0.3487 	 -0.0491 	 -0.0097 	 0.0363
3.2265 	 1.4326 	 0.1942 	 -1.1358 	 0.3001 	 -0.0104 	 -0.3484 	 -0.0488 	 -0.0096 	 0.0362
3.2365 	 1.4356 	 0.1941 	 -1.1393 	 0.2996 	 -0.0105 	 -0.3480 	 -0.0485 	 -0.0095 	 0.0360
3.2465 	 1.4386 	 0.1940 	 -1.1428 	 0.2991 	 -0.0106 	 -0.3477 	 -0.0483 	 -0.0094 	 0.0359
3.2565 	 1.4416 	 0.1939 	 -1.1463 	 0.2986 	 -0.0107 	 -0.3473 	 -0.0480 	 -0.0093 	 0.0357
3.2665 	 1.4446 	 0.1938 	 -1.1498 	 0.2981 	 -0.0108 	 -0.3469 	 -0.0478 	 -0.0092 	 0.0355
3.2766 	 1.4476 	 0.1937 	 -1.1532 	 0.2976 	 -0.0109 	 -0.3466 	 -0.0448 	 -0.0087 	 0.0347
3.2866 	 1.4506 	 0.1936 	 -1.1567 	 0.2972 	 -0.0110 	 -0.3462 	 -0.0446 	 -0.0086 	 0.0345
3.2966 	 1.4536 	 0.1935 	 -1.1602 	 0.2968 	 -0.0110 	 -0.3459 	 -0.0443 	 -0.0085 	 0.0344
3.3066 	 1.4565 	 0.1934 	 -1.1636 	 0.2963 	 -0.0111 	 -0.3455 	 -0.0441 	 -0.0084 	 0.0342
3.3166 	 1.4595 	 0.1932 	 -1.1671 	 0.2959 	 -0.0112 	 -0.3452 	 -0.0438 	 -0.0083 	 0.0341
3.3267 	 1.4625 	 0.1931 	 -1.1706 	 0.2954 	 -0.0113 	 -0.3449 	 -0.0436 	 -0.0082 	 0.0339
3.3367 	 1.4654 	 0.1930 	 -1.1740 	 0.2950 	 -0.0114 	 -0.3445 	 -0.0434 	 -0.0081 	 0.0338
3.3467 	 1.4684 	 0.1929 	 -1.1775 	 0.2946 	 -0.0115 	 -0.3442 	 -0.0431 	 -0.0081 	 0.0336
3.3567 	 1.4713 	 0.1928 	 -1.1809 	 0.2941 	 -0.0115 	 -0.3439 	 -0.0429 	 -0.0080 	 0.0335
3.3667 	 1.4743 	 0.1927 	 -1.1844 	 0.2937 	 -0.0116 	 -0.3435 	 -0.0427 	 -0.0079 	 0.0333
3.3768 	 1.4772 	 0.1926 	 -1.1878 	 0.2933 	 -0.0117 	 -0.3432 	 -0.0425 	 -0.0078 	 0.0332
3.3868 	 1.4801 	 0.1924 	 -1.1912 	 0.2929 	 -0.0118 	 -0.3429 	 -0.0422 	 -0.0077 	 0.0331
3.3968 	 1.4831 	 0.1923 	 -1.1947 	 0.2924 	 -0.0119 	 -0.3425 	 -0.0420 	 -0.0077 	 0.0329
3.4068 	 1.4860 	 0.1922 	 -1.1981 	 0.2920 	 -0.0119 	 -0.3422 	 -0.0418 	 -0.0076 	 0.0328
3.4168 	 1.4889 	 0.1921 	 -1.2015 	 0.2916 	 -0.0120 	 -0.3419 	 -0.0416 	 -0.0075 	 0.0326
3.4269 	 1.4918 	 0.1920 	 -1.2049 	 0.2912 	 -0.0121 	 -0.3415 	 -0.0414 	 -0.0074 	 0.0325
3.4369 	 1.4948 	 0.1918 	 -1.2084 	 0.2908 	 -0.0122 	 -0.3412 	 -0.0411 	 -0.0073 	 0.0323
3.4469 	 1.4977 	 0.1917 	 -1.2118 	 0.2904 	 -0.0122 	 -0.3409 	 -0.0409 	 -0.0073 	 0.0322
3.4569 	 1.5006 	 0.1916 	 -1.2152 	 0.2899 	 -0.0123 	 -0.3406 	 -0.0407 	 -0.0072 	 0.0321
3.4669 	 1.5035 	 0.1915 	 -1.2186 	 0.2895 	 -0.0124 	 -0.3402 	 -0.0405 	 -0.0071 	 0.0319
3.4770 	 1.5064 	 0.1913 	 -1.2220 	 0.2891 	 -0.0124 	 -0.3399 	 -0.0403 	 -0.0071 	 0.0318
3.4870 	 1.5093 	 0.1912 	 -1.2254 	 0.2887 	 -0.0125 	 -0.3396 	 -0.0401 	 -0.0070 	 0.0316
3.4970 	 1.5122 	 0.1911 	 -1.2288 	 0.2883 	 -0.0126 	 -0.3393 	 -0.0399 	 -0.0069 	 0.0315
3.5070 	 1.5151 	 0.1910 	 -1.2322 	 0.2879 	 -0.0127 	 -0.3390 	 -0.0397 	 -0.0068 	 0.0314
3.5170 	 1.5179 	 0.1908 	 -1.2356 	 0.2875 	 -0.0127 	 -0.3387 	 -0.0395 	 -0.0068 	 0.0312
3.5271 	 1.5208 	 0.1907 	 -1.2390 	 0.2871 	 -0.0128 	 -0.3384 	 -0.0393 	 -0.0067 	 0.0311
3.5371 	 1.5237 	 0.1906 	 -1.2424 	 0.2867 	 -0.0129 	 -0.3380 	 -0.0391 	 -0.0066 	 0.0310
3.5471 	 1.5266 	 0.1905 	 -1.2458 	 0.2864 	 -0.0129 	 -0.3377 	 -0.0389 	 -0.0066 	 0.0308
3.5571 	 1.5294 	 0.1903 	 -1.2492 	 0.2860 	 -0.0130 	 -0.3374 	 -0.0387 	 -0.0065 	 0.0307
3.5671 	 1.5323 	 0.1902 	 -1.2525 	 0.2856 	 -0.0131 	 -0.3371 	 -0.0385 	 -0.0064 	 0.0306
3.5772 	 1.5352 	 0.1901 	 -1.2559 	 0.2852 	 -0.0131 	 -0.3368 	 -0.0383 	 -0.0064 	 0.0304
3.5872 	 1.5380 	 0.1899 	 -1.2593 	 0.2848 	 -0.0132 	 -0.3365 	 -0.0381 	 -0.0063 	 0.0303
3.5972 	 1.5409 	 0.1898 	 -1.2627 	 0.2844 	 -0.0132 	 -0.3362 	 -0.0379 	 -0.0062 	 0.0302
3.6072 	 1.5437 	 0.1897 	 -1.2660 	 0.2840 	 -0.0133 	 -0.3359 	 -0.0378 	 -0.0062 	 0.0300
3.6172 	 1.5466 	 0.1895 	 -1.2694 	 0.2837 	 -0.0134 	 -0.3356 	 -0.0376 	 -0.0061 	 0.0299
3.6273 	 1.5494 	 0.1894 	 -1.2728 	 0.2833 	 -0.0134 	 -0.3353 	 -0.0374 	 -0.0061 	 0.0298
3.6373 	 1.5522 	 0.1893 	 -1.2761 	 0.2829 	 -0.0135 	 -0.3350 	 -0.0372 	 -0.0060 	 0.0296
3.6473 	 1.5551 	 0.1891 	 -1.2795 	 0.2826 	 -0.0135 	 -0.3347 	 -0.0370 	 -0.0059 	 0.0295
3.6573 	 1.5579 	 0.1890 	 -1.2828 	 0.2822 	 -0.0136 	 -0.3344 	 -0.0369 	 -0.0059 	 0.0294
3.6673 	 1.5607 	 0.1889 	 -1.2862 	 0.2818 	 -0.0137 	 -0.3341 	 -0.0367 	 -0.0058 	 0.0293
3.6774 	 1.5635 	 0.1887 	 -1.2895 	 0.2814 	 -0.0137 	 -0.3338 	 -0.0365 	 -0.0058 	 0.0291
3.6874 	 1.5664 	 0.1886 	 -1.2929 	 0.2811 	 -0.0138 	 -0.3335 	 -0.0363 	 -0.0057 	 0.0290
3.6974 	 1.5692 	 0.1884 	 -1.2962 	 0.2807 	 -0.0138 	 -0.3332 	 -0.0362 	 -0.0056 	 0.0289
3.7074 	 1.5720 	 0.1883 	 -1.2995 	 0.2804 	 -0.0139 	 -0.3330 	 -0.0360 	 -0.0056 	 0.0288
3.7174 	 1.5748 	 0.1882 	 -1.3029 	 0.2800 	 -0.0140 	 -0.3327 	 -0.0358 	 -0.0055 	 0.0286
3.7275 	 1.5776 	 0.1880 	 -1.3062 	 0.2796 	 -0.0140 	 -0.3324 	 -0.0357 	 -0.0055 	 0.0285
3.7375 	 1.5804 	 0.1879 	 -1.3095 	 0.2793 	 -0.0141 	 -0.3321 	 -0.0355 	 -0.0054 	 0.0284
3.7475 	 1.5832 	 0.1877 	 -1.3129 	 0.2789 	 -0.0141 	 -0.3318 	 -0.0353 	 -0.0054 	 0.0283
3.7575 	 1.5860 	 0.1876 	 -1.3162 	 0.2786 	 -0.0142 	 -0.3315 	 -0.0352 	 -0.0053 	 0.0282
3.7675 	 1.5888 	 0.1875 	 -1.3195 	 0.2782 	 -0.0142 	 -0.3313 	 -0.0350 	 -0.0053 	 0.0280
3.7776 	 1.5916 	 0.1873 	 -1.3228 	 0.2779 	 -0.0143 	 -0.3310 	 -0.0348 	 -0.0052 	 0.0279
3.7876 	 1.5943 	 0.1872 	 -1.3261 	 0.2775 	 -0.0143 	 -0.3307 	 -0.0347 	 -0.0052 	 0.0278
3.7976 	 1.5971 	 0.1870 	 -1.3295 	 0.2772 	 -0.0144 	 -0.3304 	 -0.0345 	 -0.0051 	 0.0277
3.8076 	 1.5999 	 0.1869 	 -1.3328 	 0.2768 	 -0.0144 	 -0.3301 	 -0.0344 	 -0.0051 	 0.0276
3.8176 	 1.6027 	 0.1867 	 -1.3361 	 0.2765 	 -0.0145 	 -0.3299 	 -0.0342 	 -0.0050 	 0.0275
3.8277 	 1.6054 	 0.1866 	 -1.3394 	 0.2761 	 -0.0145 	 -0.3296 	 -0.0340 	 -0.0050 	 0.0273
3.8377 	 1.6082 	 0.1864 	 -1.3427 	 0.2758 	 -0.0146 	 -0.3293 	 -0.0339 	 -0.0049 	 0.0272
3.8477 	 1.6110 	 0.1863 	 -1.3460 	 0.2755 	 -0.0146 	 -0.3290 	 -0.0337 	 -0.0049 	 0.0271
3.8577 	 1.6137 	 0.1862 	 -1.3493 	 0.2751 	 -0.0147 	 -0.3288 	 -0.0336 	 -0.0048 	 0.0270
3.8677 	 1.6165 	 0.1860 	 -1.3526 	 0.2748 	 -0.0147 	 -0.3285 	 -0.0334 	 -0.0048 	 0.0269
3.8778 	 1.6192 	 0.1859 	 -1.3559 	 0.2745 	 -0.0148 	 -0.3282 	 -0.0333 	 -0.0047 	 0.0268
3.8878 	 1.6220 	 0.1857 	 -1.3591 	 0.2741 	 -0.0148 	 -0.3280 	 -0.0331 	 -0.0047 	 0.0267
3.8978 	 1.6247 	 0.1856 	 -1.3624 	 0.2738 	 -0.0149 	 -0.3277 	 -0.0330 	 -0.0047 	 0.0266
3.9078 	 1.6275 	 0.1854 	 -1.3657 	 0.2735 	 -0.0149 	 -0.3274 	 -0.0329 	 -0.0046 	 0.0264
3.9178 	 1.6302 	 0.1853 	 -1.3690 	 0.2731 	 -0.0150 	 -0.3272 	 -0.0327 	 -0.0046 	 0.0263
3.9279 	 1.6329 	 0.1851 	 -1.3723 	 0.2728 	 -0.0150 	 -0.3269 	 -0.0326 	 -0.0045 	 0.0262
3.9379 	 1.6357 	 0.1850 	 -1.3755 	 0.2725 	 -0.0151 	 -0.3266 	 -0.0324 	 -0.0045 	 0.0261
3.9479 	 1.6384 	 0.1848 	 -1.3788 	 0.2722 	 -0.0151 	 -0.3264 	 -0.0323 	 -0.0044 	 0.0260
3.9579 	 1.6411 	 0.1847 	 -1.3821 	 0.2718 	 -0.0151 	 -0.3261 	 -0.0321 	 -0.0044 	 0.0259
3.9679 	 1.6439 	 0.1845 	 -1.3853 	 0.2715 	 -0.0152 	 -0.3259 	 -0.0320 	 -0.0044 	 0.0258
3.9780 	 1.6466 	 0.1844 	 -1.3886 	 0.2712 	 -0.0152 	 -0.3256 	 -0.0319 	 -0.0043 	 0.0257
3.9880 	 1.6493 	 0.1842 	 -1.3919 	 0.2709 	 -0.0153 	 -0.3253 	 -0.0317 	 -0.0043 	 0.0256
3.9980 	 1.6520 	 0.1840 	 -1.3951 	 0.2706 	 -0.0153 	 -0.3251 	 -0.0316 	 -0.0042 	 0.0255
4.0080 	 1.6547 	 0.1839 	 -1.3984 	 0.2702 	 -0.0154 	 -0.3248 	 -0.0315 	 -0.0042 	 0.0254
4.0180 	 1.6574 	 0.1837 	 -1.4016 	 0.2699 	 -0.0154 	 -0.3246 	 -0.0313 	 -0.0042 	 0.0253
4.0281 	 1.6601 	 0.1836 	 -1.4049 	 0.2696 	 -0.0154 	 -0.3243 	 -0.0312 	 -0.0041 	 0.0252
4.0381 	 1.6628 	 0.1834 	 -1.4081 	 0.2693 	 -0.0155 	 -0.3241 	 -0.0311 	 -0.0041 	 0.0251
4.0481 	 1.6655 	 0.1833 	 -1.4114 	 0.2690 	 -0.0155 	 -0.3238 	 -0.0309 	 -0.0041 	 0.0250
4.0581 	 1.6682 	 0.1831 	 -1.4146 	 0.2687 	 -0.0156 	 -0.3236 	 -0.0308 	 -0.0040 	 0.0249
4.0681 	 1.6709 	 0.1830 	 -1.4179 	 0.2684 	 -0.0156 	 -0.3233 	 -0.0307 	 -0.0040 	 0.0248
4.0782 	 1.6736 	 0.1828 	 -1.4211 	 0.2681 	 -0.0156 	 -0.3231 	 -0.0305 	 -0.0039 	 0.0247
4.0882 	 1.6763 	 0.1827 	 -1.4243 	 0.2678 	 -0.0157 	 -0.3228 	 -0.0304 	 -0.0039 	 0.0246
4.0982 	 1.6790 	 0.1825 	 -1.4276 	 0.2675 	 -0.0157 	 -0.3226 	 -0.0303 	 -0.0039 	 0.0245
4.1082 	 1.6816 	 0.1823 	 -1.4308 	 0.2672 	 -0.0158 	 -0.3223 	 -0.0302 	 -0.0038 	 0.0244
4.1182 	 1.6843 	 0.1822 	 -1.4340 	 0.2669 	 -0.0158 	 -0.3221 	 -0.0300 	 -0.0038 	 0.0243
4.1283 	 1.6870 	 0.1820 	 -1.4373 	 0.2666 	 -0.0158 	 -0.3219 	 -0.0299 	 -0.0038 	 0.0242
4.1383 	 1.6896 	 0.1819 	 -1.4405 	 0.2663 	 -0.0159 	 -0.3216 	 -0.0298 	 -0.0037 	 0.0241
4.1483 	 1.6923 	 0.1817 	 -1.4437 	 0.2660 	 -0.0159 	 -0.3214 	 -0.0297 	 -0.0037 	 0.0240
4.1583 	 1.6950 	 0.1815 	 -1.4469 	 0.2657 	 -0.0159 	 -0.3211 	 -0.0296 	 -0.0037 	 0.0239
4.1683 	 1.6976 	 0.1814 	 -1.4501 	 0.2654 	 -0.0160 	 -0.3209 	 -0.0294 	 -0.0036 	 0.0238
4.1784 	 1.7003 	 0.1812 	 -1.4534 	 0.2651 	 -0.0160 	 -0.3207 	 -0.0293 	 -0.0036 	 0.0237
4.1884 	 1.7030 	 0.1811 	 -1.4566 	 0.2648 	 -0.0161 	 -0.3204 	 -0.0292 	 -0.0036 	 0.0236
4.1984 	 1.7056 	 0.1809 	 -1.4598 	 0.2645 	 -0.0161 	 -0.3202 	 -0.0291 	 -0.0035 	 0.0235
4.2084 	 1.7083 	 0.1807 	 -1.4630 	 0.2642 	 -0.0161 	 -0.3200 	 -0.0290 	 -0.0035 	 0.0234
4.2184 	 1.7109 	 0.1806 	 -1.4662 	 0.2639 	 -0.0162 	 -0.3197 	 -0.0288 	 -0.0035 	 0.0233
4.2285 	 1.7135 	 0.1804 	 -1.4694 	 0.2636 	 -0.0162 	 -0.3195 	 -0.0287 	 -0.0034 	 0.0232
4.2385 	 1.7162 	 0.1803 	 -1.4726 	 0.2633 	 -0.0162 	 -0.3193 	 -0.0286 	 -0.0034 	 0.0231
4.2485 	 1.7188 	 0.1801 	 -1.4758 	 0.2630 	 -0.0163 	 -0.3190 	 -0.0285 	 -0.0034 	 0.0230
4.2585 	 1.7215 	 0.1799 	 -1.4790 	 0.2628 	 -0.0163 	 -0.3188 	 -0.0284 	 -0.0034 	 0.0229
4.2685 	 1.7241 	 0.1798 	 -1.4822 	 0.2625 	 -0.0163 	 -0.3186 	 -0.0283 	 -0.0033 	 0.0228
4.2786 	 1.7267 	 0.1796 	 -1.4854 	 0.2622 	 -0.0164 	 -0.3183 	 -0.0282 	 -0.0033 	 0.0228
4.2886 	 1.7293 	 0.1794 	 -1.4886 	 0.2619 	 -0.0164 	 -0.3181 	 -0.0281 	 -0.0033 	 0.0227
4.2986 	 1.7320 	 0.1793 	 -1.4917 	 0.2616 	 -0.0164 	 -0.3179 	 -0.0279 	 -0.0032 	 0.0226
4.3086 	 1.7346 	 0.1791 	 -1.4949 	 0.2614 	 -0.0165 	 -0.3177 	 -0.0278 	 -0.0032 	 0.0225
4.3186 	 1.7372 	 0.1789 	 -1.4981 	 0.2611 	 -0.0165 	 -0.3174 	 -0.0277 	 -0.0032 	 0.0224
4.3287 	 1.7398 	 0.1788 	 -1.5013 	 0.2608 	 -0.0165 	 -0.3172 	 -0.0276 	 -0.0031 	 0.0223
4.3387 	 1.7424 	 0.1786 	 -1.5045 	 0.2605 	 -0.0166 	 -0.3170 	 -0.0275 	 -0.0031 	 0.0222
4.3487 	 1.7450 	 0.1784 	 -1.5076 	 0.2602 	 -0.0166 	 -0.3168 	 -0.0274 	 -0.0031 	 0.0221
4.3587 	 1.7476 	 0.1783 	 -1.5108 	 0.2600 	 -0.0166 	 -0.3165 	 -0.0273 	 -0.0031 	 0.0220
4.3687 	 1.7502 	 0.1781 	 -1.5140 	 0.2597 	 -0.0166 	 -0.3163 	 -0.0272 	 -0.0030 	 0.0220
4.3788 	 1.7528 	 0.1779 	 -1.5172 	 0.2594 	 -0.0167 	 -0.3161 	 -0.0271 	 -0.0030 	 0.0219
4.3888 	 1.7554 	 0.1778 	 -1.5203 	 0.2592 	 -0.0167 	 -0.3159 	 -0.0270 	 -0.0030 	 0.0218
4.3988 	 1.7580 	 0.1776 	 -1.5235 	 0.2589 	 -0.0167 	 -0.3157 	 -0.0269 	 -0.0030 	 0.0217
4.4088 	 1.7606 	 0.1774 	 -1.5266 	 0.2586 	 -0.0168 	 -0.3154 	 -0.0268 	 -0.0029 	 0.0216
4.4188 	 1.7632 	 0.1773 	 -1.5298 	 0.2583 	 -0.0168 	 -0.3152 	 -0.0267 	 -0.0029 	 0.0215
4.4289 	 1.7658 	 0.1771 	 -1.5330 	 0.2581 	 -0.0168 	 -0.3150 	 -0.0266 	 -0.0029 	 0.0215
4.4389 	 1.7684 	 0.1769 	 -1.5361 	 0.2578 	 -0.0169 	 -0.3148 	 -0.0265 	 -0.0029 	 0.0214
4.4489 	 1.7710 	 0.1768 	 -1.5393 	 0.2576 	 -0.0169 	 -0.3146 	 -0.0264 	 -0.0028 	 0.0213
4.4589 	 1.7736 	 0.1766 	 -1.5424 	 0.2573 	 -0.0169 	 -0.3144 	 -0.0263 	 -0.0028 	 0.0212
4.4689 	 1.7761 	 0.1764 	 -1.5456 	 0.2570 	 -0.0169 	 -0.3142 	 -0.0262 	 -0.0028 	 0.0211
4.4790 	 1.7787 	 0.1763 	 -1.5487 	 0.2568 	 -0.0170 	 -0.3139 	 -0.0261 	 -0.0028 	 0.0211
4.4890 	 1.7813 	 0.1761 	 -1.5519 	 0.2565 	 -0.0170 	 -0.3137 	 -0.0260 	 -0.0027 	 0.0210
4.4990 	 1.7838 	 0.1759 	 -1.5550 	 0.2562 	 -0.0170 	 -0.3135 	 -0.0259 	 -0.0027 	 0.0209
4.5090 	 1.7864 	 0.1757 	 -1.5581 	 0.2560 	 -0.0170 	 -0.3133 	 -0.0258 	 -0.0027 	 0.0208
4.5190 	 1.7890 	 0.1756 	 -1.5613 	 0.2557 	 -0.0171 	 -0.3131 	 -0.0257 	 -0.0027 	 0.0207
4.5291 	 1.7915 	 0.1754 	 -1.5644 	 0.2555 	 -0.0171 	 -0.3129 	 -0.0256 	 -0.0026 	 0.0207
4.5391 	 1.7941 	 0.1752 	 -1.5676 	 0.2552 	 -0.0171 	 -0.3127 	 -0.0255 	 -0.0026 	 0.0206
4.5491 	 1.7966 	 0.1751 	 -1.5707 	 0.2550 	 -0.0172 	 -0.3125 	 -0.0254 	 -0.0026 	 0.0205
4.5591 	 1.7992 	 0.1749 	 -1.5738 	 0.2547 	 -0.0172 	 -0.3123 	 -0.0253 	 -0.0026 	 0.0204
4.5691 	 1.8018 	 0.1747 	 -1.5769 	 0.2544 	 -0.0172 	 -0.3121 	 -0.0253 	 -0.0026 	 0.0204
4.5792 	 1.8043 	 0.1745 	 -1.5801 	 0.2542 	 -0.0172 	 -0.3119 	 -0.0252 	 -0.0025 	 0.0203
4.5892 	 1.8068 	 0.1744 	 -1.5832 	 0.2539 	 -0.0173 	 -0.3117 	 -0.0251 	 -0.0025 	 0.0202
4.5992 	 1.8094 	 0.1742 	 -1.5863 	 0.2537 	 -0.0173 	 -0.3115 	 -0.0250 	 -0.0025 	 0.0201
4.6092 	 1.8119 	 0.1740 	 -1.5894 	 0.2534 	 -0.0173 	 -0.3113 	 -0.0249 	 -0.0025 	 0.0201
4.6192 	 1.8145 	 0.1739 	 -1.5926 	 0.2532 	 -0.0173 	 -0.3111 	 -0.0248 	 -0.0024 	 0.0200
4.6293 	 1.8170 	 0.1737 	 -1.5957 	 0.2529 	 -0.0174 	 -0.3109 	 -0.0247 	 -0.0024 	 0.0199
4.6393 	 1.8195 	 0.1735 	 -1.5988 	 0.2527 	 -0.0174 	 -0.3107 	 -0.0246 	 -0.0024 	 0.0198
4.6493 	 1.8221 	 0.1733 	 -1.6019 	 0.2525 	 -0.0174 	 -0.3105 	 -0.0245 	 -0.0024 	 0.0198
4.6593 	 1.8246 	 0.1732 	 -1.6050 	 0.2522 	 -0.0174 	 -0.3103 	 -0.0245 	 -0.0024 	 0.0197
4.6693 	 1.8271 	 0.1730 	 -1.6081 	 0.2520 	 -0.0175 	 -0.3101 	 -0.0244 	 -0.0023 	 0.0196
4.6794 	 1.8296 	 0.1728 	 -1.6112 	 0.2517 	 -0.0175 	 -0.3099 	 -0.0243 	 -0.0023 	 0.0195
4.6894 	 1.8322 	 0.1726 	 -1.6143 	 0.2515 	 -0.0175 	 -0.3097 	 -0.0242 	 -0.0023 	 0.0195
4.6994 	 1.8347 	 0.1725 	 -1.6174 	 0.2512 	 -0.0175 	 -0.3095 	 -0.0241 	 -0.0023 	 0.0194
4.7094 	 1.8372 	 0.1723 	 -1.6205 	 0.2510 	 -0.0175 	 -0.3093 	 -0.0240 	 -0.0023 	 0.0193
4.7194 	 1.8397 	 0.1721 	 -1.6236 	 0.2508 	 -0.0176 	 -0.3091 	 -0.0239 	 -0.0022 	 0.0193
4.7295 	 1.8422 	 0.1719 	 -1.6267 	 0.2505 	 -0.0176 	 -0.3089 	 -0.0239 	 -0.0022 	 0.0192
4.7395 	 1.8447 	 0.1718 	 -1.6298 	 0.2503 	 -0.0176 	 -0.3087 	 -0.0238 	 -0.0022 	 0.0191
4.7495 	 1.8472 	 0.1716 	 -1.6329 	 0.2500 	 -0.0176 	 -0.3085 	 -0.0237 	 -0.0022 	 0.0191
4.7595 	 1.8497 	 0.1714 	 -1.6360 	 0.2498 	 -0.0177 	 -0.3083 	 -0.0236 	 -0.0022 	 0.0190
4.7695 	 1.8523 	 0.1712 	 -1.6391 	 0.2496 	 -0.0177 	 -0.3082 	 -0.0235 	 -0.0022 	 0.0189
4.7796 	 1.8547 	 0.1710 	 -1.6422 	 0.2493 	 -0.0177 	 -0.3080 	 -0.0235 	 -0.0021 	 0.0189
4.7896 	 1.8572 	 0.1709 	 -1.6453 	 0.2491 	 -0.0177 	 -0.3078 	 -0.0234 	 -0.0021 	 0.0188
4.7996 	 1.8597 	 0.1707 	 -1.6483 	 0.2489 	 -0.0177 	 -0.3076 	 -0.0233 	 -0.0021 	 0.0187
4.8096 	 1.8622 	 0.1705 	 -1.6514 	 0.2486 	 -0.0178 	 -0.3074 	 -0.0232 	 -0.0021 	 0.0187
4.8196 	 1.8647 	 0.1703 	 -1.6545 	 0.2484 	 -0.0178 	 -0.3072 	 -0.0231 	 -0.0021 	 0.0186
4.8297 	 1.8672 	 0.1702 	 -1.6576 	 0.2482 	 -0.0178 	 -0.3070 	 -0.0231 	 -0.0020 	 0.0185
4.8397 	 1.8697 	 0.1700 	 -1.6607 	 0.2479 	 -0.0178 	 -0.3068 	 -0.0230 	 -0.0020 	 0.0185
4.8497 	 1.8722 	 0.1698 	 -1.6637 	 0.2477 	 -0.0178 	 -0.3067 	 -0.0229 	 -0.0020 	 0.0184
4.8597 	 1.8747 	 0.1696 	 -1.6668 	 0.2475 	 -0.0179 	 -0.3065 	 -0.0228 	 -0.0020 	 0.0183
4.8697 	 1.8771 	 0.1694 	 -1.6699 	 0.2472 	 -0.0179 	 -0.3063 	 -0.0228 	 -0.0020 	 0.0183
4.8798 	 1.8796 	 0.1693 	 -1.6729 	 0.2470 	 -0.0179 	 -0.3061 	 -0.0227 	 -0.0020 	 0.0182
4.8898 	 1.8821 	 0.1691 	 -1.6760 	 0.2468 	 -0.0179 	 -0.3059 	 -0.0226 	 -0.0019 	 0.0181
4.8998 	 1.8846 	 0.1689 	 -1.6791 	 0.2466 	 -0.0179 	 -0.3057 	 -0.0225 	 -0.0019 	 0.0181
4.9098 	 1.8870 	 0.1687 	 -1.6821 	 0.2463 	 -0.0180 	 -0.3056 	 -0.0225 	 -0.0019 	 0.0180
4.9198 	 1.8895 	 0.1685 	 -1.6852 	 0.2461 	 -0.0180 	 -0.3054 	 -0.0224 	 -0.0019 	 0.0180
4.9299 	 1.8920 	 0.1684 	 -1.6883 	 0.2459 	 -0.0180 	 -0.3052 	 -0.0223 	 -0.0019 	 0.0179
4.9399 	 1.8944 	 0.1682 	 -1.6913 	 0.2457 	 -0.0180 	 -0.3050 	 -0.0222 	 -0.0019 	 0.0178
4.9499 	 1.8969 	 0.1680 	 -1.6944 	 0.2454 	 -0.0180 	 -0.3048 	 -0.0222 	 -0.0018 	 0.0178
4.9599 	 1.8993 	 0.1678 	 -1.6974 	 0.2452 	 -0.0181 	 -0.3047 	 -0.0221 	 -0.0018 	 0.0177
4.9699 	 1.9018 	 0.1676 	 -1.7005 	 0.2450 	 -0.0181 	 -0.3045 	 -0.0220 	 -0.0018 	 0.0177
4.9800 	 1.9043 	 0.1675 	 -1.7035 	 0.2448 	 -0.0181 	 -0.3043 	 -0.0219 	 -0.0018 	 0.0176
4.9900 	 1.9067 	 0.1673 	 -1.7066 	 0.2446 	 -0.0181 	 -0.3041 	 -0.0219 	 -0.0018 	 0.0175
