100-Body Run with i = 11 th particle. (Units in pc,M_solar,Myr, km s-1) 

time		 x 		 y 		 z 		 xdot 		 ydot 		 zdot 		 xddot 		 yddot 		 zddot
0.0000 	 -0.0187 	 -0.0159 	 0.1494 	 -0.0021 	 -0.0052 	 0.0060 	 -0.2264 	 -0.8448 	 0.1827
0.0100 	 -0.0187 	 -0.0160 	 0.1494 	 -0.0044 	 -0.0138 	 0.0078 	 -0.2449 	 -0.8677 	 0.1831
0.0200 	 -0.0188 	 -0.0162 	 0.1495 	 -0.0070 	 -0.0227 	 0.0095 	 -0.2715 	 -0.9122 	 0.1488
0.0301 	 -0.0188 	 -0.0165 	 0.1496 	 -0.0099 	 -0.0321 	 0.0106 	 -0.3190 	 -0.9705 	 0.0687
0.0401 	 -0.0190 	 -0.0168 	 0.1497 	 -0.0133 	 -0.0424 	 0.0116 	 -0.3238 	 -1.0962 	 0.1831
0.0501 	 -0.0191 	 -0.0173 	 0.1499 	 -0.0157 	 -0.0546 	 0.0147 	 -0.1409 	 -1.3575 	 0.4897
0.0601 	 -0.0193 	 -0.0180 	 0.1501 	 -0.0175 	 -0.0699 	 0.0224 	 -0.3519 	 -1.7019 	 1.0566
0.0701 	 -0.0195 	 -0.0188 	 0.1503 	 -0.0246 	 -0.0890 	 0.0351 	 -1.1078 	 -2.1538 	 1.4181
0.0802 	 -0.0198 	 -0.0198 	 0.1508 	 -0.0407 	 -0.1141 	 0.0500 	 -2.1723 	 -2.9298 	 1.5144
0.0902 	 -0.0204 	 -0.0211 	 0.1513 	 -0.0710 	 -0.1505 	 0.0642 	 -4.1609 	 -4.6012 	 1.1844
0.1002 	 -0.0215 	 -0.0230 	 0.1520 	 -0.1369 	 -0.2171 	 0.0664 	 -10.7604 	 -10.1649 	 -1.7970
0.1102 	 -0.0273 	 -0.0279 	 0.1472 	 -0.6862 	 -0.5752 	 -0.5129 	 35.4579 	 16.1721 	 57.3392
0.1202 	 -0.0338 	 -0.0334 	 0.1425 	 -0.5584 	 -0.5015 	 -0.3512 	 4.8756 	 3.4474 	 3.9509
0.1303 	 -0.0392 	 -0.0383 	 0.1391 	 -0.5206 	 -0.4744 	 -0.3251 	 3.0903 	 2.2422 	 1.7094
0.1403 	 -0.0443 	 -0.0429 	 0.1359 	 -0.4931 	 -0.4544 	 -0.3130 	 2.4514 	 1.7950 	 0.8070
0.1503 	 -0.0492 	 -0.0474 	 0.1327 	 -0.4708 	 -0.4380 	 -0.3076 	 2.0273 	 1.4998 	 0.3171
0.1603 	 -0.0538 	 -0.0517 	 0.1297 	 -0.4528 	 -0.4246 	 -0.3067 	 1.2531 	 0.9054 	 -0.3855
0.1703 	 -0.0583 	 -0.0559 	 0.1266 	 -0.4410 	 -0.4157 	 -0.3113 	 1.1217 	 0.8629 	 -0.4988
0.1804 	 -0.0626 	 -0.0601 	 0.1234 	 -0.4302 	 -0.4072 	 -0.3165 	 1.0249 	 0.8242 	 -0.5350
0.1904 	 -0.0669 	 -0.0641 	 0.1202 	 -0.4203 	 -0.3991 	 -0.3219 	 0.9545 	 0.8030 	 -0.5539
0.2004 	 -0.0711 	 -0.0681 	 0.1170 	 -0.4111 	 -0.3911 	 -0.3275 	 0.9035 	 0.7943 	 -0.5637
0.2104 	 -0.0751 	 -0.0719 	 0.1137 	 -0.4022 	 -0.3832 	 -0.3332 	 0.8668 	 0.7942 	 -0.5672
0.2204 	 -0.0791 	 -0.0757 	 0.1103 	 -0.3936 	 -0.3752 	 -0.3389 	 0.8404 	 0.8000 	 -0.5661
0.2305 	 -0.0830 	 -0.0795 	 0.1069 	 -0.3853 	 -0.3671 	 -0.3445 	 0.8218 	 0.8099 	 -0.5612
0.2405 	 -0.0869 	 -0.0831 	 0.1034 	 -0.3772 	 -0.3589 	 -0.3501 	 0.8091 	 0.8225 	 -0.5532
0.2505 	 -0.0906 	 -0.0866 	 0.0999 	 -0.3691 	 -0.3506 	 -0.3556 	 0.8009 	 0.8368 	 -0.5422
0.2605 	 -0.0943 	 -0.0901 	 0.0963 	 -0.3611 	 -0.3422 	 -0.3610 	 0.7963 	 0.8521 	 -0.5287
0.2705 	 -0.0978 	 -0.0935 	 0.0926 	 -0.3531 	 -0.3335 	 -0.3662 	 0.7944 	 0.8678 	 -0.5128
0.2806 	 -0.1013 	 -0.0968 	 0.0889 	 -0.3452 	 -0.3248 	 -0.3712 	 0.7949 	 0.8834 	 -0.4946
0.2906 	 -0.1047 	 -0.1000 	 0.0852 	 -0.3372 	 -0.3158 	 -0.3761 	 0.7972 	 0.8986 	 -0.4743
0.3006 	 -0.1081 	 -0.1031 	 0.0814 	 -0.3292 	 -0.3068 	 -0.3807 	 0.8011 	 0.9129 	 -0.4520
0.3106 	 -0.1113 	 -0.1062 	 0.0776 	 -0.3211 	 -0.2976 	 -0.3851 	 0.8061 	 0.9262 	 -0.4277
0.3206 	 -0.1145 	 -0.1091 	 0.0737 	 -0.3130 	 -0.2882 	 -0.3893 	 0.8121 	 0.9382 	 -0.4016
0.3307 	 -0.1176 	 -0.1119 	 0.0698 	 -0.3049 	 -0.2788 	 -0.3932 	 0.8187 	 0.9487 	 -0.3737
0.3407 	 -0.1206 	 -0.1147 	 0.0658 	 -0.2966 	 -0.2692 	 -0.3968 	 0.8258 	 0.9575 	 -0.3443
0.3507 	 -0.1236 	 -0.1173 	 0.0618 	 -0.2883 	 -0.2596 	 -0.4001 	 0.8332 	 0.9645 	 -0.3134
0.3607 	 -0.1264 	 -0.1199 	 0.0578 	 -0.2799 	 -0.2499 	 -0.4031 	 0.8406 	 0.9694 	 -0.2814
0.3707 	 -0.1292 	 -0.1223 	 0.0537 	 -0.2715 	 -0.2402 	 -0.4057 	 0.8480 	 0.9723 	 -0.2483
0.3808 	 -0.1318 	 -0.1247 	 0.0497 	 -0.2629 	 -0.2304 	 -0.4080 	 0.8554 	 0.9732 	 -0.2146
0.3908 	 -0.1344 	 -0.1269 	 0.0456 	 -0.2543 	 -0.2207 	 -0.4100 	 0.8625 	 0.9719 	 -0.1804
0.4008 	 -0.1369 	 -0.1291 	 0.0414 	 -0.2456 	 -0.2109 	 -0.4117 	 0.8693 	 0.9685 	 -0.1461
0.4108 	 -0.1394 	 -0.1312 	 0.0373 	 -0.2369 	 -0.2013 	 -0.4129 	 0.8757 	 0.9627 	 -0.1119
0.4208 	 -0.1417 	 -0.1331 	 0.0332 	 -0.2281 	 -0.1917 	 -0.4139 	 0.8816 	 0.9548 	 -0.0783
0.4309 	 -0.1439 	 -0.1350 	 0.0290 	 -0.2192 	 -0.1821 	 -0.4145 	 0.8869 	 0.9448 	 -0.0456
0.4409 	 -0.1461 	 -0.1368 	 0.0249 	 -0.2103 	 -0.1727 	 -0.4148 	 0.8914 	 0.9329 	 -0.0140
0.4509 	 -0.1481 	 -0.1385 	 0.0207 	 -0.2014 	 -0.1634 	 -0.4148 	 0.8948 	 0.9193 	 0.0159
0.4609 	 -0.1501 	 -0.1401 	 0.0165 	 -0.1924 	 -0.1543 	 -0.4145 	 0.8971 	 0.9041 	 0.0440
0.4709 	 -0.1520 	 -0.1416 	 0.0124 	 -0.1834 	 -0.1453 	 -0.4139 	 0.8977 	 0.8876 	 0.0700
0.4810 	 -0.1538 	 -0.1430 	 0.0083 	 -0.1744 	 -0.1365 	 -0.4131 	 0.8963 	 0.8702 	 0.0939
0.4910 	 -0.1555 	 -0.1443 	 0.0041 	 -0.1655 	 -0.1279 	 -0.4121 	 0.8923 	 0.8519 	 0.1162
0.5010 	 -0.1571 	 -0.1455 	 -0.0000 	 -0.1565 	 -0.1195 	 -0.4108 	 0.8852 	 0.8326 	 0.1378
0.5110 	 -0.1586 	 -0.1467 	 -0.0041 	 -0.1478 	 -0.1112 	 -0.4093 	 0.8400 	 0.7928 	 0.1288
0.5210 	 -0.1601 	 -0.1478 	 -0.0082 	 -0.1394 	 -0.1034 	 -0.4079 	 0.8296 	 0.7714 	 0.1533
0.5311 	 -0.1614 	 -0.1488 	 -0.0123 	 -0.1312 	 -0.0958 	 -0.4063 	 0.8187 	 0.7474 	 0.1798
0.5411 	 -0.1627 	 -0.1497 	 -0.0163 	 -0.1230 	 -0.0884 	 -0.4043 	 0.8092 	 0.7208 	 0.2075
0.5511 	 -0.1639 	 -0.1506 	 -0.0204 	 -0.1149 	 -0.0814 	 -0.4021 	 0.8018 	 0.6920 	 0.2349
0.5611 	 -0.1650 	 -0.1513 	 -0.0244 	 -0.1069 	 -0.0746 	 -0.3996 	 0.7965 	 0.6620 	 0.2604
0.5711 	 -0.1660 	 -0.1520 	 -0.0284 	 -0.0990 	 -0.0681 	 -0.3969 	 0.7926 	 0.6314 	 0.2831
0.5812 	 -0.1670 	 -0.1527 	 -0.0324 	 -0.0910 	 -0.0619 	 -0.3940 	 0.7893 	 0.6008 	 0.3027
0.5912 	 -0.1679 	 -0.1533 	 -0.0363 	 -0.0831 	 -0.0561 	 -0.3908 	 0.7858 	 0.5705 	 0.3193
0.6012 	 -0.1687 	 -0.1538 	 -0.0402 	 -0.0753 	 -0.0505 	 -0.3876 	 0.7815 	 0.5406 	 0.3333
0.6112 	 -0.1694 	 -0.1543 	 -0.0441 	 -0.0675 	 -0.0452 	 -0.3842 	 0.7763 	 0.5113 	 0.3449
0.6212 	 -0.1700 	 -0.1547 	 -0.0479 	 -0.0597 	 -0.0402 	 -0.3807 	 0.7700 	 0.4817 	 0.3549
0.6313 	 -0.1706 	 -0.1551 	 -0.0517 	 -0.0521 	 -0.0356 	 -0.3771 	 0.7628 	 0.4519 	 0.3634
0.6413 	 -0.1711 	 -0.1554 	 -0.0554 	 -0.0445 	 -0.0312 	 -0.3734 	 0.7548 	 0.4224 	 0.3713
0.6513 	 -0.1715 	 -0.1557 	 -0.0592 	 -0.0369 	 -0.0271 	 -0.3696 	 0.7452 	 0.3949 	 0.3811
0.6613 	 -0.1718 	 -0.1560 	 -0.0628 	 -0.0295 	 -0.0233 	 -0.3657 	 0.7337 	 0.3686 	 0.3924
0.6713 	 -0.1721 	 -0.1562 	 -0.0665 	 -0.0222 	 -0.0197 	 -0.3617 	 0.7197 	 0.3426 	 0.4039
0.6814 	 -0.1722 	 -0.1564 	 -0.0701 	 -0.0151 	 -0.0164 	 -0.3577 	 0.7022 	 0.3127 	 0.4091
0.6914 	 -0.1724 	 -0.1565 	 -0.0737 	 -0.0082 	 -0.0134 	 -0.3536 	 0.6834 	 0.2821 	 0.4111
0.7014 	 -0.1724 	 -0.1567 	 -0.0772 	 -0.0014 	 -0.0107 	 -0.3494 	 0.6659 	 0.2560 	 0.4152
0.7114 	 -0.1724 	 -0.1568 	 -0.0807 	 0.0052 	 -0.0083 	 -0.3452 	 0.6492 	 0.2317 	 0.4171
0.7214 	 -0.1723 	 -0.1568 	 -0.0841 	 0.0116 	 -0.0061 	 -0.3411 	 0.6337 	 0.2094 	 0.4166
0.7315 	 -0.1722 	 -0.1569 	 -0.0875 	 0.0179 	 -0.0041 	 -0.3369 	 0.6194 	 0.1890 	 0.4140
0.7415 	 -0.1719 	 -0.1569 	 -0.0908 	 0.0240 	 -0.0023 	 -0.3328 	 0.6064 	 0.1705 	 0.4098
0.7515 	 -0.1717 	 -0.1569 	 -0.0942 	 0.0300 	 -0.0007 	 -0.3287 	 0.5946 	 0.1536 	 0.4042
0.7615 	 -0.1713 	 -0.1569 	 -0.0974 	 0.0359 	 0.0008 	 -0.3247 	 0.5840 	 0.1382 	 0.3974
0.7715 	 -0.1710 	 -0.1569 	 -0.1007 	 0.0417 	 0.0021 	 -0.3207 	 0.5746 	 0.1241 	 0.3897
0.7816 	 -0.1705 	 -0.1569 	 -0.1039 	 0.0474 	 0.0033 	 -0.3169 	 0.5661 	 0.1110 	 0.3811
0.7916 	 -0.1700 	 -0.1568 	 -0.1070 	 0.0531 	 0.0043 	 -0.3131 	 0.5587 	 0.0988 	 0.3718
0.8016 	 -0.1694 	 -0.1568 	 -0.1101 	 0.0586 	 0.0053 	 -0.3094 	 0.5522 	 0.0873 	 0.3618
0.8116 	 -0.1688 	 -0.1567 	 -0.1132 	 0.0642 	 0.0061 	 -0.3058 	 0.5465 	 0.0763 	 0.3512
0.8216 	 -0.1682 	 -0.1567 	 -0.1163 	 0.0696 	 0.0068 	 -0.3024 	 0.5417 	 0.0658 	 0.3401
0.8317 	 -0.1674 	 -0.1566 	 -0.1193 	 0.0750 	 0.0074 	 -0.2990 	 0.5376 	 0.0556 	 0.3285
0.8417 	 -0.1667 	 -0.1565 	 -0.1223 	 0.0804 	 0.0079 	 -0.2958 	 0.5342 	 0.0456 	 0.3165
0.8517 	 -0.1658 	 -0.1565 	 -0.1252 	 0.0857 	 0.0083 	 -0.2927 	 0.5315 	 0.0357 	 0.3043
0.8617 	 -0.1649 	 -0.1564 	 -0.1281 	 0.0910 	 0.0086 	 -0.2897 	 0.5295 	 0.0259 	 0.2918
0.8717 	 -0.1640 	 -0.1563 	 -0.1310 	 0.0963 	 0.0088 	 -0.2868 	 0.5281 	 0.0162 	 0.2792
0.8818 	 -0.1630 	 -0.1562 	 -0.1339 	 0.1016 	 0.0089 	 -0.2841 	 0.5273 	 0.0064 	 0.2666
0.8918 	 -0.1620 	 -0.1561 	 -0.1367 	 0.1069 	 0.0090 	 -0.2815 	 0.5270 	 -0.0034 	 0.2539
0.9018 	 -0.1609 	 -0.1560 	 -0.1395 	 0.1122 	 0.0089 	 -0.2790 	 0.5271 	 -0.0133 	 0.2415
0.9118 	 -0.1597 	 -0.1559 	 -0.1423 	 0.1175 	 0.0087 	 -0.2767 	 0.5274 	 -0.0232 	 0.2293
0.9218 	 -0.1585 	 -0.1558 	 -0.1451 	 0.1227 	 0.0084 	 -0.2744 	 0.5277 	 -0.0330 	 0.2176
0.9319 	 -0.1573 	 -0.1558 	 -0.1478 	 0.1280 	 0.0080 	 -0.2723 	 0.5281 	 -0.0425 	 0.2065
0.9419 	 -0.1560 	 -0.1557 	 -0.1505 	 0.1333 	 0.0076 	 -0.2703 	 0.5284 	 -0.0516 	 0.1960
0.9519 	 -0.1546 	 -0.1556 	 -0.1532 	 0.1386 	 0.0070 	 -0.2684 	 0.5286 	 -0.0600 	 0.1862
0.9619 	 -0.1532 	 -0.1555 	 -0.1559 	 0.1439 	 0.0064 	 -0.2666 	 0.5289 	 -0.0671 	 0.1770
0.9719 	 -0.1517 	 -0.1555 	 -0.1586 	 0.1492 	 0.0057 	 -0.2648 	 0.5293 	 -0.0727 	 0.1685
0.9820 	 -0.1502 	 -0.1554 	 -0.1612 	 0.1545 	 0.0049 	 -0.2632 	 0.5300 	 -0.0766 	 0.1604
0.9920 	 -0.1486 	 -0.1554 	 -0.1638 	 0.1598 	 0.0041 	 -0.2616 	 0.5309 	 -0.0787 	 0.1526
1.0020 	 -0.1470 	 -0.1553 	 -0.1665 	 0.1652 	 0.0033 	 -0.2601 	 0.5324 	 -0.0787 	 0.1449
1.0120 	 -0.1453 	 -0.1553 	 -0.1691 	 0.1705 	 0.0026 	 -0.2587 	 0.5345 	 -0.0766 	 0.1369
1.0220 	 -0.1436 	 -0.1553 	 -0.1716 	 0.1759 	 0.0018 	 -0.2574 	 0.5372 	 -0.0724 	 0.1285
1.0321 	 -0.1418 	 -0.1553 	 -0.1742 	 0.1813 	 0.0011 	 -0.2561 	 0.5406 	 -0.0658 	 0.1197
1.0421 	 -0.1399 	 -0.1553 	 -0.1768 	 0.1867 	 0.0005 	 -0.2550 	 0.5447 	 -0.0569 	 0.1100
1.0521 	 -0.1380 	 -0.1553 	 -0.1793 	 0.1922 	 -0.0000 	 -0.2539 	 0.5492 	 -0.0456 	 0.0990
1.0621 	 -0.1361 	 -0.1553 	 -0.1819 	 0.1977 	 -0.0004 	 -0.2530 	 0.5543 	 -0.0318 	 0.0855
1.0721 	 -0.1341 	 -0.1553 	 -0.1844 	 0.2033 	 -0.0006 	 -0.2522 	 0.5611 	 -0.0156 	 0.0684
1.0822 	 -0.1320 	 -0.1553 	 -0.1869 	 0.2090 	 -0.0007 	 -0.2516 	 0.5713 	 0.0031 	 0.0476
1.0922 	 -0.1299 	 -0.1553 	 -0.1894 	 0.2148 	 -0.0006 	 -0.2513 	 0.5849 	 0.0247 	 0.0241
1.1022 	 -0.1277 	 -0.1553 	 -0.1920 	 0.2207 	 -0.0002 	 -0.2512 	 0.6015 	 0.0499 	 -0.0023
1.1122 	 -0.1255 	 -0.1553 	 -0.1945 	 0.2268 	 0.0004 	 -0.2513 	 0.6210 	 0.0794 	 -0.0327
1.1222 	 -0.1231 	 -0.1553 	 -0.1970 	 0.2332 	 0.0014 	 -0.2518 	 0.6442 	 0.1142 	 -0.0685
1.1323 	 -0.1208 	 -0.1553 	 -0.1995 	 0.2398 	 0.0028 	 -0.2527 	 0.6724 	 0.1559 	 -0.1111
1.1423 	 -0.1183 	 -0.1552 	 -0.2021 	 0.2467 	 0.0046 	 -0.2541 	 0.7069 	 0.2067 	 -0.1624
1.1523 	 -0.1158 	 -0.1552 	 -0.2046 	 0.2540 	 0.0069 	 -0.2560 	 0.7498 	 0.2703 	 -0.2250
1.1623 	 -0.1132 	 -0.1551 	 -0.2072 	 0.2617 	 0.0100 	 -0.2587 	 0.8035 	 0.3524 	 -0.3023
1.1723 	 -0.1106 	 -0.1550 	 -0.2098 	 0.2701 	 0.0141 	 -0.2622 	 0.8713 	 0.4619 	 -0.4000
1.1824 	 -0.1078 	 -0.1548 	 -0.2125 	 0.2793 	 0.0194 	 -0.2668 	 0.9576 	 0.6140 	 -0.5263
1.1924 	 -0.1050 	 -0.1546 	 -0.2152 	 0.2894 	 0.0266 	 -0.2728 	 1.0684 	 0.8357 	 -0.6951
1.2024 	 -0.1020 	 -0.1542 	 -0.2179 	 0.3008 	 0.0366 	 -0.2809 	 1.2107 	 1.1785 	 -0.9305
1.2124 	 -0.0989 	 -0.1538 	 -0.2208 	 0.3138 	 0.0510 	 -0.2919 	 1.3899 	 1.7525 	 -1.2773
1.2224 	 -0.0957 	 -0.1532 	 -0.2238 	 0.3287 	 0.0733 	 -0.3072 	 1.5883 	 2.8269 	 -1.8257
1.2325 	 -0.0923 	 -0.1522 	 -0.2270 	 0.3451 	 0.1118 	 -0.3297 	 1.6272 	 5.2057 	 -2.7642
1.2425 	 -0.0888 	 -0.1506 	 -0.2305 	 0.3562 	 0.1913 	 -0.3645 	 -0.0790 	 12.1131 	 -4.3010
1.2525 	 -0.0859 	 -0.1474 	 -0.2342 	 0.2780 	 0.4087 	 -0.3950 	 -28.5348 	 40.9909 	 2.7532
1.2625 	 -0.0857 	 -0.1435 	 -0.2365 	 -0.3345 	 0.5324 	 -0.0559 	 -55.4584 	 -55.9561 	 55.6576
1.2725 	 -0.0888 	 -0.1397 	 -0.2366 	 -0.3984 	 0.1640 	 0.1220 	 5.8834 	 -16.6029 	 2.5697
1.2826 	 -0.0925 	 -0.1385 	 -0.2354 	 -0.3419 	 0.0628 	 0.1251 	 4.7893 	 -5.9261 	 -0.7189
1.2926 	 -0.0958 	 -0.1380 	 -0.2342 	 -0.3014 	 0.0207 	 0.1160 	 3.4304 	 -2.9824 	 -0.9728
1.3026 	 -0.0986 	 -0.1379 	 -0.2331 	 -0.2710 	 -0.0028 	 0.1064 	 2.7010 	 -1.8619 	 -0.9481
1.3126 	 -0.1012 	 -0.1381 	 -0.2321 	 -0.2461 	 -0.0186 	 0.0970 	 2.3150 	 -1.3405 	 -0.9198
1.3226 	 -0.1036 	 -0.1383 	 -0.2312 	 -0.2240 	 -0.0306 	 0.0878 	 2.1280 	 -1.0777 	 -0.9205
1.3327 	 -0.1057 	 -0.1387 	 -0.2303 	 -0.2030 	 -0.0407 	 0.0785 	 2.0696 	 -0.9581 	 -0.9372
1.3427 	 -0.1077 	 -0.1391 	 -0.2296 	 -0.1822 	 -0.0501 	 0.0691 	 2.0879 	 -0.9269 	 -0.9449
1.3527 	 -0.1094 	 -0.1397 	 -0.2289 	 -0.1611 	 -0.0594 	 0.0597 	 2.1438 	 -0.9477 	 -0.9290
1.3627 	 -0.1109 	 -0.1403 	 -0.2284 	 -0.1392 	 -0.0692 	 0.0506 	 2.2214 	 -1.0022 	 -0.8879
1.3727 	 -0.1122 	 -0.1410 	 -0.2279 	 -0.1165 	 -0.0796 	 0.0420 	 2.3155 	 -1.0854 	 -0.8189
1.3828 	 -0.1132 	 -0.1419 	 -0.2275 	 -0.0928 	 -0.0910 	 0.0343 	 2.4222 	 -1.1980 	 -0.7143
1.3928 	 -0.1140 	 -0.1429 	 -0.2272 	 -0.0679 	 -0.1037 	 0.0278 	 2.5366 	 -1.3433 	 -0.5612
1.4028 	 -0.1146 	 -0.1440 	 -0.2270 	 -0.0419 	 -0.1180 	 0.0232 	 2.6508 	 -1.5254 	 -0.3418
1.4128 	 -0.1148 	 -0.1453 	 -0.2268 	 -0.0149 	 -0.1344 	 0.0213 	 2.7512 	 -1.7473 	 -0.0322
1.4228 	 -0.1149 	 -0.1467 	 -0.2265 	 0.0131 	 -0.1532 	 0.0230 	 2.8150 	 -2.0063 	 0.3955
1.4329 	 -0.1146 	 -0.1483 	 -0.2263 	 0.0413 	 -0.1747 	 0.0297 	 2.8047 	 -2.2881 	 0.9698
1.4429 	 -0.1140 	 -0.1502 	 -0.2259 	 0.0688 	 -0.1990 	 0.0430 	 2.6646 	 -2.5567 	 1.7077
1.4529 	 -0.1132 	 -0.1523 	 -0.2253 	 0.0940 	 -0.2256 	 0.0644 	 2.3219 	 -2.7453 	 2.5932
1.4629 	 -0.1122 	 -0.1547 	 -0.2245 	 0.1144 	 -0.2534 	 0.0952 	 1.7066 	 -2.7572 	 3.5465
1.4729 	 -0.1110 	 -0.1574 	 -0.2234 	 0.1272 	 -0.2799 	 0.1352 	 0.7970 	 -2.4912 	 4.4018
1.4830 	 -0.1097 	 -0.1603 	 -0.2218 	 0.1296 	 -0.3022 	 0.1823 	 -0.3228 	 -1.9009 	 4.9355
1.4930 	 -0.1085 	 -0.1634 	 -0.2197 	 0.1206 	 -0.3171 	 0.2324 	 -1.4513 	 -1.0534 	 4.9685
1.5030 	 -0.1073 	 -0.1666 	 -0.2171 	 0.1013 	 -0.3230 	 0.2801 	 -2.3525 	 -0.1223 	 4.4844
1.5130 	 -0.1065 	 -0.1698 	 -0.2141 	 0.0747 	 -0.3199 	 0.3210 	 -2.8819 	 0.7020 	 3.6440
1.5230 	 -0.1059 	 -0.1730 	 -0.2108 	 0.0448 	 -0.3096 	 0.3527 	 -3.0397 	 1.3063 	 2.6791
1.5331 	 -0.1056 	 -0.1760 	 -0.2071 	 0.0147 	 -0.2945 	 0.3749 	 -2.9238 	 1.6748 	 1.7743
1.5431 	 -0.1056 	 -0.1789 	 -0.2033 	 -0.0133 	 -0.2767 	 0.3888 	 -2.6522 	 1.8515 	 1.0228
1.5531 	 -0.1058 	 -0.1815 	 -0.1994 	 -0.0383 	 -0.2578 	 0.3960 	 -2.3179 	 1.8969 	 0.4446
1.5631 	 -0.1063 	 -0.1840 	 -0.1954 	 -0.0598 	 -0.2389 	 0.3982 	 -1.9784 	 1.8631 	 0.0214
1.5731 	 -0.1070 	 -0.1863 	 -0.1914 	 -0.0780 	 -0.2206 	 0.3968 	 -1.6628 	 1.7871 	 -0.2780
1.5832 	 -0.1079 	 -0.1885 	 -0.1875 	 -0.0932 	 -0.2032 	 0.3930 	 -1.3829 	 1.6924 	 -0.4842
1.5932 	 -0.1088 	 -0.1904 	 -0.1836 	 -0.1058 	 -0.1867 	 0.3874 	 -1.1406 	 1.5930 	 -0.6230
1.6032 	 -0.1100 	 -0.1922 	 -0.1797 	 -0.1162 	 -0.1712 	 0.3806 	 -0.9334 	 1.4965 	 -0.7140
1.6132 	 -0.1112 	 -0.1939 	 -0.1759 	 -0.1247 	 -0.1567 	 0.3732 	 -0.7571 	 1.4067 	 -0.7714
1.6232 	 -0.1124 	 -0.1954 	 -0.1722 	 -0.1315 	 -0.1430 	 0.3653 	 -0.6069 	 1.3250 	 -0.8059
1.6333 	 -0.1138 	 -0.1967 	 -0.1686 	 -0.1369 	 -0.1301 	 0.3571 	 -0.4788 	 1.2520 	 -0.8247
1.6433 	 -0.1152 	 -0.1980 	 -0.1651 	 -0.1411 	 -0.1179 	 0.3488 	 -0.3689 	 1.1872 	 -0.8332
1.6533 	 -0.1166 	 -0.1991 	 -0.1616 	 -0.1443 	 -0.1063 	 0.3404 	 -0.2742 	 1.1301 	 -0.8351
1.6633 	 -0.1181 	 -0.2001 	 -0.1583 	 -0.1467 	 -0.0952 	 0.3320 	 -0.1920 	 1.0799 	 -0.8331
1.6733 	 -0.1195 	 -0.2010 	 -0.1550 	 -0.1482 	 -0.0846 	 0.3237 	 -0.1202 	 1.0356 	 -0.8290
1.6834 	 -0.1210 	 -0.2018 	 -0.1518 	 -0.1491 	 -0.0745 	 0.3154 	 -0.0573 	 0.9965 	 -0.8242
1.6934 	 -0.1225 	 -0.2025 	 -0.1487 	 -0.1494 	 -0.0647 	 0.3072 	 -0.0017 	 0.9618 	 -0.8196
1.7034 	 -0.1240 	 -0.2031 	 -0.1456 	 -0.1492 	 -0.0552 	 0.2990 	 0.0474 	 0.9306 	 -0.8159
1.7134 	 -0.1255 	 -0.2036 	 -0.1427 	 -0.1485 	 -0.0460 	 0.2908 	 0.0909 	 0.9024 	 -0.8133
1.7234 	 -0.1270 	 -0.2040 	 -0.1398 	 -0.1474 	 -0.0371 	 0.2827 	 0.1294 	 0.8765 	 -0.8118
1.7335 	 -0.1285 	 -0.2044 	 -0.1370 	 -0.1459 	 -0.0284 	 0.2746 	 0.1634 	 0.8523 	 -0.8117
1.7435 	 -0.1299 	 -0.2046 	 -0.1343 	 -0.1441 	 -0.0200 	 0.2664 	 0.1934 	 0.8294 	 -0.8126
1.7535 	 -0.1314 	 -0.2048 	 -0.1317 	 -0.1420 	 -0.0118 	 0.2583 	 0.2195 	 0.8072 	 -0.8144
1.7635 	 -0.1328 	 -0.2048 	 -0.1291 	 -0.1397 	 -0.0038 	 0.2501 	 0.2421 	 0.7854 	 -0.8168
1.7735 	 -0.1342 	 -0.2048 	 -0.1266 	 -0.1372 	 0.0039 	 0.2419 	 0.2613 	 0.7638 	 -0.8195
1.7836 	 -0.1355 	 -0.2048 	 -0.1243 	 -0.1345 	 0.0115 	 0.2337 	 0.2772 	 0.7420 	 -0.8223
1.7936 	 -0.1368 	 -0.2046 	 -0.1220 	 -0.1316 	 0.0188 	 0.2254 	 0.2899 	 0.7198 	 -0.8252
1.8036 	 -0.1381 	 -0.2044 	 -0.1197 	 -0.1287 	 0.0259 	 0.2171 	 0.2998 	 0.6969 	 -0.8281
1.8136 	 -0.1394 	 -0.2041 	 -0.1176 	 -0.1256 	 0.0328 	 0.2088 	 0.3076 	 0.6728 	 -0.8317
1.8236 	 -0.1407 	 -0.2037 	 -0.1156 	 -0.1225 	 0.0394 	 0.2005 	 0.3144 	 0.6473 	 -0.8360
1.8337 	 -0.1419 	 -0.2033 	 -0.1136 	 -0.1193 	 0.0457 	 0.1921 	 0.3218 	 0.6204 	 -0.8412
1.8437 	 -0.1431 	 -0.2028 	 -0.1117 	 -0.1161 	 0.0518 	 0.1836 	 0.3311 	 0.5924 	 -0.8464
1.8537 	 -0.1442 	 -0.2023 	 -0.1099 	 -0.1127 	 0.0576 	 0.1751 	 0.3430 	 0.5643 	 -0.8507
1.8637 	 -0.1453 	 -0.2017 	 -0.1082 	 -0.1092 	 0.0631 	 0.1666 	 0.3572 	 0.5368 	 -0.8529
1.8737 	 -0.1464 	 -0.2010 	 -0.1066 	 -0.1055 	 0.0684 	 0.1580 	 0.3730 	 0.5103 	 -0.8527
1.8838 	 -0.1474 	 -0.2003 	 -0.1050 	 -0.1017 	 0.0734 	 0.1495 	 0.3897 	 0.4850 	 -0.8498
1.8938 	 -0.1484 	 -0.1995 	 -0.1036 	 -0.0977 	 0.0781 	 0.1410 	 0.4067 	 0.4610 	 -0.8445
1.9038 	 -0.1494 	 -0.1987 	 -0.1022 	 -0.0936 	 0.0826 	 0.1326 	 0.4237 	 0.4381 	 -0.8372
1.9138 	 -0.1503 	 -0.1979 	 -0.1009 	 -0.0892 	 0.0869 	 0.1242 	 0.4406 	 0.4161 	 -0.8281
1.9238 	 -0.1512 	 -0.1970 	 -0.0997 	 -0.0847 	 0.0909 	 0.1160 	 0.4573 	 0.3951 	 -0.8177
1.9339 	 -0.1520 	 -0.1961 	 -0.0986 	 -0.0801 	 0.0948 	 0.1078 	 0.4739 	 0.3749 	 -0.8061
1.9439 	 -0.1528 	 -0.1951 	 -0.0976 	 -0.0752 	 0.0985 	 0.0998 	 0.4903 	 0.3556 	 -0.7936
1.9539 	 -0.1535 	 -0.1941 	 -0.0966 	 -0.0702 	 0.1019 	 0.0919 	 0.5067 	 0.3369 	 -0.7805
1.9639 	 -0.1542 	 -0.1930 	 -0.0957 	 -0.0651 	 0.1052 	 0.0842 	 0.5230 	 0.3190 	 -0.7671
1.9739 	 -0.1548 	 -0.1920 	 -0.0949 	 -0.0597 	 0.1083 	 0.0766 	 0.5394 	 0.3018 	 -0.7533
1.9840 	 -0.1554 	 -0.1909 	 -0.0942 	 -0.0543 	 0.1113 	 0.0691 	 0.5559 	 0.2828 	 -0.7303
1.9940 	 -0.1559 	 -0.1897 	 -0.0935 	 -0.0486 	 0.1140 	 0.0619 	 0.5726 	 0.2668 	 -0.7165
2.0040 	 -0.1563 	 -0.1886 	 -0.0929 	 -0.0428 	 0.1166 	 0.0548 	 0.5896 	 0.2512 	 -0.7027
2.0140 	 -0.1567 	 -0.1874 	 -0.0924 	 -0.0368 	 0.1191 	 0.0478 	 0.6071 	 0.2362 	 -0.6892
2.0240 	 -0.1571 	 -0.1862 	 -0.0920 	 -0.0306 	 0.1213 	 0.0409 	 0.6250 	 0.2215 	 -0.6759
2.0341 	 -0.1574 	 -0.1850 	 -0.0916 	 -0.0243 	 0.1235 	 0.0342 	 0.6436 	 0.2072 	 -0.6629
2.0441 	 -0.1576 	 -0.1837 	 -0.0913 	 -0.0177 	 0.1255 	 0.0277 	 0.6628 	 0.1932 	 -0.6502
2.0541 	 -0.1577 	 -0.1825 	 -0.0910 	 -0.0110 	 0.1274 	 0.0212 	 0.6829 	 0.1793 	 -0.6377
2.0641 	 -0.1578 	 -0.1812 	 -0.0909 	 -0.0040 	 0.1291 	 0.0149 	 0.7039 	 0.1656 	 -0.6256
2.0741 	 -0.1578 	 -0.1799 	 -0.0908 	 0.0031 	 0.1307 	 0.0087 	 0.7259 	 0.1518 	 -0.6137
2.0842 	 -0.1577 	 -0.1786 	 -0.0907 	 0.0105 	 0.1321 	 0.0026 	 0.7490 	 0.1380 	 -0.6020
2.0942 	 -0.1576 	 -0.1772 	 -0.0907 	 0.0181 	 0.1334 	 -0.0034 	 0.7735 	 0.1240 	 -0.5905
2.1042 	 -0.1574 	 -0.1759 	 -0.0908 	 0.0260 	 0.1346 	 -0.0093 	 0.7994 	 0.1098 	 -0.5791
2.1142 	 -0.1571 	 -0.1745 	 -0.0909 	 0.0342 	 0.1356 	 -0.0150 	 0.8269 	 0.0951 	 -0.5677
2.1242 	 -0.1567 	 -0.1732 	 -0.0911 	 0.0426 	 0.1365 	 -0.0206 	 0.8562 	 0.0799 	 -0.5563
2.1343 	 -0.1562 	 -0.1718 	 -0.0913 	 0.0513 	 0.1372 	 -0.0262 	 0.8874 	 0.0641 	 -0.5447
2.1443 	 -0.1556 	 -0.1704 	 -0.0916 	 0.0604 	 0.1378 	 -0.0316 	 0.9208 	 0.0473 	 -0.5328
2.1543 	 -0.1550 	 -0.1690 	 -0.0919 	 0.0698 	 0.1382 	 -0.0368 	 0.9567 	 0.0296 	 -0.5204
2.1643 	 -0.1542 	 -0.1677 	 -0.0923 	 0.0796 	 0.1384 	 -0.0420 	 0.9953 	 0.0105 	 -0.5072
2.1743 	 -0.1534 	 -0.1663 	 -0.0928 	 0.0898 	 0.1384 	 -0.0470 	 1.0369 	 -0.0101 	 -0.4930
2.1844 	 -0.1524 	 -0.1649 	 -0.0933 	 0.1004 	 0.1382 	 -0.0519 	 1.0820 	 -0.0326 	 -0.4775
2.1944 	 -0.1514 	 -0.1635 	 -0.0938 	 0.1114 	 0.1377 	 -0.0566 	 1.1310 	 -0.0572 	 -0.4602
2.2044 	 -0.1502 	 -0.1621 	 -0.0944 	 0.1230 	 0.1370 	 -0.0611 	 1.1844 	 -0.0845 	 -0.4405
2.2144 	 -0.1489 	 -0.1608 	 -0.0950 	 0.1352 	 0.1360 	 -0.0654 	 1.2427 	 -0.1150 	 -0.4178
2.2244 	 -0.1475 	 -0.1594 	 -0.0957 	 0.1480 	 0.1347 	 -0.0694 	 1.3066 	 -0.1492 	 -0.3913
2.2345 	 -0.1459 	 -0.1581 	 -0.0964 	 0.1614 	 0.1330 	 -0.0732 	 1.3768 	 -0.1878 	 -0.3599
2.2445 	 -0.1442 	 -0.1567 	 -0.0972 	 0.1756 	 0.1309 	 -0.0766 	 1.4542 	 -0.2317 	 -0.3220
2.2545 	 -0.1424 	 -0.1554 	 -0.0979 	 0.1906 	 0.1284 	 -0.0796 	 1.5395 	 -0.2819 	 -0.2760
2.2645 	 -0.1404 	 -0.1542 	 -0.0988 	 0.2065 	 0.1253 	 -0.0821 	 1.6336 	 -0.3398 	 -0.2193
2.2745 	 -0.1383 	 -0.1529 	 -0.0996 	 0.2233 	 0.1215 	 -0.0840 	 1.7374 	 -0.4068 	 -0.1488
2.2846 	 -0.1359 	 -0.1517 	 -0.1004 	 0.2413 	 0.1171 	 -0.0850 	 1.8515 	 -0.4848 	 -0.0602
2.2946 	 -0.1334 	 -0.1506 	 -0.1013 	 0.2605 	 0.1118 	 -0.0851 	 1.9759 	 -0.5757 	 0.0523
2.3046 	 -0.1307 	 -0.1495 	 -0.1021 	 0.2809 	 0.1055 	 -0.0839 	 2.1099 	 -0.6820 	 0.1964
2.3146 	 -0.1278 	 -0.1485 	 -0.1030 	 0.3028 	 0.0980 	 -0.0810 	 2.2508 	 -0.8058 	 0.3822
2.3246 	 -0.1246 	 -0.1476 	 -0.1037 	 0.3260 	 0.0893 	 -0.0760 	 2.3928 	 -0.9488 	 0.6230
2.3347 	 -0.1212 	 -0.1467 	 -0.1045 	 0.3507 	 0.0790 	 -0.0683 	 2.5243 	 -1.1109 	 0.9350
2.3447 	 -0.1176 	 -0.1460 	 -0.1051 	 0.3765 	 0.0670 	 -0.0570 	 2.6251 	 -1.2883 	 1.3362
2.3547 	 -0.1137 	 -0.1454 	 -0.1056 	 0.4031 	 0.0531 	 -0.0412 	 2.6619 	 -1.4697 	 1.8421
2.3647 	 -0.1095 	 -0.1449 	 -0.1059 	 0.4295 	 0.0376 	 -0.0197 	 2.5855 	 -1.6321 	 2.4556
2.3747 	 -0.1051 	 -0.1446 	 -0.1059 	 0.4543 	 0.0206 	 0.0083 	 2.3352 	 -1.7370 	 3.1492
2.3848 	 -0.1004 	 -0.1445 	 -0.1057 	 0.4755 	 0.0031 	 0.0434 	 1.8593 	 -1.7345 	 3.8452
2.3948 	 -0.0956 	 -0.1446 	 -0.1050 	 0.4908 	 -0.0136 	 0.0849 	 1.1536 	 -1.5819 	 4.4124
2.4048 	 -0.0907 	 -0.1448 	 -0.1039 	 0.4981 	 -0.0280 	 0.1309 	 0.2984 	 -1.2761 	 4.7079
2.4148 	 -0.0857 	 -0.1451 	 -0.1024 	 0.4967 	 -0.0389 	 0.1781 	 -0.5564 	 -0.8713 	 4.6568
2.4248 	 -0.0808 	 -0.1455 	 -0.1004 	 0.4874 	 -0.0455 	 0.2232 	 -1.2657 	 -0.4555 	 4.3005
2.4349 	 -0.0760 	 -0.1460 	 -0.0979 	 0.4721 	 -0.0482 	 0.2637 	 -1.7599 	 -0.1014 	 3.7604
2.4449 	 -0.0713 	 -0.1465 	 -0.0951 	 0.4528 	 -0.0478 	 0.2984 	 -2.0483 	 0.1618 	 3.1594
2.4549 	 -0.0669 	 -0.1469 	 -0.0920 	 0.4316 	 -0.0452 	 0.3271 	 -2.1769 	 0.3404 	 2.5753
2.4649 	 -0.0627 	 -0.1474 	 -0.0886 	 0.4096 	 -0.0412 	 0.3502 	 -2.1921 	 0.4568 	 2.0423
2.4749 	 -0.0587 	 -0.1478 	 -0.0850 	 0.3879 	 -0.0362 	 0.3683 	 -2.1320 	 0.5375 	 1.5731
2.4850 	 -0.0549 	 -0.1481 	 -0.0813 	 0.3670 	 -0.0304 	 0.3820 	 -2.0298 	 0.6111 	 1.1811
2.4950 	 -0.0513 	 -0.1484 	 -0.0774 	 0.3473 	 -0.0239 	 0.3923 	 -1.9039 	 0.6916 	 0.8895
2.5050 	 -0.0479 	 -0.1486 	 -0.0734 	 0.3289 	 -0.0166 	 0.4002 	 -1.7559 	 0.7621 	 0.7031
2.5150 	 -0.0447 	 -0.1487 	 -0.0694 	 0.3122 	 -0.0087 	 0.4066 	 -1.5920 	 0.8043 	 0.5979
2.5251 	 -0.0417 	 -0.1487 	 -0.0653 	 0.2970 	 -0.0005 	 0.4123 	 -1.4301 	 0.8261 	 0.5447
2.5351 	 -0.0388 	 -0.1487 	 -0.0611 	 0.2834 	 0.0078 	 0.4177 	 -1.2868 	 0.8458 	 0.5263
2.5451 	 -0.0360 	 -0.1486 	 -0.0569 	 0.2711 	 0.0164 	 0.4229 	 -1.1717 	 0.8771 	 0.5290
2.5551 	 -0.0333 	 -0.1484 	 -0.0526 	 0.2598 	 0.0255 	 0.4283 	 -1.0894 	 0.9266 	 0.5359
2.5651 	 -0.0308 	 -0.1481 	 -0.0483 	 0.2492 	 0.0351 	 0.4336 	 -1.0389 	 0.9915 	 0.5258
2.5752 	 -0.0283 	 -0.1477 	 -0.0439 	 0.2389 	 0.0453 	 0.4387 	 -1.0111 	 1.0569 	 0.4780
2.5852 	 -0.0260 	 -0.1471 	 -0.0395 	 0.2289 	 0.0562 	 0.4430 	 -0.9891 	 1.0979 	 0.3832
2.5952 	 -0.0237 	 -0.1465 	 -0.0351 	 0.2192 	 0.0672 	 0.4462 	 -0.9536 	 1.0911 	 0.2534
2.6052 	 -0.0216 	 -0.1458 	 -0.0306 	 0.2099 	 0.0778 	 0.4481 	 -0.8927 	 1.0288 	 0.1170
2.6152 	 -0.0195 	 -0.1450 	 -0.0261 	 0.2014 	 0.0876 	 0.4487 	 -0.8078 	 0.9218 	 0.0028
2.6253 	 -0.0175 	 -0.1441 	 -0.0216 	 0.1938 	 0.0962 	 0.4483 	 -0.7086 	 0.7899 	 -0.0742
2.6353 	 -0.0156 	 -0.1431 	 -0.0171 	 0.1872 	 0.1034 	 0.4473 	 -0.6062 	 0.6505 	 -0.1127
2.6453 	 -0.0138 	 -0.1420 	 -0.0127 	 0.1816 	 0.1093 	 0.4461 	 -0.5086 	 0.5139 	 -0.1191
2.6553 	 -0.0120 	 -0.1409 	 -0.0082 	 0.1769 	 0.1138 	 0.4450 	 -0.4198 	 0.3836 	 -0.1012
2.6653 	 -0.0102 	 -0.1397 	 -0.0037 	 0.1731 	 0.1170 	 0.4441 	 -0.3417 	 0.2594 	 -0.0652
2.6754 	 -0.0085 	 -0.1385 	 0.0007 	 0.1701 	 0.1190 	 0.4437 	 -0.2745 	 0.1389 	 -0.0152
2.6854 	 -0.0068 	 -0.1373 	 0.0052 	 0.1676 	 0.1198 	 0.4439 	 -0.2185 	 0.0193 	 0.0470
2.6954 	 -0.0051 	 -0.1361 	 0.0096 	 0.1656 	 0.1194 	 0.4447 	 -0.1737 	 -0.1025 	 0.1212
2.7054 	 -0.0035 	 -0.1350 	 0.0141 	 0.1641 	 0.1177 	 0.4464 	 -0.1409 	 -0.2294 	 0.2085
2.7154 	 -0.0019 	 -0.1338 	 0.0186 	 0.1628 	 0.1147 	 0.4489 	 -0.1215 	 -0.3628 	 0.3101
2.7255 	 -0.0002 	 -0.1327 	 0.0231 	 0.1616 	 0.1104 	 0.4526 	 -0.1209 	 -0.5017 	 0.4274
2.7355 	 0.0014 	 -0.1316 	 0.0276 	 0.1603 	 0.1047 	 0.4576 	 -0.1479 	 -0.6454 	 0.5624
2.7455 	 0.0030 	 -0.1306 	 0.0323 	 0.1585 	 0.0975 	 0.4640 	 -0.2109 	 -0.7917 	 0.7161
2.7555 	 0.0046 	 -0.1296 	 0.0370 	 0.1559 	 0.0889 	 0.4720 	 -0.3249 	 -0.9237 	 0.8828
2.7655 	 0.0061 	 -0.1288 	 0.0417 	 0.1518 	 0.0791 	 0.4817 	 -0.4997 	 -1.0303 	 1.0539
2.7756 	 0.0076 	 -0.1281 	 0.0466 	 0.1456 	 0.0684 	 0.4930 	 -0.7390 	 -1.0962 	 1.2135
2.7856 	 0.0090 	 -0.1274 	 0.0516 	 0.1368 	 0.0573 	 0.5059 	 -1.0349 	 -1.1027 	 1.3380
2.7956 	 0.0103 	 -0.1269 	 0.0568 	 0.1248 	 0.0465 	 0.5196 	 -1.3621 	 -1.0344 	 1.4020
2.8056 	 0.0115 	 -0.1265 	 0.0620 	 0.1095 	 0.0368 	 0.5337 	 -1.6788 	 -0.8873 	 1.3872
2.8156 	 0.0125 	 -0.1262 	 0.0675 	 0.0913 	 0.0290 	 0.5472 	 -1.9388 	 -0.6744 	 1.2924
2.8257 	 0.0133 	 -0.1259 	 0.0730 	 0.0710 	 0.0234 	 0.5594 	 -2.1070 	 -0.4238 	 1.1356
2.8357 	 0.0139 	 -0.1257 	 0.0787 	 0.0494 	 0.0205 	 0.5698 	 -2.1718 	 -0.1685 	 0.9463
2.8457 	 0.0143 	 -0.1255 	 0.0844 	 0.0277 	 0.0200 	 0.5783 	 -2.1437 	 0.0642 	 0.7545
2.8557 	 0.0144 	 -0.1253 	 0.0902 	 0.0067 	 0.0216 	 0.5850 	 -2.0470 	 0.2587 	 0.5823
2.8657 	 0.0144 	 -0.1250 	 0.0961 	 -0.0131 	 0.0250 	 0.5901 	 -1.9088 	 0.4106 	 0.4413
2.8758 	 0.0142 	 -0.1248 	 0.1020 	 -0.0315 	 0.0297 	 0.5940 	 -1.7519 	 0.5235 	 0.3350
2.8858 	 0.0138 	 -0.1244 	 0.1080 	 -0.0482 	 0.0354 	 0.5969 	 -1.5926 	 0.6045 	 0.2615
2.8958 	 0.0132 	 -0.1240 	 0.1140 	 -0.0634 	 0.0418 	 0.5993 	 -1.4409 	 0.6619 	 0.2169
2.9058 	 0.0125 	 -0.1236 	 0.1200 	 -0.0772 	 0.0486 	 0.6014 	 -1.3020 	 0.7035 	 0.1968
2.9158 	 0.0117 	 -0.1231 	 0.1261 	 -0.0896 	 0.0558 	 0.6033 	 -1.1779 	 0.7363 	 0.1975
2.9259 	 0.0107 	 -0.1225 	 0.1321 	 -0.1008 	 0.0634 	 0.6054 	 -1.0686 	 0.7664 	 0.2161
2.9359 	 0.0097 	 -0.1218 	 0.1382 	 -0.1110 	 0.0712 	 0.6077 	 -0.9733 	 0.7994 	 0.2511
2.9459 	 0.0085 	 -0.1210 	 0.1443 	 -0.1204 	 0.0794 	 0.6105 	 -0.8903 	 0.8419 	 0.3022
2.9559 	 0.0073 	 -0.1202 	 0.1504 	 -0.1289 	 0.0881 	 0.6138 	 -0.8181 	 0.9019 	 0.3706
2.9659 	 0.0059 	 -0.1193 	 0.1566 	 -0.1368 	 0.0976 	 0.6180 	 -0.7554 	 0.9918 	 0.4584
2.9760 	 0.0045 	 -0.1182 	 0.1628 	 -0.1441 	 0.1082 	 0.6231 	 -0.7018 	 1.1321 	 0.5691
2.9860 	 0.0031 	 -0.1171 	 0.1691 	 -0.1509 	 0.1206 	 0.6294 	 -0.6597 	 1.3609 	 0.7054
2.9960 	 0.0015 	 -0.1158 	 0.1754 	 -0.1574 	 0.1360 	 0.6373 	 -0.6420 	 1.7531 	 0.8617
3.0060 	 -0.0001 	 -0.1143 	 0.1819 	 -0.1640 	 0.1567 	 0.6466 	 -0.6975 	 2.4605 	 0.9900
3.0160 	 -0.0018 	 -0.1126 	 0.1884 	 -0.1722 	 0.1872 	 0.6563 	 -1.0109 	 3.7500 	 0.8622
3.0261 	 -0.0036 	 -0.1105 	 0.1950 	 -0.1870 	 0.2340 	 0.6604 	 -2.1605 	 5.6019 	 -0.3299
3.0361 	 -0.0056 	 -0.1078 	 0.2015 	 -0.2199 	 0.2927 	 0.6434 	 -4.4596 	 5.3760 	 -3.1627
3.0461 	 -0.0081 	 -0.1048 	 0.2078 	 -0.2701 	 0.3267 	 0.6062 	 -5.0420 	 1.2522 	 -3.4705
3.0561 	 -0.0110 	 -0.1015 	 0.2137 	 -0.3156 	 0.3235 	 0.5836 	 -4.0255 	 -1.5226 	 -0.9121
3.0661 	 -0.0144 	 -0.0984 	 0.2196 	 -0.3521 	 0.2988 	 0.5878 	 -3.3134 	 -3.5266 	 1.7371
3.0762 	 -0.0180 	 -0.0957 	 0.2257 	 -0.3789 	 0.2457 	 0.6176 	 -1.5397 	 -7.6626 	 4.0656
3.0862 	 -0.0217 	 -0.0938 	 0.2320 	 -0.3645 	 0.1449 	 0.6537 	 5.0211 	 -11.1191 	 1.8339
3.0962 	 -0.0250 	 -0.0927 	 0.2385 	 -0.3017 	 0.0634 	 0.6479 	 5.6539 	 -4.7851 	 -1.8343
3.1062 	 -0.0279 	 -0.0922 	 0.2450 	 -0.2622 	 0.0342 	 0.6332 	 2.4486 	 -1.8550 	 -0.8317
3.1162 	 -0.0304 	 -0.0919 	 0.2513 	 -0.2466 	 0.0171 	 0.6309 	 0.8814 	 -1.7578 	 0.2876
3.1263 	 -0.0329 	 -0.0919 	 0.2577 	 -0.2413 	 -0.0032 	 0.6367 	 0.2970 	 -2.3481 	 0.7479
3.1363 	 -0.0353 	 -0.0920 	 0.2641 	 -0.2392 	 -0.0299 	 0.6439 	 0.1599 	 -2.9532 	 0.6217
3.1463 	 -0.0377 	 -0.0925 	 0.2705 	 -0.2374 	 -0.0613 	 0.6478 	 0.2083 	 -3.2491 	 0.1096
3.1563 	 -0.0400 	 -0.0933 	 0.2770 	 -0.2349 	 -0.0937 	 0.6458 	 0.2863 	 -3.1430 	 -0.4999
3.1663 	 -0.0424 	 -0.0944 	 0.2834 	 -0.2318 	 -0.1234 	 0.6382 	 0.3208 	 -2.7567 	 -0.9791
3.1764 	 -0.0447 	 -0.0957 	 0.2898 	 -0.2287 	 -0.1486 	 0.6269 	 0.3045 	 -2.2773 	 -1.2576
3.1864 	 -0.0470 	 -0.0973 	 0.2960 	 -0.2258 	 -0.1692 	 0.6136 	 0.2588 	 -1.8313 	 -1.3746
3.1964 	 -0.0492 	 -0.0991 	 0.3021 	 -0.2235 	 -0.1856 	 0.5996 	 0.2060 	 -1.4649 	 -1.3968
3.2064 	 -0.0514 	 -0.1010 	 0.3080 	 -0.2217 	 -0.1988 	 0.5857 	 0.1607 	 -1.1754 	 -1.3753
3.2164 	 -0.0537 	 -0.1031 	 0.3138 	 -0.2202 	 -0.2093 	 0.5721 	 0.1298 	 -0.9418 	 -1.3362
3.2265 	 -0.0559 	 -0.1052 	 0.3195 	 -0.2190 	 -0.2178 	 0.5590 	 0.1141 	 -0.7433 	 -1.2866
3.2365 	 -0.0581 	 -0.1074 	 0.3250 	 -0.2179 	 -0.2243 	 0.5464 	 0.1104 	 -0.5676 	 -1.2239
3.2465 	 -0.0602 	 -0.1097 	 0.3304 	 -0.2168 	 -0.2292 	 0.5345 	 0.1136 	 -0.4114 	 -1.1450
3.2565 	 -0.0624 	 -0.1120 	 0.3357 	 -0.2156 	 -0.2326 	 0.5235 	 0.1187 	 -0.2768 	 -1.0512
3.2665 	 -0.0646 	 -0.1143 	 0.3409 	 -0.2144 	 -0.2348 	 0.5135 	 0.1232 	 -0.1659 	 -0.9484
3.2766 	 -0.0667 	 -0.1167 	 0.3460 	 -0.2132 	 -0.2360 	 0.5045 	 0.1276 	 -0.0791 	 -0.8359
3.2866 	 -0.0688 	 -0.1191 	 0.3510 	 -0.2119 	 -0.2365 	 0.4966 	 0.1295 	 -0.0139 	 -0.7350
3.2966 	 -0.0709 	 -0.1214 	 0.3560 	 -0.2106 	 -0.2364 	 0.4897 	 0.1304 	 0.0327 	 -0.6415
3.3066 	 -0.0730 	 -0.1238 	 0.3609 	 -0.2093 	 -0.2359 	 0.4837 	 0.1306 	 0.0643 	 -0.5570
3.3166 	 -0.0751 	 -0.1261 	 0.3657 	 -0.2080 	 -0.2351 	 0.4785 	 0.1300 	 0.0841 	 -0.4814
3.3267 	 -0.0772 	 -0.1285 	 0.3705 	 -0.2067 	 -0.2342 	 0.4741 	 0.1285 	 0.0946 	 -0.4140
3.3367 	 -0.0793 	 -0.1308 	 0.3752 	 -0.2054 	 -0.2333 	 0.4702 	 0.1259 	 0.0977 	 -0.3536
3.3467 	 -0.0813 	 -0.1332 	 0.3799 	 -0.2041 	 -0.2323 	 0.4670 	 0.1219 	 0.0944 	 -0.2988
3.3567 	 -0.0834 	 -0.1355 	 0.3845 	 -0.2030 	 -0.2314 	 0.4642 	 0.1162 	 0.0853 	 -0.2483
3.3667 	 -0.0854 	 -0.1378 	 0.3892 	 -0.2018 	 -0.2306 	 0.4620 	 0.1086 	 0.0703 	 -0.2008
3.3768 	 -0.0874 	 -0.1401 	 0.3938 	 -0.2008 	 -0.2300 	 0.4602 	 0.0989 	 0.0490 	 -0.1556
3.3868 	 -0.0894 	 -0.1424 	 0.3984 	 -0.1998 	 -0.2296 	 0.4589 	 0.0868 	 0.0205 	 -0.1121
3.3968 	 -0.0914 	 -0.1447 	 0.4030 	 -0.1991 	 -0.2296 	 0.4579 	 0.0720 	 -0.0164 	 -0.0708
3.4068 	 -0.0934 	 -0.1470 	 0.4076 	 -0.1984 	 -0.2300 	 0.4574 	 0.0543 	 -0.0630 	 -0.0326
3.4168 	 -0.0954 	 -0.1493 	 0.4122 	 -0.1980 	 -0.2309 	 0.4573 	 0.0333 	 -0.1202 	 -0.0001
3.4269 	 -0.0974 	 -0.1517 	 0.4168 	 -0.1978 	 -0.2324 	 0.4574 	 0.0087 	 -0.1883 	 0.0230
3.4369 	 -0.0994 	 -0.1540 	 0.4213 	 -0.1978 	 -0.2347 	 0.4577 	 -0.0194 	 -0.2654 	 0.0317
3.4469 	 -0.1013 	 -0.1564 	 0.4259 	 -0.1982 	 -0.2378 	 0.4580 	 -0.0500 	 -0.3466 	 0.0202
3.4569 	 -0.1033 	 -0.1588 	 0.4305 	 -0.1988 	 -0.2416 	 0.4580 	 -0.0814 	 -0.4234 	 -0.0159
3.4669 	 -0.1053 	 -0.1612 	 0.4351 	 -0.1998 	 -0.2462 	 0.4576 	 -0.1105 	 -0.4840 	 -0.0769
3.4770 	 -0.1073 	 -0.1637 	 0.4397 	 -0.2010 	 -0.2513 	 0.4564 	 -0.1336 	 -0.5167 	 -0.1570
3.4870 	 -0.1094 	 -0.1663 	 0.4442 	 -0.2024 	 -0.2565 	 0.4544 	 -0.1478 	 -0.5147 	 -0.2443
3.4970 	 -0.1114 	 -0.1688 	 0.4488 	 -0.2039 	 -0.2615 	 0.4515 	 -0.1520 	 -0.4788 	 -0.3247
3.5070 	 -0.1134 	 -0.1715 	 0.4533 	 -0.2054 	 -0.2660 	 0.4479 	 -0.1474 	 -0.4177 	 -0.3874
3.5170 	 -0.1155 	 -0.1742 	 0.4578 	 -0.2069 	 -0.2698 	 0.4438 	 -0.1368 	 -0.3430 	 -0.4273
3.5271 	 -0.1176 	 -0.1769 	 0.4622 	 -0.2082 	 -0.2728 	 0.4394 	 -0.1229 	 -0.2657 	 -0.4454
3.5371 	 -0.1197 	 -0.1796 	 0.4666 	 -0.2093 	 -0.2751 	 0.4350 	 -0.1084 	 -0.1933 	 -0.4459
3.5471 	 -0.1218 	 -0.1824 	 0.4709 	 -0.2104 	 -0.2767 	 0.4306 	 -0.0947 	 -0.1298 	 -0.4342
3.5571 	 -0.1239 	 -0.1852 	 0.4752 	 -0.2112 	 -0.2778 	 0.4263 	 -0.0827 	 -0.0763 	 -0.4149
3.5671 	 -0.1260 	 -0.1880 	 0.4794 	 -0.2120 	 -0.2783 	 0.4223 	 -0.0726 	 -0.0326 	 -0.3916
3.5772 	 -0.1281 	 -0.1907 	 0.4837 	 -0.2127 	 -0.2784 	 0.4185 	 -0.0644 	 0.0027 	 -0.3668
3.5872 	 -0.1303 	 -0.1935 	 0.4878 	 -0.2133 	 -0.2783 	 0.4149 	 -0.0579 	 0.0307 	 -0.3419
3.5972 	 -0.1324 	 -0.1963 	 0.4920 	 -0.2139 	 -0.2778 	 0.4116 	 -0.0530 	 0.0529 	 -0.3180
3.6072 	 -0.1346 	 -0.1991 	 0.4961 	 -0.2144 	 -0.2772 	 0.4085 	 -0.0493 	 0.0702 	 -0.2953
3.6172 	 -0.1367 	 -0.2019 	 0.5002 	 -0.2149 	 -0.2764 	 0.4057 	 -0.0466 	 0.0838 	 -0.2743
3.6273 	 -0.1389 	 -0.2046 	 0.5042 	 -0.2153 	 -0.2756 	 0.4030 	 -0.0449 	 0.0943 	 -0.2547
3.6373 	 -0.1410 	 -0.2074 	 0.5082 	 -0.2158 	 -0.2746 	 0.4006 	 -0.0438 	 0.1024 	 -0.2367
3.6473 	 -0.1432 	 -0.2101 	 0.5122 	 -0.2162 	 -0.2735 	 0.3983 	 -0.0433 	 0.1085 	 -0.2200
3.6573 	 -0.1454 	 -0.2129 	 0.5162 	 -0.2166 	 -0.2724 	 0.3961 	 -0.0433 	 0.1131 	 -0.2046
3.6673 	 -0.1475 	 -0.2156 	 0.5202 	 -0.2171 	 -0.2712 	 0.3942 	 -0.0437 	 0.1164 	 -0.1903
3.6774 	 -0.1497 	 -0.2183 	 0.5241 	 -0.2175 	 -0.2701 	 0.3923 	 -0.0444 	 0.1186 	 -0.1771
3.6874 	 -0.1519 	 -0.2210 	 0.5280 	 -0.2180 	 -0.2689 	 0.3906 	 -0.0454 	 0.1199 	 -0.1648
3.6974 	 -0.1541 	 -0.2237 	 0.5320 	 -0.2184 	 -0.2677 	 0.3890 	 -0.0466 	 0.1205 	 -0.1533
3.7074 	 -0.1563 	 -0.2264 	 0.5358 	 -0.2189 	 -0.2665 	 0.3875 	 -0.0480 	 0.1205 	 -0.1424
3.7174 	 -0.1585 	 -0.2290 	 0.5397 	 -0.2194 	 -0.2653 	 0.3862 	 -0.0496 	 0.1199 	 -0.1322
3.7275 	 -0.1607 	 -0.2317 	 0.5436 	 -0.2199 	 -0.2641 	 0.3849 	 -0.0514 	 0.1189 	 -0.1226
3.7375 	 -0.1629 	 -0.2343 	 0.5474 	 -0.2204 	 -0.2629 	 0.3837 	 -0.0532 	 0.1175 	 -0.1135
3.7475 	 -0.1651 	 -0.2370 	 0.5513 	 -0.2209 	 -0.2617 	 0.3826 	 -0.0552 	 0.1157 	 -0.1047
3.7575 	 -0.1673 	 -0.2396 	 0.5551 	 -0.2215 	 -0.2606 	 0.3816 	 -0.0574 	 0.1136 	 -0.0964
3.7675 	 -0.1695 	 -0.2422 	 0.5589 	 -0.2221 	 -0.2594 	 0.3807 	 -0.0596 	 0.1112 	 -0.0884
3.7776 	 -0.1718 	 -0.2448 	 0.5627 	 -0.2227 	 -0.2583 	 0.3798 	 -0.0619 	 0.1084 	 -0.0807
3.7876 	 -0.1740 	 -0.2474 	 0.5665 	 -0.2233 	 -0.2573 	 0.3791 	 -0.0643 	 0.1054 	 -0.0733
3.7976 	 -0.1762 	 -0.2499 	 0.5703 	 -0.2240 	 -0.2562 	 0.3784 	 -0.0668 	 0.1022 	 -0.0661
3.8076 	 -0.1785 	 -0.2525 	 0.5741 	 -0.2247 	 -0.2552 	 0.3777 	 -0.0694 	 0.0986 	 -0.0591
3.8176 	 -0.1807 	 -0.2550 	 0.5779 	 -0.2254 	 -0.2542 	 0.3772 	 -0.0722 	 0.0948 	 -0.0523
3.8277 	 -0.1830 	 -0.2576 	 0.5817 	 -0.2261 	 -0.2533 	 0.3767 	 -0.0750 	 0.0907 	 -0.0456
3.8377 	 -0.1853 	 -0.2601 	 0.5854 	 -0.2269 	 -0.2524 	 0.3763 	 -0.0779 	 0.0864 	 -0.0391
3.8477 	 -0.1875 	 -0.2627 	 0.5892 	 -0.2277 	 -0.2516 	 0.3759 	 -0.0809 	 0.0818 	 -0.0327
3.8577 	 -0.1898 	 -0.2652 	 0.5930 	 -0.2285 	 -0.2508 	 0.3756 	 -0.0841 	 0.0769 	 -0.0265
3.8677 	 -0.1921 	 -0.2677 	 0.5967 	 -0.2294 	 -0.2500 	 0.3754 	 -0.0874 	 0.0717 	 -0.0202
3.8778 	 -0.1944 	 -0.2702 	 0.6005 	 -0.2303 	 -0.2493 	 0.3752 	 -0.0908 	 0.0663 	 -0.0141
3.8878 	 -0.1967 	 -0.2727 	 0.6043 	 -0.2312 	 -0.2487 	 0.3751 	 -0.0943 	 0.0605 	 -0.0080
3.8978 	 -0.1991 	 -0.2752 	 0.6080 	 -0.2322 	 -0.2481 	 0.3750 	 -0.0980 	 0.0545 	 -0.0020
3.9078 	 -0.2014 	 -0.2776 	 0.6118 	 -0.2332 	 -0.2476 	 0.3751 	 -0.1018 	 0.0482 	 0.0040
3.9178 	 -0.2037 	 -0.2801 	 0.6155 	 -0.2342 	 -0.2472 	 0.3751 	 -0.1058 	 0.0416 	 0.0100
3.9279 	 -0.2061 	 -0.2826 	 0.6193 	 -0.2353 	 -0.2468 	 0.3753 	 -0.1099 	 0.0347 	 0.0160
3.9379 	 -0.2084 	 -0.2851 	 0.6231 	 -0.2364 	 -0.2465 	 0.3754 	 -0.1142 	 0.0276 	 0.0221
3.9479 	 -0.2108 	 -0.2875 	 0.6268 	 -0.2376 	 -0.2462 	 0.3757 	 -0.1187 	 0.0202 	 0.0282
3.9579 	 -0.2132 	 -0.2900 	 0.6306 	 -0.2388 	 -0.2461 	 0.3760 	 -0.1233 	 0.0127 	 0.0344
3.9679 	 -0.2156 	 -0.2925 	 0.6344 	 -0.2400 	 -0.2460 	 0.3764 	 -0.1280 	 0.0052 	 0.0407
3.9780 	 -0.2180 	 -0.2949 	 0.6381 	 -0.2413 	 -0.2460 	 0.3768 	 -0.1329 	 -0.0024 	 0.0472
3.9880 	 -0.2204 	 -0.2974 	 0.6419 	 -0.2427 	 -0.2460 	 0.3773 	 -0.1379 	 -0.0098 	 0.0539
3.9980 	 -0.2229 	 -0.2999 	 0.6457 	 -0.2441 	 -0.2462 	 0.3779 	 -0.1429 	 -0.0169 	 0.0608
4.0080 	 -0.2253 	 -0.3023 	 0.6495 	 -0.2456 	 -0.2464 	 0.3786 	 -0.1480 	 -0.0235 	 0.0681
4.0180 	 -0.2278 	 -0.3048 	 0.6533 	 -0.2471 	 -0.2466 	 0.3793 	 -0.1531 	 -0.0293 	 0.0759
4.0281 	 -0.2303 	 -0.3073 	 0.6571 	 -0.2486 	 -0.2469 	 0.3801 	 -0.1581 	 -0.0338 	 0.0841
4.0381 	 -0.2328 	 -0.3098 	 0.6609 	 -0.2502 	 -0.2473 	 0.3810 	 -0.1630 	 -0.0367 	 0.0930
4.0481 	 -0.2353 	 -0.3122 	 0.6647 	 -0.2519 	 -0.2477 	 0.3819 	 -0.1676 	 -0.0374 	 0.1026
4.0581 	 -0.2378 	 -0.3147 	 0.6686 	 -0.2536 	 -0.2480 	 0.3830 	 -0.1719 	 -0.0353 	 0.1130
4.0681 	 -0.2404 	 -0.3172 	 0.6724 	 -0.2553 	 -0.2484 	 0.3842 	 -0.1756 	 -0.0294 	 0.1241
4.0782 	 -0.2430 	 -0.3197 	 0.6763 	 -0.2571 	 -0.2486 	 0.3855 	 -0.1785 	 -0.0190 	 0.1360
4.0882 	 -0.2455 	 -0.3222 	 0.6801 	 -0.2589 	 -0.2487 	 0.3869 	 -0.1805 	 -0.0030 	 0.1483
4.0982 	 -0.2481 	 -0.3247 	 0.6840 	 -0.2607 	 -0.2487 	 0.3885 	 -0.1812 	 0.0196 	 0.1606
4.1082 	 -0.2508 	 -0.3272 	 0.6879 	 -0.2625 	 -0.2483 	 0.3902 	 -0.1803 	 0.0499 	 0.1721
4.1182 	 -0.2534 	 -0.3297 	 0.6918 	 -0.2643 	 -0.2476 	 0.3919 	 -0.1774 	 0.0885 	 0.1816
4.1283 	 -0.2561 	 -0.3321 	 0.6958 	 -0.2661 	 -0.2465 	 0.3938 	 -0.1722 	 0.1356 	 0.1876
4.1383 	 -0.2587 	 -0.3346 	 0.6997 	 -0.2678 	 -0.2449 	 0.3957 	 -0.1644 	 0.1908 	 0.1881
4.1483 	 -0.2614 	 -0.3370 	 0.7037 	 -0.2694 	 -0.2427 	 0.3975 	 -0.1538 	 0.2527 	 0.1810
4.1583 	 -0.2641 	 -0.3394 	 0.7077 	 -0.2709 	 -0.2398 	 0.3993 	 -0.1404 	 0.3187 	 0.1648
4.1683 	 -0.2669 	 -0.3418 	 0.7117 	 -0.2722 	 -0.2363 	 0.4008 	 -0.1245 	 0.3854 	 0.1383
4.1784 	 -0.2696 	 -0.3442 	 0.7157 	 -0.2733 	 -0.2321 	 0.4020 	 -0.1065 	 0.4490 	 0.1017
4.1884 	 -0.2723 	 -0.3465 	 0.7197 	 -0.2743 	 -0.2273 	 0.4028 	 -0.0873 	 0.5055 	 0.0565
4.1984 	 -0.2751 	 -0.3487 	 0.7238 	 -0.2751 	 -0.2220 	 0.4031 	 -0.0678 	 0.5522 	 0.0053
4.2084 	 -0.2778 	 -0.3509 	 0.7278 	 -0.2757 	 -0.2163 	 0.4029 	 -0.0488 	 0.5874 	 -0.0485
4.2184 	 -0.2806 	 -0.3531 	 0.7319 	 -0.2761 	 -0.2103 	 0.4021 	 -0.0312 	 0.6109 	 -0.1016
4.2285 	 -0.2834 	 -0.3551 	 0.7359 	 -0.2763 	 -0.2041 	 0.4009 	 -0.0153 	 0.6240 	 -0.1511
4.2385 	 -0.2861 	 -0.3572 	 0.7399 	 -0.2764 	 -0.1978 	 0.3991 	 -0.0015 	 0.6285 	 -0.1951
4.2485 	 -0.2889 	 -0.3591 	 0.7439 	 -0.2763 	 -0.1915 	 0.3970 	 0.0102 	 0.6267 	 -0.2325
4.2585 	 -0.2917 	 -0.3610 	 0.7478 	 -0.2762 	 -0.1852 	 0.3945 	 0.0200 	 0.6210 	 -0.2631
4.2685 	 -0.2944 	 -0.3628 	 0.7518 	 -0.2759 	 -0.1791 	 0.3917 	 0.0280 	 0.6136 	 -0.2870
4.2786 	 -0.2972 	 -0.3646 	 0.7557 	 -0.2756 	 -0.1729 	 0.3888 	 0.0349 	 0.6072 	 -0.3046
4.2886 	 -0.3000 	 -0.3663 	 0.7596 	 -0.2752 	 -0.1669 	 0.3857 	 0.0439 	 0.6024 	 -0.3155
4.2986 	 -0.3027 	 -0.3679 	 0.7634 	 -0.2747 	 -0.1609 	 0.3825 	 0.0567 	 0.5909 	 -0.3217
4.3086 	 -0.3055 	 -0.3695 	 0.7672 	 -0.2741 	 -0.1551 	 0.3792 	 0.0670 	 0.5706 	 -0.3274
4.3186 	 -0.3082 	 -0.3710 	 0.7710 	 -0.2734 	 -0.1495 	 0.3759 	 0.0747 	 0.5464 	 -0.3316
4.3287 	 -0.3109 	 -0.3725 	 0.7748 	 -0.2726 	 -0.1441 	 0.3726 	 0.0804 	 0.5198 	 -0.3339
4.3387 	 -0.3137 	 -0.3739 	 0.7785 	 -0.2718 	 -0.1391 	 0.3692 	 0.0843 	 0.4920 	 -0.3344
4.3487 	 -0.3164 	 -0.3753 	 0.7822 	 -0.2709 	 -0.1343 	 0.3659 	 0.0869 	 0.4642 	 -0.3333
4.3587 	 -0.3191 	 -0.3766 	 0.7858 	 -0.2701 	 -0.1298 	 0.3625 	 0.0884 	 0.4368 	 -0.3308
4.3687 	 -0.3218 	 -0.3779 	 0.7894 	 -0.2692 	 -0.1255 	 0.3592 	 0.0891 	 0.4104 	 -0.3270
4.3788 	 -0.3245 	 -0.3791 	 0.7930 	 -0.2683 	 -0.1215 	 0.3560 	 0.0891 	 0.3853 	 -0.3223
4.3888 	 -0.3272 	 -0.3803 	 0.7966 	 -0.2674 	 -0.1178 	 0.3528 	 0.0887 	 0.3617 	 -0.3168
4.3988 	 -0.3299 	 -0.3815 	 0.8001 	 -0.2665 	 -0.1143 	 0.3496 	 0.0879 	 0.3397 	 -0.3107
4.4088 	 -0.3325 	 -0.3826 	 0.8036 	 -0.2656 	 -0.1110 	 0.3466 	 0.0869 	 0.3194 	 -0.3042
4.4188 	 -0.3352 	 -0.3837 	 0.8070 	 -0.2648 	 -0.1079 	 0.3436 	 0.0857 	 0.3006 	 -0.2974
4.4289 	 -0.3378 	 -0.3848 	 0.8105 	 -0.2639 	 -0.1049 	 0.3406 	 0.0843 	 0.2833 	 -0.2904
4.4389 	 -0.3405 	 -0.3858 	 0.8139 	 -0.2631 	 -0.1022 	 0.3377 	 0.0829 	 0.2675 	 -0.2834
4.4489 	 -0.3431 	 -0.3868 	 0.8172 	 -0.2622 	 -0.0996 	 0.3349 	 0.0815 	 0.2530 	 -0.2764
4.4589 	 -0.3457 	 -0.3878 	 0.8206 	 -0.2614 	 -0.0971 	 0.3322 	 0.0800 	 0.2398 	 -0.2695
4.4689 	 -0.3483 	 -0.3888 	 0.8239 	 -0.2606 	 -0.0948 	 0.3295 	 0.0785 	 0.2277 	 -0.2627
4.4790 	 -0.3509 	 -0.3897 	 0.8272 	 -0.2599 	 -0.0925 	 0.3269 	 0.0771 	 0.2167 	 -0.2560
4.4890 	 -0.3535 	 -0.3906 	 0.8304 	 -0.2591 	 -0.0904 	 0.3244 	 0.0756 	 0.2066 	 -0.2496
4.4990 	 -0.3561 	 -0.3915 	 0.8337 	 -0.2583 	 -0.0884 	 0.3219 	 0.0742 	 0.1973 	 -0.2433
4.5090 	 -0.3587 	 -0.3924 	 0.8369 	 -0.2576 	 -0.0865 	 0.3195 	 0.0729 	 0.1889 	 -0.2372
4.5190 	 -0.3613 	 -0.3933 	 0.8401 	 -0.2569 	 -0.0846 	 0.3172 	 0.0715 	 0.1811 	 -0.2314
4.5291 	 -0.3639 	 -0.3941 	 0.8432 	 -0.2562 	 -0.0828 	 0.3149 	 0.0702 	 0.1740 	 -0.2258
4.5391 	 -0.3664 	 -0.3949 	 0.8464 	 -0.2555 	 -0.0811 	 0.3126 	 0.0690 	 0.1675 	 -0.2204
4.5491 	 -0.3690 	 -0.3957 	 0.8495 	 -0.2548 	 -0.0795 	 0.3105 	 0.0678 	 0.1615 	 -0.2152
4.5591 	 -0.3715 	 -0.3965 	 0.8526 	 -0.2541 	 -0.0779 	 0.3083 	 0.0666 	 0.1559 	 -0.2102
4.5691 	 -0.3741 	 -0.3973 	 0.8557 	 -0.2535 	 -0.0764 	 0.3063 	 0.0655 	 0.1508 	 -0.2054
4.5792 	 -0.3766 	 -0.3981 	 0.8587 	 -0.2528 	 -0.0749 	 0.3042 	 0.0644 	 0.1461 	 -0.2008
4.5892 	 -0.3792 	 -0.3988 	 0.8618 	 -0.2522 	 -0.0734 	 0.3022 	 0.0634 	 0.1417 	 -0.1964
4.5992 	 -0.3817 	 -0.3995 	 0.8648 	 -0.2515 	 -0.0720 	 0.3003 	 0.0624 	 0.1376 	 -0.1922
4.6092 	 -0.3842 	 -0.4002 	 0.8678 	 -0.2509 	 -0.0707 	 0.2984 	 0.0614 	 0.1339 	 -0.1882
4.6192 	 -0.3867 	 -0.4009 	 0.8708 	 -0.2503 	 -0.0693 	 0.2965 	 0.0605 	 0.1304 	 -0.1843
4.6293 	 -0.3892 	 -0.4016 	 0.8737 	 -0.2497 	 -0.0680 	 0.2947 	 0.0596 	 0.1271 	 -0.1806
4.6393 	 -0.3917 	 -0.4023 	 0.8767 	 -0.2491 	 -0.0668 	 0.2929 	 0.0587 	 0.1240 	 -0.1771
4.6493 	 -0.3942 	 -0.4030 	 0.8796 	 -0.2485 	 -0.0656 	 0.2911 	 0.0579 	 0.1212 	 -0.1737
4.6593 	 -0.3967 	 -0.4036 	 0.8825 	 -0.2480 	 -0.0644 	 0.2894 	 0.0571 	 0.1185 	 -0.1704
4.6693 	 -0.3992 	 -0.4043 	 0.8854 	 -0.2474 	 -0.0632 	 0.2877 	 0.0563 	 0.1160 	 -0.1673
4.6794 	 -0.4016 	 -0.4049 	 0.8883 	 -0.2468 	 -0.0620 	 0.2861 	 0.0556 	 0.1136 	 -0.1642
4.6894 	 -0.4041 	 -0.4055 	 0.8911 	 -0.2463 	 -0.0609 	 0.2844 	 0.0549 	 0.1114 	 -0.1614
4.6994 	 -0.4066 	 -0.4061 	 0.8940 	 -0.2457 	 -0.0598 	 0.2828 	 0.0542 	 0.1093 	 -0.1586
4.7094 	 -0.4090 	 -0.4067 	 0.8968 	 -0.2452 	 -0.0587 	 0.2812 	 0.0535 	 0.1074 	 -0.1559
4.7194 	 -0.4115 	 -0.4073 	 0.8996 	 -0.2447 	 -0.0577 	 0.2797 	 0.0529 	 0.1055 	 -0.1534
4.7295 	 -0.4139 	 -0.4079 	 0.9024 	 -0.2441 	 -0.0566 	 0.2782 	 0.0523 	 0.1038 	 -0.1509
4.7395 	 -0.4164 	 -0.4084 	 0.9052 	 -0.2436 	 -0.0556 	 0.2767 	 0.0517 	 0.1021 	 -0.1485
4.7495 	 -0.4188 	 -0.4090 	 0.9080 	 -0.2431 	 -0.0546 	 0.2752 	 0.0511 	 0.1005 	 -0.1462
4.7595 	 -0.4213 	 -0.4095 	 0.9107 	 -0.2426 	 -0.0536 	 0.2737 	 0.0505 	 0.0990 	 -0.1440
4.7695 	 -0.4237 	 -0.4100 	 0.9135 	 -0.2421 	 -0.0526 	 0.2723 	 0.0500 	 0.0976 	 -0.1419
4.7796 	 -0.4261 	 -0.4106 	 0.9162 	 -0.2416 	 -0.0516 	 0.2709 	 0.0495 	 0.0963 	 -0.1399
4.7896 	 -0.4285 	 -0.4111 	 0.9189 	 -0.2411 	 -0.0506 	 0.2695 	 0.0490 	 0.0950 	 -0.1379
4.7996 	 -0.4309 	 -0.4116 	 0.9216 	 -0.2406 	 -0.0497 	 0.2681 	 0.0485 	 0.0938 	 -0.1360
4.8096 	 -0.4334 	 -0.4121 	 0.9243 	 -0.2401 	 -0.0488 	 0.2668 	 0.0480 	 0.0926 	 -0.1342
4.8196 	 -0.4358 	 -0.4126 	 0.9269 	 -0.2396 	 -0.0478 	 0.2654 	 0.0476 	 0.0915 	 -0.1324
4.8297 	 -0.4382 	 -0.4130 	 0.9296 	 -0.2392 	 -0.0469 	 0.2641 	 0.0471 	 0.0905 	 -0.1307
4.8397 	 -0.4405 	 -0.4135 	 0.9322 	 -0.2387 	 -0.0460 	 0.2628 	 0.0467 	 0.0894 	 -0.1290
4.8497 	 -0.4429 	 -0.4140 	 0.9348 	 -0.2382 	 -0.0451 	 0.2615 	 0.0463 	 0.0885 	 -0.1274
4.8597 	 -0.4453 	 -0.4144 	 0.9375 	 -0.2378 	 -0.0443 	 0.2603 	 0.0459 	 0.0875 	 -0.1259
4.8697 	 -0.4477 	 -0.4148 	 0.9401 	 -0.2373 	 -0.0434 	 0.2590 	 0.0455 	 0.0867 	 -0.1244
4.8798 	 -0.4501 	 -0.4153 	 0.9426 	 -0.2368 	 -0.0425 	 0.2578 	 0.0451 	 0.0858 	 -0.1229
4.8898 	 -0.4524 	 -0.4157 	 0.9452 	 -0.2364 	 -0.0417 	 0.2566 	 0.0448 	 0.0850 	 -0.1215
4.8998 	 -0.4548 	 -0.4161 	 0.9478 	 -0.2360 	 -0.0408 	 0.2553 	 0.0444 	 0.0842 	 -0.1202
4.9098 	 -0.4572 	 -0.4165 	 0.9503 	 -0.2355 	 -0.0400 	 0.2541 	 0.0441 	 0.0835 	 -0.1189
4.9198 	 -0.4595 	 -0.4169 	 0.9529 	 -0.2351 	 -0.0391 	 0.2530 	 0.0437 	 0.0827 	 -0.1176
4.9299 	 -0.4619 	 -0.4173 	 0.9554 	 -0.2346 	 -0.0383 	 0.2518 	 0.0434 	 0.0820 	 -0.1163
4.9399 	 -0.4642 	 -0.4177 	 0.9579 	 -0.2342 	 -0.0375 	 0.2506 	 0.0431 	 0.0814 	 -0.1151
4.9499 	 -0.4666 	 -0.4180 	 0.9604 	 -0.2338 	 -0.0367 	 0.2495 	 0.0428 	 0.0807 	 -0.1140
4.9599 	 -0.4689 	 -0.4184 	 0.9629 	 -0.2333 	 -0.0359 	 0.2483 	 0.0425 	 0.0801 	 -0.1128
4.9699 	 -0.4713 	 -0.4188 	 0.9654 	 -0.2329 	 -0.0351 	 0.2472 	 0.0422 	 0.0795 	 -0.1117
4.9800 	 -0.4736 	 -0.4191 	 0.9679 	 -0.2325 	 -0.0343 	 0.2461 	 0.0419 	 0.0789 	 -0.1107
4.9900 	 -0.4759 	 -0.4195 	 0.9703 	 -0.2321 	 -0.0335 	 0.2450 	 0.0416 	 0.0783 	 -0.1096
