100-Body Run with i = 74 th particle. (Units in pc,M_solar,Myr, km s-1) 

time		 x 		 y 		 z 		 xdot 		 ydot 		 zdot 		 xddot 		 yddot 		 zddot
0.0000 	 -0.8262 	 -0.4732 	 0.4752 	 0.0053 	 0.0115 	 0.0533 	 0.1821 	 0.0843 	 -0.0699
0.0100 	 -0.8262 	 -0.4730 	 0.4757 	 0.0071 	 0.0123 	 0.0526 	 0.1821 	 0.0842 	 -0.0699
0.0200 	 -0.8261 	 -0.4729 	 0.4763 	 0.0089 	 0.0132 	 0.0519 	 0.1821 	 0.0843 	 -0.0700
0.0301 	 -0.8260 	 -0.4728 	 0.4768 	 0.0108 	 0.0140 	 0.0512 	 0.1822 	 0.0845 	 -0.0699
0.0401 	 -0.8259 	 -0.4726 	 0.4773 	 0.0126 	 0.0149 	 0.0505 	 0.1809 	 0.0844 	 -0.0697
0.0501 	 -0.8257 	 -0.4725 	 0.4778 	 0.0144 	 0.0157 	 0.0498 	 0.1787 	 0.0835 	 -0.0672
0.0601 	 -0.8256 	 -0.4723 	 0.4783 	 0.0162 	 0.0165 	 0.0491 	 0.1788 	 0.0840 	 -0.0659
0.0701 	 -0.8254 	 -0.4721 	 0.4788 	 0.0180 	 0.0174 	 0.0485 	 0.1789 	 0.0847 	 -0.0650
0.0802 	 -0.8252 	 -0.4720 	 0.4793 	 0.0198 	 0.0182 	 0.0478 	 0.1788 	 0.0854 	 -0.0640
0.0902 	 -0.8250 	 -0.4718 	 0.4797 	 0.0215 	 0.0191 	 0.0472 	 0.1784 	 0.0858 	 -0.0628
0.1002 	 -0.8248 	 -0.4716 	 0.4802 	 0.0233 	 0.0200 	 0.0466 	 0.1777 	 0.0859 	 -0.0616
0.1102 	 -0.8246 	 -0.4714 	 0.4807 	 0.0251 	 0.0208 	 0.0460 	 0.1768 	 0.0854 	 -0.0606
0.1202 	 -0.8243 	 -0.4712 	 0.4811 	 0.0269 	 0.0217 	 0.0454 	 0.1759 	 0.0846 	 -0.0598
0.1303 	 -0.8240 	 -0.4709 	 0.4816 	 0.0286 	 0.0225 	 0.0448 	 0.1750 	 0.0836 	 -0.0593
0.1403 	 -0.8237 	 -0.4707 	 0.4820 	 0.0304 	 0.0233 	 0.0442 	 0.1743 	 0.0825 	 -0.0590
0.1503 	 -0.8234 	 -0.4705 	 0.4825 	 0.0321 	 0.0242 	 0.0436 	 0.1737 	 0.0814 	 -0.0588
0.1603 	 -0.8231 	 -0.4702 	 0.4829 	 0.0339 	 0.0250 	 0.0430 	 0.1750 	 0.0803 	 -0.0590
0.1703 	 -0.8227 	 -0.4700 	 0.4833 	 0.0357 	 0.0257 	 0.0424 	 0.1854 	 0.0670 	 -0.0582
0.1804 	 -0.8224 	 -0.4697 	 0.4837 	 0.0374 	 0.0264 	 0.0419 	 0.1676 	 0.0660 	 -0.0543
0.1904 	 -0.8220 	 -0.4695 	 0.4842 	 0.0391 	 0.0271 	 0.0413 	 0.1649 	 0.0712 	 -0.0551
0.2004 	 -0.8216 	 -0.4692 	 0.4846 	 0.0408 	 0.0278 	 0.0407 	 0.1645 	 0.0723 	 -0.0554
0.2104 	 -0.8212 	 -0.4689 	 0.4850 	 0.0424 	 0.0285 	 0.0402 	 0.1644 	 0.0723 	 -0.0555
0.2204 	 -0.8207 	 -0.4686 	 0.4854 	 0.0441 	 0.0292 	 0.0396 	 0.1642 	 0.0720 	 -0.0554
0.2305 	 -0.8203 	 -0.4683 	 0.4858 	 0.0457 	 0.0299 	 0.0391 	 0.1639 	 0.0717 	 -0.0554
0.2405 	 -0.8198 	 -0.4680 	 0.4862 	 0.0473 	 0.0307 	 0.0385 	 0.1637 	 0.0714 	 -0.0554
0.2505 	 -0.8193 	 -0.4677 	 0.4865 	 0.0490 	 0.0314 	 0.0380 	 0.1635 	 0.0710 	 -0.0553
0.2605 	 -0.8188 	 -0.4674 	 0.4869 	 0.0506 	 0.0321 	 0.0374 	 0.1633 	 0.0707 	 -0.0553
0.2705 	 -0.8183 	 -0.4671 	 0.4873 	 0.0522 	 0.0328 	 0.0369 	 0.1631 	 0.0704 	 -0.0553
0.2806 	 -0.8178 	 -0.4667 	 0.4877 	 0.0539 	 0.0335 	 0.0363 	 0.1629 	 0.0701 	 -0.0553
0.2906 	 -0.8172 	 -0.4664 	 0.4880 	 0.0555 	 0.0342 	 0.0358 	 0.1627 	 0.0699 	 -0.0553
0.3006 	 -0.8167 	 -0.4660 	 0.4884 	 0.0571 	 0.0349 	 0.0352 	 0.1625 	 0.0697 	 -0.0553
0.3106 	 -0.8161 	 -0.4657 	 0.4887 	 0.0588 	 0.0356 	 0.0346 	 0.1623 	 0.0695 	 -0.0554
0.3206 	 -0.8155 	 -0.4653 	 0.4891 	 0.0604 	 0.0363 	 0.0341 	 0.1622 	 0.0693 	 -0.0555
0.3307 	 -0.8149 	 -0.4650 	 0.4894 	 0.0620 	 0.0370 	 0.0335 	 0.1620 	 0.0692 	 -0.0556
0.3407 	 -0.8143 	 -0.4646 	 0.4897 	 0.0636 	 0.0377 	 0.0330 	 0.1619 	 0.0690 	 -0.0557
0.3507 	 -0.8136 	 -0.4642 	 0.4901 	 0.0653 	 0.0384 	 0.0324 	 0.1618 	 0.0689 	 -0.0558
0.3607 	 -0.8129 	 -0.4638 	 0.4904 	 0.0669 	 0.0391 	 0.0319 	 0.1617 	 0.0688 	 -0.0559
0.3707 	 -0.8123 	 -0.4634 	 0.4907 	 0.0685 	 0.0397 	 0.0313 	 0.1616 	 0.0688 	 -0.0561
0.3808 	 -0.8116 	 -0.4630 	 0.4910 	 0.0701 	 0.0404 	 0.0307 	 0.1616 	 0.0687 	 -0.0562
0.3908 	 -0.8109 	 -0.4626 	 0.4913 	 0.0717 	 0.0411 	 0.0302 	 0.1615 	 0.0687 	 -0.0564
0.4008 	 -0.8101 	 -0.4622 	 0.4916 	 0.0734 	 0.0418 	 0.0296 	 0.1615 	 0.0687 	 -0.0566
0.4108 	 -0.8094 	 -0.4618 	 0.4919 	 0.0750 	 0.0425 	 0.0290 	 0.1615 	 0.0687 	 -0.0569
0.4208 	 -0.8086 	 -0.4613 	 0.4922 	 0.0766 	 0.0432 	 0.0285 	 0.1616 	 0.0687 	 -0.0571
0.4309 	 -0.8079 	 -0.4609 	 0.4925 	 0.0782 	 0.0439 	 0.0279 	 0.1616 	 0.0688 	 -0.0574
0.4409 	 -0.8071 	 -0.4605 	 0.4928 	 0.0798 	 0.0446 	 0.0273 	 0.1617 	 0.0688 	 -0.0577
0.4509 	 -0.8063 	 -0.4600 	 0.4930 	 0.0815 	 0.0453 	 0.0267 	 0.1617 	 0.0689 	 -0.0580
0.4609 	 -0.8054 	 -0.4596 	 0.4933 	 0.0831 	 0.0459 	 0.0262 	 0.1618 	 0.0690 	 -0.0583
0.4709 	 -0.8046 	 -0.4591 	 0.4936 	 0.0847 	 0.0466 	 0.0256 	 0.1619 	 0.0691 	 -0.0587
0.4810 	 -0.8037 	 -0.4586 	 0.4938 	 0.0863 	 0.0473 	 0.0250 	 0.1621 	 0.0692 	 -0.0591
0.4910 	 -0.8029 	 -0.4581 	 0.4941 	 0.0879 	 0.0480 	 0.0244 	 0.1622 	 0.0694 	 -0.0595
0.5010 	 -0.8020 	 -0.4577 	 0.4943 	 0.0896 	 0.0487 	 0.0238 	 0.1624 	 0.0695 	 -0.0599
0.5110 	 -0.8011 	 -0.4572 	 0.4945 	 0.0912 	 0.0494 	 0.0232 	 0.1557 	 0.0657 	 -0.0590
0.5210 	 -0.8001 	 -0.4567 	 0.4948 	 0.0928 	 0.0501 	 0.0226 	 0.1560 	 0.0665 	 -0.0591
0.5311 	 -0.7992 	 -0.4562 	 0.4950 	 0.0943 	 0.0507 	 0.0220 	 0.1561 	 0.0668 	 -0.0596
0.5411 	 -0.7983 	 -0.4556 	 0.4952 	 0.0959 	 0.0514 	 0.0214 	 0.1563 	 0.0670 	 -0.0601
0.5511 	 -0.7973 	 -0.4551 	 0.4954 	 0.0974 	 0.0521 	 0.0208 	 0.1564 	 0.0673 	 -0.0607
0.5611 	 -0.7963 	 -0.4546 	 0.4956 	 0.0990 	 0.0528 	 0.0202 	 0.1566 	 0.0676 	 -0.0612
0.5711 	 -0.7953 	 -0.4541 	 0.4958 	 0.1006 	 0.0534 	 0.0196 	 0.1567 	 0.0678 	 -0.0618
0.5812 	 -0.7943 	 -0.4535 	 0.4960 	 0.1022 	 0.0541 	 0.0189 	 0.1568 	 0.0681 	 -0.0624
0.5912 	 -0.7933 	 -0.4530 	 0.4962 	 0.1037 	 0.0548 	 0.0183 	 0.1569 	 0.0685 	 -0.0630
0.6012 	 -0.7922 	 -0.4524 	 0.4964 	 0.1053 	 0.0555 	 0.0177 	 0.1569 	 0.0688 	 -0.0637
0.6112 	 -0.7911 	 -0.4519 	 0.4966 	 0.1069 	 0.0562 	 0.0170 	 0.1570 	 0.0691 	 -0.0643
0.6212 	 -0.7901 	 -0.4513 	 0.4967 	 0.1084 	 0.0569 	 0.0164 	 0.1570 	 0.0694 	 -0.0649
0.6313 	 -0.7890 	 -0.4507 	 0.4969 	 0.1100 	 0.0576 	 0.0157 	 0.1569 	 0.0697 	 -0.0655
0.6413 	 -0.7879 	 -0.4502 	 0.4970 	 0.1116 	 0.0583 	 0.0151 	 0.1569 	 0.0700 	 -0.0660
0.6513 	 -0.7867 	 -0.4496 	 0.4972 	 0.1132 	 0.0590 	 0.0144 	 0.1568 	 0.0703 	 -0.0665
0.6613 	 -0.7856 	 -0.4490 	 0.4973 	 0.1147 	 0.0597 	 0.0137 	 0.1567 	 0.0705 	 -0.0670
0.6713 	 -0.7844 	 -0.4484 	 0.4975 	 0.1163 	 0.0604 	 0.0131 	 0.1565 	 0.0707 	 -0.0674
0.6814 	 -0.7833 	 -0.4478 	 0.4976 	 0.1179 	 0.0611 	 0.0124 	 0.1546 	 0.0701 	 -0.0679
0.6914 	 -0.7821 	 -0.4471 	 0.4977 	 0.1194 	 0.0618 	 0.0117 	 0.1512 	 0.0672 	 -0.0683
0.7014 	 -0.7809 	 -0.4465 	 0.4978 	 0.1209 	 0.0624 	 0.0110 	 0.1506 	 0.0662 	 -0.0685
0.7114 	 -0.7797 	 -0.4459 	 0.4979 	 0.1224 	 0.0631 	 0.0103 	 0.1503 	 0.0659 	 -0.0686
0.7214 	 -0.7784 	 -0.4453 	 0.4980 	 0.1239 	 0.0638 	 0.0097 	 0.1501 	 0.0657 	 -0.0687
0.7315 	 -0.7772 	 -0.4446 	 0.4981 	 0.1254 	 0.0644 	 0.0090 	 0.1500 	 0.0655 	 -0.0688
0.7415 	 -0.7759 	 -0.4440 	 0.4982 	 0.1269 	 0.0651 	 0.0083 	 0.1499 	 0.0653 	 -0.0688
0.7515 	 -0.7746 	 -0.4433 	 0.4983 	 0.1284 	 0.0657 	 0.0076 	 0.1498 	 0.0650 	 -0.0687
0.7615 	 -0.7733 	 -0.4427 	 0.4984 	 0.1299 	 0.0664 	 0.0069 	 0.1498 	 0.0647 	 -0.0687
0.7715 	 -0.7720 	 -0.4420 	 0.4984 	 0.1314 	 0.0670 	 0.0062 	 0.1498 	 0.0644 	 -0.0686
0.7816 	 -0.7707 	 -0.4413 	 0.4985 	 0.1329 	 0.0677 	 0.0055 	 0.1498 	 0.0639 	 -0.0686
0.7916 	 -0.7694 	 -0.4406 	 0.4985 	 0.1344 	 0.0683 	 0.0048 	 0.1499 	 0.0635 	 -0.0685
0.8016 	 -0.7680 	 -0.4399 	 0.4986 	 0.1359 	 0.0689 	 0.0042 	 0.1500 	 0.0630 	 -0.0684
0.8116 	 -0.7666 	 -0.4392 	 0.4986 	 0.1374 	 0.0696 	 0.0035 	 0.1501 	 0.0625 	 -0.0684
0.8216 	 -0.7653 	 -0.4385 	 0.4987 	 0.1389 	 0.0702 	 0.0028 	 0.1503 	 0.0620 	 -0.0684
0.8317 	 -0.7639 	 -0.4378 	 0.4987 	 0.1404 	 0.0708 	 0.0021 	 0.1505 	 0.0615 	 -0.0684
0.8417 	 -0.7624 	 -0.4371 	 0.4987 	 0.1420 	 0.0714 	 0.0014 	 0.1506 	 0.0610 	 -0.0684
0.8517 	 -0.7610 	 -0.4364 	 0.4987 	 0.1435 	 0.0720 	 0.0007 	 0.1508 	 0.0605 	 -0.0685
0.8617 	 -0.7596 	 -0.4357 	 0.4987 	 0.1450 	 0.0726 	 0.0000 	 0.1510 	 0.0600 	 -0.0686
0.8717 	 -0.7581 	 -0.4350 	 0.4987 	 0.1465 	 0.0732 	 -0.0007 	 0.1513 	 0.0595 	 -0.0687
0.8818 	 -0.7566 	 -0.4342 	 0.4987 	 0.1480 	 0.0738 	 -0.0013 	 0.1515 	 0.0590 	 -0.0689
0.8918 	 -0.7551 	 -0.4335 	 0.4987 	 0.1495 	 0.0744 	 -0.0020 	 0.1517 	 0.0586 	 -0.0691
0.9018 	 -0.7536 	 -0.4327 	 0.4987 	 0.1510 	 0.0750 	 -0.0027 	 0.1519 	 0.0582 	 -0.0693
0.9118 	 -0.7521 	 -0.4320 	 0.4986 	 0.1526 	 0.0756 	 -0.0034 	 0.1521 	 0.0577 	 -0.0695
0.9218 	 -0.7506 	 -0.4312 	 0.4986 	 0.1541 	 0.0762 	 -0.0041 	 0.1524 	 0.0573 	 -0.0698
0.9319 	 -0.7490 	 -0.4304 	 0.4985 	 0.1556 	 0.0767 	 -0.0048 	 0.1526 	 0.0570 	 -0.0701
0.9419 	 -0.7475 	 -0.4297 	 0.4985 	 0.1572 	 0.0773 	 -0.0055 	 0.1528 	 0.0566 	 -0.0704
0.9519 	 -0.7459 	 -0.4289 	 0.4984 	 0.1587 	 0.0779 	 -0.0062 	 0.1530 	 0.0563 	 -0.0708
0.9619 	 -0.7443 	 -0.4281 	 0.4984 	 0.1602 	 0.0784 	 -0.0069 	 0.1533 	 0.0560 	 -0.0712
0.9719 	 -0.7427 	 -0.4273 	 0.4983 	 0.1618 	 0.0790 	 -0.0077 	 0.1535 	 0.0557 	 -0.0716
0.9820 	 -0.7410 	 -0.4265 	 0.4982 	 0.1633 	 0.0796 	 -0.0084 	 0.1537 	 0.0554 	 -0.0721
0.9920 	 -0.7394 	 -0.4257 	 0.4981 	 0.1648 	 0.0801 	 -0.0091 	 0.1539 	 0.0551 	 -0.0725
1.0020 	 -0.7377 	 -0.4249 	 0.4980 	 0.1664 	 0.0807 	 -0.0098 	 0.1542 	 0.0549 	 -0.0730
1.0120 	 -0.7361 	 -0.4241 	 0.4979 	 0.1679 	 0.0812 	 -0.0106 	 0.1544 	 0.0547 	 -0.0735
1.0220 	 -0.7344 	 -0.4233 	 0.4978 	 0.1695 	 0.0818 	 -0.0113 	 0.1547 	 0.0547 	 -0.0740
1.0321 	 -0.7327 	 -0.4225 	 0.4977 	 0.1710 	 0.0823 	 -0.0120 	 0.1560 	 0.0558 	 -0.0737
1.0421 	 -0.7309 	 -0.4216 	 0.4976 	 0.1726 	 0.0829 	 -0.0128 	 0.1587 	 0.0596 	 -0.0728
1.0521 	 -0.7292 	 -0.4208 	 0.4974 	 0.1742 	 0.0835 	 -0.0135 	 0.1622 	 0.0696 	 -0.0741
1.0621 	 -0.7274 	 -0.4200 	 0.4973 	 0.1758 	 0.0843 	 -0.0143 	 0.1585 	 0.0791 	 -0.0857
1.0721 	 -0.7257 	 -0.4191 	 0.4972 	 0.1774 	 0.0850 	 -0.0152 	 0.1502 	 0.0687 	 -0.0936
1.0822 	 -0.7239 	 -0.4183 	 0.4970 	 0.1789 	 0.0857 	 -0.0161 	 0.1488 	 0.0585 	 -0.0913
1.0922 	 -0.7221 	 -0.4174 	 0.4968 	 0.1804 	 0.0862 	 -0.0170 	 0.1497 	 0.0543 	 -0.0888
1.1022 	 -0.7203 	 -0.4165 	 0.4967 	 0.1819 	 0.0868 	 -0.0179 	 0.1506 	 0.0525 	 -0.0876
1.1122 	 -0.7184 	 -0.4157 	 0.4965 	 0.1834 	 0.0873 	 -0.0188 	 0.1513 	 0.0517 	 -0.0873
1.1222 	 -0.7166 	 -0.4148 	 0.4963 	 0.1849 	 0.0878 	 -0.0197 	 0.1518 	 0.0512 	 -0.0874
1.1323 	 -0.7147 	 -0.4139 	 0.4961 	 0.1864 	 0.0883 	 -0.0206 	 0.1522 	 0.0508 	 -0.0878
1.1423 	 -0.7129 	 -0.4130 	 0.4959 	 0.1879 	 0.0888 	 -0.0214 	 0.1526 	 0.0506 	 -0.0883
1.1523 	 -0.7110 	 -0.4121 	 0.4957 	 0.1895 	 0.0893 	 -0.0223 	 0.1529 	 0.0503 	 -0.0890
1.1623 	 -0.7091 	 -0.4112 	 0.4954 	 0.1910 	 0.0898 	 -0.0232 	 0.1532 	 0.0501 	 -0.0897
1.1723 	 -0.7071 	 -0.4103 	 0.4952 	 0.1925 	 0.0903 	 -0.0241 	 0.1534 	 0.0498 	 -0.0904
1.1824 	 -0.7052 	 -0.4094 	 0.4949 	 0.1941 	 0.0908 	 -0.0250 	 0.1536 	 0.0496 	 -0.0912
1.1924 	 -0.7033 	 -0.4085 	 0.4947 	 0.1956 	 0.0913 	 -0.0260 	 0.1538 	 0.0493 	 -0.0920
1.2024 	 -0.7013 	 -0.4076 	 0.4944 	 0.1972 	 0.0918 	 -0.0269 	 0.1540 	 0.0491 	 -0.0928
1.2124 	 -0.6993 	 -0.4067 	 0.4941 	 0.1987 	 0.0923 	 -0.0278 	 0.1541 	 0.0488 	 -0.0937
1.2224 	 -0.6973 	 -0.4057 	 0.4939 	 0.2003 	 0.0928 	 -0.0288 	 0.1543 	 0.0485 	 -0.0945
1.2325 	 -0.6953 	 -0.4048 	 0.4936 	 0.2018 	 0.0933 	 -0.0297 	 0.1544 	 0.0481 	 -0.0954
1.2425 	 -0.6933 	 -0.4039 	 0.4933 	 0.2033 	 0.0938 	 -0.0307 	 0.1545 	 0.0478 	 -0.0963
1.2525 	 -0.6912 	 -0.4029 	 0.4930 	 0.2049 	 0.0942 	 -0.0316 	 0.1546 	 0.0474 	 -0.0972
1.2625 	 -0.6892 	 -0.4020 	 0.4926 	 0.2064 	 0.0947 	 -0.0326 	 0.1546 	 0.0470 	 -0.0981
1.2725 	 -0.6871 	 -0.4010 	 0.4923 	 0.2080 	 0.0952 	 -0.0336 	 0.1547 	 0.0466 	 -0.0990
1.2826 	 -0.6850 	 -0.4001 	 0.4920 	 0.2095 	 0.0956 	 -0.0346 	 0.1547 	 0.0462 	 -0.0998
1.2926 	 -0.6829 	 -0.3991 	 0.4916 	 0.2111 	 0.0961 	 -0.0356 	 0.1547 	 0.0458 	 -0.1007
1.3026 	 -0.6808 	 -0.3982 	 0.4913 	 0.2126 	 0.0966 	 -0.0366 	 0.1547 	 0.0453 	 -0.1016
1.3126 	 -0.6786 	 -0.3972 	 0.4909 	 0.2142 	 0.0970 	 -0.0376 	 0.1547 	 0.0448 	 -0.1025
1.3226 	 -0.6765 	 -0.3962 	 0.4905 	 0.2157 	 0.0975 	 -0.0387 	 0.1547 	 0.0443 	 -0.1033
1.3327 	 -0.6743 	 -0.3952 	 0.4901 	 0.2173 	 0.0979 	 -0.0397 	 0.1546 	 0.0438 	 -0.1042
1.3427 	 -0.6721 	 -0.3942 	 0.4897 	 0.2188 	 0.0983 	 -0.0408 	 0.1546 	 0.0432 	 -0.1050
1.3527 	 -0.6699 	 -0.3933 	 0.4893 	 0.2204 	 0.0988 	 -0.0418 	 0.1545 	 0.0427 	 -0.1058
1.3627 	 -0.6677 	 -0.3923 	 0.4889 	 0.2219 	 0.0992 	 -0.0429 	 0.1544 	 0.0421 	 -0.1066
1.3727 	 -0.6655 	 -0.3913 	 0.4884 	 0.2235 	 0.0996 	 -0.0439 	 0.1543 	 0.0415 	 -0.1074
1.3828 	 -0.6632 	 -0.3903 	 0.4880 	 0.2250 	 0.1000 	 -0.0450 	 0.1542 	 0.0409 	 -0.1081
1.3928 	 -0.6610 	 -0.3893 	 0.4875 	 0.2266 	 0.1004 	 -0.0461 	 0.1540 	 0.0403 	 -0.1088
1.4028 	 -0.6587 	 -0.3883 	 0.4871 	 0.2281 	 0.1008 	 -0.0472 	 0.1539 	 0.0397 	 -0.1094
1.4128 	 -0.6564 	 -0.3872 	 0.4866 	 0.2297 	 0.1012 	 -0.0483 	 0.1537 	 0.0391 	 -0.1100
1.4228 	 -0.6541 	 -0.3862 	 0.4861 	 0.2312 	 0.1016 	 -0.0494 	 0.1535 	 0.0385 	 -0.1106
1.4329 	 -0.6517 	 -0.3852 	 0.4856 	 0.2327 	 0.1020 	 -0.0505 	 0.1533 	 0.0379 	 -0.1111
1.4429 	 -0.6494 	 -0.3842 	 0.4851 	 0.2343 	 0.1024 	 -0.0516 	 0.1532 	 0.0373 	 -0.1116
1.4529 	 -0.6471 	 -0.3832 	 0.4846 	 0.2358 	 0.1027 	 -0.0528 	 0.1530 	 0.0367 	 -0.1120
1.4629 	 -0.6447 	 -0.3821 	 0.4840 	 0.2373 	 0.1031 	 -0.0539 	 0.1528 	 0.0361 	 -0.1123
1.4729 	 -0.6423 	 -0.3811 	 0.4835 	 0.2389 	 0.1035 	 -0.0550 	 0.1526 	 0.0356 	 -0.1126
1.4830 	 -0.6399 	 -0.3801 	 0.4829 	 0.2404 	 0.1038 	 -0.0561 	 0.1524 	 0.0351 	 -0.1128
1.4930 	 -0.6375 	 -0.3790 	 0.4823 	 0.2419 	 0.1042 	 -0.0573 	 0.1522 	 0.0347 	 -0.1130
1.5030 	 -0.6350 	 -0.3780 	 0.4818 	 0.2434 	 0.1045 	 -0.0584 	 0.1521 	 0.0342 	 -0.1131
1.5130 	 -0.6326 	 -0.3769 	 0.4812 	 0.2450 	 0.1049 	 -0.0595 	 0.1519 	 0.0338 	 -0.1131
1.5230 	 -0.6301 	 -0.3759 	 0.4806 	 0.2465 	 0.1052 	 -0.0607 	 0.1518 	 0.0335 	 -0.1131
1.5331 	 -0.6277 	 -0.3748 	 0.4800 	 0.2480 	 0.1055 	 -0.0618 	 0.1517 	 0.0332 	 -0.1131
1.5431 	 -0.6252 	 -0.3738 	 0.4793 	 0.2495 	 0.1059 	 -0.0629 	 0.1516 	 0.0330 	 -0.1129
1.5531 	 -0.6227 	 -0.3727 	 0.4787 	 0.2511 	 0.1062 	 -0.0641 	 0.1516 	 0.0329 	 -0.1128
1.5631 	 -0.6201 	 -0.3716 	 0.4781 	 0.2526 	 0.1065 	 -0.0652 	 0.1516 	 0.0328 	 -0.1126
1.5731 	 -0.6176 	 -0.3706 	 0.4774 	 0.2541 	 0.1068 	 -0.0663 	 0.1516 	 0.0327 	 -0.1123
1.5832 	 -0.6150 	 -0.3695 	 0.4767 	 0.2556 	 0.1072 	 -0.0674 	 0.1517 	 0.0328 	 -0.1120
1.5932 	 -0.6125 	 -0.3684 	 0.4760 	 0.2571 	 0.1075 	 -0.0686 	 0.1518 	 0.0329 	 -0.1117
1.6032 	 -0.6099 	 -0.3673 	 0.4754 	 0.2587 	 0.1078 	 -0.0697 	 0.1520 	 0.0330 	 -0.1114
1.6132 	 -0.6073 	 -0.3662 	 0.4746 	 0.2602 	 0.1082 	 -0.0708 	 0.1522 	 0.0333 	 -0.1110
1.6232 	 -0.6047 	 -0.3652 	 0.4739 	 0.2617 	 0.1085 	 -0.0719 	 0.1525 	 0.0336 	 -0.1107
1.6333 	 -0.6020 	 -0.3641 	 0.4732 	 0.2632 	 0.1088 	 -0.0730 	 0.1528 	 0.0339 	 -0.1103
1.6433 	 -0.5994 	 -0.3630 	 0.4725 	 0.2648 	 0.1092 	 -0.0741 	 0.1532 	 0.0344 	 -0.1099
1.6533 	 -0.5967 	 -0.3619 	 0.4717 	 0.2663 	 0.1095 	 -0.0752 	 0.1537 	 0.0349 	 -0.1096
1.6633 	 -0.5941 	 -0.3608 	 0.4710 	 0.2678 	 0.1099 	 -0.0763 	 0.1542 	 0.0354 	 -0.1093
1.6733 	 -0.5914 	 -0.3597 	 0.4702 	 0.2694 	 0.1102 	 -0.0774 	 0.1547 	 0.0360 	 -0.1089
1.6834 	 -0.5887 	 -0.3586 	 0.4694 	 0.2709 	 0.1106 	 -0.0785 	 0.1553 	 0.0366 	 -0.1086
1.6934 	 -0.5859 	 -0.3575 	 0.4686 	 0.2725 	 0.1110 	 -0.0796 	 0.1560 	 0.0373 	 -0.1084
1.7034 	 -0.5832 	 -0.3564 	 0.4678 	 0.2741 	 0.1113 	 -0.0807 	 0.1567 	 0.0381 	 -0.1081
1.7134 	 -0.5805 	 -0.3552 	 0.4670 	 0.2756 	 0.1117 	 -0.0818 	 0.1575 	 0.0389 	 -0.1080
1.7234 	 -0.5777 	 -0.3541 	 0.4662 	 0.2772 	 0.1121 	 -0.0828 	 0.1584 	 0.0399 	 -0.1080
1.7335 	 -0.5749 	 -0.3530 	 0.4653 	 0.2788 	 0.1125 	 -0.0839 	 0.1594 	 0.0410 	 -0.1082
1.7435 	 -0.5721 	 -0.3519 	 0.4645 	 0.2804 	 0.1129 	 -0.0850 	 0.1604 	 0.0421 	 -0.1086
1.7535 	 -0.5693 	 -0.3507 	 0.4636 	 0.2820 	 0.1134 	 -0.0861 	 0.1614 	 0.0434 	 -0.1092
1.7635 	 -0.5664 	 -0.3496 	 0.4628 	 0.2837 	 0.1138 	 -0.0872 	 0.1625 	 0.0448 	 -0.1100
1.7735 	 -0.5636 	 -0.3484 	 0.4619 	 0.2853 	 0.1143 	 -0.0883 	 0.1635 	 0.0461 	 -0.1111
1.7836 	 -0.5607 	 -0.3473 	 0.4610 	 0.2869 	 0.1147 	 -0.0894 	 0.1645 	 0.0475 	 -0.1124
1.7936 	 -0.5578 	 -0.3461 	 0.4601 	 0.2886 	 0.1152 	 -0.0906 	 0.1652 	 0.0488 	 -0.1139
1.8036 	 -0.5549 	 -0.3450 	 0.4592 	 0.2902 	 0.1157 	 -0.0917 	 0.1657 	 0.0499 	 -0.1156
1.8136 	 -0.5520 	 -0.3438 	 0.4583 	 0.2919 	 0.1162 	 -0.0929 	 0.1660 	 0.0508 	 -0.1174
1.8236 	 -0.5491 	 -0.3427 	 0.4573 	 0.2936 	 0.1167 	 -0.0941 	 0.1659 	 0.0514 	 -0.1190
1.8337 	 -0.5461 	 -0.3415 	 0.4564 	 0.2952 	 0.1173 	 -0.0953 	 0.1656 	 0.0517 	 -0.1204
1.8437 	 -0.5432 	 -0.3403 	 0.4554 	 0.2969 	 0.1178 	 -0.0965 	 0.1652 	 0.0517 	 -0.1215
1.8537 	 -0.5402 	 -0.3391 	 0.4544 	 0.2985 	 0.1183 	 -0.0977 	 0.1647 	 0.0515 	 -0.1221
1.8637 	 -0.5372 	 -0.3379 	 0.4535 	 0.3002 	 0.1188 	 -0.0989 	 0.1643 	 0.0513 	 -0.1223
1.8737 	 -0.5342 	 -0.3367 	 0.4525 	 0.3018 	 0.1193 	 -0.1001 	 0.1641 	 0.0510 	 -0.1221
1.8838 	 -0.5311 	 -0.3355 	 0.4515 	 0.3035 	 0.1198 	 -0.1014 	 0.1641 	 0.0507 	 -0.1217
1.8938 	 -0.5281 	 -0.3343 	 0.4504 	 0.3051 	 0.1203 	 -0.1026 	 0.1644 	 0.0506 	 -0.1211
1.9038 	 -0.5250 	 -0.3331 	 0.4494 	 0.3068 	 0.1208 	 -0.1038 	 0.1648 	 0.0507 	 -0.1205
1.9138 	 -0.5219 	 -0.3319 	 0.4483 	 0.3084 	 0.1213 	 -0.1050 	 0.1655 	 0.0508 	 -0.1199
1.9238 	 -0.5188 	 -0.3307 	 0.4473 	 0.3101 	 0.1219 	 -0.1062 	 0.1662 	 0.0511 	 -0.1194
1.9339 	 -0.5157 	 -0.3295 	 0.4462 	 0.3118 	 0.1224 	 -0.1074 	 0.1672 	 0.0515 	 -0.1190
1.9439 	 -0.5126 	 -0.3282 	 0.4451 	 0.3134 	 0.1229 	 -0.1086 	 0.1681 	 0.0519 	 -0.1187
1.9539 	 -0.5095 	 -0.3270 	 0.4440 	 0.3151 	 0.1234 	 -0.1098 	 0.1692 	 0.0524 	 -0.1184
1.9639 	 -0.5063 	 -0.3258 	 0.4429 	 0.3168 	 0.1239 	 -0.1109 	 0.1703 	 0.0530 	 -0.1183
1.9739 	 -0.5031 	 -0.3245 	 0.4418 	 0.3185 	 0.1245 	 -0.1121 	 0.1714 	 0.0536 	 -0.1183
1.9840 	 -0.4999 	 -0.3233 	 0.4407 	 0.3203 	 0.1250 	 -0.1133 	 0.1717 	 0.0534 	 -0.1149
1.9940 	 -0.4967 	 -0.3220 	 0.4396 	 0.3220 	 0.1256 	 -0.1145 	 0.1729 	 0.0540 	 -0.1151
2.0040 	 -0.4934 	 -0.3208 	 0.4384 	 0.3237 	 0.1261 	 -0.1156 	 0.1740 	 0.0547 	 -0.1153
2.0140 	 -0.4902 	 -0.3195 	 0.4372 	 0.3255 	 0.1266 	 -0.1168 	 0.1751 	 0.0553 	 -0.1155
2.0240 	 -0.4869 	 -0.3182 	 0.4361 	 0.3272 	 0.1272 	 -0.1179 	 0.1763 	 0.0560 	 -0.1159
2.0341 	 -0.4836 	 -0.3169 	 0.4349 	 0.3290 	 0.1278 	 -0.1191 	 0.1774 	 0.0566 	 -0.1162
2.0441 	 -0.4803 	 -0.3157 	 0.4337 	 0.3308 	 0.1283 	 -0.1203 	 0.1785 	 0.0573 	 -0.1166
2.0541 	 -0.4770 	 -0.3144 	 0.4325 	 0.3326 	 0.1289 	 -0.1214 	 0.1797 	 0.0579 	 -0.1171
2.0641 	 -0.4737 	 -0.3131 	 0.4312 	 0.3344 	 0.1295 	 -0.1226 	 0.1808 	 0.0585 	 -0.1175
2.0741 	 -0.4703 	 -0.3118 	 0.4300 	 0.3362 	 0.1301 	 -0.1238 	 0.1819 	 0.0591 	 -0.1180
2.0842 	 -0.4669 	 -0.3105 	 0.4288 	 0.3380 	 0.1307 	 -0.1250 	 0.1830 	 0.0597 	 -0.1186
2.0942 	 -0.4635 	 -0.3092 	 0.4275 	 0.3399 	 0.1313 	 -0.1262 	 0.1841 	 0.0603 	 -0.1191
2.1042 	 -0.4601 	 -0.3078 	 0.4262 	 0.3417 	 0.1319 	 -0.1274 	 0.1851 	 0.0608 	 -0.1197
2.1142 	 -0.4567 	 -0.3065 	 0.4249 	 0.3436 	 0.1325 	 -0.1286 	 0.1862 	 0.0614 	 -0.1202
2.1242 	 -0.4532 	 -0.3052 	 0.4237 	 0.3455 	 0.1331 	 -0.1298 	 0.1873 	 0.0619 	 -0.1208
2.1343 	 -0.4498 	 -0.3039 	 0.4223 	 0.3473 	 0.1337 	 -0.1310 	 0.1883 	 0.0624 	 -0.1214
2.1443 	 -0.4463 	 -0.3025 	 0.4210 	 0.3492 	 0.1344 	 -0.1322 	 0.1894 	 0.0629 	 -0.1220
2.1543 	 -0.4428 	 -0.3012 	 0.4197 	 0.3511 	 0.1350 	 -0.1334 	 0.1904 	 0.0634 	 -0.1226
2.1643 	 -0.4392 	 -0.2998 	 0.4184 	 0.3530 	 0.1356 	 -0.1347 	 0.1915 	 0.0639 	 -0.1231
2.1743 	 -0.4357 	 -0.2984 	 0.4170 	 0.3550 	 0.1363 	 -0.1359 	 0.1925 	 0.0645 	 -0.1236
2.1844 	 -0.4321 	 -0.2971 	 0.4156 	 0.3569 	 0.1369 	 -0.1371 	 0.1936 	 0.0650 	 -0.1241
2.1944 	 -0.4285 	 -0.2957 	 0.4142 	 0.3589 	 0.1376 	 -0.1384 	 0.1946 	 0.0656 	 -0.1245
2.2044 	 -0.4249 	 -0.2943 	 0.4129 	 0.3608 	 0.1383 	 -0.1396 	 0.1957 	 0.0662 	 -0.1248
2.2144 	 -0.4213 	 -0.2929 	 0.4115 	 0.3628 	 0.1389 	 -0.1409 	 0.1968 	 0.0668 	 -0.1251
2.2244 	 -0.4177 	 -0.2915 	 0.4100 	 0.3648 	 0.1396 	 -0.1421 	 0.1979 	 0.0675 	 -0.1253
2.2345 	 -0.4140 	 -0.2901 	 0.4086 	 0.3667 	 0.1403 	 -0.1434 	 0.1990 	 0.0682 	 -0.1255
2.2445 	 -0.4103 	 -0.2887 	 0.4072 	 0.3687 	 0.1410 	 -0.1447 	 0.2000 	 0.0689 	 -0.1255
2.2545 	 -0.4066 	 -0.2873 	 0.4057 	 0.3707 	 0.1417 	 -0.1459 	 0.2011 	 0.0697 	 -0.1254
2.2645 	 -0.4029 	 -0.2859 	 0.4042 	 0.3728 	 0.1424 	 -0.1472 	 0.2022 	 0.0706 	 -0.1252
2.2745 	 -0.3991 	 -0.2845 	 0.4028 	 0.3748 	 0.1431 	 -0.1484 	 0.2032 	 0.0716 	 -0.1249
2.2846 	 -0.3954 	 -0.2830 	 0.4013 	 0.3768 	 0.1438 	 -0.1497 	 0.2042 	 0.0727 	 -0.1243
2.2946 	 -0.3916 	 -0.2816 	 0.3998 	 0.3789 	 0.1445 	 -0.1509 	 0.2052 	 0.0739 	 -0.1236
2.3046 	 -0.3878 	 -0.2801 	 0.3982 	 0.3810 	 0.1453 	 -0.1521 	 0.2060 	 0.0752 	 -0.1227
2.3146 	 -0.3839 	 -0.2787 	 0.3967 	 0.3830 	 0.1460 	 -0.1534 	 0.2068 	 0.0768 	 -0.1215
2.3246 	 -0.3801 	 -0.2772 	 0.3952 	 0.3851 	 0.1468 	 -0.1546 	 0.2073 	 0.0786 	 -0.1199
2.3347 	 -0.3762 	 -0.2757 	 0.3936 	 0.3872 	 0.1476 	 -0.1558 	 0.2077 	 0.0806 	 -0.1181
2.3447 	 -0.3723 	 -0.2742 	 0.3920 	 0.3893 	 0.1484 	 -0.1569 	 0.2077 	 0.0830 	 -0.1158
2.3547 	 -0.3684 	 -0.2727 	 0.3905 	 0.3913 	 0.1493 	 -0.1581 	 0.2072 	 0.0857 	 -0.1132
2.3647 	 -0.3645 	 -0.2712 	 0.3889 	 0.3934 	 0.1501 	 -0.1592 	 0.2061 	 0.0888 	 -0.1101
2.3747 	 -0.3605 	 -0.2697 	 0.3873 	 0.3955 	 0.1511 	 -0.1603 	 0.2041 	 0.0924 	 -0.1068
2.3848 	 -0.3566 	 -0.2682 	 0.3857 	 0.3975 	 0.1520 	 -0.1614 	 0.2010 	 0.0963 	 -0.1032
2.3948 	 -0.3526 	 -0.2667 	 0.3840 	 0.3995 	 0.1530 	 -0.1624 	 0.1965 	 0.1005 	 -0.0996
2.4048 	 -0.3486 	 -0.2651 	 0.3824 	 0.4014 	 0.1540 	 -0.1633 	 0.1904 	 0.1048 	 -0.0966
2.4148 	 -0.3445 	 -0.2636 	 0.3808 	 0.4033 	 0.1551 	 -0.1643 	 0.1826 	 0.1087 	 -0.0946
2.4248 	 -0.3405 	 -0.2620 	 0.3791 	 0.4051 	 0.1562 	 -0.1653 	 0.1734 	 0.1119 	 -0.0944
2.4349 	 -0.3364 	 -0.2605 	 0.3775 	 0.4068 	 0.1573 	 -0.1662 	 0.1636 	 0.1137 	 -0.0966
2.4449 	 -0.3323 	 -0.2589 	 0.3758 	 0.4084 	 0.1585 	 -0.1672 	 0.1542 	 0.1137 	 -0.1017
2.4549 	 -0.3282 	 -0.2573 	 0.3741 	 0.4099 	 0.1596 	 -0.1683 	 0.1465 	 0.1117 	 -0.1094
2.4649 	 -0.3241 	 -0.2557 	 0.3724 	 0.4113 	 0.1607 	 -0.1694 	 0.1417 	 0.1080 	 -0.1190
2.4749 	 -0.3200 	 -0.2541 	 0.3707 	 0.4127 	 0.1618 	 -0.1706 	 0.1402 	 0.1031 	 -0.1294
2.4850 	 -0.3159 	 -0.2524 	 0.3690 	 0.4141 	 0.1628 	 -0.1720 	 0.1418 	 0.0977 	 -0.1395
2.4950 	 -0.3117 	 -0.2508 	 0.3673 	 0.4156 	 0.1637 	 -0.1734 	 0.1459 	 0.0925 	 -0.1486
2.5050 	 -0.3075 	 -0.2492 	 0.3655 	 0.4171 	 0.1646 	 -0.1750 	 0.1516 	 0.0879 	 -0.1563
2.5150 	 -0.3033 	 -0.2475 	 0.3638 	 0.4186 	 0.1655 	 -0.1766 	 0.1582 	 0.0841 	 -0.1626
2.5251 	 -0.2991 	 -0.2459 	 0.3620 	 0.4202 	 0.1663 	 -0.1782 	 0.1650 	 0.0811 	 -0.1676
2.5351 	 -0.2949 	 -0.2442 	 0.3602 	 0.4219 	 0.1671 	 -0.1799 	 0.1716 	 0.0789 	 -0.1715
2.5451 	 -0.2907 	 -0.2425 	 0.3584 	 0.4237 	 0.1679 	 -0.1817 	 0.1780 	 0.0774 	 -0.1748
2.5551 	 -0.2864 	 -0.2408 	 0.3565 	 0.4255 	 0.1687 	 -0.1834 	 0.1840 	 0.0764 	 -0.1775
2.5651 	 -0.2822 	 -0.2391 	 0.3547 	 0.4273 	 0.1694 	 -0.1852 	 0.1896 	 0.0759 	 -0.1798
2.5752 	 -0.2779 	 -0.2374 	 0.3528 	 0.4293 	 0.1702 	 -0.1870 	 0.1948 	 0.0758 	 -0.1819
2.5852 	 -0.2735 	 -0.2357 	 0.3509 	 0.4313 	 0.1709 	 -0.1889 	 0.1998 	 0.0760 	 -0.1840
2.5952 	 -0.2692 	 -0.2340 	 0.3490 	 0.4333 	 0.1717 	 -0.1907 	 0.2046 	 0.0764 	 -0.1859
2.6052 	 -0.2649 	 -0.2323 	 0.3471 	 0.4354 	 0.1725 	 -0.1926 	 0.2093 	 0.0772 	 -0.1879
2.6152 	 -0.2605 	 -0.2305 	 0.3452 	 0.4375 	 0.1733 	 -0.1945 	 0.2140 	 0.0781 	 -0.1900
2.6253 	 -0.2561 	 -0.2288 	 0.3432 	 0.4396 	 0.1740 	 -0.1964 	 0.2188 	 0.0793 	 -0.1921
2.6353 	 -0.2517 	 -0.2271 	 0.3412 	 0.4419 	 0.1748 	 -0.1983 	 0.2238 	 0.0807 	 -0.1943
2.6453 	 -0.2472 	 -0.2253 	 0.3393 	 0.4441 	 0.1757 	 -0.2003 	 0.2291 	 0.0824 	 -0.1967
2.6553 	 -0.2428 	 -0.2235 	 0.3372 	 0.4465 	 0.1765 	 -0.2023 	 0.2347 	 0.0844 	 -0.1992
2.6653 	 -0.2383 	 -0.2218 	 0.3352 	 0.4488 	 0.1774 	 -0.2043 	 0.2409 	 0.0867 	 -0.2018
2.6754 	 -0.2338 	 -0.2200 	 0.3331 	 0.4513 	 0.1782 	 -0.2063 	 0.2476 	 0.0893 	 -0.2045
2.6854 	 -0.2293 	 -0.2182 	 0.3311 	 0.4538 	 0.1791 	 -0.2084 	 0.2551 	 0.0923 	 -0.2075
2.6954 	 -0.2247 	 -0.2164 	 0.3290 	 0.4564 	 0.1801 	 -0.2105 	 0.2634 	 0.0958 	 -0.2106
2.7054 	 -0.2201 	 -0.2146 	 0.3268 	 0.4591 	 0.1811 	 -0.2126 	 0.2727 	 0.0998 	 -0.2138
2.7154 	 -0.2155 	 -0.2128 	 0.3247 	 0.4619 	 0.1821 	 -0.2147 	 0.2832 	 0.1045 	 -0.2172
2.7255 	 -0.2108 	 -0.2109 	 0.3225 	 0.4648 	 0.1832 	 -0.2169 	 0.2952 	 0.1099 	 -0.2205
2.7355 	 -0.2062 	 -0.2091 	 0.3204 	 0.4678 	 0.1843 	 -0.2192 	 0.3088 	 0.1162 	 -0.2239
2.7455 	 -0.2015 	 -0.2072 	 0.3182 	 0.4710 	 0.1855 	 -0.2214 	 0.3243 	 0.1236 	 -0.2272
2.7555 	 -0.1967 	 -0.2054 	 0.3159 	 0.4743 	 0.1868 	 -0.2237 	 0.3423 	 0.1325 	 -0.2302
2.7655 	 -0.1920 	 -0.2035 	 0.3137 	 0.4778 	 0.1882 	 -0.2260 	 0.3631 	 0.1431 	 -0.2328
2.7756 	 -0.1872 	 -0.2016 	 0.3114 	 0.4816 	 0.1896 	 -0.2284 	 0.3873 	 0.1560 	 -0.2345
2.7856 	 -0.1823 	 -0.1997 	 0.3091 	 0.4856 	 0.1913 	 -0.2307 	 0.4153 	 0.1717 	 -0.2351
2.7956 	 -0.1774 	 -0.1978 	 0.3068 	 0.4899 	 0.1931 	 -0.2331 	 0.4477 	 0.1910 	 -0.2340
2.8056 	 -0.1725 	 -0.1958 	 0.3044 	 0.4946 	 0.1951 	 -0.2354 	 0.4851 	 0.2150 	 -0.2301
2.8156 	 -0.1675 	 -0.1939 	 0.3020 	 0.4997 	 0.1974 	 -0.2377 	 0.5279 	 0.2451 	 -0.2223
2.8257 	 -0.1625 	 -0.1919 	 0.2997 	 0.5052 	 0.2001 	 -0.2399 	 0.5761 	 0.2833 	 -0.2087
2.8357 	 -0.1574 	 -0.1898 	 0.2972 	 0.5112 	 0.2031 	 -0.2418 	 0.6289 	 0.3316 	 -0.1867
2.8457 	 -0.1522 	 -0.1878 	 0.2948 	 0.5178 	 0.2068 	 -0.2436 	 0.6839 	 0.3927 	 -0.1534
2.8557 	 -0.1470 	 -0.1857 	 0.2924 	 0.5249 	 0.2111 	 -0.2449 	 0.7357 	 0.4685 	 -0.1053
2.8657 	 -0.1417 	 -0.1835 	 0.2899 	 0.5325 	 0.2162 	 -0.2456 	 0.7753 	 0.5591 	 -0.0405
2.8758 	 -0.1363 	 -0.1814 	 0.2874 	 0.5404 	 0.2223 	 -0.2456 	 0.7898 	 0.6606 	 0.0395
2.8858 	 -0.1309 	 -0.1791 	 0.2850 	 0.5482 	 0.2294 	 -0.2448 	 0.7659 	 0.7622 	 0.1262
2.8958 	 -0.1253 	 -0.1767 	 0.2825 	 0.5556 	 0.2375 	 -0.2431 	 0.6977 	 0.8479 	 0.2030
2.9058 	 -0.1198 	 -0.1743 	 0.2801 	 0.5621 	 0.2463 	 -0.2408 	 0.5945 	 0.9023 	 0.2502
2.9158 	 -0.1141 	 -0.1718 	 0.2777 	 0.5674 	 0.2555 	 -0.2383 	 0.4798 	 0.9200 	 0.2551
2.9259 	 -0.1084 	 -0.1692 	 0.2753 	 0.5717 	 0.2647 	 -0.2359 	 0.3797 	 0.9094 	 0.2189
2.9359 	 -0.1026 	 -0.1665 	 0.2730 	 0.5752 	 0.2737 	 -0.2340 	 0.3104 	 0.8866 	 0.1536
2.9459 	 -0.0969 	 -0.1637 	 0.2707 	 0.5781 	 0.2824 	 -0.2328 	 0.2753 	 0.8679 	 0.0737
2.9559 	 -0.0911 	 -0.1608 	 0.2683 	 0.5808 	 0.2911 	 -0.2325 	 0.2697 	 0.8645 	 -0.0104
2.9659 	 -0.0852 	 -0.1579 	 0.2660 	 0.5835 	 0.2998 	 -0.2330 	 0.2871 	 0.8834 	 -0.0932
2.9760 	 -0.0794 	 -0.1548 	 0.2636 	 0.5866 	 0.3089 	 -0.2344 	 0.3223 	 0.9295 	 -0.1733
2.9860 	 -0.0735 	 -0.1517 	 0.2613 	 0.5900 	 0.3186 	 -0.2365 	 0.3724 	 1.0078 	 -0.2518
2.9960 	 -0.0675 	 -0.1484 	 0.2589 	 0.5941 	 0.3292 	 -0.2394 	 0.4368 	 1.1253 	 -0.3310
3.0060 	 -0.0616 	 -0.1451 	 0.2565 	 0.5989 	 0.3413 	 -0.2431 	 0.5157 	 1.2920 	 -0.4142
3.0160 	 -0.0555 	 -0.1416 	 0.2540 	 0.6045 	 0.3553 	 -0.2477 	 0.6087 	 1.5218 	 -0.5072
3.0261 	 -0.0494 	 -0.1379 	 0.2515 	 0.6111 	 0.3721 	 -0.2534 	 0.7094 	 1.8301 	 -0.6216
3.0361 	 -0.0433 	 -0.1341 	 0.2489 	 0.6186 	 0.3923 	 -0.2604 	 0.7966 	 2.2281 	 -0.7861
3.0461 	 -0.0370 	 -0.1301 	 0.2463 	 0.6268 	 0.4170 	 -0.2695 	 0.8198 	 2.7120 	 -1.0707
3.0561 	 -0.0307 	 -0.1257 	 0.2435 	 0.6346 	 0.4470 	 -0.2827 	 0.6946 	 3.3075 	 -1.6200
3.0661 	 -0.0243 	 -0.1210 	 0.2406 	 0.6398 	 0.4849 	 -0.3035 	 0.2731 	 4.4362 	 -2.6334
3.0762 	 -0.0180 	 -0.1159 	 0.2373 	 0.6357 	 0.5431 	 -0.3363 	 -1.5887 	 7.7543 	 -3.8132
3.0862 	 -0.0119 	 -0.1099 	 0.2339 	 0.5902 	 0.6408 	 -0.3653 	 -8.0692 	 10.4648 	 -0.7049
3.0962 	 -0.0064 	 -0.1032 	 0.2303 	 0.4981 	 0.7128 	 -0.3449 	 -8.4106 	 3.5569 	 3.5683
3.1062 	 -0.0017 	 -0.0960 	 0.2270 	 0.4327 	 0.7271 	 -0.3108 	 -4.8669 	 0.0945 	 2.9380
3.1162 	 0.0024 	 -0.0887 	 0.2240 	 0.3946 	 0.7235 	 -0.2865 	 -2.9682 	 -0.6133 	 1.9618
3.1263 	 0.0063 	 -0.0815 	 0.2213 	 0.3700 	 0.7168 	 -0.2702 	 -2.0377 	 -0.6919 	 1.3470
3.1363 	 0.0099 	 -0.0744 	 0.2186 	 0.3523 	 0.7100 	 -0.2587 	 -1.5310 	 -0.6422 	 0.9715
3.1463 	 0.0134 	 -0.0673 	 0.2160 	 0.3386 	 0.7039 	 -0.2503 	 -1.2250 	 -0.5753 	 0.7323
3.1563 	 0.0167 	 -0.0603 	 0.2136 	 0.3274 	 0.6985 	 -0.2438 	 -1.0238 	 -0.5163 	 0.5729
3.1663 	 0.0199 	 -0.0533 	 0.2112 	 0.3179 	 0.6936 	 -0.2386 	 -0.8819 	 -0.4692 	 0.4620
3.1764 	 0.0231 	 -0.0464 	 0.2088 	 0.3097 	 0.6890 	 -0.2344 	 -0.7760 	 -0.4329 	 0.3817
3.1864 	 0.0261 	 -0.0395 	 0.2065 	 0.3023 	 0.6849 	 -0.2309 	 -0.6931 	 -0.4054 	 0.3213
3.1964 	 0.0291 	 -0.0326 	 0.2042 	 0.2957 	 0.6809 	 -0.2279 	 -0.6258 	 -0.3845 	 0.2740
3.2064 	 0.0321 	 -0.0258 	 0.2019 	 0.2897 	 0.6771 	 -0.2254 	 -0.5697 	 -0.3686 	 0.2356
3.2164 	 0.0349 	 -0.0191 	 0.1996 	 0.2843 	 0.6735 	 -0.2232 	 -0.5219 	 -0.3566 	 0.2033
3.2265 	 0.0378 	 -0.0123 	 0.1974 	 0.2792 	 0.6700 	 -0.2213 	 -0.4806 	 -0.3476 	 0.1754
3.2365 	 0.0405 	 -0.0056 	 0.1952 	 0.2746 	 0.6665 	 -0.2197 	 -0.4446 	 -0.3409 	 0.1508
3.2465 	 0.0433 	 0.0010 	 0.1930 	 0.2703 	 0.6631 	 -0.2183 	 -0.4131 	 -0.3361 	 0.1287
3.2565 	 0.0460 	 0.0077 	 0.1908 	 0.2663 	 0.6598 	 -0.2171 	 -0.3853 	 -0.3328 	 0.1086
3.2665 	 0.0486 	 0.0142 	 0.1886 	 0.2626 	 0.6565 	 -0.2161 	 -0.3607 	 -0.3309 	 0.0902
3.2766 	 0.0512 	 0.0208 	 0.1865 	 0.2591 	 0.6532 	 -0.2153 	 -0.3356 	 -0.3289 	 0.0826
3.2866 	 0.0538 	 0.0273 	 0.1843 	 0.2558 	 0.6499 	 -0.2145 	 -0.3159 	 -0.3289 	 0.0669
3.2966 	 0.0564 	 0.0338 	 0.1822 	 0.2528 	 0.6466 	 -0.2139 	 -0.2980 	 -0.3295 	 0.0522
3.3066 	 0.0589 	 0.0403 	 0.1800 	 0.2499 	 0.6433 	 -0.2135 	 -0.2817 	 -0.3306 	 0.0384
3.3166 	 0.0614 	 0.0467 	 0.1779 	 0.2471 	 0.6399 	 -0.2131 	 -0.2669 	 -0.3323 	 0.0254
3.3267 	 0.0638 	 0.0531 	 0.1758 	 0.2445 	 0.6366 	 -0.2130 	 -0.2534 	 -0.3344 	 0.0132
3.3367 	 0.0663 	 0.0595 	 0.1736 	 0.2420 	 0.6332 	 -0.2129 	 -0.2411 	 -0.3369 	 0.0015
3.3467 	 0.0687 	 0.0658 	 0.1715 	 0.2397 	 0.6298 	 -0.2129 	 -0.2298 	 -0.3398 	 -0.0095
3.3567 	 0.0711 	 0.0721 	 0.1694 	 0.2374 	 0.6264 	 -0.2131 	 -0.2194 	 -0.3432 	 -0.0198
3.3667 	 0.0734 	 0.0784 	 0.1672 	 0.2353 	 0.6230 	 -0.2133 	 -0.2098 	 -0.3469 	 -0.0296
3.3768 	 0.0758 	 0.0846 	 0.1651 	 0.2332 	 0.6195 	 -0.2137 	 -0.2009 	 -0.3511 	 -0.0387
3.3868 	 0.0781 	 0.0908 	 0.1630 	 0.2312 	 0.6159 	 -0.2141 	 -0.1928 	 -0.3557 	 -0.0472
3.3968 	 0.0804 	 0.0969 	 0.1608 	 0.2293 	 0.6123 	 -0.2146 	 -0.1852 	 -0.3606 	 -0.0551
3.4068 	 0.0827 	 0.1030 	 0.1587 	 0.2275 	 0.6087 	 -0.2152 	 -0.1782 	 -0.3660 	 -0.0622
3.4168 	 0.0850 	 0.1091 	 0.1565 	 0.2258 	 0.6050 	 -0.2158 	 -0.1717 	 -0.3716 	 -0.0685
3.4269 	 0.0872 	 0.1152 	 0.1543 	 0.2241 	 0.6012 	 -0.2166 	 -0.1658 	 -0.3776 	 -0.0741
3.4369 	 0.0895 	 0.1212 	 0.1522 	 0.2224 	 0.5974 	 -0.2173 	 -0.1603 	 -0.3839 	 -0.0788
3.4469 	 0.0917 	 0.1271 	 0.1500 	 0.2209 	 0.5936 	 -0.2181 	 -0.1552 	 -0.3903 	 -0.0826
3.4569 	 0.0939 	 0.1331 	 0.1478 	 0.2193 	 0.5896 	 -0.2190 	 -0.1506 	 -0.3970 	 -0.0855
3.4669 	 0.0961 	 0.1390 	 0.1456 	 0.2178 	 0.5856 	 -0.2198 	 -0.1465 	 -0.4037 	 -0.0875
3.4770 	 0.0983 	 0.1448 	 0.1434 	 0.2164 	 0.5815 	 -0.2207 	 -0.1428 	 -0.4104 	 -0.0884
3.4870 	 0.1004 	 0.1506 	 0.1412 	 0.2150 	 0.5774 	 -0.2216 	 -0.1396 	 -0.4170 	 -0.0884
3.4970 	 0.1026 	 0.1564 	 0.1389 	 0.2136 	 0.5732 	 -0.2225 	 -0.1369 	 -0.4234 	 -0.0874
3.5070 	 0.1047 	 0.1621 	 0.1367 	 0.2122 	 0.5689 	 -0.2234 	 -0.1346 	 -0.4296 	 -0.0854
3.5170 	 0.1068 	 0.1678 	 0.1345 	 0.2109 	 0.5646 	 -0.2242 	 -0.1328 	 -0.4354 	 -0.0825
3.5271 	 0.1089 	 0.1734 	 0.1322 	 0.2096 	 0.5602 	 -0.2250 	 -0.1316 	 -0.4407 	 -0.0788
3.5371 	 0.1110 	 0.1790 	 0.1299 	 0.2083 	 0.5557 	 -0.2258 	 -0.1307 	 -0.4456 	 -0.0742
3.5471 	 0.1131 	 0.1845 	 0.1277 	 0.2070 	 0.5512 	 -0.2265 	 -0.1304 	 -0.4498 	 -0.0690
3.5571 	 0.1152 	 0.1900 	 0.1254 	 0.2056 	 0.5467 	 -0.2272 	 -0.1305 	 -0.4535 	 -0.0631
3.5671 	 0.1172 	 0.1955 	 0.1231 	 0.2043 	 0.5422 	 -0.2278 	 -0.1310 	 -0.4565 	 -0.0568
3.5772 	 0.1193 	 0.2009 	 0.1208 	 0.2030 	 0.5376 	 -0.2283 	 -0.1319 	 -0.4589 	 -0.0500
3.5872 	 0.1213 	 0.2063 	 0.1186 	 0.2017 	 0.5330 	 -0.2288 	 -0.1332 	 -0.4606 	 -0.0430
3.5972 	 0.1233 	 0.2116 	 0.1163 	 0.2004 	 0.5283 	 -0.2292 	 -0.1348 	 -0.4618 	 -0.0358
3.6072 	 0.1253 	 0.2169 	 0.1140 	 0.1990 	 0.5237 	 -0.2295 	 -0.1367 	 -0.4624 	 -0.0285
3.6172 	 0.1273 	 0.2221 	 0.1117 	 0.1976 	 0.5191 	 -0.2297 	 -0.1388 	 -0.4625 	 -0.0212
3.6273 	 0.1293 	 0.2273 	 0.1094 	 0.1962 	 0.5144 	 -0.2299 	 -0.1411 	 -0.4622 	 -0.0139
3.6373 	 0.1312 	 0.2324 	 0.1071 	 0.1948 	 0.5098 	 -0.2300 	 -0.1436 	 -0.4615 	 -0.0066
3.6473 	 0.1332 	 0.2375 	 0.1048 	 0.1933 	 0.5052 	 -0.2300 	 -0.1462 	 -0.4606 	 0.0004
3.6573 	 0.1351 	 0.2425 	 0.1024 	 0.1919 	 0.5006 	 -0.2300 	 -0.1488 	 -0.4594 	 0.0074
3.6673 	 0.1370 	 0.2475 	 0.1001 	 0.1903 	 0.4960 	 -0.2299 	 -0.1515 	 -0.4581 	 0.0141
3.6774 	 0.1389 	 0.2525 	 0.0978 	 0.1888 	 0.4914 	 -0.2297 	 -0.1543 	 -0.4567 	 0.0207
3.6874 	 0.1408 	 0.2574 	 0.0955 	 0.1873 	 0.4868 	 -0.2295 	 -0.1570 	 -0.4553 	 0.0271
3.6974 	 0.1427 	 0.2622 	 0.0932 	 0.1857 	 0.4823 	 -0.2292 	 -0.1597 	 -0.4539 	 0.0333
3.7074 	 0.1445 	 0.2670 	 0.0909 	 0.1841 	 0.4777 	 -0.2288 	 -0.1623 	 -0.4527 	 0.0394
3.7174 	 0.1464 	 0.2718 	 0.0887 	 0.1824 	 0.4732 	 -0.2284 	 -0.1649 	 -0.4515 	 0.0454
3.7275 	 0.1482 	 0.2765 	 0.0864 	 0.1808 	 0.4687 	 -0.2279 	 -0.1674 	 -0.4505 	 0.0512
3.7375 	 0.1500 	 0.2812 	 0.0841 	 0.1791 	 0.4642 	 -0.2274 	 -0.1699 	 -0.4497 	 0.0570
3.7475 	 0.1518 	 0.2858 	 0.0818 	 0.1773 	 0.4597 	 -0.2268 	 -0.1722 	 -0.4491 	 0.0627
3.7575 	 0.1535 	 0.2904 	 0.0795 	 0.1756 	 0.4552 	 -0.2261 	 -0.1745 	 -0.4488 	 0.0683
3.7675 	 0.1553 	 0.2949 	 0.0773 	 0.1739 	 0.4507 	 -0.2254 	 -0.1766 	 -0.4488 	 0.0740
3.7776 	 0.1570 	 0.2994 	 0.0750 	 0.1721 	 0.4462 	 -0.2246 	 -0.1786 	 -0.4491 	 0.0797
3.7876 	 0.1587 	 0.3039 	 0.0728 	 0.1703 	 0.4417 	 -0.2238 	 -0.1804 	 -0.4497 	 0.0854
3.7976 	 0.1604 	 0.3083 	 0.0705 	 0.1685 	 0.4372 	 -0.2229 	 -0.1822 	 -0.4507 	 0.0913
3.8076 	 0.1621 	 0.3126 	 0.0683 	 0.1666 	 0.4326 	 -0.2220 	 -0.1838 	 -0.4519 	 0.0973
3.8176 	 0.1638 	 0.3169 	 0.0661 	 0.1648 	 0.4281 	 -0.2210 	 -0.1852 	 -0.4536 	 0.1034
3.8277 	 0.1654 	 0.3212 	 0.0639 	 0.1629 	 0.4236 	 -0.2199 	 -0.1865 	 -0.4556 	 0.1098
3.8377 	 0.1670 	 0.3254 	 0.0617 	 0.1610 	 0.4190 	 -0.2188 	 -0.1876 	 -0.4579 	 0.1163
3.8477 	 0.1686 	 0.3296 	 0.0595 	 0.1592 	 0.4144 	 -0.2176 	 -0.1886 	 -0.4607 	 0.1232
3.8577 	 0.1702 	 0.3337 	 0.0573 	 0.1573 	 0.4097 	 -0.2163 	 -0.1893 	 -0.4638 	 0.1304
3.8677 	 0.1718 	 0.3378 	 0.0552 	 0.1554 	 0.4051 	 -0.2149 	 -0.1898 	 -0.4673 	 0.1379
3.8778 	 0.1733 	 0.3419 	 0.0530 	 0.1535 	 0.4004 	 -0.2135 	 -0.1901 	 -0.4713 	 0.1458
3.8878 	 0.1749 	 0.3458 	 0.0509 	 0.1515 	 0.3956 	 -0.2120 	 -0.1902 	 -0.4756 	 0.1542
3.8978 	 0.1764 	 0.3498 	 0.0488 	 0.1496 	 0.3908 	 -0.2104 	 -0.1900 	 -0.4804 	 0.1631
3.9078 	 0.1779 	 0.3537 	 0.0467 	 0.1477 	 0.3860 	 -0.2088 	 -0.1894 	 -0.4857 	 0.1725
3.9178 	 0.1793 	 0.3575 	 0.0446 	 0.1458 	 0.3811 	 -0.2070 	 -0.1885 	 -0.4913 	 0.1826
3.9279 	 0.1808 	 0.3613 	 0.0425 	 0.1440 	 0.3762 	 -0.2051 	 -0.1872 	 -0.4975 	 0.1934
3.9379 	 0.1822 	 0.3651 	 0.0405 	 0.1421 	 0.3711 	 -0.2031 	 -0.1855 	 -0.5041 	 0.2050
3.9479 	 0.1836 	 0.3687 	 0.0385 	 0.1403 	 0.3661 	 -0.2010 	 -0.1833 	 -0.5113 	 0.2174
3.9579 	 0.1850 	 0.3724 	 0.0365 	 0.1384 	 0.3609 	 -0.1987 	 -0.1806 	 -0.5189 	 0.2308
3.9679 	 0.1864 	 0.3760 	 0.0345 	 0.1366 	 0.3557 	 -0.1963 	 -0.1772 	 -0.5271 	 0.2452
3.9780 	 0.1878 	 0.3795 	 0.0325 	 0.1349 	 0.3503 	 -0.1938 	 -0.1730 	 -0.5359 	 0.2609
3.9880 	 0.1891 	 0.3830 	 0.0306 	 0.1332 	 0.3449 	 -0.1911 	 -0.1680 	 -0.5453 	 0.2779
3.9980 	 0.1904 	 0.3864 	 0.0287 	 0.1315 	 0.3394 	 -0.1882 	 -0.1620 	 -0.5553 	 0.2965
4.0080 	 0.1917 	 0.3898 	 0.0268 	 0.1299 	 0.3338 	 -0.1852 	 -0.1548 	 -0.5660 	 0.3167
4.0180 	 0.1930 	 0.3931 	 0.0250 	 0.1284 	 0.3281 	 -0.1819 	 -0.1463 	 -0.5773 	 0.3390
4.0281 	 0.1943 	 0.3964 	 0.0232 	 0.1270 	 0.3222 	 -0.1784 	 -0.1362 	 -0.5893 	 0.3634
4.0381 	 0.1956 	 0.3996 	 0.0214 	 0.1257 	 0.3162 	 -0.1746 	 -0.1241 	 -0.6019 	 0.3903
4.0481 	 0.1968 	 0.4027 	 0.0197 	 0.1245 	 0.3101 	 -0.1705 	 -0.1097 	 -0.6153 	 0.4201
4.0581 	 0.1981 	 0.4058 	 0.0180 	 0.1235 	 0.3039 	 -0.1662 	 -0.0927 	 -0.6292 	 0.4533
4.0681 	 0.1993 	 0.4088 	 0.0164 	 0.1227 	 0.2975 	 -0.1614 	 -0.0723 	 -0.6438 	 0.4902
4.0782 	 0.2005 	 0.4118 	 0.0148 	 0.1221 	 0.2910 	 -0.1563 	 -0.0479 	 -0.6588 	 0.5315
4.0882 	 0.2018 	 0.4146 	 0.0132 	 0.1217 	 0.2843 	 -0.1508 	 -0.0185 	 -0.6740 	 0.5779
4.0982 	 0.2030 	 0.4174 	 0.0117 	 0.1217 	 0.2775 	 -0.1447 	 0.0168 	 -0.6892 	 0.6302
4.1082 	 0.2042 	 0.4202 	 0.0103 	 0.1221 	 0.2705 	 -0.1381 	 0.0597 	 -0.7037 	 0.6893
4.1182 	 0.2054 	 0.4229 	 0.0090 	 0.1229 	 0.2634 	 -0.1309 	 0.1119 	 -0.7169 	 0.7563
4.1283 	 0.2067 	 0.4255 	 0.0077 	 0.1244 	 0.2562 	 -0.1229 	 0.1758 	 -0.7275 	 0.8324
4.1383 	 0.2079 	 0.4280 	 0.0065 	 0.1265 	 0.2488 	 -0.1142 	 0.2546 	 -0.7337 	 0.9188
4.1483 	 0.2092 	 0.4305 	 0.0054 	 0.1295 	 0.2415 	 -0.1045 	 0.3521 	 -0.7329 	 1.0169
4.1583 	 0.2105 	 0.4328 	 0.0044 	 0.1337 	 0.2342 	 -0.0938 	 0.4735 	 -0.7211 	 1.1277
4.1683 	 0.2119 	 0.4352 	 0.0036 	 0.1391 	 0.2271 	 -0.0818 	 0.6252 	 -0.6922 	 1.2515
4.1784 	 0.2133 	 0.4374 	 0.0028 	 0.1463 	 0.2204 	 -0.0686 	 0.8150 	 -0.6374 	 1.3872
4.1884 	 0.2148 	 0.4396 	 0.0022 	 0.1556 	 0.2144 	 -0.0540 	 1.0521 	 -0.5436 	 1.5308
4.1984 	 0.2165 	 0.4417 	 0.0017 	 0.1676 	 0.2097 	 -0.0380 	 1.3454 	 -0.3922 	 1.6726
4.2084 	 0.2182 	 0.4438 	 0.0014 	 0.1828 	 0.2069 	 -0.0206 	 1.7011 	 -0.1584 	 1.7933
4.2184 	 0.2202 	 0.4459 	 0.0013 	 0.2019 	 0.2069 	 -0.0022 	 2.1153 	 0.1879 	 1.8589
4.2285 	 0.2223 	 0.4480 	 0.0014 	 0.2253 	 0.2111 	 0.0163 	 2.5628 	 0.6747 	 1.8157
4.2385 	 0.2247 	 0.4501 	 0.0016 	 0.2531 	 0.2209 	 0.0336 	 2.9809 	 1.3094 	 1.5934
4.2485 	 0.2274 	 0.4524 	 0.0020 	 0.2846 	 0.2377 	 0.0474 	 3.2613 	 2.0481 	 1.1276
4.2585 	 0.2304 	 0.4549 	 0.0026 	 0.3176 	 0.2619 	 0.0553 	 3.2730 	 2.7699 	 0.4095
4.2685 	 0.2338 	 0.4577 	 0.0031 	 0.3489 	 0.2926 	 0.0551 	 2.9335 	 3.2975 	 -0.4646
4.2786 	 0.2374 	 0.4608 	 0.0036 	 0.3753 	 0.3269 	 0.0461 	 2.2847 	 3.4874 	 -1.3070
4.2886 	 0.2412 	 0.4643 	 0.0040 	 0.3942 	 0.3613 	 0.0296 	 1.4876 	 3.3215 	 -1.9381
4.2986 	 0.2452 	 0.4681 	 0.0042 	 0.4052 	 0.3926 	 0.0082 	 0.7243 	 2.9053 	 -2.2819
4.3086 	 0.2493 	 0.4721 	 0.0041 	 0.4092 	 0.4191 	 -0.0153 	 0.1081 	 2.3836 	 -2.3713
4.3186 	 0.2534 	 0.4764 	 0.0039 	 0.4080 	 0.4404 	 -0.0388 	 -0.3318 	 1.8677 	 -2.2895
4.3287 	 0.2575 	 0.4809 	 0.0034 	 0.4031 	 0.4568 	 -0.0609 	 -0.6171 	 1.4153 	 -2.1168
4.3387 	 0.2615 	 0.4855 	 0.0026 	 0.3960 	 0.4690 	 -0.0811 	 -0.7863 	 1.0440 	 -1.9093
4.3487 	 0.2654 	 0.4903 	 0.0017 	 0.3876 	 0.4780 	 -0.0992 	 -0.8757 	 0.7499 	 -1.6999
4.3587 	 0.2692 	 0.4951 	 0.0007 	 0.3786 	 0.4843 	 -0.1152 	 -0.9131 	 0.5213 	 -1.5046
4.3687 	 0.2730 	 0.5000 	 -0.0006 	 0.3694 	 0.4886 	 -0.1294 	 -0.9181 	 0.3451 	 -1.3298
4.3788 	 0.2766 	 0.5049 	 -0.0019 	 0.3603 	 0.4913 	 -0.1420 	 -0.9036 	 0.2097 	 -1.1767
4.3888 	 0.2802 	 0.5098 	 -0.0034 	 0.3513 	 0.4929 	 -0.1531 	 -0.8780 	 0.1055 	 -1.0439
4.3988 	 0.2837 	 0.5148 	 -0.0050 	 0.3427 	 0.4935 	 -0.1629 	 -0.8464 	 0.0252 	 -0.9294
4.4088 	 0.2871 	 0.5197 	 -0.0066 	 0.3344 	 0.4935 	 -0.1717 	 -0.8122 	 -0.0369 	 -0.8307
4.4188 	 0.2904 	 0.5246 	 -0.0084 	 0.3264 	 0.4928 	 -0.1796 	 -0.7774 	 -0.0851 	 -0.7455
4.4289 	 0.2936 	 0.5296 	 -0.0102 	 0.3188 	 0.4918 	 -0.1867 	 -0.7432 	 -0.1226 	 -0.6717
4.4389 	 0.2968 	 0.5345 	 -0.0121 	 0.3115 	 0.4904 	 -0.1931 	 -0.7101 	 -0.1517 	 -0.6076
4.4489 	 0.2998 	 0.5394 	 -0.0141 	 0.3046 	 0.4888 	 -0.1989 	 -0.6787 	 -0.1744 	 -0.5517
4.4589 	 0.3029 	 0.5443 	 -0.0161 	 0.2979 	 0.4869 	 -0.2042 	 -0.6489 	 -0.1920 	 -0.5028
4.4689 	 0.3058 	 0.5492 	 -0.0182 	 0.2915 	 0.4849 	 -0.2090 	 -0.6210 	 -0.2055 	 -0.4597
4.4790 	 0.3087 	 0.5540 	 -0.0203 	 0.2855 	 0.4828 	 -0.2134 	 -0.5948 	 -0.2159 	 -0.4217
4.4890 	 0.3115 	 0.5588 	 -0.0225 	 0.2796 	 0.4806 	 -0.2175 	 -0.5703 	 -0.2238 	 -0.3879
4.4990 	 0.3143 	 0.5636 	 -0.0247 	 0.2740 	 0.4783 	 -0.2212 	 -0.5474 	 -0.2296 	 -0.3579
4.5090 	 0.3170 	 0.5684 	 -0.0269 	 0.2686 	 0.4760 	 -0.2247 	 -0.5260 	 -0.2338 	 -0.3310
4.5190 	 0.3197 	 0.5732 	 -0.0292 	 0.2635 	 0.4737 	 -0.2279 	 -0.5059 	 -0.2367 	 -0.3070
4.5291 	 0.3223 	 0.5779 	 -0.0315 	 0.2585 	 0.4713 	 -0.2308 	 -0.4871 	 -0.2386 	 -0.2853
4.5391 	 0.3249 	 0.5826 	 -0.0338 	 0.2537 	 0.4689 	 -0.2336 	 -0.4695 	 -0.2395 	 -0.2657
4.5491 	 0.3274 	 0.5873 	 -0.0361 	 0.2491 	 0.4665 	 -0.2362 	 -0.4530 	 -0.2398 	 -0.2480
4.5591 	 0.3299 	 0.5920 	 -0.0385 	 0.2446 	 0.4641 	 -0.2386 	 -0.4375 	 -0.2395 	 -0.2318
4.5691 	 0.3323 	 0.5966 	 -0.0409 	 0.2403 	 0.4617 	 -0.2408 	 -0.4228 	 -0.2387 	 -0.2171
4.5792 	 0.3347 	 0.6012 	 -0.0433 	 0.2361 	 0.4593 	 -0.2429 	 -0.4090 	 -0.2375 	 -0.2037
4.5892 	 0.3370 	 0.6058 	 -0.0458 	 0.2321 	 0.4569 	 -0.2449 	 -0.3960 	 -0.2361 	 -0.1914
4.5992 	 0.3393 	 0.6104 	 -0.0483 	 0.2282 	 0.4546 	 -0.2468 	 -0.3837 	 -0.2344 	 -0.1801
4.6092 	 0.3416 	 0.6149 	 -0.0507 	 0.2244 	 0.4522 	 -0.2485 	 -0.3721 	 -0.2325 	 -0.1697
4.6192 	 0.3438 	 0.6194 	 -0.0532 	 0.2207 	 0.4499 	 -0.2502 	 -0.3610 	 -0.2304 	 -0.1601
4.6293 	 0.3460 	 0.6239 	 -0.0557 	 0.2172 	 0.4476 	 -0.2517 	 -0.3506 	 -0.2282 	 -0.1513
4.6393 	 0.3482 	 0.6284 	 -0.0583 	 0.2137 	 0.4453 	 -0.2532 	 -0.3406 	 -0.2259 	 -0.1430
4.6493 	 0.3503 	 0.6329 	 -0.0608 	 0.2104 	 0.4431 	 -0.2546 	 -0.3311 	 -0.2236 	 -0.1354
4.6593 	 0.3524 	 0.6373 	 -0.0634 	 0.2071 	 0.4409 	 -0.2559 	 -0.3221 	 -0.2211 	 -0.1283
4.6693 	 0.3545 	 0.6417 	 -0.0660 	 0.2039 	 0.4387 	 -0.2572 	 -0.3135 	 -0.2187 	 -0.1217
4.6794 	 0.3565 	 0.6461 	 -0.0685 	 0.2008 	 0.4365 	 -0.2583 	 -0.3053 	 -0.2162 	 -0.1156
4.6894 	 0.3585 	 0.6504 	 -0.0711 	 0.1978 	 0.4343 	 -0.2595 	 -0.2974 	 -0.2136 	 -0.1098
4.6994 	 0.3605 	 0.6548 	 -0.0737 	 0.1948 	 0.4322 	 -0.2606 	 -0.2899 	 -0.2111 	 -0.1045
4.7094 	 0.3624 	 0.6591 	 -0.0763 	 0.1920 	 0.4301 	 -0.2616 	 -0.2827 	 -0.2086 	 -0.0994
4.7194 	 0.3643 	 0.6634 	 -0.0790 	 0.1892 	 0.4280 	 -0.2625 	 -0.2758 	 -0.2061 	 -0.0947
4.7295 	 0.3662 	 0.6677 	 -0.0816 	 0.1864 	 0.4260 	 -0.2635 	 -0.2691 	 -0.2036 	 -0.0902
4.7395 	 0.3680 	 0.6719 	 -0.0843 	 0.1838 	 0.4239 	 -0.2644 	 -0.2627 	 -0.2011 	 -0.0860
4.7495 	 0.3699 	 0.6762 	 -0.0869 	 0.1812 	 0.4219 	 -0.2652 	 -0.2566 	 -0.1986 	 -0.0821
4.7595 	 0.3717 	 0.6804 	 -0.0896 	 0.1786 	 0.4200 	 -0.2660 	 -0.2507 	 -0.1961 	 -0.0784
4.7695 	 0.3734 	 0.6846 	 -0.0922 	 0.1762 	 0.4180 	 -0.2668 	 -0.2450 	 -0.1937 	 -0.0748
4.7796 	 0.3752 	 0.6888 	 -0.0949 	 0.1737 	 0.4161 	 -0.2675 	 -0.2396 	 -0.1913 	 -0.0715
4.7896 	 0.3769 	 0.6929 	 -0.0976 	 0.1714 	 0.4142 	 -0.2682 	 -0.2343 	 -0.1889 	 -0.0683
4.7996 	 0.3786 	 0.6971 	 -0.1003 	 0.1690 	 0.4123 	 -0.2689 	 -0.2292 	 -0.1866 	 -0.0654
4.8096 	 0.3803 	 0.7012 	 -0.1030 	 0.1668 	 0.4104 	 -0.2695 	 -0.2242 	 -0.1842 	 -0.0625
4.8196 	 0.3820 	 0.7053 	 -0.1057 	 0.1645 	 0.4086 	 -0.2701 	 -0.2195 	 -0.1820 	 -0.0598
4.8297 	 0.3836 	 0.7094 	 -0.1084 	 0.1624 	 0.4068 	 -0.2707 	 -0.2149 	 -0.1797 	 -0.0572
4.8397 	 0.3852 	 0.7135 	 -0.1111 	 0.1602 	 0.4050 	 -0.2713 	 -0.2104 	 -0.1775 	 -0.0548
4.8497 	 0.3868 	 0.7175 	 -0.1138 	 0.1581 	 0.4032 	 -0.2718 	 -0.2061 	 -0.1753 	 -0.0525
4.8597 	 0.3884 	 0.7215 	 -0.1166 	 0.1561 	 0.4015 	 -0.2723 	 -0.2019 	 -0.1731 	 -0.0502
4.8697 	 0.3900 	 0.7256 	 -0.1193 	 0.1541 	 0.3998 	 -0.2728 	 -0.1978 	 -0.1710 	 -0.0481
4.8798 	 0.3915 	 0.7295 	 -0.1220 	 0.1521 	 0.3981 	 -0.2733 	 -0.1939 	 -0.1689 	 -0.0461
4.8898 	 0.3930 	 0.7335 	 -0.1248 	 0.1502 	 0.3964 	 -0.2737 	 -0.1900 	 -0.1669 	 -0.0441
4.8998 	 0.3945 	 0.7375 	 -0.1275 	 0.1483 	 0.3947 	 -0.2742 	 -0.1863 	 -0.1649 	 -0.0422
4.9098 	 0.3960 	 0.7414 	 -0.1303 	 0.1465 	 0.3931 	 -0.2746 	 -0.1827 	 -0.1629 	 -0.0405
4.9198 	 0.3974 	 0.7454 	 -0.1330 	 0.1447 	 0.3915 	 -0.2750 	 -0.1791 	 -0.1609 	 -0.0387
4.9299 	 0.3989 	 0.7493 	 -0.1358 	 0.1429 	 0.3898 	 -0.2754 	 -0.1757 	 -0.1590 	 -0.0371
4.9399 	 0.4003 	 0.7532 	 -0.1385 	 0.1411 	 0.3883 	 -0.2757 	 -0.1724 	 -0.1571 	 -0.0355
4.9499 	 0.4017 	 0.7571 	 -0.1413 	 0.1394 	 0.3867 	 -0.2761 	 -0.1691 	 -0.1552 	 -0.0339
4.9599 	 0.4031 	 0.7609 	 -0.1441 	 0.1378 	 0.3852 	 -0.2764 	 -0.1659 	 -0.1534 	 -0.0325
4.9699 	 0.4045 	 0.7648 	 -0.1468 	 0.1361 	 0.3836 	 -0.2767 	 -0.1628 	 -0.1516 	 -0.0310
4.9800 	 0.4058 	 0.7686 	 -0.1496 	 0.1345 	 0.3821 	 -0.2770 	 -0.1598 	 -0.1499 	 -0.0296
4.9900 	 0.4072 	 0.7724 	 -0.1524 	 0.1329 	 0.3806 	 -0.2773 	 -0.1569 	 -0.1481 	 -0.0283
