100-Body Run with i = 43 th particle. (Units in pc,M_solar,Myr, km s-1) 

time		 x 		 y 		 z 		 xdot 		 ydot 		 zdot 		 xddot 		 yddot 		 zddot
0.0000 	 0.0160 	 0.1472 	 0.6271 	 -0.0284 	 -0.0265 	 -0.0535 	 0.2128 	 -0.2260 	 -0.4385
0.0100 	 0.0157 	 0.1469 	 0.6265 	 -0.0262 	 -0.0287 	 -0.0579 	 0.2150 	 -0.2273 	 -0.4385
0.0200 	 0.0155 	 0.1466 	 0.6259 	 -0.0241 	 -0.0310 	 -0.0623 	 0.2171 	 -0.2288 	 -0.4390
0.0301 	 0.0152 	 0.1463 	 0.6253 	 -0.0219 	 -0.0333 	 -0.0667 	 0.2186 	 -0.2307 	 -0.4404
0.0401 	 0.0150 	 0.1459 	 0.6246 	 -0.0197 	 -0.0356 	 -0.0711 	 0.2233 	 -0.2322 	 -0.4398
0.0501 	 0.0148 	 0.1456 	 0.6239 	 -0.0174 	 -0.0380 	 -0.0755 	 0.2203 	 -0.2338 	 -0.4348
0.0601 	 0.0147 	 0.1452 	 0.6231 	 -0.0152 	 -0.0403 	 -0.0798 	 0.2175 	 -0.2366 	 -0.4361
0.0701 	 0.0145 	 0.1448 	 0.6223 	 -0.0131 	 -0.0427 	 -0.0842 	 0.2155 	 -0.2393 	 -0.4354
0.0802 	 0.0144 	 0.1443 	 0.6214 	 -0.0109 	 -0.0451 	 -0.0886 	 0.2161 	 -0.2420 	 -0.4322
0.0902 	 0.0143 	 0.1439 	 0.6205 	 -0.0087 	 -0.0476 	 -0.0929 	 0.2211 	 -0.2454 	 -0.4284
0.1002 	 0.0142 	 0.1434 	 0.6195 	 -0.0065 	 -0.0501 	 -0.0971 	 0.2292 	 -0.2500 	 -0.4262
0.1102 	 0.0142 	 0.1429 	 0.6185 	 -0.0041 	 -0.0526 	 -0.1014 	 0.2388 	 -0.2560 	 -0.4261
0.1202 	 0.0142 	 0.1423 	 0.6175 	 -0.0017 	 -0.0552 	 -0.1057 	 0.2490 	 -0.2635 	 -0.4273
0.1303 	 0.0141 	 0.1418 	 0.6164 	 0.0009 	 -0.0579 	 -0.1100 	 0.2598 	 -0.2724 	 -0.4286
0.1403 	 0.0142 	 0.1412 	 0.6153 	 0.0035 	 -0.0607 	 -0.1143 	 0.2713 	 -0.2824 	 -0.4289
0.1503 	 0.0142 	 0.1405 	 0.6141 	 0.0063 	 -0.0635 	 -0.1186 	 0.2834 	 -0.2928 	 -0.4271
0.1603 	 0.0143 	 0.1399 	 0.6129 	 0.0092 	 -0.0665 	 -0.1228 	 0.2955 	 -0.2971 	 -0.4053
0.1703 	 0.0144 	 0.1392 	 0.6117 	 0.0122 	 -0.0695 	 -0.1266 	 0.3070 	 -0.2966 	 -0.3749
0.1804 	 0.0145 	 0.1385 	 0.6104 	 0.0153 	 -0.0724 	 -0.1303 	 0.3165 	 -0.2987 	 -0.3610
0.1904 	 0.0147 	 0.1378 	 0.6091 	 0.0186 	 -0.0754 	 -0.1339 	 0.3237 	 -0.2979 	 -0.3493
0.2004 	 0.0149 	 0.1370 	 0.6077 	 0.0218 	 -0.0784 	 -0.1373 	 0.3288 	 -0.2946 	 -0.3389
0.2104 	 0.0152 	 0.1362 	 0.6063 	 0.0251 	 -0.0813 	 -0.1407 	 0.3318 	 -0.2903 	 -0.3300
0.2204 	 0.0154 	 0.1354 	 0.6049 	 0.0285 	 -0.0842 	 -0.1439 	 0.3332 	 -0.2864 	 -0.3228
0.2305 	 0.0157 	 0.1345 	 0.6034 	 0.0318 	 -0.0871 	 -0.1471 	 0.3334 	 -0.2838 	 -0.3174
0.2405 	 0.0161 	 0.1336 	 0.6019 	 0.0352 	 -0.0899 	 -0.1503 	 0.3332 	 -0.2830 	 -0.3139
0.2505 	 0.0164 	 0.1327 	 0.6004 	 0.0385 	 -0.0928 	 -0.1534 	 0.3334 	 -0.2838 	 -0.3119
0.2605 	 0.0168 	 0.1317 	 0.5989 	 0.0418 	 -0.0956 	 -0.1566 	 0.3345 	 -0.2860 	 -0.3109
0.2705 	 0.0173 	 0.1308 	 0.5973 	 0.0452 	 -0.0985 	 -0.1597 	 0.3366 	 -0.2892 	 -0.3105
0.2806 	 0.0177 	 0.1298 	 0.5957 	 0.0486 	 -0.1014 	 -0.1628 	 0.3396 	 -0.2935 	 -0.3102
0.2906 	 0.0182 	 0.1287 	 0.5940 	 0.0520 	 -0.1044 	 -0.1659 	 0.3436 	 -0.2985 	 -0.3100
0.3006 	 0.0188 	 0.1277 	 0.5923 	 0.0555 	 -0.1074 	 -0.1690 	 0.3483 	 -0.3043 	 -0.3096
0.3106 	 0.0194 	 0.1266 	 0.5906 	 0.0590 	 -0.1105 	 -0.1721 	 0.3537 	 -0.3108 	 -0.3089
0.3206 	 0.0200 	 0.1255 	 0.5889 	 0.0626 	 -0.1136 	 -0.1752 	 0.3597 	 -0.3181 	 -0.3078
0.3307 	 0.0206 	 0.1243 	 0.5871 	 0.0662 	 -0.1169 	 -0.1783 	 0.3662 	 -0.3260 	 -0.3063
0.3407 	 0.0213 	 0.1231 	 0.5853 	 0.0699 	 -0.1202 	 -0.1813 	 0.3733 	 -0.3346 	 -0.3044
0.3507 	 0.0220 	 0.1219 	 0.5835 	 0.0737 	 -0.1236 	 -0.1844 	 0.3808 	 -0.3440 	 -0.3019
0.3607 	 0.0228 	 0.1206 	 0.5816 	 0.0775 	 -0.1271 	 -0.1874 	 0.3887 	 -0.3542 	 -0.2987
0.3707 	 0.0236 	 0.1194 	 0.5797 	 0.0815 	 -0.1307 	 -0.1903 	 0.3971 	 -0.3653 	 -0.2946
0.3808 	 0.0244 	 0.1180 	 0.5778 	 0.0855 	 -0.1344 	 -0.1933 	 0.4059 	 -0.3774 	 -0.2896
0.3908 	 0.0253 	 0.1167 	 0.5759 	 0.0896 	 -0.1382 	 -0.1961 	 0.4151 	 -0.3905 	 -0.2833
0.4008 	 0.0262 	 0.1153 	 0.5739 	 0.0938 	 -0.1422 	 -0.1989 	 0.4249 	 -0.4049 	 -0.2755
0.4108 	 0.0272 	 0.1138 	 0.5719 	 0.0981 	 -0.1464 	 -0.2017 	 0.4350 	 -0.4208 	 -0.2659
0.4208 	 0.0282 	 0.1123 	 0.5698 	 0.1025 	 -0.1507 	 -0.2043 	 0.4457 	 -0.4385 	 -0.2540
0.4309 	 0.0292 	 0.1108 	 0.5678 	 0.1071 	 -0.1551 	 -0.2067 	 0.4568 	 -0.4582 	 -0.2395
0.4409 	 0.0303 	 0.1092 	 0.5657 	 0.1117 	 -0.1598 	 -0.2090 	 0.4685 	 -0.4804 	 -0.2217
0.4509 	 0.0314 	 0.1076 	 0.5636 	 0.1164 	 -0.1648 	 -0.2112 	 0.4807 	 -0.5055 	 -0.1997
0.4609 	 0.0326 	 0.1059 	 0.5615 	 0.1213 	 -0.1700 	 -0.2130 	 0.4936 	 -0.5344 	 -0.1726
0.4709 	 0.0339 	 0.1042 	 0.5593 	 0.1263 	 -0.1755 	 -0.2146 	 0.5072 	 -0.5676 	 -0.1389
0.4810 	 0.0352 	 0.1024 	 0.5572 	 0.1315 	 -0.1814 	 -0.2158 	 0.5215 	 -0.6063 	 -0.0966
0.4910 	 0.0365 	 0.1005 	 0.5550 	 0.1368 	 -0.1877 	 -0.2165 	 0.5362 	 -0.6526 	 -0.0434
0.5010 	 0.0379 	 0.0986 	 0.5528 	 0.1423 	 -0.1945 	 -0.2166 	 0.5546 	 -0.7050 	 0.0243
0.5110 	 0.0394 	 0.0966 	 0.5507 	 0.1479 	 -0.2018 	 -0.2158 	 0.5491 	 -0.7441 	 0.1846
0.5210 	 0.0409 	 0.0946 	 0.5485 	 0.1534 	 -0.2096 	 -0.2135 	 0.5655 	 -0.8191 	 0.2949
0.5311 	 0.0424 	 0.0924 	 0.5464 	 0.1592 	 -0.2183 	 -0.2098 	 0.5824 	 -0.9134 	 0.4454
0.5411 	 0.0441 	 0.0902 	 0.5443 	 0.1651 	 -0.2280 	 -0.2043 	 0.6021 	 -1.0342 	 0.6622
0.5511 	 0.0458 	 0.0879 	 0.5423 	 0.1713 	 -0.2391 	 -0.1962 	 0.6298 	 -1.1892 	 0.9898
0.5611 	 0.0475 	 0.0854 	 0.5404 	 0.1778 	 -0.2520 	 -0.1838 	 0.6758 	 -1.3839 	 1.5108
0.5711 	 0.0493 	 0.0828 	 0.5387 	 0.1850 	 -0.2670 	 -0.1647 	 0.7614 	 -1.6124 	 2.3946
0.5812 	 0.0512 	 0.0800 	 0.5372 	 0.1934 	 -0.2842 	 -0.1334 	 0.9376 	 -1.8072 	 4.0451
0.5912 	 0.0532 	 0.0771 	 0.5362 	 0.2045 	 -0.3017 	 -0.0776 	 1.3629 	 -1.5335 	 7.6345
0.6012 	 0.0554 	 0.0741 	 0.5361 	 0.2234 	 -0.3031 	 0.0384 	 2.7304 	 2.7652 	 17.6381
0.6112 	 0.0579 	 0.0726 	 0.5379 	 0.2709 	 -0.0928 	 0.3136 	 10.9401 	 81.4130 	 56.0112
0.6212 	 0.0605 	 0.0809 	 0.5366 	 0.2734 	 1.8799 	 -0.4903 	 -1.8257 	 -36.5582 	 -4.6387
0.6313 	 0.0633 	 0.0995 	 0.5316 	 0.2712 	 1.7814 	 -0.5049 	 0.2104 	 -1.9920 	 -0.7641
0.6413 	 0.0660 	 0.1173 	 0.5265 	 0.2735 	 1.7693 	 -0.5124 	 0.2148 	 -0.7461 	 -0.7280
0.6513 	 0.0687 	 0.1350 	 0.5214 	 0.2754 	 1.7637 	 -0.5195 	 0.1683 	 -0.4405 	 -0.6799
0.6613 	 0.0715 	 0.1527 	 0.5161 	 0.2768 	 1.7600 	 -0.5260 	 0.1039 	 -0.3116 	 -0.6209
0.6713 	 0.0743 	 0.1703 	 0.5108 	 0.2774 	 1.7573 	 -0.5319 	 0.0211 	 -0.2323 	 -0.5512
0.6814 	 0.0771 	 0.1879 	 0.5055 	 0.2776 	 1.7546 	 -0.5371 	 0.2377 	 -0.5494 	 -0.5463
0.6914 	 0.0799 	 0.2054 	 0.5001 	 0.2798 	 1.7492 	 -0.5424 	 0.1987 	 -0.5369 	 -0.5054
0.7014 	 0.0827 	 0.2229 	 0.4946 	 0.2816 	 1.7439 	 -0.5473 	 0.1733 	 -0.5298 	 -0.4576
0.7114 	 0.0855 	 0.2404 	 0.4891 	 0.2832 	 1.7386 	 -0.5516 	 0.1477 	 -0.5195 	 -0.4114
0.7214 	 0.0884 	 0.2578 	 0.4836 	 0.2846 	 1.7335 	 -0.5555 	 0.1226 	 -0.5053 	 -0.3686
0.7315 	 0.0912 	 0.2751 	 0.4780 	 0.2857 	 1.7285 	 -0.5590 	 0.0987 	 -0.4877 	 -0.3303
0.7415 	 0.0941 	 0.2924 	 0.4724 	 0.2866 	 1.7237 	 -0.5622 	 0.0760 	 -0.4681 	 -0.2974
0.7515 	 0.0970 	 0.3097 	 0.4667 	 0.2872 	 1.7191 	 -0.5650 	 0.0538 	 -0.4477 	 -0.2703
0.7615 	 0.0998 	 0.3269 	 0.4610 	 0.2877 	 1.7147 	 -0.5676 	 0.0309 	 -0.4277 	 -0.2495
0.7715 	 0.1027 	 0.3440 	 0.4553 	 0.2878 	 1.7105 	 -0.5700 	 0.0048 	 -0.4087 	 -0.2350
0.7816 	 0.1056 	 0.3612 	 0.4496 	 0.2877 	 1.7065 	 -0.5723 	 -0.0283 	 -0.3910 	 -0.2266
0.7916 	 0.1085 	 0.3782 	 0.4439 	 0.2872 	 1.7027 	 -0.5746 	 -0.0740 	 -0.3735 	 -0.2209
0.8016 	 0.1114 	 0.3953 	 0.4381 	 0.2862 	 1.6990 	 -0.5767 	 -0.1358 	 -0.3542 	 -0.2071
0.8116 	 0.1142 	 0.4123 	 0.4323 	 0.2845 	 1.6956 	 -0.5786 	 -0.2017 	 -0.3310 	 -0.1664
0.8216 	 0.1170 	 0.4293 	 0.4265 	 0.2823 	 1.6924 	 -0.5799 	 -0.2359 	 -0.3075 	 -0.0951
0.8317 	 0.1199 	 0.4462 	 0.4207 	 0.2799 	 1.6894 	 -0.5805 	 -0.2202 	 -0.2922 	 -0.0269
0.8417 	 0.1227 	 0.4631 	 0.4149 	 0.2779 	 1.6865 	 -0.5806 	 -0.1821 	 -0.2870 	 0.0112
0.8517 	 0.1254 	 0.4800 	 0.4091 	 0.2763 	 1.6836 	 -0.5804 	 -0.1493 	 -0.2874 	 0.0250
0.8617 	 0.1282 	 0.4969 	 0.4032 	 0.2749 	 1.6808 	 -0.5801 	 -0.1283 	 -0.2900 	 0.0280
0.8717 	 0.1309 	 0.5137 	 0.3974 	 0.2737 	 1.6778 	 -0.5798 	 -0.1156 	 -0.2934 	 0.0274
0.8818 	 0.1337 	 0.5305 	 0.3916 	 0.2726 	 1.6749 	 -0.5796 	 -0.1073 	 -0.2971 	 0.0257
0.8918 	 0.1364 	 0.5473 	 0.3858 	 0.2715 	 1.6719 	 -0.5793 	 -0.1005 	 -0.3007 	 0.0237
0.9018 	 0.1391 	 0.5640 	 0.3800 	 0.2705 	 1.6688 	 -0.5791 	 -0.0939 	 -0.3035 	 0.0213
0.9118 	 0.1418 	 0.5807 	 0.3742 	 0.2696 	 1.6658 	 -0.5789 	 -0.0867 	 -0.3052 	 0.0184
0.9218 	 0.1445 	 0.5974 	 0.3684 	 0.2688 	 1.6627 	 -0.5787 	 -0.0791 	 -0.3054 	 0.0152
0.9319 	 0.1472 	 0.6140 	 0.3626 	 0.2681 	 1.6597 	 -0.5786 	 -0.0713 	 -0.3041 	 0.0118
0.9419 	 0.1499 	 0.6306 	 0.3568 	 0.2674 	 1.6566 	 -0.5785 	 -0.0636 	 -0.3014 	 0.0084
0.9519 	 0.1526 	 0.6472 	 0.3510 	 0.2668 	 1.6536 	 -0.5784 	 -0.0563 	 -0.2973 	 0.0052
0.9619 	 0.1552 	 0.6638 	 0.3452 	 0.2662 	 1.6507 	 -0.5784 	 -0.0496 	 -0.2923 	 0.0023
0.9719 	 0.1579 	 0.6803 	 0.3394 	 0.2658 	 1.6478 	 -0.5784 	 -0.0437 	 -0.2865 	 -0.0003
0.9820 	 0.1606 	 0.6968 	 0.3336 	 0.2654 	 1.6450 	 -0.5784 	 -0.0385 	 -0.2803 	 -0.0025
0.9920 	 0.1632 	 0.7133 	 0.3278 	 0.2650 	 1.6422 	 -0.5784 	 -0.0340 	 -0.2738 	 -0.0042
1.0020 	 0.1659 	 0.7297 	 0.3220 	 0.2647 	 1.6395 	 -0.5785 	 -0.0303 	 -0.2672 	 -0.0056
1.0120 	 0.1685 	 0.7461 	 0.3162 	 0.2644 	 1.6368 	 -0.5785 	 -0.0271 	 -0.2605 	 -0.0067
1.0220 	 0.1712 	 0.7625 	 0.3105 	 0.2641 	 1.6342 	 -0.5786 	 -0.0246 	 -0.2540 	 -0.0075
1.0321 	 0.1738 	 0.7789 	 0.3047 	 0.2639 	 1.6317 	 -0.5787 	 -0.0227 	 -0.2476 	 -0.0083
1.0421 	 0.1765 	 0.7952 	 0.2989 	 0.2637 	 1.6293 	 -0.5788 	 -0.0214 	 -0.2413 	 -0.0092
1.0521 	 0.1791 	 0.8115 	 0.2931 	 0.2635 	 1.6269 	 -0.5789 	 -0.0204 	 -0.2350 	 -0.0101
1.0621 	 0.1818 	 0.8278 	 0.2873 	 0.2633 	 1.6246 	 -0.5790 	 -0.0194 	 -0.2287 	 -0.0108
1.0721 	 0.1844 	 0.8441 	 0.2815 	 0.2631 	 1.6223 	 -0.5791 	 -0.0184 	 -0.2225 	 -0.0113
1.0822 	 0.1870 	 0.8603 	 0.2756 	 0.2629 	 1.6201 	 -0.5792 	 -0.0176 	 -0.2165 	 -0.0114
1.0922 	 0.1897 	 0.8765 	 0.2698 	 0.2627 	 1.6180 	 -0.5793 	 -0.0169 	 -0.2108 	 -0.0113
1.1022 	 0.1923 	 0.8927 	 0.2640 	 0.2626 	 1.6159 	 -0.5794 	 -0.0165 	 -0.2054 	 -0.0111
1.1122 	 0.1949 	 0.9089 	 0.2582 	 0.2624 	 1.6139 	 -0.5795 	 -0.0161 	 -0.2003 	 -0.0107
1.1222 	 0.1975 	 0.9251 	 0.2524 	 0.2622 	 1.6119 	 -0.5797 	 -0.0159 	 -0.1953 	 -0.0104
1.1323 	 0.2002 	 0.9412 	 0.2466 	 0.2621 	 1.6099 	 -0.5798 	 -0.0158 	 -0.1906 	 -0.0099
1.1423 	 0.2028 	 0.9574 	 0.2408 	 0.2619 	 1.6081 	 -0.5799 	 -0.0158 	 -0.1860 	 -0.0095
1.1523 	 0.2054 	 0.9735 	 0.2350 	 0.2618 	 1.6062 	 -0.5799 	 -0.0159 	 -0.1816 	 -0.0091
1.1623 	 0.2080 	 0.9895 	 0.2292 	 0.2616 	 1.6044 	 -0.5800 	 -0.0160 	 -0.1774 	 -0.0086
1.1723 	 0.2107 	 1.0056 	 0.2234 	 0.2614 	 1.6027 	 -0.5801 	 -0.0161 	 -0.1734 	 -0.0082
1.1824 	 0.2133 	 1.0217 	 0.2176 	 0.2613 	 1.6009 	 -0.5802 	 -0.0162 	 -0.1694 	 -0.0077
1.1924 	 0.2159 	 1.0377 	 0.2117 	 0.2611 	 1.5993 	 -0.5803 	 -0.0164 	 -0.1656 	 -0.0073
1.2024 	 0.2185 	 1.0537 	 0.2059 	 0.2610 	 1.5976 	 -0.5803 	 -0.0166 	 -0.1620 	 -0.0069
1.2124 	 0.2211 	 1.0697 	 0.2001 	 0.2608 	 1.5960 	 -0.5804 	 -0.0167 	 -0.1584 	 -0.0065
1.2224 	 0.2237 	 1.0857 	 0.1943 	 0.2606 	 1.5944 	 -0.5805 	 -0.0169 	 -0.1550 	 -0.0061
1.2325 	 0.2264 	 1.1017 	 0.1885 	 0.2604 	 1.5929 	 -0.5805 	 -0.0171 	 -0.1517 	 -0.0057
1.2425 	 0.2290 	 1.1176 	 0.1827 	 0.2603 	 1.5914 	 -0.5806 	 -0.0172 	 -0.1485 	 -0.0053
1.2525 	 0.2316 	 1.1336 	 0.1768 	 0.2601 	 1.5899 	 -0.5806 	 -0.0173 	 -0.1454 	 -0.0049
1.2625 	 0.2342 	 1.1495 	 0.1710 	 0.2599 	 1.5885 	 -0.5807 	 -0.0174 	 -0.1423 	 -0.0046
1.2725 	 0.2368 	 1.1654 	 0.1652 	 0.2598 	 1.5871 	 -0.5807 	 -0.0175 	 -0.1394 	 -0.0043
1.2826 	 0.2394 	 1.1813 	 0.1594 	 0.2596 	 1.5857 	 -0.5808 	 -0.0176 	 -0.1366 	 -0.0039
1.2926 	 0.2420 	 1.1972 	 0.1536 	 0.2594 	 1.5843 	 -0.5808 	 -0.0177 	 -0.1339 	 -0.0036
1.3026 	 0.2446 	 1.2130 	 0.1477 	 0.2592 	 1.5830 	 -0.5808 	 -0.0178 	 -0.1312 	 -0.0033
1.3126 	 0.2472 	 1.2289 	 0.1419 	 0.2590 	 1.5817 	 -0.5809 	 -0.0178 	 -0.1287 	 -0.0030
1.3226 	 0.2498 	 1.2447 	 0.1361 	 0.2589 	 1.5804 	 -0.5809 	 -0.0178 	 -0.1262 	 -0.0027
1.3327 	 0.2524 	 1.2606 	 0.1303 	 0.2587 	 1.5792 	 -0.5809 	 -0.0178 	 -0.1238 	 -0.0024
1.3427 	 0.2550 	 1.2764 	 0.1245 	 0.2585 	 1.5780 	 -0.5810 	 -0.0178 	 -0.1214 	 -0.0021
1.3527 	 0.2575 	 1.2922 	 0.1186 	 0.2583 	 1.5767 	 -0.5810 	 -0.0178 	 -0.1191 	 -0.0019
1.3627 	 0.2601 	 1.3080 	 0.1128 	 0.2581 	 1.5756 	 -0.5810 	 -0.0178 	 -0.1169 	 -0.0016
1.3727 	 0.2627 	 1.3238 	 0.1070 	 0.2580 	 1.5744 	 -0.5810 	 -0.0178 	 -0.1148 	 -0.0014
1.3828 	 0.2653 	 1.3395 	 0.1012 	 0.2578 	 1.5733 	 -0.5810 	 -0.0177 	 -0.1127 	 -0.0011
1.3928 	 0.2679 	 1.3553 	 0.0954 	 0.2576 	 1.5721 	 -0.5810 	 -0.0177 	 -0.1107 	 -0.0009
1.4028 	 0.2705 	 1.3710 	 0.0895 	 0.2574 	 1.5710 	 -0.5810 	 -0.0176 	 -0.1087 	 -0.0006
1.4128 	 0.2730 	 1.3868 	 0.0837 	 0.2573 	 1.5700 	 -0.5810 	 -0.0176 	 -0.1068 	 -0.0004
1.4228 	 0.2756 	 1.4025 	 0.0779 	 0.2571 	 1.5689 	 -0.5810 	 -0.0175 	 -0.1049 	 -0.0002
1.4329 	 0.2782 	 1.4182 	 0.0721 	 0.2569 	 1.5679 	 -0.5810 	 -0.0174 	 -0.1031 	 0.0000
1.4429 	 0.2808 	 1.4339 	 0.0662 	 0.2567 	 1.5668 	 -0.5810 	 -0.0173 	 -0.1014 	 0.0002
1.4529 	 0.2833 	 1.4496 	 0.0604 	 0.2566 	 1.5658 	 -0.5810 	 -0.0172 	 -0.0996 	 0.0004
1.4629 	 0.2859 	 1.4653 	 0.0546 	 0.2564 	 1.5648 	 -0.5810 	 -0.0171 	 -0.0980 	 0.0006
1.4729 	 0.2885 	 1.4810 	 0.0488 	 0.2562 	 1.5639 	 -0.5810 	 -0.0170 	 -0.0963 	 0.0008
1.4830 	 0.2910 	 1.4966 	 0.0430 	 0.2561 	 1.5629 	 -0.5810 	 -0.0169 	 -0.0948 	 0.0010
1.4930 	 0.2936 	 1.5123 	 0.0371 	 0.2559 	 1.5620 	 -0.5810 	 -0.0168 	 -0.0932 	 0.0012
1.5030 	 0.2962 	 1.5279 	 0.0313 	 0.2557 	 1.5610 	 -0.5810 	 -0.0167 	 -0.0917 	 0.0013
1.5130 	 0.2987 	 1.5436 	 0.0255 	 0.2555 	 1.5601 	 -0.5810 	 -0.0165 	 -0.0902 	 0.0015
1.5230 	 0.3013 	 1.5592 	 0.0197 	 0.2554 	 1.5592 	 -0.5810 	 -0.0164 	 -0.0888 	 0.0017
1.5331 	 0.3039 	 1.5748 	 0.0139 	 0.2552 	 1.5584 	 -0.5809 	 -0.0163 	 -0.0874 	 0.0018
1.5431 	 0.3064 	 1.5904 	 0.0080 	 0.2551 	 1.5575 	 -0.5809 	 -0.0162 	 -0.0860 	 0.0020
1.5531 	 0.3090 	 1.6060 	 0.0022 	 0.2549 	 1.5566 	 -0.5809 	 -0.0160 	 -0.0847 	 0.0021
1.5631 	 0.3115 	 1.6216 	 -0.0036 	 0.2547 	 1.5558 	 -0.5809 	 -0.0159 	 -0.0834 	 0.0023
1.5731 	 0.3141 	 1.6372 	 -0.0094 	 0.2546 	 1.5550 	 -0.5809 	 -0.0158 	 -0.0821 	 0.0024
1.5832 	 0.3166 	 1.6528 	 -0.0152 	 0.2544 	 1.5541 	 -0.5808 	 -0.0156 	 -0.0808 	 0.0026
1.5932 	 0.3192 	 1.6684 	 -0.0211 	 0.2543 	 1.5533 	 -0.5808 	 -0.0155 	 -0.0796 	 0.0027
1.6032 	 0.3217 	 1.6839 	 -0.0269 	 0.2541 	 1.5525 	 -0.5808 	 -0.0154 	 -0.0784 	 0.0028
1.6132 	 0.3243 	 1.6995 	 -0.0327 	 0.2540 	 1.5518 	 -0.5808 	 -0.0152 	 -0.0773 	 0.0029
1.6232 	 0.3268 	 1.7150 	 -0.0385 	 0.2538 	 1.5510 	 -0.5807 	 -0.0151 	 -0.0761 	 0.0031
1.6333 	 0.3293 	 1.7306 	 -0.0443 	 0.2537 	 1.5502 	 -0.5807 	 -0.0149 	 -0.0750 	 0.0032
1.6433 	 0.3319 	 1.7461 	 -0.0502 	 0.2535 	 1.5495 	 -0.5807 	 -0.0148 	 -0.0739 	 0.0033
1.6533 	 0.3344 	 1.7616 	 -0.0560 	 0.2534 	 1.5488 	 -0.5806 	 -0.0147 	 -0.0728 	 0.0034
1.6633 	 0.3370 	 1.7771 	 -0.0618 	 0.2532 	 1.5480 	 -0.5806 	 -0.0145 	 -0.0718 	 0.0035
1.6733 	 0.3395 	 1.7926 	 -0.0676 	 0.2531 	 1.5473 	 -0.5806 	 -0.0144 	 -0.0707 	 0.0036
1.6834 	 0.3420 	 1.8081 	 -0.0734 	 0.2529 	 1.5466 	 -0.5805 	 -0.0142 	 -0.0697 	 0.0037
1.6934 	 0.3446 	 1.8236 	 -0.0793 	 0.2528 	 1.5459 	 -0.5805 	 -0.0141 	 -0.0687 	 0.0038
1.7034 	 0.3471 	 1.8391 	 -0.0851 	 0.2526 	 1.5452 	 -0.5804 	 -0.0139 	 -0.0678 	 0.0039
1.7134 	 0.3496 	 1.8546 	 -0.0909 	 0.2525 	 1.5446 	 -0.5804 	 -0.0138 	 -0.0668 	 0.0040
1.7234 	 0.3522 	 1.8701 	 -0.0967 	 0.2524 	 1.5439 	 -0.5804 	 -0.0137 	 -0.0659 	 0.0040
1.7335 	 0.3547 	 1.8855 	 -0.1025 	 0.2522 	 1.5432 	 -0.5803 	 -0.0135 	 -0.0649 	 0.0041
1.7435 	 0.3572 	 1.9010 	 -0.1083 	 0.2521 	 1.5426 	 -0.5803 	 -0.0134 	 -0.0640 	 0.0042
1.7535 	 0.3597 	 1.9164 	 -0.1141 	 0.2520 	 1.5420 	 -0.5802 	 -0.0132 	 -0.0631 	 0.0043
1.7635 	 0.3623 	 1.9319 	 -0.1200 	 0.2518 	 1.5413 	 -0.5802 	 -0.0131 	 -0.0623 	 0.0043
1.7735 	 0.3648 	 1.9473 	 -0.1258 	 0.2517 	 1.5407 	 -0.5802 	 -0.0129 	 -0.0614 	 0.0044
1.7836 	 0.3673 	 1.9628 	 -0.1316 	 0.2516 	 1.5401 	 -0.5801 	 -0.0128 	 -0.0605 	 0.0045
1.7936 	 0.3698 	 1.9782 	 -0.1374 	 0.2514 	 1.5395 	 -0.5801 	 -0.0126 	 -0.0597 	 0.0045
1.8036 	 0.3723 	 1.9936 	 -0.1432 	 0.2513 	 1.5389 	 -0.5800 	 -0.0125 	 -0.0589 	 0.0046
1.8136 	 0.3749 	 2.0090 	 -0.1490 	 0.2512 	 1.5383 	 -0.5800 	 -0.0123 	 -0.0581 	 0.0047
1.8236 	 0.3774 	 2.0244 	 -0.1548 	 0.2511 	 1.5377 	 -0.5799 	 -0.0122 	 -0.0573 	 0.0047
1.8337 	 0.3799 	 2.0399 	 -0.1606 	 0.2509 	 1.5372 	 -0.5799 	 -0.0121 	 -0.0565 	 0.0048
1.8437 	 0.3824 	 2.0553 	 -0.1665 	 0.2508 	 1.5366 	 -0.5798 	 -0.0119 	 -0.0557 	 0.0048
1.8537 	 0.3849 	 2.0706 	 -0.1723 	 0.2507 	 1.5361 	 -0.5798 	 -0.0118 	 -0.0550 	 0.0049
1.8637 	 0.3874 	 2.0860 	 -0.1781 	 0.2506 	 1.5355 	 -0.5797 	 -0.0116 	 -0.0542 	 0.0049
1.8737 	 0.3899 	 2.1014 	 -0.1839 	 0.2505 	 1.5350 	 -0.5797 	 -0.0115 	 -0.0535 	 0.0049
1.8838 	 0.3925 	 2.1168 	 -0.1897 	 0.2504 	 1.5344 	 -0.5796 	 -0.0114 	 -0.0528 	 0.0050
1.8938 	 0.3950 	 2.1322 	 -0.1955 	 0.2502 	 1.5339 	 -0.5796 	 -0.0112 	 -0.0521 	 0.0050
1.9038 	 0.3975 	 2.1475 	 -0.2013 	 0.2501 	 1.5334 	 -0.5795 	 -0.0111 	 -0.0514 	 0.0051
1.9138 	 0.4000 	 2.1629 	 -0.2071 	 0.2500 	 1.5329 	 -0.5795 	 -0.0110 	 -0.0508 	 0.0051
1.9238 	 0.4025 	 2.1783 	 -0.2129 	 0.2499 	 1.5324 	 -0.5794 	 -0.0109 	 -0.0501 	 0.0051
1.9339 	 0.4050 	 2.1936 	 -0.2187 	 0.2498 	 1.5319 	 -0.5794 	 -0.0107 	 -0.0494 	 0.0051
1.9439 	 0.4075 	 2.2090 	 -0.2245 	 0.2497 	 1.5314 	 -0.5793 	 -0.0106 	 -0.0488 	 0.0052
1.9539 	 0.4100 	 2.2243 	 -0.2303 	 0.2496 	 1.5309 	 -0.5793 	 -0.0105 	 -0.0482 	 0.0052
1.9639 	 0.4125 	 2.2396 	 -0.2361 	 0.2495 	 1.5304 	 -0.5792 	 -0.0104 	 -0.0476 	 0.0052
1.9739 	 0.4150 	 2.2550 	 -0.2419 	 0.2494 	 1.5299 	 -0.5792 	 -0.0103 	 -0.0470 	 0.0052
1.9840 	 0.4175 	 2.2703 	 -0.2477 	 0.2493 	 1.5295 	 -0.5791 	 -0.0098 	 -0.0450 	 0.0057
1.9940 	 0.4200 	 2.2856 	 -0.2535 	 0.2492 	 1.5290 	 -0.5791 	 -0.0097 	 -0.0444 	 0.0057
2.0040 	 0.4225 	 2.3009 	 -0.2593 	 0.2491 	 1.5286 	 -0.5790 	 -0.0096 	 -0.0439 	 0.0057
2.0140 	 0.4250 	 2.3163 	 -0.2651 	 0.2490 	 1.5282 	 -0.5789 	 -0.0095 	 -0.0433 	 0.0057
2.0240 	 0.4275 	 2.3316 	 -0.2709 	 0.2489 	 1.5277 	 -0.5789 	 -0.0094 	 -0.0428 	 0.0057
2.0341 	 0.4300 	 2.3469 	 -0.2767 	 0.2488 	 1.5273 	 -0.5788 	 -0.0093 	 -0.0422 	 0.0057
2.0441 	 0.4325 	 2.3622 	 -0.2825 	 0.2487 	 1.5269 	 -0.5788 	 -0.0092 	 -0.0417 	 0.0057
2.0541 	 0.4349 	 2.3775 	 -0.2883 	 0.2486 	 1.5265 	 -0.5787 	 -0.0091 	 -0.0412 	 0.0057
2.0641 	 0.4374 	 2.3928 	 -0.2941 	 0.2485 	 1.5261 	 -0.5787 	 -0.0090 	 -0.0407 	 0.0057
2.0741 	 0.4399 	 2.4080 	 -0.2999 	 0.2484 	 1.5256 	 -0.5786 	 -0.0089 	 -0.0402 	 0.0057
2.0842 	 0.4424 	 2.4233 	 -0.3057 	 0.2484 	 1.5252 	 -0.5785 	 -0.0088 	 -0.0397 	 0.0057
2.0942 	 0.4449 	 2.4386 	 -0.3115 	 0.2483 	 1.5248 	 -0.5785 	 -0.0087 	 -0.0392 	 0.0057
2.1042 	 0.4474 	 2.4539 	 -0.3173 	 0.2482 	 1.5245 	 -0.5784 	 -0.0086 	 -0.0388 	 0.0057
2.1142 	 0.4499 	 2.4692 	 -0.3231 	 0.2481 	 1.5241 	 -0.5784 	 -0.0085 	 -0.0383 	 0.0057
2.1242 	 0.4524 	 2.4844 	 -0.3289 	 0.2480 	 1.5237 	 -0.5783 	 -0.0084 	 -0.0379 	 0.0057
2.1343 	 0.4549 	 2.4997 	 -0.3347 	 0.2479 	 1.5233 	 -0.5783 	 -0.0083 	 -0.0374 	 0.0057
2.1443 	 0.4573 	 2.5150 	 -0.3405 	 0.2478 	 1.5229 	 -0.5782 	 -0.0082 	 -0.0370 	 0.0057
2.1543 	 0.4598 	 2.5302 	 -0.3463 	 0.2478 	 1.5226 	 -0.5781 	 -0.0081 	 -0.0365 	 0.0057
2.1643 	 0.4623 	 2.5455 	 -0.3521 	 0.2477 	 1.5222 	 -0.5781 	 -0.0080 	 -0.0361 	 0.0057
2.1743 	 0.4648 	 2.5607 	 -0.3579 	 0.2476 	 1.5218 	 -0.5780 	 -0.0080 	 -0.0357 	 0.0056
2.1844 	 0.4673 	 2.5760 	 -0.3637 	 0.2475 	 1.5215 	 -0.5780 	 -0.0079 	 -0.0353 	 0.0056
2.1944 	 0.4697 	 2.5912 	 -0.3695 	 0.2474 	 1.5211 	 -0.5779 	 -0.0078 	 -0.0349 	 0.0056
2.2044 	 0.4722 	 2.6065 	 -0.3753 	 0.2474 	 1.5208 	 -0.5779 	 -0.0077 	 -0.0345 	 0.0056
2.2144 	 0.4747 	 2.6217 	 -0.3811 	 0.2473 	 1.5205 	 -0.5778 	 -0.0076 	 -0.0341 	 0.0056
2.2244 	 0.4772 	 2.6369 	 -0.3868 	 0.2472 	 1.5201 	 -0.5777 	 -0.0075 	 -0.0337 	 0.0056
2.2345 	 0.4797 	 2.6522 	 -0.3926 	 0.2471 	 1.5198 	 -0.5777 	 -0.0075 	 -0.0333 	 0.0055
2.2445 	 0.4821 	 2.6674 	 -0.3984 	 0.2471 	 1.5194 	 -0.5776 	 -0.0074 	 -0.0330 	 0.0055
2.2545 	 0.4846 	 2.6826 	 -0.4042 	 0.2470 	 1.5191 	 -0.5776 	 -0.0073 	 -0.0326 	 0.0055
2.2645 	 0.4871 	 2.6978 	 -0.4100 	 0.2469 	 1.5188 	 -0.5775 	 -0.0072 	 -0.0322 	 0.0055
2.2745 	 0.4896 	 2.7130 	 -0.4158 	 0.2468 	 1.5185 	 -0.5775 	 -0.0072 	 -0.0319 	 0.0055
2.2846 	 0.4920 	 2.7283 	 -0.4216 	 0.2468 	 1.5182 	 -0.5774 	 -0.0071 	 -0.0315 	 0.0055
2.2946 	 0.4945 	 2.7435 	 -0.4274 	 0.2467 	 1.5178 	 -0.5774 	 -0.0070 	 -0.0312 	 0.0054
2.3046 	 0.4970 	 2.7587 	 -0.4331 	 0.2466 	 1.5175 	 -0.5773 	 -0.0070 	 -0.0308 	 0.0054
2.3146 	 0.4994 	 2.7739 	 -0.4389 	 0.2466 	 1.5172 	 -0.5773 	 -0.0069 	 -0.0305 	 0.0054
2.3246 	 0.5019 	 2.7891 	 -0.4447 	 0.2465 	 1.5169 	 -0.5772 	 -0.0068 	 -0.0302 	 0.0054
2.3347 	 0.5044 	 2.8043 	 -0.4505 	 0.2464 	 1.5166 	 -0.5771 	 -0.0067 	 -0.0299 	 0.0054
2.3447 	 0.5068 	 2.8195 	 -0.4563 	 0.2464 	 1.5163 	 -0.5771 	 -0.0067 	 -0.0295 	 0.0053
2.3547 	 0.5093 	 2.8347 	 -0.4621 	 0.2463 	 1.5160 	 -0.5770 	 -0.0066 	 -0.0292 	 0.0053
2.3647 	 0.5118 	 2.8499 	 -0.4678 	 0.2462 	 1.5157 	 -0.5770 	 -0.0065 	 -0.0289 	 0.0053
2.3747 	 0.5143 	 2.8650 	 -0.4736 	 0.2462 	 1.5154 	 -0.5769 	 -0.0065 	 -0.0286 	 0.0053
2.3848 	 0.5167 	 2.8802 	 -0.4794 	 0.2461 	 1.5152 	 -0.5769 	 -0.0064 	 -0.0283 	 0.0052
2.3948 	 0.5192 	 2.8954 	 -0.4852 	 0.2460 	 1.5149 	 -0.5768 	 -0.0064 	 -0.0280 	 0.0052
2.4048 	 0.5216 	 2.9106 	 -0.4910 	 0.2460 	 1.5146 	 -0.5768 	 -0.0063 	 -0.0277 	 0.0052
2.4148 	 0.5241 	 2.9258 	 -0.4967 	 0.2459 	 1.5143 	 -0.5767 	 -0.0062 	 -0.0274 	 0.0052
2.4248 	 0.5266 	 2.9409 	 -0.5025 	 0.2458 	 1.5140 	 -0.5767 	 -0.0062 	 -0.0271 	 0.0052
2.4349 	 0.5290 	 2.9561 	 -0.5083 	 0.2458 	 1.5138 	 -0.5766 	 -0.0061 	 -0.0269 	 0.0051
2.4449 	 0.5315 	 2.9713 	 -0.5141 	 0.2457 	 1.5135 	 -0.5766 	 -0.0060 	 -0.0266 	 0.0051
2.4549 	 0.5340 	 2.9864 	 -0.5198 	 0.2457 	 1.5132 	 -0.5765 	 -0.0060 	 -0.0263 	 0.0051
2.4649 	 0.5364 	 3.0016 	 -0.5256 	 0.2456 	 1.5130 	 -0.5765 	 -0.0059 	 -0.0261 	 0.0051
2.4749 	 0.5389 	 3.0167 	 -0.5314 	 0.2455 	 1.5127 	 -0.5764 	 -0.0059 	 -0.0258 	 0.0050
2.4850 	 0.5413 	 3.0319 	 -0.5372 	 0.2455 	 1.5125 	 -0.5764 	 -0.0058 	 -0.0255 	 0.0050
2.4950 	 0.5438 	 3.0471 	 -0.5430 	 0.2454 	 1.5122 	 -0.5763 	 -0.0058 	 -0.0253 	 0.0050
2.5050 	 0.5463 	 3.0622 	 -0.5487 	 0.2454 	 1.5120 	 -0.5763 	 -0.0057 	 -0.0250 	 0.0050
2.5150 	 0.5487 	 3.0774 	 -0.5545 	 0.2453 	 1.5117 	 -0.5762 	 -0.0057 	 -0.0248 	 0.0049
2.5251 	 0.5512 	 3.0925 	 -0.5603 	 0.2453 	 1.5115 	 -0.5762 	 -0.0056 	 -0.0245 	 0.0049
2.5351 	 0.5536 	 3.1076 	 -0.5660 	 0.2452 	 1.5112 	 -0.5761 	 -0.0056 	 -0.0243 	 0.0049
2.5451 	 0.5561 	 3.1228 	 -0.5718 	 0.2451 	 1.5110 	 -0.5761 	 -0.0055 	 -0.0241 	 0.0049
2.5551 	 0.5586 	 3.1379 	 -0.5776 	 0.2451 	 1.5107 	 -0.5760 	 -0.0054 	 -0.0238 	 0.0049
2.5651 	 0.5610 	 3.1531 	 -0.5834 	 0.2450 	 1.5105 	 -0.5760 	 -0.0054 	 -0.0236 	 0.0048
2.5752 	 0.5635 	 3.1682 	 -0.5891 	 0.2450 	 1.5103 	 -0.5759 	 -0.0053 	 -0.0234 	 0.0048
2.5852 	 0.5659 	 3.1833 	 -0.5949 	 0.2449 	 1.5100 	 -0.5759 	 -0.0053 	 -0.0231 	 0.0048
2.5952 	 0.5684 	 3.1985 	 -0.6007 	 0.2449 	 1.5098 	 -0.5758 	 -0.0052 	 -0.0229 	 0.0048
2.6052 	 0.5708 	 3.2136 	 -0.6064 	 0.2448 	 1.5096 	 -0.5758 	 -0.0052 	 -0.0227 	 0.0047
2.6152 	 0.5733 	 3.2287 	 -0.6122 	 0.2448 	 1.5093 	 -0.5757 	 -0.0052 	 -0.0225 	 0.0047
2.6253 	 0.5757 	 3.2438 	 -0.6180 	 0.2447 	 1.5091 	 -0.5757 	 -0.0051 	 -0.0223 	 0.0047
2.6353 	 0.5782 	 3.2590 	 -0.6237 	 0.2447 	 1.5089 	 -0.5756 	 -0.0051 	 -0.0221 	 0.0047
2.6453 	 0.5806 	 3.2741 	 -0.6295 	 0.2446 	 1.5087 	 -0.5756 	 -0.0050 	 -0.0219 	 0.0046
2.6553 	 0.5831 	 3.2892 	 -0.6353 	 0.2446 	 1.5085 	 -0.5755 	 -0.0050 	 -0.0217 	 0.0046
2.6653 	 0.5855 	 3.3043 	 -0.6410 	 0.2445 	 1.5082 	 -0.5755 	 -0.0049 	 -0.0215 	 0.0046
2.6754 	 0.5880 	 3.3194 	 -0.6468 	 0.2445 	 1.5080 	 -0.5755 	 -0.0049 	 -0.0213 	 0.0046
2.6854 	 0.5904 	 3.3345 	 -0.6526 	 0.2444 	 1.5078 	 -0.5754 	 -0.0048 	 -0.0211 	 0.0045
2.6954 	 0.5929 	 3.3496 	 -0.6583 	 0.2444 	 1.5076 	 -0.5754 	 -0.0048 	 -0.0209 	 0.0045
2.7054 	 0.5953 	 3.3647 	 -0.6641 	 0.2443 	 1.5074 	 -0.5753 	 -0.0048 	 -0.0207 	 0.0045
2.7154 	 0.5978 	 3.3798 	 -0.6699 	 0.2443 	 1.5072 	 -0.5753 	 -0.0047 	 -0.0205 	 0.0045
2.7255 	 0.6002 	 3.3949 	 -0.6756 	 0.2442 	 1.5070 	 -0.5752 	 -0.0047 	 -0.0203 	 0.0045
2.7355 	 0.6027 	 3.4100 	 -0.6814 	 0.2442 	 1.5068 	 -0.5752 	 -0.0046 	 -0.0201 	 0.0044
2.7455 	 0.6051 	 3.4251 	 -0.6872 	 0.2441 	 1.5066 	 -0.5751 	 -0.0046 	 -0.0199 	 0.0044
2.7555 	 0.6076 	 3.4402 	 -0.6929 	 0.2441 	 1.5064 	 -0.5751 	 -0.0045 	 -0.0198 	 0.0044
2.7655 	 0.6100 	 3.4553 	 -0.6987 	 0.2441 	 1.5062 	 -0.5751 	 -0.0045 	 -0.0196 	 0.0044
2.7756 	 0.6125 	 3.4704 	 -0.7045 	 0.2440 	 1.5060 	 -0.5750 	 -0.0045 	 -0.0194 	 0.0043
2.7856 	 0.6149 	 3.4855 	 -0.7102 	 0.2440 	 1.5058 	 -0.5750 	 -0.0044 	 -0.0192 	 0.0043
2.7956 	 0.6173 	 3.5006 	 -0.7160 	 0.2439 	 1.5056 	 -0.5749 	 -0.0044 	 -0.0191 	 0.0043
2.8056 	 0.6198 	 3.5157 	 -0.7217 	 0.2439 	 1.5054 	 -0.5749 	 -0.0044 	 -0.0189 	 0.0043
2.8156 	 0.6222 	 3.5308 	 -0.7275 	 0.2438 	 1.5052 	 -0.5748 	 -0.0043 	 -0.0187 	 0.0042
2.8257 	 0.6247 	 3.5458 	 -0.7333 	 0.2438 	 1.5050 	 -0.5748 	 -0.0043 	 -0.0186 	 0.0042
2.8357 	 0.6271 	 3.5609 	 -0.7390 	 0.2437 	 1.5049 	 -0.5748 	 -0.0042 	 -0.0184 	 0.0042
2.8457 	 0.6296 	 3.5760 	 -0.7448 	 0.2437 	 1.5047 	 -0.5747 	 -0.0042 	 -0.0183 	 0.0042
2.8557 	 0.6320 	 3.5911 	 -0.7505 	 0.2437 	 1.5045 	 -0.5747 	 -0.0042 	 -0.0181 	 0.0042
2.8657 	 0.6344 	 3.6061 	 -0.7563 	 0.2436 	 1.5043 	 -0.5746 	 -0.0041 	 -0.0180 	 0.0041
2.8758 	 0.6369 	 3.6212 	 -0.7620 	 0.2436 	 1.5041 	 -0.5746 	 -0.0041 	 -0.0178 	 0.0041
2.8858 	 0.6393 	 3.6363 	 -0.7678 	 0.2435 	 1.5040 	 -0.5745 	 -0.0041 	 -0.0177 	 0.0041
2.8958 	 0.6418 	 3.6514 	 -0.7736 	 0.2435 	 1.5038 	 -0.5745 	 -0.0040 	 -0.0175 	 0.0041
2.9058 	 0.6442 	 3.6664 	 -0.7793 	 0.2435 	 1.5036 	 -0.5745 	 -0.0040 	 -0.0174 	 0.0041
2.9158 	 0.6466 	 3.6815 	 -0.7851 	 0.2434 	 1.5034 	 -0.5744 	 -0.0040 	 -0.0172 	 0.0040
2.9259 	 0.6491 	 3.6966 	 -0.7908 	 0.2434 	 1.5033 	 -0.5744 	 -0.0039 	 -0.0171 	 0.0040
2.9359 	 0.6515 	 3.7116 	 -0.7966 	 0.2433 	 1.5031 	 -0.5743 	 -0.0039 	 -0.0169 	 0.0040
2.9459 	 0.6540 	 3.7267 	 -0.8023 	 0.2433 	 1.5029 	 -0.5743 	 -0.0039 	 -0.0168 	 0.0040
2.9559 	 0.6564 	 3.7417 	 -0.8081 	 0.2433 	 1.5027 	 -0.5743 	 -0.0038 	 -0.0166 	 0.0039
2.9659 	 0.6588 	 3.7568 	 -0.8138 	 0.2432 	 1.5026 	 -0.5742 	 -0.0038 	 -0.0165 	 0.0039
2.9760 	 0.6613 	 3.7718 	 -0.8196 	 0.2432 	 1.5024 	 -0.5742 	 -0.0038 	 -0.0164 	 0.0039
2.9860 	 0.6637 	 3.7869 	 -0.8254 	 0.2431 	 1.5023 	 -0.5741 	 -0.0037 	 -0.0162 	 0.0039
2.9960 	 0.6661 	 3.8020 	 -0.8311 	 0.2431 	 1.5021 	 -0.5741 	 -0.0037 	 -0.0161 	 0.0039
3.0060 	 0.6686 	 3.8170 	 -0.8369 	 0.2431 	 1.5019 	 -0.5741 	 -0.0037 	 -0.0160 	 0.0038
3.0160 	 0.6710 	 3.8321 	 -0.8426 	 0.2430 	 1.5018 	 -0.5740 	 -0.0037 	 -0.0159 	 0.0038
3.0261 	 0.6734 	 3.8471 	 -0.8484 	 0.2430 	 1.5016 	 -0.5740 	 -0.0036 	 -0.0157 	 0.0038
3.0361 	 0.6759 	 3.8621 	 -0.8541 	 0.2430 	 1.5015 	 -0.5740 	 -0.0036 	 -0.0156 	 0.0038
3.0461 	 0.6783 	 3.8772 	 -0.8599 	 0.2429 	 1.5013 	 -0.5739 	 -0.0036 	 -0.0155 	 0.0038
3.0561 	 0.6808 	 3.8922 	 -0.8656 	 0.2429 	 1.5011 	 -0.5739 	 -0.0035 	 -0.0154 	 0.0037
3.0661 	 0.6832 	 3.9073 	 -0.8714 	 0.2429 	 1.5010 	 -0.5738 	 -0.0035 	 -0.0152 	 0.0037
3.0762 	 0.6856 	 3.9223 	 -0.8771 	 0.2428 	 1.5008 	 -0.5738 	 -0.0035 	 -0.0151 	 0.0037
3.0862 	 0.6881 	 3.9373 	 -0.8829 	 0.2428 	 1.5007 	 -0.5738 	 -0.0035 	 -0.0150 	 0.0037
3.0962 	 0.6905 	 3.9524 	 -0.8886 	 0.2428 	 1.5005 	 -0.5737 	 -0.0034 	 -0.0149 	 0.0037
3.1062 	 0.6929 	 3.9674 	 -0.8944 	 0.2427 	 1.5004 	 -0.5737 	 -0.0034 	 -0.0148 	 0.0036
3.1162 	 0.6953 	 3.9825 	 -0.9001 	 0.2427 	 1.5002 	 -0.5737 	 -0.0034 	 -0.0146 	 0.0036
3.1263 	 0.6978 	 3.9975 	 -0.9059 	 0.2426 	 1.5001 	 -0.5736 	 -0.0033 	 -0.0145 	 0.0036
3.1363 	 0.7002 	 4.0125 	 -0.9116 	 0.2426 	 1.5000 	 -0.5736 	 -0.0033 	 -0.0144 	 0.0036
3.1463 	 0.7026 	 4.0275 	 -0.9174 	 0.2426 	 1.4998 	 -0.5735 	 -0.0033 	 -0.0143 	 0.0036
3.1563 	 0.7051 	 4.0426 	 -0.9231 	 0.2425 	 1.4997 	 -0.5735 	 -0.0033 	 -0.0142 	 0.0036
3.1663 	 0.7075 	 4.0576 	 -0.9288 	 0.2425 	 1.4995 	 -0.5735 	 -0.0032 	 -0.0141 	 0.0035
3.1764 	 0.7099 	 4.0726 	 -0.9346 	 0.2425 	 1.4994 	 -0.5734 	 -0.0032 	 -0.0140 	 0.0035
3.1864 	 0.7124 	 4.0876 	 -0.9403 	 0.2425 	 1.4992 	 -0.5734 	 -0.0032 	 -0.0139 	 0.0035
3.1964 	 0.7148 	 4.1027 	 -0.9461 	 0.2424 	 1.4991 	 -0.5734 	 -0.0032 	 -0.0138 	 0.0035
3.2064 	 0.7172 	 4.1177 	 -0.9518 	 0.2424 	 1.4990 	 -0.5733 	 -0.0031 	 -0.0137 	 0.0035
3.2164 	 0.7196 	 4.1327 	 -0.9576 	 0.2424 	 1.4988 	 -0.5733 	 -0.0031 	 -0.0136 	 0.0034
3.2265 	 0.7221 	 4.1477 	 -0.9633 	 0.2423 	 1.4987 	 -0.5733 	 -0.0031 	 -0.0135 	 0.0034
3.2365 	 0.7245 	 4.1627 	 -0.9691 	 0.2423 	 1.4986 	 -0.5732 	 -0.0031 	 -0.0134 	 0.0034
3.2465 	 0.7269 	 4.1778 	 -0.9748 	 0.2423 	 1.4984 	 -0.5732 	 -0.0031 	 -0.0133 	 0.0034
3.2565 	 0.7294 	 4.1928 	 -0.9805 	 0.2422 	 1.4983 	 -0.5732 	 -0.0030 	 -0.0132 	 0.0034
3.2665 	 0.7318 	 4.2078 	 -0.9863 	 0.2422 	 1.4982 	 -0.5731 	 -0.0030 	 -0.0131 	 0.0034
3.2766 	 0.7342 	 4.2228 	 -0.9920 	 0.2422 	 1.4980 	 -0.5731 	 -0.0029 	 -0.0125 	 0.0033
3.2866 	 0.7366 	 4.2378 	 -0.9978 	 0.2421 	 1.4979 	 -0.5731 	 -0.0029 	 -0.0125 	 0.0033
3.2966 	 0.7391 	 4.2528 	 -1.0035 	 0.2421 	 1.4978 	 -0.5730 	 -0.0028 	 -0.0124 	 0.0033
3.3066 	 0.7415 	 4.2678 	 -1.0093 	 0.2421 	 1.4977 	 -0.5730 	 -0.0028 	 -0.0123 	 0.0033
3.3166 	 0.7439 	 4.2828 	 -1.0150 	 0.2421 	 1.4975 	 -0.5730 	 -0.0028 	 -0.0122 	 0.0032
3.3267 	 0.7463 	 4.2978 	 -1.0207 	 0.2420 	 1.4974 	 -0.5729 	 -0.0028 	 -0.0121 	 0.0032
3.3367 	 0.7488 	 4.3128 	 -1.0265 	 0.2420 	 1.4973 	 -0.5729 	 -0.0028 	 -0.0120 	 0.0032
3.3467 	 0.7512 	 4.3278 	 -1.0322 	 0.2420 	 1.4972 	 -0.5729 	 -0.0027 	 -0.0119 	 0.0032
3.3567 	 0.7536 	 4.3428 	 -1.0380 	 0.2419 	 1.4971 	 -0.5728 	 -0.0027 	 -0.0118 	 0.0032
3.3667 	 0.7560 	 4.3578 	 -1.0437 	 0.2419 	 1.4969 	 -0.5728 	 -0.0027 	 -0.0118 	 0.0032
3.3768 	 0.7585 	 4.3728 	 -1.0494 	 0.2419 	 1.4968 	 -0.5728 	 -0.0027 	 -0.0117 	 0.0031
3.3868 	 0.7609 	 4.3878 	 -1.0552 	 0.2419 	 1.4967 	 -0.5727 	 -0.0027 	 -0.0116 	 0.0031
3.3968 	 0.7633 	 4.4028 	 -1.0609 	 0.2418 	 1.4966 	 -0.5727 	 -0.0027 	 -0.0115 	 0.0031
3.4068 	 0.7657 	 4.4178 	 -1.0667 	 0.2418 	 1.4965 	 -0.5727 	 -0.0026 	 -0.0114 	 0.0031
3.4168 	 0.7682 	 4.4328 	 -1.0724 	 0.2418 	 1.4964 	 -0.5726 	 -0.0026 	 -0.0113 	 0.0031
3.4269 	 0.7706 	 4.4478 	 -1.0781 	 0.2418 	 1.4962 	 -0.5726 	 -0.0026 	 -0.0113 	 0.0031
3.4369 	 0.7730 	 4.4628 	 -1.0839 	 0.2417 	 1.4961 	 -0.5726 	 -0.0026 	 -0.0112 	 0.0030
3.4469 	 0.7754 	 4.4778 	 -1.0896 	 0.2417 	 1.4960 	 -0.5726 	 -0.0026 	 -0.0111 	 0.0030
3.4569 	 0.7778 	 4.4928 	 -1.0953 	 0.2417 	 1.4959 	 -0.5725 	 -0.0025 	 -0.0110 	 0.0030
3.4669 	 0.7803 	 4.5078 	 -1.1011 	 0.2417 	 1.4958 	 -0.5725 	 -0.0025 	 -0.0110 	 0.0030
3.4770 	 0.7827 	 4.5228 	 -1.1068 	 0.2416 	 1.4957 	 -0.5725 	 -0.0025 	 -0.0109 	 0.0030
3.4870 	 0.7851 	 4.5377 	 -1.1126 	 0.2416 	 1.4956 	 -0.5724 	 -0.0025 	 -0.0108 	 0.0030
3.4970 	 0.7875 	 4.5527 	 -1.1183 	 0.2416 	 1.4955 	 -0.5724 	 -0.0025 	 -0.0107 	 0.0030
3.5070 	 0.7900 	 4.5677 	 -1.1240 	 0.2416 	 1.4954 	 -0.5724 	 -0.0025 	 -0.0107 	 0.0029
3.5170 	 0.7924 	 4.5827 	 -1.1298 	 0.2415 	 1.4953 	 -0.5723 	 -0.0024 	 -0.0106 	 0.0029
3.5271 	 0.7948 	 4.5977 	 -1.1355 	 0.2415 	 1.4952 	 -0.5723 	 -0.0024 	 -0.0105 	 0.0029
3.5371 	 0.7972 	 4.6127 	 -1.1412 	 0.2415 	 1.4951 	 -0.5723 	 -0.0024 	 -0.0105 	 0.0029
3.5471 	 0.7996 	 4.6276 	 -1.1470 	 0.2415 	 1.4949 	 -0.5723 	 -0.0024 	 -0.0104 	 0.0029
3.5571 	 0.8021 	 4.6426 	 -1.1527 	 0.2414 	 1.4948 	 -0.5722 	 -0.0024 	 -0.0103 	 0.0029
3.5671 	 0.8045 	 4.6576 	 -1.1584 	 0.2414 	 1.4947 	 -0.5722 	 -0.0024 	 -0.0102 	 0.0028
3.5772 	 0.8069 	 4.6726 	 -1.1642 	 0.2414 	 1.4946 	 -0.5722 	 -0.0023 	 -0.0102 	 0.0028
3.5872 	 0.8093 	 4.6876 	 -1.1699 	 0.2414 	 1.4945 	 -0.5721 	 -0.0023 	 -0.0101 	 0.0028
3.5972 	 0.8117 	 4.7025 	 -1.1756 	 0.2413 	 1.4944 	 -0.5721 	 -0.0023 	 -0.0100 	 0.0028
3.6072 	 0.8141 	 4.7175 	 -1.1814 	 0.2413 	 1.4943 	 -0.5721 	 -0.0023 	 -0.0100 	 0.0028
3.6172 	 0.8166 	 4.7325 	 -1.1871 	 0.2413 	 1.4942 	 -0.5721 	 -0.0023 	 -0.0099 	 0.0028
3.6273 	 0.8190 	 4.7474 	 -1.1928 	 0.2413 	 1.4941 	 -0.5720 	 -0.0023 	 -0.0098 	 0.0028
3.6373 	 0.8214 	 4.7624 	 -1.1986 	 0.2413 	 1.4940 	 -0.5720 	 -0.0023 	 -0.0098 	 0.0027
3.6473 	 0.8238 	 4.7774 	 -1.2043 	 0.2412 	 1.4939 	 -0.5720 	 -0.0022 	 -0.0097 	 0.0027
3.6573 	 0.8262 	 4.7924 	 -1.2100 	 0.2412 	 1.4938 	 -0.5720 	 -0.0022 	 -0.0097 	 0.0027
3.6673 	 0.8286 	 4.8073 	 -1.2158 	 0.2412 	 1.4937 	 -0.5719 	 -0.0022 	 -0.0096 	 0.0027
3.6774 	 0.8311 	 4.8223 	 -1.2215 	 0.2412 	 1.4937 	 -0.5719 	 -0.0022 	 -0.0095 	 0.0027
3.6874 	 0.8335 	 4.8373 	 -1.2272 	 0.2411 	 1.4936 	 -0.5719 	 -0.0022 	 -0.0095 	 0.0027
3.6974 	 0.8359 	 4.8522 	 -1.2329 	 0.2411 	 1.4935 	 -0.5718 	 -0.0022 	 -0.0094 	 0.0027
3.7074 	 0.8383 	 4.8672 	 -1.2387 	 0.2411 	 1.4934 	 -0.5718 	 -0.0022 	 -0.0094 	 0.0027
3.7174 	 0.8407 	 4.8821 	 -1.2444 	 0.2411 	 1.4933 	 -0.5718 	 -0.0021 	 -0.0093 	 0.0026
3.7275 	 0.8431 	 4.8971 	 -1.2501 	 0.2411 	 1.4932 	 -0.5718 	 -0.0021 	 -0.0092 	 0.0026
3.7375 	 0.8456 	 4.9121 	 -1.2559 	 0.2410 	 1.4931 	 -0.5717 	 -0.0021 	 -0.0092 	 0.0026
3.7475 	 0.8480 	 4.9270 	 -1.2616 	 0.2410 	 1.4930 	 -0.5717 	 -0.0021 	 -0.0091 	 0.0026
3.7575 	 0.8504 	 4.9420 	 -1.2673 	 0.2410 	 1.4929 	 -0.5717 	 -0.0021 	 -0.0091 	 0.0026
3.7675 	 0.8528 	 4.9569 	 -1.2730 	 0.2410 	 1.4928 	 -0.5717 	 -0.0021 	 -0.0090 	 0.0026
3.7776 	 0.8552 	 4.9719 	 -1.2788 	 0.2409 	 1.4927 	 -0.5716 	 -0.0021 	 -0.0090 	 0.0026
3.7876 	 0.8576 	 4.9869 	 -1.2845 	 0.2409 	 1.4926 	 -0.5716 	 -0.0021 	 -0.0089 	 0.0026
3.7976 	 0.8600 	 5.0018 	 -1.2902 	 0.2409 	 1.4925 	 -0.5716 	 -0.0020 	 -0.0088 	 0.0025
3.8076 	 0.8625 	 5.0168 	 -1.2960 	 0.2409 	 1.4925 	 -0.5716 	 -0.0020 	 -0.0088 	 0.0025
3.8176 	 0.8649 	 5.0317 	 -1.3017 	 0.2409 	 1.4924 	 -0.5715 	 -0.0020 	 -0.0087 	 0.0025
3.8277 	 0.8673 	 5.0467 	 -1.3074 	 0.2408 	 1.4923 	 -0.5715 	 -0.0020 	 -0.0087 	 0.0025
3.8377 	 0.8697 	 5.0616 	 -1.3131 	 0.2408 	 1.4922 	 -0.5715 	 -0.0020 	 -0.0086 	 0.0025
3.8477 	 0.8721 	 5.0766 	 -1.3189 	 0.2408 	 1.4921 	 -0.5715 	 -0.0020 	 -0.0086 	 0.0025
3.8577 	 0.8745 	 5.0915 	 -1.3246 	 0.2408 	 1.4920 	 -0.5714 	 -0.0020 	 -0.0085 	 0.0025
3.8677 	 0.8769 	 5.1065 	 -1.3303 	 0.2408 	 1.4919 	 -0.5714 	 -0.0020 	 -0.0085 	 0.0025
3.8778 	 0.8794 	 5.1214 	 -1.3360 	 0.2407 	 1.4919 	 -0.5714 	 -0.0019 	 -0.0084 	 0.0024
3.8878 	 0.8818 	 5.1364 	 -1.3418 	 0.2407 	 1.4918 	 -0.5714 	 -0.0019 	 -0.0084 	 0.0024
3.8978 	 0.8842 	 5.1513 	 -1.3475 	 0.2407 	 1.4917 	 -0.5713 	 -0.0019 	 -0.0083 	 0.0024
3.9078 	 0.8866 	 5.1663 	 -1.3532 	 0.2407 	 1.4916 	 -0.5713 	 -0.0019 	 -0.0083 	 0.0024
3.9178 	 0.8890 	 5.1812 	 -1.3589 	 0.2407 	 1.4915 	 -0.5713 	 -0.0019 	 -0.0082 	 0.0024
3.9279 	 0.8914 	 5.1962 	 -1.3647 	 0.2407 	 1.4914 	 -0.5713 	 -0.0019 	 -0.0082 	 0.0024
3.9379 	 0.8938 	 5.2111 	 -1.3704 	 0.2406 	 1.4914 	 -0.5712 	 -0.0019 	 -0.0081 	 0.0024
3.9479 	 0.8962 	 5.2261 	 -1.3761 	 0.2406 	 1.4913 	 -0.5712 	 -0.0019 	 -0.0081 	 0.0024
3.9579 	 0.8986 	 5.2410 	 -1.3818 	 0.2406 	 1.4912 	 -0.5712 	 -0.0019 	 -0.0080 	 0.0023
3.9679 	 0.9011 	 5.2559 	 -1.3876 	 0.2406 	 1.4911 	 -0.5712 	 -0.0018 	 -0.0080 	 0.0023
3.9780 	 0.9035 	 5.2709 	 -1.3933 	 0.2406 	 1.4910 	 -0.5711 	 -0.0018 	 -0.0079 	 0.0023
3.9880 	 0.9059 	 5.2858 	 -1.3990 	 0.2405 	 1.4910 	 -0.5711 	 -0.0018 	 -0.0079 	 0.0023
3.9980 	 0.9083 	 5.3008 	 -1.4047 	 0.2405 	 1.4909 	 -0.5711 	 -0.0018 	 -0.0078 	 0.0023
4.0080 	 0.9107 	 5.3157 	 -1.4105 	 0.2405 	 1.4908 	 -0.5711 	 -0.0018 	 -0.0078 	 0.0023
4.0180 	 0.9131 	 5.3306 	 -1.4162 	 0.2405 	 1.4907 	 -0.5711 	 -0.0018 	 -0.0077 	 0.0023
4.0281 	 0.9155 	 5.3456 	 -1.4219 	 0.2405 	 1.4906 	 -0.5710 	 -0.0018 	 -0.0077 	 0.0023
4.0381 	 0.9179 	 5.3605 	 -1.4276 	 0.2405 	 1.4906 	 -0.5710 	 -0.0018 	 -0.0077 	 0.0023
4.0481 	 0.9203 	 5.3754 	 -1.4333 	 0.2404 	 1.4905 	 -0.5710 	 -0.0018 	 -0.0076 	 0.0023
4.0581 	 0.9227 	 5.3904 	 -1.4391 	 0.2404 	 1.4904 	 -0.5710 	 -0.0017 	 -0.0076 	 0.0022
4.0681 	 0.9252 	 5.4053 	 -1.4448 	 0.2404 	 1.4903 	 -0.5709 	 -0.0017 	 -0.0075 	 0.0022
4.0782 	 0.9276 	 5.4202 	 -1.4505 	 0.2404 	 1.4903 	 -0.5709 	 -0.0017 	 -0.0075 	 0.0022
4.0882 	 0.9300 	 5.4352 	 -1.4562 	 0.2404 	 1.4902 	 -0.5709 	 -0.0017 	 -0.0074 	 0.0022
4.0982 	 0.9324 	 5.4501 	 -1.4619 	 0.2403 	 1.4901 	 -0.5709 	 -0.0017 	 -0.0074 	 0.0022
4.1082 	 0.9348 	 5.4650 	 -1.4677 	 0.2403 	 1.4900 	 -0.5709 	 -0.0017 	 -0.0074 	 0.0022
4.1182 	 0.9372 	 5.4800 	 -1.4734 	 0.2403 	 1.4900 	 -0.5708 	 -0.0017 	 -0.0073 	 0.0022
4.1283 	 0.9396 	 5.4949 	 -1.4791 	 0.2403 	 1.4899 	 -0.5708 	 -0.0017 	 -0.0073 	 0.0022
4.1383 	 0.9420 	 5.5098 	 -1.4848 	 0.2403 	 1.4898 	 -0.5708 	 -0.0017 	 -0.0072 	 0.0022
4.1483 	 0.9444 	 5.5247 	 -1.4905 	 0.2403 	 1.4897 	 -0.5708 	 -0.0017 	 -0.0072 	 0.0021
4.1583 	 0.9468 	 5.5397 	 -1.4963 	 0.2402 	 1.4897 	 -0.5707 	 -0.0017 	 -0.0072 	 0.0021
4.1683 	 0.9492 	 5.5546 	 -1.5020 	 0.2402 	 1.4896 	 -0.5707 	 -0.0016 	 -0.0071 	 0.0021
4.1784 	 0.9516 	 5.5695 	 -1.5077 	 0.2402 	 1.4895 	 -0.5707 	 -0.0016 	 -0.0071 	 0.0021
4.1884 	 0.9540 	 5.5845 	 -1.5134 	 0.2402 	 1.4895 	 -0.5707 	 -0.0016 	 -0.0070 	 0.0021
4.1984 	 0.9565 	 5.5994 	 -1.5191 	 0.2402 	 1.4894 	 -0.5707 	 -0.0016 	 -0.0070 	 0.0021
4.2084 	 0.9589 	 5.6143 	 -1.5249 	 0.2402 	 1.4893 	 -0.5706 	 -0.0016 	 -0.0070 	 0.0021
4.2184 	 0.9613 	 5.6292 	 -1.5306 	 0.2401 	 1.4893 	 -0.5706 	 -0.0016 	 -0.0069 	 0.0021
4.2285 	 0.9637 	 5.6441 	 -1.5363 	 0.2401 	 1.4892 	 -0.5706 	 -0.0016 	 -0.0069 	 0.0021
4.2385 	 0.9661 	 5.6591 	 -1.5420 	 0.2401 	 1.4891 	 -0.5706 	 -0.0016 	 -0.0068 	 0.0021
4.2485 	 0.9685 	 5.6740 	 -1.5477 	 0.2401 	 1.4890 	 -0.5706 	 -0.0016 	 -0.0068 	 0.0021
4.2585 	 0.9709 	 5.6889 	 -1.5534 	 0.2401 	 1.4890 	 -0.5705 	 -0.0016 	 -0.0068 	 0.0020
4.2685 	 0.9733 	 5.7038 	 -1.5592 	 0.2401 	 1.4889 	 -0.5705 	 -0.0016 	 -0.0067 	 0.0020
4.2786 	 0.9757 	 5.7187 	 -1.5649 	 0.2401 	 1.4888 	 -0.5705 	 -0.0015 	 -0.0067 	 0.0020
4.2886 	 0.9781 	 5.7337 	 -1.5706 	 0.2400 	 1.4888 	 -0.5705 	 -0.0015 	 -0.0067 	 0.0020
4.2986 	 0.9805 	 5.7486 	 -1.5763 	 0.2400 	 1.4887 	 -0.5705 	 -0.0015 	 -0.0066 	 0.0020
4.3086 	 0.9829 	 5.7635 	 -1.5820 	 0.2400 	 1.4886 	 -0.5704 	 -0.0015 	 -0.0066 	 0.0020
4.3186 	 0.9853 	 5.7784 	 -1.5877 	 0.2400 	 1.4886 	 -0.5704 	 -0.0015 	 -0.0066 	 0.0020
4.3287 	 0.9877 	 5.7933 	 -1.5934 	 0.2400 	 1.4885 	 -0.5704 	 -0.0015 	 -0.0065 	 0.0020
4.3387 	 0.9901 	 5.8082 	 -1.5992 	 0.2400 	 1.4884 	 -0.5704 	 -0.0015 	 -0.0065 	 0.0020
4.3487 	 0.9925 	 5.8232 	 -1.6049 	 0.2399 	 1.4884 	 -0.5704 	 -0.0015 	 -0.0064 	 0.0020
4.3587 	 0.9949 	 5.8381 	 -1.6106 	 0.2399 	 1.4883 	 -0.5703 	 -0.0015 	 -0.0064 	 0.0020
4.3687 	 0.9973 	 5.8530 	 -1.6163 	 0.2399 	 1.4883 	 -0.5703 	 -0.0015 	 -0.0064 	 0.0019
4.3788 	 0.9997 	 5.8679 	 -1.6220 	 0.2399 	 1.4882 	 -0.5703 	 -0.0015 	 -0.0063 	 0.0019
4.3888 	 1.0022 	 5.8828 	 -1.6277 	 0.2399 	 1.4881 	 -0.5703 	 -0.0015 	 -0.0063 	 0.0019
4.3988 	 1.0046 	 5.8977 	 -1.6335 	 0.2399 	 1.4881 	 -0.5703 	 -0.0015 	 -0.0063 	 0.0019
4.4088 	 1.0070 	 5.9126 	 -1.6392 	 0.2399 	 1.4880 	 -0.5702 	 -0.0014 	 -0.0062 	 0.0019
4.4188 	 1.0094 	 5.9275 	 -1.6449 	 0.2398 	 1.4879 	 -0.5702 	 -0.0014 	 -0.0062 	 0.0019
4.4289 	 1.0118 	 5.9424 	 -1.6506 	 0.2398 	 1.4879 	 -0.5702 	 -0.0014 	 -0.0062 	 0.0019
4.4389 	 1.0142 	 5.9574 	 -1.6563 	 0.2398 	 1.4878 	 -0.5702 	 -0.0014 	 -0.0062 	 0.0019
4.4489 	 1.0166 	 5.9723 	 -1.6620 	 0.2398 	 1.4878 	 -0.5702 	 -0.0014 	 -0.0061 	 0.0019
4.4589 	 1.0190 	 5.9872 	 -1.6677 	 0.2398 	 1.4877 	 -0.5701 	 -0.0014 	 -0.0061 	 0.0019
4.4689 	 1.0214 	 6.0021 	 -1.6734 	 0.2398 	 1.4876 	 -0.5701 	 -0.0014 	 -0.0061 	 0.0019
4.4790 	 1.0238 	 6.0170 	 -1.6792 	 0.2398 	 1.4876 	 -0.5701 	 -0.0014 	 -0.0060 	 0.0019
4.4890 	 1.0262 	 6.0319 	 -1.6849 	 0.2397 	 1.4875 	 -0.5701 	 -0.0014 	 -0.0060 	 0.0018
4.4990 	 1.0286 	 6.0468 	 -1.6906 	 0.2397 	 1.4875 	 -0.5701 	 -0.0014 	 -0.0060 	 0.0018
4.5090 	 1.0310 	 6.0617 	 -1.6963 	 0.2397 	 1.4874 	 -0.5701 	 -0.0014 	 -0.0059 	 0.0018
4.5190 	 1.0334 	 6.0766 	 -1.7020 	 0.2397 	 1.4873 	 -0.5700 	 -0.0014 	 -0.0059 	 0.0018
4.5291 	 1.0358 	 6.0915 	 -1.7077 	 0.2397 	 1.4873 	 -0.5700 	 -0.0014 	 -0.0059 	 0.0018
4.5391 	 1.0382 	 6.1064 	 -1.7134 	 0.2397 	 1.4872 	 -0.5700 	 -0.0014 	 -0.0058 	 0.0018
4.5491 	 1.0406 	 6.1213 	 -1.7191 	 0.2397 	 1.4872 	 -0.5700 	 -0.0013 	 -0.0058 	 0.0018
4.5591 	 1.0430 	 6.1362 	 -1.7249 	 0.2397 	 1.4871 	 -0.5700 	 -0.0013 	 -0.0058 	 0.0018
4.5691 	 1.0454 	 6.1511 	 -1.7306 	 0.2396 	 1.4870 	 -0.5699 	 -0.0013 	 -0.0058 	 0.0018
4.5792 	 1.0478 	 6.1660 	 -1.7363 	 0.2396 	 1.4870 	 -0.5699 	 -0.0013 	 -0.0057 	 0.0018
4.5892 	 1.0502 	 6.1809 	 -1.7420 	 0.2396 	 1.4869 	 -0.5699 	 -0.0013 	 -0.0057 	 0.0018
4.5992 	 1.0526 	 6.1958 	 -1.7477 	 0.2396 	 1.4869 	 -0.5699 	 -0.0013 	 -0.0057 	 0.0018
4.6092 	 1.0550 	 6.2107 	 -1.7534 	 0.2396 	 1.4868 	 -0.5699 	 -0.0013 	 -0.0056 	 0.0017
4.6192 	 1.0574 	 6.2256 	 -1.7591 	 0.2396 	 1.4868 	 -0.5699 	 -0.0013 	 -0.0056 	 0.0017
4.6293 	 1.0598 	 6.2405 	 -1.7648 	 0.2396 	 1.4867 	 -0.5698 	 -0.0013 	 -0.0056 	 0.0017
4.6393 	 1.0622 	 6.2554 	 -1.7705 	 0.2395 	 1.4866 	 -0.5698 	 -0.0013 	 -0.0056 	 0.0017
4.6493 	 1.0646 	 6.2703 	 -1.7762 	 0.2395 	 1.4866 	 -0.5698 	 -0.0013 	 -0.0055 	 0.0017
4.6593 	 1.0670 	 6.2852 	 -1.7820 	 0.2395 	 1.4865 	 -0.5698 	 -0.0013 	 -0.0055 	 0.0017
4.6693 	 1.0694 	 6.3001 	 -1.7877 	 0.2395 	 1.4865 	 -0.5698 	 -0.0013 	 -0.0055 	 0.0017
4.6794 	 1.0718 	 6.3150 	 -1.7934 	 0.2395 	 1.4864 	 -0.5698 	 -0.0013 	 -0.0054 	 0.0017
4.6894 	 1.0742 	 6.3299 	 -1.7991 	 0.2395 	 1.4864 	 -0.5697 	 -0.0013 	 -0.0054 	 0.0017
4.6994 	 1.0766 	 6.3448 	 -1.8048 	 0.2395 	 1.4863 	 -0.5697 	 -0.0013 	 -0.0054 	 0.0017
4.7094 	 1.0790 	 6.3597 	 -1.8105 	 0.2395 	 1.4863 	 -0.5697 	 -0.0012 	 -0.0054 	 0.0017
4.7194 	 1.0814 	 6.3745 	 -1.8162 	 0.2394 	 1.4862 	 -0.5697 	 -0.0012 	 -0.0053 	 0.0017
4.7295 	 1.0838 	 6.3894 	 -1.8219 	 0.2394 	 1.4862 	 -0.5697 	 -0.0012 	 -0.0053 	 0.0017
4.7395 	 1.0862 	 6.4043 	 -1.8276 	 0.2394 	 1.4861 	 -0.5697 	 -0.0012 	 -0.0053 	 0.0017
4.7495 	 1.0886 	 6.4192 	 -1.8333 	 0.2394 	 1.4860 	 -0.5696 	 -0.0012 	 -0.0053 	 0.0016
4.7595 	 1.0910 	 6.4341 	 -1.8390 	 0.2394 	 1.4860 	 -0.5696 	 -0.0012 	 -0.0052 	 0.0016
4.7695 	 1.0934 	 6.4490 	 -1.8447 	 0.2394 	 1.4859 	 -0.5696 	 -0.0012 	 -0.0052 	 0.0016
4.7796 	 1.0958 	 6.4639 	 -1.8505 	 0.2394 	 1.4859 	 -0.5696 	 -0.0012 	 -0.0052 	 0.0016
4.7896 	 1.0982 	 6.4788 	 -1.8562 	 0.2394 	 1.4858 	 -0.5696 	 -0.0012 	 -0.0052 	 0.0016
4.7996 	 1.1006 	 6.4937 	 -1.8619 	 0.2393 	 1.4858 	 -0.5696 	 -0.0012 	 -0.0051 	 0.0016
4.8096 	 1.1030 	 6.5086 	 -1.8676 	 0.2393 	 1.4857 	 -0.5695 	 -0.0012 	 -0.0051 	 0.0016
4.8196 	 1.1054 	 6.5234 	 -1.8733 	 0.2393 	 1.4857 	 -0.5695 	 -0.0012 	 -0.0051 	 0.0016
4.8297 	 1.1078 	 6.5383 	 -1.8790 	 0.2393 	 1.4856 	 -0.5695 	 -0.0012 	 -0.0051 	 0.0016
4.8397 	 1.1102 	 6.5532 	 -1.8847 	 0.2393 	 1.4856 	 -0.5695 	 -0.0012 	 -0.0050 	 0.0016
4.8497 	 1.1126 	 6.5681 	 -1.8904 	 0.2393 	 1.4855 	 -0.5695 	 -0.0012 	 -0.0050 	 0.0016
4.8597 	 1.1150 	 6.5830 	 -1.8961 	 0.2393 	 1.4855 	 -0.5695 	 -0.0012 	 -0.0050 	 0.0016
4.8697 	 1.1174 	 6.5979 	 -1.9018 	 0.2393 	 1.4854 	 -0.5694 	 -0.0012 	 -0.0050 	 0.0016
4.8798 	 1.1198 	 6.6127 	 -1.9075 	 0.2393 	 1.4854 	 -0.5694 	 -0.0012 	 -0.0050 	 0.0016
4.8898 	 1.1222 	 6.6276 	 -1.9132 	 0.2392 	 1.4853 	 -0.5694 	 -0.0011 	 -0.0049 	 0.0016
4.8998 	 1.1246 	 6.6425 	 -1.9189 	 0.2392 	 1.4853 	 -0.5694 	 -0.0011 	 -0.0049 	 0.0015
4.9098 	 1.1270 	 6.6574 	 -1.9246 	 0.2392 	 1.4852 	 -0.5694 	 -0.0011 	 -0.0049 	 0.0015
4.9198 	 1.1294 	 6.6723 	 -1.9303 	 0.2392 	 1.4852 	 -0.5694 	 -0.0011 	 -0.0049 	 0.0015
4.9299 	 1.1318 	 6.6872 	 -1.9360 	 0.2392 	 1.4851 	 -0.5693 	 -0.0011 	 -0.0048 	 0.0015
4.9399 	 1.1342 	 6.7020 	 -1.9417 	 0.2392 	 1.4851 	 -0.5693 	 -0.0011 	 -0.0048 	 0.0015
4.9499 	 1.1365 	 6.7169 	 -1.9475 	 0.2392 	 1.4850 	 -0.5693 	 -0.0011 	 -0.0048 	 0.0015
4.9599 	 1.1389 	 6.7318 	 -1.9532 	 0.2392 	 1.4850 	 -0.5693 	 -0.0011 	 -0.0048 	 0.0015
4.9699 	 1.1413 	 6.7467 	 -1.9589 	 0.2392 	 1.4849 	 -0.5693 	 -0.0011 	 -0.0047 	 0.0015
4.9800 	 1.1437 	 6.7616 	 -1.9646 	 0.2391 	 1.4849 	 -0.5693 	 -0.0011 	 -0.0047 	 0.0015
4.9900 	 1.1461 	 6.7764 	 -1.9703 	 0.2391 	 1.4849 	 -0.5693 	 -0.0011 	 -0.0047 	 0.0015
