100-Body Run with i = 64 th particle. (Units in pc,M_solar,Myr, km s-1) 

time		 x 		 y 		 z 		 xdot 		 ydot 		 zdot 		 xddot 		 yddot 		 zddot
0.0000 	 0.1013 	 0.5708 	 0.7241 	 0.0264 	 0.0381 	 0.0353 	 -0.0322 	 -0.3845 	 -0.2410
0.0100 	 0.1016 	 0.5711 	 0.7245 	 0.0260 	 0.0343 	 0.0328 	 -0.0324 	 -0.3841 	 -0.2409
0.0200 	 0.1018 	 0.5715 	 0.7248 	 0.0257 	 0.0304 	 0.0304 	 -0.0326 	 -0.3839 	 -0.2409
0.0301 	 0.1021 	 0.5717 	 0.7251 	 0.0254 	 0.0266 	 0.0280 	 -0.0331 	 -0.3839 	 -0.2408
0.0401 	 0.1023 	 0.5720 	 0.7253 	 0.0251 	 0.0227 	 0.0256 	 -0.0316 	 -0.3842 	 -0.2403
0.0501 	 0.1026 	 0.5722 	 0.7256 	 0.0247 	 0.0189 	 0.0232 	 -0.0324 	 -0.3818 	 -0.2354
0.0601 	 0.1028 	 0.5724 	 0.7258 	 0.0244 	 0.0151 	 0.0209 	 -0.0347 	 -0.3817 	 -0.2346
0.0701 	 0.1031 	 0.5725 	 0.7260 	 0.0240 	 0.0112 	 0.0185 	 -0.0362 	 -0.3820 	 -0.2339
0.0802 	 0.1033 	 0.5726 	 0.7262 	 0.0237 	 0.0074 	 0.0162 	 -0.0374 	 -0.3822 	 -0.2330
0.0902 	 0.1035 	 0.5726 	 0.7263 	 0.0233 	 0.0036 	 0.0139 	 -0.0383 	 -0.3822 	 -0.2317
0.1002 	 0.1038 	 0.5727 	 0.7265 	 0.0229 	 -0.0002 	 0.0115 	 -0.0387 	 -0.3820 	 -0.2304
0.1102 	 0.1040 	 0.5726 	 0.7266 	 0.0225 	 -0.0041 	 0.0092 	 -0.0386 	 -0.3816 	 -0.2292
0.1202 	 0.1042 	 0.5726 	 0.7266 	 0.0221 	 -0.0079 	 0.0069 	 -0.0382 	 -0.3812 	 -0.2282
0.1303 	 0.1044 	 0.5725 	 0.7267 	 0.0218 	 -0.0117 	 0.0047 	 -0.0375 	 -0.3811 	 -0.2276
0.1403 	 0.1047 	 0.5723 	 0.7267 	 0.0214 	 -0.0155 	 0.0024 	 -0.0367 	 -0.3811 	 -0.2273
0.1503 	 0.1049 	 0.5722 	 0.7268 	 0.0210 	 -0.0193 	 0.0001 	 -0.0359 	 -0.3814 	 -0.2272
0.1603 	 0.1051 	 0.5720 	 0.7267 	 0.0207 	 -0.0232 	 -0.0022 	 -0.0339 	 -0.3800 	 -0.2276
0.1703 	 0.1053 	 0.5717 	 0.7267 	 0.0204 	 -0.0269 	 -0.0044 	 -0.0308 	 -0.3734 	 -0.2237
0.1804 	 0.1055 	 0.5714 	 0.7267 	 0.0200 	 -0.0307 	 -0.0067 	 -0.0304 	 -0.3727 	 -0.2201
0.1904 	 0.1057 	 0.5711 	 0.7266 	 0.0197 	 -0.0344 	 -0.0089 	 -0.0295 	 -0.3735 	 -0.2189
0.2004 	 0.1059 	 0.5707 	 0.7265 	 0.0195 	 -0.0382 	 -0.0110 	 -0.0282 	 -0.3745 	 -0.2185
0.2104 	 0.1061 	 0.5703 	 0.7264 	 0.0192 	 -0.0419 	 -0.0132 	 -0.0264 	 -0.3755 	 -0.2181
0.2204 	 0.1063 	 0.5699 	 0.7262 	 0.0189 	 -0.0457 	 -0.0154 	 -0.0244 	 -0.3762 	 -0.2173
0.2305 	 0.1065 	 0.5694 	 0.7260 	 0.0187 	 -0.0494 	 -0.0176 	 -0.0225 	 -0.3765 	 -0.2159
0.2405 	 0.1066 	 0.5689 	 0.7259 	 0.0185 	 -0.0532 	 -0.0197 	 -0.0211 	 -0.3762 	 -0.2140
0.2505 	 0.1068 	 0.5683 	 0.7257 	 0.0183 	 -0.0570 	 -0.0219 	 -0.0205 	 -0.3753 	 -0.2119
0.2605 	 0.1070 	 0.5678 	 0.7254 	 0.0181 	 -0.0607 	 -0.0240 	 -0.0208 	 -0.3740 	 -0.2101
0.2705 	 0.1072 	 0.5671 	 0.7252 	 0.0179 	 -0.0645 	 -0.0261 	 -0.0218 	 -0.3726 	 -0.2087
0.2806 	 0.1074 	 0.5665 	 0.7249 	 0.0176 	 -0.0682 	 -0.0282 	 -0.0233 	 -0.3714 	 -0.2080
0.2906 	 0.1075 	 0.5658 	 0.7246 	 0.0174 	 -0.0719 	 -0.0303 	 -0.0248 	 -0.3704 	 -0.2079
0.3006 	 0.1077 	 0.5650 	 0.7243 	 0.0171 	 -0.0756 	 -0.0323 	 -0.0263 	 -0.3697 	 -0.2081
0.3106 	 0.1079 	 0.5642 	 0.7240 	 0.0169 	 -0.0793 	 -0.0344 	 -0.0276 	 -0.3692 	 -0.2086
0.3206 	 0.1080 	 0.5634 	 0.7236 	 0.0166 	 -0.0830 	 -0.0365 	 -0.0287 	 -0.3689 	 -0.2093
0.3307 	 0.1082 	 0.5626 	 0.7232 	 0.0163 	 -0.0867 	 -0.0386 	 -0.0297 	 -0.3688 	 -0.2101
0.3407 	 0.1084 	 0.5617 	 0.7228 	 0.0160 	 -0.0904 	 -0.0407 	 -0.0306 	 -0.3689 	 -0.2110
0.3507 	 0.1085 	 0.5608 	 0.7224 	 0.0157 	 -0.0941 	 -0.0428 	 -0.0313 	 -0.3690 	 -0.2119
0.3607 	 0.1087 	 0.5598 	 0.7220 	 0.0154 	 -0.0978 	 -0.0450 	 -0.0320 	 -0.3693 	 -0.2129
0.3707 	 0.1088 	 0.5588 	 0.7215 	 0.0150 	 -0.1015 	 -0.0471 	 -0.0326 	 -0.3696 	 -0.2139
0.3808 	 0.1090 	 0.5578 	 0.7210 	 0.0147 	 -0.1052 	 -0.0493 	 -0.0331 	 -0.3700 	 -0.2150
0.3908 	 0.1091 	 0.5567 	 0.7205 	 0.0144 	 -0.1089 	 -0.0514 	 -0.0336 	 -0.3705 	 -0.2161
0.4008 	 0.1093 	 0.5556 	 0.7200 	 0.0140 	 -0.1126 	 -0.0536 	 -0.0341 	 -0.3711 	 -0.2172
0.4108 	 0.1094 	 0.5544 	 0.7194 	 0.0137 	 -0.1164 	 -0.0558 	 -0.0346 	 -0.3718 	 -0.2183
0.4208 	 0.1096 	 0.5533 	 0.7189 	 0.0133 	 -0.1201 	 -0.0580 	 -0.0350 	 -0.3724 	 -0.2195
0.4309 	 0.1097 	 0.5520 	 0.7183 	 0.0130 	 -0.1238 	 -0.0602 	 -0.0355 	 -0.3732 	 -0.2207
0.4409 	 0.1098 	 0.5508 	 0.7177 	 0.0126 	 -0.1276 	 -0.0624 	 -0.0359 	 -0.3740 	 -0.2219
0.4509 	 0.1099 	 0.5495 	 0.7170 	 0.0123 	 -0.1313 	 -0.0646 	 -0.0363 	 -0.3749 	 -0.2232
0.4609 	 0.1101 	 0.5481 	 0.7164 	 0.0119 	 -0.1351 	 -0.0669 	 -0.0368 	 -0.3758 	 -0.2244
0.4709 	 0.1102 	 0.5468 	 0.7157 	 0.0115 	 -0.1389 	 -0.0691 	 -0.0372 	 -0.3767 	 -0.2257
0.4810 	 0.1103 	 0.5454 	 0.7150 	 0.0112 	 -0.1426 	 -0.0714 	 -0.0376 	 -0.3776 	 -0.2271
0.4910 	 0.1104 	 0.5439 	 0.7143 	 0.0108 	 -0.1464 	 -0.0737 	 -0.0382 	 -0.3787 	 -0.2287
0.5010 	 0.1105 	 0.5424 	 0.7135 	 0.0104 	 -0.1502 	 -0.0760 	 -0.0385 	 -0.3798 	 -0.2298
0.5110 	 0.1106 	 0.5409 	 0.7127 	 0.0100 	 -0.1540 	 -0.0783 	 -0.0390 	 -0.3662 	 -0.2189
0.5210 	 0.1107 	 0.5393 	 0.7119 	 0.0096 	 -0.1577 	 -0.0804 	 -0.0400 	 -0.3656 	 -0.2190
0.5311 	 0.1108 	 0.5377 	 0.7111 	 0.0092 	 -0.1613 	 -0.0826 	 -0.0406 	 -0.3640 	 -0.2189
0.5411 	 0.1109 	 0.5361 	 0.7103 	 0.0088 	 -0.1650 	 -0.0848 	 -0.0413 	 -0.3618 	 -0.2186
0.5511 	 0.1110 	 0.5344 	 0.7094 	 0.0084 	 -0.1686 	 -0.0870 	 -0.0420 	 -0.3592 	 -0.2182
0.5611 	 0.1111 	 0.5327 	 0.7085 	 0.0079 	 -0.1722 	 -0.0892 	 -0.0427 	 -0.3563 	 -0.2178
0.5711 	 0.1111 	 0.5310 	 0.7076 	 0.0075 	 -0.1757 	 -0.0914 	 -0.0434 	 -0.3533 	 -0.2173
0.5812 	 0.1112 	 0.5292 	 0.7067 	 0.0071 	 -0.1793 	 -0.0936 	 -0.0441 	 -0.3503 	 -0.2170
0.5912 	 0.1113 	 0.5274 	 0.7058 	 0.0066 	 -0.1827 	 -0.0957 	 -0.0448 	 -0.3475 	 -0.2169
0.6012 	 0.1113 	 0.5256 	 0.7048 	 0.0062 	 -0.1862 	 -0.0979 	 -0.0454 	 -0.3449 	 -0.2169
0.6112 	 0.1114 	 0.5237 	 0.7038 	 0.0057 	 -0.1897 	 -0.1001 	 -0.0460 	 -0.3424 	 -0.2171
0.6212 	 0.1115 	 0.5218 	 0.7028 	 0.0053 	 -0.1931 	 -0.1023 	 -0.0465 	 -0.3403 	 -0.2175
0.6313 	 0.1115 	 0.5198 	 0.7018 	 0.0048 	 -0.1965 	 -0.1044 	 -0.0470 	 -0.3386 	 -0.2182
0.6413 	 0.1115 	 0.5178 	 0.7007 	 0.0043 	 -0.1999 	 -0.1066 	 -0.0474 	 -0.3373 	 -0.2194
0.6513 	 0.1116 	 0.5158 	 0.6996 	 0.0038 	 -0.2032 	 -0.1088 	 -0.0479 	 -0.3366 	 -0.2209
0.6613 	 0.1116 	 0.5137 	 0.6985 	 0.0034 	 -0.2066 	 -0.1111 	 -0.0483 	 -0.3362 	 -0.2229
0.6713 	 0.1117 	 0.5117 	 0.6974 	 0.0029 	 -0.2100 	 -0.1133 	 -0.0487 	 -0.3363 	 -0.2253
0.6814 	 0.1117 	 0.5095 	 0.6962 	 0.0024 	 -0.2132 	 -0.1155 	 -0.0150 	 -0.2759 	 -0.1814
0.6914 	 0.1117 	 0.5074 	 0.6951 	 0.0023 	 -0.2159 	 -0.1173 	 -0.0117 	 -0.2661 	 -0.1777
0.7014 	 0.1117 	 0.5052 	 0.6939 	 0.0022 	 -0.2186 	 -0.1191 	 -0.0122 	 -0.2659 	 -0.1809
0.7114 	 0.1118 	 0.5030 	 0.6927 	 0.0021 	 -0.2213 	 -0.1209 	 -0.0129 	 -0.2662 	 -0.1850
0.7214 	 0.1118 	 0.5008 	 0.6915 	 0.0019 	 -0.2239 	 -0.1228 	 -0.0136 	 -0.2666 	 -0.1898
0.7315 	 0.1118 	 0.4985 	 0.6902 	 0.0018 	 -0.2266 	 -0.1247 	 -0.0143 	 -0.2670 	 -0.1953
0.7415 	 0.1118 	 0.4962 	 0.6890 	 0.0017 	 -0.2293 	 -0.1267 	 -0.0150 	 -0.2673 	 -0.2014
0.7515 	 0.1118 	 0.4939 	 0.6877 	 0.0015 	 -0.2320 	 -0.1287 	 -0.0158 	 -0.2672 	 -0.2082
0.7615 	 0.1118 	 0.4916 	 0.6864 	 0.0013 	 -0.2346 	 -0.1309 	 -0.0166 	 -0.2666 	 -0.2156
0.7715 	 0.1119 	 0.4892 	 0.6851 	 0.0012 	 -0.2373 	 -0.1331 	 -0.0176 	 -0.2655 	 -0.2236
0.7816 	 0.1119 	 0.4868 	 0.6837 	 0.0010 	 -0.2399 	 -0.1354 	 -0.0189 	 -0.2635 	 -0.2321
0.7916 	 0.1119 	 0.4844 	 0.6824 	 0.0008 	 -0.2426 	 -0.1377 	 -0.0207 	 -0.2608 	 -0.2409
0.8016 	 0.1119 	 0.4820 	 0.6810 	 0.0006 	 -0.2452 	 -0.1402 	 -0.0234 	 -0.2571 	 -0.2502
0.8116 	 0.1119 	 0.4795 	 0.6795 	 0.0003 	 -0.2477 	 -0.1427 	 -0.0275 	 -0.2522 	 -0.2598
0.8216 	 0.1119 	 0.4770 	 0.6781 	 0.0000 	 -0.2502 	 -0.1454 	 -0.0337 	 -0.2457 	 -0.2695
0.8317 	 0.1119 	 0.4745 	 0.6766 	 -0.0004 	 -0.2526 	 -0.1481 	 -0.0428 	 -0.2368 	 -0.2789
0.8417 	 0.1119 	 0.4719 	 0.6751 	 -0.0009 	 -0.2550 	 -0.1510 	 -0.0553 	 -0.2242 	 -0.2861
0.8517 	 0.1119 	 0.4694 	 0.6736 	 -0.0015 	 -0.2571 	 -0.1539 	 -0.0698 	 -0.2074 	 -0.2877
0.8617 	 0.1118 	 0.4668 	 0.6721 	 -0.0022 	 -0.2591 	 -0.1567 	 -0.0820 	 -0.1879 	 -0.2796
0.8717 	 0.1118 	 0.4642 	 0.6705 	 -0.0031 	 -0.2609 	 -0.1594 	 -0.0859 	 -0.1714 	 -0.2617
0.8818 	 0.1118 	 0.4616 	 0.6689 	 -0.0039 	 -0.2626 	 -0.1619 	 -0.0799 	 -0.1634 	 -0.2399
0.8918 	 0.1117 	 0.4589 	 0.6672 	 -0.0047 	 -0.2642 	 -0.1642 	 -0.0679 	 -0.1642 	 -0.2215
0.9018 	 0.1117 	 0.4563 	 0.6656 	 -0.0053 	 -0.2659 	 -0.1664 	 -0.0553 	 -0.1702 	 -0.2093
0.9118 	 0.1116 	 0.4536 	 0.6639 	 -0.0058 	 -0.2676 	 -0.1685 	 -0.0450 	 -0.1779 	 -0.2023
0.9218 	 0.1116 	 0.4509 	 0.6622 	 -0.0062 	 -0.2694 	 -0.1705 	 -0.0374 	 -0.1853 	 -0.1987
0.9319 	 0.1115 	 0.4482 	 0.6605 	 -0.0066 	 -0.2713 	 -0.1724 	 -0.0321 	 -0.1919 	 -0.1970
0.9419 	 0.1114 	 0.4455 	 0.6587 	 -0.0069 	 -0.2733 	 -0.1744 	 -0.0286 	 -0.1975 	 -0.1963
0.9519 	 0.1114 	 0.4427 	 0.6570 	 -0.0071 	 -0.2753 	 -0.1764 	 -0.0264 	 -0.2024 	 -0.1963
0.9619 	 0.1113 	 0.4399 	 0.6552 	 -0.0074 	 -0.2773 	 -0.1783 	 -0.0250 	 -0.2067 	 -0.1966
0.9719 	 0.1112 	 0.4372 	 0.6534 	 -0.0076 	 -0.2794 	 -0.1803 	 -0.0242 	 -0.2105 	 -0.1971
0.9820 	 0.1111 	 0.4343 	 0.6516 	 -0.0079 	 -0.2815 	 -0.1823 	 -0.0239 	 -0.2139 	 -0.1979
0.9920 	 0.1111 	 0.4315 	 0.6498 	 -0.0081 	 -0.2837 	 -0.1843 	 -0.0239 	 -0.2171 	 -0.1988
1.0020 	 0.1110 	 0.4287 	 0.6479 	 -0.0084 	 -0.2859 	 -0.1863 	 -0.0242 	 -0.2200 	 -0.1999
1.0120 	 0.1109 	 0.4258 	 0.6460 	 -0.0086 	 -0.2881 	 -0.1883 	 -0.0246 	 -0.2228 	 -0.2012
1.0220 	 0.1108 	 0.4229 	 0.6441 	 -0.0088 	 -0.2904 	 -0.1903 	 -0.0255 	 -0.2255 	 -0.2028
1.0321 	 0.1107 	 0.4200 	 0.6422 	 -0.0091 	 -0.2926 	 -0.1924 	 -0.0280 	 -0.2284 	 -0.2062
1.0421 	 0.1106 	 0.4170 	 0.6403 	 -0.0094 	 -0.2949 	 -0.1945 	 -0.0302 	 -0.2300 	 -0.2114
1.0521 	 0.1105 	 0.4141 	 0.6383 	 -0.0097 	 -0.2972 	 -0.1966 	 -0.0308 	 -0.2303 	 -0.2163
1.0621 	 0.1104 	 0.4111 	 0.6363 	 -0.0100 	 -0.2995 	 -0.1988 	 -0.0306 	 -0.2306 	 -0.2199
1.0721 	 0.1103 	 0.4081 	 0.6343 	 -0.0103 	 -0.3019 	 -0.2010 	 -0.0306 	 -0.2315 	 -0.2225
1.0822 	 0.1102 	 0.4050 	 0.6323 	 -0.0106 	 -0.3042 	 -0.2032 	 -0.0312 	 -0.2328 	 -0.2248
1.0922 	 0.1101 	 0.4020 	 0.6303 	 -0.0110 	 -0.3065 	 -0.2055 	 -0.0321 	 -0.2343 	 -0.2270
1.1022 	 0.1100 	 0.3989 	 0.6282 	 -0.0113 	 -0.3089 	 -0.2078 	 -0.0334 	 -0.2360 	 -0.2293
1.1122 	 0.1099 	 0.3958 	 0.6261 	 -0.0116 	 -0.3113 	 -0.2101 	 -0.0350 	 -0.2377 	 -0.2317
1.1222 	 0.1098 	 0.3926 	 0.6240 	 -0.0120 	 -0.3136 	 -0.2124 	 -0.0367 	 -0.2394 	 -0.2342
1.1323 	 0.1097 	 0.3895 	 0.6218 	 -0.0124 	 -0.3161 	 -0.2148 	 -0.0388 	 -0.2412 	 -0.2370
1.1423 	 0.1095 	 0.3863 	 0.6197 	 -0.0128 	 -0.3185 	 -0.2172 	 -0.0411 	 -0.2430 	 -0.2400
1.1523 	 0.1094 	 0.3831 	 0.6175 	 -0.0132 	 -0.3209 	 -0.2196 	 -0.0437 	 -0.2448 	 -0.2433
1.1623 	 0.1093 	 0.3799 	 0.6153 	 -0.0136 	 -0.3234 	 -0.2221 	 -0.0465 	 -0.2466 	 -0.2469
1.1723 	 0.1091 	 0.3766 	 0.6130 	 -0.0141 	 -0.3259 	 -0.2246 	 -0.0496 	 -0.2484 	 -0.2508
1.1824 	 0.1090 	 0.3733 	 0.6108 	 -0.0146 	 -0.3284 	 -0.2271 	 -0.0530 	 -0.2502 	 -0.2550
1.1924 	 0.1088 	 0.3700 	 0.6085 	 -0.0152 	 -0.3309 	 -0.2297 	 -0.0567 	 -0.2518 	 -0.2595
1.2024 	 0.1087 	 0.3667 	 0.6062 	 -0.0158 	 -0.3334 	 -0.2323 	 -0.0607 	 -0.2533 	 -0.2643
1.2124 	 0.1085 	 0.3634 	 0.6038 	 -0.0164 	 -0.3360 	 -0.2350 	 -0.0650 	 -0.2546 	 -0.2694
1.2224 	 0.1083 	 0.3600 	 0.6015 	 -0.0171 	 -0.3385 	 -0.2377 	 -0.0695 	 -0.2557 	 -0.2748
1.2325 	 0.1082 	 0.3566 	 0.5991 	 -0.0178 	 -0.3411 	 -0.2405 	 -0.0744 	 -0.2565 	 -0.2805
1.2425 	 0.1080 	 0.3531 	 0.5966 	 -0.0186 	 -0.3437 	 -0.2433 	 -0.0795 	 -0.2571 	 -0.2863
1.2525 	 0.1078 	 0.3497 	 0.5942 	 -0.0194 	 -0.3462 	 -0.2462 	 -0.0849 	 -0.2572 	 -0.2922
1.2625 	 0.1076 	 0.3462 	 0.5917 	 -0.0203 	 -0.3488 	 -0.2492 	 -0.0904 	 -0.2570 	 -0.2981
1.2725 	 0.1074 	 0.3427 	 0.5892 	 -0.0212 	 -0.3514 	 -0.2522 	 -0.0960 	 -0.2564 	 -0.3040
1.2826 	 0.1072 	 0.3392 	 0.5866 	 -0.0222 	 -0.3539 	 -0.2553 	 -0.1017 	 -0.2555 	 -0.3098
1.2926 	 0.1069 	 0.3356 	 0.5841 	 -0.0232 	 -0.3565 	 -0.2584 	 -0.1074 	 -0.2544 	 -0.3154
1.3026 	 0.1067 	 0.3320 	 0.5815 	 -0.0243 	 -0.3590 	 -0.2616 	 -0.1131 	 -0.2531 	 -0.3207
1.3126 	 0.1065 	 0.3284 	 0.5788 	 -0.0255 	 -0.3616 	 -0.2648 	 -0.1187 	 -0.2517 	 -0.3259
1.3226 	 0.1062 	 0.3248 	 0.5762 	 -0.0267 	 -0.3641 	 -0.2681 	 -0.1242 	 -0.2504 	 -0.3310
1.3327 	 0.1059 	 0.3211 	 0.5735 	 -0.0280 	 -0.3666 	 -0.2715 	 -0.1295 	 -0.2492 	 -0.3360
1.3427 	 0.1056 	 0.3174 	 0.5707 	 -0.0293 	 -0.3691 	 -0.2748 	 -0.1349 	 -0.2482 	 -0.3411
1.3527 	 0.1053 	 0.3137 	 0.5679 	 -0.0307 	 -0.3716 	 -0.2783 	 -0.1402 	 -0.2474 	 -0.3463
1.3627 	 0.1050 	 0.3100 	 0.5651 	 -0.0321 	 -0.3740 	 -0.2818 	 -0.1456 	 -0.2468 	 -0.3518
1.3727 	 0.1047 	 0.3062 	 0.5623 	 -0.0336 	 -0.3765 	 -0.2853 	 -0.1512 	 -0.2464 	 -0.3577
1.3828 	 0.1043 	 0.3024 	 0.5594 	 -0.0352 	 -0.3790 	 -0.2890 	 -0.1570 	 -0.2460 	 -0.3642
1.3928 	 0.1040 	 0.2986 	 0.5565 	 -0.0368 	 -0.3814 	 -0.2926 	 -0.1630 	 -0.2456 	 -0.3713
1.4028 	 0.1036 	 0.2948 	 0.5536 	 -0.0384 	 -0.3839 	 -0.2964 	 -0.1694 	 -0.2450 	 -0.3790
1.4128 	 0.1032 	 0.2909 	 0.5506 	 -0.0402 	 -0.3863 	 -0.3002 	 -0.1762 	 -0.2442 	 -0.3876
1.4228 	 0.1028 	 0.2870 	 0.5475 	 -0.0420 	 -0.3888 	 -0.3042 	 -0.1835 	 -0.2431 	 -0.3969
1.4329 	 0.1024 	 0.2831 	 0.5445 	 -0.0438 	 -0.3912 	 -0.3082 	 -0.1913 	 -0.2414 	 -0.4071
1.4429 	 0.1019 	 0.2792 	 0.5414 	 -0.0458 	 -0.3936 	 -0.3123 	 -0.1997 	 -0.2390 	 -0.4183
1.4529 	 0.1015 	 0.2753 	 0.5382 	 -0.0478 	 -0.3960 	 -0.3166 	 -0.2087 	 -0.2359 	 -0.4305
1.4629 	 0.1010 	 0.2713 	 0.5350 	 -0.0500 	 -0.3983 	 -0.3210 	 -0.2184 	 -0.2317 	 -0.4438
1.4729 	 0.1005 	 0.2673 	 0.5318 	 -0.0522 	 -0.4006 	 -0.3255 	 -0.2288 	 -0.2264 	 -0.4583
1.4830 	 0.0999 	 0.2632 	 0.5285 	 -0.0546 	 -0.4029 	 -0.3302 	 -0.2400 	 -0.2197 	 -0.4741
1.4930 	 0.0994 	 0.2592 	 0.5252 	 -0.0570 	 -0.4050 	 -0.3350 	 -0.2521 	 -0.2113 	 -0.4913
1.5030 	 0.0988 	 0.2551 	 0.5218 	 -0.0596 	 -0.4071 	 -0.3400 	 -0.2653 	 -0.2010 	 -0.5103
1.5130 	 0.0982 	 0.2510 	 0.5183 	 -0.0624 	 -0.4091 	 -0.3452 	 -0.2796 	 -0.1882 	 -0.5311
1.5230 	 0.0975 	 0.2469 	 0.5149 	 -0.0652 	 -0.4109 	 -0.3507 	 -0.2953 	 -0.1726 	 -0.5542
1.5331 	 0.0969 	 0.2428 	 0.5113 	 -0.0683 	 -0.4125 	 -0.3563 	 -0.3127 	 -0.1534 	 -0.5799
1.5431 	 0.0962 	 0.2387 	 0.5077 	 -0.0715 	 -0.4139 	 -0.3623 	 -0.3319 	 -0.1299 	 -0.6088
1.5531 	 0.0954 	 0.2345 	 0.5041 	 -0.0749 	 -0.4151 	 -0.3685 	 -0.3534 	 -0.1009 	 -0.6415
1.5631 	 0.0947 	 0.2303 	 0.5003 	 -0.0786 	 -0.4159 	 -0.3752 	 -0.3777 	 -0.0650 	 -0.6791
1.5731 	 0.0938 	 0.2262 	 0.4965 	 -0.0825 	 -0.4164 	 -0.3822 	 -0.4055 	 -0.0199 	 -0.7228
1.5832 	 0.0930 	 0.2220 	 0.4927 	 -0.0867 	 -0.4163 	 -0.3897 	 -0.4377 	 0.0373 	 -0.7744
1.5932 	 0.0921 	 0.2178 	 0.4887 	 -0.0913 	 -0.4156 	 -0.3977 	 -0.4754 	 0.1109 	 -0.8364
1.6032 	 0.0912 	 0.2137 	 0.4847 	 -0.0963 	 -0.4140 	 -0.4065 	 -0.5202 	 0.2077 	 -0.9125
1.6132 	 0.0902 	 0.2096 	 0.4806 	 -0.1018 	 -0.4113 	 -0.4161 	 -0.5740 	 0.3381 	 -1.0081
1.6232 	 0.0891 	 0.2055 	 0.4763 	 -0.1078 	 -0.4070 	 -0.4268 	 -0.6395 	 0.5196 	 -1.1315
1.6333 	 0.0880 	 0.2014 	 0.4720 	 -0.1146 	 -0.4006 	 -0.4389 	 -0.7197 	 0.7825 	 -1.2962
1.6433 	 0.0868 	 0.1974 	 0.4675 	 -0.1223 	 -0.3909 	 -0.4530 	 -0.8175 	 1.1845 	 -1.5248
1.6533 	 0.0855 	 0.1936 	 0.4629 	 -0.1311 	 -0.3760 	 -0.4698 	 -0.9303 	 1.8456 	 -1.8580
1.6633 	 0.0842 	 0.1900 	 0.4581 	 -0.1409 	 -0.3522 	 -0.4908 	 -1.0286 	 3.0541 	 -2.3725
1.6733 	 0.0827 	 0.1867 	 0.4530 	 -0.1510 	 -0.3104 	 -0.5184 	 -0.9267 	 5.6567 	 -3.2103
1.6834 	 0.0812 	 0.1841 	 0.4476 	 -0.1547 	 -0.2243 	 -0.5562 	 0.8089 	 13.1507 	 -4.3900
1.6934 	 0.0803 	 0.1833 	 0.4421 	 -0.0673 	 0.0291 	 -0.5757 	 33.5807 	 57.9504 	 7.6317
1.7034 	 0.0978 	 0.1870 	 0.4506 	 3.6197 	 0.8072 	 2.2838 	 -2.3751 	 -1.4680 	 -1.9041
1.7134 	 0.1341 	 0.1951 	 0.4734 	 3.6114 	 0.7992 	 2.2757 	 -0.2845 	 -0.5371 	 -0.4368
1.7234 	 0.1703 	 0.2031 	 0.4962 	 3.6096 	 0.7947 	 2.2719 	 -0.0967 	 -0.3864 	 -0.3507
1.7335 	 0.2064 	 0.2110 	 0.5189 	 3.6092 	 0.7911 	 2.2684 	 -0.0044 	 -0.3443 	 -0.3573
1.7435 	 0.2426 	 0.2189 	 0.5417 	 3.6093 	 0.7876 	 2.2646 	 -0.0020 	 -0.3493 	 -0.3991
1.7535 	 0.2788 	 0.2268 	 0.5643 	 3.6089 	 0.7841 	 2.2606 	 -0.0818 	 -0.3330 	 -0.3978
1.7635 	 0.3149 	 0.2347 	 0.5870 	 3.6077 	 0.7811 	 2.2569 	 -0.1547 	 -0.2801 	 -0.3326
1.7735 	 0.3511 	 0.2425 	 0.6096 	 3.6059 	 0.7785 	 2.2539 	 -0.1823 	 -0.2252 	 -0.2565
1.7836 	 0.3872 	 0.2503 	 0.6321 	 3.6041 	 0.7765 	 2.2517 	 -0.1848 	 -0.1848 	 -0.1979
1.7936 	 0.4233 	 0.2580 	 0.6547 	 3.6023 	 0.7748 	 2.2499 	 -0.1799 	 -0.1574 	 -0.1570
1.8036 	 0.4594 	 0.2658 	 0.6772 	 3.6005 	 0.7733 	 2.2485 	 -0.1744 	 -0.1384 	 -0.1281
1.8136 	 0.4954 	 0.2735 	 0.6998 	 3.5988 	 0.7720 	 2.2473 	 -0.1698 	 -0.1244 	 -0.1073
1.8236 	 0.5315 	 0.2813 	 0.7223 	 3.5971 	 0.7708 	 2.2463 	 -0.1660 	 -0.1134 	 -0.0919
1.8337 	 0.5675 	 0.2890 	 0.7448 	 3.5954 	 0.7697 	 2.2454 	 -0.1622 	 -0.1041 	 -0.0808
1.8437 	 0.6035 	 0.2967 	 0.7673 	 3.5938 	 0.7687 	 2.2447 	 -0.1580 	 -0.0958 	 -0.0729
1.8537 	 0.6395 	 0.3044 	 0.7898 	 3.5923 	 0.7678 	 2.2440 	 -0.1529 	 -0.0881 	 -0.0675
1.8637 	 0.6755 	 0.3121 	 0.8122 	 3.5908 	 0.7670 	 2.2433 	 -0.1468 	 -0.0808 	 -0.0638
1.8737 	 0.7115 	 0.3198 	 0.8347 	 3.5893 	 0.7662 	 2.2427 	 -0.1397 	 -0.0737 	 -0.0611
1.8838 	 0.7475 	 0.3274 	 0.8572 	 3.5880 	 0.7655 	 2.2421 	 -0.1318 	 -0.0667 	 -0.0588
1.8938 	 0.7834 	 0.3351 	 0.8796 	 3.5867 	 0.7648 	 2.2415 	 -0.1232 	 -0.0600 	 -0.0565
1.9038 	 0.8193 	 0.3428 	 0.9021 	 3.5855 	 0.7643 	 2.2410 	 -0.1143 	 -0.0532 	 -0.0541
1.9138 	 0.8553 	 0.3504 	 0.9246 	 3.5844 	 0.7638 	 2.2404 	 -0.1051 	 -0.0464 	 -0.0513
1.9238 	 0.8912 	 0.3581 	 0.9470 	 3.5834 	 0.7633 	 2.2399 	 -0.0956 	 -0.0393 	 -0.0481
1.9339 	 0.9271 	 0.3657 	 0.9694 	 3.5825 	 0.7630 	 2.2395 	 -0.0858 	 -0.0315 	 -0.0446
1.9439 	 0.9630 	 0.3734 	 0.9919 	 3.5817 	 0.7627 	 2.2390 	 -0.0757 	 -0.0223 	 -0.0406
1.9539 	 0.9988 	 0.3810 	 1.0143 	 3.5810 	 0.7626 	 2.2387 	 -0.0650 	 -0.0107 	 -0.0363
1.9639 	 1.0347 	 0.3886 	 1.0367 	 3.5804 	 0.7625 	 2.2383 	 -0.0539 	 0.0048 	 -0.0320
1.9739 	 1.0706 	 0.3963 	 1.0592 	 3.5799 	 0.7627 	 2.2380 	 -0.0433 	 0.0265 	 -0.0286
1.9840 	 1.1065 	 0.4039 	 1.0816 	 3.5795 	 0.7631 	 2.2377 	 -0.0354 	 0.0568 	 -0.0271
1.9940 	 1.1423 	 0.4116 	 1.1040 	 3.5791 	 0.7638 	 2.2374 	 -0.0379 	 0.0941 	 -0.0341
2.0040 	 1.1782 	 0.4192 	 1.1264 	 3.5787 	 0.7650 	 2.2370 	 -0.0578 	 0.1269 	 -0.0516
2.0140 	 1.2141 	 0.4269 	 1.1488 	 3.5779 	 0.7663 	 2.2364 	 -0.0915 	 0.1331 	 -0.0746
2.0240 	 1.2499 	 0.4346 	 1.1712 	 3.5769 	 0.7675 	 2.2356 	 -0.1189 	 0.1060 	 -0.0891
2.0341 	 1.2857 	 0.4423 	 1.1936 	 3.5756 	 0.7684 	 2.2347 	 -0.1265 	 0.0667 	 -0.0889
2.0441 	 1.3216 	 0.4500 	 1.2160 	 3.5744 	 0.7689 	 2.2338 	 -0.1199 	 0.0346 	 -0.0804
2.0541 	 1.3574 	 0.4577 	 1.2384 	 3.5732 	 0.7691 	 2.2330 	 -0.1084 	 0.0137 	 -0.0702
2.0641 	 1.3932 	 0.4654 	 1.2608 	 3.5722 	 0.7692 	 2.2324 	 -0.0969 	 0.0013 	 -0.0610
2.0741 	 1.4289 	 0.4731 	 1.2831 	 3.5713 	 0.7691 	 2.2318 	 -0.0870 	 -0.0058 	 -0.0536
2.0842 	 1.4647 	 0.4808 	 1.3055 	 3.5705 	 0.7691 	 2.2313 	 -0.0789 	 -0.0099 	 -0.0478
2.0942 	 1.5005 	 0.4885 	 1.3279 	 3.5697 	 0.7690 	 2.2309 	 -0.0723 	 -0.0121 	 -0.0432
2.1042 	 1.5363 	 0.4962 	 1.3502 	 3.5690 	 0.7688 	 2.2304 	 -0.0668 	 -0.0133 	 -0.0395
2.1142 	 1.5720 	 0.5039 	 1.3726 	 3.5684 	 0.7687 	 2.2301 	 -0.0623 	 -0.0138 	 -0.0365
2.1242 	 1.6078 	 0.5116 	 1.3949 	 3.5678 	 0.7685 	 2.2297 	 -0.0585 	 -0.0140 	 -0.0340
2.1343 	 1.6435 	 0.5193 	 1.4172 	 3.5672 	 0.7684 	 2.2294 	 -0.0552 	 -0.0139 	 -0.0319
2.1443 	 1.6793 	 0.5270 	 1.4396 	 3.5666 	 0.7683 	 2.2291 	 -0.0523 	 -0.0138 	 -0.0301
2.1543 	 1.7150 	 0.5347 	 1.4619 	 3.5661 	 0.7681 	 2.2288 	 -0.0498 	 -0.0135 	 -0.0286
2.1643 	 1.7507 	 0.5424 	 1.4842 	 3.5656 	 0.7680 	 2.2285 	 -0.0475 	 -0.0132 	 -0.0272
2.1743 	 1.7865 	 0.5501 	 1.5066 	 3.5652 	 0.7679 	 2.2282 	 -0.0455 	 -0.0128 	 -0.0260
2.1844 	 1.8222 	 0.5578 	 1.5289 	 3.5647 	 0.7677 	 2.2280 	 -0.0436 	 -0.0125 	 -0.0250
2.1944 	 1.8579 	 0.5655 	 1.5512 	 3.5643 	 0.7676 	 2.2277 	 -0.0419 	 -0.0121 	 -0.0240
2.2044 	 1.8936 	 0.5732 	 1.5735 	 3.5639 	 0.7675 	 2.2275 	 -0.0403 	 -0.0117 	 -0.0231
2.2144 	 1.9293 	 0.5809 	 1.5959 	 3.5635 	 0.7674 	 2.2273 	 -0.0389 	 -0.0114 	 -0.0223
2.2244 	 1.9650 	 0.5886 	 1.6182 	 3.5631 	 0.7673 	 2.2270 	 -0.0375 	 -0.0111 	 -0.0215
2.2345 	 2.0007 	 0.5963 	 1.6405 	 3.5627 	 0.7672 	 2.2268 	 -0.0362 	 -0.0107 	 -0.0208
2.2445 	 2.0364 	 0.6039 	 1.6628 	 3.5624 	 0.7671 	 2.2266 	 -0.0350 	 -0.0104 	 -0.0202
2.2545 	 2.0721 	 0.6116 	 1.6851 	 3.5620 	 0.7670 	 2.2264 	 -0.0339 	 -0.0101 	 -0.0196
2.2645 	 2.1078 	 0.6193 	 1.7074 	 3.5617 	 0.7669 	 2.2262 	 -0.0328 	 -0.0098 	 -0.0190
2.2745 	 2.1435 	 0.6270 	 1.7297 	 3.5614 	 0.7668 	 2.2260 	 -0.0318 	 -0.0095 	 -0.0185
2.2846 	 2.1792 	 0.6347 	 1.7520 	 3.5611 	 0.7667 	 2.2259 	 -0.0308 	 -0.0092 	 -0.0180
2.2946 	 2.2149 	 0.6424 	 1.7743 	 3.5608 	 0.7666 	 2.2257 	 -0.0299 	 -0.0090 	 -0.0175
2.3046 	 2.2505 	 0.6500 	 1.7966 	 3.5605 	 0.7665 	 2.2255 	 -0.0290 	 -0.0087 	 -0.0170
2.3146 	 2.2862 	 0.6577 	 1.8189 	 3.5602 	 0.7664 	 2.2253 	 -0.0282 	 -0.0085 	 -0.0166
2.3246 	 2.3219 	 0.6654 	 1.8412 	 3.5599 	 0.7663 	 2.2252 	 -0.0274 	 -0.0082 	 -0.0161
2.3347 	 2.3575 	 0.6731 	 1.8635 	 3.5596 	 0.7662 	 2.2250 	 -0.0266 	 -0.0080 	 -0.0157
2.3447 	 2.3932 	 0.6808 	 1.8858 	 3.5594 	 0.7662 	 2.2249 	 -0.0259 	 -0.0078 	 -0.0154
2.3547 	 2.4289 	 0.6884 	 1.9081 	 3.5591 	 0.7661 	 2.2247 	 -0.0252 	 -0.0076 	 -0.0150
2.3647 	 2.4645 	 0.6961 	 1.9304 	 3.5589 	 0.7660 	 2.2246 	 -0.0245 	 -0.0074 	 -0.0146
2.3747 	 2.5002 	 0.7038 	 1.9527 	 3.5586 	 0.7659 	 2.2244 	 -0.0239 	 -0.0072 	 -0.0143
2.3848 	 2.5359 	 0.7115 	 1.9750 	 3.5584 	 0.7659 	 2.2243 	 -0.0233 	 -0.0070 	 -0.0139
2.3948 	 2.5715 	 0.7191 	 1.9973 	 3.5582 	 0.7658 	 2.2241 	 -0.0227 	 -0.0068 	 -0.0136
2.4048 	 2.6072 	 0.7268 	 2.0196 	 3.5579 	 0.7657 	 2.2240 	 -0.0221 	 -0.0066 	 -0.0133
2.4148 	 2.6428 	 0.7345 	 2.0418 	 3.5577 	 0.7657 	 2.2239 	 -0.0216 	 -0.0065 	 -0.0130
2.4248 	 2.6785 	 0.7421 	 2.0641 	 3.5575 	 0.7656 	 2.2237 	 -0.0211 	 -0.0063 	 -0.0127
2.4349 	 2.7141 	 0.7498 	 2.0864 	 3.5573 	 0.7655 	 2.2236 	 -0.0206 	 -0.0062 	 -0.0124
2.4449 	 2.7497 	 0.7575 	 2.1087 	 3.5571 	 0.7655 	 2.2235 	 -0.0201 	 -0.0060 	 -0.0122
2.4549 	 2.7854 	 0.7652 	 2.1310 	 3.5569 	 0.7654 	 2.2234 	 -0.0196 	 -0.0059 	 -0.0119
2.4649 	 2.8210 	 0.7728 	 2.1532 	 3.5567 	 0.7653 	 2.2233 	 -0.0191 	 -0.0057 	 -0.0116
2.4749 	 2.8567 	 0.7805 	 2.1755 	 3.5565 	 0.7653 	 2.2231 	 -0.0187 	 -0.0056 	 -0.0114
2.4850 	 2.8923 	 0.7882 	 2.1978 	 3.5563 	 0.7652 	 2.2230 	 -0.0183 	 -0.0055 	 -0.0112
2.4950 	 2.9279 	 0.7958 	 2.2201 	 3.5561 	 0.7652 	 2.2229 	 -0.0179 	 -0.0053 	 -0.0109
2.5050 	 2.9636 	 0.8035 	 2.2423 	 3.5560 	 0.7651 	 2.2228 	 -0.0175 	 -0.0052 	 -0.0107
2.5150 	 2.9992 	 0.8112 	 2.2646 	 3.5558 	 0.7651 	 2.2227 	 -0.0171 	 -0.0051 	 -0.0105
2.5251 	 3.0348 	 0.8188 	 2.2869 	 3.5556 	 0.7650 	 2.2226 	 -0.0167 	 -0.0050 	 -0.0103
2.5351 	 3.0704 	 0.8265 	 2.3091 	 3.5555 	 0.7650 	 2.2225 	 -0.0164 	 -0.0049 	 -0.0101
2.5451 	 3.1061 	 0.8342 	 2.3314 	 3.5553 	 0.7649 	 2.2224 	 -0.0160 	 -0.0048 	 -0.0099
2.5551 	 3.1417 	 0.8418 	 2.3537 	 3.5551 	 0.7649 	 2.2223 	 -0.0157 	 -0.0047 	 -0.0097
2.5651 	 3.1773 	 0.8495 	 2.3760 	 3.5550 	 0.7648 	 2.2222 	 -0.0154 	 -0.0046 	 -0.0095
2.5752 	 3.2129 	 0.8572 	 2.3982 	 3.5548 	 0.7648 	 2.2221 	 -0.0151 	 -0.0045 	 -0.0093
2.5852 	 3.2486 	 0.8648 	 2.4205 	 3.5547 	 0.7647 	 2.2220 	 -0.0148 	 -0.0044 	 -0.0091
2.5952 	 3.2842 	 0.8725 	 2.4427 	 3.5545 	 0.7647 	 2.2219 	 -0.0145 	 -0.0043 	 -0.0089
2.6052 	 3.3198 	 0.8801 	 2.4650 	 3.5544 	 0.7647 	 2.2218 	 -0.0142 	 -0.0042 	 -0.0088
2.6152 	 3.3554 	 0.8878 	 2.4873 	 3.5542 	 0.7646 	 2.2218 	 -0.0139 	 -0.0041 	 -0.0086
2.6253 	 3.3910 	 0.8955 	 2.5095 	 3.5541 	 0.7646 	 2.2217 	 -0.0137 	 -0.0040 	 -0.0085
2.6353 	 3.4266 	 0.9031 	 2.5318 	 3.5540 	 0.7645 	 2.2216 	 -0.0134 	 -0.0039 	 -0.0083
2.6453 	 3.4622 	 0.9108 	 2.5541 	 3.5538 	 0.7645 	 2.2215 	 -0.0131 	 -0.0039 	 -0.0081
2.6553 	 3.4978 	 0.9184 	 2.5763 	 3.5537 	 0.7645 	 2.2214 	 -0.0129 	 -0.0038 	 -0.0080
2.6653 	 3.5335 	 0.9261 	 2.5986 	 3.5536 	 0.7644 	 2.2213 	 -0.0127 	 -0.0037 	 -0.0079
2.6754 	 3.5691 	 0.9338 	 2.6208 	 3.5535 	 0.7644 	 2.2213 	 -0.0124 	 -0.0036 	 -0.0077
2.6854 	 3.6047 	 0.9414 	 2.6431 	 3.5533 	 0.7644 	 2.2212 	 -0.0122 	 -0.0036 	 -0.0076
2.6954 	 3.6403 	 0.9491 	 2.6653 	 3.5532 	 0.7643 	 2.2211 	 -0.0120 	 -0.0035 	 -0.0074
2.7054 	 3.6759 	 0.9567 	 2.6876 	 3.5531 	 0.7643 	 2.2210 	 -0.0118 	 -0.0034 	 -0.0073
2.7154 	 3.7115 	 0.9644 	 2.7099 	 3.5530 	 0.7642 	 2.2210 	 -0.0116 	 -0.0034 	 -0.0072
2.7255 	 3.7471 	 0.9721 	 2.7321 	 3.5529 	 0.7642 	 2.2209 	 -0.0114 	 -0.0033 	 -0.0071
2.7355 	 3.7827 	 0.9797 	 2.7544 	 3.5527 	 0.7642 	 2.2208 	 -0.0112 	 -0.0032 	 -0.0070
2.7455 	 3.8183 	 0.9874 	 2.7766 	 3.5526 	 0.7641 	 2.2208 	 -0.0110 	 -0.0032 	 -0.0068
2.7555 	 3.8539 	 0.9950 	 2.7989 	 3.5525 	 0.7641 	 2.2207 	 -0.0108 	 -0.0031 	 -0.0067
2.7655 	 3.8895 	 1.0027 	 2.8211 	 3.5524 	 0.7641 	 2.2206 	 -0.0106 	 -0.0031 	 -0.0066
2.7756 	 3.9251 	 1.0103 	 2.8434 	 3.5523 	 0.7641 	 2.2206 	 -0.0104 	 -0.0030 	 -0.0065
2.7856 	 3.9607 	 1.0180 	 2.8656 	 3.5522 	 0.7640 	 2.2205 	 -0.0103 	 -0.0030 	 -0.0064
2.7956 	 3.9962 	 1.0257 	 2.8879 	 3.5521 	 0.7640 	 2.2204 	 -0.0101 	 -0.0029 	 -0.0063
2.8056 	 4.0318 	 1.0333 	 2.9101 	 3.5520 	 0.7640 	 2.2204 	 -0.0099 	 -0.0029 	 -0.0062
2.8156 	 4.0674 	 1.0410 	 2.9324 	 3.5519 	 0.7639 	 2.2203 	 -0.0098 	 -0.0028 	 -0.0061
2.8257 	 4.1030 	 1.0486 	 2.9546 	 3.5518 	 0.7639 	 2.2202 	 -0.0096 	 -0.0028 	 -0.0060
2.8357 	 4.1386 	 1.0563 	 2.9769 	 3.5517 	 0.7639 	 2.2202 	 -0.0095 	 -0.0027 	 -0.0059
2.8457 	 4.1742 	 1.0639 	 2.9991 	 3.5516 	 0.7639 	 2.2201 	 -0.0093 	 -0.0027 	 -0.0058
2.8557 	 4.2098 	 1.0716 	 3.0213 	 3.5515 	 0.7638 	 2.2201 	 -0.0092 	 -0.0026 	 -0.0057
2.8657 	 4.2454 	 1.0792 	 3.0436 	 3.5514 	 0.7638 	 2.2200 	 -0.0090 	 -0.0026 	 -0.0056
2.8758 	 4.2810 	 1.0869 	 3.0658 	 3.5513 	 0.7638 	 2.2199 	 -0.0089 	 -0.0025 	 -0.0056
2.8858 	 4.3165 	 1.0945 	 3.0881 	 3.5513 	 0.7638 	 2.2199 	 -0.0088 	 -0.0025 	 -0.0055
2.8958 	 4.3521 	 1.1022 	 3.1103 	 3.5512 	 0.7637 	 2.2198 	 -0.0086 	 -0.0025 	 -0.0054
2.9058 	 4.3877 	 1.1098 	 3.1326 	 3.5511 	 0.7637 	 2.2198 	 -0.0085 	 -0.0024 	 -0.0053
2.9158 	 4.4233 	 1.1175 	 3.1548 	 3.5510 	 0.7637 	 2.2197 	 -0.0084 	 -0.0024 	 -0.0052
2.9259 	 4.4589 	 1.1251 	 3.1770 	 3.5509 	 0.7637 	 2.2197 	 -0.0082 	 -0.0024 	 -0.0052
2.9359 	 4.4944 	 1.1328 	 3.1993 	 3.5508 	 0.7636 	 2.2196 	 -0.0081 	 -0.0023 	 -0.0051
2.9459 	 4.5300 	 1.1405 	 3.2215 	 3.5508 	 0.7636 	 2.2196 	 -0.0080 	 -0.0023 	 -0.0050
2.9559 	 4.5656 	 1.1481 	 3.2438 	 3.5507 	 0.7636 	 2.2195 	 -0.0079 	 -0.0022 	 -0.0049
2.9659 	 4.6012 	 1.1558 	 3.2660 	 3.5506 	 0.7636 	 2.2195 	 -0.0078 	 -0.0022 	 -0.0049
2.9760 	 4.6368 	 1.1634 	 3.2882 	 3.5505 	 0.7635 	 2.2194 	 -0.0077 	 -0.0022 	 -0.0048
2.9860 	 4.6723 	 1.1711 	 3.3105 	 3.5504 	 0.7635 	 2.2194 	 -0.0076 	 -0.0021 	 -0.0047
2.9960 	 4.7079 	 1.1787 	 3.3327 	 3.5504 	 0.7635 	 2.2193 	 -0.0075 	 -0.0021 	 -0.0047
3.0060 	 4.7435 	 1.1864 	 3.3550 	 3.5503 	 0.7635 	 2.2193 	 -0.0074 	 -0.0021 	 -0.0046
3.0160 	 4.7791 	 1.1940 	 3.3772 	 3.5502 	 0.7635 	 2.2192 	 -0.0073 	 -0.0021 	 -0.0045
3.0261 	 4.8146 	 1.2017 	 3.3994 	 3.5501 	 0.7634 	 2.2192 	 -0.0072 	 -0.0020 	 -0.0045
3.0361 	 4.8502 	 1.2093 	 3.4217 	 3.5501 	 0.7634 	 2.2192 	 -0.0071 	 -0.0020 	 -0.0044
3.0461 	 4.8858 	 1.2170 	 3.4439 	 3.5500 	 0.7634 	 2.2191 	 -0.0070 	 -0.0020 	 -0.0044
3.0561 	 4.9213 	 1.2246 	 3.4661 	 3.5499 	 0.7634 	 2.2191 	 -0.0069 	 -0.0019 	 -0.0043
3.0661 	 4.9569 	 1.2323 	 3.4884 	 3.5499 	 0.7634 	 2.2190 	 -0.0068 	 -0.0019 	 -0.0042
3.0762 	 4.9925 	 1.2399 	 3.5106 	 3.5498 	 0.7633 	 2.2190 	 -0.0067 	 -0.0019 	 -0.0042
3.0862 	 5.0281 	 1.2475 	 3.5328 	 3.5497 	 0.7633 	 2.2189 	 -0.0066 	 -0.0019 	 -0.0041
3.0962 	 5.0636 	 1.2552 	 3.5551 	 3.5497 	 0.7633 	 2.2189 	 -0.0065 	 -0.0018 	 -0.0041
3.1062 	 5.0992 	 1.2628 	 3.5773 	 3.5496 	 0.7633 	 2.2189 	 -0.0064 	 -0.0018 	 -0.0040
3.1162 	 5.1348 	 1.2705 	 3.5995 	 3.5495 	 0.7633 	 2.2188 	 -0.0064 	 -0.0018 	 -0.0040
3.1263 	 5.1703 	 1.2781 	 3.6218 	 3.5495 	 0.7632 	 2.2188 	 -0.0063 	 -0.0018 	 -0.0039
3.1363 	 5.2059 	 1.2858 	 3.6440 	 3.5494 	 0.7632 	 2.2187 	 -0.0062 	 -0.0017 	 -0.0039
3.1463 	 5.2415 	 1.2934 	 3.6662 	 3.5494 	 0.7632 	 2.2187 	 -0.0061 	 -0.0017 	 -0.0038
3.1563 	 5.2770 	 1.3011 	 3.6885 	 3.5493 	 0.7632 	 2.2187 	 -0.0060 	 -0.0017 	 -0.0038
3.1663 	 5.3126 	 1.3087 	 3.7107 	 3.5492 	 0.7632 	 2.2186 	 -0.0060 	 -0.0017 	 -0.0037
3.1764 	 5.3481 	 1.3164 	 3.7329 	 3.5492 	 0.7632 	 2.2186 	 -0.0059 	 -0.0016 	 -0.0037
3.1864 	 5.3837 	 1.3240 	 3.7552 	 3.5491 	 0.7631 	 2.2186 	 -0.0058 	 -0.0016 	 -0.0036
3.1964 	 5.4193 	 1.3317 	 3.7774 	 3.5491 	 0.7631 	 2.2185 	 -0.0057 	 -0.0016 	 -0.0036
3.2064 	 5.4548 	 1.3393 	 3.7996 	 3.5490 	 0.7631 	 2.2185 	 -0.0057 	 -0.0016 	 -0.0035
3.2164 	 5.4904 	 1.3470 	 3.8219 	 3.5489 	 0.7631 	 2.2184 	 -0.0056 	 -0.0016 	 -0.0035
3.2265 	 5.5259 	 1.3546 	 3.8441 	 3.5489 	 0.7631 	 2.2184 	 -0.0055 	 -0.0015 	 -0.0035
3.2365 	 5.5615 	 1.3623 	 3.8663 	 3.5488 	 0.7631 	 2.2184 	 -0.0055 	 -0.0015 	 -0.0034
3.2465 	 5.5971 	 1.3699 	 3.8885 	 3.5488 	 0.7631 	 2.2183 	 -0.0054 	 -0.0015 	 -0.0034
3.2565 	 5.6326 	 1.3775 	 3.9108 	 3.5487 	 0.7630 	 2.2183 	 -0.0053 	 -0.0015 	 -0.0033
3.2665 	 5.6682 	 1.3852 	 3.9330 	 3.5487 	 0.7630 	 2.2183 	 -0.0053 	 -0.0015 	 -0.0033
3.2766 	 5.7037 	 1.3928 	 3.9552 	 3.5486 	 0.7630 	 2.2182 	 -0.0051 	 -0.0014 	 -0.0032
3.2866 	 5.7393 	 1.4005 	 3.9774 	 3.5486 	 0.7630 	 2.2182 	 -0.0050 	 -0.0014 	 -0.0031
3.2966 	 5.7749 	 1.4081 	 3.9997 	 3.5485 	 0.7630 	 2.2182 	 -0.0050 	 -0.0014 	 -0.0031
3.3066 	 5.8104 	 1.4158 	 4.0219 	 3.5485 	 0.7630 	 2.2182 	 -0.0049 	 -0.0014 	 -0.0031
3.3166 	 5.8460 	 1.4234 	 4.0441 	 3.5484 	 0.7630 	 2.2181 	 -0.0049 	 -0.0013 	 -0.0030
3.3267 	 5.8815 	 1.4311 	 4.0664 	 3.5484 	 0.7629 	 2.2181 	 -0.0048 	 -0.0013 	 -0.0030
3.3367 	 5.9171 	 1.4387 	 4.0886 	 3.5483 	 0.7629 	 2.2181 	 -0.0048 	 -0.0013 	 -0.0030
3.3467 	 5.9526 	 1.4464 	 4.1108 	 3.5483 	 0.7629 	 2.2180 	 -0.0047 	 -0.0013 	 -0.0029
3.3567 	 5.9882 	 1.4540 	 4.1330 	 3.5482 	 0.7629 	 2.2180 	 -0.0047 	 -0.0013 	 -0.0029
3.3667 	 6.0237 	 1.4616 	 4.1553 	 3.5482 	 0.7629 	 2.2180 	 -0.0046 	 -0.0013 	 -0.0029
3.3768 	 6.0593 	 1.4693 	 4.1775 	 3.5481 	 0.7629 	 2.2179 	 -0.0046 	 -0.0013 	 -0.0028
3.3868 	 6.0948 	 1.4769 	 4.1997 	 3.5481 	 0.7629 	 2.2179 	 -0.0045 	 -0.0012 	 -0.0028
3.3968 	 6.1304 	 1.4846 	 4.2219 	 3.5480 	 0.7629 	 2.2179 	 -0.0045 	 -0.0012 	 -0.0028
3.4068 	 6.1659 	 1.4922 	 4.2441 	 3.5480 	 0.7628 	 2.2179 	 -0.0044 	 -0.0012 	 -0.0027
3.4168 	 6.2015 	 1.4999 	 4.2664 	 3.5480 	 0.7628 	 2.2178 	 -0.0044 	 -0.0012 	 -0.0027
3.4269 	 6.2370 	 1.5075 	 4.2886 	 3.5479 	 0.7628 	 2.2178 	 -0.0043 	 -0.0012 	 -0.0027
3.4369 	 6.2726 	 1.5151 	 4.3108 	 3.5479 	 0.7628 	 2.2178 	 -0.0043 	 -0.0012 	 -0.0026
3.4469 	 6.3081 	 1.5228 	 4.3330 	 3.5478 	 0.7628 	 2.2178 	 -0.0042 	 -0.0012 	 -0.0026
3.4569 	 6.3437 	 1.5304 	 4.3553 	 3.5478 	 0.7628 	 2.2177 	 -0.0042 	 -0.0011 	 -0.0026
3.4669 	 6.3792 	 1.5381 	 4.3775 	 3.5477 	 0.7628 	 2.2177 	 -0.0041 	 -0.0011 	 -0.0026
3.4770 	 6.4148 	 1.5457 	 4.3997 	 3.5477 	 0.7628 	 2.2177 	 -0.0041 	 -0.0011 	 -0.0025
3.4870 	 6.4503 	 1.5534 	 4.4219 	 3.5477 	 0.7627 	 2.2177 	 -0.0041 	 -0.0011 	 -0.0025
3.4970 	 6.4859 	 1.5610 	 4.4441 	 3.5476 	 0.7627 	 2.2176 	 -0.0040 	 -0.0011 	 -0.0025
3.5070 	 6.5214 	 1.5686 	 4.4664 	 3.5476 	 0.7627 	 2.2176 	 -0.0040 	 -0.0011 	 -0.0025
3.5170 	 6.5570 	 1.5763 	 4.4886 	 3.5475 	 0.7627 	 2.2176 	 -0.0039 	 -0.0011 	 -0.0024
3.5271 	 6.5925 	 1.5839 	 4.5108 	 3.5475 	 0.7627 	 2.2176 	 -0.0039 	 -0.0011 	 -0.0024
3.5371 	 6.6281 	 1.5916 	 4.5330 	 3.5475 	 0.7627 	 2.2175 	 -0.0039 	 -0.0010 	 -0.0024
3.5471 	 6.6636 	 1.5992 	 4.5552 	 3.5474 	 0.7627 	 2.2175 	 -0.0038 	 -0.0010 	 -0.0024
3.5571 	 6.6992 	 1.6069 	 4.5775 	 3.5474 	 0.7627 	 2.2175 	 -0.0038 	 -0.0010 	 -0.0023
3.5671 	 6.7347 	 1.6145 	 4.5997 	 3.5473 	 0.7627 	 2.2175 	 -0.0037 	 -0.0010 	 -0.0023
3.5772 	 6.7703 	 1.6221 	 4.6219 	 3.5473 	 0.7627 	 2.2174 	 -0.0037 	 -0.0010 	 -0.0023
3.5872 	 6.8058 	 1.6298 	 4.6441 	 3.5473 	 0.7626 	 2.2174 	 -0.0037 	 -0.0010 	 -0.0023
3.5972 	 6.8413 	 1.6374 	 4.6663 	 3.5472 	 0.7626 	 2.2174 	 -0.0036 	 -0.0010 	 -0.0022
3.6072 	 6.8769 	 1.6451 	 4.6886 	 3.5472 	 0.7626 	 2.2174 	 -0.0036 	 -0.0010 	 -0.0022
3.6172 	 6.9124 	 1.6527 	 4.7108 	 3.5472 	 0.7626 	 2.2173 	 -0.0036 	 -0.0010 	 -0.0022
3.6273 	 6.9480 	 1.6604 	 4.7330 	 3.5471 	 0.7626 	 2.2173 	 -0.0035 	 -0.0010 	 -0.0022
3.6373 	 6.9835 	 1.6680 	 4.7552 	 3.5471 	 0.7626 	 2.2173 	 -0.0035 	 -0.0009 	 -0.0022
3.6473 	 7.0191 	 1.6756 	 4.7774 	 3.5471 	 0.7626 	 2.2173 	 -0.0035 	 -0.0009 	 -0.0021
3.6573 	 7.0546 	 1.6833 	 4.7996 	 3.5470 	 0.7626 	 2.2173 	 -0.0034 	 -0.0009 	 -0.0021
3.6673 	 7.0901 	 1.6909 	 4.8219 	 3.5470 	 0.7626 	 2.2172 	 -0.0034 	 -0.0009 	 -0.0021
3.6774 	 7.1257 	 1.6986 	 4.8441 	 3.5470 	 0.7626 	 2.2172 	 -0.0034 	 -0.0009 	 -0.0021
3.6874 	 7.1612 	 1.7062 	 4.8663 	 3.5469 	 0.7625 	 2.2172 	 -0.0033 	 -0.0009 	 -0.0021
3.6974 	 7.1968 	 1.7138 	 4.8885 	 3.5469 	 0.7625 	 2.2172 	 -0.0033 	 -0.0009 	 -0.0020
3.7074 	 7.2323 	 1.7215 	 4.9107 	 3.5469 	 0.7625 	 2.2172 	 -0.0033 	 -0.0009 	 -0.0020
3.7174 	 7.2678 	 1.7291 	 4.9329 	 3.5468 	 0.7625 	 2.2171 	 -0.0032 	 -0.0009 	 -0.0020
3.7275 	 7.3034 	 1.7368 	 4.9552 	 3.5468 	 0.7625 	 2.2171 	 -0.0032 	 -0.0009 	 -0.0020
3.7375 	 7.3389 	 1.7444 	 4.9774 	 3.5468 	 0.7625 	 2.2171 	 -0.0032 	 -0.0009 	 -0.0020
3.7475 	 7.3745 	 1.7520 	 4.9996 	 3.5467 	 0.7625 	 2.2171 	 -0.0032 	 -0.0008 	 -0.0019
3.7575 	 7.4100 	 1.7597 	 5.0218 	 3.5467 	 0.7625 	 2.2171 	 -0.0031 	 -0.0008 	 -0.0019
3.7675 	 7.4455 	 1.7673 	 5.0440 	 3.5467 	 0.7625 	 2.2170 	 -0.0031 	 -0.0008 	 -0.0019
3.7776 	 7.4811 	 1.7750 	 5.0662 	 3.5466 	 0.7625 	 2.2170 	 -0.0031 	 -0.0008 	 -0.0019
3.7876 	 7.5166 	 1.7826 	 5.0884 	 3.5466 	 0.7625 	 2.2170 	 -0.0030 	 -0.0008 	 -0.0019
3.7976 	 7.5521 	 1.7902 	 5.1107 	 3.5466 	 0.7625 	 2.2170 	 -0.0030 	 -0.0008 	 -0.0019
3.8076 	 7.5877 	 1.7979 	 5.1329 	 3.5465 	 0.7624 	 2.2170 	 -0.0030 	 -0.0008 	 -0.0018
3.8176 	 7.6232 	 1.8055 	 5.1551 	 3.5465 	 0.7624 	 2.2169 	 -0.0030 	 -0.0008 	 -0.0018
3.8277 	 7.6587 	 1.8132 	 5.1773 	 3.5465 	 0.7624 	 2.2169 	 -0.0029 	 -0.0008 	 -0.0018
3.8377 	 7.6943 	 1.8208 	 5.1995 	 3.5465 	 0.7624 	 2.2169 	 -0.0029 	 -0.0008 	 -0.0018
3.8477 	 7.7298 	 1.8284 	 5.2217 	 3.5464 	 0.7624 	 2.2169 	 -0.0029 	 -0.0008 	 -0.0018
3.8577 	 7.7654 	 1.8361 	 5.2439 	 3.5464 	 0.7624 	 2.2169 	 -0.0029 	 -0.0008 	 -0.0018
3.8677 	 7.8009 	 1.8437 	 5.2662 	 3.5464 	 0.7624 	 2.2169 	 -0.0028 	 -0.0008 	 -0.0017
3.8778 	 7.8364 	 1.8514 	 5.2884 	 3.5463 	 0.7624 	 2.2168 	 -0.0028 	 -0.0008 	 -0.0017
3.8878 	 7.8720 	 1.8590 	 5.3106 	 3.5463 	 0.7624 	 2.2168 	 -0.0028 	 -0.0007 	 -0.0017
3.8978 	 7.9075 	 1.8666 	 5.3328 	 3.5463 	 0.7624 	 2.2168 	 -0.0028 	 -0.0007 	 -0.0017
3.9078 	 7.9430 	 1.8743 	 5.3550 	 3.5463 	 0.7624 	 2.2168 	 -0.0027 	 -0.0007 	 -0.0017
3.9178 	 7.9786 	 1.8819 	 5.3772 	 3.5462 	 0.7624 	 2.2168 	 -0.0027 	 -0.0007 	 -0.0017
3.9279 	 8.0141 	 1.8896 	 5.3994 	 3.5462 	 0.7624 	 2.2168 	 -0.0027 	 -0.0007 	 -0.0017
3.9379 	 8.0496 	 1.8972 	 5.4216 	 3.5462 	 0.7623 	 2.2167 	 -0.0027 	 -0.0007 	 -0.0016
3.9479 	 8.0852 	 1.9048 	 5.4439 	 3.5461 	 0.7623 	 2.2167 	 -0.0027 	 -0.0007 	 -0.0016
3.9579 	 8.1207 	 1.9125 	 5.4661 	 3.5461 	 0.7623 	 2.2167 	 -0.0026 	 -0.0007 	 -0.0016
3.9679 	 8.1562 	 1.9201 	 5.4883 	 3.5461 	 0.7623 	 2.2167 	 -0.0026 	 -0.0007 	 -0.0016
3.9780 	 8.1918 	 1.9277 	 5.5105 	 3.5461 	 0.7623 	 2.2167 	 -0.0026 	 -0.0007 	 -0.0016
3.9880 	 8.2273 	 1.9354 	 5.5327 	 3.5460 	 0.7623 	 2.2167 	 -0.0026 	 -0.0007 	 -0.0016
3.9980 	 8.2628 	 1.9430 	 5.5549 	 3.5460 	 0.7623 	 2.2166 	 -0.0025 	 -0.0007 	 -0.0016
4.0080 	 8.2984 	 1.9507 	 5.5771 	 3.5460 	 0.7623 	 2.2166 	 -0.0025 	 -0.0007 	 -0.0016
4.0180 	 8.3339 	 1.9583 	 5.5993 	 3.5460 	 0.7623 	 2.2166 	 -0.0025 	 -0.0007 	 -0.0015
4.0281 	 8.3694 	 1.9659 	 5.6215 	 3.5459 	 0.7623 	 2.2166 	 -0.0025 	 -0.0007 	 -0.0015
4.0381 	 8.4049 	 1.9736 	 5.6438 	 3.5459 	 0.7623 	 2.2166 	 -0.0025 	 -0.0007 	 -0.0015
4.0481 	 8.4405 	 1.9812 	 5.6660 	 3.5459 	 0.7623 	 2.2166 	 -0.0024 	 -0.0006 	 -0.0015
4.0581 	 8.4760 	 1.9889 	 5.6882 	 3.5459 	 0.7623 	 2.2165 	 -0.0024 	 -0.0006 	 -0.0015
4.0681 	 8.5115 	 1.9965 	 5.7104 	 3.5458 	 0.7623 	 2.2165 	 -0.0024 	 -0.0006 	 -0.0015
4.0782 	 8.5471 	 2.0041 	 5.7326 	 3.5458 	 0.7623 	 2.2165 	 -0.0024 	 -0.0006 	 -0.0015
4.0882 	 8.5826 	 2.0118 	 5.7548 	 3.5458 	 0.7622 	 2.2165 	 -0.0024 	 -0.0006 	 -0.0015
4.0982 	 8.6181 	 2.0194 	 5.7770 	 3.5458 	 0.7622 	 2.2165 	 -0.0024 	 -0.0006 	 -0.0014
4.1082 	 8.6536 	 2.0270 	 5.7992 	 3.5457 	 0.7622 	 2.2165 	 -0.0023 	 -0.0006 	 -0.0014
4.1182 	 8.6892 	 2.0347 	 5.8214 	 3.5457 	 0.7622 	 2.2165 	 -0.0023 	 -0.0006 	 -0.0014
4.1283 	 8.7247 	 2.0423 	 5.8436 	 3.5457 	 0.7622 	 2.2164 	 -0.0023 	 -0.0006 	 -0.0014
4.1383 	 8.7602 	 2.0500 	 5.8658 	 3.5457 	 0.7622 	 2.2164 	 -0.0023 	 -0.0006 	 -0.0014
4.1483 	 8.7958 	 2.0576 	 5.8881 	 3.5457 	 0.7622 	 2.2164 	 -0.0023 	 -0.0006 	 -0.0014
4.1583 	 8.8313 	 2.0652 	 5.9103 	 3.5456 	 0.7622 	 2.2164 	 -0.0022 	 -0.0006 	 -0.0014
4.1683 	 8.8668 	 2.0729 	 5.9325 	 3.5456 	 0.7622 	 2.2164 	 -0.0022 	 -0.0006 	 -0.0014
4.1784 	 8.9023 	 2.0805 	 5.9547 	 3.5456 	 0.7622 	 2.2164 	 -0.0022 	 -0.0006 	 -0.0014
4.1884 	 8.9379 	 2.0881 	 5.9769 	 3.5456 	 0.7622 	 2.2164 	 -0.0022 	 -0.0006 	 -0.0013
4.1984 	 8.9734 	 2.0958 	 5.9991 	 3.5455 	 0.7622 	 2.2163 	 -0.0022 	 -0.0006 	 -0.0013
4.2084 	 9.0089 	 2.1034 	 6.0213 	 3.5455 	 0.7622 	 2.2163 	 -0.0022 	 -0.0006 	 -0.0013
4.2184 	 9.0444 	 2.1110 	 6.0435 	 3.5455 	 0.7622 	 2.2163 	 -0.0021 	 -0.0006 	 -0.0013
4.2285 	 9.0800 	 2.1187 	 6.0657 	 3.5455 	 0.7622 	 2.2163 	 -0.0021 	 -0.0006 	 -0.0013
4.2385 	 9.1155 	 2.1263 	 6.0879 	 3.5455 	 0.7622 	 2.2163 	 -0.0021 	 -0.0006 	 -0.0013
4.2485 	 9.1510 	 2.1340 	 6.1101 	 3.5454 	 0.7621 	 2.2163 	 -0.0021 	 -0.0006 	 -0.0013
4.2585 	 9.1866 	 2.1416 	 6.1323 	 3.5454 	 0.7621 	 2.2163 	 -0.0021 	 -0.0005 	 -0.0013
4.2685 	 9.2221 	 2.1492 	 6.1545 	 3.5454 	 0.7621 	 2.2163 	 -0.0021 	 -0.0005 	 -0.0013
4.2786 	 9.2576 	 2.1569 	 6.1768 	 3.5454 	 0.7621 	 2.2162 	 -0.0021 	 -0.0005 	 -0.0013
4.2886 	 9.2931 	 2.1645 	 6.1990 	 3.5454 	 0.7621 	 2.2162 	 -0.0020 	 -0.0005 	 -0.0012
4.2986 	 9.3286 	 2.1721 	 6.2212 	 3.5453 	 0.7621 	 2.2162 	 -0.0020 	 -0.0005 	 -0.0012
4.3086 	 9.3642 	 2.1798 	 6.2434 	 3.5453 	 0.7621 	 2.2162 	 -0.0020 	 -0.0005 	 -0.0012
4.3186 	 9.3997 	 2.1874 	 6.2656 	 3.5453 	 0.7621 	 2.2162 	 -0.0020 	 -0.0005 	 -0.0012
4.3287 	 9.4352 	 2.1951 	 6.2878 	 3.5453 	 0.7621 	 2.2162 	 -0.0020 	 -0.0005 	 -0.0012
4.3387 	 9.4707 	 2.2027 	 6.3100 	 3.5453 	 0.7621 	 2.2162 	 -0.0020 	 -0.0005 	 -0.0012
4.3487 	 9.5063 	 2.2103 	 6.3322 	 3.5452 	 0.7621 	 2.2162 	 -0.0020 	 -0.0005 	 -0.0012
4.3587 	 9.5418 	 2.2180 	 6.3544 	 3.5452 	 0.7621 	 2.2161 	 -0.0019 	 -0.0005 	 -0.0012
4.3687 	 9.5773 	 2.2256 	 6.3766 	 3.5452 	 0.7621 	 2.2161 	 -0.0019 	 -0.0005 	 -0.0012
4.3788 	 9.6128 	 2.2332 	 6.3988 	 3.5452 	 0.7621 	 2.2161 	 -0.0019 	 -0.0005 	 -0.0012
4.3888 	 9.6484 	 2.2409 	 6.4210 	 3.5452 	 0.7621 	 2.2161 	 -0.0019 	 -0.0005 	 -0.0012
4.3988 	 9.6839 	 2.2485 	 6.4432 	 3.5451 	 0.7621 	 2.2161 	 -0.0019 	 -0.0005 	 -0.0012
4.4088 	 9.7194 	 2.2561 	 6.4654 	 3.5451 	 0.7621 	 2.2161 	 -0.0019 	 -0.0005 	 -0.0011
4.4188 	 9.7549 	 2.2638 	 6.4876 	 3.5451 	 0.7621 	 2.2161 	 -0.0019 	 -0.0005 	 -0.0011
4.4289 	 9.7905 	 2.2714 	 6.5098 	 3.5451 	 0.7621 	 2.2161 	 -0.0018 	 -0.0005 	 -0.0011
4.4389 	 9.8260 	 2.2790 	 6.5321 	 3.5451 	 0.7621 	 2.2161 	 -0.0018 	 -0.0005 	 -0.0011
4.4489 	 9.8615 	 2.2867 	 6.5543 	 3.5450 	 0.7620 	 2.2160 	 -0.0018 	 -0.0005 	 -0.0011
4.4589 	 9.8970 	 2.2943 	 6.5765 	 3.5450 	 0.7620 	 2.2160 	 -0.0018 	 -0.0005 	 -0.0011
4.4689 	 9.9325 	 2.3020 	 6.5987 	 3.5450 	 0.7620 	 2.2160 	 -0.0018 	 -0.0005 	 -0.0011
4.4790 	 9.9681 	 2.3096 	 6.6209 	 3.5450 	 0.7620 	 2.2160 	 -0.0018 	 -0.0005 	 -0.0011
4.4890 	 10.0036 	 2.3172 	 6.6431 	 3.5450 	 0.7620 	 2.2160 	 -0.0018 	 -0.0005 	 -0.0011
4.4990 	 10.0391 	 2.3249 	 6.6653 	 3.5450 	 0.7620 	 2.2160 	 -0.0018 	 -0.0005 	 -0.0011
4.5090 	 10.0746 	 2.3325 	 6.6875 	 3.5449 	 0.7620 	 2.2160 	 -0.0017 	 -0.0005 	 -0.0011
4.5190 	 10.1101 	 2.3401 	 6.7097 	 3.5449 	 0.7620 	 2.2160 	 -0.0017 	 -0.0005 	 -0.0011
4.5291 	 10.1457 	 2.3478 	 6.7319 	 3.5449 	 0.7620 	 2.2160 	 -0.0017 	 -0.0004 	 -0.0011
4.5391 	 10.1812 	 2.3554 	 6.7541 	 3.5449 	 0.7620 	 2.2159 	 -0.0017 	 -0.0004 	 -0.0010
4.5491 	 10.2167 	 2.3630 	 6.7763 	 3.5449 	 0.7620 	 2.2159 	 -0.0017 	 -0.0004 	 -0.0010
4.5591 	 10.2522 	 2.3707 	 6.7985 	 3.5449 	 0.7620 	 2.2159 	 -0.0017 	 -0.0004 	 -0.0010
4.5691 	 10.2877 	 2.3783 	 6.8207 	 3.5448 	 0.7620 	 2.2159 	 -0.0017 	 -0.0004 	 -0.0010
4.5792 	 10.3233 	 2.3859 	 6.8429 	 3.5448 	 0.7620 	 2.2159 	 -0.0017 	 -0.0004 	 -0.0010
4.5892 	 10.3588 	 2.3936 	 6.8651 	 3.5448 	 0.7620 	 2.2159 	 -0.0017 	 -0.0004 	 -0.0010
4.5992 	 10.3943 	 2.4012 	 6.8873 	 3.5448 	 0.7620 	 2.2159 	 -0.0016 	 -0.0004 	 -0.0010
4.6092 	 10.4298 	 2.4089 	 6.9095 	 3.5448 	 0.7620 	 2.2159 	 -0.0016 	 -0.0004 	 -0.0010
4.6192 	 10.4653 	 2.4165 	 6.9317 	 3.5448 	 0.7620 	 2.2159 	 -0.0016 	 -0.0004 	 -0.0010
4.6293 	 10.5009 	 2.4241 	 6.9539 	 3.5447 	 0.7620 	 2.2159 	 -0.0016 	 -0.0004 	 -0.0010
4.6393 	 10.5364 	 2.4318 	 6.9761 	 3.5447 	 0.7620 	 2.2158 	 -0.0016 	 -0.0004 	 -0.0010
4.6493 	 10.5719 	 2.4394 	 6.9983 	 3.5447 	 0.7620 	 2.2158 	 -0.0016 	 -0.0004 	 -0.0010
4.6593 	 10.6074 	 2.4470 	 7.0205 	 3.5447 	 0.7620 	 2.2158 	 -0.0016 	 -0.0004 	 -0.0010
4.6693 	 10.6429 	 2.4547 	 7.0427 	 3.5447 	 0.7619 	 2.2158 	 -0.0016 	 -0.0004 	 -0.0010
4.6794 	 10.6784 	 2.4623 	 7.0649 	 3.5447 	 0.7619 	 2.2158 	 -0.0016 	 -0.0004 	 -0.0010
4.6894 	 10.7140 	 2.4699 	 7.0871 	 3.5446 	 0.7619 	 2.2158 	 -0.0016 	 -0.0004 	 -0.0009
4.6994 	 10.7495 	 2.4776 	 7.1093 	 3.5446 	 0.7619 	 2.2158 	 -0.0015 	 -0.0004 	 -0.0009
4.7094 	 10.7850 	 2.4852 	 7.1315 	 3.5446 	 0.7619 	 2.2158 	 -0.0015 	 -0.0004 	 -0.0009
4.7194 	 10.8205 	 2.4928 	 7.1537 	 3.5446 	 0.7619 	 2.2158 	 -0.0015 	 -0.0004 	 -0.0009
4.7295 	 10.8560 	 2.5005 	 7.1759 	 3.5446 	 0.7619 	 2.2158 	 -0.0015 	 -0.0004 	 -0.0009
4.7395 	 10.8915 	 2.5081 	 7.1982 	 3.5446 	 0.7619 	 2.2157 	 -0.0015 	 -0.0004 	 -0.0009
4.7495 	 10.9271 	 2.5157 	 7.2204 	 3.5445 	 0.7619 	 2.2157 	 -0.0015 	 -0.0004 	 -0.0009
4.7595 	 10.9626 	 2.5234 	 7.2426 	 3.5445 	 0.7619 	 2.2157 	 -0.0015 	 -0.0004 	 -0.0009
4.7695 	 10.9981 	 2.5310 	 7.2648 	 3.5445 	 0.7619 	 2.2157 	 -0.0015 	 -0.0004 	 -0.0009
4.7796 	 11.0336 	 2.5386 	 7.2870 	 3.5445 	 0.7619 	 2.2157 	 -0.0015 	 -0.0004 	 -0.0009
4.7896 	 11.0691 	 2.5463 	 7.3092 	 3.5445 	 0.7619 	 2.2157 	 -0.0015 	 -0.0004 	 -0.0009
4.7996 	 11.1046 	 2.5539 	 7.3314 	 3.5445 	 0.7619 	 2.2157 	 -0.0015 	 -0.0004 	 -0.0009
4.8096 	 11.1402 	 2.5615 	 7.3536 	 3.5445 	 0.7619 	 2.2157 	 -0.0014 	 -0.0004 	 -0.0009
4.8196 	 11.1757 	 2.5692 	 7.3758 	 3.5444 	 0.7619 	 2.2157 	 -0.0014 	 -0.0004 	 -0.0009
4.8297 	 11.2112 	 2.5768 	 7.3980 	 3.5444 	 0.7619 	 2.2157 	 -0.0014 	 -0.0004 	 -0.0009
4.8397 	 11.2467 	 2.5844 	 7.4202 	 3.5444 	 0.7619 	 2.2157 	 -0.0014 	 -0.0004 	 -0.0009
4.8497 	 11.2822 	 2.5921 	 7.4424 	 3.5444 	 0.7619 	 2.2157 	 -0.0014 	 -0.0004 	 -0.0009
4.8597 	 11.3177 	 2.5997 	 7.4646 	 3.5444 	 0.7619 	 2.2156 	 -0.0014 	 -0.0004 	 -0.0009
4.8697 	 11.3532 	 2.6073 	 7.4868 	 3.5444 	 0.7619 	 2.2156 	 -0.0014 	 -0.0004 	 -0.0008
4.8798 	 11.3888 	 2.6150 	 7.5090 	 3.5444 	 0.7619 	 2.2156 	 -0.0014 	 -0.0004 	 -0.0008
4.8898 	 11.4243 	 2.6226 	 7.5312 	 3.5443 	 0.7619 	 2.2156 	 -0.0014 	 -0.0004 	 -0.0008
4.8998 	 11.4598 	 2.6302 	 7.5534 	 3.5443 	 0.7619 	 2.2156 	 -0.0014 	 -0.0004 	 -0.0008
4.9098 	 11.4953 	 2.6379 	 7.5756 	 3.5443 	 0.7619 	 2.2156 	 -0.0014 	 -0.0004 	 -0.0008
4.9198 	 11.5308 	 2.6455 	 7.5978 	 3.5443 	 0.7619 	 2.2156 	 -0.0014 	 -0.0003 	 -0.0008
4.9299 	 11.5663 	 2.6532 	 7.6200 	 3.5443 	 0.7619 	 2.2156 	 -0.0013 	 -0.0003 	 -0.0008
4.9399 	 11.6018 	 2.6608 	 7.6422 	 3.5443 	 0.7618 	 2.2156 	 -0.0013 	 -0.0003 	 -0.0008
4.9499 	 11.6374 	 2.6684 	 7.6644 	 3.5443 	 0.7618 	 2.2156 	 -0.0013 	 -0.0003 	 -0.0008
4.9599 	 11.6729 	 2.6761 	 7.6866 	 3.5443 	 0.7618 	 2.2156 	 -0.0013 	 -0.0003 	 -0.0008
4.9699 	 11.7084 	 2.6837 	 7.7088 	 3.5442 	 0.7618 	 2.2156 	 -0.0013 	 -0.0003 	 -0.0008
4.9800 	 11.7439 	 2.6913 	 7.7310 	 3.5442 	 0.7618 	 2.2155 	 -0.0013 	 -0.0003 	 -0.0008
4.9900 	 11.7794 	 2.6990 	 7.7532 	 3.5442 	 0.7618 	 2.2155 	 -0.0013 	 -0.0003 	 -0.0008
