100-Body Run with i = 22 th particle. (Units in pc,M_solar,Myr, km s-1) 

time		 x 		 y 		 z 		 xdot 		 ydot 		 zdot 		 xddot 		 yddot 		 zddot
0.0000 	 -1.0271 	 1.1340 	 -0.2570 	 -0.0041 	 -0.0179 	 -0.0086 	 0.0840 	 -0.0971 	 0.0114
0.0100 	 -1.0271 	 1.1338 	 -0.2571 	 -0.0033 	 -0.0188 	 -0.0085 	 0.0840 	 -0.0971 	 0.0114
0.0200 	 -1.0272 	 1.1336 	 -0.2572 	 -0.0024 	 -0.0198 	 -0.0084 	 0.0840 	 -0.0971 	 0.0114
0.0301 	 -1.0272 	 1.1334 	 -0.2573 	 -0.0016 	 -0.0208 	 -0.0082 	 0.0840 	 -0.0971 	 0.0115
0.0401 	 -1.0272 	 1.1332 	 -0.2574 	 -0.0008 	 -0.0218 	 -0.0081 	 0.0833 	 -0.0971 	 0.0112
0.0501 	 -1.0272 	 1.1330 	 -0.2574 	 0.0001 	 -0.0227 	 -0.0080 	 0.0814 	 -0.0956 	 0.0111
0.0601 	 -1.0272 	 1.1327 	 -0.2575 	 0.0009 	 -0.0237 	 -0.0079 	 0.0811 	 -0.0946 	 0.0115
0.0701 	 -1.0272 	 1.1325 	 -0.2576 	 0.0017 	 -0.0246 	 -0.0078 	 0.0811 	 -0.0943 	 0.0117
0.0802 	 -1.0272 	 1.1322 	 -0.2577 	 0.0025 	 -0.0256 	 -0.0077 	 0.0809 	 -0.0941 	 0.0118
0.0902 	 -1.0271 	 1.1320 	 -0.2578 	 0.0033 	 -0.0265 	 -0.0076 	 0.0808 	 -0.0940 	 0.0119
0.1002 	 -1.0271 	 1.1317 	 -0.2578 	 0.0041 	 -0.0274 	 -0.0074 	 0.0807 	 -0.0938 	 0.0119
0.1102 	 -1.0270 	 1.1314 	 -0.2579 	 0.0049 	 -0.0284 	 -0.0073 	 0.0805 	 -0.0937 	 0.0119
0.1202 	 -1.0270 	 1.1311 	 -0.2580 	 0.0057 	 -0.0293 	 -0.0072 	 0.0804 	 -0.0935 	 0.0119
0.1303 	 -1.0269 	 1.1308 	 -0.2581 	 0.0065 	 -0.0303 	 -0.0071 	 0.0802 	 -0.0933 	 0.0119
0.1403 	 -1.0269 	 1.1305 	 -0.2581 	 0.0074 	 -0.0312 	 -0.0070 	 0.0801 	 -0.0931 	 0.0118
0.1503 	 -1.0268 	 1.1302 	 -0.2582 	 0.0082 	 -0.0321 	 -0.0068 	 0.0799 	 -0.0929 	 0.0117
0.1603 	 -1.0267 	 1.1299 	 -0.2583 	 0.0090 	 -0.0331 	 -0.0067 	 0.0798 	 -0.0926 	 0.0115
0.1703 	 -1.0266 	 1.1295 	 -0.2583 	 0.0098 	 -0.0340 	 -0.0066 	 0.0794 	 -0.0915 	 0.0111
0.1804 	 -1.0265 	 1.1292 	 -0.2584 	 0.0105 	 -0.0349 	 -0.0065 	 0.0788 	 -0.0905 	 0.0106
0.1904 	 -1.0264 	 1.1288 	 -0.2585 	 0.0113 	 -0.0358 	 -0.0064 	 0.0781 	 -0.0899 	 0.0103
0.2004 	 -1.0263 	 1.1285 	 -0.2585 	 0.0121 	 -0.0367 	 -0.0063 	 0.0776 	 -0.0896 	 0.0100
0.2104 	 -1.0262 	 1.1281 	 -0.2586 	 0.0129 	 -0.0376 	 -0.0062 	 0.0773 	 -0.0893 	 0.0098
0.2204 	 -1.0260 	 1.1277 	 -0.2586 	 0.0137 	 -0.0385 	 -0.0061 	 0.0771 	 -0.0891 	 0.0097
0.2305 	 -1.0259 	 1.1273 	 -0.2587 	 0.0144 	 -0.0394 	 -0.0060 	 0.0769 	 -0.0890 	 0.0095
0.2405 	 -1.0257 	 1.1269 	 -0.2588 	 0.0152 	 -0.0403 	 -0.0059 	 0.0768 	 -0.0888 	 0.0093
0.2505 	 -1.0256 	 1.1265 	 -0.2588 	 0.0160 	 -0.0412 	 -0.0058 	 0.0767 	 -0.0887 	 0.0091
0.2605 	 -1.0254 	 1.1261 	 -0.2589 	 0.0167 	 -0.0420 	 -0.0057 	 0.0766 	 -0.0885 	 0.0090
0.2705 	 -1.0252 	 1.1257 	 -0.2589 	 0.0175 	 -0.0429 	 -0.0056 	 0.0765 	 -0.0884 	 0.0088
0.2806 	 -1.0251 	 1.1253 	 -0.2590 	 0.0183 	 -0.0438 	 -0.0055 	 0.0765 	 -0.0883 	 0.0086
0.2906 	 -1.0249 	 1.1248 	 -0.2590 	 0.0190 	 -0.0447 	 -0.0055 	 0.0764 	 -0.0882 	 0.0085
0.3006 	 -1.0247 	 1.1244 	 -0.2591 	 0.0198 	 -0.0456 	 -0.0054 	 0.0764 	 -0.0880 	 0.0083
0.3106 	 -1.0245 	 1.1239 	 -0.2592 	 0.0206 	 -0.0465 	 -0.0053 	 0.0764 	 -0.0879 	 0.0081
0.3206 	 -1.0243 	 1.1234 	 -0.2592 	 0.0213 	 -0.0473 	 -0.0052 	 0.0764 	 -0.0878 	 0.0080
0.3307 	 -1.0240 	 1.1230 	 -0.2593 	 0.0221 	 -0.0482 	 -0.0051 	 0.0763 	 -0.0877 	 0.0078
0.3407 	 -1.0238 	 1.1225 	 -0.2593 	 0.0229 	 -0.0491 	 -0.0051 	 0.0763 	 -0.0876 	 0.0076
0.3507 	 -1.0236 	 1.1220 	 -0.2594 	 0.0236 	 -0.0500 	 -0.0050 	 0.0763 	 -0.0875 	 0.0075
0.3607 	 -1.0233 	 1.1215 	 -0.2594 	 0.0244 	 -0.0509 	 -0.0049 	 0.0763 	 -0.0874 	 0.0073
0.3707 	 -1.0231 	 1.1210 	 -0.2595 	 0.0252 	 -0.0517 	 -0.0048 	 0.0763 	 -0.0873 	 0.0072
0.3808 	 -1.0228 	 1.1204 	 -0.2595 	 0.0259 	 -0.0526 	 -0.0048 	 0.0763 	 -0.0872 	 0.0070
0.3908 	 -1.0226 	 1.1199 	 -0.2596 	 0.0267 	 -0.0535 	 -0.0047 	 0.0763 	 -0.0872 	 0.0069
0.4008 	 -1.0223 	 1.1194 	 -0.2596 	 0.0275 	 -0.0544 	 -0.0046 	 0.0762 	 -0.0871 	 0.0067
0.4108 	 -1.0220 	 1.1188 	 -0.2596 	 0.0282 	 -0.0552 	 -0.0046 	 0.0762 	 -0.0870 	 0.0066
0.4208 	 -1.0217 	 1.1182 	 -0.2597 	 0.0290 	 -0.0561 	 -0.0045 	 0.0762 	 -0.0869 	 0.0065
0.4309 	 -1.0214 	 1.1177 	 -0.2597 	 0.0297 	 -0.0570 	 -0.0044 	 0.0762 	 -0.0868 	 0.0064
0.4409 	 -1.0211 	 1.1171 	 -0.2598 	 0.0305 	 -0.0578 	 -0.0044 	 0.0761 	 -0.0867 	 0.0063
0.4509 	 -1.0208 	 1.1165 	 -0.2598 	 0.0313 	 -0.0587 	 -0.0043 	 0.0761 	 -0.0867 	 0.0062
0.4609 	 -1.0205 	 1.1159 	 -0.2599 	 0.0320 	 -0.0596 	 -0.0042 	 0.0760 	 -0.0866 	 0.0061
0.4709 	 -1.0202 	 1.1153 	 -0.2599 	 0.0328 	 -0.0604 	 -0.0042 	 0.0760 	 -0.0866 	 0.0061
0.4810 	 -1.0199 	 1.1147 	 -0.2600 	 0.0336 	 -0.0613 	 -0.0041 	 0.0759 	 -0.0865 	 0.0060
0.4910 	 -1.0195 	 1.1141 	 -0.2600 	 0.0343 	 -0.0622 	 -0.0041 	 0.0759 	 -0.0865 	 0.0060
0.5010 	 -1.0192 	 1.1135 	 -0.2600 	 0.0351 	 -0.0630 	 -0.0040 	 0.0758 	 -0.0864 	 0.0060
0.5110 	 -1.0188 	 1.1128 	 -0.2601 	 0.0358 	 -0.0639 	 -0.0039 	 0.0739 	 -0.0846 	 0.0052
0.5210 	 -1.0185 	 1.1122 	 -0.2601 	 0.0366 	 -0.0647 	 -0.0039 	 0.0735 	 -0.0844 	 0.0050
0.5311 	 -1.0181 	 1.1115 	 -0.2602 	 0.0373 	 -0.0656 	 -0.0038 	 0.0734 	 -0.0844 	 0.0051
0.5411 	 -1.0177 	 1.1109 	 -0.2602 	 0.0380 	 -0.0664 	 -0.0038 	 0.0733 	 -0.0844 	 0.0051
0.5511 	 -1.0173 	 1.1102 	 -0.2602 	 0.0388 	 -0.0673 	 -0.0037 	 0.0733 	 -0.0844 	 0.0051
0.5611 	 -1.0169 	 1.1095 	 -0.2603 	 0.0395 	 -0.0681 	 -0.0037 	 0.0732 	 -0.0845 	 0.0052
0.5711 	 -1.0165 	 1.1088 	 -0.2603 	 0.0402 	 -0.0690 	 -0.0036 	 0.0731 	 -0.0846 	 0.0053
0.5812 	 -1.0161 	 1.1081 	 -0.2603 	 0.0410 	 -0.0698 	 -0.0036 	 0.0730 	 -0.0846 	 0.0054
0.5912 	 -1.0157 	 1.1074 	 -0.2604 	 0.0417 	 -0.0707 	 -0.0035 	 0.0729 	 -0.0847 	 0.0055
0.6012 	 -1.0153 	 1.1067 	 -0.2604 	 0.0424 	 -0.0715 	 -0.0035 	 0.0728 	 -0.0848 	 0.0056
0.6112 	 -1.0149 	 1.1060 	 -0.2604 	 0.0432 	 -0.0724 	 -0.0034 	 0.0728 	 -0.0849 	 0.0057
0.6212 	 -1.0144 	 1.1053 	 -0.2605 	 0.0439 	 -0.0732 	 -0.0034 	 0.0727 	 -0.0851 	 0.0058
0.6313 	 -1.0140 	 1.1045 	 -0.2605 	 0.0446 	 -0.0741 	 -0.0033 	 0.0726 	 -0.0852 	 0.0059
0.6413 	 -1.0135 	 1.1038 	 -0.2605 	 0.0453 	 -0.0749 	 -0.0032 	 0.0725 	 -0.0853 	 0.0061
0.6513 	 -1.0131 	 1.1030 	 -0.2606 	 0.0461 	 -0.0758 	 -0.0032 	 0.0725 	 -0.0854 	 0.0062
0.6613 	 -1.0126 	 1.1023 	 -0.2606 	 0.0468 	 -0.0766 	 -0.0031 	 0.0724 	 -0.0856 	 0.0064
0.6713 	 -1.0121 	 1.1015 	 -0.2606 	 0.0475 	 -0.0775 	 -0.0031 	 0.0723 	 -0.0857 	 0.0065
0.6814 	 -1.0117 	 1.1007 	 -0.2607 	 0.0482 	 -0.0784 	 -0.0030 	 0.0727 	 -0.0863 	 0.0077
0.6914 	 -1.0112 	 1.0999 	 -0.2607 	 0.0489 	 -0.0792 	 -0.0028 	 0.0637 	 -0.0842 	 0.0188
0.7014 	 -1.0107 	 1.0991 	 -0.2607 	 0.0496 	 -0.0801 	 -0.0027 	 0.0672 	 -0.0827 	 0.0058
0.7114 	 -1.0102 	 1.0983 	 -0.2608 	 0.0503 	 -0.0809 	 -0.0027 	 0.0689 	 -0.0836 	 0.0053
0.7214 	 -1.0097 	 1.0975 	 -0.2608 	 0.0510 	 -0.0817 	 -0.0026 	 0.0693 	 -0.0838 	 0.0054
0.7315 	 -1.0092 	 1.0967 	 -0.2608 	 0.0517 	 -0.0826 	 -0.0026 	 0.0694 	 -0.0839 	 0.0056
0.7415 	 -1.0086 	 1.0959 	 -0.2608 	 0.0524 	 -0.0834 	 -0.0025 	 0.0694 	 -0.0840 	 0.0057
0.7515 	 -1.0081 	 1.0950 	 -0.2609 	 0.0531 	 -0.0843 	 -0.0025 	 0.0694 	 -0.0840 	 0.0059
0.7615 	 -1.0076 	 1.0942 	 -0.2609 	 0.0538 	 -0.0851 	 -0.0024 	 0.0693 	 -0.0839 	 0.0061
0.7715 	 -1.0070 	 1.0933 	 -0.2609 	 0.0544 	 -0.0859 	 -0.0023 	 0.0693 	 -0.0838 	 0.0062
0.7816 	 -1.0065 	 1.0925 	 -0.2609 	 0.0551 	 -0.0868 	 -0.0023 	 0.0693 	 -0.0837 	 0.0064
0.7916 	 -1.0059 	 1.0916 	 -0.2609 	 0.0558 	 -0.0876 	 -0.0022 	 0.0692 	 -0.0836 	 0.0065
0.8016 	 -1.0054 	 1.0907 	 -0.2610 	 0.0565 	 -0.0884 	 -0.0021 	 0.0692 	 -0.0834 	 0.0067
0.8116 	 -1.0048 	 1.0898 	 -0.2610 	 0.0572 	 -0.0893 	 -0.0021 	 0.0691 	 -0.0833 	 0.0068
0.8216 	 -1.0042 	 1.0889 	 -0.2610 	 0.0579 	 -0.0901 	 -0.0020 	 0.0690 	 -0.0831 	 0.0069
0.8317 	 -1.0036 	 1.0880 	 -0.2610 	 0.0586 	 -0.0909 	 -0.0019 	 0.0689 	 -0.0829 	 0.0070
0.8417 	 -1.0030 	 1.0871 	 -0.2611 	 0.0593 	 -0.0918 	 -0.0019 	 0.0688 	 -0.0826 	 0.0071
0.8517 	 -1.0024 	 1.0862 	 -0.2611 	 0.0600 	 -0.0926 	 -0.0018 	 0.0687 	 -0.0824 	 0.0072
0.8617 	 -1.0018 	 1.0852 	 -0.2611 	 0.0607 	 -0.0934 	 -0.0017 	 0.0686 	 -0.0822 	 0.0073
0.8717 	 -1.0012 	 1.0843 	 -0.2611 	 0.0614 	 -0.0943 	 -0.0016 	 0.0685 	 -0.0820 	 0.0073
0.8818 	 -1.0006 	 1.0833 	 -0.2611 	 0.0620 	 -0.0951 	 -0.0016 	 0.0684 	 -0.0817 	 0.0074
0.8918 	 -1.0000 	 1.0824 	 -0.2611 	 0.0627 	 -0.0959 	 -0.0015 	 0.0682 	 -0.0815 	 0.0075
0.9018 	 -0.9994 	 1.0814 	 -0.2611 	 0.0634 	 -0.0967 	 -0.0014 	 0.0681 	 -0.0813 	 0.0075
0.9118 	 -0.9987 	 1.0804 	 -0.2612 	 0.0641 	 -0.0975 	 -0.0013 	 0.0679 	 -0.0811 	 0.0076
0.9218 	 -0.9981 	 1.0795 	 -0.2612 	 0.0648 	 -0.0983 	 -0.0013 	 0.0678 	 -0.0809 	 0.0076
0.9319 	 -0.9974 	 1.0785 	 -0.2612 	 0.0655 	 -0.0991 	 -0.0012 	 0.0676 	 -0.0808 	 0.0077
0.9419 	 -0.9968 	 1.0775 	 -0.2612 	 0.0661 	 -0.1000 	 -0.0011 	 0.0675 	 -0.0807 	 0.0077
0.9519 	 -0.9961 	 1.0765 	 -0.2612 	 0.0668 	 -0.1008 	 -0.0010 	 0.0673 	 -0.0805 	 0.0077
0.9619 	 -0.9954 	 1.0755 	 -0.2612 	 0.0675 	 -0.1016 	 -0.0010 	 0.0672 	 -0.0804 	 0.0077
0.9719 	 -0.9947 	 1.0744 	 -0.2612 	 0.0681 	 -0.1024 	 -0.0009 	 0.0671 	 -0.0804 	 0.0078
0.9820 	 -0.9940 	 1.0734 	 -0.2612 	 0.0688 	 -0.1032 	 -0.0008 	 0.0670 	 -0.0803 	 0.0078
0.9920 	 -0.9934 	 1.0724 	 -0.2612 	 0.0695 	 -0.1040 	 -0.0007 	 0.0669 	 -0.0802 	 0.0078
1.0020 	 -0.9927 	 1.0713 	 -0.2613 	 0.0702 	 -0.1048 	 -0.0006 	 0.0668 	 -0.0802 	 0.0078
1.0120 	 -0.9920 	 1.0703 	 -0.2613 	 0.0708 	 -0.1056 	 -0.0006 	 0.0667 	 -0.0802 	 0.0078
1.0220 	 -0.9912 	 1.0692 	 -0.2613 	 0.0715 	 -0.1064 	 -0.0005 	 0.0666 	 -0.0802 	 0.0078
1.0321 	 -0.9905 	 1.0681 	 -0.2613 	 0.0722 	 -0.1072 	 -0.0004 	 0.0665 	 -0.0803 	 0.0079
1.0421 	 -0.9898 	 1.0671 	 -0.2613 	 0.0728 	 -0.1080 	 -0.0003 	 0.0665 	 -0.0805 	 0.0079
1.0521 	 -0.9891 	 1.0660 	 -0.2613 	 0.0735 	 -0.1088 	 -0.0003 	 0.0665 	 -0.0809 	 0.0080
1.0621 	 -0.9883 	 1.0649 	 -0.2613 	 0.0742 	 -0.1096 	 -0.0002 	 0.0664 	 -0.0814 	 0.0080
1.0721 	 -0.9876 	 1.0638 	 -0.2613 	 0.0748 	 -0.1104 	 -0.0001 	 0.0662 	 -0.0820 	 0.0079
1.0822 	 -0.9868 	 1.0627 	 -0.2613 	 0.0755 	 -0.1113 	 -0.0000 	 0.0659 	 -0.0826 	 0.0076
1.0922 	 -0.9861 	 1.0615 	 -0.2613 	 0.0761 	 -0.1121 	 0.0001 	 0.0655 	 -0.0831 	 0.0070
1.1022 	 -0.9853 	 1.0604 	 -0.2613 	 0.0768 	 -0.1129 	 0.0001 	 0.0651 	 -0.0830 	 0.0064
1.1122 	 -0.9845 	 1.0593 	 -0.2613 	 0.0775 	 -0.1138 	 0.0002 	 0.0648 	 -0.0827 	 0.0059
1.1222 	 -0.9837 	 1.0581 	 -0.2613 	 0.0781 	 -0.1146 	 0.0002 	 0.0647 	 -0.0821 	 0.0056
1.1323 	 -0.9830 	 1.0570 	 -0.2613 	 0.0787 	 -0.1154 	 0.0003 	 0.0647 	 -0.0816 	 0.0055
1.1423 	 -0.9822 	 1.0558 	 -0.2613 	 0.0794 	 -0.1162 	 0.0004 	 0.0648 	 -0.0812 	 0.0055
1.1523 	 -0.9814 	 1.0547 	 -0.2613 	 0.0800 	 -0.1170 	 0.0004 	 0.0649 	 -0.0809 	 0.0056
1.1623 	 -0.9806 	 1.0535 	 -0.2613 	 0.0807 	 -0.1178 	 0.0005 	 0.0650 	 -0.0807 	 0.0057
1.1723 	 -0.9797 	 1.0523 	 -0.2613 	 0.0813 	 -0.1186 	 0.0005 	 0.0651 	 -0.0807 	 0.0058
1.1824 	 -0.9789 	 1.0511 	 -0.2613 	 0.0820 	 -0.1195 	 0.0006 	 0.0653 	 -0.0806 	 0.0060
1.1924 	 -0.9781 	 1.0499 	 -0.2612 	 0.0827 	 -0.1203 	 0.0006 	 0.0654 	 -0.0806 	 0.0060
1.2024 	 -0.9773 	 1.0487 	 -0.2612 	 0.0833 	 -0.1211 	 0.0007 	 0.0655 	 -0.0807 	 0.0061
1.2124 	 -0.9764 	 1.0475 	 -0.2612 	 0.0840 	 -0.1219 	 0.0008 	 0.0656 	 -0.0807 	 0.0062
1.2224 	 -0.9756 	 1.0462 	 -0.2612 	 0.0846 	 -0.1227 	 0.0008 	 0.0657 	 -0.0808 	 0.0063
1.2325 	 -0.9747 	 1.0450 	 -0.2612 	 0.0853 	 -0.1235 	 0.0009 	 0.0658 	 -0.0809 	 0.0064
1.2425 	 -0.9739 	 1.0438 	 -0.2612 	 0.0859 	 -0.1243 	 0.0010 	 0.0659 	 -0.0810 	 0.0064
1.2525 	 -0.9730 	 1.0425 	 -0.2612 	 0.0866 	 -0.1251 	 0.0010 	 0.0660 	 -0.0811 	 0.0065
1.2625 	 -0.9721 	 1.0413 	 -0.2612 	 0.0873 	 -0.1259 	 0.0011 	 0.0661 	 -0.0812 	 0.0066
1.2725 	 -0.9713 	 1.0400 	 -0.2612 	 0.0879 	 -0.1268 	 0.0012 	 0.0662 	 -0.0814 	 0.0066
1.2826 	 -0.9704 	 1.0387 	 -0.2612 	 0.0886 	 -0.1276 	 0.0012 	 0.0663 	 -0.0815 	 0.0067
1.2926 	 -0.9695 	 1.0374 	 -0.2611 	 0.0893 	 -0.1284 	 0.0013 	 0.0665 	 -0.0816 	 0.0068
1.3026 	 -0.9686 	 1.0362 	 -0.2611 	 0.0899 	 -0.1292 	 0.0014 	 0.0666 	 -0.0818 	 0.0068
1.3126 	 -0.9677 	 1.0349 	 -0.2611 	 0.0906 	 -0.1300 	 0.0014 	 0.0667 	 -0.0820 	 0.0069
1.3226 	 -0.9668 	 1.0335 	 -0.2611 	 0.0913 	 -0.1308 	 0.0015 	 0.0668 	 -0.0821 	 0.0070
1.3327 	 -0.9659 	 1.0322 	 -0.2611 	 0.0919 	 -0.1317 	 0.0016 	 0.0670 	 -0.0823 	 0.0071
1.3427 	 -0.9649 	 1.0309 	 -0.2611 	 0.0926 	 -0.1325 	 0.0016 	 0.0671 	 -0.0825 	 0.0072
1.3527 	 -0.9640 	 1.0296 	 -0.2611 	 0.0933 	 -0.1333 	 0.0017 	 0.0673 	 -0.0826 	 0.0072
1.3627 	 -0.9631 	 1.0282 	 -0.2610 	 0.0940 	 -0.1342 	 0.0018 	 0.0674 	 -0.0828 	 0.0073
1.3727 	 -0.9621 	 1.0269 	 -0.2610 	 0.0946 	 -0.1350 	 0.0019 	 0.0676 	 -0.0830 	 0.0074
1.3828 	 -0.9612 	 1.0255 	 -0.2610 	 0.0953 	 -0.1358 	 0.0019 	 0.0677 	 -0.0832 	 0.0075
1.3928 	 -0.9602 	 1.0242 	 -0.2610 	 0.0960 	 -0.1367 	 0.0020 	 0.0679 	 -0.0834 	 0.0076
1.4028 	 -0.9592 	 1.0228 	 -0.2610 	 0.0967 	 -0.1375 	 0.0021 	 0.0681 	 -0.0836 	 0.0077
1.4128 	 -0.9583 	 1.0214 	 -0.2609 	 0.0974 	 -0.1383 	 0.0022 	 0.0682 	 -0.0839 	 0.0078
1.4228 	 -0.9573 	 1.0200 	 -0.2609 	 0.0980 	 -0.1392 	 0.0022 	 0.0684 	 -0.0841 	 0.0079
1.4329 	 -0.9563 	 1.0186 	 -0.2609 	 0.0987 	 -0.1400 	 0.0023 	 0.0686 	 -0.0843 	 0.0080
1.4429 	 -0.9553 	 1.0172 	 -0.2609 	 0.0994 	 -0.1409 	 0.0024 	 0.0688 	 -0.0846 	 0.0081
1.4529 	 -0.9543 	 1.0158 	 -0.2608 	 0.1001 	 -0.1417 	 0.0025 	 0.0690 	 -0.0848 	 0.0082
1.4629 	 -0.9533 	 1.0144 	 -0.2608 	 0.1008 	 -0.1426 	 0.0026 	 0.0692 	 -0.0851 	 0.0083
1.4729 	 -0.9523 	 1.0129 	 -0.2608 	 0.1015 	 -0.1434 	 0.0026 	 0.0694 	 -0.0853 	 0.0084
1.4830 	 -0.9513 	 1.0115 	 -0.2608 	 0.1022 	 -0.1443 	 0.0027 	 0.0696 	 -0.0856 	 0.0085
1.4930 	 -0.9502 	 1.0101 	 -0.2607 	 0.1029 	 -0.1451 	 0.0028 	 0.0698 	 -0.0859 	 0.0086
1.5030 	 -0.9492 	 1.0086 	 -0.2607 	 0.1036 	 -0.1460 	 0.0029 	 0.0700 	 -0.0862 	 0.0087
1.5130 	 -0.9482 	 1.0071 	 -0.2607 	 0.1043 	 -0.1469 	 0.0030 	 0.0702 	 -0.0865 	 0.0088
1.5230 	 -0.9471 	 1.0056 	 -0.2607 	 0.1050 	 -0.1477 	 0.0031 	 0.0704 	 -0.0868 	 0.0089
1.5331 	 -0.9461 	 1.0042 	 -0.2606 	 0.1057 	 -0.1486 	 0.0032 	 0.0706 	 -0.0871 	 0.0089
1.5431 	 -0.9450 	 1.0027 	 -0.2606 	 0.1064 	 -0.1495 	 0.0033 	 0.0708 	 -0.0874 	 0.0090
1.5531 	 -0.9439 	 1.0012 	 -0.2606 	 0.1071 	 -0.1503 	 0.0033 	 0.0710 	 -0.0877 	 0.0091
1.5631 	 -0.9429 	 0.9997 	 -0.2605 	 0.1078 	 -0.1512 	 0.0034 	 0.0713 	 -0.0881 	 0.0092
1.5731 	 -0.9418 	 0.9981 	 -0.2605 	 0.1085 	 -0.1521 	 0.0035 	 0.0715 	 -0.0885 	 0.0093
1.5832 	 -0.9407 	 0.9966 	 -0.2605 	 0.1093 	 -0.1530 	 0.0036 	 0.0717 	 -0.0888 	 0.0094
1.5932 	 -0.9396 	 0.9951 	 -0.2604 	 0.1100 	 -0.1539 	 0.0037 	 0.0719 	 -0.0892 	 0.0095
1.6032 	 -0.9385 	 0.9935 	 -0.2604 	 0.1107 	 -0.1548 	 0.0038 	 0.0721 	 -0.0896 	 0.0095
1.6132 	 -0.9374 	 0.9920 	 -0.2603 	 0.1114 	 -0.1557 	 0.0039 	 0.0723 	 -0.0900 	 0.0096
1.6232 	 -0.9362 	 0.9904 	 -0.2603 	 0.1121 	 -0.1566 	 0.0040 	 0.0725 	 -0.0905 	 0.0097
1.6333 	 -0.9351 	 0.9888 	 -0.2603 	 0.1129 	 -0.1575 	 0.0041 	 0.0727 	 -0.0909 	 0.0097
1.6433 	 -0.9340 	 0.9873 	 -0.2602 	 0.1136 	 -0.1584 	 0.0042 	 0.0730 	 -0.0914 	 0.0098
1.6533 	 -0.9328 	 0.9857 	 -0.2602 	 0.1143 	 -0.1593 	 0.0043 	 0.0732 	 -0.0919 	 0.0098
1.6633 	 -0.9317 	 0.9841 	 -0.2601 	 0.1151 	 -0.1603 	 0.0044 	 0.0733 	 -0.0924 	 0.0098
1.6733 	 -0.9305 	 0.9824 	 -0.2601 	 0.1158 	 -0.1612 	 0.0045 	 0.0735 	 -0.0929 	 0.0099
1.6834 	 -0.9294 	 0.9808 	 -0.2600 	 0.1165 	 -0.1621 	 0.0046 	 0.0737 	 -0.0934 	 0.0099
1.6934 	 -0.9282 	 0.9792 	 -0.2600 	 0.1173 	 -0.1631 	 0.0047 	 0.0739 	 -0.0940 	 0.0099
1.7034 	 -0.9270 	 0.9776 	 -0.2599 	 0.1180 	 -0.1640 	 0.0048 	 0.0741 	 -0.0946 	 0.0099
1.7134 	 -0.9258 	 0.9759 	 -0.2599 	 0.1188 	 -0.1649 	 0.0049 	 0.0742 	 -0.0952 	 0.0098
1.7234 	 -0.9246 	 0.9743 	 -0.2599 	 0.1195 	 -0.1659 	 0.0050 	 0.0743 	 -0.0959 	 0.0098
1.7335 	 -0.9234 	 0.9726 	 -0.2598 	 0.1203 	 -0.1669 	 0.0051 	 0.0745 	 -0.0966 	 0.0097
1.7435 	 -0.9222 	 0.9709 	 -0.2597 	 0.1210 	 -0.1678 	 0.0052 	 0.0746 	 -0.0974 	 0.0097
1.7535 	 -0.9210 	 0.9692 	 -0.2597 	 0.1218 	 -0.1688 	 0.0053 	 0.0746 	 -0.0982 	 0.0096
1.7635 	 -0.9198 	 0.9675 	 -0.2596 	 0.1225 	 -0.1698 	 0.0054 	 0.0747 	 -0.0990 	 0.0094
1.7735 	 -0.9186 	 0.9658 	 -0.2596 	 0.1233 	 -0.1708 	 0.0055 	 0.0747 	 -0.0999 	 0.0093
1.7836 	 -0.9173 	 0.9641 	 -0.2595 	 0.1240 	 -0.1718 	 0.0056 	 0.0747 	 -0.1008 	 0.0091
1.7936 	 -0.9161 	 0.9624 	 -0.2595 	 0.1247 	 -0.1728 	 0.0057 	 0.0746 	 -0.1017 	 0.0090
1.8036 	 -0.9148 	 0.9606 	 -0.2594 	 0.1255 	 -0.1739 	 0.0057 	 0.0745 	 -0.1027 	 0.0087
1.8136 	 -0.9136 	 0.9589 	 -0.2594 	 0.1262 	 -0.1749 	 0.0058 	 0.0744 	 -0.1037 	 0.0085
1.8236 	 -0.9123 	 0.9571 	 -0.2593 	 0.1270 	 -0.1759 	 0.0059 	 0.0742 	 -0.1048 	 0.0082
1.8337 	 -0.9110 	 0.9554 	 -0.2592 	 0.1277 	 -0.1770 	 0.0060 	 0.0740 	 -0.1059 	 0.0079
1.8437 	 -0.9097 	 0.9536 	 -0.2592 	 0.1285 	 -0.1781 	 0.0061 	 0.0737 	 -0.1069 	 0.0076
1.8537 	 -0.9084 	 0.9518 	 -0.2591 	 0.1292 	 -0.1791 	 0.0061 	 0.0734 	 -0.1081 	 0.0073
1.8637 	 -0.9071 	 0.9500 	 -0.2591 	 0.1299 	 -0.1802 	 0.0062 	 0.0730 	 -0.1092 	 0.0069
1.8737 	 -0.9058 	 0.9482 	 -0.2590 	 0.1307 	 -0.1813 	 0.0063 	 0.0726 	 -0.1103 	 0.0065
1.8838 	 -0.9045 	 0.9464 	 -0.2589 	 0.1314 	 -0.1824 	 0.0063 	 0.0721 	 -0.1114 	 0.0061
1.8938 	 -0.9032 	 0.9445 	 -0.2589 	 0.1321 	 -0.1835 	 0.0064 	 0.0715 	 -0.1126 	 0.0056
1.9038 	 -0.9019 	 0.9427 	 -0.2588 	 0.1328 	 -0.1847 	 0.0065 	 0.0708 	 -0.1137 	 0.0051
1.9138 	 -0.9005 	 0.9408 	 -0.2587 	 0.1335 	 -0.1858 	 0.0065 	 0.0701 	 -0.1147 	 0.0046
1.9238 	 -0.8992 	 0.9390 	 -0.2587 	 0.1342 	 -0.1870 	 0.0065 	 0.0693 	 -0.1158 	 0.0041
1.9339 	 -0.8979 	 0.9371 	 -0.2586 	 0.1349 	 -0.1881 	 0.0066 	 0.0685 	 -0.1168 	 0.0036
1.9439 	 -0.8965 	 0.9352 	 -0.2585 	 0.1356 	 -0.1893 	 0.0066 	 0.0675 	 -0.1177 	 0.0030
1.9539 	 -0.8951 	 0.9333 	 -0.2585 	 0.1363 	 -0.1905 	 0.0066 	 0.0666 	 -0.1186 	 0.0025
1.9639 	 -0.8938 	 0.9314 	 -0.2584 	 0.1369 	 -0.1917 	 0.0067 	 0.0655 	 -0.1194 	 0.0020
1.9739 	 -0.8924 	 0.9294 	 -0.2583 	 0.1376 	 -0.1929 	 0.0067 	 0.0644 	 -0.1201 	 0.0014
1.9840 	 -0.8910 	 0.9275 	 -0.2583 	 0.1382 	 -0.1941 	 0.0067 	 0.0608 	 -0.1178 	 0.0034
1.9940 	 -0.8896 	 0.9256 	 -0.2582 	 0.1388 	 -0.1953 	 0.0067 	 0.0596 	 -0.1183 	 0.0029
2.0040 	 -0.8882 	 0.9236 	 -0.2581 	 0.1394 	 -0.1965 	 0.0068 	 0.0584 	 -0.1187 	 0.0024
2.0140 	 -0.8868 	 0.9216 	 -0.2581 	 0.1400 	 -0.1977 	 0.0068 	 0.0572 	 -0.1189 	 0.0019
2.0240 	 -0.8854 	 0.9196 	 -0.2580 	 0.1406 	 -0.1989 	 0.0068 	 0.0560 	 -0.1190 	 0.0015
2.0341 	 -0.8840 	 0.9176 	 -0.2579 	 0.1411 	 -0.2000 	 0.0068 	 0.0548 	 -0.1190 	 0.0011
2.0441 	 -0.8826 	 0.9156 	 -0.2579 	 0.1417 	 -0.2012 	 0.0068 	 0.0536 	 -0.1189 	 0.0007
2.0541 	 -0.8812 	 0.9136 	 -0.2578 	 0.1422 	 -0.2024 	 0.0068 	 0.0526 	 -0.1186 	 0.0004
2.0641 	 -0.8797 	 0.9116 	 -0.2577 	 0.1427 	 -0.2036 	 0.0068 	 0.0515 	 -0.1182 	 0.0001
2.0741 	 -0.8783 	 0.9095 	 -0.2577 	 0.1432 	 -0.2048 	 0.0068 	 0.0506 	 -0.1177 	 -0.0001
2.0842 	 -0.8769 	 0.9075 	 -0.2576 	 0.1437 	 -0.2060 	 0.0068 	 0.0497 	 -0.1171 	 -0.0003
2.0942 	 -0.8754 	 0.9054 	 -0.2575 	 0.1442 	 -0.2071 	 0.0068 	 0.0490 	 -0.1164 	 -0.0004
2.1042 	 -0.8740 	 0.9033 	 -0.2575 	 0.1447 	 -0.2083 	 0.0068 	 0.0484 	 -0.1157 	 -0.0005
2.1142 	 -0.8725 	 0.9012 	 -0.2574 	 0.1452 	 -0.2095 	 0.0068 	 0.0479 	 -0.1148 	 -0.0005
2.1242 	 -0.8711 	 0.8991 	 -0.2573 	 0.1457 	 -0.2106 	 0.0068 	 0.0475 	 -0.1140 	 -0.0004
2.1343 	 -0.8696 	 0.8970 	 -0.2573 	 0.1461 	 -0.2117 	 0.0068 	 0.0472 	 -0.1131 	 -0.0004
2.1443 	 -0.8681 	 0.8949 	 -0.2572 	 0.1466 	 -0.2129 	 0.0068 	 0.0470 	 -0.1122 	 -0.0002
2.1543 	 -0.8667 	 0.8927 	 -0.2571 	 0.1471 	 -0.2140 	 0.0068 	 0.0470 	 -0.1113 	 -0.0001
2.1643 	 -0.8652 	 0.8906 	 -0.2570 	 0.1476 	 -0.2151 	 0.0068 	 0.0470 	 -0.1105 	 0.0001
2.1743 	 -0.8637 	 0.8884 	 -0.2570 	 0.1480 	 -0.2162 	 0.0068 	 0.0472 	 -0.1097 	 0.0003
2.1844 	 -0.8622 	 0.8863 	 -0.2569 	 0.1485 	 -0.2173 	 0.0068 	 0.0474 	 -0.1089 	 0.0006
2.1944 	 -0.8607 	 0.8841 	 -0.2568 	 0.1490 	 -0.2184 	 0.0068 	 0.0478 	 -0.1082 	 0.0009
2.2044 	 -0.8592 	 0.8819 	 -0.2568 	 0.1495 	 -0.2195 	 0.0068 	 0.0482 	 -0.1075 	 0.0011
2.2144 	 -0.8577 	 0.8797 	 -0.2567 	 0.1499 	 -0.2205 	 0.0068 	 0.0486 	 -0.1069 	 0.0014
2.2244 	 -0.8562 	 0.8775 	 -0.2566 	 0.1504 	 -0.2216 	 0.0069 	 0.0491 	 -0.1063 	 0.0018
2.2345 	 -0.8547 	 0.8752 	 -0.2566 	 0.1509 	 -0.2227 	 0.0069 	 0.0496 	 -0.1058 	 0.0021
2.2445 	 -0.8532 	 0.8730 	 -0.2565 	 0.1514 	 -0.2237 	 0.0069 	 0.0502 	 -0.1054 	 0.0024
2.2545 	 -0.8517 	 0.8707 	 -0.2564 	 0.1519 	 -0.2248 	 0.0069 	 0.0508 	 -0.1050 	 0.0027
2.2645 	 -0.8502 	 0.8685 	 -0.2564 	 0.1524 	 -0.2258 	 0.0070 	 0.0514 	 -0.1047 	 0.0030
2.2745 	 -0.8486 	 0.8662 	 -0.2563 	 0.1530 	 -0.2269 	 0.0070 	 0.0521 	 -0.1045 	 0.0033
2.2846 	 -0.8471 	 0.8639 	 -0.2562 	 0.1535 	 -0.2279 	 0.0070 	 0.0527 	 -0.1043 	 0.0037
2.2946 	 -0.8456 	 0.8617 	 -0.2562 	 0.1540 	 -0.2290 	 0.0071 	 0.0534 	 -0.1041 	 0.0040
2.3046 	 -0.8440 	 0.8594 	 -0.2561 	 0.1546 	 -0.2300 	 0.0071 	 0.0540 	 -0.1040 	 0.0043
2.3146 	 -0.8425 	 0.8570 	 -0.2560 	 0.1551 	 -0.2311 	 0.0071 	 0.0547 	 -0.1040 	 0.0046
2.3246 	 -0.8409 	 0.8547 	 -0.2559 	 0.1557 	 -0.2321 	 0.0072 	 0.0553 	 -0.1040 	 0.0049
2.3347 	 -0.8394 	 0.8524 	 -0.2559 	 0.1562 	 -0.2331 	 0.0072 	 0.0560 	 -0.1040 	 0.0052
2.3447 	 -0.8378 	 0.8500 	 -0.2558 	 0.1568 	 -0.2342 	 0.0073 	 0.0566 	 -0.1041 	 0.0055
2.3547 	 -0.8362 	 0.8477 	 -0.2557 	 0.1574 	 -0.2352 	 0.0074 	 0.0573 	 -0.1042 	 0.0058
2.3647 	 -0.8346 	 0.8453 	 -0.2556 	 0.1579 	 -0.2363 	 0.0074 	 0.0579 	 -0.1044 	 0.0061
2.3747 	 -0.8330 	 0.8430 	 -0.2556 	 0.1585 	 -0.2373 	 0.0075 	 0.0585 	 -0.1046 	 0.0063
2.3848 	 -0.8315 	 0.8406 	 -0.2555 	 0.1591 	 -0.2384 	 0.0075 	 0.0591 	 -0.1048 	 0.0066
2.3948 	 -0.8299 	 0.8382 	 -0.2554 	 0.1597 	 -0.2394 	 0.0076 	 0.0597 	 -0.1050 	 0.0069
2.4048 	 -0.8283 	 0.8358 	 -0.2553 	 0.1603 	 -0.2405 	 0.0077 	 0.0603 	 -0.1053 	 0.0071
2.4148 	 -0.8266 	 0.8334 	 -0.2553 	 0.1609 	 -0.2415 	 0.0077 	 0.0608 	 -0.1056 	 0.0074
2.4248 	 -0.8250 	 0.8309 	 -0.2552 	 0.1615 	 -0.2426 	 0.0078 	 0.0614 	 -0.1059 	 0.0077
2.4349 	 -0.8234 	 0.8285 	 -0.2551 	 0.1621 	 -0.2437 	 0.0079 	 0.0619 	 -0.1062 	 0.0079
2.4449 	 -0.8218 	 0.8261 	 -0.2550 	 0.1628 	 -0.2447 	 0.0080 	 0.0625 	 -0.1066 	 0.0082
2.4549 	 -0.8201 	 0.8236 	 -0.2549 	 0.1634 	 -0.2458 	 0.0081 	 0.0630 	 -0.1070 	 0.0084
2.4649 	 -0.8185 	 0.8211 	 -0.2549 	 0.1640 	 -0.2469 	 0.0082 	 0.0635 	 -0.1074 	 0.0086
2.4749 	 -0.8169 	 0.8187 	 -0.2548 	 0.1647 	 -0.2479 	 0.0082 	 0.0640 	 -0.1078 	 0.0089
2.4850 	 -0.8152 	 0.8162 	 -0.2547 	 0.1653 	 -0.2490 	 0.0083 	 0.0645 	 -0.1082 	 0.0091
2.4950 	 -0.8135 	 0.8137 	 -0.2546 	 0.1660 	 -0.2501 	 0.0084 	 0.0650 	 -0.1086 	 0.0093
2.5050 	 -0.8119 	 0.8111 	 -0.2545 	 0.1666 	 -0.2512 	 0.0085 	 0.0655 	 -0.1090 	 0.0095
2.5150 	 -0.8102 	 0.8086 	 -0.2544 	 0.1673 	 -0.2523 	 0.0086 	 0.0660 	 -0.1095 	 0.0098
2.5251 	 -0.8085 	 0.8061 	 -0.2544 	 0.1679 	 -0.2534 	 0.0087 	 0.0665 	 -0.1099 	 0.0100
2.5351 	 -0.8068 	 0.8035 	 -0.2543 	 0.1686 	 -0.2545 	 0.0088 	 0.0669 	 -0.1104 	 0.0102
2.5451 	 -0.8051 	 0.8010 	 -0.2542 	 0.1693 	 -0.2556 	 0.0089 	 0.0674 	 -0.1109 	 0.0104
2.5551 	 -0.8034 	 0.7984 	 -0.2541 	 0.1699 	 -0.2567 	 0.0090 	 0.0678 	 -0.1114 	 0.0106
2.5651 	 -0.8017 	 0.7958 	 -0.2540 	 0.1706 	 -0.2578 	 0.0091 	 0.0683 	 -0.1119 	 0.0108
2.5752 	 -0.8000 	 0.7933 	 -0.2539 	 0.1713 	 -0.2590 	 0.0092 	 0.0687 	 -0.1124 	 0.0110
2.5852 	 -0.7983 	 0.7907 	 -0.2538 	 0.1720 	 -0.2601 	 0.0093 	 0.0691 	 -0.1129 	 0.0111
2.5952 	 -0.7966 	 0.7880 	 -0.2537 	 0.1727 	 -0.2612 	 0.0095 	 0.0696 	 -0.1134 	 0.0113
2.6052 	 -0.7948 	 0.7854 	 -0.2536 	 0.1734 	 -0.2624 	 0.0096 	 0.0700 	 -0.1139 	 0.0115
2.6152 	 -0.7931 	 0.7828 	 -0.2535 	 0.1741 	 -0.2635 	 0.0097 	 0.0704 	 -0.1144 	 0.0117
2.6253 	 -0.7914 	 0.7801 	 -0.2534 	 0.1748 	 -0.2647 	 0.0098 	 0.0708 	 -0.1149 	 0.0118
2.6353 	 -0.7896 	 0.7775 	 -0.2533 	 0.1755 	 -0.2658 	 0.0099 	 0.0712 	 -0.1155 	 0.0120
2.6453 	 -0.7878 	 0.7748 	 -0.2532 	 0.1762 	 -0.2670 	 0.0100 	 0.0716 	 -0.1160 	 0.0121
2.6553 	 -0.7861 	 0.7721 	 -0.2531 	 0.1770 	 -0.2681 	 0.0102 	 0.0721 	 -0.1165 	 0.0123
2.6653 	 -0.7843 	 0.7694 	 -0.2530 	 0.1777 	 -0.2693 	 0.0103 	 0.0725 	 -0.1170 	 0.0124
2.6754 	 -0.7825 	 0.7667 	 -0.2529 	 0.1784 	 -0.2705 	 0.0104 	 0.0729 	 -0.1176 	 0.0126
2.6854 	 -0.7807 	 0.7640 	 -0.2528 	 0.1791 	 -0.2717 	 0.0105 	 0.0733 	 -0.1181 	 0.0127
2.6954 	 -0.7789 	 0.7613 	 -0.2527 	 0.1799 	 -0.2729 	 0.0107 	 0.0737 	 -0.1186 	 0.0129
2.7054 	 -0.7771 	 0.7586 	 -0.2526 	 0.1806 	 -0.2740 	 0.0108 	 0.0741 	 -0.1191 	 0.0130
2.7154 	 -0.7753 	 0.7558 	 -0.2525 	 0.1814 	 -0.2752 	 0.0109 	 0.0745 	 -0.1196 	 0.0131
2.7255 	 -0.7735 	 0.7530 	 -0.2524 	 0.1821 	 -0.2764 	 0.0111 	 0.0749 	 -0.1202 	 0.0133
2.7355 	 -0.7717 	 0.7503 	 -0.2523 	 0.1829 	 -0.2776 	 0.0112 	 0.0753 	 -0.1207 	 0.0134
2.7455 	 -0.7698 	 0.7475 	 -0.2522 	 0.1836 	 -0.2789 	 0.0113 	 0.0757 	 -0.1212 	 0.0135
2.7555 	 -0.7680 	 0.7447 	 -0.2521 	 0.1844 	 -0.2801 	 0.0115 	 0.0761 	 -0.1217 	 0.0136
2.7655 	 -0.7661 	 0.7419 	 -0.2519 	 0.1851 	 -0.2813 	 0.0116 	 0.0765 	 -0.1222 	 0.0138
2.7756 	 -0.7643 	 0.7390 	 -0.2518 	 0.1859 	 -0.2825 	 0.0117 	 0.0769 	 -0.1227 	 0.0139
2.7856 	 -0.7624 	 0.7362 	 -0.2517 	 0.1867 	 -0.2838 	 0.0119 	 0.0773 	 -0.1232 	 0.0140
2.7956 	 -0.7605 	 0.7333 	 -0.2516 	 0.1875 	 -0.2850 	 0.0120 	 0.0777 	 -0.1237 	 0.0141
2.8056 	 -0.7586 	 0.7305 	 -0.2515 	 0.1882 	 -0.2862 	 0.0122 	 0.0781 	 -0.1242 	 0.0142
2.8156 	 -0.7567 	 0.7276 	 -0.2513 	 0.1890 	 -0.2875 	 0.0123 	 0.0785 	 -0.1247 	 0.0143
2.8257 	 -0.7549 	 0.7247 	 -0.2512 	 0.1898 	 -0.2887 	 0.0125 	 0.0789 	 -0.1252 	 0.0144
2.8357 	 -0.7529 	 0.7218 	 -0.2511 	 0.1906 	 -0.2900 	 0.0126 	 0.0793 	 -0.1257 	 0.0145
2.8457 	 -0.7510 	 0.7189 	 -0.2510 	 0.1914 	 -0.2913 	 0.0127 	 0.0798 	 -0.1262 	 0.0146
2.8557 	 -0.7491 	 0.7160 	 -0.2508 	 0.1922 	 -0.2925 	 0.0129 	 0.0802 	 -0.1267 	 0.0147
2.8657 	 -0.7472 	 0.7131 	 -0.2507 	 0.1930 	 -0.2938 	 0.0130 	 0.0806 	 -0.1272 	 0.0148
2.8758 	 -0.7452 	 0.7101 	 -0.2506 	 0.1938 	 -0.2951 	 0.0132 	 0.0810 	 -0.1277 	 0.0148
2.8858 	 -0.7433 	 0.7071 	 -0.2504 	 0.1946 	 -0.2964 	 0.0133 	 0.0815 	 -0.1282 	 0.0149
2.8958 	 -0.7413 	 0.7042 	 -0.2503 	 0.1955 	 -0.2976 	 0.0135 	 0.0819 	 -0.1287 	 0.0150
2.9058 	 -0.7394 	 0.7012 	 -0.2502 	 0.1963 	 -0.2989 	 0.0136 	 0.0823 	 -0.1292 	 0.0151
2.9158 	 -0.7374 	 0.6982 	 -0.2500 	 0.1971 	 -0.3002 	 0.0138 	 0.0828 	 -0.1297 	 0.0151
2.9259 	 -0.7354 	 0.6952 	 -0.2499 	 0.1979 	 -0.3015 	 0.0139 	 0.0832 	 -0.1302 	 0.0152
2.9359 	 -0.7334 	 0.6921 	 -0.2498 	 0.1988 	 -0.3028 	 0.0141 	 0.0837 	 -0.1307 	 0.0153
2.9459 	 -0.7314 	 0.6891 	 -0.2496 	 0.1996 	 -0.3042 	 0.0142 	 0.0841 	 -0.1313 	 0.0154
2.9559 	 -0.7294 	 0.6860 	 -0.2495 	 0.2005 	 -0.3055 	 0.0144 	 0.0846 	 -0.1318 	 0.0154
2.9659 	 -0.7274 	 0.6830 	 -0.2493 	 0.2013 	 -0.3068 	 0.0146 	 0.0851 	 -0.1323 	 0.0155
2.9760 	 -0.7254 	 0.6799 	 -0.2492 	 0.2022 	 -0.3081 	 0.0147 	 0.0855 	 -0.1328 	 0.0156
2.9860 	 -0.7234 	 0.6768 	 -0.2490 	 0.2030 	 -0.3095 	 0.0149 	 0.0860 	 -0.1333 	 0.0156
2.9960 	 -0.7213 	 0.6737 	 -0.2489 	 0.2039 	 -0.3108 	 0.0150 	 0.0865 	 -0.1338 	 0.0157
3.0060 	 -0.7193 	 0.6706 	 -0.2487 	 0.2048 	 -0.3121 	 0.0152 	 0.0869 	 -0.1343 	 0.0158
3.0160 	 -0.7172 	 0.6674 	 -0.2486 	 0.2056 	 -0.3135 	 0.0153 	 0.0874 	 -0.1348 	 0.0158
3.0261 	 -0.7152 	 0.6643 	 -0.2484 	 0.2065 	 -0.3148 	 0.0155 	 0.0879 	 -0.1354 	 0.0159
3.0361 	 -0.7131 	 0.6611 	 -0.2483 	 0.2074 	 -0.3162 	 0.0157 	 0.0884 	 -0.1359 	 0.0159
3.0461 	 -0.7110 	 0.6579 	 -0.2481 	 0.2083 	 -0.3176 	 0.0158 	 0.0889 	 -0.1364 	 0.0160
3.0561 	 -0.7089 	 0.6548 	 -0.2479 	 0.2092 	 -0.3189 	 0.0160 	 0.0894 	 -0.1369 	 0.0161
3.0661 	 -0.7068 	 0.6516 	 -0.2478 	 0.2101 	 -0.3203 	 0.0161 	 0.0898 	 -0.1374 	 0.0161
3.0762 	 -0.7047 	 0.6483 	 -0.2476 	 0.2110 	 -0.3217 	 0.0163 	 0.0903 	 -0.1380 	 0.0162
3.0862 	 -0.7026 	 0.6451 	 -0.2475 	 0.2119 	 -0.3231 	 0.0165 	 0.0908 	 -0.1385 	 0.0163
3.0962 	 -0.7005 	 0.6419 	 -0.2473 	 0.2128 	 -0.3245 	 0.0166 	 0.0913 	 -0.1390 	 0.0163
3.1062 	 -0.6983 	 0.6386 	 -0.2471 	 0.2137 	 -0.3259 	 0.0168 	 0.0918 	 -0.1395 	 0.0164
3.1162 	 -0.6962 	 0.6353 	 -0.2470 	 0.2146 	 -0.3273 	 0.0170 	 0.0923 	 -0.1400 	 0.0165
3.1263 	 -0.6940 	 0.6320 	 -0.2468 	 0.2156 	 -0.3287 	 0.0171 	 0.0928 	 -0.1406 	 0.0165
3.1363 	 -0.6919 	 0.6287 	 -0.2466 	 0.2165 	 -0.3301 	 0.0173 	 0.0933 	 -0.1411 	 0.0166
3.1463 	 -0.6897 	 0.6254 	 -0.2464 	 0.2174 	 -0.3315 	 0.0175 	 0.0939 	 -0.1416 	 0.0167
3.1563 	 -0.6875 	 0.6221 	 -0.2463 	 0.2184 	 -0.3329 	 0.0176 	 0.0944 	 -0.1421 	 0.0168
3.1663 	 -0.6853 	 0.6188 	 -0.2461 	 0.2193 	 -0.3343 	 0.0178 	 0.0949 	 -0.1427 	 0.0169
3.1764 	 -0.6831 	 0.6154 	 -0.2459 	 0.2203 	 -0.3358 	 0.0180 	 0.0954 	 -0.1432 	 0.0170
3.1864 	 -0.6809 	 0.6120 	 -0.2457 	 0.2212 	 -0.3372 	 0.0181 	 0.0959 	 -0.1437 	 0.0171
3.1964 	 -0.6787 	 0.6086 	 -0.2455 	 0.2222 	 -0.3387 	 0.0183 	 0.0965 	 -0.1442 	 0.0172
3.2064 	 -0.6764 	 0.6052 	 -0.2454 	 0.2232 	 -0.3401 	 0.0185 	 0.0970 	 -0.1448 	 0.0173
3.2164 	 -0.6742 	 0.6018 	 -0.2452 	 0.2241 	 -0.3416 	 0.0187 	 0.0976 	 -0.1453 	 0.0174
3.2265 	 -0.6720 	 0.5984 	 -0.2450 	 0.2251 	 -0.3430 	 0.0188 	 0.0981 	 -0.1458 	 0.0175
3.2365 	 -0.6697 	 0.5950 	 -0.2448 	 0.2261 	 -0.3445 	 0.0190 	 0.0987 	 -0.1464 	 0.0176
3.2465 	 -0.6674 	 0.5915 	 -0.2446 	 0.2271 	 -0.3459 	 0.0192 	 0.0992 	 -0.1469 	 0.0178
3.2565 	 -0.6651 	 0.5880 	 -0.2444 	 0.2281 	 -0.3474 	 0.0194 	 0.0998 	 -0.1474 	 0.0179
3.2665 	 -0.6629 	 0.5845 	 -0.2442 	 0.2291 	 -0.3489 	 0.0195 	 0.1004 	 -0.1480 	 0.0180
3.2766 	 -0.6606 	 0.5810 	 -0.2440 	 0.2301 	 -0.3504 	 0.0197 	 0.0961 	 -0.1409 	 0.0235
3.2866 	 -0.6582 	 0.5775 	 -0.2438 	 0.2311 	 -0.3518 	 0.0200 	 0.0967 	 -0.1414 	 0.0237
3.2966 	 -0.6559 	 0.5740 	 -0.2436 	 0.2320 	 -0.3532 	 0.0202 	 0.0973 	 -0.1419 	 0.0239
3.3066 	 -0.6536 	 0.5704 	 -0.2434 	 0.2330 	 -0.3546 	 0.0204 	 0.0979 	 -0.1425 	 0.0242
3.3166 	 -0.6513 	 0.5669 	 -0.2432 	 0.2340 	 -0.3561 	 0.0207 	 0.0985 	 -0.1430 	 0.0244
3.3267 	 -0.6489 	 0.5633 	 -0.2430 	 0.2350 	 -0.3575 	 0.0209 	 0.0991 	 -0.1435 	 0.0247
3.3367 	 -0.6465 	 0.5597 	 -0.2428 	 0.2360 	 -0.3589 	 0.0212 	 0.0997 	 -0.1441 	 0.0250
3.3467 	 -0.6442 	 0.5561 	 -0.2426 	 0.2370 	 -0.3604 	 0.0214 	 0.1003 	 -0.1447 	 0.0253
3.3567 	 -0.6418 	 0.5525 	 -0.2424 	 0.2380 	 -0.3618 	 0.0217 	 0.1010 	 -0.1453 	 0.0256
3.3667 	 -0.6394 	 0.5489 	 -0.2421 	 0.2390 	 -0.3633 	 0.0219 	 0.1016 	 -0.1458 	 0.0260
3.3768 	 -0.6370 	 0.5452 	 -0.2419 	 0.2400 	 -0.3648 	 0.0222 	 0.1023 	 -0.1464 	 0.0263
3.3868 	 -0.6346 	 0.5415 	 -0.2417 	 0.2411 	 -0.3662 	 0.0225 	 0.1030 	 -0.1471 	 0.0266
3.3968 	 -0.6322 	 0.5379 	 -0.2415 	 0.2421 	 -0.3677 	 0.0227 	 0.1037 	 -0.1477 	 0.0270
3.4068 	 -0.6297 	 0.5342 	 -0.2412 	 0.2431 	 -0.3692 	 0.0230 	 0.1044 	 -0.1483 	 0.0274
3.4168 	 -0.6273 	 0.5305 	 -0.2410 	 0.2442 	 -0.3707 	 0.0233 	 0.1051 	 -0.1490 	 0.0277
3.4269 	 -0.6248 	 0.5267 	 -0.2408 	 0.2452 	 -0.3722 	 0.0236 	 0.1059 	 -0.1496 	 0.0281
3.4369 	 -0.6224 	 0.5230 	 -0.2405 	 0.2463 	 -0.3737 	 0.0239 	 0.1067 	 -0.1503 	 0.0285
3.4469 	 -0.6199 	 0.5193 	 -0.2403 	 0.2474 	 -0.3752 	 0.0241 	 0.1075 	 -0.1510 	 0.0290
3.4569 	 -0.6174 	 0.5155 	 -0.2401 	 0.2485 	 -0.3767 	 0.0244 	 0.1083 	 -0.1517 	 0.0294
3.4669 	 -0.6149 	 0.5117 	 -0.2398 	 0.2496 	 -0.3782 	 0.0247 	 0.1091 	 -0.1524 	 0.0298
3.4770 	 -0.6124 	 0.5079 	 -0.2396 	 0.2507 	 -0.3798 	 0.0250 	 0.1100 	 -0.1532 	 0.0303
3.4870 	 -0.6099 	 0.5041 	 -0.2393 	 0.2518 	 -0.3813 	 0.0253 	 0.1109 	 -0.1539 	 0.0308
3.4970 	 -0.6074 	 0.5003 	 -0.2390 	 0.2529 	 -0.3828 	 0.0257 	 0.1118 	 -0.1547 	 0.0313
3.5070 	 -0.6048 	 0.4964 	 -0.2388 	 0.2540 	 -0.3844 	 0.0260 	 0.1127 	 -0.1555 	 0.0318
3.5170 	 -0.6023 	 0.4926 	 -0.2385 	 0.2551 	 -0.3860 	 0.0263 	 0.1137 	 -0.1563 	 0.0323
3.5271 	 -0.5997 	 0.4887 	 -0.2383 	 0.2563 	 -0.3875 	 0.0266 	 0.1146 	 -0.1572 	 0.0329
3.5371 	 -0.5972 	 0.4848 	 -0.2380 	 0.2574 	 -0.3891 	 0.0269 	 0.1157 	 -0.1581 	 0.0335
3.5471 	 -0.5946 	 0.4809 	 -0.2377 	 0.2586 	 -0.3907 	 0.0273 	 0.1167 	 -0.1589 	 0.0341
3.5571 	 -0.5920 	 0.4770 	 -0.2374 	 0.2598 	 -0.3923 	 0.0276 	 0.1178 	 -0.1599 	 0.0347
3.5671 	 -0.5894 	 0.4730 	 -0.2372 	 0.2610 	 -0.3939 	 0.0280 	 0.1189 	 -0.1608 	 0.0353
3.5772 	 -0.5867 	 0.4691 	 -0.2369 	 0.2622 	 -0.3955 	 0.0283 	 0.1201 	 -0.1618 	 0.0359
3.5872 	 -0.5841 	 0.4651 	 -0.2366 	 0.2634 	 -0.3971 	 0.0287 	 0.1213 	 -0.1628 	 0.0366
3.5972 	 -0.5815 	 0.4611 	 -0.2363 	 0.2646 	 -0.3988 	 0.0291 	 0.1225 	 -0.1638 	 0.0373
3.6072 	 -0.5788 	 0.4571 	 -0.2360 	 0.2658 	 -0.4004 	 0.0294 	 0.1238 	 -0.1649 	 0.0380
3.6172 	 -0.5761 	 0.4531 	 -0.2357 	 0.2671 	 -0.4021 	 0.0298 	 0.1251 	 -0.1660 	 0.0388
3.6273 	 -0.5735 	 0.4491 	 -0.2354 	 0.2683 	 -0.4038 	 0.0302 	 0.1265 	 -0.1671 	 0.0395
3.6373 	 -0.5708 	 0.4450 	 -0.2351 	 0.2696 	 -0.4054 	 0.0306 	 0.1279 	 -0.1683 	 0.0403
3.6473 	 -0.5681 	 0.4409 	 -0.2348 	 0.2709 	 -0.4071 	 0.0310 	 0.1293 	 -0.1695 	 0.0411
3.6573 	 -0.5653 	 0.4368 	 -0.2345 	 0.2722 	 -0.4088 	 0.0314 	 0.1308 	 -0.1707 	 0.0419
3.6673 	 -0.5626 	 0.4327 	 -0.2342 	 0.2735 	 -0.4105 	 0.0319 	 0.1324 	 -0.1720 	 0.0428
3.6774 	 -0.5598 	 0.4286 	 -0.2339 	 0.2748 	 -0.4123 	 0.0323 	 0.1340 	 -0.1733 	 0.0437
3.6874 	 -0.5571 	 0.4245 	 -0.2335 	 0.2762 	 -0.4140 	 0.0328 	 0.1357 	 -0.1747 	 0.0446
3.6974 	 -0.5543 	 0.4203 	 -0.2332 	 0.2776 	 -0.4158 	 0.0332 	 0.1374 	 -0.1761 	 0.0456
3.7074 	 -0.5515 	 0.4161 	 -0.2329 	 0.2789 	 -0.4176 	 0.0337 	 0.1392 	 -0.1776 	 0.0466
3.7174 	 -0.5487 	 0.4119 	 -0.2325 	 0.2804 	 -0.4193 	 0.0341 	 0.1411 	 -0.1791 	 0.0476
3.7275 	 -0.5459 	 0.4077 	 -0.2322 	 0.2818 	 -0.4211 	 0.0346 	 0.1431 	 -0.1807 	 0.0487
3.7375 	 -0.5431 	 0.4035 	 -0.2318 	 0.2832 	 -0.4230 	 0.0351 	 0.1451 	 -0.1823 	 0.0499
3.7475 	 -0.5402 	 0.3993 	 -0.2315 	 0.2847 	 -0.4248 	 0.0356 	 0.1472 	 -0.1840 	 0.0510
3.7575 	 -0.5374 	 0.3950 	 -0.2311 	 0.2862 	 -0.4266 	 0.0361 	 0.1495 	 -0.1857 	 0.0522
3.7675 	 -0.5345 	 0.3907 	 -0.2307 	 0.2877 	 -0.4285 	 0.0367 	 0.1518 	 -0.1875 	 0.0535
3.7776 	 -0.5316 	 0.3864 	 -0.2304 	 0.2892 	 -0.4304 	 0.0372 	 0.1542 	 -0.1894 	 0.0549
3.7876 	 -0.5287 	 0.3821 	 -0.2300 	 0.2908 	 -0.4323 	 0.0378 	 0.1567 	 -0.1913 	 0.0563
3.7976 	 -0.5258 	 0.3777 	 -0.2296 	 0.2924 	 -0.4342 	 0.0383 	 0.1593 	 -0.1933 	 0.0577
3.8076 	 -0.5228 	 0.3734 	 -0.2292 	 0.2940 	 -0.4362 	 0.0389 	 0.1621 	 -0.1954 	 0.0592
3.8176 	 -0.5199 	 0.3690 	 -0.2288 	 0.2956 	 -0.4382 	 0.0395 	 0.1650 	 -0.1975 	 0.0609
3.8277 	 -0.5169 	 0.3646 	 -0.2284 	 0.2973 	 -0.4401 	 0.0401 	 0.1680 	 -0.1998 	 0.0625
3.8377 	 -0.5139 	 0.3602 	 -0.2280 	 0.2990 	 -0.4422 	 0.0408 	 0.1711 	 -0.2021 	 0.0643
3.8477 	 -0.5109 	 0.3557 	 -0.2276 	 0.3007 	 -0.4442 	 0.0414 	 0.1745 	 -0.2045 	 0.0662
3.8577 	 -0.5079 	 0.3513 	 -0.2272 	 0.3025 	 -0.4463 	 0.0421 	 0.1779 	 -0.2069 	 0.0682
3.8677 	 -0.5049 	 0.3468 	 -0.2268 	 0.3043 	 -0.4483 	 0.0428 	 0.1816 	 -0.2095 	 0.0702
3.8778 	 -0.5018 	 0.3423 	 -0.2263 	 0.3061 	 -0.4505 	 0.0435 	 0.1855 	 -0.2121 	 0.0724
3.8878 	 -0.4987 	 0.3378 	 -0.2259 	 0.3080 	 -0.4526 	 0.0442 	 0.1896 	 -0.2148 	 0.0748
3.8978 	 -0.4956 	 0.3332 	 -0.2255 	 0.3099 	 -0.4548 	 0.0450 	 0.1939 	 -0.2176 	 0.0773
3.9078 	 -0.4925 	 0.3287 	 -0.2250 	 0.3119 	 -0.4570 	 0.0458 	 0.1984 	 -0.2205 	 0.0799
3.9178 	 -0.4894 	 0.3241 	 -0.2245 	 0.3139 	 -0.4592 	 0.0466 	 0.2033 	 -0.2234 	 0.0827
3.9279 	 -0.4862 	 0.3195 	 -0.2241 	 0.3159 	 -0.4614 	 0.0475 	 0.2084 	 -0.2265 	 0.0857
3.9379 	 -0.4831 	 0.3148 	 -0.2236 	 0.3181 	 -0.4637 	 0.0483 	 0.2138 	 -0.2296 	 0.0888
3.9479 	 -0.4799 	 0.3102 	 -0.2231 	 0.3202 	 -0.4660 	 0.0492 	 0.2196 	 -0.2327 	 0.0922
3.9579 	 -0.4766 	 0.3055 	 -0.2226 	 0.3225 	 -0.4684 	 0.0502 	 0.2258 	 -0.2359 	 0.0958
3.9679 	 -0.4734 	 0.3008 	 -0.2221 	 0.3248 	 -0.4708 	 0.0512 	 0.2324 	 -0.2392 	 0.0997
3.9780 	 -0.4701 	 0.2960 	 -0.2216 	 0.3271 	 -0.4732 	 0.0522 	 0.2394 	 -0.2424 	 0.1039
3.9880 	 -0.4668 	 0.2913 	 -0.2211 	 0.3296 	 -0.4756 	 0.0532 	 0.2470 	 -0.2456 	 0.1083
3.9980 	 -0.4635 	 0.2865 	 -0.2205 	 0.3321 	 -0.4781 	 0.0543 	 0.2551 	 -0.2488 	 0.1132
4.0080 	 -0.4602 	 0.2817 	 -0.2200 	 0.3347 	 -0.4806 	 0.0555 	 0.2638 	 -0.2518 	 0.1183
4.0180 	 -0.4568 	 0.2769 	 -0.2194 	 0.3374 	 -0.4831 	 0.0567 	 0.2731 	 -0.2547 	 0.1239
4.0281 	 -0.4534 	 0.2720 	 -0.2188 	 0.3401 	 -0.4857 	 0.0580 	 0.2832 	 -0.2573 	 0.1300
4.0381 	 -0.4500 	 0.2671 	 -0.2182 	 0.3430 	 -0.4883 	 0.0593 	 0.2941 	 -0.2595 	 0.1365
4.0481 	 -0.4465 	 0.2622 	 -0.2176 	 0.3460 	 -0.4909 	 0.0607 	 0.3058 	 -0.2613 	 0.1435
4.0581 	 -0.4431 	 0.2573 	 -0.2170 	 0.3492 	 -0.4935 	 0.0622 	 0.3184 	 -0.2624 	 0.1512
4.0681 	 -0.4395 	 0.2524 	 -0.2164 	 0.3524 	 -0.4962 	 0.0638 	 0.3320 	 -0.2626 	 0.1594
4.0782 	 -0.4360 	 0.2474 	 -0.2157 	 0.3558 	 -0.4988 	 0.0654 	 0.3465 	 -0.2616 	 0.1684
4.0882 	 -0.4324 	 0.2424 	 -0.2151 	 0.3594 	 -0.5014 	 0.0671 	 0.3618 	 -0.2592 	 0.1780
4.0982 	 -0.4288 	 0.2373 	 -0.2144 	 0.3631 	 -0.5040 	 0.0690 	 0.3779 	 -0.2550 	 0.1882
4.1082 	 -0.4251 	 0.2323 	 -0.2137 	 0.3669 	 -0.5065 	 0.0709 	 0.3944 	 -0.2486 	 0.1991
4.1182 	 -0.4214 	 0.2272 	 -0.2130 	 0.3710 	 -0.5089 	 0.0730 	 0.4109 	 -0.2395 	 0.2105
4.1283 	 -0.4177 	 0.2221 	 -0.2122 	 0.3752 	 -0.5113 	 0.0751 	 0.4269 	 -0.2274 	 0.2221
4.1383 	 -0.4139 	 0.2169 	 -0.2115 	 0.3795 	 -0.5135 	 0.0774 	 0.4413 	 -0.2122 	 0.2337
4.1483 	 -0.4101 	 0.2118 	 -0.2107 	 0.3840 	 -0.5155 	 0.0798 	 0.4530 	 -0.1938 	 0.2448
4.1583 	 -0.4062 	 0.2066 	 -0.2099 	 0.3886 	 -0.5174 	 0.0823 	 0.4608 	 -0.1728 	 0.2548
4.1683 	 -0.4023 	 0.2014 	 -0.2090 	 0.3932 	 -0.5190 	 0.0849 	 0.4635 	 -0.1502 	 0.2630
4.1784 	 -0.3983 	 0.1962 	 -0.2082 	 0.3979 	 -0.5204 	 0.0876 	 0.4601 	 -0.1276 	 0.2688
4.1884 	 -0.3943 	 0.1910 	 -0.2073 	 0.4024 	 -0.5216 	 0.0903 	 0.4502 	 -0.1071 	 0.2717
4.1984 	 -0.3903 	 0.1857 	 -0.2064 	 0.4069 	 -0.5225 	 0.0930 	 0.4343 	 -0.0907 	 0.2717
4.2084 	 -0.3862 	 0.1805 	 -0.2054 	 0.4111 	 -0.5234 	 0.0957 	 0.4136 	 -0.0802 	 0.2688
4.2184 	 -0.3820 	 0.1753 	 -0.2044 	 0.4151 	 -0.5242 	 0.0984 	 0.3898 	 -0.0768 	 0.2637
4.2285 	 -0.3779 	 0.1700 	 -0.2034 	 0.4189 	 -0.5250 	 0.1010 	 0.3651 	 -0.0806 	 0.2570
4.2385 	 -0.3736 	 0.1647 	 -0.2024 	 0.4225 	 -0.5258 	 0.1035 	 0.3411 	 -0.0911 	 0.2497
4.2485 	 -0.3694 	 0.1595 	 -0.2014 	 0.4258 	 -0.5268 	 0.1060 	 0.3193 	 -0.1071 	 0.2425
4.2585 	 -0.3651 	 0.1542 	 -0.2003 	 0.4289 	 -0.5280 	 0.1084 	 0.3005 	 -0.1272 	 0.2359
4.2685 	 -0.3608 	 0.1489 	 -0.1992 	 0.4318 	 -0.5294 	 0.1107 	 0.2849 	 -0.1501 	 0.2303
4.2786 	 -0.3565 	 0.1436 	 -0.1981 	 0.4346 	 -0.5310 	 0.1130 	 0.2725 	 -0.1746 	 0.2261
4.2886 	 -0.3521 	 0.1382 	 -0.1969 	 0.4373 	 -0.5329 	 0.1153 	 0.2630 	 -0.1999 	 0.2234
4.2986 	 -0.3477 	 0.1329 	 -0.1958 	 0.4399 	 -0.5350 	 0.1175 	 0.2561 	 -0.2252 	 0.2222
4.3086 	 -0.3433 	 0.1275 	 -0.1946 	 0.4424 	 -0.5374 	 0.1197 	 0.2512 	 -0.2500 	 0.2227
4.3186 	 -0.3388 	 0.1221 	 -0.1934 	 0.4449 	 -0.5400 	 0.1220 	 0.2480 	 -0.2741 	 0.2250
4.3287 	 -0.3344 	 0.1167 	 -0.1921 	 0.4474 	 -0.5429 	 0.1242 	 0.2459 	 -0.2971 	 0.2292
4.3387 	 -0.3299 	 0.1112 	 -0.1909 	 0.4498 	 -0.5459 	 0.1266 	 0.2446 	 -0.3187 	 0.2356
4.3487 	 -0.3254 	 0.1057 	 -0.1896 	 0.4523 	 -0.5492 	 0.1290 	 0.2436 	 -0.3387 	 0.2443
4.3587 	 -0.3208 	 0.1002 	 -0.1883 	 0.4547 	 -0.5527 	 0.1315 	 0.2423 	 -0.3566 	 0.2556
4.3687 	 -0.3162 	 0.0947 	 -0.1870 	 0.4571 	 -0.5564 	 0.1341 	 0.2402 	 -0.3719 	 0.2696
4.3788 	 -0.3116 	 0.0891 	 -0.1856 	 0.4595 	 -0.5602 	 0.1369 	 0.2364 	 -0.3838 	 0.2862
4.3888 	 -0.3070 	 0.0834 	 -0.1842 	 0.4619 	 -0.5641 	 0.1399 	 0.2300 	 -0.3918 	 0.3050
4.3988 	 -0.3024 	 0.0778 	 -0.1828 	 0.4641 	 -0.5680 	 0.1430 	 0.2202 	 -0.3950 	 0.3252
4.4088 	 -0.2977 	 0.0721 	 -0.1813 	 0.4663 	 -0.5720 	 0.1464 	 0.2062 	 -0.3931 	 0.3455
4.4188 	 -0.2931 	 0.0663 	 -0.1799 	 0.4682 	 -0.5759 	 0.1499 	 0.1873 	 -0.3860 	 0.3642
4.4289 	 -0.2883 	 0.0605 	 -0.1783 	 0.4700 	 -0.5797 	 0.1537 	 0.1638 	 -0.3740 	 0.3792
4.4389 	 -0.2836 	 0.0547 	 -0.1768 	 0.4715 	 -0.5833 	 0.1575 	 0.1365 	 -0.3583 	 0.3888
4.4489 	 -0.2789 	 0.0488 	 -0.1752 	 0.4727 	 -0.5868 	 0.1614 	 0.1068 	 -0.3403 	 0.3920
4.4589 	 -0.2742 	 0.0429 	 -0.1735 	 0.4736 	 -0.5902 	 0.1653 	 0.0769 	 -0.3213 	 0.3887
4.4689 	 -0.2694 	 0.0370 	 -0.1719 	 0.4743 	 -0.5933 	 0.1692 	 0.0487 	 -0.3027 	 0.3796
4.4790 	 -0.2647 	 0.0310 	 -0.1702 	 0.4746 	 -0.5962 	 0.1729 	 0.0240 	 -0.2853 	 0.3664
4.4890 	 -0.2599 	 0.0251 	 -0.1684 	 0.4748 	 -0.5990 	 0.1765 	 0.0040 	 -0.2694 	 0.3507
4.4990 	 -0.2551 	 0.0190 	 -0.1666 	 0.4747 	 -0.6016 	 0.1800 	 -0.0106 	 -0.2550 	 0.3341
4.5090 	 -0.2504 	 0.0130 	 -0.1648 	 0.4746 	 -0.6041 	 0.1832 	 -0.0198 	 -0.2420 	 0.3180
4.5190 	 -0.2456 	 0.0069 	 -0.1629 	 0.4744 	 -0.6065 	 0.1863 	 -0.0237 	 -0.2303 	 0.3030
4.5291 	 -0.2409 	 0.0008 	 -0.1611 	 0.4741 	 -0.6087 	 0.1893 	 -0.0227 	 -0.2196 	 0.2897
4.5391 	 -0.2361 	 -0.0053 	 -0.1592 	 0.4739 	 -0.6109 	 0.1921 	 -0.0174 	 -0.2100 	 0.2782
4.5491 	 -0.2314 	 -0.0114 	 -0.1572 	 0.4738 	 -0.6130 	 0.1949 	 -0.0081 	 -0.2015 	 0.2683
4.5591 	 -0.2266 	 -0.0175 	 -0.1552 	 0.4738 	 -0.6149 	 0.1975 	 0.0046 	 -0.1941 	 0.2600
4.5691 	 -0.2219 	 -0.0237 	 -0.1533 	 0.4739 	 -0.6169 	 0.2001 	 0.0202 	 -0.1880 	 0.2531
4.5792 	 -0.2171 	 -0.0299 	 -0.1512 	 0.4742 	 -0.6187 	 0.2026 	 0.0384 	 -0.1831 	 0.2473
4.5892 	 -0.2124 	 -0.0361 	 -0.1492 	 0.4747 	 -0.6205 	 0.2051 	 0.0589 	 -0.1796 	 0.2424
4.5992 	 -0.2076 	 -0.0423 	 -0.1471 	 0.4754 	 -0.6223 	 0.2075 	 0.0816 	 -0.1775 	 0.2384
4.6092 	 -0.2029 	 -0.0486 	 -0.1450 	 0.4763 	 -0.6241 	 0.2098 	 0.1063 	 -0.1767 	 0.2350
4.6192 	 -0.1981 	 -0.0548 	 -0.1429 	 0.4775 	 -0.6259 	 0.2122 	 0.1333 	 -0.1772 	 0.2321
4.6293 	 -0.1933 	 -0.0611 	 -0.1408 	 0.4790 	 -0.6276 	 0.2145 	 0.1628 	 -0.1787 	 0.2297
4.6393 	 -0.1885 	 -0.0674 	 -0.1386 	 0.4808 	 -0.6294 	 0.2168 	 0.1952 	 -0.1811 	 0.2275
4.6493 	 -0.1837 	 -0.0737 	 -0.1364 	 0.4829 	 -0.6313 	 0.2191 	 0.2312 	 -0.1840 	 0.2253
4.6593 	 -0.1788 	 -0.0801 	 -0.1342 	 0.4854 	 -0.6331 	 0.2213 	 0.2714 	 -0.1869 	 0.2225
4.6693 	 -0.1739 	 -0.0864 	 -0.1320 	 0.4884 	 -0.6350 	 0.2235 	 0.3167 	 -0.1889 	 0.2187
4.6794 	 -0.1690 	 -0.0928 	 -0.1298 	 0.4918 	 -0.6369 	 0.2257 	 0.3678 	 -0.1889 	 0.2127
4.6894 	 -0.1641 	 -0.0992 	 -0.1275 	 0.4958 	 -0.6388 	 0.2278 	 0.4251 	 -0.1851 	 0.2036
4.6994 	 -0.1591 	 -0.1056 	 -0.1252 	 0.5003 	 -0.6406 	 0.2297 	 0.4885 	 -0.1754 	 0.1901
4.7094 	 -0.1540 	 -0.1120 	 -0.1229 	 0.5056 	 -0.6423 	 0.2316 	 0.5567 	 -0.1569 	 0.1707
4.7194 	 -0.1489 	 -0.1185 	 -0.1206 	 0.5115 	 -0.6437 	 0.2331 	 0.6272 	 -0.1268 	 0.1446
4.7295 	 -0.1438 	 -0.1249 	 -0.1182 	 0.5181 	 -0.6448 	 0.2344 	 0.6956 	 -0.0824 	 0.1113
4.7395 	 -0.1385 	 -0.1314 	 -0.1159 	 0.5254 	 -0.6453 	 0.2353 	 0.7562 	 -0.0224 	 0.0713
4.7495 	 -0.1332 	 -0.1379 	 -0.1135 	 0.5332 	 -0.6452 	 0.2358 	 0.8022 	 0.0524 	 0.0265
4.7595 	 -0.1279 	 -0.1443 	 -0.1111 	 0.5414 	 -0.6442 	 0.2359 	 0.8278 	 0.1385 	 -0.0201
4.7695 	 -0.1224 	 -0.1508 	 -0.1088 	 0.5497 	 -0.6424 	 0.2354 	 0.8291 	 0.2301 	 -0.0651
4.7796 	 -0.1168 	 -0.1572 	 -0.1064 	 0.5579 	 -0.6396 	 0.2346 	 0.8060 	 0.3200 	 -0.1050
4.7896 	 -0.1112 	 -0.1636 	 -0.1041 	 0.5658 	 -0.6360 	 0.2334 	 0.7614 	 0.4016 	 -0.1376
4.7996 	 -0.1055 	 -0.1699 	 -0.1017 	 0.5732 	 -0.6316 	 0.2319 	 0.7007 	 0.4701 	 -0.1618
4.8096 	 -0.0997 	 -0.1762 	 -0.0994 	 0.5798 	 -0.6266 	 0.2301 	 0.6304 	 0.5230 	 -0.1778
4.8196 	 -0.0939 	 -0.1825 	 -0.0971 	 0.5858 	 -0.6212 	 0.2283 	 0.5563 	 0.5603 	 -0.1867
4.8297 	 -0.0880 	 -0.1887 	 -0.0949 	 0.5910 	 -0.6154 	 0.2264 	 0.4830 	 0.5835 	 -0.1901
4.8397 	 -0.0821 	 -0.1948 	 -0.0926 	 0.5955 	 -0.6095 	 0.2245 	 0.4136 	 0.5949 	 -0.1893
4.8497 	 -0.0761 	 -0.2009 	 -0.0904 	 0.5993 	 -0.6035 	 0.2226 	 0.3498 	 0.5970 	 -0.1860
4.8597 	 -0.0700 	 -0.2069 	 -0.0881 	 0.6025 	 -0.5976 	 0.2208 	 0.2924 	 0.5922 	 -0.1810
4.8697 	 -0.0640 	 -0.2129 	 -0.0859 	 0.6052 	 -0.5917 	 0.2190 	 0.2414 	 0.5824 	 -0.1752
4.8798 	 -0.0579 	 -0.2188 	 -0.0837 	 0.6074 	 -0.5859 	 0.2173 	 0.1964 	 0.5694 	 -0.1693
4.8898 	 -0.0518 	 -0.2246 	 -0.0816 	 0.6091 	 -0.5803 	 0.2156 	 0.1569 	 0.5543 	 -0.1634
4.8998 	 -0.0457 	 -0.2304 	 -0.0794 	 0.6105 	 -0.5748 	 0.2140 	 0.1223 	 0.5381 	 -0.1579
4.9098 	 -0.0396 	 -0.2361 	 -0.0773 	 0.6116 	 -0.5695 	 0.2125 	 0.0919 	 0.5213 	 -0.1528
4.9198 	 -0.0335 	 -0.2418 	 -0.0752 	 0.6124 	 -0.5644 	 0.2109 	 0.0651 	 0.5044 	 -0.1482
4.9299 	 -0.0273 	 -0.2474 	 -0.0731 	 0.6129 	 -0.5594 	 0.2095 	 0.0414 	 0.4877 	 -0.1441
4.9399 	 -0.0212 	 -0.2530 	 -0.0710 	 0.6132 	 -0.5546 	 0.2081 	 0.0203 	 0.4714 	 -0.1405
4.9499 	 -0.0150 	 -0.2586 	 -0.0689 	 0.6133 	 -0.5500 	 0.2067 	 0.0015 	 0.4557 	 -0.1373
4.9599 	 -0.0089 	 -0.2640 	 -0.0668 	 0.6132 	 -0.5455 	 0.2053 	 -0.0154 	 0.4406 	 -0.1345
4.9699 	 -0.0028 	 -0.2695 	 -0.0648 	 0.6130 	 -0.5411 	 0.2040 	 -0.0307 	 0.4262 	 -0.1320
4.9800 	 0.0034 	 -0.2749 	 -0.0627 	 0.6126 	 -0.5369 	 0.2027 	 -0.0445 	 0.4124 	 -0.1298
4.9900 	 0.0095 	 -0.2802 	 -0.0607 	 0.6121 	 -0.5329 	 0.2014 	 -0.0571 	 0.3993 	 -0.1277
