100-Body Run with i = 9 th particle. (Units in pc,M_solar,Myr, km s-1) 

time		 x 		 y 		 z 		 xdot 		 ydot 		 zdot 		 xddot 		 yddot 		 zddot
0.0000 	 -0.6397 	 -0.4451 	 -1.1132 	 -0.0114 	 -0.0089 	 -0.0334 	 0.1426 	 0.0744 	 0.1383
0.0100 	 -0.6398 	 -0.4452 	 -1.1135 	 -0.0100 	 -0.0081 	 -0.0320 	 0.1425 	 0.0744 	 0.1382
0.0200 	 -0.6399 	 -0.4453 	 -1.1139 	 -0.0086 	 -0.0074 	 -0.0306 	 0.1425 	 0.0743 	 0.1382
0.0301 	 -0.6400 	 -0.4454 	 -1.1142 	 -0.0071 	 -0.0066 	 -0.0292 	 0.1425 	 0.0743 	 0.1380
0.0401 	 -0.6400 	 -0.4454 	 -1.1144 	 -0.0057 	 -0.0058 	 -0.0278 	 0.1419 	 0.0772 	 0.1419
0.0501 	 -0.6401 	 -0.4455 	 -1.1147 	 -0.0044 	 -0.0051 	 -0.0264 	 0.1337 	 0.0729 	 0.1326
0.0601 	 -0.6401 	 -0.4455 	 -1.1150 	 -0.0030 	 -0.0043 	 -0.0251 	 0.1380 	 0.0717 	 0.1319
0.0701 	 -0.6401 	 -0.4456 	 -1.1152 	 -0.0017 	 -0.0036 	 -0.0238 	 0.1385 	 0.0716 	 0.1316
0.0802 	 -0.6402 	 -0.4456 	 -1.1155 	 -0.0003 	 -0.0029 	 -0.0225 	 0.1386 	 0.0715 	 0.1313
0.0902 	 -0.6401 	 -0.4456 	 -1.1157 	 0.0011 	 -0.0022 	 -0.0211 	 0.1384 	 0.0715 	 0.1309
0.1002 	 -0.6401 	 -0.4457 	 -1.1159 	 0.0025 	 -0.0015 	 -0.0198 	 0.1383 	 0.0715 	 0.1306
0.1102 	 -0.6401 	 -0.4457 	 -1.1161 	 0.0039 	 -0.0008 	 -0.0185 	 0.1381 	 0.0715 	 0.1303
0.1202 	 -0.6401 	 -0.4457 	 -1.1162 	 0.0053 	 -0.0000 	 -0.0172 	 0.1381 	 0.0717 	 0.1302
0.1303 	 -0.6400 	 -0.4457 	 -1.1164 	 0.0067 	 0.0007 	 -0.0159 	 0.1386 	 0.0721 	 0.1303
0.1403 	 -0.6399 	 -0.4457 	 -1.1166 	 0.0081 	 0.0014 	 -0.0146 	 0.1394 	 0.0728 	 0.1305
0.1503 	 -0.6398 	 -0.4456 	 -1.1167 	 0.0095 	 0.0021 	 -0.0133 	 0.1409 	 0.0737 	 0.1308
0.1603 	 -0.6397 	 -0.4456 	 -1.1168 	 0.0109 	 0.0029 	 -0.0120 	 0.1430 	 0.0750 	 0.1308
0.1703 	 -0.6396 	 -0.4456 	 -1.1169 	 0.0123 	 0.0036 	 -0.0107 	 0.1458 	 0.0763 	 0.1299
0.1804 	 -0.6395 	 -0.4455 	 -1.1170 	 0.0138 	 0.0044 	 -0.0094 	 0.1500 	 0.0785 	 0.1278
0.1904 	 -0.6393 	 -0.4455 	 -1.1171 	 0.0153 	 0.0052 	 -0.0081 	 0.1555 	 0.0812 	 0.1237
0.2004 	 -0.6392 	 -0.4454 	 -1.1172 	 0.0169 	 0.0060 	 -0.0069 	 0.1606 	 0.0836 	 0.1164
0.2104 	 -0.6390 	 -0.4454 	 -1.1173 	 0.0185 	 0.0069 	 -0.0058 	 0.1619 	 0.0840 	 0.1065
0.2204 	 -0.6388 	 -0.4453 	 -1.1173 	 0.0201 	 0.0077 	 -0.0048 	 0.1571 	 0.0816 	 0.0981
0.2305 	 -0.6386 	 -0.4452 	 -1.1174 	 0.0217 	 0.0085 	 -0.0038 	 0.1488 	 0.0779 	 0.0951
0.2405 	 -0.6384 	 -0.4451 	 -1.1174 	 0.0231 	 0.0093 	 -0.0029 	 0.1410 	 0.0747 	 0.0970
0.2505 	 -0.6381 	 -0.4450 	 -1.1174 	 0.0245 	 0.0100 	 -0.0019 	 0.1357 	 0.0728 	 0.1006
0.2605 	 -0.6379 	 -0.4449 	 -1.1174 	 0.0259 	 0.0107 	 -0.0008 	 0.1324 	 0.0719 	 0.1042
0.2705 	 -0.6376 	 -0.4448 	 -1.1174 	 0.0272 	 0.0115 	 0.0002 	 0.1305 	 0.0715 	 0.1071
0.2806 	 -0.6373 	 -0.4447 	 -1.1174 	 0.0285 	 0.0122 	 0.0013 	 0.1294 	 0.0714 	 0.1093
0.2906 	 -0.6370 	 -0.4446 	 -1.1174 	 0.0298 	 0.0129 	 0.0024 	 0.1286 	 0.0715 	 0.1107
0.3006 	 -0.6367 	 -0.4444 	 -1.1174 	 0.0311 	 0.0136 	 0.0035 	 0.1281 	 0.0715 	 0.1118
0.3106 	 -0.6364 	 -0.4443 	 -1.1173 	 0.0323 	 0.0143 	 0.0046 	 0.1277 	 0.0715 	 0.1125
0.3206 	 -0.6361 	 -0.4442 	 -1.1173 	 0.0336 	 0.0150 	 0.0058 	 0.1273 	 0.0714 	 0.1130
0.3307 	 -0.6357 	 -0.4440 	 -1.1172 	 0.0349 	 0.0158 	 0.0069 	 0.1269 	 0.0713 	 0.1133
0.3407 	 -0.6354 	 -0.4438 	 -1.1172 	 0.0362 	 0.0165 	 0.0080 	 0.1266 	 0.0711 	 0.1135
0.3507 	 -0.6350 	 -0.4437 	 -1.1171 	 0.0374 	 0.0172 	 0.0092 	 0.1262 	 0.0709 	 0.1137
0.3607 	 -0.6346 	 -0.4435 	 -1.1170 	 0.0387 	 0.0179 	 0.0103 	 0.1259 	 0.0706 	 0.1138
0.3707 	 -0.6342 	 -0.4433 	 -1.1169 	 0.0399 	 0.0186 	 0.0115 	 0.1255 	 0.0703 	 0.1139
0.3808 	 -0.6338 	 -0.4431 	 -1.1167 	 0.0412 	 0.0193 	 0.0126 	 0.1252 	 0.0700 	 0.1141
0.3908 	 -0.6334 	 -0.4429 	 -1.1166 	 0.0425 	 0.0200 	 0.0137 	 0.1249 	 0.0696 	 0.1143
0.4008 	 -0.6330 	 -0.4427 	 -1.1165 	 0.0437 	 0.0207 	 0.0149 	 0.1245 	 0.0693 	 0.1145
0.4108 	 -0.6325 	 -0.4425 	 -1.1163 	 0.0449 	 0.0214 	 0.0160 	 0.1242 	 0.0689 	 0.1147
0.4208 	 -0.6321 	 -0.4423 	 -1.1161 	 0.0462 	 0.0221 	 0.0172 	 0.1239 	 0.0685 	 0.1149
0.4309 	 -0.6316 	 -0.4421 	 -1.1160 	 0.0474 	 0.0228 	 0.0183 	 0.1236 	 0.0682 	 0.1152
0.4409 	 -0.6311 	 -0.4418 	 -1.1158 	 0.0487 	 0.0234 	 0.0195 	 0.1233 	 0.0679 	 0.1155
0.4509 	 -0.6306 	 -0.4416 	 -1.1156 	 0.0499 	 0.0241 	 0.0207 	 0.1230 	 0.0676 	 0.1159
0.4609 	 -0.6301 	 -0.4414 	 -1.1154 	 0.0511 	 0.0248 	 0.0218 	 0.1227 	 0.0673 	 0.1162
0.4709 	 -0.6296 	 -0.4411 	 -1.1151 	 0.0524 	 0.0255 	 0.0230 	 0.1224 	 0.0670 	 0.1166
0.4810 	 -0.6291 	 -0.4408 	 -1.1149 	 0.0536 	 0.0261 	 0.0242 	 0.1221 	 0.0668 	 0.1169
0.4910 	 -0.6285 	 -0.4406 	 -1.1147 	 0.0548 	 0.0268 	 0.0253 	 0.1218 	 0.0665 	 0.1173
0.5010 	 -0.6280 	 -0.4403 	 -1.1144 	 0.0560 	 0.0275 	 0.0265 	 0.1215 	 0.0663 	 0.1176
0.5110 	 -0.6274 	 -0.4400 	 -1.1141 	 0.0572 	 0.0281 	 0.0277 	 0.1195 	 0.0646 	 0.1157
0.5210 	 -0.6268 	 -0.4397 	 -1.1138 	 0.0584 	 0.0288 	 0.0288 	 0.1195 	 0.0650 	 0.1156
0.5311 	 -0.6263 	 -0.4395 	 -1.1135 	 0.0596 	 0.0294 	 0.0300 	 0.1192 	 0.0649 	 0.1159
0.5411 	 -0.6256 	 -0.4392 	 -1.1132 	 0.0608 	 0.0301 	 0.0312 	 0.1190 	 0.0648 	 0.1163
0.5511 	 -0.6250 	 -0.4388 	 -1.1129 	 0.0620 	 0.0307 	 0.0323 	 0.1188 	 0.0646 	 0.1166
0.5611 	 -0.6244 	 -0.4385 	 -1.1126 	 0.0632 	 0.0314 	 0.0335 	 0.1186 	 0.0645 	 0.1169
0.5711 	 -0.6238 	 -0.4382 	 -1.1123 	 0.0644 	 0.0320 	 0.0347 	 0.1184 	 0.0645 	 0.1172
0.5812 	 -0.6231 	 -0.4379 	 -1.1119 	 0.0656 	 0.0327 	 0.0359 	 0.1183 	 0.0644 	 0.1175
0.5912 	 -0.6225 	 -0.4376 	 -1.1115 	 0.0668 	 0.0333 	 0.0370 	 0.1181 	 0.0643 	 0.1178
0.6012 	 -0.6218 	 -0.4372 	 -1.1112 	 0.0679 	 0.0340 	 0.0382 	 0.1180 	 0.0643 	 0.1181
0.6112 	 -0.6211 	 -0.4369 	 -1.1108 	 0.0691 	 0.0346 	 0.0394 	 0.1179 	 0.0642 	 0.1183
0.6212 	 -0.6204 	 -0.4365 	 -1.1104 	 0.0703 	 0.0353 	 0.0406 	 0.1178 	 0.0642 	 0.1186
0.6313 	 -0.6197 	 -0.4362 	 -1.1100 	 0.0715 	 0.0359 	 0.0418 	 0.1178 	 0.0642 	 0.1188
0.6413 	 -0.6190 	 -0.4358 	 -1.1095 	 0.0727 	 0.0365 	 0.0430 	 0.1177 	 0.0641 	 0.1190
0.6513 	 -0.6182 	 -0.4354 	 -1.1091 	 0.0739 	 0.0372 	 0.0442 	 0.1177 	 0.0641 	 0.1192
0.6613 	 -0.6175 	 -0.4351 	 -1.1086 	 0.0750 	 0.0378 	 0.0454 	 0.1178 	 0.0641 	 0.1193
0.6713 	 -0.6167 	 -0.4347 	 -1.1082 	 0.0762 	 0.0385 	 0.0465 	 0.1179 	 0.0641 	 0.1194
0.6814 	 -0.6160 	 -0.4343 	 -1.1077 	 0.0774 	 0.0391 	 0.0477 	 0.1180 	 0.0640 	 0.1194
0.6914 	 -0.6152 	 -0.4339 	 -1.1072 	 0.0786 	 0.0397 	 0.0489 	 0.1177 	 0.0637 	 0.1185
0.7014 	 -0.6144 	 -0.4335 	 -1.1067 	 0.0798 	 0.0404 	 0.0501 	 0.1178 	 0.0634 	 0.1180
0.7114 	 -0.6136 	 -0.4331 	 -1.1062 	 0.0809 	 0.0410 	 0.0513 	 0.1182 	 0.0632 	 0.1177
0.7214 	 -0.6128 	 -0.4327 	 -1.1057 	 0.0821 	 0.0416 	 0.0525 	 0.1186 	 0.0631 	 0.1176
0.7315 	 -0.6119 	 -0.4323 	 -1.1052 	 0.0833 	 0.0423 	 0.0537 	 0.1190 	 0.0630 	 0.1175
0.7415 	 -0.6111 	 -0.4318 	 -1.1046 	 0.0845 	 0.0429 	 0.0548 	 0.1194 	 0.0630 	 0.1173
0.7515 	 -0.6102 	 -0.4314 	 -1.1041 	 0.0857 	 0.0435 	 0.0560 	 0.1199 	 0.0629 	 0.1172
0.7615 	 -0.6094 	 -0.4310 	 -1.1035 	 0.0869 	 0.0442 	 0.0572 	 0.1204 	 0.0629 	 0.1170
0.7715 	 -0.6085 	 -0.4305 	 -1.1029 	 0.0881 	 0.0448 	 0.0584 	 0.1208 	 0.0630 	 0.1168
0.7816 	 -0.6076 	 -0.4301 	 -1.1023 	 0.0893 	 0.0454 	 0.0595 	 0.1213 	 0.0631 	 0.1165
0.7916 	 -0.6067 	 -0.4296 	 -1.1017 	 0.0905 	 0.0461 	 0.0607 	 0.1217 	 0.0632 	 0.1163
0.8016 	 -0.6058 	 -0.4291 	 -1.1011 	 0.0918 	 0.0467 	 0.0619 	 0.1221 	 0.0633 	 0.1161
0.8116 	 -0.6049 	 -0.4287 	 -1.1005 	 0.0930 	 0.0473 	 0.0630 	 0.1225 	 0.0636 	 0.1159
0.8216 	 -0.6039 	 -0.4282 	 -1.0999 	 0.0942 	 0.0480 	 0.0642 	 0.1229 	 0.0639 	 0.1157
0.8317 	 -0.6030 	 -0.4277 	 -1.0992 	 0.0955 	 0.0486 	 0.0653 	 0.1233 	 0.0643 	 0.1156
0.8417 	 -0.6020 	 -0.4272 	 -1.0985 	 0.0967 	 0.0493 	 0.0665 	 0.1238 	 0.0649 	 0.1155
0.8517 	 -0.6010 	 -0.4267 	 -1.0979 	 0.0979 	 0.0499 	 0.0676 	 0.1244 	 0.0655 	 0.1154
0.8617 	 -0.6000 	 -0.4262 	 -1.0972 	 0.0992 	 0.0506 	 0.0688 	 0.1250 	 0.0663 	 0.1153
0.8717 	 -0.5990 	 -0.4257 	 -1.0965 	 0.1004 	 0.0512 	 0.0700 	 0.1257 	 0.0672 	 0.1153
0.8818 	 -0.5980 	 -0.4252 	 -1.0958 	 0.1017 	 0.0519 	 0.0711 	 0.1265 	 0.0682 	 0.1153
0.8918 	 -0.5970 	 -0.4247 	 -1.0951 	 0.1030 	 0.0526 	 0.0723 	 0.1275 	 0.0694 	 0.1152
0.9018 	 -0.5960 	 -0.4241 	 -1.0943 	 0.1043 	 0.0533 	 0.0734 	 0.1285 	 0.0708 	 0.1151
0.9118 	 -0.5949 	 -0.4236 	 -1.0936 	 0.1056 	 0.0540 	 0.0746 	 0.1298 	 0.0723 	 0.1150
0.9218 	 -0.5939 	 -0.4231 	 -1.0928 	 0.1069 	 0.0548 	 0.0757 	 0.1312 	 0.0741 	 0.1147
0.9319 	 -0.5928 	 -0.4225 	 -1.0921 	 0.1082 	 0.0555 	 0.0769 	 0.1327 	 0.0761 	 0.1144
0.9419 	 -0.5917 	 -0.4219 	 -1.0913 	 0.1095 	 0.0563 	 0.0780 	 0.1345 	 0.0784 	 0.1139
0.9519 	 -0.5906 	 -0.4214 	 -1.0905 	 0.1109 	 0.0571 	 0.0792 	 0.1364 	 0.0809 	 0.1131
0.9619 	 -0.5895 	 -0.4208 	 -1.0897 	 0.1123 	 0.0579 	 0.0803 	 0.1384 	 0.0838 	 0.1122
0.9719 	 -0.5883 	 -0.4202 	 -1.0889 	 0.1137 	 0.0588 	 0.0814 	 0.1406 	 0.0870 	 0.1108
0.9820 	 -0.5872 	 -0.4196 	 -1.0881 	 0.1151 	 0.0597 	 0.0825 	 0.1429 	 0.0906 	 0.1091
0.9920 	 -0.5860 	 -0.4190 	 -1.0873 	 0.1165 	 0.0606 	 0.0836 	 0.1452 	 0.0945 	 0.1069
1.0020 	 -0.5849 	 -0.4184 	 -1.0864 	 0.1180 	 0.0616 	 0.0846 	 0.1476 	 0.0989 	 0.1040
1.0120 	 -0.5837 	 -0.4178 	 -1.0856 	 0.1195 	 0.0626 	 0.0857 	 0.1498 	 0.1035 	 0.1005
1.0220 	 -0.5825 	 -0.4171 	 -1.0847 	 0.1210 	 0.0636 	 0.0867 	 0.1517 	 0.1085 	 0.0962
1.0321 	 -0.5812 	 -0.4165 	 -1.0838 	 0.1225 	 0.0647 	 0.0876 	 0.1532 	 0.1136 	 0.0910
1.0421 	 -0.5800 	 -0.4158 	 -1.0829 	 0.1241 	 0.0659 	 0.0885 	 0.1539 	 0.1187 	 0.0850
1.0521 	 -0.5788 	 -0.4152 	 -1.0821 	 0.1256 	 0.0671 	 0.0893 	 0.1538 	 0.1236 	 0.0782
1.0621 	 -0.5775 	 -0.4145 	 -1.0812 	 0.1271 	 0.0684 	 0.0900 	 0.1524 	 0.1280 	 0.0708
1.0721 	 -0.5762 	 -0.4138 	 -1.0802 	 0.1286 	 0.0697 	 0.0907 	 0.1495 	 0.1314 	 0.0630
1.0822 	 -0.5749 	 -0.4131 	 -1.0793 	 0.1301 	 0.0710 	 0.0913 	 0.1450 	 0.1337 	 0.0554
1.0922 	 -0.5736 	 -0.4124 	 -1.0784 	 0.1315 	 0.0724 	 0.0918 	 0.1389 	 0.1345 	 0.0481
1.1022 	 -0.5723 	 -0.4117 	 -1.0775 	 0.1329 	 0.0737 	 0.0923 	 0.1314 	 0.1337 	 0.0416
1.1122 	 -0.5709 	 -0.4109 	 -1.0766 	 0.1342 	 0.0750 	 0.0927 	 0.1230 	 0.1310 	 0.0360
1.1222 	 -0.5696 	 -0.4102 	 -1.0756 	 0.1354 	 0.0763 	 0.0930 	 0.1149 	 0.1265 	 0.0319
1.1323 	 -0.5682 	 -0.4094 	 -1.0747 	 0.1365 	 0.0776 	 0.0933 	 0.1076 	 0.1207 	 0.0297
1.1423 	 -0.5668 	 -0.4086 	 -1.0738 	 0.1375 	 0.0787 	 0.0936 	 0.1013 	 0.1141 	 0.0298
1.1523 	 -0.5655 	 -0.4078 	 -1.0728 	 0.1385 	 0.0798 	 0.0939 	 0.0959 	 0.1074 	 0.0320
1.1623 	 -0.5641 	 -0.4070 	 -1.0719 	 0.1395 	 0.0809 	 0.0942 	 0.0916 	 0.1008 	 0.0356
1.1723 	 -0.5627 	 -0.4062 	 -1.0709 	 0.1404 	 0.0819 	 0.0946 	 0.0882 	 0.0948 	 0.0403
1.1824 	 -0.5613 	 -0.4054 	 -1.0700 	 0.1412 	 0.0828 	 0.0951 	 0.0857 	 0.0894 	 0.0456
1.1924 	 -0.5598 	 -0.4045 	 -1.0690 	 0.1421 	 0.0837 	 0.0955 	 0.0840 	 0.0847 	 0.0512
1.2024 	 -0.5584 	 -0.4037 	 -1.0681 	 0.1429 	 0.0845 	 0.0961 	 0.0830 	 0.0808 	 0.0567
1.2124 	 -0.5570 	 -0.4028 	 -1.0671 	 0.1437 	 0.0853 	 0.0967 	 0.0825 	 0.0775 	 0.0620
1.2224 	 -0.5555 	 -0.4020 	 -1.0661 	 0.1446 	 0.0860 	 0.0973 	 0.0825 	 0.0748 	 0.0670
1.2325 	 -0.5541 	 -0.4011 	 -1.0652 	 0.1454 	 0.0868 	 0.0980 	 0.0827 	 0.0726 	 0.0717
1.2425 	 -0.5526 	 -0.4002 	 -1.0642 	 0.1462 	 0.0875 	 0.0988 	 0.0832 	 0.0709 	 0.0759
1.2525 	 -0.5511 	 -0.3994 	 -1.0632 	 0.1471 	 0.0882 	 0.0995 	 0.0838 	 0.0696 	 0.0797
1.2625 	 -0.5497 	 -0.3985 	 -1.0622 	 0.1479 	 0.0889 	 0.1004 	 0.0845 	 0.0686 	 0.0831
1.2725 	 -0.5482 	 -0.3976 	 -1.0612 	 0.1488 	 0.0896 	 0.1012 	 0.0853 	 0.0678 	 0.0862
1.2826 	 -0.5467 	 -0.3967 	 -1.0602 	 0.1496 	 0.0903 	 0.1021 	 0.0860 	 0.0673 	 0.0889
1.2926 	 -0.5452 	 -0.3958 	 -1.0591 	 0.1505 	 0.0909 	 0.1030 	 0.0868 	 0.0669 	 0.0912
1.3026 	 -0.5437 	 -0.3948 	 -1.0581 	 0.1514 	 0.0916 	 0.1039 	 0.0875 	 0.0666 	 0.0933
1.3126 	 -0.5422 	 -0.3939 	 -1.0570 	 0.1522 	 0.0923 	 0.1049 	 0.0881 	 0.0664 	 0.0952
1.3226 	 -0.5406 	 -0.3930 	 -1.0560 	 0.1531 	 0.0929 	 0.1058 	 0.0887 	 0.0662 	 0.0968
1.3327 	 -0.5391 	 -0.3921 	 -1.0549 	 0.1540 	 0.0936 	 0.1068 	 0.0893 	 0.0661 	 0.0982
1.3427 	 -0.5375 	 -0.3911 	 -1.0538 	 0.1549 	 0.0943 	 0.1078 	 0.0898 	 0.0660 	 0.0994
1.3527 	 -0.5360 	 -0.3902 	 -1.0528 	 0.1558 	 0.0949 	 0.1088 	 0.0903 	 0.0658 	 0.1005
1.3627 	 -0.5344 	 -0.3892 	 -1.0517 	 0.1567 	 0.0956 	 0.1098 	 0.0907 	 0.0657 	 0.1014
1.3727 	 -0.5328 	 -0.3883 	 -1.0506 	 0.1576 	 0.0962 	 0.1108 	 0.0911 	 0.0655 	 0.1023
1.3828 	 -0.5313 	 -0.3873 	 -1.0494 	 0.1585 	 0.0969 	 0.1118 	 0.0914 	 0.0654 	 0.1031
1.3928 	 -0.5297 	 -0.3863 	 -1.0483 	 0.1595 	 0.0975 	 0.1129 	 0.0917 	 0.0652 	 0.1038
1.4028 	 -0.5281 	 -0.3853 	 -1.0472 	 0.1604 	 0.0982 	 0.1139 	 0.0920 	 0.0649 	 0.1045
1.4128 	 -0.5264 	 -0.3844 	 -1.0460 	 0.1613 	 0.0988 	 0.1150 	 0.0922 	 0.0647 	 0.1051
1.4228 	 -0.5248 	 -0.3834 	 -1.0449 	 0.1622 	 0.0995 	 0.1160 	 0.0925 	 0.0644 	 0.1057
1.4329 	 -0.5232 	 -0.3824 	 -1.0437 	 0.1632 	 0.1001 	 0.1171 	 0.0927 	 0.0641 	 0.1063
1.4429 	 -0.5216 	 -0.3814 	 -1.0425 	 0.1641 	 0.1008 	 0.1182 	 0.0929 	 0.0639 	 0.1069
1.4529 	 -0.5199 	 -0.3803 	 -1.0413 	 0.1650 	 0.1014 	 0.1192 	 0.0931 	 0.0636 	 0.1074
1.4629 	 -0.5183 	 -0.3793 	 -1.0401 	 0.1660 	 0.1021 	 0.1203 	 0.0933 	 0.0633 	 0.1080
1.4729 	 -0.5166 	 -0.3783 	 -1.0389 	 0.1669 	 0.1027 	 0.1214 	 0.0935 	 0.0631 	 0.1086
1.4830 	 -0.5149 	 -0.3773 	 -1.0377 	 0.1678 	 0.1033 	 0.1225 	 0.0937 	 0.0628 	 0.1092
1.4930 	 -0.5132 	 -0.3762 	 -1.0365 	 0.1688 	 0.1039 	 0.1236 	 0.0938 	 0.0626 	 0.1097
1.5030 	 -0.5115 	 -0.3752 	 -1.0352 	 0.1697 	 0.1046 	 0.1247 	 0.0940 	 0.0624 	 0.1103
1.5130 	 -0.5098 	 -0.3741 	 -1.0340 	 0.1706 	 0.1052 	 0.1258 	 0.0941 	 0.0622 	 0.1109
1.5230 	 -0.5081 	 -0.3731 	 -1.0327 	 0.1716 	 0.1058 	 0.1269 	 0.0943 	 0.0621 	 0.1115
1.5331 	 -0.5064 	 -0.3720 	 -1.0314 	 0.1725 	 0.1064 	 0.1280 	 0.0944 	 0.0620 	 0.1121
1.5431 	 -0.5046 	 -0.3709 	 -1.0301 	 0.1735 	 0.1071 	 0.1292 	 0.0945 	 0.0619 	 0.1127
1.5531 	 -0.5029 	 -0.3699 	 -1.0288 	 0.1744 	 0.1077 	 0.1303 	 0.0947 	 0.0619 	 0.1133
1.5631 	 -0.5012 	 -0.3688 	 -1.0275 	 0.1754 	 0.1083 	 0.1314 	 0.0948 	 0.0619 	 0.1139
1.5731 	 -0.4994 	 -0.3677 	 -1.0262 	 0.1763 	 0.1089 	 0.1326 	 0.0949 	 0.0619 	 0.1145
1.5832 	 -0.4976 	 -0.3666 	 -1.0249 	 0.1773 	 0.1095 	 0.1337 	 0.0950 	 0.0620 	 0.1151
1.5932 	 -0.4958 	 -0.3655 	 -1.0235 	 0.1782 	 0.1102 	 0.1349 	 0.0950 	 0.0621 	 0.1157
1.6032 	 -0.4940 	 -0.3644 	 -1.0222 	 0.1792 	 0.1108 	 0.1360 	 0.0951 	 0.0622 	 0.1163
1.6132 	 -0.4922 	 -0.3633 	 -1.0208 	 0.1801 	 0.1114 	 0.1372 	 0.0951 	 0.0623 	 0.1169
1.6232 	 -0.4904 	 -0.3622 	 -1.0194 	 0.1811 	 0.1120 	 0.1384 	 0.0952 	 0.0625 	 0.1175
1.6333 	 -0.4886 	 -0.3610 	 -1.0180 	 0.1820 	 0.1127 	 0.1396 	 0.0952 	 0.0627 	 0.1181
1.6433 	 -0.4868 	 -0.3599 	 -1.0166 	 0.1830 	 0.1133 	 0.1407 	 0.0952 	 0.0629 	 0.1187
1.6533 	 -0.4849 	 -0.3588 	 -1.0152 	 0.1840 	 0.1139 	 0.1419 	 0.0952 	 0.0632 	 0.1193
1.6633 	 -0.4831 	 -0.3576 	 -1.0138 	 0.1849 	 0.1146 	 0.1431 	 0.0952 	 0.0635 	 0.1199
1.6733 	 -0.4812 	 -0.3565 	 -1.0123 	 0.1859 	 0.1152 	 0.1443 	 0.0952 	 0.0637 	 0.1206
1.6834 	 -0.4794 	 -0.3553 	 -1.0109 	 0.1868 	 0.1158 	 0.1456 	 0.0952 	 0.0640 	 0.1212
1.6934 	 -0.4775 	 -0.3541 	 -1.0094 	 0.1878 	 0.1165 	 0.1468 	 0.0952 	 0.0644 	 0.1219
1.7034 	 -0.4756 	 -0.3530 	 -1.0079 	 0.1887 	 0.1171 	 0.1480 	 0.0951 	 0.0647 	 0.1225
1.7134 	 -0.4737 	 -0.3518 	 -1.0065 	 0.1897 	 0.1178 	 0.1492 	 0.0951 	 0.0650 	 0.1232
1.7234 	 -0.4718 	 -0.3506 	 -1.0050 	 0.1906 	 0.1184 	 0.1505 	 0.0950 	 0.0654 	 0.1240
1.7335 	 -0.4699 	 -0.3494 	 -1.0034 	 0.1916 	 0.1191 	 0.1517 	 0.0950 	 0.0658 	 0.1247
1.7435 	 -0.4680 	 -0.3482 	 -1.0019 	 0.1925 	 0.1197 	 0.1530 	 0.0949 	 0.0661 	 0.1255
1.7535 	 -0.4660 	 -0.3470 	 -1.0004 	 0.1935 	 0.1204 	 0.1542 	 0.0949 	 0.0665 	 0.1263
1.7635 	 -0.4641 	 -0.3458 	 -0.9988 	 0.1944 	 0.1211 	 0.1555 	 0.0948 	 0.0669 	 0.1272
1.7735 	 -0.4621 	 -0.3446 	 -0.9973 	 0.1954 	 0.1218 	 0.1568 	 0.0948 	 0.0673 	 0.1281
1.7836 	 -0.4602 	 -0.3434 	 -0.9957 	 0.1963 	 0.1224 	 0.1581 	 0.0947 	 0.0677 	 0.1290
1.7936 	 -0.4582 	 -0.3421 	 -0.9941 	 0.1973 	 0.1231 	 0.1594 	 0.0947 	 0.0681 	 0.1300
1.8036 	 -0.4562 	 -0.3409 	 -0.9925 	 0.1982 	 0.1238 	 0.1607 	 0.0946 	 0.0686 	 0.1310
1.8136 	 -0.4542 	 -0.3397 	 -0.9909 	 0.1992 	 0.1245 	 0.1620 	 0.0946 	 0.0690 	 0.1320
1.8236 	 -0.4522 	 -0.3384 	 -0.9892 	 0.2001 	 0.1252 	 0.1633 	 0.0945 	 0.0694 	 0.1330
1.8337 	 -0.4502 	 -0.3372 	 -0.9876 	 0.2011 	 0.1259 	 0.1647 	 0.0945 	 0.0698 	 0.1342
1.8437 	 -0.4482 	 -0.3359 	 -0.9859 	 0.2020 	 0.1266 	 0.1660 	 0.0944 	 0.0702 	 0.1353
1.8537 	 -0.4462 	 -0.3346 	 -0.9843 	 0.2030 	 0.1273 	 0.1674 	 0.0944 	 0.0707 	 0.1365
1.8637 	 -0.4441 	 -0.3333 	 -0.9826 	 0.2039 	 0.1280 	 0.1687 	 0.0943 	 0.0711 	 0.1377
1.8737 	 -0.4421 	 -0.3321 	 -0.9809 	 0.2049 	 0.1287 	 0.1701 	 0.0942 	 0.0715 	 0.1389
1.8838 	 -0.4400 	 -0.3308 	 -0.9792 	 0.2058 	 0.1294 	 0.1715 	 0.0941 	 0.0719 	 0.1401
1.8938 	 -0.4380 	 -0.3295 	 -0.9775 	 0.2067 	 0.1301 	 0.1729 	 0.0940 	 0.0723 	 0.1414
1.9038 	 -0.4359 	 -0.3282 	 -0.9757 	 0.2077 	 0.1309 	 0.1744 	 0.0938 	 0.0727 	 0.1426
1.9138 	 -0.4338 	 -0.3268 	 -0.9740 	 0.2086 	 0.1316 	 0.1758 	 0.0937 	 0.0731 	 0.1438
1.9238 	 -0.4317 	 -0.3255 	 -0.9722 	 0.2096 	 0.1323 	 0.1772 	 0.0935 	 0.0735 	 0.1450
1.9339 	 -0.4296 	 -0.3242 	 -0.9704 	 0.2105 	 0.1331 	 0.1787 	 0.0933 	 0.0739 	 0.1461
1.9439 	 -0.4275 	 -0.3228 	 -0.9686 	 0.2114 	 0.1338 	 0.1802 	 0.0931 	 0.0742 	 0.1472
1.9539 	 -0.4254 	 -0.3215 	 -0.9668 	 0.2124 	 0.1346 	 0.1816 	 0.0929 	 0.0746 	 0.1482
1.9639 	 -0.4232 	 -0.3202 	 -0.9650 	 0.2133 	 0.1353 	 0.1831 	 0.0927 	 0.0749 	 0.1492
1.9739 	 -0.4211 	 -0.3188 	 -0.9631 	 0.2142 	 0.1361 	 0.1846 	 0.0926 	 0.0753 	 0.1500
1.9840 	 -0.4189 	 -0.3174 	 -0.9613 	 0.2151 	 0.1368 	 0.1861 	 0.0676 	 0.0412 	 0.1569
1.9940 	 -0.4168 	 -0.3161 	 -0.9594 	 0.2158 	 0.1372 	 0.1877 	 0.0672 	 0.0410 	 0.1576
2.0040 	 -0.4146 	 -0.3147 	 -0.9575 	 0.2165 	 0.1376 	 0.1893 	 0.0670 	 0.0410 	 0.1582
2.0140 	 -0.4124 	 -0.3133 	 -0.9556 	 0.2171 	 0.1380 	 0.1909 	 0.0668 	 0.0409 	 0.1588
2.0240 	 -0.4103 	 -0.3119 	 -0.9537 	 0.2178 	 0.1384 	 0.1925 	 0.0668 	 0.0409 	 0.1594
2.0341 	 -0.4081 	 -0.3105 	 -0.9517 	 0.2185 	 0.1388 	 0.1941 	 0.0668 	 0.0409 	 0.1601
2.0441 	 -0.4059 	 -0.3091 	 -0.9498 	 0.2191 	 0.1392 	 0.1957 	 0.0670 	 0.0409 	 0.1607
2.0541 	 -0.4037 	 -0.3077 	 -0.9478 	 0.2198 	 0.1396 	 0.1973 	 0.0671 	 0.0411 	 0.1614
2.0641 	 -0.4015 	 -0.3063 	 -0.9458 	 0.2205 	 0.1400 	 0.1989 	 0.0674 	 0.0412 	 0.1621
2.0741 	 -0.3993 	 -0.3049 	 -0.9438 	 0.2212 	 0.1405 	 0.2006 	 0.0677 	 0.0414 	 0.1629
2.0842 	 -0.3971 	 -0.3035 	 -0.9418 	 0.2218 	 0.1409 	 0.2022 	 0.0680 	 0.0416 	 0.1637
2.0942 	 -0.3948 	 -0.3021 	 -0.9398 	 0.2225 	 0.1413 	 0.2038 	 0.0683 	 0.0418 	 0.1646
2.1042 	 -0.3926 	 -0.3007 	 -0.9377 	 0.2232 	 0.1417 	 0.2055 	 0.0686 	 0.0421 	 0.1656
2.1142 	 -0.3904 	 -0.2993 	 -0.9357 	 0.2239 	 0.1421 	 0.2072 	 0.0689 	 0.0423 	 0.1666
2.1242 	 -0.3881 	 -0.2978 	 -0.9336 	 0.2246 	 0.1426 	 0.2088 	 0.0692 	 0.0427 	 0.1677
2.1343 	 -0.3859 	 -0.2964 	 -0.9315 	 0.2253 	 0.1430 	 0.2105 	 0.0696 	 0.0430 	 0.1688
2.1443 	 -0.3836 	 -0.2950 	 -0.9294 	 0.2260 	 0.1434 	 0.2122 	 0.0699 	 0.0433 	 0.1700
2.1543 	 -0.3813 	 -0.2935 	 -0.9272 	 0.2267 	 0.1439 	 0.2139 	 0.0702 	 0.0437 	 0.1713
2.1643 	 -0.3790 	 -0.2921 	 -0.9251 	 0.2274 	 0.1443 	 0.2157 	 0.0705 	 0.0441 	 0.1726
2.1743 	 -0.3768 	 -0.2906 	 -0.9229 	 0.2281 	 0.1447 	 0.2174 	 0.0707 	 0.0445 	 0.1739
2.1844 	 -0.3745 	 -0.2892 	 -0.9207 	 0.2288 	 0.1452 	 0.2191 	 0.0710 	 0.0449 	 0.1753
2.1944 	 -0.3722 	 -0.2877 	 -0.9185 	 0.2295 	 0.1456 	 0.2209 	 0.0713 	 0.0453 	 0.1767
2.2044 	 -0.3699 	 -0.2863 	 -0.9163 	 0.2302 	 0.1461 	 0.2227 	 0.0715 	 0.0457 	 0.1781
2.2144 	 -0.3676 	 -0.2848 	 -0.9141 	 0.2309 	 0.1466 	 0.2245 	 0.0718 	 0.0461 	 0.1796
2.2244 	 -0.3653 	 -0.2833 	 -0.9118 	 0.2317 	 0.1470 	 0.2263 	 0.0720 	 0.0466 	 0.1811
2.2345 	 -0.3629 	 -0.2819 	 -0.9095 	 0.2324 	 0.1475 	 0.2281 	 0.0722 	 0.0471 	 0.1827
2.2445 	 -0.3606 	 -0.2804 	 -0.9072 	 0.2331 	 0.1480 	 0.2299 	 0.0724 	 0.0475 	 0.1843
2.2545 	 -0.3583 	 -0.2789 	 -0.9049 	 0.2338 	 0.1484 	 0.2318 	 0.0726 	 0.0480 	 0.1859
2.2645 	 -0.3559 	 -0.2774 	 -0.9026 	 0.2346 	 0.1489 	 0.2337 	 0.0729 	 0.0486 	 0.1875
2.2745 	 -0.3536 	 -0.2759 	 -0.9002 	 0.2353 	 0.1494 	 0.2355 	 0.0730 	 0.0491 	 0.1892
2.2846 	 -0.3512 	 -0.2744 	 -0.8979 	 0.2360 	 0.1499 	 0.2375 	 0.0732 	 0.0496 	 0.1910
2.2946 	 -0.3488 	 -0.2729 	 -0.8955 	 0.2368 	 0.1504 	 0.2394 	 0.0734 	 0.0502 	 0.1927
2.3046 	 -0.3464 	 -0.2714 	 -0.8931 	 0.2375 	 0.1509 	 0.2413 	 0.0736 	 0.0508 	 0.1946
2.3146 	 -0.3441 	 -0.2699 	 -0.8906 	 0.2382 	 0.1514 	 0.2433 	 0.0738 	 0.0514 	 0.1964
2.3246 	 -0.3417 	 -0.2684 	 -0.8882 	 0.2390 	 0.1520 	 0.2453 	 0.0739 	 0.0520 	 0.1983
2.3347 	 -0.3393 	 -0.2668 	 -0.8857 	 0.2397 	 0.1525 	 0.2473 	 0.0741 	 0.0527 	 0.2003
2.3447 	 -0.3369 	 -0.2653 	 -0.8832 	 0.2405 	 0.1530 	 0.2493 	 0.0743 	 0.0533 	 0.2023
2.3547 	 -0.3345 	 -0.2638 	 -0.8807 	 0.2412 	 0.1535 	 0.2513 	 0.0744 	 0.0540 	 0.2044
2.3647 	 -0.3320 	 -0.2622 	 -0.8782 	 0.2420 	 0.1541 	 0.2534 	 0.0746 	 0.0548 	 0.2065
2.3747 	 -0.3296 	 -0.2607 	 -0.8756 	 0.2427 	 0.1546 	 0.2554 	 0.0747 	 0.0555 	 0.2087
2.3848 	 -0.3272 	 -0.2591 	 -0.8731 	 0.2435 	 0.1552 	 0.2575 	 0.0749 	 0.0563 	 0.2109
2.3948 	 -0.3247 	 -0.2576 	 -0.8705 	 0.2442 	 0.1558 	 0.2597 	 0.0750 	 0.0571 	 0.2132
2.4048 	 -0.3223 	 -0.2560 	 -0.8679 	 0.2450 	 0.1563 	 0.2618 	 0.0752 	 0.0579 	 0.2156
2.4148 	 -0.3198 	 -0.2544 	 -0.8652 	 0.2457 	 0.1569 	 0.2640 	 0.0753 	 0.0587 	 0.2180
2.4248 	 -0.3174 	 -0.2529 	 -0.8626 	 0.2465 	 0.1575 	 0.2662 	 0.0754 	 0.0596 	 0.2205
2.4349 	 -0.3149 	 -0.2513 	 -0.8599 	 0.2472 	 0.1581 	 0.2684 	 0.0755 	 0.0605 	 0.2231
2.4449 	 -0.3124 	 -0.2497 	 -0.8572 	 0.2480 	 0.1587 	 0.2707 	 0.0756 	 0.0615 	 0.2258
2.4549 	 -0.3099 	 -0.2481 	 -0.8545 	 0.2487 	 0.1594 	 0.2729 	 0.0757 	 0.0625 	 0.2286
2.4649 	 -0.3074 	 -0.2465 	 -0.8517 	 0.2495 	 0.1600 	 0.2752 	 0.0758 	 0.0635 	 0.2314
2.4749 	 -0.3049 	 -0.2449 	 -0.8490 	 0.2503 	 0.1606 	 0.2776 	 0.0759 	 0.0646 	 0.2344
2.4850 	 -0.3024 	 -0.2433 	 -0.8462 	 0.2510 	 0.1613 	 0.2799 	 0.0759 	 0.0657 	 0.2375
2.4950 	 -0.2999 	 -0.2417 	 -0.8434 	 0.2518 	 0.1619 	 0.2823 	 0.0759 	 0.0668 	 0.2407
2.5050 	 -0.2974 	 -0.2400 	 -0.8405 	 0.2525 	 0.1626 	 0.2848 	 0.0760 	 0.0680 	 0.2440
2.5150 	 -0.2948 	 -0.2384 	 -0.8376 	 0.2533 	 0.1633 	 0.2872 	 0.0760 	 0.0692 	 0.2474
2.5251 	 -0.2923 	 -0.2368 	 -0.8348 	 0.2541 	 0.1640 	 0.2897 	 0.0759 	 0.0705 	 0.2510
2.5351 	 -0.2897 	 -0.2351 	 -0.8318 	 0.2548 	 0.1647 	 0.2923 	 0.0759 	 0.0718 	 0.2547
2.5451 	 -0.2872 	 -0.2335 	 -0.8289 	 0.2556 	 0.1654 	 0.2948 	 0.0758 	 0.0731 	 0.2586
2.5551 	 -0.2846 	 -0.2318 	 -0.8259 	 0.2563 	 0.1662 	 0.2974 	 0.0757 	 0.0745 	 0.2627
2.5651 	 -0.2820 	 -0.2301 	 -0.8229 	 0.2571 	 0.1669 	 0.3001 	 0.0756 	 0.0760 	 0.2669
2.5752 	 -0.2795 	 -0.2284 	 -0.8199 	 0.2579 	 0.1677 	 0.3028 	 0.0754 	 0.0775 	 0.2714
2.5852 	 -0.2769 	 -0.2268 	 -0.8169 	 0.2586 	 0.1685 	 0.3055 	 0.0752 	 0.0791 	 0.2760
2.5952 	 -0.2743 	 -0.2251 	 -0.8138 	 0.2594 	 0.1693 	 0.3083 	 0.0749 	 0.0808 	 0.2809
2.6052 	 -0.2717 	 -0.2234 	 -0.8107 	 0.2601 	 0.1701 	 0.3112 	 0.0746 	 0.0825 	 0.2861
2.6152 	 -0.2691 	 -0.2217 	 -0.8076 	 0.2609 	 0.1709 	 0.3141 	 0.0741 	 0.0843 	 0.2915
2.6253 	 -0.2664 	 -0.2199 	 -0.8044 	 0.2616 	 0.1718 	 0.3170 	 0.0736 	 0.0862 	 0.2973
2.6353 	 -0.2638 	 -0.2182 	 -0.8012 	 0.2623 	 0.1727 	 0.3200 	 0.0730 	 0.0881 	 0.3033
2.6453 	 -0.2612 	 -0.2165 	 -0.7980 	 0.2631 	 0.1736 	 0.3231 	 0.0723 	 0.0901 	 0.3098
2.6553 	 -0.2585 	 -0.2147 	 -0.7947 	 0.2638 	 0.1745 	 0.3262 	 0.0715 	 0.0923 	 0.3166
2.6653 	 -0.2559 	 -0.2130 	 -0.7914 	 0.2645 	 0.1754 	 0.3294 	 0.0705 	 0.0945 	 0.3238
2.6754 	 -0.2532 	 -0.2112 	 -0.7881 	 0.2652 	 0.1764 	 0.3327 	 0.0693 	 0.0968 	 0.3316
2.6854 	 -0.2506 	 -0.2095 	 -0.7848 	 0.2659 	 0.1774 	 0.3361 	 0.0678 	 0.0992 	 0.3398
2.6954 	 -0.2479 	 -0.2077 	 -0.7814 	 0.2666 	 0.1784 	 0.3395 	 0.0661 	 0.1018 	 0.3486
2.7054 	 -0.2452 	 -0.2059 	 -0.7780 	 0.2672 	 0.1794 	 0.3431 	 0.0641 	 0.1045 	 0.3580
2.7154 	 -0.2426 	 -0.2041 	 -0.7745 	 0.2678 	 0.1805 	 0.3467 	 0.0617 	 0.1072 	 0.3681
2.7255 	 -0.2399 	 -0.2023 	 -0.7710 	 0.2684 	 0.1815 	 0.3504 	 0.0589 	 0.1102 	 0.3790
2.7355 	 -0.2372 	 -0.2004 	 -0.7675 	 0.2690 	 0.1827 	 0.3543 	 0.0554 	 0.1132 	 0.3907
2.7455 	 -0.2345 	 -0.1986 	 -0.7639 	 0.2696 	 0.1838 	 0.3583 	 0.0514 	 0.1164 	 0.4032
2.7555 	 -0.2318 	 -0.1968 	 -0.7603 	 0.2700 	 0.1850 	 0.3624 	 0.0465 	 0.1197 	 0.4168
2.7655 	 -0.2291 	 -0.1949 	 -0.7567 	 0.2705 	 0.1862 	 0.3666 	 0.0407 	 0.1231 	 0.4315
2.7756 	 -0.2264 	 -0.1930 	 -0.7530 	 0.2709 	 0.1875 	 0.3710 	 0.0337 	 0.1267 	 0.4473
2.7856 	 -0.2236 	 -0.1911 	 -0.7492 	 0.2711 	 0.1888 	 0.3756 	 0.0253 	 0.1304 	 0.4644
2.7956 	 -0.2209 	 -0.1892 	 -0.7454 	 0.2714 	 0.1901 	 0.3803 	 0.0152 	 0.1342 	 0.4828
2.8056 	 -0.2182 	 -0.1873 	 -0.7416 	 0.2714 	 0.1914 	 0.3853 	 0.0031 	 0.1381 	 0.5026
2.8156 	 -0.2155 	 -0.1854 	 -0.7377 	 0.2714 	 0.1928 	 0.3904 	 -0.0114 	 0.1420 	 0.5236
2.8257 	 -0.2128 	 -0.1835 	 -0.7338 	 0.2712 	 0.1943 	 0.3958 	 -0.0288 	 0.1459 	 0.5459
2.8357 	 -0.2101 	 -0.1815 	 -0.7298 	 0.2708 	 0.1958 	 0.4014 	 -0.0497 	 0.1497 	 0.5693
2.8457 	 -0.2073 	 -0.1795 	 -0.7257 	 0.2702 	 0.1973 	 0.4072 	 -0.0746 	 0.1533 	 0.5935
2.8557 	 -0.2046 	 -0.1776 	 -0.7216 	 0.2693 	 0.1988 	 0.4133 	 -0.1042 	 0.1567 	 0.6179
2.8657 	 -0.2019 	 -0.1756 	 -0.7174 	 0.2681 	 0.2004 	 0.4196 	 -0.1391 	 0.1597 	 0.6417
2.8758 	 -0.1993 	 -0.1735 	 -0.7132 	 0.2665 	 0.2020 	 0.4261 	 -0.1797 	 0.1621 	 0.6638
2.8858 	 -0.1966 	 -0.1715 	 -0.7089 	 0.2645 	 0.2037 	 0.4329 	 -0.2264 	 0.1638 	 0.6828
2.8958 	 -0.1940 	 -0.1695 	 -0.7045 	 0.2619 	 0.2053 	 0.4398 	 -0.2788 	 0.1646 	 0.6967
2.9058 	 -0.1914 	 -0.1674 	 -0.7001 	 0.2589 	 0.2070 	 0.4468 	 -0.3363 	 0.1646 	 0.7035
2.9158 	 -0.1888 	 -0.1653 	 -0.6956 	 0.2552 	 0.2086 	 0.4538 	 -0.3970 	 0.1636 	 0.7008
2.9259 	 -0.1863 	 -0.1632 	 -0.6910 	 0.2509 	 0.2102 	 0.4608 	 -0.4582 	 0.1618 	 0.6868
2.9359 	 -0.1838 	 -0.1611 	 -0.6863 	 0.2460 	 0.2119 	 0.4676 	 -0.5163 	 0.1596 	 0.6604
2.9459 	 -0.1813 	 -0.1590 	 -0.6816 	 0.2406 	 0.2134 	 0.4740 	 -0.5673 	 0.1572 	 0.6218
2.9559 	 -0.1789 	 -0.1568 	 -0.6768 	 0.2347 	 0.2150 	 0.4800 	 -0.6072 	 0.1553 	 0.5728
2.9659 	 -0.1766 	 -0.1547 	 -0.6720 	 0.2285 	 0.2166 	 0.4855 	 -0.6332 	 0.1544 	 0.5166
2.9760 	 -0.1744 	 -0.1525 	 -0.6671 	 0.2221 	 0.2181 	 0.4903 	 -0.6438 	 0.1547 	 0.4576
2.9860 	 -0.1722 	 -0.1503 	 -0.6622 	 0.2156 	 0.2197 	 0.4946 	 -0.6397 	 0.1565 	 0.4000
2.9960 	 -0.1700 	 -0.1481 	 -0.6572 	 0.2093 	 0.2212 	 0.4984 	 -0.6229 	 0.1596 	 0.3477
3.0060 	 -0.1680 	 -0.1459 	 -0.6522 	 0.2032 	 0.2229 	 0.5016 	 -0.5967 	 0.1638 	 0.3034
3.0160 	 -0.1660 	 -0.1436 	 -0.6472 	 0.1973 	 0.2245 	 0.5045 	 -0.5643 	 0.1688 	 0.2683
3.0261 	 -0.1640 	 -0.1414 	 -0.6421 	 0.1919 	 0.2262 	 0.5070 	 -0.5291 	 0.1740 	 0.2426
3.0361 	 -0.1621 	 -0.1391 	 -0.6370 	 0.1867 	 0.2280 	 0.5094 	 -0.4936 	 0.1792 	 0.2259
3.0461 	 -0.1603 	 -0.1368 	 -0.6319 	 0.1820 	 0.2298 	 0.5116 	 -0.4597 	 0.1841 	 0.2171
3.0561 	 -0.1585 	 -0.1345 	 -0.6268 	 0.1775 	 0.2317 	 0.5137 	 -0.4286 	 0.1884 	 0.2150
3.0661 	 -0.1567 	 -0.1321 	 -0.6216 	 0.1734 	 0.2336 	 0.5159 	 -0.4012 	 0.1920 	 0.2184
3.0762 	 -0.1550 	 -0.1298 	 -0.6164 	 0.1695 	 0.2356 	 0.5181 	 -0.3778 	 0.1947 	 0.2264
3.0862 	 -0.1533 	 -0.1274 	 -0.6112 	 0.1658 	 0.2375 	 0.5205 	 -0.3586 	 0.1966 	 0.2378
3.0962 	 -0.1517 	 -0.1250 	 -0.6060 	 0.1623 	 0.2395 	 0.5229 	 -0.3435 	 0.1975 	 0.2520
3.1062 	 -0.1501 	 -0.1226 	 -0.6007 	 0.1589 	 0.2415 	 0.5255 	 -0.3322 	 0.1973 	 0.2682
3.1162 	 -0.1485 	 -0.1202 	 -0.5955 	 0.1556 	 0.2434 	 0.5283 	 -0.3245 	 0.1957 	 0.2857
3.1263 	 -0.1470 	 -0.1177 	 -0.5901 	 0.1524 	 0.2454 	 0.5312 	 -0.3198 	 0.1922 	 0.3041
3.1363 	 -0.1454 	 -0.1153 	 -0.5848 	 0.1492 	 0.2473 	 0.5344 	 -0.3176 	 0.1863 	 0.3233
3.1463 	 -0.1440 	 -0.1128 	 -0.5794 	 0.1460 	 0.2491 	 0.5377 	 -0.3171 	 0.1773 	 0.3435
3.1563 	 -0.1425 	 -0.1103 	 -0.5740 	 0.1428 	 0.2508 	 0.5413 	 -0.3176 	 0.1644 	 0.3651
3.1663 	 -0.1411 	 -0.1078 	 -0.5686 	 0.1396 	 0.2524 	 0.5451 	 -0.3188 	 0.1464 	 0.3892
3.1764 	 -0.1397 	 -0.1052 	 -0.5631 	 0.1364 	 0.2537 	 0.5491 	 -0.3207 	 0.1220 	 0.4174
3.1864 	 -0.1384 	 -0.1027 	 -0.5576 	 0.1332 	 0.2548 	 0.5534 	 -0.3239 	 0.0897 	 0.4513
3.1964 	 -0.1370 	 -0.1001 	 -0.5520 	 0.1299 	 0.2555 	 0.5582 	 -0.3301 	 0.0470 	 0.4925
3.2064 	 -0.1358 	 -0.0976 	 -0.5464 	 0.1266 	 0.2557 	 0.5633 	 -0.3417 	 -0.0092 	 0.5416
3.2164 	 -0.1345 	 -0.0950 	 -0.5407 	 0.1230 	 0.2553 	 0.5690 	 -0.3627 	 -0.0834 	 0.5976
3.2265 	 -0.1333 	 -0.0924 	 -0.5350 	 0.1193 	 0.2540 	 0.5753 	 -0.3979 	 -0.1807 	 0.6552
3.2365 	 -0.1321 	 -0.0899 	 -0.5292 	 0.1150 	 0.2515 	 0.5821 	 -0.4517 	 -0.3050 	 0.7026
3.2465 	 -0.1310 	 -0.0874 	 -0.5233 	 0.1101 	 0.2478 	 0.5893 	 -0.5254 	 -0.4536 	 0.7190
3.2565 	 -0.1299 	 -0.0850 	 -0.5174 	 0.1044 	 0.2424 	 0.5964 	 -0.6104 	 -0.6089 	 0.6788
3.2665 	 -0.1289 	 -0.0826 	 -0.5114 	 0.0979 	 0.2357 	 0.6027 	 -0.6849 	 -0.7348 	 0.5680
3.2766 	 -0.1280 	 -0.0802 	 -0.5053 	 0.0910 	 0.2279 	 0.6078 	 -0.6385 	 -0.7859 	 0.5527
3.2866 	 -0.1271 	 -0.0780 	 -0.4992 	 0.0846 	 0.2201 	 0.6124 	 -0.6308 	 -0.7657 	 0.3787
3.2966 	 -0.1263 	 -0.0758 	 -0.4930 	 0.0785 	 0.2128 	 0.6155 	 -0.5820 	 -0.6908 	 0.2438
3.3066 	 -0.1255 	 -0.0737 	 -0.4869 	 0.0730 	 0.2063 	 0.6175 	 -0.5140 	 -0.5968 	 0.1612
3.3166 	 -0.1248 	 -0.0717 	 -0.4807 	 0.0682 	 0.2008 	 0.6189 	 -0.4445 	 -0.5086 	 0.1213
3.3267 	 -0.1241 	 -0.0697 	 -0.4745 	 0.0640 	 0.1961 	 0.6200 	 -0.3824 	 -0.4365 	 0.1080
3.3367 	 -0.1235 	 -0.0678 	 -0.4682 	 0.0605 	 0.1920 	 0.6211 	 -0.3299 	 -0.3810 	 0.1086
3.3467 	 -0.1229 	 -0.0659 	 -0.4620 	 0.0574 	 0.1884 	 0.6222 	 -0.2858 	 -0.3394 	 0.1150
3.3567 	 -0.1224 	 -0.0640 	 -0.4558 	 0.0547 	 0.1852 	 0.6234 	 -0.2488 	 -0.3078 	 0.1229
3.3667 	 -0.1218 	 -0.0621 	 -0.4495 	 0.0524 	 0.1822 	 0.6247 	 -0.2175 	 -0.2829 	 0.1304
3.3768 	 -0.1213 	 -0.0603 	 -0.4433 	 0.0504 	 0.1795 	 0.6260 	 -0.1909 	 -0.2622 	 0.1369
3.3868 	 -0.1208 	 -0.0585 	 -0.4370 	 0.0486 	 0.1769 	 0.6274 	 -0.1685 	 -0.2438 	 0.1419
3.3968 	 -0.1203 	 -0.0568 	 -0.4307 	 0.0470 	 0.1746 	 0.6289 	 -0.1501 	 -0.2263 	 0.1453
3.4068 	 -0.1199 	 -0.0550 	 -0.4244 	 0.0455 	 0.1724 	 0.6303 	 -0.1358 	 -0.2085 	 0.1469
3.4168 	 -0.1194 	 -0.0533 	 -0.4181 	 0.0442 	 0.1704 	 0.6318 	 -0.1262 	 -0.1893 	 0.1461
3.4269 	 -0.1190 	 -0.0516 	 -0.4117 	 0.0430 	 0.1686 	 0.6332 	 -0.1219 	 -0.1677 	 0.1420
3.4369 	 -0.1186 	 -0.0499 	 -0.4054 	 0.0418 	 0.1671 	 0.6346 	 -0.1243 	 -0.1423 	 0.1333
3.4469 	 -0.1181 	 -0.0483 	 -0.3990 	 0.0405 	 0.1658 	 0.6359 	 -0.1350 	 -0.1121 	 0.1179
3.4569 	 -0.1177 	 -0.0466 	 -0.3926 	 0.0390 	 0.1648 	 0.6370 	 -0.1563 	 -0.0754 	 0.0923
3.4669 	 -0.1174 	 -0.0450 	 -0.3862 	 0.0373 	 0.1643 	 0.6377 	 -0.1915 	 -0.0311 	 0.0514
3.4770 	 -0.1170 	 -0.0433 	 -0.3798 	 0.0351 	 0.1642 	 0.6379 	 -0.2443 	 0.0212 	 -0.0129
3.4870 	 -0.1167 	 -0.0417 	 -0.3735 	 0.0323 	 0.1647 	 0.6373 	 -0.3188 	 0.0796 	 -0.1125
3.4970 	 -0.1164 	 -0.0400 	 -0.3671 	 0.0287 	 0.1658 	 0.6355 	 -0.4171 	 0.1364 	 -0.2645
3.5070 	 -0.1161 	 -0.0383 	 -0.3607 	 0.0239 	 0.1674 	 0.6318 	 -0.5344 	 0.1734 	 -0.4893
3.5170 	 -0.1159 	 -0.0367 	 -0.3544 	 0.0180 	 0.1691 	 0.6254 	 -0.6492 	 0.1551 	 -0.8014
3.5271 	 -0.1157 	 -0.0350 	 -0.3482 	 0.0111 	 0.1702 	 0.6155 	 -0.7131 	 0.0321 	 -1.1855
3.5371 	 -0.1157 	 -0.0333 	 -0.3421 	 0.0041 	 0.1693 	 0.6016 	 -0.6575 	 -0.2291 	 -1.5643
3.5471 	 -0.1157 	 -0.0316 	 -0.3362 	 -0.0016 	 0.1652 	 0.5846 	 -0.4417 	 -0.5921 	 -1.8084
3.5571 	 -0.1157 	 -0.0300 	 -0.3304 	 -0.0044 	 0.1575 	 0.5662 	 -0.1078 	 -0.9434 	 -1.8282
3.5671 	 -0.1157 	 -0.0285 	 -0.3248 	 -0.0037 	 0.1467 	 0.5486 	 0.2439 	 -1.1763 	 -1.6555
3.5772 	 -0.1157 	 -0.0270 	 -0.3194 	 0.0003 	 0.1344 	 0.5333 	 0.5369 	 -1.2653 	 -1.3985
3.5872 	 -0.1157 	 -0.0258 	 -0.3141 	 0.0068 	 0.1217 	 0.5205 	 0.7515 	 -1.2457 	 -1.1495
3.5972 	 -0.1156 	 -0.0246 	 -0.3090 	 0.0152 	 0.1096 	 0.5101 	 0.9016 	 -1.1632 	 -0.9505
3.6072 	 -0.1154 	 -0.0236 	 -0.3039 	 0.0247 	 0.0985 	 0.5013 	 1.0067 	 -1.0490 	 -0.8079
3.6172 	 -0.1151 	 -0.0226 	 -0.2989 	 0.0352 	 0.0887 	 0.4937 	 1.0809 	 -0.9190 	 -0.7128
3.6273 	 -0.1147 	 -0.0218 	 -0.2940 	 0.0463 	 0.0801 	 0.4869 	 1.1314 	 -0.7804 	 -0.6519
3.6373 	 -0.1141 	 -0.0210 	 -0.2892 	 0.0578 	 0.0730 	 0.4806 	 1.1604 	 -0.6361 	 -0.6123
3.6473 	 -0.1135 	 -0.0203 	 -0.2844 	 0.0695 	 0.0674 	 0.4746 	 1.1676 	 -0.4887 	 -0.5830
3.6573 	 -0.1128 	 -0.0196 	 -0.2796 	 0.0812 	 0.0632 	 0.4689 	 1.1519 	 -0.3420 	 -0.5553
3.6673 	 -0.1119 	 -0.0190 	 -0.2750 	 0.0925 	 0.0605 	 0.4635 	 1.1129 	 -0.2010 	 -0.5226
3.6774 	 -0.1109 	 -0.0184 	 -0.2703 	 0.1034 	 0.0592 	 0.4584 	 1.0517 	 -0.0720 	 -0.4811
3.6874 	 -0.1098 	 -0.0178 	 -0.2658 	 0.1135 	 0.0590 	 0.4539 	 0.9717 	 0.0389 	 -0.4295
3.6974 	 -0.1086 	 -0.0172 	 -0.2612 	 0.1228 	 0.0599 	 0.4499 	 0.8780 	 0.1269 	 -0.3687
3.7074 	 -0.1074 	 -0.0166 	 -0.2568 	 0.1311 	 0.0615 	 0.4465 	 0.7766 	 0.1896 	 -0.3014
3.7174 	 -0.1060 	 -0.0160 	 -0.2523 	 0.1384 	 0.0636 	 0.4438 	 0.6733 	 0.2271 	 -0.2312
3.7275 	 -0.1046 	 -0.0153 	 -0.2479 	 0.1446 	 0.0660 	 0.4419 	 0.5733 	 0.2418 	 -0.1621
3.7375 	 -0.1031 	 -0.0147 	 -0.2434 	 0.1499 	 0.0684 	 0.4406 	 0.4801 	 0.2375 	 -0.0974
3.7475 	 -0.1016 	 -0.0140 	 -0.2390 	 0.1543 	 0.0707 	 0.4399 	 0.3958 	 0.2187 	 -0.0398
3.7575 	 -0.1000 	 -0.0133 	 -0.2346 	 0.1578 	 0.0727 	 0.4397 	 0.3214 	 0.1901 	 0.0091
3.7675 	 -0.0984 	 -0.0125 	 -0.2302 	 0.1607 	 0.0745 	 0.4400 	 0.2567 	 0.1558 	 0.0489
3.7776 	 -0.0968 	 -0.0118 	 -0.2258 	 0.1630 	 0.0758 	 0.4407 	 0.2010 	 0.1191 	 0.0797
3.7876 	 -0.0952 	 -0.0110 	 -0.2214 	 0.1648 	 0.0768 	 0.4416 	 0.1533 	 0.0825 	 0.1025
3.7976 	 -0.0935 	 -0.0102 	 -0.2169 	 0.1661 	 0.0775 	 0.4427 	 0.1124 	 0.0477 	 0.1183
3.8076 	 -0.0919 	 -0.0095 	 -0.2125 	 0.1671 	 0.0778 	 0.4440 	 0.0774 	 0.0157 	 0.1286
3.8176 	 -0.0902 	 -0.0087 	 -0.2080 	 0.1677 	 0.0778 	 0.4453 	 0.0474 	 -0.0133 	 0.1346
3.8277 	 -0.0885 	 -0.0079 	 -0.2036 	 0.1680 	 0.0776 	 0.4466 	 0.0216 	 -0.0391 	 0.1377
3.8377 	 -0.0868 	 -0.0071 	 -0.1991 	 0.1681 	 0.0770 	 0.4480 	 -0.0006 	 -0.0622 	 0.1387
3.8477 	 -0.0851 	 -0.0064 	 -0.1946 	 0.1680 	 0.0763 	 0.4494 	 -0.0197 	 -0.0828 	 0.1384
3.8577 	 -0.0834 	 -0.0056 	 -0.1901 	 0.1677 	 0.0754 	 0.4508 	 -0.0360 	 -0.1016 	 0.1373
3.8677 	 -0.0818 	 -0.0048 	 -0.1856 	 0.1673 	 0.0743 	 0.4522 	 -0.0500 	 -0.1190 	 0.1357
3.8778 	 -0.0801 	 -0.0041 	 -0.1810 	 0.1667 	 0.0730 	 0.4535 	 -0.0620 	 -0.1354 	 0.1338
3.8878 	 -0.0784 	 -0.0034 	 -0.1765 	 0.1661 	 0.0716 	 0.4549 	 -0.0721 	 -0.1512 	 0.1316
3.8978 	 -0.0768 	 -0.0027 	 -0.1719 	 0.1653 	 0.0700 	 0.4562 	 -0.0808 	 -0.1668 	 0.1290
3.9078 	 -0.0751 	 -0.0020 	 -0.1673 	 0.1645 	 0.0682 	 0.4574 	 -0.0882 	 -0.1825 	 0.1258
3.9178 	 -0.0735 	 -0.0013 	 -0.1627 	 0.1635 	 0.0663 	 0.4587 	 -0.0946 	 -0.1984 	 0.1217
3.9279 	 -0.0718 	 -0.0007 	 -0.1581 	 0.1626 	 0.0643 	 0.4599 	 -0.1001 	 -0.2148 	 0.1164
3.9379 	 -0.0702 	 -0.0000 	 -0.1535 	 0.1615 	 0.0620 	 0.4610 	 -0.1051 	 -0.2314 	 0.1096
3.9479 	 -0.0686 	 0.0006 	 -0.1489 	 0.1605 	 0.0596 	 0.4621 	 -0.1097 	 -0.2480 	 0.1011
3.9579 	 -0.0670 	 0.0012 	 -0.1443 	 0.1593 	 0.0571 	 0.4630 	 -0.1144 	 -0.2643 	 0.0908
3.9679 	 -0.0654 	 0.0017 	 -0.1396 	 0.1582 	 0.0543 	 0.4639 	 -0.1194 	 -0.2799 	 0.0786
3.9780 	 -0.0638 	 0.0023 	 -0.1350 	 0.1569 	 0.0514 	 0.4646 	 -0.1249 	 -0.2944 	 0.0646
3.9880 	 -0.0623 	 0.0028 	 -0.1303 	 0.1557 	 0.0484 	 0.4652 	 -0.1312 	 -0.3075 	 0.0491
3.9980 	 -0.0607 	 0.0032 	 -0.1257 	 0.1543 	 0.0453 	 0.4656 	 -0.1384 	 -0.3187 	 0.0322
4.0080 	 -0.0592 	 0.0037 	 -0.1210 	 0.1529 	 0.0421 	 0.4658 	 -0.1466 	 -0.3279 	 0.0143
4.0180 	 -0.0576 	 0.0041 	 -0.1163 	 0.1514 	 0.0387 	 0.4659 	 -0.1559 	 -0.3348 	 -0.0043
4.0281 	 -0.0561 	 0.0044 	 -0.1117 	 0.1498 	 0.0354 	 0.4657 	 -0.1663 	 -0.3391 	 -0.0230
4.0381 	 -0.0546 	 0.0048 	 -0.1070 	 0.1480 	 0.0319 	 0.4654 	 -0.1776 	 -0.3409 	 -0.0415
4.0481 	 -0.0532 	 0.0051 	 -0.1023 	 0.1462 	 0.0285 	 0.4649 	 -0.1898 	 -0.3401 	 -0.0593
4.0581 	 -0.0517 	 0.0054 	 -0.0977 	 0.1442 	 0.0251 	 0.4642 	 -0.2027 	 -0.3370 	 -0.0761
4.0681 	 -0.0503 	 0.0056 	 -0.0930 	 0.1421 	 0.0218 	 0.4634 	 -0.2160 	 -0.3317 	 -0.0913
4.0782 	 -0.0489 	 0.0058 	 -0.0884 	 0.1399 	 0.0185 	 0.4624 	 -0.2292 	 -0.3242 	 -0.1047
4.0882 	 -0.0475 	 0.0060 	 -0.0838 	 0.1375 	 0.0153 	 0.4613 	 -0.2420 	 -0.3148 	 -0.1162
4.0982 	 -0.0461 	 0.0061 	 -0.0791 	 0.1350 	 0.0122 	 0.4601 	 -0.2543 	 -0.3035 	 -0.1259
4.1082 	 -0.0448 	 0.0062 	 -0.0745 	 0.1324 	 0.0092 	 0.4588 	 -0.2656 	 -0.2909 	 -0.1338
4.1182 	 -0.0435 	 0.0063 	 -0.0700 	 0.1297 	 0.0064 	 0.4574 	 -0.2759 	 -0.2773 	 -0.1399
4.1283 	 -0.0422 	 0.0063 	 -0.0654 	 0.1269 	 0.0037 	 0.4560 	 -0.2850 	 -0.2630 	 -0.1444
4.1383 	 -0.0409 	 0.0064 	 -0.0608 	 0.1240 	 0.0011 	 0.4545 	 -0.2928 	 -0.2485 	 -0.1476
4.1483 	 -0.0397 	 0.0064 	 -0.0563 	 0.1211 	 -0.0013 	 0.4530 	 -0.2992 	 -0.2341 	 -0.1497
4.1583 	 -0.0385 	 0.0063 	 -0.0517 	 0.1180 	 -0.0036 	 0.4515 	 -0.3042 	 -0.2201 	 -0.1511
4.1683 	 -0.0373 	 0.0063 	 -0.0472 	 0.1150 	 -0.0057 	 0.4500 	 -0.3080 	 -0.2067 	 -0.1520
4.1784 	 -0.0362 	 0.0062 	 -0.0427 	 0.1119 	 -0.0077 	 0.4485 	 -0.3108 	 -0.1941 	 -0.1527
4.1884 	 -0.0351 	 0.0061 	 -0.0382 	 0.1087 	 -0.0096 	 0.4469 	 -0.3125 	 -0.1825 	 -0.1534
4.1984 	 -0.0340 	 0.0060 	 -0.0338 	 0.1056 	 -0.0114 	 0.4454 	 -0.3135 	 -0.1718 	 -0.1544
4.2084 	 -0.0330 	 0.0059 	 -0.0293 	 0.1025 	 -0.0131 	 0.4438 	 -0.3140 	 -0.1622 	 -0.1560
4.2184 	 -0.0320 	 0.0058 	 -0.0249 	 0.0993 	 -0.0147 	 0.4423 	 -0.3141 	 -0.1535 	 -0.1581
4.2285 	 -0.0310 	 0.0056 	 -0.0204 	 0.0962 	 -0.0162 	 0.4407 	 -0.3139 	 -0.1459 	 -0.1609
4.2385 	 -0.0300 	 0.0054 	 -0.0160 	 0.0930 	 -0.0176 	 0.4390 	 -0.3138 	 -0.1393 	 -0.1646
4.2485 	 -0.0291 	 0.0053 	 -0.0117 	 0.0899 	 -0.0189 	 0.4374 	 -0.3137 	 -0.1335 	 -0.1690
4.2585 	 -0.0282 	 0.0051 	 -0.0073 	 0.0867 	 -0.0203 	 0.4356 	 -0.3139 	 -0.1285 	 -0.1742
4.2685 	 -0.0274 	 0.0049 	 -0.0029 	 0.0836 	 -0.0215 	 0.4339 	 -0.3144 	 -0.1242 	 -0.1802
4.2786 	 -0.0266 	 0.0046 	 0.0014 	 0.0804 	 -0.0228 	 0.4320 	 -0.3152 	 -0.1206 	 -0.1870
4.2886 	 -0.0258 	 0.0044 	 0.0057 	 0.0773 	 -0.0239 	 0.4301 	 -0.3165 	 -0.1175 	 -0.1944
4.2986 	 -0.0250 	 0.0041 	 0.0100 	 0.0741 	 -0.0251 	 0.4281 	 -0.3183 	 -0.1150 	 -0.2025
4.3086 	 -0.0243 	 0.0039 	 0.0143 	 0.0709 	 -0.0263 	 0.4261 	 -0.3205 	 -0.1130 	 -0.2110
4.3186 	 -0.0236 	 0.0036 	 0.0186 	 0.0677 	 -0.0274 	 0.4239 	 -0.3231 	 -0.1113 	 -0.2201
4.3287 	 -0.0229 	 0.0033 	 0.0228 	 0.0644 	 -0.0285 	 0.4216 	 -0.3261 	 -0.1100 	 -0.2297
4.3387 	 -0.0223 	 0.0031 	 0.0270 	 0.0611 	 -0.0296 	 0.4193 	 -0.3293 	 -0.1090 	 -0.2396
4.3487 	 -0.0217 	 0.0028 	 0.0312 	 0.0578 	 -0.0307 	 0.4168 	 -0.3327 	 -0.1082 	 -0.2498
4.3587 	 -0.0211 	 0.0024 	 0.0354 	 0.0545 	 -0.0317 	 0.4143 	 -0.3362 	 -0.1076 	 -0.2604
4.3687 	 -0.0206 	 0.0021 	 0.0395 	 0.0511 	 -0.0328 	 0.4116 	 -0.3397 	 -0.1072 	 -0.2713
4.3788 	 -0.0201 	 0.0018 	 0.0436 	 0.0476 	 -0.0339 	 0.4088 	 -0.3431 	 -0.1068 	 -0.2824
4.3888 	 -0.0197 	 0.0014 	 0.0477 	 0.0442 	 -0.0350 	 0.4060 	 -0.3462 	 -0.1066 	 -0.2937
4.3988 	 -0.0192 	 0.0011 	 0.0518 	 0.0407 	 -0.0360 	 0.4030 	 -0.3491 	 -0.1063 	 -0.3052
4.4088 	 -0.0188 	 0.0007 	 0.0558 	 0.0372 	 -0.0371 	 0.3998 	 -0.3515 	 -0.1060 	 -0.3168
4.4188 	 -0.0185 	 0.0003 	 0.0598 	 0.0337 	 -0.0382 	 0.3966 	 -0.3534 	 -0.1057 	 -0.3286
4.4289 	 -0.0182 	 -0.0001 	 0.0637 	 0.0301 	 -0.0392 	 0.3933 	 -0.3548 	 -0.1052 	 -0.3405
4.4389 	 -0.0179 	 -0.0005 	 0.0677 	 0.0266 	 -0.0403 	 0.3898 	 -0.3556 	 -0.1046 	 -0.3525
4.4489 	 -0.0176 	 -0.0009 	 0.0715 	 0.0230 	 -0.0413 	 0.3862 	 -0.3558 	 -0.1038 	 -0.3646
4.4589 	 -0.0174 	 -0.0013 	 0.0754 	 0.0194 	 -0.0423 	 0.3825 	 -0.3553 	 -0.1028 	 -0.3767
4.4689 	 -0.0172 	 -0.0017 	 0.0792 	 0.0159 	 -0.0434 	 0.3786 	 -0.3541 	 -0.1015 	 -0.3889
4.4790 	 -0.0171 	 -0.0021 	 0.0830 	 0.0123 	 -0.0444 	 0.3747 	 -0.3522 	 -0.1000 	 -0.4010
4.4890 	 -0.0170 	 -0.0026 	 0.0867 	 0.0088 	 -0.0454 	 0.3706 	 -0.3495 	 -0.0981 	 -0.4130
4.4990 	 -0.0169 	 -0.0031 	 0.0904 	 0.0053 	 -0.0463 	 0.3664 	 -0.3461 	 -0.0959 	 -0.4249
4.5090 	 -0.0169 	 -0.0035 	 0.0941 	 0.0019 	 -0.0473 	 0.3621 	 -0.3420 	 -0.0932 	 -0.4367
4.5190 	 -0.0169 	 -0.0040 	 0.0977 	 -0.0015 	 -0.0482 	 0.3577 	 -0.3371 	 -0.0902 	 -0.4482
4.5291 	 -0.0169 	 -0.0045 	 0.1012 	 -0.0049 	 -0.0491 	 0.3531 	 -0.3315 	 -0.0869 	 -0.4594
4.5391 	 -0.0170 	 -0.0050 	 0.1047 	 -0.0082 	 -0.0499 	 0.3485 	 -0.3251 	 -0.0830 	 -0.4702
4.5491 	 -0.0171 	 -0.0055 	 0.1082 	 -0.0114 	 -0.0508 	 0.3437 	 -0.3181 	 -0.0788 	 -0.4806
4.5591 	 -0.0172 	 -0.0060 	 0.1116 	 -0.0145 	 -0.0515 	 0.3388 	 -0.3104 	 -0.0742 	 -0.4905
4.5691 	 -0.0174 	 -0.0065 	 0.1150 	 -0.0176 	 -0.0522 	 0.3339 	 -0.3021 	 -0.0693 	 -0.4998
4.5792 	 -0.0176 	 -0.0071 	 0.1183 	 -0.0206 	 -0.0529 	 0.3288 	 -0.2932 	 -0.0639 	 -0.5086
4.5892 	 -0.0178 	 -0.0076 	 0.1216 	 -0.0235 	 -0.0535 	 0.3237 	 -0.2837 	 -0.0583 	 -0.5167
4.5992 	 -0.0180 	 -0.0081 	 0.1248 	 -0.0263 	 -0.0541 	 0.3185 	 -0.2738 	 -0.0524 	 -0.5241
4.6092 	 -0.0183 	 -0.0087 	 0.1280 	 -0.0290 	 -0.0546 	 0.3132 	 -0.2634 	 -0.0462 	 -0.5308
4.6192 	 -0.0186 	 -0.0092 	 0.1311 	 -0.0315 	 -0.0550 	 0.3078 	 -0.2526 	 -0.0398 	 -0.5368
4.6293 	 -0.0189 	 -0.0098 	 0.1341 	 -0.0340 	 -0.0554 	 0.3024 	 -0.2416 	 -0.0333 	 -0.5421
4.6393 	 -0.0193 	 -0.0103 	 0.1371 	 -0.0364 	 -0.0557 	 0.2970 	 -0.2302 	 -0.0266 	 -0.5466
4.6493 	 -0.0197 	 -0.0109 	 0.1401 	 -0.0386 	 -0.0559 	 0.2915 	 -0.2187 	 -0.0199 	 -0.5503
4.6593 	 -0.0201 	 -0.0114 	 0.1430 	 -0.0408 	 -0.0561 	 0.2859 	 -0.2071 	 -0.0131 	 -0.5534
4.6693 	 -0.0205 	 -0.0120 	 0.1458 	 -0.0428 	 -0.0562 	 0.2804 	 -0.1955 	 -0.0064 	 -0.5558
4.6794 	 -0.0209 	 -0.0126 	 0.1486 	 -0.0447 	 -0.0562 	 0.2748 	 -0.1838 	 0.0002 	 -0.5576
4.6894 	 -0.0214 	 -0.0131 	 0.1513 	 -0.0465 	 -0.0562 	 0.2692 	 -0.1722 	 0.0068 	 -0.5588
4.6994 	 -0.0219 	 -0.0137 	 0.1540 	 -0.0481 	 -0.0561 	 0.2636 	 -0.1608 	 0.0132 	 -0.5594
4.7094 	 -0.0223 	 -0.0143 	 0.1566 	 -0.0497 	 -0.0559 	 0.2580 	 -0.1495 	 0.0195 	 -0.5596
4.7194 	 -0.0228 	 -0.0148 	 0.1592 	 -0.0511 	 -0.0557 	 0.2524 	 -0.1385 	 0.0256 	 -0.5594
4.7295 	 -0.0234 	 -0.0154 	 0.1617 	 -0.0525 	 -0.0554 	 0.2468 	 -0.1278 	 0.0315 	 -0.5588
4.7395 	 -0.0239 	 -0.0159 	 0.1641 	 -0.0537 	 -0.0550 	 0.2412 	 -0.1175 	 0.0372 	 -0.5579
4.7495 	 -0.0244 	 -0.0165 	 0.1665 	 -0.0548 	 -0.0546 	 0.2356 	 -0.1075 	 0.0427 	 -0.5569
4.7595 	 -0.0250 	 -0.0170 	 0.1688 	 -0.0558 	 -0.0542 	 0.2300 	 -0.0980 	 0.0480 	 -0.5556
4.7695 	 -0.0256 	 -0.0176 	 0.1711 	 -0.0568 	 -0.0537 	 0.2245 	 -0.0889 	 0.0531 	 -0.5543
4.7796 	 -0.0261 	 -0.0181 	 0.1733 	 -0.0576 	 -0.0531 	 0.2189 	 -0.0803 	 0.0579 	 -0.5529
4.7896 	 -0.0267 	 -0.0186 	 0.1755 	 -0.0584 	 -0.0525 	 0.2134 	 -0.0723 	 0.0626 	 -0.5515
4.7996 	 -0.0273 	 -0.0191 	 0.1776 	 -0.0591 	 -0.0519 	 0.2079 	 -0.0648 	 0.0671 	 -0.5502
4.8096 	 -0.0279 	 -0.0197 	 0.1797 	 -0.0597 	 -0.0512 	 0.2024 	 -0.0579 	 0.0713 	 -0.5490
4.8196 	 -0.0285 	 -0.0202 	 0.1817 	 -0.0602 	 -0.0504 	 0.1969 	 -0.0517 	 0.0754 	 -0.5480
4.8297 	 -0.0291 	 -0.0207 	 0.1836 	 -0.0607 	 -0.0497 	 0.1914 	 -0.0460 	 0.0793 	 -0.5471
4.8397 	 -0.0297 	 -0.0212 	 0.1855 	 -0.0612 	 -0.0489 	 0.1859 	 -0.0410 	 0.0830 	 -0.5464
4.8497 	 -0.0303 	 -0.0217 	 0.1873 	 -0.0616 	 -0.0480 	 0.1804 	 -0.0367 	 0.0865 	 -0.5460
4.8597 	 -0.0309 	 -0.0221 	 0.1891 	 -0.0619 	 -0.0471 	 0.1750 	 -0.0330 	 0.0898 	 -0.5459
4.8697 	 -0.0316 	 -0.0226 	 0.1908 	 -0.0622 	 -0.0462 	 0.1695 	 -0.0300 	 0.0928 	 -0.5460
4.8798 	 -0.0322 	 -0.0231 	 0.1925 	 -0.0625 	 -0.0453 	 0.1640 	 -0.0278 	 0.0955 	 -0.5464
4.8898 	 -0.0328 	 -0.0235 	 0.1941 	 -0.0628 	 -0.0443 	 0.1585 	 -0.0262 	 0.0979 	 -0.5470
4.8998 	 -0.0335 	 -0.0239 	 0.1957 	 -0.0630 	 -0.0433 	 0.1531 	 -0.0254 	 0.1000 	 -0.5479
4.9098 	 -0.0341 	 -0.0244 	 0.1972 	 -0.0633 	 -0.0423 	 0.1476 	 -0.0252 	 0.1016 	 -0.5490
4.9198 	 -0.0347 	 -0.0248 	 0.1986 	 -0.0635 	 -0.0413 	 0.1421 	 -0.0258 	 0.1028 	 -0.5503
4.9299 	 -0.0354 	 -0.0252 	 0.2000 	 -0.0638 	 -0.0402 	 0.1365 	 -0.0270 	 0.1034 	 -0.5517
4.9399 	 -0.0360 	 -0.0256 	 0.2014 	 -0.0641 	 -0.0392 	 0.1310 	 -0.0289 	 0.1035 	 -0.5531
4.9499 	 -0.0366 	 -0.0260 	 0.2027 	 -0.0644 	 -0.0382 	 0.1254 	 -0.0315 	 0.1031 	 -0.5545
4.9599 	 -0.0373 	 -0.0264 	 0.2039 	 -0.0647 	 -0.0371 	 0.1199 	 -0.0347 	 0.1020 	 -0.5556
4.9699 	 -0.0379 	 -0.0267 	 0.2051 	 -0.0651 	 -0.0361 	 0.1143 	 -0.0385 	 0.1002 	 -0.5563
4.9800 	 -0.0386 	 -0.0271 	 0.2062 	 -0.0655 	 -0.0351 	 0.1087 	 -0.0429 	 0.0979 	 -0.5564
4.9900 	 -0.0393 	 -0.0274 	 0.2072 	 -0.0659 	 -0.0342 	 0.1032 	 -0.0476 	 0.0950 	 -0.5557
