100-Body Run with i = 90 th particle. (Units in pc,M_solar,Myr, km s-1) 

time		 x 		 y 		 z 		 xdot 		 ydot 		 zdot 		 xddot 		 yddot 		 zddot
0.0000 	 1.3769 	 0.6754 	 1.2263 	 -0.0086 	 -0.0032 	 -0.0078 	 -0.0885 	 -0.0434 	 -0.0566
0.0100 	 1.3768 	 0.6754 	 1.2262 	 -0.0094 	 -0.0036 	 -0.0084 	 -0.0885 	 -0.0434 	 -0.0566
0.0200 	 1.3767 	 0.6754 	 1.2262 	 -0.0103 	 -0.0040 	 -0.0090 	 -0.0885 	 -0.0434 	 -0.0566
0.0301 	 1.3766 	 0.6753 	 1.2261 	 -0.0112 	 -0.0045 	 -0.0095 	 -0.0885 	 -0.0434 	 -0.0566
0.0401 	 1.3764 	 0.6753 	 1.2260 	 -0.0121 	 -0.0049 	 -0.0101 	 -0.0887 	 -0.0436 	 -0.0569
0.0501 	 1.3763 	 0.6752 	 1.2259 	 -0.0130 	 -0.0054 	 -0.0107 	 -0.0857 	 -0.0476 	 -0.0624
0.0601 	 1.3762 	 0.6752 	 1.2258 	 -0.0138 	 -0.0058 	 -0.0113 	 -0.0843 	 -0.0434 	 -0.0551
0.0701 	 1.3760 	 0.6751 	 1.2256 	 -0.0147 	 -0.0063 	 -0.0118 	 -0.0865 	 -0.0428 	 -0.0548
0.0802 	 1.3759 	 0.6750 	 1.2255 	 -0.0155 	 -0.0067 	 -0.0124 	 -0.0870 	 -0.0428 	 -0.0548
0.0902 	 1.3757 	 0.6750 	 1.2254 	 -0.0164 	 -0.0071 	 -0.0129 	 -0.0871 	 -0.0428 	 -0.0548
0.1002 	 1.3756 	 0.6749 	 1.2253 	 -0.0173 	 -0.0075 	 -0.0135 	 -0.0872 	 -0.0428 	 -0.0547
0.1102 	 1.3754 	 0.6748 	 1.2251 	 -0.0182 	 -0.0080 	 -0.0140 	 -0.0872 	 -0.0428 	 -0.0547
0.1202 	 1.3752 	 0.6747 	 1.2250 	 -0.0190 	 -0.0084 	 -0.0146 	 -0.0872 	 -0.0428 	 -0.0546
0.1303 	 1.3750 	 0.6746 	 1.2248 	 -0.0199 	 -0.0088 	 -0.0151 	 -0.0873 	 -0.0428 	 -0.0545
0.1403 	 1.3748 	 0.6746 	 1.2247 	 -0.0208 	 -0.0093 	 -0.0157 	 -0.0873 	 -0.0428 	 -0.0545
0.1503 	 1.3746 	 0.6745 	 1.2245 	 -0.0217 	 -0.0097 	 -0.0162 	 -0.0873 	 -0.0429 	 -0.0544
0.1603 	 1.3744 	 0.6744 	 1.2244 	 -0.0225 	 -0.0101 	 -0.0168 	 -0.0874 	 -0.0428 	 -0.0545
0.1703 	 1.3741 	 0.6743 	 1.2242 	 -0.0234 	 -0.0105 	 -0.0173 	 -0.0871 	 -0.0425 	 -0.0546
0.1804 	 1.3739 	 0.6742 	 1.2240 	 -0.0243 	 -0.0110 	 -0.0179 	 -0.0867 	 -0.0420 	 -0.0545
0.1904 	 1.3736 	 0.6740 	 1.2238 	 -0.0251 	 -0.0114 	 -0.0184 	 -0.0862 	 -0.0418 	 -0.0541
0.2004 	 1.3734 	 0.6739 	 1.2236 	 -0.0260 	 -0.0118 	 -0.0189 	 -0.0861 	 -0.0419 	 -0.0537
0.2104 	 1.3731 	 0.6738 	 1.2234 	 -0.0269 	 -0.0122 	 -0.0195 	 -0.0862 	 -0.0421 	 -0.0535
0.2204 	 1.3728 	 0.6737 	 1.2232 	 -0.0277 	 -0.0127 	 -0.0200 	 -0.0863 	 -0.0423 	 -0.0535
0.2305 	 1.3726 	 0.6735 	 1.2230 	 -0.0286 	 -0.0131 	 -0.0206 	 -0.0866 	 -0.0426 	 -0.0535
0.2405 	 1.3723 	 0.6734 	 1.2228 	 -0.0295 	 -0.0135 	 -0.0211 	 -0.0870 	 -0.0428 	 -0.0535
0.2505 	 1.3720 	 0.6733 	 1.2226 	 -0.0303 	 -0.0139 	 -0.0216 	 -0.0875 	 -0.0431 	 -0.0536
0.2605 	 1.3717 	 0.6731 	 1.2224 	 -0.0312 	 -0.0144 	 -0.0222 	 -0.0881 	 -0.0434 	 -0.0537
0.2705 	 1.3714 	 0.6730 	 1.2222 	 -0.0321 	 -0.0148 	 -0.0227 	 -0.0890 	 -0.0439 	 -0.0539
0.2806 	 1.3710 	 0.6728 	 1.2219 	 -0.0330 	 -0.0153 	 -0.0232 	 -0.0901 	 -0.0444 	 -0.0539
0.2906 	 1.3707 	 0.6727 	 1.2217 	 -0.0339 	 -0.0157 	 -0.0238 	 -0.0915 	 -0.0450 	 -0.0539
0.3006 	 1.3703 	 0.6725 	 1.2215 	 -0.0348 	 -0.0162 	 -0.0243 	 -0.0933 	 -0.0458 	 -0.0536
0.3106 	 1.3700 	 0.6724 	 1.2212 	 -0.0358 	 -0.0166 	 -0.0249 	 -0.0955 	 -0.0466 	 -0.0528
0.3206 	 1.3696 	 0.6722 	 1.2210 	 -0.0368 	 -0.0171 	 -0.0254 	 -0.0980 	 -0.0475 	 -0.0512
0.3307 	 1.3693 	 0.6720 	 1.2207 	 -0.0378 	 -0.0176 	 -0.0259 	 -0.1003 	 -0.0482 	 -0.0486
0.3407 	 1.3689 	 0.6718 	 1.2205 	 -0.0388 	 -0.0181 	 -0.0263 	 -0.1017 	 -0.0484 	 -0.0449
0.3507 	 1.3685 	 0.6717 	 1.2202 	 -0.0398 	 -0.0185 	 -0.0268 	 -0.1013 	 -0.0478 	 -0.0410
0.3607 	 1.3681 	 0.6715 	 1.2199 	 -0.0408 	 -0.0190 	 -0.0272 	 -0.0990 	 -0.0465 	 -0.0380
0.3707 	 1.3677 	 0.6713 	 1.2196 	 -0.0418 	 -0.0195 	 -0.0275 	 -0.0957 	 -0.0450 	 -0.0368
0.3808 	 1.3672 	 0.6711 	 1.2194 	 -0.0427 	 -0.0199 	 -0.0279 	 -0.0923 	 -0.0437 	 -0.0371
0.3908 	 1.3668 	 0.6709 	 1.2191 	 -0.0436 	 -0.0203 	 -0.0283 	 -0.0895 	 -0.0428 	 -0.0384
0.4008 	 1.3664 	 0.6707 	 1.2188 	 -0.0445 	 -0.0208 	 -0.0287 	 -0.0875 	 -0.0422 	 -0.0400
0.4108 	 1.3659 	 0.6705 	 1.2185 	 -0.0454 	 -0.0212 	 -0.0291 	 -0.0862 	 -0.0418 	 -0.0416
0.4208 	 1.3655 	 0.6702 	 1.2182 	 -0.0462 	 -0.0216 	 -0.0295 	 -0.0853 	 -0.0417 	 -0.0429
0.4309 	 1.3650 	 0.6700 	 1.2179 	 -0.0471 	 -0.0220 	 -0.0300 	 -0.0847 	 -0.0416 	 -0.0440
0.4409 	 1.3645 	 0.6698 	 1.2176 	 -0.0479 	 -0.0224 	 -0.0304 	 -0.0843 	 -0.0416 	 -0.0450
0.4509 	 1.3640 	 0.6696 	 1.2173 	 -0.0488 	 -0.0229 	 -0.0309 	 -0.0840 	 -0.0416 	 -0.0457
0.4609 	 1.3635 	 0.6693 	 1.2170 	 -0.0496 	 -0.0233 	 -0.0313 	 -0.0838 	 -0.0416 	 -0.0463
0.4709 	 1.3630 	 0.6691 	 1.2167 	 -0.0505 	 -0.0237 	 -0.0318 	 -0.0837 	 -0.0416 	 -0.0468
0.4810 	 1.3625 	 0.6689 	 1.2164 	 -0.0513 	 -0.0241 	 -0.0322 	 -0.0836 	 -0.0417 	 -0.0472
0.4910 	 1.3620 	 0.6686 	 1.2160 	 -0.0521 	 -0.0245 	 -0.0327 	 -0.0835 	 -0.0417 	 -0.0475
0.5010 	 1.3615 	 0.6684 	 1.2157 	 -0.0530 	 -0.0249 	 -0.0332 	 -0.0834 	 -0.0417 	 -0.0478
0.5110 	 1.3609 	 0.6681 	 1.2154 	 -0.0538 	 -0.0254 	 -0.0337 	 -0.0810 	 -0.0392 	 -0.0467
0.5210 	 1.3604 	 0.6679 	 1.2150 	 -0.0546 	 -0.0258 	 -0.0341 	 -0.0811 	 -0.0405 	 -0.0464
0.5311 	 1.3598 	 0.6676 	 1.2147 	 -0.0554 	 -0.0262 	 -0.0346 	 -0.0810 	 -0.0405 	 -0.0466
0.5411 	 1.3593 	 0.6673 	 1.2143 	 -0.0562 	 -0.0266 	 -0.0351 	 -0.0810 	 -0.0405 	 -0.0467
0.5511 	 1.3587 	 0.6671 	 1.2140 	 -0.0570 	 -0.0270 	 -0.0355 	 -0.0809 	 -0.0405 	 -0.0468
0.5611 	 1.3581 	 0.6668 	 1.2136 	 -0.0579 	 -0.0274 	 -0.0360 	 -0.0808 	 -0.0405 	 -0.0469
0.5711 	 1.3576 	 0.6665 	 1.2133 	 -0.0587 	 -0.0278 	 -0.0365 	 -0.0808 	 -0.0405 	 -0.0470
0.5812 	 1.3570 	 0.6662 	 1.2129 	 -0.0595 	 -0.0282 	 -0.0370 	 -0.0807 	 -0.0405 	 -0.0471
0.5912 	 1.3564 	 0.6660 	 1.2125 	 -0.0603 	 -0.0286 	 -0.0374 	 -0.0807 	 -0.0405 	 -0.0472
0.6012 	 1.3558 	 0.6657 	 1.2121 	 -0.0611 	 -0.0290 	 -0.0379 	 -0.0806 	 -0.0405 	 -0.0473
0.6112 	 1.3551 	 0.6654 	 1.2118 	 -0.0619 	 -0.0294 	 -0.0384 	 -0.0806 	 -0.0405 	 -0.0473
0.6212 	 1.3545 	 0.6651 	 1.2114 	 -0.0627 	 -0.0298 	 -0.0389 	 -0.0805 	 -0.0405 	 -0.0474
0.6313 	 1.3539 	 0.6648 	 1.2110 	 -0.0635 	 -0.0302 	 -0.0393 	 -0.0805 	 -0.0405 	 -0.0475
0.6413 	 1.3532 	 0.6645 	 1.2106 	 -0.0643 	 -0.0306 	 -0.0398 	 -0.0804 	 -0.0405 	 -0.0475
0.6513 	 1.3526 	 0.6642 	 1.2102 	 -0.0651 	 -0.0310 	 -0.0403 	 -0.0804 	 -0.0405 	 -0.0476
0.6613 	 1.3519 	 0.6639 	 1.2098 	 -0.0659 	 -0.0314 	 -0.0408 	 -0.0803 	 -0.0405 	 -0.0476
0.6713 	 1.3513 	 0.6635 	 1.2094 	 -0.0667 	 -0.0319 	 -0.0412 	 -0.0803 	 -0.0405 	 -0.0476
0.6814 	 1.3506 	 0.6632 	 1.2089 	 -0.0675 	 -0.0323 	 -0.0417 	 -0.0802 	 -0.0410 	 -0.0478
0.6914 	 1.3499 	 0.6629 	 1.2085 	 -0.0683 	 -0.0327 	 -0.0422 	 -0.0779 	 -0.0422 	 -0.0472
0.7014 	 1.3492 	 0.6626 	 1.2081 	 -0.0691 	 -0.0331 	 -0.0427 	 -0.0769 	 -0.0407 	 -0.0464
0.7114 	 1.3485 	 0.6622 	 1.2077 	 -0.0699 	 -0.0335 	 -0.0431 	 -0.0769 	 -0.0400 	 -0.0462
0.7214 	 1.3478 	 0.6619 	 1.2072 	 -0.0706 	 -0.0339 	 -0.0436 	 -0.0770 	 -0.0397 	 -0.0462
0.7315 	 1.3471 	 0.6616 	 1.2068 	 -0.0714 	 -0.0343 	 -0.0440 	 -0.0770 	 -0.0396 	 -0.0462
0.7415 	 1.3464 	 0.6612 	 1.2064 	 -0.0722 	 -0.0347 	 -0.0445 	 -0.0770 	 -0.0396 	 -0.0462
0.7515 	 1.3457 	 0.6609 	 1.2059 	 -0.0730 	 -0.0351 	 -0.0450 	 -0.0770 	 -0.0395 	 -0.0462
0.7615 	 1.3449 	 0.6605 	 1.2055 	 -0.0737 	 -0.0355 	 -0.0454 	 -0.0770 	 -0.0395 	 -0.0462
0.7715 	 1.3442 	 0.6601 	 1.2050 	 -0.0745 	 -0.0359 	 -0.0459 	 -0.0770 	 -0.0394 	 -0.0462
0.7816 	 1.3434 	 0.6598 	 1.2045 	 -0.0753 	 -0.0363 	 -0.0464 	 -0.0770 	 -0.0394 	 -0.0462
0.7916 	 1.3427 	 0.6594 	 1.2041 	 -0.0760 	 -0.0367 	 -0.0468 	 -0.0770 	 -0.0394 	 -0.0462
0.8016 	 1.3419 	 0.6590 	 1.2036 	 -0.0768 	 -0.0371 	 -0.0473 	 -0.0770 	 -0.0393 	 -0.0462
0.8116 	 1.3412 	 0.6587 	 1.2031 	 -0.0776 	 -0.0375 	 -0.0477 	 -0.0770 	 -0.0393 	 -0.0462
0.8216 	 1.3404 	 0.6583 	 1.2026 	 -0.0784 	 -0.0379 	 -0.0482 	 -0.0770 	 -0.0393 	 -0.0461
0.8317 	 1.3396 	 0.6579 	 1.2022 	 -0.0791 	 -0.0382 	 -0.0487 	 -0.0770 	 -0.0392 	 -0.0461
0.8417 	 1.3388 	 0.6575 	 1.2017 	 -0.0799 	 -0.0386 	 -0.0491 	 -0.0770 	 -0.0392 	 -0.0461
0.8517 	 1.3380 	 0.6571 	 1.2012 	 -0.0807 	 -0.0390 	 -0.0496 	 -0.0770 	 -0.0392 	 -0.0460
0.8617 	 1.3372 	 0.6568 	 1.2007 	 -0.0814 	 -0.0394 	 -0.0501 	 -0.0770 	 -0.0391 	 -0.0460
0.8717 	 1.3363 	 0.6564 	 1.2002 	 -0.0822 	 -0.0398 	 -0.0505 	 -0.0770 	 -0.0391 	 -0.0460
0.8818 	 1.3355 	 0.6560 	 1.1997 	 -0.0830 	 -0.0402 	 -0.0510 	 -0.0770 	 -0.0391 	 -0.0459
0.8918 	 1.3347 	 0.6555 	 1.1991 	 -0.0838 	 -0.0406 	 -0.0514 	 -0.0769 	 -0.0390 	 -0.0459
0.9018 	 1.3338 	 0.6551 	 1.1986 	 -0.0845 	 -0.0410 	 -0.0519 	 -0.0769 	 -0.0390 	 -0.0458
0.9118 	 1.3330 	 0.6547 	 1.1981 	 -0.0853 	 -0.0414 	 -0.0524 	 -0.0769 	 -0.0390 	 -0.0458
0.9218 	 1.3321 	 0.6543 	 1.1976 	 -0.0861 	 -0.0418 	 -0.0528 	 -0.0769 	 -0.0389 	 -0.0458
0.9319 	 1.3313 	 0.6539 	 1.1970 	 -0.0868 	 -0.0422 	 -0.0533 	 -0.0769 	 -0.0389 	 -0.0457
0.9419 	 1.3304 	 0.6535 	 1.1965 	 -0.0876 	 -0.0426 	 -0.0537 	 -0.0769 	 -0.0389 	 -0.0457
0.9519 	 1.3295 	 0.6530 	 1.1960 	 -0.0884 	 -0.0429 	 -0.0542 	 -0.0768 	 -0.0388 	 -0.0456
0.9619 	 1.3286 	 0.6526 	 1.1954 	 -0.0891 	 -0.0433 	 -0.0546 	 -0.0768 	 -0.0388 	 -0.0456
0.9719 	 1.3277 	 0.6522 	 1.1949 	 -0.0899 	 -0.0437 	 -0.0551 	 -0.0768 	 -0.0388 	 -0.0455
0.9820 	 1.3268 	 0.6517 	 1.1943 	 -0.0907 	 -0.0441 	 -0.0556 	 -0.0767 	 -0.0387 	 -0.0455
0.9920 	 1.3259 	 0.6513 	 1.1938 	 -0.0915 	 -0.0445 	 -0.0560 	 -0.0767 	 -0.0387 	 -0.0455
1.0020 	 1.3250 	 0.6508 	 1.1932 	 -0.0922 	 -0.0449 	 -0.0565 	 -0.0767 	 -0.0387 	 -0.0454
1.0120 	 1.3241 	 0.6504 	 1.1926 	 -0.0930 	 -0.0453 	 -0.0569 	 -0.0766 	 -0.0387 	 -0.0454
1.0220 	 1.3231 	 0.6499 	 1.1921 	 -0.0938 	 -0.0457 	 -0.0574 	 -0.0765 	 -0.0387 	 -0.0454
1.0321 	 1.3222 	 0.6495 	 1.1915 	 -0.0945 	 -0.0460 	 -0.0578 	 -0.0764 	 -0.0386 	 -0.0452
1.0421 	 1.3212 	 0.6490 	 1.1909 	 -0.0953 	 -0.0464 	 -0.0583 	 -0.0760 	 -0.0386 	 -0.0449
1.0521 	 1.3203 	 0.6485 	 1.1903 	 -0.0960 	 -0.0468 	 -0.0587 	 -0.0756 	 -0.0385 	 -0.0446
1.0621 	 1.3193 	 0.6481 	 1.1897 	 -0.0968 	 -0.0472 	 -0.0592 	 -0.0751 	 -0.0383 	 -0.0444
1.0721 	 1.3183 	 0.6476 	 1.1891 	 -0.0976 	 -0.0476 	 -0.0596 	 -0.0745 	 -0.0381 	 -0.0444
1.0822 	 1.3173 	 0.6471 	 1.1885 	 -0.0983 	 -0.0480 	 -0.0601 	 -0.0741 	 -0.0379 	 -0.0444
1.0922 	 1.3164 	 0.6466 	 1.1879 	 -0.0990 	 -0.0483 	 -0.0605 	 -0.0737 	 -0.0377 	 -0.0445
1.1022 	 1.3154 	 0.6461 	 1.1873 	 -0.0998 	 -0.0487 	 -0.0610 	 -0.0734 	 -0.0376 	 -0.0447
1.1122 	 1.3144 	 0.6457 	 1.1867 	 -0.1005 	 -0.0491 	 -0.0614 	 -0.0732 	 -0.0375 	 -0.0449
1.1222 	 1.3134 	 0.6452 	 1.1861 	 -0.1012 	 -0.0495 	 -0.0619 	 -0.0730 	 -0.0374 	 -0.0450
1.1323 	 1.3123 	 0.6447 	 1.1855 	 -0.1020 	 -0.0498 	 -0.0623 	 -0.0729 	 -0.0374 	 -0.0452
1.1423 	 1.3113 	 0.6442 	 1.1848 	 -0.1027 	 -0.0502 	 -0.0628 	 -0.0728 	 -0.0374 	 -0.0453
1.1523 	 1.3103 	 0.6437 	 1.1842 	 -0.1034 	 -0.0506 	 -0.0632 	 -0.0727 	 -0.0374 	 -0.0455
1.1623 	 1.3092 	 0.6431 	 1.1836 	 -0.1042 	 -0.0510 	 -0.0637 	 -0.0727 	 -0.0374 	 -0.0456
1.1723 	 1.3082 	 0.6426 	 1.1829 	 -0.1049 	 -0.0513 	 -0.0641 	 -0.0727 	 -0.0374 	 -0.0457
1.1824 	 1.3071 	 0.6421 	 1.1823 	 -0.1056 	 -0.0517 	 -0.0646 	 -0.0726 	 -0.0375 	 -0.0458
1.1924 	 1.3061 	 0.6416 	 1.1816 	 -0.1063 	 -0.0521 	 -0.0651 	 -0.0726 	 -0.0375 	 -0.0460
1.2024 	 1.3050 	 0.6411 	 1.1810 	 -0.1071 	 -0.0525 	 -0.0655 	 -0.0727 	 -0.0376 	 -0.0461
1.2124 	 1.3039 	 0.6405 	 1.1803 	 -0.1078 	 -0.0529 	 -0.0660 	 -0.0727 	 -0.0377 	 -0.0462
1.2224 	 1.3028 	 0.6400 	 1.1797 	 -0.1085 	 -0.0532 	 -0.0664 	 -0.0728 	 -0.0378 	 -0.0463
1.2325 	 1.3017 	 0.6395 	 1.1790 	 -0.1093 	 -0.0536 	 -0.0669 	 -0.0728 	 -0.0379 	 -0.0464
1.2425 	 1.3007 	 0.6389 	 1.1783 	 -0.1100 	 -0.0540 	 -0.0674 	 -0.0729 	 -0.0380 	 -0.0466
1.2525 	 1.2995 	 0.6384 	 1.1776 	 -0.1107 	 -0.0544 	 -0.0678 	 -0.0730 	 -0.0381 	 -0.0467
1.2625 	 1.2984 	 0.6379 	 1.1770 	 -0.1115 	 -0.0548 	 -0.0683 	 -0.0731 	 -0.0383 	 -0.0468
1.2725 	 1.2973 	 0.6373 	 1.1763 	 -0.1122 	 -0.0551 	 -0.0688 	 -0.0733 	 -0.0384 	 -0.0469
1.2826 	 1.2962 	 0.6367 	 1.1756 	 -0.1129 	 -0.0555 	 -0.0692 	 -0.0734 	 -0.0386 	 -0.0471
1.2926 	 1.2950 	 0.6362 	 1.1749 	 -0.1137 	 -0.0559 	 -0.0697 	 -0.0736 	 -0.0387 	 -0.0472
1.3026 	 1.2939 	 0.6356 	 1.1742 	 -0.1144 	 -0.0563 	 -0.0702 	 -0.0739 	 -0.0389 	 -0.0473
1.3126 	 1.2928 	 0.6351 	 1.1735 	 -0.1151 	 -0.0567 	 -0.0707 	 -0.0741 	 -0.0391 	 -0.0474
1.3226 	 1.2916 	 0.6345 	 1.1728 	 -0.1159 	 -0.0571 	 -0.0711 	 -0.0744 	 -0.0393 	 -0.0476
1.3327 	 1.2904 	 0.6339 	 1.1720 	 -0.1166 	 -0.0575 	 -0.0716 	 -0.0747 	 -0.0396 	 -0.0477
1.3427 	 1.2893 	 0.6333 	 1.1713 	 -0.1174 	 -0.0579 	 -0.0721 	 -0.0750 	 -0.0398 	 -0.0478
1.3527 	 1.2881 	 0.6328 	 1.1706 	 -0.1181 	 -0.0583 	 -0.0726 	 -0.0753 	 -0.0401 	 -0.0479
1.3627 	 1.2869 	 0.6322 	 1.1699 	 -0.1189 	 -0.0587 	 -0.0731 	 -0.0757 	 -0.0404 	 -0.0480
1.3727 	 1.2857 	 0.6316 	 1.1691 	 -0.1196 	 -0.0591 	 -0.0735 	 -0.0762 	 -0.0407 	 -0.0480
1.3828 	 1.2845 	 0.6310 	 1.1684 	 -0.1204 	 -0.0595 	 -0.0740 	 -0.0766 	 -0.0410 	 -0.0481
1.3928 	 1.2833 	 0.6304 	 1.1677 	 -0.1212 	 -0.0599 	 -0.0745 	 -0.0771 	 -0.0414 	 -0.0481
1.4028 	 1.2821 	 0.6298 	 1.1669 	 -0.1220 	 -0.0603 	 -0.0750 	 -0.0776 	 -0.0417 	 -0.0481
1.4128 	 1.2808 	 0.6292 	 1.1662 	 -0.1227 	 -0.0607 	 -0.0755 	 -0.0782 	 -0.0421 	 -0.0481
1.4228 	 1.2796 	 0.6286 	 1.1654 	 -0.1235 	 -0.0612 	 -0.0759 	 -0.0788 	 -0.0426 	 -0.0480
1.4329 	 1.2784 	 0.6280 	 1.1646 	 -0.1243 	 -0.0616 	 -0.0764 	 -0.0795 	 -0.0430 	 -0.0479
1.4429 	 1.2771 	 0.6273 	 1.1639 	 -0.1251 	 -0.0620 	 -0.0769 	 -0.0802 	 -0.0435 	 -0.0477
1.4529 	 1.2759 	 0.6267 	 1.1631 	 -0.1259 	 -0.0625 	 -0.0774 	 -0.0809 	 -0.0440 	 -0.0474
1.4629 	 1.2746 	 0.6261 	 1.1623 	 -0.1267 	 -0.0629 	 -0.0779 	 -0.0816 	 -0.0445 	 -0.0471
1.4729 	 1.2733 	 0.6255 	 1.1615 	 -0.1276 	 -0.0634 	 -0.0783 	 -0.0823 	 -0.0450 	 -0.0468
1.4830 	 1.2720 	 0.6248 	 1.1607 	 -0.1284 	 -0.0638 	 -0.0788 	 -0.0831 	 -0.0455 	 -0.0463
1.4930 	 1.2707 	 0.6242 	 1.1600 	 -0.1292 	 -0.0643 	 -0.0793 	 -0.0839 	 -0.0460 	 -0.0457
1.5030 	 1.2694 	 0.6235 	 1.1592 	 -0.1301 	 -0.0647 	 -0.0797 	 -0.0846 	 -0.0465 	 -0.0451
1.5130 	 1.2681 	 0.6229 	 1.1584 	 -0.1309 	 -0.0652 	 -0.0802 	 -0.0853 	 -0.0470 	 -0.0443
1.5230 	 1.2668 	 0.6222 	 1.1575 	 -0.1318 	 -0.0657 	 -0.0806 	 -0.0860 	 -0.0475 	 -0.0435
1.5331 	 1.2655 	 0.6216 	 1.1567 	 -0.1326 	 -0.0662 	 -0.0810 	 -0.0866 	 -0.0479 	 -0.0425
1.5431 	 1.2642 	 0.6209 	 1.1559 	 -0.1335 	 -0.0666 	 -0.0815 	 -0.0871 	 -0.0483 	 -0.0414
1.5531 	 1.2628 	 0.6202 	 1.1551 	 -0.1344 	 -0.0671 	 -0.0819 	 -0.0876 	 -0.0486 	 -0.0403
1.5631 	 1.2615 	 0.6195 	 1.1543 	 -0.1353 	 -0.0676 	 -0.0823 	 -0.0879 	 -0.0489 	 -0.0391
1.5731 	 1.2601 	 0.6189 	 1.1535 	 -0.1362 	 -0.0681 	 -0.0826 	 -0.0881 	 -0.0490 	 -0.0379
1.5832 	 1.2587 	 0.6182 	 1.1526 	 -0.1370 	 -0.0686 	 -0.0830 	 -0.0881 	 -0.0491 	 -0.0366
1.5932 	 1.2574 	 0.6175 	 1.1518 	 -0.1379 	 -0.0691 	 -0.0834 	 -0.0881 	 -0.0491 	 -0.0353
1.6032 	 1.2560 	 0.6168 	 1.1510 	 -0.1388 	 -0.0696 	 -0.0837 	 -0.0878 	 -0.0490 	 -0.0340
1.6132 	 1.2546 	 0.6161 	 1.1501 	 -0.1397 	 -0.0701 	 -0.0841 	 -0.0874 	 -0.0488 	 -0.0328
1.6232 	 1.2532 	 0.6154 	 1.1493 	 -0.1405 	 -0.0706 	 -0.0844 	 -0.0869 	 -0.0485 	 -0.0317
1.6333 	 1.2518 	 0.6147 	 1.1484 	 -0.1414 	 -0.0710 	 -0.0847 	 -0.0862 	 -0.0482 	 -0.0307
1.6433 	 1.2503 	 0.6140 	 1.1476 	 -0.1423 	 -0.0715 	 -0.0850 	 -0.0854 	 -0.0477 	 -0.0298
1.6533 	 1.2489 	 0.6133 	 1.1467 	 -0.1431 	 -0.0720 	 -0.0853 	 -0.0845 	 -0.0472 	 -0.0290
1.6633 	 1.2475 	 0.6125 	 1.1459 	 -0.1440 	 -0.0725 	 -0.0856 	 -0.0836 	 -0.0467 	 -0.0283
1.6733 	 1.2460 	 0.6118 	 1.1450 	 -0.1448 	 -0.0729 	 -0.0859 	 -0.0825 	 -0.0461 	 -0.0278
1.6834 	 1.2446 	 0.6111 	 1.1441 	 -0.1456 	 -0.0734 	 -0.0861 	 -0.0815 	 -0.0455 	 -0.0275
1.6934 	 1.2431 	 0.6103 	 1.1433 	 -0.1464 	 -0.0738 	 -0.0864 	 -0.0804 	 -0.0448 	 -0.0273
1.7034 	 1.2416 	 0.6096 	 1.1424 	 -0.1472 	 -0.0743 	 -0.0867 	 -0.0794 	 -0.0442 	 -0.0272
1.7134 	 1.2402 	 0.6088 	 1.1415 	 -0.1480 	 -0.0747 	 -0.0870 	 -0.0784 	 -0.0436 	 -0.0272
1.7234 	 1.2387 	 0.6081 	 1.1407 	 -0.1488 	 -0.0752 	 -0.0872 	 -0.0775 	 -0.0431 	 -0.0274
1.7335 	 1.2372 	 0.6073 	 1.1398 	 -0.1496 	 -0.0756 	 -0.0875 	 -0.0766 	 -0.0425 	 -0.0277
1.7435 	 1.2357 	 0.6066 	 1.1389 	 -0.1503 	 -0.0760 	 -0.0878 	 -0.0758 	 -0.0420 	 -0.0280
1.7535 	 1.2342 	 0.6058 	 1.1380 	 -0.1511 	 -0.0764 	 -0.0881 	 -0.0751 	 -0.0416 	 -0.0285
1.7635 	 1.2327 	 0.6050 	 1.1372 	 -0.1518 	 -0.0768 	 -0.0884 	 -0.0744 	 -0.0412 	 -0.0290
1.7735 	 1.2311 	 0.6043 	 1.1363 	 -0.1526 	 -0.0773 	 -0.0886 	 -0.0739 	 -0.0409 	 -0.0295
1.7836 	 1.2296 	 0.6035 	 1.1354 	 -0.1533 	 -0.0777 	 -0.0889 	 -0.0734 	 -0.0406 	 -0.0301
1.7936 	 1.2281 	 0.6027 	 1.1345 	 -0.1541 	 -0.0781 	 -0.0893 	 -0.0731 	 -0.0403 	 -0.0308
1.8036 	 1.2265 	 0.6019 	 1.1336 	 -0.1548 	 -0.0785 	 -0.0896 	 -0.0728 	 -0.0402 	 -0.0314
1.8136 	 1.2250 	 0.6011 	 1.1327 	 -0.1555 	 -0.0789 	 -0.0899 	 -0.0727 	 -0.0401 	 -0.0322
1.8236 	 1.2234 	 0.6003 	 1.1318 	 -0.1562 	 -0.0793 	 -0.0902 	 -0.0726 	 -0.0400 	 -0.0329
1.8337 	 1.2218 	 0.5996 	 1.1309 	 -0.1570 	 -0.0797 	 -0.0905 	 -0.0727 	 -0.0401 	 -0.0337
1.8437 	 1.2202 	 0.5988 	 1.1300 	 -0.1577 	 -0.0801 	 -0.0909 	 -0.0729 	 -0.0402 	 -0.0345
1.8537 	 1.2187 	 0.5979 	 1.1291 	 -0.1584 	 -0.0805 	 -0.0912 	 -0.0733 	 -0.0405 	 -0.0354
1.8637 	 1.2171 	 0.5971 	 1.1281 	 -0.1592 	 -0.0809 	 -0.0916 	 -0.0738 	 -0.0408 	 -0.0363
1.8737 	 1.2155 	 0.5963 	 1.1272 	 -0.1599 	 -0.0813 	 -0.0920 	 -0.0745 	 -0.0414 	 -0.0373
1.8838 	 1.2139 	 0.5955 	 1.1263 	 -0.1607 	 -0.0817 	 -0.0923 	 -0.0754 	 -0.0421 	 -0.0384
1.8938 	 1.2122 	 0.5947 	 1.1254 	 -0.1614 	 -0.0822 	 -0.0927 	 -0.0766 	 -0.0431 	 -0.0396
1.9038 	 1.2106 	 0.5939 	 1.1244 	 -0.1622 	 -0.0826 	 -0.0931 	 -0.0782 	 -0.0446 	 -0.0409
1.9138 	 1.2090 	 0.5930 	 1.1235 	 -0.1630 	 -0.0830 	 -0.0936 	 -0.0802 	 -0.0465 	 -0.0425
1.9238 	 1.2074 	 0.5922 	 1.1226 	 -0.1638 	 -0.0835 	 -0.0940 	 -0.0827 	 -0.0492 	 -0.0442
1.9339 	 1.2057 	 0.5914 	 1.1216 	 -0.1647 	 -0.0840 	 -0.0944 	 -0.0860 	 -0.0531 	 -0.0463
1.9439 	 1.2041 	 0.5905 	 1.1207 	 -0.1655 	 -0.0846 	 -0.0949 	 -0.0901 	 -0.0587 	 -0.0486
1.9539 	 1.2024 	 0.5897 	 1.1197 	 -0.1665 	 -0.0852 	 -0.0954 	 -0.0951 	 -0.0670 	 -0.0512
1.9639 	 1.2007 	 0.5888 	 1.1188 	 -0.1674 	 -0.0859 	 -0.0959 	 -0.1010 	 -0.0796 	 -0.0537
1.9739 	 1.1990 	 0.5879 	 1.1178 	 -0.1685 	 -0.0868 	 -0.0965 	 -0.1069 	 -0.0986 	 -0.0554
1.9840 	 1.1973 	 0.5871 	 1.1168 	 -0.1696 	 -0.0880 	 -0.0970 	 -0.1090 	 -0.1261 	 -0.0528
1.9940 	 1.1956 	 0.5862 	 1.1159 	 -0.1707 	 -0.0894 	 -0.0975 	 -0.1026 	 -0.1613 	 -0.0443
2.0040 	 1.1939 	 0.5853 	 1.1149 	 -0.1716 	 -0.0912 	 -0.0979 	 -0.0791 	 -0.1921 	 -0.0252
2.0140 	 1.1922 	 0.5843 	 1.1139 	 -0.1722 	 -0.0932 	 -0.0980 	 -0.0420 	 -0.1965 	 -0.0006
2.0240 	 1.1905 	 0.5834 	 1.1129 	 -0.1724 	 -0.0950 	 -0.0979 	 -0.0116 	 -0.1679 	 0.0152
2.0341 	 1.1888 	 0.5824 	 1.1119 	 -0.1725 	 -0.0965 	 -0.0978 	 -0.0011 	 -0.1272 	 0.0164
2.0441 	 1.1870 	 0.5815 	 1.1110 	 -0.1725 	 -0.0976 	 -0.0976 	 -0.0052 	 -0.0937 	 0.0092
2.0541 	 1.1853 	 0.5805 	 1.1100 	 -0.1726 	 -0.0984 	 -0.0976 	 -0.0144 	 -0.0716 	 0.0001
2.0641 	 1.1836 	 0.5795 	 1.1090 	 -0.1728 	 -0.0990 	 -0.0976 	 -0.0237 	 -0.0581 	 -0.0080
2.0741 	 1.1818 	 0.5785 	 1.1080 	 -0.1731 	 -0.0996 	 -0.0977 	 -0.0315 	 -0.0500 	 -0.0143
2.0842 	 1.1801 	 0.5775 	 1.1070 	 -0.1734 	 -0.1000 	 -0.0979 	 -0.0378 	 -0.0451 	 -0.0192
2.0942 	 1.1784 	 0.5765 	 1.1061 	 -0.1738 	 -0.1005 	 -0.0981 	 -0.0426 	 -0.0420 	 -0.0230
2.1042 	 1.1766 	 0.5755 	 1.1051 	 -0.1743 	 -0.1009 	 -0.0984 	 -0.0464 	 -0.0401 	 -0.0258
2.1142 	 1.1749 	 0.5745 	 1.1041 	 -0.1748 	 -0.1013 	 -0.0986 	 -0.0494 	 -0.0388 	 -0.0281
2.1242 	 1.1731 	 0.5735 	 1.1031 	 -0.1753 	 -0.1017 	 -0.0989 	 -0.0518 	 -0.0380 	 -0.0299
2.1343 	 1.1714 	 0.5724 	 1.1021 	 -0.1758 	 -0.1021 	 -0.0992 	 -0.0537 	 -0.0375 	 -0.0313
2.1443 	 1.1696 	 0.5714 	 1.1011 	 -0.1763 	 -0.1024 	 -0.0996 	 -0.0553 	 -0.0371 	 -0.0325
2.1543 	 1.1678 	 0.5704 	 1.1001 	 -0.1769 	 -0.1028 	 -0.0999 	 -0.0566 	 -0.0369 	 -0.0335
2.1643 	 1.1660 	 0.5694 	 1.0991 	 -0.1775 	 -0.1032 	 -0.1002 	 -0.0578 	 -0.0367 	 -0.0344
2.1743 	 1.1643 	 0.5683 	 1.0981 	 -0.1781 	 -0.1035 	 -0.1006 	 -0.0587 	 -0.0366 	 -0.0351
2.1844 	 1.1625 	 0.5673 	 1.0971 	 -0.1787 	 -0.1039 	 -0.1009 	 -0.0595 	 -0.0366 	 -0.0357
2.1944 	 1.1607 	 0.5662 	 1.0961 	 -0.1793 	 -0.1043 	 -0.1013 	 -0.0602 	 -0.0366 	 -0.0362
2.2044 	 1.1589 	 0.5652 	 1.0951 	 -0.1799 	 -0.1046 	 -0.1017 	 -0.0609 	 -0.0366 	 -0.0366
2.2144 	 1.1571 	 0.5641 	 1.0940 	 -0.1805 	 -0.1050 	 -0.1020 	 -0.0614 	 -0.0366 	 -0.0370
2.2244 	 1.1553 	 0.5631 	 1.0930 	 -0.1811 	 -0.1054 	 -0.1024 	 -0.0620 	 -0.0367 	 -0.0374
2.2345 	 1.1534 	 0.5620 	 1.0920 	 -0.1817 	 -0.1057 	 -0.1028 	 -0.0624 	 -0.0367 	 -0.0377
2.2445 	 1.1516 	 0.5610 	 1.0910 	 -0.1823 	 -0.1061 	 -0.1032 	 -0.0629 	 -0.0368 	 -0.0380
2.2545 	 1.1498 	 0.5599 	 1.0899 	 -0.1830 	 -0.1065 	 -0.1035 	 -0.0633 	 -0.0369 	 -0.0382
2.2645 	 1.1480 	 0.5588 	 1.0889 	 -0.1836 	 -0.1068 	 -0.1039 	 -0.0636 	 -0.0369 	 -0.0384
2.2745 	 1.1461 	 0.5578 	 1.0878 	 -0.1843 	 -0.1072 	 -0.1043 	 -0.0640 	 -0.0370 	 -0.0386
2.2846 	 1.1443 	 0.5567 	 1.0868 	 -0.1849 	 -0.1076 	 -0.1047 	 -0.0643 	 -0.0371 	 -0.0388
2.2946 	 1.1424 	 0.5556 	 1.0857 	 -0.1855 	 -0.1080 	 -0.1051 	 -0.0646 	 -0.0372 	 -0.0389
2.3046 	 1.1405 	 0.5545 	 1.0847 	 -0.1862 	 -0.1083 	 -0.1055 	 -0.0649 	 -0.0373 	 -0.0390
2.3146 	 1.1387 	 0.5534 	 1.0836 	 -0.1868 	 -0.1087 	 -0.1059 	 -0.0652 	 -0.0374 	 -0.0391
2.3246 	 1.1368 	 0.5523 	 1.0826 	 -0.1875 	 -0.1091 	 -0.1063 	 -0.0655 	 -0.0375 	 -0.0392
2.3347 	 1.1349 	 0.5513 	 1.0815 	 -0.1882 	 -0.1095 	 -0.1066 	 -0.0658 	 -0.0376 	 -0.0393
2.3447 	 1.1330 	 0.5502 	 1.0804 	 -0.1888 	 -0.1098 	 -0.1070 	 -0.0660 	 -0.0377 	 -0.0394
2.3547 	 1.1311 	 0.5491 	 1.0794 	 -0.1895 	 -0.1102 	 -0.1074 	 -0.0663 	 -0.0378 	 -0.0394
2.3647 	 1.1292 	 0.5479 	 1.0783 	 -0.1901 	 -0.1106 	 -0.1078 	 -0.0665 	 -0.0380 	 -0.0394
2.3747 	 1.1273 	 0.5468 	 1.0772 	 -0.1908 	 -0.1110 	 -0.1082 	 -0.0667 	 -0.0381 	 -0.0394
2.3848 	 1.1254 	 0.5457 	 1.0761 	 -0.1915 	 -0.1114 	 -0.1086 	 -0.0670 	 -0.0382 	 -0.0395
2.3948 	 1.1235 	 0.5446 	 1.0750 	 -0.1922 	 -0.1117 	 -0.1090 	 -0.0672 	 -0.0383 	 -0.0394
2.4048 	 1.1216 	 0.5435 	 1.0739 	 -0.1928 	 -0.1121 	 -0.1094 	 -0.0674 	 -0.0384 	 -0.0394
2.4148 	 1.1196 	 0.5424 	 1.0728 	 -0.1935 	 -0.1125 	 -0.1098 	 -0.0676 	 -0.0385 	 -0.0394
2.4248 	 1.1177 	 0.5412 	 1.0717 	 -0.1942 	 -0.1129 	 -0.1102 	 -0.0677 	 -0.0386 	 -0.0394
2.4349 	 1.1157 	 0.5401 	 1.0706 	 -0.1949 	 -0.1133 	 -0.1106 	 -0.0679 	 -0.0387 	 -0.0393
2.4449 	 1.1138 	 0.5390 	 1.0695 	 -0.1955 	 -0.1137 	 -0.1110 	 -0.0681 	 -0.0388 	 -0.0393
2.4549 	 1.1118 	 0.5378 	 1.0684 	 -0.1962 	 -0.1141 	 -0.1114 	 -0.0682 	 -0.0389 	 -0.0392
2.4649 	 1.1098 	 0.5367 	 1.0673 	 -0.1969 	 -0.1144 	 -0.1118 	 -0.0684 	 -0.0390 	 -0.0392
2.4749 	 1.1079 	 0.5355 	 1.0661 	 -0.1976 	 -0.1148 	 -0.1122 	 -0.0685 	 -0.0391 	 -0.0391
2.4850 	 1.1059 	 0.5344 	 1.0650 	 -0.1983 	 -0.1152 	 -0.1126 	 -0.0686 	 -0.0392 	 -0.0390
2.4950 	 1.1039 	 0.5332 	 1.0639 	 -0.1990 	 -0.1156 	 -0.1129 	 -0.0688 	 -0.0393 	 -0.0390
2.5050 	 1.1019 	 0.5321 	 1.0628 	 -0.1997 	 -0.1160 	 -0.1133 	 -0.0689 	 -0.0394 	 -0.0389
2.5150 	 1.0999 	 0.5309 	 1.0616 	 -0.2003 	 -0.1164 	 -0.1137 	 -0.0689 	 -0.0394 	 -0.0388
2.5251 	 1.0979 	 0.5297 	 1.0605 	 -0.2010 	 -0.1168 	 -0.1141 	 -0.0690 	 -0.0395 	 -0.0388
2.5351 	 1.0959 	 0.5285 	 1.0593 	 -0.2017 	 -0.1172 	 -0.1145 	 -0.0691 	 -0.0396 	 -0.0387
2.5451 	 1.0938 	 0.5274 	 1.0582 	 -0.2024 	 -0.1176 	 -0.1149 	 -0.0691 	 -0.0396 	 -0.0386
2.5551 	 1.0918 	 0.5262 	 1.0570 	 -0.2031 	 -0.1180 	 -0.1153 	 -0.0692 	 -0.0396 	 -0.0386
2.5651 	 1.0898 	 0.5250 	 1.0559 	 -0.2038 	 -0.1184 	 -0.1157 	 -0.0692 	 -0.0397 	 -0.0385
2.5752 	 1.0877 	 0.5238 	 1.0547 	 -0.2045 	 -0.1188 	 -0.1161 	 -0.0692 	 -0.0397 	 -0.0385
2.5852 	 1.0857 	 0.5226 	 1.0535 	 -0.2052 	 -0.1192 	 -0.1164 	 -0.0692 	 -0.0397 	 -0.0385
2.5952 	 1.0836 	 0.5214 	 1.0524 	 -0.2059 	 -0.1196 	 -0.1168 	 -0.0692 	 -0.0397 	 -0.0384
2.6052 	 1.0815 	 0.5202 	 1.0512 	 -0.2066 	 -0.1200 	 -0.1172 	 -0.0692 	 -0.0397 	 -0.0384
2.6152 	 1.0795 	 0.5190 	 1.0500 	 -0.2073 	 -0.1204 	 -0.1176 	 -0.0692 	 -0.0397 	 -0.0384
2.6253 	 1.0774 	 0.5178 	 1.0489 	 -0.2080 	 -0.1208 	 -0.1180 	 -0.0692 	 -0.0397 	 -0.0384
2.6353 	 1.0753 	 0.5166 	 1.0477 	 -0.2087 	 -0.1212 	 -0.1184 	 -0.0692 	 -0.0397 	 -0.0385
2.6453 	 1.0732 	 0.5154 	 1.0465 	 -0.2094 	 -0.1216 	 -0.1187 	 -0.0692 	 -0.0396 	 -0.0385
2.6553 	 1.0711 	 0.5142 	 1.0453 	 -0.2101 	 -0.1220 	 -0.1191 	 -0.0691 	 -0.0396 	 -0.0386
2.6653 	 1.0690 	 0.5129 	 1.0441 	 -0.2107 	 -0.1224 	 -0.1195 	 -0.0691 	 -0.0396 	 -0.0386
2.6754 	 1.0669 	 0.5117 	 1.0429 	 -0.2114 	 -0.1228 	 -0.1199 	 -0.0691 	 -0.0395 	 -0.0387
2.6854 	 1.0648 	 0.5105 	 1.0417 	 -0.2121 	 -0.1232 	 -0.1203 	 -0.0691 	 -0.0395 	 -0.0388
2.6954 	 1.0626 	 0.5092 	 1.0405 	 -0.2128 	 -0.1236 	 -0.1207 	 -0.0691 	 -0.0394 	 -0.0389
2.7054 	 1.0605 	 0.5080 	 1.0393 	 -0.2135 	 -0.1240 	 -0.1211 	 -0.0690 	 -0.0394 	 -0.0390
2.7154 	 1.0584 	 0.5068 	 1.0381 	 -0.2142 	 -0.1243 	 -0.1215 	 -0.0690 	 -0.0393 	 -0.0392
2.7255 	 1.0562 	 0.5055 	 1.0368 	 -0.2149 	 -0.1247 	 -0.1219 	 -0.0690 	 -0.0393 	 -0.0393
2.7355 	 1.0540 	 0.5043 	 1.0356 	 -0.2156 	 -0.1251 	 -0.1223 	 -0.0690 	 -0.0392 	 -0.0394
2.7455 	 1.0519 	 0.5030 	 1.0344 	 -0.2163 	 -0.1255 	 -0.1227 	 -0.0690 	 -0.0391 	 -0.0396
2.7555 	 1.0497 	 0.5017 	 1.0332 	 -0.2170 	 -0.1259 	 -0.1231 	 -0.0690 	 -0.0391 	 -0.0398
2.7655 	 1.0475 	 0.5005 	 1.0319 	 -0.2177 	 -0.1263 	 -0.1234 	 -0.0691 	 -0.0390 	 -0.0400
2.7756 	 1.0454 	 0.4992 	 1.0307 	 -0.2184 	 -0.1267 	 -0.1239 	 -0.0691 	 -0.0390 	 -0.0401
2.7856 	 1.0432 	 0.4979 	 1.0294 	 -0.2190 	 -0.1271 	 -0.1243 	 -0.0691 	 -0.0389 	 -0.0403
2.7956 	 1.0410 	 0.4967 	 1.0282 	 -0.2197 	 -0.1275 	 -0.1247 	 -0.0692 	 -0.0389 	 -0.0405
2.8056 	 1.0388 	 0.4954 	 1.0269 	 -0.2204 	 -0.1279 	 -0.1251 	 -0.0692 	 -0.0388 	 -0.0407
2.8156 	 1.0365 	 0.4941 	 1.0257 	 -0.2211 	 -0.1283 	 -0.1255 	 -0.0693 	 -0.0388 	 -0.0410
2.8257 	 1.0343 	 0.4928 	 1.0244 	 -0.2218 	 -0.1286 	 -0.1259 	 -0.0693 	 -0.0387 	 -0.0412
2.8357 	 1.0321 	 0.4915 	 1.0232 	 -0.2225 	 -0.1290 	 -0.1263 	 -0.0694 	 -0.0387 	 -0.0414
2.8457 	 1.0299 	 0.4902 	 1.0219 	 -0.2232 	 -0.1294 	 -0.1267 	 -0.0695 	 -0.0386 	 -0.0416
2.8557 	 1.0276 	 0.4889 	 1.0206 	 -0.2239 	 -0.1298 	 -0.1271 	 -0.0696 	 -0.0386 	 -0.0419
2.8657 	 1.0254 	 0.4876 	 1.0193 	 -0.2246 	 -0.1302 	 -0.1276 	 -0.0697 	 -0.0385 	 -0.0421
2.8758 	 1.0231 	 0.4863 	 1.0181 	 -0.2253 	 -0.1306 	 -0.1280 	 -0.0698 	 -0.0385 	 -0.0423
2.8858 	 1.0209 	 0.4850 	 1.0168 	 -0.2260 	 -0.1310 	 -0.1284 	 -0.0699 	 -0.0385 	 -0.0426
2.8958 	 1.0186 	 0.4837 	 1.0155 	 -0.2267 	 -0.1314 	 -0.1288 	 -0.0700 	 -0.0384 	 -0.0428
2.9058 	 1.0163 	 0.4824 	 1.0142 	 -0.2274 	 -0.1317 	 -0.1293 	 -0.0701 	 -0.0384 	 -0.0431
2.9158 	 1.0140 	 0.4811 	 1.0129 	 -0.2281 	 -0.1321 	 -0.1297 	 -0.0703 	 -0.0384 	 -0.0433
2.9259 	 1.0117 	 0.4797 	 1.0116 	 -0.2288 	 -0.1325 	 -0.1301 	 -0.0704 	 -0.0383 	 -0.0436
2.9359 	 1.0095 	 0.4784 	 1.0103 	 -0.2295 	 -0.1329 	 -0.1306 	 -0.0706 	 -0.0383 	 -0.0438
2.9459 	 1.0071 	 0.4771 	 1.0090 	 -0.2302 	 -0.1333 	 -0.1310 	 -0.0707 	 -0.0383 	 -0.0441
2.9559 	 1.0048 	 0.4757 	 1.0077 	 -0.2309 	 -0.1337 	 -0.1315 	 -0.0709 	 -0.0383 	 -0.0443
2.9659 	 1.0025 	 0.4744 	 1.0063 	 -0.2317 	 -0.1340 	 -0.1319 	 -0.0710 	 -0.0383 	 -0.0446
2.9760 	 1.0002 	 0.4731 	 1.0050 	 -0.2324 	 -0.1344 	 -0.1323 	 -0.0712 	 -0.0383 	 -0.0449
2.9860 	 0.9979 	 0.4717 	 1.0037 	 -0.2331 	 -0.1348 	 -0.1328 	 -0.0714 	 -0.0383 	 -0.0451
2.9960 	 0.9955 	 0.4703 	 1.0024 	 -0.2338 	 -0.1352 	 -0.1333 	 -0.0715 	 -0.0382 	 -0.0454
3.0060 	 0.9932 	 0.4690 	 1.0010 	 -0.2345 	 -0.1356 	 -0.1337 	 -0.0717 	 -0.0382 	 -0.0457
3.0160 	 0.9908 	 0.4676 	 0.9997 	 -0.2352 	 -0.1360 	 -0.1342 	 -0.0719 	 -0.0382 	 -0.0460
3.0261 	 0.9885 	 0.4663 	 0.9983 	 -0.2360 	 -0.1363 	 -0.1346 	 -0.0721 	 -0.0382 	 -0.0462
3.0361 	 0.9861 	 0.4649 	 0.9970 	 -0.2367 	 -0.1367 	 -0.1351 	 -0.0723 	 -0.0382 	 -0.0465
3.0461 	 0.9837 	 0.4635 	 0.9956 	 -0.2374 	 -0.1371 	 -0.1356 	 -0.0725 	 -0.0383 	 -0.0468
3.0561 	 0.9813 	 0.4622 	 0.9943 	 -0.2381 	 -0.1375 	 -0.1360 	 -0.0728 	 -0.0383 	 -0.0471
3.0661 	 0.9789 	 0.4608 	 0.9929 	 -0.2389 	 -0.1379 	 -0.1365 	 -0.0730 	 -0.0383 	 -0.0474
3.0762 	 0.9766 	 0.4594 	 0.9915 	 -0.2396 	 -0.1383 	 -0.1370 	 -0.0732 	 -0.0383 	 -0.0477
3.0862 	 0.9741 	 0.4580 	 0.9902 	 -0.2403 	 -0.1386 	 -0.1375 	 -0.0735 	 -0.0383 	 -0.0480
3.0962 	 0.9717 	 0.4566 	 0.9888 	 -0.2411 	 -0.1390 	 -0.1379 	 -0.0737 	 -0.0383 	 -0.0483
3.1062 	 0.9693 	 0.4552 	 0.9874 	 -0.2418 	 -0.1394 	 -0.1384 	 -0.0740 	 -0.0383 	 -0.0487
3.1162 	 0.9669 	 0.4538 	 0.9860 	 -0.2425 	 -0.1398 	 -0.1389 	 -0.0742 	 -0.0384 	 -0.0490
3.1263 	 0.9645 	 0.4524 	 0.9846 	 -0.2433 	 -0.1402 	 -0.1394 	 -0.0745 	 -0.0384 	 -0.0493
3.1363 	 0.9620 	 0.4510 	 0.9832 	 -0.2440 	 -0.1406 	 -0.1399 	 -0.0748 	 -0.0384 	 -0.0497
3.1463 	 0.9596 	 0.4496 	 0.9818 	 -0.2448 	 -0.1409 	 -0.1404 	 -0.0751 	 -0.0385 	 -0.0500
3.1563 	 0.9571 	 0.4482 	 0.9804 	 -0.2455 	 -0.1413 	 -0.1409 	 -0.0754 	 -0.0385 	 -0.0504
3.1663 	 0.9546 	 0.4468 	 0.9790 	 -0.2463 	 -0.1417 	 -0.1414 	 -0.0757 	 -0.0385 	 -0.0508
3.1764 	 0.9522 	 0.4453 	 0.9776 	 -0.2471 	 -0.1421 	 -0.1419 	 -0.0760 	 -0.0386 	 -0.0511
3.1864 	 0.9497 	 0.4439 	 0.9761 	 -0.2478 	 -0.1425 	 -0.1424 	 -0.0764 	 -0.0386 	 -0.0515
3.1964 	 0.9472 	 0.4425 	 0.9747 	 -0.2486 	 -0.1429 	 -0.1430 	 -0.0768 	 -0.0387 	 -0.0519
3.2064 	 0.9447 	 0.4411 	 0.9733 	 -0.2494 	 -0.1433 	 -0.1435 	 -0.0771 	 -0.0388 	 -0.0523
3.2164 	 0.9422 	 0.4396 	 0.9718 	 -0.2501 	 -0.1437 	 -0.1440 	 -0.0775 	 -0.0388 	 -0.0528
3.2265 	 0.9397 	 0.4382 	 0.9704 	 -0.2509 	 -0.1440 	 -0.1445 	 -0.0780 	 -0.0389 	 -0.0532
3.2365 	 0.9372 	 0.4367 	 0.9689 	 -0.2517 	 -0.1444 	 -0.1451 	 -0.0784 	 -0.0390 	 -0.0537
3.2465 	 0.9347 	 0.4353 	 0.9675 	 -0.2525 	 -0.1448 	 -0.1456 	 -0.0789 	 -0.0391 	 -0.0542
3.2565 	 0.9321 	 0.4338 	 0.9660 	 -0.2533 	 -0.1452 	 -0.1462 	 -0.0794 	 -0.0392 	 -0.0547
3.2665 	 0.9296 	 0.4324 	 0.9646 	 -0.2541 	 -0.1456 	 -0.1467 	 -0.0799 	 -0.0393 	 -0.0552
3.2766 	 0.9270 	 0.4309 	 0.9631 	 -0.2549 	 -0.1460 	 -0.1473 	 -0.0793 	 -0.0389 	 -0.0542
3.2866 	 0.9245 	 0.4294 	 0.9616 	 -0.2557 	 -0.1464 	 -0.1478 	 -0.0799 	 -0.0391 	 -0.0547
3.2966 	 0.9219 	 0.4280 	 0.9601 	 -0.2565 	 -0.1468 	 -0.1484 	 -0.0805 	 -0.0392 	 -0.0553
3.3066 	 0.9193 	 0.4265 	 0.9586 	 -0.2573 	 -0.1472 	 -0.1489 	 -0.0812 	 -0.0394 	 -0.0560
3.3166 	 0.9167 	 0.4250 	 0.9571 	 -0.2581 	 -0.1476 	 -0.1495 	 -0.0820 	 -0.0396 	 -0.0566
3.3267 	 0.9142 	 0.4235 	 0.9556 	 -0.2589 	 -0.1480 	 -0.1501 	 -0.0828 	 -0.0398 	 -0.0573
3.3367 	 0.9116 	 0.4221 	 0.9541 	 -0.2598 	 -0.1484 	 -0.1506 	 -0.0836 	 -0.0400 	 -0.0581
3.3467 	 0.9090 	 0.4206 	 0.9526 	 -0.2606 	 -0.1488 	 -0.1512 	 -0.0846 	 -0.0403 	 -0.0589
3.3567 	 0.9063 	 0.4191 	 0.9511 	 -0.2615 	 -0.1492 	 -0.1518 	 -0.0856 	 -0.0406 	 -0.0598
3.3667 	 0.9037 	 0.4176 	 0.9496 	 -0.2623 	 -0.1496 	 -0.1524 	 -0.0867 	 -0.0409 	 -0.0607
3.3768 	 0.9011 	 0.4161 	 0.9480 	 -0.2632 	 -0.1500 	 -0.1530 	 -0.0880 	 -0.0413 	 -0.0617
3.3868 	 0.8984 	 0.4146 	 0.9465 	 -0.2641 	 -0.1504 	 -0.1537 	 -0.0894 	 -0.0417 	 -0.0628
3.3968 	 0.8958 	 0.4131 	 0.9450 	 -0.2650 	 -0.1508 	 -0.1543 	 -0.0910 	 -0.0422 	 -0.0640
3.4068 	 0.8931 	 0.4116 	 0.9434 	 -0.2659 	 -0.1513 	 -0.1549 	 -0.0927 	 -0.0428 	 -0.0654
3.4168 	 0.8905 	 0.4100 	 0.9419 	 -0.2669 	 -0.1517 	 -0.1556 	 -0.0947 	 -0.0434 	 -0.0668
3.4269 	 0.8878 	 0.4085 	 0.9403 	 -0.2678 	 -0.1521 	 -0.1563 	 -0.0970 	 -0.0442 	 -0.0684
3.4369 	 0.8851 	 0.4070 	 0.9387 	 -0.2688 	 -0.1526 	 -0.1570 	 -0.0996 	 -0.0450 	 -0.0702
3.4469 	 0.8824 	 0.4055 	 0.9371 	 -0.2698 	 -0.1530 	 -0.1577 	 -0.1027 	 -0.0460 	 -0.0721
3.4569 	 0.8797 	 0.4039 	 0.9356 	 -0.2709 	 -0.1535 	 -0.1584 	 -0.1063 	 -0.0472 	 -0.0744
3.4669 	 0.8770 	 0.4024 	 0.9340 	 -0.2719 	 -0.1540 	 -0.1592 	 -0.1105 	 -0.0485 	 -0.0769
3.4770 	 0.8742 	 0.4008 	 0.9324 	 -0.2731 	 -0.1545 	 -0.1600 	 -0.1155 	 -0.0501 	 -0.0798
3.4870 	 0.8715 	 0.3993 	 0.9308 	 -0.2743 	 -0.1550 	 -0.1608 	 -0.1216 	 -0.0521 	 -0.0830
3.4970 	 0.8687 	 0.3977 	 0.9292 	 -0.2755 	 -0.1555 	 -0.1616 	 -0.1291 	 -0.0544 	 -0.0868
3.5070 	 0.8660 	 0.3962 	 0.9275 	 -0.2769 	 -0.1561 	 -0.1625 	 -0.1384 	 -0.0572 	 -0.0911
3.5170 	 0.8632 	 0.3946 	 0.9259 	 -0.2783 	 -0.1567 	 -0.1635 	 -0.1501 	 -0.0607 	 -0.0961
3.5271 	 0.8604 	 0.3930 	 0.9243 	 -0.2799 	 -0.1573 	 -0.1644 	 -0.1651 	 -0.0651 	 -0.1018
3.5371 	 0.8576 	 0.3914 	 0.9226 	 -0.2816 	 -0.1580 	 -0.1655 	 -0.1848 	 -0.0706 	 -0.1083
3.5471 	 0.8547 	 0.3899 	 0.9209 	 -0.2836 	 -0.1587 	 -0.1666 	 -0.2113 	 -0.0776 	 -0.1154
3.5571 	 0.8519 	 0.3883 	 0.9193 	 -0.2859 	 -0.1595 	 -0.1678 	 -0.2475 	 -0.0866 	 -0.1227
3.5671 	 0.8490 	 0.3867 	 0.9176 	 -0.2886 	 -0.1605 	 -0.1691 	 -0.2983 	 -0.0981 	 -0.1286
3.5772 	 0.8461 	 0.3850 	 0.9159 	 -0.2919 	 -0.1615 	 -0.1704 	 -0.3714 	 -0.1126 	 -0.1295
3.5872 	 0.8432 	 0.3834 	 0.9142 	 -0.2962 	 -0.1627 	 -0.1716 	 -0.4774 	 -0.1299 	 -0.1165
3.5972 	 0.8402 	 0.3818 	 0.9124 	 -0.3017 	 -0.1641 	 -0.1726 	 -0.6288 	 -0.1470 	 -0.0689
3.6072 	 0.8371 	 0.3801 	 0.9107 	 -0.3089 	 -0.1656 	 -0.1728 	 -0.8252 	 -0.1526 	 0.0544
3.6172 	 0.8340 	 0.3785 	 0.9090 	 -0.3182 	 -0.1671 	 -0.1711 	 -1.0083 	 -0.1211 	 0.3060
3.6273 	 0.8307 	 0.3768 	 0.9073 	 -0.3285 	 -0.1679 	 -0.1663 	 -1.0179 	 -0.0291 	 0.6547
3.6373 	 0.8274 	 0.3751 	 0.9057 	 -0.3376 	 -0.1676 	 -0.1584 	 -0.7541 	 0.0844 	 0.8820
3.6473 	 0.8240 	 0.3734 	 0.9041 	 -0.3434 	 -0.1664 	 -0.1495 	 -0.4041 	 0.1420 	 0.8380
3.6573 	 0.8205 	 0.3718 	 0.9027 	 -0.3461 	 -0.1649 	 -0.1420 	 -0.1684 	 0.1381 	 0.6490
3.6673 	 0.8170 	 0.3701 	 0.9013 	 -0.3472 	 -0.1637 	 -0.1365 	 -0.0569 	 0.1097 	 0.4607
3.6774 	 0.8136 	 0.3685 	 0.8999 	 -0.3475 	 -0.1627 	 -0.1327 	 -0.0151 	 0.0800 	 0.3186
3.6874 	 0.8101 	 0.3669 	 0.8986 	 -0.3476 	 -0.1621 	 -0.1300 	 -0.0044 	 0.0556 	 0.2195
3.6974 	 0.8066 	 0.3652 	 0.8973 	 -0.3476 	 -0.1616 	 -0.1282 	 -0.0061 	 0.0371 	 0.1512
3.7074 	 0.8031 	 0.3636 	 0.8960 	 -0.3477 	 -0.1613 	 -0.1269 	 -0.0122 	 0.0232 	 0.1034
3.7174 	 0.7996 	 0.3620 	 0.8948 	 -0.3479 	 -0.1611 	 -0.1260 	 -0.0194 	 0.0127 	 0.0692
3.7275 	 0.7961 	 0.3604 	 0.8935 	 -0.3481 	 -0.1610 	 -0.1255 	 -0.0264 	 0.0047 	 0.0442
3.7375 	 0.7927 	 0.3588 	 0.8922 	 -0.3484 	 -0.1610 	 -0.1251 	 -0.0328 	 -0.0014 	 0.0253
3.7475 	 0.7892 	 0.3572 	 0.8910 	 -0.3487 	 -0.1611 	 -0.1249 	 -0.0384 	 -0.0062 	 0.0109
3.7575 	 0.7857 	 0.3556 	 0.8897 	 -0.3492 	 -0.1611 	 -0.1249 	 -0.0432 	 -0.0101 	 -0.0004
3.7675 	 0.7822 	 0.3539 	 0.8885 	 -0.3496 	 -0.1613 	 -0.1249 	 -0.0475 	 -0.0132 	 -0.0094
3.7776 	 0.7787 	 0.3523 	 0.8872 	 -0.3501 	 -0.1614 	 -0.1251 	 -0.0511 	 -0.0157 	 -0.0166
3.7876 	 0.7752 	 0.3507 	 0.8860 	 -0.3506 	 -0.1616 	 -0.1253 	 -0.0543 	 -0.0178 	 -0.0226
3.7976 	 0.7716 	 0.3491 	 0.8847 	 -0.3512 	 -0.1618 	 -0.1255 	 -0.0571 	 -0.0195 	 -0.0276
3.8076 	 0.7681 	 0.3475 	 0.8835 	 -0.3518 	 -0.1620 	 -0.1258 	 -0.0595 	 -0.0209 	 -0.0318
3.8176 	 0.7646 	 0.3458 	 0.8822 	 -0.3524 	 -0.1622 	 -0.1262 	 -0.0617 	 -0.0222 	 -0.0354
3.8277 	 0.7611 	 0.3442 	 0.8809 	 -0.3530 	 -0.1624 	 -0.1265 	 -0.0636 	 -0.0232 	 -0.0385
3.8377 	 0.7575 	 0.3426 	 0.8797 	 -0.3537 	 -0.1626 	 -0.1269 	 -0.0653 	 -0.0241 	 -0.0412
3.8477 	 0.7540 	 0.3410 	 0.8784 	 -0.3543 	 -0.1629 	 -0.1274 	 -0.0669 	 -0.0249 	 -0.0436
3.8577 	 0.7504 	 0.3393 	 0.8771 	 -0.3550 	 -0.1631 	 -0.1278 	 -0.0683 	 -0.0256 	 -0.0457
3.8677 	 0.7468 	 0.3377 	 0.8758 	 -0.3557 	 -0.1634 	 -0.1283 	 -0.0695 	 -0.0262 	 -0.0475
3.8778 	 0.7433 	 0.3360 	 0.8745 	 -0.3564 	 -0.1637 	 -0.1288 	 -0.0707 	 -0.0267 	 -0.0492
3.8878 	 0.7397 	 0.3344 	 0.8733 	 -0.3571 	 -0.1639 	 -0.1293 	 -0.0717 	 -0.0272 	 -0.0507
3.8978 	 0.7361 	 0.3328 	 0.8720 	 -0.3578 	 -0.1642 	 -0.1298 	 -0.0727 	 -0.0276 	 -0.0521
3.9078 	 0.7325 	 0.3311 	 0.8707 	 -0.3586 	 -0.1645 	 -0.1303 	 -0.0736 	 -0.0279 	 -0.0534
3.9178 	 0.7289 	 0.3295 	 0.8693 	 -0.3593 	 -0.1648 	 -0.1308 	 -0.0745 	 -0.0283 	 -0.0546
3.9279 	 0.7253 	 0.3278 	 0.8680 	 -0.3601 	 -0.1651 	 -0.1314 	 -0.0753 	 -0.0286 	 -0.0556
3.9379 	 0.7217 	 0.3262 	 0.8667 	 -0.3608 	 -0.1653 	 -0.1320 	 -0.0760 	 -0.0288 	 -0.0567
3.9479 	 0.7181 	 0.3245 	 0.8654 	 -0.3616 	 -0.1656 	 -0.1325 	 -0.0767 	 -0.0291 	 -0.0576
3.9579 	 0.7145 	 0.3228 	 0.8641 	 -0.3623 	 -0.1659 	 -0.1331 	 -0.0773 	 -0.0293 	 -0.0585
3.9679 	 0.7108 	 0.3212 	 0.8627 	 -0.3631 	 -0.1662 	 -0.1337 	 -0.0780 	 -0.0295 	 -0.0594
3.9780 	 0.7072 	 0.3195 	 0.8614 	 -0.3639 	 -0.1665 	 -0.1343 	 -0.0786 	 -0.0296 	 -0.0602
3.9880 	 0.7036 	 0.3178 	 0.8600 	 -0.3647 	 -0.1668 	 -0.1349 	 -0.0791 	 -0.0298 	 -0.0609
3.9980 	 0.6999 	 0.3162 	 0.8587 	 -0.3655 	 -0.1671 	 -0.1355 	 -0.0797 	 -0.0300 	 -0.0617
4.0080 	 0.6962 	 0.3145 	 0.8573 	 -0.3663 	 -0.1674 	 -0.1361 	 -0.0802 	 -0.0301 	 -0.0624
4.0180 	 0.6926 	 0.3128 	 0.8559 	 -0.3671 	 -0.1677 	 -0.1368 	 -0.0807 	 -0.0302 	 -0.0630
4.0281 	 0.6889 	 0.3111 	 0.8546 	 -0.3679 	 -0.1680 	 -0.1374 	 -0.0812 	 -0.0304 	 -0.0637
4.0381 	 0.6852 	 0.3094 	 0.8532 	 -0.3687 	 -0.1683 	 -0.1381 	 -0.0816 	 -0.0305 	 -0.0643
4.0481 	 0.6815 	 0.3078 	 0.8518 	 -0.3695 	 -0.1686 	 -0.1387 	 -0.0821 	 -0.0306 	 -0.0649
4.0581 	 0.6778 	 0.3061 	 0.8504 	 -0.3704 	 -0.1689 	 -0.1394 	 -0.0825 	 -0.0307 	 -0.0655
4.0681 	 0.6741 	 0.3044 	 0.8490 	 -0.3712 	 -0.1692 	 -0.1400 	 -0.0830 	 -0.0308 	 -0.0661
4.0782 	 0.6703 	 0.3027 	 0.8476 	 -0.3720 	 -0.1696 	 -0.1407 	 -0.0834 	 -0.0309 	 -0.0667
4.0882 	 0.6666 	 0.3010 	 0.8462 	 -0.3729 	 -0.1699 	 -0.1413 	 -0.0838 	 -0.0310 	 -0.0672
4.0982 	 0.6629 	 0.2993 	 0.8448 	 -0.3737 	 -0.1702 	 -0.1420 	 -0.0842 	 -0.0310 	 -0.0678
4.1082 	 0.6591 	 0.2976 	 0.8433 	 -0.3746 	 -0.1705 	 -0.1427 	 -0.0846 	 -0.0311 	 -0.0683
4.1182 	 0.6554 	 0.2959 	 0.8419 	 -0.3754 	 -0.1708 	 -0.1434 	 -0.0850 	 -0.0312 	 -0.0689
4.1283 	 0.6516 	 0.2941 	 0.8405 	 -0.3763 	 -0.1711 	 -0.1441 	 -0.0854 	 -0.0313 	 -0.0694
4.1383 	 0.6478 	 0.2924 	 0.8390 	 -0.3771 	 -0.1714 	 -0.1448 	 -0.0858 	 -0.0314 	 -0.0699
4.1483 	 0.6440 	 0.2907 	 0.8376 	 -0.3780 	 -0.1717 	 -0.1455 	 -0.0862 	 -0.0315 	 -0.0704
4.1583 	 0.6402 	 0.2890 	 0.8361 	 -0.3788 	 -0.1721 	 -0.1462 	 -0.0866 	 -0.0315 	 -0.0709
4.1683 	 0.6364 	 0.2873 	 0.8346 	 -0.3797 	 -0.1724 	 -0.1469 	 -0.0869 	 -0.0316 	 -0.0714
4.1784 	 0.6326 	 0.2855 	 0.8332 	 -0.3806 	 -0.1727 	 -0.1476 	 -0.0873 	 -0.0317 	 -0.0719
4.1884 	 0.6288 	 0.2838 	 0.8317 	 -0.3815 	 -0.1730 	 -0.1484 	 -0.0877 	 -0.0318 	 -0.0724
4.1984 	 0.6250 	 0.2821 	 0.8302 	 -0.3823 	 -0.1733 	 -0.1491 	 -0.0881 	 -0.0319 	 -0.0730
4.2084 	 0.6212 	 0.2803 	 0.8287 	 -0.3832 	 -0.1736 	 -0.1498 	 -0.0885 	 -0.0319 	 -0.0735
4.2184 	 0.6173 	 0.2786 	 0.8272 	 -0.3841 	 -0.1740 	 -0.1506 	 -0.0888 	 -0.0320 	 -0.0740
4.2285 	 0.6135 	 0.2768 	 0.8257 	 -0.3850 	 -0.1743 	 -0.1513 	 -0.0892 	 -0.0321 	 -0.0745
4.2385 	 0.6096 	 0.2751 	 0.8242 	 -0.3859 	 -0.1746 	 -0.1520 	 -0.0896 	 -0.0322 	 -0.0750
4.2485 	 0.6057 	 0.2733 	 0.8226 	 -0.3868 	 -0.1749 	 -0.1528 	 -0.0900 	 -0.0323 	 -0.0755
4.2585 	 0.6018 	 0.2716 	 0.8211 	 -0.3877 	 -0.1753 	 -0.1536 	 -0.0904 	 -0.0324 	 -0.0760
4.2685 	 0.5979 	 0.2698 	 0.8196 	 -0.3886 	 -0.1756 	 -0.1543 	 -0.0908 	 -0.0325 	 -0.0765
4.2786 	 0.5941 	 0.2681 	 0.8180 	 -0.3895 	 -0.1759 	 -0.1551 	 -0.0912 	 -0.0326 	 -0.0771
4.2886 	 0.5901 	 0.2663 	 0.8164 	 -0.3904 	 -0.1762 	 -0.1559 	 -0.0916 	 -0.0327 	 -0.0776
4.2986 	 0.5862 	 0.2645 	 0.8149 	 -0.3914 	 -0.1766 	 -0.1566 	 -0.0920 	 -0.0328 	 -0.0782
4.3086 	 0.5823 	 0.2628 	 0.8133 	 -0.3923 	 -0.1769 	 -0.1574 	 -0.0924 	 -0.0329 	 -0.0787
4.3186 	 0.5784 	 0.2610 	 0.8117 	 -0.3932 	 -0.1772 	 -0.1582 	 -0.0928 	 -0.0331 	 -0.0793
4.3287 	 0.5744 	 0.2592 	 0.8101 	 -0.3942 	 -0.1776 	 -0.1590 	 -0.0933 	 -0.0332 	 -0.0799
4.3387 	 0.5705 	 0.2574 	 0.8085 	 -0.3951 	 -0.1779 	 -0.1598 	 -0.0937 	 -0.0333 	 -0.0804
4.3487 	 0.5665 	 0.2556 	 0.8069 	 -0.3960 	 -0.1782 	 -0.1606 	 -0.0941 	 -0.0334 	 -0.0810
4.3587 	 0.5625 	 0.2539 	 0.8053 	 -0.3970 	 -0.1786 	 -0.1614 	 -0.0946 	 -0.0336 	 -0.0816
4.3687 	 0.5585 	 0.2521 	 0.8037 	 -0.3979 	 -0.1789 	 -0.1623 	 -0.0950 	 -0.0337 	 -0.0822
4.3788 	 0.5546 	 0.2503 	 0.8021 	 -0.3989 	 -0.1792 	 -0.1631 	 -0.0955 	 -0.0339 	 -0.0829
4.3888 	 0.5506 	 0.2485 	 0.8004 	 -0.3998 	 -0.1796 	 -0.1639 	 -0.0959 	 -0.0340 	 -0.0835
4.3988 	 0.5465 	 0.2467 	 0.7988 	 -0.4008 	 -0.1799 	 -0.1648 	 -0.0964 	 -0.0342 	 -0.0841
4.4088 	 0.5425 	 0.2449 	 0.7971 	 -0.4018 	 -0.1803 	 -0.1656 	 -0.0969 	 -0.0343 	 -0.0848
4.4188 	 0.5385 	 0.2431 	 0.7955 	 -0.4027 	 -0.1806 	 -0.1665 	 -0.0973 	 -0.0345 	 -0.0855
4.4289 	 0.5344 	 0.2413 	 0.7938 	 -0.4037 	 -0.1809 	 -0.1673 	 -0.0978 	 -0.0347 	 -0.0862
4.4389 	 0.5304 	 0.2394 	 0.7921 	 -0.4047 	 -0.1813 	 -0.1682 	 -0.0983 	 -0.0348 	 -0.0869
4.4489 	 0.5263 	 0.2376 	 0.7904 	 -0.4057 	 -0.1816 	 -0.1691 	 -0.0988 	 -0.0350 	 -0.0876
4.4589 	 0.5223 	 0.2358 	 0.7887 	 -0.4067 	 -0.1820 	 -0.1700 	 -0.0993 	 -0.0352 	 -0.0883
4.4689 	 0.5182 	 0.2340 	 0.7870 	 -0.4077 	 -0.1824 	 -0.1708 	 -0.0998 	 -0.0354 	 -0.0891
4.4790 	 0.5141 	 0.2321 	 0.7853 	 -0.4087 	 -0.1827 	 -0.1717 	 -0.1004 	 -0.0356 	 -0.0899
4.4890 	 0.5100 	 0.2303 	 0.7836 	 -0.4097 	 -0.1831 	 -0.1726 	 -0.1009 	 -0.0358 	 -0.0907
4.4990 	 0.5059 	 0.2285 	 0.7818 	 -0.4107 	 -0.1834 	 -0.1736 	 -0.1015 	 -0.0360 	 -0.0915
4.5090 	 0.5018 	 0.2266 	 0.7801 	 -0.4117 	 -0.1838 	 -0.1745 	 -0.1020 	 -0.0362 	 -0.0923
4.5190 	 0.4976 	 0.2248 	 0.7783 	 -0.4128 	 -0.1842 	 -0.1754 	 -0.1026 	 -0.0364 	 -0.0932
4.5291 	 0.4935 	 0.2229 	 0.7766 	 -0.4138 	 -0.1845 	 -0.1763 	 -0.1031 	 -0.0367 	 -0.0941
4.5391 	 0.4893 	 0.2211 	 0.7748 	 -0.4148 	 -0.1849 	 -0.1773 	 -0.1037 	 -0.0369 	 -0.0950
4.5491 	 0.4852 	 0.2192 	 0.7730 	 -0.4159 	 -0.1853 	 -0.1782 	 -0.1043 	 -0.0371 	 -0.0960
4.5591 	 0.4810 	 0.2174 	 0.7712 	 -0.4169 	 -0.1856 	 -0.1792 	 -0.1049 	 -0.0373 	 -0.0970
4.5691 	 0.4768 	 0.2155 	 0.7694 	 -0.4180 	 -0.1860 	 -0.1802 	 -0.1055 	 -0.0376 	 -0.0980
4.5792 	 0.4726 	 0.2137 	 0.7676 	 -0.4190 	 -0.1864 	 -0.1812 	 -0.1061 	 -0.0378 	 -0.0991
4.5892 	 0.4684 	 0.2118 	 0.7658 	 -0.4201 	 -0.1868 	 -0.1822 	 -0.1067 	 -0.0381 	 -0.1002
4.5992 	 0.4642 	 0.2099 	 0.7640 	 -0.4212 	 -0.1871 	 -0.1832 	 -0.1073 	 -0.0383 	 -0.1013
4.6092 	 0.4600 	 0.2080 	 0.7621 	 -0.4222 	 -0.1875 	 -0.1842 	 -0.1079 	 -0.0385 	 -0.1025
4.6192 	 0.4558 	 0.2062 	 0.7603 	 -0.4233 	 -0.1879 	 -0.1852 	 -0.1085 	 -0.0388 	 -0.1037
4.6293 	 0.4515 	 0.2043 	 0.7584 	 -0.4244 	 -0.1883 	 -0.1863 	 -0.1092 	 -0.0390 	 -0.1050
4.6393 	 0.4472 	 0.2024 	 0.7565 	 -0.4255 	 -0.1887 	 -0.1873 	 -0.1098 	 -0.0393 	 -0.1063
4.6493 	 0.4430 	 0.2005 	 0.7547 	 -0.4266 	 -0.1891 	 -0.1884 	 -0.1104 	 -0.0395 	 -0.1077
4.6593 	 0.4387 	 0.1986 	 0.7528 	 -0.4277 	 -0.1895 	 -0.1895 	 -0.1110 	 -0.0397 	 -0.1092
4.6693 	 0.4344 	 0.1967 	 0.7509 	 -0.4288 	 -0.1899 	 -0.1906 	 -0.1117 	 -0.0400 	 -0.1107
4.6794 	 0.4301 	 0.1948 	 0.7489 	 -0.4300 	 -0.1903 	 -0.1917 	 -0.1123 	 -0.0402 	 -0.1122
4.6894 	 0.4258 	 0.1929 	 0.7470 	 -0.4311 	 -0.1907 	 -0.1929 	 -0.1129 	 -0.0404 	 -0.1138
4.6994 	 0.4215 	 0.1910 	 0.7451 	 -0.4322 	 -0.1911 	 -0.1940 	 -0.1135 	 -0.0406 	 -0.1155
4.7094 	 0.4171 	 0.1890 	 0.7431 	 -0.4334 	 -0.1915 	 -0.1952 	 -0.1141 	 -0.0408 	 -0.1173
4.7194 	 0.4128 	 0.1871 	 0.7412 	 -0.4345 	 -0.1919 	 -0.1964 	 -0.1147 	 -0.0409 	 -0.1192
4.7295 	 0.4084 	 0.1852 	 0.7392 	 -0.4357 	 -0.1923 	 -0.1976 	 -0.1152 	 -0.0411 	 -0.1211
4.7395 	 0.4041 	 0.1833 	 0.7372 	 -0.4368 	 -0.1927 	 -0.1988 	 -0.1158 	 -0.0412 	 -0.1231
4.7495 	 0.3997 	 0.1813 	 0.7352 	 -0.4380 	 -0.1932 	 -0.2000 	 -0.1163 	 -0.0413 	 -0.1252
4.7595 	 0.3953 	 0.1794 	 0.7332 	 -0.4391 	 -0.1936 	 -0.2013 	 -0.1167 	 -0.0414 	 -0.1275
4.7695 	 0.3909 	 0.1775 	 0.7312 	 -0.4403 	 -0.1940 	 -0.2026 	 -0.1172 	 -0.0415 	 -0.1298
4.7796 	 0.3865 	 0.1755 	 0.7291 	 -0.4415 	 -0.1944 	 -0.2039 	 -0.1176 	 -0.0415 	 -0.1322
4.7896 	 0.3820 	 0.1736 	 0.7271 	 -0.4427 	 -0.1948 	 -0.2052 	 -0.1179 	 -0.0415 	 -0.1347
4.7996 	 0.3776 	 0.1716 	 0.7250 	 -0.4439 	 -0.1952 	 -0.2066 	 -0.1182 	 -0.0414 	 -0.1374
4.8096 	 0.3731 	 0.1696 	 0.7230 	 -0.4450 	 -0.1956 	 -0.2080 	 -0.1184 	 -0.0413 	 -0.1401
4.8196 	 0.3687 	 0.1677 	 0.7209 	 -0.4462 	 -0.1961 	 -0.2094 	 -0.1186 	 -0.0411 	 -0.1430
4.8297 	 0.3642 	 0.1657 	 0.7188 	 -0.4474 	 -0.1965 	 -0.2108 	 -0.1186 	 -0.0409 	 -0.1460
4.8397 	 0.3597 	 0.1637 	 0.7166 	 -0.4486 	 -0.1969 	 -0.2123 	 -0.1186 	 -0.0405 	 -0.1492
4.8497 	 0.3552 	 0.1618 	 0.7145 	 -0.4498 	 -0.1973 	 -0.2138 	 -0.1184 	 -0.0401 	 -0.1525
4.8597 	 0.3507 	 0.1598 	 0.7124 	 -0.4510 	 -0.1977 	 -0.2154 	 -0.1181 	 -0.0396 	 -0.1559
4.8697 	 0.3462 	 0.1578 	 0.7102 	 -0.4522 	 -0.1981 	 -0.2170 	 -0.1177 	 -0.0390 	 -0.1594
4.8798 	 0.3416 	 0.1558 	 0.7080 	 -0.4533 	 -0.1985 	 -0.2186 	 -0.1170 	 -0.0383 	 -0.1631
4.8898 	 0.3371 	 0.1538 	 0.7058 	 -0.4545 	 -0.1988 	 -0.2202 	 -0.1162 	 -0.0375 	 -0.1669
4.8998 	 0.3325 	 0.1518 	 0.7036 	 -0.4557 	 -0.1992 	 -0.2219 	 -0.1152 	 -0.0365 	 -0.1708
4.9098 	 0.3279 	 0.1498 	 0.7014 	 -0.4568 	 -0.1996 	 -0.2237 	 -0.1140 	 -0.0353 	 -0.1748
4.9198 	 0.3234 	 0.1478 	 0.6991 	 -0.4579 	 -0.1999 	 -0.2254 	 -0.1125 	 -0.0340 	 -0.1789
4.9299 	 0.3188 	 0.1458 	 0.6968 	 -0.4591 	 -0.2003 	 -0.2272 	 -0.1108 	 -0.0325 	 -0.1830
4.9399 	 0.3142 	 0.1438 	 0.6946 	 -0.4602 	 -0.2006 	 -0.2291 	 -0.1087 	 -0.0308 	 -0.1872
4.9499 	 0.3095 	 0.1418 	 0.6923 	 -0.4612 	 -0.2009 	 -0.2310 	 -0.1063 	 -0.0289 	 -0.1914
4.9599 	 0.3049 	 0.1398 	 0.6899 	 -0.4623 	 -0.2011 	 -0.2329 	 -0.1036 	 -0.0268 	 -0.1956
4.9699 	 0.3003 	 0.1378 	 0.6876 	 -0.4633 	 -0.2014 	 -0.2349 	 -0.1005 	 -0.0244 	 -0.1996
4.9800 	 0.2956 	 0.1358 	 0.6852 	 -0.4643 	 -0.2016 	 -0.2369 	 -0.0970 	 -0.0218 	 -0.2036
4.9900 	 0.2910 	 0.1337 	 0.6828 	 -0.4653 	 -0.2018 	 -0.2390 	 -0.0932 	 -0.0189 	 -0.2074
