100-Body Run with i = 73 th particle. (Units in pc,M_solar,Myr, km s-1) 

time		 x 		 y 		 z 		 xdot 		 ydot 		 zdot 		 xddot 		 yddot 		 zddot
0.0000 	 0.0946 	 0.3581 	 1.4691 	 -0.0144 	 -0.0082 	 -0.0126 	 -0.0287 	 -0.1321 	 -0.2026
0.0100 	 0.0944 	 0.3580 	 1.4689 	 -0.0147 	 -0.0095 	 -0.0146 	 -0.0287 	 -0.1322 	 -0.2026
0.0200 	 0.0943 	 0.3579 	 1.4688 	 -0.0150 	 -0.0109 	 -0.0166 	 -0.0287 	 -0.1323 	 -0.2026
0.0301 	 0.0941 	 0.3578 	 1.4686 	 -0.0153 	 -0.0122 	 -0.0187 	 -0.0288 	 -0.1324 	 -0.2026
0.0401 	 0.0940 	 0.3576 	 1.4684 	 -0.0156 	 -0.0135 	 -0.0207 	 -0.0285 	 -0.1325 	 -0.2027
0.0501 	 0.0938 	 0.3575 	 1.4682 	 -0.0159 	 -0.0149 	 -0.0227 	 -0.0277 	 -0.1323 	 -0.2013
0.0601 	 0.0937 	 0.3573 	 1.4679 	 -0.0161 	 -0.0162 	 -0.0247 	 -0.0286 	 -0.1324 	 -0.2005
0.0701 	 0.0935 	 0.3572 	 1.4677 	 -0.0164 	 -0.0175 	 -0.0267 	 -0.0292 	 -0.1326 	 -0.2005
0.0802 	 0.0933 	 0.3570 	 1.4674 	 -0.0167 	 -0.0188 	 -0.0288 	 -0.0296 	 -0.1328 	 -0.2007
0.0902 	 0.0932 	 0.3568 	 1.4671 	 -0.0170 	 -0.0202 	 -0.0308 	 -0.0301 	 -0.1330 	 -0.2008
0.1002 	 0.0930 	 0.3566 	 1.4668 	 -0.0173 	 -0.0215 	 -0.0328 	 -0.0306 	 -0.1332 	 -0.2010
0.1102 	 0.0928 	 0.3563 	 1.4665 	 -0.0176 	 -0.0228 	 -0.0348 	 -0.0312 	 -0.1335 	 -0.2010
0.1202 	 0.0926 	 0.3561 	 1.4661 	 -0.0179 	 -0.0242 	 -0.0368 	 -0.0317 	 -0.1337 	 -0.2010
0.1303 	 0.0925 	 0.3559 	 1.4657 	 -0.0183 	 -0.0255 	 -0.0388 	 -0.0322 	 -0.1339 	 -0.2009
0.1403 	 0.0923 	 0.3556 	 1.4653 	 -0.0186 	 -0.0269 	 -0.0408 	 -0.0326 	 -0.1341 	 -0.2006
0.1503 	 0.0921 	 0.3553 	 1.4649 	 -0.0189 	 -0.0282 	 -0.0428 	 -0.0328 	 -0.1343 	 -0.2004
0.1603 	 0.0919 	 0.3550 	 1.4645 	 -0.0192 	 -0.0295 	 -0.0448 	 -0.0328 	 -0.1344 	 -0.1998
0.1703 	 0.0917 	 0.3547 	 1.4640 	 -0.0196 	 -0.0309 	 -0.0468 	 -0.0326 	 -0.1343 	 -0.1979
0.1804 	 0.0915 	 0.3544 	 1.4635 	 -0.0199 	 -0.0322 	 -0.0488 	 -0.0322 	 -0.1342 	 -0.1964
0.1904 	 0.0913 	 0.3541 	 1.4630 	 -0.0202 	 -0.0336 	 -0.0508 	 -0.0316 	 -0.1343 	 -0.1956
0.2004 	 0.0911 	 0.3537 	 1.4625 	 -0.0205 	 -0.0349 	 -0.0527 	 -0.0311 	 -0.1345 	 -0.1954
0.2104 	 0.0909 	 0.3534 	 1.4620 	 -0.0208 	 -0.0363 	 -0.0547 	 -0.0304 	 -0.1349 	 -0.1954
0.2204 	 0.0907 	 0.3530 	 1.4614 	 -0.0211 	 -0.0376 	 -0.0567 	 -0.0297 	 -0.1353 	 -0.1957
0.2305 	 0.0905 	 0.3526 	 1.4608 	 -0.0214 	 -0.0390 	 -0.0586 	 -0.0290 	 -0.1358 	 -0.1960
0.2405 	 0.0902 	 0.3522 	 1.4602 	 -0.0217 	 -0.0404 	 -0.0606 	 -0.0281 	 -0.1363 	 -0.1964
0.2505 	 0.0900 	 0.3518 	 1.4596 	 -0.0220 	 -0.0417 	 -0.0625 	 -0.0272 	 -0.1369 	 -0.1968
0.2605 	 0.0898 	 0.3514 	 1.4590 	 -0.0223 	 -0.0431 	 -0.0645 	 -0.0263 	 -0.1375 	 -0.1972
0.2705 	 0.0896 	 0.3510 	 1.4583 	 -0.0225 	 -0.0445 	 -0.0665 	 -0.0252 	 -0.1381 	 -0.1974
0.2806 	 0.0894 	 0.3505 	 1.4576 	 -0.0228 	 -0.0459 	 -0.0685 	 -0.0242 	 -0.1388 	 -0.1975
0.2906 	 0.0891 	 0.3500 	 1.4570 	 -0.0230 	 -0.0473 	 -0.0705 	 -0.0232 	 -0.1394 	 -0.1973
0.3006 	 0.0889 	 0.3496 	 1.4562 	 -0.0232 	 -0.0487 	 -0.0724 	 -0.0223 	 -0.1402 	 -0.1969
0.3106 	 0.0887 	 0.3491 	 1.4555 	 -0.0235 	 -0.0501 	 -0.0744 	 -0.0216 	 -0.1410 	 -0.1963
0.3206 	 0.0884 	 0.3486 	 1.4547 	 -0.0237 	 -0.0515 	 -0.0764 	 -0.0212 	 -0.1418 	 -0.1956
0.3307 	 0.0882 	 0.3480 	 1.4540 	 -0.0239 	 -0.0529 	 -0.0783 	 -0.0209 	 -0.1428 	 -0.1948
0.3407 	 0.0879 	 0.3475 	 1.4532 	 -0.0241 	 -0.0544 	 -0.0803 	 -0.0207 	 -0.1438 	 -0.1939
0.3507 	 0.0877 	 0.3469 	 1.4524 	 -0.0243 	 -0.0558 	 -0.0822 	 -0.0207 	 -0.1449 	 -0.1930
0.3607 	 0.0875 	 0.3464 	 1.4515 	 -0.0245 	 -0.0573 	 -0.0841 	 -0.0208 	 -0.1459 	 -0.1921
0.3707 	 0.0872 	 0.3458 	 1.4507 	 -0.0247 	 -0.0587 	 -0.0861 	 -0.0209 	 -0.1469 	 -0.1912
0.3808 	 0.0870 	 0.3452 	 1.4498 	 -0.0249 	 -0.0602 	 -0.0880 	 -0.0210 	 -0.1477 	 -0.1902
0.3908 	 0.0867 	 0.3446 	 1.4489 	 -0.0251 	 -0.0617 	 -0.0899 	 -0.0212 	 -0.1484 	 -0.1892
0.4008 	 0.0865 	 0.3440 	 1.4480 	 -0.0254 	 -0.0632 	 -0.0918 	 -0.0214 	 -0.1490 	 -0.1881
0.4108 	 0.0862 	 0.3433 	 1.4471 	 -0.0256 	 -0.0647 	 -0.0936 	 -0.0217 	 -0.1494 	 -0.1871
0.4208 	 0.0859 	 0.3427 	 1.4461 	 -0.0258 	 -0.0662 	 -0.0955 	 -0.0221 	 -0.1495 	 -0.1861
0.4309 	 0.0857 	 0.3420 	 1.4452 	 -0.0260 	 -0.0677 	 -0.0974 	 -0.0226 	 -0.1495 	 -0.1852
0.4409 	 0.0854 	 0.3413 	 1.4442 	 -0.0262 	 -0.0692 	 -0.0992 	 -0.0231 	 -0.1494 	 -0.1844
0.4509 	 0.0852 	 0.3406 	 1.4432 	 -0.0265 	 -0.0707 	 -0.1011 	 -0.0237 	 -0.1492 	 -0.1837
0.4609 	 0.0849 	 0.3399 	 1.4422 	 -0.0267 	 -0.0721 	 -0.1029 	 -0.0244 	 -0.1489 	 -0.1831
0.4709 	 0.0846 	 0.3392 	 1.4411 	 -0.0270 	 -0.0736 	 -0.1047 	 -0.0251 	 -0.1485 	 -0.1826
0.4810 	 0.0844 	 0.3384 	 1.4401 	 -0.0272 	 -0.0751 	 -0.1066 	 -0.0258 	 -0.1482 	 -0.1823
0.4910 	 0.0841 	 0.3377 	 1.4390 	 -0.0275 	 -0.0766 	 -0.1084 	 -0.0265 	 -0.1478 	 -0.1821
0.5010 	 0.0838 	 0.3369 	 1.4379 	 -0.0278 	 -0.0781 	 -0.1102 	 -0.0273 	 -0.1475 	 -0.1820
0.5110 	 0.0835 	 0.3361 	 1.4368 	 -0.0280 	 -0.0796 	 -0.1120 	 -0.0279 	 -0.1455 	 -0.1768
0.5210 	 0.0832 	 0.3353 	 1.4356 	 -0.0283 	 -0.0810 	 -0.1138 	 -0.0288 	 -0.1455 	 -0.1766
0.5311 	 0.0830 	 0.3345 	 1.4345 	 -0.0286 	 -0.0825 	 -0.1156 	 -0.0295 	 -0.1454 	 -0.1767
0.5411 	 0.0827 	 0.3336 	 1.4333 	 -0.0289 	 -0.0839 	 -0.1173 	 -0.0301 	 -0.1454 	 -0.1770
0.5511 	 0.0824 	 0.3328 	 1.4321 	 -0.0292 	 -0.0854 	 -0.1191 	 -0.0306 	 -0.1454 	 -0.1773
0.5611 	 0.0821 	 0.3319 	 1.4309 	 -0.0295 	 -0.0868 	 -0.1209 	 -0.0311 	 -0.1455 	 -0.1776
0.5711 	 0.0818 	 0.3311 	 1.4297 	 -0.0298 	 -0.0883 	 -0.1227 	 -0.0316 	 -0.1457 	 -0.1780
0.5812 	 0.0815 	 0.3302 	 1.4285 	 -0.0302 	 -0.0898 	 -0.1245 	 -0.0320 	 -0.1460 	 -0.1785
0.5912 	 0.0812 	 0.3293 	 1.4272 	 -0.0305 	 -0.0912 	 -0.1263 	 -0.0324 	 -0.1463 	 -0.1789
0.6012 	 0.0809 	 0.3283 	 1.4259 	 -0.0308 	 -0.0927 	 -0.1280 	 -0.0327 	 -0.1467 	 -0.1794
0.6112 	 0.0806 	 0.3274 	 1.4247 	 -0.0311 	 -0.0942 	 -0.1298 	 -0.0330 	 -0.1471 	 -0.1799
0.6212 	 0.0802 	 0.3264 	 1.4233 	 -0.0315 	 -0.0956 	 -0.1317 	 -0.0332 	 -0.1477 	 -0.1804
0.6313 	 0.0799 	 0.3255 	 1.4220 	 -0.0318 	 -0.0971 	 -0.1335 	 -0.0334 	 -0.1482 	 -0.1809
0.6413 	 0.0796 	 0.3245 	 1.4207 	 -0.0321 	 -0.0986 	 -0.1353 	 -0.0336 	 -0.1489 	 -0.1814
0.6513 	 0.0793 	 0.3235 	 1.4193 	 -0.0325 	 -0.1001 	 -0.1371 	 -0.0337 	 -0.1496 	 -0.1819
0.6613 	 0.0790 	 0.3225 	 1.4179 	 -0.0328 	 -0.1016 	 -0.1389 	 -0.0337 	 -0.1503 	 -0.1824
0.6713 	 0.0786 	 0.3215 	 1.4165 	 -0.0331 	 -0.1031 	 -0.1408 	 -0.0338 	 -0.1511 	 -0.1829
0.6814 	 0.0783 	 0.3204 	 1.4151 	 -0.0335 	 -0.1046 	 -0.1426 	 -0.0322 	 -0.1527 	 -0.1801
0.6914 	 0.0780 	 0.3194 	 1.4137 	 -0.0338 	 -0.1062 	 -0.1443 	 -0.0320 	 -0.1530 	 -0.1742
0.7014 	 0.0776 	 0.3183 	 1.4122 	 -0.0341 	 -0.1077 	 -0.1461 	 -0.0323 	 -0.1536 	 -0.1736
0.7114 	 0.0773 	 0.3172 	 1.4107 	 -0.0344 	 -0.1093 	 -0.1478 	 -0.0323 	 -0.1545 	 -0.1738
0.7214 	 0.0769 	 0.3161 	 1.4092 	 -0.0348 	 -0.1108 	 -0.1496 	 -0.0321 	 -0.1556 	 -0.1740
0.7315 	 0.0766 	 0.3150 	 1.4077 	 -0.0351 	 -0.1124 	 -0.1513 	 -0.0319 	 -0.1567 	 -0.1743
0.7415 	 0.0762 	 0.3139 	 1.4062 	 -0.0354 	 -0.1140 	 -0.1531 	 -0.0317 	 -0.1579 	 -0.1745
0.7515 	 0.0759 	 0.3127 	 1.4047 	 -0.0357 	 -0.1155 	 -0.1548 	 -0.0314 	 -0.1591 	 -0.1746
0.7615 	 0.0755 	 0.3115 	 1.4031 	 -0.0360 	 -0.1171 	 -0.1566 	 -0.0311 	 -0.1603 	 -0.1746
0.7715 	 0.0751 	 0.3104 	 1.4015 	 -0.0363 	 -0.1188 	 -0.1583 	 -0.0308 	 -0.1616 	 -0.1746
0.7816 	 0.0748 	 0.3092 	 1.3999 	 -0.0367 	 -0.1204 	 -0.1601 	 -0.0305 	 -0.1629 	 -0.1744
0.7916 	 0.0744 	 0.3079 	 1.3983 	 -0.0370 	 -0.1220 	 -0.1618 	 -0.0302 	 -0.1642 	 -0.1741
0.8016 	 0.0740 	 0.3067 	 1.3967 	 -0.0373 	 -0.1237 	 -0.1635 	 -0.0300 	 -0.1655 	 -0.1737
0.8116 	 0.0737 	 0.3055 	 1.3950 	 -0.0376 	 -0.1253 	 -0.1653 	 -0.0298 	 -0.1667 	 -0.1731
0.8216 	 0.0733 	 0.3042 	 1.3934 	 -0.0379 	 -0.1270 	 -0.1670 	 -0.0297 	 -0.1679 	 -0.1725
0.8317 	 0.0729 	 0.3029 	 1.3917 	 -0.0382 	 -0.1287 	 -0.1687 	 -0.0297 	 -0.1690 	 -0.1717
0.8417 	 0.0725 	 0.3016 	 1.3900 	 -0.0385 	 -0.1304 	 -0.1704 	 -0.0298 	 -0.1701 	 -0.1708
0.8517 	 0.0721 	 0.3003 	 1.3883 	 -0.0388 	 -0.1321 	 -0.1722 	 -0.0301 	 -0.1710 	 -0.1699
0.8617 	 0.0717 	 0.2990 	 1.3866 	 -0.0391 	 -0.1338 	 -0.1739 	 -0.0305 	 -0.1719 	 -0.1688
0.8717 	 0.0714 	 0.2976 	 1.3848 	 -0.0394 	 -0.1356 	 -0.1755 	 -0.0310 	 -0.1726 	 -0.1677
0.8818 	 0.0710 	 0.2963 	 1.3830 	 -0.0397 	 -0.1373 	 -0.1772 	 -0.0317 	 -0.1732 	 -0.1665
0.8918 	 0.0706 	 0.2949 	 1.3812 	 -0.0400 	 -0.1390 	 -0.1789 	 -0.0326 	 -0.1737 	 -0.1653
0.9018 	 0.0702 	 0.2935 	 1.3794 	 -0.0403 	 -0.1408 	 -0.1805 	 -0.0336 	 -0.1741 	 -0.1641
0.9118 	 0.0697 	 0.2921 	 1.3776 	 -0.0407 	 -0.1425 	 -0.1822 	 -0.0348 	 -0.1744 	 -0.1628
0.9218 	 0.0693 	 0.2906 	 1.3758 	 -0.0410 	 -0.1443 	 -0.1838 	 -0.0360 	 -0.1747 	 -0.1616
0.9319 	 0.0689 	 0.2892 	 1.3739 	 -0.0414 	 -0.1460 	 -0.1854 	 -0.0374 	 -0.1749 	 -0.1603
0.9419 	 0.0685 	 0.2877 	 1.3721 	 -0.0418 	 -0.1478 	 -0.1870 	 -0.0389 	 -0.1751 	 -0.1590
0.9519 	 0.0681 	 0.2862 	 1.3702 	 -0.0422 	 -0.1495 	 -0.1886 	 -0.0404 	 -0.1753 	 -0.1577
0.9619 	 0.0677 	 0.2847 	 1.3683 	 -0.0426 	 -0.1513 	 -0.1902 	 -0.0420 	 -0.1755 	 -0.1565
0.9719 	 0.0672 	 0.2832 	 1.3664 	 -0.0430 	 -0.1530 	 -0.1917 	 -0.0436 	 -0.1759 	 -0.1552
0.9820 	 0.0668 	 0.2816 	 1.3645 	 -0.0435 	 -0.1548 	 -0.1933 	 -0.0452 	 -0.1763 	 -0.1539
0.9920 	 0.0664 	 0.2801 	 1.3625 	 -0.0439 	 -0.1566 	 -0.1948 	 -0.0468 	 -0.1769 	 -0.1527
1.0020 	 0.0659 	 0.2785 	 1.3606 	 -0.0444 	 -0.1583 	 -0.1963 	 -0.0484 	 -0.1776 	 -0.1515
1.0120 	 0.0655 	 0.2769 	 1.3586 	 -0.0449 	 -0.1601 	 -0.1978 	 -0.0500 	 -0.1784 	 -0.1505
1.0220 	 0.0650 	 0.2753 	 1.3566 	 -0.0454 	 -0.1619 	 -0.1993 	 -0.0459 	 -0.1745 	 -0.1431
1.0321 	 0.0646 	 0.2737 	 1.3546 	 -0.0457 	 -0.1635 	 -0.2007 	 -0.0305 	 -0.1438 	 -0.1287
1.0421 	 0.0641 	 0.2720 	 1.3526 	 -0.0460 	 -0.1648 	 -0.2019 	 -0.0286 	 -0.1250 	 -0.1298
1.0521 	 0.0636 	 0.2703 	 1.3505 	 -0.0463 	 -0.1660 	 -0.2033 	 -0.0299 	 -0.1188 	 -0.1311
1.0621 	 0.0632 	 0.2687 	 1.3485 	 -0.0466 	 -0.1672 	 -0.2046 	 -0.0314 	 -0.1165 	 -0.1313
1.0721 	 0.0627 	 0.2670 	 1.3464 	 -0.0469 	 -0.1684 	 -0.2059 	 -0.0327 	 -0.1157 	 -0.1310
1.0822 	 0.0622 	 0.2653 	 1.3444 	 -0.0473 	 -0.1695 	 -0.2072 	 -0.0340 	 -0.1154 	 -0.1304
1.0922 	 0.0618 	 0.2636 	 1.3423 	 -0.0476 	 -0.1707 	 -0.2085 	 -0.0352 	 -0.1154 	 -0.1298
1.1022 	 0.0613 	 0.2619 	 1.3402 	 -0.0480 	 -0.1718 	 -0.2098 	 -0.0364 	 -0.1155 	 -0.1291
1.1122 	 0.0608 	 0.2602 	 1.3381 	 -0.0484 	 -0.1730 	 -0.2111 	 -0.0376 	 -0.1157 	 -0.1285
1.1222 	 0.0603 	 0.2584 	 1.3360 	 -0.0487 	 -0.1741 	 -0.2124 	 -0.0387 	 -0.1159 	 -0.1278
1.1323 	 0.0598 	 0.2567 	 1.3338 	 -0.0491 	 -0.1753 	 -0.2136 	 -0.0399 	 -0.1161 	 -0.1271
1.1423 	 0.0593 	 0.2549 	 1.3317 	 -0.0495 	 -0.1765 	 -0.2149 	 -0.0410 	 -0.1164 	 -0.1265
1.1523 	 0.0588 	 0.2531 	 1.3295 	 -0.0500 	 -0.1776 	 -0.2162 	 -0.0421 	 -0.1166 	 -0.1258
1.1623 	 0.0583 	 0.2513 	 1.3273 	 -0.0504 	 -0.1788 	 -0.2174 	 -0.0433 	 -0.1168 	 -0.1252
1.1723 	 0.0578 	 0.2495 	 1.3252 	 -0.0508 	 -0.1800 	 -0.2187 	 -0.0444 	 -0.1171 	 -0.1245
1.1824 	 0.0573 	 0.2477 	 1.3230 	 -0.0513 	 -0.1811 	 -0.2199 	 -0.0455 	 -0.1173 	 -0.1238
1.1924 	 0.0568 	 0.2459 	 1.3208 	 -0.0517 	 -0.1823 	 -0.2212 	 -0.0467 	 -0.1176 	 -0.1231
1.2024 	 0.0563 	 0.2441 	 1.3185 	 -0.0522 	 -0.1835 	 -0.2224 	 -0.0478 	 -0.1178 	 -0.1223
1.2124 	 0.0557 	 0.2422 	 1.3163 	 -0.0527 	 -0.1847 	 -0.2236 	 -0.0490 	 -0.1180 	 -0.1215
1.2224 	 0.0552 	 0.2404 	 1.3141 	 -0.0532 	 -0.1859 	 -0.2248 	 -0.0501 	 -0.1182 	 -0.1207
1.2325 	 0.0547 	 0.2385 	 1.3118 	 -0.0537 	 -0.1871 	 -0.2260 	 -0.0513 	 -0.1184 	 -0.1198
1.2425 	 0.0541 	 0.2366 	 1.3095 	 -0.0542 	 -0.1882 	 -0.2272 	 -0.0525 	 -0.1186 	 -0.1189
1.2525 	 0.0536 	 0.2347 	 1.3072 	 -0.0547 	 -0.1894 	 -0.2284 	 -0.0536 	 -0.1188 	 -0.1180
1.2625 	 0.0530 	 0.2328 	 1.3049 	 -0.0553 	 -0.1906 	 -0.2296 	 -0.0548 	 -0.1190 	 -0.1170
1.2725 	 0.0525 	 0.2309 	 1.3026 	 -0.0558 	 -0.1918 	 -0.2308 	 -0.0561 	 -0.1191 	 -0.1159
1.2826 	 0.0519 	 0.2290 	 1.3003 	 -0.0564 	 -0.1930 	 -0.2319 	 -0.0573 	 -0.1193 	 -0.1148
1.2926 	 0.0514 	 0.2271 	 1.2980 	 -0.0570 	 -0.1942 	 -0.2331 	 -0.0585 	 -0.1194 	 -0.1136
1.3026 	 0.0508 	 0.2251 	 1.2957 	 -0.0576 	 -0.1954 	 -0.2342 	 -0.0598 	 -0.1196 	 -0.1124
1.3126 	 0.0502 	 0.2231 	 1.2933 	 -0.0582 	 -0.1966 	 -0.2353 	 -0.0611 	 -0.1197 	 -0.1111
1.3226 	 0.0496 	 0.2212 	 1.2909 	 -0.0588 	 -0.1978 	 -0.2364 	 -0.0623 	 -0.1198 	 -0.1097
1.3327 	 0.0490 	 0.2192 	 1.2886 	 -0.0594 	 -0.1990 	 -0.2375 	 -0.0637 	 -0.1199 	 -0.1083
1.3427 	 0.0484 	 0.2172 	 1.2862 	 -0.0601 	 -0.2002 	 -0.2386 	 -0.0650 	 -0.1200 	 -0.1067
1.3527 	 0.0478 	 0.2152 	 1.2838 	 -0.0607 	 -0.2014 	 -0.2397 	 -0.0663 	 -0.1201 	 -0.1051
1.3627 	 0.0472 	 0.2131 	 1.2814 	 -0.0614 	 -0.2026 	 -0.2407 	 -0.0677 	 -0.1201 	 -0.1034
1.3727 	 0.0466 	 0.2111 	 1.2790 	 -0.0621 	 -0.2038 	 -0.2417 	 -0.0691 	 -0.1201 	 -0.1017
1.3828 	 0.0460 	 0.2091 	 1.2765 	 -0.0628 	 -0.2050 	 -0.2427 	 -0.0705 	 -0.1202 	 -0.0998
1.3928 	 0.0453 	 0.2070 	 1.2741 	 -0.0635 	 -0.2062 	 -0.2437 	 -0.0719 	 -0.1202 	 -0.0979
1.4028 	 0.0447 	 0.2049 	 1.2716 	 -0.0642 	 -0.2074 	 -0.2447 	 -0.0733 	 -0.1201 	 -0.0958
1.4128 	 0.0440 	 0.2028 	 1.2692 	 -0.0650 	 -0.2086 	 -0.2457 	 -0.0747 	 -0.1201 	 -0.0936
1.4228 	 0.0434 	 0.2007 	 1.2667 	 -0.0657 	 -0.2098 	 -0.2466 	 -0.0762 	 -0.1200 	 -0.0914
1.4329 	 0.0427 	 0.1986 	 1.2642 	 -0.0665 	 -0.2110 	 -0.2475 	 -0.0777 	 -0.1199 	 -0.0890
1.4429 	 0.0421 	 0.1965 	 1.2618 	 -0.0673 	 -0.2122 	 -0.2484 	 -0.0791 	 -0.1198 	 -0.0866
1.4529 	 0.0414 	 0.1944 	 1.2593 	 -0.0681 	 -0.2134 	 -0.2492 	 -0.0806 	 -0.1196 	 -0.0840
1.4629 	 0.0407 	 0.1922 	 1.2568 	 -0.0689 	 -0.2146 	 -0.2500 	 -0.0821 	 -0.1194 	 -0.0813
1.4729 	 0.0400 	 0.1901 	 1.2543 	 -0.0697 	 -0.2158 	 -0.2508 	 -0.0836 	 -0.1191 	 -0.0784
1.4830 	 0.0393 	 0.1879 	 1.2517 	 -0.0706 	 -0.2170 	 -0.2516 	 -0.0851 	 -0.1188 	 -0.0755
1.4930 	 0.0386 	 0.1857 	 1.2492 	 -0.0714 	 -0.2182 	 -0.2524 	 -0.0865 	 -0.1185 	 -0.0724
1.5030 	 0.0379 	 0.1835 	 1.2467 	 -0.0723 	 -0.2194 	 -0.2531 	 -0.0880 	 -0.1181 	 -0.0691
1.5130 	 0.0371 	 0.1813 	 1.2441 	 -0.0732 	 -0.2206 	 -0.2537 	 -0.0894 	 -0.1176 	 -0.0657
1.5230 	 0.0364 	 0.1791 	 1.2416 	 -0.0741 	 -0.2218 	 -0.2544 	 -0.0908 	 -0.1171 	 -0.0622
1.5331 	 0.0356 	 0.1769 	 1.2390 	 -0.0750 	 -0.2229 	 -0.2550 	 -0.0922 	 -0.1165 	 -0.0585
1.5431 	 0.0349 	 0.1747 	 1.2365 	 -0.0760 	 -0.2241 	 -0.2556 	 -0.0935 	 -0.1158 	 -0.0547
1.5531 	 0.0341 	 0.1724 	 1.2339 	 -0.0769 	 -0.2252 	 -0.2561 	 -0.0947 	 -0.1150 	 -0.0507
1.5631 	 0.0333 	 0.1701 	 1.2314 	 -0.0779 	 -0.2264 	 -0.2566 	 -0.0959 	 -0.1142 	 -0.0466
1.5731 	 0.0326 	 0.1679 	 1.2288 	 -0.0788 	 -0.2275 	 -0.2570 	 -0.0970 	 -0.1132 	 -0.0423
1.5832 	 0.0318 	 0.1656 	 1.2262 	 -0.0798 	 -0.2287 	 -0.2574 	 -0.0981 	 -0.1122 	 -0.0379
1.5932 	 0.0310 	 0.1633 	 1.2236 	 -0.0808 	 -0.2298 	 -0.2578 	 -0.0989 	 -0.1111 	 -0.0333
1.6032 	 0.0302 	 0.1610 	 1.2210 	 -0.0818 	 -0.2309 	 -0.2581 	 -0.0997 	 -0.1098 	 -0.0285
1.6132 	 0.0293 	 0.1587 	 1.2185 	 -0.0828 	 -0.2320 	 -0.2583 	 -0.1002 	 -0.1085 	 -0.0236
1.6232 	 0.0285 	 0.1563 	 1.2159 	 -0.0838 	 -0.2331 	 -0.2586 	 -0.1006 	 -0.1071 	 -0.0185
1.6333 	 0.0276 	 0.1540 	 1.2133 	 -0.0848 	 -0.2341 	 -0.2587 	 -0.1007 	 -0.1056 	 -0.0132
1.6433 	 0.0268 	 0.1516 	 1.2107 	 -0.0858 	 -0.2352 	 -0.2588 	 -0.1006 	 -0.1040 	 -0.0078
1.6533 	 0.0259 	 0.1493 	 1.2081 	 -0.0868 	 -0.2362 	 -0.2589 	 -0.1002 	 -0.1023 	 -0.0022
1.6633 	 0.0251 	 0.1469 	 1.2055 	 -0.0878 	 -0.2372 	 -0.2589 	 -0.0994 	 -0.1004 	 0.0036
1.6733 	 0.0242 	 0.1445 	 1.2029 	 -0.0888 	 -0.2382 	 -0.2588 	 -0.0984 	 -0.0985 	 0.0095
1.6834 	 0.0233 	 0.1421 	 1.2003 	 -0.0898 	 -0.2392 	 -0.2587 	 -0.0969 	 -0.0964 	 0.0155
1.6934 	 0.0224 	 0.1397 	 1.1977 	 -0.0907 	 -0.2402 	 -0.2585 	 -0.0950 	 -0.0942 	 0.0216
1.7034 	 0.0215 	 0.1373 	 1.1951 	 -0.0917 	 -0.2411 	 -0.2582 	 -0.0926 	 -0.0919 	 0.0278
1.7134 	 0.0205 	 0.1349 	 1.1925 	 -0.0926 	 -0.2420 	 -0.2579 	 -0.0896 	 -0.0896 	 0.0340
1.7234 	 0.0196 	 0.1325 	 1.1900 	 -0.0935 	 -0.2429 	 -0.2576 	 -0.0860 	 -0.0871 	 0.0404
1.7335 	 0.0187 	 0.1300 	 1.1874 	 -0.0943 	 -0.2437 	 -0.2571 	 -0.0816 	 -0.0845 	 0.0468
1.7435 	 0.0177 	 0.1276 	 1.1848 	 -0.0951 	 -0.2446 	 -0.2566 	 -0.0764 	 -0.0819 	 0.0531
1.7535 	 0.0168 	 0.1251 	 1.1822 	 -0.0958 	 -0.2454 	 -0.2561 	 -0.0706 	 -0.0794 	 0.0594
1.7635 	 0.0158 	 0.1227 	 1.1797 	 -0.0965 	 -0.2462 	 -0.2554 	 -0.0639 	 -0.0769 	 0.0656
1.7735 	 0.0148 	 0.1202 	 1.1771 	 -0.0971 	 -0.2469 	 -0.2547 	 -0.0565 	 -0.0746 	 0.0716
1.7836 	 0.0138 	 0.1177 	 1.1746 	 -0.0976 	 -0.2477 	 -0.2540 	 -0.0483 	 -0.0725 	 0.0772
1.7936 	 0.0129 	 0.1152 	 1.1720 	 -0.0981 	 -0.2484 	 -0.2532 	 -0.0393 	 -0.0708 	 0.0824
1.8036 	 0.0119 	 0.1127 	 1.1695 	 -0.0984 	 -0.2491 	 -0.2523 	 -0.0296 	 -0.0695 	 0.0870
1.8136 	 0.0109 	 0.1102 	 1.1670 	 -0.0987 	 -0.2498 	 -0.2515 	 -0.0191 	 -0.0688 	 0.0908
1.8236 	 0.0099 	 0.1077 	 1.1645 	 -0.0988 	 -0.2505 	 -0.2505 	 -0.0078 	 -0.0687 	 0.0938
1.8337 	 0.0089 	 0.1052 	 1.1620 	 -0.0988 	 -0.2512 	 -0.2496 	 0.0042 	 -0.0695 	 0.0958
1.8437 	 0.0079 	 0.1027 	 1.1595 	 -0.0987 	 -0.2519 	 -0.2486 	 0.0168 	 -0.0713 	 0.0965
1.8537 	 0.0069 	 0.1002 	 1.1570 	 -0.0985 	 -0.2526 	 -0.2477 	 0.0301 	 -0.0743 	 0.0959
1.8637 	 0.0059 	 0.0976 	 1.1545 	 -0.0981 	 -0.2534 	 -0.2467 	 0.0439 	 -0.0786 	 0.0938
1.8737 	 0.0050 	 0.0951 	 1.1520 	 -0.0976 	 -0.2542 	 -0.2458 	 0.0581 	 -0.0846 	 0.0900
1.8838 	 0.0040 	 0.0925 	 1.1496 	 -0.0970 	 -0.2551 	 -0.2449 	 0.0725 	 -0.0924 	 0.0843
1.8938 	 0.0030 	 0.0900 	 1.1471 	 -0.0962 	 -0.2560 	 -0.2441 	 0.0869 	 -0.1022 	 0.0768
1.9038 	 0.0021 	 0.0874 	 1.1447 	 -0.0952 	 -0.2571 	 -0.2434 	 0.1012 	 -0.1144 	 0.0672
1.9138 	 0.0011 	 0.0848 	 1.1422 	 -0.0941 	 -0.2583 	 -0.2428 	 0.1150 	 -0.1293 	 0.0555
1.9238 	 0.0002 	 0.0822 	 1.1398 	 -0.0929 	 -0.2597 	 -0.2423 	 0.1281 	 -0.1472 	 0.0415
1.9339 	 -0.0007 	 0.0796 	 1.1374 	 -0.0916 	 -0.2613 	 -0.2419 	 0.1400 	 -0.1684 	 0.0252
1.9439 	 -0.0017 	 0.0770 	 1.1350 	 -0.0901 	 -0.2631 	 -0.2418 	 0.1505 	 -0.1933 	 0.0066
1.9539 	 -0.0025 	 0.0743 	 1.1325 	 -0.0886 	 -0.2652 	 -0.2418 	 0.1591 	 -0.2223 	 -0.0145
1.9639 	 -0.0034 	 0.0717 	 1.1301 	 -0.0869 	 -0.2676 	 -0.2421 	 0.1653 	 -0.2560 	 -0.0381
1.9739 	 -0.0043 	 0.0690 	 1.1277 	 -0.0853 	 -0.2703 	 -0.2426 	 0.1688 	 -0.2950 	 -0.0643
1.9840 	 -0.0051 	 0.0663 	 1.1252 	 -0.0836 	 -0.2735 	 -0.2434 	 0.1690 	 -0.3399 	 -0.0913
1.9940 	 -0.0060 	 0.0635 	 1.1228 	 -0.0819 	 -0.2772 	 -0.2444 	 0.1651 	 -0.3918 	 -0.1233
2.0040 	 -0.0068 	 0.0607 	 1.1203 	 -0.0803 	 -0.2814 	 -0.2458 	 0.1563 	 -0.4519 	 -0.1586
2.0140 	 -0.0076 	 0.0579 	 1.1179 	 -0.0788 	 -0.2862 	 -0.2476 	 0.1416 	 -0.5220 	 -0.1980
2.0240 	 -0.0084 	 0.0550 	 1.1154 	 -0.0775 	 -0.2919 	 -0.2498 	 0.1197 	 -0.6044 	 -0.2421
2.0341 	 -0.0091 	 0.0520 	 1.1129 	 -0.0764 	 -0.2984 	 -0.2525 	 0.0888 	 -0.7024 	 -0.2925
2.0441 	 -0.0099 	 0.0490 	 1.1103 	 -0.0757 	 -0.3060 	 -0.2557 	 0.0461 	 -0.8211 	 -0.3512
2.0541 	 -0.0106 	 0.0459 	 1.1077 	 -0.0755 	 -0.3150 	 -0.2596 	 -0.0125 	 -0.9680 	 -0.4216
2.0641 	 -0.0114 	 0.0426 	 1.1051 	 -0.0760 	 -0.3256 	 -0.2642 	 -0.0936 	 -1.1547 	 -0.5094
2.0741 	 -0.0122 	 0.0393 	 1.1024 	 -0.0775 	 -0.3383 	 -0.2699 	 -0.2086 	 -1.4012 	 -0.6243
2.0842 	 -0.0130 	 0.0358 	 1.0997 	 -0.0804 	 -0.3539 	 -0.2769 	 -0.3785 	 -1.7425 	 -0.7848
2.0942 	 -0.0138 	 0.0322 	 1.0969 	 -0.0854 	 -0.3738 	 -0.2859 	 -0.6462 	 -2.2478 	 -1.0287
2.1042 	 -0.0147 	 0.0283 	 1.0939 	 -0.0940 	 -0.4000 	 -0.2981 	 -1.1127 	 -3.0716 	 -1.4460
2.1142 	 -0.0157 	 0.0241 	 1.0909 	 -0.1093 	 -0.4376 	 -0.3162 	 -2.0755 	 -4.6397 	 -2.3059
2.1242 	 -0.0170 	 0.0194 	 1.0875 	 -0.1410 	 -0.5003 	 -0.3492 	 -4.8630 	 -8.6689 	 -4.8350
2.1343 	 -0.0192 	 0.0133 	 1.0833 	 -0.2563 	 -0.6635 	 -0.4605 	 -33.2072 	 -40.0354 	 -31.7139
2.1443 	 -0.0278 	 0.0090 	 1.0717 	 -1.5390 	 -0.5179 	 -1.8899 	 8.4562 	 0.4873 	 8.5565
2.1543 	 -0.0431 	 0.0038 	 1.0528 	 -1.5092 	 -0.5157 	 -1.8636 	 1.0935 	 0.0466 	 0.6113
2.1643 	 -0.0582 	 -0.0014 	 1.0342 	 -1.5012 	 -0.5158 	 -1.8605 	 0.6131 	 -0.0501 	 0.1398
2.1743 	 -0.0732 	 -0.0065 	 1.0155 	 -1.4959 	 -0.5164 	 -1.8597 	 0.4712 	 -0.0735 	 0.0218
2.1844 	 -0.0882 	 -0.0117 	 0.9969 	 -1.4916 	 -0.5172 	 -1.8598 	 0.4024 	 -0.0744 	 -0.0240
2.1944 	 -0.1031 	 -0.0169 	 0.9783 	 -1.4878 	 -0.5179 	 -1.8602 	 0.3583 	 -0.0661 	 -0.0479
2.2044 	 -0.1180 	 -0.0221 	 0.9596 	 -1.4844 	 -0.5185 	 -1.8607 	 0.3250 	 -0.0546 	 -0.0639
2.2144 	 -0.1329 	 -0.0273 	 0.9410 	 -1.4812 	 -0.5190 	 -1.8614 	 0.2977 	 -0.0427 	 -0.0768
2.2244 	 -0.1477 	 -0.0325 	 0.9223 	 -1.4784 	 -0.5194 	 -1.8623 	 0.2744 	 -0.0318 	 -0.0884
2.2345 	 -0.1625 	 -0.0377 	 0.9036 	 -1.4757 	 -0.5196 	 -1.8632 	 0.2544 	 -0.0226 	 -0.0990
2.2445 	 -0.1773 	 -0.0429 	 0.8850 	 -1.4733 	 -0.5198 	 -1.8642 	 0.2372 	 -0.0152 	 -0.1088
2.2545 	 -0.1920 	 -0.0481 	 0.8663 	 -1.4710 	 -0.5199 	 -1.8654 	 0.2224 	 -0.0092 	 -0.1179
2.2645 	 -0.2068 	 -0.0533 	 0.8476 	 -1.4688 	 -0.5200 	 -1.8666 	 0.2099 	 -0.0045 	 -0.1261
2.2745 	 -0.2215 	 -0.0585 	 0.8289 	 -1.4668 	 -0.5200 	 -1.8679 	 0.1993 	 -0.0007 	 -0.1337
2.2846 	 -0.2362 	 -0.0638 	 0.8102 	 -1.4648 	 -0.5200 	 -1.8693 	 0.1904 	 0.0023 	 -0.1405
2.2946 	 -0.2508 	 -0.0690 	 0.7914 	 -1.4629 	 -0.5200 	 -1.8707 	 0.1832 	 0.0048 	 -0.1466
2.3046 	 -0.2655 	 -0.0742 	 0.7727 	 -1.4611 	 -0.5199 	 -1.8722 	 0.1775 	 0.0068 	 -0.1521
2.3146 	 -0.2801 	 -0.0794 	 0.7539 	 -1.4594 	 -0.5199 	 -1.8738 	 0.1732 	 0.0085 	 -0.1569
2.3246 	 -0.2947 	 -0.0846 	 0.7351 	 -1.4576 	 -0.5198 	 -1.8754 	 0.1701 	 0.0097 	 -0.1613
2.3347 	 -0.3093 	 -0.0898 	 0.7163 	 -1.4560 	 -0.5197 	 -1.8770 	 0.1684 	 0.0104 	 -0.1651
2.3447 	 -0.3239 	 -0.0950 	 0.6975 	 -1.4543 	 -0.5196 	 -1.8787 	 0.1679 	 0.0105 	 -0.1687
2.3547 	 -0.3385 	 -0.1002 	 0.6787 	 -1.4526 	 -0.5195 	 -1.8804 	 0.1687 	 0.0099 	 -0.1720
2.3647 	 -0.3530 	 -0.1054 	 0.6598 	 -1.4509 	 -0.5194 	 -1.8821 	 0.1709 	 0.0084 	 -0.1753
2.3747 	 -0.3675 	 -0.1106 	 0.6410 	 -1.4492 	 -0.5193 	 -1.8839 	 0.1745 	 0.0061 	 -0.1786
2.3848 	 -0.3821 	 -0.1158 	 0.6221 	 -1.4474 	 -0.5192 	 -1.8857 	 0.1798 	 0.0029 	 -0.1820
2.3948 	 -0.3965 	 -0.1210 	 0.6032 	 -1.4455 	 -0.5192 	 -1.8875 	 0.1867 	 -0.0009 	 -0.1853
2.4048 	 -0.4110 	 -0.1262 	 0.5842 	 -1.4436 	 -0.5193 	 -1.8894 	 0.1955 	 -0.0051 	 -0.1881
2.4148 	 -0.4255 	 -0.1314 	 0.5653 	 -1.4416 	 -0.5193 	 -1.8913 	 0.2061 	 -0.0091 	 -0.1900
2.4248 	 -0.4399 	 -0.1366 	 0.5463 	 -1.4395 	 -0.5194 	 -1.8932 	 0.2182 	 -0.0124 	 -0.1903
2.4349 	 -0.4543 	 -0.1418 	 0.5274 	 -1.4372 	 -0.5196 	 -1.8951 	 0.2309 	 -0.0141 	 -0.1882
2.4449 	 -0.4687 	 -0.1470 	 0.5084 	 -1.4349 	 -0.5197 	 -1.8970 	 0.2431 	 -0.0137 	 -0.1835
2.4549 	 -0.4831 	 -0.1523 	 0.4893 	 -1.4324 	 -0.5199 	 -1.8988 	 0.2535 	 -0.0111 	 -0.1761
2.4649 	 -0.4974 	 -0.1575 	 0.4703 	 -1.4298 	 -0.5199 	 -1.9005 	 0.2608 	 -0.0064 	 -0.1669
2.4749 	 -0.5117 	 -0.1627 	 0.4513 	 -1.4272 	 -0.5200 	 -1.9021 	 0.2645 	 -0.0002 	 -0.1569
2.4850 	 -0.5260 	 -0.1679 	 0.4322 	 -1.4245 	 -0.5199 	 -1.9036 	 0.2648 	 0.0068 	 -0.1472
2.4950 	 -0.5403 	 -0.1731 	 0.4131 	 -1.4219 	 -0.5198 	 -1.9051 	 0.2622 	 0.0139 	 -0.1386
2.5050 	 -0.5545 	 -0.1783 	 0.3940 	 -1.4193 	 -0.5197 	 -1.9064 	 0.2576 	 0.0206 	 -0.1315
2.5150 	 -0.5687 	 -0.1835 	 0.3749 	 -1.4167 	 -0.5194 	 -1.9077 	 0.2516 	 0.0268 	 -0.1260
2.5251 	 -0.5829 	 -0.1887 	 0.3558 	 -1.4142 	 -0.5191 	 -1.9089 	 0.2448 	 0.0323 	 -0.1220
2.5351 	 -0.5971 	 -0.1939 	 0.3366 	 -1.4118 	 -0.5188 	 -1.9102 	 0.2375 	 0.0371 	 -0.1196
2.5451 	 -0.6112 	 -0.1991 	 0.3175 	 -1.4095 	 -0.5184 	 -1.9114 	 0.2297 	 0.0415 	 -0.1186
2.5551 	 -0.6253 	 -0.2043 	 0.2983 	 -1.4072 	 -0.5180 	 -1.9125 	 0.2216 	 0.0453 	 -0.1191
2.5651 	 -0.6394 	 -0.2095 	 0.2792 	 -1.4050 	 -0.5175 	 -1.9137 	 0.2129 	 0.0489 	 -0.1214
2.5752 	 -0.6535 	 -0.2147 	 0.2600 	 -1.4029 	 -0.5170 	 -1.9150 	 0.2035 	 0.0523 	 -0.1259
2.5852 	 -0.6675 	 -0.2198 	 0.2408 	 -1.4010 	 -0.5164 	 -1.9163 	 0.1928 	 0.0557 	 -0.1331
2.5952 	 -0.6815 	 -0.2250 	 0.2216 	 -1.3991 	 -0.5159 	 -1.9177 	 0.1802 	 0.0593 	 -0.1444
2.6052 	 -0.6956 	 -0.2302 	 0.2024 	 -1.3974 	 -0.5152 	 -1.9192 	 0.1648 	 0.0635 	 -0.1614
2.6152 	 -0.7095 	 -0.2353 	 0.1831 	 -1.3958 	 -0.5146 	 -1.9209 	 0.1447 	 0.0692 	 -0.1875
2.6253 	 -0.7235 	 -0.2405 	 0.1639 	 -1.3945 	 -0.5138 	 -1.9230 	 0.1165 	 0.0782 	 -0.2286
2.6353 	 -0.7375 	 -0.2456 	 0.1446 	 -1.3935 	 -0.5130 	 -1.9256 	 0.0734 	 0.0949 	 -0.2962
2.6453 	 -0.7515 	 -0.2508 	 0.1253 	 -1.3931 	 -0.5119 	 -1.9291 	 0.0001 	 0.1324 	 -0.4148
2.6553 	 -0.7654 	 -0.2559 	 0.1059 	 -1.3937 	 -0.5101 	 -1.9343 	 -0.1426 	 0.2347 	 -0.6418
2.6653 	 -0.7794 	 -0.2610 	 0.0865 	 -1.3966 	 -0.5064 	 -1.9428 	 -0.4661 	 0.5881 	 -1.1122
2.6754 	 -0.7934 	 -0.2660 	 0.0669 	 -1.4045 	 -0.4947 	 -1.9577 	 -1.2082 	 2.1018 	 -1.8754
2.6854 	 -0.8076 	 -0.2707 	 0.0473 	 -1.4184 	 -0.4565 	 -1.9721 	 -1.0330 	 5.2313 	 -0.0582
2.6954 	 -0.8218 	 -0.2751 	 0.0276 	 -1.4193 	 -0.4153 	 -1.9589 	 0.5091 	 2.5145 	 1.7531
2.7054 	 -0.8360 	 -0.2792 	 0.0080 	 -1.4136 	 -0.4002 	 -1.9449 	 0.5289 	 0.8523 	 1.0240
2.7154 	 -0.8501 	 -0.2832 	 -0.0114 	 -1.4090 	 -0.3944 	 -1.9372 	 0.4040 	 0.3956 	 0.5690
2.7255 	 -0.8642 	 -0.2871 	 -0.0308 	 -1.4054 	 -0.3913 	 -1.9328 	 0.3256 	 0.2432 	 0.3486
2.7355 	 -0.8783 	 -0.2911 	 -0.0502 	 -1.4024 	 -0.3892 	 -1.9299 	 0.2791 	 0.1805 	 0.2338
2.7455 	 -0.8923 	 -0.2949 	 -0.0695 	 -1.3997 	 -0.3876 	 -1.9279 	 0.2500 	 0.1501 	 0.1690
2.7555 	 -0.9063 	 -0.2988 	 -0.0888 	 -1.3973 	 -0.3862 	 -1.9264 	 0.2306 	 0.1332 	 0.1304
2.7655 	 -0.9203 	 -0.3027 	 -0.1081 	 -1.3951 	 -0.3849 	 -1.9253 	 0.2167 	 0.1227 	 0.1064
2.7756 	 -0.9343 	 -0.3065 	 -0.1274 	 -1.3930 	 -0.3837 	 -1.9243 	 0.2062 	 0.1152 	 0.0911
2.7856 	 -0.9482 	 -0.3104 	 -0.1467 	 -1.3909 	 -0.3826 	 -1.9234 	 0.1977 	 0.1092 	 0.0812
2.7956 	 -0.9622 	 -0.3142 	 -0.1659 	 -1.3890 	 -0.3815 	 -1.9226 	 0.1904 	 0.1039 	 0.0747
2.8056 	 -0.9761 	 -0.3180 	 -0.1852 	 -1.3871 	 -0.3805 	 -1.9219 	 0.1839 	 0.0991 	 0.0705
2.8156 	 -0.9900 	 -0.3218 	 -0.2045 	 -1.3853 	 -0.3795 	 -1.9212 	 0.1779 	 0.0945 	 0.0675
2.8257 	 -1.0038 	 -0.3256 	 -0.2237 	 -1.3836 	 -0.3786 	 -1.9206 	 0.1723 	 0.0900 	 0.0655
2.8357 	 -1.0177 	 -0.3294 	 -0.2429 	 -1.3819 	 -0.3777 	 -1.9199 	 0.1669 	 0.0857 	 0.0640
2.8457 	 -1.0315 	 -0.3332 	 -0.2622 	 -1.3802 	 -0.3769 	 -1.9193 	 0.1616 	 0.0815 	 0.0627
2.8557 	 -1.0454 	 -0.3370 	 -0.2814 	 -1.3786 	 -0.3761 	 -1.9186 	 0.1566 	 0.0775 	 0.0617
2.8657 	 -1.0592 	 -0.3407 	 -0.3006 	 -1.3771 	 -0.3753 	 -1.9180 	 0.1517 	 0.0738 	 0.0607
2.8758 	 -1.0730 	 -0.3445 	 -0.3198 	 -1.3756 	 -0.3746 	 -1.9174 	 0.1470 	 0.0702 	 0.0598
2.8858 	 -1.0867 	 -0.3482 	 -0.3391 	 -1.3741 	 -0.3739 	 -1.9168 	 0.1424 	 0.0669 	 0.0590
2.8958 	 -1.1005 	 -0.3520 	 -0.3583 	 -1.3727 	 -0.3733 	 -1.9162 	 0.1379 	 0.0637 	 0.0581
2.9058 	 -1.1142 	 -0.3557 	 -0.3775 	 -1.3714 	 -0.3726 	 -1.9157 	 0.1336 	 0.0608 	 0.0573
2.9158 	 -1.1280 	 -0.3594 	 -0.3966 	 -1.3700 	 -0.3720 	 -1.9151 	 0.1295 	 0.0581 	 0.0564
2.9259 	 -1.1417 	 -0.3632 	 -0.4158 	 -1.3688 	 -0.3715 	 -1.9145 	 0.1255 	 0.0555 	 0.0556
2.9359 	 -1.1554 	 -0.3669 	 -0.4350 	 -1.3675 	 -0.3709 	 -1.9140 	 0.1217 	 0.0532 	 0.0548
2.9459 	 -1.1691 	 -0.3706 	 -0.4542 	 -1.3663 	 -0.3704 	 -1.9134 	 0.1179 	 0.0510 	 0.0540
2.9559 	 -1.1828 	 -0.3743 	 -0.4734 	 -1.3652 	 -0.3699 	 -1.9129 	 0.1143 	 0.0489 	 0.0533
2.9659 	 -1.1965 	 -0.3780 	 -0.4925 	 -1.3640 	 -0.3694 	 -1.9124 	 0.1109 	 0.0470 	 0.0525
2.9760 	 -1.2101 	 -0.3817 	 -0.5117 	 -1.3629 	 -0.3690 	 -1.9118 	 0.1075 	 0.0452 	 0.0518
2.9860 	 -1.2238 	 -0.3854 	 -0.5308 	 -1.3619 	 -0.3685 	 -1.9113 	 0.1043 	 0.0435 	 0.0511
2.9960 	 -1.2374 	 -0.3891 	 -0.5500 	 -1.3609 	 -0.3681 	 -1.9108 	 0.1012 	 0.0419 	 0.0504
3.0060 	 -1.2510 	 -0.3928 	 -0.5691 	 -1.3599 	 -0.3677 	 -1.9103 	 0.0981 	 0.0404 	 0.0498
3.0160 	 -1.2647 	 -0.3965 	 -0.5883 	 -1.3589 	 -0.3673 	 -1.9098 	 0.0952 	 0.0390 	 0.0491
3.0261 	 -1.2783 	 -0.4002 	 -0.6074 	 -1.3579 	 -0.3669 	 -1.9093 	 0.0924 	 0.0376 	 0.0485
3.0361 	 -1.2919 	 -0.4038 	 -0.6265 	 -1.3570 	 -0.3665 	 -1.9089 	 0.0896 	 0.0364 	 0.0479
3.0461 	 -1.3055 	 -0.4075 	 -0.6457 	 -1.3561 	 -0.3662 	 -1.9084 	 0.0870 	 0.0352 	 0.0473
3.0561 	 -1.3191 	 -0.4112 	 -0.6648 	 -1.3553 	 -0.3658 	 -1.9079 	 0.0844 	 0.0340 	 0.0467
3.0661 	 -1.3326 	 -0.4148 	 -0.6839 	 -1.3545 	 -0.3655 	 -1.9074 	 0.0819 	 0.0330 	 0.0461
3.0762 	 -1.3462 	 -0.4185 	 -0.7030 	 -1.3536 	 -0.3652 	 -1.9070 	 0.0795 	 0.0319 	 0.0456
3.0862 	 -1.3598 	 -0.4221 	 -0.7221 	 -1.3529 	 -0.3648 	 -1.9065 	 0.0772 	 0.0310 	 0.0450
3.0962 	 -1.3733 	 -0.4258 	 -0.7412 	 -1.3521 	 -0.3645 	 -1.9061 	 0.0749 	 0.0300 	 0.0445
3.1062 	 -1.3869 	 -0.4295 	 -0.7603 	 -1.3514 	 -0.3642 	 -1.9056 	 0.0727 	 0.0291 	 0.0440
3.1162 	 -1.4004 	 -0.4331 	 -0.7794 	 -1.3506 	 -0.3640 	 -1.9052 	 0.0706 	 0.0283 	 0.0435
3.1263 	 -1.4139 	 -0.4367 	 -0.7985 	 -1.3499 	 -0.3637 	 -1.9048 	 0.0685 	 0.0275 	 0.0430
3.1363 	 -1.4274 	 -0.4404 	 -0.8176 	 -1.3493 	 -0.3634 	 -1.9043 	 0.0665 	 0.0267 	 0.0425
3.1463 	 -1.4410 	 -0.4440 	 -0.8367 	 -1.3486 	 -0.3631 	 -1.9039 	 0.0645 	 0.0260 	 0.0420
3.1563 	 -1.4545 	 -0.4477 	 -0.8557 	 -1.3480 	 -0.3629 	 -1.9035 	 0.0627 	 0.0253 	 0.0416
3.1663 	 -1.4680 	 -0.4513 	 -0.8748 	 -1.3474 	 -0.3626 	 -1.9031 	 0.0608 	 0.0246 	 0.0411
3.1764 	 -1.4815 	 -0.4549 	 -0.8939 	 -1.3468 	 -0.3624 	 -1.9027 	 0.0591 	 0.0240 	 0.0407
3.1864 	 -1.4950 	 -0.4586 	 -0.9129 	 -1.3462 	 -0.3622 	 -1.9023 	 0.0574 	 0.0234 	 0.0403
3.1964 	 -1.5085 	 -0.4622 	 -0.9320 	 -1.3456 	 -0.3619 	 -1.9019 	 0.0557 	 0.0228 	 0.0399
3.2064 	 -1.5219 	 -0.4658 	 -0.9510 	 -1.3451 	 -0.3617 	 -1.9015 	 0.0541 	 0.0223 	 0.0395
3.2164 	 -1.5354 	 -0.4694 	 -0.9701 	 -1.3445 	 -0.3615 	 -1.9011 	 0.0526 	 0.0217 	 0.0391
3.2265 	 -1.5489 	 -0.4731 	 -0.9891 	 -1.3440 	 -0.3613 	 -1.9007 	 0.0511 	 0.0212 	 0.0388
3.2365 	 -1.5623 	 -0.4767 	 -1.0082 	 -1.3435 	 -0.3610 	 -1.9003 	 0.0497 	 0.0208 	 0.0384
3.2465 	 -1.5758 	 -0.4803 	 -1.0272 	 -1.3430 	 -0.3608 	 -1.8999 	 0.0483 	 0.0203 	 0.0381
3.2565 	 -1.5893 	 -0.4839 	 -1.0463 	 -1.3425 	 -0.3606 	 -1.8995 	 0.0470 	 0.0198 	 0.0378
3.2665 	 -1.6027 	 -0.4875 	 -1.0653 	 -1.3421 	 -0.3604 	 -1.8992 	 0.0457 	 0.0194 	 0.0374
3.2766 	 -1.6162 	 -0.4911 	 -1.0843 	 -1.3416 	 -0.3603 	 -1.8988 	 0.0408 	 0.0179 	 0.0361
3.2866 	 -1.6296 	 -0.4947 	 -1.1033 	 -1.3412 	 -0.3601 	 -1.8984 	 0.0397 	 0.0176 	 0.0358
3.2966 	 -1.6430 	 -0.4983 	 -1.1224 	 -1.3408 	 -0.3599 	 -1.8981 	 0.0387 	 0.0172 	 0.0355
3.3066 	 -1.6565 	 -0.5020 	 -1.1414 	 -1.3404 	 -0.3597 	 -1.8977 	 0.0377 	 0.0169 	 0.0352
3.3166 	 -1.6699 	 -0.5056 	 -1.1604 	 -1.3401 	 -0.3596 	 -1.8974 	 0.0368 	 0.0165 	 0.0349
3.3267 	 -1.6833 	 -0.5092 	 -1.1794 	 -1.3397 	 -0.3594 	 -1.8970 	 0.0360 	 0.0162 	 0.0346
3.3367 	 -1.6967 	 -0.5128 	 -1.1984 	 -1.3393 	 -0.3592 	 -1.8967 	 0.0351 	 0.0159 	 0.0343
3.3467 	 -1.7102 	 -0.5164 	 -1.2174 	 -1.3390 	 -0.3591 	 -1.8963 	 0.0344 	 0.0156 	 0.0341
3.3567 	 -1.7236 	 -0.5200 	 -1.2364 	 -1.3387 	 -0.3589 	 -1.8960 	 0.0336 	 0.0152 	 0.0338
3.3667 	 -1.7370 	 -0.5236 	 -1.2554 	 -1.3383 	 -0.3588 	 -1.8956 	 0.0329 	 0.0149 	 0.0335
3.3768 	 -1.7504 	 -0.5271 	 -1.2744 	 -1.3380 	 -0.3586 	 -1.8953 	 0.0323 	 0.0146 	 0.0332
3.3868 	 -1.7638 	 -0.5307 	 -1.2934 	 -1.3377 	 -0.3585 	 -1.8950 	 0.0316 	 0.0144 	 0.0329
3.3968 	 -1.7772 	 -0.5343 	 -1.3124 	 -1.3374 	 -0.3583 	 -1.8947 	 0.0310 	 0.0141 	 0.0326
3.4068 	 -1.7906 	 -0.5379 	 -1.3314 	 -1.3371 	 -0.3582 	 -1.8943 	 0.0305 	 0.0138 	 0.0323
3.4168 	 -1.8040 	 -0.5415 	 -1.3503 	 -1.3368 	 -0.3581 	 -1.8940 	 0.0299 	 0.0135 	 0.0319
3.4269 	 -1.8174 	 -0.5451 	 -1.3693 	 -1.3365 	 -0.3579 	 -1.8937 	 0.0294 	 0.0132 	 0.0316
3.4369 	 -1.8308 	 -0.5487 	 -1.3883 	 -1.3362 	 -0.3578 	 -1.8934 	 0.0289 	 0.0129 	 0.0313
3.4469 	 -1.8442 	 -0.5523 	 -1.4073 	 -1.3359 	 -0.3577 	 -1.8931 	 0.0285 	 0.0127 	 0.0309
3.4569 	 -1.8576 	 -0.5558 	 -1.4262 	 -1.3356 	 -0.3575 	 -1.8928 	 0.0280 	 0.0124 	 0.0306
3.4669 	 -1.8709 	 -0.5594 	 -1.4452 	 -1.3353 	 -0.3574 	 -1.8925 	 0.0276 	 0.0121 	 0.0302
3.4770 	 -1.8843 	 -0.5630 	 -1.4641 	 -1.3350 	 -0.3573 	 -1.8922 	 0.0272 	 0.0119 	 0.0298
3.4870 	 -1.8977 	 -0.5666 	 -1.4831 	 -1.3348 	 -0.3572 	 -1.8919 	 0.0268 	 0.0116 	 0.0294
3.4970 	 -1.9111 	 -0.5702 	 -1.5021 	 -1.3345 	 -0.3571 	 -1.8916 	 0.0264 	 0.0113 	 0.0291
3.5070 	 -1.9244 	 -0.5737 	 -1.5210 	 -1.3342 	 -0.3570 	 -1.8913 	 0.0260 	 0.0111 	 0.0287
3.5170 	 -1.9378 	 -0.5773 	 -1.5400 	 -1.3340 	 -0.3568 	 -1.8910 	 0.0256 	 0.0108 	 0.0283
3.5271 	 -1.9512 	 -0.5809 	 -1.5589 	 -1.3337 	 -0.3567 	 -1.8907 	 0.0253 	 0.0106 	 0.0279
3.5371 	 -1.9645 	 -0.5845 	 -1.5779 	 -1.3335 	 -0.3566 	 -1.8904 	 0.0249 	 0.0103 	 0.0275
3.5471 	 -1.9779 	 -0.5880 	 -1.5968 	 -1.3332 	 -0.3565 	 -1.8902 	 0.0245 	 0.0101 	 0.0271
3.5571 	 -1.9912 	 -0.5916 	 -1.6157 	 -1.3330 	 -0.3564 	 -1.8899 	 0.0242 	 0.0099 	 0.0267
3.5671 	 -2.0046 	 -0.5952 	 -1.6347 	 -1.3327 	 -0.3563 	 -1.8896 	 0.0239 	 0.0096 	 0.0263
3.5772 	 -2.0180 	 -0.5988 	 -1.6536 	 -1.3325 	 -0.3562 	 -1.8894 	 0.0235 	 0.0094 	 0.0259
3.5872 	 -2.0313 	 -0.6023 	 -1.6725 	 -1.3323 	 -0.3561 	 -1.8891 	 0.0232 	 0.0092 	 0.0255
3.5972 	 -2.0447 	 -0.6059 	 -1.6915 	 -1.3320 	 -0.3561 	 -1.8888 	 0.0229 	 0.0090 	 0.0251
3.6072 	 -2.0580 	 -0.6095 	 -1.7104 	 -1.3318 	 -0.3560 	 -1.8886 	 0.0225 	 0.0088 	 0.0247
3.6172 	 -2.0713 	 -0.6130 	 -1.7293 	 -1.3316 	 -0.3559 	 -1.8884 	 0.0222 	 0.0086 	 0.0243
3.6273 	 -2.0847 	 -0.6166 	 -1.7482 	 -1.3314 	 -0.3558 	 -1.8881 	 0.0219 	 0.0084 	 0.0240
3.6373 	 -2.0980 	 -0.6202 	 -1.7671 	 -1.3312 	 -0.3557 	 -1.8879 	 0.0216 	 0.0082 	 0.0236
3.6473 	 -2.1114 	 -0.6237 	 -1.7861 	 -1.3309 	 -0.3556 	 -1.8876 	 0.0213 	 0.0080 	 0.0232
3.6573 	 -2.1247 	 -0.6273 	 -1.8050 	 -1.3307 	 -0.3556 	 -1.8874 	 0.0209 	 0.0078 	 0.0229
3.6673 	 -2.1380 	 -0.6308 	 -1.8239 	 -1.3305 	 -0.3555 	 -1.8872 	 0.0206 	 0.0076 	 0.0225
3.6774 	 -2.1514 	 -0.6344 	 -1.8428 	 -1.3303 	 -0.3554 	 -1.8870 	 0.0203 	 0.0075 	 0.0221
3.6874 	 -2.1647 	 -0.6380 	 -1.8617 	 -1.3301 	 -0.3553 	 -1.8867 	 0.0200 	 0.0073 	 0.0218
3.6974 	 -2.1780 	 -0.6415 	 -1.8806 	 -1.3299 	 -0.3553 	 -1.8865 	 0.0197 	 0.0071 	 0.0215
3.7074 	 -2.1913 	 -0.6451 	 -1.8995 	 -1.3297 	 -0.3552 	 -1.8863 	 0.0195 	 0.0070 	 0.0211
3.7174 	 -2.2047 	 -0.6486 	 -1.9184 	 -1.3295 	 -0.3551 	 -1.8861 	 0.0192 	 0.0068 	 0.0208
3.7275 	 -2.2180 	 -0.6522 	 -1.9373 	 -1.3293 	 -0.3550 	 -1.8859 	 0.0189 	 0.0066 	 0.0205
3.7375 	 -2.2313 	 -0.6558 	 -1.9562 	 -1.3291 	 -0.3550 	 -1.8857 	 0.0186 	 0.0065 	 0.0202
3.7475 	 -2.2446 	 -0.6593 	 -1.9751 	 -1.3290 	 -0.3549 	 -1.8855 	 0.0183 	 0.0064 	 0.0199
3.7575 	 -2.2579 	 -0.6629 	 -1.9940 	 -1.3288 	 -0.3549 	 -1.8853 	 0.0181 	 0.0062 	 0.0195
3.7675 	 -2.2712 	 -0.6664 	 -2.0129 	 -1.3286 	 -0.3548 	 -1.8851 	 0.0178 	 0.0061 	 0.0192
3.7776 	 -2.2846 	 -0.6700 	 -2.0318 	 -1.3284 	 -0.3547 	 -1.8849 	 0.0175 	 0.0059 	 0.0190
3.7876 	 -2.2979 	 -0.6735 	 -2.0506 	 -1.3282 	 -0.3547 	 -1.8847 	 0.0173 	 0.0058 	 0.0187
3.7976 	 -2.3112 	 -0.6771 	 -2.0695 	 -1.3281 	 -0.3546 	 -1.8845 	 0.0170 	 0.0057 	 0.0184
3.8076 	 -2.3245 	 -0.6806 	 -2.0884 	 -1.3279 	 -0.3546 	 -1.8843 	 0.0167 	 0.0056 	 0.0181
3.8176 	 -2.3378 	 -0.6842 	 -2.1073 	 -1.3277 	 -0.3545 	 -1.8842 	 0.0165 	 0.0054 	 0.0178
3.8277 	 -2.3511 	 -0.6878 	 -2.1262 	 -1.3276 	 -0.3545 	 -1.8840 	 0.0162 	 0.0053 	 0.0176
3.8377 	 -2.3644 	 -0.6913 	 -2.1450 	 -1.3274 	 -0.3544 	 -1.8838 	 0.0160 	 0.0052 	 0.0173
3.8477 	 -2.3777 	 -0.6949 	 -2.1639 	 -1.3273 	 -0.3543 	 -1.8836 	 0.0158 	 0.0051 	 0.0171
3.8577 	 -2.3910 	 -0.6984 	 -2.1828 	 -1.3271 	 -0.3543 	 -1.8835 	 0.0155 	 0.0050 	 0.0168
3.8677 	 -2.4043 	 -0.7020 	 -2.2017 	 -1.3269 	 -0.3542 	 -1.8833 	 0.0153 	 0.0049 	 0.0166
3.8778 	 -2.4176 	 -0.7055 	 -2.2205 	 -1.3268 	 -0.3542 	 -1.8831 	 0.0151 	 0.0048 	 0.0163
3.8878 	 -2.4309 	 -0.7091 	 -2.2394 	 -1.3266 	 -0.3542 	 -1.8830 	 0.0149 	 0.0047 	 0.0161
3.8978 	 -2.4442 	 -0.7126 	 -2.2583 	 -1.3265 	 -0.3541 	 -1.8828 	 0.0146 	 0.0046 	 0.0159
3.9078 	 -2.4575 	 -0.7161 	 -2.2771 	 -1.3263 	 -0.3541 	 -1.8827 	 0.0144 	 0.0045 	 0.0157
3.9178 	 -2.4708 	 -0.7197 	 -2.2960 	 -1.3262 	 -0.3540 	 -1.8825 	 0.0142 	 0.0044 	 0.0154
3.9279 	 -2.4840 	 -0.7232 	 -2.3149 	 -1.3261 	 -0.3540 	 -1.8823 	 0.0140 	 0.0043 	 0.0152
3.9379 	 -2.4973 	 -0.7268 	 -2.3337 	 -1.3259 	 -0.3539 	 -1.8822 	 0.0138 	 0.0042 	 0.0150
3.9479 	 -2.5106 	 -0.7303 	 -2.3526 	 -1.3258 	 -0.3539 	 -1.8820 	 0.0136 	 0.0041 	 0.0148
3.9579 	 -2.5239 	 -0.7339 	 -2.3714 	 -1.3257 	 -0.3538 	 -1.8819 	 0.0134 	 0.0040 	 0.0146
3.9679 	 -2.5372 	 -0.7374 	 -2.3903 	 -1.3255 	 -0.3538 	 -1.8818 	 0.0132 	 0.0039 	 0.0144
3.9780 	 -2.5505 	 -0.7410 	 -2.4091 	 -1.3254 	 -0.3538 	 -1.8816 	 0.0130 	 0.0039 	 0.0142
3.9880 	 -2.5637 	 -0.7445 	 -2.4280 	 -1.3253 	 -0.3537 	 -1.8815 	 0.0128 	 0.0038 	 0.0140
3.9980 	 -2.5770 	 -0.7481 	 -2.4469 	 -1.3251 	 -0.3537 	 -1.8813 	 0.0126 	 0.0037 	 0.0138
4.0080 	 -2.5903 	 -0.7516 	 -2.4657 	 -1.3250 	 -0.3537 	 -1.8812 	 0.0124 	 0.0036 	 0.0136
4.0180 	 -2.6036 	 -0.7551 	 -2.4846 	 -1.3249 	 -0.3536 	 -1.8811 	 0.0123 	 0.0035 	 0.0135
4.0281 	 -2.6168 	 -0.7587 	 -2.5034 	 -1.3248 	 -0.3536 	 -1.8809 	 0.0121 	 0.0035 	 0.0133
4.0381 	 -2.6301 	 -0.7622 	 -2.5222 	 -1.3246 	 -0.3536 	 -1.8808 	 0.0119 	 0.0034 	 0.0131
4.0481 	 -2.6434 	 -0.7658 	 -2.5411 	 -1.3245 	 -0.3535 	 -1.8807 	 0.0117 	 0.0033 	 0.0129
4.0581 	 -2.6567 	 -0.7693 	 -2.5599 	 -1.3244 	 -0.3535 	 -1.8805 	 0.0116 	 0.0032 	 0.0128
4.0681 	 -2.6699 	 -0.7729 	 -2.5788 	 -1.3243 	 -0.3535 	 -1.8804 	 0.0114 	 0.0032 	 0.0126
4.0782 	 -2.6832 	 -0.7764 	 -2.5976 	 -1.3242 	 -0.3534 	 -1.8803 	 0.0112 	 0.0031 	 0.0125
4.0882 	 -2.6965 	 -0.7799 	 -2.6165 	 -1.3241 	 -0.3534 	 -1.8802 	 0.0111 	 0.0030 	 0.0123
4.0982 	 -2.7097 	 -0.7835 	 -2.6353 	 -1.3240 	 -0.3534 	 -1.8800 	 0.0109 	 0.0030 	 0.0121
4.1082 	 -2.7230 	 -0.7870 	 -2.6541 	 -1.3238 	 -0.3533 	 -1.8799 	 0.0108 	 0.0029 	 0.0120
4.1182 	 -2.7363 	 -0.7906 	 -2.6730 	 -1.3237 	 -0.3533 	 -1.8798 	 0.0106 	 0.0028 	 0.0118
4.1283 	 -2.7495 	 -0.7941 	 -2.6918 	 -1.3236 	 -0.3533 	 -1.8797 	 0.0104 	 0.0028 	 0.0117
4.1383 	 -2.7628 	 -0.7976 	 -2.7106 	 -1.3235 	 -0.3532 	 -1.8796 	 0.0103 	 0.0027 	 0.0116
4.1483 	 -2.7761 	 -0.8012 	 -2.7295 	 -1.3234 	 -0.3532 	 -1.8794 	 0.0102 	 0.0027 	 0.0114
4.1583 	 -2.7893 	 -0.8047 	 -2.7483 	 -1.3233 	 -0.3532 	 -1.8793 	 0.0100 	 0.0026 	 0.0113
4.1683 	 -2.8026 	 -0.8083 	 -2.7671 	 -1.3232 	 -0.3532 	 -1.8792 	 0.0099 	 0.0025 	 0.0111
4.1784 	 -2.8158 	 -0.8118 	 -2.7860 	 -1.3231 	 -0.3531 	 -1.8791 	 0.0097 	 0.0025 	 0.0110
4.1884 	 -2.8291 	 -0.8153 	 -2.8048 	 -1.3230 	 -0.3531 	 -1.8790 	 0.0096 	 0.0024 	 0.0109
4.1984 	 -2.8423 	 -0.8189 	 -2.8236 	 -1.3229 	 -0.3531 	 -1.8789 	 0.0095 	 0.0024 	 0.0108
4.2084 	 -2.8556 	 -0.8224 	 -2.8424 	 -1.3228 	 -0.3531 	 -1.8788 	 0.0093 	 0.0023 	 0.0106
4.2184 	 -2.8689 	 -0.8260 	 -2.8613 	 -1.3228 	 -0.3530 	 -1.8787 	 0.0092 	 0.0022 	 0.0105
4.2285 	 -2.8821 	 -0.8295 	 -2.8801 	 -1.3227 	 -0.3530 	 -1.8786 	 0.0091 	 0.0022 	 0.0104
4.2385 	 -2.8954 	 -0.8330 	 -2.8989 	 -1.3226 	 -0.3530 	 -1.8785 	 0.0089 	 0.0021 	 0.0103
4.2485 	 -2.9086 	 -0.8366 	 -2.9177 	 -1.3225 	 -0.3530 	 -1.8784 	 0.0088 	 0.0021 	 0.0101
4.2585 	 -2.9219 	 -0.8401 	 -2.9366 	 -1.3224 	 -0.3530 	 -1.8783 	 0.0087 	 0.0020 	 0.0100
4.2685 	 -2.9351 	 -0.8436 	 -2.9554 	 -1.3223 	 -0.3529 	 -1.8782 	 0.0086 	 0.0020 	 0.0099
4.2786 	 -2.9484 	 -0.8472 	 -2.9742 	 -1.3222 	 -0.3529 	 -1.8781 	 0.0084 	 0.0019 	 0.0098
4.2886 	 -2.9616 	 -0.8507 	 -2.9930 	 -1.3221 	 -0.3529 	 -1.8780 	 0.0083 	 0.0019 	 0.0097
4.2986 	 -2.9749 	 -0.8542 	 -3.0118 	 -1.3221 	 -0.3529 	 -1.8779 	 0.0082 	 0.0018 	 0.0096
4.3086 	 -2.9881 	 -0.8578 	 -3.0306 	 -1.3220 	 -0.3529 	 -1.8778 	 0.0081 	 0.0018 	 0.0095
4.3186 	 -3.0014 	 -0.8613 	 -3.0495 	 -1.3219 	 -0.3528 	 -1.8777 	 0.0080 	 0.0017 	 0.0094
4.3287 	 -3.0146 	 -0.8649 	 -3.0683 	 -1.3218 	 -0.3528 	 -1.8776 	 0.0079 	 0.0017 	 0.0093
4.3387 	 -3.0278 	 -0.8684 	 -3.0871 	 -1.3217 	 -0.3528 	 -1.8775 	 0.0078 	 0.0016 	 0.0092
4.3487 	 -3.0411 	 -0.8719 	 -3.1059 	 -1.3217 	 -0.3528 	 -1.8774 	 0.0076 	 0.0016 	 0.0091
4.3587 	 -3.0543 	 -0.8755 	 -3.1247 	 -1.3216 	 -0.3528 	 -1.8773 	 0.0075 	 0.0015 	 0.0090
4.3687 	 -3.0676 	 -0.8790 	 -3.1435 	 -1.3215 	 -0.3528 	 -1.8772 	 0.0074 	 0.0015 	 0.0089
4.3788 	 -3.0808 	 -0.8825 	 -3.1623 	 -1.3214 	 -0.3528 	 -1.8771 	 0.0073 	 0.0014 	 0.0088
4.3888 	 -3.0940 	 -0.8861 	 -3.1811 	 -1.3214 	 -0.3527 	 -1.8770 	 0.0072 	 0.0014 	 0.0087
4.3988 	 -3.1073 	 -0.8896 	 -3.1999 	 -1.3213 	 -0.3527 	 -1.8770 	 0.0071 	 0.0014 	 0.0087
4.4088 	 -3.1205 	 -0.8931 	 -3.2188 	 -1.3212 	 -0.3527 	 -1.8769 	 0.0070 	 0.0013 	 0.0086
4.4188 	 -3.1338 	 -0.8967 	 -3.2376 	 -1.3211 	 -0.3527 	 -1.8768 	 0.0069 	 0.0013 	 0.0085
4.4289 	 -3.1470 	 -0.9002 	 -3.2564 	 -1.3211 	 -0.3527 	 -1.8767 	 0.0068 	 0.0012 	 0.0084
4.4389 	 -3.1602 	 -0.9037 	 -3.2752 	 -1.3210 	 -0.3527 	 -1.8766 	 0.0067 	 0.0012 	 0.0083
4.4489 	 -3.1735 	 -0.9073 	 -3.2940 	 -1.3209 	 -0.3527 	 -1.8765 	 0.0066 	 0.0011 	 0.0082
4.4589 	 -3.1867 	 -0.9108 	 -3.3128 	 -1.3209 	 -0.3527 	 -1.8764 	 0.0066 	 0.0011 	 0.0082
4.4689 	 -3.1999 	 -0.9143 	 -3.3316 	 -1.3208 	 -0.3526 	 -1.8764 	 0.0065 	 0.0011 	 0.0081
4.4790 	 -3.2132 	 -0.9179 	 -3.3504 	 -1.3207 	 -0.3526 	 -1.8763 	 0.0064 	 0.0010 	 0.0080
4.4890 	 -3.2264 	 -0.9214 	 -3.3692 	 -1.3207 	 -0.3526 	 -1.8762 	 0.0063 	 0.0010 	 0.0079
4.4990 	 -3.2396 	 -0.9249 	 -3.3880 	 -1.3206 	 -0.3526 	 -1.8761 	 0.0062 	 0.0009 	 0.0079
4.5090 	 -3.2529 	 -0.9285 	 -3.4068 	 -1.3206 	 -0.3526 	 -1.8760 	 0.0061 	 0.0009 	 0.0078
4.5190 	 -3.2661 	 -0.9320 	 -3.4256 	 -1.3205 	 -0.3526 	 -1.8760 	 0.0060 	 0.0009 	 0.0077
4.5291 	 -3.2793 	 -0.9355 	 -3.4444 	 -1.3204 	 -0.3526 	 -1.8759 	 0.0059 	 0.0008 	 0.0077
4.5391 	 -3.2926 	 -0.9391 	 -3.4632 	 -1.3204 	 -0.3526 	 -1.8758 	 0.0059 	 0.0008 	 0.0076
4.5491 	 -3.3058 	 -0.9426 	 -3.4820 	 -1.3203 	 -0.3526 	 -1.8757 	 0.0058 	 0.0007 	 0.0075
4.5591 	 -3.3190 	 -0.9461 	 -3.5008 	 -1.3203 	 -0.3526 	 -1.8757 	 0.0057 	 0.0007 	 0.0075
4.5691 	 -3.3323 	 -0.9497 	 -3.5196 	 -1.3202 	 -0.3526 	 -1.8756 	 0.0056 	 0.0007 	 0.0074
4.5792 	 -3.3455 	 -0.9532 	 -3.5383 	 -1.3202 	 -0.3525 	 -1.8755 	 0.0056 	 0.0006 	 0.0074
4.5892 	 -3.3587 	 -0.9567 	 -3.5571 	 -1.3201 	 -0.3525 	 -1.8754 	 0.0055 	 0.0006 	 0.0073
4.5992 	 -3.3719 	 -0.9603 	 -3.5759 	 -1.3200 	 -0.3525 	 -1.8754 	 0.0054 	 0.0006 	 0.0073
4.6092 	 -3.3852 	 -0.9638 	 -3.5947 	 -1.3200 	 -0.3525 	 -1.8753 	 0.0053 	 0.0005 	 0.0072
4.6192 	 -3.3984 	 -0.9673 	 -3.6135 	 -1.3199 	 -0.3525 	 -1.8752 	 0.0053 	 0.0005 	 0.0071
4.6293 	 -3.4116 	 -0.9709 	 -3.6323 	 -1.3199 	 -0.3525 	 -1.8752 	 0.0052 	 0.0005 	 0.0071
4.6393 	 -3.4248 	 -0.9744 	 -3.6511 	 -1.3198 	 -0.3525 	 -1.8751 	 0.0051 	 0.0004 	 0.0070
4.6493 	 -3.4381 	 -0.9779 	 -3.6699 	 -1.3198 	 -0.3525 	 -1.8750 	 0.0050 	 0.0004 	 0.0070
4.6593 	 -3.4513 	 -0.9815 	 -3.6887 	 -1.3197 	 -0.3525 	 -1.8749 	 0.0050 	 0.0004 	 0.0069
4.6693 	 -3.4645 	 -0.9850 	 -3.7074 	 -1.3197 	 -0.3525 	 -1.8749 	 0.0049 	 0.0003 	 0.0069
4.6794 	 -3.4777 	 -0.9885 	 -3.7262 	 -1.3196 	 -0.3525 	 -1.8748 	 0.0049 	 0.0003 	 0.0068
4.6894 	 -3.4910 	 -0.9921 	 -3.7450 	 -1.3196 	 -0.3525 	 -1.8747 	 0.0048 	 0.0003 	 0.0068
4.6994 	 -3.5042 	 -0.9956 	 -3.7638 	 -1.3195 	 -0.3525 	 -1.8747 	 0.0047 	 0.0002 	 0.0068
4.7094 	 -3.5174 	 -0.9991 	 -3.7826 	 -1.3195 	 -0.3525 	 -1.8746 	 0.0047 	 0.0002 	 0.0067
4.7194 	 -3.5306 	 -1.0026 	 -3.8014 	 -1.3194 	 -0.3525 	 -1.8745 	 0.0046 	 0.0002 	 0.0067
4.7295 	 -3.5439 	 -1.0062 	 -3.8202 	 -1.3194 	 -0.3525 	 -1.8745 	 0.0045 	 0.0002 	 0.0066
4.7395 	 -3.5571 	 -1.0097 	 -3.8389 	 -1.3194 	 -0.3525 	 -1.8744 	 0.0045 	 0.0001 	 0.0066
4.7495 	 -3.5703 	 -1.0132 	 -3.8577 	 -1.3193 	 -0.3525 	 -1.8743 	 0.0044 	 0.0001 	 0.0065
4.7595 	 -3.5835 	 -1.0168 	 -3.8765 	 -1.3193 	 -0.3525 	 -1.8743 	 0.0044 	 0.0001 	 0.0065
4.7695 	 -3.5967 	 -1.0203 	 -3.8953 	 -1.3192 	 -0.3525 	 -1.8742 	 0.0043 	 0.0001 	 0.0065
4.7796 	 -3.6099 	 -1.0238 	 -3.9141 	 -1.3192 	 -0.3525 	 -1.8741 	 0.0043 	 0.0000 	 0.0064
4.7896 	 -3.6232 	 -1.0274 	 -3.9328 	 -1.3191 	 -0.3525 	 -1.8741 	 0.0042 	 0.0000 	 0.0064
4.7996 	 -3.6364 	 -1.0309 	 -3.9516 	 -1.3191 	 -0.3525 	 -1.8740 	 0.0042 	 -0.0000 	 0.0064
4.8096 	 -3.6496 	 -1.0344 	 -3.9704 	 -1.3190 	 -0.3525 	 -1.8740 	 0.0041 	 -0.0000 	 0.0063
4.8196 	 -3.6628 	 -1.0380 	 -3.9892 	 -1.3190 	 -0.3525 	 -1.8739 	 0.0041 	 -0.0001 	 0.0063
4.8297 	 -3.6760 	 -1.0415 	 -4.0079 	 -1.3190 	 -0.3525 	 -1.8738 	 0.0040 	 -0.0001 	 0.0063
4.8397 	 -3.6892 	 -1.0450 	 -4.0267 	 -1.3189 	 -0.3525 	 -1.8738 	 0.0040 	 -0.0001 	 0.0062
4.8497 	 -3.7025 	 -1.0486 	 -4.0455 	 -1.3189 	 -0.3525 	 -1.8737 	 0.0039 	 -0.0001 	 0.0062
4.8597 	 -3.7157 	 -1.0521 	 -4.0643 	 -1.3189 	 -0.3525 	 -1.8736 	 0.0039 	 -0.0001 	 0.0062
4.8697 	 -3.7289 	 -1.0556 	 -4.0830 	 -1.3188 	 -0.3525 	 -1.8736 	 0.0038 	 -0.0002 	 0.0061
4.8798 	 -3.7421 	 -1.0592 	 -4.1018 	 -1.3188 	 -0.3525 	 -1.8735 	 0.0038 	 -0.0002 	 0.0061
4.8898 	 -3.7553 	 -1.0627 	 -4.1206 	 -1.3187 	 -0.3525 	 -1.8735 	 0.0037 	 -0.0002 	 0.0061
4.8998 	 -3.7685 	 -1.0662 	 -4.1394 	 -1.3187 	 -0.3525 	 -1.8734 	 0.0037 	 -0.0002 	 0.0061
4.9098 	 -3.7818 	 -1.0698 	 -4.1581 	 -1.3187 	 -0.3525 	 -1.8733 	 0.0036 	 -0.0002 	 0.0060
4.9198 	 -3.7950 	 -1.0733 	 -4.1769 	 -1.3186 	 -0.3525 	 -1.8733 	 0.0036 	 -0.0003 	 0.0060
4.9299 	 -3.8082 	 -1.0768 	 -4.1957 	 -1.3186 	 -0.3525 	 -1.8732 	 0.0036 	 -0.0003 	 0.0060
4.9399 	 -3.8214 	 -1.0804 	 -4.2144 	 -1.3186 	 -0.3525 	 -1.8732 	 0.0035 	 -0.0003 	 0.0059
4.9499 	 -3.8346 	 -1.0839 	 -4.2332 	 -1.3185 	 -0.3525 	 -1.8731 	 0.0035 	 -0.0003 	 0.0059
4.9599 	 -3.8478 	 -1.0874 	 -4.2520 	 -1.3185 	 -0.3525 	 -1.8730 	 0.0035 	 -0.0003 	 0.0059
4.9699 	 -3.8610 	 -1.0909 	 -4.2707 	 -1.3184 	 -0.3525 	 -1.8730 	 0.0034 	 -0.0003 	 0.0059
4.9800 	 -3.8742 	 -1.0945 	 -4.2895 	 -1.3184 	 -0.3525 	 -1.8729 	 0.0034 	 -0.0004 	 0.0059
4.9900 	 -3.8874 	 -1.0980 	 -4.3083 	 -1.3184 	 -0.3525 	 -1.8729 	 0.0034 	 -0.0004 	 0.0058
