100-Body Run with i = 89 th particle. (Units in pc,M_solar,Myr, km s-1) 

time		 x 		 y 		 z 		 xdot 		 ydot 		 zdot 		 xddot 		 yddot 		 zddot
0.0000 	 -0.0035 	 0.0012 	 -0.0521 	 0.2171 	 -0.0620 	 0.5483 	 108.9382 	 -35.2565 	 275.4952
0.0100 	 -0.0106 	 0.0046 	 -0.0700 	 -1.3729 	 0.6512 	 -3.5568 	 1.6294 	 -0.5160 	 0.8315
0.0200 	 -0.0243 	 0.0111 	 -0.1058 	 -1.3655 	 0.6441 	 -3.5846 	 -1.9196 	 -1.7326 	 -3.4733
0.0301 	 -0.0375 	 0.0174 	 -0.1420 	 -1.2966 	 0.6281 	 -3.6444 	 10.5282 	 -2.9610 	 -1.4259
0.0401 	 -0.0503 	 0.0236 	 -0.1786 	 -1.2315 	 0.6077 	 -3.6506 	 4.5824 	 -1.1449 	 -0.5340
0.0501 	 -0.0624 	 0.0297 	 -0.2152 	 -1.1878 	 0.6024 	 -3.6554 	 4.0588 	 -0.0062 	 -0.1848
0.0601 	 -0.0741 	 0.0358 	 -0.2518 	 -1.1523 	 0.6045 	 -3.6540 	 3.0470 	 0.3047 	 0.3554
0.0701 	 -0.0855 	 0.0418 	 -0.2884 	 -1.1254 	 0.6073 	 -3.6494 	 2.3810 	 0.2347 	 0.5675
0.0802 	 -0.0967 	 0.0479 	 -0.3249 	 -1.1039 	 0.6090 	 -3.6428 	 1.9193 	 0.0917 	 0.7203
0.0902 	 -0.1077 	 0.0540 	 -0.3614 	 -1.0867 	 0.6090 	 -3.6355 	 1.5273 	 -0.0811 	 0.7194
0.1002 	 -0.1185 	 0.0601 	 -0.3978 	 -1.0729 	 0.6076 	 -3.6286 	 1.2473 	 -0.1967 	 0.6429
0.1102 	 -0.1292 	 0.0662 	 -0.4341 	 -1.0615 	 0.6053 	 -3.6225 	 1.0439 	 -0.2476 	 0.5746
0.1202 	 -0.1398 	 0.0722 	 -0.4704 	 -1.0520 	 0.6028 	 -3.6171 	 0.8575 	 -0.2483 	 0.5064
0.1303 	 -0.1503 	 0.0783 	 -0.5066 	 -1.0441 	 0.6004 	 -3.6124 	 0.7167 	 -0.2454 	 0.4442
0.1403 	 -0.1607 	 0.0843 	 -0.5428 	 -1.0375 	 0.5979 	 -3.6081 	 0.6137 	 -0.2418 	 0.4014
0.1503 	 -0.1711 	 0.0902 	 -0.5789 	 -1.0318 	 0.5955 	 -3.6043 	 0.5323 	 -0.2349 	 0.3734
0.1603 	 -0.1814 	 0.0962 	 -0.6150 	 -1.0268 	 0.5932 	 -3.6006 	 0.4635 	 -0.2231 	 0.3510
0.1703 	 -0.1917 	 0.1021 	 -0.6511 	 -1.0225 	 0.5911 	 -3.5973 	 0.4031 	 -0.2084 	 0.3265
0.1804 	 -0.2019 	 0.1081 	 -0.6871 	 -1.0187 	 0.5891 	 -3.5941 	 0.3514 	 -0.1950 	 0.3051
0.1904 	 -0.2121 	 0.1139 	 -0.7231 	 -1.0154 	 0.5872 	 -3.5911 	 0.3088 	 -0.1825 	 0.2855
0.2004 	 -0.2223 	 0.1198 	 -0.7591 	 -1.0125 	 0.5854 	 -3.5884 	 0.2739 	 -0.1706 	 0.2672
0.2104 	 -0.2324 	 0.1257 	 -0.7950 	 -1.0099 	 0.5838 	 -3.5858 	 0.2454 	 -0.1588 	 0.2501
0.2204 	 -0.2425 	 0.1315 	 -0.8309 	 -1.0075 	 0.5822 	 -3.5833 	 0.2220 	 -0.1469 	 0.2339
0.2305 	 -0.2526 	 0.1373 	 -0.8668 	 -1.0054 	 0.5808 	 -3.5811 	 0.2029 	 -0.1347 	 0.2178
0.2405 	 -0.2626 	 0.1432 	 -0.9027 	 -1.0035 	 0.5795 	 -3.5790 	 0.1875 	 -0.1228 	 0.2015
0.2505 	 -0.2727 	 0.1490 	 -0.9385 	 -1.0016 	 0.5783 	 -3.5770 	 0.1757 	 -0.1114 	 0.1847
0.2605 	 -0.2827 	 0.1548 	 -0.9744 	 -0.9999 	 0.5773 	 -3.5753 	 0.1676 	 -0.1012 	 0.1677
0.2705 	 -0.2927 	 0.1605 	 -1.0102 	 -0.9983 	 0.5763 	 -3.5737 	 0.1633 	 -0.0923 	 0.1508
0.2806 	 -0.3027 	 0.1663 	 -1.0460 	 -0.9966 	 0.5754 	 -3.5723 	 0.1627 	 -0.0851 	 0.1348
0.2906 	 -0.3127 	 0.1721 	 -1.0818 	 -0.9950 	 0.5746 	 -3.5710 	 0.1655 	 -0.0794 	 0.1208
0.3006 	 -0.3227 	 0.1778 	 -1.1175 	 -0.9933 	 0.5738 	 -3.5698 	 0.1704 	 -0.0754 	 0.1096
0.3106 	 -0.3326 	 0.1836 	 -1.1533 	 -0.9916 	 0.5731 	 -3.5688 	 0.1755 	 -0.0728 	 0.1011
0.3206 	 -0.3425 	 0.1893 	 -1.1891 	 -0.9898 	 0.5724 	 -3.5678 	 0.1795 	 -0.0713 	 0.0936
0.3307 	 -0.3524 	 0.1950 	 -1.2248 	 -0.9880 	 0.5717 	 -3.5669 	 0.1830 	 -0.0711 	 0.0843
0.3407 	 -0.3623 	 0.2008 	 -1.2605 	 -0.9861 	 0.5709 	 -3.5661 	 0.1897 	 -0.0734 	 0.0710
0.3507 	 -0.3722 	 0.2065 	 -1.2963 	 -0.9842 	 0.5702 	 -3.5655 	 0.2051 	 -0.0801 	 0.0554
0.3607 	 -0.3820 	 0.2122 	 -1.3320 	 -0.9820 	 0.5693 	 -3.5650 	 0.2330 	 -0.0929 	 0.0460
0.3707 	 -0.3919 	 0.2179 	 -1.3677 	 -0.9795 	 0.5683 	 -3.5645 	 0.2667 	 -0.1092 	 0.0580
0.3808 	 -0.4017 	 0.2236 	 -1.4034 	 -0.9767 	 0.5671 	 -3.5637 	 0.2835 	 -0.1196 	 0.0975
0.3908 	 -0.4114 	 0.2292 	 -1.4391 	 -0.9739 	 0.5660 	 -3.5625 	 0.2660 	 -0.1155 	 0.1449
0.4008 	 -0.4212 	 0.2349 	 -1.4748 	 -0.9714 	 0.5649 	 -3.5609 	 0.2250 	 -0.1004 	 0.1750
0.4108 	 -0.4309 	 0.2406 	 -1.5105 	 -0.9694 	 0.5639 	 -3.5591 	 0.1818 	 -0.0832 	 0.1836
0.4208 	 -0.4406 	 0.2462 	 -1.5461 	 -0.9678 	 0.5632 	 -3.5573 	 0.1470 	 -0.0689 	 0.1792
0.4309 	 -0.4503 	 0.2519 	 -1.5818 	 -0.9664 	 0.5626 	 -3.5555 	 0.1216 	 -0.0583 	 0.1697
0.4409 	 -0.4600 	 0.2575 	 -1.6174 	 -0.9653 	 0.5620 	 -3.5539 	 0.1034 	 -0.0507 	 0.1591
0.4509 	 -0.4697 	 0.2631 	 -1.6530 	 -0.9643 	 0.5615 	 -3.5523 	 0.0903 	 -0.0451 	 0.1489
0.4609 	 -0.4793 	 0.2687 	 -1.6886 	 -0.9635 	 0.5611 	 -3.5509 	 0.0805 	 -0.0410 	 0.1398
0.4709 	 -0.4890 	 0.2744 	 -1.7242 	 -0.9627 	 0.5607 	 -3.5495 	 0.0730 	 -0.0379 	 0.1318
0.4810 	 -0.4986 	 0.2800 	 -1.7597 	 -0.9620 	 0.5603 	 -3.5482 	 0.0671 	 -0.0354 	 0.1247
0.4910 	 -0.5082 	 0.2856 	 -1.7953 	 -0.9614 	 0.5600 	 -3.5470 	 0.0623 	 -0.0333 	 0.1185
0.5010 	 -0.5179 	 0.2912 	 -1.8308 	 -0.9608 	 0.5597 	 -3.5458 	 0.0582 	 -0.0315 	 0.1130
0.5110 	 -0.5275 	 0.2968 	 -1.8663 	 -0.9602 	 0.5594 	 -3.5447 	 0.0542 	 -0.0300 	 0.1068
0.5210 	 -0.5371 	 0.3024 	 -1.9018 	 -0.9597 	 0.5591 	 -3.5437 	 0.0511 	 -0.0284 	 0.1021
0.5311 	 -0.5467 	 0.3080 	 -1.9373 	 -0.9592 	 0.5588 	 -3.5427 	 0.0483 	 -0.0270 	 0.0980
0.5411 	 -0.5563 	 0.3136 	 -1.9728 	 -0.9587 	 0.5585 	 -3.5417 	 0.0457 	 -0.0258 	 0.0944
0.5511 	 -0.5659 	 0.3192 	 -2.0083 	 -0.9583 	 0.5583 	 -3.5408 	 0.0434 	 -0.0246 	 0.0910
0.5611 	 -0.5755 	 0.3248 	 -2.0438 	 -0.9578 	 0.5580 	 -3.5399 	 0.0412 	 -0.0235 	 0.0879
0.5711 	 -0.5851 	 0.3304 	 -2.0793 	 -0.9574 	 0.5578 	 -3.5390 	 0.0392 	 -0.0224 	 0.0849
0.5812 	 -0.5947 	 0.3360 	 -2.1147 	 -0.9570 	 0.5576 	 -3.5382 	 0.0372 	 -0.0214 	 0.0821
0.5912 	 -0.6043 	 0.3416 	 -2.1502 	 -0.9567 	 0.5574 	 -3.5374 	 0.0354 	 -0.0205 	 0.0795
0.6012 	 -0.6139 	 0.3471 	 -2.1856 	 -0.9563 	 0.5572 	 -3.5366 	 0.0337 	 -0.0195 	 0.0769
0.6112 	 -0.6235 	 0.3527 	 -2.2210 	 -0.9560 	 0.5570 	 -3.5359 	 0.0321 	 -0.0187 	 0.0745
0.6212 	 -0.6331 	 0.3583 	 -2.2565 	 -0.9557 	 0.5568 	 -3.5351 	 0.0306 	 -0.0178 	 0.0722
0.6313 	 -0.6426 	 0.3639 	 -2.2919 	 -0.9554 	 0.5566 	 -3.5344 	 0.0292 	 -0.0170 	 0.0700
0.6413 	 -0.6522 	 0.3695 	 -2.3273 	 -0.9551 	 0.5565 	 -3.5337 	 0.0278 	 -0.0162 	 0.0679
0.6513 	 -0.6618 	 0.3750 	 -2.3627 	 -0.9548 	 0.5563 	 -3.5330 	 0.0266 	 -0.0155 	 0.0659
0.6613 	 -0.6713 	 0.3806 	 -2.3981 	 -0.9546 	 0.5561 	 -3.5324 	 0.0254 	 -0.0148 	 0.0639
0.6713 	 -0.6809 	 0.3862 	 -2.4335 	 -0.9543 	 0.5560 	 -3.5318 	 0.0243 	 -0.0142 	 0.0620
0.6814 	 -0.6905 	 0.3918 	 -2.4689 	 -0.9541 	 0.5559 	 -3.5312 	 0.0232 	 -0.0136 	 0.0602
0.6914 	 -0.7000 	 0.3973 	 -2.5043 	 -0.9539 	 0.5557 	 -3.5306 	 0.0221 	 -0.0129 	 0.0583
0.7014 	 -0.7096 	 0.4029 	 -2.5396 	 -0.9536 	 0.5556 	 -3.5300 	 0.0210 	 -0.0123 	 0.0564
0.7114 	 -0.7191 	 0.4085 	 -2.5750 	 -0.9534 	 0.5555 	 -3.5294 	 0.0201 	 -0.0119 	 0.0547
0.7214 	 -0.7287 	 0.4140 	 -2.6104 	 -0.9532 	 0.5554 	 -3.5289 	 0.0193 	 -0.0114 	 0.0530
0.7315 	 -0.7382 	 0.4196 	 -2.6457 	 -0.9530 	 0.5553 	 -3.5284 	 0.0186 	 -0.0110 	 0.0514
0.7415 	 -0.7478 	 0.4252 	 -2.6811 	 -0.9529 	 0.5551 	 -3.5279 	 0.0179 	 -0.0106 	 0.0500
0.7515 	 -0.7573 	 0.4307 	 -2.7164 	 -0.9527 	 0.5550 	 -3.5274 	 0.0172 	 -0.0102 	 0.0486
0.7615 	 -0.7669 	 0.4363 	 -2.7518 	 -0.9525 	 0.5549 	 -3.5269 	 0.0166 	 -0.0098 	 0.0473
0.7715 	 -0.7764 	 0.4418 	 -2.7871 	 -0.9524 	 0.5548 	 -3.5264 	 0.0160 	 -0.0095 	 0.0460
0.7816 	 -0.7860 	 0.4474 	 -2.8224 	 -0.9522 	 0.5548 	 -3.5260 	 0.0154 	 -0.0091 	 0.0448
0.7916 	 -0.7955 	 0.4530 	 -2.8578 	 -0.9520 	 0.5547 	 -3.5255 	 0.0149 	 -0.0088 	 0.0436
0.8016 	 -0.8050 	 0.4585 	 -2.8931 	 -0.9519 	 0.5546 	 -3.5251 	 0.0144 	 -0.0085 	 0.0425
0.8116 	 -0.8146 	 0.4641 	 -2.9284 	 -0.9518 	 0.5545 	 -3.5247 	 0.0139 	 -0.0082 	 0.0414
0.8216 	 -0.8241 	 0.4696 	 -2.9637 	 -0.9516 	 0.5544 	 -3.5243 	 0.0134 	 -0.0080 	 0.0403
0.8317 	 -0.8337 	 0.4752 	 -2.9990 	 -0.9515 	 0.5543 	 -3.5239 	 0.0130 	 -0.0077 	 0.0393
0.8417 	 -0.8432 	 0.4807 	 -3.0343 	 -0.9514 	 0.5543 	 -3.5235 	 0.0126 	 -0.0075 	 0.0383
0.8517 	 -0.8527 	 0.4863 	 -3.0696 	 -0.9512 	 0.5542 	 -3.5231 	 0.0122 	 -0.0073 	 0.0374
0.8617 	 -0.8623 	 0.4918 	 -3.1049 	 -0.9511 	 0.5541 	 -3.5227 	 0.0118 	 -0.0070 	 0.0365
0.8717 	 -0.8718 	 0.4974 	 -3.1402 	 -0.9510 	 0.5540 	 -3.5224 	 0.0115 	 -0.0068 	 0.0356
0.8818 	 -0.8813 	 0.5029 	 -3.1755 	 -0.9509 	 0.5540 	 -3.5220 	 0.0112 	 -0.0066 	 0.0348
0.8918 	 -0.8908 	 0.5085 	 -3.2108 	 -0.9508 	 0.5539 	 -3.5217 	 0.0108 	 -0.0064 	 0.0339
0.9018 	 -0.9004 	 0.5140 	 -3.2461 	 -0.9507 	 0.5538 	 -3.5213 	 0.0105 	 -0.0063 	 0.0331
0.9118 	 -0.9099 	 0.5196 	 -3.2814 	 -0.9506 	 0.5538 	 -3.5210 	 0.0102 	 -0.0061 	 0.0324
0.9218 	 -0.9194 	 0.5251 	 -3.3167 	 -0.9505 	 0.5537 	 -3.5207 	 0.0100 	 -0.0059 	 0.0316
0.9319 	 -0.9289 	 0.5307 	 -3.3519 	 -0.9504 	 0.5537 	 -3.5204 	 0.0097 	 -0.0058 	 0.0309
0.9419 	 -0.9385 	 0.5362 	 -3.3872 	 -0.9503 	 0.5536 	 -3.5201 	 0.0094 	 -0.0056 	 0.0302
0.9519 	 -0.9480 	 0.5418 	 -3.4225 	 -0.9502 	 0.5535 	 -3.5198 	 0.0092 	 -0.0055 	 0.0296
0.9619 	 -0.9575 	 0.5473 	 -3.4577 	 -0.9501 	 0.5535 	 -3.5195 	 0.0090 	 -0.0053 	 0.0289
0.9719 	 -0.9670 	 0.5529 	 -3.4930 	 -0.9500 	 0.5534 	 -3.5192 	 0.0087 	 -0.0052 	 0.0283
0.9820 	 -0.9765 	 0.5584 	 -3.5283 	 -0.9499 	 0.5534 	 -3.5189 	 0.0085 	 -0.0051 	 0.0277
0.9920 	 -0.9861 	 0.5640 	 -3.5635 	 -0.9498 	 0.5533 	 -3.5186 	 0.0083 	 -0.0050 	 0.0271
1.0020 	 -0.9956 	 0.5695 	 -3.5988 	 -0.9497 	 0.5533 	 -3.5184 	 0.0081 	 -0.0048 	 0.0266
1.0120 	 -1.0051 	 0.5750 	 -3.6340 	 -0.9497 	 0.5532 	 -3.5181 	 0.0079 	 -0.0047 	 0.0260
1.0220 	 -1.0146 	 0.5806 	 -3.6693 	 -0.9496 	 0.5532 	 -3.5178 	 0.0077 	 -0.0046 	 0.0255
1.0321 	 -1.0241 	 0.5861 	 -3.7045 	 -0.9495 	 0.5532 	 -3.5176 	 0.0075 	 -0.0045 	 0.0250
1.0421 	 -1.0336 	 0.5917 	 -3.7398 	 -0.9494 	 0.5531 	 -3.5173 	 0.0074 	 -0.0044 	 0.0245
1.0521 	 -1.0431 	 0.5972 	 -3.7750 	 -0.9494 	 0.5531 	 -3.5171 	 0.0072 	 -0.0043 	 0.0240
1.0621 	 -1.0527 	 0.6028 	 -3.8103 	 -0.9493 	 0.5530 	 -3.5169 	 0.0070 	 -0.0042 	 0.0235
1.0721 	 -1.0622 	 0.6083 	 -3.8455 	 -0.9492 	 0.5530 	 -3.5166 	 0.0069 	 -0.0041 	 0.0231
1.0822 	 -1.0717 	 0.6138 	 -3.8807 	 -0.9492 	 0.5529 	 -3.5164 	 0.0067 	 -0.0041 	 0.0227
1.0922 	 -1.0812 	 0.6194 	 -3.9160 	 -0.9491 	 0.5529 	 -3.5162 	 0.0066 	 -0.0040 	 0.0223
1.1022 	 -1.0907 	 0.6249 	 -3.9512 	 -0.9490 	 0.5529 	 -3.5159 	 0.0064 	 -0.0039 	 0.0219
1.1122 	 -1.1002 	 0.6305 	 -3.9864 	 -0.9490 	 0.5528 	 -3.5157 	 0.0063 	 -0.0038 	 0.0215
1.1222 	 -1.1097 	 0.6360 	 -4.0217 	 -0.9489 	 0.5528 	 -3.5155 	 0.0061 	 -0.0038 	 0.0211
1.1323 	 -1.1192 	 0.6415 	 -4.0569 	 -0.9488 	 0.5527 	 -3.5153 	 0.0060 	 -0.0037 	 0.0208
1.1423 	 -1.1287 	 0.6471 	 -4.0921 	 -0.9488 	 0.5527 	 -3.5151 	 0.0058 	 -0.0036 	 0.0204
1.1523 	 -1.1382 	 0.6526 	 -4.1273 	 -0.9487 	 0.5527 	 -3.5149 	 0.0057 	 -0.0036 	 0.0201
1.1623 	 -1.1477 	 0.6582 	 -4.1625 	 -0.9487 	 0.5526 	 -3.5147 	 0.0055 	 -0.0035 	 0.0198
1.1723 	 -1.1573 	 0.6637 	 -4.1978 	 -0.9486 	 0.5526 	 -3.5145 	 0.0054 	 -0.0035 	 0.0194
1.1824 	 -1.1668 	 0.6692 	 -4.2330 	 -0.9486 	 0.5526 	 -3.5143 	 0.0052 	 -0.0034 	 0.0191
1.1924 	 -1.1763 	 0.6748 	 -4.2682 	 -0.9485 	 0.5525 	 -3.5141 	 0.0051 	 -0.0034 	 0.0188
1.2024 	 -1.1858 	 0.6803 	 -4.3034 	 -0.9485 	 0.5525 	 -3.5139 	 0.0049 	 -0.0033 	 0.0185
1.2124 	 -1.1953 	 0.6858 	 -4.3386 	 -0.9484 	 0.5525 	 -3.5137 	 0.0047 	 -0.0033 	 0.0182
1.2224 	 -1.2048 	 0.6914 	 -4.3738 	 -0.9484 	 0.5524 	 -3.5136 	 0.0046 	 -0.0033 	 0.0179
1.2325 	 -1.2143 	 0.6969 	 -4.4090 	 -0.9483 	 0.5524 	 -3.5134 	 0.0044 	 -0.0032 	 0.0176
1.2425 	 -1.2238 	 0.7024 	 -4.4442 	 -0.9483 	 0.5524 	 -3.5132 	 0.0043 	 -0.0032 	 0.0172
1.2525 	 -1.2333 	 0.7080 	 -4.4794 	 -0.9482 	 0.5523 	 -3.5130 	 0.0042 	 -0.0031 	 0.0169
1.2625 	 -1.2428 	 0.7135 	 -4.5146 	 -0.9482 	 0.5523 	 -3.5129 	 0.0040 	 -0.0031 	 0.0166
1.2725 	 -1.2523 	 0.7190 	 -4.5498 	 -0.9481 	 0.5523 	 -3.5127 	 0.0040 	 -0.0030 	 0.0162
1.2826 	 -1.2618 	 0.7246 	 -4.5850 	 -0.9481 	 0.5522 	 -3.5125 	 0.0039 	 -0.0030 	 0.0159
1.2926 	 -1.2713 	 0.7301 	 -4.6202 	 -0.9481 	 0.5522 	 -3.5124 	 0.0038 	 -0.0029 	 0.0156
1.3026 	 -1.2808 	 0.7356 	 -4.6554 	 -0.9480 	 0.5522 	 -3.5122 	 0.0038 	 -0.0028 	 0.0153
1.3126 	 -1.2903 	 0.7412 	 -4.6906 	 -0.9480 	 0.5522 	 -3.5121 	 0.0037 	 -0.0028 	 0.0150
1.3226 	 -1.2998 	 0.7467 	 -4.7258 	 -0.9480 	 0.5521 	 -3.5119 	 0.0037 	 -0.0027 	 0.0147
1.3327 	 -1.3093 	 0.7522 	 -4.7610 	 -0.9479 	 0.5521 	 -3.5118 	 0.0036 	 -0.0026 	 0.0145
1.3427 	 -1.3188 	 0.7578 	 -4.7962 	 -0.9479 	 0.5521 	 -3.5116 	 0.0036 	 -0.0026 	 0.0142
1.3527 	 -1.3283 	 0.7633 	 -4.8313 	 -0.9478 	 0.5521 	 -3.5115 	 0.0036 	 -0.0025 	 0.0140
1.3627 	 -1.3378 	 0.7688 	 -4.8665 	 -0.9478 	 0.5520 	 -3.5114 	 0.0036 	 -0.0025 	 0.0138
1.3727 	 -1.3473 	 0.7744 	 -4.9017 	 -0.9478 	 0.5520 	 -3.5112 	 0.0035 	 -0.0024 	 0.0135
1.3828 	 -1.3568 	 0.7799 	 -4.9369 	 -0.9477 	 0.5520 	 -3.5111 	 0.0035 	 -0.0024 	 0.0133
1.3928 	 -1.3663 	 0.7854 	 -4.9721 	 -0.9477 	 0.5520 	 -3.5110 	 0.0035 	 -0.0023 	 0.0131
1.4028 	 -1.3758 	 0.7910 	 -5.0073 	 -0.9477 	 0.5519 	 -3.5108 	 0.0034 	 -0.0023 	 0.0129
1.4128 	 -1.3852 	 0.7965 	 -5.0424 	 -0.9476 	 0.5519 	 -3.5107 	 0.0034 	 -0.0023 	 0.0127
1.4228 	 -1.3947 	 0.8020 	 -5.0776 	 -0.9476 	 0.5519 	 -3.5106 	 0.0034 	 -0.0022 	 0.0125
1.4329 	 -1.4042 	 0.8076 	 -5.1128 	 -0.9476 	 0.5519 	 -3.5104 	 0.0033 	 -0.0022 	 0.0124
1.4429 	 -1.4137 	 0.8131 	 -5.1480 	 -0.9475 	 0.5518 	 -3.5103 	 0.0033 	 -0.0021 	 0.0122
1.4529 	 -1.4232 	 0.8186 	 -5.1831 	 -0.9475 	 0.5518 	 -3.5102 	 0.0033 	 -0.0021 	 0.0120
1.4629 	 -1.4327 	 0.8241 	 -5.2183 	 -0.9475 	 0.5518 	 -3.5101 	 0.0032 	 -0.0021 	 0.0118
1.4729 	 -1.4422 	 0.8297 	 -5.2535 	 -0.9474 	 0.5518 	 -3.5100 	 0.0032 	 -0.0020 	 0.0117
1.4830 	 -1.4517 	 0.8352 	 -5.2886 	 -0.9474 	 0.5518 	 -3.5098 	 0.0031 	 -0.0020 	 0.0115
1.4930 	 -1.4612 	 0.8407 	 -5.3238 	 -0.9474 	 0.5517 	 -3.5097 	 0.0031 	 -0.0020 	 0.0114
1.5030 	 -1.4707 	 0.8463 	 -5.3590 	 -0.9473 	 0.5517 	 -3.5096 	 0.0031 	 -0.0019 	 0.0112
1.5130 	 -1.4802 	 0.8518 	 -5.3941 	 -0.9473 	 0.5517 	 -3.5095 	 0.0030 	 -0.0019 	 0.0111
1.5230 	 -1.4897 	 0.8573 	 -5.4293 	 -0.9473 	 0.5517 	 -3.5094 	 0.0030 	 -0.0019 	 0.0109
1.5331 	 -1.4992 	 0.8628 	 -5.4645 	 -0.9473 	 0.5517 	 -3.5093 	 0.0030 	 -0.0019 	 0.0108
1.5431 	 -1.5087 	 0.8684 	 -5.4996 	 -0.9472 	 0.5516 	 -3.5092 	 0.0029 	 -0.0018 	 0.0106
1.5531 	 -1.5182 	 0.8739 	 -5.5348 	 -0.9472 	 0.5516 	 -3.5091 	 0.0029 	 -0.0018 	 0.0105
1.5631 	 -1.5276 	 0.8794 	 -5.5700 	 -0.9472 	 0.5516 	 -3.5090 	 0.0028 	 -0.0018 	 0.0103
1.5731 	 -1.5371 	 0.8849 	 -5.6051 	 -0.9471 	 0.5516 	 -3.5089 	 0.0028 	 -0.0017 	 0.0102
1.5832 	 -1.5466 	 0.8905 	 -5.6403 	 -0.9471 	 0.5516 	 -3.5088 	 0.0028 	 -0.0017 	 0.0101
1.5932 	 -1.5561 	 0.8960 	 -5.6754 	 -0.9471 	 0.5516 	 -3.5087 	 0.0027 	 -0.0017 	 0.0100
1.6032 	 -1.5656 	 0.9015 	 -5.7106 	 -0.9471 	 0.5515 	 -3.5086 	 0.0027 	 -0.0017 	 0.0098
1.6132 	 -1.5751 	 0.9071 	 -5.7457 	 -0.9470 	 0.5515 	 -3.5085 	 0.0027 	 -0.0017 	 0.0097
1.6232 	 -1.5846 	 0.9126 	 -5.7809 	 -0.9470 	 0.5515 	 -3.5084 	 0.0026 	 -0.0016 	 0.0096
1.6333 	 -1.5941 	 0.9181 	 -5.8161 	 -0.9470 	 0.5515 	 -3.5083 	 0.0026 	 -0.0016 	 0.0095
1.6433 	 -1.6036 	 0.9236 	 -5.8512 	 -0.9470 	 0.5515 	 -3.5082 	 0.0026 	 -0.0016 	 0.0093
1.6533 	 -1.6130 	 0.9292 	 -5.8864 	 -0.9469 	 0.5515 	 -3.5081 	 0.0025 	 -0.0016 	 0.0092
1.6633 	 -1.6225 	 0.9347 	 -5.9215 	 -0.9469 	 0.5514 	 -3.5080 	 0.0025 	 -0.0015 	 0.0091
1.6733 	 -1.6320 	 0.9402 	 -5.9567 	 -0.9469 	 0.5514 	 -3.5079 	 0.0025 	 -0.0015 	 0.0090
1.6834 	 -1.6415 	 0.9457 	 -5.9918 	 -0.9468 	 0.5514 	 -3.5078 	 0.0024 	 -0.0015 	 0.0089
1.6934 	 -1.6510 	 0.9513 	 -6.0270 	 -0.9468 	 0.5514 	 -3.5077 	 0.0024 	 -0.0015 	 0.0088
1.7034 	 -1.6605 	 0.9568 	 -6.0621 	 -0.9468 	 0.5514 	 -3.5076 	 0.0024 	 -0.0015 	 0.0087
1.7134 	 -1.6700 	 0.9623 	 -6.0972 	 -0.9468 	 0.5514 	 -3.5076 	 0.0024 	 -0.0014 	 0.0086
1.7234 	 -1.6795 	 0.9678 	 -6.1324 	 -0.9468 	 0.5514 	 -3.5075 	 0.0023 	 -0.0014 	 0.0085
1.7335 	 -1.6889 	 0.9734 	 -6.1675 	 -0.9467 	 0.5513 	 -3.5074 	 0.0023 	 -0.0014 	 0.0084
1.7435 	 -1.6984 	 0.9789 	 -6.2027 	 -0.9467 	 0.5513 	 -3.5073 	 0.0023 	 -0.0014 	 0.0083
1.7535 	 -1.7079 	 0.9844 	 -6.2378 	 -0.9467 	 0.5513 	 -3.5072 	 0.0022 	 -0.0014 	 0.0082
1.7635 	 -1.7174 	 0.9899 	 -6.2730 	 -0.9467 	 0.5513 	 -3.5071 	 0.0022 	 -0.0014 	 0.0081
1.7735 	 -1.7269 	 0.9955 	 -6.3081 	 -0.9466 	 0.5513 	 -3.5071 	 0.0022 	 -0.0013 	 0.0080
1.7836 	 -1.7364 	 1.0010 	 -6.3433 	 -0.9466 	 0.5513 	 -3.5070 	 0.0022 	 -0.0013 	 0.0079
1.7936 	 -1.7459 	 1.0065 	 -6.3784 	 -0.9466 	 0.5513 	 -3.5069 	 0.0021 	 -0.0013 	 0.0078
1.8036 	 -1.7553 	 1.0120 	 -6.4135 	 -0.9466 	 0.5512 	 -3.5068 	 0.0021 	 -0.0013 	 0.0077
1.8136 	 -1.7648 	 1.0175 	 -6.4487 	 -0.9466 	 0.5512 	 -3.5067 	 0.0021 	 -0.0013 	 0.0076
1.8236 	 -1.7743 	 1.0231 	 -6.4838 	 -0.9465 	 0.5512 	 -3.5067 	 0.0021 	 -0.0013 	 0.0076
1.8337 	 -1.7838 	 1.0286 	 -6.5189 	 -0.9465 	 0.5512 	 -3.5066 	 0.0020 	 -0.0013 	 0.0075
1.8437 	 -1.7933 	 1.0341 	 -6.5541 	 -0.9465 	 0.5512 	 -3.5065 	 0.0020 	 -0.0012 	 0.0074
1.8537 	 -1.8028 	 1.0396 	 -6.5892 	 -0.9465 	 0.5512 	 -3.5064 	 0.0020 	 -0.0012 	 0.0073
1.8637 	 -1.8122 	 1.0452 	 -6.6243 	 -0.9465 	 0.5512 	 -3.5064 	 0.0020 	 -0.0012 	 0.0072
1.8737 	 -1.8217 	 1.0507 	 -6.6595 	 -0.9464 	 0.5512 	 -3.5063 	 0.0020 	 -0.0012 	 0.0072
1.8838 	 -1.8312 	 1.0562 	 -6.6946 	 -0.9464 	 0.5511 	 -3.5062 	 0.0019 	 -0.0012 	 0.0071
1.8938 	 -1.8407 	 1.0617 	 -6.7297 	 -0.9464 	 0.5511 	 -3.5062 	 0.0019 	 -0.0012 	 0.0070
1.9038 	 -1.8502 	 1.0673 	 -6.7649 	 -0.9464 	 0.5511 	 -3.5061 	 0.0019 	 -0.0012 	 0.0069
1.9138 	 -1.8597 	 1.0728 	 -6.8000 	 -0.9464 	 0.5511 	 -3.5060 	 0.0019 	 -0.0011 	 0.0069
1.9238 	 -1.8691 	 1.0783 	 -6.8351 	 -0.9463 	 0.5511 	 -3.5060 	 0.0019 	 -0.0011 	 0.0068
1.9339 	 -1.8786 	 1.0838 	 -6.8703 	 -0.9463 	 0.5511 	 -3.5059 	 0.0018 	 -0.0011 	 0.0067
1.9439 	 -1.8881 	 1.0893 	 -6.9054 	 -0.9463 	 0.5511 	 -3.5058 	 0.0018 	 -0.0011 	 0.0066
1.9539 	 -1.8976 	 1.0949 	 -6.9405 	 -0.9463 	 0.5511 	 -3.5058 	 0.0018 	 -0.0011 	 0.0066
1.9639 	 -1.9071 	 1.1004 	 -6.9757 	 -0.9463 	 0.5511 	 -3.5057 	 0.0018 	 -0.0011 	 0.0065
1.9739 	 -1.9166 	 1.1059 	 -7.0108 	 -0.9462 	 0.5510 	 -3.5056 	 0.0018 	 -0.0011 	 0.0064
1.9840 	 -1.9260 	 1.1114 	 -7.0459 	 -0.9462 	 0.5510 	 -3.5056 	 0.0017 	 -0.0010 	 0.0062
1.9940 	 -1.9355 	 1.1169 	 -7.0810 	 -0.9462 	 0.5510 	 -3.5055 	 0.0017 	 -0.0010 	 0.0061
2.0040 	 -1.9450 	 1.1225 	 -7.1162 	 -0.9462 	 0.5510 	 -3.5054 	 0.0016 	 -0.0010 	 0.0060
2.0140 	 -1.9545 	 1.1280 	 -7.1513 	 -0.9462 	 0.5510 	 -3.5054 	 0.0016 	 -0.0010 	 0.0060
2.0240 	 -1.9640 	 1.1335 	 -7.1864 	 -0.9462 	 0.5510 	 -3.5053 	 0.0016 	 -0.0010 	 0.0059
2.0341 	 -1.9734 	 1.1390 	 -7.2215 	 -0.9461 	 0.5510 	 -3.5053 	 0.0016 	 -0.0010 	 0.0059
2.0441 	 -1.9829 	 1.1446 	 -7.2566 	 -0.9461 	 0.5510 	 -3.5052 	 0.0016 	 -0.0010 	 0.0058
2.0541 	 -1.9924 	 1.1501 	 -7.2918 	 -0.9461 	 0.5510 	 -3.5051 	 0.0016 	 -0.0010 	 0.0058
2.0641 	 -2.0019 	 1.1556 	 -7.3269 	 -0.9461 	 0.5510 	 -3.5051 	 0.0015 	 -0.0009 	 0.0057
2.0741 	 -2.0114 	 1.1611 	 -7.3620 	 -0.9461 	 0.5509 	 -3.5050 	 0.0015 	 -0.0009 	 0.0056
2.0842 	 -2.0208 	 1.1666 	 -7.3971 	 -0.9461 	 0.5509 	 -3.5050 	 0.0015 	 -0.0009 	 0.0056
2.0942 	 -2.0303 	 1.1722 	 -7.4323 	 -0.9461 	 0.5509 	 -3.5049 	 0.0015 	 -0.0009 	 0.0055
2.1042 	 -2.0398 	 1.1777 	 -7.4674 	 -0.9460 	 0.5509 	 -3.5049 	 0.0015 	 -0.0009 	 0.0055
2.1142 	 -2.0493 	 1.1832 	 -7.5025 	 -0.9460 	 0.5509 	 -3.5048 	 0.0015 	 -0.0009 	 0.0054
2.1242 	 -2.0588 	 1.1887 	 -7.5376 	 -0.9460 	 0.5509 	 -3.5047 	 0.0015 	 -0.0009 	 0.0054
2.1343 	 -2.0682 	 1.1942 	 -7.5727 	 -0.9460 	 0.5509 	 -3.5047 	 0.0014 	 -0.0009 	 0.0053
2.1443 	 -2.0777 	 1.1998 	 -7.6078 	 -0.9460 	 0.5509 	 -3.5046 	 0.0014 	 -0.0009 	 0.0053
2.1543 	 -2.0872 	 1.2053 	 -7.6430 	 -0.9460 	 0.5509 	 -3.5046 	 0.0014 	 -0.0009 	 0.0052
2.1643 	 -2.0967 	 1.2108 	 -7.6781 	 -0.9460 	 0.5509 	 -3.5045 	 0.0014 	 -0.0009 	 0.0052
2.1743 	 -2.1062 	 1.2163 	 -7.7132 	 -0.9459 	 0.5509 	 -3.5045 	 0.0014 	 -0.0009 	 0.0051
2.1844 	 -2.1156 	 1.2218 	 -7.7483 	 -0.9459 	 0.5508 	 -3.5044 	 0.0014 	 -0.0008 	 0.0051
2.1944 	 -2.1251 	 1.2274 	 -7.7834 	 -0.9459 	 0.5508 	 -3.5044 	 0.0014 	 -0.0008 	 0.0050
2.2044 	 -2.1346 	 1.2329 	 -7.8185 	 -0.9459 	 0.5508 	 -3.5043 	 0.0013 	 -0.0008 	 0.0050
2.2144 	 -2.1441 	 1.2384 	 -7.8536 	 -0.9459 	 0.5508 	 -3.5043 	 0.0013 	 -0.0008 	 0.0050
2.2244 	 -2.1535 	 1.2439 	 -7.8888 	 -0.9459 	 0.5508 	 -3.5042 	 0.0013 	 -0.0008 	 0.0049
2.2345 	 -2.1630 	 1.2494 	 -7.9239 	 -0.9459 	 0.5508 	 -3.5042 	 0.0013 	 -0.0008 	 0.0049
2.2445 	 -2.1725 	 1.2550 	 -7.9590 	 -0.9458 	 0.5508 	 -3.5041 	 0.0013 	 -0.0008 	 0.0048
2.2545 	 -2.1820 	 1.2605 	 -7.9941 	 -0.9458 	 0.5508 	 -3.5041 	 0.0013 	 -0.0008 	 0.0048
2.2645 	 -2.1915 	 1.2660 	 -8.0292 	 -0.9458 	 0.5508 	 -3.5040 	 0.0013 	 -0.0008 	 0.0047
2.2745 	 -2.2009 	 1.2715 	 -8.0643 	 -0.9458 	 0.5508 	 -3.5040 	 0.0013 	 -0.0008 	 0.0047
2.2846 	 -2.2104 	 1.2770 	 -8.0994 	 -0.9458 	 0.5508 	 -3.5039 	 0.0012 	 -0.0008 	 0.0047
2.2946 	 -2.2199 	 1.2825 	 -8.1345 	 -0.9458 	 0.5508 	 -3.5039 	 0.0012 	 -0.0008 	 0.0046
2.3046 	 -2.2294 	 1.2881 	 -8.1696 	 -0.9458 	 0.5507 	 -3.5039 	 0.0012 	 -0.0008 	 0.0046
2.3146 	 -2.2388 	 1.2936 	 -8.2048 	 -0.9458 	 0.5507 	 -3.5038 	 0.0012 	 -0.0008 	 0.0045
2.3246 	 -2.2483 	 1.2991 	 -8.2399 	 -0.9457 	 0.5507 	 -3.5038 	 0.0012 	 -0.0007 	 0.0045
2.3347 	 -2.2578 	 1.3046 	 -8.2750 	 -0.9457 	 0.5507 	 -3.5037 	 0.0012 	 -0.0007 	 0.0045
2.3447 	 -2.2673 	 1.3101 	 -8.3101 	 -0.9457 	 0.5507 	 -3.5037 	 0.0012 	 -0.0007 	 0.0044
2.3547 	 -2.2767 	 1.3157 	 -8.3452 	 -0.9457 	 0.5507 	 -3.5036 	 0.0012 	 -0.0007 	 0.0044
2.3647 	 -2.2862 	 1.3212 	 -8.3803 	 -0.9457 	 0.5507 	 -3.5036 	 0.0012 	 -0.0007 	 0.0043
2.3747 	 -2.2957 	 1.3267 	 -8.4154 	 -0.9457 	 0.5507 	 -3.5035 	 0.0011 	 -0.0007 	 0.0043
2.3848 	 -2.3052 	 1.3322 	 -8.4505 	 -0.9457 	 0.5507 	 -3.5035 	 0.0011 	 -0.0007 	 0.0043
2.3948 	 -2.3146 	 1.3377 	 -8.4856 	 -0.9457 	 0.5507 	 -3.5035 	 0.0011 	 -0.0007 	 0.0042
2.4048 	 -2.3241 	 1.3432 	 -8.5207 	 -0.9457 	 0.5507 	 -3.5034 	 0.0011 	 -0.0007 	 0.0042
2.4148 	 -2.3336 	 1.3488 	 -8.5558 	 -0.9456 	 0.5507 	 -3.5034 	 0.0011 	 -0.0007 	 0.0042
2.4248 	 -2.3431 	 1.3543 	 -8.5909 	 -0.9456 	 0.5507 	 -3.5033 	 0.0011 	 -0.0007 	 0.0041
2.4349 	 -2.3525 	 1.3598 	 -8.6260 	 -0.9456 	 0.5507 	 -3.5033 	 0.0011 	 -0.0007 	 0.0041
2.4449 	 -2.3620 	 1.3653 	 -8.6611 	 -0.9456 	 0.5506 	 -3.5032 	 0.0011 	 -0.0007 	 0.0041
2.4549 	 -2.3715 	 1.3708 	 -8.6962 	 -0.9456 	 0.5506 	 -3.5032 	 0.0011 	 -0.0007 	 0.0040
2.4649 	 -2.3810 	 1.3764 	 -8.7313 	 -0.9456 	 0.5506 	 -3.5032 	 0.0011 	 -0.0007 	 0.0040
2.4749 	 -2.3904 	 1.3819 	 -8.7664 	 -0.9456 	 0.5506 	 -3.5031 	 0.0010 	 -0.0007 	 0.0040
2.4850 	 -2.3999 	 1.3874 	 -8.8015 	 -0.9456 	 0.5506 	 -3.5031 	 0.0010 	 -0.0007 	 0.0039
2.4950 	 -2.4094 	 1.3929 	 -8.8366 	 -0.9456 	 0.5506 	 -3.5030 	 0.0010 	 -0.0007 	 0.0039
2.5050 	 -2.4189 	 1.3984 	 -8.8717 	 -0.9455 	 0.5506 	 -3.5030 	 0.0010 	 -0.0006 	 0.0039
2.5150 	 -2.4283 	 1.4039 	 -8.9068 	 -0.9455 	 0.5506 	 -3.5030 	 0.0010 	 -0.0006 	 0.0038
2.5251 	 -2.4378 	 1.4095 	 -8.9419 	 -0.9455 	 0.5506 	 -3.5029 	 0.0010 	 -0.0006 	 0.0038
2.5351 	 -2.4473 	 1.4150 	 -8.9770 	 -0.9455 	 0.5506 	 -3.5029 	 0.0010 	 -0.0006 	 0.0038
2.5451 	 -2.4568 	 1.4205 	 -9.0121 	 -0.9455 	 0.5506 	 -3.5029 	 0.0010 	 -0.0006 	 0.0038
2.5551 	 -2.4662 	 1.4260 	 -9.0472 	 -0.9455 	 0.5506 	 -3.5028 	 0.0010 	 -0.0006 	 0.0037
2.5651 	 -2.4757 	 1.4315 	 -9.0823 	 -0.9455 	 0.5506 	 -3.5028 	 0.0010 	 -0.0006 	 0.0037
2.5752 	 -2.4852 	 1.4370 	 -9.1174 	 -0.9455 	 0.5506 	 -3.5027 	 0.0010 	 -0.0006 	 0.0037
2.5852 	 -2.4947 	 1.4426 	 -9.1525 	 -0.9455 	 0.5506 	 -3.5027 	 0.0010 	 -0.0006 	 0.0036
2.5952 	 -2.5041 	 1.4481 	 -9.1876 	 -0.9455 	 0.5506 	 -3.5027 	 0.0009 	 -0.0006 	 0.0036
2.6052 	 -2.5136 	 1.4536 	 -9.2227 	 -0.9454 	 0.5505 	 -3.5026 	 0.0009 	 -0.0006 	 0.0036
2.6152 	 -2.5231 	 1.4591 	 -9.2578 	 -0.9454 	 0.5505 	 -3.5026 	 0.0009 	 -0.0006 	 0.0036
2.6253 	 -2.5326 	 1.4646 	 -9.2929 	 -0.9454 	 0.5505 	 -3.5026 	 0.0009 	 -0.0006 	 0.0035
2.6353 	 -2.5420 	 1.4701 	 -9.3280 	 -0.9454 	 0.5505 	 -3.5025 	 0.0009 	 -0.0006 	 0.0035
2.6453 	 -2.5515 	 1.4757 	 -9.3631 	 -0.9454 	 0.5505 	 -3.5025 	 0.0009 	 -0.0006 	 0.0035
2.6553 	 -2.5610 	 1.4812 	 -9.3982 	 -0.9454 	 0.5505 	 -3.5025 	 0.0009 	 -0.0006 	 0.0034
2.6653 	 -2.5704 	 1.4867 	 -9.4333 	 -0.9454 	 0.5505 	 -3.5024 	 0.0009 	 -0.0006 	 0.0034
2.6754 	 -2.5799 	 1.4922 	 -9.4684 	 -0.9454 	 0.5505 	 -3.5024 	 0.0009 	 -0.0006 	 0.0034
2.6854 	 -2.5894 	 1.4977 	 -9.5035 	 -0.9454 	 0.5505 	 -3.5024 	 0.0009 	 -0.0006 	 0.0034
2.6954 	 -2.5989 	 1.5032 	 -9.5386 	 -0.9454 	 0.5505 	 -3.5023 	 0.0009 	 -0.0006 	 0.0033
2.7054 	 -2.6083 	 1.5087 	 -9.5737 	 -0.9454 	 0.5505 	 -3.5023 	 0.0009 	 -0.0006 	 0.0033
2.7154 	 -2.6178 	 1.5143 	 -9.6088 	 -0.9453 	 0.5505 	 -3.5023 	 0.0009 	 -0.0006 	 0.0033
2.7255 	 -2.6273 	 1.5198 	 -9.6438 	 -0.9453 	 0.5505 	 -3.5022 	 0.0009 	 -0.0005 	 0.0033
2.7355 	 -2.6368 	 1.5253 	 -9.6789 	 -0.9453 	 0.5505 	 -3.5022 	 0.0008 	 -0.0005 	 0.0033
2.7455 	 -2.6462 	 1.5308 	 -9.7140 	 -0.9453 	 0.5505 	 -3.5022 	 0.0008 	 -0.0005 	 0.0032
2.7555 	 -2.6557 	 1.5363 	 -9.7491 	 -0.9453 	 0.5505 	 -3.5021 	 0.0008 	 -0.0005 	 0.0032
2.7655 	 -2.6652 	 1.5418 	 -9.7842 	 -0.9453 	 0.5505 	 -3.5021 	 0.0008 	 -0.0005 	 0.0032
2.7756 	 -2.6746 	 1.5474 	 -9.8193 	 -0.9453 	 0.5505 	 -3.5021 	 0.0008 	 -0.0005 	 0.0032
2.7856 	 -2.6841 	 1.5529 	 -9.8544 	 -0.9453 	 0.5504 	 -3.5020 	 0.0008 	 -0.0005 	 0.0031
2.7956 	 -2.6936 	 1.5584 	 -9.8895 	 -0.9453 	 0.5504 	 -3.5020 	 0.0008 	 -0.0005 	 0.0031
2.8056 	 -2.7031 	 1.5639 	 -9.9246 	 -0.9453 	 0.5504 	 -3.5020 	 0.0008 	 -0.0005 	 0.0031
2.8156 	 -2.7125 	 1.5694 	 -9.9597 	 -0.9453 	 0.5504 	 -3.5019 	 0.0008 	 -0.0005 	 0.0031
2.8257 	 -2.7220 	 1.5749 	 -9.9948 	 -0.9453 	 0.5504 	 -3.5019 	 0.0008 	 -0.0005 	 0.0030
2.8357 	 -2.7315 	 1.5805 	 -10.0298 	 -0.9453 	 0.5504 	 -3.5019 	 0.0008 	 -0.0005 	 0.0030
2.8457 	 -2.7409 	 1.5860 	 -10.0649 	 -0.9452 	 0.5504 	 -3.5018 	 0.0008 	 -0.0005 	 0.0030
2.8557 	 -2.7504 	 1.5915 	 -10.1000 	 -0.9452 	 0.5504 	 -3.5018 	 0.0008 	 -0.0005 	 0.0030
2.8657 	 -2.7599 	 1.5970 	 -10.1351 	 -0.9452 	 0.5504 	 -3.5018 	 0.0008 	 -0.0005 	 0.0030
2.8758 	 -2.7694 	 1.6025 	 -10.1702 	 -0.9452 	 0.5504 	 -3.5018 	 0.0008 	 -0.0005 	 0.0029
2.8858 	 -2.7788 	 1.6080 	 -10.2053 	 -0.9452 	 0.5504 	 -3.5017 	 0.0008 	 -0.0005 	 0.0029
2.8958 	 -2.7883 	 1.6135 	 -10.2404 	 -0.9452 	 0.5504 	 -3.5017 	 0.0008 	 -0.0005 	 0.0029
2.9058 	 -2.7978 	 1.6191 	 -10.2755 	 -0.9452 	 0.5504 	 -3.5017 	 0.0007 	 -0.0005 	 0.0029
2.9158 	 -2.8072 	 1.6246 	 -10.3105 	 -0.9452 	 0.5504 	 -3.5016 	 0.0007 	 -0.0005 	 0.0029
2.9259 	 -2.8167 	 1.6301 	 -10.3456 	 -0.9452 	 0.5504 	 -3.5016 	 0.0007 	 -0.0005 	 0.0028
2.9359 	 -2.8262 	 1.6356 	 -10.3807 	 -0.9452 	 0.5504 	 -3.5016 	 0.0007 	 -0.0005 	 0.0028
2.9459 	 -2.8357 	 1.6411 	 -10.4158 	 -0.9452 	 0.5504 	 -3.5016 	 0.0007 	 -0.0005 	 0.0028
2.9559 	 -2.8451 	 1.6466 	 -10.4509 	 -0.9452 	 0.5504 	 -3.5015 	 0.0007 	 -0.0005 	 0.0028
2.9659 	 -2.8546 	 1.6521 	 -10.4860 	 -0.9452 	 0.5504 	 -3.5015 	 0.0007 	 -0.0005 	 0.0028
2.9760 	 -2.8641 	 1.6577 	 -10.5211 	 -0.9451 	 0.5504 	 -3.5015 	 0.0007 	 -0.0005 	 0.0027
2.9860 	 -2.8735 	 1.6632 	 -10.5561 	 -0.9451 	 0.5503 	 -3.5014 	 0.0007 	 -0.0005 	 0.0027
2.9960 	 -2.8830 	 1.6687 	 -10.5912 	 -0.9451 	 0.5503 	 -3.5014 	 0.0007 	 -0.0005 	 0.0027
3.0060 	 -2.8925 	 1.6742 	 -10.6263 	 -0.9451 	 0.5503 	 -3.5014 	 0.0007 	 -0.0005 	 0.0027
3.0160 	 -2.9019 	 1.6797 	 -10.6614 	 -0.9451 	 0.5503 	 -3.5014 	 0.0007 	 -0.0005 	 0.0027
3.0261 	 -2.9114 	 1.6852 	 -10.6965 	 -0.9451 	 0.5503 	 -3.5013 	 0.0007 	 -0.0004 	 0.0027
3.0361 	 -2.9209 	 1.6907 	 -10.7316 	 -0.9451 	 0.5503 	 -3.5013 	 0.0007 	 -0.0004 	 0.0026
3.0461 	 -2.9304 	 1.6963 	 -10.7666 	 -0.9451 	 0.5503 	 -3.5013 	 0.0007 	 -0.0004 	 0.0026
3.0561 	 -2.9398 	 1.7018 	 -10.8017 	 -0.9451 	 0.5503 	 -3.5013 	 0.0007 	 -0.0004 	 0.0026
3.0661 	 -2.9493 	 1.7073 	 -10.8368 	 -0.9451 	 0.5503 	 -3.5012 	 0.0007 	 -0.0004 	 0.0026
3.0762 	 -2.9588 	 1.7128 	 -10.8719 	 -0.9451 	 0.5503 	 -3.5012 	 0.0007 	 -0.0004 	 0.0026
3.0862 	 -2.9682 	 1.7183 	 -10.9070 	 -0.9451 	 0.5503 	 -3.5012 	 0.0007 	 -0.0004 	 0.0026
3.0962 	 -2.9777 	 1.7238 	 -10.9421 	 -0.9451 	 0.5503 	 -3.5012 	 0.0007 	 -0.0004 	 0.0025
3.1062 	 -2.9872 	 1.7293 	 -10.9771 	 -0.9451 	 0.5503 	 -3.5011 	 0.0006 	 -0.0004 	 0.0025
3.1162 	 -2.9966 	 1.7349 	 -11.0122 	 -0.9451 	 0.5503 	 -3.5011 	 0.0006 	 -0.0004 	 0.0025
3.1263 	 -3.0061 	 1.7404 	 -11.0473 	 -0.9450 	 0.5503 	 -3.5011 	 0.0006 	 -0.0004 	 0.0025
3.1363 	 -3.0156 	 1.7459 	 -11.0824 	 -0.9450 	 0.5503 	 -3.5011 	 0.0006 	 -0.0004 	 0.0025
3.1463 	 -3.0251 	 1.7514 	 -11.1175 	 -0.9450 	 0.5503 	 -3.5010 	 0.0006 	 -0.0004 	 0.0025
3.1563 	 -3.0345 	 1.7569 	 -11.1525 	 -0.9450 	 0.5503 	 -3.5010 	 0.0006 	 -0.0004 	 0.0024
3.1663 	 -3.0440 	 1.7624 	 -11.1876 	 -0.9450 	 0.5503 	 -3.5010 	 0.0006 	 -0.0004 	 0.0024
3.1764 	 -3.0535 	 1.7679 	 -11.2227 	 -0.9450 	 0.5503 	 -3.5010 	 0.0006 	 -0.0004 	 0.0024
3.1864 	 -3.0629 	 1.7735 	 -11.2578 	 -0.9450 	 0.5503 	 -3.5009 	 0.0006 	 -0.0004 	 0.0024
3.1964 	 -3.0724 	 1.7790 	 -11.2929 	 -0.9450 	 0.5503 	 -3.5009 	 0.0006 	 -0.0004 	 0.0024
3.2064 	 -3.0819 	 1.7845 	 -11.3279 	 -0.9450 	 0.5503 	 -3.5009 	 0.0006 	 -0.0004 	 0.0024
3.2164 	 -3.0913 	 1.7900 	 -11.3630 	 -0.9450 	 0.5502 	 -3.5009 	 0.0006 	 -0.0004 	 0.0024
3.2265 	 -3.1008 	 1.7955 	 -11.3981 	 -0.9450 	 0.5502 	 -3.5008 	 0.0006 	 -0.0004 	 0.0023
3.2365 	 -3.1103 	 1.8010 	 -11.4332 	 -0.9450 	 0.5502 	 -3.5008 	 0.0006 	 -0.0004 	 0.0023
3.2465 	 -3.1197 	 1.8065 	 -11.4683 	 -0.9450 	 0.5502 	 -3.5008 	 0.0006 	 -0.0004 	 0.0023
3.2565 	 -3.1292 	 1.8120 	 -11.5033 	 -0.9450 	 0.5502 	 -3.5008 	 0.0006 	 -0.0004 	 0.0023
3.2665 	 -3.1387 	 1.8176 	 -11.5384 	 -0.9450 	 0.5502 	 -3.5007 	 0.0006 	 -0.0004 	 0.0023
3.2766 	 -3.1481 	 1.8231 	 -11.5735 	 -0.9450 	 0.5502 	 -3.5007 	 0.0006 	 -0.0004 	 0.0022
3.2866 	 -3.1576 	 1.8286 	 -11.6086 	 -0.9449 	 0.5502 	 -3.5007 	 0.0006 	 -0.0004 	 0.0022
3.2966 	 -3.1671 	 1.8341 	 -11.6436 	 -0.9449 	 0.5502 	 -3.5007 	 0.0006 	 -0.0004 	 0.0022
3.3066 	 -3.1766 	 1.8396 	 -11.6787 	 -0.9449 	 0.5502 	 -3.5007 	 0.0006 	 -0.0004 	 0.0022
3.3166 	 -3.1860 	 1.8451 	 -11.7138 	 -0.9449 	 0.5502 	 -3.5006 	 0.0005 	 -0.0004 	 0.0022
3.3267 	 -3.1955 	 1.8506 	 -11.7489 	 -0.9449 	 0.5502 	 -3.5006 	 0.0005 	 -0.0004 	 0.0021
3.3367 	 -3.2050 	 1.8562 	 -11.7840 	 -0.9449 	 0.5502 	 -3.5006 	 0.0005 	 -0.0004 	 0.0021
3.3467 	 -3.2144 	 1.8617 	 -11.8190 	 -0.9449 	 0.5502 	 -3.5006 	 0.0005 	 -0.0004 	 0.0021
3.3567 	 -3.2239 	 1.8672 	 -11.8541 	 -0.9449 	 0.5502 	 -3.5005 	 0.0005 	 -0.0004 	 0.0021
3.3667 	 -3.2334 	 1.8727 	 -11.8892 	 -0.9449 	 0.5502 	 -3.5005 	 0.0005 	 -0.0004 	 0.0021
3.3768 	 -3.2428 	 1.8782 	 -11.9243 	 -0.9449 	 0.5502 	 -3.5005 	 0.0005 	 -0.0004 	 0.0021
3.3868 	 -3.2523 	 1.8837 	 -11.9593 	 -0.9449 	 0.5502 	 -3.5005 	 0.0005 	 -0.0004 	 0.0021
3.3968 	 -3.2618 	 1.8892 	 -11.9944 	 -0.9449 	 0.5502 	 -3.5005 	 0.0005 	 -0.0003 	 0.0021
3.4068 	 -3.2712 	 1.8947 	 -12.0295 	 -0.9449 	 0.5502 	 -3.5004 	 0.0005 	 -0.0003 	 0.0020
3.4168 	 -3.2807 	 1.9003 	 -12.0646 	 -0.9449 	 0.5502 	 -3.5004 	 0.0005 	 -0.0003 	 0.0020
3.4269 	 -3.2902 	 1.9058 	 -12.0996 	 -0.9449 	 0.5502 	 -3.5004 	 0.0005 	 -0.0003 	 0.0020
3.4369 	 -3.2996 	 1.9113 	 -12.1347 	 -0.9449 	 0.5502 	 -3.5004 	 0.0005 	 -0.0003 	 0.0020
3.4469 	 -3.3091 	 1.9168 	 -12.1698 	 -0.9449 	 0.5502 	 -3.5004 	 0.0005 	 -0.0003 	 0.0020
3.4569 	 -3.3186 	 1.9223 	 -12.2049 	 -0.9449 	 0.5502 	 -3.5003 	 0.0005 	 -0.0003 	 0.0020
3.4669 	 -3.3280 	 1.9278 	 -12.2399 	 -0.9449 	 0.5502 	 -3.5003 	 0.0005 	 -0.0003 	 0.0020
3.4770 	 -3.3375 	 1.9333 	 -12.2750 	 -0.9448 	 0.5502 	 -3.5003 	 0.0005 	 -0.0003 	 0.0020
3.4870 	 -3.3470 	 1.9388 	 -12.3101 	 -0.9448 	 0.5501 	 -3.5003 	 0.0005 	 -0.0003 	 0.0019
3.4970 	 -3.3564 	 1.9444 	 -12.3451 	 -0.9448 	 0.5501 	 -3.5003 	 0.0005 	 -0.0003 	 0.0019
3.5070 	 -3.3659 	 1.9499 	 -12.3802 	 -0.9448 	 0.5501 	 -3.5002 	 0.0005 	 -0.0003 	 0.0019
3.5170 	 -3.3754 	 1.9554 	 -12.4153 	 -0.9448 	 0.5501 	 -3.5002 	 0.0005 	 -0.0003 	 0.0019
3.5271 	 -3.3848 	 1.9609 	 -12.4504 	 -0.9448 	 0.5501 	 -3.5002 	 0.0005 	 -0.0003 	 0.0019
3.5371 	 -3.3943 	 1.9664 	 -12.4854 	 -0.9448 	 0.5501 	 -3.5002 	 0.0005 	 -0.0003 	 0.0019
3.5471 	 -3.4038 	 1.9719 	 -12.5205 	 -0.9448 	 0.5501 	 -3.5002 	 0.0005 	 -0.0003 	 0.0019
3.5571 	 -3.4132 	 1.9774 	 -12.5556 	 -0.9448 	 0.5501 	 -3.5002 	 0.0005 	 -0.0003 	 0.0019
3.5671 	 -3.4227 	 1.9829 	 -12.5906 	 -0.9448 	 0.5501 	 -3.5001 	 0.0005 	 -0.0003 	 0.0019
3.5772 	 -3.4322 	 1.9885 	 -12.6257 	 -0.9448 	 0.5501 	 -3.5001 	 0.0005 	 -0.0003 	 0.0018
3.5872 	 -3.4416 	 1.9940 	 -12.6608 	 -0.9448 	 0.5501 	 -3.5001 	 0.0005 	 -0.0003 	 0.0018
3.5972 	 -3.4511 	 1.9995 	 -12.6959 	 -0.9448 	 0.5501 	 -3.5001 	 0.0005 	 -0.0003 	 0.0018
3.6072 	 -3.4606 	 2.0050 	 -12.7309 	 -0.9448 	 0.5501 	 -3.5001 	 0.0005 	 -0.0003 	 0.0018
3.6172 	 -3.4700 	 2.0105 	 -12.7660 	 -0.9448 	 0.5501 	 -3.5000 	 0.0005 	 -0.0003 	 0.0018
3.6273 	 -3.4795 	 2.0160 	 -12.8011 	 -0.9448 	 0.5501 	 -3.5000 	 0.0005 	 -0.0003 	 0.0018
3.6373 	 -3.4890 	 2.0215 	 -12.8361 	 -0.9448 	 0.5501 	 -3.5000 	 0.0005 	 -0.0003 	 0.0018
3.6473 	 -3.4984 	 2.0270 	 -12.8712 	 -0.9448 	 0.5501 	 -3.5000 	 0.0004 	 -0.0003 	 0.0018
3.6573 	 -3.5079 	 2.0326 	 -12.9063 	 -0.9448 	 0.5501 	 -3.5000 	 0.0004 	 -0.0003 	 0.0018
3.6673 	 -3.5174 	 2.0381 	 -12.9414 	 -0.9448 	 0.5501 	 -3.5000 	 0.0004 	 -0.0003 	 0.0018
3.6774 	 -3.5268 	 2.0436 	 -12.9764 	 -0.9448 	 0.5501 	 -3.4999 	 0.0004 	 -0.0003 	 0.0018
3.6874 	 -3.5363 	 2.0491 	 -13.0115 	 -0.9447 	 0.5501 	 -3.4999 	 0.0004 	 -0.0003 	 0.0017
3.6974 	 -3.5458 	 2.0546 	 -13.0466 	 -0.9447 	 0.5501 	 -3.4999 	 0.0004 	 -0.0003 	 0.0017
3.7074 	 -3.5552 	 2.0601 	 -13.0816 	 -0.9447 	 0.5501 	 -3.4999 	 0.0004 	 -0.0003 	 0.0017
3.7174 	 -3.5647 	 2.0656 	 -13.1167 	 -0.9447 	 0.5501 	 -3.4999 	 0.0004 	 -0.0003 	 0.0017
3.7275 	 -3.5742 	 2.0711 	 -13.1518 	 -0.9447 	 0.5501 	 -3.4998 	 0.0004 	 -0.0003 	 0.0017
3.7375 	 -3.5836 	 2.0766 	 -13.1868 	 -0.9447 	 0.5501 	 -3.4998 	 0.0004 	 -0.0003 	 0.0017
3.7475 	 -3.5931 	 2.0822 	 -13.2219 	 -0.9447 	 0.5501 	 -3.4998 	 0.0004 	 -0.0003 	 0.0017
3.7575 	 -3.6026 	 2.0877 	 -13.2570 	 -0.9447 	 0.5501 	 -3.4998 	 0.0004 	 -0.0003 	 0.0017
3.7675 	 -3.6120 	 2.0932 	 -13.2920 	 -0.9447 	 0.5501 	 -3.4998 	 0.0004 	 -0.0003 	 0.0017
3.7776 	 -3.6215 	 2.0987 	 -13.3271 	 -0.9447 	 0.5501 	 -3.4998 	 0.0004 	 -0.0003 	 0.0017
3.7876 	 -3.6310 	 2.1042 	 -13.3622 	 -0.9447 	 0.5501 	 -3.4997 	 0.0004 	 -0.0003 	 0.0016
3.7976 	 -3.6404 	 2.1097 	 -13.3972 	 -0.9447 	 0.5501 	 -3.4997 	 0.0004 	 -0.0003 	 0.0016
3.8076 	 -3.6499 	 2.1152 	 -13.4323 	 -0.9447 	 0.5501 	 -3.4997 	 0.0004 	 -0.0003 	 0.0016
3.8176 	 -3.6594 	 2.1207 	 -13.4674 	 -0.9447 	 0.5500 	 -3.4997 	 0.0004 	 -0.0003 	 0.0016
3.8277 	 -3.6688 	 2.1263 	 -13.5024 	 -0.9447 	 0.5500 	 -3.4997 	 0.0004 	 -0.0003 	 0.0016
3.8377 	 -3.6783 	 2.1318 	 -13.5375 	 -0.9447 	 0.5500 	 -3.4997 	 0.0004 	 -0.0003 	 0.0016
3.8477 	 -3.6878 	 2.1373 	 -13.5726 	 -0.9447 	 0.5500 	 -3.4997 	 0.0004 	 -0.0003 	 0.0016
3.8577 	 -3.6972 	 2.1428 	 -13.6076 	 -0.9447 	 0.5500 	 -3.4996 	 0.0004 	 -0.0003 	 0.0016
3.8677 	 -3.7067 	 2.1483 	 -13.6427 	 -0.9447 	 0.5500 	 -3.4996 	 0.0004 	 -0.0003 	 0.0016
3.8778 	 -3.7162 	 2.1538 	 -13.6778 	 -0.9447 	 0.5500 	 -3.4996 	 0.0004 	 -0.0003 	 0.0016
3.8878 	 -3.7256 	 2.1593 	 -13.7128 	 -0.9447 	 0.5500 	 -3.4996 	 0.0004 	 -0.0003 	 0.0016
3.8978 	 -3.7351 	 2.1648 	 -13.7479 	 -0.9447 	 0.5500 	 -3.4996 	 0.0004 	 -0.0003 	 0.0016
3.9078 	 -3.7446 	 2.1703 	 -13.7830 	 -0.9447 	 0.5500 	 -3.4996 	 0.0004 	 -0.0003 	 0.0016
3.9178 	 -3.7540 	 2.1759 	 -13.8180 	 -0.9447 	 0.5500 	 -3.4995 	 0.0004 	 -0.0003 	 0.0015
3.9279 	 -3.7635 	 2.1814 	 -13.8531 	 -0.9447 	 0.5500 	 -3.4995 	 0.0004 	 -0.0003 	 0.0015
3.9379 	 -3.7730 	 2.1869 	 -13.8882 	 -0.9446 	 0.5500 	 -3.4995 	 0.0004 	 -0.0003 	 0.0015
3.9479 	 -3.7824 	 2.1924 	 -13.9232 	 -0.9446 	 0.5500 	 -3.4995 	 0.0004 	 -0.0003 	 0.0015
3.9579 	 -3.7919 	 2.1979 	 -13.9583 	 -0.9446 	 0.5500 	 -3.4995 	 0.0004 	 -0.0003 	 0.0015
3.9679 	 -3.8014 	 2.2034 	 -13.9934 	 -0.9446 	 0.5500 	 -3.4995 	 0.0004 	 -0.0003 	 0.0015
3.9780 	 -3.8108 	 2.2089 	 -14.0284 	 -0.9446 	 0.5500 	 -3.4994 	 0.0004 	 -0.0003 	 0.0015
3.9880 	 -3.8203 	 2.2144 	 -14.0635 	 -0.9446 	 0.5500 	 -3.4994 	 0.0004 	 -0.0003 	 0.0015
3.9980 	 -3.8298 	 2.2199 	 -14.0986 	 -0.9446 	 0.5500 	 -3.4994 	 0.0004 	 -0.0003 	 0.0015
4.0080 	 -3.8392 	 2.2255 	 -14.1336 	 -0.9446 	 0.5500 	 -3.4994 	 0.0004 	 -0.0003 	 0.0015
4.0180 	 -3.8487 	 2.2310 	 -14.1687 	 -0.9446 	 0.5500 	 -3.4994 	 0.0004 	 -0.0003 	 0.0015
4.0281 	 -3.8581 	 2.2365 	 -14.2038 	 -0.9446 	 0.5500 	 -3.4994 	 0.0004 	 -0.0003 	 0.0015
4.0381 	 -3.8676 	 2.2420 	 -14.2388 	 -0.9446 	 0.5500 	 -3.4994 	 0.0004 	 -0.0003 	 0.0015
4.0481 	 -3.8771 	 2.2475 	 -14.2739 	 -0.9446 	 0.5500 	 -3.4993 	 0.0004 	 -0.0002 	 0.0014
4.0581 	 -3.8865 	 2.2530 	 -14.3089 	 -0.9446 	 0.5500 	 -3.4993 	 0.0004 	 -0.0002 	 0.0014
4.0681 	 -3.8960 	 2.2585 	 -14.3440 	 -0.9446 	 0.5500 	 -3.4993 	 0.0004 	 -0.0002 	 0.0014
4.0782 	 -3.9055 	 2.2640 	 -14.3791 	 -0.9446 	 0.5500 	 -3.4993 	 0.0004 	 -0.0002 	 0.0014
4.0882 	 -3.9149 	 2.2695 	 -14.4141 	 -0.9446 	 0.5500 	 -3.4993 	 0.0004 	 -0.0002 	 0.0014
4.0982 	 -3.9244 	 2.2751 	 -14.4492 	 -0.9446 	 0.5500 	 -3.4993 	 0.0004 	 -0.0002 	 0.0014
4.1082 	 -3.9339 	 2.2806 	 -14.4843 	 -0.9446 	 0.5500 	 -3.4993 	 0.0003 	 -0.0002 	 0.0014
4.1182 	 -3.9433 	 2.2861 	 -14.5193 	 -0.9446 	 0.5500 	 -3.4992 	 0.0003 	 -0.0002 	 0.0014
4.1283 	 -3.9528 	 2.2916 	 -14.5544 	 -0.9446 	 0.5500 	 -3.4992 	 0.0003 	 -0.0002 	 0.0014
4.1383 	 -3.9623 	 2.2971 	 -14.5894 	 -0.9446 	 0.5500 	 -3.4992 	 0.0003 	 -0.0002 	 0.0014
4.1483 	 -3.9717 	 2.3026 	 -14.6245 	 -0.9446 	 0.5500 	 -3.4992 	 0.0003 	 -0.0002 	 0.0014
4.1583 	 -3.9812 	 2.3081 	 -14.6596 	 -0.9446 	 0.5500 	 -3.4992 	 0.0003 	 -0.0002 	 0.0014
4.1683 	 -3.9907 	 2.3136 	 -14.6946 	 -0.9446 	 0.5500 	 -3.4992 	 0.0003 	 -0.0002 	 0.0014
4.1784 	 -4.0001 	 2.3191 	 -14.7297 	 -0.9446 	 0.5500 	 -3.4992 	 0.0003 	 -0.0002 	 0.0014
4.1884 	 -4.0096 	 2.3247 	 -14.7648 	 -0.9446 	 0.5500 	 -3.4991 	 0.0003 	 -0.0002 	 0.0013
4.1984 	 -4.0190 	 2.3302 	 -14.7998 	 -0.9446 	 0.5500 	 -3.4991 	 0.0003 	 -0.0002 	 0.0013
4.2084 	 -4.0285 	 2.3357 	 -14.8349 	 -0.9446 	 0.5499 	 -3.4991 	 0.0003 	 -0.0002 	 0.0013
4.2184 	 -4.0380 	 2.3412 	 -14.8699 	 -0.9445 	 0.5499 	 -3.4991 	 0.0003 	 -0.0002 	 0.0013
4.2285 	 -4.0474 	 2.3467 	 -14.9050 	 -0.9445 	 0.5499 	 -3.4991 	 0.0003 	 -0.0002 	 0.0013
4.2385 	 -4.0569 	 2.3522 	 -14.9401 	 -0.9445 	 0.5499 	 -3.4991 	 0.0003 	 -0.0002 	 0.0013
4.2485 	 -4.0664 	 2.3577 	 -14.9751 	 -0.9445 	 0.5499 	 -3.4991 	 0.0003 	 -0.0002 	 0.0013
4.2585 	 -4.0758 	 2.3632 	 -15.0102 	 -0.9445 	 0.5499 	 -3.4991 	 0.0003 	 -0.0002 	 0.0013
4.2685 	 -4.0853 	 2.3687 	 -15.0452 	 -0.9445 	 0.5499 	 -3.4990 	 0.0003 	 -0.0002 	 0.0013
4.2786 	 -4.0948 	 2.3742 	 -15.0803 	 -0.9445 	 0.5499 	 -3.4990 	 0.0003 	 -0.0002 	 0.0013
4.2886 	 -4.1042 	 2.3798 	 -15.1154 	 -0.9445 	 0.5499 	 -3.4990 	 0.0003 	 -0.0002 	 0.0013
4.2986 	 -4.1137 	 2.3853 	 -15.1504 	 -0.9445 	 0.5499 	 -3.4990 	 0.0003 	 -0.0002 	 0.0013
4.3086 	 -4.1232 	 2.3908 	 -15.1855 	 -0.9445 	 0.5499 	 -3.4990 	 0.0003 	 -0.0002 	 0.0013
4.3186 	 -4.1326 	 2.3963 	 -15.2205 	 -0.9445 	 0.5499 	 -3.4990 	 0.0003 	 -0.0002 	 0.0013
4.3287 	 -4.1421 	 2.4018 	 -15.2556 	 -0.9445 	 0.5499 	 -3.4990 	 0.0003 	 -0.0002 	 0.0013
4.3387 	 -4.1515 	 2.4073 	 -15.2907 	 -0.9445 	 0.5499 	 -3.4990 	 0.0003 	 -0.0002 	 0.0013
4.3487 	 -4.1610 	 2.4128 	 -15.3257 	 -0.9445 	 0.5499 	 -3.4989 	 0.0003 	 -0.0002 	 0.0013
4.3587 	 -4.1705 	 2.4183 	 -15.3608 	 -0.9445 	 0.5499 	 -3.4989 	 0.0003 	 -0.0002 	 0.0012
4.3687 	 -4.1799 	 2.4238 	 -15.3958 	 -0.9445 	 0.5499 	 -3.4989 	 0.0003 	 -0.0002 	 0.0012
4.3788 	 -4.1894 	 2.4293 	 -15.4309 	 -0.9445 	 0.5499 	 -3.4989 	 0.0003 	 -0.0002 	 0.0012
4.3888 	 -4.1989 	 2.4349 	 -15.4660 	 -0.9445 	 0.5499 	 -3.4989 	 0.0003 	 -0.0002 	 0.0012
4.3988 	 -4.2083 	 2.4404 	 -15.5010 	 -0.9445 	 0.5499 	 -3.4989 	 0.0003 	 -0.0002 	 0.0012
4.4088 	 -4.2178 	 2.4459 	 -15.5361 	 -0.9445 	 0.5499 	 -3.4989 	 0.0003 	 -0.0002 	 0.0012
4.4188 	 -4.2273 	 2.4514 	 -15.5711 	 -0.9445 	 0.5499 	 -3.4989 	 0.0003 	 -0.0002 	 0.0012
4.4289 	 -4.2367 	 2.4569 	 -15.6062 	 -0.9445 	 0.5499 	 -3.4988 	 0.0003 	 -0.0002 	 0.0012
4.4389 	 -4.2462 	 2.4624 	 -15.6413 	 -0.9445 	 0.5499 	 -3.4988 	 0.0003 	 -0.0002 	 0.0012
4.4489 	 -4.2557 	 2.4679 	 -15.6763 	 -0.9445 	 0.5499 	 -3.4988 	 0.0003 	 -0.0002 	 0.0012
4.4589 	 -4.2651 	 2.4734 	 -15.7114 	 -0.9445 	 0.5499 	 -3.4988 	 0.0003 	 -0.0002 	 0.0012
4.4689 	 -4.2746 	 2.4789 	 -15.7464 	 -0.9445 	 0.5499 	 -3.4988 	 0.0003 	 -0.0002 	 0.0012
4.4790 	 -4.2840 	 2.4844 	 -15.7815 	 -0.9445 	 0.5499 	 -3.4988 	 0.0003 	 -0.0002 	 0.0012
4.4890 	 -4.2935 	 2.4900 	 -15.8165 	 -0.9445 	 0.5499 	 -3.4988 	 0.0003 	 -0.0002 	 0.0012
4.4990 	 -4.3030 	 2.4955 	 -15.8516 	 -0.9445 	 0.5499 	 -3.4988 	 0.0003 	 -0.0002 	 0.0012
4.5090 	 -4.3124 	 2.5010 	 -15.8867 	 -0.9445 	 0.5499 	 -3.4987 	 0.0003 	 -0.0002 	 0.0012
4.5190 	 -4.3219 	 2.5065 	 -15.9217 	 -0.9445 	 0.5499 	 -3.4987 	 0.0003 	 -0.0002 	 0.0012
4.5291 	 -4.3314 	 2.5120 	 -15.9568 	 -0.9445 	 0.5499 	 -3.4987 	 0.0003 	 -0.0002 	 0.0012
4.5391 	 -4.3408 	 2.5175 	 -15.9918 	 -0.9444 	 0.5499 	 -3.4987 	 0.0003 	 -0.0002 	 0.0012
4.5491 	 -4.3503 	 2.5230 	 -16.0269 	 -0.9444 	 0.5499 	 -3.4987 	 0.0003 	 -0.0002 	 0.0011
4.5591 	 -4.3597 	 2.5285 	 -16.0620 	 -0.9444 	 0.5499 	 -3.4987 	 0.0003 	 -0.0002 	 0.0011
4.5691 	 -4.3692 	 2.5340 	 -16.0970 	 -0.9444 	 0.5499 	 -3.4987 	 0.0003 	 -0.0002 	 0.0011
4.5792 	 -4.3787 	 2.5395 	 -16.1321 	 -0.9444 	 0.5499 	 -3.4987 	 0.0003 	 -0.0002 	 0.0011
4.5892 	 -4.3881 	 2.5451 	 -16.1671 	 -0.9444 	 0.5499 	 -3.4987 	 0.0003 	 -0.0002 	 0.0011
4.5992 	 -4.3976 	 2.5506 	 -16.2022 	 -0.9444 	 0.5499 	 -3.4986 	 0.0003 	 -0.0002 	 0.0011
4.6092 	 -4.4071 	 2.5561 	 -16.2372 	 -0.9444 	 0.5499 	 -3.4986 	 0.0003 	 -0.0002 	 0.0011
4.6192 	 -4.4165 	 2.5616 	 -16.2723 	 -0.9444 	 0.5499 	 -3.4986 	 0.0003 	 -0.0002 	 0.0011
4.6293 	 -4.4260 	 2.5671 	 -16.3073 	 -0.9444 	 0.5499 	 -3.4986 	 0.0003 	 -0.0002 	 0.0011
4.6393 	 -4.4355 	 2.5726 	 -16.3424 	 -0.9444 	 0.5499 	 -3.4986 	 0.0003 	 -0.0002 	 0.0011
4.6493 	 -4.4449 	 2.5781 	 -16.3775 	 -0.9444 	 0.5499 	 -3.4986 	 0.0003 	 -0.0002 	 0.0011
4.6593 	 -4.4544 	 2.5836 	 -16.4125 	 -0.9444 	 0.5499 	 -3.4986 	 0.0003 	 -0.0002 	 0.0011
4.6693 	 -4.4638 	 2.5891 	 -16.4476 	 -0.9444 	 0.5499 	 -3.4986 	 0.0003 	 -0.0002 	 0.0011
4.6794 	 -4.4733 	 2.5946 	 -16.4826 	 -0.9444 	 0.5499 	 -3.4986 	 0.0003 	 -0.0002 	 0.0011
4.6894 	 -4.4828 	 2.6002 	 -16.5177 	 -0.9444 	 0.5498 	 -3.4985 	 0.0003 	 -0.0002 	 0.0011
4.6994 	 -4.4922 	 2.6057 	 -16.5527 	 -0.9444 	 0.5498 	 -3.4985 	 0.0003 	 -0.0002 	 0.0011
4.7094 	 -4.5017 	 2.6112 	 -16.5878 	 -0.9444 	 0.5498 	 -3.4985 	 0.0003 	 -0.0002 	 0.0011
4.7194 	 -4.5112 	 2.6167 	 -16.6228 	 -0.9444 	 0.5498 	 -3.4985 	 0.0003 	 -0.0002 	 0.0011
4.7295 	 -4.5206 	 2.6222 	 -16.6579 	 -0.9444 	 0.5498 	 -3.4985 	 0.0003 	 -0.0002 	 0.0011
4.7395 	 -4.5301 	 2.6277 	 -16.6930 	 -0.9444 	 0.5498 	 -3.4985 	 0.0003 	 -0.0002 	 0.0011
4.7495 	 -4.5395 	 2.6332 	 -16.7280 	 -0.9444 	 0.5498 	 -3.4985 	 0.0003 	 -0.0002 	 0.0011
4.7595 	 -4.5490 	 2.6387 	 -16.7631 	 -0.9444 	 0.5498 	 -3.4985 	 0.0003 	 -0.0002 	 0.0010
4.7695 	 -4.5585 	 2.6442 	 -16.7981 	 -0.9444 	 0.5498 	 -3.4985 	 0.0003 	 -0.0002 	 0.0010
4.7796 	 -4.5679 	 2.6497 	 -16.8332 	 -0.9444 	 0.5498 	 -3.4985 	 0.0003 	 -0.0002 	 0.0010
4.7896 	 -4.5774 	 2.6552 	 -16.8682 	 -0.9444 	 0.5498 	 -3.4984 	 0.0003 	 -0.0002 	 0.0010
4.7996 	 -4.5869 	 2.6608 	 -16.9033 	 -0.9444 	 0.5498 	 -3.4984 	 0.0003 	 -0.0002 	 0.0010
4.8096 	 -4.5963 	 2.6663 	 -16.9383 	 -0.9444 	 0.5498 	 -3.4984 	 0.0003 	 -0.0002 	 0.0010
4.8196 	 -4.6058 	 2.6718 	 -16.9734 	 -0.9444 	 0.5498 	 -3.4984 	 0.0003 	 -0.0002 	 0.0010
4.8297 	 -4.6152 	 2.6773 	 -17.0085 	 -0.9444 	 0.5498 	 -3.4984 	 0.0002 	 -0.0002 	 0.0010
4.8397 	 -4.6247 	 2.6828 	 -17.0435 	 -0.9444 	 0.5498 	 -3.4984 	 0.0002 	 -0.0002 	 0.0010
4.8497 	 -4.6342 	 2.6883 	 -17.0786 	 -0.9444 	 0.5498 	 -3.4984 	 0.0002 	 -0.0002 	 0.0010
4.8597 	 -4.6436 	 2.6938 	 -17.1136 	 -0.9444 	 0.5498 	 -3.4984 	 0.0002 	 -0.0002 	 0.0010
4.8697 	 -4.6531 	 2.6993 	 -17.1487 	 -0.9444 	 0.5498 	 -3.4984 	 0.0002 	 -0.0002 	 0.0010
4.8798 	 -4.6626 	 2.7048 	 -17.1837 	 -0.9444 	 0.5498 	 -3.4983 	 0.0002 	 -0.0002 	 0.0010
4.8898 	 -4.6720 	 2.7103 	 -17.2188 	 -0.9444 	 0.5498 	 -3.4983 	 0.0002 	 -0.0002 	 0.0010
4.8998 	 -4.6815 	 2.7158 	 -17.2538 	 -0.9444 	 0.5498 	 -3.4983 	 0.0002 	 -0.0002 	 0.0010
4.9098 	 -4.6910 	 2.7214 	 -17.2889 	 -0.9444 	 0.5498 	 -3.4983 	 0.0002 	 -0.0002 	 0.0010
4.9198 	 -4.7004 	 2.7269 	 -17.3239 	 -0.9444 	 0.5498 	 -3.4983 	 0.0002 	 -0.0002 	 0.0010
4.9299 	 -4.7099 	 2.7324 	 -17.3590 	 -0.9443 	 0.5498 	 -3.4983 	 0.0002 	 -0.0002 	 0.0010
4.9399 	 -4.7193 	 2.7379 	 -17.3940 	 -0.9443 	 0.5498 	 -3.4983 	 0.0002 	 -0.0002 	 0.0010
4.9499 	 -4.7288 	 2.7434 	 -17.4291 	 -0.9443 	 0.5498 	 -3.4983 	 0.0002 	 -0.0002 	 0.0010
4.9599 	 -4.7383 	 2.7489 	 -17.4641 	 -0.9443 	 0.5498 	 -3.4983 	 0.0002 	 -0.0002 	 0.0010
4.9699 	 -4.7477 	 2.7544 	 -17.4992 	 -0.9443 	 0.5498 	 -3.4983 	 0.0002 	 -0.0002 	 0.0010
4.9800 	 -4.7572 	 2.7599 	 -17.5343 	 -0.9443 	 0.5498 	 -3.4983 	 0.0002 	 -0.0002 	 0.0010
4.9900 	 -4.7666 	 2.7654 	 -17.5693 	 -0.9443 	 0.5498 	 -3.4982 	 0.0002 	 -0.0002 	 0.0010
