100-Body Run with i = 44 th particle. (Units in pc,M_solar,Myr, km s-1) 

time		 x 		 y 		 z 		 xdot 		 ydot 		 zdot 		 xddot 		 yddot 		 zddot
0.0000 	 0.4494 	 -0.1385 	 -0.4239 	 -0.0242 	 -0.0077 	 -0.0090 	 -1.0045 	 0.4439 	 0.4395
0.0100 	 0.4491 	 -0.1386 	 -0.4240 	 -0.0343 	 -0.0032 	 -0.0046 	 -1.0048 	 0.4454 	 0.4410
0.0200 	 0.4487 	 -0.1386 	 -0.4240 	 -0.0444 	 0.0013 	 -0.0002 	 -1.0082 	 0.4488 	 0.4422
0.0301 	 0.4482 	 -0.1385 	 -0.4240 	 -0.0545 	 0.0058 	 0.0042 	 -1.0192 	 0.4559 	 0.4410
0.0401 	 0.4476 	 -0.1385 	 -0.4240 	 -0.0647 	 0.0104 	 0.0086 	 -1.0059 	 0.4642 	 0.4314
0.0501 	 0.4469 	 -0.1383 	 -0.4238 	 -0.0748 	 0.0150 	 0.0127 	 -1.0073 	 0.4664 	 0.3940
0.0601 	 0.4461 	 -0.1382 	 -0.4237 	 -0.0848 	 0.0197 	 0.0166 	 -0.9886 	 0.4636 	 0.3805
0.0701 	 0.4452 	 -0.1379 	 -0.4235 	 -0.0946 	 0.0243 	 0.0204 	 -0.9726 	 0.4591 	 0.3900
0.0802 	 0.4443 	 -0.1377 	 -0.4233 	 -0.1043 	 0.0289 	 0.0244 	 -0.9691 	 0.4598 	 0.4035
0.0902 	 0.4432 	 -0.1374 	 -0.4230 	 -0.1140 	 0.0336 	 0.0285 	 -0.9722 	 0.4646 	 0.4138
0.1002 	 0.4420 	 -0.1370 	 -0.4227 	 -0.1238 	 0.0382 	 0.0327 	 -0.9782 	 0.4719 	 0.4215
0.1102 	 0.4407 	 -0.1366 	 -0.4224 	 -0.1337 	 0.0430 	 0.0369 	 -0.9857 	 0.4812 	 0.4286
0.1202 	 0.4393 	 -0.1361 	 -0.4220 	 -0.1436 	 0.0479 	 0.0413 	 -0.9918 	 0.4935 	 0.4396
0.1303 	 0.4378 	 -0.1356 	 -0.4215 	 -0.1535 	 0.0529 	 0.0457 	 -0.9948 	 0.5074 	 0.4526
0.1403 	 0.4362 	 -0.1351 	 -0.4211 	 -0.1635 	 0.0581 	 0.0503 	 -0.9964 	 0.5214 	 0.4634
0.1503 	 0.4345 	 -0.1345 	 -0.4205 	 -0.1735 	 0.0634 	 0.0550 	 -1.0004 	 0.5358 	 0.4712
0.1603 	 0.4327 	 -0.1338 	 -0.4200 	 -0.1835 	 0.0688 	 0.0598 	 -1.0075 	 0.5532 	 0.4761
0.1703 	 0.4308 	 -0.1331 	 -0.4193 	 -0.1937 	 0.0745 	 0.0645 	 -1.0157 	 0.5720 	 0.4757
0.1804 	 0.4289 	 -0.1323 	 -0.4187 	 -0.2039 	 0.0803 	 0.0693 	 -1.0327 	 0.5916 	 0.4810
0.1904 	 0.4268 	 -0.1315 	 -0.4179 	 -0.2144 	 0.0863 	 0.0742 	 -1.0551 	 0.6161 	 0.4902
0.2004 	 0.4246 	 -0.1306 	 -0.4172 	 -0.2251 	 0.0926 	 0.0791 	 -1.0821 	 0.6452 	 0.5020
0.2104 	 0.4222 	 -0.1296 	 -0.4164 	 -0.2361 	 0.0993 	 0.0842 	 -1.1141 	 0.6792 	 0.5162
0.2204 	 0.4198 	 -0.1286 	 -0.4155 	 -0.2474 	 0.1063 	 0.0895 	 -1.1517 	 0.7188 	 0.5330
0.2305 	 0.4173 	 -0.1275 	 -0.4146 	 -0.2592 	 0.1137 	 0.0949 	 -1.1961 	 0.7649 	 0.5530
0.2405 	 0.4146 	 -0.1263 	 -0.4136 	 -0.2714 	 0.1216 	 0.1006 	 -1.2488 	 0.8192 	 0.5766
0.2505 	 0.4118 	 -0.1250 	 -0.4125 	 -0.2843 	 0.1302 	 0.1065 	 -1.3121 	 0.8835 	 0.6048
0.2605 	 0.4089 	 -0.1237 	 -0.4114 	 -0.2978 	 0.1394 	 0.1127 	 -1.3892 	 0.9608 	 0.6388
0.2705 	 0.4059 	 -0.1222 	 -0.4103 	 -0.3122 	 0.1495 	 0.1193 	 -1.4848 	 1.0550 	 0.6806
0.2806 	 0.4027 	 -0.1207 	 -0.4091 	 -0.3276 	 0.1606 	 0.1264 	 -1.6062 	 1.1721 	 0.7327
0.2906 	 0.3993 	 -0.1190 	 -0.4077 	 -0.3445 	 0.1731 	 0.1341 	 -1.7648 	 1.3210 	 0.7995
0.3006 	 0.3957 	 -0.1172 	 -0.4064 	 -0.3632 	 0.1872 	 0.1425 	 -1.9801 	 1.5159 	 0.8879
0.3106 	 0.3920 	 -0.1153 	 -0.4049 	 -0.3844 	 0.2037 	 0.1520 	 -2.2874 	 1.7812 	 1.0105
0.3206 	 0.3880 	 -0.1131 	 -0.4033 	 -0.4095 	 0.2233 	 0.1629 	 -2.7569 	 2.1610 	 1.1908
0.3307 	 0.3837 	 -0.1107 	 -0.4016 	 -0.4407 	 0.2476 	 0.1762 	 -3.5493 	 2.7448 	 1.4802
0.3407 	 0.3791 	 -0.1081 	 -0.3997 	 -0.4831 	 0.2796 	 0.1934 	 -5.1093 	 3.7423 	 2.0127
0.3507 	 0.3739 	 -0.1050 	 -0.3977 	 -0.5507 	 0.3257 	 0.2187 	 -9.1834 	 5.7664 	 3.2671
0.3607 	 0.3674 	 -0.1014 	 -0.3952 	 -0.7134 	 0.4036 	 0.2698 	 -32.1046 	 11.3492 	 9.0134
0.3707 	 0.3450 	 -0.0982 	 -0.3897 	 -3.8005 	 0.2460 	 0.8445 	 4.1270 	 -0.4550 	 -0.6539
0.3808 	 0.3069 	 -0.0957 	 -0.3812 	 -3.8013 	 0.2463 	 0.8484 	 -1.9052 	 0.3254 	 0.9704
0.3908 	 0.2686 	 -0.0931 	 -0.3725 	 -3.8358 	 0.2605 	 0.8702 	 -5.6110 	 4.2706 	 4.8399
0.4008 	 0.2303 	 -0.0901 	 -0.3634 	 -3.8240 	 0.3494 	 0.9488 	 4.0604 	 2.6018 	 2.9310
0.4108 	 0.1920 	 -0.0866 	 -0.3539 	 -3.8151 	 0.3555 	 0.9655 	 -1.0544 	 -0.0357 	 1.0794
0.4208 	 0.1537 	 -0.0830 	 -0.3441 	 -3.8256 	 0.3558 	 0.9758 	 0.1175 	 0.3942 	 2.1012
0.4309 	 0.1155 	 -0.0794 	 -0.3342 	 -3.8082 	 0.3665 	 1.0103 	 2.7885 	 1.4018 	 3.3288
0.4409 	 0.0774 	 -0.0757 	 -0.3239 	 -3.7853 	 0.3817 	 1.0345 	 1.5860 	 1.7948 	 1.8900
0.4509 	 0.0396 	 -0.0717 	 -0.3135 	 -3.7722 	 0.4053 	 1.0538 	 1.4213 	 2.9111 	 2.0226
0.4609 	 0.0019 	 -0.0675 	 -0.3028 	 -3.7522 	 0.4351 	 1.0729 	 2.5152 	 2.6999 	 1.6100
0.4709 	 -0.0356 	 -0.0630 	 -0.2920 	 -3.7256 	 0.4565 	 1.0849 	 2.6269 	 1.5840 	 0.8160
0.4810 	 -0.0728 	 -0.0584 	 -0.2811 	 -3.7014 	 0.4681 	 1.0903 	 2.1635 	 0.7989 	 0.3207
0.4910 	 -0.1098 	 -0.0537 	 -0.2702 	 -3.6823 	 0.4737 	 1.0923 	 1.6708 	 0.3694 	 0.1123
0.5010 	 -0.1466 	 -0.0489 	 -0.2592 	 -3.6675 	 0.4762 	 1.0930 	 1.3003 	 0.1534 	 0.0507
0.5110 	 -0.1833 	 -0.0442 	 -0.2483 	 -3.6558 	 0.4771 	 1.0934 	 1.0357 	 0.0399 	 0.0212
0.5210 	 -0.2199 	 -0.0394 	 -0.2373 	 -3.6463 	 0.4772 	 1.0937 	 0.8662 	 -0.0191 	 0.0271
0.5311 	 -0.2564 	 -0.0346 	 -0.2264 	 -3.6383 	 0.4768 	 1.0940 	 0.7484 	 -0.0506 	 0.0320
0.5411 	 -0.2928 	 -0.0298 	 -0.2154 	 -3.6312 	 0.4762 	 1.0943 	 0.6617 	 -0.0657 	 0.0324
0.5511 	 -0.3292 	 -0.0251 	 -0.2044 	 -3.6250 	 0.4756 	 1.0946 	 0.5934 	 -0.0709 	 0.0292
0.5611 	 -0.3654 	 -0.0203 	 -0.1935 	 -3.6193 	 0.4748 	 1.0949 	 0.5366 	 -0.0704 	 0.0242
0.5711 	 -0.4017 	 -0.0155 	 -0.1825 	 -3.6142 	 0.4742 	 1.0951 	 0.4878 	 -0.0670 	 0.0190
0.5812 	 -0.4379 	 -0.0108 	 -0.1715 	 -3.6095 	 0.4735 	 1.0953 	 0.4453 	 -0.0624 	 0.0143
0.5912 	 -0.4740 	 -0.0061 	 -0.1606 	 -3.6052 	 0.4729 	 1.0954 	 0.4079 	 -0.0577 	 0.0103
0.6012 	 -0.5101 	 -0.0013 	 -0.1496 	 -3.6013 	 0.4723 	 1.0955 	 0.3752 	 -0.0532 	 0.0071
0.6112 	 -0.5462 	 0.0034 	 -0.1386 	 -3.5977 	 0.4718 	 1.0955 	 0.3465 	 -0.0492 	 0.0044
0.6212 	 -0.5822 	 0.0081 	 -0.1276 	 -3.5944 	 0.4714 	 1.0956 	 0.3212 	 -0.0457 	 0.0023
0.6313 	 -0.6182 	 0.0129 	 -0.1166 	 -3.5913 	 0.4709 	 1.0956 	 0.2989 	 -0.0427 	 0.0006
0.6413 	 -0.6542 	 0.0176 	 -0.1057 	 -3.5884 	 0.4705 	 1.0956 	 0.2791 	 -0.0400 	 -0.0008
0.6513 	 -0.6901 	 0.0223 	 -0.0947 	 -3.5857 	 0.4701 	 1.0955 	 0.2615 	 -0.0375 	 -0.0019
0.6613 	 -0.7261 	 0.0270 	 -0.0837 	 -3.5831 	 0.4697 	 1.0955 	 0.2457 	 -0.0352 	 -0.0026
0.6713 	 -0.7620 	 0.0317 	 -0.0727 	 -3.5807 	 0.4694 	 1.0955 	 0.2315 	 -0.0330 	 -0.0031
0.6814 	 -0.7978 	 0.0364 	 -0.0618 	 -3.5785 	 0.4691 	 1.0955 	 0.2170 	 -0.0287 	 -0.0031
0.6914 	 -0.8337 	 0.0411 	 -0.0508 	 -3.5764 	 0.4688 	 1.0954 	 0.1996 	 -0.0279 	 -0.0068
0.7014 	 -0.8695 	 0.0458 	 -0.0398 	 -3.5745 	 0.4685 	 1.0953 	 0.1886 	 -0.0276 	 -0.0072
0.7114 	 -0.9053 	 0.0505 	 -0.0288 	 -3.5726 	 0.4683 	 1.0953 	 0.1783 	 -0.0258 	 -0.0066
0.7214 	 -0.9411 	 0.0552 	 -0.0179 	 -3.5709 	 0.4680 	 1.0952 	 0.1683 	 -0.0236 	 -0.0057
0.7315 	 -0.9769 	 0.0599 	 -0.0069 	 -3.5693 	 0.4678 	 1.0952 	 0.1584 	 -0.0213 	 -0.0045
0.7415 	 -1.0126 	 0.0646 	 0.0041 	 -3.5677 	 0.4676 	 1.0951 	 0.1485 	 -0.0187 	 -0.0030
0.7515 	 -1.0484 	 0.0692 	 0.0151 	 -3.5663 	 0.4674 	 1.0951 	 0.1384 	 -0.0158 	 -0.0011
0.7615 	 -1.0841 	 0.0739 	 0.0260 	 -3.5650 	 0.4673 	 1.0951 	 0.1277 	 -0.0125 	 0.0014
0.7715 	 -1.1198 	 0.0786 	 0.0370 	 -3.5637 	 0.4672 	 1.0951 	 0.1160 	 -0.0085 	 0.0047
0.7816 	 -1.1555 	 0.0833 	 0.0480 	 -3.5626 	 0.4671 	 1.0952 	 0.1028 	 -0.0032 	 0.0095
0.7916 	 -1.1912 	 0.0880 	 0.0590 	 -3.5617 	 0.4671 	 1.0953 	 0.0871 	 0.0041 	 0.0165
0.8016 	 -1.2269 	 0.0927 	 0.0699 	 -3.5609 	 0.4672 	 1.0955 	 0.0675 	 0.0154 	 0.0274
0.8116 	 -1.2626 	 0.0973 	 0.0809 	 -3.5603 	 0.4674 	 1.0959 	 0.0422 	 0.0340 	 0.0452
0.8216 	 -1.2982 	 0.1020 	 0.0919 	 -3.5601 	 0.4679 	 1.0965 	 0.0092 	 0.0680 	 0.0764
0.8317 	 -1.3339 	 0.1067 	 0.1029 	 -3.5602 	 0.4689 	 1.0975 	 -0.0290 	 0.1353 	 0.1342
0.8417 	 -1.3696 	 0.1114 	 0.1139 	 -3.5606 	 0.4709 	 1.0993 	 -0.0417 	 0.2696 	 0.2382
0.8517 	 -1.4053 	 0.1162 	 0.1249 	 -3.5606 	 0.4746 	 1.1024 	 0.0862 	 0.4670 	 0.3618
0.8617 	 -1.4409 	 0.1209 	 0.1360 	 -3.5582 	 0.4797 	 1.1060 	 0.3761 	 0.4949 	 0.3232
0.8717 	 -1.4766 	 0.1258 	 0.1471 	 -3.5538 	 0.4836 	 1.1084 	 0.4626 	 0.2845 	 0.1439
0.8818 	 -1.5121 	 0.1306 	 0.1582 	 -3.5496 	 0.4856 	 1.1092 	 0.3721 	 0.1238 	 0.0388
0.8918 	 -1.5477 	 0.1355 	 0.1693 	 -3.5463 	 0.4864 	 1.1094 	 0.2803 	 0.0514 	 0.0015
0.9018 	 -1.5832 	 0.1404 	 0.1804 	 -3.5438 	 0.4867 	 1.1093 	 0.2187 	 0.0209 	 -0.0100
0.9118 	 -1.6187 	 0.1452 	 0.1915 	 -3.5419 	 0.4869 	 1.1092 	 0.1791 	 0.0073 	 -0.0129
0.9218 	 -1.6542 	 0.1501 	 0.2027 	 -3.5402 	 0.4869 	 1.1091 	 0.1529 	 0.0010 	 -0.0129
0.9319 	 -1.6897 	 0.1550 	 0.2138 	 -3.5388 	 0.4869 	 1.1089 	 0.1347 	 -0.0021 	 -0.0121
0.9419 	 -1.7251 	 0.1599 	 0.2249 	 -3.5375 	 0.4869 	 1.1088 	 0.1215 	 -0.0037 	 -0.0110
0.9519 	 -1.7606 	 0.1648 	 0.2360 	 -3.5363 	 0.4868 	 1.1087 	 0.1115 	 -0.0044 	 -0.0099
0.9619 	 -1.7960 	 0.1696 	 0.2471 	 -3.5352 	 0.4868 	 1.1086 	 0.1037 	 -0.0047 	 -0.0090
0.9719 	 -1.8314 	 0.1745 	 0.2582 	 -3.5342 	 0.4867 	 1.1085 	 0.0975 	 -0.0048 	 -0.0082
0.9820 	 -1.8668 	 0.1794 	 0.2693 	 -3.5333 	 0.4867 	 1.1084 	 0.0924 	 -0.0048 	 -0.0076
0.9920 	 -1.9022 	 0.1843 	 0.2804 	 -3.5324 	 0.4866 	 1.1084 	 0.0881 	 -0.0047 	 -0.0071
1.0020 	 -1.9376 	 0.1891 	 0.2915 	 -3.5315 	 0.4866 	 1.1083 	 0.0844 	 -0.0047 	 -0.0068
1.0120 	 -1.9730 	 0.1940 	 0.3026 	 -3.5307 	 0.4865 	 1.1082 	 0.0812 	 -0.0046 	 -0.0066
1.0220 	 -2.0084 	 0.1989 	 0.3137 	 -3.5299 	 0.4865 	 1.1082 	 0.0783 	 -0.0046 	 -0.0065
1.0321 	 -2.0437 	 0.2038 	 0.3248 	 -3.5291 	 0.4865 	 1.1081 	 0.0758 	 -0.0046 	 -0.0065
1.0421 	 -2.0791 	 0.2086 	 0.3359 	 -3.5284 	 0.4864 	 1.1080 	 0.0735 	 -0.0047 	 -0.0066
1.0521 	 -2.1144 	 0.2135 	 0.3470 	 -3.5276 	 0.4864 	 1.1080 	 0.0714 	 -0.0047 	 -0.0069
1.0621 	 -2.1498 	 0.2184 	 0.3581 	 -3.5269 	 0.4863 	 1.1079 	 0.0695 	 -0.0049 	 -0.0072
1.0721 	 -2.1851 	 0.2233 	 0.3692 	 -3.5262 	 0.4863 	 1.1078 	 0.0677 	 -0.0050 	 -0.0077
1.0822 	 -2.2204 	 0.2281 	 0.3803 	 -3.5256 	 0.4862 	 1.1078 	 0.0658 	 -0.0051 	 -0.0082
1.0922 	 -2.2558 	 0.2330 	 0.3914 	 -3.5249 	 0.4862 	 1.1077 	 0.0638 	 -0.0052 	 -0.0088
1.1022 	 -2.2911 	 0.2379 	 0.4025 	 -3.5243 	 0.4861 	 1.1076 	 0.0618 	 -0.0052 	 -0.0093
1.1122 	 -2.3264 	 0.2427 	 0.4136 	 -3.5237 	 0.4861 	 1.1075 	 0.0597 	 -0.0052 	 -0.0096
1.1222 	 -2.3617 	 0.2476 	 0.4247 	 -3.5231 	 0.4860 	 1.1074 	 0.0577 	 -0.0052 	 -0.0098
1.1323 	 -2.3970 	 0.2525 	 0.4358 	 -3.5225 	 0.4860 	 1.1073 	 0.0557 	 -0.0052 	 -0.0099
1.1423 	 -2.4323 	 0.2574 	 0.4469 	 -3.5220 	 0.4859 	 1.1072 	 0.0539 	 -0.0051 	 -0.0099
1.1523 	 -2.4676 	 0.2622 	 0.4580 	 -3.5215 	 0.4858 	 1.1071 	 0.0521 	 -0.0051 	 -0.0098
1.1623 	 -2.5029 	 0.2671 	 0.4691 	 -3.5209 	 0.4858 	 1.1070 	 0.0505 	 -0.0051 	 -0.0097
1.1723 	 -2.5381 	 0.2720 	 0.4802 	 -3.5204 	 0.4857 	 1.1069 	 0.0490 	 -0.0050 	 -0.0096
1.1824 	 -2.5734 	 0.2768 	 0.4913 	 -3.5200 	 0.4857 	 1.1068 	 0.0476 	 -0.0050 	 -0.0095
1.1924 	 -2.6087 	 0.2817 	 0.5024 	 -3.5195 	 0.4856 	 1.1067 	 0.0462 	 -0.0049 	 -0.0094
1.2024 	 -2.6439 	 0.2866 	 0.5135 	 -3.5190 	 0.4856 	 1.1066 	 0.0450 	 -0.0049 	 -0.0093
1.2124 	 -2.6792 	 0.2914 	 0.5246 	 -3.5186 	 0.4856 	 1.1065 	 0.0437 	 -0.0048 	 -0.0092
1.2224 	 -2.7145 	 0.2963 	 0.5356 	 -3.5182 	 0.4855 	 1.1064 	 0.0426 	 -0.0048 	 -0.0090
1.2325 	 -2.7497 	 0.3012 	 0.5467 	 -3.5177 	 0.4855 	 1.1063 	 0.0414 	 -0.0047 	 -0.0089
1.2425 	 -2.7849 	 0.3060 	 0.5578 	 -3.5173 	 0.4854 	 1.1062 	 0.0404 	 -0.0046 	 -0.0088
1.2525 	 -2.8202 	 0.3109 	 0.5689 	 -3.5169 	 0.4854 	 1.1062 	 0.0393 	 -0.0046 	 -0.0087
1.2625 	 -2.8554 	 0.3157 	 0.5800 	 -3.5165 	 0.4853 	 1.1061 	 0.0383 	 -0.0045 	 -0.0085
1.2725 	 -2.8907 	 0.3206 	 0.5911 	 -3.5162 	 0.4853 	 1.1060 	 0.0374 	 -0.0044 	 -0.0084
1.2826 	 -2.9259 	 0.3255 	 0.6021 	 -3.5158 	 0.4852 	 1.1059 	 0.0364 	 -0.0044 	 -0.0083
1.2926 	 -2.9611 	 0.3303 	 0.6132 	 -3.5154 	 0.4852 	 1.1058 	 0.0356 	 -0.0043 	 -0.0082
1.3026 	 -2.9963 	 0.3352 	 0.6243 	 -3.5151 	 0.4851 	 1.1057 	 0.0347 	 -0.0042 	 -0.0080
1.3126 	 -3.0316 	 0.3401 	 0.6354 	 -3.5147 	 0.4851 	 1.1057 	 0.0339 	 -0.0041 	 -0.0079
1.3226 	 -3.0668 	 0.3449 	 0.6465 	 -3.5144 	 0.4851 	 1.1056 	 0.0331 	 -0.0041 	 -0.0078
1.3327 	 -3.1020 	 0.3498 	 0.6575 	 -3.5141 	 0.4850 	 1.1055 	 0.0323 	 -0.0040 	 -0.0076
1.3427 	 -3.1372 	 0.3546 	 0.6686 	 -3.5137 	 0.4850 	 1.1054 	 0.0316 	 -0.0039 	 -0.0075
1.3527 	 -3.1724 	 0.3595 	 0.6797 	 -3.5134 	 0.4849 	 1.1054 	 0.0309 	 -0.0038 	 -0.0074
1.3627 	 -3.2076 	 0.3644 	 0.6908 	 -3.5131 	 0.4849 	 1.1053 	 0.0302 	 -0.0038 	 -0.0072
1.3727 	 -3.2428 	 0.3692 	 0.7018 	 -3.5128 	 0.4849 	 1.1052 	 0.0295 	 -0.0037 	 -0.0071
1.3828 	 -3.2780 	 0.3741 	 0.7129 	 -3.5125 	 0.4848 	 1.1051 	 0.0289 	 -0.0036 	 -0.0070
1.3928 	 -3.3132 	 0.3789 	 0.7240 	 -3.5123 	 0.4848 	 1.1051 	 0.0283 	 -0.0036 	 -0.0069
1.4028 	 -3.3484 	 0.3838 	 0.7351 	 -3.5120 	 0.4848 	 1.1050 	 0.0277 	 -0.0035 	 -0.0067
1.4128 	 -3.3836 	 0.3886 	 0.7461 	 -3.5117 	 0.4847 	 1.1049 	 0.0271 	 -0.0034 	 -0.0066
1.4228 	 -3.4188 	 0.3935 	 0.7572 	 -3.5114 	 0.4847 	 1.1049 	 0.0265 	 -0.0034 	 -0.0065
1.4329 	 -3.4539 	 0.3984 	 0.7683 	 -3.5112 	 0.4847 	 1.1048 	 0.0260 	 -0.0033 	 -0.0064
1.4429 	 -3.4891 	 0.4032 	 0.7793 	 -3.5109 	 0.4846 	 1.1047 	 0.0254 	 -0.0033 	 -0.0063
1.4529 	 -3.5243 	 0.4081 	 0.7904 	 -3.5107 	 0.4846 	 1.1047 	 0.0249 	 -0.0032 	 -0.0062
1.4629 	 -3.5595 	 0.4129 	 0.8015 	 -3.5104 	 0.4846 	 1.1046 	 0.0244 	 -0.0031 	 -0.0061
1.4729 	 -3.5947 	 0.4178 	 0.8126 	 -3.5102 	 0.4845 	 1.1046 	 0.0239 	 -0.0031 	 -0.0060
1.4830 	 -3.6298 	 0.4226 	 0.8236 	 -3.5099 	 0.4845 	 1.1045 	 0.0235 	 -0.0030 	 -0.0059
1.4930 	 -3.6650 	 0.4275 	 0.8347 	 -3.5097 	 0.4845 	 1.1044 	 0.0230 	 -0.0030 	 -0.0058
1.5030 	 -3.7002 	 0.4323 	 0.8458 	 -3.5095 	 0.4844 	 1.1044 	 0.0226 	 -0.0029 	 -0.0057
1.5130 	 -3.7353 	 0.4372 	 0.8568 	 -3.5092 	 0.4844 	 1.1043 	 0.0221 	 -0.0029 	 -0.0056
1.5230 	 -3.7705 	 0.4420 	 0.8679 	 -3.5090 	 0.4844 	 1.1043 	 0.0217 	 -0.0028 	 -0.0055
1.5331 	 -3.8056 	 0.4469 	 0.8789 	 -3.5088 	 0.4844 	 1.1042 	 0.0213 	 -0.0028 	 -0.0054
1.5431 	 -3.8408 	 0.4518 	 0.8900 	 -3.5086 	 0.4843 	 1.1042 	 0.0209 	 -0.0027 	 -0.0053
1.5531 	 -3.8760 	 0.4566 	 0.9011 	 -3.5084 	 0.4843 	 1.1041 	 0.0205 	 -0.0027 	 -0.0052
1.5631 	 -3.9111 	 0.4615 	 0.9121 	 -3.5082 	 0.4843 	 1.1041 	 0.0201 	 -0.0026 	 -0.0051
1.5731 	 -3.9463 	 0.4663 	 0.9232 	 -3.5080 	 0.4842 	 1.1040 	 0.0198 	 -0.0026 	 -0.0050
1.5832 	 -3.9814 	 0.4712 	 0.9343 	 -3.5078 	 0.4842 	 1.1040 	 0.0194 	 -0.0025 	 -0.0050
1.5932 	 -4.0166 	 0.4760 	 0.9453 	 -3.5076 	 0.4842 	 1.1039 	 0.0191 	 -0.0025 	 -0.0049
1.6032 	 -4.0517 	 0.4809 	 0.9564 	 -3.5074 	 0.4842 	 1.1039 	 0.0187 	 -0.0024 	 -0.0048
1.6132 	 -4.0869 	 0.4857 	 0.9674 	 -3.5072 	 0.4841 	 1.1038 	 0.0184 	 -0.0024 	 -0.0047
1.6232 	 -4.1220 	 0.4906 	 0.9785 	 -3.5070 	 0.4841 	 1.1038 	 0.0181 	 -0.0024 	 -0.0047
1.6333 	 -4.1571 	 0.4954 	 0.9896 	 -3.5069 	 0.4841 	 1.1037 	 0.0178 	 -0.0023 	 -0.0046
1.6433 	 -4.1923 	 0.5003 	 1.0006 	 -3.5067 	 0.4841 	 1.1037 	 0.0175 	 -0.0023 	 -0.0045
1.6533 	 -4.2274 	 0.5051 	 1.0117 	 -3.5065 	 0.4841 	 1.1036 	 0.0172 	 -0.0022 	 -0.0044
1.6633 	 -4.2625 	 0.5100 	 1.0227 	 -3.5063 	 0.4840 	 1.1036 	 0.0169 	 -0.0022 	 -0.0044
1.6733 	 -4.2977 	 0.5148 	 1.0338 	 -3.5062 	 0.4840 	 1.1035 	 0.0166 	 -0.0022 	 -0.0043
1.6834 	 -4.3328 	 0.5197 	 1.0449 	 -3.5060 	 0.4840 	 1.1035 	 0.0164 	 -0.0021 	 -0.0042
1.6934 	 -4.3679 	 0.5245 	 1.0559 	 -3.5058 	 0.4840 	 1.1035 	 0.0161 	 -0.0021 	 -0.0042
1.7034 	 -4.4031 	 0.5294 	 1.0670 	 -3.5057 	 0.4839 	 1.1034 	 0.0158 	 -0.0021 	 -0.0041
1.7134 	 -4.4382 	 0.5342 	 1.0780 	 -3.5055 	 0.4839 	 1.1034 	 0.0156 	 -0.0020 	 -0.0041
1.7234 	 -4.4733 	 0.5391 	 1.0891 	 -3.5054 	 0.4839 	 1.1033 	 0.0153 	 -0.0020 	 -0.0040
1.7335 	 -4.5084 	 0.5439 	 1.1001 	 -3.5052 	 0.4839 	 1.1033 	 0.0151 	 -0.0020 	 -0.0039
1.7435 	 -4.5436 	 0.5488 	 1.1112 	 -3.5051 	 0.4839 	 1.1033 	 0.0148 	 -0.0019 	 -0.0039
1.7535 	 -4.5787 	 0.5536 	 1.1222 	 -3.5049 	 0.4838 	 1.1032 	 0.0146 	 -0.0019 	 -0.0038
1.7635 	 -4.6138 	 0.5585 	 1.1333 	 -3.5048 	 0.4838 	 1.1032 	 0.0144 	 -0.0019 	 -0.0038
1.7735 	 -4.6489 	 0.5633 	 1.1444 	 -3.5046 	 0.4838 	 1.1031 	 0.0142 	 -0.0019 	 -0.0037
1.7836 	 -4.6840 	 0.5682 	 1.1554 	 -3.5045 	 0.4838 	 1.1031 	 0.0140 	 -0.0018 	 -0.0037
1.7936 	 -4.7191 	 0.5730 	 1.1665 	 -3.5044 	 0.4838 	 1.1031 	 0.0137 	 -0.0018 	 -0.0036
1.8036 	 -4.7543 	 0.5779 	 1.1775 	 -3.5042 	 0.4838 	 1.1030 	 0.0135 	 -0.0018 	 -0.0036
1.8136 	 -4.7894 	 0.5827 	 1.1886 	 -3.5041 	 0.4837 	 1.1030 	 0.0133 	 -0.0018 	 -0.0035
1.8236 	 -4.8245 	 0.5875 	 1.1996 	 -3.5039 	 0.4837 	 1.1030 	 0.0131 	 -0.0017 	 -0.0035
1.8337 	 -4.8596 	 0.5924 	 1.2107 	 -3.5038 	 0.4837 	 1.1029 	 0.0130 	 -0.0017 	 -0.0034
1.8437 	 -4.8947 	 0.5972 	 1.2217 	 -3.5037 	 0.4837 	 1.1029 	 0.0128 	 -0.0017 	 -0.0034
1.8537 	 -4.9298 	 0.6021 	 1.2328 	 -3.5036 	 0.4837 	 1.1029 	 0.0126 	 -0.0017 	 -0.0033
1.8637 	 -4.9649 	 0.6069 	 1.2438 	 -3.5034 	 0.4837 	 1.1028 	 0.0124 	 -0.0016 	 -0.0033
1.8737 	 -5.0000 	 0.6118 	 1.2549 	 -3.5033 	 0.4836 	 1.1028 	 0.0122 	 -0.0016 	 -0.0033
1.8838 	 -5.0351 	 0.6166 	 1.2659 	 -3.5032 	 0.4836 	 1.1028 	 0.0121 	 -0.0016 	 -0.0032
1.8938 	 -5.0702 	 0.6215 	 1.2770 	 -3.5031 	 0.4836 	 1.1027 	 0.0119 	 -0.0016 	 -0.0032
1.9038 	 -5.1053 	 0.6263 	 1.2880 	 -3.5030 	 0.4836 	 1.1027 	 0.0117 	 -0.0015 	 -0.0031
1.9138 	 -5.1404 	 0.6312 	 1.2991 	 -3.5028 	 0.4836 	 1.1027 	 0.0116 	 -0.0015 	 -0.0031
1.9238 	 -5.1755 	 0.6360 	 1.3101 	 -3.5027 	 0.4836 	 1.1026 	 0.0114 	 -0.0015 	 -0.0031
1.9339 	 -5.2106 	 0.6409 	 1.3212 	 -3.5026 	 0.4835 	 1.1026 	 0.0112 	 -0.0015 	 -0.0030
1.9439 	 -5.2457 	 0.6457 	 1.3322 	 -3.5025 	 0.4835 	 1.1026 	 0.0111 	 -0.0015 	 -0.0030
1.9539 	 -5.2808 	 0.6505 	 1.3433 	 -3.5024 	 0.4835 	 1.1025 	 0.0109 	 -0.0014 	 -0.0029
1.9639 	 -5.3159 	 0.6554 	 1.3543 	 -3.5023 	 0.4835 	 1.1025 	 0.0108 	 -0.0014 	 -0.0029
1.9739 	 -5.3510 	 0.6602 	 1.3654 	 -3.5022 	 0.4835 	 1.1025 	 0.0106 	 -0.0014 	 -0.0029
1.9840 	 -5.3861 	 0.6651 	 1.3764 	 -3.5021 	 0.4835 	 1.1025 	 0.0103 	 -0.0014 	 -0.0027
1.9940 	 -5.4212 	 0.6699 	 1.3874 	 -3.5020 	 0.4835 	 1.1024 	 0.0101 	 -0.0013 	 -0.0027
2.0040 	 -5.4563 	 0.6748 	 1.3985 	 -3.5019 	 0.4834 	 1.1024 	 0.0100 	 -0.0013 	 -0.0027
2.0140 	 -5.4913 	 0.6796 	 1.4095 	 -3.5018 	 0.4834 	 1.1024 	 0.0099 	 -0.0013 	 -0.0026
2.0240 	 -5.5264 	 0.6845 	 1.4206 	 -3.5017 	 0.4834 	 1.1023 	 0.0097 	 -0.0013 	 -0.0026
2.0341 	 -5.5615 	 0.6893 	 1.4316 	 -3.5016 	 0.4834 	 1.1023 	 0.0096 	 -0.0013 	 -0.0026
2.0441 	 -5.5966 	 0.6941 	 1.4427 	 -3.5015 	 0.4834 	 1.1023 	 0.0095 	 -0.0013 	 -0.0026
2.0541 	 -5.6317 	 0.6990 	 1.4537 	 -3.5014 	 0.4834 	 1.1023 	 0.0094 	 -0.0012 	 -0.0025
2.0641 	 -5.6668 	 0.7038 	 1.4648 	 -3.5013 	 0.4834 	 1.1022 	 0.0093 	 -0.0012 	 -0.0025
2.0741 	 -5.7019 	 0.7087 	 1.4758 	 -3.5012 	 0.4834 	 1.1022 	 0.0091 	 -0.0012 	 -0.0025
2.0842 	 -5.7369 	 0.7135 	 1.4869 	 -3.5011 	 0.4833 	 1.1022 	 0.0090 	 -0.0012 	 -0.0024
2.0942 	 -5.7720 	 0.7184 	 1.4979 	 -3.5010 	 0.4833 	 1.1022 	 0.0089 	 -0.0012 	 -0.0024
2.1042 	 -5.8071 	 0.7232 	 1.5089 	 -3.5009 	 0.4833 	 1.1021 	 0.0088 	 -0.0012 	 -0.0024
2.1142 	 -5.8422 	 0.7280 	 1.5200 	 -3.5008 	 0.4833 	 1.1021 	 0.0087 	 -0.0012 	 -0.0024
2.1242 	 -5.8773 	 0.7329 	 1.5310 	 -3.5007 	 0.4833 	 1.1021 	 0.0086 	 -0.0011 	 -0.0023
2.1343 	 -5.9123 	 0.7377 	 1.5421 	 -3.5007 	 0.4833 	 1.1021 	 0.0085 	 -0.0011 	 -0.0023
2.1443 	 -5.9474 	 0.7426 	 1.5531 	 -3.5006 	 0.4833 	 1.1021 	 0.0084 	 -0.0011 	 -0.0023
2.1543 	 -5.9825 	 0.7474 	 1.5642 	 -3.5005 	 0.4833 	 1.1020 	 0.0083 	 -0.0011 	 -0.0023
2.1643 	 -6.0176 	 0.7523 	 1.5752 	 -3.5004 	 0.4832 	 1.1020 	 0.0082 	 -0.0011 	 -0.0022
2.1743 	 -6.0526 	 0.7571 	 1.5862 	 -3.5003 	 0.4832 	 1.1020 	 0.0081 	 -0.0011 	 -0.0022
2.1844 	 -6.0877 	 0.7619 	 1.5973 	 -3.5002 	 0.4832 	 1.1020 	 0.0080 	 -0.0011 	 -0.0022
2.1944 	 -6.1228 	 0.7668 	 1.6083 	 -3.5002 	 0.4832 	 1.1019 	 0.0079 	 -0.0011 	 -0.0022
2.2044 	 -6.1578 	 0.7716 	 1.6194 	 -3.5001 	 0.4832 	 1.1019 	 0.0078 	 -0.0010 	 -0.0021
2.2144 	 -6.1929 	 0.7765 	 1.6304 	 -3.5000 	 0.4832 	 1.1019 	 0.0077 	 -0.0010 	 -0.0021
2.2244 	 -6.2280 	 0.7813 	 1.6414 	 -3.4999 	 0.4832 	 1.1019 	 0.0076 	 -0.0010 	 -0.0021
2.2345 	 -6.2631 	 0.7861 	 1.6525 	 -3.4999 	 0.4832 	 1.1019 	 0.0075 	 -0.0010 	 -0.0021
2.2445 	 -6.2981 	 0.7910 	 1.6635 	 -3.4998 	 0.4832 	 1.1018 	 0.0075 	 -0.0010 	 -0.0021
2.2545 	 -6.3332 	 0.7958 	 1.6746 	 -3.4997 	 0.4832 	 1.1018 	 0.0074 	 -0.0010 	 -0.0020
2.2645 	 -6.3683 	 0.8007 	 1.6856 	 -3.4996 	 0.4831 	 1.1018 	 0.0073 	 -0.0010 	 -0.0020
2.2745 	 -6.4033 	 0.8055 	 1.6967 	 -3.4996 	 0.4831 	 1.1018 	 0.0072 	 -0.0010 	 -0.0020
2.2846 	 -6.4384 	 0.8104 	 1.7077 	 -3.4995 	 0.4831 	 1.1018 	 0.0071 	 -0.0010 	 -0.0020
2.2946 	 -6.4735 	 0.8152 	 1.7187 	 -3.4994 	 0.4831 	 1.1017 	 0.0071 	 -0.0010 	 -0.0020
2.3046 	 -6.5085 	 0.8200 	 1.7298 	 -3.4994 	 0.4831 	 1.1017 	 0.0070 	 -0.0009 	 -0.0019
2.3146 	 -6.5436 	 0.8249 	 1.7408 	 -3.4993 	 0.4831 	 1.1017 	 0.0069 	 -0.0009 	 -0.0019
2.3246 	 -6.5786 	 0.8297 	 1.7518 	 -3.4992 	 0.4831 	 1.1017 	 0.0068 	 -0.0009 	 -0.0019
2.3347 	 -6.6137 	 0.8346 	 1.7629 	 -3.4991 	 0.4831 	 1.1017 	 0.0068 	 -0.0009 	 -0.0019
2.3447 	 -6.6488 	 0.8394 	 1.7739 	 -3.4991 	 0.4831 	 1.1016 	 0.0067 	 -0.0009 	 -0.0019
2.3547 	 -6.6838 	 0.8442 	 1.7850 	 -3.4990 	 0.4831 	 1.1016 	 0.0066 	 -0.0009 	 -0.0018
2.3647 	 -6.7189 	 0.8491 	 1.7960 	 -3.4989 	 0.4831 	 1.1016 	 0.0065 	 -0.0009 	 -0.0018
2.3747 	 -6.7540 	 0.8539 	 1.8070 	 -3.4989 	 0.4830 	 1.1016 	 0.0065 	 -0.0009 	 -0.0018
2.3848 	 -6.7890 	 0.8588 	 1.8181 	 -3.4988 	 0.4830 	 1.1016 	 0.0064 	 -0.0009 	 -0.0018
2.3948 	 -6.8241 	 0.8636 	 1.8291 	 -3.4988 	 0.4830 	 1.1015 	 0.0063 	 -0.0009 	 -0.0018
2.4048 	 -6.8591 	 0.8684 	 1.8402 	 -3.4987 	 0.4830 	 1.1015 	 0.0063 	 -0.0008 	 -0.0018
2.4148 	 -6.8942 	 0.8733 	 1.8512 	 -3.4986 	 0.4830 	 1.1015 	 0.0062 	 -0.0008 	 -0.0017
2.4248 	 -6.9292 	 0.8781 	 1.8622 	 -3.4986 	 0.4830 	 1.1015 	 0.0061 	 -0.0008 	 -0.0017
2.4349 	 -6.9643 	 0.8830 	 1.8733 	 -3.4985 	 0.4830 	 1.1015 	 0.0061 	 -0.0008 	 -0.0017
2.4449 	 -6.9993 	 0.8878 	 1.8843 	 -3.4984 	 0.4830 	 1.1015 	 0.0060 	 -0.0008 	 -0.0017
2.4549 	 -7.0344 	 0.8926 	 1.8953 	 -3.4984 	 0.4830 	 1.1014 	 0.0060 	 -0.0008 	 -0.0017
2.4649 	 -7.0695 	 0.8975 	 1.9064 	 -3.4983 	 0.4830 	 1.1014 	 0.0059 	 -0.0008 	 -0.0017
2.4749 	 -7.1045 	 0.9023 	 1.9174 	 -3.4983 	 0.4830 	 1.1014 	 0.0058 	 -0.0008 	 -0.0017
2.4850 	 -7.1396 	 0.9072 	 1.9284 	 -3.4982 	 0.4830 	 1.1014 	 0.0058 	 -0.0008 	 -0.0016
2.4950 	 -7.1746 	 0.9120 	 1.9395 	 -3.4981 	 0.4829 	 1.1014 	 0.0057 	 -0.0008 	 -0.0016
2.5050 	 -7.2097 	 0.9168 	 1.9505 	 -3.4981 	 0.4829 	 1.1014 	 0.0057 	 -0.0008 	 -0.0016
2.5150 	 -7.2447 	 0.9217 	 1.9616 	 -3.4980 	 0.4829 	 1.1013 	 0.0056 	 -0.0008 	 -0.0016
2.5251 	 -7.2798 	 0.9265 	 1.9726 	 -3.4980 	 0.4829 	 1.1013 	 0.0056 	 -0.0008 	 -0.0016
2.5351 	 -7.3148 	 0.9313 	 1.9836 	 -3.4979 	 0.4829 	 1.1013 	 0.0055 	 -0.0007 	 -0.0016
2.5451 	 -7.3499 	 0.9362 	 1.9947 	 -3.4979 	 0.4829 	 1.1013 	 0.0054 	 -0.0007 	 -0.0015
2.5551 	 -7.3849 	 0.9410 	 2.0057 	 -3.4978 	 0.4829 	 1.1013 	 0.0054 	 -0.0007 	 -0.0015
2.5651 	 -7.4200 	 0.9459 	 2.0167 	 -3.4978 	 0.4829 	 1.1013 	 0.0053 	 -0.0007 	 -0.0015
2.5752 	 -7.4550 	 0.9507 	 2.0278 	 -3.4977 	 0.4829 	 1.1013 	 0.0053 	 -0.0007 	 -0.0015
2.5852 	 -7.4901 	 0.9555 	 2.0388 	 -3.4977 	 0.4829 	 1.1012 	 0.0052 	 -0.0007 	 -0.0015
2.5952 	 -7.5251 	 0.9604 	 2.0498 	 -3.4976 	 0.4829 	 1.1012 	 0.0052 	 -0.0007 	 -0.0015
2.6052 	 -7.5601 	 0.9652 	 2.0609 	 -3.4975 	 0.4829 	 1.1012 	 0.0051 	 -0.0007 	 -0.0015
2.6152 	 -7.5952 	 0.9701 	 2.0719 	 -3.4975 	 0.4829 	 1.1012 	 0.0051 	 -0.0007 	 -0.0015
2.6253 	 -7.6302 	 0.9749 	 2.0829 	 -3.4974 	 0.4828 	 1.1012 	 0.0050 	 -0.0007 	 -0.0014
2.6353 	 -7.6653 	 0.9797 	 2.0940 	 -3.4974 	 0.4828 	 1.1012 	 0.0050 	 -0.0007 	 -0.0014
2.6453 	 -7.7003 	 0.9846 	 2.1050 	 -3.4973 	 0.4828 	 1.1011 	 0.0050 	 -0.0007 	 -0.0014
2.6553 	 -7.7354 	 0.9894 	 2.1160 	 -3.4973 	 0.4828 	 1.1011 	 0.0049 	 -0.0007 	 -0.0014
2.6653 	 -7.7704 	 0.9942 	 2.1271 	 -3.4972 	 0.4828 	 1.1011 	 0.0049 	 -0.0007 	 -0.0014
2.6754 	 -7.8055 	 0.9991 	 2.1381 	 -3.4972 	 0.4828 	 1.1011 	 0.0048 	 -0.0007 	 -0.0014
2.6854 	 -7.8405 	 1.0039 	 2.1491 	 -3.4972 	 0.4828 	 1.1011 	 0.0048 	 -0.0007 	 -0.0014
2.6954 	 -7.8755 	 1.0088 	 2.1602 	 -3.4971 	 0.4828 	 1.1011 	 0.0047 	 -0.0006 	 -0.0014
2.7054 	 -7.9106 	 1.0136 	 2.1712 	 -3.4971 	 0.4828 	 1.1011 	 0.0047 	 -0.0006 	 -0.0014
2.7154 	 -7.9456 	 1.0184 	 2.1822 	 -3.4970 	 0.4828 	 1.1011 	 0.0046 	 -0.0006 	 -0.0013
2.7255 	 -7.9807 	 1.0233 	 2.1933 	 -3.4970 	 0.4828 	 1.1010 	 0.0046 	 -0.0006 	 -0.0013
2.7355 	 -8.0157 	 1.0281 	 2.2043 	 -3.4969 	 0.4828 	 1.1010 	 0.0046 	 -0.0006 	 -0.0013
2.7455 	 -8.0507 	 1.0329 	 2.2153 	 -3.4969 	 0.4828 	 1.1010 	 0.0045 	 -0.0006 	 -0.0013
2.7555 	 -8.0858 	 1.0378 	 2.2264 	 -3.4968 	 0.4828 	 1.1010 	 0.0045 	 -0.0006 	 -0.0013
2.7655 	 -8.1208 	 1.0426 	 2.2374 	 -3.4968 	 0.4828 	 1.1010 	 0.0044 	 -0.0006 	 -0.0013
2.7756 	 -8.1559 	 1.0475 	 2.2484 	 -3.4967 	 0.4828 	 1.1010 	 0.0044 	 -0.0006 	 -0.0013
2.7856 	 -8.1909 	 1.0523 	 2.2595 	 -3.4967 	 0.4827 	 1.1010 	 0.0044 	 -0.0006 	 -0.0013
2.7956 	 -8.2259 	 1.0571 	 2.2705 	 -3.4967 	 0.4827 	 1.1009 	 0.0043 	 -0.0006 	 -0.0013
2.8056 	 -8.2610 	 1.0620 	 2.2815 	 -3.4966 	 0.4827 	 1.1009 	 0.0043 	 -0.0006 	 -0.0012
2.8156 	 -8.2960 	 1.0668 	 2.2926 	 -3.4966 	 0.4827 	 1.1009 	 0.0043 	 -0.0006 	 -0.0012
2.8257 	 -8.3310 	 1.0716 	 2.3036 	 -3.4965 	 0.4827 	 1.1009 	 0.0042 	 -0.0006 	 -0.0012
2.8357 	 -8.3661 	 1.0765 	 2.3146 	 -3.4965 	 0.4827 	 1.1009 	 0.0042 	 -0.0006 	 -0.0012
2.8457 	 -8.4011 	 1.0813 	 2.3256 	 -3.4964 	 0.4827 	 1.1009 	 0.0041 	 -0.0006 	 -0.0012
2.8557 	 -8.4361 	 1.0862 	 2.3367 	 -3.4964 	 0.4827 	 1.1009 	 0.0041 	 -0.0006 	 -0.0012
2.8657 	 -8.4712 	 1.0910 	 2.3477 	 -3.4964 	 0.4827 	 1.1009 	 0.0041 	 -0.0006 	 -0.0012
2.8758 	 -8.5062 	 1.0958 	 2.3587 	 -3.4963 	 0.4827 	 1.1008 	 0.0040 	 -0.0006 	 -0.0012
2.8858 	 -8.5412 	 1.1007 	 2.3698 	 -3.4963 	 0.4827 	 1.1008 	 0.0040 	 -0.0005 	 -0.0012
2.8958 	 -8.5763 	 1.1055 	 2.3808 	 -3.4962 	 0.4827 	 1.1008 	 0.0040 	 -0.0005 	 -0.0012
2.9058 	 -8.6113 	 1.1103 	 2.3918 	 -3.4962 	 0.4827 	 1.1008 	 0.0039 	 -0.0005 	 -0.0011
2.9158 	 -8.6463 	 1.1152 	 2.4029 	 -3.4962 	 0.4827 	 1.1008 	 0.0039 	 -0.0005 	 -0.0011
2.9259 	 -8.6814 	 1.1200 	 2.4139 	 -3.4961 	 0.4827 	 1.1008 	 0.0039 	 -0.0005 	 -0.0011
2.9359 	 -8.7164 	 1.1248 	 2.4249 	 -3.4961 	 0.4827 	 1.1008 	 0.0038 	 -0.0005 	 -0.0011
2.9459 	 -8.7514 	 1.1297 	 2.4359 	 -3.4960 	 0.4827 	 1.1008 	 0.0038 	 -0.0005 	 -0.0011
2.9559 	 -8.7865 	 1.1345 	 2.4470 	 -3.4960 	 0.4827 	 1.1008 	 0.0038 	 -0.0005 	 -0.0011
2.9659 	 -8.8215 	 1.1394 	 2.4580 	 -3.4960 	 0.4826 	 1.1007 	 0.0038 	 -0.0005 	 -0.0011
2.9760 	 -8.8565 	 1.1442 	 2.4690 	 -3.4959 	 0.4826 	 1.1007 	 0.0037 	 -0.0005 	 -0.0011
2.9860 	 -8.8915 	 1.1490 	 2.4801 	 -3.4959 	 0.4826 	 1.1007 	 0.0037 	 -0.0005 	 -0.0011
2.9960 	 -8.9266 	 1.1539 	 2.4911 	 -3.4959 	 0.4826 	 1.1007 	 0.0037 	 -0.0005 	 -0.0011
3.0060 	 -8.9616 	 1.1587 	 2.5021 	 -3.4958 	 0.4826 	 1.1007 	 0.0036 	 -0.0005 	 -0.0011
3.0160 	 -8.9966 	 1.1635 	 2.5132 	 -3.4958 	 0.4826 	 1.1007 	 0.0036 	 -0.0005 	 -0.0011
3.0261 	 -9.0317 	 1.1684 	 2.5242 	 -3.4957 	 0.4826 	 1.1007 	 0.0036 	 -0.0005 	 -0.0011
3.0361 	 -9.0667 	 1.1732 	 2.5352 	 -3.4957 	 0.4826 	 1.1007 	 0.0035 	 -0.0005 	 -0.0010
3.0461 	 -9.1017 	 1.1780 	 2.5462 	 -3.4957 	 0.4826 	 1.1007 	 0.0035 	 -0.0005 	 -0.0010
3.0561 	 -9.1367 	 1.1829 	 2.5573 	 -3.4956 	 0.4826 	 1.1007 	 0.0035 	 -0.0005 	 -0.0010
3.0661 	 -9.1718 	 1.1877 	 2.5683 	 -3.4956 	 0.4826 	 1.1006 	 0.0035 	 -0.0005 	 -0.0010
3.0762 	 -9.2068 	 1.1925 	 2.5793 	 -3.4956 	 0.4826 	 1.1006 	 0.0034 	 -0.0005 	 -0.0010
3.0862 	 -9.2418 	 1.1974 	 2.5904 	 -3.4955 	 0.4826 	 1.1006 	 0.0034 	 -0.0005 	 -0.0010
3.0962 	 -9.2768 	 1.2022 	 2.6014 	 -3.4955 	 0.4826 	 1.1006 	 0.0034 	 -0.0005 	 -0.0010
3.1062 	 -9.3119 	 1.2071 	 2.6124 	 -3.4955 	 0.4826 	 1.1006 	 0.0034 	 -0.0005 	 -0.0010
3.1162 	 -9.3469 	 1.2119 	 2.6234 	 -3.4954 	 0.4826 	 1.1006 	 0.0033 	 -0.0005 	 -0.0010
3.1263 	 -9.3819 	 1.2167 	 2.6345 	 -3.4954 	 0.4826 	 1.1006 	 0.0033 	 -0.0005 	 -0.0010
3.1363 	 -9.4169 	 1.2216 	 2.6455 	 -3.4954 	 0.4826 	 1.1006 	 0.0033 	 -0.0005 	 -0.0010
3.1463 	 -9.4520 	 1.2264 	 2.6565 	 -3.4953 	 0.4826 	 1.1006 	 0.0033 	 -0.0004 	 -0.0010
3.1563 	 -9.4870 	 1.2312 	 2.6675 	 -3.4953 	 0.4826 	 1.1006 	 0.0032 	 -0.0004 	 -0.0010
3.1663 	 -9.5220 	 1.2361 	 2.6786 	 -3.4953 	 0.4825 	 1.1005 	 0.0032 	 -0.0004 	 -0.0009
3.1764 	 -9.5570 	 1.2409 	 2.6896 	 -3.4952 	 0.4825 	 1.1005 	 0.0032 	 -0.0004 	 -0.0009
3.1864 	 -9.5921 	 1.2457 	 2.7006 	 -3.4952 	 0.4825 	 1.1005 	 0.0032 	 -0.0004 	 -0.0009
3.1964 	 -9.6271 	 1.2506 	 2.7117 	 -3.4952 	 0.4825 	 1.1005 	 0.0031 	 -0.0004 	 -0.0009
3.2064 	 -9.6621 	 1.2554 	 2.7227 	 -3.4951 	 0.4825 	 1.1005 	 0.0031 	 -0.0004 	 -0.0009
3.2164 	 -9.6971 	 1.2602 	 2.7337 	 -3.4951 	 0.4825 	 1.1005 	 0.0031 	 -0.0004 	 -0.0009
3.2265 	 -9.7321 	 1.2651 	 2.7447 	 -3.4951 	 0.4825 	 1.1005 	 0.0031 	 -0.0004 	 -0.0009
3.2365 	 -9.7672 	 1.2699 	 2.7558 	 -3.4951 	 0.4825 	 1.1005 	 0.0030 	 -0.0004 	 -0.0009
3.2465 	 -9.8022 	 1.2747 	 2.7668 	 -3.4950 	 0.4825 	 1.1005 	 0.0030 	 -0.0004 	 -0.0009
3.2565 	 -9.8372 	 1.2796 	 2.7778 	 -3.4950 	 0.4825 	 1.1005 	 0.0030 	 -0.0004 	 -0.0009
3.2665 	 -9.8722 	 1.2844 	 2.7888 	 -3.4950 	 0.4825 	 1.1005 	 0.0030 	 -0.0004 	 -0.0009
3.2766 	 -9.9072 	 1.2893 	 2.7999 	 -3.4949 	 0.4825 	 1.1004 	 0.0029 	 -0.0004 	 -0.0009
3.2866 	 -9.9423 	 1.2941 	 2.8109 	 -3.4949 	 0.4825 	 1.1004 	 0.0029 	 -0.0004 	 -0.0008
3.2966 	 -9.9773 	 1.2989 	 2.8219 	 -3.4949 	 0.4825 	 1.1004 	 0.0028 	 -0.0004 	 -0.0008
3.3066 	 -10.0123 	 1.3038 	 2.8330 	 -3.4948 	 0.4825 	 1.1004 	 0.0028 	 -0.0004 	 -0.0008
3.3166 	 -10.0473 	 1.3086 	 2.8440 	 -3.4948 	 0.4825 	 1.1004 	 0.0028 	 -0.0004 	 -0.0008
3.3267 	 -10.0823 	 1.3134 	 2.8550 	 -3.4948 	 0.4825 	 1.1004 	 0.0028 	 -0.0004 	 -0.0008
3.3367 	 -10.1174 	 1.3183 	 2.8660 	 -3.4948 	 0.4825 	 1.1004 	 0.0028 	 -0.0004 	 -0.0008
3.3467 	 -10.1524 	 1.3231 	 2.8771 	 -3.4947 	 0.4825 	 1.1004 	 0.0027 	 -0.0004 	 -0.0008
3.3567 	 -10.1874 	 1.3279 	 2.8881 	 -3.4947 	 0.4825 	 1.1004 	 0.0027 	 -0.0004 	 -0.0008
3.3667 	 -10.2224 	 1.3328 	 2.8991 	 -3.4947 	 0.4825 	 1.1004 	 0.0027 	 -0.0004 	 -0.0008
3.3768 	 -10.2574 	 1.3376 	 2.9101 	 -3.4947 	 0.4825 	 1.1004 	 0.0027 	 -0.0004 	 -0.0008
3.3868 	 -10.2924 	 1.3424 	 2.9212 	 -3.4946 	 0.4825 	 1.1004 	 0.0027 	 -0.0004 	 -0.0008
3.3968 	 -10.3275 	 1.3473 	 2.9322 	 -3.4946 	 0.4825 	 1.1003 	 0.0027 	 -0.0004 	 -0.0008
3.4068 	 -10.3625 	 1.3521 	 2.9432 	 -3.4946 	 0.4825 	 1.1003 	 0.0026 	 -0.0004 	 -0.0008
3.4168 	 -10.3975 	 1.3569 	 2.9542 	 -3.4945 	 0.4825 	 1.1003 	 0.0026 	 -0.0004 	 -0.0008
3.4269 	 -10.4325 	 1.3618 	 2.9653 	 -3.4945 	 0.4824 	 1.1003 	 0.0026 	 -0.0004 	 -0.0008
3.4369 	 -10.4675 	 1.3666 	 2.9763 	 -3.4945 	 0.4824 	 1.1003 	 0.0026 	 -0.0004 	 -0.0008
3.4469 	 -10.5025 	 1.3714 	 2.9873 	 -3.4945 	 0.4824 	 1.1003 	 0.0026 	 -0.0004 	 -0.0008
3.4569 	 -10.5375 	 1.3763 	 2.9983 	 -3.4944 	 0.4824 	 1.1003 	 0.0025 	 -0.0004 	 -0.0008
3.4669 	 -10.5726 	 1.3811 	 3.0094 	 -3.4944 	 0.4824 	 1.1003 	 0.0025 	 -0.0003 	 -0.0008
3.4770 	 -10.6076 	 1.3859 	 3.0204 	 -3.4944 	 0.4824 	 1.1003 	 0.0025 	 -0.0003 	 -0.0007
3.4870 	 -10.6426 	 1.3908 	 3.0314 	 -3.4944 	 0.4824 	 1.1003 	 0.0025 	 -0.0003 	 -0.0007
3.4970 	 -10.6776 	 1.3956 	 3.0424 	 -3.4943 	 0.4824 	 1.1003 	 0.0025 	 -0.0003 	 -0.0007
3.5070 	 -10.7126 	 1.4004 	 3.0535 	 -3.4943 	 0.4824 	 1.1003 	 0.0025 	 -0.0003 	 -0.0007
3.5170 	 -10.7476 	 1.4053 	 3.0645 	 -3.4943 	 0.4824 	 1.1003 	 0.0024 	 -0.0003 	 -0.0007
3.5271 	 -10.7826 	 1.4101 	 3.0755 	 -3.4943 	 0.4824 	 1.1002 	 0.0024 	 -0.0003 	 -0.0007
3.5371 	 -10.8177 	 1.4149 	 3.0865 	 -3.4942 	 0.4824 	 1.1002 	 0.0024 	 -0.0003 	 -0.0007
3.5471 	 -10.8527 	 1.4198 	 3.0976 	 -3.4942 	 0.4824 	 1.1002 	 0.0024 	 -0.0003 	 -0.0007
3.5571 	 -10.8877 	 1.4246 	 3.1086 	 -3.4942 	 0.4824 	 1.1002 	 0.0024 	 -0.0003 	 -0.0007
3.5671 	 -10.9227 	 1.4294 	 3.1196 	 -3.4942 	 0.4824 	 1.1002 	 0.0024 	 -0.0003 	 -0.0007
3.5772 	 -10.9577 	 1.4343 	 3.1306 	 -3.4941 	 0.4824 	 1.1002 	 0.0024 	 -0.0003 	 -0.0007
3.5872 	 -10.9927 	 1.4391 	 3.1417 	 -3.4941 	 0.4824 	 1.1002 	 0.0023 	 -0.0003 	 -0.0007
3.5972 	 -11.0277 	 1.4439 	 3.1527 	 -3.4941 	 0.4824 	 1.1002 	 0.0023 	 -0.0003 	 -0.0007
3.6072 	 -11.0627 	 1.4488 	 3.1637 	 -3.4941 	 0.4824 	 1.1002 	 0.0023 	 -0.0003 	 -0.0007
3.6172 	 -11.0977 	 1.4536 	 3.1747 	 -3.4941 	 0.4824 	 1.1002 	 0.0023 	 -0.0003 	 -0.0007
3.6273 	 -11.1328 	 1.4584 	 3.1858 	 -3.4940 	 0.4824 	 1.1002 	 0.0023 	 -0.0003 	 -0.0007
3.6373 	 -11.1678 	 1.4633 	 3.1968 	 -3.4940 	 0.4824 	 1.1002 	 0.0023 	 -0.0003 	 -0.0007
3.6473 	 -11.2028 	 1.4681 	 3.2078 	 -3.4940 	 0.4824 	 1.1002 	 0.0022 	 -0.0003 	 -0.0007
3.6573 	 -11.2378 	 1.4729 	 3.2188 	 -3.4940 	 0.4824 	 1.1002 	 0.0022 	 -0.0003 	 -0.0007
3.6673 	 -11.2728 	 1.4778 	 3.2298 	 -3.4939 	 0.4824 	 1.1001 	 0.0022 	 -0.0003 	 -0.0007
3.6774 	 -11.3078 	 1.4826 	 3.2409 	 -3.4939 	 0.4824 	 1.1001 	 0.0022 	 -0.0003 	 -0.0007
3.6874 	 -11.3428 	 1.4874 	 3.2519 	 -3.4939 	 0.4824 	 1.1001 	 0.0022 	 -0.0003 	 -0.0007
3.6974 	 -11.3778 	 1.4923 	 3.2629 	 -3.4939 	 0.4824 	 1.1001 	 0.0022 	 -0.0003 	 -0.0007
3.7074 	 -11.4128 	 1.4971 	 3.2739 	 -3.4939 	 0.4824 	 1.1001 	 0.0022 	 -0.0003 	 -0.0006
3.7174 	 -11.4478 	 1.5019 	 3.2850 	 -3.4938 	 0.4824 	 1.1001 	 0.0022 	 -0.0003 	 -0.0006
3.7275 	 -11.4828 	 1.5068 	 3.2960 	 -3.4938 	 0.4823 	 1.1001 	 0.0021 	 -0.0003 	 -0.0006
3.7375 	 -11.5179 	 1.5116 	 3.3070 	 -3.4938 	 0.4823 	 1.1001 	 0.0021 	 -0.0003 	 -0.0006
3.7475 	 -11.5529 	 1.5164 	 3.3180 	 -3.4938 	 0.4823 	 1.1001 	 0.0021 	 -0.0003 	 -0.0006
3.7575 	 -11.5879 	 1.5213 	 3.3291 	 -3.4937 	 0.4823 	 1.1001 	 0.0021 	 -0.0003 	 -0.0006
3.7675 	 -11.6229 	 1.5261 	 3.3401 	 -3.4937 	 0.4823 	 1.1001 	 0.0021 	 -0.0003 	 -0.0006
3.7776 	 -11.6579 	 1.5309 	 3.3511 	 -3.4937 	 0.4823 	 1.1001 	 0.0021 	 -0.0003 	 -0.0006
3.7876 	 -11.6929 	 1.5358 	 3.3621 	 -3.4937 	 0.4823 	 1.1001 	 0.0021 	 -0.0003 	 -0.0006
3.7976 	 -11.7279 	 1.5406 	 3.3731 	 -3.4937 	 0.4823 	 1.1001 	 0.0020 	 -0.0003 	 -0.0006
3.8076 	 -11.7629 	 1.5454 	 3.3842 	 -3.4936 	 0.4823 	 1.1001 	 0.0020 	 -0.0003 	 -0.0006
3.8176 	 -11.7979 	 1.5503 	 3.3952 	 -3.4936 	 0.4823 	 1.1001 	 0.0020 	 -0.0003 	 -0.0006
3.8277 	 -11.8329 	 1.5551 	 3.4062 	 -3.4936 	 0.4823 	 1.1000 	 0.0020 	 -0.0003 	 -0.0006
3.8377 	 -11.8679 	 1.5599 	 3.4172 	 -3.4936 	 0.4823 	 1.1000 	 0.0020 	 -0.0003 	 -0.0006
3.8477 	 -11.9029 	 1.5648 	 3.4283 	 -3.4936 	 0.4823 	 1.1000 	 0.0020 	 -0.0003 	 -0.0006
3.8577 	 -11.9379 	 1.5696 	 3.4393 	 -3.4935 	 0.4823 	 1.1000 	 0.0020 	 -0.0003 	 -0.0006
3.8677 	 -11.9729 	 1.5744 	 3.4503 	 -3.4935 	 0.4823 	 1.1000 	 0.0020 	 -0.0003 	 -0.0006
3.8778 	 -12.0079 	 1.5793 	 3.4613 	 -3.4935 	 0.4823 	 1.1000 	 0.0020 	 -0.0003 	 -0.0006
3.8878 	 -12.0429 	 1.5841 	 3.4723 	 -3.4935 	 0.4823 	 1.1000 	 0.0019 	 -0.0003 	 -0.0006
3.8978 	 -12.0780 	 1.5889 	 3.4834 	 -3.4935 	 0.4823 	 1.1000 	 0.0019 	 -0.0003 	 -0.0006
3.9078 	 -12.1130 	 1.5938 	 3.4944 	 -3.4934 	 0.4823 	 1.1000 	 0.0019 	 -0.0003 	 -0.0006
3.9178 	 -12.1480 	 1.5986 	 3.5054 	 -3.4934 	 0.4823 	 1.1000 	 0.0019 	 -0.0003 	 -0.0006
3.9279 	 -12.1830 	 1.6034 	 3.5164 	 -3.4934 	 0.4823 	 1.1000 	 0.0019 	 -0.0003 	 -0.0006
3.9379 	 -12.2180 	 1.6083 	 3.5275 	 -3.4934 	 0.4823 	 1.1000 	 0.0019 	 -0.0003 	 -0.0006
3.9479 	 -12.2530 	 1.6131 	 3.5385 	 -3.4934 	 0.4823 	 1.1000 	 0.0019 	 -0.0003 	 -0.0006
3.9579 	 -12.2880 	 1.6179 	 3.5495 	 -3.4933 	 0.4823 	 1.1000 	 0.0019 	 -0.0003 	 -0.0006
3.9679 	 -12.3230 	 1.6228 	 3.5605 	 -3.4933 	 0.4823 	 1.1000 	 0.0019 	 -0.0003 	 -0.0006
3.9780 	 -12.3580 	 1.6276 	 3.5715 	 -3.4933 	 0.4823 	 1.1000 	 0.0018 	 -0.0003 	 -0.0006
3.9880 	 -12.3930 	 1.6324 	 3.5826 	 -3.4933 	 0.4823 	 1.1000 	 0.0018 	 -0.0003 	 -0.0006
3.9980 	 -12.4280 	 1.6373 	 3.5936 	 -3.4933 	 0.4823 	 1.0999 	 0.0018 	 -0.0003 	 -0.0005
4.0080 	 -12.4630 	 1.6421 	 3.6046 	 -3.4933 	 0.4823 	 1.0999 	 0.0018 	 -0.0002 	 -0.0005
4.0180 	 -12.4980 	 1.6469 	 3.6156 	 -3.4932 	 0.4823 	 1.0999 	 0.0018 	 -0.0002 	 -0.0005
4.0281 	 -12.5330 	 1.6518 	 3.6267 	 -3.4932 	 0.4823 	 1.0999 	 0.0018 	 -0.0002 	 -0.0005
4.0381 	 -12.5680 	 1.6566 	 3.6377 	 -3.4932 	 0.4823 	 1.0999 	 0.0018 	 -0.0002 	 -0.0005
4.0481 	 -12.6030 	 1.6614 	 3.6487 	 -3.4932 	 0.4823 	 1.0999 	 0.0018 	 -0.0002 	 -0.0005
4.0581 	 -12.6380 	 1.6663 	 3.6597 	 -3.4932 	 0.4823 	 1.0999 	 0.0018 	 -0.0002 	 -0.0005
4.0681 	 -12.6730 	 1.6711 	 3.6707 	 -3.4932 	 0.4823 	 1.0999 	 0.0018 	 -0.0002 	 -0.0005
4.0782 	 -12.7080 	 1.6759 	 3.6818 	 -3.4931 	 0.4823 	 1.0999 	 0.0017 	 -0.0002 	 -0.0005
4.0882 	 -12.7430 	 1.6808 	 3.6928 	 -3.4931 	 0.4823 	 1.0999 	 0.0017 	 -0.0002 	 -0.0005
4.0982 	 -12.7780 	 1.6856 	 3.7038 	 -3.4931 	 0.4823 	 1.0999 	 0.0017 	 -0.0002 	 -0.0005
4.1082 	 -12.8130 	 1.6904 	 3.7148 	 -3.4931 	 0.4822 	 1.0999 	 0.0017 	 -0.0002 	 -0.0005
4.1182 	 -12.8480 	 1.6952 	 3.7258 	 -3.4931 	 0.4822 	 1.0999 	 0.0017 	 -0.0002 	 -0.0005
4.1283 	 -12.8830 	 1.7001 	 3.7369 	 -3.4930 	 0.4822 	 1.0999 	 0.0017 	 -0.0002 	 -0.0005
4.1383 	 -12.9180 	 1.7049 	 3.7479 	 -3.4930 	 0.4822 	 1.0999 	 0.0017 	 -0.0002 	 -0.0005
4.1483 	 -12.9530 	 1.7097 	 3.7589 	 -3.4930 	 0.4822 	 1.0999 	 0.0017 	 -0.0002 	 -0.0005
4.1583 	 -12.9880 	 1.7146 	 3.7699 	 -3.4930 	 0.4822 	 1.0999 	 0.0017 	 -0.0002 	 -0.0005
4.1683 	 -13.0230 	 1.7194 	 3.7809 	 -3.4930 	 0.4822 	 1.0999 	 0.0017 	 -0.0002 	 -0.0005
4.1784 	 -13.0580 	 1.7242 	 3.7920 	 -3.4930 	 0.4822 	 1.0999 	 0.0016 	 -0.0002 	 -0.0005
4.1884 	 -13.0930 	 1.7291 	 3.8030 	 -3.4929 	 0.4822 	 1.0998 	 0.0016 	 -0.0002 	 -0.0005
4.1984 	 -13.1280 	 1.7339 	 3.8140 	 -3.4929 	 0.4822 	 1.0998 	 0.0016 	 -0.0002 	 -0.0005
4.2084 	 -13.1630 	 1.7387 	 3.8250 	 -3.4929 	 0.4822 	 1.0998 	 0.0016 	 -0.0002 	 -0.0005
4.2184 	 -13.1980 	 1.7436 	 3.8360 	 -3.4929 	 0.4822 	 1.0998 	 0.0016 	 -0.0002 	 -0.0005
4.2285 	 -13.2330 	 1.7484 	 3.8471 	 -3.4929 	 0.4822 	 1.0998 	 0.0016 	 -0.0002 	 -0.0005
4.2385 	 -13.2680 	 1.7532 	 3.8581 	 -3.4929 	 0.4822 	 1.0998 	 0.0016 	 -0.0002 	 -0.0005
4.2485 	 -13.3030 	 1.7581 	 3.8691 	 -3.4928 	 0.4822 	 1.0998 	 0.0016 	 -0.0002 	 -0.0005
4.2585 	 -13.3380 	 1.7629 	 3.8801 	 -3.4928 	 0.4822 	 1.0998 	 0.0016 	 -0.0002 	 -0.0005
4.2685 	 -13.3730 	 1.7677 	 3.8912 	 -3.4928 	 0.4822 	 1.0998 	 0.0016 	 -0.0002 	 -0.0005
4.2786 	 -13.4080 	 1.7726 	 3.9022 	 -3.4928 	 0.4822 	 1.0998 	 0.0016 	 -0.0002 	 -0.0005
4.2886 	 -13.4430 	 1.7774 	 3.9132 	 -3.4928 	 0.4822 	 1.0998 	 0.0016 	 -0.0002 	 -0.0005
4.2986 	 -13.4780 	 1.7822 	 3.9242 	 -3.4928 	 0.4822 	 1.0998 	 0.0015 	 -0.0002 	 -0.0005
4.3086 	 -13.5130 	 1.7871 	 3.9352 	 -3.4928 	 0.4822 	 1.0998 	 0.0015 	 -0.0002 	 -0.0005
4.3186 	 -13.5480 	 1.7919 	 3.9463 	 -3.4927 	 0.4822 	 1.0998 	 0.0015 	 -0.0002 	 -0.0005
4.3287 	 -13.5830 	 1.7967 	 3.9573 	 -3.4927 	 0.4822 	 1.0998 	 0.0015 	 -0.0002 	 -0.0005
4.3387 	 -13.6180 	 1.8016 	 3.9683 	 -3.4927 	 0.4822 	 1.0998 	 0.0015 	 -0.0002 	 -0.0005
4.3487 	 -13.6530 	 1.8064 	 3.9793 	 -3.4927 	 0.4822 	 1.0998 	 0.0015 	 -0.0002 	 -0.0005
4.3587 	 -13.6880 	 1.8112 	 3.9903 	 -3.4927 	 0.4822 	 1.0998 	 0.0015 	 -0.0002 	 -0.0005
4.3687 	 -13.7230 	 1.8160 	 4.0013 	 -3.4927 	 0.4822 	 1.0998 	 0.0015 	 -0.0002 	 -0.0005
4.3788 	 -13.7580 	 1.8209 	 4.0124 	 -3.4926 	 0.4822 	 1.0998 	 0.0015 	 -0.0002 	 -0.0004
4.3888 	 -13.7930 	 1.8257 	 4.0234 	 -3.4926 	 0.4822 	 1.0998 	 0.0015 	 -0.0002 	 -0.0004
4.3988 	 -13.8280 	 1.8305 	 4.0344 	 -3.4926 	 0.4822 	 1.0998 	 0.0015 	 -0.0002 	 -0.0004
4.4088 	 -13.8630 	 1.8354 	 4.0454 	 -3.4926 	 0.4822 	 1.0997 	 0.0015 	 -0.0002 	 -0.0004
4.4188 	 -13.8980 	 1.8402 	 4.0564 	 -3.4926 	 0.4822 	 1.0997 	 0.0015 	 -0.0002 	 -0.0004
4.4289 	 -13.9330 	 1.8450 	 4.0675 	 -3.4926 	 0.4822 	 1.0997 	 0.0014 	 -0.0002 	 -0.0004
4.4389 	 -13.9679 	 1.8499 	 4.0785 	 -3.4926 	 0.4822 	 1.0997 	 0.0014 	 -0.0002 	 -0.0004
4.4489 	 -14.0029 	 1.8547 	 4.0895 	 -3.4925 	 0.4822 	 1.0997 	 0.0014 	 -0.0002 	 -0.0004
4.4589 	 -14.0379 	 1.8595 	 4.1005 	 -3.4925 	 0.4822 	 1.0997 	 0.0014 	 -0.0002 	 -0.0004
4.4689 	 -14.0729 	 1.8644 	 4.1115 	 -3.4925 	 0.4822 	 1.0997 	 0.0014 	 -0.0002 	 -0.0004
4.4790 	 -14.1079 	 1.8692 	 4.1226 	 -3.4925 	 0.4822 	 1.0997 	 0.0014 	 -0.0002 	 -0.0004
4.4890 	 -14.1429 	 1.8740 	 4.1336 	 -3.4925 	 0.4822 	 1.0997 	 0.0014 	 -0.0002 	 -0.0004
4.4990 	 -14.1779 	 1.8789 	 4.1446 	 -3.4925 	 0.4822 	 1.0997 	 0.0014 	 -0.0002 	 -0.0004
4.5090 	 -14.2129 	 1.8837 	 4.1556 	 -3.4925 	 0.4822 	 1.0997 	 0.0014 	 -0.0002 	 -0.0004
4.5190 	 -14.2479 	 1.8885 	 4.1666 	 -3.4924 	 0.4822 	 1.0997 	 0.0014 	 -0.0002 	 -0.0004
4.5291 	 -14.2829 	 1.8933 	 4.1777 	 -3.4924 	 0.4822 	 1.0997 	 0.0014 	 -0.0002 	 -0.0004
4.5391 	 -14.3179 	 1.8982 	 4.1887 	 -3.4924 	 0.4822 	 1.0997 	 0.0014 	 -0.0002 	 -0.0004
4.5491 	 -14.3529 	 1.9030 	 4.1997 	 -3.4924 	 0.4822 	 1.0997 	 0.0014 	 -0.0002 	 -0.0004
4.5591 	 -14.3879 	 1.9078 	 4.2107 	 -3.4924 	 0.4822 	 1.0997 	 0.0014 	 -0.0002 	 -0.0004
4.5691 	 -14.4229 	 1.9127 	 4.2217 	 -3.4924 	 0.4822 	 1.0997 	 0.0013 	 -0.0002 	 -0.0004
4.5792 	 -14.4579 	 1.9175 	 4.2328 	 -3.4924 	 0.4822 	 1.0997 	 0.0013 	 -0.0002 	 -0.0004
4.5892 	 -14.4929 	 1.9223 	 4.2438 	 -3.4924 	 0.4821 	 1.0997 	 0.0013 	 -0.0002 	 -0.0004
4.5992 	 -14.5279 	 1.9272 	 4.2548 	 -3.4923 	 0.4821 	 1.0997 	 0.0013 	 -0.0002 	 -0.0004
4.6092 	 -14.5629 	 1.9320 	 4.2658 	 -3.4923 	 0.4821 	 1.0997 	 0.0013 	 -0.0002 	 -0.0004
4.6192 	 -14.5978 	 1.9368 	 4.2768 	 -3.4923 	 0.4821 	 1.0997 	 0.0013 	 -0.0002 	 -0.0004
4.6293 	 -14.6328 	 1.9417 	 4.2878 	 -3.4923 	 0.4821 	 1.0997 	 0.0013 	 -0.0002 	 -0.0004
4.6393 	 -14.6678 	 1.9465 	 4.2989 	 -3.4923 	 0.4821 	 1.0996 	 0.0013 	 -0.0002 	 -0.0004
4.6493 	 -14.7028 	 1.9513 	 4.3099 	 -3.4923 	 0.4821 	 1.0996 	 0.0013 	 -0.0002 	 -0.0004
4.6593 	 -14.7378 	 1.9562 	 4.3209 	 -3.4923 	 0.4821 	 1.0996 	 0.0013 	 -0.0002 	 -0.0004
4.6693 	 -14.7728 	 1.9610 	 4.3319 	 -3.4922 	 0.4821 	 1.0996 	 0.0013 	 -0.0002 	 -0.0004
4.6794 	 -14.8078 	 1.9658 	 4.3429 	 -3.4922 	 0.4821 	 1.0996 	 0.0013 	 -0.0002 	 -0.0004
4.6894 	 -14.8428 	 1.9706 	 4.3540 	 -3.4922 	 0.4821 	 1.0996 	 0.0013 	 -0.0002 	 -0.0004
4.6994 	 -14.8778 	 1.9755 	 4.3650 	 -3.4922 	 0.4821 	 1.0996 	 0.0013 	 -0.0002 	 -0.0004
4.7094 	 -14.9128 	 1.9803 	 4.3760 	 -3.4922 	 0.4821 	 1.0996 	 0.0013 	 -0.0002 	 -0.0004
4.7194 	 -14.9478 	 1.9851 	 4.3870 	 -3.4922 	 0.4821 	 1.0996 	 0.0013 	 -0.0002 	 -0.0004
4.7295 	 -14.9828 	 1.9900 	 4.3980 	 -3.4922 	 0.4821 	 1.0996 	 0.0012 	 -0.0002 	 -0.0004
4.7395 	 -15.0178 	 1.9948 	 4.4090 	 -3.4922 	 0.4821 	 1.0996 	 0.0012 	 -0.0002 	 -0.0004
4.7495 	 -15.0527 	 1.9996 	 4.4201 	 -3.4921 	 0.4821 	 1.0996 	 0.0012 	 -0.0002 	 -0.0004
4.7595 	 -15.0877 	 2.0045 	 4.4311 	 -3.4921 	 0.4821 	 1.0996 	 0.0012 	 -0.0002 	 -0.0004
4.7695 	 -15.1227 	 2.0093 	 4.4421 	 -3.4921 	 0.4821 	 1.0996 	 0.0012 	 -0.0002 	 -0.0004
4.7796 	 -15.1577 	 2.0141 	 4.4531 	 -3.4921 	 0.4821 	 1.0996 	 0.0012 	 -0.0002 	 -0.0004
4.7896 	 -15.1927 	 2.0190 	 4.4641 	 -3.4921 	 0.4821 	 1.0996 	 0.0012 	 -0.0002 	 -0.0004
4.7996 	 -15.2277 	 2.0238 	 4.4752 	 -3.4921 	 0.4821 	 1.0996 	 0.0012 	 -0.0002 	 -0.0004
4.8096 	 -15.2627 	 2.0286 	 4.4862 	 -3.4921 	 0.4821 	 1.0996 	 0.0012 	 -0.0002 	 -0.0004
4.8196 	 -15.2977 	 2.0334 	 4.4972 	 -3.4921 	 0.4821 	 1.0996 	 0.0012 	 -0.0002 	 -0.0004
4.8297 	 -15.3327 	 2.0383 	 4.5082 	 -3.4921 	 0.4821 	 1.0996 	 0.0012 	 -0.0002 	 -0.0004
4.8397 	 -15.3677 	 2.0431 	 4.5192 	 -3.4920 	 0.4821 	 1.0996 	 0.0012 	 -0.0002 	 -0.0004
4.8497 	 -15.4027 	 2.0479 	 4.5302 	 -3.4920 	 0.4821 	 1.0996 	 0.0012 	 -0.0002 	 -0.0004
4.8597 	 -15.4376 	 2.0528 	 4.5413 	 -3.4920 	 0.4821 	 1.0996 	 0.0012 	 -0.0002 	 -0.0004
4.8697 	 -15.4726 	 2.0576 	 4.5523 	 -3.4920 	 0.4821 	 1.0996 	 0.0012 	 -0.0002 	 -0.0004
4.8798 	 -15.5076 	 2.0624 	 4.5633 	 -3.4920 	 0.4821 	 1.0996 	 0.0012 	 -0.0002 	 -0.0004
4.8898 	 -15.5426 	 2.0673 	 4.5743 	 -3.4920 	 0.4821 	 1.0996 	 0.0012 	 -0.0002 	 -0.0004
4.8998 	 -15.5776 	 2.0721 	 4.5853 	 -3.4920 	 0.4821 	 1.0996 	 0.0012 	 -0.0002 	 -0.0004
4.9098 	 -15.6126 	 2.0769 	 4.5964 	 -3.4920 	 0.4821 	 1.0995 	 0.0011 	 -0.0002 	 -0.0004
4.9198 	 -15.6476 	 2.0818 	 4.6074 	 -3.4919 	 0.4821 	 1.0995 	 0.0011 	 -0.0002 	 -0.0003
4.9299 	 -15.6826 	 2.0866 	 4.6184 	 -3.4919 	 0.4821 	 1.0995 	 0.0011 	 -0.0002 	 -0.0003
4.9399 	 -15.7176 	 2.0914 	 4.6294 	 -3.4919 	 0.4821 	 1.0995 	 0.0011 	 -0.0002 	 -0.0003
4.9499 	 -15.7526 	 2.0962 	 4.6404 	 -3.4919 	 0.4821 	 1.0995 	 0.0011 	 -0.0002 	 -0.0003
4.9599 	 -15.7875 	 2.1011 	 4.6514 	 -3.4919 	 0.4821 	 1.0995 	 0.0011 	 -0.0002 	 -0.0003
4.9699 	 -15.8225 	 2.1059 	 4.6625 	 -3.4919 	 0.4821 	 1.0995 	 0.0011 	 -0.0002 	 -0.0003
4.9800 	 -15.8575 	 2.1107 	 4.6735 	 -3.4919 	 0.4821 	 1.0995 	 0.0011 	 -0.0002 	 -0.0003
4.9900 	 -15.8925 	 2.1156 	 4.6845 	 -3.4919 	 0.4821 	 1.0995 	 0.0011 	 -0.0002 	 -0.0003
