100-Body Run with i = 36 th particle. (Units in pc,M_solar,Myr, km s-1) 

time		 x 		 y 		 z 		 xdot 		 ydot 		 zdot 		 xddot 		 yddot 		 zddot
0.0000 	 0.1983 	 -0.3485 	 -0.2798 	 -0.0105 	 0.0090 	 -0.0136 	 -0.1982 	 1.1293 	 -0.1846
0.0100 	 0.1981 	 -0.3483 	 -0.2800 	 -0.0125 	 0.0203 	 -0.0155 	 -0.1981 	 1.1312 	 -0.1841
0.0200 	 0.1980 	 -0.3481 	 -0.2801 	 -0.0145 	 0.0317 	 -0.0173 	 -0.1961 	 1.1337 	 -0.1874
0.0301 	 0.1979 	 -0.3477 	 -0.2803 	 -0.0164 	 0.0431 	 -0.0192 	 -0.1900 	 1.1353 	 -0.1974
0.0401 	 0.1977 	 -0.3472 	 -0.2805 	 -0.0182 	 0.0543 	 -0.0213 	 -0.1567 	 1.0917 	 -0.2057
0.0501 	 0.1975 	 -0.3466 	 -0.2807 	 -0.0197 	 0.0651 	 -0.0234 	 -0.1515 	 1.0736 	 -0.2099
0.0601 	 0.1973 	 -0.3459 	 -0.2810 	 -0.0212 	 0.0758 	 -0.0255 	 -0.1506 	 1.0669 	 -0.2066
0.0701 	 0.1971 	 -0.3451 	 -0.2813 	 -0.0227 	 0.0865 	 -0.0275 	 -0.1512 	 1.0635 	 -0.2017
0.0802 	 0.1968 	 -0.3442 	 -0.2815 	 -0.0243 	 0.0971 	 -0.0295 	 -0.1520 	 1.0617 	 -0.1967
0.0902 	 0.1966 	 -0.3432 	 -0.2819 	 -0.0258 	 0.1078 	 -0.0314 	 -0.1522 	 1.0605 	 -0.1924
0.1002 	 0.1963 	 -0.3420 	 -0.2822 	 -0.0273 	 0.1184 	 -0.0334 	 -0.1514 	 1.0596 	 -0.1894
0.1102 	 0.1960 	 -0.3408 	 -0.2825 	 -0.0288 	 0.1290 	 -0.0352 	 -0.1489 	 1.0594 	 -0.1870
0.1202 	 0.1957 	 -0.3394 	 -0.2829 	 -0.0303 	 0.1396 	 -0.0371 	 -0.1407 	 1.0598 	 -0.1784
0.1303 	 0.1954 	 -0.3380 	 -0.2833 	 -0.0316 	 0.1502 	 -0.0388 	 -0.1289 	 1.0567 	 -0.1679
0.1403 	 0.1951 	 -0.3364 	 -0.2837 	 -0.0329 	 0.1608 	 -0.0404 	 -0.1179 	 1.0508 	 -0.1622
0.1503 	 0.1948 	 -0.3348 	 -0.2841 	 -0.0340 	 0.1713 	 -0.0421 	 -0.1101 	 1.0471 	 -0.1622
0.1603 	 0.1944 	 -0.3330 	 -0.2845 	 -0.0351 	 0.1818 	 -0.0437 	 -0.1037 	 1.0447 	 -0.1698
0.1703 	 0.1941 	 -0.3311 	 -0.2849 	 -0.0361 	 0.1922 	 -0.0455 	 -0.0968 	 1.0435 	 -0.1844
0.1804 	 0.1937 	 -0.3291 	 -0.2854 	 -0.0370 	 0.2027 	 -0.0474 	 -0.0938 	 1.0516 	 -0.1917
0.1904 	 0.1933 	 -0.3271 	 -0.2859 	 -0.0379 	 0.2133 	 -0.0494 	 -0.0924 	 1.0639 	 -0.1966
0.2004 	 0.1929 	 -0.3249 	 -0.2864 	 -0.0389 	 0.2240 	 -0.0513 	 -0.0917 	 1.0789 	 -0.2006
0.2104 	 0.1925 	 -0.3226 	 -0.2869 	 -0.0398 	 0.2349 	 -0.0534 	 -0.0915 	 1.0962 	 -0.2040
0.2204 	 0.1921 	 -0.3202 	 -0.2875 	 -0.0407 	 0.2460 	 -0.0554 	 -0.0917 	 1.1155 	 -0.2070
0.2305 	 0.1917 	 -0.3176 	 -0.2880 	 -0.0416 	 0.2573 	 -0.0575 	 -0.0921 	 1.1367 	 -0.2095
0.2405 	 0.1913 	 -0.3150 	 -0.2886 	 -0.0426 	 0.2688 	 -0.0596 	 -0.0927 	 1.1599 	 -0.2116
0.2505 	 0.1909 	 -0.3122 	 -0.2892 	 -0.0435 	 0.2805 	 -0.0618 	 -0.0935 	 1.1851 	 -0.2133
0.2605 	 0.1904 	 -0.3094 	 -0.2899 	 -0.0444 	 0.2926 	 -0.0639 	 -0.0943 	 1.2124 	 -0.2148
0.2705 	 0.1900 	 -0.3064 	 -0.2905 	 -0.0454 	 0.3048 	 -0.0661 	 -0.0953 	 1.2420 	 -0.2158
0.2806 	 0.1895 	 -0.3033 	 -0.2912 	 -0.0463 	 0.3174 	 -0.0682 	 -0.0962 	 1.2739 	 -0.2165
0.2906 	 0.1891 	 -0.3000 	 -0.2919 	 -0.0473 	 0.3304 	 -0.0704 	 -0.0971 	 1.3084 	 -0.2167
0.3006 	 0.1886 	 -0.2966 	 -0.2926 	 -0.0483 	 0.3437 	 -0.0726 	 -0.0980 	 1.3458 	 -0.2164
0.3106 	 0.1881 	 -0.2931 	 -0.2933 	 -0.0493 	 0.3574 	 -0.0747 	 -0.0987 	 1.3864 	 -0.2154
0.3206 	 0.1876 	 -0.2895 	 -0.2941 	 -0.0503 	 0.3715 	 -0.0769 	 -0.0991 	 1.4305 	 -0.2137
0.3307 	 0.1871 	 -0.2857 	 -0.2949 	 -0.0512 	 0.3860 	 -0.0790 	 -0.0993 	 1.4789 	 -0.2112
0.3407 	 0.1866 	 -0.2817 	 -0.2957 	 -0.0522 	 0.4011 	 -0.0811 	 -0.0992 	 1.5318 	 -0.2078
0.3507 	 0.1860 	 -0.2776 	 -0.2965 	 -0.0532 	 0.4168 	 -0.0832 	 -0.0986 	 1.5897 	 -0.2035
0.3607 	 0.1855 	 -0.2734 	 -0.2973 	 -0.0542 	 0.4330 	 -0.0852 	 -0.0973 	 1.6529 	 -0.1979
0.3707 	 0.1850 	 -0.2690 	 -0.2982 	 -0.0552 	 0.4499 	 -0.0871 	 -0.0956 	 1.7226 	 -0.1909
0.3808 	 0.1844 	 -0.2644 	 -0.2991 	 -0.0561 	 0.4676 	 -0.0890 	 -0.0961 	 1.8051 	 -0.1833
0.3908 	 0.1838 	 -0.2596 	 -0.3000 	 -0.0571 	 0.4861 	 -0.0908 	 -0.1015 	 1.9027 	 -0.1747
0.4008 	 0.1833 	 -0.2546 	 -0.3009 	 -0.0582 	 0.5057 	 -0.0925 	 -0.1164 	 2.0131 	 -0.1628
0.4108 	 0.1827 	 -0.2494 	 -0.3018 	 -0.0595 	 0.5265 	 -0.0940 	 -0.1437 	 2.1270 	 -0.1437
0.4208 	 0.1821 	 -0.2440 	 -0.3028 	 -0.0611 	 0.5483 	 -0.0954 	 -0.1767 	 2.2326 	 -0.1152
0.4309 	 0.1814 	 -0.2384 	 -0.3038 	 -0.0630 	 0.5712 	 -0.0963 	 -0.2004 	 2.3270 	 -0.0802
0.4409 	 0.1808 	 -0.2326 	 -0.3047 	 -0.0651 	 0.5950 	 -0.0970 	 -0.2037 	 2.4220 	 -0.0450
0.4509 	 0.1801 	 -0.2265 	 -0.3057 	 -0.0670 	 0.6198 	 -0.0972 	 -0.1857 	 2.5319 	 -0.0140
0.4609 	 0.1795 	 -0.2202 	 -0.3067 	 -0.0687 	 0.6458 	 -0.0973 	 -0.1477 	 2.6657 	 0.0114
0.4709 	 0.1788 	 -0.2136 	 -0.3076 	 -0.0699 	 0.6733 	 -0.0970 	 -0.0865 	 2.8273 	 0.0315
0.4810 	 0.1781 	 -0.2067 	 -0.3086 	 -0.0703 	 0.7026 	 -0.0966 	 0.0094 	 3.0164 	 0.0492
0.4910 	 0.1774 	 -0.1995 	 -0.3096 	 -0.0696 	 0.7338 	 -0.0960 	 0.1515 	 3.2270 	 0.0757
0.5010 	 0.1767 	 -0.1919 	 -0.3105 	 -0.0671 	 0.7672 	 -0.0950 	 0.3404 	 3.4416 	 0.1297
0.5110 	 0.1760 	 -0.1841 	 -0.3115 	 -0.0627 	 0.8027 	 -0.0933 	 0.5493 	 3.6357 	 0.2019
0.5210 	 0.1754 	 -0.1758 	 -0.3124 	 -0.0563 	 0.8402 	 -0.0907 	 0.7195 	 3.8534 	 0.3270
0.5311 	 0.1749 	 -0.1672 	 -0.3133 	 -0.0485 	 0.8804 	 -0.0868 	 0.8115 	 4.2151 	 0.4443
0.5411 	 0.1745 	 -0.1582 	 -0.3141 	 -0.0403 	 0.9261 	 -0.0818 	 0.8193 	 5.0093 	 0.5473
0.5511 	 0.1741 	 -0.1486 	 -0.3149 	 -0.0328 	 0.9841 	 -0.0753 	 0.6116 	 6.8293 	 0.8290
0.5611 	 0.1738 	 -0.1383 	 -0.3156 	 -0.0323 	 1.0696 	 -0.0613 	 -1.0061 	 10.6116 	 2.3760
0.5711 	 0.1732 	 -0.1269 	 -0.3159 	 -0.0692 	 1.1898 	 -0.0166 	 -6.9086 	 11.7463 	 6.6868
0.5812 	 0.1721 	 -0.1146 	 -0.3158 	 -0.1439 	 1.2776 	 0.0460 	 -6.1779 	 6.9517 	 4.3953
0.5912 	 0.1705 	 -0.1013 	 -0.3153 	 -0.1864 	 1.3668 	 0.0648 	 -2.6474 	 12.9692 	 -0.8405
0.6012 	 0.1686 	 -0.0851 	 -0.3156 	 -0.1953 	 1.7168 	 -0.0534 	 8.9944 	 246.9700 	 -117.1305
0.6112 	 0.1665 	 -0.0533 	 -0.3208 	 -0.2239 	 5.0566 	 -1.1904 	 0.0126 	 -15.0421 	 2.6773
0.6212 	 0.1641 	 -0.0028 	 -0.3327 	 -0.2383 	 4.9943 	 -1.1710 	 -2.2059 	 0.0846 	 0.3122
0.6313 	 0.1615 	 0.0472 	 -0.3445 	 -0.3077 	 5.0002 	 -1.2076 	 6.4394 	 -6.5694 	 12.8203
0.6413 	 0.1584 	 0.0971 	 -0.3565 	 -0.2963 	 4.9466 	 -1.1638 	 -0.2619 	 -2.8752 	 1.3360
0.6513 	 0.1554 	 0.1465 	 -0.3681 	 -0.2985 	 4.9267 	 -1.1545 	 -0.1619 	 -1.4225 	 0.6845
0.6613 	 0.1524 	 0.1958 	 -0.3797 	 -0.2997 	 4.9151 	 -1.1488 	 -0.0885 	 -0.9520 	 0.4749
0.6713 	 0.1494 	 0.2451 	 -0.3911 	 -0.3004 	 4.9069 	 -1.1447 	 -0.0535 	 -0.7159 	 0.3643
0.6814 	 0.1464 	 0.2942 	 -0.4026 	 -0.3008 	 4.9005 	 -1.1414 	 -0.0354 	 -0.5731 	 0.2909
0.6914 	 0.1434 	 0.3433 	 -0.4140 	 -0.3011 	 4.8952 	 -1.1388 	 -0.0248 	 -0.4773 	 0.2366
0.7014 	 0.1403 	 0.3923 	 -0.4254 	 -0.3013 	 4.8908 	 -1.1366 	 -0.0188 	 -0.4088 	 0.1994
0.7114 	 0.1373 	 0.4413 	 -0.4368 	 -0.3015 	 4.8870 	 -1.1348 	 -0.0154 	 -0.3575 	 0.1713
0.7214 	 0.1343 	 0.4902 	 -0.4482 	 -0.3016 	 4.8836 	 -1.1331 	 -0.0133 	 -0.3177 	 0.1492
0.7315 	 0.1313 	 0.5392 	 -0.4595 	 -0.3018 	 4.8806 	 -1.1317 	 -0.0121 	 -0.2859 	 0.1312
0.7415 	 0.1283 	 0.5880 	 -0.4708 	 -0.3019 	 4.8779 	 -1.1305 	 -0.0114 	 -0.2600 	 0.1163
0.7515 	 0.1252 	 0.6369 	 -0.4822 	 -0.3020 	 4.8754 	 -1.1294 	 -0.0111 	 -0.2383 	 0.1039
0.7615 	 0.1222 	 0.6858 	 -0.4935 	 -0.3021 	 4.8731 	 -1.1284 	 -0.0109 	 -0.2200 	 0.0933
0.7715 	 0.1192 	 0.7346 	 -0.5048 	 -0.3022 	 4.8710 	 -1.1275 	 -0.0108 	 -0.2044 	 0.0842
0.7816 	 0.1161 	 0.7834 	 -0.5161 	 -0.3023 	 4.8690 	 -1.1267 	 -0.0107 	 -0.1908 	 0.0764
0.7916 	 0.1131 	 0.8321 	 -0.5274 	 -0.3024 	 4.8671 	 -1.1260 	 -0.0106 	 -0.1788 	 0.0697
0.8016 	 0.1101 	 0.8809 	 -0.5386 	 -0.3025 	 4.8654 	 -1.1253 	 -0.0105 	 -0.1683 	 0.0639
0.8116 	 0.1071 	 0.9297 	 -0.5499 	 -0.3026 	 4.8638 	 -1.1247 	 -0.0104 	 -0.1588 	 0.0588
0.8216 	 0.1040 	 0.9784 	 -0.5612 	 -0.3027 	 4.8622 	 -1.1241 	 -0.0102 	 -0.1503 	 0.0543
0.8317 	 0.1010 	 1.0271 	 -0.5724 	 -0.3028 	 4.8607 	 -1.1236 	 -0.0099 	 -0.1425 	 0.0505
0.8417 	 0.0979 	 1.0758 	 -0.5837 	 -0.3029 	 4.8593 	 -1.1231 	 -0.0096 	 -0.1354 	 0.0471
0.8517 	 0.0949 	 1.1245 	 -0.5950 	 -0.3030 	 4.8580 	 -1.1227 	 -0.0093 	 -0.1288 	 0.0440
0.8617 	 0.0919 	 1.1731 	 -0.6062 	 -0.3031 	 4.8568 	 -1.1223 	 -0.0089 	 -0.1227 	 0.0414
0.8717 	 0.0888 	 1.2218 	 -0.6174 	 -0.3032 	 4.8556 	 -1.1219 	 -0.0085 	 -0.1170 	 0.0390
0.8818 	 0.0858 	 1.2704 	 -0.6287 	 -0.3033 	 4.8544 	 -1.1215 	 -0.0081 	 -0.1117 	 0.0368
0.8918 	 0.0828 	 1.3191 	 -0.6399 	 -0.3034 	 4.8533 	 -1.1211 	 -0.0076 	 -0.1067 	 0.0348
0.9018 	 0.0797 	 1.3677 	 -0.6511 	 -0.3035 	 4.8523 	 -1.1208 	 -0.0072 	 -0.1020 	 0.0330
0.9118 	 0.0767 	 1.4163 	 -0.6624 	 -0.3035 	 4.8513 	 -1.1205 	 -0.0068 	 -0.0976 	 0.0314
0.9218 	 0.0736 	 1.4649 	 -0.6736 	 -0.3036 	 4.8503 	 -1.1201 	 -0.0064 	 -0.0934 	 0.0298
0.9319 	 0.0706 	 1.5135 	 -0.6848 	 -0.3037 	 4.8494 	 -1.1199 	 -0.0060 	 -0.0895 	 0.0284
0.9419 	 0.0676 	 1.5621 	 -0.6960 	 -0.3037 	 4.8485 	 -1.1196 	 -0.0056 	 -0.0857 	 0.0271
0.9519 	 0.0645 	 1.6107 	 -0.7073 	 -0.3038 	 4.8477 	 -1.1193 	 -0.0052 	 -0.0822 	 0.0258
0.9619 	 0.0615 	 1.6593 	 -0.7185 	 -0.3038 	 4.8469 	 -1.1191 	 -0.0049 	 -0.0789 	 0.0246
0.9719 	 0.0584 	 1.7078 	 -0.7297 	 -0.3039 	 4.8461 	 -1.1188 	 -0.0046 	 -0.0757 	 0.0235
0.9820 	 0.0554 	 1.7564 	 -0.7409 	 -0.3039 	 4.8454 	 -1.1186 	 -0.0043 	 -0.0727 	 0.0225
0.9920 	 0.0523 	 1.8049 	 -0.7521 	 -0.3039 	 4.8446 	 -1.1184 	 -0.0040 	 -0.0699 	 0.0215
1.0020 	 0.0493 	 1.8535 	 -0.7633 	 -0.3040 	 4.8440 	 -1.1182 	 -0.0037 	 -0.0672 	 0.0206
1.0120 	 0.0462 	 1.9020 	 -0.7745 	 -0.3040 	 4.8433 	 -1.1180 	 -0.0035 	 -0.0647 	 0.0197
1.0220 	 0.0432 	 1.9505 	 -0.7857 	 -0.3041 	 4.8427 	 -1.1178 	 -0.0033 	 -0.0622 	 0.0189
1.0321 	 0.0401 	 1.9990 	 -0.7969 	 -0.3041 	 4.8421 	 -1.1176 	 -0.0031 	 -0.0600 	 0.0181
1.0421 	 0.0371 	 2.0476 	 -0.8081 	 -0.3041 	 4.8415 	 -1.1174 	 -0.0029 	 -0.0578 	 0.0173
1.0521 	 0.0341 	 2.0961 	 -0.8193 	 -0.3041 	 4.8409 	 -1.1172 	 -0.0027 	 -0.0558 	 0.0166
1.0621 	 0.0310 	 2.1446 	 -0.8305 	 -0.3042 	 4.8403 	 -1.1171 	 -0.0026 	 -0.0538 	 0.0159
1.0721 	 0.0280 	 2.1931 	 -0.8417 	 -0.3042 	 4.8398 	 -1.1169 	 -0.0025 	 -0.0520 	 0.0152
1.0822 	 0.0249 	 2.2416 	 -0.8529 	 -0.3042 	 4.8393 	 -1.1168 	 -0.0024 	 -0.0502 	 0.0145
1.0922 	 0.0219 	 2.2901 	 -0.8641 	 -0.3042 	 4.8388 	 -1.1166 	 -0.0023 	 -0.0485 	 0.0139
1.1022 	 0.0188 	 2.3385 	 -0.8753 	 -0.3043 	 4.8383 	 -1.1165 	 -0.0021 	 -0.0469 	 0.0134
1.1122 	 0.0158 	 2.3870 	 -0.8864 	 -0.3043 	 4.8379 	 -1.1164 	 -0.0020 	 -0.0453 	 0.0128
1.1222 	 0.0127 	 2.4355 	 -0.8976 	 -0.3043 	 4.8374 	 -1.1162 	 -0.0019 	 -0.0438 	 0.0123
1.1323 	 0.0097 	 2.4840 	 -0.9088 	 -0.3043 	 4.8370 	 -1.1161 	 -0.0018 	 -0.0424 	 0.0118
1.1423 	 0.0066 	 2.5324 	 -0.9200 	 -0.3043 	 4.8366 	 -1.1160 	 -0.0017 	 -0.0410 	 0.0113
1.1523 	 0.0036 	 2.5809 	 -0.9312 	 -0.3044 	 4.8362 	 -1.1159 	 -0.0016 	 -0.0397 	 0.0109
1.1623 	 0.0005 	 2.6293 	 -0.9424 	 -0.3044 	 4.8358 	 -1.1158 	 -0.0015 	 -0.0385 	 0.0105
1.1723 	 -0.0025 	 2.6778 	 -0.9535 	 -0.3044 	 4.8354 	 -1.1157 	 -0.0015 	 -0.0373 	 0.0101
1.1824 	 -0.0056 	 2.7262 	 -0.9647 	 -0.3044 	 4.8350 	 -1.1156 	 -0.0014 	 -0.0362 	 0.0098
1.1924 	 -0.0086 	 2.7747 	 -0.9759 	 -0.3044 	 4.8347 	 -1.1155 	 -0.0013 	 -0.0351 	 0.0094
1.2024 	 -0.0117 	 2.8231 	 -0.9871 	 -0.3044 	 4.8343 	 -1.1154 	 -0.0012 	 -0.0341 	 0.0091
1.2124 	 -0.0147 	 2.8716 	 -0.9982 	 -0.3044 	 4.8340 	 -1.1153 	 -0.0011 	 -0.0331 	 0.0088
1.2224 	 -0.0178 	 2.9200 	 -1.0094 	 -0.3045 	 4.8337 	 -1.1152 	 -0.0011 	 -0.0321 	 0.0085
1.2325 	 -0.0208 	 2.9684 	 -1.0206 	 -0.3045 	 4.8333 	 -1.1151 	 -0.0010 	 -0.0312 	 0.0083
1.2425 	 -0.0239 	 3.0169 	 -1.0318 	 -0.3045 	 4.8330 	 -1.1150 	 -0.0010 	 -0.0303 	 0.0080
1.2525 	 -0.0269 	 3.0653 	 -1.0429 	 -0.3045 	 4.8327 	 -1.1150 	 -0.0009 	 -0.0295 	 0.0078
1.2625 	 -0.0300 	 3.1137 	 -1.0541 	 -0.3045 	 4.8324 	 -1.1149 	 -0.0009 	 -0.0287 	 0.0075
1.2725 	 -0.0330 	 3.1621 	 -1.0653 	 -0.3045 	 4.8322 	 -1.1148 	 -0.0008 	 -0.0280 	 0.0073
1.2826 	 -0.0361 	 3.2105 	 -1.0765 	 -0.3045 	 4.8319 	 -1.1147 	 -0.0008 	 -0.0272 	 0.0071
1.2926 	 -0.0391 	 3.2590 	 -1.0876 	 -0.3045 	 4.8316 	 -1.1147 	 -0.0007 	 -0.0265 	 0.0069
1.3026 	 -0.0422 	 3.3074 	 -1.0988 	 -0.3045 	 4.8314 	 -1.1146 	 -0.0007 	 -0.0258 	 0.0067
1.3126 	 -0.0452 	 3.3558 	 -1.1100 	 -0.3045 	 4.8311 	 -1.1145 	 -0.0006 	 -0.0252 	 0.0065
1.3226 	 -0.0483 	 3.4042 	 -1.1211 	 -0.3045 	 4.8308 	 -1.1145 	 -0.0006 	 -0.0245 	 0.0063
1.3327 	 -0.0514 	 3.4526 	 -1.1323 	 -0.3045 	 4.8306 	 -1.1144 	 -0.0006 	 -0.0239 	 0.0062
1.3427 	 -0.0544 	 3.5010 	 -1.1435 	 -0.3045 	 4.8304 	 -1.1143 	 -0.0005 	 -0.0234 	 0.0060
1.3527 	 -0.0575 	 3.5494 	 -1.1546 	 -0.3046 	 4.8301 	 -1.1143 	 -0.0005 	 -0.0228 	 0.0058
1.3627 	 -0.0605 	 3.5978 	 -1.1658 	 -0.3046 	 4.8299 	 -1.1142 	 -0.0005 	 -0.0222 	 0.0057
1.3727 	 -0.0636 	 3.6462 	 -1.1770 	 -0.3046 	 4.8297 	 -1.1142 	 -0.0004 	 -0.0217 	 0.0055
1.3828 	 -0.0666 	 3.6946 	 -1.1881 	 -0.3046 	 4.8295 	 -1.1141 	 -0.0004 	 -0.0212 	 0.0054
1.3928 	 -0.0697 	 3.7430 	 -1.1993 	 -0.3046 	 4.8293 	 -1.1141 	 -0.0004 	 -0.0207 	 0.0053
1.4028 	 -0.0727 	 3.7914 	 -1.2104 	 -0.3046 	 4.8291 	 -1.1140 	 -0.0004 	 -0.0203 	 0.0051
1.4128 	 -0.0758 	 3.8397 	 -1.2216 	 -0.3046 	 4.8289 	 -1.1140 	 -0.0004 	 -0.0198 	 0.0050
1.4228 	 -0.0788 	 3.8881 	 -1.2328 	 -0.3046 	 4.8287 	 -1.1139 	 -0.0003 	 -0.0194 	 0.0049
1.4329 	 -0.0819 	 3.9365 	 -1.2439 	 -0.3046 	 4.8285 	 -1.1139 	 -0.0003 	 -0.0189 	 0.0048
1.4429 	 -0.0849 	 3.9849 	 -1.2551 	 -0.3046 	 4.8283 	 -1.1138 	 -0.0003 	 -0.0185 	 0.0047
1.4529 	 -0.0880 	 4.0333 	 -1.2663 	 -0.3046 	 4.8281 	 -1.1138 	 -0.0003 	 -0.0181 	 0.0046
1.4629 	 -0.0910 	 4.0816 	 -1.2774 	 -0.3046 	 4.8279 	 -1.1137 	 -0.0003 	 -0.0177 	 0.0044
1.4729 	 -0.0941 	 4.1300 	 -1.2886 	 -0.3046 	 4.8277 	 -1.1137 	 -0.0002 	 -0.0173 	 0.0043
1.4830 	 -0.0971 	 4.1784 	 -1.2997 	 -0.3046 	 4.8276 	 -1.1136 	 -0.0002 	 -0.0170 	 0.0043
1.4930 	 -0.1002 	 4.2268 	 -1.3109 	 -0.3046 	 4.8274 	 -1.1136 	 -0.0002 	 -0.0166 	 0.0042
1.5030 	 -0.1032 	 4.2751 	 -1.3220 	 -0.3046 	 4.8272 	 -1.1135 	 -0.0002 	 -0.0163 	 0.0041
1.5130 	 -0.1063 	 4.3235 	 -1.3332 	 -0.3046 	 4.8271 	 -1.1135 	 -0.0002 	 -0.0160 	 0.0040
1.5230 	 -0.1093 	 4.3719 	 -1.3444 	 -0.3046 	 4.8269 	 -1.1135 	 -0.0002 	 -0.0156 	 0.0039
1.5331 	 -0.1124 	 4.4202 	 -1.3555 	 -0.3046 	 4.8268 	 -1.1134 	 -0.0002 	 -0.0153 	 0.0038
1.5431 	 -0.1154 	 4.4686 	 -1.3667 	 -0.3046 	 4.8266 	 -1.1134 	 -0.0002 	 -0.0150 	 0.0037
1.5531 	 -0.1185 	 4.5170 	 -1.3778 	 -0.3046 	 4.8265 	 -1.1134 	 -0.0001 	 -0.0147 	 0.0037
1.5631 	 -0.1215 	 4.5653 	 -1.3890 	 -0.3046 	 4.8263 	 -1.1133 	 -0.0001 	 -0.0144 	 0.0036
1.5731 	 -0.1246 	 4.6137 	 -1.4001 	 -0.3046 	 4.8262 	 -1.1133 	 -0.0001 	 -0.0142 	 0.0035
1.5832 	 -0.1276 	 4.6620 	 -1.4113 	 -0.3046 	 4.8260 	 -1.1132 	 -0.0001 	 -0.0139 	 0.0034
1.5932 	 -0.1307 	 4.7104 	 -1.4224 	 -0.3046 	 4.8259 	 -1.1132 	 -0.0001 	 -0.0136 	 0.0034
1.6032 	 -0.1338 	 4.7587 	 -1.4336 	 -0.3046 	 4.8258 	 -1.1132 	 -0.0001 	 -0.0134 	 0.0033
1.6132 	 -0.1368 	 4.8071 	 -1.4448 	 -0.3046 	 4.8256 	 -1.1131 	 -0.0001 	 -0.0131 	 0.0032
1.6232 	 -0.1399 	 4.8555 	 -1.4559 	 -0.3046 	 4.8255 	 -1.1131 	 -0.0001 	 -0.0129 	 0.0032
1.6333 	 -0.1429 	 4.9038 	 -1.4671 	 -0.3046 	 4.8254 	 -1.1131 	 -0.0001 	 -0.0126 	 0.0031
1.6433 	 -0.1460 	 4.9522 	 -1.4782 	 -0.3046 	 4.8252 	 -1.1131 	 -0.0001 	 -0.0124 	 0.0031
1.6533 	 -0.1490 	 5.0005 	 -1.4894 	 -0.3046 	 4.8251 	 -1.1130 	 -0.0001 	 -0.0122 	 0.0030
1.6633 	 -0.1521 	 5.0489 	 -1.5005 	 -0.3046 	 4.8250 	 -1.1130 	 -0.0001 	 -0.0120 	 0.0029
1.6733 	 -0.1551 	 5.0972 	 -1.5117 	 -0.3046 	 4.8249 	 -1.1130 	 -0.0000 	 -0.0118 	 0.0029
1.6834 	 -0.1582 	 5.1455 	 -1.5228 	 -0.3046 	 4.8248 	 -1.1129 	 -0.0000 	 -0.0116 	 0.0028
1.6934 	 -0.1612 	 5.1939 	 -1.5340 	 -0.3046 	 4.8247 	 -1.1129 	 -0.0000 	 -0.0114 	 0.0028
1.7034 	 -0.1643 	 5.2422 	 -1.5451 	 -0.3046 	 4.8245 	 -1.1129 	 -0.0000 	 -0.0112 	 0.0027
1.7134 	 -0.1673 	 5.2906 	 -1.5563 	 -0.3046 	 4.8244 	 -1.1129 	 -0.0000 	 -0.0110 	 0.0027
1.7234 	 -0.1704 	 5.3389 	 -1.5674 	 -0.3046 	 4.8243 	 -1.1128 	 -0.0000 	 -0.0108 	 0.0026
1.7335 	 -0.1734 	 5.3873 	 -1.5786 	 -0.3046 	 4.8242 	 -1.1128 	 -0.0000 	 -0.0106 	 0.0026
1.7435 	 -0.1765 	 5.4356 	 -1.5897 	 -0.3046 	 4.8241 	 -1.1128 	 -0.0000 	 -0.0104 	 0.0025
1.7535 	 -0.1795 	 5.4839 	 -1.6009 	 -0.3046 	 4.8240 	 -1.1128 	 -0.0000 	 -0.0103 	 0.0025
1.7635 	 -0.1826 	 5.5323 	 -1.6120 	 -0.3046 	 4.8239 	 -1.1127 	 -0.0000 	 -0.0101 	 0.0025
1.7735 	 -0.1856 	 5.5806 	 -1.6232 	 -0.3046 	 4.8238 	 -1.1127 	 -0.0000 	 -0.0099 	 0.0024
1.7836 	 -0.1887 	 5.6289 	 -1.6343 	 -0.3046 	 4.8237 	 -1.1127 	 0.0000 	 -0.0098 	 0.0024
1.7936 	 -0.1917 	 5.6773 	 -1.6455 	 -0.3046 	 4.8236 	 -1.1127 	 0.0000 	 -0.0096 	 0.0023
1.8036 	 -0.1948 	 5.7256 	 -1.6566 	 -0.3046 	 4.8235 	 -1.1126 	 0.0000 	 -0.0094 	 0.0023
1.8136 	 -0.1979 	 5.7739 	 -1.6678 	 -0.3046 	 4.8234 	 -1.1126 	 0.0000 	 -0.0093 	 0.0023
1.8236 	 -0.2009 	 5.8223 	 -1.6789 	 -0.3046 	 4.8233 	 -1.1126 	 0.0000 	 -0.0092 	 0.0022
1.8337 	 -0.2040 	 5.8706 	 -1.6901 	 -0.3046 	 4.8232 	 -1.1126 	 0.0000 	 -0.0090 	 0.0022
1.8437 	 -0.2070 	 5.9189 	 -1.7012 	 -0.3046 	 4.8231 	 -1.1125 	 0.0000 	 -0.0089 	 0.0021
1.8537 	 -0.2101 	 5.9672 	 -1.7124 	 -0.3046 	 4.8231 	 -1.1125 	 0.0000 	 -0.0087 	 0.0021
1.8637 	 -0.2131 	 6.0156 	 -1.7235 	 -0.3046 	 4.8230 	 -1.1125 	 0.0000 	 -0.0086 	 0.0021
1.8737 	 -0.2162 	 6.0639 	 -1.7347 	 -0.3046 	 4.8229 	 -1.1125 	 0.0000 	 -0.0085 	 0.0020
1.8838 	 -0.2192 	 6.1122 	 -1.7458 	 -0.3046 	 4.8228 	 -1.1125 	 0.0000 	 -0.0083 	 0.0020
1.8938 	 -0.2223 	 6.1605 	 -1.7570 	 -0.3046 	 4.8227 	 -1.1124 	 0.0000 	 -0.0082 	 0.0020
1.9038 	 -0.2253 	 6.2089 	 -1.7681 	 -0.3046 	 4.8226 	 -1.1124 	 0.0000 	 -0.0081 	 0.0020
1.9138 	 -0.2284 	 6.2572 	 -1.7792 	 -0.3046 	 4.8226 	 -1.1124 	 0.0000 	 -0.0080 	 0.0019
1.9238 	 -0.2314 	 6.3055 	 -1.7904 	 -0.3046 	 4.8225 	 -1.1124 	 0.0000 	 -0.0079 	 0.0019
1.9339 	 -0.2345 	 6.3538 	 -1.8015 	 -0.3046 	 4.8224 	 -1.1124 	 0.0000 	 -0.0077 	 0.0019
1.9439 	 -0.2375 	 6.4022 	 -1.8127 	 -0.3046 	 4.8223 	 -1.1123 	 0.0000 	 -0.0076 	 0.0018
1.9539 	 -0.2406 	 6.4505 	 -1.8238 	 -0.3046 	 4.8222 	 -1.1123 	 0.0000 	 -0.0075 	 0.0018
1.9639 	 -0.2436 	 6.4988 	 -1.8350 	 -0.3046 	 4.8222 	 -1.1123 	 0.0000 	 -0.0074 	 0.0018
1.9739 	 -0.2467 	 6.5471 	 -1.8461 	 -0.3046 	 4.8221 	 -1.1123 	 0.0000 	 -0.0073 	 0.0018
1.9840 	 -0.2497 	 6.5954 	 -1.8573 	 -0.3046 	 4.8220 	 -1.1123 	 0.0000 	 -0.0070 	 0.0017
1.9940 	 -0.2528 	 6.6437 	 -1.8684 	 -0.3046 	 4.8220 	 -1.1123 	 0.0000 	 -0.0069 	 0.0017
2.0040 	 -0.2558 	 6.6921 	 -1.8796 	 -0.3046 	 4.8219 	 -1.1122 	 0.0000 	 -0.0068 	 0.0017
2.0140 	 -0.2589 	 6.7404 	 -1.8907 	 -0.3046 	 4.8218 	 -1.1122 	 0.0000 	 -0.0067 	 0.0016
2.0240 	 -0.2620 	 6.7887 	 -1.9018 	 -0.3046 	 4.8217 	 -1.1122 	 0.0000 	 -0.0066 	 0.0016
2.0341 	 -0.2650 	 6.8370 	 -1.9130 	 -0.3046 	 4.8217 	 -1.1122 	 0.0001 	 -0.0065 	 0.0016
2.0441 	 -0.2681 	 6.8853 	 -1.9241 	 -0.3046 	 4.8216 	 -1.1122 	 0.0001 	 -0.0065 	 0.0016
2.0541 	 -0.2711 	 6.9336 	 -1.9353 	 -0.3046 	 4.8216 	 -1.1122 	 0.0001 	 -0.0064 	 0.0015
2.0641 	 -0.2742 	 6.9819 	 -1.9464 	 -0.3046 	 4.8215 	 -1.1121 	 0.0001 	 -0.0063 	 0.0015
2.0741 	 -0.2772 	 7.0303 	 -1.9576 	 -0.3046 	 4.8214 	 -1.1121 	 0.0001 	 -0.0062 	 0.0015
2.0842 	 -0.2803 	 7.0786 	 -1.9687 	 -0.3046 	 4.8214 	 -1.1121 	 0.0001 	 -0.0061 	 0.0015
2.0942 	 -0.2833 	 7.1269 	 -1.9799 	 -0.3046 	 4.8213 	 -1.1121 	 0.0001 	 -0.0060 	 0.0015
2.1042 	 -0.2864 	 7.1752 	 -1.9910 	 -0.3046 	 4.8212 	 -1.1121 	 0.0001 	 -0.0060 	 0.0014
2.1142 	 -0.2894 	 7.2235 	 -2.0021 	 -0.3046 	 4.8212 	 -1.1121 	 0.0001 	 -0.0059 	 0.0014
2.1242 	 -0.2925 	 7.2718 	 -2.0133 	 -0.3046 	 4.8211 	 -1.1121 	 0.0001 	 -0.0058 	 0.0014
2.1343 	 -0.2955 	 7.3201 	 -2.0244 	 -0.3046 	 4.8211 	 -1.1120 	 0.0001 	 -0.0057 	 0.0014
2.1443 	 -0.2986 	 7.3684 	 -2.0356 	 -0.3046 	 4.8210 	 -1.1120 	 0.0001 	 -0.0057 	 0.0014
2.1543 	 -0.3016 	 7.4167 	 -2.0467 	 -0.3046 	 4.8210 	 -1.1120 	 0.0001 	 -0.0056 	 0.0013
2.1643 	 -0.3047 	 7.4650 	 -2.0579 	 -0.3046 	 4.8209 	 -1.1120 	 0.0001 	 -0.0055 	 0.0013
2.1743 	 -0.3077 	 7.5133 	 -2.0690 	 -0.3046 	 4.8208 	 -1.1120 	 0.0001 	 -0.0055 	 0.0013
2.1844 	 -0.3108 	 7.5616 	 -2.0801 	 -0.3046 	 4.8208 	 -1.1120 	 0.0001 	 -0.0054 	 0.0013
2.1944 	 -0.3138 	 7.6099 	 -2.0913 	 -0.3046 	 4.8207 	 -1.1120 	 0.0001 	 -0.0053 	 0.0013
2.2044 	 -0.3169 	 7.6582 	 -2.1024 	 -0.3046 	 4.8207 	 -1.1119 	 0.0001 	 -0.0053 	 0.0013
2.2144 	 -0.3199 	 7.7065 	 -2.1136 	 -0.3046 	 4.8206 	 -1.1119 	 0.0001 	 -0.0052 	 0.0012
2.2244 	 -0.3230 	 7.7549 	 -2.1247 	 -0.3046 	 4.8206 	 -1.1119 	 0.0001 	 -0.0051 	 0.0012
2.2345 	 -0.3260 	 7.8032 	 -2.1358 	 -0.3046 	 4.8205 	 -1.1119 	 0.0001 	 -0.0051 	 0.0012
2.2445 	 -0.3291 	 7.8515 	 -2.1470 	 -0.3046 	 4.8205 	 -1.1119 	 0.0001 	 -0.0050 	 0.0012
2.2545 	 -0.3322 	 7.8998 	 -2.1581 	 -0.3046 	 4.8204 	 -1.1119 	 0.0001 	 -0.0049 	 0.0012
2.2645 	 -0.3352 	 7.9481 	 -2.1693 	 -0.3046 	 4.8204 	 -1.1119 	 0.0001 	 -0.0049 	 0.0012
2.2745 	 -0.3383 	 7.9964 	 -2.1804 	 -0.3046 	 4.8203 	 -1.1119 	 0.0001 	 -0.0048 	 0.0012
2.2846 	 -0.3413 	 8.0447 	 -2.1916 	 -0.3046 	 4.8203 	 -1.1119 	 0.0001 	 -0.0048 	 0.0011
2.2946 	 -0.3444 	 8.0930 	 -2.2027 	 -0.3046 	 4.8202 	 -1.1118 	 0.0001 	 -0.0047 	 0.0011
2.3046 	 -0.3474 	 8.1413 	 -2.2138 	 -0.3046 	 4.8202 	 -1.1118 	 0.0001 	 -0.0047 	 0.0011
2.3146 	 -0.3505 	 8.1896 	 -2.2250 	 -0.3046 	 4.8201 	 -1.1118 	 0.0001 	 -0.0046 	 0.0011
2.3246 	 -0.3535 	 8.2378 	 -2.2361 	 -0.3046 	 4.8201 	 -1.1118 	 0.0001 	 -0.0046 	 0.0011
2.3347 	 -0.3566 	 8.2861 	 -2.2473 	 -0.3046 	 4.8200 	 -1.1118 	 0.0001 	 -0.0045 	 0.0011
2.3447 	 -0.3596 	 8.3344 	 -2.2584 	 -0.3046 	 4.8200 	 -1.1118 	 0.0001 	 -0.0045 	 0.0011
2.3547 	 -0.3627 	 8.3827 	 -2.2695 	 -0.3046 	 4.8200 	 -1.1118 	 0.0001 	 -0.0044 	 0.0011
2.3647 	 -0.3657 	 8.4310 	 -2.2807 	 -0.3046 	 4.8199 	 -1.1118 	 0.0001 	 -0.0044 	 0.0010
2.3747 	 -0.3688 	 8.4793 	 -2.2918 	 -0.3046 	 4.8199 	 -1.1118 	 0.0001 	 -0.0043 	 0.0010
2.3848 	 -0.3718 	 8.5276 	 -2.3030 	 -0.3046 	 4.8198 	 -1.1117 	 0.0001 	 -0.0043 	 0.0010
2.3948 	 -0.3749 	 8.5759 	 -2.3141 	 -0.3046 	 4.8198 	 -1.1117 	 0.0001 	 -0.0042 	 0.0010
2.4048 	 -0.3779 	 8.6242 	 -2.3252 	 -0.3046 	 4.8197 	 -1.1117 	 0.0001 	 -0.0042 	 0.0010
2.4148 	 -0.3810 	 8.6725 	 -2.3364 	 -0.3046 	 4.8197 	 -1.1117 	 0.0001 	 -0.0041 	 0.0010
2.4248 	 -0.3840 	 8.7208 	 -2.3475 	 -0.3046 	 4.8197 	 -1.1117 	 0.0001 	 -0.0041 	 0.0010
2.4349 	 -0.3871 	 8.7691 	 -2.3587 	 -0.3046 	 4.8196 	 -1.1117 	 0.0001 	 -0.0040 	 0.0010
2.4449 	 -0.3901 	 8.8174 	 -2.3698 	 -0.3046 	 4.8196 	 -1.1117 	 0.0001 	 -0.0040 	 0.0010
2.4549 	 -0.3932 	 8.8657 	 -2.3809 	 -0.3046 	 4.8195 	 -1.1117 	 0.0001 	 -0.0040 	 0.0009
2.4649 	 -0.3962 	 8.9140 	 -2.3921 	 -0.3046 	 4.8195 	 -1.1117 	 0.0001 	 -0.0039 	 0.0009
2.4749 	 -0.3993 	 8.9623 	 -2.4032 	 -0.3046 	 4.8195 	 -1.1117 	 0.0001 	 -0.0039 	 0.0009
2.4850 	 -0.4024 	 9.0106 	 -2.4143 	 -0.3046 	 4.8194 	 -1.1116 	 0.0001 	 -0.0038 	 0.0009
2.4950 	 -0.4054 	 9.0588 	 -2.4255 	 -0.3046 	 4.8194 	 -1.1116 	 0.0001 	 -0.0038 	 0.0009
2.5050 	 -0.4085 	 9.1071 	 -2.4366 	 -0.3046 	 4.8193 	 -1.1116 	 0.0001 	 -0.0037 	 0.0009
2.5150 	 -0.4115 	 9.1554 	 -2.4478 	 -0.3046 	 4.8193 	 -1.1116 	 0.0001 	 -0.0037 	 0.0009
2.5251 	 -0.4146 	 9.2037 	 -2.4589 	 -0.3046 	 4.8193 	 -1.1116 	 0.0001 	 -0.0037 	 0.0009
2.5351 	 -0.4176 	 9.2520 	 -2.4700 	 -0.3046 	 4.8192 	 -1.1116 	 0.0001 	 -0.0036 	 0.0009
2.5451 	 -0.4207 	 9.3003 	 -2.4812 	 -0.3046 	 4.8192 	 -1.1116 	 0.0001 	 -0.0036 	 0.0009
2.5551 	 -0.4237 	 9.3486 	 -2.4923 	 -0.3046 	 4.8192 	 -1.1116 	 0.0001 	 -0.0036 	 0.0008
2.5651 	 -0.4268 	 9.3969 	 -2.5035 	 -0.3046 	 4.8191 	 -1.1116 	 0.0001 	 -0.0035 	 0.0008
2.5752 	 -0.4298 	 9.4452 	 -2.5146 	 -0.3046 	 4.8191 	 -1.1116 	 0.0001 	 -0.0035 	 0.0008
2.5852 	 -0.4329 	 9.4934 	 -2.5257 	 -0.3046 	 4.8191 	 -1.1116 	 0.0001 	 -0.0035 	 0.0008
2.5952 	 -0.4359 	 9.5417 	 -2.5369 	 -0.3046 	 4.8190 	 -1.1116 	 0.0001 	 -0.0034 	 0.0008
2.6052 	 -0.4390 	 9.5900 	 -2.5480 	 -0.3046 	 4.8190 	 -1.1115 	 0.0001 	 -0.0034 	 0.0008
2.6152 	 -0.4420 	 9.6383 	 -2.5591 	 -0.3046 	 4.8190 	 -1.1115 	 0.0001 	 -0.0034 	 0.0008
2.6253 	 -0.4451 	 9.6866 	 -2.5703 	 -0.3046 	 4.8189 	 -1.1115 	 0.0001 	 -0.0033 	 0.0008
2.6353 	 -0.4481 	 9.7349 	 -2.5814 	 -0.3046 	 4.8189 	 -1.1115 	 0.0001 	 -0.0033 	 0.0008
2.6453 	 -0.4512 	 9.7832 	 -2.5926 	 -0.3046 	 4.8189 	 -1.1115 	 0.0001 	 -0.0033 	 0.0008
2.6553 	 -0.4542 	 9.8314 	 -2.6037 	 -0.3046 	 4.8188 	 -1.1115 	 0.0001 	 -0.0032 	 0.0008
2.6653 	 -0.4573 	 9.8797 	 -2.6148 	 -0.3046 	 4.8188 	 -1.1115 	 0.0001 	 -0.0032 	 0.0008
2.6754 	 -0.4603 	 9.9280 	 -2.6260 	 -0.3046 	 4.8188 	 -1.1115 	 0.0001 	 -0.0032 	 0.0007
2.6854 	 -0.4634 	 9.9763 	 -2.6371 	 -0.3046 	 4.8187 	 -1.1115 	 0.0001 	 -0.0031 	 0.0007
2.6954 	 -0.4664 	 10.0246 	 -2.6482 	 -0.3046 	 4.8187 	 -1.1115 	 0.0001 	 -0.0031 	 0.0007
2.7054 	 -0.4695 	 10.0729 	 -2.6594 	 -0.3046 	 4.8187 	 -1.1115 	 0.0001 	 -0.0031 	 0.0007
2.7154 	 -0.4725 	 10.1212 	 -2.6705 	 -0.3046 	 4.8186 	 -1.1115 	 0.0001 	 -0.0030 	 0.0007
2.7255 	 -0.4756 	 10.1694 	 -2.6817 	 -0.3046 	 4.8186 	 -1.1115 	 0.0001 	 -0.0030 	 0.0007
2.7355 	 -0.4786 	 10.2177 	 -2.6928 	 -0.3046 	 4.8186 	 -1.1114 	 0.0001 	 -0.0030 	 0.0007
2.7455 	 -0.4817 	 10.2660 	 -2.7039 	 -0.3046 	 4.8185 	 -1.1114 	 0.0001 	 -0.0030 	 0.0007
2.7555 	 -0.4848 	 10.3143 	 -2.7151 	 -0.3046 	 4.8185 	 -1.1114 	 0.0001 	 -0.0029 	 0.0007
2.7655 	 -0.4878 	 10.3626 	 -2.7262 	 -0.3046 	 4.8185 	 -1.1114 	 0.0001 	 -0.0029 	 0.0007
2.7756 	 -0.4909 	 10.4108 	 -2.7373 	 -0.3046 	 4.8185 	 -1.1114 	 0.0001 	 -0.0029 	 0.0007
2.7856 	 -0.4939 	 10.4591 	 -2.7485 	 -0.3046 	 4.8184 	 -1.1114 	 0.0001 	 -0.0029 	 0.0007
2.7956 	 -0.4970 	 10.5074 	 -2.7596 	 -0.3046 	 4.8184 	 -1.1114 	 0.0001 	 -0.0028 	 0.0007
2.8056 	 -0.5000 	 10.5557 	 -2.7707 	 -0.3046 	 4.8184 	 -1.1114 	 0.0001 	 -0.0028 	 0.0007
2.8156 	 -0.5031 	 10.6040 	 -2.7819 	 -0.3046 	 4.8183 	 -1.1114 	 0.0001 	 -0.0028 	 0.0007
2.8257 	 -0.5061 	 10.6522 	 -2.7930 	 -0.3046 	 4.8183 	 -1.1114 	 0.0001 	 -0.0028 	 0.0006
2.8357 	 -0.5092 	 10.7005 	 -2.8042 	 -0.3046 	 4.8183 	 -1.1114 	 0.0001 	 -0.0027 	 0.0006
2.8457 	 -0.5122 	 10.7488 	 -2.8153 	 -0.3046 	 4.8183 	 -1.1114 	 0.0001 	 -0.0027 	 0.0006
2.8557 	 -0.5153 	 10.7971 	 -2.8264 	 -0.3046 	 4.8182 	 -1.1114 	 0.0001 	 -0.0027 	 0.0006
2.8657 	 -0.5183 	 10.8454 	 -2.8376 	 -0.3046 	 4.8182 	 -1.1114 	 0.0001 	 -0.0027 	 0.0006
2.8758 	 -0.5214 	 10.8936 	 -2.8487 	 -0.3046 	 4.8182 	 -1.1114 	 0.0001 	 -0.0026 	 0.0006
2.8858 	 -0.5244 	 10.9419 	 -2.8598 	 -0.3046 	 4.8182 	 -1.1113 	 0.0001 	 -0.0026 	 0.0006
2.8958 	 -0.5275 	 10.9902 	 -2.8710 	 -0.3046 	 4.8181 	 -1.1113 	 0.0001 	 -0.0026 	 0.0006
2.9058 	 -0.5305 	 11.0385 	 -2.8821 	 -0.3046 	 4.8181 	 -1.1113 	 0.0001 	 -0.0026 	 0.0006
2.9158 	 -0.5336 	 11.0868 	 -2.8932 	 -0.3046 	 4.8181 	 -1.1113 	 0.0001 	 -0.0025 	 0.0006
2.9259 	 -0.5366 	 11.1350 	 -2.9044 	 -0.3046 	 4.8181 	 -1.1113 	 0.0001 	 -0.0025 	 0.0006
2.9359 	 -0.5397 	 11.1833 	 -2.9155 	 -0.3046 	 4.8180 	 -1.1113 	 0.0001 	 -0.0025 	 0.0006
2.9459 	 -0.5427 	 11.2316 	 -2.9266 	 -0.3046 	 4.8180 	 -1.1113 	 0.0001 	 -0.0025 	 0.0006
2.9559 	 -0.5458 	 11.2799 	 -2.9378 	 -0.3046 	 4.8180 	 -1.1113 	 0.0001 	 -0.0025 	 0.0006
2.9659 	 -0.5488 	 11.3281 	 -2.9489 	 -0.3046 	 4.8180 	 -1.1113 	 0.0001 	 -0.0024 	 0.0006
2.9760 	 -0.5519 	 11.3764 	 -2.9601 	 -0.3046 	 4.8179 	 -1.1113 	 0.0001 	 -0.0024 	 0.0006
2.9860 	 -0.5549 	 11.4247 	 -2.9712 	 -0.3046 	 4.8179 	 -1.1113 	 0.0001 	 -0.0024 	 0.0006
2.9960 	 -0.5580 	 11.4730 	 -2.9823 	 -0.3046 	 4.8179 	 -1.1113 	 0.0001 	 -0.0024 	 0.0006
3.0060 	 -0.5610 	 11.5212 	 -2.9935 	 -0.3046 	 4.8179 	 -1.1113 	 0.0001 	 -0.0024 	 0.0006
3.0160 	 -0.5641 	 11.5695 	 -3.0046 	 -0.3046 	 4.8178 	 -1.1113 	 0.0001 	 -0.0023 	 0.0005
3.0261 	 -0.5671 	 11.6178 	 -3.0157 	 -0.3046 	 4.8178 	 -1.1113 	 0.0001 	 -0.0023 	 0.0005
3.0361 	 -0.5702 	 11.6661 	 -3.0269 	 -0.3046 	 4.8178 	 -1.1113 	 0.0001 	 -0.0023 	 0.0005
3.0461 	 -0.5733 	 11.7143 	 -3.0380 	 -0.3046 	 4.8178 	 -1.1113 	 0.0001 	 -0.0023 	 0.0005
3.0561 	 -0.5763 	 11.7626 	 -3.0491 	 -0.3046 	 4.8177 	 -1.1112 	 0.0001 	 -0.0023 	 0.0005
3.0661 	 -0.5794 	 11.8109 	 -3.0603 	 -0.3046 	 4.8177 	 -1.1112 	 0.0001 	 -0.0022 	 0.0005
3.0762 	 -0.5824 	 11.8592 	 -3.0714 	 -0.3046 	 4.8177 	 -1.1112 	 0.0001 	 -0.0022 	 0.0005
3.0862 	 -0.5855 	 11.9074 	 -3.0825 	 -0.3046 	 4.8177 	 -1.1112 	 0.0001 	 -0.0022 	 0.0005
3.0962 	 -0.5885 	 11.9557 	 -3.0937 	 -0.3046 	 4.8177 	 -1.1112 	 0.0001 	 -0.0022 	 0.0005
3.1062 	 -0.5916 	 12.0040 	 -3.1048 	 -0.3046 	 4.8176 	 -1.1112 	 0.0001 	 -0.0022 	 0.0005
3.1162 	 -0.5946 	 12.0522 	 -3.1159 	 -0.3046 	 4.8176 	 -1.1112 	 0.0001 	 -0.0022 	 0.0005
3.1263 	 -0.5977 	 12.1005 	 -3.1271 	 -0.3046 	 4.8176 	 -1.1112 	 0.0001 	 -0.0021 	 0.0005
3.1363 	 -0.6007 	 12.1488 	 -3.1382 	 -0.3046 	 4.8176 	 -1.1112 	 0.0001 	 -0.0021 	 0.0005
3.1463 	 -0.6038 	 12.1971 	 -3.1493 	 -0.3046 	 4.8175 	 -1.1112 	 0.0001 	 -0.0021 	 0.0005
3.1563 	 -0.6068 	 12.2453 	 -3.1605 	 -0.3046 	 4.8175 	 -1.1112 	 0.0001 	 -0.0021 	 0.0005
3.1663 	 -0.6099 	 12.2936 	 -3.1716 	 -0.3045 	 4.8175 	 -1.1112 	 0.0001 	 -0.0021 	 0.0005
3.1764 	 -0.6129 	 12.3419 	 -3.1827 	 -0.3045 	 4.8175 	 -1.1112 	 0.0001 	 -0.0021 	 0.0005
3.1864 	 -0.6160 	 12.3902 	 -3.1939 	 -0.3045 	 4.8175 	 -1.1112 	 0.0000 	 -0.0020 	 0.0005
3.1964 	 -0.6190 	 12.4384 	 -3.2050 	 -0.3045 	 4.8174 	 -1.1112 	 0.0000 	 -0.0020 	 0.0005
3.2064 	 -0.6221 	 12.4867 	 -3.2161 	 -0.3045 	 4.8174 	 -1.1112 	 0.0000 	 -0.0020 	 0.0005
3.2164 	 -0.6251 	 12.5350 	 -3.2273 	 -0.3045 	 4.8174 	 -1.1112 	 0.0000 	 -0.0020 	 0.0005
3.2265 	 -0.6282 	 12.5832 	 -3.2384 	 -0.3045 	 4.8174 	 -1.1112 	 0.0000 	 -0.0020 	 0.0005
3.2365 	 -0.6312 	 12.6315 	 -3.2495 	 -0.3045 	 4.8174 	 -1.1112 	 0.0000 	 -0.0020 	 0.0005
3.2465 	 -0.6343 	 12.6798 	 -3.2607 	 -0.3045 	 4.8173 	 -1.1112 	 0.0000 	 -0.0020 	 0.0005
3.2565 	 -0.6373 	 12.7280 	 -3.2718 	 -0.3045 	 4.8173 	 -1.1112 	 0.0000 	 -0.0019 	 0.0005
3.2665 	 -0.6404 	 12.7763 	 -3.2829 	 -0.3045 	 4.8173 	 -1.1111 	 0.0000 	 -0.0019 	 0.0004
3.2766 	 -0.6434 	 12.8246 	 -3.2941 	 -0.3045 	 4.8173 	 -1.1111 	 0.0001 	 -0.0019 	 0.0005
3.2866 	 -0.6465 	 12.8729 	 -3.3052 	 -0.3045 	 4.8173 	 -1.1111 	 0.0000 	 -0.0018 	 0.0004
3.2966 	 -0.6495 	 12.9211 	 -3.3164 	 -0.3045 	 4.8172 	 -1.1111 	 0.0000 	 -0.0018 	 0.0004
3.3066 	 -0.6526 	 12.9694 	 -3.3275 	 -0.3045 	 4.8172 	 -1.1111 	 0.0000 	 -0.0018 	 0.0004
3.3166 	 -0.6556 	 13.0177 	 -3.3386 	 -0.3045 	 4.8172 	 -1.1111 	 0.0000 	 -0.0018 	 0.0004
3.3267 	 -0.6587 	 13.0659 	 -3.3498 	 -0.3045 	 4.8172 	 -1.1111 	 0.0000 	 -0.0018 	 0.0004
3.3367 	 -0.6617 	 13.1142 	 -3.3609 	 -0.3045 	 4.8172 	 -1.1111 	 0.0000 	 -0.0018 	 0.0004
3.3467 	 -0.6648 	 13.1625 	 -3.3720 	 -0.3045 	 4.8172 	 -1.1111 	 0.0000 	 -0.0018 	 0.0004
3.3567 	 -0.6679 	 13.2107 	 -3.3832 	 -0.3045 	 4.8171 	 -1.1111 	 0.0000 	 -0.0018 	 0.0004
3.3667 	 -0.6709 	 13.2590 	 -3.3943 	 -0.3045 	 4.8171 	 -1.1111 	 0.0000 	 -0.0017 	 0.0004
3.3768 	 -0.6740 	 13.3073 	 -3.4054 	 -0.3045 	 4.8171 	 -1.1111 	 0.0000 	 -0.0017 	 0.0004
3.3868 	 -0.6770 	 13.3555 	 -3.4166 	 -0.3045 	 4.8171 	 -1.1111 	 0.0000 	 -0.0017 	 0.0004
3.3968 	 -0.6801 	 13.4038 	 -3.4277 	 -0.3045 	 4.8171 	 -1.1111 	 0.0000 	 -0.0017 	 0.0004
3.4068 	 -0.6831 	 13.4521 	 -3.4388 	 -0.3045 	 4.8171 	 -1.1111 	 0.0000 	 -0.0017 	 0.0004
3.4168 	 -0.6862 	 13.5003 	 -3.4500 	 -0.3045 	 4.8170 	 -1.1111 	 0.0000 	 -0.0017 	 0.0004
3.4269 	 -0.6892 	 13.5486 	 -3.4611 	 -0.3045 	 4.8170 	 -1.1111 	 0.0000 	 -0.0017 	 0.0004
3.4369 	 -0.6923 	 13.5969 	 -3.4722 	 -0.3045 	 4.8170 	 -1.1111 	 0.0000 	 -0.0017 	 0.0004
3.4469 	 -0.6953 	 13.6451 	 -3.4834 	 -0.3045 	 4.8170 	 -1.1111 	 0.0000 	 -0.0016 	 0.0004
3.4569 	 -0.6984 	 13.6934 	 -3.4945 	 -0.3045 	 4.8170 	 -1.1111 	 0.0000 	 -0.0016 	 0.0004
3.4669 	 -0.7014 	 13.7417 	 -3.5056 	 -0.3045 	 4.8170 	 -1.1111 	 0.0000 	 -0.0016 	 0.0004
3.4770 	 -0.7045 	 13.7899 	 -3.5167 	 -0.3045 	 4.8169 	 -1.1111 	 0.0000 	 -0.0016 	 0.0004
3.4870 	 -0.7075 	 13.8382 	 -3.5279 	 -0.3045 	 4.8169 	 -1.1111 	 0.0000 	 -0.0016 	 0.0004
3.4970 	 -0.7106 	 13.8865 	 -3.5390 	 -0.3045 	 4.8169 	 -1.1111 	 0.0000 	 -0.0016 	 0.0004
3.5070 	 -0.7136 	 13.9347 	 -3.5501 	 -0.3045 	 4.8169 	 -1.1110 	 0.0000 	 -0.0016 	 0.0004
3.5170 	 -0.7167 	 13.9830 	 -3.5613 	 -0.3045 	 4.8169 	 -1.1110 	 0.0000 	 -0.0016 	 0.0004
3.5271 	 -0.7197 	 14.0313 	 -3.5724 	 -0.3045 	 4.8169 	 -1.1110 	 0.0000 	 -0.0016 	 0.0004
3.5371 	 -0.7228 	 14.0795 	 -3.5835 	 -0.3045 	 4.8168 	 -1.1110 	 0.0000 	 -0.0015 	 0.0004
3.5471 	 -0.7258 	 14.1278 	 -3.5947 	 -0.3045 	 4.8168 	 -1.1110 	 0.0000 	 -0.0015 	 0.0004
3.5571 	 -0.7289 	 14.1761 	 -3.6058 	 -0.3045 	 4.8168 	 -1.1110 	 0.0000 	 -0.0015 	 0.0004
3.5671 	 -0.7319 	 14.2243 	 -3.6169 	 -0.3045 	 4.8168 	 -1.1110 	 0.0000 	 -0.0015 	 0.0004
3.5772 	 -0.7350 	 14.2726 	 -3.6281 	 -0.3045 	 4.8168 	 -1.1110 	 0.0000 	 -0.0015 	 0.0004
3.5872 	 -0.7380 	 14.3209 	 -3.6392 	 -0.3045 	 4.8168 	 -1.1110 	 0.0000 	 -0.0015 	 0.0003
3.5972 	 -0.7411 	 14.3691 	 -3.6503 	 -0.3045 	 4.8167 	 -1.1110 	 0.0000 	 -0.0015 	 0.0003
3.6072 	 -0.7441 	 14.4174 	 -3.6615 	 -0.3045 	 4.8167 	 -1.1110 	 0.0000 	 -0.0015 	 0.0003
3.6172 	 -0.7472 	 14.4656 	 -3.6726 	 -0.3045 	 4.8167 	 -1.1110 	 0.0000 	 -0.0015 	 0.0003
3.6273 	 -0.7502 	 14.5139 	 -3.6837 	 -0.3045 	 4.8167 	 -1.1110 	 0.0000 	 -0.0015 	 0.0003
3.6373 	 -0.7533 	 14.5622 	 -3.6949 	 -0.3045 	 4.8167 	 -1.1110 	 0.0000 	 -0.0014 	 0.0003
3.6473 	 -0.7563 	 14.6104 	 -3.7060 	 -0.3045 	 4.8167 	 -1.1110 	 0.0000 	 -0.0014 	 0.0003
3.6573 	 -0.7594 	 14.6587 	 -3.7171 	 -0.3045 	 4.8167 	 -1.1110 	 0.0000 	 -0.0014 	 0.0003
3.6673 	 -0.7624 	 14.7070 	 -3.7283 	 -0.3045 	 4.8166 	 -1.1110 	 0.0000 	 -0.0014 	 0.0003
3.6774 	 -0.7655 	 14.7552 	 -3.7394 	 -0.3045 	 4.8166 	 -1.1110 	 0.0000 	 -0.0014 	 0.0003
3.6874 	 -0.7685 	 14.8035 	 -3.7505 	 -0.3045 	 4.8166 	 -1.1110 	 0.0000 	 -0.0014 	 0.0003
3.6974 	 -0.7716 	 14.8517 	 -3.7617 	 -0.3045 	 4.8166 	 -1.1110 	 0.0000 	 -0.0014 	 0.0003
3.7074 	 -0.7747 	 14.9000 	 -3.7728 	 -0.3045 	 4.8166 	 -1.1110 	 0.0000 	 -0.0014 	 0.0003
3.7174 	 -0.7777 	 14.9483 	 -3.7839 	 -0.3045 	 4.8166 	 -1.1110 	 0.0000 	 -0.0014 	 0.0003
3.7275 	 -0.7808 	 14.9965 	 -3.7951 	 -0.3045 	 4.8166 	 -1.1110 	 0.0000 	 -0.0014 	 0.0003
3.7375 	 -0.7838 	 15.0448 	 -3.8062 	 -0.3045 	 4.8166 	 -1.1110 	 0.0000 	 -0.0014 	 0.0003
3.7475 	 -0.7869 	 15.0931 	 -3.8173 	 -0.3045 	 4.8165 	 -1.1110 	 0.0000 	 -0.0013 	 0.0003
3.7575 	 -0.7899 	 15.1413 	 -3.8285 	 -0.3045 	 4.8165 	 -1.1110 	 0.0000 	 -0.0013 	 0.0003
3.7675 	 -0.7930 	 15.1896 	 -3.8396 	 -0.3045 	 4.8165 	 -1.1110 	 0.0000 	 -0.0013 	 0.0003
3.7776 	 -0.7960 	 15.2378 	 -3.8507 	 -0.3045 	 4.8165 	 -1.1110 	 0.0000 	 -0.0013 	 0.0003
3.7876 	 -0.7991 	 15.2861 	 -3.8619 	 -0.3045 	 4.8165 	 -1.1110 	 0.0000 	 -0.0013 	 0.0003
3.7976 	 -0.8021 	 15.3344 	 -3.8730 	 -0.3045 	 4.8165 	 -1.1110 	 0.0000 	 -0.0013 	 0.0003
3.8076 	 -0.8052 	 15.3826 	 -3.8841 	 -0.3045 	 4.8165 	 -1.1109 	 0.0000 	 -0.0013 	 0.0003
3.8176 	 -0.8082 	 15.4309 	 -3.8952 	 -0.3045 	 4.8164 	 -1.1109 	 0.0000 	 -0.0013 	 0.0003
3.8277 	 -0.8113 	 15.4792 	 -3.9064 	 -0.3045 	 4.8164 	 -1.1109 	 0.0000 	 -0.0013 	 0.0003
3.8377 	 -0.8143 	 15.5274 	 -3.9175 	 -0.3045 	 4.8164 	 -1.1109 	 0.0000 	 -0.0013 	 0.0003
3.8477 	 -0.8174 	 15.5757 	 -3.9286 	 -0.3045 	 4.8164 	 -1.1109 	 0.0000 	 -0.0013 	 0.0003
3.8577 	 -0.8204 	 15.6239 	 -3.9398 	 -0.3045 	 4.8164 	 -1.1109 	 0.0000 	 -0.0013 	 0.0003
3.8677 	 -0.8235 	 15.6722 	 -3.9509 	 -0.3045 	 4.8164 	 -1.1109 	 0.0000 	 -0.0013 	 0.0003
3.8778 	 -0.8265 	 15.7205 	 -3.9620 	 -0.3045 	 4.8164 	 -1.1109 	 0.0000 	 -0.0012 	 0.0003
3.8878 	 -0.8296 	 15.7687 	 -3.9732 	 -0.3045 	 4.8164 	 -1.1109 	 0.0000 	 -0.0012 	 0.0003
3.8978 	 -0.8326 	 15.8170 	 -3.9843 	 -0.3045 	 4.8163 	 -1.1109 	 0.0000 	 -0.0012 	 0.0003
3.9078 	 -0.8357 	 15.8652 	 -3.9954 	 -0.3045 	 4.8163 	 -1.1109 	 0.0000 	 -0.0012 	 0.0003
3.9178 	 -0.8387 	 15.9135 	 -4.0066 	 -0.3045 	 4.8163 	 -1.1109 	 0.0000 	 -0.0012 	 0.0003
3.9279 	 -0.8418 	 15.9618 	 -4.0177 	 -0.3045 	 4.8163 	 -1.1109 	 0.0000 	 -0.0012 	 0.0003
3.9379 	 -0.8448 	 16.0100 	 -4.0288 	 -0.3045 	 4.8163 	 -1.1109 	 0.0000 	 -0.0012 	 0.0003
3.9479 	 -0.8479 	 16.0583 	 -4.0400 	 -0.3045 	 4.8163 	 -1.1109 	 0.0000 	 -0.0012 	 0.0003
3.9579 	 -0.8509 	 16.1065 	 -4.0511 	 -0.3045 	 4.8163 	 -1.1109 	 0.0000 	 -0.0012 	 0.0003
3.9679 	 -0.8540 	 16.1548 	 -4.0622 	 -0.3045 	 4.8163 	 -1.1109 	 0.0000 	 -0.0012 	 0.0003
3.9780 	 -0.8570 	 16.2030 	 -4.0734 	 -0.3045 	 4.8162 	 -1.1109 	 0.0000 	 -0.0012 	 0.0003
3.9880 	 -0.8601 	 16.2513 	 -4.0845 	 -0.3045 	 4.8162 	 -1.1109 	 0.0000 	 -0.0012 	 0.0003
3.9980 	 -0.8631 	 16.2996 	 -4.0956 	 -0.3045 	 4.8162 	 -1.1109 	 0.0000 	 -0.0012 	 0.0003
4.0080 	 -0.8662 	 16.3478 	 -4.1067 	 -0.3045 	 4.8162 	 -1.1109 	 0.0000 	 -0.0012 	 0.0003
4.0180 	 -0.8692 	 16.3961 	 -4.1179 	 -0.3045 	 4.8162 	 -1.1109 	 0.0000 	 -0.0011 	 0.0003
4.0281 	 -0.8723 	 16.4443 	 -4.1290 	 -0.3045 	 4.8162 	 -1.1109 	 0.0000 	 -0.0011 	 0.0003
4.0381 	 -0.8753 	 16.4926 	 -4.1401 	 -0.3045 	 4.8162 	 -1.1109 	 0.0000 	 -0.0011 	 0.0003
4.0481 	 -0.8784 	 16.5409 	 -4.1513 	 -0.3045 	 4.8162 	 -1.1109 	 0.0000 	 -0.0011 	 0.0003
4.0581 	 -0.8814 	 16.5891 	 -4.1624 	 -0.3045 	 4.8162 	 -1.1109 	 0.0000 	 -0.0011 	 0.0003
4.0681 	 -0.8845 	 16.6374 	 -4.1735 	 -0.3045 	 4.8161 	 -1.1109 	 0.0000 	 -0.0011 	 0.0003
4.0782 	 -0.8875 	 16.6856 	 -4.1847 	 -0.3045 	 4.8161 	 -1.1109 	 0.0000 	 -0.0011 	 0.0003
4.0882 	 -0.8906 	 16.7339 	 -4.1958 	 -0.3045 	 4.8161 	 -1.1109 	 0.0000 	 -0.0011 	 0.0003
4.0982 	 -0.8937 	 16.7821 	 -4.2069 	 -0.3045 	 4.8161 	 -1.1109 	 0.0000 	 -0.0011 	 0.0003
4.1082 	 -0.8967 	 16.8304 	 -4.2181 	 -0.3045 	 4.8161 	 -1.1109 	 0.0000 	 -0.0011 	 0.0003
4.1182 	 -0.8998 	 16.8787 	 -4.2292 	 -0.3045 	 4.8161 	 -1.1109 	 0.0000 	 -0.0011 	 0.0002
4.1283 	 -0.9028 	 16.9269 	 -4.2403 	 -0.3045 	 4.8161 	 -1.1109 	 0.0000 	 -0.0011 	 0.0002
4.1383 	 -0.9059 	 16.9752 	 -4.2514 	 -0.3045 	 4.8161 	 -1.1109 	 0.0000 	 -0.0011 	 0.0002
4.1483 	 -0.9089 	 17.0234 	 -4.2626 	 -0.3045 	 4.8161 	 -1.1109 	 0.0000 	 -0.0011 	 0.0002
4.1583 	 -0.9120 	 17.0717 	 -4.2737 	 -0.3045 	 4.8160 	 -1.1109 	 0.0000 	 -0.0011 	 0.0002
4.1683 	 -0.9150 	 17.1200 	 -4.2848 	 -0.3045 	 4.8160 	 -1.1109 	 0.0000 	 -0.0011 	 0.0002
4.1784 	 -0.9181 	 17.1682 	 -4.2960 	 -0.3045 	 4.8160 	 -1.1108 	 0.0000 	 -0.0010 	 0.0002
4.1884 	 -0.9211 	 17.2165 	 -4.3071 	 -0.3045 	 4.8160 	 -1.1108 	 0.0000 	 -0.0010 	 0.0002
4.1984 	 -0.9242 	 17.2647 	 -4.3182 	 -0.3045 	 4.8160 	 -1.1108 	 0.0000 	 -0.0010 	 0.0002
4.2084 	 -0.9272 	 17.3130 	 -4.3294 	 -0.3045 	 4.8160 	 -1.1108 	 0.0000 	 -0.0010 	 0.0002
4.2184 	 -0.9303 	 17.3612 	 -4.3405 	 -0.3045 	 4.8160 	 -1.1108 	 0.0000 	 -0.0010 	 0.0002
4.2285 	 -0.9333 	 17.4095 	 -4.3516 	 -0.3045 	 4.8160 	 -1.1108 	 0.0000 	 -0.0010 	 0.0002
4.2385 	 -0.9364 	 17.4577 	 -4.3628 	 -0.3045 	 4.8160 	 -1.1108 	 0.0000 	 -0.0010 	 0.0002
4.2485 	 -0.9394 	 17.5060 	 -4.3739 	 -0.3045 	 4.8160 	 -1.1108 	 0.0000 	 -0.0010 	 0.0002
4.2585 	 -0.9425 	 17.5543 	 -4.3850 	 -0.3045 	 4.8159 	 -1.1108 	 0.0000 	 -0.0010 	 0.0002
4.2685 	 -0.9455 	 17.6025 	 -4.3961 	 -0.3045 	 4.8159 	 -1.1108 	 0.0000 	 -0.0010 	 0.0002
4.2786 	 -0.9486 	 17.6508 	 -4.4073 	 -0.3045 	 4.8159 	 -1.1108 	 0.0000 	 -0.0010 	 0.0002
4.2886 	 -0.9516 	 17.6990 	 -4.4184 	 -0.3045 	 4.8159 	 -1.1108 	 0.0000 	 -0.0010 	 0.0002
4.2986 	 -0.9547 	 17.7473 	 -4.4295 	 -0.3045 	 4.8159 	 -1.1108 	 0.0000 	 -0.0010 	 0.0002
4.3086 	 -0.9577 	 17.7955 	 -4.4407 	 -0.3045 	 4.8159 	 -1.1108 	 0.0000 	 -0.0010 	 0.0002
4.3186 	 -0.9608 	 17.8438 	 -4.4518 	 -0.3045 	 4.8159 	 -1.1108 	 0.0000 	 -0.0010 	 0.0002
4.3287 	 -0.9638 	 17.8920 	 -4.4629 	 -0.3045 	 4.8159 	 -1.1108 	 0.0000 	 -0.0010 	 0.0002
4.3387 	 -0.9669 	 17.9403 	 -4.4741 	 -0.3045 	 4.8159 	 -1.1108 	 0.0000 	 -0.0010 	 0.0002
4.3487 	 -0.9699 	 17.9886 	 -4.4852 	 -0.3045 	 4.8159 	 -1.1108 	 0.0000 	 -0.0010 	 0.0002
4.3587 	 -0.9730 	 18.0368 	 -4.4963 	 -0.3045 	 4.8158 	 -1.1108 	 0.0000 	 -0.0009 	 0.0002
4.3687 	 -0.9760 	 18.0851 	 -4.5075 	 -0.3045 	 4.8158 	 -1.1108 	 0.0000 	 -0.0009 	 0.0002
4.3788 	 -0.9791 	 18.1333 	 -4.5186 	 -0.3045 	 4.8158 	 -1.1108 	 0.0000 	 -0.0009 	 0.0002
4.3888 	 -0.9821 	 18.1816 	 -4.5297 	 -0.3045 	 4.8158 	 -1.1108 	 0.0000 	 -0.0009 	 0.0002
4.3988 	 -0.9852 	 18.2298 	 -4.5408 	 -0.3045 	 4.8158 	 -1.1108 	 0.0000 	 -0.0009 	 0.0002
4.4088 	 -0.9882 	 18.2781 	 -4.5520 	 -0.3045 	 4.8158 	 -1.1108 	 0.0000 	 -0.0009 	 0.0002
4.4188 	 -0.9913 	 18.3263 	 -4.5631 	 -0.3045 	 4.8158 	 -1.1108 	 0.0000 	 -0.0009 	 0.0002
4.4289 	 -0.9943 	 18.3746 	 -4.5742 	 -0.3045 	 4.8158 	 -1.1108 	 0.0000 	 -0.0009 	 0.0002
4.4389 	 -0.9974 	 18.4228 	 -4.5854 	 -0.3045 	 4.8158 	 -1.1108 	 0.0000 	 -0.0009 	 0.0002
4.4489 	 -1.0004 	 18.4711 	 -4.5965 	 -0.3045 	 4.8158 	 -1.1108 	 0.0000 	 -0.0009 	 0.0002
4.4589 	 -1.0035 	 18.5194 	 -4.6076 	 -0.3045 	 4.8158 	 -1.1108 	 0.0000 	 -0.0009 	 0.0002
4.4689 	 -1.0065 	 18.5676 	 -4.6188 	 -0.3045 	 4.8157 	 -1.1108 	 0.0000 	 -0.0009 	 0.0002
4.4790 	 -1.0096 	 18.6159 	 -4.6299 	 -0.3045 	 4.8157 	 -1.1108 	 0.0000 	 -0.0009 	 0.0002
4.4890 	 -1.0126 	 18.6641 	 -4.6410 	 -0.3045 	 4.8157 	 -1.1108 	 0.0000 	 -0.0009 	 0.0002
4.4990 	 -1.0157 	 18.7124 	 -4.6521 	 -0.3045 	 4.8157 	 -1.1108 	 0.0000 	 -0.0009 	 0.0002
4.5090 	 -1.0187 	 18.7606 	 -4.6633 	 -0.3045 	 4.8157 	 -1.1108 	 0.0000 	 -0.0009 	 0.0002
4.5190 	 -1.0218 	 18.8089 	 -4.6744 	 -0.3045 	 4.8157 	 -1.1108 	 0.0000 	 -0.0009 	 0.0002
4.5291 	 -1.0249 	 18.8571 	 -4.6855 	 -0.3045 	 4.8157 	 -1.1108 	 0.0000 	 -0.0009 	 0.0002
4.5391 	 -1.0279 	 18.9054 	 -4.6967 	 -0.3045 	 4.8157 	 -1.1108 	 0.0000 	 -0.0009 	 0.0002
4.5491 	 -1.0310 	 18.9536 	 -4.7078 	 -0.3045 	 4.8157 	 -1.1108 	 0.0000 	 -0.0009 	 0.0002
4.5591 	 -1.0340 	 19.0019 	 -4.7189 	 -0.3045 	 4.8157 	 -1.1108 	 0.0000 	 -0.0009 	 0.0002
4.5691 	 -1.0371 	 19.0501 	 -4.7301 	 -0.3045 	 4.8157 	 -1.1108 	 0.0000 	 -0.0008 	 0.0002
4.5792 	 -1.0401 	 19.0984 	 -4.7412 	 -0.3045 	 4.8156 	 -1.1108 	 0.0000 	 -0.0008 	 0.0002
4.5892 	 -1.0432 	 19.1467 	 -4.7523 	 -0.3045 	 4.8156 	 -1.1108 	 0.0000 	 -0.0008 	 0.0002
4.5992 	 -1.0462 	 19.1949 	 -4.7634 	 -0.3045 	 4.8156 	 -1.1108 	 0.0000 	 -0.0008 	 0.0002
4.6092 	 -1.0493 	 19.2432 	 -4.7746 	 -0.3045 	 4.8156 	 -1.1108 	 0.0000 	 -0.0008 	 0.0002
4.6192 	 -1.0523 	 19.2914 	 -4.7857 	 -0.3045 	 4.8156 	 -1.1108 	 0.0000 	 -0.0008 	 0.0002
4.6293 	 -1.0554 	 19.3397 	 -4.7968 	 -0.3045 	 4.8156 	 -1.1108 	 0.0000 	 -0.0008 	 0.0002
4.6393 	 -1.0584 	 19.3879 	 -4.8080 	 -0.3045 	 4.8156 	 -1.1108 	 0.0000 	 -0.0008 	 0.0002
4.6493 	 -1.0615 	 19.4362 	 -4.8191 	 -0.3045 	 4.8156 	 -1.1107 	 0.0000 	 -0.0008 	 0.0002
4.6593 	 -1.0645 	 19.4844 	 -4.8302 	 -0.3045 	 4.8156 	 -1.1107 	 0.0000 	 -0.0008 	 0.0002
4.6693 	 -1.0676 	 19.5327 	 -4.8414 	 -0.3045 	 4.8156 	 -1.1107 	 0.0000 	 -0.0008 	 0.0002
4.6794 	 -1.0706 	 19.5809 	 -4.8525 	 -0.3045 	 4.8156 	 -1.1107 	 0.0000 	 -0.0008 	 0.0002
4.6894 	 -1.0737 	 19.6292 	 -4.8636 	 -0.3045 	 4.8156 	 -1.1107 	 0.0000 	 -0.0008 	 0.0002
4.6994 	 -1.0767 	 19.6774 	 -4.8747 	 -0.3045 	 4.8156 	 -1.1107 	 0.0000 	 -0.0008 	 0.0002
4.7094 	 -1.0798 	 19.7257 	 -4.8859 	 -0.3045 	 4.8155 	 -1.1107 	 0.0000 	 -0.0008 	 0.0002
4.7194 	 -1.0828 	 19.7739 	 -4.8970 	 -0.3045 	 4.8155 	 -1.1107 	 0.0000 	 -0.0008 	 0.0002
4.7295 	 -1.0859 	 19.8222 	 -4.9081 	 -0.3045 	 4.8155 	 -1.1107 	 0.0000 	 -0.0008 	 0.0002
4.7395 	 -1.0889 	 19.8704 	 -4.9193 	 -0.3045 	 4.8155 	 -1.1107 	 0.0000 	 -0.0008 	 0.0002
4.7495 	 -1.0920 	 19.9187 	 -4.9304 	 -0.3045 	 4.8155 	 -1.1107 	 0.0000 	 -0.0008 	 0.0002
4.7595 	 -1.0950 	 19.9669 	 -4.9415 	 -0.3045 	 4.8155 	 -1.1107 	 0.0000 	 -0.0008 	 0.0002
4.7695 	 -1.0981 	 20.0152 	 -4.9526 	 -0.3045 	 4.8155 	 -1.1107 	 0.0000 	 -0.0008 	 0.0002
4.7796 	 -1.1011 	 20.0634 	 -4.9638 	 -0.3045 	 4.8155 	 -1.1107 	 0.0000 	 -0.0008 	 0.0002
4.7896 	 -1.1042 	 20.1117 	 -4.9749 	 -0.3045 	 4.8155 	 -1.1107 	 0.0000 	 -0.0008 	 0.0002
4.7996 	 -1.1072 	 20.1599 	 -4.9860 	 -0.3045 	 4.8155 	 -1.1107 	 0.0000 	 -0.0008 	 0.0002
4.8096 	 -1.1103 	 20.2082 	 -4.9972 	 -0.3045 	 4.8155 	 -1.1107 	 0.0000 	 -0.0008 	 0.0002
4.8196 	 -1.1133 	 20.2564 	 -5.0083 	 -0.3045 	 4.8155 	 -1.1107 	 0.0000 	 -0.0008 	 0.0002
4.8297 	 -1.1164 	 20.3047 	 -5.0194 	 -0.3045 	 4.8154 	 -1.1107 	 0.0000 	 -0.0007 	 0.0002
4.8397 	 -1.1194 	 20.3530 	 -5.0306 	 -0.3045 	 4.8154 	 -1.1107 	 0.0000 	 -0.0007 	 0.0002
4.8497 	 -1.1225 	 20.4012 	 -5.0417 	 -0.3045 	 4.8154 	 -1.1107 	 0.0000 	 -0.0007 	 0.0002
4.8597 	 -1.1255 	 20.4495 	 -5.0528 	 -0.3045 	 4.8154 	 -1.1107 	 0.0000 	 -0.0007 	 0.0002
4.8697 	 -1.1286 	 20.4977 	 -5.0639 	 -0.3045 	 4.8154 	 -1.1107 	 0.0000 	 -0.0007 	 0.0002
4.8798 	 -1.1316 	 20.5460 	 -5.0751 	 -0.3045 	 4.8154 	 -1.1107 	 0.0000 	 -0.0007 	 0.0002
4.8898 	 -1.1347 	 20.5942 	 -5.0862 	 -0.3045 	 4.8154 	 -1.1107 	 0.0000 	 -0.0007 	 0.0002
4.8998 	 -1.1377 	 20.6425 	 -5.0973 	 -0.3045 	 4.8154 	 -1.1107 	 0.0000 	 -0.0007 	 0.0002
4.9098 	 -1.1408 	 20.6907 	 -5.1085 	 -0.3045 	 4.8154 	 -1.1107 	 0.0000 	 -0.0007 	 0.0002
4.9198 	 -1.1438 	 20.7390 	 -5.1196 	 -0.3045 	 4.8154 	 -1.1107 	 0.0000 	 -0.0007 	 0.0002
4.9299 	 -1.1469 	 20.7872 	 -5.1307 	 -0.3045 	 4.8154 	 -1.1107 	 0.0000 	 -0.0007 	 0.0002
4.9399 	 -1.1499 	 20.8355 	 -5.1418 	 -0.3045 	 4.8154 	 -1.1107 	 0.0000 	 -0.0007 	 0.0002
4.9499 	 -1.1530 	 20.8837 	 -5.1530 	 -0.3045 	 4.8154 	 -1.1107 	 0.0000 	 -0.0007 	 0.0002
4.9599 	 -1.1560 	 20.9320 	 -5.1641 	 -0.3045 	 4.8154 	 -1.1107 	 0.0000 	 -0.0007 	 0.0002
4.9699 	 -1.1591 	 20.9802 	 -5.1752 	 -0.3045 	 4.8153 	 -1.1107 	 0.0000 	 -0.0007 	 0.0002
4.9800 	 -1.1621 	 21.0285 	 -5.1864 	 -0.3045 	 4.8153 	 -1.1107 	 0.0000 	 -0.0007 	 0.0002
4.9900 	 -1.1652 	 21.0767 	 -5.1975 	 -0.3045 	 4.8153 	 -1.1107 	 0.0000 	 -0.0007 	 0.0002
