100-Body Run with i = 45 th particle. (Units in pc,M_solar,Myr, km s-1) 

time		 x 		 y 		 z 		 xdot 		 ydot 		 zdot 		 xddot 		 yddot 		 zddot
0.0000 	 0.6022 	 0.2837 	 1.2456 	 -0.0106 	 -0.0132 	 -0.0108 	 -0.1606 	 -0.0936 	 -0.1078
0.0100 	 0.6021 	 0.2836 	 1.2455 	 -0.0122 	 -0.0141 	 -0.0119 	 -0.1606 	 -0.0934 	 -0.1078
0.0200 	 0.6020 	 0.2834 	 1.2454 	 -0.0138 	 -0.0151 	 -0.0130 	 -0.1605 	 -0.0933 	 -0.1077
0.0301 	 0.6018 	 0.2833 	 1.2453 	 -0.0154 	 -0.0160 	 -0.0141 	 -0.1606 	 -0.0932 	 -0.1077
0.0401 	 0.6017 	 0.2831 	 1.2451 	 -0.0170 	 -0.0169 	 -0.0151 	 -0.1602 	 -0.0932 	 -0.1083
0.0501 	 0.6015 	 0.2829 	 1.2450 	 -0.0186 	 -0.0179 	 -0.0162 	 -0.1568 	 -0.0925 	 -0.1068
0.0601 	 0.6013 	 0.2827 	 1.2448 	 -0.0202 	 -0.0188 	 -0.0173 	 -0.1587 	 -0.0923 	 -0.1045
0.0701 	 0.6011 	 0.2825 	 1.2446 	 -0.0218 	 -0.0197 	 -0.0183 	 -0.1595 	 -0.0922 	 -0.1042
0.0802 	 0.6009 	 0.2823 	 1.2444 	 -0.0234 	 -0.0206 	 -0.0194 	 -0.1599 	 -0.0922 	 -0.1040
0.0902 	 0.6006 	 0.2821 	 1.2442 	 -0.0250 	 -0.0216 	 -0.0204 	 -0.1602 	 -0.0921 	 -0.1037
0.1002 	 0.6004 	 0.2819 	 1.2440 	 -0.0266 	 -0.0225 	 -0.0215 	 -0.1603 	 -0.0921 	 -0.1035
0.1102 	 0.6001 	 0.2817 	 1.2438 	 -0.0282 	 -0.0234 	 -0.0225 	 -0.1605 	 -0.0920 	 -0.1032
0.1202 	 0.5998 	 0.2814 	 1.2436 	 -0.0298 	 -0.0243 	 -0.0235 	 -0.1606 	 -0.0920 	 -0.1030
0.1303 	 0.5995 	 0.2812 	 1.2433 	 -0.0314 	 -0.0253 	 -0.0246 	 -0.1606 	 -0.0920 	 -0.1028
0.1403 	 0.5992 	 0.2809 	 1.2431 	 -0.0330 	 -0.0262 	 -0.0256 	 -0.1607 	 -0.0921 	 -0.1027
0.1503 	 0.5988 	 0.2807 	 1.2428 	 -0.0347 	 -0.0271 	 -0.0266 	 -0.1607 	 -0.0921 	 -0.1026
0.1603 	 0.5985 	 0.2804 	 1.2425 	 -0.0363 	 -0.0280 	 -0.0276 	 -0.1605 	 -0.0921 	 -0.1024
0.1703 	 0.5981 	 0.2801 	 1.2423 	 -0.0379 	 -0.0289 	 -0.0287 	 -0.1594 	 -0.0914 	 -0.1010
0.1804 	 0.5977 	 0.2798 	 1.2420 	 -0.0395 	 -0.0299 	 -0.0297 	 -0.1587 	 -0.0912 	 -0.0998
0.1904 	 0.5973 	 0.2795 	 1.2417 	 -0.0410 	 -0.0308 	 -0.0307 	 -0.1585 	 -0.0914 	 -0.0995
0.2004 	 0.5969 	 0.2792 	 1.2414 	 -0.0426 	 -0.0317 	 -0.0317 	 -0.1585 	 -0.0917 	 -0.0997
0.2104 	 0.5965 	 0.2789 	 1.2410 	 -0.0442 	 -0.0326 	 -0.0327 	 -0.1586 	 -0.0921 	 -0.1003
0.2204 	 0.5960 	 0.2785 	 1.2407 	 -0.0458 	 -0.0335 	 -0.0337 	 -0.1588 	 -0.0924 	 -0.1013
0.2305 	 0.5955 	 0.2782 	 1.2404 	 -0.0474 	 -0.0345 	 -0.0347 	 -0.1589 	 -0.0928 	 -0.1028
0.2405 	 0.5951 	 0.2779 	 1.2400 	 -0.0490 	 -0.0354 	 -0.0357 	 -0.1590 	 -0.0931 	 -0.1048
0.2505 	 0.5946 	 0.2775 	 1.2396 	 -0.0506 	 -0.0363 	 -0.0368 	 -0.1587 	 -0.0932 	 -0.1078
0.2605 	 0.5940 	 0.2771 	 1.2393 	 -0.0522 	 -0.0373 	 -0.0379 	 -0.1577 	 -0.0928 	 -0.1118
0.2705 	 0.5935 	 0.2767 	 1.2389 	 -0.0537 	 -0.0382 	 -0.0390 	 -0.1552 	 -0.0915 	 -0.1171
0.2806 	 0.5930 	 0.2764 	 1.2385 	 -0.0553 	 -0.0391 	 -0.0402 	 -0.1499 	 -0.0883 	 -0.1229
0.2906 	 0.5924 	 0.2760 	 1.2381 	 -0.0567 	 -0.0399 	 -0.0415 	 -0.1408 	 -0.0826 	 -0.1263
0.3006 	 0.5918 	 0.2756 	 1.2377 	 -0.0581 	 -0.0407 	 -0.0427 	 -0.1304 	 -0.0761 	 -0.1217
0.3106 	 0.5912 	 0.2752 	 1.2372 	 -0.0594 	 -0.0415 	 -0.0439 	 -0.1259 	 -0.0740 	 -0.1083
0.3206 	 0.5906 	 0.2747 	 1.2368 	 -0.0606 	 -0.0422 	 -0.0449 	 -0.1303 	 -0.0779 	 -0.0945
0.3307 	 0.5900 	 0.2743 	 1.2363 	 -0.0620 	 -0.0430 	 -0.0458 	 -0.1384 	 -0.0842 	 -0.0861
0.3407 	 0.5894 	 0.2739 	 1.2359 	 -0.0634 	 -0.0439 	 -0.0467 	 -0.1457 	 -0.0900 	 -0.0822
0.3507 	 0.5888 	 0.2734 	 1.2354 	 -0.0649 	 -0.0448 	 -0.0475 	 -0.1509 	 -0.0942 	 -0.0803
0.3607 	 0.5881 	 0.2730 	 1.2349 	 -0.0664 	 -0.0458 	 -0.0483 	 -0.1543 	 -0.0972 	 -0.0791
0.3707 	 0.5874 	 0.2725 	 1.2344 	 -0.0680 	 -0.0468 	 -0.0491 	 -0.1564 	 -0.0991 	 -0.0779
0.3808 	 0.5867 	 0.2720 	 1.2339 	 -0.0696 	 -0.0478 	 -0.0498 	 -0.1576 	 -0.1003 	 -0.0768
0.3908 	 0.5860 	 0.2715 	 1.2334 	 -0.0712 	 -0.0488 	 -0.0506 	 -0.1581 	 -0.1008 	 -0.0756
0.4008 	 0.5853 	 0.2711 	 1.2329 	 -0.0727 	 -0.0498 	 -0.0513 	 -0.1581 	 -0.1008 	 -0.0744
0.4108 	 0.5846 	 0.2705 	 1.2324 	 -0.0743 	 -0.0508 	 -0.0521 	 -0.1579 	 -0.1005 	 -0.0734
0.4208 	 0.5838 	 0.2700 	 1.2319 	 -0.0759 	 -0.0518 	 -0.0528 	 -0.1574 	 -0.0999 	 -0.0724
0.4309 	 0.5830 	 0.2695 	 1.2313 	 -0.0775 	 -0.0528 	 -0.0535 	 -0.1568 	 -0.0990 	 -0.0717
0.4409 	 0.5823 	 0.2690 	 1.2308 	 -0.0790 	 -0.0538 	 -0.0542 	 -0.1561 	 -0.0981 	 -0.0711
0.4509 	 0.5815 	 0.2684 	 1.2302 	 -0.0806 	 -0.0548 	 -0.0550 	 -0.1555 	 -0.0971 	 -0.0707
0.4609 	 0.5806 	 0.2679 	 1.2297 	 -0.0822 	 -0.0558 	 -0.0557 	 -0.1548 	 -0.0962 	 -0.0704
0.4709 	 0.5798 	 0.2673 	 1.2291 	 -0.0837 	 -0.0567 	 -0.0564 	 -0.1542 	 -0.0952 	 -0.0702
0.4810 	 0.5790 	 0.2667 	 1.2286 	 -0.0852 	 -0.0577 	 -0.0571 	 -0.1537 	 -0.0944 	 -0.0701
0.4910 	 0.5781 	 0.2662 	 1.2280 	 -0.0868 	 -0.0586 	 -0.0578 	 -0.1533 	 -0.0936 	 -0.0700
0.5010 	 0.5772 	 0.2656 	 1.2274 	 -0.0883 	 -0.0595 	 -0.0585 	 -0.1529 	 -0.0928 	 -0.0699
0.5110 	 0.5763 	 0.2650 	 1.2268 	 -0.0898 	 -0.0605 	 -0.0592 	 -0.1495 	 -0.0900 	 -0.0638
0.5210 	 0.5754 	 0.2644 	 1.2262 	 -0.0913 	 -0.0614 	 -0.0598 	 -0.1495 	 -0.0899 	 -0.0634
0.5311 	 0.5745 	 0.2637 	 1.2256 	 -0.0928 	 -0.0623 	 -0.0604 	 -0.1494 	 -0.0894 	 -0.0634
0.5411 	 0.5736 	 0.2631 	 1.2250 	 -0.0943 	 -0.0632 	 -0.0611 	 -0.1494 	 -0.0890 	 -0.0634
0.5511 	 0.5726 	 0.2625 	 1.2244 	 -0.0958 	 -0.0640 	 -0.0617 	 -0.1494 	 -0.0886 	 -0.0634
0.5611 	 0.5717 	 0.2618 	 1.2238 	 -0.0973 	 -0.0649 	 -0.0623 	 -0.1496 	 -0.0884 	 -0.0634
0.5711 	 0.5707 	 0.2612 	 1.2231 	 -0.0988 	 -0.0658 	 -0.0630 	 -0.1498 	 -0.0882 	 -0.0634
0.5812 	 0.5697 	 0.2605 	 1.2225 	 -0.1003 	 -0.0667 	 -0.0636 	 -0.1502 	 -0.0880 	 -0.0634
0.5912 	 0.5687 	 0.2598 	 1.2219 	 -0.1018 	 -0.0676 	 -0.0642 	 -0.1506 	 -0.0880 	 -0.0635
0.6012 	 0.5676 	 0.2592 	 1.2212 	 -0.1034 	 -0.0685 	 -0.0649 	 -0.1511 	 -0.0880 	 -0.0635
0.6112 	 0.5666 	 0.2585 	 1.2206 	 -0.1049 	 -0.0693 	 -0.0655 	 -0.1517 	 -0.0880 	 -0.0636
0.6212 	 0.5655 	 0.2578 	 1.2199 	 -0.1064 	 -0.0702 	 -0.0662 	 -0.1524 	 -0.0882 	 -0.0636
0.6313 	 0.5645 	 0.2571 	 1.2192 	 -0.1079 	 -0.0711 	 -0.0668 	 -0.1532 	 -0.0884 	 -0.0637
0.6413 	 0.5634 	 0.2563 	 1.2186 	 -0.1095 	 -0.0720 	 -0.0674 	 -0.1542 	 -0.0887 	 -0.0638
0.6513 	 0.5623 	 0.2556 	 1.2179 	 -0.1110 	 -0.0729 	 -0.0681 	 -0.1552 	 -0.0891 	 -0.0638
0.6613 	 0.5611 	 0.2549 	 1.2172 	 -0.1126 	 -0.0738 	 -0.0687 	 -0.1565 	 -0.0896 	 -0.0639
0.6713 	 0.5600 	 0.2541 	 1.2165 	 -0.1142 	 -0.0747 	 -0.0694 	 -0.1578 	 -0.0903 	 -0.0640
0.6814 	 0.5589 	 0.2534 	 1.2158 	 -0.1157 	 -0.0756 	 -0.0700 	 -0.1568 	 -0.0947 	 -0.0665
0.6914 	 0.5577 	 0.2526 	 1.2151 	 -0.1173 	 -0.0766 	 -0.0706 	 -0.1526 	 -0.0947 	 -0.0571
0.7014 	 0.5565 	 0.2518 	 1.2144 	 -0.1188 	 -0.0775 	 -0.0712 	 -0.1556 	 -0.0942 	 -0.0556
0.7114 	 0.5553 	 0.2511 	 1.2137 	 -0.1204 	 -0.0785 	 -0.0717 	 -0.1580 	 -0.0952 	 -0.0552
0.7214 	 0.5541 	 0.2503 	 1.2130 	 -0.1220 	 -0.0794 	 -0.0723 	 -0.1605 	 -0.0967 	 -0.0549
0.7315 	 0.5529 	 0.2495 	 1.2122 	 -0.1236 	 -0.0804 	 -0.0728 	 -0.1631 	 -0.0986 	 -0.0544
0.7415 	 0.5516 	 0.2487 	 1.2115 	 -0.1252 	 -0.0814 	 -0.0734 	 -0.1660 	 -0.1009 	 -0.0536
0.7515 	 0.5504 	 0.2478 	 1.2108 	 -0.1269 	 -0.0824 	 -0.0739 	 -0.1690 	 -0.1034 	 -0.0525
0.7615 	 0.5491 	 0.2470 	 1.2100 	 -0.1286 	 -0.0835 	 -0.0744 	 -0.1721 	 -0.1064 	 -0.0511
0.7715 	 0.5478 	 0.2462 	 1.2093 	 -0.1304 	 -0.0846 	 -0.0749 	 -0.1753 	 -0.1097 	 -0.0490
0.7816 	 0.5465 	 0.2453 	 1.2085 	 -0.1321 	 -0.0857 	 -0.0754 	 -0.1785 	 -0.1133 	 -0.0464
0.7916 	 0.5451 	 0.2445 	 1.2078 	 -0.1339 	 -0.0868 	 -0.0758 	 -0.1814 	 -0.1172 	 -0.0430
0.8016 	 0.5438 	 0.2436 	 1.2070 	 -0.1358 	 -0.0880 	 -0.0762 	 -0.1840 	 -0.1212 	 -0.0388
0.8116 	 0.5424 	 0.2427 	 1.2062 	 -0.1376 	 -0.0892 	 -0.0766 	 -0.1860 	 -0.1251 	 -0.0337
0.8216 	 0.5410 	 0.2418 	 1.2055 	 -0.1395 	 -0.0905 	 -0.0769 	 -0.1872 	 -0.1288 	 -0.0279
0.8317 	 0.5396 	 0.2409 	 1.2047 	 -0.1414 	 -0.0918 	 -0.0772 	 -0.1875 	 -0.1319 	 -0.0213
0.8417 	 0.5382 	 0.2399 	 1.2039 	 -0.1432 	 -0.0932 	 -0.0773 	 -0.1867 	 -0.1343 	 -0.0143
0.8517 	 0.5367 	 0.2390 	 1.2032 	 -0.1451 	 -0.0945 	 -0.0775 	 -0.1849 	 -0.1359 	 -0.0070
0.8617 	 0.5353 	 0.2381 	 1.2024 	 -0.1470 	 -0.0959 	 -0.0775 	 -0.1822 	 -0.1363 	 0.0001
0.8717 	 0.5338 	 0.2371 	 1.2016 	 -0.1488 	 -0.0972 	 -0.0775 	 -0.1786 	 -0.1358 	 0.0070
0.8818 	 0.5323 	 0.2361 	 1.2008 	 -0.1505 	 -0.0986 	 -0.0774 	 -0.1744 	 -0.1342 	 0.0132
0.8918 	 0.5308 	 0.2351 	 1.2000 	 -0.1523 	 -0.0999 	 -0.0772 	 -0.1699 	 -0.1319 	 0.0187
0.9018 	 0.5292 	 0.2341 	 1.1993 	 -0.1539 	 -0.1012 	 -0.0770 	 -0.1654 	 -0.1289 	 0.0235
0.9118 	 0.5277 	 0.2331 	 1.1985 	 -0.1556 	 -0.1025 	 -0.0767 	 -0.1609 	 -0.1255 	 0.0275
0.9218 	 0.5261 	 0.2320 	 1.1977 	 -0.1572 	 -0.1038 	 -0.0764 	 -0.1567 	 -0.1219 	 0.0309
0.9319 	 0.5245 	 0.2310 	 1.1970 	 -0.1587 	 -0.1050 	 -0.0761 	 -0.1527 	 -0.1183 	 0.0338
0.9419 	 0.5229 	 0.2299 	 1.1962 	 -0.1602 	 -0.1061 	 -0.0758 	 -0.1492 	 -0.1147 	 0.0362
0.9519 	 0.5213 	 0.2289 	 1.1955 	 -0.1617 	 -0.1073 	 -0.0754 	 -0.1460 	 -0.1113 	 0.0384
0.9619 	 0.5197 	 0.2278 	 1.1947 	 -0.1631 	 -0.1084 	 -0.0750 	 -0.1432 	 -0.1081 	 0.0403
0.9719 	 0.5181 	 0.2267 	 1.1940 	 -0.1646 	 -0.1094 	 -0.0746 	 -0.1407 	 -0.1051 	 0.0422
0.9820 	 0.5164 	 0.2256 	 1.1932 	 -0.1660 	 -0.1105 	 -0.0741 	 -0.1385 	 -0.1025 	 0.0440
0.9920 	 0.5147 	 0.2245 	 1.1925 	 -0.1673 	 -0.1115 	 -0.0737 	 -0.1366 	 -0.1000 	 0.0459
1.0020 	 0.5131 	 0.2234 	 1.1917 	 -0.1687 	 -0.1125 	 -0.0732 	 -0.1349 	 -0.0979 	 0.0479
1.0120 	 0.5114 	 0.2222 	 1.1910 	 -0.1700 	 -0.1134 	 -0.0727 	 -0.1333 	 -0.0959 	 0.0499
1.0220 	 0.5096 	 0.2211 	 1.1903 	 -0.1714 	 -0.1144 	 -0.0722 	 -0.1312 	 -0.0940 	 0.0527
1.0321 	 0.5079 	 0.2199 	 1.1896 	 -0.1727 	 -0.1153 	 -0.0717 	 -0.1246 	 -0.0908 	 0.0574
1.0421 	 0.5062 	 0.2188 	 1.1888 	 -0.1739 	 -0.1162 	 -0.0711 	 -0.1170 	 -0.0866 	 0.0599
1.0521 	 0.5044 	 0.2176 	 1.1881 	 -0.1750 	 -0.1171 	 -0.0705 	 -0.1119 	 -0.0831 	 0.0608
1.0621 	 0.5027 	 0.2164 	 1.1874 	 -0.1761 	 -0.1179 	 -0.0699 	 -0.1088 	 -0.0805 	 0.0622
1.0721 	 0.5009 	 0.2153 	 1.1867 	 -0.1772 	 -0.1187 	 -0.0692 	 -0.1067 	 -0.0786 	 0.0642
1.0822 	 0.4991 	 0.2141 	 1.1860 	 -0.1783 	 -0.1194 	 -0.0686 	 -0.1051 	 -0.0771 	 0.0669
1.0922 	 0.4973 	 0.2129 	 1.1854 	 -0.1793 	 -0.1202 	 -0.0679 	 -0.1036 	 -0.0757 	 0.0701
1.1022 	 0.4955 	 0.2117 	 1.1847 	 -0.1803 	 -0.1210 	 -0.0672 	 -0.1023 	 -0.0744 	 0.0738
1.1122 	 0.4937 	 0.2104 	 1.1840 	 -0.1813 	 -0.1217 	 -0.0664 	 -0.1009 	 -0.0732 	 0.0777
1.1222 	 0.4919 	 0.2092 	 1.1833 	 -0.1824 	 -0.1224 	 -0.0656 	 -0.0995 	 -0.0720 	 0.0820
1.1323 	 0.4901 	 0.2080 	 1.1827 	 -0.1833 	 -0.1231 	 -0.0647 	 -0.0981 	 -0.0708 	 0.0867
1.1423 	 0.4882 	 0.2067 	 1.1821 	 -0.1843 	 -0.1239 	 -0.0639 	 -0.0967 	 -0.0695 	 0.0917
1.1523 	 0.4864 	 0.2055 	 1.1814 	 -0.1853 	 -0.1245 	 -0.0629 	 -0.0951 	 -0.0682 	 0.0971
1.1623 	 0.4845 	 0.2042 	 1.1808 	 -0.1862 	 -0.1252 	 -0.0619 	 -0.0935 	 -0.0668 	 0.1029
1.1723 	 0.4826 	 0.2030 	 1.1802 	 -0.1871 	 -0.1259 	 -0.0608 	 -0.0917 	 -0.0653 	 0.1091
1.1824 	 0.4808 	 0.2017 	 1.1796 	 -0.1881 	 -0.1265 	 -0.0597 	 -0.0899 	 -0.0637 	 0.1158
1.1924 	 0.4789 	 0.2005 	 1.1790 	 -0.1890 	 -0.1272 	 -0.0585 	 -0.0879 	 -0.0619 	 0.1229
1.2024 	 0.4770 	 0.1992 	 1.1784 	 -0.1898 	 -0.1278 	 -0.0573 	 -0.0857 	 -0.0600 	 0.1306
1.2124 	 0.4751 	 0.1979 	 1.1778 	 -0.1907 	 -0.1284 	 -0.0559 	 -0.0833 	 -0.0579 	 0.1388
1.2224 	 0.4732 	 0.1966 	 1.1773 	 -0.1915 	 -0.1289 	 -0.0545 	 -0.0808 	 -0.0555 	 0.1477
1.2325 	 0.4712 	 0.1953 	 1.1767 	 -0.1923 	 -0.1295 	 -0.0529 	 -0.0780 	 -0.0529 	 0.1572
1.2425 	 0.4693 	 0.1940 	 1.1762 	 -0.1931 	 -0.1300 	 -0.0513 	 -0.0749 	 -0.0501 	 0.1675
1.2525 	 0.4674 	 0.1927 	 1.1757 	 -0.1938 	 -0.1305 	 -0.0496 	 -0.0716 	 -0.0468 	 0.1786
1.2625 	 0.4654 	 0.1914 	 1.1752 	 -0.1945 	 -0.1309 	 -0.0477 	 -0.0679 	 -0.0432 	 0.1906
1.2725 	 0.4635 	 0.1901 	 1.1748 	 -0.1951 	 -0.1313 	 -0.0458 	 -0.0638 	 -0.0392 	 0.2036
1.2826 	 0.4615 	 0.1888 	 1.1743 	 -0.1958 	 -0.1317 	 -0.0437 	 -0.0593 	 -0.0346 	 0.2178
1.2926 	 0.4595 	 0.1874 	 1.1739 	 -0.1963 	 -0.1320 	 -0.0414 	 -0.0543 	 -0.0294 	 0.2332
1.3026 	 0.4576 	 0.1861 	 1.1735 	 -0.1968 	 -0.1323 	 -0.0390 	 -0.0487 	 -0.0235 	 0.2500
1.3126 	 0.4556 	 0.1848 	 1.1731 	 -0.1973 	 -0.1325 	 -0.0364 	 -0.0425 	 -0.0167 	 0.2683
1.3226 	 0.4536 	 0.1835 	 1.1728 	 -0.1977 	 -0.1326 	 -0.0336 	 -0.0356 	 -0.0090 	 0.2884
1.3327 	 0.4516 	 0.1821 	 1.1724 	 -0.1980 	 -0.1327 	 -0.0306 	 -0.0277 	 -0.0001 	 0.3105
1.3427 	 0.4497 	 0.1808 	 1.1721 	 -0.1983 	 -0.1326 	 -0.0274 	 -0.0188 	 0.0102 	 0.3347
1.3527 	 0.4477 	 0.1795 	 1.1719 	 -0.1984 	 -0.1325 	 -0.0239 	 -0.0087 	 0.0222 	 0.3615
1.3627 	 0.4457 	 0.1782 	 1.1717 	 -0.1984 	 -0.1322 	 -0.0201 	 0.0030 	 0.0363 	 0.3912
1.3727 	 0.4437 	 0.1768 	 1.1715 	 -0.1983 	 -0.1317 	 -0.0160 	 0.0164 	 0.0528 	 0.4241
1.3828 	 0.4417 	 0.1755 	 1.1713 	 -0.1981 	 -0.1311 	 -0.0116 	 0.0320 	 0.0725 	 0.4609
1.3928 	 0.4397 	 0.1742 	 1.1713 	 -0.1977 	 -0.1303 	 -0.0068 	 0.0502 	 0.0961 	 0.5019
1.4028 	 0.4377 	 0.1729 	 1.1712 	 -0.1971 	 -0.1292 	 -0.0015 	 0.0718 	 0.1246 	 0.5480
1.4128 	 0.4358 	 0.1716 	 1.1712 	 -0.1962 	 -0.1277 	 0.0042 	 0.0976 	 0.1593 	 0.5998
1.4228 	 0.4338 	 0.1703 	 1.1713 	 -0.1951 	 -0.1259 	 0.0105 	 0.1287 	 0.2020 	 0.6585
1.4329 	 0.4319 	 0.1691 	 1.1714 	 -0.1936 	 -0.1237 	 0.0174 	 0.1667 	 0.2553 	 0.7250
1.4429 	 0.4299 	 0.1679 	 1.1717 	 -0.1917 	 -0.1208 	 0.0251 	 0.2136 	 0.3224 	 0.8006
1.4529 	 0.4280 	 0.1667 	 1.1720 	 -0.1893 	 -0.1171 	 0.0335 	 0.2723 	 0.4083 	 0.8865
1.4629 	 0.4261 	 0.1655 	 1.1723 	 -0.1862 	 -0.1125 	 0.0429 	 0.3470 	 0.5199 	 0.9841
1.4729 	 0.4243 	 0.1644 	 1.1728 	 -0.1823 	 -0.1066 	 0.0533 	 0.4433 	 0.6672 	 1.0940
1.4830 	 0.4225 	 0.1634 	 1.1734 	 -0.1772 	 -0.0990 	 0.0648 	 0.5698 	 0.8655 	 1.2153
1.4930 	 0.4208 	 0.1625 	 1.1741 	 -0.1707 	 -0.0890 	 0.0777 	 0.7388 	 1.1376 	 1.3433
1.5030 	 0.4191 	 0.1616 	 1.1750 	 -0.1622 	 -0.0758 	 0.0917 	 0.9685 	 1.5187 	 1.4642
1.5130 	 0.4175 	 0.1610 	 1.1760 	 -0.1510 	 -0.0580 	 0.1069 	 1.2847 	 2.0622 	 1.5438
1.5230 	 0.4161 	 0.1605 	 1.1771 	 -0.1361 	 -0.0337 	 0.1223 	 1.7206 	 2.8450 	 1.5002
1.5331 	 0.4148 	 0.1604 	 1.1784 	 -0.1161 	 0.0001 	 0.1359 	 2.3040 	 3.9573 	 1.1491
1.5431 	 0.4138 	 0.1606 	 1.1798 	 -0.0896 	 0.0468 	 0.1430 	 3.0000 	 5.4207 	 0.1126
1.5531 	 0.4131 	 0.1614 	 1.1812 	 -0.0565 	 0.1087 	 0.1339 	 3.5451 	 6.8965 	 -2.1853
1.5631 	 0.4127 	 0.1629 	 1.1823 	 -0.0214 	 0.1809 	 0.0942 	 3.2576 	 7.2065 	 -5.8766
1.5731 	 0.4126 	 0.1650 	 1.1828 	 0.0039 	 0.2441 	 0.0172 	 1.6065 	 5.0099 	 -9.1610
1.5832 	 0.4126 	 0.1675 	 1.1825 	 0.0090 	 0.2760 	 -0.0793 	 -0.4881 	 1.3798 	 -9.5263
1.5932 	 0.4127 	 0.1703 	 1.1813 	 -0.0030 	 0.2751 	 -0.1659 	 -1.7274 	 -1.2553 	 -7.5469
1.6032 	 0.4125 	 0.1729 	 1.1793 	 -0.0226 	 0.2559 	 -0.2297 	 -2.0603 	 -2.3569 	 -5.2420
1.6132 	 0.4122 	 0.1754 	 1.1768 	 -0.0430 	 0.2308 	 -0.2730 	 -1.9572 	 -2.5630 	 -3.4907
1.6232 	 0.4117 	 0.1776 	 1.1739 	 -0.0615 	 0.2057 	 -0.3017 	 -1.7253 	 -2.4116 	 -2.3225
1.6333 	 0.4110 	 0.1795 	 1.1708 	 -0.0775 	 0.1827 	 -0.3209 	 -1.4876 	 -2.1579 	 -1.5676
1.6433 	 0.4101 	 0.1812 	 1.1676 	 -0.0914 	 0.1624 	 -0.3340 	 -1.2806 	 -1.9000 	 -1.0774
1.6533 	 0.4092 	 0.1828 	 1.1642 	 -0.1033 	 0.1446 	 -0.3430 	 -1.1099 	 -1.6692 	 -0.7533
1.6633 	 0.4081 	 0.1841 	 1.1607 	 -0.1137 	 0.1288 	 -0.3494 	 -0.9713 	 -1.4720 	 -0.5344
1.6733 	 0.4069 	 0.1854 	 1.1572 	 -0.1229 	 0.1150 	 -0.3540 	 -0.8589 	 -1.3062 	 -0.3835
1.6834 	 0.4056 	 0.1865 	 1.1536 	 -0.1310 	 0.1026 	 -0.3572 	 -0.7674 	 -1.1673 	 -0.2775
1.6934 	 0.4043 	 0.1874 	 1.1500 	 -0.1383 	 0.0915 	 -0.3596 	 -0.6923 	 -1.0506 	 -0.2019
1.7034 	 0.4029 	 0.1883 	 1.1464 	 -0.1449 	 0.0815 	 -0.3614 	 -0.6301 	 -0.9522 	 -0.1473
1.7134 	 0.4014 	 0.1891 	 1.1428 	 -0.1510 	 0.0724 	 -0.3626 	 -0.5782 	 -0.8687 	 -0.1075
1.7234 	 0.3998 	 0.1898 	 1.1391 	 -0.1565 	 0.0640 	 -0.3635 	 -0.5343 	 -0.7972 	 -0.0785
1.7335 	 0.3982 	 0.1904 	 1.1355 	 -0.1617 	 0.0563 	 -0.3642 	 -0.4970 	 -0.7357 	 -0.0574
1.7435 	 0.3966 	 0.1909 	 1.1318 	 -0.1665 	 0.0492 	 -0.3647 	 -0.4650 	 -0.6824 	 -0.0422
1.7535 	 0.3949 	 0.1914 	 1.1282 	 -0.1710 	 0.0426 	 -0.3651 	 -0.4373 	 -0.6359 	 -0.0315
1.7635 	 0.3932 	 0.1917 	 1.1245 	 -0.1753 	 0.0365 	 -0.3654 	 -0.4130 	 -0.5950 	 -0.0241
1.7735 	 0.3914 	 0.1921 	 1.1209 	 -0.1793 	 0.0307 	 -0.3656 	 -0.3915 	 -0.5590 	 -0.0194
1.7836 	 0.3896 	 0.1924 	 1.1172 	 -0.1831 	 0.0253 	 -0.3658 	 -0.3722 	 -0.5270 	 -0.0166
1.7936 	 0.3877 	 0.1926 	 1.1135 	 -0.1868 	 0.0201 	 -0.3659 	 -0.3546 	 -0.4985 	 -0.0151
1.8036 	 0.3858 	 0.1928 	 1.1099 	 -0.1903 	 0.0153 	 -0.3661 	 -0.3385 	 -0.4728 	 -0.0146
1.8136 	 0.3839 	 0.1929 	 1.1062 	 -0.1936 	 0.0106 	 -0.3662 	 -0.3235 	 -0.4498 	 -0.0144
1.8236 	 0.3820 	 0.1930 	 1.1025 	 -0.1967 	 0.0062 	 -0.3664 	 -0.3097 	 -0.4291 	 -0.0143
1.8337 	 0.3800 	 0.1930 	 1.0989 	 -0.1998 	 0.0020 	 -0.3665 	 -0.2971 	 -0.4105 	 -0.0138
1.8437 	 0.3780 	 0.1930 	 1.0952 	 -0.2027 	 -0.0020 	 -0.3666 	 -0.2858 	 -0.3940 	 -0.0128
1.8537 	 0.3759 	 0.1930 	 1.0915 	 -0.2055 	 -0.0059 	 -0.3667 	 -0.2761 	 -0.3792 	 -0.0114
1.8637 	 0.3738 	 0.1929 	 1.0878 	 -0.2082 	 -0.0096 	 -0.3669 	 -0.2680 	 -0.3661 	 -0.0099
1.8737 	 0.3717 	 0.1928 	 1.0842 	 -0.2109 	 -0.0132 	 -0.3669 	 -0.2615 	 -0.3545 	 -0.0085
1.8838 	 0.3696 	 0.1926 	 1.0805 	 -0.2135 	 -0.0167 	 -0.3670 	 -0.2562 	 -0.3442 	 -0.0075
1.8938 	 0.3675 	 0.1925 	 1.0768 	 -0.2160 	 -0.0201 	 -0.3671 	 -0.2520 	 -0.3351 	 -0.0069
1.9038 	 0.3653 	 0.1922 	 1.0731 	 -0.2185 	 -0.0234 	 -0.3672 	 -0.2486 	 -0.3269 	 -0.0068
1.9138 	 0.3631 	 0.1920 	 1.0695 	 -0.2210 	 -0.0267 	 -0.3672 	 -0.2458 	 -0.3195 	 -0.0072
1.9238 	 0.3608 	 0.1917 	 1.0658 	 -0.2235 	 -0.0298 	 -0.3673 	 -0.2435 	 -0.3129 	 -0.0081
1.9339 	 0.3586 	 0.1914 	 1.0621 	 -0.2259 	 -0.0329 	 -0.3674 	 -0.2416 	 -0.3070 	 -0.0093
1.9439 	 0.3563 	 0.1911 	 1.0584 	 -0.2283 	 -0.0360 	 -0.3675 	 -0.2399 	 -0.3017 	 -0.0108
1.9539 	 0.3540 	 0.1907 	 1.0547 	 -0.2307 	 -0.0390 	 -0.3676 	 -0.2384 	 -0.2970 	 -0.0125
1.9639 	 0.3517 	 0.1903 	 1.0510 	 -0.2331 	 -0.0419 	 -0.3678 	 -0.2372 	 -0.2928 	 -0.0145
1.9739 	 0.3494 	 0.1898 	 1.0474 	 -0.2355 	 -0.0448 	 -0.3679 	 -0.2361 	 -0.2891 	 -0.0166
1.9840 	 0.3470 	 0.1894 	 1.0437 	 -0.2378 	 -0.0477 	 -0.3681 	 -0.2347 	 -0.2859 	 -0.0170
1.9940 	 0.3446 	 0.1889 	 1.0400 	 -0.2402 	 -0.0506 	 -0.3683 	 -0.2340 	 -0.2832 	 -0.0193
2.0040 	 0.3422 	 0.1884 	 1.0363 	 -0.2425 	 -0.0534 	 -0.3685 	 -0.2333 	 -0.2810 	 -0.0217
2.0140 	 0.3397 	 0.1878 	 1.0326 	 -0.2448 	 -0.0562 	 -0.3687 	 -0.2328 	 -0.2792 	 -0.0243
2.0240 	 0.3373 	 0.1872 	 1.0289 	 -0.2472 	 -0.0590 	 -0.3690 	 -0.2324 	 -0.2778 	 -0.0268
2.0341 	 0.3348 	 0.1866 	 1.0252 	 -0.2495 	 -0.0618 	 -0.3692 	 -0.2321 	 -0.2769 	 -0.0295
2.0441 	 0.3323 	 0.1860 	 1.0215 	 -0.2518 	 -0.0646 	 -0.3695 	 -0.2320 	 -0.2764 	 -0.0321
2.0541 	 0.3297 	 0.1853 	 1.0178 	 -0.2542 	 -0.0673 	 -0.3699 	 -0.2319 	 -0.2763 	 -0.0349
2.0641 	 0.3272 	 0.1846 	 1.0141 	 -0.2565 	 -0.0701 	 -0.3702 	 -0.2319 	 -0.2766 	 -0.0377
2.0741 	 0.3246 	 0.1839 	 1.0104 	 -0.2588 	 -0.0729 	 -0.3706 	 -0.2320 	 -0.2774 	 -0.0405
2.0842 	 0.3220 	 0.1832 	 1.0067 	 -0.2611 	 -0.0757 	 -0.3711 	 -0.2321 	 -0.2786 	 -0.0435
2.0942 	 0.3194 	 0.1824 	 1.0029 	 -0.2635 	 -0.0785 	 -0.3715 	 -0.2323 	 -0.2802 	 -0.0465
2.1042 	 0.3167 	 0.1816 	 0.9992 	 -0.2658 	 -0.0813 	 -0.3720 	 -0.2326 	 -0.2822 	 -0.0495
2.1142 	 0.3140 	 0.1808 	 0.9955 	 -0.2681 	 -0.0841 	 -0.3725 	 -0.2329 	 -0.2848 	 -0.0527
2.1242 	 0.3113 	 0.1799 	 0.9918 	 -0.2704 	 -0.0870 	 -0.3730 	 -0.2332 	 -0.2877 	 -0.0559
2.1343 	 0.3086 	 0.1790 	 0.9880 	 -0.2728 	 -0.0899 	 -0.3736 	 -0.2335 	 -0.2911 	 -0.0593
2.1443 	 0.3059 	 0.1781 	 0.9843 	 -0.2751 	 -0.0928 	 -0.3742 	 -0.2337 	 -0.2950 	 -0.0626
2.1543 	 0.3031 	 0.1772 	 0.9805 	 -0.2775 	 -0.0958 	 -0.3749 	 -0.2336 	 -0.2993 	 -0.0658
2.1643 	 0.3003 	 0.1762 	 0.9767 	 -0.2798 	 -0.0988 	 -0.3755 	 -0.2330 	 -0.3040 	 -0.0686
2.1743 	 0.2975 	 0.1752 	 0.9730 	 -0.2821 	 -0.1019 	 -0.3762 	 -0.2318 	 -0.3091 	 -0.0712
2.1844 	 0.2946 	 0.1742 	 0.9692 	 -0.2844 	 -0.1050 	 -0.3770 	 -0.2300 	 -0.3144 	 -0.0737
2.1944 	 0.2918 	 0.1731 	 0.9654 	 -0.2867 	 -0.1082 	 -0.3777 	 -0.2274 	 -0.3201 	 -0.0763
2.2044 	 0.2889 	 0.1720 	 0.9616 	 -0.2890 	 -0.1114 	 -0.3785 	 -0.2240 	 -0.3261 	 -0.0793
2.2144 	 0.2860 	 0.1709 	 0.9578 	 -0.2912 	 -0.1147 	 -0.3793 	 -0.2198 	 -0.3324 	 -0.0827
2.2244 	 0.2831 	 0.1697 	 0.9540 	 -0.2934 	 -0.1181 	 -0.3802 	 -0.2149 	 -0.3390 	 -0.0870
2.2345 	 0.2801 	 0.1685 	 0.9502 	 -0.2955 	 -0.1215 	 -0.3811 	 -0.2093 	 -0.3461 	 -0.0922
2.2445 	 0.2771 	 0.1673 	 0.9464 	 -0.2976 	 -0.1250 	 -0.3820 	 -0.2031 	 -0.3537 	 -0.0985
2.2545 	 0.2742 	 0.1660 	 0.9426 	 -0.2996 	 -0.1286 	 -0.3830 	 -0.1964 	 -0.3622 	 -0.1060
2.2645 	 0.2711 	 0.1647 	 0.9387 	 -0.3015 	 -0.1323 	 -0.3841 	 -0.1892 	 -0.3716 	 -0.1148
2.2745 	 0.2681 	 0.1633 	 0.9349 	 -0.3034 	 -0.1361 	 -0.3853 	 -0.1813 	 -0.3822 	 -0.1248
2.2846 	 0.2651 	 0.1620 	 0.9310 	 -0.3052 	 -0.1399 	 -0.3867 	 -0.1727 	 -0.3943 	 -0.1360
2.2946 	 0.2620 	 0.1605 	 0.9271 	 -0.3068 	 -0.1440 	 -0.3881 	 -0.1630 	 -0.4083 	 -0.1485
2.3046 	 0.2589 	 0.1591 	 0.9232 	 -0.3084 	 -0.1481 	 -0.3896 	 -0.1519 	 -0.4246 	 -0.1621
2.3146 	 0.2558 	 0.1576 	 0.9193 	 -0.3099 	 -0.1525 	 -0.3913 	 -0.1390 	 -0.4436 	 -0.1766
2.3246 	 0.2527 	 0.1560 	 0.9154 	 -0.3112 	 -0.1570 	 -0.3932 	 -0.1235 	 -0.4659 	 -0.1918
2.3347 	 0.2496 	 0.1544 	 0.9114 	 -0.3123 	 -0.1618 	 -0.3952 	 -0.1048 	 -0.4921 	 -0.2070
2.3447 	 0.2464 	 0.1528 	 0.9075 	 -0.3133 	 -0.1669 	 -0.3973 	 -0.0821 	 -0.5227 	 -0.2212
2.3547 	 0.2433 	 0.1511 	 0.9035 	 -0.3140 	 -0.1723 	 -0.3996 	 -0.0546 	 -0.5581 	 -0.2328
2.3647 	 0.2402 	 0.1493 	 0.8995 	 -0.3144 	 -0.1781 	 -0.4020 	 -0.0217 	 -0.5984 	 -0.2397
2.3747 	 0.2370 	 0.1475 	 0.8954 	 -0.3144 	 -0.1843 	 -0.4044 	 0.0165 	 -0.6428 	 -0.2387
2.3848 	 0.2339 	 0.1456 	 0.8913 	 -0.3140 	 -0.1910 	 -0.4067 	 0.0592 	 -0.6893 	 -0.2263
2.3948 	 0.2307 	 0.1437 	 0.8873 	 -0.3132 	 -0.1981 	 -0.4089 	 0.1040 	 -0.7344 	 -0.1991
2.4048 	 0.2276 	 0.1416 	 0.8832 	 -0.3119 	 -0.2057 	 -0.4106 	 0.1467 	 -0.7731 	 -0.1551
2.4148 	 0.2245 	 0.1395 	 0.8790 	 -0.3103 	 -0.2136 	 -0.4119 	 0.1819 	 -0.7994 	 -0.0952
2.4248 	 0.2214 	 0.1374 	 0.8749 	 -0.3083 	 -0.2217 	 -0.4125 	 0.2042 	 -0.8087 	 -0.0241
2.4349 	 0.2183 	 0.1351 	 0.8708 	 -0.3062 	 -0.2297 	 -0.4124 	 0.2100 	 -0.7991 	 0.0505
2.4449 	 0.2152 	 0.1328 	 0.8666 	 -0.3042 	 -0.2376 	 -0.4115 	 0.1988 	 -0.7723 	 0.1199
2.4549 	 0.2122 	 0.1303 	 0.8625 	 -0.3023 	 -0.2452 	 -0.4100 	 0.1734 	 -0.7333 	 0.1774
2.4649 	 0.2092 	 0.1278 	 0.8584 	 -0.3007 	 -0.2523 	 -0.4080 	 0.1384 	 -0.6882 	 0.2202
2.4749 	 0.2062 	 0.1253 	 0.8544 	 -0.2996 	 -0.2590 	 -0.4057 	 0.0987 	 -0.6421 	 0.2483
2.4850 	 0.2032 	 0.1227 	 0.8503 	 -0.2988 	 -0.2652 	 -0.4031 	 0.0581 	 -0.5986 	 0.2641
2.4950 	 0.2002 	 0.1200 	 0.8463 	 -0.2984 	 -0.2710 	 -0.4004 	 0.0195 	 -0.5596 	 0.2707
2.5050 	 0.1972 	 0.1172 	 0.8423 	 -0.2984 	 -0.2764 	 -0.3977 	 -0.0156 	 -0.5258 	 0.2710
2.5150 	 0.1942 	 0.1144 	 0.8383 	 -0.2987 	 -0.2815 	 -0.3950 	 -0.0469 	 -0.4971 	 0.2677
2.5251 	 0.1912 	 0.1116 	 0.8344 	 -0.2993 	 -0.2864 	 -0.3923 	 -0.0743 	 -0.4727 	 0.2628
2.5351 	 0.1882 	 0.1087 	 0.8304 	 -0.3002 	 -0.2910 	 -0.3897 	 -0.0981 	 -0.4519 	 0.2574
2.5451 	 0.1852 	 0.1058 	 0.8266 	 -0.3012 	 -0.2954 	 -0.3872 	 -0.1187 	 -0.4337 	 0.2524
2.5551 	 0.1822 	 0.1028 	 0.8227 	 -0.3025 	 -0.2997 	 -0.3847 	 -0.1366 	 -0.4175 	 0.2481
2.5651 	 0.1791 	 0.0998 	 0.8188 	 -0.3040 	 -0.3038 	 -0.3822 	 -0.1521 	 -0.4026 	 0.2448
2.5752 	 0.1761 	 0.0967 	 0.8150 	 -0.3056 	 -0.3078 	 -0.3797 	 -0.1655 	 -0.3884 	 0.2423
2.5852 	 0.1730 	 0.0936 	 0.8112 	 -0.3073 	 -0.3116 	 -0.3773 	 -0.1770 	 -0.3745 	 0.2404
2.5952 	 0.1699 	 0.0904 	 0.8075 	 -0.3091 	 -0.3153 	 -0.3749 	 -0.1869 	 -0.3607 	 0.2389
2.6052 	 0.1668 	 0.0873 	 0.8037 	 -0.3110 	 -0.3188 	 -0.3725 	 -0.1953 	 -0.3467 	 0.2376
2.6152 	 0.1637 	 0.0841 	 0.8000 	 -0.3130 	 -0.3222 	 -0.3702 	 -0.2022 	 -0.3327 	 0.2360
2.6253 	 0.1605 	 0.0808 	 0.7963 	 -0.3151 	 -0.3255 	 -0.3678 	 -0.2078 	 -0.3185 	 0.2340
2.6353 	 0.1574 	 0.0775 	 0.7926 	 -0.3172 	 -0.3286 	 -0.3655 	 -0.2121 	 -0.3044 	 0.2312
2.6453 	 0.1542 	 0.0742 	 0.7890 	 -0.3193 	 -0.3316 	 -0.3632 	 -0.2153 	 -0.2904 	 0.2276
2.6553 	 0.1510 	 0.0709 	 0.7854 	 -0.3215 	 -0.3344 	 -0.3609 	 -0.2175 	 -0.2770 	 0.2229
2.6653 	 0.1477 	 0.0675 	 0.7817 	 -0.3237 	 -0.3371 	 -0.3587 	 -0.2187 	 -0.2642 	 0.2172
2.6754 	 0.1445 	 0.0641 	 0.7782 	 -0.3259 	 -0.3397 	 -0.3566 	 -0.2191 	 -0.2523 	 0.2105
2.6854 	 0.1412 	 0.0607 	 0.7746 	 -0.3281 	 -0.3422 	 -0.3545 	 -0.2189 	 -0.2415 	 0.2030
2.6954 	 0.1379 	 0.0573 	 0.7711 	 -0.3303 	 -0.3446 	 -0.3525 	 -0.2180 	 -0.2318 	 0.1947
2.7054 	 0.1346 	 0.0538 	 0.7675 	 -0.3324 	 -0.3469 	 -0.3506 	 -0.2167 	 -0.2233 	 0.1860
2.7154 	 0.1312 	 0.0503 	 0.7640 	 -0.3346 	 -0.3491 	 -0.3488 	 -0.2150 	 -0.2160 	 0.1769
2.7255 	 0.1279 	 0.0468 	 0.7605 	 -0.3367 	 -0.3512 	 -0.3471 	 -0.2128 	 -0.2097 	 0.1675
2.7355 	 0.1245 	 0.0433 	 0.7571 	 -0.3389 	 -0.3533 	 -0.3454 	 -0.2101 	 -0.2044 	 0.1581
2.7455 	 0.1211 	 0.0397 	 0.7536 	 -0.3409 	 -0.3553 	 -0.3439 	 -0.2068 	 -0.1998 	 0.1487
2.7555 	 0.1176 	 0.0362 	 0.7502 	 -0.3430 	 -0.3573 	 -0.3424 	 -0.2029 	 -0.1959 	 0.1392
2.7655 	 0.1142 	 0.0326 	 0.7468 	 -0.3450 	 -0.3592 	 -0.3411 	 -0.1981 	 -0.1925 	 0.1297
2.7756 	 0.1107 	 0.0290 	 0.7433 	 -0.3470 	 -0.3611 	 -0.3398 	 -0.1923 	 -0.1894 	 0.1199
2.7856 	 0.1072 	 0.0253 	 0.7399 	 -0.3489 	 -0.3630 	 -0.3387 	 -0.1851 	 -0.1865 	 0.1098
2.7956 	 0.1037 	 0.0217 	 0.7366 	 -0.3507 	 -0.3649 	 -0.3376 	 -0.1766 	 -0.1839 	 0.0992
2.8056 	 0.1002 	 0.0180 	 0.7332 	 -0.3524 	 -0.3667 	 -0.3367 	 -0.1664 	 -0.1815 	 0.0878
2.8156 	 0.0967 	 0.0144 	 0.7298 	 -0.3540 	 -0.3685 	 -0.3359 	 -0.1545 	 -0.1793 	 0.0755
2.8257 	 0.0931 	 0.0107 	 0.7265 	 -0.3555 	 -0.3703 	 -0.3352 	 -0.1408 	 -0.1774 	 0.0620
2.8357 	 0.0896 	 0.0069 	 0.7231 	 -0.3568 	 -0.3721 	 -0.3347 	 -0.1253 	 -0.1759 	 0.0473
2.8457 	 0.0860 	 0.0032 	 0.7197 	 -0.3580 	 -0.3738 	 -0.3343 	 -0.1081 	 -0.1749 	 0.0312
2.8557 	 0.0824 	 -0.0006 	 0.7164 	 -0.3590 	 -0.3756 	 -0.3340 	 -0.0895 	 -0.1744 	 0.0138
2.8657 	 0.0788 	 -0.0043 	 0.7130 	 -0.3598 	 -0.3773 	 -0.3340 	 -0.0697 	 -0.1743 	 -0.0050
2.8758 	 0.0752 	 -0.0081 	 0.7097 	 -0.3604 	 -0.3791 	 -0.3341 	 -0.0490 	 -0.1746 	 -0.0251
2.8858 	 0.0716 	 -0.0119 	 0.7064 	 -0.3608 	 -0.3808 	 -0.3345 	 -0.0279 	 -0.1752 	 -0.0463
2.8958 	 0.0680 	 -0.0158 	 0.7030 	 -0.3609 	 -0.3826 	 -0.3351 	 -0.0067 	 -0.1759 	 -0.0684
2.9058 	 0.0643 	 -0.0196 	 0.6996 	 -0.3609 	 -0.3843 	 -0.3359 	 0.0142 	 -0.1764 	 -0.0911
2.9158 	 0.0607 	 -0.0235 	 0.6963 	 -0.3606 	 -0.3861 	 -0.3369 	 0.0345 	 -0.1766 	 -0.1144
2.9259 	 0.0571 	 -0.0273 	 0.6929 	 -0.3602 	 -0.3879 	 -0.3382 	 0.0537 	 -0.1761 	 -0.1378
2.9359 	 0.0535 	 -0.0312 	 0.6895 	 -0.3596 	 -0.3896 	 -0.3397 	 0.0718 	 -0.1749 	 -0.1611
2.9459 	 0.0499 	 -0.0351 	 0.6861 	 -0.3588 	 -0.3914 	 -0.3414 	 0.0883 	 -0.1726 	 -0.1842
2.9559 	 0.0463 	 -0.0391 	 0.6826 	 -0.3578 	 -0.3931 	 -0.3433 	 0.1032 	 -0.1693 	 -0.2069
2.9659 	 0.0427 	 -0.0430 	 0.6792 	 -0.3567 	 -0.3948 	 -0.3455 	 0.1163 	 -0.1649 	 -0.2289
2.9760 	 0.0392 	 -0.0470 	 0.6757 	 -0.3555 	 -0.3964 	 -0.3479 	 0.1276 	 -0.1593 	 -0.2501
2.9860 	 0.0356 	 -0.0510 	 0.6722 	 -0.3542 	 -0.3980 	 -0.3505 	 0.1371 	 -0.1527 	 -0.2705
2.9960 	 0.0321 	 -0.0550 	 0.6687 	 -0.3527 	 -0.3994 	 -0.3533 	 0.1448 	 -0.1450 	 -0.2899
3.0060 	 0.0285 	 -0.0590 	 0.6651 	 -0.3513 	 -0.4009 	 -0.3563 	 0.1507 	 -0.1364 	 -0.3083
3.0160 	 0.0250 	 -0.0630 	 0.6615 	 -0.3497 	 -0.4022 	 -0.3595 	 0.1550 	 -0.1270 	 -0.3257
3.0261 	 0.0215 	 -0.0670 	 0.6579 	 -0.3482 	 -0.4034 	 -0.3629 	 0.1577 	 -0.1170 	 -0.3420
3.0361 	 0.0181 	 -0.0711 	 0.6543 	 -0.3466 	 -0.4045 	 -0.3664 	 0.1589 	 -0.1064 	 -0.3575
3.0461 	 0.0146 	 -0.0751 	 0.6506 	 -0.3450 	 -0.4055 	 -0.3700 	 0.1588 	 -0.0953 	 -0.3720
3.0561 	 0.0111 	 -0.0792 	 0.6469 	 -0.3434 	 -0.4064 	 -0.3738 	 0.1575 	 -0.0838 	 -0.3856
3.0661 	 0.0077 	 -0.0833 	 0.6431 	 -0.3418 	 -0.4072 	 -0.3778 	 0.1551 	 -0.0720 	 -0.3985
3.0762 	 0.0043 	 -0.0874 	 0.6393 	 -0.3403 	 -0.4079 	 -0.3818 	 0.1517 	 -0.0599 	 -0.4107
3.0862 	 0.0009 	 -0.0914 	 0.6354 	 -0.3388 	 -0.4084 	 -0.3860 	 0.1473 	 -0.0475 	 -0.4222
3.0962 	 -0.0025 	 -0.0955 	 0.6316 	 -0.3373 	 -0.4088 	 -0.3903 	 0.1422 	 -0.0348 	 -0.4333
3.1062 	 -0.0059 	 -0.0996 	 0.6276 	 -0.3359 	 -0.4091 	 -0.3947 	 0.1363 	 -0.0218 	 -0.4438
3.1162 	 -0.0092 	 -0.1037 	 0.6236 	 -0.3346 	 -0.4093 	 -0.3992 	 0.1298 	 -0.0083 	 -0.4540
3.1263 	 -0.0126 	 -0.1078 	 0.6196 	 -0.3333 	 -0.4093 	 -0.4038 	 0.1227 	 0.0056 	 -0.4638
3.1363 	 -0.0159 	 -0.1119 	 0.6155 	 -0.3322 	 -0.4091 	 -0.4085 	 0.1151 	 0.0201 	 -0.4733
3.1463 	 -0.0192 	 -0.1160 	 0.6114 	 -0.3310 	 -0.4089 	 -0.4132 	 0.1070 	 0.0353 	 -0.4824
3.1563 	 -0.0225 	 -0.1201 	 0.6073 	 -0.3300 	 -0.4084 	 -0.4181 	 0.0985 	 0.0513 	 -0.4912
3.1663 	 -0.0259 	 -0.1242 	 0.6031 	 -0.3291 	 -0.4078 	 -0.4231 	 0.0898 	 0.0683 	 -0.4994
3.1764 	 -0.0291 	 -0.1283 	 0.5988 	 -0.3282 	 -0.4071 	 -0.4281 	 0.0807 	 0.0862 	 -0.5070
3.1864 	 -0.0324 	 -0.1324 	 0.5945 	 -0.3275 	 -0.4061 	 -0.4332 	 0.0715 	 0.1052 	 -0.5138
3.1964 	 -0.0357 	 -0.1364 	 0.5901 	 -0.3268 	 -0.4050 	 -0.4384 	 0.0623 	 0.1252 	 -0.5194
3.2064 	 -0.0390 	 -0.1405 	 0.5857 	 -0.3262 	 -0.4036 	 -0.4436 	 0.0531 	 0.1461 	 -0.5237
3.2164 	 -0.0422 	 -0.1445 	 0.5812 	 -0.3257 	 -0.4020 	 -0.4489 	 0.0442 	 0.1678 	 -0.5264
3.2265 	 -0.0455 	 -0.1485 	 0.5767 	 -0.3253 	 -0.4002 	 -0.4542 	 0.0357 	 0.1900 	 -0.5273
3.2365 	 -0.0488 	 -0.1525 	 0.5721 	 -0.3250 	 -0.3982 	 -0.4595 	 0.0279 	 0.2122 	 -0.5261
3.2465 	 -0.0520 	 -0.1565 	 0.5675 	 -0.3248 	 -0.3960 	 -0.4647 	 0.0211 	 0.2341 	 -0.5227
3.2565 	 -0.0553 	 -0.1605 	 0.5628 	 -0.3246 	 -0.3935 	 -0.4699 	 0.0153 	 0.2550 	 -0.5173
3.2665 	 -0.0585 	 -0.1644 	 0.5581 	 -0.3244 	 -0.3909 	 -0.4751 	 0.0109 	 0.2744 	 -0.5101
3.2766 	 -0.0618 	 -0.1683 	 0.5533 	 -0.3243 	 -0.3880 	 -0.4801 	 0.0088 	 0.2916 	 -0.4962
3.2866 	 -0.0650 	 -0.1722 	 0.5484 	 -0.3243 	 -0.3850 	 -0.4851 	 0.0074 	 0.3069 	 -0.4868
3.2966 	 -0.0683 	 -0.1760 	 0.5436 	 -0.3242 	 -0.3819 	 -0.4899 	 0.0075 	 0.3199 	 -0.4776
3.3066 	 -0.0715 	 -0.1798 	 0.5386 	 -0.3241 	 -0.3786 	 -0.4946 	 0.0092 	 0.3308 	 -0.4691
3.3166 	 -0.0748 	 -0.1836 	 0.5336 	 -0.3240 	 -0.3753 	 -0.4993 	 0.0122 	 0.3398 	 -0.4624
3.3267 	 -0.0780 	 -0.1874 	 0.5286 	 -0.3239 	 -0.3718 	 -0.5039 	 0.0163 	 0.3477 	 -0.4579
3.3367 	 -0.0813 	 -0.1911 	 0.5235 	 -0.3237 	 -0.3683 	 -0.5085 	 0.0214 	 0.3553 	 -0.4564
3.3467 	 -0.0845 	 -0.1947 	 0.5184 	 -0.3234 	 -0.3647 	 -0.5131 	 0.0273 	 0.3635 	 -0.4581
3.3567 	 -0.0877 	 -0.1984 	 0.5133 	 -0.3231 	 -0.3610 	 -0.5177 	 0.0341 	 0.3736 	 -0.4633
3.3667 	 -0.0910 	 -0.2020 	 0.5081 	 -0.3227 	 -0.3572 	 -0.5224 	 0.0417 	 0.3868 	 -0.4720
3.3768 	 -0.0942 	 -0.2055 	 0.5028 	 -0.3223 	 -0.3532 	 -0.5272 	 0.0503 	 0.4046 	 -0.4839
3.3868 	 -0.0974 	 -0.2091 	 0.4975 	 -0.3217 	 -0.3491 	 -0.5321 	 0.0601 	 0.4285 	 -0.4983
3.3968 	 -0.1007 	 -0.2125 	 0.4921 	 -0.3211 	 -0.3446 	 -0.5372 	 0.0716 	 0.4601 	 -0.5141
3.4068 	 -0.1039 	 -0.2160 	 0.4867 	 -0.3203 	 -0.3398 	 -0.5424 	 0.0852 	 0.5010 	 -0.5294
3.4168 	 -0.1071 	 -0.2193 	 0.4813 	 -0.3194 	 -0.3346 	 -0.5477 	 0.1014 	 0.5525 	 -0.5413
3.4269 	 -0.1103 	 -0.2227 	 0.4757 	 -0.3182 	 -0.3287 	 -0.5532 	 0.1208 	 0.6147 	 -0.5455
3.4369 	 -0.1134 	 -0.2259 	 0.4702 	 -0.3169 	 -0.3222 	 -0.5586 	 0.1434 	 0.6860 	 -0.5366
3.4469 	 -0.1166 	 -0.2291 	 0.4646 	 -0.3154 	 -0.3150 	 -0.5639 	 0.1685 	 0.7614 	 -0.5087
3.4569 	 -0.1198 	 -0.2322 	 0.4589 	 -0.3135 	 -0.3070 	 -0.5688 	 0.1943 	 0.8324 	 -0.4572
3.4669 	 -0.1229 	 -0.2353 	 0.4532 	 -0.3115 	 -0.2983 	 -0.5730 	 0.2179 	 0.8873 	 -0.3817
3.4770 	 -0.1260 	 -0.2382 	 0.4474 	 -0.3092 	 -0.2893 	 -0.5763 	 0.2356 	 0.9144 	 -0.2878
3.4870 	 -0.1291 	 -0.2411 	 0.4416 	 -0.3068 	 -0.2801 	 -0.5787 	 0.2446 	 0.9067 	 -0.1874
3.4970 	 -0.1322 	 -0.2438 	 0.4358 	 -0.3043 	 -0.2712 	 -0.5801 	 0.2439 	 0.8653 	 -0.0944
3.5070 	 -0.1352 	 -0.2465 	 0.4300 	 -0.3019 	 -0.2629 	 -0.5807 	 0.2347 	 0.7986 	 -0.0198
3.5170 	 -0.1382 	 -0.2491 	 0.4242 	 -0.2996 	 -0.2553 	 -0.5806 	 0.2195 	 0.7186 	 0.0316
3.5271 	 -0.1412 	 -0.2516 	 0.4184 	 -0.2975 	 -0.2485 	 -0.5801 	 0.2015 	 0.6360 	 0.0607
3.5371 	 -0.1442 	 -0.2541 	 0.4126 	 -0.2956 	 -0.2425 	 -0.5794 	 0.1830 	 0.5584 	 0.0719
3.5471 	 -0.1471 	 -0.2565 	 0.4068 	 -0.2939 	 -0.2372 	 -0.5787 	 0.1656 	 0.4899 	 0.0705
3.5571 	 -0.1501 	 -0.2588 	 0.4010 	 -0.2923 	 -0.2326 	 -0.5780 	 0.1502 	 0.4316 	 0.0612
3.5671 	 -0.1530 	 -0.2611 	 0.3952 	 -0.2908 	 -0.2286 	 -0.5775 	 0.1370 	 0.3833 	 0.0477
3.5772 	 -0.1559 	 -0.2634 	 0.3894 	 -0.2895 	 -0.2249 	 -0.5771 	 0.1259 	 0.3438 	 0.0324
3.5872 	 -0.1588 	 -0.2657 	 0.3836 	 -0.2883 	 -0.2217 	 -0.5768 	 0.1169 	 0.3118 	 0.0169
3.5972 	 -0.1617 	 -0.2679 	 0.3778 	 -0.2872 	 -0.2187 	 -0.5768 	 0.1097 	 0.2861 	 0.0019
3.6072 	 -0.1645 	 -0.2700 	 0.3720 	 -0.2861 	 -0.2159 	 -0.5768 	 0.1040 	 0.2655 	 -0.0119
3.6172 	 -0.1674 	 -0.2722 	 0.3663 	 -0.2851 	 -0.2133 	 -0.5770 	 0.0997 	 0.2491 	 -0.0244
3.6273 	 -0.1703 	 -0.2743 	 0.3605 	 -0.2841 	 -0.2109 	 -0.5773 	 0.0965 	 0.2362 	 -0.0357
3.6373 	 -0.1731 	 -0.2764 	 0.3547 	 -0.2832 	 -0.2086 	 -0.5777 	 0.0944 	 0.2260 	 -0.0457
3.6473 	 -0.1759 	 -0.2785 	 0.3489 	 -0.2822 	 -0.2064 	 -0.5782 	 0.0930 	 0.2182 	 -0.0546
3.6573 	 -0.1788 	 -0.2805 	 0.3431 	 -0.2813 	 -0.2042 	 -0.5788 	 0.0924 	 0.2124 	 -0.0625
3.6673 	 -0.1816 	 -0.2826 	 0.3373 	 -0.2804 	 -0.2021 	 -0.5795 	 0.0925 	 0.2081 	 -0.0696
3.6774 	 -0.1844 	 -0.2846 	 0.3315 	 -0.2794 	 -0.2000 	 -0.5802 	 0.0931 	 0.2053 	 -0.0760
3.6874 	 -0.1872 	 -0.2866 	 0.3257 	 -0.2785 	 -0.1980 	 -0.5810 	 0.0941 	 0.2035 	 -0.0818
3.6974 	 -0.1900 	 -0.2886 	 0.3198 	 -0.2776 	 -0.1959 	 -0.5818 	 0.0955 	 0.2028 	 -0.0872
3.7074 	 -0.1927 	 -0.2905 	 0.3140 	 -0.2766 	 -0.1939 	 -0.5827 	 0.0972 	 0.2029 	 -0.0921
3.7174 	 -0.1955 	 -0.2925 	 0.3082 	 -0.2756 	 -0.1919 	 -0.5837 	 0.0992 	 0.2036 	 -0.0966
3.7275 	 -0.1983 	 -0.2944 	 0.3023 	 -0.2746 	 -0.1898 	 -0.5847 	 0.1014 	 0.2050 	 -0.1009
3.7375 	 -0.2010 	 -0.2963 	 0.2965 	 -0.2736 	 -0.1878 	 -0.5857 	 0.1038 	 0.2068 	 -0.1050
3.7475 	 -0.2037 	 -0.2981 	 0.2906 	 -0.2725 	 -0.1857 	 -0.5868 	 0.1063 	 0.2091 	 -0.1089
3.7575 	 -0.2065 	 -0.3000 	 0.2847 	 -0.2714 	 -0.1836 	 -0.5879 	 0.1090 	 0.2117 	 -0.1127
3.7675 	 -0.2092 	 -0.3018 	 0.2788 	 -0.2703 	 -0.1814 	 -0.5890 	 0.1117 	 0.2147 	 -0.1163
3.7776 	 -0.2119 	 -0.3036 	 0.2729 	 -0.2692 	 -0.1793 	 -0.5902 	 0.1145 	 0.2179 	 -0.1198
3.7876 	 -0.2146 	 -0.3054 	 0.2670 	 -0.2680 	 -0.1771 	 -0.5914 	 0.1173 	 0.2213 	 -0.1232
3.7976 	 -0.2172 	 -0.3072 	 0.2610 	 -0.2668 	 -0.1748 	 -0.5927 	 0.1202 	 0.2249 	 -0.1265
3.8076 	 -0.2199 	 -0.3089 	 0.2551 	 -0.2656 	 -0.1726 	 -0.5940 	 0.1230 	 0.2287 	 -0.1297
3.8176 	 -0.2226 	 -0.3106 	 0.2491 	 -0.2644 	 -0.1703 	 -0.5953 	 0.1259 	 0.2327 	 -0.1328
3.8277 	 -0.2252 	 -0.3123 	 0.2432 	 -0.2631 	 -0.1679 	 -0.5966 	 0.1288 	 0.2368 	 -0.1359
3.8377 	 -0.2278 	 -0.3140 	 0.2372 	 -0.2618 	 -0.1655 	 -0.5980 	 0.1317 	 0.2410 	 -0.1389
3.8477 	 -0.2305 	 -0.3156 	 0.2312 	 -0.2605 	 -0.1631 	 -0.5994 	 0.1346 	 0.2454 	 -0.1418
3.8577 	 -0.2331 	 -0.3173 	 0.2252 	 -0.2591 	 -0.1606 	 -0.6008 	 0.1375 	 0.2500 	 -0.1446
3.8677 	 -0.2357 	 -0.3188 	 0.2191 	 -0.2577 	 -0.1581 	 -0.6023 	 0.1404 	 0.2546 	 -0.1474
3.8778 	 -0.2382 	 -0.3204 	 0.2131 	 -0.2563 	 -0.1555 	 -0.6038 	 0.1434 	 0.2595 	 -0.1501
3.8878 	 -0.2408 	 -0.3220 	 0.2070 	 -0.2548 	 -0.1529 	 -0.6053 	 0.1463 	 0.2645 	 -0.1527
3.8978 	 -0.2433 	 -0.3235 	 0.2010 	 -0.2534 	 -0.1502 	 -0.6068 	 0.1492 	 0.2697 	 -0.1552
3.9078 	 -0.2459 	 -0.3250 	 0.1949 	 -0.2518 	 -0.1475 	 -0.6084 	 0.1521 	 0.2751 	 -0.1575
3.9178 	 -0.2484 	 -0.3264 	 0.1888 	 -0.2503 	 -0.1447 	 -0.6100 	 0.1551 	 0.2807 	 -0.1598
3.9279 	 -0.2509 	 -0.3279 	 0.1827 	 -0.2487 	 -0.1418 	 -0.6116 	 0.1580 	 0.2865 	 -0.1619
3.9379 	 -0.2534 	 -0.3293 	 0.1765 	 -0.2471 	 -0.1389 	 -0.6132 	 0.1609 	 0.2926 	 -0.1639
3.9479 	 -0.2558 	 -0.3307 	 0.1704 	 -0.2455 	 -0.1360 	 -0.6149 	 0.1638 	 0.2990 	 -0.1656
3.9579 	 -0.2583 	 -0.3320 	 0.1642 	 -0.2439 	 -0.1329 	 -0.6166 	 0.1667 	 0.3058 	 -0.1671
3.9679 	 -0.2607 	 -0.3333 	 0.1580 	 -0.2422 	 -0.1298 	 -0.6182 	 0.1696 	 0.3128 	 -0.1684
3.9780 	 -0.2631 	 -0.3346 	 0.1518 	 -0.2405 	 -0.1267 	 -0.6199 	 0.1725 	 0.3202 	 -0.1693
3.9880 	 -0.2655 	 -0.3359 	 0.1456 	 -0.2387 	 -0.1234 	 -0.6216 	 0.1752 	 0.3279 	 -0.1699
3.9980 	 -0.2679 	 -0.3371 	 0.1393 	 -0.2369 	 -0.1201 	 -0.6233 	 0.1779 	 0.3361 	 -0.1701
4.0080 	 -0.2703 	 -0.3383 	 0.1331 	 -0.2352 	 -0.1167 	 -0.6250 	 0.1805 	 0.3446 	 -0.1697
4.0180 	 -0.2726 	 -0.3394 	 0.1268 	 -0.2333 	 -0.1132 	 -0.6267 	 0.1829 	 0.3534 	 -0.1688
4.0281 	 -0.2750 	 -0.3405 	 0.1205 	 -0.2315 	 -0.1096 	 -0.6284 	 0.1852 	 0.3626 	 -0.1672
4.0381 	 -0.2773 	 -0.3416 	 0.1142 	 -0.2296 	 -0.1059 	 -0.6301 	 0.1873 	 0.3721 	 -0.1648
4.0481 	 -0.2796 	 -0.3427 	 0.1079 	 -0.2277 	 -0.1021 	 -0.6317 	 0.1891 	 0.3817 	 -0.1614
4.0581 	 -0.2818 	 -0.3437 	 0.1016 	 -0.2258 	 -0.0983 	 -0.6333 	 0.1906 	 0.3915 	 -0.1570
4.0681 	 -0.2841 	 -0.3446 	 0.0952 	 -0.2239 	 -0.0943 	 -0.6349 	 0.1919 	 0.4016 	 -0.1514
4.0782 	 -0.2863 	 -0.3455 	 0.0888 	 -0.2220 	 -0.0902 	 -0.6364 	 0.1927 	 0.4119 	 -0.1448
4.0882 	 -0.2885 	 -0.3464 	 0.0825 	 -0.2201 	 -0.0860 	 -0.6378 	 0.1930 	 0.4220 	 -0.1373
4.0982 	 -0.2907 	 -0.3473 	 0.0761 	 -0.2181 	 -0.0818 	 -0.6391 	 0.1929 	 0.4317 	 -0.1288
4.1082 	 -0.2929 	 -0.3481 	 0.0697 	 -0.2162 	 -0.0774 	 -0.6403 	 0.1922 	 0.4406 	 -0.1194
4.1182 	 -0.2951 	 -0.3488 	 0.0632 	 -0.2143 	 -0.0729 	 -0.6415 	 0.1912 	 0.4487 	 -0.1092
4.1283 	 -0.2972 	 -0.3495 	 0.0568 	 -0.2124 	 -0.0684 	 -0.6425 	 0.1897 	 0.4557 	 -0.0983
4.1383 	 -0.2993 	 -0.3502 	 0.0504 	 -0.2105 	 -0.0638 	 -0.6435 	 0.1879 	 0.4615 	 -0.0870
4.1483 	 -0.3014 	 -0.3508 	 0.0439 	 -0.2086 	 -0.0592 	 -0.6443 	 0.1857 	 0.4660 	 -0.0755
4.1583 	 -0.3035 	 -0.3514 	 0.0374 	 -0.2067 	 -0.0545 	 -0.6450 	 0.1832 	 0.4693 	 -0.0640
4.1683 	 -0.3056 	 -0.3519 	 0.0310 	 -0.2049 	 -0.0498 	 -0.6456 	 0.1804 	 0.4715 	 -0.0528
4.1784 	 -0.3076 	 -0.3524 	 0.0245 	 -0.2031 	 -0.0450 	 -0.6460 	 0.1774 	 0.4725 	 -0.0419
4.1884 	 -0.3096 	 -0.3528 	 0.0180 	 -0.2014 	 -0.0403 	 -0.6464 	 0.1743 	 0.4727 	 -0.0316
4.1984 	 -0.3116 	 -0.3532 	 0.0116 	 -0.1996 	 -0.0356 	 -0.6467 	 0.1710 	 0.4721 	 -0.0219
4.2084 	 -0.3136 	 -0.3535 	 0.0051 	 -0.1979 	 -0.0308 	 -0.6468 	 0.1676 	 0.4708 	 -0.0130
4.2184 	 -0.3156 	 -0.3538 	 -0.0014 	 -0.1963 	 -0.0261 	 -0.6469 	 0.1641 	 0.4692 	 -0.0047
4.2285 	 -0.3176 	 -0.3540 	 -0.0079 	 -0.1947 	 -0.0214 	 -0.6469 	 0.1607 	 0.4671 	 0.0029
4.2385 	 -0.3195 	 -0.3542 	 -0.0144 	 -0.1931 	 -0.0168 	 -0.6469 	 0.1574 	 0.4649 	 0.0098
4.2485 	 -0.3214 	 -0.3544 	 -0.0208 	 -0.1915 	 -0.0121 	 -0.6467 	 0.1542 	 0.4625 	 0.0161
4.2585 	 -0.3234 	 -0.3545 	 -0.0273 	 -0.1900 	 -0.0075 	 -0.6466 	 0.1513 	 0.4600 	 0.0218
4.2685 	 -0.3252 	 -0.3545 	 -0.0338 	 -0.1885 	 -0.0029 	 -0.6463 	 0.1487 	 0.4575 	 0.0270
4.2786 	 -0.3271 	 -0.3545 	 -0.0403 	 -0.1870 	 0.0017 	 -0.6460 	 0.1465 	 0.4549 	 0.0317
4.2886 	 -0.3290 	 -0.3545 	 -0.0468 	 -0.1855 	 0.0062 	 -0.6457 	 0.1448 	 0.4524 	 0.0361
4.2986 	 -0.3308 	 -0.3544 	 -0.0532 	 -0.1841 	 0.0107 	 -0.6453 	 0.1436 	 0.4498 	 0.0402
4.3086 	 -0.3327 	 -0.3543 	 -0.0597 	 -0.1827 	 0.0152 	 -0.6449 	 0.1430 	 0.4471 	 0.0441
4.3186 	 -0.3345 	 -0.3541 	 -0.0661 	 -0.1812 	 0.0197 	 -0.6444 	 0.1431 	 0.4443 	 0.0477
4.3287 	 -0.3363 	 -0.3539 	 -0.0726 	 -0.1798 	 0.0241 	 -0.6439 	 0.1439 	 0.4412 	 0.0512
4.3387 	 -0.3381 	 -0.3536 	 -0.0790 	 -0.1783 	 0.0285 	 -0.6434 	 0.1453 	 0.4379 	 0.0546
4.3487 	 -0.3399 	 -0.3533 	 -0.0855 	 -0.1769 	 0.0329 	 -0.6428 	 0.1474 	 0.4342 	 0.0578
4.3587 	 -0.3417 	 -0.3530 	 -0.0919 	 -0.1754 	 0.0372 	 -0.6422 	 0.1500 	 0.4301 	 0.0610
4.3687 	 -0.3434 	 -0.3526 	 -0.0984 	 -0.1739 	 0.0415 	 -0.6416 	 0.1532 	 0.4254 	 0.0641
4.3788 	 -0.3451 	 -0.3521 	 -0.1048 	 -0.1723 	 0.0458 	 -0.6409 	 0.1567 	 0.4202 	 0.0670
4.3888 	 -0.3469 	 -0.3516 	 -0.1112 	 -0.1707 	 0.0499 	 -0.6403 	 0.1606 	 0.4143 	 0.0697
4.3988 	 -0.3486 	 -0.3511 	 -0.1176 	 -0.1691 	 0.0541 	 -0.6395 	 0.1647 	 0.4078 	 0.0723
4.4088 	 -0.3502 	 -0.3506 	 -0.1240 	 -0.1674 	 0.0581 	 -0.6388 	 0.1688 	 0.4008 	 0.0746
4.4188 	 -0.3519 	 -0.3500 	 -0.1304 	 -0.1657 	 0.0621 	 -0.6381 	 0.1729 	 0.3932 	 0.0766
4.4289 	 -0.3536 	 -0.3493 	 -0.1368 	 -0.1640 	 0.0660 	 -0.6373 	 0.1769 	 0.3852 	 0.0783
4.4389 	 -0.3552 	 -0.3486 	 -0.1432 	 -0.1622 	 0.0698 	 -0.6365 	 0.1807 	 0.3768 	 0.0797
4.4489 	 -0.3568 	 -0.3479 	 -0.1496 	 -0.1603 	 0.0735 	 -0.6357 	 0.1842 	 0.3682 	 0.0809
4.4589 	 -0.3584 	 -0.3472 	 -0.1559 	 -0.1585 	 0.0772 	 -0.6349 	 0.1875 	 0.3594 	 0.0817
4.4689 	 -0.3600 	 -0.3464 	 -0.1623 	 -0.1566 	 0.0807 	 -0.6340 	 0.1905 	 0.3507 	 0.0823
4.4790 	 -0.3615 	 -0.3455 	 -0.1686 	 -0.1547 	 0.0842 	 -0.6332 	 0.1933 	 0.3419 	 0.0826
4.4890 	 -0.3631 	 -0.3447 	 -0.1750 	 -0.1527 	 0.0876 	 -0.6324 	 0.1959 	 0.3333 	 0.0827
4.4990 	 -0.3646 	 -0.3438 	 -0.1813 	 -0.1507 	 0.0909 	 -0.6316 	 0.1983 	 0.3249 	 0.0826
4.5090 	 -0.3661 	 -0.3429 	 -0.1876 	 -0.1487 	 0.0941 	 -0.6307 	 0.2005 	 0.3167 	 0.0825
4.5190 	 -0.3676 	 -0.3419 	 -0.1939 	 -0.1467 	 0.0972 	 -0.6299 	 0.2026 	 0.3087 	 0.0822
4.5291 	 -0.3690 	 -0.3409 	 -0.2003 	 -0.1447 	 0.1003 	 -0.6291 	 0.2047 	 0.3009 	 0.0818
4.5391 	 -0.3705 	 -0.3399 	 -0.2066 	 -0.1426 	 0.1033 	 -0.6283 	 0.2067 	 0.2934 	 0.0814
4.5491 	 -0.3719 	 -0.3388 	 -0.2128 	 -0.1405 	 0.1062 	 -0.6275 	 0.2087 	 0.2861 	 0.0809
4.5591 	 -0.3733 	 -0.3378 	 -0.2191 	 -0.1384 	 0.1090 	 -0.6266 	 0.2108 	 0.2790 	 0.0805
4.5691 	 -0.3747 	 -0.3367 	 -0.2254 	 -0.1363 	 0.1118 	 -0.6258 	 0.2128 	 0.2721 	 0.0800
4.5792 	 -0.3760 	 -0.3355 	 -0.2317 	 -0.1342 	 0.1145 	 -0.6250 	 0.2149 	 0.2654 	 0.0796
4.5892 	 -0.3774 	 -0.3344 	 -0.2379 	 -0.1320 	 0.1171 	 -0.6242 	 0.2171 	 0.2589 	 0.0791
4.5992 	 -0.3787 	 -0.3332 	 -0.2442 	 -0.1298 	 0.1197 	 -0.6235 	 0.2193 	 0.2525 	 0.0787
4.6092 	 -0.3800 	 -0.3320 	 -0.2504 	 -0.1276 	 0.1221 	 -0.6227 	 0.2216 	 0.2462 	 0.0782
4.6192 	 -0.3812 	 -0.3307 	 -0.2567 	 -0.1254 	 0.1246 	 -0.6219 	 0.2239 	 0.2400 	 0.0778
4.6293 	 -0.3825 	 -0.3295 	 -0.2629 	 -0.1231 	 0.1270 	 -0.6211 	 0.2263 	 0.2339 	 0.0774
4.6393 	 -0.3837 	 -0.3282 	 -0.2691 	 -0.1208 	 0.1293 	 -0.6203 	 0.2287 	 0.2280 	 0.0770
4.6493 	 -0.3849 	 -0.3269 	 -0.2753 	 -0.1185 	 0.1315 	 -0.6196 	 0.2311 	 0.2221 	 0.0766
4.6593 	 -0.3861 	 -0.3256 	 -0.2815 	 -0.1162 	 0.1337 	 -0.6188 	 0.2336 	 0.2164 	 0.0762
4.6693 	 -0.3872 	 -0.3242 	 -0.2877 	 -0.1139 	 0.1359 	 -0.6180 	 0.2361 	 0.2108 	 0.0759
4.6794 	 -0.3884 	 -0.3228 	 -0.2939 	 -0.1115 	 0.1379 	 -0.6173 	 0.2385 	 0.2053 	 0.0756
4.6894 	 -0.3895 	 -0.3214 	 -0.3001 	 -0.1091 	 0.1400 	 -0.6165 	 0.2410 	 0.2000 	 0.0753
4.6994 	 -0.3905 	 -0.3200 	 -0.3063 	 -0.1066 	 0.1420 	 -0.6158 	 0.2434 	 0.1948 	 0.0750
4.7094 	 -0.3916 	 -0.3186 	 -0.3124 	 -0.1042 	 0.1439 	 -0.6150 	 0.2457 	 0.1898 	 0.0748
4.7194 	 -0.3926 	 -0.3171 	 -0.3186 	 -0.1017 	 0.1458 	 -0.6143 	 0.2481 	 0.1849 	 0.0747
4.7295 	 -0.3936 	 -0.3157 	 -0.3247 	 -0.0992 	 0.1476 	 -0.6135 	 0.2503 	 0.1803 	 0.0746
4.7395 	 -0.3946 	 -0.3142 	 -0.3309 	 -0.0967 	 0.1494 	 -0.6128 	 0.2525 	 0.1759 	 0.0746
4.7495 	 -0.3956 	 -0.3127 	 -0.3370 	 -0.0942 	 0.1511 	 -0.6120 	 0.2545 	 0.1717 	 0.0748
4.7595 	 -0.3965 	 -0.3112 	 -0.3431 	 -0.0916 	 0.1528 	 -0.6113 	 0.2565 	 0.1678 	 0.0750
4.7695 	 -0.3974 	 -0.3096 	 -0.3493 	 -0.0890 	 0.1545 	 -0.6105 	 0.2583 	 0.1641 	 0.0753
4.7796 	 -0.3983 	 -0.3081 	 -0.3554 	 -0.0864 	 0.1561 	 -0.6098 	 0.2600 	 0.1607 	 0.0758
4.7896 	 -0.3991 	 -0.3065 	 -0.3615 	 -0.0838 	 0.1577 	 -0.6090 	 0.2616 	 0.1576 	 0.0763
4.7996 	 -0.4000 	 -0.3049 	 -0.3676 	 -0.0812 	 0.1593 	 -0.6082 	 0.2630 	 0.1548 	 0.0770
4.8096 	 -0.4008 	 -0.3033 	 -0.3737 	 -0.0785 	 0.1608 	 -0.6075 	 0.2642 	 0.1522 	 0.0778
4.8196 	 -0.4015 	 -0.3017 	 -0.3798 	 -0.0759 	 0.1623 	 -0.6067 	 0.2653 	 0.1500 	 0.0787
4.8297 	 -0.4023 	 -0.3000 	 -0.3858 	 -0.0732 	 0.1638 	 -0.6059 	 0.2662 	 0.1480 	 0.0797
4.8397 	 -0.4030 	 -0.2984 	 -0.3919 	 -0.0706 	 0.1653 	 -0.6051 	 0.2669 	 0.1464 	 0.0809
4.8497 	 -0.4037 	 -0.2967 	 -0.3980 	 -0.0679 	 0.1667 	 -0.6043 	 0.2675 	 0.1450 	 0.0821
4.8597 	 -0.4044 	 -0.2951 	 -0.4040 	 -0.0652 	 0.1682 	 -0.6034 	 0.2678 	 0.1439 	 0.0834
4.8697 	 -0.4050 	 -0.2934 	 -0.4101 	 -0.0625 	 0.1696 	 -0.6026 	 0.2680 	 0.1431 	 0.0848
4.8798 	 -0.4056 	 -0.2917 	 -0.4161 	 -0.0598 	 0.1711 	 -0.6017 	 0.2680 	 0.1426 	 0.0863
4.8898 	 -0.4062 	 -0.2899 	 -0.4221 	 -0.0571 	 0.1725 	 -0.6009 	 0.2678 	 0.1423 	 0.0878
4.8998 	 -0.4068 	 -0.2882 	 -0.4281 	 -0.0545 	 0.1739 	 -0.6000 	 0.2675 	 0.1422 	 0.0895
4.9098 	 -0.4073 	 -0.2865 	 -0.4341 	 -0.0518 	 0.1753 	 -0.5991 	 0.2671 	 0.1424 	 0.0912
4.9198 	 -0.4078 	 -0.2847 	 -0.4401 	 -0.0491 	 0.1768 	 -0.5981 	 0.2664 	 0.1429 	 0.0929
4.9299 	 -0.4083 	 -0.2829 	 -0.4461 	 -0.0464 	 0.1782 	 -0.5972 	 0.2656 	 0.1435 	 0.0947
4.9399 	 -0.4087 	 -0.2811 	 -0.4521 	 -0.0438 	 0.1796 	 -0.5963 	 0.2647 	 0.1443 	 0.0966
4.9499 	 -0.4092 	 -0.2793 	 -0.4581 	 -0.0411 	 0.1811 	 -0.5953 	 0.2637 	 0.1453 	 0.0985
4.9599 	 -0.4096 	 -0.2775 	 -0.4640 	 -0.0385 	 0.1826 	 -0.5943 	 0.2624 	 0.1464 	 0.1005
4.9699 	 -0.4099 	 -0.2757 	 -0.4700 	 -0.0359 	 0.1840 	 -0.5933 	 0.2611 	 0.1476 	 0.1025
4.9800 	 -0.4103 	 -0.2738 	 -0.4759 	 -0.0333 	 0.1855 	 -0.5922 	 0.2596 	 0.1490 	 0.1046
4.9900 	 -0.4106 	 -0.2719 	 -0.4819 	 -0.0307 	 0.1870 	 -0.5912 	 0.2579 	 0.1504 	 0.1067
