100-Body Run with i = 63 th particle. (Units in pc,M_solar,Myr, km s-1) 

time		 x 		 y 		 z 		 xdot 		 ydot 		 zdot 		 xddot 		 yddot 		 zddot
0.0000 	 -1.7447 	 0.4884 	 0.8789 	 -0.0056 	 -0.0040 	 -0.0081 	 0.0797 	 -0.0237 	 -0.0372
0.0100 	 -1.7447 	 0.4883 	 0.8788 	 -0.0048 	 -0.0043 	 -0.0085 	 0.0797 	 -0.0237 	 -0.0372
0.0200 	 -1.7448 	 0.4883 	 0.8787 	 -0.0040 	 -0.0045 	 -0.0089 	 0.0797 	 -0.0237 	 -0.0372
0.0301 	 -1.7448 	 0.4882 	 0.8786 	 -0.0032 	 -0.0047 	 -0.0092 	 0.0798 	 -0.0237 	 -0.0372
0.0401 	 -1.7449 	 0.4882 	 0.8785 	 -0.0024 	 -0.0050 	 -0.0096 	 0.0796 	 -0.0237 	 -0.0372
0.0501 	 -1.7449 	 0.4881 	 0.8784 	 -0.0016 	 -0.0052 	 -0.0100 	 0.0788 	 -0.0236 	 -0.0371
0.0601 	 -1.7449 	 0.4881 	 0.8783 	 -0.0009 	 -0.0054 	 -0.0104 	 0.0785 	 -0.0235 	 -0.0366
0.0701 	 -1.7449 	 0.4880 	 0.8782 	 -0.0001 	 -0.0057 	 -0.0107 	 0.0786 	 -0.0234 	 -0.0364
0.0802 	 -1.7449 	 0.4880 	 0.8781 	 0.0007 	 -0.0059 	 -0.0111 	 0.0788 	 -0.0234 	 -0.0362
0.0902 	 -1.7449 	 0.4879 	 0.8780 	 0.0015 	 -0.0061 	 -0.0114 	 0.0790 	 -0.0235 	 -0.0361
0.1002 	 -1.7449 	 0.4878 	 0.8779 	 0.0023 	 -0.0064 	 -0.0118 	 0.0792 	 -0.0235 	 -0.0360
0.1102 	 -1.7448 	 0.4878 	 0.8778 	 0.0031 	 -0.0066 	 -0.0122 	 0.0795 	 -0.0236 	 -0.0358
0.1202 	 -1.7448 	 0.4877 	 0.8776 	 0.0039 	 -0.0069 	 -0.0125 	 0.0798 	 -0.0236 	 -0.0356
0.1303 	 -1.7448 	 0.4876 	 0.8775 	 0.0047 	 -0.0071 	 -0.0129 	 0.0801 	 -0.0237 	 -0.0353
0.1403 	 -1.7447 	 0.4876 	 0.8774 	 0.0055 	 -0.0073 	 -0.0132 	 0.0804 	 -0.0237 	 -0.0350
0.1503 	 -1.7446 	 0.4875 	 0.8773 	 0.0063 	 -0.0076 	 -0.0136 	 0.0806 	 -0.0238 	 -0.0345
0.1603 	 -1.7446 	 0.4874 	 0.8771 	 0.0071 	 -0.0078 	 -0.0139 	 0.0807 	 -0.0238 	 -0.0339
0.1703 	 -1.7445 	 0.4873 	 0.8770 	 0.0079 	 -0.0080 	 -0.0143 	 0.0804 	 -0.0239 	 -0.0332
0.1804 	 -1.7444 	 0.4872 	 0.8768 	 0.0087 	 -0.0083 	 -0.0146 	 0.0797 	 -0.0239 	 -0.0323
0.1904 	 -1.7443 	 0.4872 	 0.8767 	 0.0095 	 -0.0085 	 -0.0149 	 0.0789 	 -0.0237 	 -0.0316
0.2004 	 -1.7442 	 0.4871 	 0.8765 	 0.0103 	 -0.0088 	 -0.0152 	 0.0782 	 -0.0233 	 -0.0311
0.2104 	 -1.7441 	 0.4870 	 0.8764 	 0.0111 	 -0.0090 	 -0.0155 	 0.0775 	 -0.0230 	 -0.0307
0.2204 	 -1.7440 	 0.4869 	 0.8762 	 0.0119 	 -0.0092 	 -0.0158 	 0.0768 	 -0.0228 	 -0.0306
0.2305 	 -1.7439 	 0.4868 	 0.8761 	 0.0126 	 -0.0094 	 -0.0161 	 0.0762 	 -0.0226 	 -0.0306
0.2405 	 -1.7438 	 0.4867 	 0.8759 	 0.0134 	 -0.0097 	 -0.0165 	 0.0756 	 -0.0224 	 -0.0307
0.2505 	 -1.7436 	 0.4866 	 0.8757 	 0.0141 	 -0.0099 	 -0.0168 	 0.0751 	 -0.0222 	 -0.0308
0.2605 	 -1.7435 	 0.4865 	 0.8756 	 0.0149 	 -0.0101 	 -0.0171 	 0.0747 	 -0.0221 	 -0.0310
0.2705 	 -1.7433 	 0.4864 	 0.8754 	 0.0156 	 -0.0103 	 -0.0174 	 0.0744 	 -0.0221 	 -0.0312
0.2806 	 -1.7432 	 0.4863 	 0.8752 	 0.0164 	 -0.0106 	 -0.0177 	 0.0741 	 -0.0220 	 -0.0314
0.2906 	 -1.7430 	 0.4862 	 0.8750 	 0.0171 	 -0.0108 	 -0.0180 	 0.0739 	 -0.0219 	 -0.0316
0.3006 	 -1.7428 	 0.4861 	 0.8749 	 0.0179 	 -0.0110 	 -0.0183 	 0.0737 	 -0.0219 	 -0.0317
0.3106 	 -1.7426 	 0.4860 	 0.8747 	 0.0186 	 -0.0112 	 -0.0186 	 0.0736 	 -0.0219 	 -0.0319
0.3206 	 -1.7424 	 0.4859 	 0.8745 	 0.0193 	 -0.0114 	 -0.0190 	 0.0734 	 -0.0218 	 -0.0320
0.3307 	 -1.7422 	 0.4857 	 0.8743 	 0.0201 	 -0.0117 	 -0.0193 	 0.0733 	 -0.0218 	 -0.0321
0.3407 	 -1.7420 	 0.4856 	 0.8741 	 0.0208 	 -0.0119 	 -0.0196 	 0.0732 	 -0.0218 	 -0.0322
0.3507 	 -1.7418 	 0.4855 	 0.8739 	 0.0215 	 -0.0121 	 -0.0199 	 0.0731 	 -0.0218 	 -0.0323
0.3607 	 -1.7416 	 0.4854 	 0.8737 	 0.0223 	 -0.0123 	 -0.0203 	 0.0731 	 -0.0218 	 -0.0323
0.3707 	 -1.7414 	 0.4853 	 0.8735 	 0.0230 	 -0.0125 	 -0.0206 	 0.0730 	 -0.0218 	 -0.0324
0.3808 	 -1.7411 	 0.4851 	 0.8733 	 0.0237 	 -0.0128 	 -0.0209 	 0.0729 	 -0.0218 	 -0.0325
0.3908 	 -1.7409 	 0.4850 	 0.8731 	 0.0245 	 -0.0130 	 -0.0212 	 0.0729 	 -0.0218 	 -0.0325
0.4008 	 -1.7407 	 0.4849 	 0.8729 	 0.0252 	 -0.0132 	 -0.0216 	 0.0728 	 -0.0218 	 -0.0326
0.4108 	 -1.7404 	 0.4847 	 0.8726 	 0.0259 	 -0.0134 	 -0.0219 	 0.0728 	 -0.0218 	 -0.0326
0.4208 	 -1.7401 	 0.4846 	 0.8724 	 0.0267 	 -0.0136 	 -0.0222 	 0.0727 	 -0.0218 	 -0.0327
0.4309 	 -1.7399 	 0.4845 	 0.8722 	 0.0274 	 -0.0138 	 -0.0225 	 0.0727 	 -0.0218 	 -0.0327
0.4409 	 -1.7396 	 0.4843 	 0.8720 	 0.0281 	 -0.0141 	 -0.0229 	 0.0726 	 -0.0218 	 -0.0327
0.4509 	 -1.7393 	 0.4842 	 0.8717 	 0.0288 	 -0.0143 	 -0.0232 	 0.0726 	 -0.0218 	 -0.0328
0.4609 	 -1.7390 	 0.4840 	 0.8715 	 0.0296 	 -0.0145 	 -0.0235 	 0.0726 	 -0.0218 	 -0.0328
0.4709 	 -1.7387 	 0.4839 	 0.8713 	 0.0303 	 -0.0147 	 -0.0239 	 0.0726 	 -0.0218 	 -0.0328
0.4810 	 -1.7384 	 0.4837 	 0.8710 	 0.0310 	 -0.0149 	 -0.0242 	 0.0725 	 -0.0218 	 -0.0329
0.4910 	 -1.7381 	 0.4836 	 0.8708 	 0.0317 	 -0.0152 	 -0.0245 	 0.0725 	 -0.0218 	 -0.0329
0.5010 	 -1.7378 	 0.4834 	 0.8705 	 0.0325 	 -0.0154 	 -0.0248 	 0.0725 	 -0.0218 	 -0.0330
0.5110 	 -1.7374 	 0.4833 	 0.8703 	 0.0332 	 -0.0156 	 -0.0252 	 0.0709 	 -0.0217 	 -0.0326
0.5210 	 -1.7371 	 0.4831 	 0.8700 	 0.0339 	 -0.0158 	 -0.0255 	 0.0705 	 -0.0214 	 -0.0324
0.5311 	 -1.7368 	 0.4830 	 0.8698 	 0.0346 	 -0.0160 	 -0.0258 	 0.0705 	 -0.0214 	 -0.0325
0.5411 	 -1.7364 	 0.4828 	 0.8695 	 0.0353 	 -0.0162 	 -0.0261 	 0.0705 	 -0.0214 	 -0.0325
0.5511 	 -1.7361 	 0.4826 	 0.8692 	 0.0360 	 -0.0164 	 -0.0265 	 0.0705 	 -0.0214 	 -0.0326
0.5611 	 -1.7357 	 0.4825 	 0.8690 	 0.0367 	 -0.0167 	 -0.0268 	 0.0705 	 -0.0214 	 -0.0326
0.5711 	 -1.7353 	 0.4823 	 0.8687 	 0.0374 	 -0.0169 	 -0.0271 	 0.0705 	 -0.0215 	 -0.0327
0.5812 	 -1.7349 	 0.4821 	 0.8684 	 0.0381 	 -0.0171 	 -0.0275 	 0.0705 	 -0.0215 	 -0.0328
0.5912 	 -1.7345 	 0.4820 	 0.8682 	 0.0389 	 -0.0173 	 -0.0278 	 0.0706 	 -0.0215 	 -0.0328
0.6012 	 -1.7342 	 0.4818 	 0.8679 	 0.0396 	 -0.0175 	 -0.0281 	 0.0706 	 -0.0215 	 -0.0329
0.6112 	 -1.7338 	 0.4816 	 0.8676 	 0.0403 	 -0.0177 	 -0.0284 	 0.0706 	 -0.0216 	 -0.0330
0.6212 	 -1.7333 	 0.4814 	 0.8673 	 0.0410 	 -0.0180 	 -0.0288 	 0.0706 	 -0.0216 	 -0.0331
0.6313 	 -1.7329 	 0.4813 	 0.8670 	 0.0417 	 -0.0182 	 -0.0291 	 0.0706 	 -0.0216 	 -0.0331
0.6413 	 -1.7325 	 0.4811 	 0.8667 	 0.0424 	 -0.0184 	 -0.0294 	 0.0707 	 -0.0217 	 -0.0332
0.6513 	 -1.7321 	 0.4809 	 0.8664 	 0.0431 	 -0.0186 	 -0.0298 	 0.0707 	 -0.0217 	 -0.0333
0.6613 	 -1.7317 	 0.4807 	 0.8661 	 0.0438 	 -0.0188 	 -0.0301 	 0.0707 	 -0.0218 	 -0.0334
0.6713 	 -1.7312 	 0.4805 	 0.8658 	 0.0445 	 -0.0190 	 -0.0304 	 0.0708 	 -0.0218 	 -0.0335
0.6814 	 -1.7308 	 0.4803 	 0.8655 	 0.0452 	 -0.0193 	 -0.0308 	 0.0711 	 -0.0216 	 -0.0339
0.6914 	 -1.7303 	 0.4801 	 0.8652 	 0.0459 	 -0.0195 	 -0.0311 	 0.0706 	 -0.0191 	 -0.0359
0.7014 	 -1.7298 	 0.4799 	 0.8649 	 0.0466 	 -0.0197 	 -0.0315 	 0.0679 	 -0.0201 	 -0.0345
0.7114 	 -1.7294 	 0.4797 	 0.8646 	 0.0473 	 -0.0199 	 -0.0318 	 0.0679 	 -0.0211 	 -0.0338
0.7214 	 -1.7289 	 0.4795 	 0.8643 	 0.0480 	 -0.0201 	 -0.0322 	 0.0681 	 -0.0215 	 -0.0337
0.7315 	 -1.7284 	 0.4793 	 0.8639 	 0.0487 	 -0.0203 	 -0.0325 	 0.0682 	 -0.0217 	 -0.0338
0.7415 	 -1.7279 	 0.4791 	 0.8636 	 0.0494 	 -0.0205 	 -0.0328 	 0.0683 	 -0.0218 	 -0.0339
0.7515 	 -1.7274 	 0.4789 	 0.8633 	 0.0500 	 -0.0207 	 -0.0332 	 0.0684 	 -0.0219 	 -0.0340
0.7615 	 -1.7269 	 0.4787 	 0.8629 	 0.0507 	 -0.0209 	 -0.0335 	 0.0684 	 -0.0219 	 -0.0342
0.7715 	 -1.7264 	 0.4785 	 0.8626 	 0.0514 	 -0.0212 	 -0.0339 	 0.0685 	 -0.0220 	 -0.0344
0.7816 	 -1.7259 	 0.4783 	 0.8623 	 0.0521 	 -0.0214 	 -0.0342 	 0.0685 	 -0.0221 	 -0.0346
0.7916 	 -1.7254 	 0.4781 	 0.8619 	 0.0528 	 -0.0216 	 -0.0346 	 0.0686 	 -0.0222 	 -0.0348
0.8016 	 -1.7248 	 0.4779 	 0.8616 	 0.0535 	 -0.0218 	 -0.0349 	 0.0686 	 -0.0223 	 -0.0350
0.8116 	 -1.7243 	 0.4776 	 0.8612 	 0.0542 	 -0.0221 	 -0.0353 	 0.0686 	 -0.0224 	 -0.0352
0.8216 	 -1.7237 	 0.4774 	 0.8609 	 0.0548 	 -0.0223 	 -0.0356 	 0.0686 	 -0.0226 	 -0.0355
0.8317 	 -1.7232 	 0.4772 	 0.8605 	 0.0555 	 -0.0225 	 -0.0360 	 0.0686 	 -0.0227 	 -0.0358
0.8417 	 -1.7226 	 0.4770 	 0.8601 	 0.0562 	 -0.0227 	 -0.0363 	 0.0686 	 -0.0228 	 -0.0360
0.8517 	 -1.7221 	 0.4767 	 0.8598 	 0.0569 	 -0.0230 	 -0.0367 	 0.0685 	 -0.0230 	 -0.0363
0.8617 	 -1.7215 	 0.4765 	 0.8594 	 0.0576 	 -0.0232 	 -0.0371 	 0.0685 	 -0.0231 	 -0.0367
0.8717 	 -1.7209 	 0.4763 	 0.8590 	 0.0583 	 -0.0234 	 -0.0374 	 0.0683 	 -0.0233 	 -0.0370
0.8818 	 -1.7203 	 0.4760 	 0.8587 	 0.0590 	 -0.0237 	 -0.0378 	 0.0682 	 -0.0235 	 -0.0373
0.8918 	 -1.7197 	 0.4758 	 0.8583 	 0.0597 	 -0.0239 	 -0.0382 	 0.0680 	 -0.0236 	 -0.0377
0.9018 	 -1.7191 	 0.4755 	 0.8579 	 0.0603 	 -0.0241 	 -0.0386 	 0.0677 	 -0.0238 	 -0.0380
0.9118 	 -1.7185 	 0.4753 	 0.8575 	 0.0610 	 -0.0244 	 -0.0389 	 0.0675 	 -0.0240 	 -0.0384
0.9218 	 -1.7179 	 0.4751 	 0.8571 	 0.0617 	 -0.0246 	 -0.0393 	 0.0671 	 -0.0241 	 -0.0387
0.9319 	 -1.7173 	 0.4748 	 0.8567 	 0.0624 	 -0.0249 	 -0.0397 	 0.0667 	 -0.0243 	 -0.0390
0.9419 	 -1.7166 	 0.4746 	 0.8563 	 0.0630 	 -0.0251 	 -0.0401 	 0.0662 	 -0.0244 	 -0.0392
0.9519 	 -1.7160 	 0.4743 	 0.8559 	 0.0637 	 -0.0254 	 -0.0405 	 0.0657 	 -0.0246 	 -0.0395
0.9619 	 -1.7154 	 0.4741 	 0.8555 	 0.0643 	 -0.0256 	 -0.0409 	 0.0652 	 -0.0246 	 -0.0396
0.9719 	 -1.7147 	 0.4738 	 0.8551 	 0.0650 	 -0.0258 	 -0.0413 	 0.0646 	 -0.0247 	 -0.0397
0.9820 	 -1.7141 	 0.4735 	 0.8547 	 0.0656 	 -0.0261 	 -0.0417 	 0.0640 	 -0.0247 	 -0.0397
0.9920 	 -1.7134 	 0.4733 	 0.8543 	 0.0663 	 -0.0263 	 -0.0421 	 0.0634 	 -0.0247 	 -0.0396
1.0020 	 -1.7127 	 0.4730 	 0.8538 	 0.0669 	 -0.0266 	 -0.0425 	 0.0629 	 -0.0246 	 -0.0394
1.0120 	 -1.7121 	 0.4727 	 0.8534 	 0.0675 	 -0.0268 	 -0.0429 	 0.0623 	 -0.0245 	 -0.0392
1.0220 	 -1.7114 	 0.4725 	 0.8530 	 0.0682 	 -0.0271 	 -0.0433 	 0.0618 	 -0.0244 	 -0.0389
1.0321 	 -1.7107 	 0.4722 	 0.8525 	 0.0688 	 -0.0273 	 -0.0437 	 0.0615 	 -0.0243 	 -0.0387
1.0421 	 -1.7100 	 0.4719 	 0.8521 	 0.0694 	 -0.0276 	 -0.0440 	 0.0613 	 -0.0242 	 -0.0385
1.0521 	 -1.7093 	 0.4716 	 0.8517 	 0.0700 	 -0.0278 	 -0.0444 	 0.0611 	 -0.0242 	 -0.0384
1.0621 	 -1.7086 	 0.4714 	 0.8512 	 0.0706 	 -0.0280 	 -0.0448 	 0.0608 	 -0.0241 	 -0.0385
1.0721 	 -1.7079 	 0.4711 	 0.8508 	 0.0712 	 -0.0283 	 -0.0452 	 0.0604 	 -0.0239 	 -0.0385
1.0822 	 -1.7072 	 0.4708 	 0.8503 	 0.0718 	 -0.0285 	 -0.0456 	 0.0599 	 -0.0236 	 -0.0384
1.0922 	 -1.7065 	 0.4705 	 0.8498 	 0.0724 	 -0.0288 	 -0.0460 	 0.0593 	 -0.0232 	 -0.0381
1.1022 	 -1.7057 	 0.4702 	 0.8494 	 0.0730 	 -0.0290 	 -0.0464 	 0.0588 	 -0.0228 	 -0.0377
1.1122 	 -1.7050 	 0.4699 	 0.8489 	 0.0736 	 -0.0292 	 -0.0467 	 0.0585 	 -0.0224 	 -0.0371
1.1222 	 -1.7043 	 0.4696 	 0.8484 	 0.0742 	 -0.0294 	 -0.0471 	 0.0583 	 -0.0221 	 -0.0365
1.1323 	 -1.7035 	 0.4693 	 0.8480 	 0.0748 	 -0.0297 	 -0.0475 	 0.0583 	 -0.0218 	 -0.0359
1.1423 	 -1.7028 	 0.4690 	 0.8475 	 0.0753 	 -0.0299 	 -0.0478 	 0.0583 	 -0.0216 	 -0.0354
1.1523 	 -1.7020 	 0.4687 	 0.8470 	 0.0759 	 -0.0301 	 -0.0482 	 0.0583 	 -0.0214 	 -0.0350
1.1623 	 -1.7012 	 0.4684 	 0.8465 	 0.0765 	 -0.0303 	 -0.0485 	 0.0585 	 -0.0212 	 -0.0346
1.1723 	 -1.7005 	 0.4681 	 0.8460 	 0.0771 	 -0.0305 	 -0.0489 	 0.0586 	 -0.0211 	 -0.0343
1.1824 	 -1.6997 	 0.4678 	 0.8455 	 0.0777 	 -0.0307 	 -0.0492 	 0.0587 	 -0.0210 	 -0.0340
1.1924 	 -1.6989 	 0.4675 	 0.8450 	 0.0783 	 -0.0309 	 -0.0495 	 0.0589 	 -0.0209 	 -0.0338
1.2024 	 -1.6981 	 0.4672 	 0.8446 	 0.0789 	 -0.0311 	 -0.0499 	 0.0591 	 -0.0208 	 -0.0335
1.2124 	 -1.6973 	 0.4669 	 0.8440 	 0.0795 	 -0.0314 	 -0.0502 	 0.0592 	 -0.0207 	 -0.0334
1.2224 	 -1.6965 	 0.4666 	 0.8435 	 0.0801 	 -0.0316 	 -0.0506 	 0.0594 	 -0.0207 	 -0.0332
1.2325 	 -1.6957 	 0.4663 	 0.8430 	 0.0807 	 -0.0318 	 -0.0509 	 0.0596 	 -0.0206 	 -0.0331
1.2425 	 -1.6949 	 0.4659 	 0.8425 	 0.0813 	 -0.0320 	 -0.0512 	 0.0597 	 -0.0206 	 -0.0330
1.2525 	 -1.6941 	 0.4656 	 0.8420 	 0.0819 	 -0.0322 	 -0.0515 	 0.0599 	 -0.0205 	 -0.0329
1.2625 	 -1.6933 	 0.4653 	 0.8415 	 0.0825 	 -0.0324 	 -0.0519 	 0.0600 	 -0.0205 	 -0.0328
1.2725 	 -1.6924 	 0.4650 	 0.8410 	 0.0831 	 -0.0326 	 -0.0522 	 0.0601 	 -0.0205 	 -0.0328
1.2826 	 -1.6916 	 0.4646 	 0.8404 	 0.0837 	 -0.0328 	 -0.0525 	 0.0603 	 -0.0205 	 -0.0327
1.2926 	 -1.6908 	 0.4643 	 0.8399 	 0.0843 	 -0.0330 	 -0.0529 	 0.0604 	 -0.0205 	 -0.0327
1.3026 	 -1.6899 	 0.4640 	 0.8394 	 0.0849 	 -0.0332 	 -0.0532 	 0.0605 	 -0.0205 	 -0.0326
1.3126 	 -1.6891 	 0.4636 	 0.8389 	 0.0855 	 -0.0334 	 -0.0535 	 0.0607 	 -0.0205 	 -0.0326
1.3226 	 -1.6882 	 0.4633 	 0.8383 	 0.0861 	 -0.0336 	 -0.0538 	 0.0608 	 -0.0205 	 -0.0326
1.3327 	 -1.6873 	 0.4630 	 0.8378 	 0.0867 	 -0.0338 	 -0.0542 	 0.0609 	 -0.0205 	 -0.0326
1.3427 	 -1.6865 	 0.4626 	 0.8372 	 0.0873 	 -0.0340 	 -0.0545 	 0.0610 	 -0.0205 	 -0.0326
1.3527 	 -1.6856 	 0.4623 	 0.8367 	 0.0879 	 -0.0342 	 -0.0548 	 0.0611 	 -0.0205 	 -0.0326
1.3627 	 -1.6847 	 0.4619 	 0.8361 	 0.0885 	 -0.0344 	 -0.0551 	 0.0612 	 -0.0205 	 -0.0326
1.3727 	 -1.6838 	 0.4616 	 0.8356 	 0.0891 	 -0.0346 	 -0.0555 	 0.0613 	 -0.0205 	 -0.0326
1.3828 	 -1.6829 	 0.4613 	 0.8350 	 0.0898 	 -0.0349 	 -0.0558 	 0.0614 	 -0.0205 	 -0.0327
1.3928 	 -1.6820 	 0.4609 	 0.8345 	 0.0904 	 -0.0351 	 -0.0561 	 0.0615 	 -0.0205 	 -0.0327
1.4028 	 -1.6811 	 0.4606 	 0.8339 	 0.0910 	 -0.0353 	 -0.0565 	 0.0616 	 -0.0205 	 -0.0327
1.4128 	 -1.6802 	 0.4602 	 0.8333 	 0.0916 	 -0.0355 	 -0.0568 	 0.0617 	 -0.0205 	 -0.0327
1.4228 	 -1.6793 	 0.4598 	 0.8328 	 0.0922 	 -0.0357 	 -0.0571 	 0.0618 	 -0.0205 	 -0.0328
1.4329 	 -1.6783 	 0.4595 	 0.8322 	 0.0929 	 -0.0359 	 -0.0574 	 0.0619 	 -0.0206 	 -0.0328
1.4429 	 -1.6774 	 0.4591 	 0.8316 	 0.0935 	 -0.0361 	 -0.0578 	 0.0620 	 -0.0206 	 -0.0328
1.4529 	 -1.6765 	 0.4588 	 0.8310 	 0.0941 	 -0.0363 	 -0.0581 	 0.0621 	 -0.0206 	 -0.0329
1.4629 	 -1.6755 	 0.4584 	 0.8304 	 0.0947 	 -0.0365 	 -0.0584 	 0.0622 	 -0.0206 	 -0.0329
1.4729 	 -1.6746 	 0.4580 	 0.8299 	 0.0953 	 -0.0367 	 -0.0588 	 0.0623 	 -0.0206 	 -0.0329
1.4830 	 -1.6736 	 0.4577 	 0.8293 	 0.0960 	 -0.0369 	 -0.0591 	 0.0624 	 -0.0206 	 -0.0330
1.4930 	 -1.6727 	 0.4573 	 0.8287 	 0.0966 	 -0.0371 	 -0.0594 	 0.0625 	 -0.0206 	 -0.0330
1.5030 	 -1.6717 	 0.4569 	 0.8281 	 0.0972 	 -0.0373 	 -0.0598 	 0.0625 	 -0.0207 	 -0.0331
1.5130 	 -1.6707 	 0.4565 	 0.8275 	 0.0978 	 -0.0375 	 -0.0601 	 0.0626 	 -0.0207 	 -0.0331
1.5230 	 -1.6697 	 0.4562 	 0.8269 	 0.0985 	 -0.0377 	 -0.0604 	 0.0627 	 -0.0207 	 -0.0332
1.5331 	 -1.6687 	 0.4558 	 0.8263 	 0.0991 	 -0.0379 	 -0.0607 	 0.0628 	 -0.0207 	 -0.0332
1.5431 	 -1.6677 	 0.4554 	 0.8256 	 0.0997 	 -0.0382 	 -0.0611 	 0.0629 	 -0.0207 	 -0.0332
1.5531 	 -1.6667 	 0.4550 	 0.8250 	 0.1004 	 -0.0384 	 -0.0614 	 0.0630 	 -0.0208 	 -0.0333
1.5631 	 -1.6657 	 0.4546 	 0.8244 	 0.1010 	 -0.0386 	 -0.0617 	 0.0630 	 -0.0208 	 -0.0333
1.5731 	 -1.6647 	 0.4542 	 0.8238 	 0.1016 	 -0.0388 	 -0.0621 	 0.0631 	 -0.0208 	 -0.0334
1.5832 	 -1.6637 	 0.4539 	 0.8232 	 0.1023 	 -0.0390 	 -0.0624 	 0.0632 	 -0.0208 	 -0.0334
1.5932 	 -1.6627 	 0.4535 	 0.8225 	 0.1029 	 -0.0392 	 -0.0628 	 0.0633 	 -0.0208 	 -0.0335
1.6032 	 -1.6616 	 0.4531 	 0.8219 	 0.1035 	 -0.0394 	 -0.0631 	 0.0634 	 -0.0208 	 -0.0336
1.6132 	 -1.6606 	 0.4527 	 0.8213 	 0.1042 	 -0.0396 	 -0.0634 	 0.0634 	 -0.0209 	 -0.0336
1.6232 	 -1.6595 	 0.4523 	 0.8206 	 0.1048 	 -0.0398 	 -0.0638 	 0.0635 	 -0.0209 	 -0.0337
1.6333 	 -1.6585 	 0.4519 	 0.8200 	 0.1054 	 -0.0400 	 -0.0641 	 0.0636 	 -0.0209 	 -0.0337
1.6433 	 -1.6574 	 0.4515 	 0.8194 	 0.1061 	 -0.0402 	 -0.0644 	 0.0637 	 -0.0209 	 -0.0338
1.6533 	 -1.6564 	 0.4511 	 0.8187 	 0.1067 	 -0.0405 	 -0.0648 	 0.0638 	 -0.0209 	 -0.0338
1.6633 	 -1.6553 	 0.4507 	 0.8181 	 0.1073 	 -0.0407 	 -0.0651 	 0.0638 	 -0.0210 	 -0.0339
1.6733 	 -1.6542 	 0.4503 	 0.8174 	 0.1080 	 -0.0409 	 -0.0655 	 0.0639 	 -0.0210 	 -0.0339
1.6834 	 -1.6531 	 0.4498 	 0.8168 	 0.1086 	 -0.0411 	 -0.0658 	 0.0640 	 -0.0210 	 -0.0340
1.6934 	 -1.6520 	 0.4494 	 0.8161 	 0.1093 	 -0.0413 	 -0.0661 	 0.0641 	 -0.0210 	 -0.0341
1.7034 	 -1.6509 	 0.4490 	 0.8154 	 0.1099 	 -0.0415 	 -0.0665 	 0.0641 	 -0.0210 	 -0.0341
1.7134 	 -1.6498 	 0.4486 	 0.8148 	 0.1106 	 -0.0417 	 -0.0668 	 0.0642 	 -0.0211 	 -0.0342
1.7234 	 -1.6487 	 0.4482 	 0.8141 	 0.1112 	 -0.0419 	 -0.0672 	 0.0643 	 -0.0211 	 -0.0342
1.7335 	 -1.6476 	 0.4478 	 0.8134 	 0.1118 	 -0.0421 	 -0.0675 	 0.0644 	 -0.0211 	 -0.0343
1.7435 	 -1.6465 	 0.4473 	 0.8127 	 0.1125 	 -0.0423 	 -0.0678 	 0.0644 	 -0.0212 	 -0.0344
1.7535 	 -1.6453 	 0.4469 	 0.8121 	 0.1131 	 -0.0426 	 -0.0682 	 0.0645 	 -0.0212 	 -0.0345
1.7635 	 -1.6442 	 0.4465 	 0.8114 	 0.1138 	 -0.0428 	 -0.0685 	 0.0646 	 -0.0212 	 -0.0345
1.7735 	 -1.6431 	 0.4461 	 0.8107 	 0.1144 	 -0.0430 	 -0.0689 	 0.0646 	 -0.0213 	 -0.0346
1.7836 	 -1.6419 	 0.4456 	 0.8100 	 0.1151 	 -0.0432 	 -0.0692 	 0.0647 	 -0.0213 	 -0.0347
1.7936 	 -1.6408 	 0.4452 	 0.8093 	 0.1157 	 -0.0434 	 -0.0696 	 0.0647 	 -0.0214 	 -0.0348
1.8036 	 -1.6396 	 0.4448 	 0.8086 	 0.1164 	 -0.0436 	 -0.0699 	 0.0648 	 -0.0214 	 -0.0349
1.8136 	 -1.6384 	 0.4443 	 0.8079 	 0.1170 	 -0.0438 	 -0.0703 	 0.0648 	 -0.0214 	 -0.0350
1.8236 	 -1.6372 	 0.4439 	 0.8072 	 0.1177 	 -0.0441 	 -0.0706 	 0.0649 	 -0.0215 	 -0.0351
1.8337 	 -1.6361 	 0.4434 	 0.8065 	 0.1183 	 -0.0443 	 -0.0710 	 0.0649 	 -0.0215 	 -0.0352
1.8437 	 -1.6349 	 0.4430 	 0.8058 	 0.1190 	 -0.0445 	 -0.0713 	 0.0649 	 -0.0216 	 -0.0353
1.8537 	 -1.6337 	 0.4425 	 0.8050 	 0.1196 	 -0.0447 	 -0.0717 	 0.0650 	 -0.0216 	 -0.0354
1.8637 	 -1.6325 	 0.4421 	 0.8043 	 0.1203 	 -0.0449 	 -0.0720 	 0.0650 	 -0.0217 	 -0.0355
1.8737 	 -1.6313 	 0.4416 	 0.8036 	 0.1209 	 -0.0451 	 -0.0724 	 0.0650 	 -0.0217 	 -0.0356
1.8838 	 -1.6301 	 0.4412 	 0.8029 	 0.1216 	 -0.0454 	 -0.0728 	 0.0650 	 -0.0218 	 -0.0357
1.8938 	 -1.6288 	 0.4407 	 0.8021 	 0.1222 	 -0.0456 	 -0.0731 	 0.0651 	 -0.0218 	 -0.0358
1.9038 	 -1.6276 	 0.4403 	 0.8014 	 0.1229 	 -0.0458 	 -0.0735 	 0.0651 	 -0.0219 	 -0.0359
1.9138 	 -1.6264 	 0.4398 	 0.8007 	 0.1235 	 -0.0460 	 -0.0738 	 0.0651 	 -0.0219 	 -0.0359
1.9238 	 -1.6251 	 0.4394 	 0.7999 	 0.1242 	 -0.0462 	 -0.0742 	 0.0651 	 -0.0219 	 -0.0360
1.9339 	 -1.6239 	 0.4389 	 0.7992 	 0.1248 	 -0.0465 	 -0.0746 	 0.0651 	 -0.0220 	 -0.0361
1.9439 	 -1.6226 	 0.4384 	 0.7984 	 0.1255 	 -0.0467 	 -0.0749 	 0.0651 	 -0.0220 	 -0.0362
1.9539 	 -1.6214 	 0.4380 	 0.7977 	 0.1261 	 -0.0469 	 -0.0753 	 0.0651 	 -0.0220 	 -0.0362
1.9639 	 -1.6201 	 0.4375 	 0.7969 	 0.1268 	 -0.0471 	 -0.0756 	 0.0651 	 -0.0221 	 -0.0363
1.9739 	 -1.6188 	 0.4370 	 0.7962 	 0.1274 	 -0.0473 	 -0.0760 	 0.0651 	 -0.0221 	 -0.0364
1.9840 	 -1.6175 	 0.4365 	 0.7954 	 0.1281 	 -0.0476 	 -0.0764 	 0.0641 	 -0.0219 	 -0.0352
1.9940 	 -1.6163 	 0.4361 	 0.7946 	 0.1287 	 -0.0478 	 -0.0767 	 0.0641 	 -0.0219 	 -0.0353
2.0040 	 -1.6150 	 0.4356 	 0.7939 	 0.1294 	 -0.0480 	 -0.0771 	 0.0642 	 -0.0219 	 -0.0353
2.0140 	 -1.6137 	 0.4351 	 0.7931 	 0.1300 	 -0.0482 	 -0.0774 	 0.0642 	 -0.0219 	 -0.0354
2.0240 	 -1.6124 	 0.4346 	 0.7923 	 0.1307 	 -0.0484 	 -0.0778 	 0.0642 	 -0.0219 	 -0.0354
2.0341 	 -1.6111 	 0.4341 	 0.7915 	 0.1313 	 -0.0487 	 -0.0781 	 0.0642 	 -0.0219 	 -0.0354
2.0441 	 -1.6097 	 0.4336 	 0.7907 	 0.1320 	 -0.0489 	 -0.0785 	 0.0642 	 -0.0220 	 -0.0355
2.0541 	 -1.6084 	 0.4331 	 0.7900 	 0.1326 	 -0.0491 	 -0.0789 	 0.0642 	 -0.0220 	 -0.0355
2.0641 	 -1.6071 	 0.4326 	 0.7892 	 0.1332 	 -0.0493 	 -0.0792 	 0.0642 	 -0.0220 	 -0.0356
2.0741 	 -1.6057 	 0.4322 	 0.7884 	 0.1339 	 -0.0495 	 -0.0796 	 0.0643 	 -0.0220 	 -0.0356
2.0842 	 -1.6044 	 0.4317 	 0.7876 	 0.1345 	 -0.0498 	 -0.0799 	 0.0643 	 -0.0220 	 -0.0356
2.0942 	 -1.6030 	 0.4312 	 0.7868 	 0.1352 	 -0.0500 	 -0.0803 	 0.0643 	 -0.0220 	 -0.0357
2.1042 	 -1.6017 	 0.4307 	 0.7860 	 0.1358 	 -0.0502 	 -0.0806 	 0.0644 	 -0.0220 	 -0.0357
2.1142 	 -1.6003 	 0.4302 	 0.7852 	 0.1365 	 -0.0504 	 -0.0810 	 0.0644 	 -0.0221 	 -0.0357
2.1242 	 -1.5989 	 0.4296 	 0.7843 	 0.1371 	 -0.0506 	 -0.0814 	 0.0644 	 -0.0221 	 -0.0358
2.1343 	 -1.5976 	 0.4291 	 0.7835 	 0.1378 	 -0.0509 	 -0.0817 	 0.0645 	 -0.0221 	 -0.0358
2.1443 	 -1.5962 	 0.4286 	 0.7827 	 0.1384 	 -0.0511 	 -0.0821 	 0.0645 	 -0.0221 	 -0.0358
2.1543 	 -1.5948 	 0.4281 	 0.7819 	 0.1391 	 -0.0513 	 -0.0824 	 0.0646 	 -0.0221 	 -0.0358
2.1643 	 -1.5934 	 0.4276 	 0.7811 	 0.1397 	 -0.0515 	 -0.0828 	 0.0646 	 -0.0221 	 -0.0359
2.1743 	 -1.5920 	 0.4271 	 0.7802 	 0.1403 	 -0.0517 	 -0.0831 	 0.0647 	 -0.0222 	 -0.0359
2.1844 	 -1.5906 	 0.4266 	 0.7794 	 0.1410 	 -0.0520 	 -0.0835 	 0.0648 	 -0.0222 	 -0.0360
2.1944 	 -1.5892 	 0.4260 	 0.7785 	 0.1416 	 -0.0522 	 -0.0839 	 0.0648 	 -0.0222 	 -0.0360
2.2044 	 -1.5877 	 0.4255 	 0.7777 	 0.1423 	 -0.0524 	 -0.0842 	 0.0649 	 -0.0222 	 -0.0360
2.2144 	 -1.5863 	 0.4250 	 0.7769 	 0.1429 	 -0.0526 	 -0.0846 	 0.0650 	 -0.0223 	 -0.0361
2.2244 	 -1.5849 	 0.4245 	 0.7760 	 0.1436 	 -0.0529 	 -0.0850 	 0.0650 	 -0.0223 	 -0.0361
2.2345 	 -1.5834 	 0.4239 	 0.7752 	 0.1442 	 -0.0531 	 -0.0853 	 0.0651 	 -0.0223 	 -0.0362
2.2445 	 -1.5820 	 0.4234 	 0.7743 	 0.1449 	 -0.0533 	 -0.0857 	 0.0652 	 -0.0224 	 -0.0362
2.2545 	 -1.5805 	 0.4229 	 0.7734 	 0.1456 	 -0.0535 	 -0.0860 	 0.0653 	 -0.0224 	 -0.0363
2.2645 	 -1.5791 	 0.4223 	 0.7726 	 0.1462 	 -0.0538 	 -0.0864 	 0.0654 	 -0.0225 	 -0.0363
2.2745 	 -1.5776 	 0.4218 	 0.7717 	 0.1469 	 -0.0540 	 -0.0868 	 0.0654 	 -0.0225 	 -0.0364
2.2846 	 -1.5761 	 0.4212 	 0.7708 	 0.1475 	 -0.0542 	 -0.0871 	 0.0655 	 -0.0225 	 -0.0365
2.2946 	 -1.5747 	 0.4207 	 0.7700 	 0.1482 	 -0.0544 	 -0.0875 	 0.0656 	 -0.0226 	 -0.0365
2.3046 	 -1.5732 	 0.4202 	 0.7691 	 0.1488 	 -0.0547 	 -0.0879 	 0.0657 	 -0.0226 	 -0.0366
2.3146 	 -1.5717 	 0.4196 	 0.7682 	 0.1495 	 -0.0549 	 -0.0882 	 0.0658 	 -0.0227 	 -0.0366
2.3246 	 -1.5702 	 0.4191 	 0.7673 	 0.1502 	 -0.0551 	 -0.0886 	 0.0659 	 -0.0228 	 -0.0367
2.3347 	 -1.5687 	 0.4185 	 0.7664 	 0.1508 	 -0.0553 	 -0.0890 	 0.0660 	 -0.0228 	 -0.0368
2.3447 	 -1.5671 	 0.4179 	 0.7655 	 0.1515 	 -0.0556 	 -0.0893 	 0.0661 	 -0.0229 	 -0.0369
2.3547 	 -1.5656 	 0.4174 	 0.7646 	 0.1521 	 -0.0558 	 -0.0897 	 0.0662 	 -0.0229 	 -0.0369
2.3647 	 -1.5641 	 0.4168 	 0.7637 	 0.1528 	 -0.0560 	 -0.0901 	 0.0663 	 -0.0230 	 -0.0370
2.3747 	 -1.5626 	 0.4163 	 0.7628 	 0.1535 	 -0.0563 	 -0.0905 	 0.0664 	 -0.0231 	 -0.0371
2.3848 	 -1.5610 	 0.4157 	 0.7619 	 0.1541 	 -0.0565 	 -0.0908 	 0.0665 	 -0.0231 	 -0.0372
2.3948 	 -1.5595 	 0.4151 	 0.7610 	 0.1548 	 -0.0567 	 -0.0912 	 0.0666 	 -0.0232 	 -0.0373
2.4048 	 -1.5579 	 0.4146 	 0.7601 	 0.1555 	 -0.0570 	 -0.0916 	 0.0667 	 -0.0233 	 -0.0374
2.4148 	 -1.5564 	 0.4140 	 0.7592 	 0.1561 	 -0.0572 	 -0.0919 	 0.0667 	 -0.0233 	 -0.0374
2.4248 	 -1.5548 	 0.4134 	 0.7583 	 0.1568 	 -0.0574 	 -0.0923 	 0.0668 	 -0.0234 	 -0.0375
2.4349 	 -1.5532 	 0.4128 	 0.7573 	 0.1575 	 -0.0577 	 -0.0927 	 0.0669 	 -0.0235 	 -0.0376
2.4449 	 -1.5516 	 0.4123 	 0.7564 	 0.1581 	 -0.0579 	 -0.0931 	 0.0670 	 -0.0236 	 -0.0377
2.4549 	 -1.5500 	 0.4117 	 0.7555 	 0.1588 	 -0.0581 	 -0.0935 	 0.0671 	 -0.0236 	 -0.0378
2.4649 	 -1.5485 	 0.4111 	 0.7545 	 0.1595 	 -0.0584 	 -0.0938 	 0.0672 	 -0.0237 	 -0.0379
2.4749 	 -1.5468 	 0.4105 	 0.7536 	 0.1602 	 -0.0586 	 -0.0942 	 0.0673 	 -0.0238 	 -0.0380
2.4850 	 -1.5452 	 0.4099 	 0.7526 	 0.1608 	 -0.0588 	 -0.0946 	 0.0674 	 -0.0239 	 -0.0381
2.4950 	 -1.5436 	 0.4093 	 0.7517 	 0.1615 	 -0.0591 	 -0.0950 	 0.0674 	 -0.0239 	 -0.0382
2.5050 	 -1.5420 	 0.4087 	 0.7507 	 0.1622 	 -0.0593 	 -0.0954 	 0.0675 	 -0.0240 	 -0.0383
2.5150 	 -1.5404 	 0.4081 	 0.7498 	 0.1629 	 -0.0596 	 -0.0957 	 0.0676 	 -0.0241 	 -0.0384
2.5251 	 -1.5387 	 0.4075 	 0.7488 	 0.1635 	 -0.0598 	 -0.0961 	 0.0677 	 -0.0242 	 -0.0385
2.5351 	 -1.5371 	 0.4069 	 0.7478 	 0.1642 	 -0.0601 	 -0.0965 	 0.0677 	 -0.0242 	 -0.0386
2.5451 	 -1.5354 	 0.4063 	 0.7469 	 0.1649 	 -0.0603 	 -0.0969 	 0.0678 	 -0.0243 	 -0.0387
2.5551 	 -1.5338 	 0.4057 	 0.7459 	 0.1656 	 -0.0605 	 -0.0973 	 0.0679 	 -0.0244 	 -0.0388
2.5651 	 -1.5321 	 0.4051 	 0.7449 	 0.1663 	 -0.0608 	 -0.0977 	 0.0679 	 -0.0245 	 -0.0389
2.5752 	 -1.5305 	 0.4045 	 0.7439 	 0.1669 	 -0.0610 	 -0.0981 	 0.0680 	 -0.0245 	 -0.0390
2.5852 	 -1.5288 	 0.4039 	 0.7430 	 0.1676 	 -0.0613 	 -0.0985 	 0.0681 	 -0.0246 	 -0.0391
2.5952 	 -1.5271 	 0.4033 	 0.7420 	 0.1683 	 -0.0615 	 -0.0989 	 0.0681 	 -0.0247 	 -0.0392
2.6052 	 -1.5254 	 0.4027 	 0.7410 	 0.1690 	 -0.0618 	 -0.0993 	 0.0682 	 -0.0247 	 -0.0393
2.6152 	 -1.5237 	 0.4020 	 0.7400 	 0.1697 	 -0.0620 	 -0.0996 	 0.0682 	 -0.0248 	 -0.0394
2.6253 	 -1.5220 	 0.4014 	 0.7390 	 0.1704 	 -0.0623 	 -0.1000 	 0.0683 	 -0.0249 	 -0.0395
2.6353 	 -1.5203 	 0.4008 	 0.7380 	 0.1710 	 -0.0625 	 -0.1004 	 0.0683 	 -0.0249 	 -0.0396
2.6453 	 -1.5186 	 0.4002 	 0.7370 	 0.1717 	 -0.0628 	 -0.1008 	 0.0684 	 -0.0250 	 -0.0397
2.6553 	 -1.5169 	 0.3995 	 0.7360 	 0.1724 	 -0.0630 	 -0.1012 	 0.0684 	 -0.0251 	 -0.0398
2.6653 	 -1.5151 	 0.3989 	 0.7349 	 0.1731 	 -0.0633 	 -0.1016 	 0.0685 	 -0.0251 	 -0.0398
2.6754 	 -1.5134 	 0.3983 	 0.7339 	 0.1738 	 -0.0635 	 -0.1020 	 0.0685 	 -0.0252 	 -0.0399
2.6854 	 -1.5116 	 0.3976 	 0.7329 	 0.1745 	 -0.0638 	 -0.1024 	 0.0685 	 -0.0252 	 -0.0400
2.6954 	 -1.5099 	 0.3970 	 0.7319 	 0.1752 	 -0.0640 	 -0.1028 	 0.0686 	 -0.0253 	 -0.0401
2.7054 	 -1.5081 	 0.3964 	 0.7308 	 0.1758 	 -0.0643 	 -0.1032 	 0.0686 	 -0.0254 	 -0.0401
2.7154 	 -1.5064 	 0.3957 	 0.7298 	 0.1765 	 -0.0645 	 -0.1036 	 0.0687 	 -0.0254 	 -0.0402
2.7255 	 -1.5046 	 0.3951 	 0.7288 	 0.1772 	 -0.0648 	 -0.1040 	 0.0687 	 -0.0255 	 -0.0403
2.7355 	 -1.5028 	 0.3944 	 0.7277 	 0.1779 	 -0.0650 	 -0.1044 	 0.0688 	 -0.0255 	 -0.0403
2.7455 	 -1.5010 	 0.3938 	 0.7267 	 0.1786 	 -0.0653 	 -0.1048 	 0.0688 	 -0.0256 	 -0.0404
2.7555 	 -1.4992 	 0.3931 	 0.7256 	 0.1793 	 -0.0656 	 -0.1053 	 0.0689 	 -0.0256 	 -0.0404
2.7655 	 -1.4974 	 0.3924 	 0.7246 	 0.1800 	 -0.0658 	 -0.1057 	 0.0689 	 -0.0257 	 -0.0404
2.7756 	 -1.4956 	 0.3918 	 0.7235 	 0.1807 	 -0.0661 	 -0.1061 	 0.0690 	 -0.0257 	 -0.0405
2.7856 	 -1.4938 	 0.3911 	 0.7224 	 0.1814 	 -0.0663 	 -0.1065 	 0.0690 	 -0.0258 	 -0.0405
2.7956 	 -1.4920 	 0.3905 	 0.7214 	 0.1821 	 -0.0666 	 -0.1069 	 0.0691 	 -0.0258 	 -0.0405
2.8056 	 -1.4902 	 0.3898 	 0.7203 	 0.1827 	 -0.0668 	 -0.1073 	 0.0691 	 -0.0259 	 -0.0406
2.8156 	 -1.4883 	 0.3891 	 0.7192 	 0.1834 	 -0.0671 	 -0.1077 	 0.0692 	 -0.0259 	 -0.0406
2.8257 	 -1.4865 	 0.3884 	 0.7181 	 0.1841 	 -0.0674 	 -0.1081 	 0.0692 	 -0.0260 	 -0.0406
2.8357 	 -1.4846 	 0.3878 	 0.7170 	 0.1848 	 -0.0676 	 -0.1085 	 0.0693 	 -0.0260 	 -0.0406
2.8457 	 -1.4828 	 0.3871 	 0.7160 	 0.1855 	 -0.0679 	 -0.1089 	 0.0694 	 -0.0261 	 -0.0406
2.8557 	 -1.4809 	 0.3864 	 0.7149 	 0.1862 	 -0.0682 	 -0.1093 	 0.0694 	 -0.0261 	 -0.0407
2.8657 	 -1.4791 	 0.3857 	 0.7138 	 0.1869 	 -0.0684 	 -0.1097 	 0.0695 	 -0.0262 	 -0.0407
2.8758 	 -1.4772 	 0.3850 	 0.7127 	 0.1876 	 -0.0687 	 -0.1101 	 0.0696 	 -0.0263 	 -0.0407
2.8858 	 -1.4753 	 0.3843 	 0.7116 	 0.1883 	 -0.0689 	 -0.1105 	 0.0696 	 -0.0263 	 -0.0407
2.8958 	 -1.4734 	 0.3836 	 0.7105 	 0.1890 	 -0.0692 	 -0.1109 	 0.0697 	 -0.0264 	 -0.0407
2.9058 	 -1.4715 	 0.3830 	 0.7093 	 0.1897 	 -0.0695 	 -0.1114 	 0.0698 	 -0.0264 	 -0.0407
2.9158 	 -1.4696 	 0.3823 	 0.7082 	 0.1904 	 -0.0697 	 -0.1118 	 0.0699 	 -0.0265 	 -0.0407
2.9259 	 -1.4677 	 0.3816 	 0.7071 	 0.1911 	 -0.0700 	 -0.1122 	 0.0700 	 -0.0266 	 -0.0407
2.9359 	 -1.4658 	 0.3809 	 0.7060 	 0.1918 	 -0.0703 	 -0.1126 	 0.0701 	 -0.0266 	 -0.0407
2.9459 	 -1.4639 	 0.3801 	 0.7048 	 0.1925 	 -0.0705 	 -0.1130 	 0.0701 	 -0.0267 	 -0.0407
2.9559 	 -1.4619 	 0.3794 	 0.7037 	 0.1932 	 -0.0708 	 -0.1134 	 0.0702 	 -0.0268 	 -0.0406
2.9659 	 -1.4600 	 0.3787 	 0.7026 	 0.1939 	 -0.0711 	 -0.1138 	 0.0704 	 -0.0268 	 -0.0406
2.9760 	 -1.4580 	 0.3780 	 0.7014 	 0.1946 	 -0.0713 	 -0.1142 	 0.0705 	 -0.0269 	 -0.0406
2.9860 	 -1.4561 	 0.3773 	 0.7003 	 0.1953 	 -0.0716 	 -0.1146 	 0.0706 	 -0.0270 	 -0.0406
2.9960 	 -1.4541 	 0.3766 	 0.6991 	 0.1960 	 -0.0719 	 -0.1150 	 0.0707 	 -0.0271 	 -0.0406
3.0060 	 -1.4522 	 0.3759 	 0.6980 	 0.1967 	 -0.0722 	 -0.1154 	 0.0708 	 -0.0271 	 -0.0406
3.0160 	 -1.4502 	 0.3751 	 0.6968 	 0.1975 	 -0.0724 	 -0.1158 	 0.0709 	 -0.0272 	 -0.0406
3.0261 	 -1.4482 	 0.3744 	 0.6957 	 0.1982 	 -0.0727 	 -0.1162 	 0.0710 	 -0.0273 	 -0.0406
3.0361 	 -1.4462 	 0.3737 	 0.6945 	 0.1989 	 -0.0730 	 -0.1166 	 0.0712 	 -0.0274 	 -0.0405
3.0461 	 -1.4442 	 0.3729 	 0.6933 	 0.1996 	 -0.0732 	 -0.1171 	 0.0713 	 -0.0275 	 -0.0405
3.0561 	 -1.4422 	 0.3722 	 0.6921 	 0.2003 	 -0.0735 	 -0.1175 	 0.0714 	 -0.0276 	 -0.0405
3.0661 	 -1.4402 	 0.3715 	 0.6910 	 0.2010 	 -0.0738 	 -0.1179 	 0.0716 	 -0.0277 	 -0.0405
3.0762 	 -1.4382 	 0.3707 	 0.6898 	 0.2017 	 -0.0741 	 -0.1183 	 0.0717 	 -0.0278 	 -0.0405
3.0862 	 -1.4362 	 0.3700 	 0.6886 	 0.2025 	 -0.0744 	 -0.1187 	 0.0719 	 -0.0279 	 -0.0405
3.0962 	 -1.4341 	 0.3692 	 0.6874 	 0.2032 	 -0.0746 	 -0.1191 	 0.0720 	 -0.0280 	 -0.0405
3.1062 	 -1.4321 	 0.3685 	 0.6862 	 0.2039 	 -0.0749 	 -0.1195 	 0.0722 	 -0.0281 	 -0.0405
3.1162 	 -1.4300 	 0.3677 	 0.6850 	 0.2046 	 -0.0752 	 -0.1199 	 0.0723 	 -0.0282 	 -0.0405
3.1263 	 -1.4280 	 0.3670 	 0.6838 	 0.2054 	 -0.0755 	 -0.1203 	 0.0725 	 -0.0283 	 -0.0405
3.1363 	 -1.4259 	 0.3662 	 0.6826 	 0.2061 	 -0.0758 	 -0.1207 	 0.0727 	 -0.0284 	 -0.0405
3.1463 	 -1.4239 	 0.3655 	 0.6814 	 0.2068 	 -0.0761 	 -0.1211 	 0.0728 	 -0.0286 	 -0.0405
3.1563 	 -1.4218 	 0.3647 	 0.6802 	 0.2075 	 -0.0763 	 -0.1215 	 0.0730 	 -0.0287 	 -0.0405
3.1663 	 -1.4197 	 0.3639 	 0.6789 	 0.2083 	 -0.0766 	 -0.1219 	 0.0732 	 -0.0288 	 -0.0405
3.1764 	 -1.4176 	 0.3632 	 0.6777 	 0.2090 	 -0.0769 	 -0.1223 	 0.0733 	 -0.0289 	 -0.0405
3.1864 	 -1.4155 	 0.3624 	 0.6765 	 0.2097 	 -0.0772 	 -0.1227 	 0.0735 	 -0.0291 	 -0.0405
3.1964 	 -1.4134 	 0.3616 	 0.6753 	 0.2105 	 -0.0775 	 -0.1231 	 0.0737 	 -0.0292 	 -0.0405
3.2064 	 -1.4113 	 0.3608 	 0.6740 	 0.2112 	 -0.0778 	 -0.1235 	 0.0739 	 -0.0293 	 -0.0405
3.2164 	 -1.4092 	 0.3601 	 0.6728 	 0.2120 	 -0.0781 	 -0.1239 	 0.0740 	 -0.0295 	 -0.0405
3.2265 	 -1.4070 	 0.3593 	 0.6715 	 0.2127 	 -0.0784 	 -0.1244 	 0.0742 	 -0.0296 	 -0.0405
3.2365 	 -1.4049 	 0.3585 	 0.6703 	 0.2134 	 -0.0787 	 -0.1248 	 0.0744 	 -0.0298 	 -0.0405
3.2465 	 -1.4028 	 0.3577 	 0.6690 	 0.2142 	 -0.0790 	 -0.1252 	 0.0746 	 -0.0299 	 -0.0406
3.2565 	 -1.4006 	 0.3569 	 0.6678 	 0.2149 	 -0.0793 	 -0.1256 	 0.0748 	 -0.0301 	 -0.0406
3.2665 	 -1.3985 	 0.3561 	 0.6665 	 0.2157 	 -0.0796 	 -0.1260 	 0.0750 	 -0.0303 	 -0.0406
3.2766 	 -1.3963 	 0.3553 	 0.6653 	 0.2164 	 -0.0799 	 -0.1264 	 0.0735 	 -0.0298 	 -0.0387
3.2866 	 -1.3941 	 0.3545 	 0.6640 	 0.2172 	 -0.0802 	 -0.1268 	 0.0737 	 -0.0300 	 -0.0387
3.2966 	 -1.3919 	 0.3537 	 0.6627 	 0.2179 	 -0.0805 	 -0.1272 	 0.0739 	 -0.0301 	 -0.0388
3.3066 	 -1.3897 	 0.3529 	 0.6614 	 0.2187 	 -0.0808 	 -0.1275 	 0.0741 	 -0.0303 	 -0.0388
3.3166 	 -1.3876 	 0.3521 	 0.6602 	 0.2194 	 -0.0811 	 -0.1279 	 0.0743 	 -0.0305 	 -0.0388
3.3267 	 -1.3854 	 0.3513 	 0.6589 	 0.2201 	 -0.0814 	 -0.1283 	 0.0745 	 -0.0306 	 -0.0389
3.3367 	 -1.3831 	 0.3505 	 0.6576 	 0.2209 	 -0.0817 	 -0.1287 	 0.0747 	 -0.0308 	 -0.0389
3.3467 	 -1.3809 	 0.3496 	 0.6563 	 0.2216 	 -0.0820 	 -0.1291 	 0.0749 	 -0.0310 	 -0.0389
3.3567 	 -1.3787 	 0.3488 	 0.6550 	 0.2224 	 -0.0823 	 -0.1295 	 0.0751 	 -0.0312 	 -0.0390
3.3667 	 -1.3765 	 0.3480 	 0.6537 	 0.2231 	 -0.0826 	 -0.1299 	 0.0753 	 -0.0314 	 -0.0390
3.3768 	 -1.3742 	 0.3472 	 0.6524 	 0.2239 	 -0.0830 	 -0.1303 	 0.0755 	 -0.0316 	 -0.0390
3.3868 	 -1.3720 	 0.3463 	 0.6511 	 0.2247 	 -0.0833 	 -0.1307 	 0.0757 	 -0.0318 	 -0.0391
3.3968 	 -1.3697 	 0.3455 	 0.6498 	 0.2254 	 -0.0836 	 -0.1311 	 0.0759 	 -0.0320 	 -0.0391
3.4068 	 -1.3675 	 0.3446 	 0.6485 	 0.2262 	 -0.0839 	 -0.1315 	 0.0760 	 -0.0322 	 -0.0392
3.4168 	 -1.3652 	 0.3438 	 0.6472 	 0.2269 	 -0.0842 	 -0.1318 	 0.0762 	 -0.0324 	 -0.0392
3.4269 	 -1.3629 	 0.3430 	 0.6458 	 0.2277 	 -0.0846 	 -0.1322 	 0.0764 	 -0.0326 	 -0.0393
3.4369 	 -1.3606 	 0.3421 	 0.6445 	 0.2285 	 -0.0849 	 -0.1326 	 0.0766 	 -0.0328 	 -0.0394
3.4469 	 -1.3583 	 0.3413 	 0.6432 	 0.2292 	 -0.0852 	 -0.1330 	 0.0768 	 -0.0330 	 -0.0394
3.4569 	 -1.3560 	 0.3404 	 0.6418 	 0.2300 	 -0.0856 	 -0.1334 	 0.0770 	 -0.0332 	 -0.0395
3.4669 	 -1.3537 	 0.3395 	 0.6405 	 0.2308 	 -0.0859 	 -0.1338 	 0.0772 	 -0.0335 	 -0.0395
3.4770 	 -1.3514 	 0.3387 	 0.6392 	 0.2316 	 -0.0862 	 -0.1342 	 0.0774 	 -0.0337 	 -0.0396
3.4870 	 -1.3491 	 0.3378 	 0.6378 	 0.2323 	 -0.0866 	 -0.1346 	 0.0776 	 -0.0339 	 -0.0397
3.4970 	 -1.3468 	 0.3369 	 0.6365 	 0.2331 	 -0.0869 	 -0.1350 	 0.0778 	 -0.0341 	 -0.0397
3.5070 	 -1.3444 	 0.3361 	 0.6351 	 0.2339 	 -0.0872 	 -0.1354 	 0.0780 	 -0.0344 	 -0.0398
3.5170 	 -1.3421 	 0.3352 	 0.6337 	 0.2347 	 -0.0876 	 -0.1358 	 0.0781 	 -0.0346 	 -0.0398
3.5271 	 -1.3397 	 0.3343 	 0.6324 	 0.2355 	 -0.0879 	 -0.1362 	 0.0783 	 -0.0348 	 -0.0399
3.5371 	 -1.3373 	 0.3334 	 0.6310 	 0.2362 	 -0.0883 	 -0.1366 	 0.0785 	 -0.0351 	 -0.0400
3.5471 	 -1.3350 	 0.3326 	 0.6296 	 0.2370 	 -0.0886 	 -0.1370 	 0.0787 	 -0.0353 	 -0.0401
3.5571 	 -1.3326 	 0.3317 	 0.6283 	 0.2378 	 -0.0890 	 -0.1374 	 0.0789 	 -0.0356 	 -0.0401
3.5671 	 -1.3302 	 0.3308 	 0.6269 	 0.2386 	 -0.0894 	 -0.1378 	 0.0791 	 -0.0358 	 -0.0402
3.5772 	 -1.3278 	 0.3299 	 0.6255 	 0.2394 	 -0.0897 	 -0.1382 	 0.0792 	 -0.0360 	 -0.0403
3.5872 	 -1.3254 	 0.3290 	 0.6241 	 0.2402 	 -0.0901 	 -0.1386 	 0.0794 	 -0.0363 	 -0.0403
3.5972 	 -1.3230 	 0.3281 	 0.6227 	 0.2410 	 -0.0904 	 -0.1390 	 0.0796 	 -0.0365 	 -0.0404
3.6072 	 -1.3206 	 0.3272 	 0.6213 	 0.2418 	 -0.0908 	 -0.1394 	 0.0797 	 -0.0368 	 -0.0405
3.6172 	 -1.3182 	 0.3262 	 0.6199 	 0.2426 	 -0.0912 	 -0.1398 	 0.0799 	 -0.0370 	 -0.0405
3.6273 	 -1.3157 	 0.3253 	 0.6185 	 0.2434 	 -0.0916 	 -0.1402 	 0.0801 	 -0.0373 	 -0.0406
3.6373 	 -1.3133 	 0.3244 	 0.6171 	 0.2442 	 -0.0919 	 -0.1406 	 0.0802 	 -0.0376 	 -0.0407
3.6473 	 -1.3108 	 0.3235 	 0.6157 	 0.2450 	 -0.0923 	 -0.1411 	 0.0804 	 -0.0378 	 -0.0407
3.6573 	 -1.3084 	 0.3226 	 0.6143 	 0.2458 	 -0.0927 	 -0.1415 	 0.0806 	 -0.0381 	 -0.0408
3.6673 	 -1.3059 	 0.3216 	 0.6129 	 0.2466 	 -0.0931 	 -0.1419 	 0.0807 	 -0.0383 	 -0.0409
3.6774 	 -1.3034 	 0.3207 	 0.6115 	 0.2474 	 -0.0935 	 -0.1423 	 0.0809 	 -0.0386 	 -0.0409
3.6874 	 -1.3009 	 0.3198 	 0.6100 	 0.2482 	 -0.0938 	 -0.1427 	 0.0810 	 -0.0389 	 -0.0410
3.6974 	 -1.2985 	 0.3188 	 0.6086 	 0.2491 	 -0.0942 	 -0.1431 	 0.0812 	 -0.0391 	 -0.0411
3.7074 	 -1.2960 	 0.3179 	 0.6072 	 0.2499 	 -0.0946 	 -0.1435 	 0.0813 	 -0.0394 	 -0.0411
3.7174 	 -1.2934 	 0.3169 	 0.6057 	 0.2507 	 -0.0950 	 -0.1439 	 0.0815 	 -0.0396 	 -0.0412
3.7275 	 -1.2909 	 0.3160 	 0.6043 	 0.2515 	 -0.0954 	 -0.1443 	 0.0816 	 -0.0399 	 -0.0412
3.7375 	 -1.2884 	 0.3150 	 0.6028 	 0.2523 	 -0.0958 	 -0.1448 	 0.0818 	 -0.0402 	 -0.0413
3.7475 	 -1.2859 	 0.3140 	 0.6014 	 0.2531 	 -0.0962 	 -0.1452 	 0.0819 	 -0.0404 	 -0.0413
3.7575 	 -1.2833 	 0.3131 	 0.5999 	 0.2540 	 -0.0966 	 -0.1456 	 0.0821 	 -0.0407 	 -0.0414
3.7675 	 -1.2808 	 0.3121 	 0.5985 	 0.2548 	 -0.0970 	 -0.1460 	 0.0822 	 -0.0409 	 -0.0414
3.7776 	 -1.2782 	 0.3111 	 0.5970 	 0.2556 	 -0.0975 	 -0.1464 	 0.0823 	 -0.0412 	 -0.0415
3.7876 	 -1.2757 	 0.3102 	 0.5955 	 0.2564 	 -0.0979 	 -0.1468 	 0.0825 	 -0.0414 	 -0.0415
3.7976 	 -1.2731 	 0.3092 	 0.5940 	 0.2573 	 -0.0983 	 -0.1472 	 0.0826 	 -0.0417 	 -0.0415
3.8076 	 -1.2705 	 0.3082 	 0.5926 	 0.2581 	 -0.0987 	 -0.1477 	 0.0827 	 -0.0419 	 -0.0416
3.8176 	 -1.2679 	 0.3072 	 0.5911 	 0.2589 	 -0.0991 	 -0.1481 	 0.0829 	 -0.0422 	 -0.0416
3.8277 	 -1.2653 	 0.3062 	 0.5896 	 0.2598 	 -0.0995 	 -0.1485 	 0.0830 	 -0.0424 	 -0.0416
3.8377 	 -1.2627 	 0.3052 	 0.5881 	 0.2606 	 -0.1000 	 -0.1489 	 0.0831 	 -0.0427 	 -0.0416
3.8477 	 -1.2601 	 0.3042 	 0.5866 	 0.2614 	 -0.1004 	 -0.1493 	 0.0833 	 -0.0429 	 -0.0417
3.8577 	 -1.2575 	 0.3032 	 0.5851 	 0.2623 	 -0.1008 	 -0.1497 	 0.0834 	 -0.0431 	 -0.0417
3.8677 	 -1.2548 	 0.3022 	 0.5836 	 0.2631 	 -0.1013 	 -0.1502 	 0.0835 	 -0.0434 	 -0.0417
3.8778 	 -1.2522 	 0.3012 	 0.5821 	 0.2639 	 -0.1017 	 -0.1506 	 0.0837 	 -0.0436 	 -0.0417
3.8878 	 -1.2495 	 0.3001 	 0.5806 	 0.2648 	 -0.1021 	 -0.1510 	 0.0838 	 -0.0438 	 -0.0417
3.8978 	 -1.2469 	 0.2991 	 0.5791 	 0.2656 	 -0.1026 	 -0.1514 	 0.0840 	 -0.0440 	 -0.0417
3.9078 	 -1.2442 	 0.2981 	 0.5776 	 0.2664 	 -0.1030 	 -0.1518 	 0.0841 	 -0.0442 	 -0.0417
3.9178 	 -1.2416 	 0.2970 	 0.5760 	 0.2673 	 -0.1035 	 -0.1523 	 0.0842 	 -0.0445 	 -0.0417
3.9279 	 -1.2389 	 0.2960 	 0.5745 	 0.2681 	 -0.1039 	 -0.1527 	 0.0844 	 -0.0447 	 -0.0416
3.9379 	 -1.2362 	 0.2950 	 0.5730 	 0.2690 	 -0.1044 	 -0.1531 	 0.0845 	 -0.0449 	 -0.0416
3.9479 	 -1.2335 	 0.2939 	 0.5714 	 0.2698 	 -0.1048 	 -0.1535 	 0.0847 	 -0.0450 	 -0.0416
3.9579 	 -1.2308 	 0.2929 	 0.5699 	 0.2707 	 -0.1053 	 -0.1539 	 0.0848 	 -0.0452 	 -0.0416
3.9679 	 -1.2281 	 0.2918 	 0.5684 	 0.2715 	 -0.1057 	 -0.1543 	 0.0850 	 -0.0454 	 -0.0416
3.9780 	 -1.2253 	 0.2907 	 0.5668 	 0.2724 	 -0.1062 	 -0.1548 	 0.0852 	 -0.0456 	 -0.0415
3.9880 	 -1.2226 	 0.2897 	 0.5653 	 0.2732 	 -0.1066 	 -0.1552 	 0.0853 	 -0.0458 	 -0.0415
3.9980 	 -1.2199 	 0.2886 	 0.5637 	 0.2741 	 -0.1071 	 -0.1556 	 0.0855 	 -0.0459 	 -0.0415
4.0080 	 -1.2171 	 0.2875 	 0.5621 	 0.2750 	 -0.1076 	 -0.1560 	 0.0857 	 -0.0461 	 -0.0414
4.0180 	 -1.2143 	 0.2865 	 0.5606 	 0.2758 	 -0.1080 	 -0.1564 	 0.0859 	 -0.0462 	 -0.0414
4.0281 	 -1.2116 	 0.2854 	 0.5590 	 0.2767 	 -0.1085 	 -0.1568 	 0.0861 	 -0.0464 	 -0.0413
4.0381 	 -1.2088 	 0.2843 	 0.5574 	 0.2775 	 -0.1089 	 -0.1572 	 0.0862 	 -0.0465 	 -0.0413
4.0481 	 -1.2060 	 0.2832 	 0.5559 	 0.2784 	 -0.1094 	 -0.1577 	 0.0864 	 -0.0466 	 -0.0412
4.0581 	 -1.2032 	 0.2821 	 0.5543 	 0.2793 	 -0.1099 	 -0.1581 	 0.0867 	 -0.0468 	 -0.0412
4.0681 	 -1.2004 	 0.2810 	 0.5527 	 0.2801 	 -0.1103 	 -0.1585 	 0.0869 	 -0.0469 	 -0.0411
4.0782 	 -1.1976 	 0.2799 	 0.5511 	 0.2810 	 -0.1108 	 -0.1589 	 0.0871 	 -0.0470 	 -0.0411
4.0882 	 -1.1948 	 0.2788 	 0.5495 	 0.2819 	 -0.1113 	 -0.1593 	 0.0873 	 -0.0471 	 -0.0410
4.0982 	 -1.1920 	 0.2776 	 0.5479 	 0.2828 	 -0.1118 	 -0.1597 	 0.0876 	 -0.0472 	 -0.0410
4.1082 	 -1.1891 	 0.2765 	 0.5463 	 0.2836 	 -0.1122 	 -0.1601 	 0.0878 	 -0.0473 	 -0.0409
4.1182 	 -1.1863 	 0.2754 	 0.5447 	 0.2845 	 -0.1127 	 -0.1605 	 0.0881 	 -0.0474 	 -0.0408
4.1283 	 -1.1834 	 0.2743 	 0.5431 	 0.2854 	 -0.1132 	 -0.1609 	 0.0884 	 -0.0475 	 -0.0408
4.1383 	 -1.1806 	 0.2731 	 0.5415 	 0.2863 	 -0.1137 	 -0.1614 	 0.0886 	 -0.0476 	 -0.0407
4.1483 	 -1.1777 	 0.2720 	 0.5399 	 0.2872 	 -0.1141 	 -0.1618 	 0.0889 	 -0.0476 	 -0.0407
4.1583 	 -1.1748 	 0.2708 	 0.5382 	 0.2881 	 -0.1146 	 -0.1622 	 0.0892 	 -0.0477 	 -0.0406
4.1683 	 -1.1719 	 0.2697 	 0.5366 	 0.2890 	 -0.1151 	 -0.1626 	 0.0895 	 -0.0478 	 -0.0406
4.1784 	 -1.1690 	 0.2685 	 0.5350 	 0.2899 	 -0.1156 	 -0.1630 	 0.0899 	 -0.0478 	 -0.0405
4.1884 	 -1.1661 	 0.2674 	 0.5333 	 0.2908 	 -0.1161 	 -0.1634 	 0.0902 	 -0.0479 	 -0.0405
4.1984 	 -1.1632 	 0.2662 	 0.5317 	 0.2917 	 -0.1165 	 -0.1638 	 0.0905 	 -0.0479 	 -0.0404
4.2084 	 -1.1603 	 0.2650 	 0.5301 	 0.2926 	 -0.1170 	 -0.1642 	 0.0909 	 -0.0480 	 -0.0404
4.2184 	 -1.1573 	 0.2639 	 0.5284 	 0.2935 	 -0.1175 	 -0.1646 	 0.0912 	 -0.0480 	 -0.0403
4.2285 	 -1.1544 	 0.2627 	 0.5268 	 0.2944 	 -0.1180 	 -0.1650 	 0.0916 	 -0.0481 	 -0.0403
4.2385 	 -1.1514 	 0.2615 	 0.5251 	 0.2953 	 -0.1185 	 -0.1654 	 0.0920 	 -0.0481 	 -0.0403
4.2485 	 -1.1485 	 0.2603 	 0.5234 	 0.2963 	 -0.1189 	 -0.1658 	 0.0924 	 -0.0481 	 -0.0402
4.2585 	 -1.1455 	 0.2591 	 0.5218 	 0.2972 	 -0.1194 	 -0.1662 	 0.0928 	 -0.0482 	 -0.0402
4.2685 	 -1.1425 	 0.2579 	 0.5201 	 0.2981 	 -0.1199 	 -0.1666 	 0.0932 	 -0.0482 	 -0.0402
4.2786 	 -1.1395 	 0.2567 	 0.5184 	 0.2991 	 -0.1204 	 -0.1670 	 0.0936 	 -0.0482 	 -0.0401
4.2886 	 -1.1365 	 0.2555 	 0.5168 	 0.3000 	 -0.1209 	 -0.1674 	 0.0941 	 -0.0483 	 -0.0401
4.2986 	 -1.1335 	 0.2543 	 0.5151 	 0.3009 	 -0.1214 	 -0.1678 	 0.0945 	 -0.0483 	 -0.0401
4.3086 	 -1.1305 	 0.2531 	 0.5134 	 0.3019 	 -0.1218 	 -0.1682 	 0.0950 	 -0.0483 	 -0.0401
4.3186 	 -1.1274 	 0.2518 	 0.5117 	 0.3028 	 -0.1223 	 -0.1686 	 0.0955 	 -0.0483 	 -0.0401
4.3287 	 -1.1244 	 0.2506 	 0.5100 	 0.3038 	 -0.1228 	 -0.1690 	 0.0960 	 -0.0484 	 -0.0401
4.3387 	 -1.1214 	 0.2494 	 0.5083 	 0.3048 	 -0.1233 	 -0.1694 	 0.0965 	 -0.0484 	 -0.0401
4.3487 	 -1.1183 	 0.2481 	 0.5066 	 0.3057 	 -0.1238 	 -0.1698 	 0.0970 	 -0.0484 	 -0.0401
4.3587 	 -1.1152 	 0.2469 	 0.5049 	 0.3067 	 -0.1243 	 -0.1702 	 0.0975 	 -0.0485 	 -0.0401
4.3687 	 -1.1122 	 0.2457 	 0.5032 	 0.3077 	 -0.1247 	 -0.1706 	 0.0981 	 -0.0485 	 -0.0401
4.3788 	 -1.1091 	 0.2444 	 0.5015 	 0.3087 	 -0.1252 	 -0.1710 	 0.0986 	 -0.0485 	 -0.0401
4.3888 	 -1.1060 	 0.2431 	 0.4998 	 0.3097 	 -0.1257 	 -0.1714 	 0.0992 	 -0.0486 	 -0.0401
4.3988 	 -1.1029 	 0.2419 	 0.4981 	 0.3107 	 -0.1262 	 -0.1718 	 0.0998 	 -0.0486 	 -0.0401
4.4088 	 -1.0997 	 0.2406 	 0.4963 	 0.3117 	 -0.1267 	 -0.1722 	 0.1004 	 -0.0487 	 -0.0402
4.4188 	 -1.0966 	 0.2393 	 0.4946 	 0.3127 	 -0.1272 	 -0.1726 	 0.1010 	 -0.0487 	 -0.0402
4.4289 	 -1.0935 	 0.2381 	 0.4929 	 0.3137 	 -0.1277 	 -0.1731 	 0.1016 	 -0.0488 	 -0.0402
4.4389 	 -1.0903 	 0.2368 	 0.4911 	 0.3147 	 -0.1282 	 -0.1735 	 0.1022 	 -0.0488 	 -0.0402
4.4489 	 -1.0872 	 0.2355 	 0.4894 	 0.3157 	 -0.1287 	 -0.1739 	 0.1029 	 -0.0489 	 -0.0403
4.4589 	 -1.0840 	 0.2342 	 0.4877 	 0.3168 	 -0.1291 	 -0.1743 	 0.1035 	 -0.0490 	 -0.0403
4.4689 	 -1.0808 	 0.2329 	 0.4859 	 0.3178 	 -0.1296 	 -0.1747 	 0.1042 	 -0.0490 	 -0.0404
4.4790 	 -1.0776 	 0.2316 	 0.4842 	 0.3189 	 -0.1301 	 -0.1751 	 0.1049 	 -0.0491 	 -0.0404
4.4890 	 -1.0744 	 0.2303 	 0.4824 	 0.3199 	 -0.1306 	 -0.1755 	 0.1056 	 -0.0492 	 -0.0404
4.4990 	 -1.0712 	 0.2290 	 0.4806 	 0.3210 	 -0.1311 	 -0.1759 	 0.1063 	 -0.0493 	 -0.0405
4.5090 	 -1.0680 	 0.2277 	 0.4789 	 0.3220 	 -0.1316 	 -0.1763 	 0.1070 	 -0.0494 	 -0.0405
4.5190 	 -1.0648 	 0.2264 	 0.4771 	 0.3231 	 -0.1321 	 -0.1767 	 0.1078 	 -0.0495 	 -0.0406
4.5291 	 -1.0615 	 0.2250 	 0.4753 	 0.3242 	 -0.1326 	 -0.1771 	 0.1085 	 -0.0496 	 -0.0406
4.5391 	 -1.0583 	 0.2237 	 0.4736 	 0.3253 	 -0.1331 	 -0.1775 	 0.1093 	 -0.0497 	 -0.0407
4.5491 	 -1.0550 	 0.2224 	 0.4718 	 0.3264 	 -0.1336 	 -0.1779 	 0.1101 	 -0.0498 	 -0.0407
4.5591 	 -1.0517 	 0.2210 	 0.4700 	 0.3275 	 -0.1341 	 -0.1783 	 0.1109 	 -0.0499 	 -0.0408
4.5691 	 -1.0484 	 0.2197 	 0.4682 	 0.3286 	 -0.1346 	 -0.1787 	 0.1117 	 -0.0501 	 -0.0408
4.5792 	 -1.0451 	 0.2183 	 0.4664 	 0.3297 	 -0.1351 	 -0.1791 	 0.1125 	 -0.0502 	 -0.0409
4.5892 	 -1.0418 	 0.2170 	 0.4646 	 0.3309 	 -0.1356 	 -0.1796 	 0.1134 	 -0.0503 	 -0.0409
4.5992 	 -1.0385 	 0.2156 	 0.4628 	 0.3320 	 -0.1361 	 -0.1800 	 0.1142 	 -0.0505 	 -0.0410
4.6092 	 -1.0352 	 0.2142 	 0.4610 	 0.3332 	 -0.1366 	 -0.1804 	 0.1151 	 -0.0507 	 -0.0410
4.6192 	 -1.0318 	 0.2129 	 0.4592 	 0.3343 	 -0.1371 	 -0.1808 	 0.1160 	 -0.0508 	 -0.0411
4.6293 	 -1.0285 	 0.2115 	 0.4574 	 0.3355 	 -0.1376 	 -0.1812 	 0.1169 	 -0.0510 	 -0.0411
4.6393 	 -1.0251 	 0.2101 	 0.4556 	 0.3367 	 -0.1381 	 -0.1816 	 0.1178 	 -0.0512 	 -0.0411
4.6493 	 -1.0217 	 0.2087 	 0.4538 	 0.3378 	 -0.1387 	 -0.1820 	 0.1187 	 -0.0514 	 -0.0412
4.6593 	 -1.0183 	 0.2073 	 0.4519 	 0.3390 	 -0.1392 	 -0.1824 	 0.1196 	 -0.0516 	 -0.0412
4.6693 	 -1.0149 	 0.2059 	 0.4501 	 0.3402 	 -0.1397 	 -0.1828 	 0.1206 	 -0.0518 	 -0.0412
4.6794 	 -1.0115 	 0.2045 	 0.4483 	 0.3415 	 -0.1402 	 -0.1833 	 0.1215 	 -0.0520 	 -0.0412
4.6894 	 -1.0081 	 0.2031 	 0.4464 	 0.3427 	 -0.1407 	 -0.1837 	 0.1225 	 -0.0522 	 -0.0412
4.6994 	 -1.0047 	 0.2017 	 0.4446 	 0.3439 	 -0.1413 	 -0.1841 	 0.1235 	 -0.0524 	 -0.0412
4.7094 	 -1.0012 	 0.2003 	 0.4427 	 0.3452 	 -0.1418 	 -0.1845 	 0.1244 	 -0.0527 	 -0.0412
4.7194 	 -0.9977 	 0.1989 	 0.4409 	 0.3464 	 -0.1423 	 -0.1849 	 0.1254 	 -0.0529 	 -0.0412
4.7295 	 -0.9943 	 0.1974 	 0.4390 	 0.3477 	 -0.1428 	 -0.1853 	 0.1264 	 -0.0532 	 -0.0411
4.7395 	 -0.9908 	 0.1960 	 0.4372 	 0.3489 	 -0.1434 	 -0.1857 	 0.1274 	 -0.0534 	 -0.0411
4.7495 	 -0.9873 	 0.1946 	 0.4353 	 0.3502 	 -0.1439 	 -0.1861 	 0.1285 	 -0.0537 	 -0.0411
4.7595 	 -0.9838 	 0.1931 	 0.4334 	 0.3515 	 -0.1445 	 -0.1866 	 0.1295 	 -0.0540 	 -0.0410
4.7695 	 -0.9802 	 0.1917 	 0.4316 	 0.3528 	 -0.1450 	 -0.1870 	 0.1305 	 -0.0543 	 -0.0409
4.7796 	 -0.9767 	 0.1902 	 0.4297 	 0.3541 	 -0.1455 	 -0.1874 	 0.1316 	 -0.0545 	 -0.0408
4.7896 	 -0.9731 	 0.1888 	 0.4278 	 0.3555 	 -0.1461 	 -0.1878 	 0.1326 	 -0.0548 	 -0.0407
4.7996 	 -0.9696 	 0.1873 	 0.4259 	 0.3568 	 -0.1466 	 -0.1882 	 0.1336 	 -0.0551 	 -0.0406
4.8096 	 -0.9660 	 0.1858 	 0.4240 	 0.3581 	 -0.1472 	 -0.1886 	 0.1347 	 -0.0554 	 -0.0405
4.8196 	 -0.9624 	 0.1843 	 0.4221 	 0.3595 	 -0.1477 	 -0.1890 	 0.1357 	 -0.0557 	 -0.0404
4.8297 	 -0.9588 	 0.1829 	 0.4203 	 0.3608 	 -0.1483 	 -0.1894 	 0.1367 	 -0.0560 	 -0.0402
4.8397 	 -0.9551 	 0.1814 	 0.4184 	 0.3622 	 -0.1489 	 -0.1898 	 0.1377 	 -0.0563 	 -0.0401
4.8497 	 -0.9515 	 0.1799 	 0.4164 	 0.3636 	 -0.1494 	 -0.1902 	 0.1388 	 -0.0566 	 -0.0399
4.8597 	 -0.9479 	 0.1784 	 0.4145 	 0.3650 	 -0.1500 	 -0.1906 	 0.1397 	 -0.0569 	 -0.0397
4.8697 	 -0.9442 	 0.1769 	 0.4126 	 0.3664 	 -0.1506 	 -0.1910 	 0.1407 	 -0.0573 	 -0.0395
4.8798 	 -0.9405 	 0.1754 	 0.4107 	 0.3678 	 -0.1512 	 -0.1914 	 0.1417 	 -0.0575 	 -0.0393
4.8898 	 -0.9368 	 0.1738 	 0.4088 	 0.3692 	 -0.1517 	 -0.1918 	 0.1427 	 -0.0578 	 -0.0391
4.8998 	 -0.9331 	 0.1723 	 0.4069 	 0.3707 	 -0.1523 	 -0.1922 	 0.1436 	 -0.0581 	 -0.0388
4.9098 	 -0.9294 	 0.1708 	 0.4049 	 0.3721 	 -0.1529 	 -0.1926 	 0.1445 	 -0.0584 	 -0.0386
4.9198 	 -0.9257 	 0.1693 	 0.4030 	 0.3736 	 -0.1535 	 -0.1930 	 0.1454 	 -0.0586 	 -0.0383
4.9299 	 -0.9219 	 0.1677 	 0.4011 	 0.3750 	 -0.1541 	 -0.1933 	 0.1462 	 -0.0589 	 -0.0381
4.9399 	 -0.9181 	 0.1662 	 0.3991 	 0.3765 	 -0.1547 	 -0.1937 	 0.1470 	 -0.0591 	 -0.0378
4.9499 	 -0.9144 	 0.1646 	 0.3972 	 0.3780 	 -0.1553 	 -0.1941 	 0.1478 	 -0.0593 	 -0.0375
4.9599 	 -0.9106 	 0.1631 	 0.3952 	 0.3795 	 -0.1559 	 -0.1945 	 0.1485 	 -0.0595 	 -0.0373
4.9699 	 -0.9068 	 0.1615 	 0.3933 	 0.3810 	 -0.1564 	 -0.1948 	 0.1492 	 -0.0596 	 -0.0370
4.9800 	 -0.9029 	 0.1599 	 0.3913 	 0.3825 	 -0.1570 	 -0.1952 	 0.1499 	 -0.0597 	 -0.0367
4.9900 	 -0.8991 	 0.1583 	 0.3894 	 0.3840 	 -0.1576 	 -0.1956 	 0.1505 	 -0.0598 	 -0.0365
