100-Body Run with i = 54 th particle. (Units in pc,M_solar,Myr, km s-1) 

time		 x 		 y 		 z 		 xdot 		 ydot 		 zdot 		 xddot 		 yddot 		 zddot
0.0000 	 -0.0995 	 0.7191 	 0.5059 	 0.0008 	 -0.0086 	 -0.0039 	 0.1052 	 -0.3675 	 -0.0606
0.0100 	 -0.0995 	 0.7190 	 0.5059 	 0.0018 	 -0.0122 	 -0.0045 	 0.1053 	 -0.3675 	 -0.0606
0.0200 	 -0.0995 	 0.7189 	 0.5058 	 0.0029 	 -0.0159 	 -0.0051 	 0.1053 	 -0.3677 	 -0.0605
0.0301 	 -0.0994 	 0.7187 	 0.5058 	 0.0040 	 -0.0196 	 -0.0057 	 0.1052 	 -0.3682 	 -0.0603
0.0401 	 -0.0994 	 0.7185 	 0.5057 	 0.0050 	 -0.0233 	 -0.0063 	 0.1062 	 -0.3677 	 -0.0581
0.0501 	 -0.0993 	 0.7183 	 0.5056 	 0.0061 	 -0.0270 	 -0.0069 	 0.1045 	 -0.3652 	 -0.0541
0.0601 	 -0.0993 	 0.7180 	 0.5056 	 0.0071 	 -0.0306 	 -0.0074 	 0.1029 	 -0.3656 	 -0.0529
0.0701 	 -0.0992 	 0.7176 	 0.5055 	 0.0081 	 -0.0343 	 -0.0080 	 0.1018 	 -0.3662 	 -0.0515
0.0802 	 -0.0991 	 0.7173 	 0.5054 	 0.0091 	 -0.0380 	 -0.0085 	 0.1009 	 -0.3662 	 -0.0498
0.0902 	 -0.0990 	 0.7169 	 0.5053 	 0.0102 	 -0.0416 	 -0.0089 	 0.1003 	 -0.3657 	 -0.0480
0.1002 	 -0.0989 	 0.7164 	 0.5052 	 0.0112 	 -0.0453 	 -0.0094 	 0.1002 	 -0.3646 	 -0.0463
0.1102 	 -0.0988 	 0.7160 	 0.5051 	 0.0122 	 -0.0489 	 -0.0099 	 0.1006 	 -0.3633 	 -0.0451
0.1202 	 -0.0987 	 0.7155 	 0.5050 	 0.0132 	 -0.0526 	 -0.0103 	 0.1013 	 -0.3621 	 -0.0442
0.1303 	 -0.0985 	 0.7149 	 0.5049 	 0.0142 	 -0.0562 	 -0.0108 	 0.1022 	 -0.3611 	 -0.0436
0.1403 	 -0.0984 	 0.7143 	 0.5048 	 0.0152 	 -0.0598 	 -0.0112 	 0.1033 	 -0.3604 	 -0.0433
0.1503 	 -0.0982 	 0.7137 	 0.5047 	 0.0163 	 -0.0634 	 -0.0116 	 0.1044 	 -0.3600 	 -0.0430
0.1603 	 -0.0981 	 0.7131 	 0.5046 	 0.0173 	 -0.0670 	 -0.0121 	 0.1071 	 -0.3584 	 -0.0439
0.1703 	 -0.0979 	 0.7124 	 0.5045 	 0.0184 	 -0.0706 	 -0.0125 	 0.1095 	 -0.3492 	 -0.0423
0.1804 	 -0.0977 	 0.7117 	 0.5043 	 0.0195 	 -0.0740 	 -0.0129 	 0.1080 	 -0.3466 	 -0.0384
0.1904 	 -0.0975 	 0.7109 	 0.5042 	 0.0206 	 -0.0775 	 -0.0133 	 0.1082 	 -0.3464 	 -0.0367
0.2004 	 -0.0973 	 0.7101 	 0.5041 	 0.0217 	 -0.0810 	 -0.0136 	 0.1090 	 -0.3463 	 -0.0356
0.2104 	 -0.0970 	 0.7093 	 0.5039 	 0.0228 	 -0.0844 	 -0.0140 	 0.1098 	 -0.3460 	 -0.0345
0.2204 	 -0.0968 	 0.7084 	 0.5038 	 0.0239 	 -0.0879 	 -0.0143 	 0.1106 	 -0.3456 	 -0.0335
0.2305 	 -0.0966 	 0.7075 	 0.5036 	 0.0250 	 -0.0914 	 -0.0147 	 0.1111 	 -0.3450 	 -0.0326
0.2405 	 -0.0963 	 0.7066 	 0.5035 	 0.0261 	 -0.0948 	 -0.0150 	 0.1114 	 -0.3443 	 -0.0318
0.2505 	 -0.0960 	 0.7056 	 0.5033 	 0.0272 	 -0.0983 	 -0.0153 	 0.1115 	 -0.3437 	 -0.0311
0.2605 	 -0.0958 	 0.7046 	 0.5032 	 0.0283 	 -0.1017 	 -0.0156 	 0.1116 	 -0.3431 	 -0.0307
0.2705 	 -0.0955 	 0.7036 	 0.5030 	 0.0295 	 -0.1051 	 -0.0159 	 0.1115 	 -0.3426 	 -0.0304
0.2806 	 -0.0952 	 0.7025 	 0.5029 	 0.0306 	 -0.1086 	 -0.0162 	 0.1115 	 -0.3422 	 -0.0303
0.2906 	 -0.0949 	 0.7014 	 0.5027 	 0.0317 	 -0.1120 	 -0.0165 	 0.1115 	 -0.3419 	 -0.0303
0.3006 	 -0.0945 	 0.7003 	 0.5025 	 0.0328 	 -0.1154 	 -0.0168 	 0.1115 	 -0.3418 	 -0.0303
0.3106 	 -0.0942 	 0.6991 	 0.5024 	 0.0339 	 -0.1189 	 -0.0171 	 0.1116 	 -0.3418 	 -0.0305
0.3206 	 -0.0939 	 0.6979 	 0.5022 	 0.0350 	 -0.1223 	 -0.0174 	 0.1118 	 -0.3418 	 -0.0306
0.3307 	 -0.0935 	 0.6966 	 0.5020 	 0.0362 	 -0.1257 	 -0.0177 	 0.1120 	 -0.3420 	 -0.0308
0.3407 	 -0.0931 	 0.6954 	 0.5018 	 0.0373 	 -0.1291 	 -0.0181 	 0.1123 	 -0.3422 	 -0.0310
0.3507 	 -0.0928 	 0.6940 	 0.5016 	 0.0384 	 -0.1326 	 -0.0184 	 0.1127 	 -0.3425 	 -0.0313
0.3607 	 -0.0924 	 0.6927 	 0.5015 	 0.0395 	 -0.1360 	 -0.0187 	 0.1131 	 -0.3429 	 -0.0315
0.3707 	 -0.0920 	 0.6913 	 0.5013 	 0.0407 	 -0.1394 	 -0.0190 	 0.1135 	 -0.3433 	 -0.0318
0.3808 	 -0.0916 	 0.6899 	 0.5011 	 0.0418 	 -0.1429 	 -0.0193 	 0.1140 	 -0.3438 	 -0.0320
0.3908 	 -0.0911 	 0.6885 	 0.5009 	 0.0430 	 -0.1463 	 -0.0196 	 0.1145 	 -0.3443 	 -0.0323
0.4008 	 -0.0907 	 0.6870 	 0.5007 	 0.0441 	 -0.1498 	 -0.0200 	 0.1150 	 -0.3448 	 -0.0326
0.4108 	 -0.0902 	 0.6855 	 0.5005 	 0.0453 	 -0.1532 	 -0.0203 	 0.1155 	 -0.3454 	 -0.0329
0.4208 	 -0.0898 	 0.6839 	 0.5003 	 0.0464 	 -0.1567 	 -0.0206 	 0.1161 	 -0.3461 	 -0.0332
0.4309 	 -0.0893 	 0.6823 	 0.5001 	 0.0476 	 -0.1602 	 -0.0210 	 0.1167 	 -0.3467 	 -0.0335
0.4409 	 -0.0888 	 0.6807 	 0.4999 	 0.0488 	 -0.1636 	 -0.0213 	 0.1172 	 -0.3474 	 -0.0338
0.4509 	 -0.0883 	 0.6790 	 0.4996 	 0.0499 	 -0.1671 	 -0.0216 	 0.1178 	 -0.3482 	 -0.0341
0.4609 	 -0.0878 	 0.6773 	 0.4994 	 0.0511 	 -0.1706 	 -0.0220 	 0.1184 	 -0.3490 	 -0.0345
0.4709 	 -0.0873 	 0.6756 	 0.4992 	 0.0523 	 -0.1741 	 -0.0223 	 0.1191 	 -0.3498 	 -0.0348
0.4810 	 -0.0868 	 0.6739 	 0.4990 	 0.0535 	 -0.1776 	 -0.0227 	 0.1197 	 -0.3506 	 -0.0351
0.4910 	 -0.0862 	 0.6721 	 0.4988 	 0.0547 	 -0.1812 	 -0.0230 	 0.1204 	 -0.3516 	 -0.0355
0.5010 	 -0.0857 	 0.6702 	 0.4985 	 0.0559 	 -0.1847 	 -0.0234 	 0.1210 	 -0.3524 	 -0.0359
0.5110 	 -0.0851 	 0.6684 	 0.4983 	 0.0571 	 -0.1882 	 -0.0237 	 0.1172 	 -0.3386 	 -0.0310
0.5210 	 -0.0845 	 0.6665 	 0.4980 	 0.0583 	 -0.1916 	 -0.0241 	 0.1173 	 -0.3396 	 -0.0316
0.5311 	 -0.0840 	 0.6645 	 0.4978 	 0.0595 	 -0.1950 	 -0.0244 	 0.1178 	 -0.3404 	 -0.0325
0.5411 	 -0.0833 	 0.6625 	 0.4976 	 0.0607 	 -0.1984 	 -0.0247 	 0.1182 	 -0.3413 	 -0.0334
0.5511 	 -0.0827 	 0.6605 	 0.4973 	 0.0619 	 -0.2018 	 -0.0251 	 0.1185 	 -0.3422 	 -0.0345
0.5611 	 -0.0821 	 0.6585 	 0.4971 	 0.0630 	 -0.2053 	 -0.0254 	 0.1189 	 -0.3430 	 -0.0357
0.5711 	 -0.0815 	 0.6564 	 0.4968 	 0.0642 	 -0.2087 	 -0.0258 	 0.1192 	 -0.3438 	 -0.0370
0.5812 	 -0.0808 	 0.6543 	 0.4965 	 0.0654 	 -0.2122 	 -0.0261 	 0.1194 	 -0.3445 	 -0.0384
0.5912 	 -0.0802 	 0.6522 	 0.4963 	 0.0666 	 -0.2156 	 -0.0265 	 0.1196 	 -0.3451 	 -0.0399
0.6012 	 -0.0795 	 0.6500 	 0.4960 	 0.0678 	 -0.2191 	 -0.0269 	 0.1198 	 -0.3456 	 -0.0414
0.6112 	 -0.0788 	 0.6478 	 0.4957 	 0.0690 	 -0.2225 	 -0.0274 	 0.1199 	 -0.3460 	 -0.0430
0.6212 	 -0.0781 	 0.6455 	 0.4955 	 0.0702 	 -0.2260 	 -0.0278 	 0.1201 	 -0.3463 	 -0.0445
0.6313 	 -0.0774 	 0.6433 	 0.4952 	 0.0714 	 -0.2295 	 -0.0283 	 0.1202 	 -0.3465 	 -0.0460
0.6413 	 -0.0767 	 0.6409 	 0.4949 	 0.0726 	 -0.2330 	 -0.0287 	 0.1205 	 -0.3467 	 -0.0474
0.6513 	 -0.0759 	 0.6386 	 0.4946 	 0.0738 	 -0.2364 	 -0.0292 	 0.1209 	 -0.3471 	 -0.0488
0.6613 	 -0.0752 	 0.6362 	 0.4943 	 0.0751 	 -0.2399 	 -0.0297 	 0.1214 	 -0.3477 	 -0.0501
0.6713 	 -0.0744 	 0.6338 	 0.4940 	 0.0763 	 -0.2434 	 -0.0302 	 0.1220 	 -0.3484 	 -0.0515
0.6814 	 -0.0737 	 0.6313 	 0.4937 	 0.0775 	 -0.2468 	 -0.0307 	 0.0803 	 -0.2916 	 -0.0652
0.6914 	 -0.0729 	 0.6288 	 0.4934 	 0.0785 	 -0.2496 	 -0.0314 	 0.1085 	 -0.2806 	 -0.0616
0.7014 	 -0.0721 	 0.6263 	 0.4931 	 0.0796 	 -0.2524 	 -0.0320 	 0.1106 	 -0.2822 	 -0.0626
0.7114 	 -0.0713 	 0.6238 	 0.4927 	 0.0807 	 -0.2553 	 -0.0326 	 0.1120 	 -0.2842 	 -0.0639
0.7214 	 -0.0705 	 0.6212 	 0.4924 	 0.0818 	 -0.2581 	 -0.0333 	 0.1137 	 -0.2867 	 -0.0654
0.7315 	 -0.0696 	 0.6186 	 0.4921 	 0.0830 	 -0.2610 	 -0.0339 	 0.1157 	 -0.2896 	 -0.0671
0.7415 	 -0.0688 	 0.6160 	 0.4917 	 0.0842 	 -0.2639 	 -0.0346 	 0.1182 	 -0.2932 	 -0.0692
0.7515 	 -0.0680 	 0.6133 	 0.4914 	 0.0854 	 -0.2669 	 -0.0353 	 0.1212 	 -0.2977 	 -0.0718
0.7615 	 -0.0671 	 0.6106 	 0.4910 	 0.0866 	 -0.2699 	 -0.0361 	 0.1250 	 -0.3031 	 -0.0752
0.7715 	 -0.0662 	 0.6079 	 0.4907 	 0.0879 	 -0.2730 	 -0.0368 	 0.1295 	 -0.3099 	 -0.0795
0.7816 	 -0.0653 	 0.6052 	 0.4903 	 0.0892 	 -0.2761 	 -0.0377 	 0.1352 	 -0.3187 	 -0.0853
0.7916 	 -0.0644 	 0.6024 	 0.4899 	 0.0906 	 -0.2794 	 -0.0386 	 0.1423 	 -0.3306 	 -0.0931
0.8016 	 -0.0635 	 0.5996 	 0.4895 	 0.0921 	 -0.2828 	 -0.0395 	 0.1514 	 -0.3478 	 -0.1039
0.8116 	 -0.0626 	 0.5967 	 0.4891 	 0.0936 	 -0.2864 	 -0.0406 	 0.1638 	 -0.3754 	 -0.1189
0.8216 	 -0.0616 	 0.5938 	 0.4887 	 0.0954 	 -0.2903 	 -0.0419 	 0.1824 	 -0.4252 	 -0.1391
0.8317 	 -0.0607 	 0.5909 	 0.4883 	 0.0973 	 -0.2951 	 -0.0434 	 0.2150 	 -0.5280 	 -0.1587
0.8417 	 -0.0597 	 0.5879 	 0.4878 	 0.0998 	 -0.3013 	 -0.0449 	 0.2807 	 -0.7552 	 -0.1206
0.8517 	 -0.0587 	 0.5848 	 0.4874 	 0.1031 	 -0.3105 	 -0.0448 	 0.3714 	 -1.0464 	 0.2380
0.8617 	 -0.0576 	 0.5817 	 0.4870 	 0.1066 	 -0.3198 	 -0.0399 	 0.2977 	 -0.6812 	 0.6053
0.8717 	 -0.0565 	 0.5784 	 0.4866 	 0.1090 	 -0.3244 	 -0.0350 	 0.2059 	 -0.3168 	 0.3440
0.8818 	 -0.0554 	 0.5752 	 0.4862 	 0.1110 	 -0.3271 	 -0.0327 	 0.1864 	 -0.2430 	 0.1333
0.8918 	 -0.0543 	 0.5719 	 0.4859 	 0.1128 	 -0.3295 	 -0.0320 	 0.1841 	 -0.2343 	 0.0330
0.9018 	 -0.0532 	 0.5686 	 0.4856 	 0.1147 	 -0.3318 	 -0.0319 	 0.1832 	 -0.2344 	 -0.0164
0.9118 	 -0.0520 	 0.5652 	 0.4853 	 0.1165 	 -0.3342 	 -0.0322 	 0.1809 	 -0.2348 	 -0.0425
0.9218 	 -0.0508 	 0.5619 	 0.4849 	 0.1183 	 -0.3365 	 -0.0327 	 0.1772 	 -0.2350 	 -0.0567
0.9319 	 -0.0497 	 0.5585 	 0.4846 	 0.1200 	 -0.3389 	 -0.0333 	 0.1725 	 -0.2354 	 -0.0646
0.9419 	 -0.0484 	 0.5551 	 0.4843 	 0.1217 	 -0.3413 	 -0.0340 	 0.1673 	 -0.2364 	 -0.0686
0.9519 	 -0.0472 	 0.5517 	 0.4839 	 0.1234 	 -0.3436 	 -0.0347 	 0.1622 	 -0.2380 	 -0.0705
0.9619 	 -0.0460 	 0.5482 	 0.4836 	 0.1250 	 -0.3460 	 -0.0354 	 0.1574 	 -0.2403 	 -0.0710
0.9719 	 -0.0447 	 0.5447 	 0.4832 	 0.1265 	 -0.3485 	 -0.0361 	 0.1530 	 -0.2432 	 -0.0708
0.9820 	 -0.0434 	 0.5412 	 0.4829 	 0.1281 	 -0.3509 	 -0.0368 	 0.1492 	 -0.2466 	 -0.0702
0.9920 	 -0.0421 	 0.5377 	 0.4825 	 0.1295 	 -0.3534 	 -0.0375 	 0.1460 	 -0.2503 	 -0.0694
1.0020 	 -0.0408 	 0.5341 	 0.4821 	 0.1310 	 -0.3559 	 -0.0382 	 0.1433 	 -0.2542 	 -0.0686
1.0120 	 -0.0395 	 0.5306 	 0.4817 	 0.1324 	 -0.3585 	 -0.0389 	 0.1411 	 -0.2583 	 -0.0678
1.0220 	 -0.0382 	 0.5270 	 0.4813 	 0.1338 	 -0.3611 	 -0.0396 	 0.1392 	 -0.2625 	 -0.0671
1.0321 	 -0.0368 	 0.5233 	 0.4809 	 0.1352 	 -0.3638 	 -0.0403 	 0.1367 	 -0.2676 	 -0.0669
1.0421 	 -0.0355 	 0.5197 	 0.4805 	 0.1365 	 -0.3665 	 -0.0409 	 0.1338 	 -0.2726 	 -0.0679
1.0521 	 -0.0341 	 0.5160 	 0.4801 	 0.1379 	 -0.3692 	 -0.0416 	 0.1318 	 -0.2763 	 -0.0701
1.0621 	 -0.0327 	 0.5123 	 0.4797 	 0.1392 	 -0.3720 	 -0.0423 	 0.1314 	 -0.2788 	 -0.0721
1.0721 	 -0.0313 	 0.5085 	 0.4793 	 0.1405 	 -0.3748 	 -0.0431 	 0.1319 	 -0.2813 	 -0.0732
1.0822 	 -0.0299 	 0.5047 	 0.4788 	 0.1418 	 -0.3776 	 -0.0438 	 0.1327 	 -0.2843 	 -0.0735
1.0922 	 -0.0285 	 0.5010 	 0.4784 	 0.1432 	 -0.3805 	 -0.0445 	 0.1333 	 -0.2877 	 -0.0737
1.1022 	 -0.0270 	 0.4971 	 0.4779 	 0.1445 	 -0.3834 	 -0.0453 	 0.1338 	 -0.2914 	 -0.0738
1.1122 	 -0.0256 	 0.4933 	 0.4775 	 0.1459 	 -0.3863 	 -0.0460 	 0.1342 	 -0.2952 	 -0.0740
1.1222 	 -0.0241 	 0.4894 	 0.4770 	 0.1472 	 -0.3893 	 -0.0468 	 0.1347 	 -0.2991 	 -0.0743
1.1323 	 -0.0226 	 0.4855 	 0.4765 	 0.1485 	 -0.3923 	 -0.0475 	 0.1350 	 -0.3033 	 -0.0747
1.1423 	 -0.0211 	 0.4815 	 0.4761 	 0.1499 	 -0.3954 	 -0.0483 	 0.1354 	 -0.3077 	 -0.0752
1.1523 	 -0.0196 	 0.4775 	 0.4756 	 0.1513 	 -0.3985 	 -0.0490 	 0.1358 	 -0.3124 	 -0.0760
1.1623 	 -0.0181 	 0.4735 	 0.4751 	 0.1526 	 -0.4017 	 -0.0498 	 0.1362 	 -0.3174 	 -0.0770
1.1723 	 -0.0166 	 0.4695 	 0.4746 	 0.1540 	 -0.4049 	 -0.0506 	 0.1365 	 -0.3227 	 -0.0782
1.1824 	 -0.0150 	 0.4654 	 0.4741 	 0.1554 	 -0.4081 	 -0.0514 	 0.1368 	 -0.3283 	 -0.0797
1.1924 	 -0.0134 	 0.4613 	 0.4735 	 0.1567 	 -0.4115 	 -0.0522 	 0.1370 	 -0.3343 	 -0.0815
1.2024 	 -0.0119 	 0.4572 	 0.4730 	 0.1581 	 -0.4148 	 -0.0530 	 0.1371 	 -0.3408 	 -0.0839
1.2124 	 -0.0103 	 0.4530 	 0.4725 	 0.1595 	 -0.4183 	 -0.0538 	 0.1371 	 -0.3477 	 -0.0867
1.2224 	 -0.0087 	 0.4488 	 0.4719 	 0.1609 	 -0.4218 	 -0.0547 	 0.1368 	 -0.3551 	 -0.0903
1.2325 	 -0.0071 	 0.4445 	 0.4714 	 0.1622 	 -0.4254 	 -0.0557 	 0.1361 	 -0.3629 	 -0.0949
1.2425 	 -0.0054 	 0.4403 	 0.4708 	 0.1636 	 -0.4291 	 -0.0566 	 0.1349 	 -0.3710 	 -0.1005
1.2525 	 -0.0038 	 0.4359 	 0.4702 	 0.1649 	 -0.4328 	 -0.0577 	 0.1330 	 -0.3793 	 -0.1075
1.2625 	 -0.0021 	 0.4316 	 0.4697 	 0.1662 	 -0.4367 	 -0.0588 	 0.1301 	 -0.3874 	 -0.1160
1.2725 	 -0.0004 	 0.4272 	 0.4691 	 0.1675 	 -0.4406 	 -0.0600 	 0.1260 	 -0.3946 	 -0.1262
1.2826 	 0.0012 	 0.4228 	 0.4685 	 0.1688 	 -0.4446 	 -0.0613 	 0.1203 	 -0.4000 	 -0.1378
1.2926 	 0.0029 	 0.4183 	 0.4678 	 0.1699 	 -0.4486 	 -0.0628 	 0.1133 	 -0.4027 	 -0.1501
1.3026 	 0.0046 	 0.4138 	 0.4672 	 0.1710 	 -0.4526 	 -0.0643 	 0.1051 	 -0.4013 	 -0.1617
1.3126 	 0.0064 	 0.4092 	 0.4665 	 0.1720 	 -0.4566 	 -0.0660 	 0.0969 	 -0.3955 	 -0.1703
1.3226 	 0.0081 	 0.4046 	 0.4659 	 0.1730 	 -0.4606 	 -0.0677 	 0.0900 	 -0.3859 	 -0.1737
1.3327 	 0.0098 	 0.4000 	 0.4652 	 0.1739 	 -0.4644 	 -0.0695 	 0.0862 	 -0.3744 	 -0.1702
1.3427 	 0.0116 	 0.3953 	 0.4645 	 0.1747 	 -0.4681 	 -0.0711 	 0.0864 	 -0.3641 	 -0.1598
1.3527 	 0.0133 	 0.3906 	 0.4638 	 0.1756 	 -0.4717 	 -0.0726 	 0.0906 	 -0.3576 	 -0.1441
1.3627 	 0.0151 	 0.3859 	 0.4630 	 0.1765 	 -0.4752 	 -0.0740 	 0.0980 	 -0.3562 	 -0.1257
1.3727 	 0.0169 	 0.3811 	 0.4623 	 0.1776 	 -0.4788 	 -0.0752 	 0.1074 	 -0.3601 	 -0.1067
1.3828 	 0.0187 	 0.3763 	 0.4615 	 0.1787 	 -0.4825 	 -0.0761 	 0.1176 	 -0.3683 	 -0.0887
1.3928 	 0.0205 	 0.3714 	 0.4608 	 0.1799 	 -0.4862 	 -0.0769 	 0.1278 	 -0.3798 	 -0.0723
1.4028 	 0.0223 	 0.3665 	 0.4600 	 0.1813 	 -0.4901 	 -0.0776 	 0.1376 	 -0.3937 	 -0.0577
1.4128 	 0.0241 	 0.3616 	 0.4592 	 0.1827 	 -0.4941 	 -0.0781 	 0.1469 	 -0.4094 	 -0.0446
1.4228 	 0.0259 	 0.3566 	 0.4584 	 0.1842 	 -0.4983 	 -0.0785 	 0.1556 	 -0.4265 	 -0.0328
1.4329 	 0.0278 	 0.3516 	 0.4576 	 0.1858 	 -0.5027 	 -0.0788 	 0.1638 	 -0.4446 	 -0.0219
1.4429 	 0.0296 	 0.3465 	 0.4568 	 0.1875 	 -0.5072 	 -0.0789 	 0.1715 	 -0.4639 	 -0.0115
1.4529 	 0.0315 	 0.3414 	 0.4561 	 0.1892 	 -0.5120 	 -0.0790 	 0.1790 	 -0.4843 	 -0.0014
1.4629 	 0.0334 	 0.3363 	 0.4553 	 0.1911 	 -0.5169 	 -0.0790 	 0.1862 	 -0.5059 	 0.0086
1.4729 	 0.0354 	 0.3311 	 0.4545 	 0.1930 	 -0.5221 	 -0.0788 	 0.1934 	 -0.5290 	 0.0189
1.4830 	 0.0373 	 0.3258 	 0.4537 	 0.1949 	 -0.5275 	 -0.0786 	 0.2005 	 -0.5536 	 0.0295
1.4930 	 0.0393 	 0.3205 	 0.4529 	 0.1970 	 -0.5332 	 -0.0782 	 0.2077 	 -0.5801 	 0.0408
1.5030 	 0.0413 	 0.3151 	 0.4521 	 0.1991 	 -0.5392 	 -0.0778 	 0.2150 	 -0.6088 	 0.0530
1.5130 	 0.0433 	 0.3097 	 0.4513 	 0.2013 	 -0.5454 	 -0.0772 	 0.2227 	 -0.6398 	 0.0663
1.5230 	 0.0453 	 0.3042 	 0.4506 	 0.2036 	 -0.5520 	 -0.0764 	 0.2308 	 -0.6736 	 0.0812
1.5331 	 0.0473 	 0.2986 	 0.4498 	 0.2059 	 -0.5589 	 -0.0755 	 0.2397 	 -0.7108 	 0.0980
1.5431 	 0.0494 	 0.2930 	 0.4491 	 0.2084 	 -0.5662 	 -0.0745 	 0.2496 	 -0.7519 	 0.1175
1.5531 	 0.0515 	 0.2873 	 0.4483 	 0.2109 	 -0.5740 	 -0.0732 	 0.2609 	 -0.7978 	 0.1403
1.5631 	 0.0536 	 0.2815 	 0.4476 	 0.2136 	 -0.5823 	 -0.0716 	 0.2744 	 -0.8498 	 0.1676
1.5731 	 0.0558 	 0.2756 	 0.4469 	 0.2164 	 -0.5911 	 -0.0698 	 0.2908 	 -0.9098 	 0.2009
1.5832 	 0.0580 	 0.2696 	 0.4462 	 0.2195 	 -0.6005 	 -0.0676 	 0.3113 	 -0.9805 	 0.2421
1.5932 	 0.0602 	 0.2636 	 0.4455 	 0.2227 	 -0.6108 	 -0.0649 	 0.3373 	 -1.0660 	 0.2941
1.6032 	 0.0624 	 0.2574 	 0.4449 	 0.2262 	 -0.6220 	 -0.0616 	 0.3709 	 -1.1731 	 0.3609
1.6132 	 0.0647 	 0.2511 	 0.4443 	 0.2302 	 -0.6344 	 -0.0576 	 0.4146 	 -1.3123 	 0.4485
1.6232 	 0.0671 	 0.2447 	 0.4438 	 0.2346 	 -0.6484 	 -0.0525 	 0.4714 	 -1.5012 	 0.5655
1.6333 	 0.0694 	 0.2381 	 0.4433 	 0.2397 	 -0.6647 	 -0.0461 	 0.5451 	 -1.7710 	 0.7259
1.6433 	 0.0719 	 0.2313 	 0.4428 	 0.2456 	 -0.6844 	 -0.0378 	 0.6387 	 -2.1801 	 0.9528
1.6533 	 0.0744 	 0.2243 	 0.4425 	 0.2525 	 -0.7093 	 -0.0267 	 0.7504 	 -2.8500 	 1.2868
1.6633 	 0.0769 	 0.2170 	 0.4423 	 0.2606 	 -0.7433 	 -0.0114 	 0.8502 	 -4.0702 	 1.8048
1.6733 	 0.0796 	 0.2093 	 0.4423 	 0.2689 	 -0.7952 	 0.0105 	 0.7525 	 -6.6895 	 2.6484
1.6834 	 0.0823 	 0.2008 	 0.4426 	 0.2708 	 -0.8919 	 0.0427 	 -0.9773 	 -14.2075 	 3.8353
1.6934 	 0.0843 	 0.1903 	 0.4430 	 0.1818 	 -1.1560 	 0.0568 	 -33.7434 	 -59.0434 	 -8.1794
1.7034 	 0.0679 	 0.1752 	 0.4293 	 -3.5073 	 -1.9450 	 -2.8088 	 2.2022 	 0.3531 	 1.3420
1.7134 	 0.0328 	 0.1557 	 0.4011 	 -3.5018 	 -1.9468 	 -2.8074 	 -0.1605 	 -0.2427 	 -0.4053
1.7234 	 -0.0023 	 0.1362 	 0.3730 	 -3.5080 	 -1.9445 	 -2.8158 	 -1.0483 	 1.1679 	 -1.3288
1.7335 	 -0.0375 	 0.1169 	 0.3447 	 -3.5116 	 -1.9232 	 -2.8250 	 0.5066 	 1.7950 	 -0.1825
1.7435 	 -0.0726 	 0.0976 	 0.3164 	 -3.5063 	 -1.9137 	 -2.8256 	 0.4225 	 0.4114 	 -0.0955
1.7535 	 -0.1078 	 0.0785 	 0.2881 	 -3.5033 	 -1.9117 	 -2.8276 	 0.1876 	 0.0440 	 -0.3151
1.7635 	 -0.1429 	 0.0593 	 0.2597 	 -3.5025 	 -1.9128 	 -2.8327 	 -0.0370 	 -0.3223 	 -0.8078
1.7735 	 -0.1779 	 0.0401 	 0.2312 	 -3.5012 	 -1.9218 	 -2.8511 	 1.1299 	 -1.8717 	 -3.7418
1.7836 	 -0.2128 	 0.0208 	 0.2025 	 -3.4598 	 -1.9314 	 -2.8781 	 3.0185 	 0.3484 	 -0.1180
1.7936 	 -0.2474 	 0.0015 	 0.1737 	 -3.4439 	 -1.9283 	 -2.8770 	 0.8379 	 0.1999 	 0.0974
1.8036 	 -0.2819 	 -0.0179 	 0.1449 	 -3.4378 	 -1.9270 	 -2.8767 	 0.4735 	 0.0797 	 -0.0258
1.8136 	 -0.3163 	 -0.0372 	 0.1160 	 -3.4336 	 -1.9265 	 -2.8773 	 0.3720 	 0.0299 	 -0.0865
1.8236 	 -0.3507 	 -0.0565 	 0.0872 	 -3.4301 	 -1.9264 	 -2.8783 	 0.3369 	 0.0072 	 -0.1207
1.8337 	 -0.3851 	 -0.0758 	 0.0584 	 -3.4268 	 -1.9263 	 -2.8797 	 0.3257 	 -0.0017 	 -0.1451
1.8437 	 -0.4194 	 -0.0951 	 0.0295 	 -3.4235 	 -1.9264 	 -2.8812 	 0.3277 	 -0.0011 	 -0.1687
1.8537 	 -0.4537 	 -0.1144 	 0.0006 	 -3.4202 	 -1.9263 	 -2.8831 	 0.3451 	 0.0096 	 -0.1944
1.8637 	 -0.4879 	 -0.1337 	 -0.0283 	 -3.4165 	 -1.9261 	 -2.8851 	 0.3825 	 0.0335 	 -0.2084
1.8737 	 -0.5221 	 -0.1530 	 -0.0572 	 -3.4125 	 -1.9256 	 -2.8871 	 0.4224 	 0.0655 	 -0.1827
1.8838 	 -0.5563 	 -0.1723 	 -0.0861 	 -3.4082 	 -1.9248 	 -2.8886 	 0.4265 	 0.0861 	 -0.1207
1.8938 	 -0.5904 	 -0.1915 	 -0.1151 	 -3.4041 	 -1.9240 	 -2.8895 	 0.3934 	 0.0876 	 -0.0660
1.9038 	 -0.6245 	 -0.2108 	 -0.1440 	 -3.4003 	 -1.9231 	 -2.8900 	 0.3536 	 0.0807 	 -0.0375
1.9138 	 -0.6586 	 -0.2301 	 -0.1730 	 -3.3969 	 -1.9223 	 -2.8904 	 0.3242 	 0.0751 	 -0.0248
1.9238 	 -0.6926 	 -0.2493 	 -0.2020 	 -3.3938 	 -1.9216 	 -2.8906 	 0.3046 	 0.0738 	 -0.0143
1.9339 	 -0.7266 	 -0.2686 	 -0.2309 	 -3.3908 	 -1.9209 	 -2.8906 	 0.2872 	 0.0750 	 -0.0001
1.9439 	 -0.7606 	 -0.2878 	 -0.2599 	 -3.3880 	 -1.9201 	 -2.8905 	 0.2668 	 0.0759 	 0.0160
1.9539 	 -0.7945 	 -0.3071 	 -0.2888 	 -3.3855 	 -1.9193 	 -2.8903 	 0.2438 	 0.0752 	 0.0294
1.9639 	 -0.8284 	 -0.3263 	 -0.3178 	 -3.3832 	 -1.9186 	 -2.8900 	 0.2210 	 0.0730 	 0.0385
1.9739 	 -0.8623 	 -0.3455 	 -0.3468 	 -3.3811 	 -1.9179 	 -2.8896 	 0.2004 	 0.0700 	 0.0436
1.9840 	 -0.8962 	 -0.3647 	 -0.3757 	 -3.3791 	 -1.9172 	 -2.8891 	 0.1772 	 0.0639 	 0.0508
1.9940 	 -0.9300 	 -0.3839 	 -0.4047 	 -3.3774 	 -1.9166 	 -2.8886 	 0.1619 	 0.0608 	 0.0511
2.0040 	 -0.9638 	 -0.4031 	 -0.4336 	 -3.3759 	 -1.9160 	 -2.8881 	 0.1490 	 0.0580 	 0.0506
2.0140 	 -0.9977 	 -0.4223 	 -0.4625 	 -3.3745 	 -1.9154 	 -2.8876 	 0.1378 	 0.0554 	 0.0495
2.0240 	 -1.0315 	 -0.4415 	 -0.4915 	 -3.3731 	 -1.9149 	 -2.8871 	 0.1281 	 0.0530 	 0.0482
2.0341 	 -1.0653 	 -0.4607 	 -0.5204 	 -3.3719 	 -1.9143 	 -2.8866 	 0.1195 	 0.0508 	 0.0468
2.0441 	 -1.0990 	 -0.4799 	 -0.5493 	 -3.3707 	 -1.9138 	 -2.8861 	 0.1118 	 0.0487 	 0.0453
2.0541 	 -1.1328 	 -0.4991 	 -0.5782 	 -3.3696 	 -1.9134 	 -2.8857 	 0.1049 	 0.0468 	 0.0438
2.0641 	 -1.1666 	 -0.5182 	 -0.6071 	 -3.3686 	 -1.9129 	 -2.8853 	 0.0986 	 0.0450 	 0.0423
2.0741 	 -1.2003 	 -0.5374 	 -0.6361 	 -3.3677 	 -1.9125 	 -2.8849 	 0.0928 	 0.0434 	 0.0409
2.0842 	 -1.2341 	 -0.5566 	 -0.6650 	 -3.3668 	 -1.9120 	 -2.8845 	 0.0875 	 0.0418 	 0.0395
2.0942 	 -1.2678 	 -0.5757 	 -0.6939 	 -3.3659 	 -1.9116 	 -2.8841 	 0.0825 	 0.0402 	 0.0381
2.1042 	 -1.3015 	 -0.5949 	 -0.7228 	 -3.3651 	 -1.9112 	 -2.8837 	 0.0780 	 0.0388 	 0.0368
2.1142 	 -1.3352 	 -0.6140 	 -0.7516 	 -3.3643 	 -1.9109 	 -2.8833 	 0.0737 	 0.0374 	 0.0355
2.1242 	 -1.3689 	 -0.6332 	 -0.7805 	 -3.3636 	 -1.9105 	 -2.8830 	 0.0698 	 0.0361 	 0.0343
2.1343 	 -1.4026 	 -0.6523 	 -0.8094 	 -3.3629 	 -1.9101 	 -2.8826 	 0.0661 	 0.0348 	 0.0331
2.1443 	 -1.4363 	 -0.6714 	 -0.8383 	 -3.3623 	 -1.9098 	 -2.8823 	 0.0627 	 0.0336 	 0.0320
2.1543 	 -1.4700 	 -0.6906 	 -0.8672 	 -3.3617 	 -1.9095 	 -2.8820 	 0.0595 	 0.0324 	 0.0309
2.1643 	 -1.5037 	 -0.7097 	 -0.8961 	 -3.3611 	 -1.9091 	 -2.8817 	 0.0565 	 0.0314 	 0.0298
2.1743 	 -1.5374 	 -0.7288 	 -0.9249 	 -3.3606 	 -1.9088 	 -2.8814 	 0.0537 	 0.0304 	 0.0288
2.1844 	 -1.5710 	 -0.7480 	 -0.9538 	 -3.3600 	 -1.9085 	 -2.8811 	 0.0511 	 0.0294 	 0.0278
2.1944 	 -1.6047 	 -0.7671 	 -0.9827 	 -3.3595 	 -1.9082 	 -2.8808 	 0.0487 	 0.0285 	 0.0269
2.2044 	 -1.6384 	 -0.7862 	 -1.0115 	 -3.3591 	 -1.9080 	 -2.8806 	 0.0464 	 0.0277 	 0.0260
2.2144 	 -1.6720 	 -0.8053 	 -1.0404 	 -3.3586 	 -1.9077 	 -2.8803 	 0.0444 	 0.0269 	 0.0251
2.2244 	 -1.7057 	 -0.8244 	 -1.0693 	 -3.3582 	 -1.9074 	 -2.8801 	 0.0425 	 0.0261 	 0.0242
2.2345 	 -1.7393 	 -0.8435 	 -1.0981 	 -3.3578 	 -1.9072 	 -2.8798 	 0.0407 	 0.0254 	 0.0234
2.2445 	 -1.7730 	 -0.8627 	 -1.1270 	 -3.3574 	 -1.9069 	 -2.8796 	 0.0391 	 0.0248 	 0.0225
2.2545 	 -1.8066 	 -0.8818 	 -1.1558 	 -3.3570 	 -1.9067 	 -2.8794 	 0.0377 	 0.0241 	 0.0217
2.2645 	 -1.8402 	 -0.9009 	 -1.1847 	 -3.3566 	 -1.9064 	 -2.8792 	 0.0364 	 0.0235 	 0.0209
2.2745 	 -1.8739 	 -0.9200 	 -1.2135 	 -3.3562 	 -1.9062 	 -2.8790 	 0.0352 	 0.0230 	 0.0202
2.2846 	 -1.9075 	 -0.9391 	 -1.2424 	 -3.3559 	 -1.9060 	 -2.8788 	 0.0341 	 0.0224 	 0.0194
2.2946 	 -1.9411 	 -0.9582 	 -1.2712 	 -3.3556 	 -1.9057 	 -2.8786 	 0.0332 	 0.0219 	 0.0186
2.3046 	 -1.9747 	 -0.9773 	 -1.3001 	 -3.3552 	 -1.9055 	 -2.8784 	 0.0323 	 0.0214 	 0.0179
2.3146 	 -2.0084 	 -0.9964 	 -1.3289 	 -3.3549 	 -1.9053 	 -2.8782 	 0.0315 	 0.0209 	 0.0172
2.3246 	 -2.0420 	 -1.0154 	 -1.3577 	 -3.3546 	 -1.9051 	 -2.8780 	 0.0308 	 0.0204 	 0.0164
2.3347 	 -2.0756 	 -1.0345 	 -1.3866 	 -3.3543 	 -1.9049 	 -2.8779 	 0.0302 	 0.0200 	 0.0158
2.3447 	 -2.1092 	 -1.0536 	 -1.4154 	 -3.3540 	 -1.9047 	 -2.8777 	 0.0296 	 0.0195 	 0.0151
2.3547 	 -2.1428 	 -1.0727 	 -1.4442 	 -3.3537 	 -1.9045 	 -2.8776 	 0.0291 	 0.0191 	 0.0145
2.3647 	 -2.1764 	 -1.0918 	 -1.4731 	 -3.3534 	 -1.9043 	 -2.8774 	 0.0286 	 0.0187 	 0.0139
2.3747 	 -2.2100 	 -1.1109 	 -1.5019 	 -3.3531 	 -1.9041 	 -2.8773 	 0.0281 	 0.0183 	 0.0133
2.3848 	 -2.2436 	 -1.1299 	 -1.5307 	 -3.3528 	 -1.9040 	 -2.8772 	 0.0277 	 0.0180 	 0.0128
2.3948 	 -2.2772 	 -1.1490 	 -1.5596 	 -3.3526 	 -1.9038 	 -2.8770 	 0.0273 	 0.0176 	 0.0124
2.4048 	 -2.3108 	 -1.1681 	 -1.5884 	 -3.3523 	 -1.9036 	 -2.8769 	 0.0269 	 0.0173 	 0.0120
2.4148 	 -2.3444 	 -1.1872 	 -1.6172 	 -3.3520 	 -1.9034 	 -2.8768 	 0.0265 	 0.0170 	 0.0116
2.4248 	 -2.3780 	 -1.2062 	 -1.6460 	 -3.3518 	 -1.9033 	 -2.8767 	 0.0262 	 0.0166 	 0.0113
2.4349 	 -2.4115 	 -1.2253 	 -1.6749 	 -3.3515 	 -1.9031 	 -2.8766 	 0.0258 	 0.0163 	 0.0110
2.4449 	 -2.4451 	 -1.2444 	 -1.7037 	 -3.3512 	 -1.9029 	 -2.8765 	 0.0254 	 0.0160 	 0.0108
2.4549 	 -2.4787 	 -1.2634 	 -1.7325 	 -3.3510 	 -1.9028 	 -2.8764 	 0.0250 	 0.0157 	 0.0106
2.4649 	 -2.5123 	 -1.2825 	 -1.7613 	 -3.3507 	 -1.9026 	 -2.8763 	 0.0246 	 0.0153 	 0.0105
2.4749 	 -2.5459 	 -1.3016 	 -1.7902 	 -3.3505 	 -1.9025 	 -2.8762 	 0.0242 	 0.0150 	 0.0104
2.4850 	 -2.5794 	 -1.3206 	 -1.8190 	 -3.3503 	 -1.9023 	 -2.8761 	 0.0237 	 0.0147 	 0.0103
2.4950 	 -2.6130 	 -1.3397 	 -1.8478 	 -3.3500 	 -1.9022 	 -2.8759 	 0.0233 	 0.0143 	 0.0102
2.5050 	 -2.6466 	 -1.3588 	 -1.8766 	 -3.3498 	 -1.9020 	 -2.8758 	 0.0228 	 0.0140 	 0.0102
2.5150 	 -2.6801 	 -1.3778 	 -1.9054 	 -3.3496 	 -1.9019 	 -2.8757 	 0.0224 	 0.0137 	 0.0101
2.5251 	 -2.7137 	 -1.3969 	 -1.9342 	 -3.3493 	 -1.9018 	 -2.8756 	 0.0219 	 0.0133 	 0.0101
2.5351 	 -2.7472 	 -1.4159 	 -1.9630 	 -3.3491 	 -1.9016 	 -2.8755 	 0.0214 	 0.0130 	 0.0100
2.5451 	 -2.7808 	 -1.4350 	 -1.9919 	 -3.3489 	 -1.9015 	 -2.8754 	 0.0209 	 0.0126 	 0.0100
2.5551 	 -2.8144 	 -1.4540 	 -2.0207 	 -3.3487 	 -1.9014 	 -2.8753 	 0.0204 	 0.0123 	 0.0099
2.5651 	 -2.8479 	 -1.4731 	 -2.0495 	 -3.3485 	 -1.9013 	 -2.8752 	 0.0199 	 0.0120 	 0.0099
2.5752 	 -2.8815 	 -1.4921 	 -2.0783 	 -3.3483 	 -1.9011 	 -2.8751 	 0.0195 	 0.0116 	 0.0098
2.5852 	 -2.9150 	 -1.5112 	 -2.1071 	 -3.3481 	 -1.9010 	 -2.8750 	 0.0190 	 0.0113 	 0.0098
2.5952 	 -2.9486 	 -1.5302 	 -2.1359 	 -3.3479 	 -1.9009 	 -2.8749 	 0.0185 	 0.0110 	 0.0097
2.6052 	 -2.9821 	 -1.5493 	 -2.1647 	 -3.3477 	 -1.9008 	 -2.8749 	 0.0180 	 0.0107 	 0.0096
2.6152 	 -3.0156 	 -1.5683 	 -2.1935 	 -3.3476 	 -1.9007 	 -2.8748 	 0.0176 	 0.0104 	 0.0095
2.6253 	 -3.0492 	 -1.5874 	 -2.2223 	 -3.3474 	 -1.9006 	 -2.8747 	 0.0171 	 0.0101 	 0.0094
2.6353 	 -3.0827 	 -1.6064 	 -2.2511 	 -3.3472 	 -1.9005 	 -2.8746 	 0.0167 	 0.0098 	 0.0093
2.6453 	 -3.1163 	 -1.6254 	 -2.2799 	 -3.3471 	 -1.9004 	 -2.8745 	 0.0163 	 0.0095 	 0.0092
2.6553 	 -3.1498 	 -1.6445 	 -2.3087 	 -3.3469 	 -1.9003 	 -2.8744 	 0.0159 	 0.0093 	 0.0091
2.6653 	 -3.1833 	 -1.6635 	 -2.3375 	 -3.3467 	 -1.9002 	 -2.8743 	 0.0155 	 0.0090 	 0.0090
2.6754 	 -3.2169 	 -1.6826 	 -2.3663 	 -3.3466 	 -1.9001 	 -2.8742 	 0.0151 	 0.0088 	 0.0089
2.6854 	 -3.2504 	 -1.7016 	 -2.3951 	 -3.3464 	 -1.9000 	 -2.8741 	 0.0147 	 0.0085 	 0.0087
2.6954 	 -3.2839 	 -1.7206 	 -2.4239 	 -3.3463 	 -1.8999 	 -2.8740 	 0.0144 	 0.0083 	 0.0086
2.7054 	 -3.3175 	 -1.7397 	 -2.4527 	 -3.3462 	 -1.8999 	 -2.8739 	 0.0140 	 0.0081 	 0.0085
2.7154 	 -3.3510 	 -1.7587 	 -2.4815 	 -3.3460 	 -1.8998 	 -2.8739 	 0.0137 	 0.0079 	 0.0084
2.7255 	 -3.3845 	 -1.7778 	 -2.5103 	 -3.3459 	 -1.8997 	 -2.8738 	 0.0133 	 0.0077 	 0.0082
2.7355 	 -3.4180 	 -1.7968 	 -2.5391 	 -3.3457 	 -1.8996 	 -2.8737 	 0.0130 	 0.0075 	 0.0081
2.7455 	 -3.4516 	 -1.8158 	 -2.5679 	 -3.3456 	 -1.8996 	 -2.8736 	 0.0127 	 0.0073 	 0.0080
2.7555 	 -3.4851 	 -1.8349 	 -2.5967 	 -3.3455 	 -1.8995 	 -2.8735 	 0.0124 	 0.0071 	 0.0079
2.7655 	 -3.5186 	 -1.8539 	 -2.6255 	 -3.3454 	 -1.8994 	 -2.8735 	 0.0121 	 0.0069 	 0.0077
2.7756 	 -3.5521 	 -1.8729 	 -2.6543 	 -3.3452 	 -1.8993 	 -2.8734 	 0.0119 	 0.0068 	 0.0076
2.7856 	 -3.5857 	 -1.8920 	 -2.6831 	 -3.3451 	 -1.8993 	 -2.8733 	 0.0116 	 0.0066 	 0.0075
2.7956 	 -3.6192 	 -1.9110 	 -2.7119 	 -3.3450 	 -1.8992 	 -2.8732 	 0.0113 	 0.0065 	 0.0074
2.8056 	 -3.6527 	 -1.9300 	 -2.7407 	 -3.3449 	 -1.8991 	 -2.8732 	 0.0111 	 0.0063 	 0.0073
2.8156 	 -3.6862 	 -1.9490 	 -2.7694 	 -3.3448 	 -1.8991 	 -2.8731 	 0.0108 	 0.0062 	 0.0071
2.8257 	 -3.7197 	 -1.9681 	 -2.7982 	 -3.3447 	 -1.8990 	 -2.8730 	 0.0106 	 0.0060 	 0.0070
2.8357 	 -3.7532 	 -1.9871 	 -2.8270 	 -3.3446 	 -1.8990 	 -2.8729 	 0.0104 	 0.0059 	 0.0069
2.8457 	 -3.7867 	 -2.0061 	 -2.8558 	 -3.3445 	 -1.8989 	 -2.8729 	 0.0102 	 0.0058 	 0.0068
2.8557 	 -3.8203 	 -2.0252 	 -2.8846 	 -3.3444 	 -1.8988 	 -2.8728 	 0.0100 	 0.0056 	 0.0067
2.8657 	 -3.8538 	 -2.0442 	 -2.9134 	 -3.3443 	 -1.8988 	 -2.8727 	 0.0097 	 0.0055 	 0.0066
2.8758 	 -3.8873 	 -2.0632 	 -2.9422 	 -3.3442 	 -1.8987 	 -2.8727 	 0.0096 	 0.0054 	 0.0065
2.8858 	 -3.9208 	 -2.0822 	 -2.9710 	 -3.3441 	 -1.8987 	 -2.8726 	 0.0094 	 0.0053 	 0.0064
2.8958 	 -3.9543 	 -2.1013 	 -2.9997 	 -3.3440 	 -1.8986 	 -2.8725 	 0.0092 	 0.0052 	 0.0063
2.9058 	 -3.9878 	 -2.1203 	 -3.0285 	 -3.3439 	 -1.8986 	 -2.8725 	 0.0090 	 0.0051 	 0.0062
2.9158 	 -4.0213 	 -2.1393 	 -3.0573 	 -3.3438 	 -1.8985 	 -2.8724 	 0.0088 	 0.0050 	 0.0061
2.9259 	 -4.0548 	 -2.1583 	 -3.0861 	 -3.3437 	 -1.8985 	 -2.8724 	 0.0087 	 0.0049 	 0.0060
2.9359 	 -4.0883 	 -2.1773 	 -3.1149 	 -3.3436 	 -1.8984 	 -2.8723 	 0.0085 	 0.0048 	 0.0059
2.9459 	 -4.1218 	 -2.1964 	 -3.1436 	 -3.3436 	 -1.8984 	 -2.8722 	 0.0083 	 0.0047 	 0.0058
2.9559 	 -4.1553 	 -2.2154 	 -3.1724 	 -3.3435 	 -1.8983 	 -2.8722 	 0.0082 	 0.0046 	 0.0057
2.9659 	 -4.1888 	 -2.2344 	 -3.2012 	 -3.3434 	 -1.8983 	 -2.8721 	 0.0080 	 0.0045 	 0.0056
2.9760 	 -4.2223 	 -2.2534 	 -3.2300 	 -3.3433 	 -1.8982 	 -2.8721 	 0.0079 	 0.0044 	 0.0055
2.9860 	 -4.2558 	 -2.2725 	 -3.2588 	 -3.3432 	 -1.8982 	 -2.8720 	 0.0077 	 0.0044 	 0.0054
2.9960 	 -4.2893 	 -2.2915 	 -3.2875 	 -3.3432 	 -1.8982 	 -2.8720 	 0.0076 	 0.0043 	 0.0054
3.0060 	 -4.3228 	 -2.3105 	 -3.3163 	 -3.3431 	 -1.8981 	 -2.8719 	 0.0075 	 0.0042 	 0.0053
3.0160 	 -4.3563 	 -2.3295 	 -3.3451 	 -3.3430 	 -1.8981 	 -2.8719 	 0.0073 	 0.0041 	 0.0052
3.0261 	 -4.3898 	 -2.3485 	 -3.3739 	 -3.3429 	 -1.8980 	 -2.8718 	 0.0072 	 0.0040 	 0.0051
3.0361 	 -4.4233 	 -2.3676 	 -3.4026 	 -3.3429 	 -1.8980 	 -2.8718 	 0.0071 	 0.0040 	 0.0050
3.0461 	 -4.4568 	 -2.3866 	 -3.4314 	 -3.3428 	 -1.8980 	 -2.8717 	 0.0070 	 0.0039 	 0.0050
3.0561 	 -4.4903 	 -2.4056 	 -3.4602 	 -3.3427 	 -1.8979 	 -2.8717 	 0.0068 	 0.0038 	 0.0049
3.0661 	 -4.5238 	 -2.4246 	 -3.4890 	 -3.3427 	 -1.8979 	 -2.8716 	 0.0067 	 0.0038 	 0.0048
3.0762 	 -4.5573 	 -2.4436 	 -3.5177 	 -3.3426 	 -1.8978 	 -2.8716 	 0.0066 	 0.0037 	 0.0048
3.0862 	 -4.5908 	 -2.4626 	 -3.5465 	 -3.3425 	 -1.8978 	 -2.8715 	 0.0065 	 0.0037 	 0.0047
3.0962 	 -4.6243 	 -2.4817 	 -3.5753 	 -3.3425 	 -1.8978 	 -2.8715 	 0.0064 	 0.0036 	 0.0046
3.1062 	 -4.6578 	 -2.5007 	 -3.6041 	 -3.3424 	 -1.8977 	 -2.8714 	 0.0063 	 0.0035 	 0.0046
3.1162 	 -4.6912 	 -2.5197 	 -3.6328 	 -3.3423 	 -1.8977 	 -2.8714 	 0.0062 	 0.0035 	 0.0045
3.1263 	 -4.7247 	 -2.5387 	 -3.6616 	 -3.3423 	 -1.8977 	 -2.8713 	 0.0061 	 0.0034 	 0.0044
3.1363 	 -4.7582 	 -2.5577 	 -3.6904 	 -3.3422 	 -1.8976 	 -2.8713 	 0.0060 	 0.0034 	 0.0044
3.1463 	 -4.7917 	 -2.5767 	 -3.7191 	 -3.3422 	 -1.8976 	 -2.8712 	 0.0059 	 0.0033 	 0.0043
3.1563 	 -4.8252 	 -2.5957 	 -3.7479 	 -3.3421 	 -1.8976 	 -2.8712 	 0.0058 	 0.0033 	 0.0042
3.1663 	 -4.8587 	 -2.6148 	 -3.7767 	 -3.3420 	 -1.8975 	 -2.8712 	 0.0057 	 0.0032 	 0.0042
3.1764 	 -4.8922 	 -2.6338 	 -3.8054 	 -3.3420 	 -1.8975 	 -2.8711 	 0.0057 	 0.0032 	 0.0041
3.1864 	 -4.9257 	 -2.6528 	 -3.8342 	 -3.3419 	 -1.8975 	 -2.8711 	 0.0056 	 0.0031 	 0.0041
3.1964 	 -4.9592 	 -2.6718 	 -3.8630 	 -3.3419 	 -1.8974 	 -2.8710 	 0.0055 	 0.0031 	 0.0040
3.2064 	 -4.9926 	 -2.6908 	 -3.8917 	 -3.3418 	 -1.8974 	 -2.8710 	 0.0054 	 0.0030 	 0.0040
3.2164 	 -5.0261 	 -2.7098 	 -3.9205 	 -3.3418 	 -1.8974 	 -2.8710 	 0.0053 	 0.0030 	 0.0039
3.2265 	 -5.0596 	 -2.7288 	 -3.9493 	 -3.3417 	 -1.8973 	 -2.8709 	 0.0052 	 0.0029 	 0.0039
3.2365 	 -5.0931 	 -2.7478 	 -3.9780 	 -3.3417 	 -1.8973 	 -2.8709 	 0.0052 	 0.0029 	 0.0038
3.2465 	 -5.1266 	 -2.7668 	 -4.0068 	 -3.3416 	 -1.8973 	 -2.8708 	 0.0051 	 0.0029 	 0.0038
3.2565 	 -5.1601 	 -2.7859 	 -4.0356 	 -3.3416 	 -1.8973 	 -2.8708 	 0.0050 	 0.0028 	 0.0037
3.2665 	 -5.1935 	 -2.8049 	 -4.0643 	 -3.3415 	 -1.8972 	 -2.8708 	 0.0050 	 0.0028 	 0.0037
3.2766 	 -5.2270 	 -2.8239 	 -4.0931 	 -3.3415 	 -1.8972 	 -2.8707 	 0.0047 	 0.0026 	 0.0035
3.2866 	 -5.2605 	 -2.8429 	 -4.1219 	 -3.3414 	 -1.8972 	 -2.8707 	 0.0047 	 0.0026 	 0.0035
3.2966 	 -5.2940 	 -2.8619 	 -4.1506 	 -3.3414 	 -1.8972 	 -2.8707 	 0.0046 	 0.0026 	 0.0034
3.3066 	 -5.3275 	 -2.8809 	 -4.1794 	 -3.3413 	 -1.8971 	 -2.8706 	 0.0045 	 0.0025 	 0.0034
3.3166 	 -5.3609 	 -2.8999 	 -4.2082 	 -3.3413 	 -1.8971 	 -2.8706 	 0.0045 	 0.0025 	 0.0033
3.3267 	 -5.3944 	 -2.9189 	 -4.2369 	 -3.3412 	 -1.8971 	 -2.8706 	 0.0044 	 0.0025 	 0.0033
3.3367 	 -5.4279 	 -2.9379 	 -4.2657 	 -3.3412 	 -1.8970 	 -2.8705 	 0.0044 	 0.0024 	 0.0033
3.3467 	 -5.4614 	 -2.9569 	 -4.2945 	 -3.3411 	 -1.8970 	 -2.8705 	 0.0043 	 0.0024 	 0.0032
3.3567 	 -5.4949 	 -2.9760 	 -4.3232 	 -3.3411 	 -1.8970 	 -2.8705 	 0.0042 	 0.0024 	 0.0032
3.3667 	 -5.5283 	 -2.9950 	 -4.3520 	 -3.3410 	 -1.8970 	 -2.8704 	 0.0042 	 0.0024 	 0.0031
3.3768 	 -5.5618 	 -3.0140 	 -4.3807 	 -3.3410 	 -1.8970 	 -2.8704 	 0.0041 	 0.0023 	 0.0031
3.3868 	 -5.5953 	 -3.0330 	 -4.4095 	 -3.3410 	 -1.8969 	 -2.8704 	 0.0041 	 0.0023 	 0.0031
3.3968 	 -5.6288 	 -3.0520 	 -4.4383 	 -3.3409 	 -1.8969 	 -2.8703 	 0.0040 	 0.0023 	 0.0030
3.4068 	 -5.6622 	 -3.0710 	 -4.4670 	 -3.3409 	 -1.8969 	 -2.8703 	 0.0040 	 0.0022 	 0.0030
3.4168 	 -5.6957 	 -3.0900 	 -4.4958 	 -3.3408 	 -1.8969 	 -2.8703 	 0.0039 	 0.0022 	 0.0029
3.4269 	 -5.7292 	 -3.1090 	 -4.5245 	 -3.3408 	 -1.8968 	 -2.8702 	 0.0039 	 0.0022 	 0.0029
3.4369 	 -5.7627 	 -3.1280 	 -4.5533 	 -3.3408 	 -1.8968 	 -2.8702 	 0.0038 	 0.0022 	 0.0029
3.4469 	 -5.7961 	 -3.1470 	 -4.5821 	 -3.3407 	 -1.8968 	 -2.8702 	 0.0038 	 0.0021 	 0.0028
3.4569 	 -5.8296 	 -3.1660 	 -4.6108 	 -3.3407 	 -1.8968 	 -2.8702 	 0.0037 	 0.0021 	 0.0028
3.4669 	 -5.8631 	 -3.1850 	 -4.6396 	 -3.3407 	 -1.8968 	 -2.8701 	 0.0037 	 0.0021 	 0.0028
3.4770 	 -5.8966 	 -3.2040 	 -4.6683 	 -3.3406 	 -1.8967 	 -2.8701 	 0.0037 	 0.0020 	 0.0028
3.4870 	 -5.9300 	 -3.2230 	 -4.6971 	 -3.3406 	 -1.8967 	 -2.8701 	 0.0036 	 0.0020 	 0.0027
3.4970 	 -5.9635 	 -3.2420 	 -4.7259 	 -3.3405 	 -1.8967 	 -2.8700 	 0.0036 	 0.0020 	 0.0027
3.5070 	 -5.9970 	 -3.2610 	 -4.7546 	 -3.3405 	 -1.8967 	 -2.8700 	 0.0035 	 0.0020 	 0.0027
3.5170 	 -6.0305 	 -3.2801 	 -4.7834 	 -3.3405 	 -1.8967 	 -2.8700 	 0.0035 	 0.0020 	 0.0026
3.5271 	 -6.0639 	 -3.2991 	 -4.8121 	 -3.3404 	 -1.8966 	 -2.8700 	 0.0034 	 0.0019 	 0.0026
3.5371 	 -6.0974 	 -3.3181 	 -4.8409 	 -3.3404 	 -1.8966 	 -2.8699 	 0.0034 	 0.0019 	 0.0026
3.5471 	 -6.1309 	 -3.3371 	 -4.8696 	 -3.3404 	 -1.8966 	 -2.8699 	 0.0034 	 0.0019 	 0.0025
3.5571 	 -6.1643 	 -3.3561 	 -4.8984 	 -3.3403 	 -1.8966 	 -2.8699 	 0.0033 	 0.0019 	 0.0025
3.5671 	 -6.1978 	 -3.3751 	 -4.9272 	 -3.3403 	 -1.8966 	 -2.8699 	 0.0033 	 0.0018 	 0.0025
3.5772 	 -6.2313 	 -3.3941 	 -4.9559 	 -3.3403 	 -1.8965 	 -2.8698 	 0.0032 	 0.0018 	 0.0025
3.5872 	 -6.2647 	 -3.4131 	 -4.9847 	 -3.3402 	 -1.8965 	 -2.8698 	 0.0032 	 0.0018 	 0.0024
3.5972 	 -6.2982 	 -3.4321 	 -5.0134 	 -3.3402 	 -1.8965 	 -2.8698 	 0.0032 	 0.0018 	 0.0024
3.6072 	 -6.3317 	 -3.4511 	 -5.0422 	 -3.3402 	 -1.8965 	 -2.8698 	 0.0031 	 0.0018 	 0.0024
3.6172 	 -6.3652 	 -3.4701 	 -5.0709 	 -3.3401 	 -1.8965 	 -2.8697 	 0.0031 	 0.0017 	 0.0024
3.6273 	 -6.3986 	 -3.4891 	 -5.0997 	 -3.3401 	 -1.8965 	 -2.8697 	 0.0031 	 0.0017 	 0.0023
3.6373 	 -6.4321 	 -3.5081 	 -5.1284 	 -3.3401 	 -1.8964 	 -2.8697 	 0.0030 	 0.0017 	 0.0023
3.6473 	 -6.4656 	 -3.5271 	 -5.1572 	 -3.3401 	 -1.8964 	 -2.8697 	 0.0030 	 0.0017 	 0.0023
3.6573 	 -6.4990 	 -3.5461 	 -5.1860 	 -3.3400 	 -1.8964 	 -2.8697 	 0.0030 	 0.0017 	 0.0023
3.6673 	 -6.5325 	 -3.5651 	 -5.2147 	 -3.3400 	 -1.8964 	 -2.8696 	 0.0029 	 0.0017 	 0.0022
3.6774 	 -6.5660 	 -3.5841 	 -5.2435 	 -3.3400 	 -1.8964 	 -2.8696 	 0.0029 	 0.0016 	 0.0022
3.6874 	 -6.5994 	 -3.6031 	 -5.2722 	 -3.3399 	 -1.8964 	 -2.8696 	 0.0029 	 0.0016 	 0.0022
3.6974 	 -6.6329 	 -3.6221 	 -5.3010 	 -3.3399 	 -1.8963 	 -2.8696 	 0.0028 	 0.0016 	 0.0022
3.7074 	 -6.6664 	 -3.6411 	 -5.3297 	 -3.3399 	 -1.8963 	 -2.8695 	 0.0028 	 0.0016 	 0.0021
3.7174 	 -6.6998 	 -3.6601 	 -5.3585 	 -3.3399 	 -1.8963 	 -2.8695 	 0.0028 	 0.0016 	 0.0021
3.7275 	 -6.7333 	 -3.6791 	 -5.3872 	 -3.3398 	 -1.8963 	 -2.8695 	 0.0028 	 0.0016 	 0.0021
3.7375 	 -6.7668 	 -3.6981 	 -5.4160 	 -3.3398 	 -1.8963 	 -2.8695 	 0.0027 	 0.0015 	 0.0021
3.7475 	 -6.8002 	 -3.7171 	 -5.4447 	 -3.3398 	 -1.8963 	 -2.8695 	 0.0027 	 0.0015 	 0.0021
3.7575 	 -6.8337 	 -3.7361 	 -5.4735 	 -3.3397 	 -1.8962 	 -2.8694 	 0.0027 	 0.0015 	 0.0020
3.7675 	 -6.8671 	 -3.7551 	 -5.5022 	 -3.3397 	 -1.8962 	 -2.8694 	 0.0026 	 0.0015 	 0.0020
3.7776 	 -6.9006 	 -3.7741 	 -5.5310 	 -3.3397 	 -1.8962 	 -2.8694 	 0.0026 	 0.0015 	 0.0020
3.7876 	 -6.9341 	 -3.7931 	 -5.5597 	 -3.3397 	 -1.8962 	 -2.8694 	 0.0026 	 0.0015 	 0.0020
3.7976 	 -6.9675 	 -3.8121 	 -5.5885 	 -3.3396 	 -1.8962 	 -2.8694 	 0.0026 	 0.0014 	 0.0020
3.8076 	 -7.0010 	 -3.8311 	 -5.6172 	 -3.3396 	 -1.8962 	 -2.8693 	 0.0025 	 0.0014 	 0.0019
3.8176 	 -7.0345 	 -3.8501 	 -5.6460 	 -3.3396 	 -1.8962 	 -2.8693 	 0.0025 	 0.0014 	 0.0019
3.8277 	 -7.0679 	 -3.8691 	 -5.6747 	 -3.3396 	 -1.8961 	 -2.8693 	 0.0025 	 0.0014 	 0.0019
3.8377 	 -7.1014 	 -3.8881 	 -5.7035 	 -3.3395 	 -1.8961 	 -2.8693 	 0.0025 	 0.0014 	 0.0019
3.8477 	 -7.1348 	 -3.9071 	 -5.7322 	 -3.3395 	 -1.8961 	 -2.8693 	 0.0024 	 0.0014 	 0.0019
3.8577 	 -7.1683 	 -3.9261 	 -5.7610 	 -3.3395 	 -1.8961 	 -2.8692 	 0.0024 	 0.0014 	 0.0019
3.8677 	 -7.2018 	 -3.9451 	 -5.7897 	 -3.3395 	 -1.8961 	 -2.8692 	 0.0024 	 0.0013 	 0.0018
3.8778 	 -7.2352 	 -3.9641 	 -5.8185 	 -3.3394 	 -1.8961 	 -2.8692 	 0.0024 	 0.0013 	 0.0018
3.8878 	 -7.2687 	 -3.9831 	 -5.8472 	 -3.3394 	 -1.8961 	 -2.8692 	 0.0023 	 0.0013 	 0.0018
3.8978 	 -7.3022 	 -4.0021 	 -5.8760 	 -3.3394 	 -1.8960 	 -2.8692 	 0.0023 	 0.0013 	 0.0018
3.9078 	 -7.3356 	 -4.0211 	 -5.9047 	 -3.3394 	 -1.8960 	 -2.8692 	 0.0023 	 0.0013 	 0.0018
3.9178 	 -7.3691 	 -4.0401 	 -5.9335 	 -3.3393 	 -1.8960 	 -2.8691 	 0.0023 	 0.0013 	 0.0018
3.9279 	 -7.4025 	 -4.0591 	 -5.9622 	 -3.3393 	 -1.8960 	 -2.8691 	 0.0023 	 0.0013 	 0.0017
3.9379 	 -7.4360 	 -4.0781 	 -5.9910 	 -3.3393 	 -1.8960 	 -2.8691 	 0.0022 	 0.0013 	 0.0017
3.9479 	 -7.4695 	 -4.0971 	 -6.0197 	 -3.3393 	 -1.8960 	 -2.8691 	 0.0022 	 0.0013 	 0.0017
3.9579 	 -7.5029 	 -4.1161 	 -6.0485 	 -3.3393 	 -1.8960 	 -2.8691 	 0.0022 	 0.0012 	 0.0017
3.9679 	 -7.5364 	 -4.1351 	 -6.0772 	 -3.3392 	 -1.8960 	 -2.8690 	 0.0022 	 0.0012 	 0.0017
3.9780 	 -7.5698 	 -4.1541 	 -6.1060 	 -3.3392 	 -1.8959 	 -2.8690 	 0.0022 	 0.0012 	 0.0017
3.9880 	 -7.6033 	 -4.1731 	 -6.1347 	 -3.3392 	 -1.8959 	 -2.8690 	 0.0021 	 0.0012 	 0.0016
3.9980 	 -7.6368 	 -4.1921 	 -6.1635 	 -3.3392 	 -1.8959 	 -2.8690 	 0.0021 	 0.0012 	 0.0016
4.0080 	 -7.6702 	 -4.2111 	 -6.1922 	 -3.3391 	 -1.8959 	 -2.8690 	 0.0021 	 0.0012 	 0.0016
4.0180 	 -7.7037 	 -4.2301 	 -6.2210 	 -3.3391 	 -1.8959 	 -2.8690 	 0.0021 	 0.0012 	 0.0016
4.0281 	 -7.7371 	 -4.2491 	 -6.2497 	 -3.3391 	 -1.8959 	 -2.8690 	 0.0021 	 0.0012 	 0.0016
4.0381 	 -7.7706 	 -4.2681 	 -6.2785 	 -3.3391 	 -1.8959 	 -2.8689 	 0.0020 	 0.0012 	 0.0016
4.0481 	 -7.8040 	 -4.2871 	 -6.3072 	 -3.3391 	 -1.8959 	 -2.8689 	 0.0020 	 0.0011 	 0.0016
4.0581 	 -7.8375 	 -4.3061 	 -6.3360 	 -3.3390 	 -1.8959 	 -2.8689 	 0.0020 	 0.0011 	 0.0015
4.0681 	 -7.8710 	 -4.3251 	 -6.3647 	 -3.3390 	 -1.8958 	 -2.8689 	 0.0020 	 0.0011 	 0.0015
4.0782 	 -7.9044 	 -4.3441 	 -6.3934 	 -3.3390 	 -1.8958 	 -2.8689 	 0.0020 	 0.0011 	 0.0015
4.0882 	 -7.9379 	 -4.3631 	 -6.4222 	 -3.3390 	 -1.8958 	 -2.8689 	 0.0020 	 0.0011 	 0.0015
4.0982 	 -7.9713 	 -4.3820 	 -6.4509 	 -3.3390 	 -1.8958 	 -2.8688 	 0.0019 	 0.0011 	 0.0015
4.1082 	 -8.0048 	 -4.4010 	 -6.4797 	 -3.3389 	 -1.8958 	 -2.8688 	 0.0019 	 0.0011 	 0.0015
4.1182 	 -8.0382 	 -4.4200 	 -6.5084 	 -3.3389 	 -1.8958 	 -2.8688 	 0.0019 	 0.0011 	 0.0015
4.1283 	 -8.0717 	 -4.4390 	 -6.5372 	 -3.3389 	 -1.8958 	 -2.8688 	 0.0019 	 0.0011 	 0.0015
4.1383 	 -8.1052 	 -4.4580 	 -6.5659 	 -3.3389 	 -1.8958 	 -2.8688 	 0.0019 	 0.0011 	 0.0014
4.1483 	 -8.1386 	 -4.4770 	 -6.5947 	 -3.3389 	 -1.8958 	 -2.8688 	 0.0019 	 0.0011 	 0.0014
4.1583 	 -8.1721 	 -4.4960 	 -6.6234 	 -3.3389 	 -1.8957 	 -2.8688 	 0.0018 	 0.0010 	 0.0014
4.1683 	 -8.2055 	 -4.5150 	 -6.6522 	 -3.3388 	 -1.8957 	 -2.8687 	 0.0018 	 0.0010 	 0.0014
4.1784 	 -8.2390 	 -4.5340 	 -6.6809 	 -3.3388 	 -1.8957 	 -2.8687 	 0.0018 	 0.0010 	 0.0014
4.1884 	 -8.2724 	 -4.5530 	 -6.7096 	 -3.3388 	 -1.8957 	 -2.8687 	 0.0018 	 0.0010 	 0.0014
4.1984 	 -8.3059 	 -4.5720 	 -6.7384 	 -3.3388 	 -1.8957 	 -2.8687 	 0.0018 	 0.0010 	 0.0014
4.2084 	 -8.3393 	 -4.5910 	 -6.7671 	 -3.3388 	 -1.8957 	 -2.8687 	 0.0018 	 0.0010 	 0.0014
4.2184 	 -8.3728 	 -4.6100 	 -6.7959 	 -3.3387 	 -1.8957 	 -2.8687 	 0.0018 	 0.0010 	 0.0014
4.2285 	 -8.4062 	 -4.6290 	 -6.8246 	 -3.3387 	 -1.8957 	 -2.8687 	 0.0017 	 0.0010 	 0.0013
4.2385 	 -8.4397 	 -4.6480 	 -6.8534 	 -3.3387 	 -1.8957 	 -2.8686 	 0.0017 	 0.0010 	 0.0013
4.2485 	 -8.4732 	 -4.6670 	 -6.8821 	 -3.3387 	 -1.8957 	 -2.8686 	 0.0017 	 0.0010 	 0.0013
4.2585 	 -8.5066 	 -4.6860 	 -6.9109 	 -3.3387 	 -1.8956 	 -2.8686 	 0.0017 	 0.0010 	 0.0013
4.2685 	 -8.5401 	 -4.7050 	 -6.9396 	 -3.3387 	 -1.8956 	 -2.8686 	 0.0017 	 0.0010 	 0.0013
4.2786 	 -8.5735 	 -4.7240 	 -6.9683 	 -3.3386 	 -1.8956 	 -2.8686 	 0.0017 	 0.0009 	 0.0013
4.2886 	 -8.6070 	 -4.7430 	 -6.9971 	 -3.3386 	 -1.8956 	 -2.8686 	 0.0017 	 0.0009 	 0.0013
4.2986 	 -8.6404 	 -4.7619 	 -7.0258 	 -3.3386 	 -1.8956 	 -2.8686 	 0.0016 	 0.0009 	 0.0013
4.3086 	 -8.6739 	 -4.7809 	 -7.0546 	 -3.3386 	 -1.8956 	 -2.8686 	 0.0016 	 0.0009 	 0.0013
4.3186 	 -8.7073 	 -4.7999 	 -7.0833 	 -3.3386 	 -1.8956 	 -2.8685 	 0.0016 	 0.0009 	 0.0013
4.3287 	 -8.7408 	 -4.8189 	 -7.1121 	 -3.3386 	 -1.8956 	 -2.8685 	 0.0016 	 0.0009 	 0.0012
4.3387 	 -8.7742 	 -4.8379 	 -7.1408 	 -3.3385 	 -1.8956 	 -2.8685 	 0.0016 	 0.0009 	 0.0012
4.3487 	 -8.8077 	 -4.8569 	 -7.1695 	 -3.3385 	 -1.8956 	 -2.8685 	 0.0016 	 0.0009 	 0.0012
4.3587 	 -8.8411 	 -4.8759 	 -7.1983 	 -3.3385 	 -1.8955 	 -2.8685 	 0.0016 	 0.0009 	 0.0012
4.3687 	 -8.8746 	 -4.8949 	 -7.2270 	 -3.3385 	 -1.8955 	 -2.8685 	 0.0016 	 0.0009 	 0.0012
4.3788 	 -8.9080 	 -4.9139 	 -7.2558 	 -3.3385 	 -1.8955 	 -2.8685 	 0.0015 	 0.0009 	 0.0012
4.3888 	 -8.9415 	 -4.9329 	 -7.2845 	 -3.3385 	 -1.8955 	 -2.8685 	 0.0015 	 0.0009 	 0.0012
4.3988 	 -8.9749 	 -4.9519 	 -7.3133 	 -3.3384 	 -1.8955 	 -2.8684 	 0.0015 	 0.0009 	 0.0012
4.4088 	 -9.0084 	 -4.9709 	 -7.3420 	 -3.3384 	 -1.8955 	 -2.8684 	 0.0015 	 0.0009 	 0.0012
4.4188 	 -9.0418 	 -4.9899 	 -7.3707 	 -3.3384 	 -1.8955 	 -2.8684 	 0.0015 	 0.0008 	 0.0012
4.4289 	 -9.0753 	 -5.0089 	 -7.3995 	 -3.3384 	 -1.8955 	 -2.8684 	 0.0015 	 0.0008 	 0.0012
4.4389 	 -9.1087 	 -5.0279 	 -7.4282 	 -3.3384 	 -1.8955 	 -2.8684 	 0.0015 	 0.0008 	 0.0011
4.4489 	 -9.1422 	 -5.0468 	 -7.4570 	 -3.3384 	 -1.8955 	 -2.8684 	 0.0015 	 0.0008 	 0.0011
4.4589 	 -9.1757 	 -5.0658 	 -7.4857 	 -3.3384 	 -1.8955 	 -2.8684 	 0.0015 	 0.0008 	 0.0011
4.4689 	 -9.2091 	 -5.0848 	 -7.5144 	 -3.3383 	 -1.8955 	 -2.8684 	 0.0014 	 0.0008 	 0.0011
4.4790 	 -9.2426 	 -5.1038 	 -7.5432 	 -3.3383 	 -1.8954 	 -2.8684 	 0.0014 	 0.0008 	 0.0011
4.4890 	 -9.2760 	 -5.1228 	 -7.5719 	 -3.3383 	 -1.8954 	 -2.8683 	 0.0014 	 0.0008 	 0.0011
4.4990 	 -9.3095 	 -5.1418 	 -7.6007 	 -3.3383 	 -1.8954 	 -2.8683 	 0.0014 	 0.0008 	 0.0011
4.5090 	 -9.3429 	 -5.1608 	 -7.6294 	 -3.3383 	 -1.8954 	 -2.8683 	 0.0014 	 0.0008 	 0.0011
4.5190 	 -9.3764 	 -5.1798 	 -7.6582 	 -3.3383 	 -1.8954 	 -2.8683 	 0.0014 	 0.0008 	 0.0011
4.5291 	 -9.4098 	 -5.1988 	 -7.6869 	 -3.3383 	 -1.8954 	 -2.8683 	 0.0014 	 0.0008 	 0.0011
4.5391 	 -9.4433 	 -5.2178 	 -7.7156 	 -3.3382 	 -1.8954 	 -2.8683 	 0.0014 	 0.0008 	 0.0011
4.5491 	 -9.4767 	 -5.2368 	 -7.7444 	 -3.3382 	 -1.8954 	 -2.8683 	 0.0014 	 0.0008 	 0.0011
4.5591 	 -9.5101 	 -5.2558 	 -7.7731 	 -3.3382 	 -1.8954 	 -2.8683 	 0.0013 	 0.0008 	 0.0010
4.5691 	 -9.5436 	 -5.2748 	 -7.8019 	 -3.3382 	 -1.8954 	 -2.8683 	 0.0013 	 0.0008 	 0.0010
4.5792 	 -9.5770 	 -5.2937 	 -7.8306 	 -3.3382 	 -1.8954 	 -2.8682 	 0.0013 	 0.0008 	 0.0010
4.5892 	 -9.6105 	 -5.3127 	 -7.8593 	 -3.3382 	 -1.8954 	 -2.8682 	 0.0013 	 0.0007 	 0.0010
4.5992 	 -9.6439 	 -5.3317 	 -7.8881 	 -3.3382 	 -1.8954 	 -2.8682 	 0.0013 	 0.0007 	 0.0010
4.6092 	 -9.6774 	 -5.3507 	 -7.9168 	 -3.3382 	 -1.8953 	 -2.8682 	 0.0013 	 0.0007 	 0.0010
4.6192 	 -9.7108 	 -5.3697 	 -7.9456 	 -3.3381 	 -1.8953 	 -2.8682 	 0.0013 	 0.0007 	 0.0010
4.6293 	 -9.7443 	 -5.3887 	 -7.9743 	 -3.3381 	 -1.8953 	 -2.8682 	 0.0013 	 0.0007 	 0.0010
4.6393 	 -9.7777 	 -5.4077 	 -8.0030 	 -3.3381 	 -1.8953 	 -2.8682 	 0.0013 	 0.0007 	 0.0010
4.6493 	 -9.8112 	 -5.4267 	 -8.0318 	 -3.3381 	 -1.8953 	 -2.8682 	 0.0013 	 0.0007 	 0.0010
4.6593 	 -9.8446 	 -5.4457 	 -8.0605 	 -3.3381 	 -1.8953 	 -2.8682 	 0.0013 	 0.0007 	 0.0010
4.6693 	 -9.8781 	 -5.4647 	 -8.0892 	 -3.3381 	 -1.8953 	 -2.8682 	 0.0012 	 0.0007 	 0.0010
4.6794 	 -9.9115 	 -5.4837 	 -8.1180 	 -3.3381 	 -1.8953 	 -2.8681 	 0.0012 	 0.0007 	 0.0010
4.6894 	 -9.9450 	 -5.5027 	 -8.1467 	 -3.3381 	 -1.8953 	 -2.8681 	 0.0012 	 0.0007 	 0.0010
4.6994 	 -9.9784 	 -5.5216 	 -8.1755 	 -3.3380 	 -1.8953 	 -2.8681 	 0.0012 	 0.0007 	 0.0010
4.7094 	 -10.0119 	 -5.5406 	 -8.2042 	 -3.3380 	 -1.8953 	 -2.8681 	 0.0012 	 0.0007 	 0.0009
4.7194 	 -10.0453 	 -5.5596 	 -8.2329 	 -3.3380 	 -1.8953 	 -2.8681 	 0.0012 	 0.0007 	 0.0009
4.7295 	 -10.0788 	 -5.5786 	 -8.2617 	 -3.3380 	 -1.8953 	 -2.8681 	 0.0012 	 0.0007 	 0.0009
4.7395 	 -10.1122 	 -5.5976 	 -8.2904 	 -3.3380 	 -1.8953 	 -2.8681 	 0.0012 	 0.0007 	 0.0009
4.7495 	 -10.1457 	 -5.6166 	 -8.3192 	 -3.3380 	 -1.8952 	 -2.8681 	 0.0012 	 0.0007 	 0.0009
4.7595 	 -10.1791 	 -5.6356 	 -8.3479 	 -3.3380 	 -1.8952 	 -2.8681 	 0.0012 	 0.0007 	 0.0009
4.7695 	 -10.2126 	 -5.6546 	 -8.3766 	 -3.3380 	 -1.8952 	 -2.8681 	 0.0012 	 0.0007 	 0.0009
4.7796 	 -10.2460 	 -5.6736 	 -8.4054 	 -3.3379 	 -1.8952 	 -2.8681 	 0.0012 	 0.0007 	 0.0009
4.7896 	 -10.2794 	 -5.6926 	 -8.4341 	 -3.3379 	 -1.8952 	 -2.8680 	 0.0012 	 0.0007 	 0.0009
4.7996 	 -10.3129 	 -5.7115 	 -8.4628 	 -3.3379 	 -1.8952 	 -2.8680 	 0.0011 	 0.0007 	 0.0009
4.8096 	 -10.3463 	 -5.7305 	 -8.4916 	 -3.3379 	 -1.8952 	 -2.8680 	 0.0011 	 0.0006 	 0.0009
4.8196 	 -10.3798 	 -5.7495 	 -8.5203 	 -3.3379 	 -1.8952 	 -2.8680 	 0.0011 	 0.0006 	 0.0009
4.8297 	 -10.4132 	 -5.7685 	 -8.5491 	 -3.3379 	 -1.8952 	 -2.8680 	 0.0011 	 0.0006 	 0.0009
4.8397 	 -10.4467 	 -5.7875 	 -8.5778 	 -3.3379 	 -1.8952 	 -2.8680 	 0.0011 	 0.0006 	 0.0009
4.8497 	 -10.4801 	 -5.8065 	 -8.6065 	 -3.3379 	 -1.8952 	 -2.8680 	 0.0011 	 0.0006 	 0.0009
4.8597 	 -10.5136 	 -5.8255 	 -8.6353 	 -3.3379 	 -1.8952 	 -2.8680 	 0.0011 	 0.0006 	 0.0009
4.8697 	 -10.5470 	 -5.8445 	 -8.6640 	 -3.3378 	 -1.8952 	 -2.8680 	 0.0011 	 0.0006 	 0.0009
4.8798 	 -10.5805 	 -5.8635 	 -8.6927 	 -3.3378 	 -1.8952 	 -2.8680 	 0.0011 	 0.0006 	 0.0008
4.8898 	 -10.6139 	 -5.8825 	 -8.7215 	 -3.3378 	 -1.8952 	 -2.8680 	 0.0011 	 0.0006 	 0.0008
4.8998 	 -10.6473 	 -5.9014 	 -8.7502 	 -3.3378 	 -1.8952 	 -2.8679 	 0.0011 	 0.0006 	 0.0008
4.9098 	 -10.6808 	 -5.9204 	 -8.7790 	 -3.3378 	 -1.8951 	 -2.8679 	 0.0011 	 0.0006 	 0.0008
4.9198 	 -10.7142 	 -5.9394 	 -8.8077 	 -3.3378 	 -1.8951 	 -2.8679 	 0.0011 	 0.0006 	 0.0008
4.9299 	 -10.7477 	 -5.9584 	 -8.8364 	 -3.3378 	 -1.8951 	 -2.8679 	 0.0011 	 0.0006 	 0.0008
4.9399 	 -10.7811 	 -5.9774 	 -8.8652 	 -3.3378 	 -1.8951 	 -2.8679 	 0.0010 	 0.0006 	 0.0008
4.9499 	 -10.8146 	 -5.9964 	 -8.8939 	 -3.3378 	 -1.8951 	 -2.8679 	 0.0010 	 0.0006 	 0.0008
4.9599 	 -10.8480 	 -6.0154 	 -8.9226 	 -3.3377 	 -1.8951 	 -2.8679 	 0.0010 	 0.0006 	 0.0008
4.9699 	 -10.8815 	 -6.0344 	 -8.9514 	 -3.3377 	 -1.8951 	 -2.8679 	 0.0010 	 0.0006 	 0.0008
4.9800 	 -10.9149 	 -6.0534 	 -8.9801 	 -3.3377 	 -1.8951 	 -2.8679 	 0.0010 	 0.0006 	 0.0008
4.9900 	 -10.9483 	 -6.0723 	 -9.0089 	 -3.3377 	 -1.8951 	 -2.8679 	 0.0010 	 0.0006 	 0.0008
