100-Body Run with i = 10 th particle. (Units in pc,M_solar,Myr, km s-1) 

time		 x 		 y 		 z 		 xdot 		 ydot 		 zdot 		 xddot 		 yddot 		 zddot
0.0000 	 0.1145 	 -0.0484 	 -0.2211 	 -0.0278 	 -0.0086 	 -0.0178 	 -2.2276 	 0.9372 	 -0.2865
0.0100 	 0.1141 	 -0.0485 	 -0.2213 	 -0.0503 	 0.0008 	 -0.0207 	 -2.2434 	 0.9435 	 -0.2883
0.0200 	 0.1135 	 -0.0484 	 -0.2215 	 -0.0733 	 0.0110 	 -0.0248 	 -2.3066 	 1.1396 	 -0.7376
0.0301 	 0.1127 	 -0.0482 	 -0.2218 	 -0.0932 	 0.0204 	 -0.0326 	 -1.8386 	 0.7960 	 -0.6697
0.0401 	 0.1117 	 -0.0480 	 -0.2222 	 -0.1096 	 0.0269 	 -0.0380 	 -1.2452 	 0.4286 	 -0.3790
0.0501 	 0.1105 	 -0.0477 	 -0.2226 	 -0.1215 	 0.0306 	 -0.0418 	 -1.1141 	 0.3285 	 -0.3961
0.0601 	 0.1092 	 -0.0474 	 -0.2230 	 -0.1320 	 0.0336 	 -0.0460 	 -0.9854 	 0.2845 	 -0.4399
0.0701 	 0.1079 	 -0.0470 	 -0.2235 	 -0.1414 	 0.0364 	 -0.0506 	 -0.8927 	 0.2711 	 -0.4733
0.0802 	 0.1064 	 -0.0467 	 -0.2240 	 -0.1500 	 0.0391 	 -0.0554 	 -0.8322 	 0.2709 	 -0.4895
0.0902 	 0.1049 	 -0.0463 	 -0.2246 	 -0.1581 	 0.0418 	 -0.0604 	 -0.7946 	 0.2766 	 -0.4928
0.1002 	 0.1032 	 -0.0458 	 -0.2252 	 -0.1660 	 0.0447 	 -0.0653 	 -0.7726 	 0.2860 	 -0.4882
0.1102 	 0.1015 	 -0.0454 	 -0.2259 	 -0.1737 	 0.0476 	 -0.0703 	 -0.7627 	 0.2989 	 -0.4940
0.1202 	 0.0998 	 -0.0449 	 -0.2267 	 -0.1813 	 0.0507 	 -0.0759 	 -0.7431 	 0.3412 	 -0.6869
0.1303 	 0.0979 	 -0.0443 	 -0.2275 	 -0.1863 	 0.0562 	 -0.0857 	 0.0539 	 0.9821 	 -1.1008
0.1403 	 0.0961 	 -0.0437 	 -0.2283 	 -0.1871 	 0.0647 	 -0.0896 	 -0.4329 	 0.5829 	 -0.1361
0.1503 	 0.0942 	 -0.0431 	 -0.2292 	 -0.1930 	 0.0696 	 -0.0913 	 -0.6778 	 0.4441 	 -0.2057
0.1603 	 0.0922 	 -0.0423 	 -0.2302 	 -0.2002 	 0.0740 	 -0.0936 	 -0.7462 	 0.4455 	 -0.2459
0.1703 	 0.0901 	 -0.0416 	 -0.2311 	 -0.2079 	 0.0786 	 -0.0962 	 -0.8024 	 0.4644 	 -0.2720
0.1804 	 0.0880 	 -0.0408 	 -0.2321 	 -0.2163 	 0.0834 	 -0.0989 	 -0.8720 	 0.5055 	 -0.2646
0.1904 	 0.0858 	 -0.0399 	 -0.2331 	 -0.2254 	 0.0888 	 -0.1015 	 -0.9611 	 0.5690 	 -0.2436
0.2004 	 0.0835 	 -0.0390 	 -0.2341 	 -0.2356 	 0.0949 	 -0.1038 	 -1.0755 	 0.6594 	 -0.2065
0.2104 	 0.0811 	 -0.0380 	 -0.2352 	 -0.2471 	 0.1021 	 -0.1055 	 -1.2193 	 0.7841 	 -0.1466
0.2204 	 0.0785 	 -0.0369 	 -0.2362 	 -0.2602 	 0.1108 	 -0.1066 	 -1.3973 	 0.9536 	 -0.0539
0.2305 	 0.0758 	 -0.0358 	 -0.2373 	 -0.2752 	 0.1214 	 -0.1065 	 -1.6156 	 1.1840 	 0.0861
0.2405 	 0.0730 	 -0.0345 	 -0.2384 	 -0.2927 	 0.1348 	 -0.1046 	 -1.8821 	 1.5015 	 0.2963
0.2505 	 0.0700 	 -0.0330 	 -0.2394 	 -0.3131 	 0.1519 	 -0.1002 	 -2.2037 	 1.9504 	 0.6106
0.2605 	 0.0667 	 -0.0314 	 -0.2403 	 -0.3370 	 0.1745 	 -0.0919 	 -2.5772 	 2.6080 	 1.0760
0.2705 	 0.0632 	 -0.0295 	 -0.2412 	 -0.3648 	 0.2053 	 -0.0780 	 -2.9595 	 3.5974 	 1.7365
0.2806 	 0.0594 	 -0.0272 	 -0.2419 	 -0.3959 	 0.2482 	 -0.0564 	 -3.2048 	 5.0473 	 2.5905
0.2906 	 0.0552 	 -0.0244 	 -0.2423 	 -0.4276 	 0.3081 	 -0.0257 	 -3.0247 	 7.0131 	 3.5781
0.3006 	 0.0508 	 -0.0209 	 -0.2423 	 -0.4534 	 0.3904 	 0.0152 	 -1.9193 	 9.5611 	 4.5618
0.3106 	 0.0463 	 -0.0164 	 -0.2419 	 -0.4590 	 0.5021 	 0.0638 	 1.3423 	 12.9596 	 4.9446
0.3206 	 0.0420 	 -0.0106 	 -0.2411 	 -0.4082 	 0.6493 	 0.1047 	 10.2349 	 16.2768 	 2.3930
0.3307 	 0.0390 	 -0.0035 	 -0.2402 	 -0.2275 	 0.7854 	 0.0836 	 26.3807 	 7.7890 	 -7.9901
0.3407 	 0.0379 	 0.0038 	 -0.2401 	 0.0286 	 0.7219 	 -0.0437 	 19.8131 	 -18.0112 	 -14.5607
0.3507 	 0.0385 	 0.0100 	 -0.2411 	 0.1135 	 0.5047 	 -0.1604 	 -0.4706 	 -20.7373 	 -8.4723
0.3607 	 0.0392 	 0.0142 	 -0.2430 	 0.0552 	 0.3318 	 -0.2262 	 -9.7050 	 -13.5680 	 -5.7306
0.3707 	 0.0390 	 0.0170 	 -0.2456 	 -0.0781 	 0.2167 	 -0.2975 	 -17.9853 	 -11.2464 	 -10.1579
0.3808 	 0.0370 	 0.0178 	 -0.2492 	 -0.3163 	 -0.0037 	 -0.4239 	 -26.0295 	 -40.4611 	 -8.9416
0.3908 	 0.0333 	 0.0161 	 -0.2531 	 -0.4487 	 -0.3599 	 -0.3860 	 -8.2511 	 -26.7762 	 7.1981
0.4008 	 0.0288 	 0.0098 	 -0.2573 	 -0.5084 	 -0.7720 	 -0.3961 	 27.9247 	 -216.6572 	 -72.4585
0.4108 	 0.0245 	 0.0057 	 -0.2599 	 -0.0384 	 -0.5245 	 -0.3460 	 13.0544 	 20.9132 	 9.0746
0.4208 	 0.0240 	 0.0015 	 -0.2629 	 -0.0409 	 -0.3031 	 -0.2475 	 -6.9838 	 23.0389 	 8.9355
0.4309 	 0.0232 	 0.0001 	 -0.2651 	 -0.1194 	 -0.0159 	 -0.1805 	 -7.5269 	 39.1666 	 4.1486
0.4409 	 0.0248 	 0.0034 	 -0.2682 	 0.1676 	 0.6191 	 -0.3180 	 -161.0251 	 436.2189 	 24.5095
0.4509 	 0.0279 	 0.0032 	 -0.2705 	 0.1737 	 0.1121 	 -0.1327 	 -16.5062 	 270.7669 	 -44.2203
0.4609 	 0.0309 	 0.0070 	 -0.2731 	 0.3789 	 1.0604 	 -0.4300 	 331.1470 	 -705.5931 	 -58.2261
0.4709 	 0.0344 	 0.0162 	 -0.2768 	 0.8866 	 -0.3745 	 -0.4212 	 -7.9651 	 -15.1937 	 9.6168
0.4810 	 0.0426 	 0.0116 	 -0.2804 	 0.7693 	 -0.5512 	 -0.3031 	 -17.3046 	 -14.4196 	 14.3944
0.4910 	 0.0496 	 0.0059 	 -0.2829 	 0.6161 	 -0.6141 	 -0.1894 	 -11.1398 	 -1.9369 	 7.7235
0.5010 	 0.0554 	 -0.0003 	 -0.2845 	 0.5316 	 -0.6268 	 -0.1302 	 -6.5620 	 -1.0030 	 4.7278
0.5110 	 0.0605 	 -0.0067 	 -0.2856 	 0.4747 	 -0.6359 	 -0.0885 	 -5.0032 	 -0.8221 	 3.6901
0.5210 	 0.0650 	 -0.0131 	 -0.2863 	 0.4292 	 -0.6431 	 -0.0548 	 -4.1182 	 -0.6172 	 3.0544
0.5311 	 0.0691 	 -0.0196 	 -0.2868 	 0.3923 	 -0.6490 	 -0.0278 	 -3.1871 	 -0.6305 	 2.2651
0.5411 	 0.0730 	 -0.0261 	 -0.2870 	 0.3678 	 -0.6581 	 -0.0132 	 -1.4780 	 -1.4468 	 0.2164
0.5511 	 0.0767 	 -0.0329 	 -0.2874 	 0.3706 	 -0.6853 	 -0.0492 	 2.8034 	 -4.6753 	 -11.1223
0.5611 	 0.0799 	 -0.0389 	 -0.2898 	 0.3262 	 -0.6155 	 -0.3870 	 -38.3139 	 54.0792 	 -81.7474
0.5711 	 0.0818 	 -0.0431 	 -0.2933 	 0.0190 	 -0.1843 	 -0.4642 	 -13.6803 	 24.3110 	 12.4560
0.5812 	 0.0816 	 -0.0438 	 -0.2968 	 -0.0698 	 0.0610 	 -0.2621 	 -1.6818 	 25.8047 	 32.4231
0.5912 	 0.0817 	 -0.0436 	 -0.2972 	 0.0574 	 0.0457 	 0.1895 	 12.1788 	 -16.4845 	 21.6594
0.6012 	 0.0825 	 -0.0436 	 -0.2949 	 0.1306 	 -0.0519 	 0.3027 	 5.1259 	 -5.4219 	 7.5087
0.6112 	 0.0841 	 -0.0443 	 -0.2915 	 0.1808 	 -0.0966 	 0.3752 	 5.2225 	 -4.2374 	 7.0972
0.6212 	 0.0862 	 -0.0455 	 -0.2874 	 0.2325 	 -0.1412 	 0.4430 	 4.7719 	 -4.5864 	 6.3187
0.6313 	 0.0886 	 -0.0471 	 -0.2827 	 0.2678 	 -0.1837 	 0.5055 	 1.7249 	 -3.4770 	 6.6779
0.6413 	 0.0913 	 -0.0491 	 -0.2773 	 0.2665 	 -0.2071 	 0.5685 	 -12.3262 	 -17.9942 	 -9.6852
0.6513 	 0.0941 	 -0.0513 	 -0.2718 	 0.2625 	 -0.2615 	 0.5243 	 2.0130 	 -1.8797 	 -2.3393
0.6613 	 0.0968 	 -0.0540 	 -0.2667 	 0.2800 	 -0.2763 	 0.5031 	 1.4880 	 -1.1870 	 -2.0120
0.6713 	 0.0997 	 -0.0568 	 -0.2617 	 0.2925 	 -0.2862 	 0.4831 	 1.0166 	 -0.8103 	 -2.0041
0.6814 	 0.1026 	 -0.0597 	 -0.2570 	 0.3007 	 -0.2927 	 0.4629 	 0.6351 	 -0.4713 	 -2.0174
0.6914 	 0.1057 	 -0.0626 	 -0.2524 	 0.3056 	 -0.2957 	 0.4428 	 0.3554 	 -0.1430 	 -1.9952
0.7014 	 0.1088 	 -0.0656 	 -0.2481 	 0.3082 	 -0.2956 	 0.4230 	 0.1718 	 0.1471 	 -1.9333
0.7114 	 0.1118 	 -0.0685 	 -0.2440 	 0.3093 	 -0.2930 	 0.4041 	 0.0548 	 0.3728 	 -1.8567
0.7214 	 0.1149 	 -0.0715 	 -0.2400 	 0.3094 	 -0.2884 	 0.3858 	 -0.0277 	 0.5325 	 -1.7764
0.7315 	 0.1180 	 -0.0743 	 -0.2362 	 0.3088 	 -0.2825 	 0.3685 	 -0.0929 	 0.6443 	 -1.6951
0.7415 	 0.1211 	 -0.0771 	 -0.2326 	 0.3075 	 -0.2756 	 0.3519 	 -0.1467 	 0.7307 	 -1.6205
0.7515 	 0.1242 	 -0.0798 	 -0.2292 	 0.3058 	 -0.2679 	 0.3359 	 -0.1950 	 0.8090 	 -1.5647
0.7615 	 0.1273 	 -0.0825 	 -0.2259 	 0.3036 	 -0.2594 	 0.3204 	 -0.2477 	 0.8879 	 -1.5391
0.7715 	 0.1303 	 -0.0850 	 -0.2227 	 0.3008 	 -0.2501 	 0.3049 	 -0.3187 	 0.9682 	 -1.5512
0.7816 	 0.1333 	 -0.0875 	 -0.2198 	 0.2971 	 -0.2400 	 0.2892 	 -0.4249 	 1.0431 	 -1.6015
0.7916 	 0.1362 	 -0.0898 	 -0.2170 	 0.2921 	 -0.2292 	 0.2728 	 -0.5832 	 1.0985 	 -1.6803
0.8016 	 0.1391 	 -0.0921 	 -0.2143 	 0.2852 	 -0.2181 	 0.2555 	 -0.8040 	 1.1135 	 -1.7640
0.8116 	 0.1419 	 -0.0942 	 -0.2118 	 0.2758 	 -0.2071 	 0.2375 	 -1.0817 	 1.0659 	 -1.8142
0.8216 	 0.1446 	 -0.0962 	 -0.2096 	 0.2635 	 -0.1970 	 0.2194 	 -1.3840 	 0.9420 	 -1.7863
0.8317 	 0.1472 	 -0.0982 	 -0.2074 	 0.2482 	 -0.1885 	 0.2021 	 -1.6540 	 0.7502 	 -1.6496
0.8417 	 0.1496 	 -0.1000 	 -0.2055 	 0.2306 	 -0.1821 	 0.1867 	 -1.8325 	 0.5243 	 -1.4084
0.8517 	 0.1518 	 -0.1018 	 -0.2037 	 0.2119 	 -0.1779 	 0.1741 	 -1.8881 	 0.3085 	 -1.1032
0.8617 	 0.1538 	 -0.1036 	 -0.2020 	 0.1932 	 -0.1757 	 0.1646 	 -1.8294 	 0.1367 	 -0.7879
0.8717 	 0.1557 	 -0.1054 	 -0.2004 	 0.1755 	 -0.1750 	 0.1582 	 -1.6914 	 0.0211 	 -0.5044
0.8818 	 0.1574 	 -0.1071 	 -0.1988 	 0.1594 	 -0.1752 	 0.1543 	 -1.5131 	 -0.0430 	 -0.2727
0.8918 	 0.1589 	 -0.1089 	 -0.1973 	 0.1452 	 -0.1757 	 0.1525 	 -1.3246 	 -0.0682 	 -0.0953
0.9018 	 0.1603 	 -0.1106 	 -0.1957 	 0.1328 	 -0.1764 	 0.1523 	 -1.1437 	 -0.0673 	 0.0349
0.9118 	 0.1616 	 -0.1124 	 -0.1942 	 0.1222 	 -0.1770 	 0.1531 	 -0.9789 	 -0.0502 	 0.1276
0.9218 	 0.1627 	 -0.1142 	 -0.1927 	 0.1131 	 -0.1774 	 0.1547 	 -0.8328 	 -0.0237 	 0.1919
0.9319 	 0.1638 	 -0.1160 	 -0.1911 	 0.1055 	 -0.1775 	 0.1569 	 -0.7050 	 0.0082 	 0.2356
0.9419 	 0.1649 	 -0.1177 	 -0.1895 	 0.0990 	 -0.1772 	 0.1594 	 -0.5937 	 0.0437 	 0.2647
0.9519 	 0.1658 	 -0.1195 	 -0.1879 	 0.0935 	 -0.1766 	 0.1621 	 -0.5012 	 0.0836 	 0.2822
0.9619 	 0.1667 	 -0.1213 	 -0.1863 	 0.0887 	 -0.1756 	 0.1649 	 -0.4536 	 0.1206 	 0.2697
0.9719 	 0.1676 	 -0.1230 	 -0.1846 	 0.0843 	 -0.1742 	 0.1675 	 -0.4448 	 0.1478 	 0.2303
0.9820 	 0.1684 	 -0.1248 	 -0.1829 	 0.0797 	 -0.1727 	 0.1695 	 -0.4585 	 0.1614 	 0.1741
0.9920 	 0.1692 	 -0.1265 	 -0.1812 	 0.0751 	 -0.1710 	 0.1709 	 -0.4788 	 0.1613 	 0.1121
1.0020 	 0.1699 	 -0.1282 	 -0.1795 	 0.0702 	 -0.1695 	 0.1718 	 -0.4959 	 0.1517 	 0.0538
1.0120 	 0.1706 	 -0.1299 	 -0.1778 	 0.0651 	 -0.1680 	 0.1720 	 -0.5065 	 0.1379 	 0.0043
1.0220 	 0.1712 	 -0.1316 	 -0.1760 	 0.0600 	 -0.1667 	 0.1719 	 -0.5110 	 0.1241 	 -0.0345
1.0321 	 0.1718 	 -0.1332 	 -0.1743 	 0.0549 	 -0.1655 	 0.1714 	 -0.5116 	 0.1129 	 -0.0631
1.0421 	 0.1723 	 -0.1349 	 -0.1726 	 0.0498 	 -0.1644 	 0.1706 	 -0.5100 	 0.1049 	 -0.0829
1.0521 	 0.1728 	 -0.1365 	 -0.1709 	 0.0447 	 -0.1634 	 0.1697 	 -0.5075 	 0.1002 	 -0.0959
1.0621 	 0.1732 	 -0.1382 	 -0.1692 	 0.0396 	 -0.1624 	 0.1687 	 -0.5046 	 0.0981 	 -0.1038
1.0721 	 0.1736 	 -0.1398 	 -0.1675 	 0.0346 	 -0.1614 	 0.1677 	 -0.5012 	 0.0981 	 -0.1076
1.0822 	 0.1739 	 -0.1414 	 -0.1658 	 0.0296 	 -0.1604 	 0.1666 	 -0.4974 	 0.0995 	 -0.1081
1.0922 	 0.1742 	 -0.1430 	 -0.1642 	 0.0246 	 -0.1594 	 0.1655 	 -0.4935 	 0.1020 	 -0.1056
1.1022 	 0.1744 	 -0.1446 	 -0.1625 	 0.0197 	 -0.1584 	 0.1645 	 -0.4897 	 0.1050 	 -0.1009
1.1122 	 0.1746 	 -0.1462 	 -0.1609 	 0.0148 	 -0.1573 	 0.1635 	 -0.4861 	 0.1085 	 -0.0945
1.1222 	 0.1747 	 -0.1477 	 -0.1592 	 0.0099 	 -0.1562 	 0.1626 	 -0.4826 	 0.1121 	 -0.0870
1.1323 	 0.1748 	 -0.1493 	 -0.1576 	 0.0051 	 -0.1551 	 0.1618 	 -0.4792 	 0.1155 	 -0.0785
1.1423 	 0.1748 	 -0.1508 	 -0.1560 	 0.0003 	 -0.1539 	 0.1610 	 -0.4758 	 0.1187 	 -0.0695
1.1523 	 0.1748 	 -0.1524 	 -0.1544 	 -0.0044 	 -0.1527 	 0.1604 	 -0.4725 	 0.1215 	 -0.0602
1.1623 	 0.1747 	 -0.1539 	 -0.1528 	 -0.0091 	 -0.1515 	 0.1598 	 -0.4691 	 0.1239 	 -0.0507
1.1723 	 0.1746 	 -0.1554 	 -0.1512 	 -0.0138 	 -0.1502 	 0.1594 	 -0.4657 	 0.1259 	 -0.0411
1.1824 	 0.1745 	 -0.1569 	 -0.1496 	 -0.0185 	 -0.1489 	 0.1590 	 -0.4624 	 0.1275 	 -0.0317
1.1924 	 0.1742 	 -0.1584 	 -0.1480 	 -0.0231 	 -0.1477 	 0.1587 	 -0.4591 	 0.1286 	 -0.0225
1.2024 	 0.1740 	 -0.1599 	 -0.1464 	 -0.0277 	 -0.1464 	 0.1585 	 -0.4558 	 0.1293 	 -0.0137
1.2124 	 0.1737 	 -0.1613 	 -0.1448 	 -0.0322 	 -0.1451 	 0.1584 	 -0.4527 	 0.1294 	 -0.0052
1.2224 	 0.1733 	 -0.1628 	 -0.1432 	 -0.0367 	 -0.1438 	 0.1584 	 -0.4497 	 0.1291 	 0.0028
1.2325 	 0.1730 	 -0.1642 	 -0.1417 	 -0.0412 	 -0.1425 	 0.1585 	 -0.4467 	 0.1283 	 0.0101
1.2425 	 0.1725 	 -0.1656 	 -0.1401 	 -0.0457 	 -0.1412 	 0.1586 	 -0.4439 	 0.1270 	 0.0168
1.2525 	 0.1720 	 -0.1670 	 -0.1385 	 -0.0501 	 -0.1399 	 0.1588 	 -0.4410 	 0.1253 	 0.0225
1.2625 	 0.1715 	 -0.1684 	 -0.1369 	 -0.0545 	 -0.1387 	 0.1591 	 -0.4380 	 0.1231 	 0.0273
1.2725 	 0.1709 	 -0.1698 	 -0.1353 	 -0.0589 	 -0.1375 	 0.1594 	 -0.4350 	 0.1205 	 0.0310
1.2826 	 0.1703 	 -0.1712 	 -0.1337 	 -0.0632 	 -0.1363 	 0.1597 	 -0.4321 	 0.1178 	 0.0330
1.2926 	 0.1697 	 -0.1726 	 -0.1321 	 -0.0676 	 -0.1351 	 0.1600 	 -0.4291 	 0.1152 	 0.0334
1.3026 	 0.1690 	 -0.1739 	 -0.1305 	 -0.0718 	 -0.1340 	 0.1604 	 -0.4259 	 0.1131 	 0.0322
1.3126 	 0.1682 	 -0.1752 	 -0.1289 	 -0.0761 	 -0.1328 	 0.1607 	 -0.4227 	 0.1119 	 0.0295
1.3226 	 0.1675 	 -0.1766 	 -0.1273 	 -0.0803 	 -0.1317 	 0.1609 	 -0.4194 	 0.1117 	 0.0254
1.3327 	 0.1666 	 -0.1779 	 -0.1256 	 -0.0845 	 -0.1306 	 0.1612 	 -0.4161 	 0.1127 	 0.0202
1.3427 	 0.1658 	 -0.1792 	 -0.1240 	 -0.0886 	 -0.1295 	 0.1614 	 -0.4127 	 0.1151 	 0.0144
1.3527 	 0.1649 	 -0.1805 	 -0.1224 	 -0.0928 	 -0.1283 	 0.1615 	 -0.4093 	 0.1188 	 0.0084
1.3627 	 0.1639 	 -0.1818 	 -0.1208 	 -0.0969 	 -0.1271 	 0.1615 	 -0.4062 	 0.1237 	 0.0023
1.3727 	 0.1629 	 -0.1830 	 -0.1192 	 -0.1009 	 -0.1258 	 0.1615 	 -0.4032 	 0.1294 	 -0.0036
1.3828 	 0.1619 	 -0.1843 	 -0.1176 	 -0.1049 	 -0.1245 	 0.1614 	 -0.4004 	 0.1358 	 -0.0092
1.3928 	 0.1608 	 -0.1855 	 -0.1159 	 -0.1089 	 -0.1231 	 0.1613 	 -0.3979 	 0.1427 	 -0.0145
1.4028 	 0.1597 	 -0.1867 	 -0.1143 	 -0.1129 	 -0.1216 	 0.1612 	 -0.3956 	 0.1499 	 -0.0195
1.4128 	 0.1586 	 -0.1879 	 -0.1127 	 -0.1169 	 -0.1201 	 0.1609 	 -0.3934 	 0.1573 	 -0.0242
1.4228 	 0.1574 	 -0.1891 	 -0.1111 	 -0.1208 	 -0.1185 	 0.1607 	 -0.3913 	 0.1647 	 -0.0287
1.4329 	 0.1561 	 -0.1903 	 -0.1095 	 -0.1247 	 -0.1168 	 0.1604 	 -0.3893 	 0.1720 	 -0.0331
1.4429 	 0.1549 	 -0.1915 	 -0.1079 	 -0.1286 	 -0.1150 	 0.1600 	 -0.3874 	 0.1793 	 -0.0374
1.4529 	 0.1536 	 -0.1926 	 -0.1063 	 -0.1325 	 -0.1132 	 0.1596 	 -0.3855 	 0.1863 	 -0.0417
1.4629 	 0.1522 	 -0.1938 	 -0.1047 	 -0.1363 	 -0.1113 	 0.1592 	 -0.3836 	 0.1932 	 -0.0460
1.4729 	 0.1508 	 -0.1949 	 -0.1031 	 -0.1402 	 -0.1093 	 0.1587 	 -0.3817 	 0.1999 	 -0.0505
1.4830 	 0.1494 	 -0.1959 	 -0.1015 	 -0.1440 	 -0.1073 	 0.1582 	 -0.3798 	 0.2063 	 -0.0551
1.4930 	 0.1479 	 -0.1970 	 -0.0999 	 -0.1478 	 -0.1052 	 0.1576 	 -0.3779 	 0.2125 	 -0.0598
1.5030 	 0.1464 	 -0.1981 	 -0.0983 	 -0.1515 	 -0.1030 	 0.1570 	 -0.3760 	 0.2184 	 -0.0646
1.5130 	 0.1449 	 -0.1991 	 -0.0968 	 -0.1553 	 -0.1008 	 0.1563 	 -0.3740 	 0.2240 	 -0.0695
1.5230 	 0.1433 	 -0.2001 	 -0.0952 	 -0.1590 	 -0.0985 	 0.1556 	 -0.3718 	 0.2294 	 -0.0745
1.5331 	 0.1417 	 -0.2010 	 -0.0937 	 -0.1627 	 -0.0962 	 0.1548 	 -0.3695 	 0.2344 	 -0.0796
1.5431 	 0.1401 	 -0.2020 	 -0.0921 	 -0.1664 	 -0.0938 	 0.1540 	 -0.3670 	 0.2391 	 -0.0848
1.5531 	 0.1384 	 -0.2029 	 -0.0906 	 -0.1701 	 -0.0914 	 0.1531 	 -0.3643 	 0.2435 	 -0.0900
1.5631 	 0.1367 	 -0.2038 	 -0.0890 	 -0.1737 	 -0.0890 	 0.1522 	 -0.3614 	 0.2476 	 -0.0952
1.5731 	 0.1349 	 -0.2047 	 -0.0875 	 -0.1773 	 -0.0865 	 0.1512 	 -0.3582 	 0.2514 	 -0.1004
1.5832 	 0.1331 	 -0.2056 	 -0.0860 	 -0.1809 	 -0.0839 	 0.1502 	 -0.3548 	 0.2548 	 -0.1056
1.5932 	 0.1313 	 -0.2064 	 -0.0845 	 -0.1845 	 -0.0814 	 0.1491 	 -0.3510 	 0.2579 	 -0.1108
1.6032 	 0.1294 	 -0.2072 	 -0.0830 	 -0.1879 	 -0.0788 	 0.1479 	 -0.3471 	 0.2606 	 -0.1158
1.6132 	 0.1275 	 -0.2080 	 -0.0816 	 -0.1914 	 -0.0761 	 0.1468 	 -0.3429 	 0.2631 	 -0.1208
1.6232 	 0.1256 	 -0.2087 	 -0.0801 	 -0.1948 	 -0.0735 	 0.1455 	 -0.3384 	 0.2653 	 -0.1255
1.6333 	 0.1236 	 -0.2094 	 -0.0786 	 -0.1982 	 -0.0708 	 0.1442 	 -0.3337 	 0.2673 	 -0.1301
1.6433 	 0.1216 	 -0.2101 	 -0.0772 	 -0.2015 	 -0.0681 	 0.1429 	 -0.3287 	 0.2690 	 -0.1345
1.6533 	 0.1196 	 -0.2108 	 -0.0758 	 -0.2048 	 -0.0654 	 0.1415 	 -0.3236 	 0.2706 	 -0.1386
1.6633 	 0.1175 	 -0.2114 	 -0.0744 	 -0.2080 	 -0.0627 	 0.1401 	 -0.3183 	 0.2719 	 -0.1424
1.6733 	 0.1154 	 -0.2121 	 -0.0730 	 -0.2112 	 -0.0600 	 0.1387 	 -0.3128 	 0.2731 	 -0.1459
1.6834 	 0.1133 	 -0.2127 	 -0.0716 	 -0.2143 	 -0.0572 	 0.1372 	 -0.3072 	 0.2743 	 -0.1492
1.6934 	 0.1111 	 -0.2132 	 -0.0702 	 -0.2173 	 -0.0545 	 0.1357 	 -0.3015 	 0.2753 	 -0.1521
1.7034 	 0.1089 	 -0.2137 	 -0.0689 	 -0.2203 	 -0.0517 	 0.1342 	 -0.2957 	 0.2763 	 -0.1548
1.7134 	 0.1067 	 -0.2142 	 -0.0675 	 -0.2232 	 -0.0489 	 0.1326 	 -0.2902 	 0.2773 	 -0.1572
1.7234 	 0.1044 	 -0.2147 	 -0.0662 	 -0.2261 	 -0.0462 	 0.1310 	 -0.2850 	 0.2783 	 -0.1594
1.7335 	 0.1022 	 -0.2152 	 -0.0649 	 -0.2289 	 -0.0434 	 0.1294 	 -0.2802 	 0.2794 	 -0.1613
1.7435 	 0.0998 	 -0.2156 	 -0.0636 	 -0.2317 	 -0.0406 	 0.1278 	 -0.2758 	 0.2805 	 -0.1631
1.7535 	 0.0975 	 -0.2160 	 -0.0623 	 -0.2345 	 -0.0378 	 0.1261 	 -0.2717 	 0.2815 	 -0.1649
1.7635 	 0.0952 	 -0.2163 	 -0.0611 	 -0.2372 	 -0.0349 	 0.1245 	 -0.2681 	 0.2824 	 -0.1667
1.7735 	 0.0928 	 -0.2167 	 -0.0598 	 -0.2398 	 -0.0321 	 0.1228 	 -0.2646 	 0.2832 	 -0.1687
1.7836 	 0.0903 	 -0.2170 	 -0.0586 	 -0.2425 	 -0.0293 	 0.1211 	 -0.2612 	 0.2837 	 -0.1709
1.7936 	 0.0879 	 -0.2173 	 -0.0574 	 -0.2451 	 -0.0264 	 0.1194 	 -0.2577 	 0.2840 	 -0.1734
1.8036 	 0.0854 	 -0.2175 	 -0.0562 	 -0.2476 	 -0.0236 	 0.1176 	 -0.2539 	 0.2842 	 -0.1760
1.8136 	 0.0829 	 -0.2177 	 -0.0551 	 -0.2502 	 -0.0207 	 0.1159 	 -0.2497 	 0.2843 	 -0.1786
1.8236 	 0.0804 	 -0.2179 	 -0.0539 	 -0.2526 	 -0.0179 	 0.1140 	 -0.2451 	 0.2844 	 -0.1812
1.8337 	 0.0779 	 -0.2181 	 -0.0528 	 -0.2551 	 -0.0150 	 0.1122 	 -0.2402 	 0.2847 	 -0.1836
1.8437 	 0.0753 	 -0.2182 	 -0.0517 	 -0.2575 	 -0.0122 	 0.1104 	 -0.2352 	 0.2852 	 -0.1858
1.8537 	 0.0727 	 -0.2183 	 -0.0506 	 -0.2598 	 -0.0093 	 0.1085 	 -0.2301 	 0.2861 	 -0.1877
1.8637 	 0.0701 	 -0.2184 	 -0.0495 	 -0.2621 	 -0.0064 	 0.1066 	 -0.2250 	 0.2872 	 -0.1893
1.8737 	 0.0675 	 -0.2185 	 -0.0484 	 -0.2643 	 -0.0035 	 0.1047 	 -0.2201 	 0.2886 	 -0.1907
1.8838 	 0.0648 	 -0.2185 	 -0.0474 	 -0.2665 	 -0.0006 	 0.1028 	 -0.2155 	 0.2904 	 -0.1920
1.8938 	 0.0621 	 -0.2185 	 -0.0464 	 -0.2686 	 0.0023 	 0.1009 	 -0.2111 	 0.2923 	 -0.1931
1.9038 	 0.0594 	 -0.2184 	 -0.0454 	 -0.2707 	 0.0052 	 0.0989 	 -0.2070 	 0.2945 	 -0.1943
1.9138 	 0.0567 	 -0.2184 	 -0.0444 	 -0.2728 	 0.0082 	 0.0970 	 -0.2031 	 0.2969 	 -0.1954
1.9238 	 0.0540 	 -0.2183 	 -0.0434 	 -0.2748 	 0.0112 	 0.0950 	 -0.1996 	 0.2994 	 -0.1966
1.9339 	 0.0512 	 -0.2182 	 -0.0425 	 -0.2768 	 0.0142 	 0.0930 	 -0.1963 	 0.3021 	 -0.1979
1.9439 	 0.0484 	 -0.2180 	 -0.0416 	 -0.2787 	 0.0172 	 0.0910 	 -0.1933 	 0.3049 	 -0.1994
1.9539 	 0.0456 	 -0.2178 	 -0.0407 	 -0.2806 	 0.0203 	 0.0890 	 -0.1906 	 0.3078 	 -0.2010
1.9639 	 0.0428 	 -0.2176 	 -0.0398 	 -0.2825 	 0.0234 	 0.0870 	 -0.1881 	 0.3108 	 -0.2029
1.9739 	 0.0399 	 -0.2173 	 -0.0389 	 -0.2844 	 0.0265 	 0.0850 	 -0.1858 	 0.3139 	 -0.2049
1.9840 	 0.0371 	 -0.2171 	 -0.0381 	 -0.2863 	 0.0297 	 0.0829 	 -0.1822 	 0.3150 	 -0.1996
1.9940 	 0.0342 	 -0.2167 	 -0.0373 	 -0.2881 	 0.0329 	 0.0809 	 -0.1804 	 0.3182 	 -0.2021
2.0040 	 0.0313 	 -0.2164 	 -0.0365 	 -0.2899 	 0.0361 	 0.0789 	 -0.1788 	 0.3214 	 -0.2051
2.0140 	 0.0284 	 -0.2160 	 -0.0357 	 -0.2917 	 0.0393 	 0.0768 	 -0.1774 	 0.3247 	 -0.2083
2.0240 	 0.0255 	 -0.2156 	 -0.0349 	 -0.2934 	 0.0426 	 0.0747 	 -0.1762 	 0.3280 	 -0.2120
2.0341 	 0.0225 	 -0.2152 	 -0.0342 	 -0.2952 	 0.0459 	 0.0725 	 -0.1753 	 0.3313 	 -0.2161
2.0441 	 0.0196 	 -0.2147 	 -0.0335 	 -0.2969 	 0.0492 	 0.0703 	 -0.1745 	 0.3347 	 -0.2207
2.0541 	 0.0166 	 -0.2142 	 -0.0328 	 -0.2987 	 0.0526 	 0.0681 	 -0.1740 	 0.3380 	 -0.2258
2.0641 	 0.0136 	 -0.2136 	 -0.0321 	 -0.3004 	 0.0560 	 0.0658 	 -0.1736 	 0.3414 	 -0.2314
2.0741 	 0.0105 	 -0.2131 	 -0.0315 	 -0.3022 	 0.0594 	 0.0635 	 -0.1735 	 0.3447 	 -0.2376
2.0842 	 0.0075 	 -0.2125 	 -0.0308 	 -0.3039 	 0.0629 	 0.0611 	 -0.1736 	 0.3481 	 -0.2445
2.0942 	 0.0045 	 -0.2118 	 -0.0302 	 -0.3057 	 0.0664 	 0.0586 	 -0.1739 	 0.3514 	 -0.2521
2.1042 	 0.0014 	 -0.2111 	 -0.0297 	 -0.3074 	 0.0699 	 0.0560 	 -0.1744 	 0.3548 	 -0.2604
2.1142 	 -0.0017 	 -0.2104 	 -0.0291 	 -0.3092 	 0.0735 	 0.0534 	 -0.1752 	 0.3582 	 -0.2695
2.1242 	 -0.0048 	 -0.2096 	 -0.0286 	 -0.3109 	 0.0771 	 0.0506 	 -0.1762 	 0.3616 	 -0.2795
2.1343 	 -0.0079 	 -0.2089 	 -0.0281 	 -0.3127 	 0.0807 	 0.0477 	 -0.1774 	 0.3651 	 -0.2904
2.1443 	 -0.0111 	 -0.2080 	 -0.0276 	 -0.3145 	 0.0844 	 0.0448 	 -0.1789 	 0.3688 	 -0.3025
2.1543 	 -0.0142 	 -0.2072 	 -0.0272 	 -0.3163 	 0.0881 	 0.0417 	 -0.1806 	 0.3727 	 -0.3157
2.1643 	 -0.0174 	 -0.2063 	 -0.0268 	 -0.3181 	 0.0919 	 0.0384 	 -0.1826 	 0.3768 	 -0.3303
2.1743 	 -0.0206 	 -0.2053 	 -0.0264 	 -0.3199 	 0.0957 	 0.0351 	 -0.1849 	 0.3812 	 -0.3464
2.1844 	 -0.0238 	 -0.2043 	 -0.0261 	 -0.3218 	 0.0995 	 0.0315 	 -0.1874 	 0.3861 	 -0.3642
2.1944 	 -0.0271 	 -0.2033 	 -0.0258 	 -0.3237 	 0.1034 	 0.0278 	 -0.1901 	 0.3914 	 -0.3841
2.2044 	 -0.0303 	 -0.2023 	 -0.0255 	 -0.3256 	 0.1074 	 0.0238 	 -0.1930 	 0.3974 	 -0.4063
2.2144 	 -0.0336 	 -0.2012 	 -0.0253 	 -0.3276 	 0.1114 	 0.0196 	 -0.1960 	 0.4041 	 -0.4312
2.2244 	 -0.0369 	 -0.2000 	 -0.0251 	 -0.3295 	 0.1155 	 0.0151 	 -0.1990 	 0.4117 	 -0.4591
2.2345 	 -0.0402 	 -0.1989 	 -0.0250 	 -0.3315 	 0.1197 	 0.0104 	 -0.2019 	 0.4203 	 -0.4907
2.2445 	 -0.0435 	 -0.1976 	 -0.0249 	 -0.3336 	 0.1239 	 0.0053 	 -0.2046 	 0.4302 	 -0.5266
2.2545 	 -0.0469 	 -0.1964 	 -0.0249 	 -0.3356 	 0.1283 	 -0.0002 	 -0.2068 	 0.4416 	 -0.5674
2.2645 	 -0.0502 	 -0.1951 	 -0.0249 	 -0.3377 	 0.1328 	 -0.0061 	 -0.2083 	 0.4548 	 -0.6141
2.2745 	 -0.0536 	 -0.1937 	 -0.0250 	 -0.3398 	 0.1374 	 -0.0125 	 -0.2085 	 0.4702 	 -0.6676
2.2846 	 -0.0571 	 -0.1923 	 -0.0252 	 -0.3419 	 0.1422 	 -0.0195 	 -0.2071 	 0.4882 	 -0.7294
2.2946 	 -0.0605 	 -0.1909 	 -0.0254 	 -0.3440 	 0.1472 	 -0.0272 	 -0.2032 	 0.5093 	 -0.8010
2.3046 	 -0.0639 	 -0.1894 	 -0.0258 	 -0.3460 	 0.1524 	 -0.0356 	 -0.1958 	 0.5344 	 -0.8842
2.3146 	 -0.0674 	 -0.1878 	 -0.0262 	 -0.3479 	 0.1579 	 -0.0449 	 -0.1836 	 0.5643 	 -0.9814
2.3246 	 -0.0709 	 -0.1862 	 -0.0267 	 -0.3496 	 0.1637 	 -0.0553 	 -0.1644 	 0.6004 	 -1.0953
2.3347 	 -0.0744 	 -0.1845 	 -0.0273 	 -0.3511 	 0.1700 	 -0.0669 	 -0.1357 	 0.6443 	 -1.2292
2.3447 	 -0.0780 	 -0.1828 	 -0.0280 	 -0.3523 	 0.1767 	 -0.0800 	 -0.0937 	 0.6984 	 -1.3871
2.3547 	 -0.0815 	 -0.1810 	 -0.0289 	 -0.3529 	 0.1840 	 -0.0948 	 -0.0331 	 0.7658 	 -1.5734
2.3647 	 -0.0850 	 -0.1791 	 -0.0299 	 -0.3529 	 0.1921 	 -0.1117 	 0.0534 	 0.8509 	 -1.7930
2.3747 	 -0.0886 	 -0.1771 	 -0.0311 	 -0.3517 	 0.2011 	 -0.1309 	 0.1762 	 0.9595 	 -2.0504
2.3848 	 -0.0921 	 -0.1751 	 -0.0326 	 -0.3492 	 0.2114 	 -0.1529 	 0.3499 	 1.0995 	 -2.3495
2.3948 	 -0.0955 	 -0.1729 	 -0.0342 	 -0.3445 	 0.2233 	 -0.1781 	 0.5956 	 1.2816 	 -2.6918
2.4048 	 -0.0989 	 -0.1706 	 -0.0362 	 -0.3369 	 0.2373 	 -0.2070 	 0.9440 	 1.5199 	 -3.0757
2.4148 	 -0.1023 	 -0.1681 	 -0.0384 	 -0.3251 	 0.2540 	 -0.2399 	 1.4421 	 1.8345 	 -3.4942
2.4248 	 -0.1054 	 -0.1654 	 -0.0410 	 -0.3072 	 0.2744 	 -0.2770 	 2.1658 	 2.2568 	 -3.9307
2.4349 	 -0.1084 	 -0.1626 	 -0.0440 	 -0.2805 	 0.2998 	 -0.3185 	 3.2489 	 2.8386 	 -4.3438
2.4449 	 -0.1109 	 -0.1594 	 -0.0474 	 -0.2401 	 0.3321 	 -0.3636 	 4.9472 	 3.6654 	 -4.6132
2.4549 	 -0.1130 	 -0.1558 	 -0.0513 	 -0.1778 	 0.3743 	 -0.4091 	 7.7669 	 4.8499 	 -4.3485
2.4649 	 -0.1143 	 -0.1518 	 -0.0555 	 -0.0781 	 0.4302 	 -0.4444 	 12.5984 	 6.3525 	 -2.2153
2.4749 	 -0.1142 	 -0.1472 	 -0.0599 	 0.0814 	 0.4977 	 -0.4333 	 19.6268 	 6.7735 	 5.9518
2.4850 	 -0.1123 	 -0.1420 	 -0.0633 	 0.2887 	 0.5388 	 -0.2854 	 19.5943 	 -0.1255 	 25.0240
2.4950 	 -0.1092 	 -0.1371 	 -0.0646 	 0.3749 	 0.4648 	 0.0184 	 -2.9745 	 -13.1213 	 30.6154
2.5050 	 -0.1062 	 -0.1332 	 -0.0635 	 0.2544 	 0.3231 	 0.2304 	 -16.0708 	 -12.7393 	 11.7590
2.5150 	 -0.1044 	 -0.1304 	 -0.0611 	 0.0991 	 0.2238 	 0.2772 	 -13.4854 	 -7.1262 	 -0.3038
2.5251 	 -0.1039 	 -0.1284 	 -0.0584 	 -0.0126 	 0.1730 	 0.2495 	 -8.8523 	 -3.3718 	 -4.2917
2.5351 	 -0.1044 	 -0.1267 	 -0.0562 	 -0.0835 	 0.1505 	 0.2005 	 -5.4963 	 -1.3391 	 -5.1596
2.5451 	 -0.1054 	 -0.1252 	 -0.0545 	 -0.1268 	 0.1432 	 0.1489 	 -3.3079 	 -0.2212 	 -5.0494
2.5551 	 -0.1068 	 -0.1238 	 -0.0532 	 -0.1523 	 0.1446 	 0.1000 	 -1.8613 	 0.4398 	 -4.6778
2.5651 	 -0.1084 	 -0.1223 	 -0.0524 	 -0.1656 	 0.1513 	 0.0551 	 -0.8613 	 0.8685 	 -4.2768
2.5752 	 -0.1101 	 -0.1207 	 -0.0521 	 -0.1704 	 0.1616 	 0.0141 	 -0.1306 	 1.1774 	 -3.9193
2.5852 	 -0.1118 	 -0.1191 	 -0.0521 	 -0.1688 	 0.1747 	 -0.0237 	 0.4369 	 1.4255 	 -3.6254
2.5952 	 -0.1134 	 -0.1172 	 -0.0525 	 -0.1620 	 0.1901 	 -0.0588 	 0.9082 	 1.6472 	 -3.3971
2.6052 	 -0.1150 	 -0.1152 	 -0.0533 	 -0.1507 	 0.2077 	 -0.0920 	 1.3297 	 1.8647 	 -3.2309
2.6152 	 -0.1164 	 -0.1130 	 -0.0544 	 -0.1354 	 0.2275 	 -0.1237 	 1.7389 	 2.0960 	 -3.1218
2.6253 	 -0.1177 	 -0.1107 	 -0.0558 	 -0.1158 	 0.2498 	 -0.1547 	 2.1728 	 2.3590 	 -3.0638
2.6353 	 -0.1187 	 -0.1080 	 -0.0575 	 -0.0916 	 0.2750 	 -0.1853 	 2.6763 	 2.6764 	 -3.0486
2.6453 	 -0.1195 	 -0.1051 	 -0.0595 	 -0.0617 	 0.3037 	 -0.2159 	 3.3145 	 3.0798 	 -3.0611
2.6553 	 -0.1199 	 -0.1019 	 -0.0618 	 -0.0244 	 0.3371 	 -0.2466 	 4.1927 	 3.6172 	 -3.0640
2.6653 	 -0.1199 	 -0.0983 	 -0.0644 	 0.0237 	 0.3769 	 -0.2769 	 5.4948 	 4.3615 	 -2.9576
2.6754 	 -0.1193 	 -0.0943 	 -0.0673 	 0.0882 	 0.4255 	 -0.3045 	 7.5472 	 5.4108 	 -2.4575
2.6854 	 -0.1179 	 -0.0897 	 -0.0704 	 0.1790 	 0.4864 	 -0.3220 	 10.8772 	 6.8226 	 -0.7371
2.6954 	 -0.1154 	 -0.0845 	 -0.0735 	 0.3113 	 0.5617 	 -0.3073 	 15.9224 	 8.1915 	 4.5671
2.7054 	 -0.1114 	 -0.0784 	 -0.0760 	 0.4935 	 0.6398 	 -0.1996 	 20.1047 	 6.5867 	 19.2162
2.7154 	 -0.1059 	 -0.0721 	 -0.0762 	 0.6362 	 0.6444 	 0.1090 	 4.3213 	 -8.3350 	 43.7590
2.7255 	 -0.1010 	 -0.0669 	 -0.0736 	 0.4248 	 0.4492 	 0.4678 	 -44.2562 	 -29.5019 	 26.6789
2.7355 	 -0.0997 	 -0.0634 	 -0.0704 	 -0.1196 	 0.2128 	 0.3280 	 -81.6770 	 -29.2528 	 -47.1056
2.7455 	 -0.1042 	 -0.0604 	 -0.0755 	 -0.9196 	 0.3158 	 -1.4129 	 38.0153 	 12.5762 	 31.7723
2.7555 	 -0.1132 	 -0.0571 	 -0.0896 	 -0.8250 	 0.3731 	 -1.3517 	 1.8901 	 4.8707 	 -1.7768
2.7655 	 -0.1214 	 -0.0530 	 -0.1033 	 -0.8049 	 0.4387 	 -1.3813 	 2.8093 	 8.8175 	 -3.6999
2.7756 	 -0.1291 	 -0.0479 	 -0.1173 	 -0.7504 	 0.5603 	 -1.4101 	 9.4487 	 15.9061 	 -0.5809
2.7856 	 -0.1358 	 -0.0415 	 -0.1310 	 -0.6034 	 0.7156 	 -1.3478 	 18.3517 	 11.2337 	 13.7008
2.7956 	 -0.1412 	 -0.0344 	 -0.1437 	 -0.4542 	 0.7383 	 -1.1978 	 10.1623 	 -3.8250 	 12.5009
2.8056 	 -0.1454 	 -0.0273 	 -0.1553 	 -0.3865 	 0.6835 	 -1.1106 	 4.4091 	 -5.8287 	 5.5061
2.8156 	 -0.1492 	 -0.0207 	 -0.1663 	 -0.3535 	 0.6290 	 -1.0731 	 2.4628 	 -4.9397 	 2.4400
2.8257 	 -0.1526 	 -0.0146 	 -0.1770 	 -0.3338 	 0.5843 	 -1.0557 	 1.5684 	 -4.0000 	 1.2146
2.8357 	 -0.1559 	 -0.0089 	 -0.1875 	 -0.3208 	 0.5482 	 -1.0467 	 1.0854 	 -3.2459 	 0.6321
2.8457 	 -0.1591 	 -0.0036 	 -0.1980 	 -0.3113 	 0.5186 	 -1.0422 	 0.8222 	 -2.6746 	 0.3049
2.8557 	 -0.1621 	 0.0015 	 -0.2084 	 -0.3039 	 0.4941 	 -1.0402 	 0.6757 	 -2.2506 	 0.0983
2.8657 	 -0.1652 	 0.0063 	 -0.2188 	 -0.2976 	 0.4732 	 -1.0400 	 0.5905 	 -1.9399 	 -0.0468
2.8758 	 -0.1681 	 0.0110 	 -0.2293 	 -0.2920 	 0.4549 	 -1.0410 	 0.5412 	 -1.7184 	 -0.1573
2.8858 	 -0.1710 	 0.0155 	 -0.2397 	 -0.2867 	 0.4385 	 -1.0430 	 0.5167 	 -1.5700 	 -0.2417
2.8958 	 -0.1739 	 0.0198 	 -0.2502 	 -0.2815 	 0.4232 	 -1.0458 	 0.5118 	 -1.4823 	 -0.2969
2.9058 	 -0.1767 	 0.0240 	 -0.2607 	 -0.2764 	 0.4086 	 -1.0489 	 0.5213 	 -1.4419 	 -0.3141
2.9158 	 -0.1794 	 0.0280 	 -0.2712 	 -0.2711 	 0.3942 	 -1.0519 	 0.5388 	 -1.4328 	 -0.2855
2.9259 	 -0.1821 	 0.0319 	 -0.2818 	 -0.2656 	 0.3799 	 -1.0544 	 0.5578 	 -1.4375 	 -0.2094
2.9359 	 -0.1847 	 0.0356 	 -0.2923 	 -0.2599 	 0.3654 	 -1.0560 	 0.5705 	 -1.4401 	 -0.0930
2.9459 	 -0.1873 	 0.0392 	 -0.3029 	 -0.2542 	 0.3510 	 -1.0562 	 0.5687 	 -1.4282 	 0.0467
2.9559 	 -0.1898 	 0.0426 	 -0.3135 	 -0.2486 	 0.3369 	 -1.0550 	 0.5467 	 -1.3956 	 0.1868
2.9659 	 -0.1923 	 0.0459 	 -0.3240 	 -0.2433 	 0.3231 	 -1.0525 	 0.5044 	 -1.3429 	 0.3066
2.9760 	 -0.1947 	 0.0491 	 -0.3346 	 -0.2385 	 0.3100 	 -1.0490 	 0.4467 	 -1.2743 	 0.3942
2.9860 	 -0.1971 	 0.0521 	 -0.3451 	 -0.2344 	 0.2976 	 -1.0448 	 0.3817 	 -1.1960 	 0.4471
2.9960 	 -0.1994 	 0.0551 	 -0.3555 	 -0.2309 	 0.2861 	 -1.0401 	 0.3164 	 -1.1136 	 0.4697
3.0060 	 -0.2017 	 0.0579 	 -0.3659 	 -0.2280 	 0.2753 	 -1.0354 	 0.2559 	 -1.0318 	 0.4693
3.0160 	 -0.2040 	 0.0606 	 -0.3763 	 -0.2257 	 0.2654 	 -1.0308 	 0.2027 	 -0.9537 	 0.4534
3.0261 	 -0.2062 	 0.0632 	 -0.3866 	 -0.2239 	 0.2562 	 -1.0264 	 0.1571 	 -0.8811 	 0.4281
3.0361 	 -0.2085 	 0.0657 	 -0.3968 	 -0.2225 	 0.2477 	 -1.0222 	 0.1187 	 -0.8147 	 0.3978
3.0461 	 -0.2107 	 0.0682 	 -0.4070 	 -0.2215 	 0.2398 	 -1.0184 	 0.0862 	 -0.7544 	 0.3659
3.0561 	 -0.2129 	 0.0705 	 -0.4172 	 -0.2208 	 0.2326 	 -1.0149 	 0.0585 	 -0.6996 	 0.3342
3.0661 	 -0.2151 	 0.0728 	 -0.4274 	 -0.2203 	 0.2258 	 -1.0117 	 0.0343 	 -0.6497 	 0.3044
3.0762 	 -0.2173 	 0.0751 	 -0.4375 	 -0.2201 	 0.2195 	 -1.0088 	 0.0126 	 -0.6038 	 0.2774
3.0862 	 -0.2195 	 0.0772 	 -0.4476 	 -0.2201 	 0.2137 	 -1.0061 	 -0.0072 	 -0.5613 	 0.2544
3.0962 	 -0.2217 	 0.0794 	 -0.4577 	 -0.2202 	 0.2083 	 -1.0037 	 -0.0257 	 -0.5213 	 0.2361
3.1062 	 -0.2239 	 0.0814 	 -0.4677 	 -0.2206 	 0.2032 	 -1.0014 	 -0.0432 	 -0.4838 	 0.2238
3.1162 	 -0.2261 	 0.0834 	 -0.4777 	 -0.2211 	 0.1986 	 -0.9992 	 -0.0592 	 -0.4489 	 0.2185
3.1263 	 -0.2284 	 0.0854 	 -0.4877 	 -0.2218 	 0.1942 	 -0.9970 	 -0.0730 	 -0.4172 	 0.2209
3.1363 	 -0.2306 	 0.0873 	 -0.4977 	 -0.2226 	 0.1902 	 -0.9947 	 -0.0833 	 -0.3904 	 0.2313
3.1463 	 -0.2328 	 0.0892 	 -0.5077 	 -0.2234 	 0.1864 	 -0.9923 	 -0.0883 	 -0.3704 	 0.2485
3.1563 	 -0.2351 	 0.0911 	 -0.5176 	 -0.2243 	 0.1827 	 -0.9897 	 -0.0867 	 -0.3592 	 0.2697
3.1663 	 -0.2373 	 0.0929 	 -0.5275 	 -0.2251 	 0.1792 	 -0.9869 	 -0.0777 	 -0.3578 	 0.2906
3.1764 	 -0.2396 	 0.0947 	 -0.5374 	 -0.2258 	 0.1755 	 -0.9839 	 -0.0622 	 -0.3655 	 0.3062
3.1864 	 -0.2418 	 0.0964 	 -0.5472 	 -0.2264 	 0.1718 	 -0.9808 	 -0.0423 	 -0.3796 	 0.3124
3.1964 	 -0.2441 	 0.0981 	 -0.5570 	 -0.2267 	 0.1679 	 -0.9777 	 -0.0210 	 -0.3965 	 0.3071
3.2064 	 -0.2464 	 0.0998 	 -0.5668 	 -0.2268 	 0.1639 	 -0.9747 	 -0.0010 	 -0.4124 	 0.2901
3.2164 	 -0.2487 	 0.1014 	 -0.5766 	 -0.2267 	 0.1597 	 -0.9719 	 0.0158 	 -0.4242 	 0.2624
3.2265 	 -0.2509 	 0.1030 	 -0.5863 	 -0.2265 	 0.1554 	 -0.9695 	 0.0285 	 -0.4300 	 0.2249
3.2365 	 -0.2532 	 0.1045 	 -0.5960 	 -0.2262 	 0.1511 	 -0.9674 	 0.0369 	 -0.4286 	 0.1772
3.2465 	 -0.2555 	 0.1060 	 -0.6057 	 -0.2258 	 0.1468 	 -0.9659 	 0.0411 	 -0.4190 	 0.1169
3.2565 	 -0.2577 	 0.1074 	 -0.6154 	 -0.2253 	 0.1427 	 -0.9652 	 0.0415 	 -0.3994 	 0.0382
3.2665 	 -0.2600 	 0.1088 	 -0.6250 	 -0.2249 	 0.1389 	 -0.9653 	 0.0385 	 -0.3670 	 -0.0708
3.2766 	 -0.2622 	 0.1102 	 -0.6347 	 -0.2246 	 0.1357 	 -0.9666 	 0.0121 	 -0.1318 	 -0.1712
3.2866 	 -0.2645 	 0.1116 	 -0.6444 	 -0.2245 	 0.1349 	 -0.9696 	 0.0020 	 -0.0352 	 -0.4488
3.2966 	 -0.2667 	 0.1129 	 -0.6542 	 -0.2245 	 0.1353 	 -0.9764 	 0.0016 	 0.1436 	 -0.9762
3.3066 	 -0.2690 	 0.1143 	 -0.6640 	 -0.2243 	 0.1384 	 -0.9915 	 0.0787 	 0.5468 	 -2.2326
3.3166 	 -0.2712 	 0.1158 	 -0.6742 	 -0.2208 	 0.1490 	 -1.0311 	 0.9676 	 1.8580 	 -6.8601
3.3267 	 -0.2724 	 0.1175 	 -0.6861 	 -0.0981 	 0.1863 	 -1.2497 	 95.8721 	 12.4867 	 -117.6098
3.3367 	 -0.2700 	 0.1164 	 -0.6928 	 0.7301 	 -0.3751 	 -0.2798 	 -83.7195 	 -17.2226 	 120.4971
3.3467 	 -0.2640 	 0.1129 	 -0.6951 	 0.3690 	 -0.3742 	 0.0137 	 -12.9465 	 2.2783 	 3.5215
3.3567 	 -0.2606 	 0.1092 	 -0.6949 	 0.2805 	 -0.3553 	 0.0262 	 -5.9015 	 1.4514 	 0.0933
3.3667 	 -0.2580 	 0.1057 	 -0.6947 	 0.2361 	 -0.3439 	 0.0242 	 -3.3129 	 0.8688 	 -0.3356
3.3768 	 -0.2558 	 0.1023 	 -0.6945 	 0.2095 	 -0.3370 	 0.0207 	 -2.1172 	 0.5349 	 -0.3354
3.3868 	 -0.2538 	 0.0989 	 -0.6943 	 0.1919 	 -0.3328 	 0.0177 	 -1.4706 	 0.3330 	 -0.2651
3.3968 	 -0.2519 	 0.0956 	 -0.6941 	 0.1792 	 -0.3301 	 0.0154 	 -1.0809 	 0.2032 	 -0.1919
3.4068 	 -0.2502 	 0.0923 	 -0.6940 	 0.1697 	 -0.3285 	 0.0138 	 -0.8269 	 0.1156 	 -0.1284
3.4168 	 -0.2485 	 0.0890 	 -0.6938 	 0.1624 	 -0.3277 	 0.0128 	 -0.6514 	 0.0539 	 -0.0755
3.4269 	 -0.2469 	 0.0857 	 -0.6937 	 0.1565 	 -0.3274 	 0.0123 	 -0.5243 	 0.0089 	 -0.0315
3.4369 	 -0.2454 	 0.0824 	 -0.6936 	 0.1518 	 -0.3275 	 0.0122 	 -0.4290 	 -0.0251 	 0.0053
3.4469 	 -0.2439 	 0.0792 	 -0.6935 	 0.1479 	 -0.3279 	 0.0124 	 -0.3552 	 -0.0514 	 0.0366
3.4569 	 -0.2424 	 0.0759 	 -0.6933 	 0.1446 	 -0.3285 	 0.0129 	 -0.2969 	 -0.0726 	 0.0634
3.4669 	 -0.2410 	 0.0726 	 -0.6932 	 0.1419 	 -0.3293 	 0.0136 	 -0.2498 	 -0.0901 	 0.0868
3.4770 	 -0.2395 	 0.0693 	 -0.6931 	 0.1396 	 -0.3303 	 0.0146 	 -0.2112 	 -0.1052 	 0.1072
3.4870 	 -0.2382 	 0.0660 	 -0.6929 	 0.1376 	 -0.3314 	 0.0158 	 -0.1791 	 -0.1185 	 0.1253
3.4970 	 -0.2368 	 0.0626 	 -0.6927 	 0.1360 	 -0.3327 	 0.0171 	 -0.1523 	 -0.1307 	 0.1412
3.5070 	 -0.2354 	 0.0593 	 -0.6926 	 0.1346 	 -0.3340 	 0.0186 	 -0.1297 	 -0.1422 	 0.1554
3.5170 	 -0.2341 	 0.0559 	 -0.6924 	 0.1334 	 -0.3355 	 0.0202 	 -0.1106 	 -0.1532 	 0.1679
3.5271 	 -0.2328 	 0.0526 	 -0.6922 	 0.1323 	 -0.3371 	 0.0220 	 -0.0944 	 -0.1641 	 0.1789
3.5371 	 -0.2314 	 0.0492 	 -0.6919 	 0.1315 	 -0.3388 	 0.0238 	 -0.0808 	 -0.1751 	 0.1885
3.5471 	 -0.2301 	 0.0458 	 -0.6917 	 0.1307 	 -0.3406 	 0.0257 	 -0.0694 	 -0.1862 	 0.1967
3.5571 	 -0.2288 	 0.0424 	 -0.6914 	 0.1301 	 -0.3425 	 0.0277 	 -0.0600 	 -0.1975 	 0.2034
3.5671 	 -0.2275 	 0.0389 	 -0.6911 	 0.1295 	 -0.3446 	 0.0298 	 -0.0524 	 -0.2093 	 0.2088
3.5772 	 -0.2262 	 0.0354 	 -0.6908 	 0.1290 	 -0.3467 	 0.0319 	 -0.0466 	 -0.2214 	 0.2126
3.5872 	 -0.2249 	 0.0320 	 -0.6905 	 0.1286 	 -0.3490 	 0.0341 	 -0.0424 	 -0.2338 	 0.2150
3.5972 	 -0.2236 	 0.0284 	 -0.6901 	 0.1281 	 -0.3514 	 0.0362 	 -0.0398 	 -0.2466 	 0.2156
3.6072 	 -0.2224 	 0.0249 	 -0.6898 	 0.1278 	 -0.3540 	 0.0384 	 -0.0388 	 -0.2596 	 0.2145
3.6172 	 -0.2211 	 0.0214 	 -0.6894 	 0.1274 	 -0.3566 	 0.0405 	 -0.0395 	 -0.2727 	 0.2115
3.6273 	 -0.2198 	 0.0178 	 -0.6889 	 0.1270 	 -0.3594 	 0.0426 	 -0.0417 	 -0.2855 	 0.2065
3.6373 	 -0.2185 	 0.0142 	 -0.6885 	 0.1265 	 -0.3623 	 0.0446 	 -0.0454 	 -0.2977 	 0.1993
3.6473 	 -0.2173 	 0.0105 	 -0.6881 	 0.1260 	 -0.3654 	 0.0466 	 -0.0508 	 -0.3090 	 0.1900
3.6573 	 -0.2160 	 0.0068 	 -0.6876 	 0.1255 	 -0.3685 	 0.0484 	 -0.0575 	 -0.3188 	 0.1786
3.6673 	 -0.2148 	 0.0031 	 -0.6871 	 0.1249 	 -0.3718 	 0.0502 	 -0.0656 	 -0.3265 	 0.1652
3.6774 	 -0.2135 	 -0.0006 	 -0.6866 	 0.1242 	 -0.3751 	 0.0517 	 -0.0748 	 -0.3315 	 0.1500
3.6874 	 -0.2123 	 -0.0044 	 -0.6860 	 0.1234 	 -0.3784 	 0.0532 	 -0.0847 	 -0.3332 	 0.1335
3.6974 	 -0.2110 	 -0.0082 	 -0.6855 	 0.1225 	 -0.3817 	 0.0544 	 -0.0950 	 -0.3312 	 0.1164
3.7074 	 -0.2098 	 -0.0120 	 -0.6850 	 0.1215 	 -0.3850 	 0.0555 	 -0.1053 	 -0.3252 	 0.0991
3.7174 	 -0.2086 	 -0.0159 	 -0.6844 	 0.1204 	 -0.3882 	 0.0564 	 -0.1149 	 -0.3150 	 0.0827
3.7275 	 -0.2074 	 -0.0198 	 -0.6838 	 0.1192 	 -0.3913 	 0.0572 	 -0.1236 	 -0.3009 	 0.0677
3.7375 	 -0.2062 	 -0.0238 	 -0.6833 	 0.1179 	 -0.3943 	 0.0578 	 -0.1307 	 -0.2832 	 0.0551
3.7475 	 -0.2050 	 -0.0277 	 -0.6827 	 0.1166 	 -0.3970 	 0.0583 	 -0.1361 	 -0.2627 	 0.0453
3.7575 	 -0.2039 	 -0.0317 	 -0.6821 	 0.1152 	 -0.3995 	 0.0587 	 -0.1395 	 -0.2402 	 0.0386
3.7675 	 -0.2027 	 -0.0357 	 -0.6815 	 0.1138 	 -0.4018 	 0.0591 	 -0.1409 	 -0.2166 	 0.0353
3.7776 	 -0.2016 	 -0.0398 	 -0.6809 	 0.1124 	 -0.4038 	 0.0594 	 -0.1403 	 -0.1928 	 0.0353
3.7876 	 -0.2005 	 -0.0438 	 -0.6803 	 0.1110 	 -0.4057 	 0.0598 	 -0.1381 	 -0.1695 	 0.0382
3.7976 	 -0.1994 	 -0.0479 	 -0.6797 	 0.1096 	 -0.4073 	 0.0602 	 -0.1344 	 -0.1474 	 0.0437
3.8076 	 -0.1983 	 -0.0520 	 -0.6791 	 0.1083 	 -0.4086 	 0.0607 	 -0.1295 	 -0.1270 	 0.0513
3.8176 	 -0.1972 	 -0.0561 	 -0.6785 	 0.1070 	 -0.4098 	 0.0612 	 -0.1238 	 -0.1085 	 0.0605
3.8277 	 -0.1961 	 -0.0602 	 -0.6779 	 0.1058 	 -0.4108 	 0.0619 	 -0.1175 	 -0.0920 	 0.0709
3.8377 	 -0.1951 	 -0.0643 	 -0.6772 	 0.1047 	 -0.4117 	 0.0626 	 -0.1109 	 -0.0776 	 0.0821
3.8477 	 -0.1940 	 -0.0684 	 -0.6766 	 0.1036 	 -0.4124 	 0.0635 	 -0.1042 	 -0.0651 	 0.0937
3.8577 	 -0.1930 	 -0.0726 	 -0.6760 	 0.1026 	 -0.4130 	 0.0645 	 -0.0975 	 -0.0545 	 0.1054
3.8677 	 -0.1920 	 -0.0767 	 -0.6753 	 0.1016 	 -0.4135 	 0.0656 	 -0.0910 	 -0.0455 	 0.1171
3.8778 	 -0.1910 	 -0.0809 	 -0.6747 	 0.1007 	 -0.4139 	 0.0669 	 -0.0848 	 -0.0380 	 0.1286
3.8878 	 -0.1900 	 -0.0850 	 -0.6740 	 0.0999 	 -0.4142 	 0.0682 	 -0.0789 	 -0.0318 	 0.1397
3.8978 	 -0.1890 	 -0.0892 	 -0.6733 	 0.0992 	 -0.4145 	 0.0697 	 -0.0734 	 -0.0268 	 0.1505
3.9078 	 -0.1880 	 -0.0933 	 -0.6726 	 0.0985 	 -0.4148 	 0.0712 	 -0.0682 	 -0.0227 	 0.1608
3.9178 	 -0.1870 	 -0.0975 	 -0.6719 	 0.0978 	 -0.4150 	 0.0729 	 -0.0634 	 -0.0195 	 0.1707
3.9279 	 -0.1860 	 -0.1016 	 -0.6711 	 0.0972 	 -0.4152 	 0.0746 	 -0.0590 	 -0.0170 	 0.1802
3.9379 	 -0.1850 	 -0.1058 	 -0.6704 	 0.0966 	 -0.4153 	 0.0765 	 -0.0549 	 -0.0151 	 0.1892
3.9479 	 -0.1841 	 -0.1100 	 -0.6696 	 0.0961 	 -0.4155 	 0.0784 	 -0.0512 	 -0.0137 	 0.1979
3.9579 	 -0.1831 	 -0.1141 	 -0.6688 	 0.0956 	 -0.4156 	 0.0805 	 -0.0479 	 -0.0127 	 0.2062
3.9679 	 -0.1822 	 -0.1183 	 -0.6680 	 0.0951 	 -0.4157 	 0.0826 	 -0.0448 	 -0.0121 	 0.2143
3.9780 	 -0.1812 	 -0.1225 	 -0.6671 	 0.0947 	 -0.4158 	 0.0848 	 -0.0420 	 -0.0118 	 0.2220
3.9880 	 -0.1803 	 -0.1266 	 -0.6663 	 0.0943 	 -0.4160 	 0.0870 	 -0.0395 	 -0.0117 	 0.2296
3.9980 	 -0.1793 	 -0.1308 	 -0.6654 	 0.0939 	 -0.4161 	 0.0894 	 -0.0373 	 -0.0119 	 0.2370
4.0080 	 -0.1784 	 -0.1350 	 -0.6645 	 0.0935 	 -0.4162 	 0.0918 	 -0.0353 	 -0.0122 	 0.2442
4.0180 	 -0.1775 	 -0.1391 	 -0.6636 	 0.0932 	 -0.4163 	 0.0942 	 -0.0336 	 -0.0127 	 0.2513
4.0281 	 -0.1765 	 -0.1433 	 -0.6626 	 0.0929 	 -0.4165 	 0.0968 	 -0.0321 	 -0.0134 	 0.2584
4.0381 	 -0.1756 	 -0.1475 	 -0.6616 	 0.0925 	 -0.4166 	 0.0994 	 -0.0307 	 -0.0141 	 0.2654
4.0481 	 -0.1747 	 -0.1516 	 -0.6606 	 0.0922 	 -0.4167 	 0.1021 	 -0.0296 	 -0.0149 	 0.2725
4.0581 	 -0.1737 	 -0.1558 	 -0.6596 	 0.0919 	 -0.4169 	 0.1049 	 -0.0287 	 -0.0158 	 0.2796
4.0681 	 -0.1728 	 -0.1600 	 -0.6585 	 0.0917 	 -0.4171 	 0.1077 	 -0.0279 	 -0.0167 	 0.2868
4.0782 	 -0.1719 	 -0.1642 	 -0.6574 	 0.0914 	 -0.4172 	 0.1106 	 -0.0274 	 -0.0176 	 0.2942
4.0882 	 -0.1710 	 -0.1684 	 -0.6563 	 0.0911 	 -0.4174 	 0.1136 	 -0.0270 	 -0.0186 	 0.3017
4.0982 	 -0.1701 	 -0.1725 	 -0.6551 	 0.0908 	 -0.4176 	 0.1167 	 -0.0268 	 -0.0196 	 0.3095
4.1082 	 -0.1692 	 -0.1767 	 -0.6539 	 0.0906 	 -0.4178 	 0.1198 	 -0.0268 	 -0.0206 	 0.3175
4.1182 	 -0.1683 	 -0.1809 	 -0.6527 	 0.0903 	 -0.4180 	 0.1230 	 -0.0270 	 -0.0215 	 0.3258
4.1283 	 -0.1674 	 -0.1851 	 -0.6515 	 0.0900 	 -0.4182 	 0.1263 	 -0.0273 	 -0.0224 	 0.3345
4.1383 	 -0.1665 	 -0.1893 	 -0.6502 	 0.0898 	 -0.4185 	 0.1297 	 -0.0279 	 -0.0232 	 0.3435
4.1483 	 -0.1656 	 -0.1935 	 -0.6489 	 0.0895 	 -0.4187 	 0.1332 	 -0.0287 	 -0.0240 	 0.3531
4.1583 	 -0.1647 	 -0.1977 	 -0.6475 	 0.0892 	 -0.4189 	 0.1368 	 -0.0298 	 -0.0246 	 0.3631
4.1683 	 -0.1638 	 -0.2019 	 -0.6461 	 0.0889 	 -0.4192 	 0.1405 	 -0.0310 	 -0.0251 	 0.3736
4.1784 	 -0.1629 	 -0.2061 	 -0.6447 	 0.0886 	 -0.4194 	 0.1443 	 -0.0326 	 -0.0254 	 0.3848
4.1884 	 -0.1620 	 -0.2103 	 -0.6432 	 0.0882 	 -0.4197 	 0.1482 	 -0.0344 	 -0.0254 	 0.3967
4.1984 	 -0.1611 	 -0.2145 	 -0.6417 	 0.0879 	 -0.4199 	 0.1523 	 -0.0366 	 -0.0252 	 0.4093
4.2084 	 -0.1602 	 -0.2187 	 -0.6402 	 0.0875 	 -0.4202 	 0.1564 	 -0.0391 	 -0.0247 	 0.4226
4.2184 	 -0.1594 	 -0.2229 	 -0.6386 	 0.0871 	 -0.4204 	 0.1607 	 -0.0420 	 -0.0237 	 0.4369
4.2285 	 -0.1585 	 -0.2271 	 -0.6370 	 0.0866 	 -0.4207 	 0.1652 	 -0.0453 	 -0.0223 	 0.4521
4.2385 	 -0.1576 	 -0.2314 	 -0.6353 	 0.0862 	 -0.4209 	 0.1698 	 -0.0491 	 -0.0203 	 0.4684
4.2485 	 -0.1568 	 -0.2356 	 -0.6336 	 0.0857 	 -0.4211 	 0.1746 	 -0.0534 	 -0.0176 	 0.4857
4.2585 	 -0.1559 	 -0.2398 	 -0.6318 	 0.0851 	 -0.4212 	 0.1795 	 -0.0583 	 -0.0141 	 0.5043
4.2685 	 -0.1551 	 -0.2440 	 -0.6300 	 0.0845 	 -0.4214 	 0.1847 	 -0.0638 	 -0.0096 	 0.5241
4.2786 	 -0.1542 	 -0.2482 	 -0.6281 	 0.0838 	 -0.4214 	 0.1900 	 -0.0700 	 -0.0040 	 0.5453
4.2886 	 -0.1534 	 -0.2525 	 -0.6262 	 0.0831 	 -0.4214 	 0.1956 	 -0.0770 	 0.0029 	 0.5679
4.2986 	 -0.1526 	 -0.2567 	 -0.6242 	 0.0823 	 -0.4214 	 0.2014 	 -0.0849 	 0.0114 	 0.5920
4.3086 	 -0.1517 	 -0.2609 	 -0.6221 	 0.0814 	 -0.4212 	 0.2075 	 -0.0937 	 0.0217 	 0.6177
4.3186 	 -0.1509 	 -0.2651 	 -0.6200 	 0.0804 	 -0.4209 	 0.2138 	 -0.1035 	 0.0342 	 0.6450
4.3287 	 -0.1501 	 -0.2693 	 -0.6178 	 0.0793 	 -0.4205 	 0.2204 	 -0.1144 	 0.0493 	 0.6739
4.3387 	 -0.1493 	 -0.2735 	 -0.6156 	 0.0781 	 -0.4199 	 0.2273 	 -0.1265 	 0.0673 	 0.7044
4.3487 	 -0.1486 	 -0.2778 	 -0.6133 	 0.0768 	 -0.4191 	 0.2345 	 -0.1398 	 0.0889 	 0.7364
4.3587 	 -0.1478 	 -0.2819 	 -0.6109 	 0.0753 	 -0.4181 	 0.2421 	 -0.1544 	 0.1146 	 0.7698
4.3687 	 -0.1471 	 -0.2861 	 -0.6084 	 0.0737 	 -0.4168 	 0.2500 	 -0.1702 	 0.1450 	 0.8042
4.3788 	 -0.1463 	 -0.2903 	 -0.6059 	 0.0719 	 -0.4152 	 0.2582 	 -0.1872 	 0.1809 	 0.8393
4.3888 	 -0.1456 	 -0.2944 	 -0.6032 	 0.0699 	 -0.4132 	 0.2668 	 -0.2052 	 0.2230 	 0.8744
4.3988 	 -0.1449 	 -0.2986 	 -0.6005 	 0.0678 	 -0.4107 	 0.2757 	 -0.2240 	 0.2721 	 0.9086
4.4088 	 -0.1443 	 -0.3027 	 -0.5977 	 0.0654 	 -0.4077 	 0.2850 	 -0.2433 	 0.3290 	 0.9407
4.4188 	 -0.1436 	 -0.3067 	 -0.5948 	 0.0629 	 -0.4041 	 0.2946 	 -0.2624 	 0.3941 	 0.9693
4.4289 	 -0.1430 	 -0.3108 	 -0.5918 	 0.0602 	 -0.3998 	 0.3044 	 -0.2806 	 0.4677 	 0.9923
4.4389 	 -0.1424 	 -0.3147 	 -0.5887 	 0.0573 	 -0.3947 	 0.3144 	 -0.2971 	 0.5496 	 1.0077
4.4489 	 -0.1419 	 -0.3187 	 -0.5855 	 0.0542 	 -0.3887 	 0.3246 	 -0.3107 	 0.6387 	 1.0130
4.4589 	 -0.1413 	 -0.3225 	 -0.5822 	 0.0511 	 -0.3819 	 0.3347 	 -0.3202 	 0.7333 	 1.0056
4.4689 	 -0.1408 	 -0.3263 	 -0.5788 	 0.0478 	 -0.3740 	 0.3447 	 -0.3245 	 0.8304 	 0.9835
4.4790 	 -0.1404 	 -0.3300 	 -0.5753 	 0.0446 	 -0.3652 	 0.3543 	 -0.3223 	 0.9264 	 0.9451
4.4890 	 -0.1399 	 -0.3336 	 -0.5717 	 0.0414 	 -0.3555 	 0.3635 	 -0.3131 	 1.0168 	 0.8902
4.4990 	 -0.1395 	 -0.3371 	 -0.5680 	 0.0383 	 -0.3449 	 0.3721 	 -0.2965 	 1.0970 	 0.8196
4.5090 	 -0.1392 	 -0.3405 	 -0.5642 	 0.0355 	 -0.3336 	 0.3799 	 -0.2728 	 1.1625 	 0.7358
4.5190 	 -0.1388 	 -0.3438 	 -0.5604 	 0.0329 	 -0.3217 	 0.3868 	 -0.2431 	 1.2100 	 0.6426
4.5291 	 -0.1385 	 -0.3470 	 -0.5565 	 0.0306 	 -0.3094 	 0.3928 	 -0.2088 	 1.2377 	 0.5445
4.5391 	 -0.1382 	 -0.3500 	 -0.5525 	 0.0287 	 -0.2969 	 0.3978 	 -0.1716 	 1.2454 	 0.4462
4.5491 	 -0.1379 	 -0.3529 	 -0.5485 	 0.0272 	 -0.2845 	 0.4017 	 -0.1333 	 1.2345 	 0.3520
4.5591 	 -0.1377 	 -0.3557 	 -0.5445 	 0.0260 	 -0.2722 	 0.4048 	 -0.0957 	 1.2078 	 0.2655
4.5691 	 -0.1374 	 -0.3584 	 -0.5404 	 0.0253 	 -0.2603 	 0.4071 	 -0.0601 	 1.1686 	 0.1889
4.5792 	 -0.1372 	 -0.3609 	 -0.5363 	 0.0248 	 -0.2488 	 0.4087 	 -0.0273 	 1.1204 	 0.1234
4.5892 	 -0.1369 	 -0.3634 	 -0.5322 	 0.0247 	 -0.2379 	 0.4096 	 0.0019 	 1.0668 	 0.0693
4.5992 	 -0.1367 	 -0.3657 	 -0.5281 	 0.0248 	 -0.2275 	 0.4101 	 0.0275 	 1.0107 	 0.0261
4.6092 	 -0.1364 	 -0.3679 	 -0.5240 	 0.0252 	 -0.2176 	 0.4102 	 0.0495 	 0.9544 	 -0.0072
4.6192 	 -0.1361 	 -0.3701 	 -0.5199 	 0.0258 	 -0.2083 	 0.4100 	 0.0679 	 0.8999 	 -0.0319
4.6293 	 -0.1359 	 -0.3721 	 -0.5158 	 0.0266 	 -0.1996 	 0.4096 	 0.0833 	 0.8483 	 -0.0495
4.6393 	 -0.1356 	 -0.3741 	 -0.5117 	 0.0275 	 -0.1913 	 0.4090 	 0.0958 	 0.8004 	 -0.0611
4.6493 	 -0.1353 	 -0.3760 	 -0.5076 	 0.0285 	 -0.1835 	 0.4083 	 0.1059 	 0.7568 	 -0.0680
4.6593 	 -0.1350 	 -0.3778 	 -0.5035 	 0.0296 	 -0.1761 	 0.4076 	 0.1139 	 0.7174 	 -0.0715
4.6693 	 -0.1347 	 -0.3795 	 -0.4995 	 0.0308 	 -0.1691 	 0.4069 	 0.1201 	 0.6823 	 -0.0723
4.6794 	 -0.1344 	 -0.3812 	 -0.4954 	 0.0320 	 -0.1625 	 0.4062 	 0.1249 	 0.6513 	 -0.0713
4.6894 	 -0.1341 	 -0.3827 	 -0.4913 	 0.0333 	 -0.1561 	 0.4055 	 0.1284 	 0.6241 	 -0.0692
4.6994 	 -0.1338 	 -0.3843 	 -0.4873 	 0.0346 	 -0.1499 	 0.4048 	 0.1309 	 0.6003 	 -0.0666
4.7094 	 -0.1334 	 -0.3858 	 -0.4832 	 0.0359 	 -0.1440 	 0.4042 	 0.1326 	 0.5797 	 -0.0638
4.7194 	 -0.1330 	 -0.3872 	 -0.4792 	 0.0372 	 -0.1383 	 0.4035 	 0.1336 	 0.5616 	 -0.0612
4.7295 	 -0.1327 	 -0.3885 	 -0.4751 	 0.0386 	 -0.1328 	 0.4029 	 0.1341 	 0.5459 	 -0.0589
4.7395 	 -0.1323 	 -0.3898 	 -0.4711 	 0.0399 	 -0.1274 	 0.4024 	 0.1343 	 0.5321 	 -0.0572
4.7495 	 -0.1319 	 -0.3911 	 -0.4670 	 0.0413 	 -0.1221 	 0.4018 	 0.1342 	 0.5198 	 -0.0561
4.7595 	 -0.1314 	 -0.3923 	 -0.4630 	 0.0426 	 -0.1169 	 0.4012 	 0.1341 	 0.5088 	 -0.0556
4.7695 	 -0.1310 	 -0.3934 	 -0.4590 	 0.0439 	 -0.1119 	 0.4007 	 0.1339 	 0.4988 	 -0.0557
4.7796 	 -0.1306 	 -0.3945 	 -0.4550 	 0.0453 	 -0.1070 	 0.4001 	 0.1338 	 0.4896 	 -0.0562
4.7896 	 -0.1301 	 -0.3956 	 -0.4510 	 0.0466 	 -0.1021 	 0.3995 	 0.1338 	 0.4811 	 -0.0570
4.7996 	 -0.1296 	 -0.3966 	 -0.4470 	 0.0480 	 -0.0973 	 0.3990 	 0.1340 	 0.4731 	 -0.0581
4.8096 	 -0.1291 	 -0.3975 	 -0.4430 	 0.0493 	 -0.0926 	 0.3984 	 0.1344 	 0.4657 	 -0.0592
4.8196 	 -0.1286 	 -0.3984 	 -0.4390 	 0.0507 	 -0.0880 	 0.3978 	 0.1350 	 0.4588 	 -0.0604
4.8297 	 -0.1281 	 -0.3993 	 -0.4350 	 0.0520 	 -0.0834 	 0.3972 	 0.1357 	 0.4523 	 -0.0615
4.8397 	 -0.1276 	 -0.4001 	 -0.4310 	 0.0534 	 -0.0789 	 0.3965 	 0.1366 	 0.4464 	 -0.0624
4.8497 	 -0.1271 	 -0.4009 	 -0.4271 	 0.0548 	 -0.0745 	 0.3959 	 0.1376 	 0.4410 	 -0.0632
4.8597 	 -0.1265 	 -0.4016 	 -0.4231 	 0.0561 	 -0.0701 	 0.3953 	 0.1386 	 0.4360 	 -0.0637
4.8697 	 -0.1259 	 -0.4023 	 -0.4192 	 0.0575 	 -0.0657 	 0.3946 	 0.1396 	 0.4316 	 -0.0640
4.8798 	 -0.1253 	 -0.4029 	 -0.4152 	 0.0589 	 -0.0614 	 0.3940 	 0.1405 	 0.4277 	 -0.0640
4.8898 	 -0.1247 	 -0.4035 	 -0.4113 	 0.0603 	 -0.0572 	 0.3934 	 0.1413 	 0.4242 	 -0.0638
4.8998 	 -0.1241 	 -0.4041 	 -0.4073 	 0.0618 	 -0.0529 	 0.3927 	 0.1419 	 0.4212 	 -0.0633
4.9098 	 -0.1235 	 -0.4046 	 -0.4034 	 0.0632 	 -0.0487 	 0.3921 	 0.1423 	 0.4186 	 -0.0626
4.9198 	 -0.1229 	 -0.4050 	 -0.3995 	 0.0646 	 -0.0445 	 0.3915 	 0.1424 	 0.4162 	 -0.0618
4.9299 	 -0.1222 	 -0.4055 	 -0.3955 	 0.0660 	 -0.0404 	 0.3909 	 0.1421 	 0.4141 	 -0.0608
4.9399 	 -0.1215 	 -0.4058 	 -0.3916 	 0.0675 	 -0.0362 	 0.3903 	 0.1416 	 0.4122 	 -0.0596
4.9499 	 -0.1209 	 -0.4062 	 -0.3877 	 0.0689 	 -0.0321 	 0.3897 	 0.1407 	 0.4104 	 -0.0582
4.9599 	 -0.1202 	 -0.4065 	 -0.3838 	 0.0703 	 -0.0280 	 0.3891 	 0.1395 	 0.4087 	 -0.0568
4.9699 	 -0.1195 	 -0.4067 	 -0.3799 	 0.0717 	 -0.0239 	 0.3885 	 0.1379 	 0.4069 	 -0.0552
4.9800 	 -0.1187 	 -0.4070 	 -0.3760 	 0.0730 	 -0.0198 	 0.3880 	 0.1361 	 0.4051 	 -0.0535
4.9900 	 -0.1180 	 -0.4071 	 -0.3722 	 0.0744 	 -0.0158 	 0.3874 	 0.1339 	 0.4031 	 -0.0518
