100-Body Run with i = 66 th particle. (Units in pc,M_solar,Myr, km s-1) 

time		 x 		 y 		 z 		 xdot 		 ydot 		 zdot 		 xddot 		 yddot 		 zddot
0.0000 	 -0.2225 	 0.3162 	 1.5410 	 0.0090 	 0.0087 	 0.0174 	 0.1123 	 -0.0893 	 -0.1900
0.0100 	 -0.2224 	 0.3163 	 1.5411 	 0.0102 	 0.0078 	 0.0155 	 0.1123 	 -0.0892 	 -0.1901
0.0200 	 -0.2223 	 0.3164 	 1.5413 	 0.0113 	 0.0069 	 0.0136 	 0.1123 	 -0.0892 	 -0.1901
0.0301 	 -0.2222 	 0.3164 	 1.5414 	 0.0124 	 0.0060 	 0.0117 	 0.1123 	 -0.0893 	 -0.1903
0.0401 	 -0.2220 	 0.3165 	 1.5415 	 0.0135 	 0.0051 	 0.0098 	 0.1125 	 -0.0892 	 -0.1902
0.0501 	 -0.2219 	 0.3165 	 1.5416 	 0.0147 	 0.0043 	 0.0079 	 0.1127 	 -0.0890 	 -0.1891
0.0601 	 -0.2217 	 0.3166 	 1.5417 	 0.0158 	 0.0034 	 0.0060 	 0.1123 	 -0.0890 	 -0.1887
0.0701 	 -0.2216 	 0.3166 	 1.5417 	 0.0169 	 0.0025 	 0.0041 	 0.1119 	 -0.0891 	 -0.1890
0.0802 	 -0.2214 	 0.3166 	 1.5418 	 0.0180 	 0.0016 	 0.0022 	 0.1117 	 -0.0892 	 -0.1894
0.0902 	 -0.2212 	 0.3166 	 1.5418 	 0.0192 	 0.0007 	 0.0003 	 0.1114 	 -0.0893 	 -0.1899
0.1002 	 -0.2210 	 0.3166 	 1.5418 	 0.0203 	 -0.0002 	 -0.0016 	 0.1110 	 -0.0894 	 -0.1905
0.1102 	 -0.2208 	 0.3166 	 1.5418 	 0.0214 	 -0.0011 	 -0.0035 	 0.1104 	 -0.0896 	 -0.1912
0.1202 	 -0.2206 	 0.3166 	 1.5417 	 0.0225 	 -0.0020 	 -0.0054 	 0.1097 	 -0.0897 	 -0.1918
0.1303 	 -0.2204 	 0.3166 	 1.5416 	 0.0236 	 -0.0029 	 -0.0073 	 0.1088 	 -0.0898 	 -0.1923
0.1403 	 -0.2201 	 0.3166 	 1.5416 	 0.0247 	 -0.0038 	 -0.0093 	 0.1078 	 -0.0899 	 -0.1925
0.1503 	 -0.2199 	 0.3165 	 1.5415 	 0.0257 	 -0.0047 	 -0.0112 	 0.1068 	 -0.0899 	 -0.1924
0.1603 	 -0.2196 	 0.3165 	 1.5413 	 0.0268 	 -0.0056 	 -0.0131 	 0.1060 	 -0.0899 	 -0.1916
0.1703 	 -0.2193 	 0.3164 	 1.5412 	 0.0279 	 -0.0065 	 -0.0150 	 0.1054 	 -0.0898 	 -0.1893
0.1804 	 -0.2190 	 0.3163 	 1.5410 	 0.0289 	 -0.0074 	 -0.0169 	 0.1054 	 -0.0894 	 -0.1871
0.1904 	 -0.2187 	 0.3163 	 1.5409 	 0.0300 	 -0.0083 	 -0.0188 	 0.1062 	 -0.0892 	 -0.1856
0.2004 	 -0.2184 	 0.3162 	 1.5407 	 0.0310 	 -0.0092 	 -0.0206 	 0.1073 	 -0.0890 	 -0.1846
0.2104 	 -0.2181 	 0.3161 	 1.5404 	 0.0321 	 -0.0101 	 -0.0225 	 0.1085 	 -0.0891 	 -0.1841
0.2204 	 -0.2178 	 0.3160 	 1.5402 	 0.0332 	 -0.0110 	 -0.0243 	 0.1098 	 -0.0892 	 -0.1839
0.2305 	 -0.2175 	 0.3159 	 1.5400 	 0.0343 	 -0.0119 	 -0.0262 	 0.1111 	 -0.0893 	 -0.1839
0.2405 	 -0.2171 	 0.3157 	 1.5397 	 0.0354 	 -0.0128 	 -0.0280 	 0.1122 	 -0.0895 	 -0.1840
0.2505 	 -0.2167 	 0.3156 	 1.5394 	 0.0366 	 -0.0137 	 -0.0298 	 0.1134 	 -0.0898 	 -0.1842
0.2605 	 -0.2164 	 0.3155 	 1.5391 	 0.0377 	 -0.0146 	 -0.0317 	 0.1144 	 -0.0900 	 -0.1843
0.2705 	 -0.2160 	 0.3153 	 1.5388 	 0.0389 	 -0.0155 	 -0.0335 	 0.1154 	 -0.0903 	 -0.1845
0.2806 	 -0.2156 	 0.3151 	 1.5384 	 0.0400 	 -0.0164 	 -0.0354 	 0.1164 	 -0.0905 	 -0.1845
0.2906 	 -0.2152 	 0.3150 	 1.5381 	 0.0412 	 -0.0173 	 -0.0372 	 0.1172 	 -0.0908 	 -0.1846
0.3006 	 -0.2148 	 0.3148 	 1.5377 	 0.0424 	 -0.0182 	 -0.0391 	 0.1180 	 -0.0911 	 -0.1846
0.3106 	 -0.2143 	 0.3146 	 1.5373 	 0.0436 	 -0.0191 	 -0.0409 	 0.1187 	 -0.0914 	 -0.1845
0.3206 	 -0.2139 	 0.3144 	 1.5368 	 0.0448 	 -0.0200 	 -0.0428 	 0.1193 	 -0.0917 	 -0.1844
0.3307 	 -0.2134 	 0.3142 	 1.5364 	 0.0460 	 -0.0210 	 -0.0446 	 0.1199 	 -0.0921 	 -0.1843
0.3407 	 -0.2130 	 0.3140 	 1.5360 	 0.0472 	 -0.0219 	 -0.0465 	 0.1204 	 -0.0924 	 -0.1841
0.3507 	 -0.2125 	 0.3138 	 1.5355 	 0.0484 	 -0.0228 	 -0.0483 	 0.1208 	 -0.0927 	 -0.1840
0.3607 	 -0.2120 	 0.3135 	 1.5350 	 0.0496 	 -0.0237 	 -0.0502 	 0.1212 	 -0.0931 	 -0.1838
0.3707 	 -0.2115 	 0.3133 	 1.5345 	 0.0508 	 -0.0247 	 -0.0520 	 0.1215 	 -0.0934 	 -0.1836
0.3808 	 -0.2110 	 0.3130 	 1.5339 	 0.0520 	 -0.0256 	 -0.0538 	 0.1218 	 -0.0938 	 -0.1835
0.3908 	 -0.2105 	 0.3128 	 1.5334 	 0.0532 	 -0.0266 	 -0.0557 	 0.1220 	 -0.0941 	 -0.1833
0.4008 	 -0.2099 	 0.3125 	 1.5328 	 0.0545 	 -0.0275 	 -0.0575 	 0.1223 	 -0.0943 	 -0.1831
0.4108 	 -0.2094 	 0.3122 	 1.5322 	 0.0557 	 -0.0284 	 -0.0594 	 0.1224 	 -0.0946 	 -0.1830
0.4208 	 -0.2088 	 0.3119 	 1.5316 	 0.0569 	 -0.0294 	 -0.0612 	 0.1226 	 -0.0948 	 -0.1828
0.4309 	 -0.2082 	 0.3116 	 1.5310 	 0.0581 	 -0.0303 	 -0.0630 	 0.1227 	 -0.0950 	 -0.1827
0.4409 	 -0.2076 	 0.3113 	 1.5304 	 0.0594 	 -0.0313 	 -0.0648 	 0.1227 	 -0.0951 	 -0.1826
0.4509 	 -0.2070 	 0.3110 	 1.5297 	 0.0606 	 -0.0322 	 -0.0667 	 0.1228 	 -0.0953 	 -0.1826
0.4609 	 -0.2064 	 0.3107 	 1.5290 	 0.0618 	 -0.0332 	 -0.0685 	 0.1228 	 -0.0954 	 -0.1826
0.4709 	 -0.2058 	 0.3104 	 1.5283 	 0.0631 	 -0.0342 	 -0.0703 	 0.1228 	 -0.0954 	 -0.1826
0.4810 	 -0.2052 	 0.3100 	 1.5276 	 0.0643 	 -0.0351 	 -0.0722 	 0.1227 	 -0.0955 	 -0.1827
0.4910 	 -0.2045 	 0.3096 	 1.5269 	 0.0655 	 -0.0361 	 -0.0740 	 0.1227 	 -0.0956 	 -0.1829
0.5010 	 -0.2039 	 0.3093 	 1.5261 	 0.0667 	 -0.0370 	 -0.0758 	 0.1227 	 -0.0956 	 -0.1831
0.5110 	 -0.2032 	 0.3089 	 1.5254 	 0.0680 	 -0.0380 	 -0.0777 	 0.1217 	 -0.0945 	 -0.1791
0.5210 	 -0.2025 	 0.3085 	 1.5246 	 0.0692 	 -0.0389 	 -0.0795 	 0.1214 	 -0.0947 	 -0.1791
0.5311 	 -0.2018 	 0.3081 	 1.5238 	 0.0704 	 -0.0399 	 -0.0812 	 0.1214 	 -0.0948 	 -0.1794
0.5411 	 -0.2011 	 0.3077 	 1.5230 	 0.0716 	 -0.0408 	 -0.0830 	 0.1215 	 -0.0949 	 -0.1797
0.5511 	 -0.2004 	 0.3073 	 1.5221 	 0.0728 	 -0.0418 	 -0.0848 	 0.1215 	 -0.0950 	 -0.1802
0.5611 	 -0.1996 	 0.3069 	 1.5213 	 0.0741 	 -0.0427 	 -0.0867 	 0.1216 	 -0.0951 	 -0.1806
0.5711 	 -0.1989 	 0.3065 	 1.5204 	 0.0753 	 -0.0437 	 -0.0885 	 0.1217 	 -0.0953 	 -0.1811
0.5812 	 -0.1981 	 0.3060 	 1.5195 	 0.0765 	 -0.0446 	 -0.0903 	 0.1219 	 -0.0954 	 -0.1816
0.5912 	 -0.1973 	 0.3056 	 1.5186 	 0.0777 	 -0.0456 	 -0.0921 	 0.1221 	 -0.0956 	 -0.1821
0.6012 	 -0.1966 	 0.3051 	 1.5176 	 0.0789 	 -0.0466 	 -0.0939 	 0.1223 	 -0.0959 	 -0.1827
0.6112 	 -0.1958 	 0.3046 	 1.5167 	 0.0802 	 -0.0475 	 -0.0958 	 0.1226 	 -0.0961 	 -0.1833
0.6212 	 -0.1949 	 0.3041 	 1.5157 	 0.0814 	 -0.0485 	 -0.0976 	 0.1229 	 -0.0964 	 -0.1839
0.6313 	 -0.1941 	 0.3037 	 1.5147 	 0.0826 	 -0.0495 	 -0.0995 	 0.1232 	 -0.0967 	 -0.1845
0.6413 	 -0.1933 	 0.3032 	 1.5137 	 0.0839 	 -0.0504 	 -0.1013 	 0.1236 	 -0.0970 	 -0.1851
0.6513 	 -0.1924 	 0.3026 	 1.5127 	 0.0851 	 -0.0514 	 -0.1032 	 0.1240 	 -0.0973 	 -0.1857
0.6613 	 -0.1916 	 0.3021 	 1.5117 	 0.0864 	 -0.0524 	 -0.1050 	 0.1245 	 -0.0977 	 -0.1864
0.6713 	 -0.1907 	 0.3016 	 1.5106 	 0.0876 	 -0.0534 	 -0.1069 	 0.1249 	 -0.0980 	 -0.1870
0.6814 	 -0.1898 	 0.3011 	 1.5095 	 0.0889 	 -0.0543 	 -0.1088 	 0.1251 	 -0.0985 	 -0.1852
0.6914 	 -0.1889 	 0.3005 	 1.5084 	 0.0901 	 -0.0553 	 -0.1106 	 0.1247 	 -0.0988 	 -0.1811
0.7014 	 -0.1880 	 0.2999 	 1.5073 	 0.0914 	 -0.0563 	 -0.1124 	 0.1250 	 -0.0991 	 -0.1808
0.7114 	 -0.1871 	 0.2994 	 1.5062 	 0.0926 	 -0.0573 	 -0.1142 	 0.1255 	 -0.0995 	 -0.1812
0.7214 	 -0.1862 	 0.2988 	 1.5050 	 0.0939 	 -0.0583 	 -0.1160 	 0.1261 	 -0.1000 	 -0.1818
0.7315 	 -0.1852 	 0.2982 	 1.5038 	 0.0951 	 -0.0593 	 -0.1179 	 0.1267 	 -0.1004 	 -0.1825
0.7415 	 -0.1843 	 0.2976 	 1.5027 	 0.0964 	 -0.0603 	 -0.1197 	 0.1273 	 -0.1009 	 -0.1832
0.7515 	 -0.1833 	 0.2970 	 1.5014 	 0.0977 	 -0.0613 	 -0.1215 	 0.1280 	 -0.1014 	 -0.1839
0.7615 	 -0.1823 	 0.2964 	 1.5002 	 0.0990 	 -0.0624 	 -0.1234 	 0.1286 	 -0.1019 	 -0.1846
0.7715 	 -0.1813 	 0.2957 	 1.4990 	 0.1003 	 -0.0634 	 -0.1252 	 0.1293 	 -0.1024 	 -0.1853
0.7816 	 -0.1803 	 0.2951 	 1.4977 	 0.1016 	 -0.0644 	 -0.1271 	 0.1301 	 -0.1029 	 -0.1861
0.7916 	 -0.1793 	 0.2945 	 1.4964 	 0.1029 	 -0.0654 	 -0.1290 	 0.1308 	 -0.1034 	 -0.1868
0.8016 	 -0.1782 	 0.2938 	 1.4951 	 0.1042 	 -0.0665 	 -0.1308 	 0.1315 	 -0.1039 	 -0.1875
0.8116 	 -0.1772 	 0.2931 	 1.4938 	 0.1055 	 -0.0675 	 -0.1327 	 0.1323 	 -0.1045 	 -0.1883
0.8216 	 -0.1761 	 0.2924 	 1.4925 	 0.1068 	 -0.0686 	 -0.1346 	 0.1330 	 -0.1050 	 -0.1891
0.8317 	 -0.1750 	 0.2917 	 1.4911 	 0.1082 	 -0.0696 	 -0.1365 	 0.1338 	 -0.1055 	 -0.1899
0.8417 	 -0.1739 	 0.2910 	 1.4897 	 0.1095 	 -0.0707 	 -0.1384 	 0.1346 	 -0.1060 	 -0.1907
0.8517 	 -0.1728 	 0.2903 	 1.4883 	 0.1109 	 -0.0718 	 -0.1403 	 0.1353 	 -0.1065 	 -0.1915
0.8617 	 -0.1717 	 0.2896 	 1.4869 	 0.1122 	 -0.0728 	 -0.1423 	 0.1361 	 -0.1070 	 -0.1923
0.8717 	 -0.1706 	 0.2889 	 1.4855 	 0.1136 	 -0.0739 	 -0.1442 	 0.1369 	 -0.1075 	 -0.1932
0.8818 	 -0.1694 	 0.2881 	 1.4840 	 0.1150 	 -0.0750 	 -0.1461 	 0.1376 	 -0.1079 	 -0.1940
0.8918 	 -0.1683 	 0.2874 	 1.4826 	 0.1164 	 -0.0761 	 -0.1481 	 0.1384 	 -0.1083 	 -0.1949
0.9018 	 -0.1671 	 0.2866 	 1.4811 	 0.1178 	 -0.0772 	 -0.1500 	 0.1391 	 -0.1087 	 -0.1957
0.9118 	 -0.1659 	 0.2858 	 1.4795 	 0.1192 	 -0.0782 	 -0.1520 	 0.1399 	 -0.1091 	 -0.1966
0.9218 	 -0.1647 	 0.2850 	 1.4780 	 0.1206 	 -0.0793 	 -0.1540 	 0.1406 	 -0.1094 	 -0.1974
0.9319 	 -0.1635 	 0.2842 	 1.4765 	 0.1220 	 -0.0804 	 -0.1560 	 0.1413 	 -0.1098 	 -0.1983
0.9419 	 -0.1623 	 0.2834 	 1.4749 	 0.1234 	 -0.0815 	 -0.1579 	 0.1420 	 -0.1101 	 -0.1991
0.9519 	 -0.1610 	 0.2826 	 1.4733 	 0.1248 	 -0.0826 	 -0.1599 	 0.1427 	 -0.1105 	 -0.1999
0.9619 	 -0.1598 	 0.2818 	 1.4717 	 0.1263 	 -0.0838 	 -0.1619 	 0.1434 	 -0.1108 	 -0.2007
0.9719 	 -0.1585 	 0.2809 	 1.4700 	 0.1277 	 -0.0849 	 -0.1640 	 0.1441 	 -0.1112 	 -0.2015
0.9820 	 -0.1572 	 0.2801 	 1.4684 	 0.1291 	 -0.0860 	 -0.1660 	 0.1448 	 -0.1117 	 -0.2022
0.9920 	 -0.1559 	 0.2792 	 1.4667 	 0.1306 	 -0.0871 	 -0.1680 	 0.1455 	 -0.1122 	 -0.2029
1.0020 	 -0.1546 	 0.2783 	 1.4650 	 0.1321 	 -0.0882 	 -0.1701 	 0.1462 	 -0.1128 	 -0.2036
1.0120 	 -0.1533 	 0.2774 	 1.4633 	 0.1335 	 -0.0894 	 -0.1721 	 0.1469 	 -0.1135 	 -0.2043
1.0220 	 -0.1519 	 0.2765 	 1.4616 	 0.1350 	 -0.0905 	 -0.1741 	 0.1479 	 -0.1087 	 -0.1996
1.0321 	 -0.1506 	 0.2756 	 1.4598 	 0.1365 	 -0.0914 	 -0.1760 	 0.1442 	 -0.0849 	 -0.1835
1.0421 	 -0.1492 	 0.2747 	 1.4581 	 0.1379 	 -0.0922 	 -0.1778 	 0.1390 	 -0.0715 	 -0.1794
1.0521 	 -0.1478 	 0.2738 	 1.4563 	 0.1393 	 -0.0929 	 -0.1796 	 0.1366 	 -0.0670 	 -0.1792
1.0621 	 -0.1464 	 0.2728 	 1.4545 	 0.1406 	 -0.0935 	 -0.1814 	 0.1359 	 -0.0657 	 -0.1797
1.0721 	 -0.1450 	 0.2719 	 1.4526 	 0.1420 	 -0.0942 	 -0.1832 	 0.1358 	 -0.0656 	 -0.1804
1.0822 	 -0.1436 	 0.2709 	 1.4508 	 0.1433 	 -0.0949 	 -0.1850 	 0.1361 	 -0.0660 	 -0.1812
1.0922 	 -0.1421 	 0.2700 	 1.4489 	 0.1447 	 -0.0955 	 -0.1869 	 0.1365 	 -0.0667 	 -0.1821
1.1022 	 -0.1407 	 0.2690 	 1.4470 	 0.1461 	 -0.0962 	 -0.1887 	 0.1371 	 -0.0675 	 -0.1830
1.1122 	 -0.1392 	 0.2681 	 1.4451 	 0.1475 	 -0.0969 	 -0.1905 	 0.1377 	 -0.0684 	 -0.1841
1.1222 	 -0.1377 	 0.2671 	 1.4432 	 0.1488 	 -0.0976 	 -0.1924 	 0.1383 	 -0.0694 	 -0.1852
1.1323 	 -0.1362 	 0.2661 	 1.4413 	 0.1502 	 -0.0983 	 -0.1942 	 0.1390 	 -0.0704 	 -0.1864
1.1423 	 -0.1347 	 0.2651 	 1.4393 	 0.1516 	 -0.0990 	 -0.1961 	 0.1398 	 -0.0714 	 -0.1877
1.1523 	 -0.1332 	 0.2641 	 1.4374 	 0.1530 	 -0.0997 	 -0.1980 	 0.1405 	 -0.0725 	 -0.1890
1.1623 	 -0.1316 	 0.2631 	 1.4354 	 0.1544 	 -0.1004 	 -0.1999 	 0.1413 	 -0.0735 	 -0.1905
1.1723 	 -0.1301 	 0.2621 	 1.4333 	 0.1559 	 -0.1012 	 -0.2018 	 0.1422 	 -0.0746 	 -0.1920
1.1824 	 -0.1285 	 0.2611 	 1.4313 	 0.1573 	 -0.1019 	 -0.2038 	 0.1430 	 -0.0757 	 -0.1936
1.1924 	 -0.1269 	 0.2601 	 1.4293 	 0.1587 	 -0.1027 	 -0.2057 	 0.1439 	 -0.0769 	 -0.1953
1.2024 	 -0.1253 	 0.2590 	 1.4272 	 0.1602 	 -0.1035 	 -0.2077 	 0.1448 	 -0.0780 	 -0.1970
1.2124 	 -0.1237 	 0.2580 	 1.4251 	 0.1616 	 -0.1043 	 -0.2096 	 0.1458 	 -0.0792 	 -0.1989
1.2224 	 -0.1221 	 0.2570 	 1.4230 	 0.1631 	 -0.1051 	 -0.2117 	 0.1468 	 -0.0804 	 -0.2007
1.2325 	 -0.1204 	 0.2559 	 1.4209 	 0.1646 	 -0.1059 	 -0.2137 	 0.1478 	 -0.0817 	 -0.2027
1.2425 	 -0.1188 	 0.2548 	 1.4187 	 0.1661 	 -0.1067 	 -0.2157 	 0.1488 	 -0.0829 	 -0.2047
1.2525 	 -0.1171 	 0.2538 	 1.4165 	 0.1676 	 -0.1075 	 -0.2178 	 0.1498 	 -0.0842 	 -0.2068
1.2625 	 -0.1154 	 0.2527 	 1.4143 	 0.1691 	 -0.1084 	 -0.2199 	 0.1509 	 -0.0856 	 -0.2090
1.2725 	 -0.1137 	 0.2516 	 1.4121 	 0.1706 	 -0.1092 	 -0.2220 	 0.1520 	 -0.0870 	 -0.2112
1.2826 	 -0.1120 	 0.2505 	 1.4099 	 0.1721 	 -0.1101 	 -0.2241 	 0.1531 	 -0.0884 	 -0.2135
1.2926 	 -0.1103 	 0.2494 	 1.4076 	 0.1737 	 -0.1110 	 -0.2262 	 0.1543 	 -0.0899 	 -0.2159
1.3026 	 -0.1085 	 0.2483 	 1.4054 	 0.1752 	 -0.1119 	 -0.2284 	 0.1554 	 -0.0914 	 -0.2184
1.3126 	 -0.1068 	 0.2471 	 1.4031 	 0.1768 	 -0.1129 	 -0.2306 	 0.1566 	 -0.0930 	 -0.2210
1.3226 	 -0.1050 	 0.2460 	 1.4007 	 0.1783 	 -0.1138 	 -0.2328 	 0.1579 	 -0.0946 	 -0.2236
1.3327 	 -0.1032 	 0.2449 	 1.3984 	 0.1799 	 -0.1147 	 -0.2351 	 0.1591 	 -0.0963 	 -0.2263
1.3427 	 -0.1014 	 0.2437 	 1.3960 	 0.1815 	 -0.1157 	 -0.2374 	 0.1603 	 -0.0981 	 -0.2291
1.3527 	 -0.0996 	 0.2425 	 1.3936 	 0.1831 	 -0.1167 	 -0.2397 	 0.1616 	 -0.0999 	 -0.2321
1.3627 	 -0.0977 	 0.2414 	 1.3912 	 0.1848 	 -0.1177 	 -0.2420 	 0.1629 	 -0.1018 	 -0.2351
1.3727 	 -0.0959 	 0.2402 	 1.3888 	 0.1864 	 -0.1188 	 -0.2444 	 0.1642 	 -0.1038 	 -0.2382
1.3828 	 -0.0940 	 0.2390 	 1.3863 	 0.1881 	 -0.1198 	 -0.2468 	 0.1655 	 -0.1059 	 -0.2414
1.3928 	 -0.0921 	 0.2378 	 1.3838 	 0.1897 	 -0.1209 	 -0.2492 	 0.1668 	 -0.1080 	 -0.2447
1.4028 	 -0.0902 	 0.2366 	 1.3813 	 0.1914 	 -0.1220 	 -0.2517 	 0.1682 	 -0.1103 	 -0.2482
1.4128 	 -0.0882 	 0.2353 	 1.3788 	 0.1931 	 -0.1231 	 -0.2542 	 0.1695 	 -0.1127 	 -0.2517
1.4228 	 -0.0863 	 0.2341 	 1.3762 	 0.1948 	 -0.1242 	 -0.2568 	 0.1708 	 -0.1151 	 -0.2554
1.4329 	 -0.0843 	 0.2328 	 1.3737 	 0.1965 	 -0.1254 	 -0.2593 	 0.1721 	 -0.1177 	 -0.2592
1.4429 	 -0.0824 	 0.2316 	 1.3710 	 0.1982 	 -0.1266 	 -0.2620 	 0.1735 	 -0.1204 	 -0.2632
1.4529 	 -0.0804 	 0.2303 	 1.3684 	 0.2000 	 -0.1278 	 -0.2646 	 0.1748 	 -0.1232 	 -0.2673
1.4629 	 -0.0784 	 0.2290 	 1.3657 	 0.2018 	 -0.1291 	 -0.2673 	 0.1761 	 -0.1262 	 -0.2715
1.4729 	 -0.0763 	 0.2277 	 1.3630 	 0.2035 	 -0.1303 	 -0.2701 	 0.1773 	 -0.1293 	 -0.2759
1.4830 	 -0.0743 	 0.2264 	 1.3603 	 0.2053 	 -0.1316 	 -0.2728 	 0.1786 	 -0.1326 	 -0.2805
1.4930 	 -0.0722 	 0.2251 	 1.3576 	 0.2071 	 -0.1330 	 -0.2757 	 0.1798 	 -0.1360 	 -0.2852
1.5030 	 -0.0701 	 0.2237 	 1.3548 	 0.2089 	 -0.1344 	 -0.2786 	 0.1810 	 -0.1395 	 -0.2901
1.5130 	 -0.0680 	 0.2224 	 1.3520 	 0.2107 	 -0.1358 	 -0.2815 	 0.1821 	 -0.1433 	 -0.2952
1.5230 	 -0.0659 	 0.2210 	 1.3492 	 0.2126 	 -0.1372 	 -0.2845 	 0.1831 	 -0.1472 	 -0.3005
1.5331 	 -0.0638 	 0.2196 	 1.3463 	 0.2144 	 -0.1387 	 -0.2875 	 0.1841 	 -0.1513 	 -0.3060
1.5431 	 -0.0616 	 0.2182 	 1.3434 	 0.2162 	 -0.1403 	 -0.2906 	 0.1850 	 -0.1557 	 -0.3117
1.5531 	 -0.0594 	 0.2168 	 1.3405 	 0.2181 	 -0.1419 	 -0.2938 	 0.1858 	 -0.1602 	 -0.3176
1.5631 	 -0.0572 	 0.2154 	 1.3375 	 0.2200 	 -0.1435 	 -0.2970 	 0.1865 	 -0.1650 	 -0.3237
1.5731 	 -0.0550 	 0.2139 	 1.3345 	 0.2218 	 -0.1452 	 -0.3002 	 0.1871 	 -0.1700 	 -0.3300
1.5832 	 -0.0528 	 0.2125 	 1.3315 	 0.2237 	 -0.1469 	 -0.3036 	 0.1875 	 -0.1752 	 -0.3366
1.5932 	 -0.0505 	 0.2110 	 1.3284 	 0.2256 	 -0.1487 	 -0.3070 	 0.1877 	 -0.1808 	 -0.3434
1.6032 	 -0.0483 	 0.2095 	 1.3253 	 0.2275 	 -0.1505 	 -0.3105 	 0.1877 	 -0.1866 	 -0.3505
1.6132 	 -0.0460 	 0.2080 	 1.3222 	 0.2294 	 -0.1524 	 -0.3140 	 0.1876 	 -0.1927 	 -0.3578
1.6232 	 -0.0437 	 0.2064 	 1.3190 	 0.2312 	 -0.1544 	 -0.3176 	 0.1872 	 -0.1991 	 -0.3653
1.6333 	 -0.0413 	 0.2049 	 1.3158 	 0.2331 	 -0.1564 	 -0.3213 	 0.1865 	 -0.2058 	 -0.3732
1.6433 	 -0.0390 	 0.2033 	 1.3126 	 0.2350 	 -0.1585 	 -0.3251 	 0.1855 	 -0.2129 	 -0.3812
1.6533 	 -0.0366 	 0.2017 	 1.3093 	 0.2368 	 -0.1607 	 -0.3290 	 0.1843 	 -0.2203 	 -0.3895
1.6633 	 -0.0343 	 0.2001 	 1.3060 	 0.2387 	 -0.1629 	 -0.3329 	 0.1826 	 -0.2281 	 -0.3981
1.6733 	 -0.0319 	 0.1984 	 1.3027 	 0.2405 	 -0.1653 	 -0.3370 	 0.1806 	 -0.2363 	 -0.4068
1.6834 	 -0.0294 	 0.1968 	 1.2993 	 0.2423 	 -0.1677 	 -0.3411 	 0.1781 	 -0.2448 	 -0.4158
1.6934 	 -0.0270 	 0.1951 	 1.2958 	 0.2441 	 -0.1702 	 -0.3453 	 0.1751 	 -0.2538 	 -0.4250
1.7034 	 -0.0245 	 0.1934 	 1.2923 	 0.2458 	 -0.1727 	 -0.3496 	 0.1716 	 -0.2631 	 -0.4344
1.7134 	 -0.0221 	 0.1916 	 1.2888 	 0.2475 	 -0.1754 	 -0.3540 	 0.1676 	 -0.2728 	 -0.4438
1.7234 	 -0.0196 	 0.1899 	 1.2852 	 0.2491 	 -0.1782 	 -0.3585 	 0.1630 	 -0.2829 	 -0.4534
1.7335 	 -0.0171 	 0.1881 	 1.2816 	 0.2508 	 -0.1811 	 -0.3631 	 0.1577 	 -0.2934 	 -0.4629
1.7435 	 -0.0146 	 0.1862 	 1.2780 	 0.2523 	 -0.1841 	 -0.3678 	 0.1518 	 -0.3042 	 -0.4725
1.7535 	 -0.0120 	 0.1844 	 1.2743 	 0.2538 	 -0.1872 	 -0.3726 	 0.1452 	 -0.3154 	 -0.4820
1.7635 	 -0.0095 	 0.1825 	 1.2705 	 0.2552 	 -0.1904 	 -0.3774 	 0.1378 	 -0.3269 	 -0.4913
1.7735 	 -0.0069 	 0.1805 	 1.2667 	 0.2565 	 -0.1938 	 -0.3824 	 0.1294 	 -0.3387 	 -0.5004
1.7836 	 -0.0043 	 0.1786 	 1.2628 	 0.2578 	 -0.1972 	 -0.3875 	 0.1202 	 -0.3508 	 -0.5092
1.7936 	 -0.0017 	 0.1766 	 1.2589 	 0.2590 	 -0.2008 	 -0.3926 	 0.1099 	 -0.3632 	 -0.5176
1.8036 	 0.0009 	 0.1746 	 1.2550 	 0.2600 	 -0.2045 	 -0.3978 	 0.0986 	 -0.3758 	 -0.5256
1.8136 	 0.0035 	 0.1725 	 1.2510 	 0.2609 	 -0.2083 	 -0.4031 	 0.0863 	 -0.3884 	 -0.5329
1.8236 	 0.0061 	 0.1704 	 1.2469 	 0.2617 	 -0.2123 	 -0.4085 	 0.0728 	 -0.4012 	 -0.5396
1.8337 	 0.0087 	 0.1682 	 1.2428 	 0.2624 	 -0.2164 	 -0.4139 	 0.0583 	 -0.4139 	 -0.5455
1.8437 	 0.0113 	 0.1661 	 1.2386 	 0.2629 	 -0.2206 	 -0.4194 	 0.0428 	 -0.4265 	 -0.5505
1.8537 	 0.0140 	 0.1638 	 1.2344 	 0.2632 	 -0.2249 	 -0.4250 	 0.0262 	 -0.4389 	 -0.5545
1.8637 	 0.0166 	 0.1615 	 1.2301 	 0.2634 	 -0.2294 	 -0.4305 	 0.0087 	 -0.4510 	 -0.5575
1.8737 	 0.0193 	 0.1592 	 1.2257 	 0.2634 	 -0.2339 	 -0.4361 	 -0.0096 	 -0.4626 	 -0.5592
1.8838 	 0.0219 	 0.1569 	 1.2213 	 0.2632 	 -0.2386 	 -0.4417 	 -0.0286 	 -0.4737 	 -0.5596
1.8938 	 0.0245 	 0.1544 	 1.2169 	 0.2628 	 -0.2434 	 -0.4473 	 -0.0481 	 -0.4841 	 -0.5586
1.9038 	 0.0272 	 0.1520 	 1.2124 	 0.2623 	 -0.2483 	 -0.4529 	 -0.0679 	 -0.4936 	 -0.5563
1.9138 	 0.0298 	 0.1495 	 1.2078 	 0.2615 	 -0.2533 	 -0.4585 	 -0.0879 	 -0.5023 	 -0.5524
1.9238 	 0.0324 	 0.1469 	 1.2032 	 0.2605 	 -0.2584 	 -0.4640 	 -0.1078 	 -0.5099 	 -0.5471
1.9339 	 0.0350 	 0.1443 	 1.1985 	 0.2593 	 -0.2635 	 -0.4695 	 -0.1274 	 -0.5165 	 -0.5404
1.9439 	 0.0376 	 0.1416 	 1.1938 	 0.2579 	 -0.2687 	 -0.4748 	 -0.1465 	 -0.5220 	 -0.5322
1.9539 	 0.0402 	 0.1389 	 1.1890 	 0.2564 	 -0.2740 	 -0.4801 	 -0.1648 	 -0.5263 	 -0.5228
1.9639 	 0.0427 	 0.1361 	 1.1842 	 0.2546 	 -0.2793 	 -0.4853 	 -0.1821 	 -0.5294 	 -0.5121
1.9739 	 0.0453 	 0.1333 	 1.1793 	 0.2527 	 -0.2846 	 -0.4904 	 -0.1982 	 -0.5314 	 -0.5004
1.9840 	 0.0478 	 0.1304 	 1.1743 	 0.2507 	 -0.2899 	 -0.4953 	 -0.2127 	 -0.5322 	 -0.4859
1.9940 	 0.0503 	 0.1275 	 1.1693 	 0.2485 	 -0.2953 	 -0.5001 	 -0.2259 	 -0.5320 	 -0.4726
2.0040 	 0.0528 	 0.1245 	 1.1643 	 0.2462 	 -0.3006 	 -0.5048 	 -0.2375 	 -0.5309 	 -0.4586
2.0140 	 0.0552 	 0.1215 	 1.1592 	 0.2437 	 -0.3059 	 -0.5093 	 -0.2474 	 -0.5289 	 -0.4443
2.0240 	 0.0577 	 0.1184 	 1.1541 	 0.2412 	 -0.3112 	 -0.5137 	 -0.2555 	 -0.5262 	 -0.4298
2.0341 	 0.0601 	 0.1152 	 1.1489 	 0.2386 	 -0.3164 	 -0.5179 	 -0.2618 	 -0.5230 	 -0.4152
2.0441 	 0.0624 	 0.1120 	 1.1437 	 0.2360 	 -0.3217 	 -0.5220 	 -0.2664 	 -0.5193 	 -0.4007
2.0541 	 0.0648 	 0.1088 	 1.1385 	 0.2333 	 -0.3268 	 -0.5260 	 -0.2693 	 -0.5153 	 -0.3865
2.0641 	 0.0671 	 0.1055 	 1.1332 	 0.2306 	 -0.3320 	 -0.5298 	 -0.2705 	 -0.5111 	 -0.3726
2.0741 	 0.0694 	 0.1021 	 1.1279 	 0.2279 	 -0.3371 	 -0.5334 	 -0.2702 	 -0.5069 	 -0.3591
2.0842 	 0.0717 	 0.0987 	 1.1225 	 0.2252 	 -0.3421 	 -0.5370 	 -0.2685 	 -0.5026 	 -0.3459
2.0942 	 0.0739 	 0.0953 	 1.1171 	 0.2225 	 -0.3472 	 -0.5404 	 -0.2655 	 -0.4985 	 -0.3332
2.1042 	 0.0761 	 0.0918 	 1.1117 	 0.2198 	 -0.3521 	 -0.5436 	 -0.2613 	 -0.4944 	 -0.3209
2.1142 	 0.0783 	 0.0882 	 1.1062 	 0.2173 	 -0.3571 	 -0.5468 	 -0.2561 	 -0.4905 	 -0.3088
2.1242 	 0.0805 	 0.0846 	 1.1007 	 0.2147 	 -0.3620 	 -0.5498 	 -0.2501 	 -0.4866 	 -0.2969
2.1343 	 0.0826 	 0.0810 	 1.0952 	 0.2122 	 -0.3668 	 -0.5527 	 -0.2436 	 -0.4824 	 -0.2851
2.1443 	 0.0847 	 0.0773 	 1.0896 	 0.2098 	 -0.3716 	 -0.5555 	 -0.2405 	 -0.4809 	 -0.2675
2.1543 	 0.0868 	 0.0735 	 1.0841 	 0.2074 	 -0.3766 	 -0.5579 	 -0.2455 	 -0.5011 	 -0.2047
2.1643 	 0.0889 	 0.0697 	 1.0785 	 0.2050 	 -0.3817 	 -0.5594 	 -0.2324 	 -0.5220 	 -0.0891
2.1743 	 0.0909 	 0.0659 	 1.0729 	 0.2029 	 -0.3869 	 -0.5596 	 -0.1599 	 -0.5079 	 0.0440
2.1844 	 0.0930 	 0.0620 	 1.0673 	 0.2020 	 -0.3917 	 -0.5587 	 -0.0289 	 -0.4484 	 0.1247
2.1944 	 0.0950 	 0.0580 	 1.0617 	 0.2024 	 -0.3958 	 -0.5574 	 0.1080 	 -0.3751 	 0.1253
2.2044 	 0.0970 	 0.0540 	 1.0561 	 0.2040 	 -0.3993 	 -0.5564 	 0.2124 	 -0.3185 	 0.0811
2.2144 	 0.0991 	 0.0500 	 1.0505 	 0.2065 	 -0.4023 	 -0.5558 	 0.2832 	 -0.2847 	 0.0318
2.2244 	 0.1012 	 0.0460 	 1.0449 	 0.2096 	 -0.4050 	 -0.5557 	 0.3325 	 -0.2672 	 -0.0045
2.2345 	 0.1033 	 0.0419 	 1.0394 	 0.2131 	 -0.4077 	 -0.5558 	 0.3706 	 -0.2591 	 -0.0240
2.2445 	 0.1055 	 0.0378 	 1.0338 	 0.2170 	 -0.4103 	 -0.5561 	 0.4032 	 -0.2556 	 -0.0277
2.2545 	 0.1076 	 0.0337 	 1.0282 	 0.2212 	 -0.4128 	 -0.5564 	 0.4331 	 -0.2538 	 -0.0171
2.2645 	 0.1099 	 0.0295 	 1.0226 	 0.2257 	 -0.4153 	 -0.5564 	 0.4609 	 -0.2517 	 0.0069
2.2745 	 0.1122 	 0.0254 	 1.0171 	 0.2304 	 -0.4178 	 -0.5562 	 0.4861 	 -0.2481 	 0.0439
2.2846 	 0.1145 	 0.0212 	 1.0115 	 0.2354 	 -0.4203 	 -0.5555 	 0.5072 	 -0.2421 	 0.0939
2.2946 	 0.1169 	 0.0169 	 1.0059 	 0.2406 	 -0.4227 	 -0.5542 	 0.5218 	 -0.2331 	 0.1571
2.3046 	 0.1193 	 0.0127 	 1.0004 	 0.2458 	 -0.4250 	 -0.5523 	 0.5269 	 -0.2209 	 0.2333
2.3146 	 0.1218 	 0.0084 	 0.9949 	 0.2511 	 -0.4271 	 -0.5495 	 0.5192 	 -0.2056 	 0.3219
2.3246 	 0.1244 	 0.0041 	 0.9894 	 0.2562 	 -0.4291 	 -0.5458 	 0.4953 	 -0.1878 	 0.4215
2.3347 	 0.1269 	 -0.0002 	 0.9840 	 0.2610 	 -0.4309 	 -0.5411 	 0.4526 	 -0.1682 	 0.5300
2.3447 	 0.1296 	 -0.0045 	 0.9786 	 0.2652 	 -0.4324 	 -0.5352 	 0.3899 	 -0.1473 	 0.6446
2.3547 	 0.1323 	 -0.0088 	 0.9732 	 0.2687 	 -0.4338 	 -0.5281 	 0.3079 	 -0.1241 	 0.7626
2.3647 	 0.1350 	 -0.0132 	 0.9680 	 0.2713 	 -0.4349 	 -0.5199 	 0.2095 	 -0.0958 	 0.8812
2.3747 	 0.1377 	 -0.0176 	 0.9628 	 0.2729 	 -0.4357 	 -0.5105 	 0.0991 	 -0.0566 	 0.9970
2.3848 	 0.1404 	 -0.0219 	 0.9578 	 0.2733 	 -0.4360 	 -0.4999 	 -0.0171 	 0.0015 	 1.1046
2.3948 	 0.1432 	 -0.0263 	 0.9528 	 0.2725 	 -0.4356 	 -0.4884 	 -0.1318 	 0.0862 	 1.1948
2.4048 	 0.1459 	 -0.0306 	 0.9480 	 0.2707 	 -0.4342 	 -0.4761 	 -0.2369 	 0.2008 	 1.2548
2.4148 	 0.1486 	 -0.0350 	 0.9433 	 0.2678 	 -0.4315 	 -0.4634 	 -0.3240 	 0.3398 	 1.2708
2.4248 	 0.1512 	 -0.0393 	 0.9387 	 0.2643 	 -0.4273 	 -0.4508 	 -0.3866 	 0.4882 	 1.2344
2.4349 	 0.1539 	 -0.0435 	 0.9342 	 0.2602 	 -0.4217 	 -0.4388 	 -0.4221 	 0.6258 	 1.1470
2.4449 	 0.1565 	 -0.0477 	 0.9299 	 0.2559 	 -0.4149 	 -0.4279 	 -0.4330 	 0.7343 	 1.0208
2.4549 	 0.1590 	 -0.0518 	 0.9257 	 0.2516 	 -0.4071 	 -0.4184 	 -0.4258 	 0.8027 	 0.8731
2.4649 	 0.1615 	 -0.0559 	 0.9215 	 0.2474 	 -0.3989 	 -0.4104 	 -0.4104 	 0.8283 	 0.7238
2.4749 	 0.1640 	 -0.0598 	 0.9174 	 0.2433 	 -0.3907 	 -0.4039 	 -0.3969 	 0.8199 	 0.5937
2.4850 	 0.1664 	 -0.0637 	 0.9134 	 0.2394 	 -0.3826 	 -0.3984 	 -0.3902 	 0.7950 	 0.4935
2.4950 	 0.1688 	 -0.0675 	 0.9094 	 0.2355 	 -0.3747 	 -0.3939 	 -0.3895 	 0.7668 	 0.4196
2.5050 	 0.1711 	 -0.0712 	 0.9055 	 0.2316 	 -0.3672 	 -0.3900 	 -0.3928 	 0.7396 	 0.3638
2.5150 	 0.1734 	 -0.0749 	 0.9016 	 0.2276 	 -0.3599 	 -0.3866 	 -0.3990 	 0.7141 	 0.3200
2.5251 	 0.1757 	 -0.0784 	 0.8977 	 0.2236 	 -0.3529 	 -0.3835 	 -0.4070 	 0.6899 	 0.2839
2.5351 	 0.1779 	 -0.0819 	 0.8939 	 0.2195 	 -0.3461 	 -0.3809 	 -0.4161 	 0.6668 	 0.2528
2.5451 	 0.1800 	 -0.0854 	 0.8901 	 0.2152 	 -0.3395 	 -0.3785 	 -0.4257 	 0.6443 	 0.2250
2.5551 	 0.1822 	 -0.0887 	 0.8863 	 0.2109 	 -0.3332 	 -0.3763 	 -0.4354 	 0.6224 	 0.1993
2.5651 	 0.1843 	 -0.0920 	 0.8826 	 0.2065 	 -0.3270 	 -0.3745 	 -0.4448 	 0.6010 	 0.1749
2.5752 	 0.1863 	 -0.0953 	 0.8788 	 0.2020 	 -0.3211 	 -0.3728 	 -0.4535 	 0.5800 	 0.1514
2.5852 	 0.1883 	 -0.0985 	 0.8751 	 0.1974 	 -0.3154 	 -0.3714 	 -0.4614 	 0.5597 	 0.1285
2.5952 	 0.1903 	 -0.1016 	 0.8714 	 0.1928 	 -0.3099 	 -0.3703 	 -0.4684 	 0.5400 	 0.1062
2.6052 	 0.1922 	 -0.1047 	 0.8677 	 0.1880 	 -0.3046 	 -0.3693 	 -0.4743 	 0.5210 	 0.0844
2.6152 	 0.1940 	 -0.1077 	 0.8640 	 0.1833 	 -0.2995 	 -0.3686 	 -0.4791 	 0.5028 	 0.0632
2.6253 	 0.1959 	 -0.1107 	 0.8603 	 0.1784 	 -0.2945 	 -0.3680 	 -0.4830 	 0.4854 	 0.0425
2.6353 	 0.1976 	 -0.1136 	 0.8566 	 0.1736 	 -0.2897 	 -0.3677 	 -0.4858 	 0.4687 	 0.0225
2.6453 	 0.1993 	 -0.1165 	 0.8529 	 0.1687 	 -0.2851 	 -0.3676 	 -0.4878 	 0.4528 	 0.0031
2.6553 	 0.2010 	 -0.1193 	 0.8492 	 0.1638 	 -0.2806 	 -0.3676 	 -0.4889 	 0.4377 	 -0.0156
2.6653 	 0.2026 	 -0.1221 	 0.8455 	 0.1589 	 -0.2763 	 -0.3679 	 -0.4892 	 0.4234 	 -0.0335
2.6754 	 0.2042 	 -0.1249 	 0.8419 	 0.1540 	 -0.2722 	 -0.3683 	 -0.4889 	 0.4097 	 -0.0506
2.6854 	 0.2057 	 -0.1276 	 0.8382 	 0.1491 	 -0.2681 	 -0.3689 	 -0.4879 	 0.3968 	 -0.0670
2.6954 	 0.2072 	 -0.1303 	 0.8345 	 0.1442 	 -0.2642 	 -0.3697 	 -0.4864 	 0.3844 	 -0.0825
2.7054 	 0.2086 	 -0.1329 	 0.8308 	 0.1394 	 -0.2604 	 -0.3706 	 -0.4844 	 0.3727 	 -0.0973
2.7154 	 0.2100 	 -0.1355 	 0.8270 	 0.1345 	 -0.2567 	 -0.3716 	 -0.4820 	 0.3616 	 -0.1113
2.7255 	 0.2113 	 -0.1380 	 0.8233 	 0.1297 	 -0.2532 	 -0.3728 	 -0.4793 	 0.3510 	 -0.1245
2.7355 	 0.2126 	 -0.1405 	 0.8196 	 0.1249 	 -0.2497 	 -0.3741 	 -0.4763 	 0.3409 	 -0.1371
2.7455 	 0.2138 	 -0.1430 	 0.8158 	 0.1202 	 -0.2463 	 -0.3755 	 -0.4730 	 0.3312 	 -0.1489
2.7555 	 0.2150 	 -0.1455 	 0.8120 	 0.1155 	 -0.2431 	 -0.3771 	 -0.4695 	 0.3221 	 -0.1600
2.7655 	 0.2161 	 -0.1479 	 0.8083 	 0.1108 	 -0.2399 	 -0.3787 	 -0.4658 	 0.3133 	 -0.1706
2.7756 	 0.2172 	 -0.1503 	 0.8045 	 0.1061 	 -0.2368 	 -0.3805 	 -0.4619 	 0.3050 	 -0.1805
2.7856 	 0.2182 	 -0.1526 	 0.8006 	 0.1015 	 -0.2338 	 -0.3823 	 -0.4579 	 0.2971 	 -0.1898
2.7956 	 0.2192 	 -0.1550 	 0.7968 	 0.0969 	 -0.2308 	 -0.3843 	 -0.4539 	 0.2895 	 -0.1986
2.8056 	 0.2202 	 -0.1573 	 0.7929 	 0.0924 	 -0.2280 	 -0.3863 	 -0.4497 	 0.2823 	 -0.2069
2.8156 	 0.2211 	 -0.1595 	 0.7890 	 0.0879 	 -0.2252 	 -0.3884 	 -0.4455 	 0.2754 	 -0.2146
2.8257 	 0.2219 	 -0.1618 	 0.7851 	 0.0835 	 -0.2224 	 -0.3906 	 -0.4412 	 0.2688 	 -0.2219
2.8357 	 0.2228 	 -0.1640 	 0.7812 	 0.0791 	 -0.2198 	 -0.3929 	 -0.4369 	 0.2626 	 -0.2287
2.8457 	 0.2235 	 -0.1662 	 0.7773 	 0.0747 	 -0.2172 	 -0.3952 	 -0.4325 	 0.2566 	 -0.2351
2.8557 	 0.2243 	 -0.1684 	 0.7733 	 0.0704 	 -0.2146 	 -0.3976 	 -0.4282 	 0.2510 	 -0.2412
2.8657 	 0.2249 	 -0.1705 	 0.7693 	 0.0662 	 -0.2121 	 -0.4000 	 -0.4238 	 0.2456 	 -0.2468
2.8758 	 0.2256 	 -0.1726 	 0.7653 	 0.0619 	 -0.2097 	 -0.4025 	 -0.4195 	 0.2405 	 -0.2520
2.8858 	 0.2262 	 -0.1747 	 0.7612 	 0.0577 	 -0.2073 	 -0.4051 	 -0.4151 	 0.2356 	 -0.2570
2.8958 	 0.2267 	 -0.1768 	 0.7572 	 0.0536 	 -0.2050 	 -0.4077 	 -0.4108 	 0.2310 	 -0.2616
2.9058 	 0.2273 	 -0.1788 	 0.7531 	 0.0495 	 -0.2027 	 -0.4103 	 -0.4066 	 0.2267 	 -0.2659
2.9158 	 0.2277 	 -0.1808 	 0.7489 	 0.0455 	 -0.2004 	 -0.4130 	 -0.4023 	 0.2226 	 -0.2698
2.9259 	 0.2282 	 -0.1828 	 0.7448 	 0.0415 	 -0.1982 	 -0.4157 	 -0.3981 	 0.2187 	 -0.2736
2.9359 	 0.2286 	 -0.1848 	 0.7406 	 0.0375 	 -0.1961 	 -0.4185 	 -0.3940 	 0.2150 	 -0.2770
2.9459 	 0.2289 	 -0.1868 	 0.7364 	 0.0336 	 -0.1939 	 -0.4213 	 -0.3899 	 0.2116 	 -0.2802
2.9559 	 0.2292 	 -0.1887 	 0.7322 	 0.0297 	 -0.1918 	 -0.4241 	 -0.3859 	 0.2085 	 -0.2832
2.9659 	 0.2295 	 -0.1906 	 0.7279 	 0.0258 	 -0.1897 	 -0.4270 	 -0.3820 	 0.2055 	 -0.2860
2.9760 	 0.2298 	 -0.1925 	 0.7236 	 0.0220 	 -0.1877 	 -0.4298 	 -0.3781 	 0.2028 	 -0.2885
2.9860 	 0.2300 	 -0.1944 	 0.7193 	 0.0182 	 -0.1857 	 -0.4327 	 -0.3744 	 0.2002 	 -0.2908
2.9960 	 0.2301 	 -0.1962 	 0.7149 	 0.0145 	 -0.1837 	 -0.4357 	 -0.3707 	 0.1979 	 -0.2929
3.0060 	 0.2302 	 -0.1980 	 0.7106 	 0.0108 	 -0.1817 	 -0.4386 	 -0.3671 	 0.1958 	 -0.2949
3.0160 	 0.2303 	 -0.1998 	 0.7061 	 0.0072 	 -0.1798 	 -0.4416 	 -0.3635 	 0.1939 	 -0.2966
3.0261 	 0.2304 	 -0.2016 	 0.7017 	 0.0035 	 -0.1778 	 -0.4446 	 -0.3601 	 0.1922 	 -0.2982
3.0361 	 0.2304 	 -0.2034 	 0.6972 	 -0.0001 	 -0.1759 	 -0.4475 	 -0.3568 	 0.1906 	 -0.2995
3.0461 	 0.2304 	 -0.2052 	 0.6927 	 -0.0036 	 -0.1740 	 -0.4506 	 -0.3535 	 0.1893 	 -0.3007
3.0561 	 0.2303 	 -0.2069 	 0.6882 	 -0.0071 	 -0.1721 	 -0.4536 	 -0.3503 	 0.1881 	 -0.3016
3.0661 	 0.2302 	 -0.2086 	 0.6836 	 -0.0106 	 -0.1702 	 -0.4566 	 -0.3472 	 0.1871 	 -0.3024
3.0762 	 0.2301 	 -0.2103 	 0.6791 	 -0.0141 	 -0.1684 	 -0.4596 	 -0.3442 	 0.1862 	 -0.3030
3.0862 	 0.2300 	 -0.2120 	 0.6744 	 -0.0175 	 -0.1665 	 -0.4627 	 -0.3412 	 0.1854 	 -0.3033
3.0962 	 0.2298 	 -0.2136 	 0.6698 	 -0.0209 	 -0.1647 	 -0.4657 	 -0.3383 	 0.1847 	 -0.3034
3.1062 	 0.2295 	 -0.2153 	 0.6651 	 -0.0243 	 -0.1628 	 -0.4688 	 -0.3356 	 0.1841 	 -0.3034
3.1162 	 0.2293 	 -0.2169 	 0.6604 	 -0.0277 	 -0.1610 	 -0.4718 	 -0.3329 	 0.1836 	 -0.3031
3.1263 	 0.2290 	 -0.2185 	 0.6556 	 -0.0310 	 -0.1591 	 -0.4748 	 -0.3303 	 0.1832 	 -0.3026
3.1363 	 0.2287 	 -0.2201 	 0.6509 	 -0.0343 	 -0.1573 	 -0.4779 	 -0.3278 	 0.1828 	 -0.3020
3.1463 	 0.2283 	 -0.2217 	 0.6461 	 -0.0376 	 -0.1555 	 -0.4809 	 -0.3253 	 0.1825 	 -0.3011
3.1563 	 0.2279 	 -0.2232 	 0.6412 	 -0.0408 	 -0.1536 	 -0.4839 	 -0.3230 	 0.1821 	 -0.3001
3.1663 	 0.2275 	 -0.2247 	 0.6364 	 -0.0440 	 -0.1518 	 -0.4869 	 -0.3209 	 0.1818 	 -0.2990
3.1764 	 0.2270 	 -0.2263 	 0.6315 	 -0.0472 	 -0.1500 	 -0.4899 	 -0.3188 	 0.1815 	 -0.2977
3.1864 	 0.2265 	 -0.2278 	 0.6266 	 -0.0504 	 -0.1482 	 -0.4929 	 -0.3168 	 0.1812 	 -0.2962
3.1964 	 0.2260 	 -0.2292 	 0.6216 	 -0.0536 	 -0.1464 	 -0.4958 	 -0.3150 	 0.1809 	 -0.2947
3.2064 	 0.2255 	 -0.2307 	 0.6166 	 -0.0567 	 -0.1446 	 -0.4988 	 -0.3133 	 0.1805 	 -0.2930
3.2164 	 0.2249 	 -0.2321 	 0.6116 	 -0.0599 	 -0.1427 	 -0.5017 	 -0.3117 	 0.1802 	 -0.2913
3.2265 	 0.2243 	 -0.2335 	 0.6066 	 -0.0630 	 -0.1409 	 -0.5046 	 -0.3102 	 0.1798 	 -0.2895
3.2365 	 0.2236 	 -0.2349 	 0.6015 	 -0.0661 	 -0.1391 	 -0.5075 	 -0.3088 	 0.1795 	 -0.2876
3.2465 	 0.2229 	 -0.2363 	 0.5964 	 -0.0692 	 -0.1373 	 -0.5104 	 -0.3076 	 0.1791 	 -0.2857
3.2565 	 0.2222 	 -0.2377 	 0.5913 	 -0.0722 	 -0.1355 	 -0.5132 	 -0.3064 	 0.1788 	 -0.2837
3.2665 	 0.2215 	 -0.2391 	 0.5861 	 -0.0753 	 -0.1338 	 -0.5160 	 -0.3053 	 0.1785 	 -0.2817
3.2766 	 0.2207 	 -0.2404 	 0.5809 	 -0.0784 	 -0.1320 	 -0.5188 	 -0.3027 	 0.1777 	 -0.2752
3.2866 	 0.2199 	 -0.2417 	 0.5757 	 -0.0814 	 -0.1302 	 -0.5216 	 -0.3018 	 0.1774 	 -0.2731
3.2966 	 0.2191 	 -0.2430 	 0.5705 	 -0.0844 	 -0.1284 	 -0.5243 	 -0.3008 	 0.1772 	 -0.2709
3.3066 	 0.2182 	 -0.2443 	 0.5652 	 -0.0874 	 -0.1266 	 -0.5270 	 -0.3000 	 0.1770 	 -0.2687
3.3166 	 0.2173 	 -0.2455 	 0.5599 	 -0.0904 	 -0.1249 	 -0.5297 	 -0.2991 	 0.1769 	 -0.2664
3.3267 	 0.2164 	 -0.2468 	 0.5546 	 -0.0934 	 -0.1231 	 -0.5324 	 -0.2983 	 0.1769 	 -0.2641
3.3367 	 0.2155 	 -0.2480 	 0.5492 	 -0.0964 	 -0.1213 	 -0.5350 	 -0.2976 	 0.1770 	 -0.2618
3.3467 	 0.2145 	 -0.2492 	 0.5439 	 -0.0994 	 -0.1196 	 -0.5376 	 -0.2968 	 0.1771 	 -0.2594
3.3567 	 0.2135 	 -0.2504 	 0.5385 	 -0.1023 	 -0.1178 	 -0.5402 	 -0.2960 	 0.1772 	 -0.2570
3.3667 	 0.2124 	 -0.2516 	 0.5330 	 -0.1053 	 -0.1160 	 -0.5428 	 -0.2952 	 0.1775 	 -0.2546
3.3768 	 0.2114 	 -0.2527 	 0.5276 	 -0.1083 	 -0.1142 	 -0.5453 	 -0.2945 	 0.1778 	 -0.2521
3.3868 	 0.2103 	 -0.2539 	 0.5221 	 -0.1112 	 -0.1124 	 -0.5478 	 -0.2936 	 0.1781 	 -0.2495
3.3968 	 0.2091 	 -0.2550 	 0.5166 	 -0.1141 	 -0.1106 	 -0.5503 	 -0.2928 	 0.1785 	 -0.2469
3.4068 	 0.2080 	 -0.2561 	 0.5111 	 -0.1171 	 -0.1089 	 -0.5528 	 -0.2919 	 0.1790 	 -0.2443
3.4168 	 0.2068 	 -0.2572 	 0.5055 	 -0.1200 	 -0.1071 	 -0.5552 	 -0.2909 	 0.1795 	 -0.2416
3.4269 	 0.2056 	 -0.2582 	 0.5000 	 -0.1229 	 -0.1053 	 -0.5576 	 -0.2899 	 0.1800 	 -0.2389
3.4369 	 0.2043 	 -0.2593 	 0.4944 	 -0.1258 	 -0.1035 	 -0.5600 	 -0.2888 	 0.1806 	 -0.2361
3.4469 	 0.2031 	 -0.2603 	 0.4887 	 -0.1287 	 -0.1016 	 -0.5623 	 -0.2877 	 0.1811 	 -0.2333
3.4569 	 0.2017 	 -0.2613 	 0.4831 	 -0.1316 	 -0.0998 	 -0.5647 	 -0.2864 	 0.1817 	 -0.2305
3.4669 	 0.2004 	 -0.2623 	 0.4774 	 -0.1344 	 -0.0980 	 -0.5670 	 -0.2850 	 0.1824 	 -0.2276
3.4770 	 0.1991 	 -0.2633 	 0.4717 	 -0.1373 	 -0.0962 	 -0.5692 	 -0.2836 	 0.1830 	 -0.2247
3.4870 	 0.1977 	 -0.2642 	 0.4660 	 -0.1401 	 -0.0943 	 -0.5715 	 -0.2820 	 0.1836 	 -0.2219
3.4970 	 0.1962 	 -0.2652 	 0.4603 	 -0.1429 	 -0.0925 	 -0.5737 	 -0.2803 	 0.1843 	 -0.2190
3.5070 	 0.1948 	 -0.2661 	 0.4545 	 -0.1457 	 -0.0906 	 -0.5758 	 -0.2785 	 0.1849 	 -0.2162
3.5170 	 0.1933 	 -0.2670 	 0.4487 	 -0.1485 	 -0.0888 	 -0.5780 	 -0.2766 	 0.1856 	 -0.2135
3.5271 	 0.1918 	 -0.2678 	 0.4429 	 -0.1513 	 -0.0869 	 -0.5801 	 -0.2745 	 0.1862 	 -0.2108
3.5371 	 0.1903 	 -0.2687 	 0.4371 	 -0.1540 	 -0.0851 	 -0.5822 	 -0.2724 	 0.1868 	 -0.2081
3.5471 	 0.1887 	 -0.2696 	 0.4313 	 -0.1567 	 -0.0832 	 -0.5843 	 -0.2701 	 0.1874 	 -0.2056
3.5571 	 0.1872 	 -0.2704 	 0.4254 	 -0.1594 	 -0.0813 	 -0.5863 	 -0.2678 	 0.1881 	 -0.2031
3.5671 	 0.1855 	 -0.2712 	 0.4195 	 -0.1621 	 -0.0794 	 -0.5884 	 -0.2653 	 0.1887 	 -0.2007
3.5772 	 0.1839 	 -0.2720 	 0.4136 	 -0.1647 	 -0.0775 	 -0.5904 	 -0.2628 	 0.1894 	 -0.1985
3.5872 	 0.1822 	 -0.2727 	 0.4077 	 -0.1674 	 -0.0756 	 -0.5923 	 -0.2602 	 0.1900 	 -0.1964
3.5972 	 0.1806 	 -0.2735 	 0.4017 	 -0.1700 	 -0.0737 	 -0.5943 	 -0.2576 	 0.1907 	 -0.1945
3.6072 	 0.1788 	 -0.2742 	 0.3958 	 -0.1725 	 -0.0718 	 -0.5962 	 -0.2549 	 0.1914 	 -0.1926
3.6172 	 0.1771 	 -0.2749 	 0.3898 	 -0.1751 	 -0.0699 	 -0.5982 	 -0.2522 	 0.1921 	 -0.1910
3.6273 	 0.1753 	 -0.2756 	 0.3838 	 -0.1776 	 -0.0679 	 -0.6001 	 -0.2494 	 0.1928 	 -0.1895
3.6373 	 0.1735 	 -0.2763 	 0.3778 	 -0.1801 	 -0.0660 	 -0.6020 	 -0.2467 	 0.1936 	 -0.1881
3.6473 	 0.1717 	 -0.2769 	 0.3717 	 -0.1825 	 -0.0641 	 -0.6038 	 -0.2440 	 0.1944 	 -0.1869
3.6573 	 0.1699 	 -0.2776 	 0.3657 	 -0.1850 	 -0.0621 	 -0.6057 	 -0.2413 	 0.1952 	 -0.1858
3.6673 	 0.1680 	 -0.2782 	 0.3596 	 -0.1874 	 -0.0602 	 -0.6076 	 -0.2386 	 0.1961 	 -0.1850
3.6774 	 0.1661 	 -0.2788 	 0.3535 	 -0.1897 	 -0.0582 	 -0.6094 	 -0.2360 	 0.1970 	 -0.1842
3.6874 	 0.1642 	 -0.2793 	 0.3474 	 -0.1921 	 -0.0562 	 -0.6113 	 -0.2334 	 0.1980 	 -0.1836
3.6974 	 0.1623 	 -0.2799 	 0.3412 	 -0.1944 	 -0.0542 	 -0.6131 	 -0.2310 	 0.1990 	 -0.1832
3.7074 	 0.1603 	 -0.2804 	 0.3351 	 -0.1967 	 -0.0522 	 -0.6149 	 -0.2286 	 0.2001 	 -0.1829
3.7174 	 0.1583 	 -0.2809 	 0.3289 	 -0.1990 	 -0.0502 	 -0.6168 	 -0.2263 	 0.2012 	 -0.1828
3.7275 	 0.1563 	 -0.2814 	 0.3227 	 -0.2013 	 -0.0482 	 -0.6186 	 -0.2241 	 0.2024 	 -0.1828
3.7375 	 0.1543 	 -0.2819 	 0.3165 	 -0.2035 	 -0.0461 	 -0.6204 	 -0.2220 	 0.2037 	 -0.1829
3.7475 	 0.1522 	 -0.2824 	 0.3103 	 -0.2057 	 -0.0441 	 -0.6223 	 -0.2201 	 0.2049 	 -0.1832
3.7575 	 0.1502 	 -0.2828 	 0.3041 	 -0.2079 	 -0.0420 	 -0.6241 	 -0.2183 	 0.2063 	 -0.1836
3.7675 	 0.1481 	 -0.2832 	 0.2978 	 -0.2101 	 -0.0400 	 -0.6259 	 -0.2167 	 0.2077 	 -0.1841
3.7776 	 0.1460 	 -0.2836 	 0.2915 	 -0.2122 	 -0.0379 	 -0.6278 	 -0.2152 	 0.2092 	 -0.1847
3.7876 	 0.1438 	 -0.2840 	 0.2852 	 -0.2144 	 -0.0358 	 -0.6296 	 -0.2139 	 0.2107 	 -0.1855
3.7976 	 0.1417 	 -0.2843 	 0.2789 	 -0.2165 	 -0.0337 	 -0.6315 	 -0.2127 	 0.2123 	 -0.1864
3.8076 	 0.1395 	 -0.2846 	 0.2726 	 -0.2187 	 -0.0315 	 -0.6334 	 -0.2118 	 0.2140 	 -0.1874
3.8176 	 0.1373 	 -0.2849 	 0.2662 	 -0.2208 	 -0.0294 	 -0.6353 	 -0.2110 	 0.2157 	 -0.1885
3.8277 	 0.1351 	 -0.2852 	 0.2598 	 -0.2229 	 -0.0272 	 -0.6372 	 -0.2105 	 0.2175 	 -0.1897
3.8377 	 0.1328 	 -0.2855 	 0.2534 	 -0.2250 	 -0.0250 	 -0.6391 	 -0.2101 	 0.2194 	 -0.1911
3.8477 	 0.1306 	 -0.2857 	 0.2470 	 -0.2271 	 -0.0228 	 -0.6410 	 -0.2100 	 0.2213 	 -0.1926
3.8577 	 0.1283 	 -0.2859 	 0.2406 	 -0.2292 	 -0.0206 	 -0.6429 	 -0.2101 	 0.2234 	 -0.1942
3.8677 	 0.1260 	 -0.2861 	 0.2341 	 -0.2313 	 -0.0183 	 -0.6449 	 -0.2104 	 0.2255 	 -0.1959
3.8778 	 0.1236 	 -0.2863 	 0.2277 	 -0.2334 	 -0.0161 	 -0.6468 	 -0.2109 	 0.2277 	 -0.1977
3.8878 	 0.1213 	 -0.2865 	 0.2212 	 -0.2355 	 -0.0138 	 -0.6488 	 -0.2117 	 0.2301 	 -0.1996
3.8978 	 0.1189 	 -0.2866 	 0.2147 	 -0.2377 	 -0.0114 	 -0.6508 	 -0.2127 	 0.2325 	 -0.2017
3.9078 	 0.1165 	 -0.2867 	 0.2081 	 -0.2398 	 -0.0091 	 -0.6529 	 -0.2139 	 0.2351 	 -0.2038
3.9178 	 0.1141 	 -0.2868 	 0.2016 	 -0.2420 	 -0.0067 	 -0.6549 	 -0.2153 	 0.2377 	 -0.2061
3.9279 	 0.1117 	 -0.2868 	 0.1950 	 -0.2441 	 -0.0043 	 -0.6570 	 -0.2169 	 0.2404 	 -0.2084
3.9379 	 0.1092 	 -0.2869 	 0.1884 	 -0.2463 	 -0.0019 	 -0.6591 	 -0.2186 	 0.2433 	 -0.2108
3.9479 	 0.1067 	 -0.2869 	 0.1818 	 -0.2485 	 0.0005 	 -0.6612 	 -0.2205 	 0.2462 	 -0.2133
3.9579 	 0.1042 	 -0.2868 	 0.1752 	 -0.2507 	 0.0030 	 -0.6634 	 -0.2225 	 0.2492 	 -0.2158
3.9679 	 0.1017 	 -0.2868 	 0.1685 	 -0.2530 	 0.0055 	 -0.6656 	 -0.2245 	 0.2522 	 -0.2184
3.9780 	 0.0992 	 -0.2867 	 0.1618 	 -0.2552 	 0.0081 	 -0.6678 	 -0.2266 	 0.2553 	 -0.2210
3.9880 	 0.0966 	 -0.2866 	 0.1551 	 -0.2575 	 0.0107 	 -0.6700 	 -0.2285 	 0.2583 	 -0.2235
3.9980 	 0.0940 	 -0.2865 	 0.1484 	 -0.2598 	 0.0133 	 -0.6722 	 -0.2303 	 0.2613 	 -0.2260
4.0080 	 0.0914 	 -0.2864 	 0.1417 	 -0.2621 	 0.0159 	 -0.6745 	 -0.2318 	 0.2642 	 -0.2284
4.0180 	 0.0888 	 -0.2862 	 0.1349 	 -0.2644 	 0.0185 	 -0.6768 	 -0.2330 	 0.2669 	 -0.2307
4.0281 	 0.0861 	 -0.2860 	 0.1281 	 -0.2668 	 0.0212 	 -0.6791 	 -0.2337 	 0.2695 	 -0.2328
4.0381 	 0.0834 	 -0.2858 	 0.1213 	 -0.2691 	 0.0239 	 -0.6815 	 -0.2337 	 0.2717 	 -0.2346
4.0481 	 0.0807 	 -0.2855 	 0.1144 	 -0.2715 	 0.0267 	 -0.6838 	 -0.2330 	 0.2736 	 -0.2360
4.0581 	 0.0780 	 -0.2852 	 0.1076 	 -0.2738 	 0.0294 	 -0.6862 	 -0.2314 	 0.2751 	 -0.2369
4.0681 	 0.0752 	 -0.2849 	 0.1007 	 -0.2761 	 0.0322 	 -0.6886 	 -0.2287 	 0.2763 	 -0.2373
4.0782 	 0.0724 	 -0.2846 	 0.0938 	 -0.2784 	 0.0350 	 -0.6910 	 -0.2252 	 0.2772 	 -0.2370
4.0882 	 0.0696 	 -0.2842 	 0.0868 	 -0.2806 	 0.0377 	 -0.6933 	 -0.2209 	 0.2782 	 -0.2357
4.0982 	 0.0668 	 -0.2838 	 0.0799 	 -0.2828 	 0.0405 	 -0.6957 	 -0.2160 	 0.2790 	 -0.2329
4.1082 	 0.0640 	 -0.2834 	 0.0729 	 -0.2849 	 0.0433 	 -0.6980 	 -0.2107 	 0.2800 	 -0.2285
4.1182 	 0.0611 	 -0.2830 	 0.0659 	 -0.2870 	 0.0462 	 -0.7002 	 -0.2052 	 0.2812 	 -0.2222
4.1283 	 0.0582 	 -0.2825 	 0.0589 	 -0.2890 	 0.0490 	 -0.7024 	 -0.1999 	 0.2827 	 -0.2139
4.1383 	 0.0553 	 -0.2820 	 0.0518 	 -0.2910 	 0.0518 	 -0.7045 	 -0.1951 	 0.2848 	 -0.2037
4.1483 	 0.0524 	 -0.2815 	 0.0447 	 -0.2930 	 0.0547 	 -0.7065 	 -0.1912 	 0.2876 	 -0.1918
4.1583 	 0.0494 	 -0.2809 	 0.0377 	 -0.2949 	 0.0576 	 -0.7084 	 -0.1882 	 0.2912 	 -0.1786
4.1683 	 0.0465 	 -0.2803 	 0.0305 	 -0.2967 	 0.0605 	 -0.7101 	 -0.1864 	 0.2955 	 -0.1644
4.1784 	 0.0435 	 -0.2797 	 0.0234 	 -0.2986 	 0.0635 	 -0.7117 	 -0.1856 	 0.3006 	 -0.1499
4.1884 	 0.0405 	 -0.2790 	 0.0163 	 -0.3005 	 0.0666 	 -0.7131 	 -0.1858 	 0.3062 	 -0.1354
4.1984 	 0.0375 	 -0.2783 	 0.0091 	 -0.3023 	 0.0696 	 -0.7144 	 -0.1865 	 0.3122 	 -0.1212
4.2084 	 0.0344 	 -0.2776 	 0.0020 	 -0.3042 	 0.0728 	 -0.7155 	 -0.1876 	 0.3183 	 -0.1076
4.2184 	 0.0314 	 -0.2769 	 -0.0052 	 -0.3061 	 0.0760 	 -0.7165 	 -0.1887 	 0.3243 	 -0.0949
4.2285 	 0.0283 	 -0.2761 	 -0.0124 	 -0.3080 	 0.0793 	 -0.7174 	 -0.1897 	 0.3300 	 -0.0830
4.2385 	 0.0252 	 -0.2753 	 -0.0196 	 -0.3099 	 0.0826 	 -0.7182 	 -0.1902 	 0.3353 	 -0.0720
4.2485 	 0.0221 	 -0.2745 	 -0.0268 	 -0.3118 	 0.0860 	 -0.7189 	 -0.1902 	 0.3400 	 -0.0619
4.2585 	 0.0190 	 -0.2736 	 -0.0340 	 -0.3137 	 0.0894 	 -0.7194 	 -0.1895 	 0.3440 	 -0.0526
4.2685 	 0.0158 	 -0.2727 	 -0.0412 	 -0.3156 	 0.0929 	 -0.7199 	 -0.1882 	 0.3473 	 -0.0442
4.2786 	 0.0126 	 -0.2717 	 -0.0484 	 -0.3175 	 0.0964 	 -0.7203 	 -0.1862 	 0.3498 	 -0.0365
4.2886 	 0.0094 	 -0.2707 	 -0.0556 	 -0.3193 	 0.0999 	 -0.7207 	 -0.1836 	 0.3516 	 -0.0295
4.2986 	 0.0062 	 -0.2697 	 -0.0629 	 -0.3211 	 0.1035 	 -0.7209 	 -0.1805 	 0.3526 	 -0.0232
4.3086 	 0.0030 	 -0.2687 	 -0.0701 	 -0.3229 	 0.1070 	 -0.7211 	 -0.1768 	 0.3530 	 -0.0175
4.3186 	 -0.0002 	 -0.2676 	 -0.0773 	 -0.3247 	 0.1105 	 -0.7213 	 -0.1727 	 0.3527 	 -0.0124
4.3287 	 -0.0035 	 -0.2664 	 -0.0845 	 -0.3264 	 0.1141 	 -0.7214 	 -0.1683 	 0.3517 	 -0.0079
4.3387 	 -0.0068 	 -0.2653 	 -0.0918 	 -0.3281 	 0.1176 	 -0.7214 	 -0.1636 	 0.3503 	 -0.0038
4.3487 	 -0.0101 	 -0.2641 	 -0.0990 	 -0.3297 	 0.1211 	 -0.7215 	 -0.1587 	 0.3484 	 -0.0001
4.3587 	 -0.0134 	 -0.2629 	 -0.1062 	 -0.3312 	 0.1246 	 -0.7214 	 -0.1538 	 0.3462 	 0.0032
4.3687 	 -0.0167 	 -0.2616 	 -0.1135 	 -0.3327 	 0.1280 	 -0.7214 	 -0.1488 	 0.3436 	 0.0062
4.3788 	 -0.0201 	 -0.2603 	 -0.1207 	 -0.3342 	 0.1314 	 -0.7213 	 -0.1439 	 0.3407 	 0.0090
4.3888 	 -0.0234 	 -0.2590 	 -0.1279 	 -0.3356 	 0.1348 	 -0.7212 	 -0.1391 	 0.3376 	 0.0117
4.3988 	 -0.0268 	 -0.2576 	 -0.1351 	 -0.3370 	 0.1382 	 -0.7211 	 -0.1345 	 0.3344 	 0.0144
4.4088 	 -0.0302 	 -0.2562 	 -0.1424 	 -0.3383 	 0.1415 	 -0.7209 	 -0.1301 	 0.3310 	 0.0170
4.4188 	 -0.0336 	 -0.2547 	 -0.1496 	 -0.3396 	 0.1448 	 -0.7207 	 -0.1261 	 0.3276 	 0.0198
4.4289 	 -0.0370 	 -0.2533 	 -0.1568 	 -0.3409 	 0.1481 	 -0.7205 	 -0.1223 	 0.3242 	 0.0228
4.4389 	 -0.0404 	 -0.2518 	 -0.1640 	 -0.3421 	 0.1513 	 -0.7203 	 -0.1189 	 0.3208 	 0.0261
4.4489 	 -0.0438 	 -0.2502 	 -0.1712 	 -0.3432 	 0.1545 	 -0.7200 	 -0.1159 	 0.3174 	 0.0297
4.4589 	 -0.0473 	 -0.2487 	 -0.1784 	 -0.3444 	 0.1577 	 -0.7197 	 -0.1133 	 0.3141 	 0.0336
4.4689 	 -0.0507 	 -0.2471 	 -0.1857 	 -0.3455 	 0.1608 	 -0.7193 	 -0.1110 	 0.3109 	 0.0381
4.4790 	 -0.0542 	 -0.2455 	 -0.1929 	 -0.3466 	 0.1639 	 -0.7189 	 -0.1090 	 0.3078 	 0.0431
4.4890 	 -0.0577 	 -0.2438 	 -0.2001 	 -0.3477 	 0.1670 	 -0.7185 	 -0.1071 	 0.3047 	 0.0486
4.4990 	 -0.0612 	 -0.2421 	 -0.2073 	 -0.3488 	 0.1700 	 -0.7179 	 -0.1053 	 0.3017 	 0.0546
4.5090 	 -0.0647 	 -0.2404 	 -0.2145 	 -0.3498 	 0.1730 	 -0.7174 	 -0.1035 	 0.2987 	 0.0612
4.5190 	 -0.0682 	 -0.2386 	 -0.2216 	 -0.3508 	 0.1760 	 -0.7167 	 -0.1014 	 0.2957 	 0.0683
4.5291 	 -0.0717 	 -0.2369 	 -0.2288 	 -0.3518 	 0.1790 	 -0.7160 	 -0.0989 	 0.2925 	 0.0757
4.5391 	 -0.0752 	 -0.2351 	 -0.2360 	 -0.3528 	 0.1819 	 -0.7152 	 -0.0958 	 0.2891 	 0.0834
4.5491 	 -0.0788 	 -0.2332 	 -0.2431 	 -0.3538 	 0.1848 	 -0.7143 	 -0.0918 	 0.2854 	 0.0911
4.5591 	 -0.0823 	 -0.2314 	 -0.2503 	 -0.3547 	 0.1876 	 -0.7134 	 -0.0868 	 0.2812 	 0.0986
4.5691 	 -0.0859 	 -0.2295 	 -0.2574 	 -0.3555 	 0.1904 	 -0.7124 	 -0.0808 	 0.2765 	 0.1058
4.5792 	 -0.0894 	 -0.2275 	 -0.2646 	 -0.3563 	 0.1931 	 -0.7113 	 -0.0735 	 0.2711 	 0.1122
4.5892 	 -0.0930 	 -0.2256 	 -0.2717 	 -0.3570 	 0.1958 	 -0.7101 	 -0.0651 	 0.2649 	 0.1176
4.5992 	 -0.0966 	 -0.2236 	 -0.2788 	 -0.3576 	 0.1984 	 -0.7089 	 -0.0555 	 0.2579 	 0.1218
4.6092 	 -0.1002 	 -0.2216 	 -0.2859 	 -0.3581 	 0.2010 	 -0.7077 	 -0.0449 	 0.2501 	 0.1247
4.6192 	 -0.1038 	 -0.2196 	 -0.2930 	 -0.3585 	 0.2034 	 -0.7064 	 -0.0333 	 0.2414 	 0.1260
4.6293 	 -0.1074 	 -0.2175 	 -0.3001 	 -0.3587 	 0.2058 	 -0.7052 	 -0.0211 	 0.2318 	 0.1257
4.6393 	 -0.1109 	 -0.2155 	 -0.3071 	 -0.3589 	 0.2081 	 -0.7039 	 -0.0082 	 0.2217 	 0.1239
4.6493 	 -0.1145 	 -0.2134 	 -0.3142 	 -0.3589 	 0.2103 	 -0.7027 	 0.0051 	 0.2109 	 0.1206
4.6593 	 -0.1181 	 -0.2113 	 -0.3212 	 -0.3588 	 0.2123 	 -0.7015 	 0.0187 	 0.1999 	 0.1160
4.6693 	 -0.1217 	 -0.2091 	 -0.3282 	 -0.3585 	 0.2143 	 -0.7004 	 0.0326 	 0.1888 	 0.1103
4.6794 	 -0.1253 	 -0.2070 	 -0.3352 	 -0.3581 	 0.2161 	 -0.6993 	 0.0466 	 0.1781 	 0.1039
4.6894 	 -0.1289 	 -0.2048 	 -0.3422 	 -0.3576 	 0.2178 	 -0.6983 	 0.0607 	 0.1679 	 0.0970
4.6994 	 -0.1325 	 -0.2026 	 -0.3492 	 -0.3569 	 0.2195 	 -0.6973 	 0.0750 	 0.1588 	 0.0901
4.7094 	 -0.1361 	 -0.2004 	 -0.3562 	 -0.3561 	 0.2210 	 -0.6965 	 0.0893 	 0.1511 	 0.0835
4.7194 	 -0.1396 	 -0.1982 	 -0.3632 	 -0.3551 	 0.2225 	 -0.6957 	 0.1036 	 0.1452 	 0.0777
4.7295 	 -0.1432 	 -0.1959 	 -0.3702 	 -0.3540 	 0.2239 	 -0.6949 	 0.1181 	 0.1414 	 0.0731
4.7395 	 -0.1467 	 -0.1937 	 -0.3771 	 -0.3528 	 0.2253 	 -0.6942 	 0.1326 	 0.1402 	 0.0702
4.7495 	 -0.1502 	 -0.1914 	 -0.3841 	 -0.3514 	 0.2268 	 -0.6935 	 0.1471 	 0.1418 	 0.0693
4.7595 	 -0.1538 	 -0.1891 	 -0.3910 	 -0.3498 	 0.2282 	 -0.6928 	 0.1616 	 0.1462 	 0.0709
4.7695 	 -0.1573 	 -0.1868 	 -0.3979 	 -0.3481 	 0.2297 	 -0.6921 	 0.1759 	 0.1538 	 0.0755
4.7796 	 -0.1607 	 -0.1845 	 -0.4049 	 -0.3463 	 0.2313 	 -0.6913 	 0.1899 	 0.1642 	 0.0834
4.7896 	 -0.1642 	 -0.1822 	 -0.4118 	 -0.3443 	 0.2330 	 -0.6904 	 0.2033 	 0.1773 	 0.0951
4.7996 	 -0.1676 	 -0.1799 	 -0.4187 	 -0.3422 	 0.2348 	 -0.6893 	 0.2158 	 0.1924 	 0.1111
4.8096 	 -0.1711 	 -0.1775 	 -0.4256 	 -0.3400 	 0.2369 	 -0.6881 	 0.2270 	 0.2089 	 0.1315
4.8196 	 -0.1744 	 -0.1751 	 -0.4325 	 -0.3377 	 0.2390 	 -0.6867 	 0.2364 	 0.2255 	 0.1566
4.8297 	 -0.1778 	 -0.1727 	 -0.4394 	 -0.3353 	 0.2414 	 -0.6850 	 0.2435 	 0.2411 	 0.1860
4.8397 	 -0.1812 	 -0.1703 	 -0.4462 	 -0.3328 	 0.2439 	 -0.6830 	 0.2478 	 0.2540 	 0.2193
4.8497 	 -0.1845 	 -0.1678 	 -0.4531 	 -0.3303 	 0.2465 	 -0.6806 	 0.2489 	 0.2629 	 0.2554
4.8597 	 -0.1878 	 -0.1653 	 -0.4599 	 -0.3278 	 0.2491 	 -0.6778 	 0.2466 	 0.2664 	 0.2927
4.8697 	 -0.1911 	 -0.1628 	 -0.4666 	 -0.3254 	 0.2518 	 -0.6747 	 0.2408 	 0.2640 	 0.3296
4.8798 	 -0.1943 	 -0.1603 	 -0.4734 	 -0.3230 	 0.2544 	 -0.6712 	 0.2318 	 0.2552 	 0.3640
4.8898 	 -0.1975 	 -0.1577 	 -0.4801 	 -0.3207 	 0.2569 	 -0.6674 	 0.2201 	 0.2407 	 0.3942
4.8998 	 -0.2007 	 -0.1551 	 -0.4868 	 -0.3186 	 0.2592 	 -0.6634 	 0.2065 	 0.2215 	 0.4189
4.9098 	 -0.2039 	 -0.1525 	 -0.4934 	 -0.3166 	 0.2613 	 -0.6591 	 0.1916 	 0.1990 	 0.4373
4.9198 	 -0.2071 	 -0.1499 	 -0.5000 	 -0.3148 	 0.2632 	 -0.6546 	 0.1763 	 0.1747 	 0.4492
4.9299 	 -0.2102 	 -0.1473 	 -0.5065 	 -0.3131 	 0.2648 	 -0.6501 	 0.1612 	 0.1500 	 0.4550
4.9399 	 -0.2134 	 -0.1446 	 -0.5130 	 -0.3115 	 0.2662 	 -0.6455 	 0.1467 	 0.1262 	 0.4556
4.9499 	 -0.2165 	 -0.1419 	 -0.5194 	 -0.3101 	 0.2673 	 -0.6410 	 0.1332 	 0.1041 	 0.4518
4.9599 	 -0.2196 	 -0.1393 	 -0.5258 	 -0.3089 	 0.2683 	 -0.6365 	 0.1208 	 0.0841 	 0.4446
4.9699 	 -0.2227 	 -0.1366 	 -0.5322 	 -0.3077 	 0.2690 	 -0.6321 	 0.1096 	 0.0665 	 0.4350
4.9800 	 -0.2257 	 -0.1339 	 -0.5385 	 -0.3067 	 0.2696 	 -0.6278 	 0.0996 	 0.0513 	 0.4238
4.9900 	 -0.2288 	 -0.1312 	 -0.5448 	 -0.3057 	 0.2701 	 -0.6236 	 0.0906 	 0.0384 	 0.4116
