100-Body Run with i = 84 th particle. (Units in pc,M_solar,Myr, km s-1) 

time		 x 		 y 		 z 		 xdot 		 ydot 		 zdot 		 xddot 		 yddot 		 zddot
0.0000 	 -0.8845 	 -0.3649 	 -0.4895 	 -0.0051 	 -0.0008 	 -0.0023 	 0.2067 	 0.0686 	 0.0547
0.0100 	 -0.8845 	 -0.3649 	 -0.4896 	 -0.0030 	 -0.0001 	 -0.0017 	 0.2067 	 0.0686 	 0.0547
0.0200 	 -0.8846 	 -0.3649 	 -0.4896 	 -0.0009 	 0.0005 	 -0.0012 	 0.2066 	 0.0686 	 0.0547
0.0301 	 -0.8846 	 -0.3649 	 -0.4896 	 0.0011 	 0.0012 	 -0.0006 	 0.2063 	 0.0685 	 0.0546
0.0401 	 -0.8845 	 -0.3648 	 -0.4896 	 0.0032 	 0.0020 	 -0.0002 	 0.2151 	 0.0766 	 0.0504
0.0501 	 -0.8845 	 -0.3648 	 -0.4896 	 0.0052 	 0.0027 	 0.0002 	 0.1940 	 0.0655 	 0.0487
0.0601 	 -0.8844 	 -0.3648 	 -0.4896 	 0.0072 	 0.0034 	 0.0007 	 0.1958 	 0.0647 	 0.0516
0.0701 	 -0.8843 	 -0.3648 	 -0.4896 	 0.0091 	 0.0040 	 0.0012 	 0.1955 	 0.0646 	 0.0517
0.0802 	 -0.8842 	 -0.3647 	 -0.4895 	 0.0111 	 0.0047 	 0.0018 	 0.1950 	 0.0644 	 0.0514
0.0902 	 -0.8841 	 -0.3647 	 -0.4895 	 0.0130 	 0.0053 	 0.0023 	 0.1945 	 0.0643 	 0.0511
0.1002 	 -0.8840 	 -0.3646 	 -0.4895 	 0.0150 	 0.0060 	 0.0028 	 0.1941 	 0.0641 	 0.0507
0.1102 	 -0.8838 	 -0.3645 	 -0.4895 	 0.0169 	 0.0066 	 0.0033 	 0.1937 	 0.0640 	 0.0503
0.1202 	 -0.8836 	 -0.3645 	 -0.4894 	 0.0189 	 0.0072 	 0.0038 	 0.1933 	 0.0639 	 0.0497
0.1303 	 -0.8834 	 -0.3644 	 -0.4894 	 0.0208 	 0.0079 	 0.0043 	 0.1929 	 0.0638 	 0.0488
0.1403 	 -0.8832 	 -0.3643 	 -0.4894 	 0.0227 	 0.0085 	 0.0048 	 0.1924 	 0.0636 	 0.0479
0.1503 	 -0.8830 	 -0.3642 	 -0.4893 	 0.0246 	 0.0092 	 0.0052 	 0.1918 	 0.0633 	 0.0468
0.1603 	 -0.8827 	 -0.3641 	 -0.4892 	 0.0266 	 0.0098 	 0.0057 	 0.1909 	 0.0627 	 0.0460
0.1703 	 -0.8825 	 -0.3640 	 -0.4892 	 0.0285 	 0.0104 	 0.0062 	 0.1882 	 0.0606 	 0.0448
0.1804 	 -0.8822 	 -0.3639 	 -0.4891 	 0.0303 	 0.0110 	 0.0066 	 0.1855 	 0.0597 	 0.0426
0.1904 	 -0.8819 	 -0.3638 	 -0.4891 	 0.0322 	 0.0116 	 0.0070 	 0.1838 	 0.0595 	 0.0409
0.2004 	 -0.8815 	 -0.3637 	 -0.4890 	 0.0340 	 0.0122 	 0.0074 	 0.1826 	 0.0594 	 0.0400
0.2104 	 -0.8812 	 -0.3636 	 -0.4889 	 0.0358 	 0.0128 	 0.0078 	 0.1816 	 0.0592 	 0.0396
0.2204 	 -0.8808 	 -0.3634 	 -0.4888 	 0.0377 	 0.0134 	 0.0082 	 0.1807 	 0.0590 	 0.0394
0.2305 	 -0.8804 	 -0.3633 	 -0.4887 	 0.0395 	 0.0140 	 0.0086 	 0.1799 	 0.0588 	 0.0393
0.2405 	 -0.8800 	 -0.3632 	 -0.4887 	 0.0413 	 0.0146 	 0.0090 	 0.1792 	 0.0586 	 0.0393
0.2505 	 -0.8796 	 -0.3630 	 -0.4886 	 0.0431 	 0.0152 	 0.0094 	 0.1786 	 0.0584 	 0.0394
0.2605 	 -0.8792 	 -0.3628 	 -0.4885 	 0.0448 	 0.0157 	 0.0098 	 0.1782 	 0.0582 	 0.0396
0.2705 	 -0.8787 	 -0.3627 	 -0.4884 	 0.0466 	 0.0163 	 0.0102 	 0.1778 	 0.0581 	 0.0397
0.2806 	 -0.8782 	 -0.3625 	 -0.4883 	 0.0484 	 0.0169 	 0.0106 	 0.1775 	 0.0579 	 0.0399
0.2906 	 -0.8777 	 -0.3623 	 -0.4882 	 0.0502 	 0.0175 	 0.0110 	 0.1773 	 0.0578 	 0.0401
0.3006 	 -0.8772 	 -0.3622 	 -0.4880 	 0.0520 	 0.0181 	 0.0114 	 0.1771 	 0.0577 	 0.0403
0.3106 	 -0.8767 	 -0.3620 	 -0.4879 	 0.0537 	 0.0186 	 0.0118 	 0.1770 	 0.0575 	 0.0405
0.3206 	 -0.8761 	 -0.3618 	 -0.4878 	 0.0555 	 0.0192 	 0.0122 	 0.1770 	 0.0574 	 0.0408
0.3307 	 -0.8756 	 -0.3616 	 -0.4877 	 0.0573 	 0.0198 	 0.0126 	 0.1770 	 0.0573 	 0.0410
0.3407 	 -0.8750 	 -0.3614 	 -0.4876 	 0.0590 	 0.0204 	 0.0130 	 0.1771 	 0.0572 	 0.0412
0.3507 	 -0.8744 	 -0.3612 	 -0.4874 	 0.0608 	 0.0209 	 0.0134 	 0.1772 	 0.0572 	 0.0415
0.3607 	 -0.8738 	 -0.3610 	 -0.4873 	 0.0626 	 0.0215 	 0.0139 	 0.1773 	 0.0571 	 0.0417
0.3707 	 -0.8731 	 -0.3608 	 -0.4871 	 0.0644 	 0.0221 	 0.0143 	 0.1775 	 0.0570 	 0.0420
0.3808 	 -0.8725 	 -0.3605 	 -0.4870 	 0.0662 	 0.0226 	 0.0147 	 0.1777 	 0.0570 	 0.0423
0.3908 	 -0.8718 	 -0.3603 	 -0.4868 	 0.0679 	 0.0232 	 0.0151 	 0.1780 	 0.0570 	 0.0426
0.4008 	 -0.8711 	 -0.3601 	 -0.4867 	 0.0697 	 0.0238 	 0.0156 	 0.1783 	 0.0570 	 0.0429
0.4108 	 -0.8704 	 -0.3598 	 -0.4865 	 0.0715 	 0.0244 	 0.0160 	 0.1787 	 0.0570 	 0.0432
0.4208 	 -0.8697 	 -0.3596 	 -0.4864 	 0.0733 	 0.0249 	 0.0164 	 0.1792 	 0.0570 	 0.0436
0.4309 	 -0.8689 	 -0.3593 	 -0.4862 	 0.0751 	 0.0255 	 0.0169 	 0.1797 	 0.0571 	 0.0439
0.4409 	 -0.8682 	 -0.3591 	 -0.4860 	 0.0769 	 0.0261 	 0.0173 	 0.1802 	 0.0572 	 0.0443
0.4509 	 -0.8674 	 -0.3588 	 -0.4859 	 0.0787 	 0.0266 	 0.0177 	 0.1808 	 0.0573 	 0.0448
0.4609 	 -0.8666 	 -0.3585 	 -0.4857 	 0.0805 	 0.0272 	 0.0182 	 0.1814 	 0.0575 	 0.0452
0.4709 	 -0.8658 	 -0.3583 	 -0.4855 	 0.0824 	 0.0278 	 0.0187 	 0.1821 	 0.0576 	 0.0457
0.4810 	 -0.8650 	 -0.3580 	 -0.4853 	 0.0842 	 0.0284 	 0.0191 	 0.1828 	 0.0579 	 0.0463
0.4910 	 -0.8641 	 -0.3577 	 -0.4851 	 0.0860 	 0.0290 	 0.0196 	 0.1836 	 0.0581 	 0.0468
0.5010 	 -0.8632 	 -0.3574 	 -0.4849 	 0.0879 	 0.0295 	 0.0201 	 0.1843 	 0.0584 	 0.0475
0.5110 	 -0.8623 	 -0.3571 	 -0.4847 	 0.0897 	 0.0301 	 0.0205 	 0.1809 	 0.0564 	 0.0453
0.5210 	 -0.8614 	 -0.3568 	 -0.4845 	 0.0915 	 0.0307 	 0.0210 	 0.1819 	 0.0576 	 0.0458
0.5311 	 -0.8605 	 -0.3565 	 -0.4843 	 0.0933 	 0.0313 	 0.0214 	 0.1827 	 0.0581 	 0.0466
0.5411 	 -0.8596 	 -0.3562 	 -0.4841 	 0.0952 	 0.0319 	 0.0219 	 0.1836 	 0.0586 	 0.0474
0.5511 	 -0.8586 	 -0.3558 	 -0.4838 	 0.0970 	 0.0325 	 0.0224 	 0.1844 	 0.0591 	 0.0483
0.5611 	 -0.8576 	 -0.3555 	 -0.4836 	 0.0989 	 0.0331 	 0.0229 	 0.1851 	 0.0597 	 0.0493
0.5711 	 -0.8566 	 -0.3552 	 -0.4834 	 0.1007 	 0.0337 	 0.0234 	 0.1858 	 0.0603 	 0.0503
0.5812 	 -0.8556 	 -0.3548 	 -0.4832 	 0.1026 	 0.0343 	 0.0239 	 0.1864 	 0.0609 	 0.0514
0.5912 	 -0.8546 	 -0.3545 	 -0.4829 	 0.1045 	 0.0349 	 0.0244 	 0.1870 	 0.0615 	 0.0525
0.6012 	 -0.8535 	 -0.3541 	 -0.4827 	 0.1063 	 0.0355 	 0.0249 	 0.1874 	 0.0622 	 0.0536
0.6112 	 -0.8524 	 -0.3538 	 -0.4824 	 0.1082 	 0.0361 	 0.0255 	 0.1876 	 0.0627 	 0.0547
0.6212 	 -0.8513 	 -0.3534 	 -0.4822 	 0.1101 	 0.0367 	 0.0260 	 0.1877 	 0.0633 	 0.0557
0.6313 	 -0.8502 	 -0.3531 	 -0.4819 	 0.1120 	 0.0374 	 0.0266 	 0.1876 	 0.0637 	 0.0567
0.6413 	 -0.8491 	 -0.3527 	 -0.4816 	 0.1139 	 0.0380 	 0.0272 	 0.1874 	 0.0639 	 0.0577
0.6513 	 -0.8479 	 -0.3523 	 -0.4813 	 0.1157 	 0.0387 	 0.0278 	 0.1870 	 0.0640 	 0.0584
0.6613 	 -0.8468 	 -0.3519 	 -0.4811 	 0.1176 	 0.0393 	 0.0283 	 0.1865 	 0.0639 	 0.0590
0.6713 	 -0.8456 	 -0.3515 	 -0.4808 	 0.1195 	 0.0399 	 0.0289 	 0.1860 	 0.0637 	 0.0595
0.6814 	 -0.8444 	 -0.3511 	 -0.4805 	 0.1213 	 0.0406 	 0.0295 	 0.1848 	 0.0634 	 0.0595
0.6914 	 -0.8431 	 -0.3507 	 -0.4802 	 0.1232 	 0.0412 	 0.0301 	 0.1826 	 0.0622 	 0.0581
0.7014 	 -0.8419 	 -0.3503 	 -0.4799 	 0.1250 	 0.0418 	 0.0307 	 0.1817 	 0.0607 	 0.0574
0.7114 	 -0.8406 	 -0.3499 	 -0.4796 	 0.1268 	 0.0424 	 0.0313 	 0.1812 	 0.0597 	 0.0572
0.7214 	 -0.8394 	 -0.3494 	 -0.4793 	 0.1286 	 0.0430 	 0.0319 	 0.1807 	 0.0587 	 0.0570
0.7315 	 -0.8381 	 -0.3490 	 -0.4789 	 0.1304 	 0.0436 	 0.0324 	 0.1804 	 0.0578 	 0.0569
0.7415 	 -0.8368 	 -0.3485 	 -0.4786 	 0.1322 	 0.0442 	 0.0330 	 0.1801 	 0.0570 	 0.0568
0.7515 	 -0.8354 	 -0.3481 	 -0.4783 	 0.1341 	 0.0447 	 0.0336 	 0.1799 	 0.0561 	 0.0566
0.7615 	 -0.8341 	 -0.3477 	 -0.4779 	 0.1359 	 0.0453 	 0.0341 	 0.1797 	 0.0553 	 0.0566
0.7715 	 -0.8327 	 -0.3472 	 -0.4776 	 0.1377 	 0.0459 	 0.0347 	 0.1797 	 0.0545 	 0.0565
0.7816 	 -0.8313 	 -0.3467 	 -0.4772 	 0.1395 	 0.0464 	 0.0353 	 0.1797 	 0.0538 	 0.0565
0.7916 	 -0.8299 	 -0.3463 	 -0.4769 	 0.1413 	 0.0469 	 0.0358 	 0.1797 	 0.0531 	 0.0565
0.8016 	 -0.8285 	 -0.3458 	 -0.4765 	 0.1431 	 0.0475 	 0.0364 	 0.1798 	 0.0525 	 0.0565
0.8116 	 -0.8270 	 -0.3453 	 -0.4761 	 0.1449 	 0.0480 	 0.0370 	 0.1799 	 0.0519 	 0.0566
0.8216 	 -0.8256 	 -0.3448 	 -0.4758 	 0.1467 	 0.0485 	 0.0375 	 0.1800 	 0.0514 	 0.0567
0.8317 	 -0.8241 	 -0.3443 	 -0.4754 	 0.1485 	 0.0490 	 0.0381 	 0.1802 	 0.0509 	 0.0569
0.8417 	 -0.8226 	 -0.3438 	 -0.4750 	 0.1503 	 0.0495 	 0.0387 	 0.1804 	 0.0504 	 0.0570
0.8517 	 -0.8211 	 -0.3434 	 -0.4746 	 0.1521 	 0.0500 	 0.0392 	 0.1806 	 0.0500 	 0.0572
0.8617 	 -0.8195 	 -0.3428 	 -0.4742 	 0.1539 	 0.0505 	 0.0398 	 0.1807 	 0.0497 	 0.0574
0.8717 	 -0.8180 	 -0.3423 	 -0.4738 	 0.1557 	 0.0510 	 0.0404 	 0.1809 	 0.0493 	 0.0576
0.8818 	 -0.8164 	 -0.3418 	 -0.4734 	 0.1575 	 0.0515 	 0.0410 	 0.1811 	 0.0490 	 0.0578
0.8918 	 -0.8148 	 -0.3413 	 -0.4730 	 0.1593 	 0.0520 	 0.0415 	 0.1814 	 0.0487 	 0.0580
0.9018 	 -0.8132 	 -0.3408 	 -0.4726 	 0.1611 	 0.0525 	 0.0421 	 0.1816 	 0.0485 	 0.0582
0.9118 	 -0.8116 	 -0.3403 	 -0.4722 	 0.1630 	 0.0530 	 0.0427 	 0.1818 	 0.0482 	 0.0584
0.9218 	 -0.8100 	 -0.3397 	 -0.4717 	 0.1648 	 0.0535 	 0.0433 	 0.1820 	 0.0480 	 0.0586
0.9319 	 -0.8083 	 -0.3392 	 -0.4713 	 0.1666 	 0.0539 	 0.0439 	 0.1822 	 0.0478 	 0.0588
0.9419 	 -0.8066 	 -0.3386 	 -0.4708 	 0.1684 	 0.0544 	 0.0445 	 0.1824 	 0.0476 	 0.0590
0.9519 	 -0.8049 	 -0.3381 	 -0.4704 	 0.1703 	 0.0549 	 0.0451 	 0.1826 	 0.0475 	 0.0591
0.9619 	 -0.8032 	 -0.3375 	 -0.4699 	 0.1721 	 0.0554 	 0.0457 	 0.1828 	 0.0473 	 0.0593
0.9719 	 -0.8015 	 -0.3370 	 -0.4695 	 0.1739 	 0.0558 	 0.0463 	 0.1830 	 0.0472 	 0.0595
0.9820 	 -0.7997 	 -0.3364 	 -0.4690 	 0.1758 	 0.0563 	 0.0469 	 0.1832 	 0.0471 	 0.0596
0.9920 	 -0.7980 	 -0.3359 	 -0.4685 	 0.1776 	 0.0568 	 0.0474 	 0.1833 	 0.0470 	 0.0597
1.0020 	 -0.7962 	 -0.3353 	 -0.4681 	 0.1794 	 0.0573 	 0.0480 	 0.1835 	 0.0469 	 0.0598
1.0120 	 -0.7944 	 -0.3347 	 -0.4676 	 0.1813 	 0.0577 	 0.0486 	 0.1837 	 0.0469 	 0.0599
1.0220 	 -0.7925 	 -0.3341 	 -0.4671 	 0.1831 	 0.0582 	 0.0492 	 0.1839 	 0.0468 	 0.0600
1.0321 	 -0.7907 	 -0.3335 	 -0.4666 	 0.1850 	 0.0587 	 0.0499 	 0.1841 	 0.0468 	 0.0603
1.0421 	 -0.7888 	 -0.3330 	 -0.4661 	 0.1868 	 0.0591 	 0.0505 	 0.1844 	 0.0469 	 0.0608
1.0521 	 -0.7870 	 -0.3324 	 -0.4656 	 0.1887 	 0.0596 	 0.0511 	 0.1846 	 0.0472 	 0.0617
1.0621 	 -0.7851 	 -0.3318 	 -0.4651 	 0.1905 	 0.0601 	 0.0517 	 0.1847 	 0.0478 	 0.0631
1.0721 	 -0.7831 	 -0.3312 	 -0.4645 	 0.1924 	 0.0606 	 0.0523 	 0.1843 	 0.0492 	 0.0656
1.0822 	 -0.7812 	 -0.3305 	 -0.4640 	 0.1942 	 0.0611 	 0.0530 	 0.1820 	 0.0522 	 0.0691
1.0922 	 -0.7792 	 -0.3299 	 -0.4635 	 0.1960 	 0.0616 	 0.0537 	 0.1755 	 0.0569 	 0.0704
1.1022 	 -0.7773 	 -0.3293 	 -0.4629 	 0.1977 	 0.0622 	 0.0544 	 0.1703 	 0.0574 	 0.0635
1.1122 	 -0.7753 	 -0.3287 	 -0.4624 	 0.1994 	 0.0627 	 0.0550 	 0.1734 	 0.0527 	 0.0571
1.1222 	 -0.7733 	 -0.3280 	 -0.4618 	 0.2012 	 0.0633 	 0.0556 	 0.1779 	 0.0493 	 0.0558
1.1323 	 -0.7712 	 -0.3274 	 -0.4613 	 0.2030 	 0.0637 	 0.0561 	 0.1808 	 0.0477 	 0.0562
1.1423 	 -0.7692 	 -0.3268 	 -0.4607 	 0.2048 	 0.0642 	 0.0567 	 0.1825 	 0.0470 	 0.0568
1.1523 	 -0.7671 	 -0.3261 	 -0.4601 	 0.2067 	 0.0647 	 0.0573 	 0.1835 	 0.0465 	 0.0573
1.1623 	 -0.7651 	 -0.3255 	 -0.4596 	 0.2085 	 0.0652 	 0.0578 	 0.1842 	 0.0463 	 0.0577
1.1723 	 -0.7630 	 -0.3248 	 -0.4590 	 0.2103 	 0.0656 	 0.0584 	 0.1847 	 0.0461 	 0.0580
1.1824 	 -0.7608 	 -0.3242 	 -0.4584 	 0.2122 	 0.0661 	 0.0590 	 0.1851 	 0.0460 	 0.0583
1.1924 	 -0.7587 	 -0.3235 	 -0.4578 	 0.2140 	 0.0665 	 0.0596 	 0.1854 	 0.0459 	 0.0586
1.2024 	 -0.7566 	 -0.3228 	 -0.4572 	 0.2159 	 0.0670 	 0.0602 	 0.1857 	 0.0458 	 0.0588
1.2124 	 -0.7544 	 -0.3222 	 -0.4566 	 0.2178 	 0.0675 	 0.0608 	 0.1860 	 0.0457 	 0.0591
1.2224 	 -0.7522 	 -0.3215 	 -0.4560 	 0.2196 	 0.0679 	 0.0614 	 0.1863 	 0.0456 	 0.0593
1.2325 	 -0.7500 	 -0.3208 	 -0.4554 	 0.2215 	 0.0684 	 0.0619 	 0.1866 	 0.0455 	 0.0596
1.2425 	 -0.7478 	 -0.3201 	 -0.4547 	 0.2234 	 0.0688 	 0.0625 	 0.1868 	 0.0455 	 0.0599
1.2525 	 -0.7455 	 -0.3194 	 -0.4541 	 0.2252 	 0.0693 	 0.0631 	 0.1871 	 0.0454 	 0.0601
1.2625 	 -0.7432 	 -0.3187 	 -0.4535 	 0.2271 	 0.0697 	 0.0638 	 0.1874 	 0.0453 	 0.0604
1.2725 	 -0.7410 	 -0.3180 	 -0.4528 	 0.2290 	 0.0702 	 0.0644 	 0.1877 	 0.0453 	 0.0607
1.2826 	 -0.7387 	 -0.3173 	 -0.4522 	 0.2309 	 0.0706 	 0.0650 	 0.1880 	 0.0453 	 0.0611
1.2926 	 -0.7363 	 -0.3166 	 -0.4515 	 0.2328 	 0.0711 	 0.0656 	 0.1883 	 0.0453 	 0.0614
1.3026 	 -0.7340 	 -0.3159 	 -0.4509 	 0.2347 	 0.0715 	 0.0662 	 0.1887 	 0.0453 	 0.0617
1.3126 	 -0.7316 	 -0.3152 	 -0.4502 	 0.2366 	 0.0720 	 0.0668 	 0.1890 	 0.0453 	 0.0621
1.3226 	 -0.7292 	 -0.3144 	 -0.4495 	 0.2384 	 0.0725 	 0.0674 	 0.1893 	 0.0454 	 0.0624
1.3327 	 -0.7268 	 -0.3137 	 -0.4489 	 0.2403 	 0.0729 	 0.0681 	 0.1897 	 0.0455 	 0.0628
1.3427 	 -0.7244 	 -0.3130 	 -0.4482 	 0.2422 	 0.0734 	 0.0687 	 0.1901 	 0.0456 	 0.0632
1.3527 	 -0.7220 	 -0.3122 	 -0.4475 	 0.2442 	 0.0738 	 0.0693 	 0.1905 	 0.0457 	 0.0635
1.3627 	 -0.7195 	 -0.3115 	 -0.4468 	 0.2461 	 0.0743 	 0.0700 	 0.1909 	 0.0458 	 0.0639
1.3727 	 -0.7171 	 -0.3108 	 -0.4461 	 0.2480 	 0.0747 	 0.0706 	 0.1913 	 0.0460 	 0.0643
1.3828 	 -0.7146 	 -0.3100 	 -0.4454 	 0.2499 	 0.0752 	 0.0713 	 0.1917 	 0.0462 	 0.0647
1.3928 	 -0.7121 	 -0.3092 	 -0.4447 	 0.2518 	 0.0757 	 0.0719 	 0.1921 	 0.0465 	 0.0651
1.4028 	 -0.7095 	 -0.3085 	 -0.4439 	 0.2537 	 0.0761 	 0.0726 	 0.1925 	 0.0467 	 0.0655
1.4128 	 -0.7070 	 -0.3077 	 -0.4432 	 0.2557 	 0.0766 	 0.0732 	 0.1930 	 0.0470 	 0.0659
1.4228 	 -0.7044 	 -0.3070 	 -0.4425 	 0.2576 	 0.0771 	 0.0739 	 0.1935 	 0.0473 	 0.0663
1.4329 	 -0.7018 	 -0.3062 	 -0.4417 	 0.2596 	 0.0776 	 0.0746 	 0.1939 	 0.0477 	 0.0667
1.4429 	 -0.6992 	 -0.3054 	 -0.4410 	 0.2615 	 0.0780 	 0.0752 	 0.1944 	 0.0480 	 0.0672
1.4529 	 -0.6966 	 -0.3046 	 -0.4402 	 0.2635 	 0.0785 	 0.0759 	 0.1949 	 0.0484 	 0.0676
1.4629 	 -0.6939 	 -0.3038 	 -0.4394 	 0.2654 	 0.0790 	 0.0766 	 0.1955 	 0.0489 	 0.0680
1.4729 	 -0.6912 	 -0.3030 	 -0.4387 	 0.2674 	 0.0795 	 0.0773 	 0.1960 	 0.0493 	 0.0685
1.4830 	 -0.6886 	 -0.3022 	 -0.4379 	 0.2693 	 0.0800 	 0.0780 	 0.1965 	 0.0498 	 0.0689
1.4930 	 -0.6859 	 -0.3014 	 -0.4371 	 0.2713 	 0.0805 	 0.0786 	 0.1971 	 0.0503 	 0.0694
1.5030 	 -0.6831 	 -0.3006 	 -0.4363 	 0.2733 	 0.0810 	 0.0793 	 0.1977 	 0.0509 	 0.0699
1.5130 	 -0.6804 	 -0.2998 	 -0.4355 	 0.2753 	 0.0815 	 0.0800 	 0.1983 	 0.0515 	 0.0704
1.5230 	 -0.6776 	 -0.2990 	 -0.4347 	 0.2773 	 0.0820 	 0.0808 	 0.1990 	 0.0521 	 0.0709
1.5331 	 -0.6748 	 -0.2982 	 -0.4339 	 0.2793 	 0.0826 	 0.0815 	 0.1997 	 0.0527 	 0.0714
1.5431 	 -0.6720 	 -0.2973 	 -0.4331 	 0.2813 	 0.0831 	 0.0822 	 0.2004 	 0.0534 	 0.0720
1.5531 	 -0.6692 	 -0.2965 	 -0.4323 	 0.2833 	 0.0836 	 0.0829 	 0.2012 	 0.0541 	 0.0725
1.5631 	 -0.6663 	 -0.2957 	 -0.4314 	 0.2853 	 0.0842 	 0.0836 	 0.2019 	 0.0548 	 0.0731
1.5731 	 -0.6635 	 -0.2948 	 -0.4306 	 0.2873 	 0.0847 	 0.0844 	 0.2028 	 0.0555 	 0.0737
1.5832 	 -0.6606 	 -0.2940 	 -0.4297 	 0.2894 	 0.0853 	 0.0851 	 0.2036 	 0.0563 	 0.0744
1.5932 	 -0.6577 	 -0.2931 	 -0.4289 	 0.2914 	 0.0859 	 0.0859 	 0.2045 	 0.0571 	 0.0751
1.6032 	 -0.6547 	 -0.2922 	 -0.4280 	 0.2935 	 0.0864 	 0.0866 	 0.2055 	 0.0580 	 0.0758
1.6132 	 -0.6518 	 -0.2914 	 -0.4271 	 0.2955 	 0.0870 	 0.0874 	 0.2065 	 0.0589 	 0.0765
1.6232 	 -0.6488 	 -0.2905 	 -0.4263 	 0.2976 	 0.0876 	 0.0882 	 0.2075 	 0.0598 	 0.0773
1.6333 	 -0.6458 	 -0.2896 	 -0.4254 	 0.2997 	 0.0882 	 0.0889 	 0.2086 	 0.0607 	 0.0781
1.6433 	 -0.6428 	 -0.2887 	 -0.4245 	 0.3018 	 0.0888 	 0.0897 	 0.2097 	 0.0617 	 0.0790
1.6533 	 -0.6398 	 -0.2878 	 -0.4236 	 0.3039 	 0.0895 	 0.0905 	 0.2108 	 0.0627 	 0.0799
1.6633 	 -0.6367 	 -0.2869 	 -0.4227 	 0.3060 	 0.0901 	 0.0913 	 0.2120 	 0.0638 	 0.0809
1.6733 	 -0.6336 	 -0.2860 	 -0.4217 	 0.3081 	 0.0907 	 0.0921 	 0.2133 	 0.0649 	 0.0819
1.6834 	 -0.6305 	 -0.2851 	 -0.4208 	 0.3103 	 0.0914 	 0.0930 	 0.2146 	 0.0660 	 0.0830
1.6934 	 -0.6274 	 -0.2842 	 -0.4199 	 0.3124 	 0.0921 	 0.0938 	 0.2160 	 0.0672 	 0.0841
1.7034 	 -0.6243 	 -0.2833 	 -0.4189 	 0.3146 	 0.0927 	 0.0946 	 0.2174 	 0.0684 	 0.0854
1.7134 	 -0.6211 	 -0.2823 	 -0.4180 	 0.3168 	 0.0934 	 0.0955 	 0.2188 	 0.0696 	 0.0867
1.7234 	 -0.6179 	 -0.2814 	 -0.4170 	 0.3190 	 0.0941 	 0.0964 	 0.2204 	 0.0710 	 0.0881
1.7335 	 -0.6147 	 -0.2805 	 -0.4161 	 0.3212 	 0.0948 	 0.0973 	 0.2219 	 0.0724 	 0.0897
1.7435 	 -0.6115 	 -0.2795 	 -0.4151 	 0.3234 	 0.0956 	 0.0982 	 0.2236 	 0.0738 	 0.0913
1.7535 	 -0.6082 	 -0.2785 	 -0.4141 	 0.3257 	 0.0963 	 0.0991 	 0.2253 	 0.0754 	 0.0932
1.7635 	 -0.6050 	 -0.2776 	 -0.4131 	 0.3280 	 0.0971 	 0.1001 	 0.2271 	 0.0770 	 0.0952
1.7735 	 -0.6017 	 -0.2766 	 -0.4121 	 0.3302 	 0.0979 	 0.1010 	 0.2289 	 0.0788 	 0.0973
1.7836 	 -0.5983 	 -0.2756 	 -0.4111 	 0.3325 	 0.0987 	 0.1020 	 0.2308 	 0.0806 	 0.0997
1.7936 	 -0.5950 	 -0.2746 	 -0.4100 	 0.3349 	 0.0995 	 0.1030 	 0.2328 	 0.0825 	 0.1024
1.8036 	 -0.5916 	 -0.2736 	 -0.4090 	 0.3372 	 0.1003 	 0.1041 	 0.2348 	 0.0846 	 0.1053
1.8136 	 -0.5882 	 -0.2726 	 -0.4080 	 0.3396 	 0.1012 	 0.1051 	 0.2368 	 0.0868 	 0.1086
1.8236 	 -0.5848 	 -0.2716 	 -0.4069 	 0.3420 	 0.1021 	 0.1062 	 0.2389 	 0.0891 	 0.1123
1.8337 	 -0.5814 	 -0.2706 	 -0.4058 	 0.3444 	 0.1030 	 0.1074 	 0.2410 	 0.0916 	 0.1166
1.8437 	 -0.5779 	 -0.2695 	 -0.4047 	 0.3468 	 0.1039 	 0.1086 	 0.2429 	 0.0944 	 0.1216
1.8537 	 -0.5744 	 -0.2685 	 -0.4036 	 0.3492 	 0.1049 	 0.1098 	 0.2446 	 0.0973 	 0.1276
1.8637 	 -0.5709 	 -0.2674 	 -0.4025 	 0.3517 	 0.1058 	 0.1111 	 0.2459 	 0.1005 	 0.1348
1.8737 	 -0.5674 	 -0.2664 	 -0.4014 	 0.3541 	 0.1069 	 0.1125 	 0.2461 	 0.1038 	 0.1436
1.8838 	 -0.5638 	 -0.2653 	 -0.4003 	 0.3566 	 0.1079 	 0.1140 	 0.2445 	 0.1072 	 0.1541
1.8938 	 -0.5603 	 -0.2642 	 -0.3991 	 0.3590 	 0.1090 	 0.1156 	 0.2400 	 0.1100 	 0.1659
1.9038 	 -0.5566 	 -0.2631 	 -0.3980 	 0.3614 	 0.1101 	 0.1173 	 0.2312 	 0.1114 	 0.1775
1.9138 	 -0.5530 	 -0.2620 	 -0.3968 	 0.3637 	 0.1112 	 0.1192 	 0.2183 	 0.1105 	 0.1852
1.9238 	 -0.5494 	 -0.2609 	 -0.3956 	 0.3658 	 0.1123 	 0.1210 	 0.2048 	 0.1071 	 0.1849
1.9339 	 -0.5457 	 -0.2597 	 -0.3944 	 0.3678 	 0.1134 	 0.1228 	 0.1964 	 0.1028 	 0.1759
1.9439 	 -0.5420 	 -0.2586 	 -0.3931 	 0.3697 	 0.1144 	 0.1245 	 0.1965 	 0.1000 	 0.1629
1.9539 	 -0.5383 	 -0.2574 	 -0.3919 	 0.3717 	 0.1154 	 0.1261 	 0.2031 	 0.0997 	 0.1513
1.9639 	 -0.5345 	 -0.2563 	 -0.3906 	 0.3738 	 0.1164 	 0.1276 	 0.2126 	 0.1014 	 0.1434
1.9739 	 -0.5308 	 -0.2551 	 -0.3893 	 0.3760 	 0.1174 	 0.1290 	 0.2221 	 0.1041 	 0.1391
1.9840 	 -0.5270 	 -0.2539 	 -0.3880 	 0.3783 	 0.1185 	 0.1304 	 0.2240 	 0.1020 	 0.1484
1.9940 	 -0.5232 	 -0.2527 	 -0.3867 	 0.3805 	 0.1195 	 0.1319 	 0.2311 	 0.1052 	 0.1482
2.0040 	 -0.5194 	 -0.2515 	 -0.3854 	 0.3829 	 0.1206 	 0.1334 	 0.2371 	 0.1083 	 0.1487
2.0140 	 -0.5155 	 -0.2503 	 -0.3840 	 0.3853 	 0.1217 	 0.1349 	 0.2422 	 0.1113 	 0.1496
2.0240 	 -0.5117 	 -0.2491 	 -0.3827 	 0.3877 	 0.1228 	 0.1364 	 0.2468 	 0.1142 	 0.1505
2.0341 	 -0.5078 	 -0.2479 	 -0.3813 	 0.3902 	 0.1240 	 0.1379 	 0.2510 	 0.1170 	 0.1514
2.0441 	 -0.5038 	 -0.2466 	 -0.3799 	 0.3928 	 0.1252 	 0.1394 	 0.2549 	 0.1198 	 0.1522
2.0541 	 -0.4999 	 -0.2453 	 -0.3785 	 0.3953 	 0.1264 	 0.1409 	 0.2588 	 0.1225 	 0.1528
2.0641 	 -0.4959 	 -0.2441 	 -0.3771 	 0.3980 	 0.1276 	 0.1425 	 0.2626 	 0.1253 	 0.1532
2.0741 	 -0.4919 	 -0.2428 	 -0.3756 	 0.4006 	 0.1289 	 0.1440 	 0.2666 	 0.1281 	 0.1533
2.0842 	 -0.4879 	 -0.2415 	 -0.3742 	 0.4033 	 0.1302 	 0.1455 	 0.2706 	 0.1310 	 0.1533
2.0942 	 -0.4838 	 -0.2402 	 -0.3727 	 0.4060 	 0.1315 	 0.1471 	 0.2748 	 0.1339 	 0.1529
2.1042 	 -0.4797 	 -0.2389 	 -0.3712 	 0.4088 	 0.1329 	 0.1486 	 0.2793 	 0.1369 	 0.1523
2.1142 	 -0.4756 	 -0.2375 	 -0.3697 	 0.4116 	 0.1343 	 0.1501 	 0.2839 	 0.1401 	 0.1515
2.1242 	 -0.4715 	 -0.2362 	 -0.3682 	 0.4145 	 0.1357 	 0.1516 	 0.2888 	 0.1433 	 0.1504
2.1343 	 -0.4673 	 -0.2348 	 -0.3667 	 0.4174 	 0.1371 	 0.1531 	 0.2939 	 0.1466 	 0.1490
2.1443 	 -0.4631 	 -0.2334 	 -0.3652 	 0.4204 	 0.1386 	 0.1546 	 0.2992 	 0.1500 	 0.1474
2.1543 	 -0.4589 	 -0.2320 	 -0.3636 	 0.4234 	 0.1401 	 0.1561 	 0.3047 	 0.1535 	 0.1455
2.1643 	 -0.4546 	 -0.2306 	 -0.3620 	 0.4265 	 0.1417 	 0.1575 	 0.3104 	 0.1571 	 0.1434
2.1743 	 -0.4504 	 -0.2292 	 -0.3604 	 0.4296 	 0.1433 	 0.1590 	 0.3162 	 0.1608 	 0.1412
2.1844 	 -0.4460 	 -0.2277 	 -0.3588 	 0.4328 	 0.1449 	 0.1604 	 0.3221 	 0.1647 	 0.1388
2.1944 	 -0.4417 	 -0.2263 	 -0.3572 	 0.4361 	 0.1466 	 0.1617 	 0.3280 	 0.1688 	 0.1362
2.2044 	 -0.4373 	 -0.2248 	 -0.3556 	 0.4394 	 0.1483 	 0.1631 	 0.3341 	 0.1731 	 0.1335
2.2144 	 -0.4329 	 -0.2233 	 -0.3540 	 0.4428 	 0.1501 	 0.1644 	 0.3401 	 0.1776 	 0.1306
2.2244 	 -0.4284 	 -0.2218 	 -0.3523 	 0.4462 	 0.1519 	 0.1657 	 0.3461 	 0.1822 	 0.1275
2.2345 	 -0.4239 	 -0.2203 	 -0.3506 	 0.4497 	 0.1537 	 0.1670 	 0.3521 	 0.1870 	 0.1243
2.2445 	 -0.4194 	 -0.2187 	 -0.3490 	 0.4533 	 0.1556 	 0.1682 	 0.3581 	 0.1918 	 0.1209
2.2545 	 -0.4148 	 -0.2171 	 -0.3473 	 0.4569 	 0.1576 	 0.1694 	 0.3640 	 0.1967 	 0.1174
2.2645 	 -0.4102 	 -0.2155 	 -0.3456 	 0.4606 	 0.1596 	 0.1705 	 0.3699 	 0.2016 	 0.1137
2.2745 	 -0.4056 	 -0.2139 	 -0.3439 	 0.4643 	 0.1616 	 0.1717 	 0.3757 	 0.2065 	 0.1099
2.2846 	 -0.4009 	 -0.2123 	 -0.3421 	 0.4681 	 0.1637 	 0.1728 	 0.3816 	 0.2113 	 0.1060
2.2946 	 -0.3962 	 -0.2107 	 -0.3404 	 0.4719 	 0.1658 	 0.1738 	 0.3875 	 0.2160 	 0.1018
2.3046 	 -0.3915 	 -0.2090 	 -0.3387 	 0.4759 	 0.1680 	 0.1748 	 0.3937 	 0.2207 	 0.0975
2.3146 	 -0.3867 	 -0.2073 	 -0.3369 	 0.4798 	 0.1703 	 0.1757 	 0.4003 	 0.2252 	 0.0930
2.3246 	 -0.3819 	 -0.2056 	 -0.3351 	 0.4839 	 0.1725 	 0.1767 	 0.4075 	 0.2298 	 0.0881
2.3347 	 -0.3770 	 -0.2038 	 -0.3334 	 0.4880 	 0.1749 	 0.1775 	 0.4154 	 0.2344 	 0.0830
2.3447 	 -0.3721 	 -0.2021 	 -0.3316 	 0.4922 	 0.1772 	 0.1783 	 0.4244 	 0.2393 	 0.0773
2.3547 	 -0.3671 	 -0.2003 	 -0.3298 	 0.4965 	 0.1797 	 0.1791 	 0.4347 	 0.2446 	 0.0710
2.3647 	 -0.3621 	 -0.1985 	 -0.3280 	 0.5009 	 0.1821 	 0.1797 	 0.4467 	 0.2508 	 0.0638
2.3747 	 -0.3571 	 -0.1966 	 -0.3262 	 0.5055 	 0.1847 	 0.1803 	 0.4607 	 0.2583 	 0.0554
2.3848 	 -0.3520 	 -0.1948 	 -0.3244 	 0.5102 	 0.1873 	 0.1808 	 0.4771 	 0.2675 	 0.0454
2.3948 	 -0.3469 	 -0.1929 	 -0.3226 	 0.5150 	 0.1901 	 0.1812 	 0.4962 	 0.2793 	 0.0330
2.4048 	 -0.3417 	 -0.1910 	 -0.3207 	 0.5201 	 0.1929 	 0.1815 	 0.5185 	 0.2944 	 0.0174
2.4148 	 -0.3364 	 -0.1890 	 -0.3189 	 0.5254 	 0.1960 	 0.1816 	 0.5441 	 0.3139 	 -0.0027
2.4248 	 -0.3312 	 -0.1870 	 -0.3171 	 0.5310 	 0.1992 	 0.1814 	 0.5730 	 0.3392 	 -0.0289
2.4349 	 -0.3258 	 -0.1850 	 -0.3153 	 0.5369 	 0.2028 	 0.1810 	 0.6048 	 0.3720 	 -0.0637
2.4449 	 -0.3204 	 -0.1830 	 -0.3135 	 0.5432 	 0.2067 	 0.1801 	 0.6381 	 0.4141 	 -0.1101
2.4549 	 -0.3149 	 -0.1809 	 -0.3117 	 0.5497 	 0.2111 	 0.1787 	 0.6699 	 0.4675 	 -0.1718
2.4649 	 -0.3094 	 -0.1787 	 -0.3099 	 0.5566 	 0.2161 	 0.1766 	 0.6945 	 0.5337 	 -0.2530
2.4749 	 -0.3038 	 -0.1765 	 -0.3081 	 0.5636 	 0.2219 	 0.1736 	 0.7024 	 0.6123 	 -0.3570
2.4850 	 -0.2981 	 -0.1743 	 -0.3064 	 0.5705 	 0.2284 	 0.1694 	 0.6794 	 0.6995 	 -0.4835
2.4950 	 -0.2923 	 -0.1719 	 -0.3048 	 0.5770 	 0.2359 	 0.1638 	 0.6090 	 0.7846 	 -0.6239
2.5050 	 -0.2865 	 -0.1695 	 -0.3032 	 0.5825 	 0.2441 	 0.1569 	 0.4788 	 0.8493 	 -0.7567
2.5150 	 -0.2807 	 -0.1671 	 -0.3016 	 0.5864 	 0.2528 	 0.1488 	 0.2935 	 0.8716 	 -0.8489
2.5251 	 -0.2748 	 -0.1645 	 -0.3002 	 0.5883 	 0.2614 	 0.1401 	 0.0829 	 0.8372 	 -0.8691
2.5351 	 -0.2689 	 -0.1618 	 -0.2988 	 0.5882 	 0.2694 	 0.1317 	 -0.1071 	 0.7507 	 -0.8064
2.5451 	 -0.2630 	 -0.1591 	 -0.2975 	 0.5864 	 0.2763 	 0.1242 	 -0.2394 	 0.6350 	 -0.6788
2.5551 	 -0.2571 	 -0.1563 	 -0.2963 	 0.5836 	 0.2821 	 0.1182 	 -0.3026 	 0.5168 	 -0.5199
2.5651 	 -0.2513 	 -0.1534 	 -0.2952 	 0.5805 	 0.2867 	 0.1138 	 -0.3080 	 0.4144 	 -0.3601
2.5752 	 -0.2455 	 -0.1506 	 -0.2940 	 0.5776 	 0.2905 	 0.1109 	 -0.2757 	 0.3351 	 -0.2169
2.5852 	 -0.2397 	 -0.1476 	 -0.2929 	 0.5751 	 0.2935 	 0.1093 	 -0.2237 	 0.2781 	 -0.0962
2.5952 	 -0.2340 	 -0.1447 	 -0.2918 	 0.5731 	 0.2961 	 0.1089 	 -0.1642 	 0.2397 	 0.0027
2.6052 	 -0.2282 	 -0.1417 	 -0.2907 	 0.5718 	 0.2984 	 0.1093 	 -0.1043 	 0.2157 	 0.0835
2.6152 	 -0.2225 	 -0.1387 	 -0.2896 	 0.5710 	 0.3004 	 0.1105 	 -0.0473 	 0.2023 	 0.1502
2.6253 	 -0.2168 	 -0.1357 	 -0.2885 	 0.5708 	 0.3024 	 0.1123 	 0.0056 	 0.1970 	 0.2064
2.6353 	 -0.2111 	 -0.1326 	 -0.2874 	 0.5711 	 0.3044 	 0.1146 	 0.0544 	 0.1977 	 0.2553
2.6453 	 -0.2054 	 -0.1296 	 -0.2862 	 0.5719 	 0.3064 	 0.1174 	 0.0996 	 0.2033 	 0.2991
2.6553 	 -0.1996 	 -0.1265 	 -0.2850 	 0.5731 	 0.3085 	 0.1206 	 0.1419 	 0.2131 	 0.3398
2.6653 	 -0.1939 	 -0.1234 	 -0.2838 	 0.5747 	 0.3107 	 0.1242 	 0.1822 	 0.2265 	 0.3787
2.6754 	 -0.1881 	 -0.1203 	 -0.2825 	 0.5767 	 0.3131 	 0.1282 	 0.2216 	 0.2435 	 0.4172
2.6854 	 -0.1823 	 -0.1171 	 -0.2812 	 0.5792 	 0.3156 	 0.1326 	 0.2608 	 0.2640 	 0.4564
2.6954 	 -0.1765 	 -0.1139 	 -0.2799 	 0.5820 	 0.3184 	 0.1373 	 0.3011 	 0.2883 	 0.4974
2.7054 	 -0.1706 	 -0.1107 	 -0.2785 	 0.5852 	 0.3214 	 0.1425 	 0.3435 	 0.3163 	 0.5410
2.7154 	 -0.1648 	 -0.1075 	 -0.2770 	 0.5889 	 0.3247 	 0.1482 	 0.3891 	 0.3479 	 0.5884
2.7255 	 -0.1588 	 -0.1042 	 -0.2755 	 0.5930 	 0.3284 	 0.1544 	 0.4393 	 0.3824 	 0.6417
2.7355 	 -0.1529 	 -0.1009 	 -0.2739 	 0.5977 	 0.3324 	 0.1611 	 0.4967 	 0.4192 	 0.7039
2.7455 	 -0.1469 	 -0.0976 	 -0.2723 	 0.6030 	 0.3368 	 0.1685 	 0.5643 	 0.4559 	 0.7777
2.7555 	 -0.1408 	 -0.0942 	 -0.2705 	 0.6090 	 0.3415 	 0.1768 	 0.6454 	 0.4893 	 0.8730
2.7655 	 -0.1346 	 -0.0907 	 -0.2687 	 0.6160 	 0.3465 	 0.1861 	 0.7461 	 0.5122 	 0.9995
2.7756 	 -0.1284 	 -0.0872 	 -0.2668 	 0.6241 	 0.3517 	 0.1969 	 0.8753 	 0.5102 	 1.1714
2.7856 	 -0.1221 	 -0.0837 	 -0.2648 	 0.6337 	 0.3566 	 0.2098 	 1.0457 	 0.4545 	 1.4106
2.7956 	 -0.1157 	 -0.0801 	 -0.2626 	 0.6452 	 0.3604 	 0.2255 	 1.2694 	 0.2840 	 1.7507
2.8056 	 -0.1092 	 -0.0765 	 -0.2602 	 0.6593 	 0.3615 	 0.2454 	 1.5327 	 -0.1273 	 2.2399
2.8156 	 -0.1025 	 -0.0729 	 -0.2576 	 0.6756 	 0.3563 	 0.2710 	 1.6978 	 -1.0015 	 2.9080
2.8257 	 -0.0956 	 -0.0694 	 -0.2547 	 0.6914 	 0.3392 	 0.3038 	 1.2847 	 -2.5064 	 3.5938
2.8357 	 -0.0887 	 -0.0662 	 -0.2515 	 0.6970 	 0.3060 	 0.3410 	 -0.3641 	 -3.9863 	 3.6872
2.8457 	 -0.0818 	 -0.0633 	 -0.2479 	 0.6821 	 0.2647 	 0.3743 	 -2.5310 	 -3.9450 	 2.8360
2.8557 	 -0.0751 	 -0.0608 	 -0.2441 	 0.6500 	 0.2310 	 0.3974 	 -3.6498 	 -2.7254 	 1.8204
2.8657 	 -0.0688 	 -0.0586 	 -0.2400 	 0.6123 	 0.2094 	 0.4117 	 -3.7621 	 -1.6853 	 1.0943
2.8758 	 -0.0629 	 -0.0566 	 -0.2359 	 0.5761 	 0.1957 	 0.4199 	 -3.4224 	 -1.1057 	 0.5489
2.8858 	 -0.0572 	 -0.0547 	 -0.2316 	 0.5443 	 0.1864 	 0.4232 	 -2.9129 	 -0.7748 	 0.1422
2.8958 	 -0.0519 	 -0.0528 	 -0.2274 	 0.5177 	 0.1798 	 0.4232 	 -2.3909 	 -0.5464 	 -0.1118
2.9058 	 -0.0468 	 -0.0510 	 -0.2232 	 0.4961 	 0.1752 	 0.4214 	 -1.9400 	 -0.3748 	 -0.2374
2.9158 	 -0.0420 	 -0.0493 	 -0.2190 	 0.4785 	 0.1722 	 0.4187 	 -1.5823 	 -0.2480 	 -0.2806
2.9259 	 -0.0372 	 -0.0476 	 -0.2148 	 0.4641 	 0.1701 	 0.4159 	 -1.3089 	 -0.1584 	 -0.2791
2.9359 	 -0.0326 	 -0.0459 	 -0.2106 	 0.4521 	 0.1689 	 0.4132 	 -1.1016 	 -0.0972 	 -0.2563
2.9459 	 -0.0282 	 -0.0442 	 -0.2065 	 0.4419 	 0.1681 	 0.4108 	 -0.9427 	 -0.0564 	 -0.2246
2.9559 	 -0.0238 	 -0.0425 	 -0.2024 	 0.4331 	 0.1677 	 0.4087 	 -0.8187 	 -0.0300 	 -0.1898
2.9659 	 -0.0195 	 -0.0408 	 -0.1983 	 0.4254 	 0.1675 	 0.4070 	 -0.7197 	 -0.0131 	 -0.1551
2.9760 	 -0.0152 	 -0.0392 	 -0.1942 	 0.4186 	 0.1674 	 0.4056 	 -0.6388 	 -0.0024 	 -0.1217
2.9860 	 -0.0111 	 -0.0375 	 -0.1902 	 0.4126 	 0.1674 	 0.4045 	 -0.5713 	 0.0045 	 -0.0907
2.9960 	 -0.0070 	 -0.0358 	 -0.1861 	 0.4071 	 0.1675 	 0.4038 	 -0.5140 	 0.0093 	 -0.0624
3.0060 	 -0.0029 	 -0.0341 	 -0.1821 	 0.4022 	 0.1676 	 0.4033 	 -0.4647 	 0.0129 	 -0.0372
3.0160 	 0.0011 	 -0.0324 	 -0.1780 	 0.3978 	 0.1678 	 0.4030 	 -0.4220 	 0.0159 	 -0.0151
3.0261 	 0.0051 	 -0.0308 	 -0.1740 	 0.3937 	 0.1679 	 0.4030 	 -0.3847 	 0.0186 	 0.0036
3.0361 	 0.0090 	 -0.0291 	 -0.1700 	 0.3901 	 0.1681 	 0.4031 	 -0.3521 	 0.0210 	 0.0189
3.0461 	 0.0129 	 -0.0274 	 -0.1659 	 0.3867 	 0.1684 	 0.4033 	 -0.3235 	 0.0230 	 0.0311
3.0561 	 0.0167 	 -0.0257 	 -0.1619 	 0.3836 	 0.1686 	 0.4037 	 -0.2986 	 0.0245 	 0.0403
3.0661 	 0.0206 	 -0.0240 	 -0.1578 	 0.3807 	 0.1688 	 0.4041 	 -0.2767 	 0.0253 	 0.0468
3.0762 	 0.0244 	 -0.0223 	 -0.1538 	 0.3780 	 0.1691 	 0.4046 	 -0.2577 	 0.0251 	 0.0508
3.0862 	 0.0281 	 -0.0206 	 -0.1497 	 0.3755 	 0.1693 	 0.4052 	 -0.2411 	 0.0240 	 0.0528
3.0962 	 0.0319 	 -0.0189 	 -0.1457 	 0.3732 	 0.1696 	 0.4057 	 -0.2267 	 0.0217 	 0.0531
3.1062 	 0.0356 	 -0.0172 	 -0.1416 	 0.3710 	 0.1698 	 0.4062 	 -0.2143 	 0.0183 	 0.0522
3.1162 	 0.0393 	 -0.0155 	 -0.1375 	 0.3689 	 0.1699 	 0.4067 	 -0.2035 	 0.0137 	 0.0502
3.1263 	 0.0430 	 -0.0138 	 -0.1334 	 0.3669 	 0.1700 	 0.4072 	 -0.1943 	 0.0080 	 0.0475
3.1363 	 0.0467 	 -0.0121 	 -0.1294 	 0.3650 	 0.1701 	 0.4077 	 -0.1865 	 0.0013 	 0.0444
3.1463 	 0.0503 	 -0.0104 	 -0.1253 	 0.3631 	 0.1701 	 0.4081 	 -0.1799 	 -0.0064 	 0.0409
3.1563 	 0.0540 	 -0.0087 	 -0.1212 	 0.3614 	 0.1700 	 0.4085 	 -0.1743 	 -0.0149 	 0.0374
3.1663 	 0.0576 	 -0.0070 	 -0.1171 	 0.3596 	 0.1698 	 0.4089 	 -0.1697 	 -0.0243 	 0.0339
3.1764 	 0.0612 	 -0.0053 	 -0.1130 	 0.3580 	 0.1695 	 0.4092 	 -0.1661 	 -0.0343 	 0.0305
3.1864 	 0.0647 	 -0.0036 	 -0.1089 	 0.3563 	 0.1691 	 0.4095 	 -0.1633 	 -0.0448 	 0.0272
3.1964 	 0.0683 	 -0.0019 	 -0.1048 	 0.3547 	 0.1686 	 0.4097 	 -0.1613 	 -0.0558 	 0.0242
3.2064 	 0.0719 	 -0.0002 	 -0.1007 	 0.3531 	 0.1680 	 0.4099 	 -0.1602 	 -0.0672 	 0.0213
3.2164 	 0.0754 	 0.0014 	 -0.0966 	 0.3515 	 0.1672 	 0.4101 	 -0.1598 	 -0.0789 	 0.0186
3.2265 	 0.0789 	 0.0031 	 -0.0925 	 0.3499 	 0.1664 	 0.4103 	 -0.1602 	 -0.0907 	 0.0161
3.2365 	 0.0824 	 0.0048 	 -0.0883 	 0.3483 	 0.1654 	 0.4105 	 -0.1615 	 -0.1027 	 0.0138
3.2465 	 0.0859 	 0.0064 	 -0.0842 	 0.3466 	 0.1643 	 0.4106 	 -0.1637 	 -0.1146 	 0.0115
3.2565 	 0.0893 	 0.0081 	 -0.0801 	 0.3450 	 0.1631 	 0.4107 	 -0.1668 	 -0.1264 	 0.0094
3.2665 	 0.0928 	 0.0097 	 -0.0760 	 0.3433 	 0.1618 	 0.4108 	 -0.1708 	 -0.1379 	 0.0073
3.2766 	 0.0962 	 0.0113 	 -0.0719 	 0.3416 	 0.1604 	 0.4109 	 -0.1680 	 -0.1466 	 0.0199
3.2866 	 0.0996 	 0.0129 	 -0.0678 	 0.3398 	 0.1588 	 0.4111 	 -0.1741 	 -0.1570 	 0.0176
3.2966 	 0.1030 	 0.0145 	 -0.0636 	 0.3381 	 0.1572 	 0.4112 	 -0.1812 	 -0.1666 	 0.0153
3.3066 	 0.1064 	 0.0161 	 -0.0595 	 0.3362 	 0.1555 	 0.4114 	 -0.1893 	 -0.1750 	 0.0131
3.3166 	 0.1098 	 0.0176 	 -0.0554 	 0.3343 	 0.1537 	 0.4115 	 -0.1982 	 -0.1822 	 0.0109
3.3267 	 0.1131 	 0.0191 	 -0.0513 	 0.3322 	 0.1519 	 0.4116 	 -0.2080 	 -0.1878 	 0.0089
3.3367 	 0.1164 	 0.0206 	 -0.0472 	 0.3301 	 0.1499 	 0.4117 	 -0.2184 	 -0.1918 	 0.0071
3.3467 	 0.1197 	 0.0221 	 -0.0430 	 0.3279 	 0.1480 	 0.4117 	 -0.2292 	 -0.1938 	 0.0058
3.3567 	 0.1230 	 0.0236 	 -0.0389 	 0.3255 	 0.1461 	 0.4118 	 -0.2403 	 -0.1940 	 0.0048
3.3667 	 0.1262 	 0.0251 	 -0.0348 	 0.3230 	 0.1441 	 0.4118 	 -0.2513 	 -0.1921 	 0.0045
3.3768 	 0.1295 	 0.0265 	 -0.0307 	 0.3205 	 0.1422 	 0.4119 	 -0.2621 	 -0.1884 	 0.0049
3.3868 	 0.1327 	 0.0279 	 -0.0265 	 0.3178 	 0.1404 	 0.4119 	 -0.2724 	 -0.1829 	 0.0059
3.3968 	 0.1358 	 0.0293 	 -0.0224 	 0.3150 	 0.1386 	 0.4120 	 -0.2821 	 -0.1759 	 0.0078
3.4068 	 0.1390 	 0.0307 	 -0.0183 	 0.3121 	 0.1368 	 0.4121 	 -0.2910 	 -0.1675 	 0.0103
3.4168 	 0.1421 	 0.0321 	 -0.0141 	 0.3092 	 0.1352 	 0.4122 	 -0.2991 	 -0.1582 	 0.0136
3.4269 	 0.1452 	 0.0334 	 -0.0100 	 0.3062 	 0.1337 	 0.4124 	 -0.3063 	 -0.1481 	 0.0174
3.4369 	 0.1482 	 0.0347 	 -0.0059 	 0.3030 	 0.1322 	 0.4126 	 -0.3127 	 -0.1376 	 0.0216
3.4469 	 0.1512 	 0.0361 	 -0.0017 	 0.2999 	 0.1309 	 0.4128 	 -0.3183 	 -0.1268 	 0.0262
3.4569 	 0.1542 	 0.0374 	 0.0024 	 0.2967 	 0.1297 	 0.4131 	 -0.3231 	 -0.1161 	 0.0309
3.4669 	 0.1572 	 0.0387 	 0.0065 	 0.2934 	 0.1286 	 0.4134 	 -0.3273 	 -0.1056 	 0.0356
3.4770 	 0.1601 	 0.0399 	 0.0107 	 0.2901 	 0.1276 	 0.4138 	 -0.3309 	 -0.0955 	 0.0403
3.4870 	 0.1630 	 0.0412 	 0.0148 	 0.2868 	 0.1267 	 0.4142 	 -0.3341 	 -0.0858 	 0.0446
3.4970 	 0.1659 	 0.0425 	 0.0190 	 0.2834 	 0.1259 	 0.4147 	 -0.3368 	 -0.0768 	 0.0487
3.5070 	 0.1687 	 0.0437 	 0.0231 	 0.2800 	 0.1251 	 0.4152 	 -0.3392 	 -0.0684 	 0.0523
3.5170 	 0.1715 	 0.0450 	 0.0273 	 0.2766 	 0.1245 	 0.4157 	 -0.3413 	 -0.0607 	 0.0555
3.5271 	 0.1742 	 0.0462 	 0.0315 	 0.2732 	 0.1239 	 0.4163 	 -0.3431 	 -0.0538 	 0.0583
3.5371 	 0.1770 	 0.0475 	 0.0357 	 0.2698 	 0.1234 	 0.4169 	 -0.3446 	 -0.0476 	 0.0606
3.5471 	 0.1796 	 0.0487 	 0.0398 	 0.2663 	 0.1230 	 0.4175 	 -0.3458 	 -0.0423 	 0.0624
3.5571 	 0.1823 	 0.0499 	 0.0440 	 0.2628 	 0.1226 	 0.4182 	 -0.3468 	 -0.0377 	 0.0639
3.5671 	 0.1849 	 0.0512 	 0.0482 	 0.2593 	 0.1222 	 0.4188 	 -0.3476 	 -0.0338 	 0.0650
3.5772 	 0.1875 	 0.0524 	 0.0524 	 0.2559 	 0.1219 	 0.4195 	 -0.3480 	 -0.0307 	 0.0658
3.5872 	 0.1900 	 0.0536 	 0.0566 	 0.2524 	 0.1216 	 0.4201 	 -0.3482 	 -0.0282 	 0.0663
3.5972 	 0.1925 	 0.0548 	 0.0608 	 0.2489 	 0.1213 	 0.4208 	 -0.3479 	 -0.0263 	 0.0664
3.6072 	 0.1950 	 0.0560 	 0.0650 	 0.2454 	 0.1211 	 0.4214 	 -0.3472 	 -0.0250 	 0.0663
3.6172 	 0.1975 	 0.0572 	 0.0693 	 0.2419 	 0.1208 	 0.4221 	 -0.3461 	 -0.0242 	 0.0658
3.6273 	 0.1999 	 0.0585 	 0.0735 	 0.2385 	 0.1206 	 0.4228 	 -0.3442 	 -0.0239 	 0.0649
3.6373 	 0.2022 	 0.0597 	 0.0777 	 0.2350 	 0.1203 	 0.4234 	 -0.3417 	 -0.0241 	 0.0635
3.6473 	 0.2046 	 0.0609 	 0.0820 	 0.2316 	 0.1201 	 0.4240 	 -0.3383 	 -0.0249 	 0.0615
3.6573 	 0.2069 	 0.0621 	 0.0862 	 0.2283 	 0.1198 	 0.4246 	 -0.3340 	 -0.0263 	 0.0588
3.6673 	 0.2092 	 0.0633 	 0.0905 	 0.2249 	 0.1196 	 0.4252 	 -0.3285 	 -0.0285 	 0.0551
3.6774 	 0.2114 	 0.0645 	 0.0948 	 0.2217 	 0.1193 	 0.4257 	 -0.3218 	 -0.0316 	 0.0503
3.6874 	 0.2136 	 0.0657 	 0.0990 	 0.2185 	 0.1189 	 0.4262 	 -0.3138 	 -0.0357 	 0.0441
3.6974 	 0.2158 	 0.0669 	 0.1033 	 0.2154 	 0.1185 	 0.4266 	 -0.3043 	 -0.0411 	 0.0363
3.7074 	 0.2179 	 0.0680 	 0.1076 	 0.2124 	 0.1181 	 0.4269 	 -0.2936 	 -0.0478 	 0.0267
3.7174 	 0.2200 	 0.0692 	 0.1119 	 0.2095 	 0.1176 	 0.4271 	 -0.2817 	 -0.0560 	 0.0149
3.7275 	 0.2221 	 0.0704 	 0.1161 	 0.2067 	 0.1170 	 0.4272 	 -0.2688 	 -0.0657 	 0.0008
3.7375 	 0.2242 	 0.0716 	 0.1204 	 0.2041 	 0.1163 	 0.4272 	 -0.2554 	 -0.0767 	 -0.0158
3.7475 	 0.2262 	 0.0727 	 0.1247 	 0.2016 	 0.1154 	 0.4269 	 -0.2419 	 -0.0889 	 -0.0351
3.7575 	 0.2282 	 0.0739 	 0.1290 	 0.1993 	 0.1145 	 0.4264 	 -0.2289 	 -0.1017 	 -0.0570
3.7675 	 0.2302 	 0.0750 	 0.1332 	 0.1970 	 0.1134 	 0.4257 	 -0.2170 	 -0.1145 	 -0.0813
3.7776 	 0.2322 	 0.0761 	 0.1375 	 0.1949 	 0.1122 	 0.4248 	 -0.2070 	 -0.1267 	 -0.1076
3.7876 	 0.2341 	 0.0773 	 0.1418 	 0.1929 	 0.1109 	 0.4236 	 -0.1994 	 -0.1375 	 -0.1352
3.7976 	 0.2360 	 0.0784 	 0.1460 	 0.1909 	 0.1094 	 0.4221 	 -0.1944 	 -0.1462 	 -0.1633
3.8076 	 0.2379 	 0.0795 	 0.1502 	 0.1890 	 0.1079 	 0.4203 	 -0.1921 	 -0.1521 	 -0.1909
3.8176 	 0.2398 	 0.0805 	 0.1544 	 0.1871 	 0.1064 	 0.4183 	 -0.1926 	 -0.1551 	 -0.2170
3.8277 	 0.2417 	 0.0816 	 0.1586 	 0.1851 	 0.1048 	 0.4160 	 -0.1953 	 -0.1550 	 -0.2408
3.8377 	 0.2435 	 0.0826 	 0.1627 	 0.1831 	 0.1033 	 0.4135 	 -0.1998 	 -0.1520 	 -0.2615
3.8477 	 0.2453 	 0.0837 	 0.1669 	 0.1811 	 0.1018 	 0.4107 	 -0.2054 	 -0.1466 	 -0.2786
3.8577 	 0.2472 	 0.0847 	 0.1710 	 0.1790 	 0.1004 	 0.4079 	 -0.2117 	 -0.1393 	 -0.2922
3.8677 	 0.2489 	 0.0857 	 0.1751 	 0.1769 	 0.0990 	 0.4049 	 -0.2180 	 -0.1308 	 -0.3021
3.8778 	 0.2507 	 0.0867 	 0.1791 	 0.1746 	 0.0977 	 0.4018 	 -0.2239 	 -0.1215 	 -0.3087
3.8878 	 0.2524 	 0.0876 	 0.1831 	 0.1724 	 0.0966 	 0.3987 	 -0.2293 	 -0.1120 	 -0.3125
3.8978 	 0.2542 	 0.0886 	 0.1871 	 0.1701 	 0.0955 	 0.3956 	 -0.2339 	 -0.1026 	 -0.3138
3.9078 	 0.2558 	 0.0895 	 0.1910 	 0.1677 	 0.0945 	 0.3924 	 -0.2376 	 -0.0937 	 -0.3131
3.9178 	 0.2575 	 0.0905 	 0.1949 	 0.1653 	 0.0936 	 0.3893 	 -0.2405 	 -0.0853 	 -0.3109
3.9279 	 0.2592 	 0.0914 	 0.1988 	 0.1629 	 0.0928 	 0.3862 	 -0.2426 	 -0.0777 	 -0.3075
3.9379 	 0.2608 	 0.0923 	 0.2027 	 0.1604 	 0.0921 	 0.3832 	 -0.2439 	 -0.0708 	 -0.3032
3.9479 	 0.2624 	 0.0933 	 0.2065 	 0.1580 	 0.0914 	 0.3801 	 -0.2446 	 -0.0646 	 -0.2984
3.9579 	 0.2639 	 0.0942 	 0.2103 	 0.1555 	 0.0908 	 0.3772 	 -0.2446 	 -0.0592 	 -0.2931
3.9679 	 0.2655 	 0.0951 	 0.2141 	 0.1531 	 0.0902 	 0.3743 	 -0.2442 	 -0.0544 	 -0.2877
3.9780 	 0.2670 	 0.0960 	 0.2178 	 0.1506 	 0.0897 	 0.3714 	 -0.2434 	 -0.0502 	 -0.2821
3.9880 	 0.2685 	 0.0969 	 0.2215 	 0.1482 	 0.0892 	 0.3686 	 -0.2423 	 -0.0466 	 -0.2766
3.9980 	 0.2700 	 0.0978 	 0.2252 	 0.1458 	 0.0887 	 0.3659 	 -0.2409 	 -0.0435 	 -0.2711
4.0080 	 0.2714 	 0.0987 	 0.2288 	 0.1434 	 0.0883 	 0.3632 	 -0.2392 	 -0.0408 	 -0.2657
4.0180 	 0.2729 	 0.0995 	 0.2325 	 0.1410 	 0.0879 	 0.3605 	 -0.2374 	 -0.0385 	 -0.2604
4.0281 	 0.2743 	 0.1004 	 0.2361 	 0.1386 	 0.0875 	 0.3580 	 -0.2355 	 -0.0365 	 -0.2553
4.0381 	 0.2756 	 0.1013 	 0.2396 	 0.1363 	 0.0872 	 0.3554 	 -0.2334 	 -0.0349 	 -0.2504
4.0481 	 0.2770 	 0.1022 	 0.2432 	 0.1340 	 0.0868 	 0.3529 	 -0.2313 	 -0.0335 	 -0.2456
4.0581 	 0.2783 	 0.1030 	 0.2467 	 0.1316 	 0.0865 	 0.3505 	 -0.2291 	 -0.0323 	 -0.2410
4.0681 	 0.2796 	 0.1039 	 0.2502 	 0.1294 	 0.0862 	 0.3481 	 -0.2268 	 -0.0313 	 -0.2365
4.0782 	 0.2809 	 0.1048 	 0.2537 	 0.1271 	 0.0859 	 0.3458 	 -0.2245 	 -0.0305 	 -0.2322
4.0882 	 0.2822 	 0.1056 	 0.2572 	 0.1249 	 0.0856 	 0.3435 	 -0.2223 	 -0.0298 	 -0.2281
4.0982 	 0.2834 	 0.1065 	 0.2606 	 0.1226 	 0.0853 	 0.3412 	 -0.2200 	 -0.0293 	 -0.2242
4.1082 	 0.2846 	 0.1073 	 0.2640 	 0.1205 	 0.0850 	 0.3390 	 -0.2178 	 -0.0289 	 -0.2203
4.1182 	 0.2858 	 0.1082 	 0.2674 	 0.1183 	 0.0847 	 0.3368 	 -0.2156 	 -0.0286 	 -0.2166
4.1283 	 0.2870 	 0.1090 	 0.2707 	 0.1161 	 0.0844 	 0.3346 	 -0.2134 	 -0.0284 	 -0.2131
4.1383 	 0.2882 	 0.1099 	 0.2741 	 0.1140 	 0.0841 	 0.3325 	 -0.2113 	 -0.0283 	 -0.2096
4.1483 	 0.2893 	 0.1107 	 0.2774 	 0.1119 	 0.0839 	 0.3304 	 -0.2092 	 -0.0282 	 -0.2063
4.1583 	 0.2904 	 0.1116 	 0.2807 	 0.1098 	 0.0836 	 0.3284 	 -0.2071 	 -0.0282 	 -0.2030
4.1683 	 0.2915 	 0.1124 	 0.2840 	 0.1077 	 0.0833 	 0.3264 	 -0.2051 	 -0.0282 	 -0.1999
4.1784 	 0.2926 	 0.1132 	 0.2872 	 0.1057 	 0.0830 	 0.3244 	 -0.2031 	 -0.0283 	 -0.1969
4.1884 	 0.2936 	 0.1141 	 0.2905 	 0.1037 	 0.0827 	 0.3224 	 -0.2012 	 -0.0284 	 -0.1939
4.1984 	 0.2946 	 0.1149 	 0.2937 	 0.1017 	 0.0824 	 0.3205 	 -0.1993 	 -0.0286 	 -0.1910
4.2084 	 0.2956 	 0.1157 	 0.2969 	 0.0997 	 0.0821 	 0.3186 	 -0.1974 	 -0.0287 	 -0.1882
4.2184 	 0.2966 	 0.1165 	 0.3001 	 0.0977 	 0.0819 	 0.3167 	 -0.1957 	 -0.0289 	 -0.1855
4.2285 	 0.2976 	 0.1173 	 0.3033 	 0.0958 	 0.0816 	 0.3149 	 -0.1939 	 -0.0291 	 -0.1828
4.2385 	 0.2985 	 0.1182 	 0.3064 	 0.0938 	 0.0813 	 0.3130 	 -0.1922 	 -0.0293 	 -0.1803
4.2485 	 0.2995 	 0.1190 	 0.3095 	 0.0919 	 0.0810 	 0.3113 	 -0.1906 	 -0.0295 	 -0.1777
4.2585 	 0.3004 	 0.1198 	 0.3126 	 0.0900 	 0.0807 	 0.3095 	 -0.1889 	 -0.0296 	 -0.1753
4.2685 	 0.3013 	 0.1206 	 0.3157 	 0.0881 	 0.0804 	 0.3077 	 -0.1874 	 -0.0299 	 -0.1729
4.2786 	 0.3022 	 0.1214 	 0.3188 	 0.0863 	 0.0801 	 0.3060 	 -0.1858 	 -0.0301 	 -0.1705
4.2886 	 0.3030 	 0.1222 	 0.3219 	 0.0844 	 0.0798 	 0.3043 	 -0.1843 	 -0.0303 	 -0.1682
4.2986 	 0.3038 	 0.1230 	 0.3249 	 0.0826 	 0.0795 	 0.3027 	 -0.1828 	 -0.0305 	 -0.1659
4.3086 	 0.3047 	 0.1238 	 0.3279 	 0.0807 	 0.0792 	 0.3010 	 -0.1814 	 -0.0307 	 -0.1637
4.3186 	 0.3055 	 0.1246 	 0.3309 	 0.0789 	 0.0789 	 0.2994 	 -0.1799 	 -0.0310 	 -0.1615
4.3287 	 0.3062 	 0.1254 	 0.3339 	 0.0771 	 0.0786 	 0.2978 	 -0.1785 	 -0.0312 	 -0.1593
4.3387 	 0.3070 	 0.1262 	 0.3369 	 0.0753 	 0.0782 	 0.2962 	 -0.1772 	 -0.0315 	 -0.1571
4.3487 	 0.3078 	 0.1269 	 0.3399 	 0.0736 	 0.0779 	 0.2946 	 -0.1758 	 -0.0318 	 -0.1550
4.3587 	 0.3085 	 0.1277 	 0.3428 	 0.0718 	 0.0776 	 0.2931 	 -0.1745 	 -0.0321 	 -0.1529
4.3687 	 0.3092 	 0.1285 	 0.3457 	 0.0701 	 0.0773 	 0.2916 	 -0.1733 	 -0.0323 	 -0.1508
4.3788 	 0.3099 	 0.1293 	 0.3487 	 0.0684 	 0.0770 	 0.2901 	 -0.1720 	 -0.0326 	 -0.1488
4.3888 	 0.3106 	 0.1300 	 0.3516 	 0.0666 	 0.0766 	 0.2886 	 -0.1708 	 -0.0329 	 -0.1467
4.3988 	 0.3112 	 0.1308 	 0.3544 	 0.0649 	 0.0763 	 0.2871 	 -0.1696 	 -0.0332 	 -0.1447
4.4088 	 0.3119 	 0.1316 	 0.3573 	 0.0632 	 0.0760 	 0.2857 	 -0.1685 	 -0.0335 	 -0.1427
4.4188 	 0.3125 	 0.1323 	 0.3602 	 0.0616 	 0.0756 	 0.2842 	 -0.1673 	 -0.0338 	 -0.1407
4.4289 	 0.3131 	 0.1331 	 0.3630 	 0.0599 	 0.0753 	 0.2828 	 -0.1662 	 -0.0341 	 -0.1388
4.4389 	 0.3137 	 0.1338 	 0.3658 	 0.0582 	 0.0749 	 0.2815 	 -0.1651 	 -0.0344 	 -0.1368
4.4489 	 0.3143 	 0.1346 	 0.3686 	 0.0566 	 0.0746 	 0.2801 	 -0.1641 	 -0.0347 	 -0.1348
4.4589 	 0.3148 	 0.1353 	 0.3714 	 0.0549 	 0.0742 	 0.2788 	 -0.1630 	 -0.0350 	 -0.1329
4.4689 	 0.3154 	 0.1361 	 0.3742 	 0.0533 	 0.0739 	 0.2774 	 -0.1620 	 -0.0353 	 -0.1309
4.4790 	 0.3159 	 0.1368 	 0.3770 	 0.0517 	 0.0735 	 0.2761 	 -0.1610 	 -0.0356 	 -0.1290
4.4890 	 0.3164 	 0.1375 	 0.3798 	 0.0501 	 0.0732 	 0.2749 	 -0.1600 	 -0.0359 	 -0.1270
4.4990 	 0.3169 	 0.1383 	 0.3825 	 0.0485 	 0.0728 	 0.2736 	 -0.1590 	 -0.0362 	 -0.1251
4.5090 	 0.3174 	 0.1390 	 0.3852 	 0.0469 	 0.0725 	 0.2724 	 -0.1580 	 -0.0364 	 -0.1231
4.5190 	 0.3178 	 0.1397 	 0.3880 	 0.0453 	 0.0721 	 0.2711 	 -0.1570 	 -0.0367 	 -0.1212
4.5291 	 0.3183 	 0.1404 	 0.3907 	 0.0437 	 0.0717 	 0.2699 	 -0.1560 	 -0.0370 	 -0.1192
4.5391 	 0.3187 	 0.1412 	 0.3934 	 0.0422 	 0.0713 	 0.2687 	 -0.1551 	 -0.0372 	 -0.1172
4.5491 	 0.3191 	 0.1419 	 0.3961 	 0.0406 	 0.0710 	 0.2676 	 -0.1541 	 -0.0375 	 -0.1152
4.5591 	 0.3195 	 0.1426 	 0.3987 	 0.0391 	 0.0706 	 0.2664 	 -0.1532 	 -0.0378 	 -0.1132
4.5691 	 0.3199 	 0.1433 	 0.4014 	 0.0376 	 0.0702 	 0.2653 	 -0.1523 	 -0.0380 	 -0.1111
4.5792 	 0.3203 	 0.1440 	 0.4041 	 0.0360 	 0.0698 	 0.2642 	 -0.1514 	 -0.0383 	 -0.1091
4.5892 	 0.3206 	 0.1447 	 0.4067 	 0.0345 	 0.0694 	 0.2631 	 -0.1504 	 -0.0385 	 -0.1070
4.5992 	 0.3210 	 0.1454 	 0.4093 	 0.0330 	 0.0691 	 0.2621 	 -0.1495 	 -0.0388 	 -0.1049
4.6092 	 0.3213 	 0.1461 	 0.4120 	 0.0315 	 0.0687 	 0.2610 	 -0.1486 	 -0.0390 	 -0.1027
4.6192 	 0.3216 	 0.1468 	 0.4146 	 0.0301 	 0.0683 	 0.2600 	 -0.1477 	 -0.0393 	 -0.1006
4.6293 	 0.3219 	 0.1474 	 0.4172 	 0.0286 	 0.0679 	 0.2590 	 -0.1468 	 -0.0395 	 -0.0983
4.6393 	 0.3222 	 0.1481 	 0.4198 	 0.0271 	 0.0675 	 0.2580 	 -0.1459 	 -0.0398 	 -0.0961
4.6493 	 0.3224 	 0.1488 	 0.4223 	 0.0257 	 0.0671 	 0.2571 	 -0.1451 	 -0.0400 	 -0.0938
4.6593 	 0.3227 	 0.1495 	 0.4249 	 0.0242 	 0.0667 	 0.2562 	 -0.1442 	 -0.0403 	 -0.0915
4.6693 	 0.3229 	 0.1501 	 0.4275 	 0.0228 	 0.0663 	 0.2552 	 -0.1433 	 -0.0405 	 -0.0891
4.6794 	 0.3232 	 0.1508 	 0.4300 	 0.0213 	 0.0659 	 0.2544 	 -0.1425 	 -0.0408 	 -0.0866
4.6894 	 0.3234 	 0.1514 	 0.4326 	 0.0199 	 0.0655 	 0.2535 	 -0.1416 	 -0.0411 	 -0.0841
4.6994 	 0.3236 	 0.1521 	 0.4351 	 0.0185 	 0.0650 	 0.2527 	 -0.1408 	 -0.0414 	 -0.0816
4.7094 	 0.3237 	 0.1528 	 0.4376 	 0.0171 	 0.0646 	 0.2519 	 -0.1400 	 -0.0417 	 -0.0789
4.7194 	 0.3239 	 0.1534 	 0.4401 	 0.0157 	 0.0642 	 0.2511 	 -0.1392 	 -0.0420 	 -0.0762
4.7295 	 0.3240 	 0.1540 	 0.4427 	 0.0143 	 0.0638 	 0.2503 	 -0.1384 	 -0.0423 	 -0.0735
4.7395 	 0.3242 	 0.1547 	 0.4452 	 0.0129 	 0.0634 	 0.2496 	 -0.1377 	 -0.0427 	 -0.0706
4.7495 	 0.3243 	 0.1553 	 0.4477 	 0.0115 	 0.0629 	 0.2489 	 -0.1370 	 -0.0431 	 -0.0677
4.7595 	 0.3244 	 0.1559 	 0.4502 	 0.0102 	 0.0625 	 0.2483 	 -0.1363 	 -0.0435 	 -0.0646
4.7695 	 0.3245 	 0.1566 	 0.4526 	 0.0088 	 0.0621 	 0.2476 	 -0.1356 	 -0.0439 	 -0.0615
4.7796 	 0.3246 	 0.1572 	 0.4551 	 0.0075 	 0.0616 	 0.2470 	 -0.1350 	 -0.0444 	 -0.0583
4.7896 	 0.3247 	 0.1578 	 0.4576 	 0.0061 	 0.0612 	 0.2465 	 -0.1345 	 -0.0449 	 -0.0549
4.7996 	 0.3247 	 0.1584 	 0.4601 	 0.0048 	 0.0607 	 0.2459 	 -0.1340 	 -0.0454 	 -0.0514
4.8096 	 0.3248 	 0.1590 	 0.4625 	 0.0034 	 0.0603 	 0.2454 	 -0.1336 	 -0.0460 	 -0.0479
4.8196 	 0.3248 	 0.1596 	 0.4650 	 0.0021 	 0.0598 	 0.2450 	 -0.1333 	 -0.0467 	 -0.0441
4.8297 	 0.3248 	 0.1602 	 0.4674 	 0.0007 	 0.0593 	 0.2446 	 -0.1330 	 -0.0474 	 -0.0403
4.8397 	 0.3248 	 0.1608 	 0.4699 	 -0.0006 	 0.0588 	 0.2442 	 -0.1329 	 -0.0482 	 -0.0364
4.8497 	 0.3248 	 0.1614 	 0.4723 	 -0.0019 	 0.0584 	 0.2438 	 -0.1329 	 -0.0491 	 -0.0323
4.8597 	 0.3248 	 0.1620 	 0.4748 	 -0.0033 	 0.0579 	 0.2435 	 -0.1330 	 -0.0501 	 -0.0280
4.8697 	 0.3247 	 0.1626 	 0.4772 	 -0.0046 	 0.0574 	 0.2433 	 -0.1332 	 -0.0512 	 -0.0237
4.8798 	 0.3247 	 0.1631 	 0.4796 	 -0.0059 	 0.0568 	 0.2431 	 -0.1336 	 -0.0524 	 -0.0192
4.8898 	 0.3246 	 0.1637 	 0.4821 	 -0.0073 	 0.0563 	 0.2429 	 -0.1342 	 -0.0537 	 -0.0146
4.8998 	 0.3245 	 0.1643 	 0.4845 	 -0.0086 	 0.0558 	 0.2428 	 -0.1350 	 -0.0551 	 -0.0099
4.9098 	 0.3244 	 0.1648 	 0.4869 	 -0.0100 	 0.0552 	 0.2427 	 -0.1360 	 -0.0567 	 -0.0051
4.9198 	 0.3243 	 0.1654 	 0.4894 	 -0.0113 	 0.0546 	 0.2427 	 -0.1372 	 -0.0585 	 -0.0002
4.9299 	 0.3242 	 0.1659 	 0.4918 	 -0.0127 	 0.0540 	 0.2427 	 -0.1387 	 -0.0604 	 0.0048
4.9399 	 0.3241 	 0.1664 	 0.4942 	 -0.0141 	 0.0534 	 0.2428 	 -0.1405 	 -0.0625 	 0.0098
4.9499 	 0.3239 	 0.1670 	 0.4967 	 -0.0155 	 0.0528 	 0.2429 	 -0.1427 	 -0.0648 	 0.0148
4.9599 	 0.3238 	 0.1675 	 0.4991 	 -0.0170 	 0.0521 	 0.2431 	 -0.1451 	 -0.0673 	 0.0197
4.9699 	 0.3236 	 0.1680 	 0.5015 	 -0.0184 	 0.0514 	 0.2433 	 -0.1479 	 -0.0701 	 0.0246
4.9800 	 0.3234 	 0.1685 	 0.5040 	 -0.0199 	 0.0507 	 0.2435 	 -0.1510 	 -0.0730 	 0.0293
4.9900 	 0.3232 	 0.1690 	 0.5064 	 -0.0215 	 0.0500 	 0.2439 	 -0.1546 	 -0.0762 	 0.0338
