100-Body Run with i = 25 th particle. (Units in pc,M_solar,Myr, km s-1) 

time		 x 		 y 		 z 		 xdot 		 ydot 		 zdot 		 xddot 		 yddot 		 zddot
0.0000 	 0.0020 	 -0.0002 	 -0.2136 	 0.0295 	 -0.0187 	 0.0663 	 4.1828 	 -1.2122 	 8.6831
0.0100 	 0.0026 	 -0.0005 	 -0.2126 	 0.0756 	 -0.0347 	 0.1494 	 4.8741 	 -1.6467 	 10.9944
0.0200 	 0.0038 	 -0.0008 	 -0.2108 	 0.1666 	 -0.0372 	 0.2051 	 4.4686 	 -0.3822 	 5.1184
0.0301 	 0.0056 	 -0.0012 	 -0.2086 	 0.1945 	 -0.0420 	 0.2513 	 0.0230 	 1.7285 	 7.6157
0.0401 	 0.0074 	 -0.0014 	 -0.2061 	 0.1725 	 0.0068 	 0.2741 	 -1.5530 	 3.1642 	 -0.4168
0.0501 	 0.0091 	 -0.0012 	 -0.2034 	 0.1637 	 0.0244 	 0.2609 	 -0.4518 	 0.9187 	 -1.7225
0.0601 	 0.0107 	 -0.0010 	 -0.2009 	 0.1607 	 0.0303 	 0.2435 	 -0.2337 	 0.3797 	 -1.6860
0.0701 	 0.0123 	 -0.0006 	 -0.1985 	 0.1578 	 0.0331 	 0.2279 	 -0.3799 	 0.1972 	 -1.4160
0.0802 	 0.0139 	 -0.0003 	 -0.1963 	 0.1527 	 0.0346 	 0.2153 	 -0.6604 	 0.1122 	 -1.0885
0.0902 	 0.0153 	 0.0001 	 -0.1942 	 0.1444 	 0.0354 	 0.2061 	 -0.9920 	 0.0477 	 -0.7444
0.1002 	 0.0167 	 0.0004 	 -0.1921 	 0.1327 	 0.0355 	 0.2003 	 -1.3666 	 -0.0271 	 -0.4108
0.1102 	 0.0180 	 0.0008 	 -0.1901 	 0.1169 	 0.0348 	 0.1977 	 -1.8082 	 -0.1335 	 -0.1198
0.1202 	 0.0190 	 0.0011 	 -0.1882 	 0.0962 	 0.0326 	 0.1975 	 -2.3259 	 -0.3016 	 0.0665
0.1303 	 0.0199 	 0.0014 	 -0.1862 	 0.0699 	 0.0285 	 0.1987 	 -2.9443 	 -0.5415 	 0.1598
0.1403 	 0.0204 	 0.0016 	 -0.1842 	 0.0360 	 0.0214 	 0.2004 	 -3.9188 	 -0.8944 	 0.1147
0.1503 	 0.0205 	 0.0018 	 -0.1822 	 -0.0095 	 0.0097 	 0.1989 	 -5.1921 	 -1.4885 	 -0.5201
0.1603 	 0.0201 	 0.0018 	 -0.1803 	 -0.0676 	 -0.0092 	 0.1868 	 -6.3377 	 -2.3128 	 -2.0769
0.1703 	 0.0191 	 0.0016 	 -0.1786 	 -0.1336 	 -0.0369 	 0.1538 	 -6.6244 	 -3.1862 	 -4.6380
0.1804 	 0.0175 	 0.0010 	 -0.1774 	 -0.1942 	 -0.0713 	 0.0931 	 -5.1664 	 -3.5553 	 -7.3715
0.1904 	 0.0154 	 0.0001 	 -0.1769 	 -0.2322 	 -0.1051 	 0.0107 	 -2.3405 	 -3.0446 	 -8.7315
0.2004 	 0.0130 	 -0.0010 	 -0.1772 	 -0.2418 	 -0.1306 	 -0.0758 	 0.2554 	 -2.0164 	 -8.2728
0.2104 	 0.0107 	 -0.0024 	 -0.1783 	 -0.2308 	 -0.1457 	 -0.1524 	 1.7493 	 -1.0439 	 -6.9537
0.2204 	 0.0085 	 -0.0039 	 -0.1801 	 -0.2098 	 -0.1524 	 -0.2153 	 2.3328 	 -0.3379 	 -5.6514
0.2305 	 0.0065 	 -0.0054 	 -0.1826 	 -0.1856 	 -0.1532 	 -0.2668 	 2.4389 	 0.1458 	 -4.6763
0.2405 	 0.0047 	 -0.0070 	 -0.1854 	 -0.1614 	 -0.1499 	 -0.3102 	 2.3682 	 0.5053 	 -4.0380
0.2505 	 0.0032 	 -0.0084 	 -0.1887 	 -0.1381 	 -0.1432 	 -0.3486 	 2.2924 	 0.8247 	 -3.6630
0.2605 	 0.0020 	 -0.0098 	 -0.1924 	 -0.1151 	 -0.1333 	 -0.3842 	 2.3269 	 1.1681 	 -3.4646
0.2705 	 0.0009 	 -0.0111 	 -0.1964 	 -0.0908 	 -0.1196 	 -0.4182 	 2.5767 	 1.5716 	 -3.3221
0.2806 	 0.0002 	 -0.0122 	 -0.2008 	 -0.0626 	 -0.1017 	 -0.4502 	 3.0796 	 1.9751 	 -3.0232
0.2906 	 -0.0003 	 -0.0131 	 -0.2054 	 -0.0289 	 -0.0807 	 -0.4776 	 3.6146 	 2.1759 	 -2.3993
0.3006 	 -0.0004 	 -0.0138 	 -0.2103 	 0.0089 	 -0.0592 	 -0.4980 	 3.8759 	 2.0880 	 -1.6816
0.3106 	 -0.0001 	 -0.0143 	 -0.2154 	 0.0482 	 -0.0391 	 -0.5123 	 3.9835 	 1.9320 	 -1.2401
0.3206 	 0.0006 	 -0.0146 	 -0.2205 	 0.0893 	 -0.0198 	 -0.5239 	 4.2681 	 1.9846 	 -1.1220
0.3307 	 0.0017 	 -0.0147 	 -0.2259 	 0.1346 	 0.0021 	 -0.5351 	 4.7669 	 2.4371 	 -1.1005
0.3407 	 0.0033 	 -0.0145 	 -0.2313 	 0.1847 	 0.0299 	 -0.5457 	 5.2484 	 3.1324 	 -1.0124
0.3507 	 0.0055 	 -0.0140 	 -0.2368 	 0.2411 	 0.0652 	 -0.5558 	 6.1710 	 3.9878 	 -1.0446
0.3607 	 0.0083 	 -0.0131 	 -0.2424 	 0.3139 	 0.1137 	 -0.5665 	 8.7742 	 6.0661 	 -1.0038
0.3707 	 0.0120 	 -0.0114 	 -0.2481 	 0.4268 	 0.2027 	 -0.5679 	 14.3163 	 13.2271 	 1.6825
0.3808 	 0.0170 	 -0.0083 	 -0.2533 	 0.5777 	 0.4061 	 -0.4980 	 13.2726 	 27.2013 	 13.8112
0.3908 	 0.0232 	 -0.0030 	 -0.2573 	 0.6645 	 0.6622 	 -0.3111 	 5.8685 	 20.3872 	 21.4390
0.4008 	 0.0294 	 0.0058 	 -0.2589 	 0.6466 	 0.9860 	 -0.0537 	 -41.4408 	 207.2677 	 92.2507
0.4108 	 0.0342 	 0.0119 	 -0.2601 	 0.0120 	 0.6736 	 0.0521 	 -33.9050 	 -22.3674 	 4.5357
0.4208 	 0.0334 	 0.0177 	 -0.2596 	 -0.1952 	 0.4764 	 0.0593 	 -14.2894 	 -16.9938 	 -1.2830
0.4309 	 0.0308 	 0.0215 	 -0.2592 	 -0.3268 	 0.2973 	 0.0241 	 -11.6646 	 -20.2785 	 -6.3551
0.4409 	 0.0273 	 0.0234 	 -0.2594 	 -0.3933 	 0.0780 	 -0.0606 	 -1.8729 	 -21.5274 	 -8.4172
0.4509 	 0.0235 	 0.0231 	 -0.2607 	 -0.3785 	 -0.1380 	 -0.1778 	 5.5639 	 -20.0429 	 -9.5177
0.4609 	 0.0202 	 0.0208 	 -0.2629 	 -0.2924 	 -0.3174 	 -0.2668 	 11.8611 	 -16.7984 	 -8.8040
0.4709 	 0.0180 	 0.0171 	 -0.2660 	 -0.1489 	 -0.4461 	 -0.3506 	 14.9666 	 -8.0597 	 -6.8245
0.4810 	 0.0173 	 0.0121 	 -0.2697 	 0.0079 	 -0.5363 	 -0.3943 	 18.9649 	 -9.9811 	 -2.7755
0.4910 	 0.0190 	 0.0066 	 -0.2735 	 0.2890 	 -0.5942 	 -0.3917 	 38.5286 	 5.5405 	 5.9210
0.5010 	 0.0229 	 0.0016 	 -0.2769 	 0.5386 	 -0.4279 	 -0.2944 	 10.7012 	 15.7128 	 9.0868
0.5110 	 0.0285 	 -0.0023 	 -0.2796 	 0.5931 	 -0.3317 	 -0.2258 	 3.3029 	 4.7361 	 5.1043
0.5210 	 0.0346 	 -0.0055 	 -0.2816 	 0.6263 	 -0.3088 	 -0.1834 	 3.6260 	 0.4541 	 3.5868
0.5311 	 0.0411 	 -0.0087 	 -0.2833 	 0.6677 	 -0.3159 	 -0.1513 	 4.6703 	 -1.7312 	 2.9028
0.5411 	 0.0481 	 -0.0120 	 -0.2847 	 0.7200 	 -0.3426 	 -0.1241 	 5.7974 	 -3.6186 	 2.5426
0.5511 	 0.0556 	 -0.0157 	 -0.2858 	 0.7844 	 -0.3902 	 -0.1005 	 7.1256 	 -6.0539 	 2.0621
0.5611 	 0.0639 	 -0.0201 	 -0.2868 	 0.8692 	 -0.4746 	 -0.0893 	 10.7506 	 -12.3125 	 -0.3963
0.5711 	 0.0733 	 -0.0278 	 -0.2879 	 1.0106 	 -0.8781 	 -0.1281 	 -10.7095 	 -607.9629 	 -87.4657
0.5812 	 0.0814 	 -0.0359 	 -0.2880 	 0.6245 	 -1.7811 	 -0.0414 	 -13.7239 	 -8.4183 	 -6.2791
0.5912 	 0.0869 	 -0.0530 	 -0.2898 	 0.4778 	 -1.6748 	 -0.3207 	 -8.9816 	 21.6109 	 -7.9366
0.6012 	 0.0917 	 -0.0691 	 -0.2928 	 0.4520 	 -1.5346 	 -0.3054 	 0.9347 	 9.0556 	 4.5558
0.6112 	 0.0963 	 -0.0842 	 -0.2957 	 0.4731 	 -1.4605 	 -0.2632 	 3.0886 	 6.2631 	 3.6177
0.6212 	 0.1013 	 -0.0986 	 -0.2981 	 0.5106 	 -1.4098 	 -0.2300 	 4.6803 	 3.6509 	 3.2892
0.6313 	 0.1068 	 -0.1126 	 -0.3001 	 0.5828 	 -1.3914 	 -0.1768 	 11.4826 	 0.1902 	 10.4706
0.6413 	 0.1130 	 -0.1260 	 -0.3009 	 0.6759 	 -1.3110 	 0.0210 	 -0.6910 	 15.6292 	 16.2778
0.6513 	 0.1196 	 -0.1387 	 -0.3004 	 0.6496 	 -1.1960 	 0.0889 	 -2.2940 	 7.8496 	 1.8932
0.6613 	 0.1261 	 -0.1504 	 -0.2995 	 0.6336 	 -1.1359 	 0.0966 	 -1.0855 	 4.6648 	 0.2030
0.6713 	 0.1324 	 -0.1616 	 -0.2985 	 0.6252 	 -1.0963 	 0.0973 	 -0.6679 	 3.3967 	 -0.0055
0.6814 	 0.1386 	 -0.1724 	 -0.2976 	 0.6194 	 -1.0659 	 0.0970 	 -0.5110 	 2.7193 	 -0.0365
0.6914 	 0.1448 	 -0.1830 	 -0.2966 	 0.6147 	 -1.0411 	 0.0966 	 -0.4363 	 2.2755 	 -0.0334
0.7014 	 0.1509 	 -0.1933 	 -0.2956 	 0.6106 	 -1.0199 	 0.0964 	 -0.3920 	 1.9576 	 -0.0161
0.7114 	 0.1570 	 -0.2034 	 -0.2947 	 0.6068 	 -1.0016 	 0.0963 	 -0.3604 	 1.7173 	 0.0033
0.7214 	 0.1631 	 -0.2134 	 -0.2937 	 0.6033 	 -0.9853 	 0.0964 	 -0.3356 	 1.5296 	 0.0208
0.7315 	 0.1691 	 -0.2232 	 -0.2927 	 0.6001 	 -0.9708 	 0.0967 	 -0.3145 	 1.3794 	 0.0349
0.7415 	 0.1751 	 -0.2328 	 -0.2918 	 0.5970 	 -0.9576 	 0.0971 	 -0.2957 	 1.2572 	 0.0456
0.7515 	 0.1811 	 -0.2424 	 -0.2908 	 0.5942 	 -0.9455 	 0.0976 	 -0.2787 	 1.1571 	 0.0530
0.7615 	 0.1870 	 -0.2518 	 -0.2898 	 0.5914 	 -0.9344 	 0.0982 	 -0.2638 	 1.0744 	 0.0577
0.7715 	 0.1929 	 -0.2611 	 -0.2888 	 0.5889 	 -0.9239 	 0.0988 	 -0.2512 	 1.0058 	 0.0601
0.7816 	 0.1988 	 -0.2703 	 -0.2878 	 0.5864 	 -0.9142 	 0.0994 	 -0.2414 	 0.9483 	 0.0609
0.7916 	 0.2047 	 -0.2794 	 -0.2868 	 0.5840 	 -0.9049 	 0.1000 	 -0.2347 	 0.8993 	 0.0607
0.8016 	 0.2105 	 -0.2884 	 -0.2858 	 0.5817 	 -0.8961 	 0.1006 	 -0.2310 	 0.8565 	 0.0599
0.8116 	 0.2163 	 -0.2974 	 -0.2848 	 0.5794 	 -0.8877 	 0.1012 	 -0.2302 	 0.8179 	 0.0590
0.8216 	 0.2221 	 -0.3062 	 -0.2838 	 0.5771 	 -0.8797 	 0.1018 	 -0.2314 	 0.7821 	 0.0581
0.8317 	 0.2279 	 -0.3150 	 -0.2828 	 0.5747 	 -0.8721 	 0.1024 	 -0.2340 	 0.7480 	 0.0573
0.8417 	 0.2337 	 -0.3237 	 -0.2817 	 0.5724 	 -0.8647 	 0.1029 	 -0.2370 	 0.7149 	 0.0567
0.8517 	 0.2394 	 -0.3323 	 -0.2807 	 0.5700 	 -0.8577 	 0.1035 	 -0.2397 	 0.6828 	 0.0561
0.8617 	 0.2451 	 -0.3409 	 -0.2797 	 0.5676 	 -0.8510 	 0.1040 	 -0.2416 	 0.6516 	 0.0554
0.8717 	 0.2508 	 -0.3494 	 -0.2786 	 0.5651 	 -0.8447 	 0.1046 	 -0.2423 	 0.6216 	 0.0545
0.8818 	 0.2564 	 -0.3578 	 -0.2776 	 0.5627 	 -0.8386 	 0.1051 	 -0.2418 	 0.5930 	 0.0534
0.8918 	 0.2620 	 -0.3662 	 -0.2765 	 0.5603 	 -0.8328 	 0.1057 	 -0.2400 	 0.5659 	 0.0520
0.9018 	 0.2676 	 -0.3745 	 -0.2755 	 0.5579 	 -0.8272 	 0.1062 	 -0.2371 	 0.5406 	 0.0504
0.9118 	 0.2732 	 -0.3828 	 -0.2744 	 0.5555 	 -0.8219 	 0.1067 	 -0.2333 	 0.5169 	 0.0485
0.9218 	 0.2788 	 -0.3910 	 -0.2733 	 0.5532 	 -0.8169 	 0.1072 	 -0.2286 	 0.4949 	 0.0464
0.9319 	 0.2843 	 -0.3992 	 -0.2722 	 0.5510 	 -0.8120 	 0.1076 	 -0.2232 	 0.4746 	 0.0441
0.9419 	 0.2898 	 -0.4073 	 -0.2712 	 0.5488 	 -0.8073 	 0.1080 	 -0.2173 	 0.4559 	 0.0416
0.9519 	 0.2953 	 -0.4153 	 -0.2701 	 0.5466 	 -0.8029 	 0.1084 	 -0.2109 	 0.4387 	 0.0389
0.9619 	 0.3008 	 -0.4234 	 -0.2690 	 0.5445 	 -0.7985 	 0.1088 	 -0.2038 	 0.4229 	 0.0362
0.9719 	 0.3062 	 -0.4313 	 -0.2679 	 0.5425 	 -0.7944 	 0.1092 	 -0.1963 	 0.4084 	 0.0335
0.9820 	 0.3116 	 -0.4393 	 -0.2668 	 0.5406 	 -0.7904 	 0.1095 	 -0.1882 	 0.3952 	 0.0307
0.9920 	 0.3170 	 -0.4472 	 -0.2657 	 0.5388 	 -0.7865 	 0.1098 	 -0.1798 	 0.3833 	 0.0278
1.0020 	 0.3224 	 -0.4550 	 -0.2646 	 0.5370 	 -0.7827 	 0.1100 	 -0.1711 	 0.3726 	 0.0249
1.0120 	 0.3278 	 -0.4629 	 -0.2635 	 0.5353 	 -0.7790 	 0.1103 	 -0.1622 	 0.3630 	 0.0218
1.0220 	 0.3332 	 -0.4707 	 -0.2624 	 0.5338 	 -0.7754 	 0.1105 	 -0.1532 	 0.3546 	 0.0186
1.0321 	 0.3385 	 -0.4784 	 -0.2613 	 0.5323 	 -0.7719 	 0.1106 	 -0.1442 	 0.3473 	 0.0152
1.0421 	 0.3438 	 -0.4861 	 -0.2602 	 0.5309 	 -0.7684 	 0.1108 	 -0.1353 	 0.3412 	 0.0116
1.0521 	 0.3491 	 -0.4938 	 -0.2591 	 0.5296 	 -0.7650 	 0.1109 	 -0.1266 	 0.3361 	 0.0078
1.0621 	 0.3544 	 -0.5015 	 -0.2580 	 0.5283 	 -0.7617 	 0.1109 	 -0.1181 	 0.3322 	 0.0037
1.0721 	 0.3597 	 -0.5091 	 -0.2568 	 0.5272 	 -0.7584 	 0.1110 	 -0.1097 	 0.3292 	 -0.0004
1.0822 	 0.3650 	 -0.5167 	 -0.2557 	 0.5261 	 -0.7551 	 0.1109 	 -0.1015 	 0.3273 	 -0.0045
1.0922 	 0.3703 	 -0.5242 	 -0.2546 	 0.5252 	 -0.7518 	 0.1109 	 -0.0939 	 0.3264 	 -0.0082
1.1022 	 0.3755 	 -0.5317 	 -0.2535 	 0.5242 	 -0.7485 	 0.1108 	 -0.0870 	 0.3265 	 -0.0115
1.1122 	 0.3808 	 -0.5392 	 -0.2524 	 0.5234 	 -0.7453 	 0.1106 	 -0.0812 	 0.3274 	 -0.0143
1.1222 	 0.3860 	 -0.5467 	 -0.2513 	 0.5226 	 -0.7420 	 0.1105 	 -0.0765 	 0.3290 	 -0.0163
1.1323 	 0.3913 	 -0.5541 	 -0.2502 	 0.5219 	 -0.7387 	 0.1103 	 -0.0732 	 0.3310 	 -0.0177
1.1423 	 0.3965 	 -0.5615 	 -0.2491 	 0.5211 	 -0.7353 	 0.1101 	 -0.0712 	 0.3332 	 -0.0181
1.1523 	 0.4017 	 -0.5688 	 -0.2480 	 0.5204 	 -0.7320 	 0.1100 	 -0.0707 	 0.3352 	 -0.0176
1.1623 	 0.4069 	 -0.5761 	 -0.2469 	 0.5197 	 -0.7286 	 0.1098 	 -0.0715 	 0.3368 	 -0.0162
1.1723 	 0.4121 	 -0.5834 	 -0.2458 	 0.5190 	 -0.7253 	 0.1096 	 -0.0735 	 0.3376 	 -0.0139
1.1824 	 0.4173 	 -0.5907 	 -0.2447 	 0.5182 	 -0.7219 	 0.1095 	 -0.0766 	 0.3374 	 -0.0108
1.1924 	 0.4225 	 -0.5979 	 -0.2436 	 0.5175 	 -0.7185 	 0.1094 	 -0.0804 	 0.3360 	 -0.0070
1.2024 	 0.4277 	 -0.6051 	 -0.2425 	 0.5166 	 -0.7151 	 0.1094 	 -0.0848 	 0.3334 	 -0.0026
1.2124 	 0.4329 	 -0.6122 	 -0.2414 	 0.5158 	 -0.7118 	 0.1094 	 -0.0894 	 0.3295 	 0.0022
1.2224 	 0.4380 	 -0.6193 	 -0.2403 	 0.5148 	 -0.7085 	 0.1094 	 -0.0941 	 0.3243 	 0.0073
1.2325 	 0.4432 	 -0.6264 	 -0.2392 	 0.5139 	 -0.7053 	 0.1095 	 -0.0985 	 0.3181 	 0.0125
1.2425 	 0.4483 	 -0.6335 	 -0.2381 	 0.5129 	 -0.7022 	 0.1097 	 -0.1027 	 0.3109 	 0.0176
1.2525 	 0.4534 	 -0.6405 	 -0.2370 	 0.5118 	 -0.6991 	 0.1099 	 -0.1063 	 0.3030 	 0.0226
1.2625 	 0.4586 	 -0.6475 	 -0.2359 	 0.5107 	 -0.6961 	 0.1101 	 -0.1094 	 0.2945 	 0.0275
1.2725 	 0.4637 	 -0.6544 	 -0.2348 	 0.5096 	 -0.6932 	 0.1104 	 -0.1120 	 0.2856 	 0.0321
1.2826 	 0.4688 	 -0.6614 	 -0.2337 	 0.5085 	 -0.6904 	 0.1108 	 -0.1140 	 0.2765 	 0.0365
1.2926 	 0.4739 	 -0.6683 	 -0.2326 	 0.5073 	 -0.6877 	 0.1111 	 -0.1155 	 0.2673 	 0.0406
1.3026 	 0.4790 	 -0.6751 	 -0.2315 	 0.5062 	 -0.6850 	 0.1116 	 -0.1164 	 0.2581 	 0.0445
1.3126 	 0.4840 	 -0.6820 	 -0.2303 	 0.5050 	 -0.6825 	 0.1120 	 -0.1169 	 0.2491 	 0.0482
1.3226 	 0.4891 	 -0.6888 	 -0.2292 	 0.5038 	 -0.6800 	 0.1125 	 -0.1170 	 0.2402 	 0.0518
1.3327 	 0.4941 	 -0.6956 	 -0.2281 	 0.5027 	 -0.6777 	 0.1131 	 -0.1167 	 0.2316 	 0.0552
1.3427 	 0.4991 	 -0.7024 	 -0.2269 	 0.5015 	 -0.6754 	 0.1136 	 -0.1160 	 0.2232 	 0.0586
1.3527 	 0.5042 	 -0.7092 	 -0.2258 	 0.5003 	 -0.6732 	 0.1142 	 -0.1151 	 0.2151 	 0.0620
1.3627 	 0.5092 	 -0.7159 	 -0.2247 	 0.4992 	 -0.6711 	 0.1149 	 -0.1140 	 0.2073 	 0.0655
1.3727 	 0.5142 	 -0.7226 	 -0.2235 	 0.4981 	 -0.6690 	 0.1156 	 -0.1126 	 0.1998 	 0.0690
1.3828 	 0.5192 	 -0.7293 	 -0.2223 	 0.4969 	 -0.6671 	 0.1163 	 -0.1111 	 0.1926 	 0.0728
1.3928 	 0.5241 	 -0.7360 	 -0.2212 	 0.4958 	 -0.6652 	 0.1170 	 -0.1094 	 0.1857 	 0.0767
1.4028 	 0.5291 	 -0.7426 	 -0.2200 	 0.4947 	 -0.6634 	 0.1178 	 -0.1076 	 0.1792 	 0.0809
1.4128 	 0.5340 	 -0.7493 	 -0.2188 	 0.4937 	 -0.6616 	 0.1186 	 -0.1058 	 0.1731 	 0.0854
1.4228 	 0.5390 	 -0.7559 	 -0.2176 	 0.4926 	 -0.6599 	 0.1195 	 -0.1039 	 0.1673 	 0.0902
1.4329 	 0.5439 	 -0.7625 	 -0.2164 	 0.4916 	 -0.6582 	 0.1204 	 -0.1021 	 0.1620 	 0.0955
1.4429 	 0.5488 	 -0.7691 	 -0.2152 	 0.4906 	 -0.6566 	 0.1214 	 -0.1003 	 0.1571 	 0.1012
1.4529 	 0.5537 	 -0.7757 	 -0.2140 	 0.4896 	 -0.6551 	 0.1225 	 -0.0986 	 0.1528 	 0.1074
1.4629 	 0.5586 	 -0.7822 	 -0.2127 	 0.4886 	 -0.6536 	 0.1236 	 -0.0971 	 0.1491 	 0.1141
1.4729 	 0.5635 	 -0.7888 	 -0.2115 	 0.4876 	 -0.6521 	 0.1248 	 -0.0958 	 0.1461 	 0.1212
1.4830 	 0.5684 	 -0.7953 	 -0.2102 	 0.4867 	 -0.6506 	 0.1260 	 -0.0949 	 0.1439 	 0.1288
1.4930 	 0.5733 	 -0.8018 	 -0.2090 	 0.4857 	 -0.6492 	 0.1273 	 -0.0945 	 0.1427 	 0.1366
1.5030 	 0.5782 	 -0.8083 	 -0.2077 	 0.4848 	 -0.6478 	 0.1288 	 -0.0946 	 0.1424 	 0.1445
1.5130 	 0.5830 	 -0.8148 	 -0.2064 	 0.4838 	 -0.6463 	 0.1302 	 -0.0954 	 0.1433 	 0.1524
1.5230 	 0.5878 	 -0.8212 	 -0.2051 	 0.4829 	 -0.6449 	 0.1318 	 -0.0969 	 0.1453 	 0.1599
1.5331 	 0.5927 	 -0.8277 	 -0.2038 	 0.4819 	 -0.6434 	 0.1334 	 -0.0992 	 0.1485 	 0.1667
1.5431 	 0.5975 	 -0.8341 	 -0.2024 	 0.4809 	 -0.6419 	 0.1351 	 -0.1023 	 0.1528 	 0.1725
1.5531 	 0.6023 	 -0.8406 	 -0.2010 	 0.4798 	 -0.6404 	 0.1369 	 -0.1062 	 0.1579 	 0.1768
1.5631 	 0.6071 	 -0.8470 	 -0.1997 	 0.4788 	 -0.6388 	 0.1387 	 -0.1108 	 0.1638 	 0.1793
1.5731 	 0.6119 	 -0.8534 	 -0.1983 	 0.4776 	 -0.6371 	 0.1405 	 -0.1158 	 0.1700 	 0.1799
1.5832 	 0.6167 	 -0.8597 	 -0.1968 	 0.4764 	 -0.6353 	 0.1423 	 -0.1212 	 0.1763 	 0.1782
1.5932 	 0.6215 	 -0.8661 	 -0.1954 	 0.4752 	 -0.6336 	 0.1440 	 -0.1266 	 0.1822 	 0.1743
1.6032 	 0.6262 	 -0.8724 	 -0.1940 	 0.4739 	 -0.6317 	 0.1458 	 -0.1317 	 0.1873 	 0.1684
1.6132 	 0.6310 	 -0.8788 	 -0.1925 	 0.4726 	 -0.6298 	 0.1474 	 -0.1364 	 0.1915 	 0.1608
1.6232 	 0.6357 	 -0.8851 	 -0.1910 	 0.4712 	 -0.6279 	 0.1490 	 -0.1404 	 0.1946 	 0.1517
1.6333 	 0.6404 	 -0.8913 	 -0.1895 	 0.4697 	 -0.6259 	 0.1505 	 -0.1436 	 0.1963 	 0.1416
1.6433 	 0.6451 	 -0.8976 	 -0.1880 	 0.4683 	 -0.6239 	 0.1518 	 -0.1459 	 0.1968 	 0.1309
1.6533 	 0.6498 	 -0.9038 	 -0.1865 	 0.4668 	 -0.6220 	 0.1531 	 -0.1473 	 0.1962 	 0.1201
1.6633 	 0.6545 	 -0.9101 	 -0.1849 	 0.4653 	 -0.6200 	 0.1542 	 -0.1479 	 0.1945 	 0.1093
1.6733 	 0.6591 	 -0.9163 	 -0.1834 	 0.4639 	 -0.6181 	 0.1553 	 -0.1477 	 0.1920 	 0.0990
1.6834 	 0.6638 	 -0.9224 	 -0.1818 	 0.4624 	 -0.6162 	 0.1562 	 -0.1469 	 0.1888 	 0.0892
1.6934 	 0.6684 	 -0.9286 	 -0.1802 	 0.4609 	 -0.6143 	 0.1571 	 -0.1456 	 0.1851 	 0.0800
1.7034 	 0.6730 	 -0.9348 	 -0.1787 	 0.4595 	 -0.6125 	 0.1578 	 -0.1438 	 0.1811 	 0.0716
1.7134 	 0.6776 	 -0.9409 	 -0.1771 	 0.4580 	 -0.6107 	 0.1585 	 -0.1416 	 0.1768 	 0.0640
1.7234 	 0.6822 	 -0.9470 	 -0.1755 	 0.4566 	 -0.6089 	 0.1591 	 -0.1392 	 0.1724 	 0.0571
1.7335 	 0.6867 	 -0.9531 	 -0.1739 	 0.4552 	 -0.6072 	 0.1596 	 -0.1367 	 0.1679 	 0.0509
1.7435 	 0.6913 	 -0.9592 	 -0.1723 	 0.4539 	 -0.6055 	 0.1601 	 -0.1340 	 0.1635 	 0.0453
1.7535 	 0.6958 	 -0.9652 	 -0.1707 	 0.4526 	 -0.6039 	 0.1606 	 -0.1312 	 0.1592 	 0.0404
1.7635 	 0.7004 	 -0.9713 	 -0.1691 	 0.4513 	 -0.6024 	 0.1609 	 -0.1285 	 0.1549 	 0.0360
1.7735 	 0.7049 	 -0.9773 	 -0.1675 	 0.4500 	 -0.6008 	 0.1613 	 -0.1257 	 0.1509 	 0.0321
1.7836 	 0.7094 	 -0.9833 	 -0.1658 	 0.4487 	 -0.5993 	 0.1616 	 -0.1230 	 0.1469 	 0.0286
1.7936 	 0.7139 	 -0.9893 	 -0.1642 	 0.4475 	 -0.5979 	 0.1619 	 -0.1203 	 0.1432 	 0.0255
1.8036 	 0.7183 	 -0.9953 	 -0.1626 	 0.4463 	 -0.5965 	 0.1621 	 -0.1177 	 0.1396 	 0.0228
1.8136 	 0.7228 	 -1.0013 	 -0.1610 	 0.4452 	 -0.5951 	 0.1623 	 -0.1152 	 0.1362 	 0.0204
1.8236 	 0.7273 	 -1.0072 	 -0.1594 	 0.4440 	 -0.5937 	 0.1625 	 -0.1127 	 0.1329 	 0.0182
1.8337 	 0.7317 	 -1.0132 	 -0.1577 	 0.4429 	 -0.5924 	 0.1627 	 -0.1104 	 0.1299 	 0.0163
1.8437 	 0.7361 	 -1.0191 	 -0.1561 	 0.4418 	 -0.5911 	 0.1628 	 -0.1081 	 0.1269 	 0.0146
1.8537 	 0.7406 	 -1.0250 	 -0.1545 	 0.4407 	 -0.5899 	 0.1630 	 -0.1059 	 0.1241 	 0.0131
1.8637 	 0.7450 	 -1.0309 	 -0.1528 	 0.4397 	 -0.5886 	 0.1631 	 -0.1037 	 0.1215 	 0.0117
1.8737 	 0.7494 	 -1.0368 	 -0.1512 	 0.4387 	 -0.5874 	 0.1632 	 -0.1017 	 0.1190 	 0.0105
1.8838 	 0.7538 	 -1.0427 	 -0.1496 	 0.4376 	 -0.5863 	 0.1633 	 -0.0997 	 0.1166 	 0.0095
1.8938 	 0.7581 	 -1.0486 	 -0.1479 	 0.4367 	 -0.5851 	 0.1634 	 -0.0978 	 0.1143 	 0.0085
1.9038 	 0.7625 	 -1.0544 	 -0.1463 	 0.4357 	 -0.5840 	 0.1635 	 -0.0960 	 0.1121 	 0.0076
1.9138 	 0.7669 	 -1.0603 	 -0.1446 	 0.4347 	 -0.5829 	 0.1635 	 -0.0943 	 0.1100 	 0.0068
1.9238 	 0.7712 	 -1.0661 	 -0.1430 	 0.4338 	 -0.5818 	 0.1636 	 -0.0926 	 0.1081 	 0.0061
1.9339 	 0.7756 	 -1.0719 	 -0.1414 	 0.4329 	 -0.5807 	 0.1637 	 -0.0910 	 0.1062 	 0.0055
1.9439 	 0.7799 	 -1.0777 	 -0.1397 	 0.4320 	 -0.5796 	 0.1637 	 -0.0894 	 0.1044 	 0.0049
1.9539 	 0.7842 	 -1.0835 	 -0.1381 	 0.4311 	 -0.5786 	 0.1638 	 -0.0879 	 0.1027 	 0.0044
1.9639 	 0.7885 	 -1.0893 	 -0.1364 	 0.4302 	 -0.5776 	 0.1638 	 -0.0865 	 0.1010 	 0.0040
1.9739 	 0.7929 	 -1.0951 	 -0.1348 	 0.4294 	 -0.5766 	 0.1638 	 -0.0851 	 0.0995 	 0.0035
1.9840 	 0.7971 	 -1.1009 	 -0.1332 	 0.4285 	 -0.5756 	 0.1639 	 -0.0822 	 0.0960 	 0.0046
1.9940 	 0.8014 	 -1.1066 	 -0.1315 	 0.4277 	 -0.5746 	 0.1639 	 -0.0809 	 0.0946 	 0.0043
2.0040 	 0.8057 	 -1.1124 	 -0.1299 	 0.4269 	 -0.5737 	 0.1640 	 -0.0797 	 0.0932 	 0.0039
2.0140 	 0.8100 	 -1.1181 	 -0.1282 	 0.4261 	 -0.5728 	 0.1640 	 -0.0785 	 0.0919 	 0.0036
2.0240 	 0.8143 	 -1.1239 	 -0.1266 	 0.4253 	 -0.5718 	 0.1640 	 -0.0773 	 0.0906 	 0.0034
2.0341 	 0.8185 	 -1.1296 	 -0.1249 	 0.4245 	 -0.5709 	 0.1641 	 -0.0762 	 0.0894 	 0.0031
2.0441 	 0.8228 	 -1.1353 	 -0.1233 	 0.4238 	 -0.5701 	 0.1641 	 -0.0751 	 0.0882 	 0.0029
2.0541 	 0.8270 	 -1.1410 	 -0.1217 	 0.4230 	 -0.5692 	 0.1641 	 -0.0741 	 0.0870 	 0.0026
2.0641 	 0.8312 	 -1.1467 	 -0.1200 	 0.4223 	 -0.5683 	 0.1642 	 -0.0731 	 0.0859 	 0.0024
2.0741 	 0.8355 	 -1.1524 	 -0.1184 	 0.4216 	 -0.5675 	 0.1642 	 -0.0721 	 0.0849 	 0.0022
2.0842 	 0.8397 	 -1.1581 	 -0.1167 	 0.4209 	 -0.5666 	 0.1642 	 -0.0712 	 0.0838 	 0.0021
2.0942 	 0.8439 	 -1.1638 	 -0.1151 	 0.4201 	 -0.5658 	 0.1642 	 -0.0702 	 0.0828 	 0.0019
2.1042 	 0.8481 	 -1.1694 	 -0.1134 	 0.4194 	 -0.5649 	 0.1642 	 -0.0694 	 0.0818 	 0.0018
2.1142 	 0.8523 	 -1.1751 	 -0.1118 	 0.4188 	 -0.5641 	 0.1643 	 -0.0685 	 0.0809 	 0.0016
2.1242 	 0.8565 	 -1.1807 	 -0.1101 	 0.4181 	 -0.5633 	 0.1643 	 -0.0677 	 0.0800 	 0.0015
2.1343 	 0.8607 	 -1.1864 	 -0.1085 	 0.4174 	 -0.5625 	 0.1643 	 -0.0668 	 0.0791 	 0.0014
2.1443 	 0.8649 	 -1.1920 	 -0.1068 	 0.4167 	 -0.5617 	 0.1643 	 -0.0660 	 0.0782 	 0.0012
2.1543 	 0.8690 	 -1.1976 	 -0.1052 	 0.4161 	 -0.5610 	 0.1643 	 -0.0653 	 0.0774 	 0.0011
2.1643 	 0.8732 	 -1.2032 	 -0.1035 	 0.4154 	 -0.5602 	 0.1643 	 -0.0645 	 0.0766 	 0.0010
2.1743 	 0.8774 	 -1.2089 	 -0.1019 	 0.4148 	 -0.5594 	 0.1643 	 -0.0638 	 0.0758 	 0.0009
2.1844 	 0.8815 	 -1.2145 	 -0.1003 	 0.4142 	 -0.5587 	 0.1643 	 -0.0631 	 0.0750 	 0.0008
2.1944 	 0.8857 	 -1.2201 	 -0.0986 	 0.4135 	 -0.5579 	 0.1644 	 -0.0624 	 0.0742 	 0.0007
2.2044 	 0.8898 	 -1.2256 	 -0.0970 	 0.4129 	 -0.5572 	 0.1644 	 -0.0617 	 0.0735 	 0.0007
2.2144 	 0.8939 	 -1.2312 	 -0.0953 	 0.4123 	 -0.5565 	 0.1644 	 -0.0610 	 0.0728 	 0.0006
2.2244 	 0.8981 	 -1.2368 	 -0.0937 	 0.4117 	 -0.5557 	 0.1644 	 -0.0604 	 0.0721 	 0.0005
2.2345 	 0.9022 	 -1.2424 	 -0.0920 	 0.4111 	 -0.5550 	 0.1644 	 -0.0597 	 0.0714 	 0.0004
2.2445 	 0.9063 	 -1.2479 	 -0.0904 	 0.4105 	 -0.5543 	 0.1644 	 -0.0591 	 0.0707 	 0.0004
2.2545 	 0.9104 	 -1.2535 	 -0.0887 	 0.4099 	 -0.5536 	 0.1644 	 -0.0585 	 0.0700 	 0.0003
2.2645 	 0.9145 	 -1.2590 	 -0.0871 	 0.4093 	 -0.5529 	 0.1644 	 -0.0579 	 0.0694 	 0.0002
2.2745 	 0.9186 	 -1.2645 	 -0.0854 	 0.4087 	 -0.5522 	 0.1644 	 -0.0573 	 0.0687 	 0.0002
2.2846 	 0.9227 	 -1.2701 	 -0.0838 	 0.4082 	 -0.5515 	 0.1644 	 -0.0568 	 0.0681 	 0.0001
2.2946 	 0.9268 	 -1.2756 	 -0.0821 	 0.4076 	 -0.5508 	 0.1644 	 -0.0562 	 0.0675 	 0.0000
2.3046 	 0.9309 	 -1.2811 	 -0.0805 	 0.4070 	 -0.5502 	 0.1644 	 -0.0557 	 0.0669 	 -0.0000
2.3146 	 0.9350 	 -1.2866 	 -0.0788 	 0.4065 	 -0.5495 	 0.1644 	 -0.0551 	 0.0663 	 -0.0001
2.3246 	 0.9390 	 -1.2921 	 -0.0772 	 0.4059 	 -0.5488 	 0.1644 	 -0.0546 	 0.0657 	 -0.0001
2.3347 	 0.9431 	 -1.2976 	 -0.0756 	 0.4054 	 -0.5482 	 0.1644 	 -0.0541 	 0.0652 	 -0.0002
2.3447 	 0.9472 	 -1.3031 	 -0.0739 	 0.4048 	 -0.5475 	 0.1644 	 -0.0536 	 0.0646 	 -0.0002
2.3547 	 0.9512 	 -1.3086 	 -0.0723 	 0.4043 	 -0.5469 	 0.1644 	 -0.0531 	 0.0641 	 -0.0003
2.3647 	 0.9553 	 -1.3141 	 -0.0706 	 0.4038 	 -0.5462 	 0.1644 	 -0.0526 	 0.0635 	 -0.0003
2.3747 	 0.9593 	 -1.3195 	 -0.0690 	 0.4033 	 -0.5456 	 0.1644 	 -0.0521 	 0.0630 	 -0.0004
2.3848 	 0.9633 	 -1.3250 	 -0.0673 	 0.4027 	 -0.5450 	 0.1644 	 -0.0516 	 0.0625 	 -0.0004
2.3948 	 0.9674 	 -1.3305 	 -0.0657 	 0.4022 	 -0.5444 	 0.1644 	 -0.0512 	 0.0620 	 -0.0005
2.4048 	 0.9714 	 -1.3359 	 -0.0640 	 0.4017 	 -0.5437 	 0.1644 	 -0.0507 	 0.0615 	 -0.0005
2.4148 	 0.9754 	 -1.3414 	 -0.0624 	 0.4012 	 -0.5431 	 0.1644 	 -0.0503 	 0.0610 	 -0.0006
2.4248 	 0.9794 	 -1.3468 	 -0.0607 	 0.4007 	 -0.5425 	 0.1643 	 -0.0498 	 0.0605 	 -0.0006
2.4349 	 0.9834 	 -1.3522 	 -0.0591 	 0.4002 	 -0.5419 	 0.1643 	 -0.0494 	 0.0600 	 -0.0007
2.4449 	 0.9875 	 -1.3577 	 -0.0574 	 0.3997 	 -0.5413 	 0.1643 	 -0.0490 	 0.0595 	 -0.0007
2.4549 	 0.9915 	 -1.3631 	 -0.0558 	 0.3992 	 -0.5407 	 0.1643 	 -0.0485 	 0.0590 	 -0.0007
2.4649 	 0.9955 	 -1.3685 	 -0.0541 	 0.3987 	 -0.5401 	 0.1643 	 -0.0481 	 0.0586 	 -0.0008
2.4749 	 0.9994 	 -1.3739 	 -0.0525 	 0.3983 	 -0.5395 	 0.1643 	 -0.0477 	 0.0581 	 -0.0008
2.4850 	 1.0034 	 -1.3793 	 -0.0508 	 0.3978 	 -0.5390 	 0.1643 	 -0.0473 	 0.0577 	 -0.0008
2.4950 	 1.0074 	 -1.3847 	 -0.0492 	 0.3973 	 -0.5384 	 0.1643 	 -0.0469 	 0.0572 	 -0.0009
2.5050 	 1.0114 	 -1.3901 	 -0.0476 	 0.3968 	 -0.5378 	 0.1643 	 -0.0465 	 0.0568 	 -0.0009
2.5150 	 1.0154 	 -1.3955 	 -0.0459 	 0.3964 	 -0.5373 	 0.1643 	 -0.0461 	 0.0564 	 -0.0010
2.5251 	 1.0193 	 -1.4009 	 -0.0443 	 0.3959 	 -0.5367 	 0.1643 	 -0.0458 	 0.0560 	 -0.0010
2.5351 	 1.0233 	 -1.4062 	 -0.0426 	 0.3955 	 -0.5361 	 0.1643 	 -0.0454 	 0.0555 	 -0.0010
2.5451 	 1.0273 	 -1.4116 	 -0.0410 	 0.3950 	 -0.5356 	 0.1642 	 -0.0450 	 0.0551 	 -0.0010
2.5551 	 1.0312 	 -1.4170 	 -0.0393 	 0.3946 	 -0.5350 	 0.1642 	 -0.0447 	 0.0547 	 -0.0011
2.5651 	 1.0352 	 -1.4223 	 -0.0377 	 0.3941 	 -0.5345 	 0.1642 	 -0.0443 	 0.0543 	 -0.0011
2.5752 	 1.0391 	 -1.4277 	 -0.0360 	 0.3937 	 -0.5339 	 0.1642 	 -0.0440 	 0.0539 	 -0.0011
2.5852 	 1.0431 	 -1.4330 	 -0.0344 	 0.3932 	 -0.5334 	 0.1642 	 -0.0436 	 0.0535 	 -0.0012
2.5952 	 1.0470 	 -1.4384 	 -0.0327 	 0.3928 	 -0.5329 	 0.1642 	 -0.0433 	 0.0531 	 -0.0012
2.6052 	 1.0509 	 -1.4437 	 -0.0311 	 0.3924 	 -0.5323 	 0.1642 	 -0.0429 	 0.0528 	 -0.0012
2.6152 	 1.0549 	 -1.4490 	 -0.0295 	 0.3919 	 -0.5318 	 0.1642 	 -0.0426 	 0.0524 	 -0.0012
2.6253 	 1.0588 	 -1.4544 	 -0.0278 	 0.3915 	 -0.5313 	 0.1642 	 -0.0423 	 0.0520 	 -0.0013
2.6353 	 1.0627 	 -1.4597 	 -0.0262 	 0.3911 	 -0.5308 	 0.1641 	 -0.0419 	 0.0516 	 -0.0013
2.6453 	 1.0666 	 -1.4650 	 -0.0245 	 0.3907 	 -0.5303 	 0.1641 	 -0.0416 	 0.0513 	 -0.0013
2.6553 	 1.0705 	 -1.4703 	 -0.0229 	 0.3903 	 -0.5297 	 0.1641 	 -0.0413 	 0.0509 	 -0.0013
2.6653 	 1.0744 	 -1.4756 	 -0.0212 	 0.3898 	 -0.5292 	 0.1641 	 -0.0410 	 0.0506 	 -0.0014
2.6754 	 1.0784 	 -1.4809 	 -0.0196 	 0.3894 	 -0.5287 	 0.1641 	 -0.0407 	 0.0502 	 -0.0014
2.6854 	 1.0823 	 -1.4862 	 -0.0179 	 0.3890 	 -0.5282 	 0.1641 	 -0.0404 	 0.0499 	 -0.0014
2.6954 	 1.0861 	 -1.4915 	 -0.0163 	 0.3886 	 -0.5277 	 0.1641 	 -0.0401 	 0.0495 	 -0.0014
2.7054 	 1.0900 	 -1.4968 	 -0.0147 	 0.3882 	 -0.5272 	 0.1640 	 -0.0398 	 0.0492 	 -0.0015
2.7154 	 1.0939 	 -1.5021 	 -0.0130 	 0.3878 	 -0.5267 	 0.1640 	 -0.0395 	 0.0488 	 -0.0015
2.7255 	 1.0978 	 -1.5073 	 -0.0114 	 0.3874 	 -0.5263 	 0.1640 	 -0.0392 	 0.0485 	 -0.0015
2.7355 	 1.1017 	 -1.5126 	 -0.0097 	 0.3870 	 -0.5258 	 0.1640 	 -0.0389 	 0.0482 	 -0.0015
2.7455 	 1.1056 	 -1.5179 	 -0.0081 	 0.3867 	 -0.5253 	 0.1640 	 -0.0386 	 0.0479 	 -0.0015
2.7555 	 1.1094 	 -1.5231 	 -0.0064 	 0.3863 	 -0.5248 	 0.1640 	 -0.0383 	 0.0475 	 -0.0016
2.7655 	 1.1133 	 -1.5284 	 -0.0048 	 0.3859 	 -0.5243 	 0.1640 	 -0.0380 	 0.0472 	 -0.0016
2.7756 	 1.1172 	 -1.5337 	 -0.0032 	 0.3855 	 -0.5239 	 0.1639 	 -0.0378 	 0.0469 	 -0.0016
2.7856 	 1.1210 	 -1.5389 	 -0.0015 	 0.3851 	 -0.5234 	 0.1639 	 -0.0375 	 0.0466 	 -0.0016
2.7956 	 1.1249 	 -1.5441 	 0.0001 	 0.3848 	 -0.5229 	 0.1639 	 -0.0372 	 0.0463 	 -0.0016
2.8056 	 1.1287 	 -1.5494 	 0.0018 	 0.3844 	 -0.5225 	 0.1639 	 -0.0370 	 0.0460 	 -0.0016
2.8156 	 1.1326 	 -1.5546 	 0.0034 	 0.3840 	 -0.5220 	 0.1639 	 -0.0367 	 0.0457 	 -0.0017
2.8257 	 1.1364 	 -1.5598 	 0.0051 	 0.3837 	 -0.5216 	 0.1639 	 -0.0364 	 0.0454 	 -0.0017
2.8357 	 1.1403 	 -1.5651 	 0.0067 	 0.3833 	 -0.5211 	 0.1638 	 -0.0362 	 0.0451 	 -0.0017
2.8457 	 1.1441 	 -1.5703 	 0.0083 	 0.3829 	 -0.5206 	 0.1638 	 -0.0359 	 0.0448 	 -0.0017
2.8557 	 1.1480 	 -1.5755 	 0.0100 	 0.3826 	 -0.5202 	 0.1638 	 -0.0357 	 0.0445 	 -0.0017
2.8657 	 1.1518 	 -1.5807 	 0.0116 	 0.3822 	 -0.5198 	 0.1638 	 -0.0354 	 0.0442 	 -0.0017
2.8758 	 1.1556 	 -1.5859 	 0.0133 	 0.3819 	 -0.5193 	 0.1638 	 -0.0352 	 0.0439 	 -0.0017
2.8858 	 1.1594 	 -1.5911 	 0.0149 	 0.3815 	 -0.5189 	 0.1638 	 -0.0349 	 0.0436 	 -0.0018
2.8958 	 1.1633 	 -1.5963 	 0.0165 	 0.3812 	 -0.5184 	 0.1637 	 -0.0347 	 0.0434 	 -0.0018
2.9058 	 1.1671 	 -1.6015 	 0.0182 	 0.3808 	 -0.5180 	 0.1637 	 -0.0345 	 0.0431 	 -0.0018
2.9158 	 1.1709 	 -1.6067 	 0.0198 	 0.3805 	 -0.5176 	 0.1637 	 -0.0342 	 0.0428 	 -0.0018
2.9259 	 1.1747 	 -1.6119 	 0.0215 	 0.3801 	 -0.5172 	 0.1637 	 -0.0340 	 0.0425 	 -0.0018
2.9359 	 1.1785 	 -1.6171 	 0.0231 	 0.3798 	 -0.5167 	 0.1637 	 -0.0338 	 0.0423 	 -0.0018
2.9459 	 1.1823 	 -1.6222 	 0.0247 	 0.3794 	 -0.5163 	 0.1636 	 -0.0335 	 0.0420 	 -0.0018
2.9559 	 1.1861 	 -1.6274 	 0.0264 	 0.3791 	 -0.5159 	 0.1636 	 -0.0333 	 0.0417 	 -0.0018
2.9659 	 1.1899 	 -1.6326 	 0.0280 	 0.3788 	 -0.5155 	 0.1636 	 -0.0331 	 0.0415 	 -0.0019
2.9760 	 1.1937 	 -1.6377 	 0.0297 	 0.3784 	 -0.5151 	 0.1636 	 -0.0329 	 0.0412 	 -0.0019
2.9860 	 1.1975 	 -1.6429 	 0.0313 	 0.3781 	 -0.5146 	 0.1636 	 -0.0327 	 0.0410 	 -0.0019
2.9960 	 1.2013 	 -1.6480 	 0.0329 	 0.3778 	 -0.5142 	 0.1636 	 -0.0324 	 0.0407 	 -0.0019
3.0060 	 1.2051 	 -1.6532 	 0.0346 	 0.3775 	 -0.5138 	 0.1635 	 -0.0322 	 0.0405 	 -0.0019
3.0160 	 1.2089 	 -1.6583 	 0.0362 	 0.3771 	 -0.5134 	 0.1635 	 -0.0320 	 0.0402 	 -0.0019
3.0261 	 1.2126 	 -1.6635 	 0.0379 	 0.3768 	 -0.5130 	 0.1635 	 -0.0318 	 0.0400 	 -0.0019
3.0361 	 1.2164 	 -1.6686 	 0.0395 	 0.3765 	 -0.5126 	 0.1635 	 -0.0316 	 0.0397 	 -0.0019
3.0461 	 1.2202 	 -1.6738 	 0.0411 	 0.3762 	 -0.5122 	 0.1635 	 -0.0314 	 0.0395 	 -0.0019
3.0561 	 1.2239 	 -1.6789 	 0.0428 	 0.3759 	 -0.5118 	 0.1634 	 -0.0312 	 0.0392 	 -0.0019
3.0661 	 1.2277 	 -1.6840 	 0.0444 	 0.3756 	 -0.5114 	 0.1634 	 -0.0310 	 0.0390 	 -0.0019
3.0762 	 1.2315 	 -1.6891 	 0.0460 	 0.3753 	 -0.5110 	 0.1634 	 -0.0308 	 0.0387 	 -0.0019
3.0862 	 1.2352 	 -1.6943 	 0.0477 	 0.3750 	 -0.5107 	 0.1634 	 -0.0306 	 0.0385 	 -0.0020
3.0962 	 1.2390 	 -1.6994 	 0.0493 	 0.3746 	 -0.5103 	 0.1634 	 -0.0304 	 0.0383 	 -0.0020
3.1062 	 1.2427 	 -1.7045 	 0.0510 	 0.3743 	 -0.5099 	 0.1633 	 -0.0302 	 0.0380 	 -0.0020
3.1162 	 1.2465 	 -1.7096 	 0.0526 	 0.3740 	 -0.5095 	 0.1633 	 -0.0300 	 0.0378 	 -0.0020
3.1263 	 1.2502 	 -1.7147 	 0.0542 	 0.3737 	 -0.5091 	 0.1633 	 -0.0298 	 0.0376 	 -0.0020
3.1363 	 1.2540 	 -1.7198 	 0.0559 	 0.3734 	 -0.5088 	 0.1633 	 -0.0296 	 0.0373 	 -0.0020
3.1463 	 1.2577 	 -1.7249 	 0.0575 	 0.3731 	 -0.5084 	 0.1633 	 -0.0295 	 0.0371 	 -0.0020
3.1563 	 1.2615 	 -1.7300 	 0.0591 	 0.3729 	 -0.5080 	 0.1632 	 -0.0293 	 0.0369 	 -0.0020
3.1663 	 1.2652 	 -1.7351 	 0.0608 	 0.3726 	 -0.5076 	 0.1632 	 -0.0291 	 0.0367 	 -0.0020
3.1764 	 1.2689 	 -1.7402 	 0.0624 	 0.3723 	 -0.5073 	 0.1632 	 -0.0289 	 0.0365 	 -0.0020
3.1864 	 1.2726 	 -1.7452 	 0.0640 	 0.3720 	 -0.5069 	 0.1632 	 -0.0287 	 0.0362 	 -0.0020
3.1964 	 1.2764 	 -1.7503 	 0.0657 	 0.3717 	 -0.5066 	 0.1632 	 -0.0286 	 0.0360 	 -0.0020
3.2064 	 1.2801 	 -1.7554 	 0.0673 	 0.3714 	 -0.5062 	 0.1631 	 -0.0284 	 0.0358 	 -0.0020
3.2164 	 1.2838 	 -1.7605 	 0.0689 	 0.3711 	 -0.5058 	 0.1631 	 -0.0282 	 0.0356 	 -0.0020
3.2265 	 1.2875 	 -1.7655 	 0.0706 	 0.3708 	 -0.5055 	 0.1631 	 -0.0280 	 0.0354 	 -0.0020
3.2365 	 1.2912 	 -1.7706 	 0.0722 	 0.3706 	 -0.5051 	 0.1631 	 -0.0279 	 0.0352 	 -0.0021
3.2465 	 1.2950 	 -1.7756 	 0.0739 	 0.3703 	 -0.5048 	 0.1631 	 -0.0277 	 0.0350 	 -0.0021
3.2565 	 1.2987 	 -1.7807 	 0.0755 	 0.3700 	 -0.5044 	 0.1630 	 -0.0275 	 0.0347 	 -0.0021
3.2665 	 1.3024 	 -1.7858 	 0.0771 	 0.3697 	 -0.5041 	 0.1630 	 -0.0274 	 0.0345 	 -0.0021
3.2766 	 1.3061 	 -1.7908 	 0.0788 	 0.3695 	 -0.5037 	 0.1630 	 -0.0263 	 0.0333 	 -0.0016
3.2866 	 1.3098 	 -1.7959 	 0.0804 	 0.3692 	 -0.5034 	 0.1630 	 -0.0261 	 0.0331 	 -0.0016
3.2966 	 1.3135 	 -1.8009 	 0.0820 	 0.3689 	 -0.5031 	 0.1630 	 -0.0260 	 0.0329 	 -0.0016
3.3066 	 1.3172 	 -1.8059 	 0.0837 	 0.3687 	 -0.5027 	 0.1629 	 -0.0258 	 0.0327 	 -0.0016
3.3166 	 1.3209 	 -1.8110 	 0.0853 	 0.3684 	 -0.5024 	 0.1629 	 -0.0257 	 0.0325 	 -0.0016
3.3267 	 1.3246 	 -1.8160 	 0.0869 	 0.3682 	 -0.5021 	 0.1629 	 -0.0255 	 0.0323 	 -0.0016
3.3367 	 1.3282 	 -1.8210 	 0.0885 	 0.3679 	 -0.5018 	 0.1629 	 -0.0254 	 0.0321 	 -0.0016
3.3467 	 1.3319 	 -1.8261 	 0.0902 	 0.3677 	 -0.5015 	 0.1629 	 -0.0252 	 0.0319 	 -0.0016
3.3567 	 1.3356 	 -1.8311 	 0.0918 	 0.3674 	 -0.5011 	 0.1629 	 -0.0251 	 0.0318 	 -0.0016
3.3667 	 1.3393 	 -1.8361 	 0.0934 	 0.3672 	 -0.5008 	 0.1628 	 -0.0249 	 0.0316 	 -0.0016
3.3768 	 1.3430 	 -1.8411 	 0.0951 	 0.3669 	 -0.5005 	 0.1628 	 -0.0248 	 0.0314 	 -0.0017
3.3868 	 1.3466 	 -1.8461 	 0.0967 	 0.3667 	 -0.5002 	 0.1628 	 -0.0246 	 0.0312 	 -0.0017
3.3968 	 1.3503 	 -1.8511 	 0.0983 	 0.3664 	 -0.4999 	 0.1628 	 -0.0245 	 0.0310 	 -0.0017
3.4068 	 1.3540 	 -1.8561 	 0.1000 	 0.3662 	 -0.4996 	 0.1628 	 -0.0244 	 0.0308 	 -0.0017
3.4168 	 1.3577 	 -1.8612 	 0.1016 	 0.3659 	 -0.4993 	 0.1628 	 -0.0242 	 0.0307 	 -0.0017
3.4269 	 1.3613 	 -1.8662 	 0.1032 	 0.3657 	 -0.4990 	 0.1627 	 -0.0241 	 0.0305 	 -0.0017
3.4369 	 1.3650 	 -1.8712 	 0.1049 	 0.3654 	 -0.4986 	 0.1627 	 -0.0239 	 0.0303 	 -0.0017
3.4469 	 1.3686 	 -1.8761 	 0.1065 	 0.3652 	 -0.4983 	 0.1627 	 -0.0238 	 0.0301 	 -0.0017
3.4569 	 1.3723 	 -1.8811 	 0.1081 	 0.3650 	 -0.4980 	 0.1627 	 -0.0237 	 0.0300 	 -0.0017
3.4669 	 1.3760 	 -1.8861 	 0.1098 	 0.3647 	 -0.4977 	 0.1627 	 -0.0235 	 0.0298 	 -0.0017
3.4770 	 1.3796 	 -1.8911 	 0.1114 	 0.3645 	 -0.4974 	 0.1627 	 -0.0234 	 0.0296 	 -0.0017
3.4870 	 1.3833 	 -1.8961 	 0.1130 	 0.3643 	 -0.4971 	 0.1626 	 -0.0233 	 0.0294 	 -0.0017
3.4970 	 1.3869 	 -1.9011 	 0.1146 	 0.3640 	 -0.4969 	 0.1626 	 -0.0232 	 0.0293 	 -0.0017
3.5070 	 1.3906 	 -1.9061 	 0.1163 	 0.3638 	 -0.4966 	 0.1626 	 -0.0230 	 0.0291 	 -0.0017
3.5170 	 1.3942 	 -1.9110 	 0.1179 	 0.3636 	 -0.4963 	 0.1626 	 -0.0229 	 0.0289 	 -0.0017
3.5271 	 1.3978 	 -1.9160 	 0.1195 	 0.3633 	 -0.4960 	 0.1626 	 -0.0228 	 0.0288 	 -0.0017
3.5371 	 1.4015 	 -1.9210 	 0.1212 	 0.3631 	 -0.4957 	 0.1626 	 -0.0227 	 0.0286 	 -0.0017
3.5471 	 1.4051 	 -1.9259 	 0.1228 	 0.3629 	 -0.4954 	 0.1625 	 -0.0225 	 0.0285 	 -0.0017
3.5571 	 1.4088 	 -1.9309 	 0.1244 	 0.3627 	 -0.4951 	 0.1625 	 -0.0224 	 0.0283 	 -0.0017
3.5671 	 1.4124 	 -1.9359 	 0.1260 	 0.3624 	 -0.4948 	 0.1625 	 -0.0223 	 0.0281 	 -0.0017
3.5772 	 1.4160 	 -1.9408 	 0.1277 	 0.3622 	 -0.4946 	 0.1625 	 -0.0222 	 0.0280 	 -0.0018
3.5872 	 1.4196 	 -1.9458 	 0.1293 	 0.3620 	 -0.4943 	 0.1625 	 -0.0221 	 0.0278 	 -0.0018
3.5972 	 1.4233 	 -1.9507 	 0.1309 	 0.3618 	 -0.4940 	 0.1625 	 -0.0219 	 0.0277 	 -0.0018
3.6072 	 1.4269 	 -1.9557 	 0.1326 	 0.3615 	 -0.4937 	 0.1624 	 -0.0218 	 0.0275 	 -0.0018
3.6172 	 1.4305 	 -1.9606 	 0.1342 	 0.3613 	 -0.4935 	 0.1624 	 -0.0217 	 0.0274 	 -0.0018
3.6273 	 1.4341 	 -1.9656 	 0.1358 	 0.3611 	 -0.4932 	 0.1624 	 -0.0216 	 0.0272 	 -0.0018
3.6373 	 1.4378 	 -1.9705 	 0.1374 	 0.3609 	 -0.4929 	 0.1624 	 -0.0215 	 0.0271 	 -0.0018
3.6473 	 1.4414 	 -1.9754 	 0.1391 	 0.3607 	 -0.4926 	 0.1624 	 -0.0214 	 0.0269 	 -0.0018
3.6573 	 1.4450 	 -1.9804 	 0.1407 	 0.3605 	 -0.4924 	 0.1623 	 -0.0213 	 0.0268 	 -0.0018
3.6673 	 1.4486 	 -1.9853 	 0.1423 	 0.3603 	 -0.4921 	 0.1623 	 -0.0211 	 0.0266 	 -0.0018
3.6774 	 1.4522 	 -1.9902 	 0.1439 	 0.3600 	 -0.4918 	 0.1623 	 -0.0210 	 0.0265 	 -0.0018
3.6874 	 1.4558 	 -1.9952 	 0.1456 	 0.3598 	 -0.4916 	 0.1623 	 -0.0209 	 0.0263 	 -0.0018
3.6974 	 1.4594 	 -2.0001 	 0.1472 	 0.3596 	 -0.4913 	 0.1623 	 -0.0208 	 0.0262 	 -0.0018
3.7074 	 1.4630 	 -2.0050 	 0.1488 	 0.3594 	 -0.4910 	 0.1623 	 -0.0207 	 0.0260 	 -0.0018
3.7174 	 1.4666 	 -2.0099 	 0.1505 	 0.3592 	 -0.4908 	 0.1622 	 -0.0206 	 0.0259 	 -0.0018
3.7275 	 1.4702 	 -2.0148 	 0.1521 	 0.3590 	 -0.4905 	 0.1622 	 -0.0205 	 0.0258 	 -0.0018
3.7375 	 1.4738 	 -2.0198 	 0.1537 	 0.3588 	 -0.4903 	 0.1622 	 -0.0204 	 0.0256 	 -0.0018
3.7475 	 1.4774 	 -2.0247 	 0.1553 	 0.3586 	 -0.4900 	 0.1622 	 -0.0203 	 0.0255 	 -0.0018
3.7575 	 1.4810 	 -2.0296 	 0.1570 	 0.3584 	 -0.4898 	 0.1622 	 -0.0202 	 0.0254 	 -0.0018
3.7675 	 1.4846 	 -2.0345 	 0.1586 	 0.3582 	 -0.4895 	 0.1621 	 -0.0201 	 0.0252 	 -0.0018
3.7776 	 1.4882 	 -2.0394 	 0.1602 	 0.3580 	 -0.4893 	 0.1621 	 -0.0200 	 0.0251 	 -0.0018
3.7876 	 1.4918 	 -2.0443 	 0.1618 	 0.3578 	 -0.4890 	 0.1621 	 -0.0199 	 0.0250 	 -0.0018
3.7976 	 1.4953 	 -2.0492 	 0.1635 	 0.3576 	 -0.4888 	 0.1621 	 -0.0198 	 0.0248 	 -0.0018
3.8076 	 1.4989 	 -2.0541 	 0.1651 	 0.3574 	 -0.4885 	 0.1621 	 -0.0197 	 0.0247 	 -0.0018
3.8176 	 1.5025 	 -2.0590 	 0.1667 	 0.3572 	 -0.4883 	 0.1621 	 -0.0196 	 0.0246 	 -0.0018
3.8277 	 1.5061 	 -2.0639 	 0.1683 	 0.3570 	 -0.4880 	 0.1620 	 -0.0195 	 0.0244 	 -0.0018
3.8377 	 1.5097 	 -2.0687 	 0.1699 	 0.3568 	 -0.4878 	 0.1620 	 -0.0194 	 0.0243 	 -0.0018
3.8477 	 1.5132 	 -2.0736 	 0.1716 	 0.3566 	 -0.4875 	 0.1620 	 -0.0193 	 0.0242 	 -0.0018
3.8577 	 1.5168 	 -2.0785 	 0.1732 	 0.3564 	 -0.4873 	 0.1620 	 -0.0192 	 0.0241 	 -0.0018
3.8677 	 1.5204 	 -2.0834 	 0.1748 	 0.3562 	 -0.4870 	 0.1620 	 -0.0191 	 0.0239 	 -0.0018
3.8778 	 1.5239 	 -2.0883 	 0.1764 	 0.3560 	 -0.4868 	 0.1619 	 -0.0190 	 0.0238 	 -0.0018
3.8878 	 1.5275 	 -2.0932 	 0.1781 	 0.3559 	 -0.4866 	 0.1619 	 -0.0189 	 0.0237 	 -0.0018
3.8978 	 1.5311 	 -2.0980 	 0.1797 	 0.3557 	 -0.4863 	 0.1619 	 -0.0188 	 0.0236 	 -0.0018
3.9078 	 1.5346 	 -2.1029 	 0.1813 	 0.3555 	 -0.4861 	 0.1619 	 -0.0187 	 0.0234 	 -0.0018
3.9178 	 1.5382 	 -2.1078 	 0.1829 	 0.3553 	 -0.4859 	 0.1619 	 -0.0186 	 0.0233 	 -0.0018
3.9279 	 1.5418 	 -2.1126 	 0.1845 	 0.3551 	 -0.4856 	 0.1619 	 -0.0186 	 0.0232 	 -0.0018
3.9379 	 1.5453 	 -2.1175 	 0.1862 	 0.3549 	 -0.4854 	 0.1618 	 -0.0185 	 0.0231 	 -0.0018
3.9479 	 1.5489 	 -2.1224 	 0.1878 	 0.3547 	 -0.4852 	 0.1618 	 -0.0184 	 0.0230 	 -0.0018
3.9579 	 1.5524 	 -2.1272 	 0.1894 	 0.3545 	 -0.4849 	 0.1618 	 -0.0183 	 0.0228 	 -0.0018
3.9679 	 1.5560 	 -2.1321 	 0.1910 	 0.3544 	 -0.4847 	 0.1618 	 -0.0182 	 0.0227 	 -0.0018
3.9780 	 1.5595 	 -2.1369 	 0.1927 	 0.3542 	 -0.4845 	 0.1618 	 -0.0181 	 0.0226 	 -0.0018
3.9880 	 1.5631 	 -2.1418 	 0.1943 	 0.3540 	 -0.4843 	 0.1617 	 -0.0180 	 0.0225 	 -0.0018
3.9980 	 1.5666 	 -2.1466 	 0.1959 	 0.3538 	 -0.4840 	 0.1617 	 -0.0179 	 0.0224 	 -0.0018
4.0080 	 1.5702 	 -2.1515 	 0.1975 	 0.3536 	 -0.4838 	 0.1617 	 -0.0179 	 0.0223 	 -0.0018
4.0180 	 1.5737 	 -2.1563 	 0.1991 	 0.3535 	 -0.4836 	 0.1617 	 -0.0178 	 0.0222 	 -0.0018
4.0281 	 1.5773 	 -2.1612 	 0.2008 	 0.3533 	 -0.4834 	 0.1617 	 -0.0177 	 0.0221 	 -0.0018
4.0381 	 1.5808 	 -2.1660 	 0.2024 	 0.3531 	 -0.4831 	 0.1617 	 -0.0176 	 0.0219 	 -0.0018
4.0481 	 1.5843 	 -2.1709 	 0.2040 	 0.3529 	 -0.4829 	 0.1616 	 -0.0175 	 0.0218 	 -0.0018
4.0581 	 1.5879 	 -2.1757 	 0.2056 	 0.3528 	 -0.4827 	 0.1616 	 -0.0174 	 0.0217 	 -0.0018
4.0681 	 1.5914 	 -2.1805 	 0.2072 	 0.3526 	 -0.4825 	 0.1616 	 -0.0174 	 0.0216 	 -0.0018
4.0782 	 1.5949 	 -2.1854 	 0.2089 	 0.3524 	 -0.4823 	 0.1616 	 -0.0173 	 0.0215 	 -0.0018
4.0882 	 1.5985 	 -2.1902 	 0.2105 	 0.3522 	 -0.4821 	 0.1616 	 -0.0172 	 0.0214 	 -0.0018
4.0982 	 1.6020 	 -2.1950 	 0.2121 	 0.3521 	 -0.4818 	 0.1615 	 -0.0171 	 0.0213 	 -0.0018
4.1082 	 1.6055 	 -2.1999 	 0.2137 	 0.3519 	 -0.4816 	 0.1615 	 -0.0170 	 0.0212 	 -0.0018
4.1182 	 1.6090 	 -2.2047 	 0.2153 	 0.3517 	 -0.4814 	 0.1615 	 -0.0170 	 0.0211 	 -0.0018
4.1283 	 1.6126 	 -2.2095 	 0.2169 	 0.3516 	 -0.4812 	 0.1615 	 -0.0169 	 0.0210 	 -0.0018
4.1383 	 1.6161 	 -2.2143 	 0.2186 	 0.3514 	 -0.4810 	 0.1615 	 -0.0168 	 0.0209 	 -0.0018
4.1483 	 1.6196 	 -2.2191 	 0.2202 	 0.3512 	 -0.4808 	 0.1615 	 -0.0167 	 0.0208 	 -0.0018
4.1583 	 1.6231 	 -2.2240 	 0.2218 	 0.3510 	 -0.4806 	 0.1614 	 -0.0167 	 0.0207 	 -0.0018
4.1683 	 1.6266 	 -2.2288 	 0.2234 	 0.3509 	 -0.4804 	 0.1614 	 -0.0166 	 0.0206 	 -0.0018
4.1784 	 1.6302 	 -2.2336 	 0.2250 	 0.3507 	 -0.4802 	 0.1614 	 -0.0165 	 0.0205 	 -0.0018
4.1884 	 1.6337 	 -2.2384 	 0.2267 	 0.3506 	 -0.4800 	 0.1614 	 -0.0164 	 0.0204 	 -0.0018
4.1984 	 1.6372 	 -2.2432 	 0.2283 	 0.3504 	 -0.4798 	 0.1614 	 -0.0164 	 0.0203 	 -0.0018
4.2084 	 1.6407 	 -2.2480 	 0.2299 	 0.3502 	 -0.4795 	 0.1613 	 -0.0163 	 0.0202 	 -0.0018
4.2184 	 1.6442 	 -2.2528 	 0.2315 	 0.3501 	 -0.4793 	 0.1613 	 -0.0162 	 0.0201 	 -0.0018
4.2285 	 1.6477 	 -2.2576 	 0.2331 	 0.3499 	 -0.4791 	 0.1613 	 -0.0161 	 0.0200 	 -0.0018
4.2385 	 1.6512 	 -2.2624 	 0.2347 	 0.3497 	 -0.4789 	 0.1613 	 -0.0161 	 0.0199 	 -0.0018
4.2485 	 1.6547 	 -2.2672 	 0.2364 	 0.3496 	 -0.4787 	 0.1613 	 -0.0160 	 0.0198 	 -0.0018
4.2585 	 1.6582 	 -2.2720 	 0.2380 	 0.3494 	 -0.4785 	 0.1612 	 -0.0159 	 0.0197 	 -0.0018
4.2685 	 1.6617 	 -2.2768 	 0.2396 	 0.3493 	 -0.4784 	 0.1612 	 -0.0159 	 0.0197 	 -0.0018
4.2786 	 1.6652 	 -2.2816 	 0.2412 	 0.3491 	 -0.4782 	 0.1612 	 -0.0158 	 0.0196 	 -0.0018
4.2886 	 1.6687 	 -2.2864 	 0.2428 	 0.3489 	 -0.4780 	 0.1612 	 -0.0157 	 0.0195 	 -0.0018
4.2986 	 1.6722 	 -2.2912 	 0.2444 	 0.3488 	 -0.4778 	 0.1612 	 -0.0156 	 0.0194 	 -0.0018
4.3086 	 1.6757 	 -2.2960 	 0.2460 	 0.3486 	 -0.4776 	 0.1612 	 -0.0156 	 0.0193 	 -0.0018
4.3186 	 1.6792 	 -2.3007 	 0.2477 	 0.3485 	 -0.4774 	 0.1611 	 -0.0155 	 0.0192 	 -0.0018
4.3287 	 1.6827 	 -2.3055 	 0.2493 	 0.3483 	 -0.4772 	 0.1611 	 -0.0154 	 0.0191 	 -0.0018
4.3387 	 1.6862 	 -2.3103 	 0.2509 	 0.3482 	 -0.4770 	 0.1611 	 -0.0154 	 0.0190 	 -0.0018
4.3487 	 1.6897 	 -2.3151 	 0.2525 	 0.3480 	 -0.4768 	 0.1611 	 -0.0153 	 0.0190 	 -0.0018
4.3587 	 1.6931 	 -2.3199 	 0.2541 	 0.3479 	 -0.4766 	 0.1611 	 -0.0152 	 0.0189 	 -0.0018
4.3687 	 1.6966 	 -2.3246 	 0.2557 	 0.3477 	 -0.4764 	 0.1610 	 -0.0152 	 0.0188 	 -0.0018
4.3788 	 1.7001 	 -2.3294 	 0.2573 	 0.3476 	 -0.4762 	 0.1610 	 -0.0151 	 0.0187 	 -0.0018
4.3888 	 1.7036 	 -2.3342 	 0.2590 	 0.3474 	 -0.4761 	 0.1610 	 -0.0150 	 0.0186 	 -0.0018
4.3988 	 1.7071 	 -2.3390 	 0.2606 	 0.3472 	 -0.4759 	 0.1610 	 -0.0150 	 0.0185 	 -0.0018
4.4088 	 1.7106 	 -2.3437 	 0.2622 	 0.3471 	 -0.4757 	 0.1610 	 -0.0149 	 0.0185 	 -0.0018
4.4188 	 1.7140 	 -2.3485 	 0.2638 	 0.3469 	 -0.4755 	 0.1610 	 -0.0149 	 0.0184 	 -0.0018
4.4289 	 1.7175 	 -2.3533 	 0.2654 	 0.3468 	 -0.4753 	 0.1609 	 -0.0148 	 0.0183 	 -0.0018
4.4389 	 1.7210 	 -2.3580 	 0.2670 	 0.3467 	 -0.4751 	 0.1609 	 -0.0147 	 0.0182 	 -0.0018
4.4489 	 1.7245 	 -2.3628 	 0.2686 	 0.3465 	 -0.4749 	 0.1609 	 -0.0147 	 0.0181 	 -0.0018
4.4589 	 1.7279 	 -2.3675 	 0.2702 	 0.3464 	 -0.4748 	 0.1609 	 -0.0146 	 0.0180 	 -0.0018
4.4689 	 1.7314 	 -2.3723 	 0.2719 	 0.3462 	 -0.4746 	 0.1609 	 -0.0145 	 0.0180 	 -0.0018
4.4790 	 1.7349 	 -2.3770 	 0.2735 	 0.3461 	 -0.4744 	 0.1609 	 -0.0145 	 0.0179 	 -0.0018
4.4890 	 1.7383 	 -2.3818 	 0.2751 	 0.3459 	 -0.4742 	 0.1608 	 -0.0144 	 0.0178 	 -0.0018
4.4990 	 1.7418 	 -2.3865 	 0.2767 	 0.3458 	 -0.4740 	 0.1608 	 -0.0144 	 0.0177 	 -0.0018
4.5090 	 1.7453 	 -2.3913 	 0.2783 	 0.3456 	 -0.4739 	 0.1608 	 -0.0143 	 0.0177 	 -0.0018
4.5190 	 1.7487 	 -2.3960 	 0.2799 	 0.3455 	 -0.4737 	 0.1608 	 -0.0142 	 0.0176 	 -0.0018
4.5291 	 1.7522 	 -2.4008 	 0.2815 	 0.3453 	 -0.4735 	 0.1608 	 -0.0142 	 0.0175 	 -0.0018
4.5391 	 1.7556 	 -2.4055 	 0.2831 	 0.3452 	 -0.4733 	 0.1607 	 -0.0141 	 0.0174 	 -0.0017
4.5491 	 1.7591 	 -2.4103 	 0.2847 	 0.3451 	 -0.4732 	 0.1607 	 -0.0141 	 0.0174 	 -0.0017
4.5591 	 1.7626 	 -2.4150 	 0.2864 	 0.3449 	 -0.4730 	 0.1607 	 -0.0140 	 0.0173 	 -0.0017
4.5691 	 1.7660 	 -2.4198 	 0.2880 	 0.3448 	 -0.4728 	 0.1607 	 -0.0140 	 0.0172 	 -0.0017
4.5792 	 1.7695 	 -2.4245 	 0.2896 	 0.3446 	 -0.4727 	 0.1607 	 -0.0139 	 0.0171 	 -0.0017
4.5892 	 1.7729 	 -2.4292 	 0.2912 	 0.3445 	 -0.4725 	 0.1607 	 -0.0138 	 0.0171 	 -0.0017
4.5992 	 1.7764 	 -2.4340 	 0.2928 	 0.3444 	 -0.4723 	 0.1606 	 -0.0138 	 0.0170 	 -0.0017
4.6092 	 1.7798 	 -2.4387 	 0.2944 	 0.3442 	 -0.4721 	 0.1606 	 -0.0137 	 0.0169 	 -0.0017
4.6192 	 1.7833 	 -2.4434 	 0.2960 	 0.3441 	 -0.4720 	 0.1606 	 -0.0137 	 0.0169 	 -0.0017
4.6293 	 1.7867 	 -2.4481 	 0.2976 	 0.3440 	 -0.4718 	 0.1606 	 -0.0136 	 0.0168 	 -0.0017
4.6393 	 1.7902 	 -2.4529 	 0.2992 	 0.3438 	 -0.4716 	 0.1606 	 -0.0136 	 0.0167 	 -0.0017
4.6493 	 1.7936 	 -2.4576 	 0.3008 	 0.3437 	 -0.4715 	 0.1606 	 -0.0135 	 0.0167 	 -0.0017
4.6593 	 1.7971 	 -2.4623 	 0.3025 	 0.3435 	 -0.4713 	 0.1605 	 -0.0135 	 0.0166 	 -0.0017
4.6693 	 1.8005 	 -2.4670 	 0.3041 	 0.3434 	 -0.4711 	 0.1605 	 -0.0134 	 0.0165 	 -0.0017
4.6794 	 1.8039 	 -2.4718 	 0.3057 	 0.3433 	 -0.4710 	 0.1605 	 -0.0133 	 0.0164 	 -0.0017
4.6894 	 1.8074 	 -2.4765 	 0.3073 	 0.3431 	 -0.4708 	 0.1605 	 -0.0133 	 0.0164 	 -0.0017
4.6994 	 1.8108 	 -2.4812 	 0.3089 	 0.3430 	 -0.4706 	 0.1605 	 -0.0132 	 0.0163 	 -0.0017
4.7094 	 1.8142 	 -2.4859 	 0.3105 	 0.3429 	 -0.4705 	 0.1605 	 -0.0132 	 0.0162 	 -0.0017
4.7194 	 1.8177 	 -2.4906 	 0.3121 	 0.3428 	 -0.4703 	 0.1604 	 -0.0131 	 0.0162 	 -0.0017
4.7295 	 1.8211 	 -2.4953 	 0.3137 	 0.3426 	 -0.4702 	 0.1604 	 -0.0131 	 0.0161 	 -0.0017
4.7395 	 1.8246 	 -2.5000 	 0.3153 	 0.3425 	 -0.4700 	 0.1604 	 -0.0130 	 0.0161 	 -0.0017
4.7495 	 1.8280 	 -2.5048 	 0.3169 	 0.3424 	 -0.4698 	 0.1604 	 -0.0130 	 0.0160 	 -0.0017
4.7595 	 1.8314 	 -2.5095 	 0.3185 	 0.3422 	 -0.4697 	 0.1604 	 -0.0129 	 0.0159 	 -0.0017
4.7695 	 1.8348 	 -2.5142 	 0.3201 	 0.3421 	 -0.4695 	 0.1604 	 -0.0129 	 0.0159 	 -0.0017
4.7796 	 1.8383 	 -2.5189 	 0.3217 	 0.3420 	 -0.4694 	 0.1603 	 -0.0128 	 0.0158 	 -0.0017
4.7896 	 1.8417 	 -2.5236 	 0.3234 	 0.3418 	 -0.4692 	 0.1603 	 -0.0128 	 0.0157 	 -0.0017
4.7996 	 1.8451 	 -2.5283 	 0.3250 	 0.3417 	 -0.4690 	 0.1603 	 -0.0127 	 0.0157 	 -0.0017
4.8096 	 1.8485 	 -2.5330 	 0.3266 	 0.3416 	 -0.4689 	 0.1603 	 -0.0127 	 0.0156 	 -0.0017
4.8196 	 1.8520 	 -2.5377 	 0.3282 	 0.3415 	 -0.4687 	 0.1603 	 -0.0126 	 0.0156 	 -0.0016
4.8297 	 1.8554 	 -2.5424 	 0.3298 	 0.3413 	 -0.4686 	 0.1603 	 -0.0126 	 0.0155 	 -0.0016
4.8397 	 1.8588 	 -2.5471 	 0.3314 	 0.3412 	 -0.4684 	 0.1602 	 -0.0125 	 0.0154 	 -0.0016
4.8497 	 1.8622 	 -2.5518 	 0.3330 	 0.3411 	 -0.4683 	 0.1602 	 -0.0125 	 0.0154 	 -0.0016
4.8597 	 1.8656 	 -2.5564 	 0.3346 	 0.3410 	 -0.4681 	 0.1602 	 -0.0124 	 0.0153 	 -0.0016
4.8697 	 1.8691 	 -2.5611 	 0.3362 	 0.3408 	 -0.4680 	 0.1602 	 -0.0124 	 0.0153 	 -0.0016
4.8798 	 1.8725 	 -2.5658 	 0.3378 	 0.3407 	 -0.4678 	 0.1602 	 -0.0123 	 0.0152 	 -0.0016
4.8898 	 1.8759 	 -2.5705 	 0.3394 	 0.3406 	 -0.4676 	 0.1602 	 -0.0123 	 0.0151 	 -0.0016
4.8998 	 1.8793 	 -2.5752 	 0.3410 	 0.3405 	 -0.4675 	 0.1601 	 -0.0122 	 0.0151 	 -0.0016
4.9098 	 1.8827 	 -2.5799 	 0.3426 	 0.3403 	 -0.4673 	 0.1601 	 -0.0122 	 0.0150 	 -0.0016
4.9198 	 1.8861 	 -2.5846 	 0.3442 	 0.3402 	 -0.4672 	 0.1601 	 -0.0122 	 0.0150 	 -0.0016
4.9299 	 1.8895 	 -2.5892 	 0.3458 	 0.3401 	 -0.4670 	 0.1601 	 -0.0121 	 0.0149 	 -0.0016
4.9399 	 1.8929 	 -2.5939 	 0.3474 	 0.3400 	 -0.4669 	 0.1601 	 -0.0121 	 0.0148 	 -0.0016
4.9499 	 1.8963 	 -2.5986 	 0.3490 	 0.3399 	 -0.4667 	 0.1601 	 -0.0120 	 0.0148 	 -0.0016
4.9599 	 1.8997 	 -2.6033 	 0.3506 	 0.3397 	 -0.4666 	 0.1600 	 -0.0120 	 0.0147 	 -0.0016
4.9699 	 1.9031 	 -2.6080 	 0.3522 	 0.3396 	 -0.4665 	 0.1600 	 -0.0119 	 0.0147 	 -0.0016
4.9800 	 1.9065 	 -2.6126 	 0.3538 	 0.3395 	 -0.4663 	 0.1600 	 -0.0119 	 0.0146 	 -0.0016
4.9900 	 1.9099 	 -2.6173 	 0.3554 	 0.3394 	 -0.4662 	 0.1600 	 -0.0118 	 0.0146 	 -0.0016
