100-Body Run with i = 75 th particle. (Units in pc,M_solar,Myr, km s-1) 

time		 x 		 y 		 z 		 xdot 		 ydot 		 zdot 		 xddot 		 yddot 		 zddot
0.0000 	 0.1239 	 -0.0657 	 -2.0759 	 -0.0086 	 -0.0178 	 -0.0044 	 -0.0339 	 -0.0238 	 0.1744
0.0100 	 0.1239 	 -0.0659 	 -2.0760 	 -0.0089 	 -0.0181 	 -0.0027 	 -0.0340 	 -0.0239 	 0.1746
0.0200 	 0.1238 	 -0.0661 	 -2.0760 	 -0.0093 	 -0.0183 	 -0.0009 	 -0.0341 	 -0.0240 	 0.1747
0.0301 	 0.1237 	 -0.0663 	 -2.0760 	 -0.0096 	 -0.0186 	 0.0008 	 -0.0342 	 -0.0241 	 0.1749
0.0401 	 0.1236 	 -0.0664 	 -2.0760 	 -0.0099 	 -0.0188 	 0.0026 	 -0.0346 	 -0.0243 	 0.1750
0.0501 	 0.1235 	 -0.0666 	 -2.0759 	 -0.0103 	 -0.0190 	 0.0043 	 -0.0351 	 -0.0245 	 0.1739
0.0601 	 0.1234 	 -0.0668 	 -2.0759 	 -0.0106 	 -0.0193 	 0.0061 	 -0.0347 	 -0.0246 	 0.1735
0.0701 	 0.1233 	 -0.0670 	 -2.0758 	 -0.0110 	 -0.0195 	 0.0078 	 -0.0345 	 -0.0247 	 0.1737
0.0802 	 0.1231 	 -0.0672 	 -2.0757 	 -0.0113 	 -0.0198 	 0.0096 	 -0.0343 	 -0.0248 	 0.1741
0.0902 	 0.1230 	 -0.0674 	 -2.0756 	 -0.0117 	 -0.0200 	 0.0113 	 -0.0341 	 -0.0249 	 0.1746
0.1002 	 0.1229 	 -0.0676 	 -2.0755 	 -0.0120 	 -0.0203 	 0.0131 	 -0.0339 	 -0.0251 	 0.1750
0.1102 	 0.1228 	 -0.0678 	 -2.0754 	 -0.0124 	 -0.0205 	 0.0148 	 -0.0336 	 -0.0253 	 0.1755
0.1202 	 0.1227 	 -0.0680 	 -2.0752 	 -0.0127 	 -0.0208 	 0.0166 	 -0.0333 	 -0.0254 	 0.1759
0.1303 	 0.1225 	 -0.0682 	 -2.0750 	 -0.0130 	 -0.0210 	 0.0183 	 -0.0330 	 -0.0256 	 0.1762
0.1403 	 0.1224 	 -0.0685 	 -2.0748 	 -0.0134 	 -0.0213 	 0.0201 	 -0.0327 	 -0.0259 	 0.1764
0.1503 	 0.1223 	 -0.0687 	 -2.0746 	 -0.0137 	 -0.0216 	 0.0219 	 -0.0325 	 -0.0261 	 0.1765
0.1603 	 0.1221 	 -0.0689 	 -2.0744 	 -0.0140 	 -0.0218 	 0.0236 	 -0.0324 	 -0.0264 	 0.1764
0.1703 	 0.1220 	 -0.0691 	 -2.0742 	 -0.0143 	 -0.0221 	 0.0254 	 -0.0326 	 -0.0265 	 0.1761
0.1804 	 0.1218 	 -0.0693 	 -2.0739 	 -0.0147 	 -0.0224 	 0.0272 	 -0.0330 	 -0.0267 	 0.1756
0.1904 	 0.1217 	 -0.0696 	 -2.0736 	 -0.0150 	 -0.0226 	 0.0289 	 -0.0338 	 -0.0270 	 0.1753
0.2004 	 0.1215 	 -0.0698 	 -2.0733 	 -0.0153 	 -0.0229 	 0.0307 	 -0.0347 	 -0.0273 	 0.1751
0.2104 	 0.1214 	 -0.0700 	 -2.0730 	 -0.0157 	 -0.0232 	 0.0324 	 -0.0358 	 -0.0277 	 0.1750
0.2204 	 0.1212 	 -0.0702 	 -2.0727 	 -0.0161 	 -0.0235 	 0.0342 	 -0.0369 	 -0.0281 	 0.1750
0.2305 	 0.1211 	 -0.0705 	 -2.0723 	 -0.0164 	 -0.0237 	 0.0359 	 -0.0381 	 -0.0285 	 0.1751
0.2405 	 0.1209 	 -0.0707 	 -2.0719 	 -0.0168 	 -0.0240 	 0.0377 	 -0.0393 	 -0.0289 	 0.1752
0.2505 	 0.1207 	 -0.0710 	 -2.0716 	 -0.0172 	 -0.0243 	 0.0395 	 -0.0403 	 -0.0292 	 0.1752
0.2605 	 0.1206 	 -0.0712 	 -2.0711 	 -0.0176 	 -0.0246 	 0.0412 	 -0.0412 	 -0.0295 	 0.1751
0.2705 	 0.1204 	 -0.0715 	 -2.0707 	 -0.0180 	 -0.0249 	 0.0430 	 -0.0420 	 -0.0297 	 0.1750
0.2806 	 0.1202 	 -0.0717 	 -2.0703 	 -0.0185 	 -0.0252 	 0.0447 	 -0.0426 	 -0.0299 	 0.1749
0.2906 	 0.1200 	 -0.0720 	 -2.0698 	 -0.0189 	 -0.0255 	 0.0465 	 -0.0431 	 -0.0300 	 0.1748
0.3006 	 0.1198 	 -0.0722 	 -2.0694 	 -0.0193 	 -0.0258 	 0.0482 	 -0.0434 	 -0.0300 	 0.1748
0.3106 	 0.1196 	 -0.0725 	 -2.0689 	 -0.0198 	 -0.0261 	 0.0500 	 -0.0437 	 -0.0299 	 0.1749
0.3206 	 0.1194 	 -0.0727 	 -2.0684 	 -0.0202 	 -0.0264 	 0.0517 	 -0.0439 	 -0.0298 	 0.1751
0.3307 	 0.1192 	 -0.0730 	 -2.0678 	 -0.0207 	 -0.0267 	 0.0535 	 -0.0441 	 -0.0297 	 0.1754
0.3407 	 0.1190 	 -0.0733 	 -2.0673 	 -0.0211 	 -0.0270 	 0.0552 	 -0.0444 	 -0.0297 	 0.1757
0.3507 	 0.1188 	 -0.0735 	 -2.0667 	 -0.0215 	 -0.0273 	 0.0570 	 -0.0446 	 -0.0296 	 0.1762
0.3607 	 0.1186 	 -0.0738 	 -2.0661 	 -0.0220 	 -0.0276 	 0.0588 	 -0.0449 	 -0.0295 	 0.1767
0.3707 	 0.1183 	 -0.0741 	 -2.0655 	 -0.0224 	 -0.0279 	 0.0605 	 -0.0453 	 -0.0294 	 0.1772
0.3808 	 0.1181 	 -0.0744 	 -2.0649 	 -0.0229 	 -0.0282 	 0.0623 	 -0.0456 	 -0.0294 	 0.1778
0.3908 	 0.1179 	 -0.0747 	 -2.0643 	 -0.0234 	 -0.0285 	 0.0641 	 -0.0461 	 -0.0294 	 0.1783
0.4008 	 0.1176 	 -0.0750 	 -2.0636 	 -0.0238 	 -0.0288 	 0.0659 	 -0.0465 	 -0.0294 	 0.1789
0.4108 	 0.1174 	 -0.0752 	 -2.0630 	 -0.0243 	 -0.0291 	 0.0677 	 -0.0470 	 -0.0294 	 0.1794
0.4208 	 0.1172 	 -0.0755 	 -2.0623 	 -0.0248 	 -0.0294 	 0.0695 	 -0.0476 	 -0.0294 	 0.1800
0.4309 	 0.1169 	 -0.0758 	 -2.0616 	 -0.0252 	 -0.0297 	 0.0713 	 -0.0481 	 -0.0294 	 0.1805
0.4409 	 0.1167 	 -0.0761 	 -2.0609 	 -0.0257 	 -0.0300 	 0.0731 	 -0.0487 	 -0.0295 	 0.1810
0.4509 	 0.1164 	 -0.0764 	 -2.0601 	 -0.0262 	 -0.0302 	 0.0749 	 -0.0493 	 -0.0296 	 0.1815
0.4609 	 0.1161 	 -0.0767 	 -2.0594 	 -0.0267 	 -0.0305 	 0.0768 	 -0.0499 	 -0.0297 	 0.1819
0.4709 	 0.1159 	 -0.0770 	 -2.0586 	 -0.0272 	 -0.0308 	 0.0786 	 -0.0504 	 -0.0299 	 0.1824
0.4810 	 0.1156 	 -0.0774 	 -2.0578 	 -0.0277 	 -0.0311 	 0.0804 	 -0.0510 	 -0.0300 	 0.1828
0.4910 	 0.1153 	 -0.0777 	 -2.0570 	 -0.0282 	 -0.0314 	 0.0822 	 -0.0515 	 -0.0303 	 0.1832
0.5010 	 0.1150 	 -0.0780 	 -2.0561 	 -0.0288 	 -0.0318 	 0.0841 	 -0.0520 	 -0.0305 	 0.1836
0.5110 	 0.1147 	 -0.0783 	 -2.0553 	 -0.0293 	 -0.0321 	 0.0859 	 -0.0526 	 -0.0310 	 0.1829
0.5210 	 0.1144 	 -0.0786 	 -2.0544 	 -0.0298 	 -0.0324 	 0.0877 	 -0.0530 	 -0.0313 	 0.1829
0.5311 	 0.1141 	 -0.0790 	 -2.0535 	 -0.0303 	 -0.0327 	 0.0896 	 -0.0534 	 -0.0317 	 0.1834
0.5411 	 0.1138 	 -0.0793 	 -2.0526 	 -0.0309 	 -0.0330 	 0.0914 	 -0.0538 	 -0.0321 	 0.1839
0.5511 	 0.1135 	 -0.0796 	 -2.0517 	 -0.0314 	 -0.0333 	 0.0933 	 -0.0542 	 -0.0326 	 0.1844
0.5611 	 0.1132 	 -0.0800 	 -2.0507 	 -0.0320 	 -0.0337 	 0.0951 	 -0.0546 	 -0.0331 	 0.1850
0.5711 	 0.1129 	 -0.0803 	 -2.0498 	 -0.0325 	 -0.0340 	 0.0970 	 -0.0550 	 -0.0336 	 0.1857
0.5812 	 0.1125 	 -0.0806 	 -2.0488 	 -0.0331 	 -0.0343 	 0.0988 	 -0.0553 	 -0.0342 	 0.1865
0.5912 	 0.1122 	 -0.0810 	 -2.0478 	 -0.0336 	 -0.0347 	 0.1007 	 -0.0557 	 -0.0349 	 0.1873
0.6012 	 0.1119 	 -0.0813 	 -2.0468 	 -0.0342 	 -0.0350 	 0.1026 	 -0.0560 	 -0.0355 	 0.1881
0.6112 	 0.1115 	 -0.0817 	 -2.0457 	 -0.0347 	 -0.0354 	 0.1045 	 -0.0564 	 -0.0362 	 0.1891
0.6212 	 0.1112 	 -0.0820 	 -2.0447 	 -0.0353 	 -0.0358 	 0.1064 	 -0.0568 	 -0.0369 	 0.1901
0.6313 	 0.1108 	 -0.0824 	 -2.0436 	 -0.0359 	 -0.0361 	 0.1083 	 -0.0573 	 -0.0376 	 0.1912
0.6413 	 0.1105 	 -0.0828 	 -2.0425 	 -0.0365 	 -0.0365 	 0.1102 	 -0.0577 	 -0.0383 	 0.1924
0.6513 	 0.1101 	 -0.0831 	 -2.0414 	 -0.0370 	 -0.0369 	 0.1122 	 -0.0582 	 -0.0391 	 0.1936
0.6613 	 0.1097 	 -0.0835 	 -2.0403 	 -0.0376 	 -0.0373 	 0.1141 	 -0.0587 	 -0.0399 	 0.1949
0.6713 	 0.1093 	 -0.0839 	 -2.0391 	 -0.0382 	 -0.0377 	 0.1161 	 -0.0593 	 -0.0407 	 0.1963
0.6814 	 0.1089 	 -0.0843 	 -2.0379 	 -0.0388 	 -0.0381 	 0.1180 	 -0.0599 	 -0.0415 	 0.1977
0.6914 	 0.1086 	 -0.0846 	 -2.0368 	 -0.0394 	 -0.0385 	 0.1200 	 -0.0606 	 -0.0424 	 0.1989
0.7014 	 0.1082 	 -0.0850 	 -2.0355 	 -0.0400 	 -0.0390 	 0.1220 	 -0.0613 	 -0.0434 	 0.2002
0.7114 	 0.1078 	 -0.0854 	 -2.0343 	 -0.0406 	 -0.0394 	 0.1240 	 -0.0620 	 -0.0444 	 0.2017
0.7214 	 0.1073 	 -0.0858 	 -2.0331 	 -0.0413 	 -0.0398 	 0.1261 	 -0.0628 	 -0.0454 	 0.2034
0.7315 	 0.1069 	 -0.0862 	 -2.0318 	 -0.0419 	 -0.0403 	 0.1281 	 -0.0636 	 -0.0464 	 0.2053
0.7415 	 0.1065 	 -0.0866 	 -2.0305 	 -0.0425 	 -0.0408 	 0.1302 	 -0.0645 	 -0.0475 	 0.2072
0.7515 	 0.1061 	 -0.0870 	 -2.0292 	 -0.0432 	 -0.0413 	 0.1323 	 -0.0654 	 -0.0486 	 0.2093
0.7615 	 0.1056 	 -0.0875 	 -2.0278 	 -0.0439 	 -0.0418 	 0.1344 	 -0.0664 	 -0.0498 	 0.2115
0.7715 	 0.1052 	 -0.0879 	 -2.0265 	 -0.0445 	 -0.0423 	 0.1365 	 -0.0674 	 -0.0510 	 0.2138
0.7816 	 0.1047 	 -0.0883 	 -2.0251 	 -0.0452 	 -0.0428 	 0.1387 	 -0.0685 	 -0.0523 	 0.2163
0.7916 	 0.1043 	 -0.0887 	 -2.0237 	 -0.0459 	 -0.0433 	 0.1408 	 -0.0696 	 -0.0537 	 0.2188
0.8016 	 0.1038 	 -0.0892 	 -2.0223 	 -0.0466 	 -0.0439 	 0.1430 	 -0.0708 	 -0.0552 	 0.2215
0.8116 	 0.1034 	 -0.0896 	 -2.0208 	 -0.0473 	 -0.0444 	 0.1453 	 -0.0721 	 -0.0567 	 0.2242
0.8216 	 0.1029 	 -0.0901 	 -2.0194 	 -0.0481 	 -0.0450 	 0.1475 	 -0.0734 	 -0.0583 	 0.2271
0.8317 	 0.1024 	 -0.0905 	 -2.0179 	 -0.0488 	 -0.0456 	 0.1498 	 -0.0748 	 -0.0601 	 0.2302
0.8417 	 0.1019 	 -0.0910 	 -2.0164 	 -0.0496 	 -0.0462 	 0.1521 	 -0.0763 	 -0.0619 	 0.2333
0.8517 	 0.1014 	 -0.0914 	 -2.0148 	 -0.0503 	 -0.0468 	 0.1545 	 -0.0778 	 -0.0639 	 0.2366
0.8617 	 0.1009 	 -0.0919 	 -2.0133 	 -0.0511 	 -0.0475 	 0.1569 	 -0.0794 	 -0.0660 	 0.2400
0.8717 	 0.1004 	 -0.0924 	 -2.0117 	 -0.0519 	 -0.0481 	 0.1593 	 -0.0811 	 -0.0682 	 0.2435
0.8818 	 0.0998 	 -0.0929 	 -2.0101 	 -0.0527 	 -0.0488 	 0.1618 	 -0.0829 	 -0.0705 	 0.2472
0.8918 	 0.0993 	 -0.0934 	 -2.0084 	 -0.0536 	 -0.0496 	 0.1643 	 -0.0849 	 -0.0728 	 0.2510
0.9018 	 0.0988 	 -0.0939 	 -2.0068 	 -0.0544 	 -0.0503 	 0.1668 	 -0.0870 	 -0.0753 	 0.2549
0.9118 	 0.0982 	 -0.0944 	 -2.0051 	 -0.0553 	 -0.0511 	 0.1694 	 -0.0893 	 -0.0778 	 0.2589
0.9218 	 0.0977 	 -0.0949 	 -2.0034 	 -0.0562 	 -0.0519 	 0.1720 	 -0.0917 	 -0.0804 	 0.2632
0.9319 	 0.0971 	 -0.0954 	 -2.0017 	 -0.0572 	 -0.0527 	 0.1747 	 -0.0944 	 -0.0830 	 0.2677
0.9419 	 0.0965 	 -0.0959 	 -1.9999 	 -0.0581 	 -0.0535 	 0.1774 	 -0.0973 	 -0.0856 	 0.2725
0.9519 	 0.0959 	 -0.0965 	 -1.9981 	 -0.0591 	 -0.0544 	 0.1801 	 -0.1005 	 -0.0884 	 0.2777
0.9619 	 0.0953 	 -0.0970 	 -1.9963 	 -0.0601 	 -0.0553 	 0.1829 	 -0.1039 	 -0.0912 	 0.2832
0.9719 	 0.0947 	 -0.0976 	 -1.9944 	 -0.0612 	 -0.0562 	 0.1858 	 -0.1077 	 -0.0941 	 0.2893
0.9820 	 0.0941 	 -0.0982 	 -1.9926 	 -0.0623 	 -0.0572 	 0.1887 	 -0.1117 	 -0.0971 	 0.2958
0.9920 	 0.0935 	 -0.0987 	 -1.9906 	 -0.0634 	 -0.0582 	 0.1917 	 -0.1161 	 -0.1004 	 0.3030
1.0020 	 0.0928 	 -0.0993 	 -1.9887 	 -0.0646 	 -0.0592 	 0.1948 	 -0.1209 	 -0.1039 	 0.3108
1.0120 	 0.0922 	 -0.0999 	 -1.9867 	 -0.0659 	 -0.0603 	 0.1980 	 -0.1261 	 -0.1076 	 0.3194
1.0220 	 0.0915 	 -0.1005 	 -1.9847 	 -0.0672 	 -0.0613 	 0.2012 	 -0.1317 	 -0.1118 	 0.3288
1.0321 	 0.0908 	 -0.1012 	 -1.9827 	 -0.0685 	 -0.0625 	 0.2045 	 -0.1378 	 -0.1163 	 0.3391
1.0421 	 0.0901 	 -0.1018 	 -1.9806 	 -0.0699 	 -0.0637 	 0.2080 	 -0.1445 	 -0.1212 	 0.3504
1.0521 	 0.0894 	 -0.1024 	 -1.9785 	 -0.0714 	 -0.0649 	 0.2116 	 -0.1518 	 -0.1267 	 0.3629
1.0621 	 0.0887 	 -0.1031 	 -1.9764 	 -0.0730 	 -0.0662 	 0.2153 	 -0.1599 	 -0.1327 	 0.3767
1.0721 	 0.0880 	 -0.1038 	 -1.9742 	 -0.0746 	 -0.0676 	 0.2191 	 -0.1688 	 -0.1394 	 0.3919
1.0822 	 0.0872 	 -0.1044 	 -1.9720 	 -0.0763 	 -0.0690 	 0.2231 	 -0.1788 	 -0.1469 	 0.4089
1.0922 	 0.0864 	 -0.1051 	 -1.9698 	 -0.0782 	 -0.0705 	 0.2273 	 -0.1899 	 -0.1552 	 0.4279
1.1022 	 0.0856 	 -0.1059 	 -1.9675 	 -0.0802 	 -0.0721 	 0.2317 	 -0.2025 	 -0.1647 	 0.4492
1.1122 	 0.0848 	 -0.1066 	 -1.9651 	 -0.0823 	 -0.0738 	 0.2363 	 -0.2166 	 -0.1753 	 0.4732
1.1222 	 0.0840 	 -0.1073 	 -1.9627 	 -0.0845 	 -0.0756 	 0.2412 	 -0.2328 	 -0.1874 	 0.5005
1.1323 	 0.0831 	 -0.1081 	 -1.9603 	 -0.0869 	 -0.0776 	 0.2464 	 -0.2513 	 -0.2013 	 0.5319
1.1423 	 0.0823 	 -0.1089 	 -1.9578 	 -0.0896 	 -0.0797 	 0.2519 	 -0.2728 	 -0.2174 	 0.5681
1.1523 	 0.0813 	 -0.1097 	 -1.9552 	 -0.0924 	 -0.0820 	 0.2578 	 -0.2979 	 -0.2361 	 0.6106
1.1623 	 0.0804 	 -0.1105 	 -1.9526 	 -0.0955 	 -0.0844 	 0.2641 	 -0.3277 	 -0.2582 	 0.6608
1.1723 	 0.0794 	 -0.1114 	 -1.9499 	 -0.0990 	 -0.0871 	 0.2711 	 -0.3637 	 -0.2845 	 0.7211
1.1824 	 0.0784 	 -0.1123 	 -1.9472 	 -0.1029 	 -0.0902 	 0.2786 	 -0.4078 	 -0.3164 	 0.7946
1.1924 	 0.0774 	 -0.1132 	 -1.9443 	 -0.1072 	 -0.0935 	 0.2870 	 -0.4629 	 -0.3559 	 0.8861
1.2024 	 0.0763 	 -0.1142 	 -1.9414 	 -0.1122 	 -0.0973 	 0.2965 	 -0.5336 	 -0.4055 	 1.0023
1.2124 	 0.0751 	 -0.1152 	 -1.9384 	 -0.1180 	 -0.1017 	 0.3073 	 -0.6269 	 -0.4699 	 1.1545
1.2224 	 0.0739 	 -0.1162 	 -1.9352 	 -0.1249 	 -0.1068 	 0.3198 	 -0.7550 	 -0.5562 	 1.3609
1.2325 	 0.0726 	 -0.1173 	 -1.9320 	 -0.1333 	 -0.1130 	 0.3348 	 -0.9396 	 -0.6772 	 1.6547
1.2425 	 0.0712 	 -0.1185 	 -1.9285 	 -0.1440 	 -0.1206 	 0.3535 	 -1.2245 	 -0.8574 	 2.1010
1.2525 	 0.0697 	 -0.1197 	 -1.9248 	 -0.1585 	 -0.1305 	 0.3779 	 -1.7111 	 -1.1510 	 2.8478
1.2625 	 0.0680 	 -0.1211 	 -1.9209 	 -0.1799 	 -0.1445 	 0.4128 	 -2.6894 	 -1.7031 	 4.3077
1.2725 	 0.0660 	 -0.1227 	 -1.9164 	 -0.2175 	 -0.1671 	 0.4714 	 -5.3975 	 -3.0704 	 8.1752
1.2826 	 0.0631 	 -0.1247 	 -1.9107 	 -0.3300 	 -0.2213 	 0.6303 	 -28.0436 	 -11.7936 	 37.5967
1.2926 	 0.0534 	 -0.1195 	 -1.9068 	 -1.4705 	 0.4731 	 0.8933 	 9.0695 	 -8.6905 	 1.4230
1.3026 	 0.0388 	 -0.1148 	 -1.8978 	 -1.4310 	 0.4435 	 0.8911 	 1.5137 	 -0.7955 	 -0.3838
1.3126 	 0.0245 	 -0.1104 	 -1.8889 	 -1.4218 	 0.4391 	 0.8888 	 0.5472 	 -0.2403 	 -0.1243
1.3226 	 0.0103 	 -0.1060 	 -1.8800 	 -1.4180 	 0.4374 	 0.8881 	 0.2748 	 -0.1097 	 -0.0221
1.3327 	 -0.0039 	 -0.1016 	 -1.8711 	 -1.4158 	 0.4366 	 0.8882 	 0.1629 	 -0.0607 	 0.0260
1.3427 	 -0.0181 	 -0.0973 	 -1.8622 	 -1.4145 	 0.4361 	 0.8886 	 0.1066 	 -0.0374 	 0.0525
1.3527 	 -0.0323 	 -0.0929 	 -1.8533 	 -1.4136 	 0.4358 	 0.8892 	 0.0745 	 -0.0246 	 0.0690
1.3627 	 -0.0464 	 -0.0885 	 -1.8444 	 -1.4130 	 0.4356 	 0.8899 	 0.0546 	 -0.0168 	 0.0801
1.3727 	 -0.0606 	 -0.0842 	 -1.8355 	 -1.4125 	 0.4355 	 0.8908 	 0.0414 	 -0.0117 	 0.0881
1.3828 	 -0.0747 	 -0.0798 	 -1.8265 	 -1.4121 	 0.4354 	 0.8917 	 0.0324 	 -0.0083 	 0.0943
1.3928 	 -0.0889 	 -0.0754 	 -1.8176 	 -1.4118 	 0.4353 	 0.8927 	 0.0260 	 -0.0058 	 0.0993
1.4028 	 -0.1030 	 -0.0711 	 -1.8086 	 -1.4116 	 0.4353 	 0.8937 	 0.0213 	 -0.0039 	 0.1035
1.4128 	 -0.1172 	 -0.0667 	 -1.7997 	 -1.4114 	 0.4352 	 0.8947 	 0.0179 	 -0.0025 	 0.1071
1.4228 	 -0.1313 	 -0.0623 	 -1.7907 	 -1.4112 	 0.4352 	 0.8958 	 0.0153 	 -0.0014 	 0.1104
1.4329 	 -0.1454 	 -0.0580 	 -1.7817 	 -1.4111 	 0.4352 	 0.8970 	 0.0132 	 -0.0004 	 0.1133
1.4429 	 -0.1596 	 -0.0536 	 -1.7727 	 -1.4110 	 0.4352 	 0.8981 	 0.0117 	 0.0003 	 0.1160
1.4529 	 -0.1737 	 -0.0493 	 -1.7637 	 -1.4109 	 0.4352 	 0.8993 	 0.0104 	 0.0010 	 0.1186
1.4629 	 -0.1879 	 -0.0449 	 -1.7547 	 -1.4108 	 0.4352 	 0.9005 	 0.0094 	 0.0017 	 0.1211
1.4729 	 -0.2020 	 -0.0405 	 -1.7457 	 -1.4107 	 0.4353 	 0.9017 	 0.0085 	 0.0022 	 0.1234
1.4830 	 -0.2161 	 -0.0362 	 -1.7366 	 -1.4106 	 0.4353 	 0.9030 	 0.0076 	 0.0028 	 0.1256
1.4930 	 -0.2303 	 -0.0318 	 -1.7276 	 -1.4105 	 0.4353 	 0.9042 	 0.0067 	 0.0034 	 0.1278
1.5030 	 -0.2444 	 -0.0275 	 -1.7185 	 -1.4105 	 0.4354 	 0.9055 	 0.0058 	 0.0041 	 0.1298
1.5130 	 -0.2585 	 -0.0231 	 -1.7094 	 -1.4104 	 0.4354 	 0.9068 	 0.0047 	 0.0048 	 0.1316
1.5230 	 -0.2727 	 -0.0187 	 -1.7003 	 -1.4104 	 0.4355 	 0.9082 	 0.0033 	 0.0056 	 0.1333
1.5331 	 -0.2868 	 -0.0144 	 -1.6912 	 -1.4103 	 0.4355 	 0.9095 	 0.0016 	 0.0065 	 0.1347
1.5431 	 -0.3009 	 -0.0100 	 -1.6821 	 -1.4103 	 0.4356 	 0.9109 	 -0.0004 	 0.0074 	 0.1356
1.5531 	 -0.3151 	 -0.0056 	 -1.6730 	 -1.4104 	 0.4357 	 0.9122 	 -0.0028 	 0.0085 	 0.1360
1.5631 	 -0.3292 	 -0.0013 	 -1.6638 	 -1.4104 	 0.4358 	 0.9136 	 -0.0056 	 0.0097 	 0.1357
1.5731 	 -0.3433 	 0.0031 	 -1.6547 	 -1.4105 	 0.4359 	 0.9149 	 -0.0087 	 0.0108 	 0.1344
1.5832 	 -0.3575 	 0.0075 	 -1.6455 	 -1.4106 	 0.4360 	 0.9163 	 -0.0118 	 0.0118 	 0.1318
1.5932 	 -0.3716 	 0.0118 	 -1.6363 	 -1.4107 	 0.4361 	 0.9176 	 -0.0146 	 0.0125 	 0.1280
1.6032 	 -0.3857 	 0.0162 	 -1.6271 	 -1.4109 	 0.4362 	 0.9188 	 -0.0165 	 0.0128 	 0.1227
1.6132 	 -0.3999 	 0.0206 	 -1.6179 	 -1.4110 	 0.4363 	 0.9200 	 -0.0170 	 0.0124 	 0.1164
1.6232 	 -0.4140 	 0.0249 	 -1.6087 	 -1.4112 	 0.4365 	 0.9212 	 -0.0156 	 0.0112 	 0.1096
1.6333 	 -0.4281 	 0.0293 	 -1.5994 	 -1.4113 	 0.4366 	 0.9222 	 -0.0121 	 0.0093 	 0.1029
1.6433 	 -0.4423 	 0.0337 	 -1.5902 	 -1.4114 	 0.4366 	 0.9232 	 -0.0068 	 0.0068 	 0.0972
1.6533 	 -0.4564 	 0.0381 	 -1.5809 	 -1.4115 	 0.4367 	 0.9242 	 -0.0000 	 0.0039 	 0.0928
1.6633 	 -0.4706 	 0.0424 	 -1.5717 	 -1.4114 	 0.4367 	 0.9251 	 0.0074 	 0.0010 	 0.0900
1.6733 	 -0.4847 	 0.0468 	 -1.5624 	 -1.4113 	 0.4367 	 0.9260 	 0.0149 	 -0.0018 	 0.0886
1.6834 	 -0.4989 	 0.0512 	 -1.5531 	 -1.4111 	 0.4367 	 0.9269 	 0.0221 	 -0.0043 	 0.0884
1.6934 	 -0.5130 	 0.0556 	 -1.5438 	 -1.4109 	 0.4366 	 0.9278 	 0.0286 	 -0.0064 	 0.0889
1.7034 	 -0.5271 	 0.0600 	 -1.5345 	 -1.4106 	 0.4366 	 0.9286 	 0.0343 	 -0.0082 	 0.0899
1.7134 	 -0.5413 	 0.0643 	 -1.5252 	 -1.4102 	 0.4365 	 0.9296 	 0.0393 	 -0.0097 	 0.0911
1.7234 	 -0.5554 	 0.0687 	 -1.5159 	 -1.4098 	 0.4364 	 0.9305 	 0.0435 	 -0.0110 	 0.0923
1.7335 	 -0.5695 	 0.0731 	 -1.5066 	 -1.4093 	 0.4363 	 0.9314 	 0.0472 	 -0.0120 	 0.0934
1.7435 	 -0.5836 	 0.0774 	 -1.4972 	 -1.4088 	 0.4361 	 0.9323 	 0.0504 	 -0.0128 	 0.0944
1.7535 	 -0.5977 	 0.0818 	 -1.4879 	 -1.4083 	 0.4360 	 0.9333 	 0.0531 	 -0.0135 	 0.0951
1.7635 	 -0.6118 	 0.0862 	 -1.4785 	 -1.4078 	 0.4359 	 0.9343 	 0.0555 	 -0.0141 	 0.0957
1.7735 	 -0.6260 	 0.0905 	 -1.4692 	 -1.4072 	 0.4357 	 0.9352 	 0.0576 	 -0.0146 	 0.0961
1.7836 	 -0.6400 	 0.0949 	 -1.4598 	 -1.4066 	 0.4356 	 0.9362 	 0.0594 	 -0.0150 	 0.0963
1.7936 	 -0.6541 	 0.0993 	 -1.4504 	 -1.4060 	 0.4354 	 0.9371 	 0.0611 	 -0.0154 	 0.0964
1.8036 	 -0.6682 	 0.1036 	 -1.4410 	 -1.4054 	 0.4353 	 0.9381 	 0.0625 	 -0.0157 	 0.0964
1.8136 	 -0.6823 	 0.1080 	 -1.4316 	 -1.4048 	 0.4351 	 0.9391 	 0.0639 	 -0.0160 	 0.0962
1.8236 	 -0.6964 	 0.1124 	 -1.4222 	 -1.4041 	 0.4349 	 0.9400 	 0.0651 	 -0.0162 	 0.0960
1.8337 	 -0.7104 	 0.1167 	 -1.4128 	 -1.4035 	 0.4348 	 0.9410 	 0.0662 	 -0.0164 	 0.0956
1.8437 	 -0.7245 	 0.1211 	 -1.4033 	 -1.4028 	 0.4346 	 0.9420 	 0.0672 	 -0.0166 	 0.0952
1.8537 	 -0.7386 	 0.1254 	 -1.3939 	 -1.4021 	 0.4344 	 0.9429 	 0.0682 	 -0.0168 	 0.0947
1.8637 	 -0.7526 	 0.1298 	 -1.3844 	 -1.4014 	 0.4343 	 0.9439 	 0.0690 	 -0.0170 	 0.0942
1.8737 	 -0.7666 	 0.1341 	 -1.3750 	 -1.4007 	 0.4341 	 0.9448 	 0.0698 	 -0.0171 	 0.0937
1.8838 	 -0.7807 	 0.1385 	 -1.3655 	 -1.4000 	 0.4339 	 0.9457 	 0.0705 	 -0.0173 	 0.0931
1.8938 	 -0.7947 	 0.1428 	 -1.3560 	 -1.3993 	 0.4338 	 0.9467 	 0.0712 	 -0.0174 	 0.0924
1.9038 	 -0.8087 	 0.1472 	 -1.3465 	 -1.3986 	 0.4336 	 0.9476 	 0.0718 	 -0.0176 	 0.0918
1.9138 	 -0.8227 	 0.1515 	 -1.3370 	 -1.3979 	 0.4334 	 0.9485 	 0.0724 	 -0.0178 	 0.0911
1.9238 	 -0.8367 	 0.1558 	 -1.3275 	 -1.3971 	 0.4332 	 0.9494 	 0.0730 	 -0.0179 	 0.0904
1.9339 	 -0.8507 	 0.1602 	 -1.3180 	 -1.3964 	 0.4330 	 0.9503 	 0.0734 	 -0.0181 	 0.0897
1.9439 	 -0.8647 	 0.1645 	 -1.3085 	 -1.3957 	 0.4329 	 0.9512 	 0.0739 	 -0.0183 	 0.0890
1.9539 	 -0.8787 	 0.1689 	 -1.2989 	 -1.3949 	 0.4327 	 0.9521 	 0.0743 	 -0.0184 	 0.0883
1.9639 	 -0.8927 	 0.1732 	 -1.2894 	 -1.3942 	 0.4325 	 0.9530 	 0.0747 	 -0.0186 	 0.0875
1.9739 	 -0.9066 	 0.1775 	 -1.2798 	 -1.3934 	 0.4323 	 0.9538 	 0.0750 	 -0.0189 	 0.0867
1.9840 	 -0.9206 	 0.1819 	 -1.2703 	 -1.3927 	 0.4321 	 0.9547 	 0.0628 	 -0.0168 	 0.0819
1.9940 	 -0.9345 	 0.1862 	 -1.2607 	 -1.3921 	 0.4319 	 0.9555 	 0.0634 	 -0.0171 	 0.0813
2.0040 	 -0.9485 	 0.1905 	 -1.2511 	 -1.3914 	 0.4318 	 0.9563 	 0.0640 	 -0.0173 	 0.0807
2.0140 	 -0.9624 	 0.1948 	 -1.2416 	 -1.3908 	 0.4316 	 0.9571 	 0.0645 	 -0.0176 	 0.0801
2.0240 	 -0.9764 	 0.1992 	 -1.2320 	 -1.3901 	 0.4314 	 0.9579 	 0.0649 	 -0.0178 	 0.0794
2.0341 	 -0.9903 	 0.2035 	 -1.2224 	 -1.3895 	 0.4312 	 0.9587 	 0.0653 	 -0.0181 	 0.0786
2.0441 	 -1.0042 	 0.2078 	 -1.2127 	 -1.3888 	 0.4311 	 0.9595 	 0.0657 	 -0.0183 	 0.0778
2.0541 	 -1.0181 	 0.2121 	 -1.2031 	 -1.3882 	 0.4309 	 0.9603 	 0.0661 	 -0.0185 	 0.0770
2.0641 	 -1.0320 	 0.2164 	 -1.1935 	 -1.3875 	 0.4307 	 0.9611 	 0.0664 	 -0.0187 	 0.0761
2.0741 	 -1.0459 	 0.2208 	 -1.1839 	 -1.3868 	 0.4305 	 0.9618 	 0.0667 	 -0.0189 	 0.0751
2.0842 	 -1.0598 	 0.2251 	 -1.1742 	 -1.3862 	 0.4303 	 0.9626 	 0.0670 	 -0.0190 	 0.0742
2.0942 	 -1.0737 	 0.2294 	 -1.1646 	 -1.3855 	 0.4301 	 0.9633 	 0.0672 	 -0.0191 	 0.0732
2.1042 	 -1.0876 	 0.2337 	 -1.1549 	 -1.3848 	 0.4299 	 0.9640 	 0.0674 	 -0.0192 	 0.0721
2.1142 	 -1.1015 	 0.2380 	 -1.1453 	 -1.3841 	 0.4297 	 0.9647 	 0.0676 	 -0.0192 	 0.0711
2.1242 	 -1.1153 	 0.2423 	 -1.1356 	 -1.3835 	 0.4295 	 0.9655 	 0.0678 	 -0.0192 	 0.0701
2.1343 	 -1.1292 	 0.2466 	 -1.1259 	 -1.3828 	 0.4293 	 0.9662 	 0.0680 	 -0.0191 	 0.0690
2.1443 	 -1.1430 	 0.2509 	 -1.1162 	 -1.3821 	 0.4292 	 0.9668 	 0.0682 	 -0.0191 	 0.0680
2.1543 	 -1.1569 	 0.2552 	 -1.1065 	 -1.3814 	 0.4290 	 0.9675 	 0.0683 	 -0.0190 	 0.0669
2.1643 	 -1.1707 	 0.2595 	 -1.0968 	 -1.3807 	 0.4288 	 0.9682 	 0.0685 	 -0.0188 	 0.0659
2.1743 	 -1.1845 	 0.2638 	 -1.0871 	 -1.3800 	 0.4286 	 0.9688 	 0.0686 	 -0.0187 	 0.0649
2.1844 	 -1.1984 	 0.2681 	 -1.0774 	 -1.3794 	 0.4284 	 0.9695 	 0.0687 	 -0.0185 	 0.0639
2.1944 	 -1.2122 	 0.2724 	 -1.0677 	 -1.3787 	 0.4282 	 0.9701 	 0.0688 	 -0.0183 	 0.0629
2.2044 	 -1.2260 	 0.2767 	 -1.0580 	 -1.3780 	 0.4280 	 0.9707 	 0.0688 	 -0.0181 	 0.0620
2.2144 	 -1.2398 	 0.2810 	 -1.0482 	 -1.3773 	 0.4279 	 0.9714 	 0.0689 	 -0.0179 	 0.0611
2.2244 	 -1.2536 	 0.2852 	 -1.0385 	 -1.3766 	 0.4277 	 0.9720 	 0.0689 	 -0.0177 	 0.0602
2.2345 	 -1.2674 	 0.2895 	 -1.0288 	 -1.3759 	 0.4275 	 0.9726 	 0.0689 	 -0.0175 	 0.0593
2.2445 	 -1.2812 	 0.2938 	 -1.0190 	 -1.3752 	 0.4273 	 0.9732 	 0.0689 	 -0.0172 	 0.0584
2.2545 	 -1.2949 	 0.2981 	 -1.0093 	 -1.3745 	 0.4272 	 0.9737 	 0.0689 	 -0.0170 	 0.0575
2.2645 	 -1.3087 	 0.3024 	 -0.9995 	 -1.3738 	 0.4270 	 0.9743 	 0.0689 	 -0.0168 	 0.0567
2.2745 	 -1.3225 	 0.3067 	 -0.9897 	 -1.3731 	 0.4268 	 0.9749 	 0.0688 	 -0.0166 	 0.0559
2.2846 	 -1.3362 	 0.3109 	 -0.9800 	 -1.3725 	 0.4267 	 0.9754 	 0.0688 	 -0.0163 	 0.0551
2.2946 	 -1.3500 	 0.3152 	 -0.9702 	 -1.3718 	 0.4265 	 0.9760 	 0.0687 	 -0.0161 	 0.0543
2.3046 	 -1.3637 	 0.3195 	 -0.9604 	 -1.3711 	 0.4263 	 0.9765 	 0.0686 	 -0.0158 	 0.0535
2.3146 	 -1.3775 	 0.3237 	 -0.9506 	 -1.3704 	 0.4262 	 0.9770 	 0.0685 	 -0.0156 	 0.0527
2.3246 	 -1.3912 	 0.3280 	 -0.9408 	 -1.3697 	 0.4260 	 0.9776 	 0.0684 	 -0.0153 	 0.0519
2.3347 	 -1.4049 	 0.3323 	 -0.9310 	 -1.3690 	 0.4259 	 0.9781 	 0.0683 	 -0.0151 	 0.0512
2.3447 	 -1.4186 	 0.3366 	 -0.9212 	 -1.3683 	 0.4257 	 0.9786 	 0.0682 	 -0.0148 	 0.0504
2.3547 	 -1.4323 	 0.3408 	 -0.9114 	 -1.3677 	 0.4256 	 0.9791 	 0.0681 	 -0.0145 	 0.0497
2.3647 	 -1.4460 	 0.3451 	 -0.9016 	 -1.3670 	 0.4254 	 0.9796 	 0.0680 	 -0.0143 	 0.0489
2.3747 	 -1.4597 	 0.3493 	 -0.8918 	 -1.3663 	 0.4253 	 0.9801 	 0.0678 	 -0.0140 	 0.0482
2.3848 	 -1.4734 	 0.3536 	 -0.8820 	 -1.3656 	 0.4251 	 0.9806 	 0.0677 	 -0.0137 	 0.0474
2.3948 	 -1.4871 	 0.3579 	 -0.8721 	 -1.3649 	 0.4250 	 0.9810 	 0.0675 	 -0.0134 	 0.0467
2.4048 	 -1.5008 	 0.3621 	 -0.8623 	 -1.3643 	 0.4249 	 0.9815 	 0.0674 	 -0.0131 	 0.0459
2.4148 	 -1.5144 	 0.3664 	 -0.8525 	 -1.3636 	 0.4247 	 0.9819 	 0.0672 	 -0.0128 	 0.0452
2.4248 	 -1.5281 	 0.3706 	 -0.8426 	 -1.3629 	 0.4246 	 0.9824 	 0.0671 	 -0.0125 	 0.0444
2.4349 	 -1.5417 	 0.3749 	 -0.8328 	 -1.3622 	 0.4245 	 0.9828 	 0.0669 	 -0.0122 	 0.0437
2.4449 	 -1.5554 	 0.3791 	 -0.8229 	 -1.3616 	 0.4244 	 0.9833 	 0.0668 	 -0.0119 	 0.0429
2.4549 	 -1.5690 	 0.3834 	 -0.8131 	 -1.3609 	 0.4243 	 0.9837 	 0.0666 	 -0.0116 	 0.0421
2.4649 	 -1.5827 	 0.3876 	 -0.8032 	 -1.3602 	 0.4241 	 0.9841 	 0.0665 	 -0.0113 	 0.0414
2.4749 	 -1.5963 	 0.3919 	 -0.7934 	 -1.3596 	 0.4240 	 0.9845 	 0.0663 	 -0.0110 	 0.0406
2.4850 	 -1.6099 	 0.3961 	 -0.7835 	 -1.3589 	 0.4239 	 0.9849 	 0.0661 	 -0.0107 	 0.0398
2.4950 	 -1.6235 	 0.4004 	 -0.7736 	 -1.3582 	 0.4238 	 0.9853 	 0.0660 	 -0.0103 	 0.0390
2.5050 	 -1.6371 	 0.4046 	 -0.7637 	 -1.3576 	 0.4237 	 0.9857 	 0.0658 	 -0.0100 	 0.0381
2.5150 	 -1.6507 	 0.4089 	 -0.7539 	 -1.3569 	 0.4236 	 0.9861 	 0.0657 	 -0.0097 	 0.0373
2.5251 	 -1.6643 	 0.4131 	 -0.7440 	 -1.3563 	 0.4235 	 0.9865 	 0.0655 	 -0.0094 	 0.0364
2.5351 	 -1.6779 	 0.4174 	 -0.7341 	 -1.3556 	 0.4234 	 0.9868 	 0.0654 	 -0.0091 	 0.0356
2.5451 	 -1.6915 	 0.4216 	 -0.7242 	 -1.3550 	 0.4233 	 0.9872 	 0.0652 	 -0.0088 	 0.0347
2.5551 	 -1.7051 	 0.4258 	 -0.7143 	 -1.3543 	 0.4232 	 0.9875 	 0.0650 	 -0.0085 	 0.0338
2.5651 	 -1.7186 	 0.4301 	 -0.7044 	 -1.3537 	 0.4232 	 0.9878 	 0.0649 	 -0.0082 	 0.0329
2.5752 	 -1.7322 	 0.4343 	 -0.6945 	 -1.3530 	 0.4231 	 0.9882 	 0.0647 	 -0.0079 	 0.0320
2.5852 	 -1.7457 	 0.4386 	 -0.6846 	 -1.3524 	 0.4230 	 0.9885 	 0.0645 	 -0.0077 	 0.0310
2.5952 	 -1.7593 	 0.4428 	 -0.6747 	 -1.3517 	 0.4229 	 0.9888 	 0.0644 	 -0.0074 	 0.0300
2.6052 	 -1.7728 	 0.4470 	 -0.6648 	 -1.3511 	 0.4229 	 0.9891 	 0.0642 	 -0.0072 	 0.0291
2.6152 	 -1.7864 	 0.4513 	 -0.6549 	 -1.3504 	 0.4228 	 0.9894 	 0.0640 	 -0.0070 	 0.0281
2.6253 	 -1.7999 	 0.4555 	 -0.6450 	 -1.3498 	 0.4227 	 0.9897 	 0.0638 	 -0.0068 	 0.0271
2.6353 	 -1.8134 	 0.4598 	 -0.6351 	 -1.3491 	 0.4227 	 0.9899 	 0.0636 	 -0.0066 	 0.0261
2.6453 	 -1.8269 	 0.4640 	 -0.6251 	 -1.3485 	 0.4226 	 0.9902 	 0.0634 	 -0.0065 	 0.0250
2.6553 	 -1.8404 	 0.4682 	 -0.6152 	 -1.3479 	 0.4225 	 0.9904 	 0.0632 	 -0.0064 	 0.0240
2.6653 	 -1.8539 	 0.4725 	 -0.6053 	 -1.3472 	 0.4225 	 0.9907 	 0.0630 	 -0.0063 	 0.0230
2.6754 	 -1.8674 	 0.4767 	 -0.5954 	 -1.3466 	 0.4224 	 0.9909 	 0.0627 	 -0.0062 	 0.0220
2.6854 	 -1.8809 	 0.4809 	 -0.5854 	 -1.3460 	 0.4223 	 0.9911 	 0.0625 	 -0.0061 	 0.0209
2.6954 	 -1.8944 	 0.4851 	 -0.5755 	 -1.3454 	 0.4223 	 0.9913 	 0.0622 	 -0.0061 	 0.0199
2.7054 	 -1.9079 	 0.4894 	 -0.5656 	 -1.3447 	 0.4222 	 0.9915 	 0.0620 	 -0.0061 	 0.0189
2.7154 	 -1.9214 	 0.4936 	 -0.5556 	 -1.3441 	 0.4221 	 0.9917 	 0.0617 	 -0.0061 	 0.0179
2.7255 	 -1.9348 	 0.4978 	 -0.5457 	 -1.3435 	 0.4221 	 0.9919 	 0.0614 	 -0.0062 	 0.0169
2.7355 	 -1.9483 	 0.5021 	 -0.5358 	 -1.3429 	 0.4220 	 0.9920 	 0.0610 	 -0.0062 	 0.0159
2.7455 	 -1.9617 	 0.5063 	 -0.5258 	 -1.3423 	 0.4220 	 0.9922 	 0.0607 	 -0.0063 	 0.0149
2.7555 	 -1.9752 	 0.5105 	 -0.5159 	 -1.3417 	 0.4219 	 0.9923 	 0.0604 	 -0.0064 	 0.0139
2.7655 	 -1.9886 	 0.5148 	 -0.5059 	 -1.3411 	 0.4218 	 0.9924 	 0.0600 	 -0.0066 	 0.0130
2.7756 	 -2.0021 	 0.5190 	 -0.4960 	 -1.3405 	 0.4218 	 0.9926 	 0.0597 	 -0.0067 	 0.0121
2.7856 	 -2.0155 	 0.5232 	 -0.4860 	 -1.3399 	 0.4217 	 0.9927 	 0.0593 	 -0.0069 	 0.0112
2.7956 	 -2.0289 	 0.5274 	 -0.4761 	 -1.3393 	 0.4216 	 0.9928 	 0.0589 	 -0.0070 	 0.0103
2.8056 	 -2.0423 	 0.5317 	 -0.4661 	 -1.3387 	 0.4216 	 0.9929 	 0.0585 	 -0.0072 	 0.0095
2.8156 	 -2.0557 	 0.5359 	 -0.4562 	 -1.3381 	 0.4215 	 0.9930 	 0.0580 	 -0.0074 	 0.0087
2.8257 	 -2.0691 	 0.5401 	 -0.4462 	 -1.3375 	 0.4214 	 0.9931 	 0.0576 	 -0.0076 	 0.0079
2.8357 	 -2.0825 	 0.5443 	 -0.4363 	 -1.3370 	 0.4213 	 0.9931 	 0.0572 	 -0.0078 	 0.0071
2.8457 	 -2.0959 	 0.5485 	 -0.4263 	 -1.3364 	 0.4213 	 0.9932 	 0.0567 	 -0.0080 	 0.0064
2.8557 	 -2.1093 	 0.5528 	 -0.4164 	 -1.3358 	 0.4212 	 0.9933 	 0.0563 	 -0.0082 	 0.0057
2.8657 	 -2.1227 	 0.5570 	 -0.4064 	 -1.3353 	 0.4211 	 0.9933 	 0.0558 	 -0.0084 	 0.0050
2.8758 	 -2.1361 	 0.5612 	 -0.3965 	 -1.3347 	 0.4210 	 0.9934 	 0.0553 	 -0.0086 	 0.0044
2.8858 	 -2.1495 	 0.5654 	 -0.3865 	 -1.3342 	 0.4209 	 0.9934 	 0.0549 	 -0.0088 	 0.0038
2.8958 	 -2.1628 	 0.5696 	 -0.3766 	 -1.3336 	 0.4208 	 0.9935 	 0.0544 	 -0.0090 	 0.0032
2.9058 	 -2.1762 	 0.5739 	 -0.3666 	 -1.3331 	 0.4207 	 0.9935 	 0.0539 	 -0.0092 	 0.0026
2.9158 	 -2.1895 	 0.5781 	 -0.3567 	 -1.3325 	 0.4206 	 0.9935 	 0.0534 	 -0.0093 	 0.0021
2.9259 	 -2.2029 	 0.5823 	 -0.3467 	 -1.3320 	 0.4205 	 0.9935 	 0.0529 	 -0.0095 	 0.0016
2.9359 	 -2.2162 	 0.5865 	 -0.3368 	 -1.3315 	 0.4205 	 0.9935 	 0.0524 	 -0.0097 	 0.0011
2.9459 	 -2.2296 	 0.5907 	 -0.3268 	 -1.3309 	 0.4204 	 0.9935 	 0.0519 	 -0.0098 	 0.0007
2.9559 	 -2.2429 	 0.5949 	 -0.3168 	 -1.3304 	 0.4203 	 0.9935 	 0.0514 	 -0.0100 	 0.0003
2.9659 	 -2.2562 	 0.5991 	 -0.3069 	 -1.3299 	 0.4202 	 0.9936 	 0.0509 	 -0.0101 	 -0.0001
2.9760 	 -2.2696 	 0.6033 	 -0.2969 	 -1.3294 	 0.4201 	 0.9935 	 0.0504 	 -0.0102 	 -0.0005
2.9860 	 -2.2829 	 0.6075 	 -0.2870 	 -1.3289 	 0.4200 	 0.9935 	 0.0499 	 -0.0103 	 -0.0009
2.9960 	 -2.2962 	 0.6118 	 -0.2770 	 -1.3284 	 0.4198 	 0.9935 	 0.0494 	 -0.0104 	 -0.0012
3.0060 	 -2.3095 	 0.6160 	 -0.2671 	 -1.3279 	 0.4197 	 0.9935 	 0.0489 	 -0.0105 	 -0.0015
3.0160 	 -2.3228 	 0.6202 	 -0.2571 	 -1.3274 	 0.4196 	 0.9935 	 0.0484 	 -0.0106 	 -0.0018
3.0261 	 -2.3361 	 0.6244 	 -0.2472 	 -1.3269 	 0.4195 	 0.9935 	 0.0479 	 -0.0107 	 -0.0021
3.0361 	 -2.3494 	 0.6286 	 -0.2372 	 -1.3265 	 0.4194 	 0.9935 	 0.0474 	 -0.0107 	 -0.0023
3.0461 	 -2.3627 	 0.6328 	 -0.2272 	 -1.3260 	 0.4193 	 0.9934 	 0.0469 	 -0.0108 	 -0.0026
3.0561 	 -2.3760 	 0.6370 	 -0.2173 	 -1.3255 	 0.4192 	 0.9934 	 0.0464 	 -0.0109 	 -0.0028
3.0661 	 -2.3892 	 0.6412 	 -0.2073 	 -1.3251 	 0.4191 	 0.9934 	 0.0459 	 -0.0109 	 -0.0030
3.0762 	 -2.4025 	 0.6454 	 -0.1974 	 -1.3246 	 0.4190 	 0.9933 	 0.0454 	 -0.0109 	 -0.0032
3.0862 	 -2.4158 	 0.6496 	 -0.1874 	 -1.3242 	 0.4189 	 0.9933 	 0.0449 	 -0.0109 	 -0.0034
3.0962 	 -2.4291 	 0.6538 	 -0.1775 	 -1.3237 	 0.4188 	 0.9933 	 0.0445 	 -0.0110 	 -0.0036
3.1062 	 -2.4423 	 0.6580 	 -0.1675 	 -1.3233 	 0.4187 	 0.9932 	 0.0440 	 -0.0110 	 -0.0037
3.1162 	 -2.4556 	 0.6622 	 -0.1576 	 -1.3228 	 0.4185 	 0.9932 	 0.0435 	 -0.0110 	 -0.0039
3.1263 	 -2.4688 	 0.6664 	 -0.1476 	 -1.3224 	 0.4184 	 0.9932 	 0.0430 	 -0.0110 	 -0.0040
3.1363 	 -2.4821 	 0.6705 	 -0.1377 	 -1.3220 	 0.4183 	 0.9931 	 0.0426 	 -0.0109 	 -0.0042
3.1463 	 -2.4953 	 0.6747 	 -0.1277 	 -1.3215 	 0.4182 	 0.9931 	 0.0421 	 -0.0109 	 -0.0043
3.1563 	 -2.5086 	 0.6789 	 -0.1178 	 -1.3211 	 0.4181 	 0.9930 	 0.0417 	 -0.0109 	 -0.0044
3.1663 	 -2.5218 	 0.6831 	 -0.1078 	 -1.3207 	 0.4180 	 0.9930 	 0.0412 	 -0.0109 	 -0.0045
3.1764 	 -2.5350 	 0.6873 	 -0.0979 	 -1.3203 	 0.4179 	 0.9929 	 0.0408 	 -0.0109 	 -0.0046
3.1864 	 -2.5483 	 0.6915 	 -0.0879 	 -1.3199 	 0.4178 	 0.9929 	 0.0403 	 -0.0108 	 -0.0047
3.1964 	 -2.5615 	 0.6957 	 -0.0780 	 -1.3195 	 0.4177 	 0.9929 	 0.0399 	 -0.0108 	 -0.0048
3.2064 	 -2.5747 	 0.6999 	 -0.0680 	 -1.3191 	 0.4176 	 0.9928 	 0.0395 	 -0.0107 	 -0.0049
3.2164 	 -2.5879 	 0.7040 	 -0.0581 	 -1.3187 	 0.4175 	 0.9928 	 0.0390 	 -0.0107 	 -0.0050
3.2265 	 -2.6011 	 0.7082 	 -0.0481 	 -1.3183 	 0.4174 	 0.9927 	 0.0386 	 -0.0106 	 -0.0050
3.2365 	 -2.6143 	 0.7124 	 -0.0382 	 -1.3179 	 0.4172 	 0.9927 	 0.0382 	 -0.0106 	 -0.0051
3.2465 	 -2.6275 	 0.7166 	 -0.0282 	 -1.3175 	 0.4171 	 0.9926 	 0.0378 	 -0.0105 	 -0.0052
3.2565 	 -2.6407 	 0.7208 	 -0.0183 	 -1.3172 	 0.4170 	 0.9925 	 0.0374 	 -0.0105 	 -0.0052
3.2665 	 -2.6539 	 0.7249 	 -0.0083 	 -1.3168 	 0.4169 	 0.9925 	 0.0370 	 -0.0104 	 -0.0053
3.2766 	 -2.6671 	 0.7291 	 0.0016 	 -1.3164 	 0.4168 	 0.9924 	 0.0354 	 -0.0100 	 -0.0050
3.2866 	 -2.6803 	 0.7333 	 0.0115 	 -1.3161 	 0.4167 	 0.9924 	 0.0351 	 -0.0099 	 -0.0050
3.2966 	 -2.6935 	 0.7375 	 0.0215 	 -1.3157 	 0.4166 	 0.9923 	 0.0347 	 -0.0098 	 -0.0051
3.3066 	 -2.7067 	 0.7417 	 0.0314 	 -1.3154 	 0.4165 	 0.9923 	 0.0343 	 -0.0098 	 -0.0051
3.3166 	 -2.7199 	 0.7458 	 0.0414 	 -1.3150 	 0.4164 	 0.9922 	 0.0339 	 -0.0097 	 -0.0052
3.3267 	 -2.7330 	 0.7500 	 0.0513 	 -1.3147 	 0.4163 	 0.9922 	 0.0336 	 -0.0097 	 -0.0052
3.3367 	 -2.7462 	 0.7542 	 0.0613 	 -1.3144 	 0.4162 	 0.9921 	 0.0332 	 -0.0096 	 -0.0052
3.3467 	 -2.7594 	 0.7583 	 0.0712 	 -1.3140 	 0.4161 	 0.9921 	 0.0329 	 -0.0095 	 -0.0052
3.3567 	 -2.7725 	 0.7625 	 0.0811 	 -1.3137 	 0.4160 	 0.9920 	 0.0325 	 -0.0095 	 -0.0053
3.3667 	 -2.7857 	 0.7667 	 0.0911 	 -1.3134 	 0.4160 	 0.9920 	 0.0322 	 -0.0094 	 -0.0053
3.3768 	 -2.7989 	 0.7708 	 0.1010 	 -1.3131 	 0.4159 	 0.9919 	 0.0318 	 -0.0093 	 -0.0053
3.3868 	 -2.8120 	 0.7750 	 0.1110 	 -1.3127 	 0.4158 	 0.9919 	 0.0315 	 -0.0093 	 -0.0053
3.3968 	 -2.8252 	 0.7792 	 0.1209 	 -1.3124 	 0.4157 	 0.9918 	 0.0312 	 -0.0092 	 -0.0054
3.4068 	 -2.8383 	 0.7833 	 0.1308 	 -1.3121 	 0.4156 	 0.9918 	 0.0309 	 -0.0091 	 -0.0054
3.4168 	 -2.8515 	 0.7875 	 0.1408 	 -1.3118 	 0.4155 	 0.9917 	 0.0305 	 -0.0091 	 -0.0054
3.4269 	 -2.8646 	 0.7917 	 0.1507 	 -1.3115 	 0.4154 	 0.9917 	 0.0302 	 -0.0090 	 -0.0054
3.4369 	 -2.8777 	 0.7958 	 0.1606 	 -1.3112 	 0.4153 	 0.9916 	 0.0299 	 -0.0089 	 -0.0054
3.4469 	 -2.8909 	 0.8000 	 0.1706 	 -1.3109 	 0.4152 	 0.9915 	 0.0296 	 -0.0088 	 -0.0054
3.4569 	 -2.9040 	 0.8041 	 0.1805 	 -1.3106 	 0.4151 	 0.9915 	 0.0293 	 -0.0088 	 -0.0054
3.4669 	 -2.9171 	 0.8083 	 0.1904 	 -1.3103 	 0.4150 	 0.9914 	 0.0290 	 -0.0087 	 -0.0054
3.4770 	 -2.9303 	 0.8125 	 0.2004 	 -1.3100 	 0.4150 	 0.9914 	 0.0287 	 -0.0086 	 -0.0054
3.4870 	 -2.9434 	 0.8166 	 0.2103 	 -1.3097 	 0.4149 	 0.9913 	 0.0284 	 -0.0086 	 -0.0054
3.4970 	 -2.9565 	 0.8208 	 0.2202 	 -1.3095 	 0.4148 	 0.9913 	 0.0281 	 -0.0085 	 -0.0054
3.5070 	 -2.9696 	 0.8249 	 0.2302 	 -1.3092 	 0.4147 	 0.9912 	 0.0278 	 -0.0084 	 -0.0054
3.5170 	 -2.9828 	 0.8291 	 0.2401 	 -1.3089 	 0.4146 	 0.9912 	 0.0275 	 -0.0084 	 -0.0054
3.5271 	 -2.9959 	 0.8332 	 0.2500 	 -1.3086 	 0.4145 	 0.9911 	 0.0273 	 -0.0083 	 -0.0054
3.5371 	 -3.0090 	 0.8374 	 0.2600 	 -1.3084 	 0.4145 	 0.9911 	 0.0270 	 -0.0082 	 -0.0054
3.5471 	 -3.0221 	 0.8416 	 0.2699 	 -1.3081 	 0.4144 	 0.9910 	 0.0267 	 -0.0081 	 -0.0054
3.5571 	 -3.0352 	 0.8457 	 0.2798 	 -1.3078 	 0.4143 	 0.9909 	 0.0264 	 -0.0081 	 -0.0054
3.5671 	 -3.0483 	 0.8499 	 0.2898 	 -1.3076 	 0.4142 	 0.9909 	 0.0262 	 -0.0080 	 -0.0054
3.5772 	 -3.0614 	 0.8540 	 0.2997 	 -1.3073 	 0.4141 	 0.9908 	 0.0259 	 -0.0079 	 -0.0054
3.5872 	 -3.0745 	 0.8582 	 0.3096 	 -1.3070 	 0.4141 	 0.9908 	 0.0257 	 -0.0079 	 -0.0054
3.5972 	 -3.0876 	 0.8623 	 0.3195 	 -1.3068 	 0.4140 	 0.9907 	 0.0254 	 -0.0078 	 -0.0054
3.6072 	 -3.1007 	 0.8664 	 0.3295 	 -1.3065 	 0.4139 	 0.9907 	 0.0252 	 -0.0077 	 -0.0054
3.6172 	 -3.1138 	 0.8706 	 0.3394 	 -1.3063 	 0.4138 	 0.9906 	 0.0249 	 -0.0077 	 -0.0054
3.6273 	 -3.1269 	 0.8747 	 0.3493 	 -1.3060 	 0.4137 	 0.9906 	 0.0247 	 -0.0076 	 -0.0054
3.6373 	 -3.1399 	 0.8789 	 0.3592 	 -1.3058 	 0.4137 	 0.9905 	 0.0244 	 -0.0076 	 -0.0054
3.6473 	 -3.1530 	 0.8830 	 0.3692 	 -1.3055 	 0.4136 	 0.9905 	 0.0242 	 -0.0075 	 -0.0054
3.6573 	 -3.1661 	 0.8872 	 0.3791 	 -1.3053 	 0.4135 	 0.9904 	 0.0240 	 -0.0074 	 -0.0054
3.6673 	 -3.1792 	 0.8913 	 0.3890 	 -1.3051 	 0.4134 	 0.9904 	 0.0237 	 -0.0074 	 -0.0054
3.6774 	 -3.1923 	 0.8955 	 0.3989 	 -1.3048 	 0.4134 	 0.9903 	 0.0235 	 -0.0073 	 -0.0054
3.6874 	 -3.2053 	 0.8996 	 0.4089 	 -1.3046 	 0.4133 	 0.9902 	 0.0233 	 -0.0072 	 -0.0053
3.6974 	 -3.2184 	 0.9037 	 0.4188 	 -1.3044 	 0.4132 	 0.9902 	 0.0231 	 -0.0072 	 -0.0053
3.7074 	 -3.2315 	 0.9079 	 0.4287 	 -1.3041 	 0.4132 	 0.9901 	 0.0228 	 -0.0071 	 -0.0053
3.7174 	 -3.2445 	 0.9120 	 0.4386 	 -1.3039 	 0.4131 	 0.9901 	 0.0226 	 -0.0071 	 -0.0053
3.7275 	 -3.2576 	 0.9162 	 0.4486 	 -1.3037 	 0.4130 	 0.9900 	 0.0224 	 -0.0070 	 -0.0053
3.7375 	 -3.2707 	 0.9203 	 0.4585 	 -1.3034 	 0.4129 	 0.9900 	 0.0222 	 -0.0069 	 -0.0053
3.7475 	 -3.2837 	 0.9244 	 0.4684 	 -1.3032 	 0.4129 	 0.9899 	 0.0220 	 -0.0069 	 -0.0053
3.7575 	 -3.2968 	 0.9286 	 0.4783 	 -1.3030 	 0.4128 	 0.9899 	 0.0218 	 -0.0068 	 -0.0053
3.7675 	 -3.3098 	 0.9327 	 0.4882 	 -1.3028 	 0.4127 	 0.9898 	 0.0216 	 -0.0068 	 -0.0053
3.7776 	 -3.3229 	 0.9368 	 0.4981 	 -1.3026 	 0.4127 	 0.9898 	 0.0214 	 -0.0067 	 -0.0052
3.7876 	 -3.3359 	 0.9410 	 0.5081 	 -1.3024 	 0.4126 	 0.9897 	 0.0212 	 -0.0067 	 -0.0052
3.7976 	 -3.3490 	 0.9451 	 0.5180 	 -1.3021 	 0.4125 	 0.9897 	 0.0210 	 -0.0066 	 -0.0052
3.8076 	 -3.3620 	 0.9492 	 0.5279 	 -1.3019 	 0.4125 	 0.9896 	 0.0208 	 -0.0065 	 -0.0052
3.8176 	 -3.3751 	 0.9534 	 0.5378 	 -1.3017 	 0.4124 	 0.9896 	 0.0206 	 -0.0065 	 -0.0052
3.8277 	 -3.3881 	 0.9575 	 0.5477 	 -1.3015 	 0.4123 	 0.9895 	 0.0204 	 -0.0064 	 -0.0052
3.8377 	 -3.4012 	 0.9616 	 0.5576 	 -1.3013 	 0.4123 	 0.9895 	 0.0202 	 -0.0064 	 -0.0052
3.8477 	 -3.4142 	 0.9658 	 0.5676 	 -1.3011 	 0.4122 	 0.9894 	 0.0201 	 -0.0063 	 -0.0051
3.8577 	 -3.4272 	 0.9699 	 0.5775 	 -1.3009 	 0.4121 	 0.9894 	 0.0199 	 -0.0063 	 -0.0051
3.8677 	 -3.4403 	 0.9740 	 0.5874 	 -1.3007 	 0.4121 	 0.9893 	 0.0197 	 -0.0062 	 -0.0051
3.8778 	 -3.4533 	 0.9782 	 0.5973 	 -1.3005 	 0.4120 	 0.9892 	 0.0195 	 -0.0062 	 -0.0051
3.8878 	 -3.4663 	 0.9823 	 0.6072 	 -1.3003 	 0.4120 	 0.9892 	 0.0193 	 -0.0061 	 -0.0051
3.8978 	 -3.4794 	 0.9864 	 0.6171 	 -1.3001 	 0.4119 	 0.9891 	 0.0192 	 -0.0061 	 -0.0051
3.9078 	 -3.4924 	 0.9905 	 0.6270 	 -1.2999 	 0.4118 	 0.9891 	 0.0190 	 -0.0060 	 -0.0051
3.9178 	 -3.5054 	 0.9947 	 0.6369 	 -1.2998 	 0.4118 	 0.9890 	 0.0188 	 -0.0060 	 -0.0050
3.9279 	 -3.5184 	 0.9988 	 0.6469 	 -1.2996 	 0.4117 	 0.9890 	 0.0187 	 -0.0059 	 -0.0050
3.9379 	 -3.5315 	 1.0029 	 0.6568 	 -1.2994 	 0.4117 	 0.9889 	 0.0185 	 -0.0059 	 -0.0050
3.9479 	 -3.5445 	 1.0070 	 0.6667 	 -1.2992 	 0.4116 	 0.9889 	 0.0184 	 -0.0058 	 -0.0050
3.9579 	 -3.5575 	 1.0112 	 0.6766 	 -1.2990 	 0.4115 	 0.9888 	 0.0182 	 -0.0058 	 -0.0050
3.9679 	 -3.5705 	 1.0153 	 0.6865 	 -1.2988 	 0.4115 	 0.9888 	 0.0180 	 -0.0057 	 -0.0050
3.9780 	 -3.5835 	 1.0194 	 0.6964 	 -1.2987 	 0.4114 	 0.9887 	 0.0179 	 -0.0057 	 -0.0049
3.9880 	 -3.5965 	 1.0235 	 0.7063 	 -1.2985 	 0.4114 	 0.9887 	 0.0177 	 -0.0056 	 -0.0049
3.9980 	 -3.6095 	 1.0277 	 0.7162 	 -1.2983 	 0.4113 	 0.9886 	 0.0176 	 -0.0056 	 -0.0049
4.0080 	 -3.6226 	 1.0318 	 0.7261 	 -1.2981 	 0.4113 	 0.9886 	 0.0174 	 -0.0056 	 -0.0049
4.0180 	 -3.6356 	 1.0359 	 0.7360 	 -1.2979 	 0.4112 	 0.9885 	 0.0173 	 -0.0055 	 -0.0049
4.0281 	 -3.6486 	 1.0400 	 0.7459 	 -1.2978 	 0.4111 	 0.9885 	 0.0171 	 -0.0055 	 -0.0049
4.0381 	 -3.6616 	 1.0441 	 0.7558 	 -1.2976 	 0.4111 	 0.9885 	 0.0170 	 -0.0054 	 -0.0048
4.0481 	 -3.6746 	 1.0483 	 0.7657 	 -1.2974 	 0.4110 	 0.9884 	 0.0169 	 -0.0054 	 -0.0048
4.0581 	 -3.6876 	 1.0524 	 0.7756 	 -1.2973 	 0.4110 	 0.9884 	 0.0167 	 -0.0053 	 -0.0048
4.0681 	 -3.7006 	 1.0565 	 0.7855 	 -1.2971 	 0.4109 	 0.9883 	 0.0166 	 -0.0053 	 -0.0048
4.0782 	 -3.7136 	 1.0606 	 0.7954 	 -1.2969 	 0.4109 	 0.9883 	 0.0164 	 -0.0053 	 -0.0048
4.0882 	 -3.7266 	 1.0647 	 0.8053 	 -1.2968 	 0.4108 	 0.9882 	 0.0163 	 -0.0052 	 -0.0048
4.0982 	 -3.7395 	 1.0688 	 0.8152 	 -1.2966 	 0.4108 	 0.9882 	 0.0162 	 -0.0052 	 -0.0047
4.1082 	 -3.7525 	 1.0730 	 0.8251 	 -1.2964 	 0.4107 	 0.9881 	 0.0160 	 -0.0051 	 -0.0047
4.1182 	 -3.7655 	 1.0771 	 0.8350 	 -1.2963 	 0.4107 	 0.9881 	 0.0159 	 -0.0051 	 -0.0047
4.1283 	 -3.7785 	 1.0812 	 0.8449 	 -1.2961 	 0.4106 	 0.9880 	 0.0158 	 -0.0051 	 -0.0047
4.1383 	 -3.7915 	 1.0853 	 0.8548 	 -1.2960 	 0.4106 	 0.9880 	 0.0156 	 -0.0050 	 -0.0047
4.1483 	 -3.8045 	 1.0894 	 0.8647 	 -1.2958 	 0.4105 	 0.9879 	 0.0155 	 -0.0050 	 -0.0047
4.1583 	 -3.8175 	 1.0935 	 0.8746 	 -1.2957 	 0.4105 	 0.9879 	 0.0154 	 -0.0049 	 -0.0046
4.1683 	 -3.8305 	 1.0976 	 0.8845 	 -1.2955 	 0.4104 	 0.9878 	 0.0153 	 -0.0049 	 -0.0046
4.1784 	 -3.8434 	 1.1018 	 0.8944 	 -1.2954 	 0.4104 	 0.9878 	 0.0151 	 -0.0049 	 -0.0046
4.1884 	 -3.8564 	 1.1059 	 0.9043 	 -1.2952 	 0.4103 	 0.9877 	 0.0150 	 -0.0048 	 -0.0046
4.1984 	 -3.8694 	 1.1100 	 0.9142 	 -1.2951 	 0.4103 	 0.9877 	 0.0149 	 -0.0048 	 -0.0046
4.2084 	 -3.8824 	 1.1141 	 0.9241 	 -1.2949 	 0.4102 	 0.9877 	 0.0148 	 -0.0048 	 -0.0046
4.2184 	 -3.8953 	 1.1182 	 0.9340 	 -1.2948 	 0.4102 	 0.9876 	 0.0147 	 -0.0047 	 -0.0045
4.2285 	 -3.9083 	 1.1223 	 0.9439 	 -1.2946 	 0.4101 	 0.9876 	 0.0146 	 -0.0047 	 -0.0045
4.2385 	 -3.9213 	 1.1264 	 0.9538 	 -1.2945 	 0.4101 	 0.9875 	 0.0144 	 -0.0046 	 -0.0045
4.2485 	 -3.9343 	 1.1305 	 0.9637 	 -1.2943 	 0.4100 	 0.9875 	 0.0143 	 -0.0046 	 -0.0045
4.2585 	 -3.9472 	 1.1346 	 0.9736 	 -1.2942 	 0.4100 	 0.9874 	 0.0142 	 -0.0046 	 -0.0045
4.2685 	 -3.9602 	 1.1387 	 0.9835 	 -1.2940 	 0.4099 	 0.9874 	 0.0141 	 -0.0045 	 -0.0045
4.2786 	 -3.9732 	 1.1429 	 0.9934 	 -1.2939 	 0.4099 	 0.9873 	 0.0140 	 -0.0045 	 -0.0044
4.2886 	 -3.9861 	 1.1470 	 1.0033 	 -1.2938 	 0.4099 	 0.9873 	 0.0139 	 -0.0045 	 -0.0044
4.2986 	 -3.9991 	 1.1511 	 1.0132 	 -1.2936 	 0.4098 	 0.9872 	 0.0138 	 -0.0044 	 -0.0044
4.3086 	 -4.0120 	 1.1552 	 1.0231 	 -1.2935 	 0.4098 	 0.9872 	 0.0137 	 -0.0044 	 -0.0044
4.3186 	 -4.0250 	 1.1593 	 1.0330 	 -1.2933 	 0.4097 	 0.9872 	 0.0136 	 -0.0044 	 -0.0044
4.3287 	 -4.0380 	 1.1634 	 1.0429 	 -1.2932 	 0.4097 	 0.9871 	 0.0135 	 -0.0043 	 -0.0044
4.3387 	 -4.0509 	 1.1675 	 1.0527 	 -1.2931 	 0.4096 	 0.9871 	 0.0134 	 -0.0043 	 -0.0043
4.3487 	 -4.0639 	 1.1716 	 1.0626 	 -1.2929 	 0.4096 	 0.9870 	 0.0133 	 -0.0043 	 -0.0043
4.3587 	 -4.0768 	 1.1757 	 1.0725 	 -1.2928 	 0.4096 	 0.9870 	 0.0132 	 -0.0043 	 -0.0043
4.3687 	 -4.0898 	 1.1798 	 1.0824 	 -1.2927 	 0.4095 	 0.9869 	 0.0131 	 -0.0042 	 -0.0043
4.3788 	 -4.1027 	 1.1839 	 1.0923 	 -1.2925 	 0.4095 	 0.9869 	 0.0130 	 -0.0042 	 -0.0043
4.3888 	 -4.1157 	 1.1880 	 1.1022 	 -1.2924 	 0.4094 	 0.9869 	 0.0129 	 -0.0042 	 -0.0043
4.3988 	 -4.1286 	 1.1921 	 1.1121 	 -1.2923 	 0.4094 	 0.9868 	 0.0128 	 -0.0041 	 -0.0042
4.4088 	 -4.1416 	 1.1962 	 1.1220 	 -1.2922 	 0.4093 	 0.9868 	 0.0127 	 -0.0041 	 -0.0042
4.4188 	 -4.1545 	 1.2003 	 1.1319 	 -1.2920 	 0.4093 	 0.9867 	 0.0126 	 -0.0041 	 -0.0042
4.4289 	 -4.1675 	 1.2044 	 1.1417 	 -1.2919 	 0.4093 	 0.9867 	 0.0125 	 -0.0040 	 -0.0042
4.4389 	 -4.1804 	 1.2085 	 1.1516 	 -1.2918 	 0.4092 	 0.9866 	 0.0124 	 -0.0040 	 -0.0042
4.4489 	 -4.1934 	 1.2126 	 1.1615 	 -1.2917 	 0.4092 	 0.9866 	 0.0123 	 -0.0040 	 -0.0042
4.4589 	 -4.2063 	 1.2167 	 1.1714 	 -1.2915 	 0.4091 	 0.9866 	 0.0122 	 -0.0040 	 -0.0041
4.4689 	 -4.2192 	 1.2208 	 1.1813 	 -1.2914 	 0.4091 	 0.9865 	 0.0121 	 -0.0039 	 -0.0041
4.4790 	 -4.2322 	 1.2249 	 1.1912 	 -1.2913 	 0.4091 	 0.9865 	 0.0121 	 -0.0039 	 -0.0041
4.4890 	 -4.2451 	 1.2290 	 1.2011 	 -1.2912 	 0.4090 	 0.9864 	 0.0120 	 -0.0039 	 -0.0041
4.4990 	 -4.2581 	 1.2331 	 1.2109 	 -1.2911 	 0.4090 	 0.9864 	 0.0119 	 -0.0039 	 -0.0041
4.5090 	 -4.2710 	 1.2372 	 1.2208 	 -1.2909 	 0.4089 	 0.9864 	 0.0118 	 -0.0038 	 -0.0041
4.5190 	 -4.2839 	 1.2413 	 1.2307 	 -1.2908 	 0.4089 	 0.9863 	 0.0117 	 -0.0038 	 -0.0040
4.5291 	 -4.2969 	 1.2454 	 1.2406 	 -1.2907 	 0.4089 	 0.9863 	 0.0116 	 -0.0038 	 -0.0040
4.5391 	 -4.3098 	 1.2495 	 1.2505 	 -1.2906 	 0.4088 	 0.9862 	 0.0116 	 -0.0037 	 -0.0040
4.5491 	 -4.3227 	 1.2536 	 1.2604 	 -1.2905 	 0.4088 	 0.9862 	 0.0115 	 -0.0037 	 -0.0040
4.5591 	 -4.3357 	 1.2577 	 1.2702 	 -1.2904 	 0.4088 	 0.9862 	 0.0114 	 -0.0037 	 -0.0040
4.5691 	 -4.3486 	 1.2618 	 1.2801 	 -1.2902 	 0.4087 	 0.9861 	 0.0113 	 -0.0037 	 -0.0040
4.5792 	 -4.3615 	 1.2659 	 1.2900 	 -1.2901 	 0.4087 	 0.9861 	 0.0112 	 -0.0036 	 -0.0040
4.5892 	 -4.3744 	 1.2700 	 1.2999 	 -1.2900 	 0.4086 	 0.9860 	 0.0112 	 -0.0036 	 -0.0039
4.5992 	 -4.3874 	 1.2741 	 1.3098 	 -1.2899 	 0.4086 	 0.9860 	 0.0111 	 -0.0036 	 -0.0039
4.6092 	 -4.4003 	 1.2782 	 1.3196 	 -1.2898 	 0.4086 	 0.9860 	 0.0110 	 -0.0036 	 -0.0039
4.6192 	 -4.4132 	 1.2823 	 1.3295 	 -1.2897 	 0.4085 	 0.9859 	 0.0109 	 -0.0035 	 -0.0039
4.6293 	 -4.4261 	 1.2864 	 1.3394 	 -1.2896 	 0.4085 	 0.9859 	 0.0108 	 -0.0035 	 -0.0039
4.6393 	 -4.4391 	 1.2904 	 1.3493 	 -1.2895 	 0.4085 	 0.9858 	 0.0108 	 -0.0035 	 -0.0039
4.6493 	 -4.4520 	 1.2945 	 1.3592 	 -1.2894 	 0.4084 	 0.9858 	 0.0107 	 -0.0035 	 -0.0038
4.6593 	 -4.4649 	 1.2986 	 1.3690 	 -1.2892 	 0.4084 	 0.9858 	 0.0106 	 -0.0035 	 -0.0038
4.6693 	 -4.4778 	 1.3027 	 1.3789 	 -1.2891 	 0.4084 	 0.9857 	 0.0106 	 -0.0034 	 -0.0038
4.6794 	 -4.4907 	 1.3068 	 1.3888 	 -1.2890 	 0.4083 	 0.9857 	 0.0105 	 -0.0034 	 -0.0038
4.6894 	 -4.5036 	 1.3109 	 1.3987 	 -1.2889 	 0.4083 	 0.9856 	 0.0104 	 -0.0034 	 -0.0038
4.6994 	 -4.5166 	 1.3150 	 1.4085 	 -1.2888 	 0.4083 	 0.9856 	 0.0103 	 -0.0034 	 -0.0038
4.7094 	 -4.5295 	 1.3191 	 1.4184 	 -1.2887 	 0.4082 	 0.9856 	 0.0103 	 -0.0033 	 -0.0038
4.7194 	 -4.5424 	 1.3232 	 1.4283 	 -1.2886 	 0.4082 	 0.9855 	 0.0102 	 -0.0033 	 -0.0037
4.7295 	 -4.5553 	 1.3273 	 1.4382 	 -1.2885 	 0.4082 	 0.9855 	 0.0101 	 -0.0033 	 -0.0037
4.7395 	 -4.5682 	 1.3314 	 1.4480 	 -1.2884 	 0.4081 	 0.9855 	 0.0101 	 -0.0033 	 -0.0037
4.7495 	 -4.5811 	 1.3354 	 1.4579 	 -1.2883 	 0.4081 	 0.9854 	 0.0100 	 -0.0033 	 -0.0037
4.7595 	 -4.5940 	 1.3395 	 1.4678 	 -1.2882 	 0.4081 	 0.9854 	 0.0099 	 -0.0032 	 -0.0037
4.7695 	 -4.6069 	 1.3436 	 1.4777 	 -1.2881 	 0.4080 	 0.9854 	 0.0099 	 -0.0032 	 -0.0037
4.7796 	 -4.6198 	 1.3477 	 1.4875 	 -1.2880 	 0.4080 	 0.9853 	 0.0098 	 -0.0032 	 -0.0037
4.7896 	 -4.6327 	 1.3518 	 1.4974 	 -1.2879 	 0.4080 	 0.9853 	 0.0097 	 -0.0032 	 -0.0036
4.7996 	 -4.6457 	 1.3559 	 1.5073 	 -1.2878 	 0.4079 	 0.9852 	 0.0097 	 -0.0032 	 -0.0036
4.8096 	 -4.6586 	 1.3600 	 1.5171 	 -1.2877 	 0.4079 	 0.9852 	 0.0096 	 -0.0031 	 -0.0036
4.8196 	 -4.6715 	 1.3641 	 1.5270 	 -1.2876 	 0.4079 	 0.9852 	 0.0096 	 -0.0031 	 -0.0036
4.8297 	 -4.6844 	 1.3681 	 1.5369 	 -1.2875 	 0.4078 	 0.9851 	 0.0095 	 -0.0031 	 -0.0036
4.8397 	 -4.6973 	 1.3722 	 1.5468 	 -1.2874 	 0.4078 	 0.9851 	 0.0094 	 -0.0031 	 -0.0036
4.8497 	 -4.7102 	 1.3763 	 1.5566 	 -1.2873 	 0.4078 	 0.9851 	 0.0094 	 -0.0031 	 -0.0036
4.8597 	 -4.7231 	 1.3804 	 1.5665 	 -1.2873 	 0.4077 	 0.9850 	 0.0093 	 -0.0030 	 -0.0035
4.8697 	 -4.7360 	 1.3845 	 1.5764 	 -1.2872 	 0.4077 	 0.9850 	 0.0093 	 -0.0030 	 -0.0035
4.8798 	 -4.7489 	 1.3886 	 1.5862 	 -1.2871 	 0.4077 	 0.9850 	 0.0092 	 -0.0030 	 -0.0035
4.8898 	 -4.7617 	 1.3927 	 1.5961 	 -1.2870 	 0.4077 	 0.9849 	 0.0091 	 -0.0030 	 -0.0035
4.8998 	 -4.7746 	 1.3967 	 1.6060 	 -1.2869 	 0.4076 	 0.9849 	 0.0091 	 -0.0030 	 -0.0035
4.9098 	 -4.7875 	 1.4008 	 1.6158 	 -1.2868 	 0.4076 	 0.9848 	 0.0090 	 -0.0029 	 -0.0035
4.9198 	 -4.8004 	 1.4049 	 1.6257 	 -1.2867 	 0.4076 	 0.9848 	 0.0090 	 -0.0029 	 -0.0035
4.9299 	 -4.8133 	 1.4090 	 1.6356 	 -1.2866 	 0.4075 	 0.9848 	 0.0089 	 -0.0029 	 -0.0035
4.9399 	 -4.8262 	 1.4131 	 1.6455 	 -1.2865 	 0.4075 	 0.9847 	 0.0089 	 -0.0029 	 -0.0034
4.9499 	 -4.8391 	 1.4172 	 1.6553 	 -1.2864 	 0.4075 	 0.9847 	 0.0088 	 -0.0029 	 -0.0034
4.9599 	 -4.8520 	 1.4212 	 1.6652 	 -1.2864 	 0.4075 	 0.9847 	 0.0087 	 -0.0029 	 -0.0034
4.9699 	 -4.8649 	 1.4253 	 1.6751 	 -1.2863 	 0.4074 	 0.9846 	 0.0087 	 -0.0028 	 -0.0034
4.9800 	 -4.8778 	 1.4294 	 1.6849 	 -1.2862 	 0.4074 	 0.9846 	 0.0086 	 -0.0028 	 -0.0034
4.9900 	 -4.8907 	 1.4335 	 1.6948 	 -1.2861 	 0.4074 	 0.9846 	 0.0086 	 -0.0028 	 -0.0034
