100-Body Run with i = 76 th particle. (Units in pc,M_solar,Myr, km s-1) 

time		 x 		 y 		 z 		 xdot 		 ydot 		 zdot 		 xddot 		 yddot 		 zddot
0.0000 	 0.1286 	 -0.0400 	 -0.4920 	 -0.0487 	 -0.0495 	 -0.0174 	 -0.9449 	 0.0642 	 1.1532
0.0100 	 0.1281 	 -0.0405 	 -0.4922 	 -0.0582 	 -0.0489 	 -0.0058 	 -0.9518 	 0.0676 	 1.1577
0.0200 	 0.1274 	 -0.0410 	 -0.4922 	 -0.0678 	 -0.0482 	 0.0058 	 -0.9654 	 0.0760 	 1.1851
0.0301 	 0.1267 	 -0.0415 	 -0.4920 	 -0.0775 	 -0.0473 	 0.0183 	 -0.9677 	 0.1148 	 1.3408
0.0401 	 0.1259 	 -0.0419 	 -0.4918 	 -0.0850 	 -0.0453 	 0.0334 	 -0.2475 	 0.2950 	 1.4938
0.0501 	 0.1250 	 -0.0424 	 -0.4914 	 -0.0893 	 -0.0437 	 0.0439 	 -0.7217 	 0.0754 	 0.9144
0.0601 	 0.1241 	 -0.0428 	 -0.4909 	 -0.0977 	 -0.0430 	 0.0534 	 -0.9216 	 0.0605 	 0.9823
0.0701 	 0.1231 	 -0.0432 	 -0.4903 	 -0.1074 	 -0.0424 	 0.0634 	 -0.9960 	 0.0658 	 1.0189
0.0802 	 0.1219 	 -0.0437 	 -0.4896 	 -0.1176 	 -0.0417 	 0.0738 	 -1.0540 	 0.0726 	 1.0448
0.0902 	 0.1207 	 -0.0441 	 -0.4888 	 -0.1285 	 -0.0410 	 0.0844 	 -1.1109 	 0.0790 	 1.0713
0.1002 	 0.1194 	 -0.0445 	 -0.4879 	 -0.1399 	 -0.0401 	 0.0953 	 -1.1712 	 0.0842 	 1.1016
0.1102 	 0.1179 	 -0.0449 	 -0.4869 	 -0.1506 	 -0.0386 	 0.1063 	 -0.9862 	 0.1996 	 1.1200
0.1202 	 0.1164 	 -0.0453 	 -0.4858 	 -0.1574 	 -0.0352 	 0.1166 	 -0.4795 	 0.4335 	 0.9355
0.1303 	 0.1148 	 -0.0456 	 -0.4846 	 -0.1615 	 -0.0305 	 0.1256 	 -0.3760 	 0.4910 	 0.8701
0.1403 	 0.1131 	 -0.0459 	 -0.4833 	 -0.1652 	 -0.0255 	 0.1343 	 -0.3533 	 0.5189 	 0.8754
0.1503 	 0.1115 	 -0.0461 	 -0.4819 	 -0.1687 	 -0.0201 	 0.1432 	 -0.3490 	 0.5431 	 0.9047
0.1603 	 0.1097 	 -0.0463 	 -0.4804 	 -0.1722 	 -0.0146 	 0.1524 	 -0.3513 	 0.5706 	 0.9436
0.1703 	 0.1080 	 -0.0464 	 -0.4789 	 -0.1757 	 -0.0087 	 0.1621 	 -0.3592 	 0.6007 	 0.9843
0.1804 	 0.1062 	 -0.0464 	 -0.4772 	 -0.1794 	 -0.0025 	 0.1722 	 -0.3755 	 0.6349 	 1.0416
0.1904 	 0.1044 	 -0.0464 	 -0.4754 	 -0.1833 	 0.0040 	 0.1830 	 -0.3983 	 0.6775 	 1.1113
0.2004 	 0.1026 	 -0.0464 	 -0.4735 	 -0.1874 	 0.0111 	 0.1945 	 -0.4288 	 0.7302 	 1.1935
0.2104 	 0.1006 	 -0.0462 	 -0.4715 	 -0.1919 	 0.0187 	 0.2069 	 -0.4685 	 0.7956 	 1.2911
0.2204 	 0.0987 	 -0.0460 	 -0.4694 	 -0.1968 	 0.0271 	 0.2205 	 -0.5200 	 0.8776 	 1.4091
0.2305 	 0.0967 	 -0.0457 	 -0.4671 	 -0.2024 	 0.0364 	 0.2353 	 -0.5868 	 0.9825 	 1.5558
0.2405 	 0.0946 	 -0.0452 	 -0.4646 	 -0.2087 	 0.0469 	 0.2518 	 -0.6742 	 1.1197 	 1.7449
0.2505 	 0.0925 	 -0.0447 	 -0.4620 	 -0.2160 	 0.0590 	 0.2705 	 -0.7904 	 1.3051 	 1.9997
0.2605 	 0.0903 	 -0.0440 	 -0.4592 	 -0.2247 	 0.0733 	 0.2922 	 -0.9488 	 1.5663 	 2.3636
0.2705 	 0.0880 	 -0.0432 	 -0.4561 	 -0.2352 	 0.0908 	 0.3185 	 -1.1714 	 1.9569 	 2.9250
0.2806 	 0.0856 	 -0.0422 	 -0.4528 	 -0.2485 	 0.1133 	 0.3521 	 -1.4956 	 2.5927 	 3.8920
0.2906 	 0.0830 	 -0.0409 	 -0.4490 	 -0.2657 	 0.1445 	 0.3997 	 -1.9759 	 3.7756 	 5.8727
0.3006 	 0.0802 	 -0.0392 	 -0.4445 	 -0.2882 	 0.1938 	 0.4806 	 -2.5114 	 6.5761 	 11.4774
0.3106 	 0.0774 	 -0.0366 	 -0.4383 	 -0.2949 	 0.2969 	 0.7096 	 6.2978 	 19.9100 	 55.6935
0.3206 	 0.0713 	 -0.0329 	 -0.4343 	 -0.9116 	 0.4749 	 0.1665 	 16.7609 	 -7.7424 	 8.5561
0.3307 	 0.0624 	 -0.0283 	 -0.4325 	 -0.8355 	 0.4387 	 0.2048 	 3.4477 	 -1.5991 	 2.0242
0.3407 	 0.0542 	 -0.0240 	 -0.4304 	 -0.8115 	 0.4284 	 0.2221 	 1.7235 	 -0.6451 	 1.5584
0.3507 	 0.0461 	 -0.0197 	 -0.4281 	 -0.7972 	 0.4237 	 0.2372 	 1.2030 	 -0.3398 	 1.4811
0.3607 	 0.0382 	 -0.0154 	 -0.4256 	 -0.7863 	 0.4210 	 0.2520 	 1.0060 	 -0.2245 	 1.4798
0.3707 	 0.0303 	 -0.0112 	 -0.4230 	 -0.7767 	 0.4190 	 0.2669 	 0.9341 	 -0.1901 	 1.4943
0.3808 	 0.0226 	 -0.0071 	 -0.4203 	 -0.7674 	 0.4170 	 0.2819 	 0.9219 	 -0.1981 	 1.5060
0.3908 	 0.0149 	 -0.0029 	 -0.4174 	 -0.7581 	 0.4149 	 0.2970 	 0.9394 	 -0.2281 	 1.5086
0.4008 	 0.0074 	 0.0013 	 -0.4143 	 -0.7485 	 0.4124 	 0.3121 	 0.9714 	 -0.2694 	 1.5018
0.4108 	 -0.0001 	 0.0054 	 -0.4111 	 -0.7386 	 0.4095 	 0.3271 	 1.0099 	 -0.3185 	 1.4874
0.4208 	 -0.0074 	 0.0095 	 -0.4078 	 -0.7283 	 0.4060 	 0.3419 	 1.0534 	 -0.3730 	 1.4727
0.4309 	 -0.0146 	 0.0135 	 -0.4043 	 -0.7175 	 0.4020 	 0.3566 	 1.1008 	 -0.4328 	 1.4617
0.4409 	 -0.0218 	 0.0175 	 -0.4006 	 -0.7062 	 0.3973 	 0.3712 	 1.1460 	 -0.4983 	 1.4554
0.4509 	 -0.0288 	 0.0215 	 -0.3968 	 -0.6946 	 0.3920 	 0.3858 	 1.1763 	 -0.5642 	 1.4498
0.4609 	 -0.0357 	 0.0254 	 -0.3929 	 -0.6827 	 0.3861 	 0.4002 	 1.1810 	 -0.6197 	 1.4351
0.4709 	 -0.0425 	 0.0292 	 -0.3888 	 -0.6710 	 0.3797 	 0.4144 	 1.1642 	 -0.6492 	 1.3920
0.4810 	 -0.0491 	 0.0330 	 -0.3846 	 -0.6594 	 0.3731 	 0.4280 	 1.1487 	 -0.6588 	 1.3153
0.4910 	 -0.0557 	 0.0367 	 -0.3802 	 -0.6479 	 0.3665 	 0.4407 	 1.1443 	 -0.6541 	 1.2125
0.5010 	 -0.0621 	 0.0403 	 -0.3758 	 -0.6364 	 0.3600 	 0.4523 	 1.1489 	 -0.6445 	 1.1006
0.5110 	 -0.0684 	 0.0439 	 -0.3712 	 -0.6249 	 0.3536 	 0.4628 	 1.1483 	 -0.6334 	 0.9735
0.5210 	 -0.0746 	 0.0474 	 -0.3665 	 -0.6134 	 0.3473 	 0.4720 	 1.1494 	 -0.6240 	 0.8753
0.5311 	 -0.0807 	 0.0509 	 -0.3617 	 -0.6019 	 0.3411 	 0.4803 	 1.1446 	 -0.6159 	 0.7872
0.5411 	 -0.0867 	 0.0542 	 -0.3569 	 -0.5905 	 0.3350 	 0.4878 	 1.1340 	 -0.6084 	 0.7083
0.5511 	 -0.0926 	 0.0576 	 -0.3520 	 -0.5792 	 0.3289 	 0.4945 	 1.1186 	 -0.6013 	 0.6377
0.5611 	 -0.0983 	 0.0608 	 -0.3470 	 -0.5680 	 0.3229 	 0.5006 	 1.0995 	 -0.5942 	 0.5745
0.5711 	 -0.1040 	 0.0640 	 -0.3419 	 -0.5571 	 0.3170 	 0.5061 	 1.0772 	 -0.5869 	 0.5179
0.5812 	 -0.1095 	 0.0672 	 -0.3368 	 -0.5465 	 0.3112 	 0.5110 	 1.0523 	 -0.5788 	 0.4670
0.5912 	 -0.1149 	 0.0703 	 -0.3317 	 -0.5361 	 0.3054 	 0.5155 	 1.0260 	 -0.5688 	 0.4210
0.6012 	 -0.1202 	 0.0733 	 -0.3265 	 -0.5259 	 0.2998 	 0.5195 	 0.9982 	 -0.5574 	 0.3796
0.6112 	 -0.1254 	 0.0763 	 -0.3213 	 -0.5161 	 0.2943 	 0.5231 	 0.9696 	 -0.5445 	 0.3420
0.6212 	 -0.1306 	 0.0792 	 -0.3160 	 -0.5065 	 0.2889 	 0.5263 	 0.9400 	 -0.5280 	 0.3073
0.6313 	 -0.1356 	 0.0821 	 -0.3107 	 -0.4972 	 0.2837 	 0.5292 	 0.9081 	 -0.5083 	 0.2756
0.6413 	 -0.1405 	 0.0849 	 -0.3054 	 -0.4883 	 0.2787 	 0.5319 	 0.8720 	 -0.4860 	 0.2480
0.6513 	 -0.1454 	 0.0877 	 -0.3001 	 -0.4798 	 0.2740 	 0.5343 	 0.8268 	 -0.4584 	 0.2282
0.6613 	 -0.1502 	 0.0904 	 -0.2947 	 -0.4718 	 0.2695 	 0.5365 	 0.7782 	 -0.4305 	 0.2150
0.6713 	 -0.1548 	 0.0931 	 -0.2893 	 -0.4642 	 0.2653 	 0.5386 	 0.7310 	 -0.4064 	 0.2050
0.6814 	 -0.1595 	 0.0957 	 -0.2839 	 -0.4571 	 0.2614 	 0.5406 	 0.6861 	 -0.3872 	 0.1921
0.6914 	 -0.1640 	 0.0983 	 -0.2785 	 -0.4504 	 0.2576 	 0.5424 	 0.6473 	 -0.3742 	 0.1770
0.7014 	 -0.1685 	 0.1009 	 -0.2731 	 -0.4441 	 0.2539 	 0.5441 	 0.6145 	 -0.3632 	 0.1678
0.7114 	 -0.1729 	 0.1034 	 -0.2676 	 -0.4381 	 0.2503 	 0.5458 	 0.5862 	 -0.3542 	 0.1600
0.7214 	 -0.1773 	 0.1059 	 -0.2621 	 -0.4324 	 0.2468 	 0.5473 	 0.5618 	 -0.3467 	 0.1534
0.7315 	 -0.1816 	 0.1083 	 -0.2566 	 -0.4268 	 0.2433 	 0.5488 	 0.5409 	 -0.3401 	 0.1479
0.7415 	 -0.1858 	 0.1108 	 -0.2511 	 -0.4215 	 0.2399 	 0.5503 	 0.5228 	 -0.3341 	 0.1434
0.7515 	 -0.1900 	 0.1132 	 -0.2456 	 -0.4163 	 0.2366 	 0.5517 	 0.5073 	 -0.3282 	 0.1400
0.7615 	 -0.1942 	 0.1155 	 -0.2401 	 -0.4113 	 0.2334 	 0.5531 	 0.4940 	 -0.3222 	 0.1376
0.7715 	 -0.1983 	 0.1178 	 -0.2345 	 -0.4064 	 0.2302 	 0.5545 	 0.4829 	 -0.3159 	 0.1362
0.7816 	 -0.2023 	 0.1201 	 -0.2290 	 -0.4016 	 0.2270 	 0.5558 	 0.4738 	 -0.3090 	 0.1359
0.7916 	 -0.2063 	 0.1224 	 -0.2234 	 -0.3969 	 0.2240 	 0.5572 	 0.4670 	 -0.3010 	 0.1367
0.8016 	 -0.2103 	 0.1246 	 -0.2178 	 -0.3923 	 0.2210 	 0.5586 	 0.4626 	 -0.2916 	 0.1386
0.8116 	 -0.2142 	 0.1268 	 -0.2122 	 -0.3877 	 0.2181 	 0.5600 	 0.4611 	 -0.2802 	 0.1416
0.8216 	 -0.2180 	 0.1290 	 -0.2066 	 -0.3830 	 0.2154 	 0.5614 	 0.4633 	 -0.2659 	 0.1453
0.8317 	 -0.2219 	 0.1311 	 -0.2009 	 -0.3784 	 0.2128 	 0.5629 	 0.4700 	 -0.2476 	 0.1490
0.8417 	 -0.2256 	 0.1332 	 -0.1953 	 -0.3736 	 0.2105 	 0.5644 	 0.4823 	 -0.2241 	 0.1508
0.8517 	 -0.2293 	 0.1353 	 -0.1896 	 -0.3687 	 0.2084 	 0.5659 	 0.5008 	 -0.1945 	 0.1470
0.8617 	 -0.2330 	 0.1374 	 -0.1839 	 -0.3635 	 0.2066 	 0.5673 	 0.5239 	 -0.1600 	 0.1319
0.8717 	 -0.2366 	 0.1395 	 -0.1783 	 -0.3582 	 0.2051 	 0.5685 	 0.5462 	 -0.1262 	 0.0992
0.8818 	 -0.2402 	 0.1415 	 -0.1726 	 -0.3526 	 0.2040 	 0.5692 	 0.5570 	 -0.1041 	 0.0487
0.8918 	 -0.2437 	 0.1436 	 -0.1669 	 -0.3471 	 0.2030 	 0.5694 	 0.5473 	 -0.1038 	 -0.0075
0.9018 	 -0.2471 	 0.1456 	 -0.1611 	 -0.3417 	 0.2019 	 0.5691 	 0.5181 	 -0.1249 	 -0.0509
0.9118 	 -0.2505 	 0.1476 	 -0.1554 	 -0.3367 	 0.2004 	 0.5685 	 0.4805 	 -0.1561 	 -0.0715
0.9218 	 -0.2539 	 0.1496 	 -0.1498 	 -0.3321 	 0.1987 	 0.5678 	 0.4452 	 -0.1860 	 -0.0729
0.9319 	 -0.2572 	 0.1516 	 -0.1441 	 -0.3278 	 0.1967 	 0.5671 	 0.4171 	 -0.2091 	 -0.0637
0.9419 	 -0.2605 	 0.1536 	 -0.1384 	 -0.3237 	 0.1946 	 0.5665 	 0.3962 	 -0.2250 	 -0.0507
0.9519 	 -0.2637 	 0.1555 	 -0.1327 	 -0.3198 	 0.1923 	 0.5661 	 0.3812 	 -0.2350 	 -0.0378
0.9619 	 -0.2669 	 0.1574 	 -0.1270 	 -0.3161 	 0.1899 	 0.5657 	 0.3704 	 -0.2409 	 -0.0264
0.9719 	 -0.2700 	 0.1593 	 -0.1214 	 -0.3124 	 0.1874 	 0.5655 	 0.3627 	 -0.2441 	 -0.0169
0.9820 	 -0.2731 	 0.1612 	 -0.1157 	 -0.3088 	 0.1850 	 0.5654 	 0.3572 	 -0.2454 	 -0.0091
0.9920 	 -0.2762 	 0.1630 	 -0.1100 	 -0.3052 	 0.1825 	 0.5653 	 0.3531 	 -0.2455 	 -0.0029
1.0020 	 -0.2793 	 0.1648 	 -0.1044 	 -0.3017 	 0.1801 	 0.5653 	 0.3502 	 -0.2448 	 0.0019
1.0120 	 -0.2823 	 0.1666 	 -0.0987 	 -0.2982 	 0.1776 	 0.5654 	 0.3481 	 -0.2437 	 0.0057
1.0220 	 -0.2852 	 0.1684 	 -0.0931 	 -0.2947 	 0.1752 	 0.5655 	 0.3467 	 -0.2422 	 0.0088
1.0321 	 -0.2882 	 0.1701 	 -0.0874 	 -0.2912 	 0.1728 	 0.5656 	 0.3455 	 -0.2407 	 0.0116
1.0421 	 -0.2911 	 0.1718 	 -0.0817 	 -0.2878 	 0.1704 	 0.5657 	 0.3444 	 -0.2394 	 0.0144
1.0521 	 -0.2939 	 0.1735 	 -0.0760 	 -0.2843 	 0.1680 	 0.5658 	 0.3427 	 -0.2385 	 0.0172
1.0621 	 -0.2968 	 0.1752 	 -0.0704 	 -0.2809 	 0.1656 	 0.5660 	 0.3394 	 -0.2381 	 0.0191
1.0721 	 -0.2996 	 0.1769 	 -0.0647 	 -0.2775 	 0.1632 	 0.5662 	 0.3359 	 -0.2373 	 0.0173
1.0822 	 -0.3023 	 0.1785 	 -0.0590 	 -0.2742 	 0.1608 	 0.5664 	 0.3363 	 -0.2347 	 0.0127
1.0922 	 -0.3051 	 0.1801 	 -0.0534 	 -0.2708 	 0.1585 	 0.5665 	 0.3399 	 -0.2315 	 0.0095
1.1022 	 -0.3078 	 0.1817 	 -0.0477 	 -0.2674 	 0.1562 	 0.5666 	 0.3437 	 -0.2288 	 0.0080
1.1122 	 -0.3104 	 0.1832 	 -0.0420 	 -0.2639 	 0.1539 	 0.5666 	 0.3469 	 -0.2266 	 0.0070
1.1222 	 -0.3130 	 0.1847 	 -0.0363 	 -0.2604 	 0.1516 	 0.5667 	 0.3496 	 -0.2247 	 0.0059
1.1323 	 -0.3156 	 0.1863 	 -0.0306 	 -0.2569 	 0.1494 	 0.5668 	 0.3520 	 -0.2229 	 0.0045
1.1423 	 -0.3182 	 0.1877 	 -0.0250 	 -0.2534 	 0.1472 	 0.5668 	 0.3542 	 -0.2211 	 0.0028
1.1523 	 -0.3207 	 0.1892 	 -0.0193 	 -0.2498 	 0.1450 	 0.5668 	 0.3563 	 -0.2191 	 0.0007
1.1623 	 -0.3232 	 0.1906 	 -0.0136 	 -0.2462 	 0.1428 	 0.5668 	 0.3584 	 -0.2171 	 -0.0016
1.1723 	 -0.3256 	 0.1921 	 -0.0079 	 -0.2426 	 0.1406 	 0.5668 	 0.3603 	 -0.2148 	 -0.0043
1.1824 	 -0.3281 	 0.1935 	 -0.0022 	 -0.2390 	 0.1385 	 0.5667 	 0.3621 	 -0.2125 	 -0.0071
1.1924 	 -0.3304 	 0.1948 	 0.0034 	 -0.2354 	 0.1364 	 0.5666 	 0.3638 	 -0.2099 	 -0.0102
1.2024 	 -0.3328 	 0.1962 	 0.0091 	 -0.2317 	 0.1343 	 0.5665 	 0.3653 	 -0.2072 	 -0.0135
1.2124 	 -0.3351 	 0.1975 	 0.0148 	 -0.2281 	 0.1322 	 0.5664 	 0.3666 	 -0.2043 	 -0.0169
1.2224 	 -0.3373 	 0.1988 	 0.0205 	 -0.2244 	 0.1302 	 0.5662 	 0.3677 	 -0.2013 	 -0.0204
1.2325 	 -0.3396 	 0.2001 	 0.0261 	 -0.2207 	 0.1282 	 0.5659 	 0.3685 	 -0.1981 	 -0.0241
1.2425 	 -0.3418 	 0.2014 	 0.0318 	 -0.2170 	 0.1262 	 0.5657 	 0.3690 	 -0.1949 	 -0.0278
1.2525 	 -0.3439 	 0.2027 	 0.0375 	 -0.2133 	 0.1243 	 0.5654 	 0.3693 	 -0.1915 	 -0.0316
1.2625 	 -0.3460 	 0.2039 	 0.0431 	 -0.2096 	 0.1224 	 0.5651 	 0.3693 	 -0.1881 	 -0.0354
1.2725 	 -0.3481 	 0.2051 	 0.0488 	 -0.2059 	 0.1205 	 0.5647 	 0.3690 	 -0.1846 	 -0.0392
1.2826 	 -0.3502 	 0.2063 	 0.0544 	 -0.2022 	 0.1187 	 0.5643 	 0.3685 	 -0.1812 	 -0.0431
1.2926 	 -0.3522 	 0.2075 	 0.0601 	 -0.1985 	 0.1169 	 0.5638 	 0.3677 	 -0.1779 	 -0.0470
1.3026 	 -0.3541 	 0.2087 	 0.0657 	 -0.1948 	 0.1151 	 0.5633 	 0.3666 	 -0.1747 	 -0.0508
1.3126 	 -0.3561 	 0.2098 	 0.0714 	 -0.1912 	 0.1134 	 0.5628 	 0.3653 	 -0.1716 	 -0.0547
1.3226 	 -0.3580 	 0.2109 	 0.0770 	 -0.1875 	 0.1117 	 0.5622 	 0.3637 	 -0.1686 	 -0.0586
1.3327 	 -0.3598 	 0.2120 	 0.0827 	 -0.1839 	 0.1100 	 0.5616 	 0.3619 	 -0.1659 	 -0.0625
1.3427 	 -0.3617 	 0.2131 	 0.0883 	 -0.1803 	 0.1083 	 0.5610 	 0.3599 	 -0.1633 	 -0.0665
1.3527 	 -0.3634 	 0.2142 	 0.0939 	 -0.1767 	 0.1067 	 0.5603 	 0.3576 	 -0.1609 	 -0.0703
1.3627 	 -0.3652 	 0.2153 	 0.0995 	 -0.1731 	 0.1051 	 0.5596 	 0.3550 	 -0.1587 	 -0.0742
1.3727 	 -0.3669 	 0.2163 	 0.1051 	 -0.1696 	 0.1035 	 0.5588 	 0.3521 	 -0.1567 	 -0.0780
1.3828 	 -0.3686 	 0.2174 	 0.1107 	 -0.1660 	 0.1020 	 0.5580 	 0.3490 	 -0.1549 	 -0.0817
1.3928 	 -0.3702 	 0.2184 	 0.1163 	 -0.1626 	 0.1004 	 0.5572 	 0.3456 	 -0.1533 	 -0.0852
1.4028 	 -0.3719 	 0.2194 	 0.1219 	 -0.1591 	 0.0989 	 0.5563 	 0.3419 	 -0.1518 	 -0.0886
1.4128 	 -0.3734 	 0.2203 	 0.1274 	 -0.1557 	 0.0974 	 0.5554 	 0.3380 	 -0.1506 	 -0.0918
1.4228 	 -0.3750 	 0.2213 	 0.1330 	 -0.1523 	 0.0959 	 0.5545 	 0.3339 	 -0.1494 	 -0.0948
1.4329 	 -0.3765 	 0.2223 	 0.1385 	 -0.1490 	 0.0944 	 0.5535 	 0.3296 	 -0.1485 	 -0.0974
1.4429 	 -0.3780 	 0.2232 	 0.1441 	 -0.1457 	 0.0929 	 0.5525 	 0.3252 	 -0.1477 	 -0.0997
1.4529 	 -0.3794 	 0.2241 	 0.1496 	 -0.1425 	 0.0914 	 0.5515 	 0.3207 	 -0.1470 	 -0.1018
1.4629 	 -0.3808 	 0.2250 	 0.1551 	 -0.1393 	 0.0900 	 0.5505 	 0.3161 	 -0.1464 	 -0.1035
1.4729 	 -0.3822 	 0.2259 	 0.1607 	 -0.1362 	 0.0885 	 0.5494 	 0.3116 	 -0.1460 	 -0.1048
1.4830 	 -0.3835 	 0.2268 	 0.1662 	 -0.1331 	 0.0870 	 0.5484 	 0.3072 	 -0.1457 	 -0.1059
1.4930 	 -0.3849 	 0.2277 	 0.1716 	 -0.1300 	 0.0856 	 0.5473 	 0.3029 	 -0.1455 	 -0.1067
1.5030 	 -0.3862 	 0.2285 	 0.1771 	 -0.1270 	 0.0841 	 0.5462 	 0.2988 	 -0.1453 	 -0.1073
1.5130 	 -0.3874 	 0.2294 	 0.1826 	 -0.1240 	 0.0827 	 0.5452 	 0.2948 	 -0.1453 	 -0.1076
1.5230 	 -0.3886 	 0.2302 	 0.1880 	 -0.1211 	 0.0812 	 0.5441 	 0.2911 	 -0.1453 	 -0.1078
1.5331 	 -0.3898 	 0.2310 	 0.1935 	 -0.1182 	 0.0798 	 0.5430 	 0.2875 	 -0.1453 	 -0.1078
1.5431 	 -0.3910 	 0.2318 	 0.1989 	 -0.1153 	 0.0783 	 0.5419 	 0.2842 	 -0.1454 	 -0.1078
1.5531 	 -0.3922 	 0.2326 	 0.2044 	 -0.1125 	 0.0768 	 0.5408 	 0.2811 	 -0.1456 	 -0.1076
1.5631 	 -0.3933 	 0.2333 	 0.2098 	 -0.1097 	 0.0754 	 0.5398 	 0.2782 	 -0.1457 	 -0.1074
1.5731 	 -0.3943 	 0.2341 	 0.2152 	 -0.1069 	 0.0739 	 0.5387 	 0.2755 	 -0.1459 	 -0.1071
1.5832 	 -0.3954 	 0.2348 	 0.2206 	 -0.1042 	 0.0725 	 0.5376 	 0.2731 	 -0.1462 	 -0.1069
1.5932 	 -0.3964 	 0.2355 	 0.2259 	 -0.1014 	 0.0710 	 0.5365 	 0.2708 	 -0.1464 	 -0.1066
1.6032 	 -0.3974 	 0.2362 	 0.2313 	 -0.0987 	 0.0695 	 0.5355 	 0.2687 	 -0.1467 	 -0.1064
1.6132 	 -0.3984 	 0.2369 	 0.2367 	 -0.0961 	 0.0680 	 0.5344 	 0.2667 	 -0.1469 	 -0.1062
1.6232 	 -0.3994 	 0.2376 	 0.2420 	 -0.0934 	 0.0666 	 0.5333 	 0.2649 	 -0.1472 	 -0.1060
1.6333 	 -0.4003 	 0.2383 	 0.2474 	 -0.0907 	 0.0651 	 0.5323 	 0.2633 	 -0.1475 	 -0.1059
1.6433 	 -0.4012 	 0.2389 	 0.2527 	 -0.0881 	 0.0636 	 0.5312 	 0.2618 	 -0.1478 	 -0.1059
1.6533 	 -0.4021 	 0.2395 	 0.2580 	 -0.0855 	 0.0621 	 0.5302 	 0.2603 	 -0.1480 	 -0.1059
1.6633 	 -0.4029 	 0.2401 	 0.2633 	 -0.0829 	 0.0607 	 0.5291 	 0.2590 	 -0.1483 	 -0.1060
1.6733 	 -0.4037 	 0.2407 	 0.2686 	 -0.0803 	 0.0592 	 0.5280 	 0.2578 	 -0.1485 	 -0.1062
1.6834 	 -0.4045 	 0.2413 	 0.2739 	 -0.0777 	 0.0577 	 0.5270 	 0.2566 	 -0.1488 	 -0.1065
1.6934 	 -0.4053 	 0.2419 	 0.2792 	 -0.0752 	 0.0562 	 0.5259 	 0.2555 	 -0.1490 	 -0.1068
1.7034 	 -0.4060 	 0.2425 	 0.2844 	 -0.0726 	 0.0547 	 0.5248 	 0.2546 	 -0.1492 	 -0.1072
1.7134 	 -0.4067 	 0.2430 	 0.2897 	 -0.0701 	 0.0532 	 0.5238 	 0.2544 	 -0.1500 	 -0.1079
1.7234 	 -0.4074 	 0.2435 	 0.2949 	 -0.0675 	 0.0517 	 0.5227 	 0.2551 	 -0.1516 	 -0.1089
1.7335 	 -0.4081 	 0.2440 	 0.3002 	 -0.0649 	 0.0502 	 0.5216 	 0.2562 	 -0.1541 	 -0.1107
1.7435 	 -0.4087 	 0.2445 	 0.3054 	 -0.0624 	 0.0486 	 0.5205 	 0.2574 	 -0.1576 	 -0.1134
1.7535 	 -0.4093 	 0.2450 	 0.3106 	 -0.0598 	 0.0470 	 0.5193 	 0.2578 	 -0.1618 	 -0.1173
1.7635 	 -0.4099 	 0.2455 	 0.3158 	 -0.0572 	 0.0453 	 0.5181 	 0.2563 	 -0.1663 	 -0.1223
1.7735 	 -0.4105 	 0.2459 	 0.3210 	 -0.0547 	 0.0437 	 0.5168 	 0.2524 	 -0.1700 	 -0.1276
1.7836 	 -0.4110 	 0.2463 	 0.3261 	 -0.0522 	 0.0419 	 0.5155 	 0.2461 	 -0.1718 	 -0.1324
1.7936 	 -0.4115 	 0.2468 	 0.3313 	 -0.0497 	 0.0402 	 0.5142 	 0.2386 	 -0.1713 	 -0.1356
1.8036 	 -0.4120 	 0.2471 	 0.3365 	 -0.0474 	 0.0385 	 0.5128 	 0.2312 	 -0.1689 	 -0.1370
1.8136 	 -0.4125 	 0.2475 	 0.3416 	 -0.0451 	 0.0368 	 0.5115 	 0.2248 	 -0.1654 	 -0.1370
1.8236 	 -0.4129 	 0.2479 	 0.3467 	 -0.0429 	 0.0352 	 0.5101 	 0.2197 	 -0.1616 	 -0.1361
1.8337 	 -0.4133 	 0.2482 	 0.3518 	 -0.0407 	 0.0336 	 0.5087 	 0.2159 	 -0.1580 	 -0.1349
1.8437 	 -0.4137 	 0.2486 	 0.3569 	 -0.0385 	 0.0320 	 0.5074 	 0.2130 	 -0.1548 	 -0.1337
1.8537 	 -0.4141 	 0.2489 	 0.3620 	 -0.0364 	 0.0305 	 0.5060 	 0.2108 	 -0.1520 	 -0.1326
1.8637 	 -0.4145 	 0.2492 	 0.3670 	 -0.0343 	 0.0290 	 0.5047 	 0.2091 	 -0.1496 	 -0.1317
1.8737 	 -0.4148 	 0.2495 	 0.3721 	 -0.0322 	 0.0275 	 0.5034 	 0.2077 	 -0.1476 	 -0.1309
1.8838 	 -0.4151 	 0.2497 	 0.3771 	 -0.0302 	 0.0260 	 0.5021 	 0.2064 	 -0.1459 	 -0.1304
1.8938 	 -0.4154 	 0.2500 	 0.3822 	 -0.0281 	 0.0246 	 0.5008 	 0.2053 	 -0.1443 	 -0.1300
1.9038 	 -0.4157 	 0.2502 	 0.3872 	 -0.0260 	 0.0231 	 0.4995 	 0.2042 	 -0.1430 	 -0.1298
1.9138 	 -0.4159 	 0.2504 	 0.3922 	 -0.0240 	 0.0217 	 0.4982 	 0.2031 	 -0.1417 	 -0.1296
1.9238 	 -0.4161 	 0.2506 	 0.3971 	 -0.0220 	 0.0203 	 0.4969 	 0.2021 	 -0.1406 	 -0.1296
1.9339 	 -0.4164 	 0.2508 	 0.4021 	 -0.0199 	 0.0189 	 0.4956 	 0.2011 	 -0.1395 	 -0.1295
1.9439 	 -0.4165 	 0.2510 	 0.4071 	 -0.0179 	 0.0175 	 0.4943 	 0.2001 	 -0.1385 	 -0.1296
1.9539 	 -0.4167 	 0.2512 	 0.4120 	 -0.0159 	 0.0161 	 0.4930 	 0.1991 	 -0.1376 	 -0.1296
1.9639 	 -0.4169 	 0.2514 	 0.4170 	 -0.0139 	 0.0147 	 0.4917 	 0.1981 	 -0.1367 	 -0.1296
1.9739 	 -0.4170 	 0.2515 	 0.4219 	 -0.0120 	 0.0134 	 0.4904 	 0.1971 	 -0.1358 	 -0.1297
1.9840 	 -0.4171 	 0.2516 	 0.4268 	 -0.0100 	 0.0120 	 0.4891 	 0.1955 	 -0.1344 	 -0.1258
1.9940 	 -0.4172 	 0.2517 	 0.4317 	 -0.0080 	 0.0107 	 0.4878 	 0.1945 	 -0.1336 	 -0.1259
2.0040 	 -0.4173 	 0.2518 	 0.4366 	 -0.0061 	 0.0093 	 0.4866 	 0.1936 	 -0.1328 	 -0.1259
2.0140 	 -0.4173 	 0.2519 	 0.4414 	 -0.0042 	 0.0080 	 0.4853 	 0.1926 	 -0.1320 	 -0.1259
2.0240 	 -0.4174 	 0.2520 	 0.4463 	 -0.0022 	 0.0067 	 0.4841 	 0.1917 	 -0.1312 	 -0.1259
2.0341 	 -0.4174 	 0.2521 	 0.4511 	 -0.0003 	 0.0054 	 0.4828 	 0.1909 	 -0.1304 	 -0.1258
2.0441 	 -0.4174 	 0.2521 	 0.4560 	 0.0016 	 0.0041 	 0.4815 	 0.1900 	 -0.1296 	 -0.1257
2.0541 	 -0.4173 	 0.2521 	 0.4608 	 0.0035 	 0.0028 	 0.4803 	 0.1892 	 -0.1289 	 -0.1256
2.0641 	 -0.4173 	 0.2522 	 0.4656 	 0.0054 	 0.0015 	 0.4790 	 0.1884 	 -0.1281 	 -0.1255
2.0741 	 -0.4172 	 0.2522 	 0.4704 	 0.0073 	 0.0002 	 0.4778 	 0.1877 	 -0.1274 	 -0.1253
2.0842 	 -0.4171 	 0.2522 	 0.4752 	 0.0091 	 -0.0010 	 0.4765 	 0.1870 	 -0.1267 	 -0.1251
2.0942 	 -0.4170 	 0.2521 	 0.4799 	 0.0110 	 -0.0023 	 0.4753 	 0.1863 	 -0.1260 	 -0.1249
2.1042 	 -0.4169 	 0.2521 	 0.4847 	 0.0129 	 -0.0036 	 0.4740 	 0.1857 	 -0.1252 	 -0.1247
2.1142 	 -0.4168 	 0.2521 	 0.4894 	 0.0147 	 -0.0048 	 0.4728 	 0.1851 	 -0.1245 	 -0.1244
2.1242 	 -0.4166 	 0.2520 	 0.4942 	 0.0166 	 -0.0061 	 0.4715 	 0.1846 	 -0.1239 	 -0.1241
2.1343 	 -0.4165 	 0.2520 	 0.4989 	 0.0184 	 -0.0073 	 0.4703 	 0.1841 	 -0.1232 	 -0.1238
2.1443 	 -0.4163 	 0.2519 	 0.5036 	 0.0203 	 -0.0085 	 0.4690 	 0.1837 	 -0.1225 	 -0.1235
2.1543 	 -0.4160 	 0.2518 	 0.5083 	 0.0221 	 -0.0098 	 0.4678 	 0.1834 	 -0.1219 	 -0.1231
2.1643 	 -0.4158 	 0.2517 	 0.5130 	 0.0239 	 -0.0110 	 0.4666 	 0.1831 	 -0.1214 	 -0.1227
2.1743 	 -0.4156 	 0.2516 	 0.5176 	 0.0258 	 -0.0122 	 0.4653 	 0.1829 	 -0.1210 	 -0.1222
2.1844 	 -0.4153 	 0.2514 	 0.5223 	 0.0276 	 -0.0134 	 0.4641 	 0.1827 	 -0.1206 	 -0.1217
2.1944 	 -0.4150 	 0.2513 	 0.5269 	 0.0294 	 -0.0146 	 0.4629 	 0.1827 	 -0.1204 	 -0.1211
2.2044 	 -0.4147 	 0.2511 	 0.5316 	 0.0313 	 -0.0158 	 0.4617 	 0.1827 	 -0.1202 	 -0.1204
2.2144 	 -0.4144 	 0.2510 	 0.5362 	 0.0331 	 -0.0170 	 0.4605 	 0.1828 	 -0.1202 	 -0.1198
2.2244 	 -0.4140 	 0.2508 	 0.5408 	 0.0349 	 -0.0182 	 0.4593 	 0.1829 	 -0.1204 	 -0.1191
2.2345 	 -0.4137 	 0.2506 	 0.5454 	 0.0368 	 -0.0194 	 0.4581 	 0.1832 	 -0.1207 	 -0.1183
2.2445 	 -0.4133 	 0.2504 	 0.5500 	 0.0386 	 -0.0206 	 0.4569 	 0.1834 	 -0.1211 	 -0.1176
2.2545 	 -0.4129 	 0.2502 	 0.5545 	 0.0404 	 -0.0219 	 0.4558 	 0.1837 	 -0.1218 	 -0.1169
2.2645 	 -0.4125 	 0.2500 	 0.5591 	 0.0423 	 -0.0231 	 0.4546 	 0.1841 	 -0.1227 	 -0.1162
2.2745 	 -0.4121 	 0.2497 	 0.5637 	 0.0441 	 -0.0243 	 0.4534 	 0.1844 	 -0.1237 	 -0.1157
2.2846 	 -0.4116 	 0.2495 	 0.5682 	 0.0460 	 -0.0256 	 0.4523 	 0.1847 	 -0.1250 	 -0.1152
2.2946 	 -0.4111 	 0.2492 	 0.5727 	 0.0478 	 -0.0268 	 0.4511 	 0.1850 	 -0.1265 	 -0.1150
2.3046 	 -0.4107 	 0.2489 	 0.5772 	 0.0497 	 -0.0281 	 0.4500 	 0.1852 	 -0.1281 	 -0.1149
2.3146 	 -0.4101 	 0.2487 	 0.5817 	 0.0515 	 -0.0294 	 0.4488 	 0.1852 	 -0.1297 	 -0.1152
2.3246 	 -0.4096 	 0.2484 	 0.5862 	 0.0534 	 -0.0307 	 0.4477 	 0.1851 	 -0.1314 	 -0.1157
2.3347 	 -0.4091 	 0.2480 	 0.5907 	 0.0553 	 -0.0320 	 0.4465 	 0.1848 	 -0.1329 	 -0.1167
2.3447 	 -0.4085 	 0.2477 	 0.5952 	 0.0571 	 -0.0334 	 0.4453 	 0.1843 	 -0.1342 	 -0.1179
2.3547 	 -0.4079 	 0.2474 	 0.5996 	 0.0589 	 -0.0347 	 0.4441 	 0.1836 	 -0.1351 	 -0.1195
2.3647 	 -0.4073 	 0.2470 	 0.6041 	 0.0608 	 -0.0361 	 0.4429 	 0.1828 	 -0.1355 	 -0.1213
2.3747 	 -0.4067 	 0.2467 	 0.6085 	 0.0626 	 -0.0374 	 0.4417 	 0.1820 	 -0.1354 	 -0.1233
2.3848 	 -0.4061 	 0.2463 	 0.6129 	 0.0644 	 -0.0388 	 0.4404 	 0.1811 	 -0.1346 	 -0.1253
2.3948 	 -0.4054 	 0.2459 	 0.6173 	 0.0662 	 -0.0401 	 0.4392 	 0.1804 	 -0.1333 	 -0.1272
2.4048 	 -0.4048 	 0.2455 	 0.6217 	 0.0680 	 -0.0415 	 0.4379 	 0.1798 	 -0.1314 	 -0.1289
2.4148 	 -0.4041 	 0.2450 	 0.6261 	 0.0698 	 -0.0428 	 0.4366 	 0.1795 	 -0.1292 	 -0.1303
2.4248 	 -0.4034 	 0.2446 	 0.6305 	 0.0716 	 -0.0440 	 0.4353 	 0.1793 	 -0.1267 	 -0.1314
2.4349 	 -0.4026 	 0.2442 	 0.6348 	 0.0734 	 -0.0453 	 0.4340 	 0.1795 	 -0.1240 	 -0.1323
2.4449 	 -0.4019 	 0.2437 	 0.6392 	 0.0752 	 -0.0465 	 0.4326 	 0.1798 	 -0.1213 	 -0.1328
2.4549 	 -0.4011 	 0.2432 	 0.6435 	 0.0770 	 -0.0477 	 0.4313 	 0.1804 	 -0.1186 	 -0.1331
2.4649 	 -0.4003 	 0.2427 	 0.6478 	 0.0789 	 -0.0489 	 0.4300 	 0.1813 	 -0.1160 	 -0.1332
2.4749 	 -0.3995 	 0.2422 	 0.6521 	 0.0807 	 -0.0501 	 0.4286 	 0.1823 	 -0.1136 	 -0.1332
2.4850 	 -0.3987 	 0.2417 	 0.6564 	 0.0825 	 -0.0512 	 0.4273 	 0.1834 	 -0.1113 	 -0.1330
2.4950 	 -0.3979 	 0.2412 	 0.6607 	 0.0844 	 -0.0523 	 0.4260 	 0.1847 	 -0.1091 	 -0.1327
2.5050 	 -0.3970 	 0.2407 	 0.6649 	 0.0862 	 -0.0534 	 0.4246 	 0.1861 	 -0.1071 	 -0.1323
2.5150 	 -0.3962 	 0.2402 	 0.6692 	 0.0881 	 -0.0544 	 0.4233 	 0.1876 	 -0.1052 	 -0.1320
2.5251 	 -0.3953 	 0.2396 	 0.6734 	 0.0900 	 -0.0555 	 0.4220 	 0.1892 	 -0.1035 	 -0.1316
2.5351 	 -0.3944 	 0.2390 	 0.6776 	 0.0919 	 -0.0565 	 0.4207 	 0.1909 	 -0.1019 	 -0.1312
2.5451 	 -0.3934 	 0.2385 	 0.6819 	 0.0938 	 -0.0575 	 0.4194 	 0.1927 	 -0.1004 	 -0.1308
2.5551 	 -0.3925 	 0.2379 	 0.6861 	 0.0957 	 -0.0585 	 0.4181 	 0.1945 	 -0.0990 	 -0.1304
2.5651 	 -0.3915 	 0.2373 	 0.6902 	 0.0977 	 -0.0595 	 0.4168 	 0.1964 	 -0.0977 	 -0.1301
2.5752 	 -0.3905 	 0.2367 	 0.6944 	 0.0997 	 -0.0605 	 0.4155 	 0.1983 	 -0.0965 	 -0.1298
2.5852 	 -0.3895 	 0.2361 	 0.6986 	 0.1017 	 -0.0614 	 0.4142 	 0.2004 	 -0.0953 	 -0.1295
2.5952 	 -0.3885 	 0.2355 	 0.7027 	 0.1037 	 -0.0624 	 0.4129 	 0.2024 	 -0.0942 	 -0.1293
2.6052 	 -0.3874 	 0.2348 	 0.7068 	 0.1057 	 -0.0633 	 0.4116 	 0.2046 	 -0.0931 	 -0.1291
2.6152 	 -0.3864 	 0.2342 	 0.7110 	 0.1078 	 -0.0643 	 0.4103 	 0.2067 	 -0.0920 	 -0.1289
2.6253 	 -0.3853 	 0.2335 	 0.7151 	 0.1099 	 -0.0652 	 0.4090 	 0.2090 	 -0.0910 	 -0.1288
2.6353 	 -0.3842 	 0.2329 	 0.7191 	 0.1120 	 -0.0661 	 0.4077 	 0.2113 	 -0.0900 	 -0.1288
2.6453 	 -0.3830 	 0.2322 	 0.7232 	 0.1141 	 -0.0670 	 0.4064 	 0.2137 	 -0.0890 	 -0.1287
2.6553 	 -0.3819 	 0.2315 	 0.7273 	 0.1163 	 -0.0679 	 0.4051 	 0.2161 	 -0.0879 	 -0.1288
2.6653 	 -0.3807 	 0.2309 	 0.7313 	 0.1184 	 -0.0687 	 0.4038 	 0.2186 	 -0.0869 	 -0.1288
2.6754 	 -0.3795 	 0.2302 	 0.7354 	 0.1206 	 -0.0696 	 0.4025 	 0.2211 	 -0.0859 	 -0.1290
2.6854 	 -0.3783 	 0.2295 	 0.7394 	 0.1229 	 -0.0705 	 0.4012 	 0.2237 	 -0.0848 	 -0.1292
2.6954 	 -0.3770 	 0.2288 	 0.7434 	 0.1251 	 -0.0713 	 0.3999 	 0.2264 	 -0.0837 	 -0.1294
2.7054 	 -0.3758 	 0.2280 	 0.7474 	 0.1274 	 -0.0721 	 0.3986 	 0.2291 	 -0.0826 	 -0.1297
2.7154 	 -0.3745 	 0.2273 	 0.7514 	 0.1297 	 -0.0730 	 0.3973 	 0.2319 	 -0.0815 	 -0.1300
2.7255 	 -0.3732 	 0.2266 	 0.7554 	 0.1321 	 -0.0738 	 0.3960 	 0.2347 	 -0.0803 	 -0.1304
2.7355 	 -0.3718 	 0.2258 	 0.7593 	 0.1344 	 -0.0746 	 0.3947 	 0.2376 	 -0.0790 	 -0.1308
2.7455 	 -0.3705 	 0.2251 	 0.7633 	 0.1368 	 -0.0753 	 0.3934 	 0.2405 	 -0.0777 	 -0.1313
2.7555 	 -0.3691 	 0.2243 	 0.7672 	 0.1392 	 -0.0761 	 0.3921 	 0.2435 	 -0.0763 	 -0.1318
2.7655 	 -0.3677 	 0.2236 	 0.7712 	 0.1417 	 -0.0769 	 0.3908 	 0.2466 	 -0.0749 	 -0.1324
2.7756 	 -0.3662 	 0.2228 	 0.7751 	 0.1442 	 -0.0776 	 0.3894 	 0.2497 	 -0.0733 	 -0.1330
2.7856 	 -0.3648 	 0.2220 	 0.7790 	 0.1467 	 -0.0783 	 0.3881 	 0.2528 	 -0.0717 	 -0.1336
2.7956 	 -0.3633 	 0.2212 	 0.7828 	 0.1492 	 -0.0791 	 0.3868 	 0.2561 	 -0.0700 	 -0.1343
2.8056 	 -0.3618 	 0.2204 	 0.7867 	 0.1518 	 -0.0798 	 0.3854 	 0.2593 	 -0.0682 	 -0.1350
2.8156 	 -0.3603 	 0.2196 	 0.7906 	 0.1544 	 -0.0804 	 0.3841 	 0.2626 	 -0.0662 	 -0.1358
2.8257 	 -0.3587 	 0.2188 	 0.7944 	 0.1571 	 -0.0811 	 0.3827 	 0.2660 	 -0.0642 	 -0.1366
2.8357 	 -0.3571 	 0.2180 	 0.7982 	 0.1598 	 -0.0817 	 0.3813 	 0.2693 	 -0.0620 	 -0.1374
2.8457 	 -0.3555 	 0.2172 	 0.8020 	 0.1625 	 -0.0823 	 0.3799 	 0.2727 	 -0.0597 	 -0.1382
2.8557 	 -0.3539 	 0.2163 	 0.8058 	 0.1652 	 -0.0829 	 0.3786 	 0.2762 	 -0.0573 	 -0.1390
2.8657 	 -0.3522 	 0.2155 	 0.8096 	 0.1680 	 -0.0835 	 0.3772 	 0.2796 	 -0.0547 	 -0.1399
2.8758 	 -0.3505 	 0.2147 	 0.8134 	 0.1708 	 -0.0840 	 0.3758 	 0.2831 	 -0.0520 	 -0.1407
2.8858 	 -0.3488 	 0.2138 	 0.8172 	 0.1737 	 -0.0845 	 0.3743 	 0.2866 	 -0.0491 	 -0.1415
2.8958 	 -0.3470 	 0.2130 	 0.8209 	 0.1766 	 -0.0850 	 0.3729 	 0.2902 	 -0.0460 	 -0.1422
2.9058 	 -0.3452 	 0.2121 	 0.8246 	 0.1795 	 -0.0854 	 0.3715 	 0.2937 	 -0.0427 	 -0.1430
2.9158 	 -0.3434 	 0.2113 	 0.8284 	 0.1825 	 -0.0858 	 0.3701 	 0.2973 	 -0.0393 	 -0.1436
2.9259 	 -0.3416 	 0.2104 	 0.8321 	 0.1855 	 -0.0862 	 0.3686 	 0.3009 	 -0.0356 	 -0.1442
2.9359 	 -0.3397 	 0.2095 	 0.8357 	 0.1885 	 -0.0866 	 0.3672 	 0.3045 	 -0.0318 	 -0.1447
2.9459 	 -0.3378 	 0.2087 	 0.8394 	 0.1916 	 -0.0869 	 0.3657 	 0.3082 	 -0.0277 	 -0.1451
2.9559 	 -0.3359 	 0.2078 	 0.8431 	 0.1947 	 -0.0871 	 0.3643 	 0.3118 	 -0.0234 	 -0.1453
2.9659 	 -0.3339 	 0.2069 	 0.8467 	 0.1978 	 -0.0873 	 0.3628 	 0.3156 	 -0.0189 	 -0.1454
2.9760 	 -0.3319 	 0.2060 	 0.8503 	 0.2010 	 -0.0875 	 0.3613 	 0.3194 	 -0.0141 	 -0.1453
2.9860 	 -0.3299 	 0.2052 	 0.8540 	 0.2042 	 -0.0876 	 0.3599 	 0.3232 	 -0.0090 	 -0.1450
2.9960 	 -0.3278 	 0.2043 	 0.8576 	 0.2075 	 -0.0877 	 0.3584 	 0.3271 	 -0.0037 	 -0.1445
3.0060 	 -0.3257 	 0.2034 	 0.8611 	 0.2108 	 -0.0877 	 0.3570 	 0.3311 	 0.0020 	 -0.1437
3.0160 	 -0.3236 	 0.2025 	 0.8647 	 0.2141 	 -0.0876 	 0.3556 	 0.3352 	 0.0080 	 -0.1426
3.0261 	 -0.3214 	 0.2017 	 0.8683 	 0.2175 	 -0.0875 	 0.3541 	 0.3395 	 0.0143 	 -0.1412
3.0361 	 -0.3192 	 0.2008 	 0.8718 	 0.2209 	 -0.0873 	 0.3527 	 0.3439 	 0.0211 	 -0.1394
3.0461 	 -0.3170 	 0.1999 	 0.8753 	 0.2244 	 -0.0871 	 0.3513 	 0.3484 	 0.0282 	 -0.1372
3.0561 	 -0.3147 	 0.1990 	 0.8788 	 0.2279 	 -0.0868 	 0.3500 	 0.3531 	 0.0358 	 -0.1345
3.0661 	 -0.3124 	 0.1982 	 0.8823 	 0.2315 	 -0.0864 	 0.3487 	 0.3581 	 0.0439 	 -0.1313
3.0762 	 -0.3101 	 0.1973 	 0.8858 	 0.2351 	 -0.0859 	 0.3474 	 0.3632 	 0.0526 	 -0.1276
3.0862 	 -0.3077 	 0.1965 	 0.8893 	 0.2387 	 -0.0853 	 0.3461 	 0.3687 	 0.0619 	 -0.1231
3.0962 	 -0.3053 	 0.1956 	 0.8928 	 0.2425 	 -0.0846 	 0.3449 	 0.3744 	 0.0718 	 -0.1180
3.1062 	 -0.3028 	 0.1948 	 0.8962 	 0.2463 	 -0.0839 	 0.3437 	 0.3805 	 0.0825 	 -0.1121
3.1162 	 -0.3004 	 0.1939 	 0.8997 	 0.2501 	 -0.0830 	 0.3426 	 0.3869 	 0.0940 	 -0.1052
3.1263 	 -0.2978 	 0.1931 	 0.9031 	 0.2540 	 -0.0820 	 0.3416 	 0.3937 	 0.1065 	 -0.0973
3.1363 	 -0.2953 	 0.1923 	 0.9065 	 0.2580 	 -0.0809 	 0.3407 	 0.4009 	 0.1200 	 -0.0882
3.1463 	 -0.2927 	 0.1915 	 0.9099 	 0.2620 	 -0.0796 	 0.3399 	 0.4085 	 0.1346 	 -0.0778
3.1563 	 -0.2900 	 0.1907 	 0.9133 	 0.2662 	 -0.0782 	 0.3391 	 0.4165 	 0.1506 	 -0.0659
3.1663 	 -0.2873 	 0.1899 	 0.9167 	 0.2704 	 -0.0766 	 0.3386 	 0.4249 	 0.1681 	 -0.0523
3.1764 	 -0.2846 	 0.1892 	 0.9201 	 0.2747 	 -0.0748 	 0.3381 	 0.4338 	 0.1873 	 -0.0367
3.1864 	 -0.2818 	 0.1884 	 0.9235 	 0.2791 	 -0.0728 	 0.3378 	 0.4429 	 0.2085 	 -0.0188
3.1964 	 -0.2790 	 0.1877 	 0.9269 	 0.2836 	 -0.0706 	 0.3377 	 0.4524 	 0.2318 	 0.0017
3.2064 	 -0.2761 	 0.1870 	 0.9303 	 0.2881 	 -0.0681 	 0.3379 	 0.4620 	 0.2576 	 0.0253
3.2164 	 -0.2732 	 0.1863 	 0.9336 	 0.2928 	 -0.0654 	 0.3383 	 0.4715 	 0.2862 	 0.0526
3.2265 	 -0.2703 	 0.1857 	 0.9370 	 0.2976 	 -0.0624 	 0.3389 	 0.4807 	 0.3181 	 0.0840
3.2365 	 -0.2673 	 0.1851 	 0.9404 	 0.3025 	 -0.0590 	 0.3400 	 0.4892 	 0.3536 	 0.1204
3.2465 	 -0.2642 	 0.1845 	 0.9439 	 0.3074 	 -0.0553 	 0.3414 	 0.4964 	 0.3932 	 0.1627
3.2565 	 -0.2611 	 0.1840 	 0.9473 	 0.3124 	 -0.0511 	 0.3432 	 0.5014 	 0.4375 	 0.2118
3.2665 	 -0.2580 	 0.1835 	 0.9507 	 0.3174 	 -0.0465 	 0.3456 	 0.5033 	 0.4868 	 0.2691
3.2766 	 -0.2547 	 0.1830 	 0.9542 	 0.3225 	 -0.0414 	 0.3487 	 0.5002 	 0.5423 	 0.3390
3.2866 	 -0.2515 	 0.1827 	 0.9577 	 0.3274 	 -0.0356 	 0.3524 	 0.4903 	 0.6033 	 0.4170
3.2966 	 -0.2482 	 0.1823 	 0.9613 	 0.3323 	 -0.0293 	 0.3571 	 0.4706 	 0.6703 	 0.5079
3.3066 	 -0.2448 	 0.1821 	 0.9649 	 0.3368 	 -0.0222 	 0.3627 	 0.4372 	 0.7431 	 0.6134
3.3166 	 -0.2414 	 0.1819 	 0.9686 	 0.3410 	 -0.0143 	 0.3694 	 0.3850 	 0.8205 	 0.7352
3.3267 	 -0.2380 	 0.1818 	 0.9723 	 0.3445 	 -0.0057 	 0.3775 	 0.3075 	 0.9003 	 0.8739
3.3367 	 -0.2345 	 0.1818 	 0.9761 	 0.3470 	 0.0037 	 0.3870 	 0.1968 	 0.9781 	 1.0290
3.3467 	 -0.2311 	 0.1819 	 0.9801 	 0.3483 	 0.0138 	 0.3981 	 0.0442 	 1.0473 	 1.1971
3.3567 	 -0.2276 	 0.1821 	 0.9841 	 0.3477 	 0.0246 	 0.4110 	 -0.1588 	 1.0978 	 1.3708
3.3667 	 -0.2241 	 0.1824 	 0.9883 	 0.3449 	 0.0357 	 0.4256 	 -0.4177 	 1.1161 	 1.5369
3.3768 	 -0.2207 	 0.1828 	 0.9927 	 0.3392 	 0.0468 	 0.4417 	 -0.7312 	 1.0863 	 1.6758
3.3868 	 -0.2173 	 0.1833 	 0.9972 	 0.3301 	 0.0573 	 0.4590 	 -1.0861 	 0.9936 	 1.7621
3.3968 	 -0.2141 	 0.1839 	 1.0019 	 0.3174 	 0.0665 	 0.4767 	 -1.4547 	 0.8296 	 1.7705
3.4068 	 -0.2110 	 0.1846 	 1.0067 	 0.3010 	 0.0737 	 0.4941 	 -1.7962 	 0.5985 	 1.6832
3.4168 	 -0.2081 	 0.1854 	 1.0118 	 0.2816 	 0.0783 	 0.5101 	 -2.0661 	 0.3200 	 1.4991
3.4269 	 -0.2054 	 0.1862 	 1.0169 	 0.2600 	 0.0800 	 0.5239 	 -2.2304 	 0.0257 	 1.2377
3.4369 	 -0.2029 	 0.1870 	 1.0222 	 0.2373 	 0.0789 	 0.5348 	 -2.2766 	 -0.2500 	 0.9330
3.4469 	 -0.2006 	 0.1877 	 1.0276 	 0.2147 	 0.0752 	 0.5426 	 -2.2159 	 -0.4808 	 0.6231
3.4569 	 -0.1986 	 0.1885 	 1.0331 	 0.1932 	 0.0694 	 0.5474 	 -2.0751 	 -0.6536 	 0.3385
3.4669 	 -0.1967 	 0.1891 	 1.0386 	 0.1733 	 0.0623 	 0.5495 	 -1.8861 	 -0.7680 	 0.0973
3.4770 	 -0.1951 	 0.1897 	 1.0441 	 0.1554 	 0.0542 	 0.5495 	 -1.6769 	 -0.8320 	 -0.0944
3.4870 	 -0.1936 	 0.1902 	 1.0496 	 0.1397 	 0.0457 	 0.5478 	 -1.4677 	 -0.8569 	 -0.2389
3.4970 	 -0.1923 	 0.1906 	 1.0551 	 0.1260 	 0.0371 	 0.5448 	 -1.2712 	 -0.8537 	 -0.3427
3.5070 	 -0.1911 	 0.1910 	 1.0605 	 0.1141 	 0.0287 	 0.5410 	 -1.0937 	 -0.8321 	 -0.4138
3.5170 	 -0.1900 	 0.1912 	 1.0659 	 0.1040 	 0.0205 	 0.5366 	 -0.9373 	 -0.7993 	 -0.4596
3.5271 	 -0.1890 	 0.1914 	 1.0712 	 0.0953 	 0.0127 	 0.5319 	 -0.8018 	 -0.7604 	 -0.4865
3.5371 	 -0.1881 	 0.1915 	 1.0766 	 0.0878 	 0.0053 	 0.5269 	 -0.6854 	 -0.7190 	 -0.4998
3.5471 	 -0.1872 	 0.1915 	 1.0818 	 0.0815 	 -0.0017 	 0.5219 	 -0.5861 	 -0.6773 	 -0.5032
3.5571 	 -0.1864 	 0.1914 	 1.0870 	 0.0760 	 -0.0083 	 0.5169 	 -0.5015 	 -0.6367 	 -0.4998
3.5671 	 -0.1857 	 0.1913 	 1.0922 	 0.0714 	 -0.0145 	 0.5119 	 -0.4295 	 -0.5981 	 -0.4917
3.5772 	 -0.1850 	 0.1911 	 1.0973 	 0.0674 	 -0.0203 	 0.5070 	 -0.3683 	 -0.5618 	 -0.4805
3.5872 	 -0.1843 	 0.1909 	 1.1023 	 0.0640 	 -0.0258 	 0.5023 	 -0.3160 	 -0.5281 	 -0.4673
3.5972 	 -0.1837 	 0.1906 	 1.1073 	 0.0610 	 -0.0309 	 0.4977 	 -0.2714 	 -0.4968 	 -0.4529
3.6072 	 -0.1831 	 0.1903 	 1.1123 	 0.0585 	 -0.0357 	 0.4932 	 -0.2332 	 -0.4680 	 -0.4379
3.6172 	 -0.1825 	 0.1899 	 1.1172 	 0.0564 	 -0.0403 	 0.4889 	 -0.2004 	 -0.4415 	 -0.4227
3.6273 	 -0.1820 	 0.1895 	 1.1221 	 0.0545 	 -0.0446 	 0.4847 	 -0.1722 	 -0.4171 	 -0.4075
3.6373 	 -0.1814 	 0.1890 	 1.1269 	 0.0529 	 -0.0486 	 0.4807 	 -0.1478 	 -0.3947 	 -0.3925
3.6473 	 -0.1809 	 0.1885 	 1.1317 	 0.0515 	 -0.0525 	 0.4769 	 -0.1268 	 -0.3742 	 -0.3779
3.6573 	 -0.1804 	 0.1880 	 1.1365 	 0.0503 	 -0.0561 	 0.4731 	 -0.1085 	 -0.3552 	 -0.3637
3.6673 	 -0.1799 	 0.1874 	 1.1412 	 0.0493 	 -0.0596 	 0.4696 	 -0.0927 	 -0.3378 	 -0.3500
3.6774 	 -0.1794 	 0.1868 	 1.1459 	 0.0485 	 -0.0629 	 0.4661 	 -0.0789 	 -0.3217 	 -0.3368
3.6874 	 -0.1789 	 0.1861 	 1.1506 	 0.0477 	 -0.0661 	 0.4628 	 -0.0669 	 -0.3068 	 -0.3241
3.6974 	 -0.1784 	 0.1854 	 1.1552 	 0.0471 	 -0.0691 	 0.4596 	 -0.0565 	 -0.2930 	 -0.3118
3.7074 	 -0.1780 	 0.1847 	 1.1598 	 0.0466 	 -0.0719 	 0.4566 	 -0.0473 	 -0.2803 	 -0.3001
3.7174 	 -0.1775 	 0.1840 	 1.1643 	 0.0462 	 -0.0747 	 0.4536 	 -0.0394 	 -0.2684 	 -0.2888
3.7275 	 -0.1770 	 0.1832 	 1.1689 	 0.0458 	 -0.0773 	 0.4508 	 -0.0325 	 -0.2574 	 -0.2780
3.7375 	 -0.1766 	 0.1825 	 1.1734 	 0.0455 	 -0.0799 	 0.4480 	 -0.0265 	 -0.2471 	 -0.2676
3.7475 	 -0.1761 	 0.1816 	 1.1778 	 0.0453 	 -0.0823 	 0.4454 	 -0.0214 	 -0.2375 	 -0.2576
3.7575 	 -0.1757 	 0.1808 	 1.1823 	 0.0451 	 -0.0846 	 0.4429 	 -0.0169 	 -0.2285 	 -0.2480
3.7675 	 -0.1752 	 0.1800 	 1.1867 	 0.0449 	 -0.0869 	 0.4404 	 -0.0131 	 -0.2201 	 -0.2388
3.7776 	 -0.1748 	 0.1791 	 1.1911 	 0.0448 	 -0.0890 	 0.4381 	 -0.0098 	 -0.2122 	 -0.2299
3.7876 	 -0.1743 	 0.1782 	 1.1955 	 0.0447 	 -0.0911 	 0.4358 	 -0.0071 	 -0.2047 	 -0.2213
3.7976 	 -0.1739 	 0.1772 	 1.1999 	 0.0447 	 -0.0931 	 0.4337 	 -0.0049 	 -0.1977 	 -0.2131
3.8076 	 -0.1734 	 0.1763 	 1.2042 	 0.0446 	 -0.0951 	 0.4316 	 -0.0030 	 -0.1910 	 -0.2052
3.8176 	 -0.1730 	 0.1753 	 1.2085 	 0.0446 	 -0.0970 	 0.4295 	 -0.0016 	 -0.1847 	 -0.1975
3.8277 	 -0.1725 	 0.1744 	 1.2128 	 0.0446 	 -0.0988 	 0.4276 	 -0.0005 	 -0.1787 	 -0.1901
3.8377 	 -0.1721 	 0.1734 	 1.2171 	 0.0446 	 -0.1005 	 0.4257 	 0.0002 	 -0.1730 	 -0.1830
3.8477 	 -0.1716 	 0.1723 	 1.2213 	 0.0446 	 -0.1023 	 0.4239 	 0.0007 	 -0.1676 	 -0.1762
3.8577 	 -0.1712 	 0.1713 	 1.2256 	 0.0446 	 -0.1039 	 0.4222 	 0.0008 	 -0.1624 	 -0.1696
3.8677 	 -0.1708 	 0.1703 	 1.2298 	 0.0446 	 -0.1055 	 0.4205 	 0.0007 	 -0.1574 	 -0.1632
3.8778 	 -0.1703 	 0.1692 	 1.2340 	 0.0446 	 -0.1071 	 0.4189 	 0.0004 	 -0.1526 	 -0.1571
3.8878 	 -0.1699 	 0.1681 	 1.2382 	 0.0446 	 -0.1086 	 0.4174 	 -0.0002 	 -0.1480 	 -0.1513
3.8978 	 -0.1694 	 0.1670 	 1.2424 	 0.0446 	 -0.1100 	 0.4159 	 -0.0010 	 -0.1436 	 -0.1456
3.9078 	 -0.1690 	 0.1659 	 1.2465 	 0.0446 	 -0.1114 	 0.4145 	 -0.0020 	 -0.1393 	 -0.1402
3.9178 	 -0.1685 	 0.1648 	 1.2507 	 0.0446 	 -0.1128 	 0.4131 	 -0.0032 	 -0.1351 	 -0.1351
3.9279 	 -0.1681 	 0.1637 	 1.2548 	 0.0445 	 -0.1142 	 0.4118 	 -0.0046 	 -0.1311 	 -0.1302
3.9379 	 -0.1676 	 0.1625 	 1.2589 	 0.0445 	 -0.1154 	 0.4105 	 -0.0061 	 -0.1272 	 -0.1255
3.9479 	 -0.1672 	 0.1613 	 1.2630 	 0.0444 	 -0.1167 	 0.4092 	 -0.0077 	 -0.1234 	 -0.1210
3.9579 	 -0.1667 	 0.1602 	 1.2671 	 0.0443 	 -0.1179 	 0.4080 	 -0.0095 	 -0.1197 	 -0.1168
3.9679 	 -0.1663 	 0.1590 	 1.2712 	 0.0442 	 -0.1191 	 0.4069 	 -0.0114 	 -0.1161 	 -0.1129
3.9780 	 -0.1658 	 0.1578 	 1.2753 	 0.0441 	 -0.1202 	 0.4058 	 -0.0135 	 -0.1126 	 -0.1091
3.9880 	 -0.1654 	 0.1566 	 1.2793 	 0.0440 	 -0.1214 	 0.4047 	 -0.0156 	 -0.1092 	 -0.1057
3.9980 	 -0.1650 	 0.1553 	 1.2834 	 0.0438 	 -0.1224 	 0.4037 	 -0.0177 	 -0.1058 	 -0.1024
4.0080 	 -0.1645 	 0.1541 	 1.2874 	 0.0436 	 -0.1235 	 0.4027 	 -0.0200 	 -0.1025 	 -0.0995
4.0180 	 -0.1641 	 0.1529 	 1.2915 	 0.0434 	 -0.1245 	 0.4017 	 -0.0222 	 -0.0993 	 -0.0967
4.0281 	 -0.1637 	 0.1516 	 1.2955 	 0.0432 	 -0.1255 	 0.4007 	 -0.0246 	 -0.0962 	 -0.0943
4.0381 	 -0.1632 	 0.1504 	 1.2995 	 0.0429 	 -0.1264 	 0.3998 	 -0.0269 	 -0.0931 	 -0.0920
4.0481 	 -0.1628 	 0.1491 	 1.3035 	 0.0426 	 -0.1273 	 0.3989 	 -0.0292 	 -0.0901 	 -0.0900
4.0581 	 -0.1624 	 0.1478 	 1.3075 	 0.0423 	 -0.1282 	 0.3980 	 -0.0315 	 -0.0872 	 -0.0883
4.0681 	 -0.1620 	 0.1465 	 1.3115 	 0.0420 	 -0.1291 	 0.3971 	 -0.0338 	 -0.0843 	 -0.0868
4.0782 	 -0.1615 	 0.1452 	 1.3154 	 0.0416 	 -0.1299 	 0.3962 	 -0.0361 	 -0.0815 	 -0.0855
4.0882 	 -0.1611 	 0.1439 	 1.3194 	 0.0413 	 -0.1307 	 0.3954 	 -0.0383 	 -0.0788 	 -0.0844
4.0982 	 -0.1607 	 0.1426 	 1.3234 	 0.0409 	 -0.1315 	 0.3945 	 -0.0404 	 -0.0761 	 -0.0836
4.1082 	 -0.1603 	 0.1413 	 1.3273 	 0.0405 	 -0.1322 	 0.3937 	 -0.0424 	 -0.0735 	 -0.0829
4.1182 	 -0.1599 	 0.1399 	 1.3313 	 0.0400 	 -0.1330 	 0.3929 	 -0.0444 	 -0.0710 	 -0.0825
4.1283 	 -0.1595 	 0.1386 	 1.3352 	 0.0396 	 -0.1337 	 0.3921 	 -0.0462 	 -0.0686 	 -0.0822
4.1383 	 -0.1591 	 0.1373 	 1.3391 	 0.0391 	 -0.1343 	 0.3912 	 -0.0480 	 -0.0662 	 -0.0821
4.1483 	 -0.1587 	 0.1359 	 1.3430 	 0.0386 	 -0.1350 	 0.3904 	 -0.0496 	 -0.0639 	 -0.0821
4.1583 	 -0.1583 	 0.1346 	 1.3469 	 0.0381 	 -0.1356 	 0.3896 	 -0.0512 	 -0.0617 	 -0.0823
4.1683 	 -0.1579 	 0.1332 	 1.3508 	 0.0376 	 -0.1362 	 0.3888 	 -0.0525 	 -0.0596 	 -0.0826
4.1784 	 -0.1576 	 0.1318 	 1.3547 	 0.0371 	 -0.1368 	 0.3879 	 -0.0538 	 -0.0575 	 -0.0831
4.1884 	 -0.1572 	 0.1305 	 1.3586 	 0.0365 	 -0.1374 	 0.3871 	 -0.0550 	 -0.0555 	 -0.0836
4.1984 	 -0.1568 	 0.1291 	 1.3625 	 0.0360 	 -0.1379 	 0.3863 	 -0.0560 	 -0.0536 	 -0.0842
4.2084 	 -0.1565 	 0.1277 	 1.3663 	 0.0354 	 -0.1385 	 0.3854 	 -0.0569 	 -0.0518 	 -0.0849
4.2184 	 -0.1561 	 0.1263 	 1.3702 	 0.0348 	 -0.1390 	 0.3846 	 -0.0576 	 -0.0501 	 -0.0857
4.2285 	 -0.1558 	 0.1249 	 1.3741 	 0.0342 	 -0.1395 	 0.3837 	 -0.0582 	 -0.0484 	 -0.0865
4.2385 	 -0.1554 	 0.1235 	 1.3779 	 0.0336 	 -0.1399 	 0.3828 	 -0.0588 	 -0.0468 	 -0.0874
4.2485 	 -0.1551 	 0.1221 	 1.3817 	 0.0331 	 -0.1404 	 0.3819 	 -0.0591 	 -0.0453 	 -0.0882
4.2585 	 -0.1548 	 0.1207 	 1.3855 	 0.0325 	 -0.1408 	 0.3811 	 -0.0594 	 -0.0438 	 -0.0891
4.2685 	 -0.1545 	 0.1193 	 1.3894 	 0.0319 	 -0.1413 	 0.3802 	 -0.0596 	 -0.0424 	 -0.0900
4.2786 	 -0.1541 	 0.1179 	 1.3932 	 0.0313 	 -0.1417 	 0.3792 	 -0.0597 	 -0.0411 	 -0.0910
4.2886 	 -0.1538 	 0.1164 	 1.3970 	 0.0307 	 -0.1421 	 0.3783 	 -0.0597 	 -0.0398 	 -0.0918
4.2986 	 -0.1535 	 0.1150 	 1.4007 	 0.0301 	 -0.1425 	 0.3774 	 -0.0595 	 -0.0386 	 -0.0927
4.3086 	 -0.1532 	 0.1136 	 1.4045 	 0.0295 	 -0.1429 	 0.3765 	 -0.0593 	 -0.0375 	 -0.0936
4.3186 	 -0.1529 	 0.1122 	 1.4083 	 0.0289 	 -0.1432 	 0.3755 	 -0.0591 	 -0.0364 	 -0.0944
4.3287 	 -0.1527 	 0.1107 	 1.4120 	 0.0283 	 -0.1436 	 0.3746 	 -0.0587 	 -0.0354 	 -0.0952
4.3387 	 -0.1524 	 0.1093 	 1.4158 	 0.0277 	 -0.1440 	 0.3736 	 -0.0583 	 -0.0344 	 -0.0960
4.3487 	 -0.1521 	 0.1078 	 1.4195 	 0.0271 	 -0.1443 	 0.3727 	 -0.0578 	 -0.0335 	 -0.0967
4.3587 	 -0.1518 	 0.1064 	 1.4233 	 0.0265 	 -0.1446 	 0.3717 	 -0.0573 	 -0.0327 	 -0.0974
4.3687 	 -0.1516 	 0.1049 	 1.4270 	 0.0260 	 -0.1449 	 0.3707 	 -0.0567 	 -0.0318 	 -0.0981
4.3788 	 -0.1513 	 0.1035 	 1.4307 	 0.0254 	 -0.1453 	 0.3697 	 -0.0561 	 -0.0310 	 -0.0987
4.3888 	 -0.1511 	 0.1020 	 1.4344 	 0.0249 	 -0.1456 	 0.3687 	 -0.0554 	 -0.0303 	 -0.0993
4.3988 	 -0.1508 	 0.1006 	 1.4381 	 0.0243 	 -0.1459 	 0.3677 	 -0.0547 	 -0.0296 	 -0.0998
4.4088 	 -0.1506 	 0.0991 	 1.4418 	 0.0238 	 -0.1462 	 0.3667 	 -0.0540 	 -0.0289 	 -0.1003
4.4188 	 -0.1503 	 0.0976 	 1.4454 	 0.0232 	 -0.1465 	 0.3657 	 -0.0533 	 -0.0283 	 -0.1008
4.4289 	 -0.1501 	 0.0962 	 1.4491 	 0.0227 	 -0.1467 	 0.3647 	 -0.0525 	 -0.0277 	 -0.1012
4.4389 	 -0.1499 	 0.0947 	 1.4527 	 0.0222 	 -0.1470 	 0.3637 	 -0.0518 	 -0.0271 	 -0.1016
4.4489 	 -0.1497 	 0.0932 	 1.4564 	 0.0217 	 -0.1473 	 0.3627 	 -0.0510 	 -0.0265 	 -0.1019
4.4589 	 -0.1494 	 0.0917 	 1.4600 	 0.0211 	 -0.1475 	 0.3616 	 -0.0502 	 -0.0260 	 -0.1022
4.4689 	 -0.1492 	 0.0903 	 1.4636 	 0.0206 	 -0.1478 	 0.3606 	 -0.0494 	 -0.0255 	 -0.1024
4.4790 	 -0.1490 	 0.0888 	 1.4672 	 0.0202 	 -0.1480 	 0.3596 	 -0.0486 	 -0.0250 	 -0.1026
4.4890 	 -0.1488 	 0.0873 	 1.4708 	 0.0197 	 -0.1483 	 0.3586 	 -0.0478 	 -0.0245 	 -0.1028
4.4990 	 -0.1486 	 0.0858 	 1.4744 	 0.0192 	 -0.1485 	 0.3575 	 -0.0470 	 -0.0241 	 -0.1030
4.5090 	 -0.1485 	 0.0843 	 1.4780 	 0.0187 	 -0.1488 	 0.3565 	 -0.0462 	 -0.0236 	 -0.1031
4.5190 	 -0.1483 	 0.0828 	 1.4816 	 0.0183 	 -0.1490 	 0.3555 	 -0.0454 	 -0.0232 	 -0.1031
4.5291 	 -0.1481 	 0.0813 	 1.4851 	 0.0178 	 -0.1492 	 0.3544 	 -0.0446 	 -0.0228 	 -0.1032
4.5391 	 -0.1479 	 0.0798 	 1.4887 	 0.0174 	 -0.1495 	 0.3534 	 -0.0439 	 -0.0224 	 -0.1032
4.5491 	 -0.1477 	 0.0783 	 1.4922 	 0.0169 	 -0.1497 	 0.3524 	 -0.0431 	 -0.0221 	 -0.1032
4.5591 	 -0.1476 	 0.0768 	 1.4957 	 0.0165 	 -0.1499 	 0.3513 	 -0.0423 	 -0.0217 	 -0.1032
4.5691 	 -0.1474 	 0.0753 	 1.4992 	 0.0161 	 -0.1501 	 0.3503 	 -0.0416 	 -0.0213 	 -0.1031
4.5792 	 -0.1472 	 0.0738 	 1.5028 	 0.0157 	 -0.1503 	 0.3493 	 -0.0409 	 -0.0210 	 -0.1030
4.5892 	 -0.1471 	 0.0723 	 1.5062 	 0.0153 	 -0.1505 	 0.3482 	 -0.0402 	 -0.0207 	 -0.1029
4.5992 	 -0.1469 	 0.0708 	 1.5097 	 0.0149 	 -0.1508 	 0.3472 	 -0.0395 	 -0.0203 	 -0.1028
4.6092 	 -0.1468 	 0.0693 	 1.5132 	 0.0145 	 -0.1510 	 0.3462 	 -0.0388 	 -0.0200 	 -0.1027
4.6192 	 -0.1466 	 0.0678 	 1.5167 	 0.0141 	 -0.1512 	 0.3451 	 -0.0381 	 -0.0197 	 -0.1025
4.6293 	 -0.1465 	 0.0663 	 1.5201 	 0.0137 	 -0.1514 	 0.3441 	 -0.0374 	 -0.0194 	 -0.1023
4.6393 	 -0.1464 	 0.0648 	 1.5236 	 0.0133 	 -0.1515 	 0.3431 	 -0.0368 	 -0.0191 	 -0.1021
4.6493 	 -0.1462 	 0.0632 	 1.5270 	 0.0130 	 -0.1517 	 0.3421 	 -0.0362 	 -0.0188 	 -0.1019
4.6593 	 -0.1461 	 0.0617 	 1.5304 	 0.0126 	 -0.1519 	 0.3411 	 -0.0356 	 -0.0185 	 -0.1017
4.6693 	 -0.1460 	 0.0602 	 1.5338 	 0.0123 	 -0.1521 	 0.3400 	 -0.0350 	 -0.0183 	 -0.1015
4.6794 	 -0.1459 	 0.0587 	 1.5372 	 0.0119 	 -0.1523 	 0.3390 	 -0.0344 	 -0.0180 	 -0.1012
4.6894 	 -0.1457 	 0.0571 	 1.5406 	 0.0116 	 -0.1525 	 0.3380 	 -0.0338 	 -0.0177 	 -0.1010
4.6994 	 -0.1456 	 0.0556 	 1.5440 	 0.0112 	 -0.1526 	 0.3370 	 -0.0332 	 -0.0174 	 -0.1007
4.7094 	 -0.1455 	 0.0541 	 1.5474 	 0.0109 	 -0.1528 	 0.3360 	 -0.0327 	 -0.0172 	 -0.1004
4.7194 	 -0.1454 	 0.0525 	 1.5507 	 0.0106 	 -0.1530 	 0.3350 	 -0.0322 	 -0.0169 	 -0.1002
4.7295 	 -0.1453 	 0.0510 	 1.5541 	 0.0103 	 -0.1532 	 0.3340 	 -0.0317 	 -0.0167 	 -0.0999
4.7395 	 -0.1452 	 0.0495 	 1.5574 	 0.0100 	 -0.1533 	 0.3330 	 -0.0312 	 -0.0164 	 -0.0996
4.7495 	 -0.1451 	 0.0479 	 1.5608 	 0.0096 	 -0.1535 	 0.3320 	 -0.0307 	 -0.0162 	 -0.0993
4.7595 	 -0.1450 	 0.0464 	 1.5641 	 0.0093 	 -0.1536 	 0.3310 	 -0.0302 	 -0.0159 	 -0.0990
4.7695 	 -0.1449 	 0.0449 	 1.5674 	 0.0090 	 -0.1538 	 0.3300 	 -0.0297 	 -0.0157 	 -0.0986
4.7796 	 -0.1448 	 0.0433 	 1.5707 	 0.0087 	 -0.1540 	 0.3290 	 -0.0293 	 -0.0155 	 -0.0983
4.7896 	 -0.1448 	 0.0418 	 1.5740 	 0.0085 	 -0.1541 	 0.3280 	 -0.0289 	 -0.0152 	 -0.0980
4.7996 	 -0.1447 	 0.0402 	 1.5773 	 0.0082 	 -0.1543 	 0.3271 	 -0.0284 	 -0.0150 	 -0.0977
4.8096 	 -0.1446 	 0.0387 	 1.5805 	 0.0079 	 -0.1544 	 0.3261 	 -0.0280 	 -0.0148 	 -0.0973
4.8196 	 -0.1445 	 0.0371 	 1.5838 	 0.0076 	 -0.1546 	 0.3251 	 -0.0276 	 -0.0145 	 -0.0970
4.8297 	 -0.1444 	 0.0356 	 1.5871 	 0.0073 	 -0.1547 	 0.3241 	 -0.0272 	 -0.0143 	 -0.0966
4.8397 	 -0.1444 	 0.0340 	 1.5903 	 0.0071 	 -0.1548 	 0.3232 	 -0.0269 	 -0.0141 	 -0.0963
4.8497 	 -0.1443 	 0.0325 	 1.5935 	 0.0068 	 -0.1550 	 0.3222 	 -0.0265 	 -0.0139 	 -0.0960
4.8597 	 -0.1442 	 0.0309 	 1.5968 	 0.0065 	 -0.1551 	 0.3212 	 -0.0261 	 -0.0136 	 -0.0956
4.8697 	 -0.1442 	 0.0294 	 1.6000 	 0.0063 	 -0.1553 	 0.3203 	 -0.0258 	 -0.0134 	 -0.0953
4.8798 	 -0.1441 	 0.0278 	 1.6032 	 0.0060 	 -0.1554 	 0.3193 	 -0.0254 	 -0.0132 	 -0.0949
4.8898 	 -0.1440 	 0.0263 	 1.6064 	 0.0058 	 -0.1555 	 0.3184 	 -0.0251 	 -0.0130 	 -0.0946
4.8998 	 -0.1440 	 0.0247 	 1.6096 	 0.0055 	 -0.1557 	 0.3174 	 -0.0248 	 -0.0128 	 -0.0942
4.9098 	 -0.1439 	 0.0231 	 1.6127 	 0.0053 	 -0.1558 	 0.3165 	 -0.0245 	 -0.0126 	 -0.0938
4.9198 	 -0.1439 	 0.0216 	 1.6159 	 0.0050 	 -0.1559 	 0.3156 	 -0.0242 	 -0.0124 	 -0.0935
4.9299 	 -0.1438 	 0.0200 	 1.6191 	 0.0048 	 -0.1560 	 0.3146 	 -0.0239 	 -0.0122 	 -0.0931
4.9399 	 -0.1438 	 0.0185 	 1.6222 	 0.0045 	 -0.1561 	 0.3137 	 -0.0236 	 -0.0119 	 -0.0928
4.9499 	 -0.1437 	 0.0169 	 1.6253 	 0.0043 	 -0.1563 	 0.3128 	 -0.0233 	 -0.0117 	 -0.0924
4.9599 	 -0.1437 	 0.0153 	 1.6285 	 0.0041 	 -0.1564 	 0.3118 	 -0.0231 	 -0.0115 	 -0.0921
4.9699 	 -0.1437 	 0.0138 	 1.6316 	 0.0038 	 -0.1565 	 0.3109 	 -0.0228 	 -0.0113 	 -0.0917
4.9800 	 -0.1436 	 0.0122 	 1.6347 	 0.0036 	 -0.1566 	 0.3100 	 -0.0226 	 -0.0111 	 -0.0913
4.9900 	 -0.1436 	 0.0106 	 1.6378 	 0.0034 	 -0.1567 	 0.3091 	 -0.0223 	 -0.0110 	 -0.0910
