100-Body Run with i = 40 th particle. (Units in pc,M_solar,Myr, km s-1) 

time		 x 		 y 		 z 		 xdot 		 ydot 		 zdot 		 xddot 		 yddot 		 zddot
0.0000 	 -0.0162 	 0.0142 	 -0.1354 	 0.0341 	 -0.0371 	 -0.0631 	 3.8312 	 -2.6414 	 -6.1145
0.0100 	 -0.0158 	 0.0141 	 -0.1364 	 0.0596 	 -0.0167 	 -0.1316 	 4.2202 	 -2.7678 	 -6.9695
0.0200 	 -0.0153 	 0.0135 	 -0.1379 	 0.0469 	 -0.1207 	 -0.1754 	 0.4924 	 -1.8761 	 0.9485
0.0301 	 -0.0151 	 0.0122 	 -0.1396 	 0.0065 	 -0.1276 	 -0.1624 	 -5.7379 	 0.3537 	 -4.6792
0.0401 	 -0.0150 	 0.0109 	 -0.1415 	 -0.0083 	 -0.1304 	 -0.2092 	 0.3645 	 -0.5088 	 -3.2897
0.0501 	 -0.0151 	 0.0096 	 -0.1437 	 -0.0014 	 -0.1351 	 -0.2352 	 0.8634 	 -0.4205 	 -2.1404
0.0601 	 -0.0150 	 0.0082 	 -0.1461 	 0.0082 	 -0.1390 	 -0.2549 	 1.0535 	 -0.3647 	 -1.8678
0.0701 	 -0.0149 	 0.0068 	 -0.1488 	 0.0197 	 -0.1425 	 -0.2736 	 1.2379 	 -0.3382 	 -1.8819
0.0802 	 -0.0146 	 0.0054 	 -0.1516 	 0.0331 	 -0.1458 	 -0.2930 	 1.4506 	 -0.3116 	 -2.0131
0.0902 	 -0.0142 	 0.0039 	 -0.1547 	 0.0489 	 -0.1487 	 -0.3141 	 1.7092 	 -0.2701 	 -2.2048
0.1002 	 -0.0136 	 0.0024 	 -0.1579 	 0.0676 	 -0.1511 	 -0.3373 	 2.0334 	 -0.2014 	 -2.4316
0.1102 	 -0.0128 	 0.0009 	 -0.1615 	 0.0900 	 -0.1526 	 -0.3629 	 2.4527 	 -0.0899 	 -2.6752
0.1202 	 -0.0118 	 -0.0006 	 -0.1652 	 0.1172 	 -0.1527 	 -0.3909 	 3.0286 	 0.0878 	 -2.9141
0.1303 	 -0.0104 	 -0.0022 	 -0.1693 	 0.1513 	 -0.1505 	 -0.4209 	 3.8135 	 0.3837 	 -3.0402
0.1403 	 -0.0087 	 -0.0036 	 -0.1737 	 0.1941 	 -0.1444 	 -0.4509 	 4.7429 	 0.8555 	 -2.8815
0.1503 	 -0.0065 	 -0.0050 	 -0.1783 	 0.2467 	 -0.1326 	 -0.4772 	 5.7812 	 1.5419 	 -2.2823
0.1603 	 -0.0037 	 -0.0062 	 -0.1832 	 0.3097 	 -0.1127 	 -0.4939 	 6.7361 	 2.4742 	 -0.8850
0.1703 	 -0.0002 	 -0.0072 	 -0.1881 	 0.3788 	 -0.0830 	 -0.4913 	 6.8577 	 3.4255 	 1.5459
0.1804 	 0.0039 	 -0.0079 	 -0.1928 	 0.4412 	 -0.0458 	 -0.4618 	 5.3140 	 3.8604 	 4.2459
0.1904 	 0.0084 	 -0.0081 	 -0.1972 	 0.4807 	 -0.0088 	 -0.4109 	 2.5066 	 3.3925 	 5.5605
0.2004 	 0.0133 	 -0.0081 	 -0.2010 	 0.4924 	 0.0204 	 -0.3568 	 0.0149 	 2.4038 	 4.9641
0.2104 	 0.0182 	 -0.0078 	 -0.2044 	 0.4848 	 0.0397 	 -0.3147 	 -1.3370 	 1.5002 	 3.3632
0.2204 	 0.0230 	 -0.0073 	 -0.2075 	 0.4686 	 0.0516 	 -0.2898 	 -1.7879 	 0.9271 	 1.6039
0.2305 	 0.0276 	 -0.0068 	 -0.2103 	 0.4503 	 0.0594 	 -0.2821 	 -1.8213 	 0.6881 	 -0.0418
0.2405 	 0.0320 	 -0.0061 	 -0.2132 	 0.4321 	 0.0664 	 -0.2904 	 -1.8345 	 0.7782 	 -1.6223
0.2505 	 0.0362 	 -0.0054 	 -0.2163 	 0.4122 	 0.0764 	 -0.3147 	 -2.2492 	 1.3128 	 -3.2409
0.2605 	 0.0402 	 -0.0046 	 -0.2196 	 0.3833 	 0.0952 	 -0.3547 	 -3.8153 	 2.5829 	 -4.6427
0.2705 	 0.0437 	 -0.0034 	 -0.2234 	 0.3288 	 0.1302 	 -0.4006 	 -7.3982 	 4.3752 	 -3.8617
0.2806 	 0.0466 	 -0.0019 	 -0.2274 	 0.2391 	 0.1718 	 -0.4139 	 -9.5985 	 2.9591 	 1.6743
0.2906 	 0.0486 	 -0.0002 	 -0.2314 	 0.1586 	 0.1730 	 -0.3768 	 -5.9944 	 -2.8471 	 4.4677
0.3006 	 0.0500 	 0.0012 	 -0.2350 	 0.1140 	 0.1194 	 -0.3394 	 -3.5252 	 -7.6010 	 2.6908
0.3106 	 0.0509 	 0.0019 	 -0.2383 	 0.0741 	 0.0226 	 -0.3213 	 -5.2102 	 -11.8671 	 1.1678
0.3206 	 0.0511 	 0.0014 	 -0.2414 	 -0.0125 	 -0.1174 	 -0.3059 	 -13.6514 	 -15.9307 	 2.7067
0.3307 	 0.0498 	 -0.0004 	 -0.2441 	 -0.2286 	 -0.2540 	 -0.2403 	 -30.1371 	 -8.2063 	 11.7063
0.3407 	 0.0461 	 -0.0025 	 -0.2457 	 -0.5260 	 -0.1967 	 -0.0847 	 -24.3989 	 17.3015 	 16.4226
0.3507 	 0.0402 	 -0.0033 	 -0.2460 	 -0.6646 	 0.0150 	 0.0397 	 -5.9306 	 20.4354 	 8.0298
0.3607 	 0.0335 	 -0.0024 	 -0.2454 	 -0.6900 	 0.1876 	 0.0833 	 -1.3164 	 13.7278 	 1.1150
0.3707 	 0.0265 	 -0.0000 	 -0.2448 	 -0.7113 	 0.2946 	 0.0546 	 -2.9188 	 7.7473 	 -8.3074
0.3808 	 0.0198 	 0.0030 	 -0.2452 	 -0.6625 	 0.3225 	 -0.1148 	 18.3617 	 -5.0968 	 -22.6962
0.3908 	 0.0144 	 0.0057 	 -0.2472 	 -0.4142 	 0.2307 	 -0.2910 	 26.2768 	 -7.5384 	 -12.3975
0.4008 	 0.0116 	 0.0079 	 -0.2505 	 -0.1547 	 0.1929 	 -0.3831 	 26.3083 	 -2.0492 	 -7.7238
0.4108 	 0.0114 	 0.0097 	 -0.2547 	 0.1095 	 0.1610 	 -0.4524 	 28.8716 	 -6.8080 	 -7.6379
0.4208 	 0.0139 	 0.0107 	 -0.2595 	 0.3923 	 0.0608 	 -0.5133 	 28.0995 	 -13.1531 	 -4.4071
0.4309 	 0.0192 	 0.0103 	 -0.2646 	 0.6696 	 -0.1178 	 -0.5216 	 25.8769 	 -26.0503 	 3.7050
0.4409 	 0.0237 	 0.0063 	 -0.2681 	 0.5175 	 -0.6108 	 -0.2918 	 169.9748 	 -423.2222 	 -16.0638
0.4509 	 0.0276 	 0.0072 	 -0.2712 	 0.5697 	 0.0156 	 -0.3656 	 18.2537 	 -262.0022 	 52.9861
0.4609 	 0.0319 	 0.0049 	 -0.2733 	 0.3476 	 -0.8803 	 0.0178 	 -336.7243 	 708.2752 	 67.5229
0.4709 	 0.0352 	 -0.0027 	 -0.2732 	 -0.2454 	 0.5328 	 0.1081 	 -1.3992 	 7.0119 	 -0.1943
0.4810 	 0.0329 	 0.0033 	 -0.2723 	 -0.2364 	 0.6547 	 0.0763 	 2.6136 	 11.5284 	 -6.1333
0.4910 	 0.0299 	 0.0096 	 -0.2718 	 -0.3240 	 0.6586 	 0.0227 	 -23.4830 	 -14.2223 	 -6.7298
0.5010 	 0.0262 	 0.0149 	 -0.2720 	 -0.4502 	 0.4072 	 -0.0600 	 -0.2581 	 -23.6496 	 -6.1308
0.5110 	 0.0219 	 0.0182 	 -0.2728 	 -0.4084 	 0.2378 	 -0.0929 	 5.7191 	 -11.4919 	 -1.2501
0.5210 	 0.0181 	 0.0202 	 -0.2737 	 -0.3534 	 0.1505 	 -0.0966 	 5.0645 	 -6.6377 	 0.2157
0.5311 	 0.0148 	 0.0215 	 -0.2746 	 -0.3071 	 0.0957 	 -0.0920 	 4.2090 	 -4.5516 	 0.5988
0.5411 	 0.0119 	 0.0222 	 -0.2755 	 -0.2682 	 0.0560 	 -0.0856 	 3.5851 	 -3.4693 	 0.6527
0.5511 	 0.0094 	 0.0226 	 -0.2763 	 -0.2346 	 0.0247 	 -0.0793 	 3.1488 	 -2.8341 	 0.6059
0.5611 	 0.0072 	 0.0228 	 -0.2771 	 -0.2046 	 -0.0016 	 -0.0735 	 2.8565 	 -2.4417 	 0.5391
0.5711 	 0.0053 	 0.0226 	 -0.2778 	 -0.1770 	 -0.0247 	 -0.0684 	 2.6700 	 -2.1982 	 0.4941
0.5812 	 0.0036 	 0.0223 	 -0.2785 	 -0.1508 	 -0.0459 	 -0.0635 	 2.5625 	 -2.0317 	 0.4791
0.5912 	 0.0022 	 0.0217 	 -0.2791 	 -0.1253 	 -0.0655 	 -0.0587 	 2.5309 	 -1.8784 	 0.4874
0.6012 	 0.0011 	 0.0210 	 -0.2797 	 -0.1000 	 -0.0835 	 -0.0537 	 2.5176 	 -1.7280 	 0.5092
0.6112 	 0.0002 	 0.0201 	 -0.2802 	 -0.0749 	 -0.1001 	 -0.0485 	 2.5023 	 -1.5928 	 0.5277
0.6212 	 -0.0004 	 0.0190 	 -0.2806 	 -0.0499 	 -0.1154 	 -0.0432 	 2.4767 	 -1.4585 	 0.5321
0.6313 	 -0.0008 	 0.0177 	 -0.2810 	 -0.0253 	 -0.1294 	 -0.0379 	 2.4258 	 -1.3307 	 0.5237
0.6413 	 -0.0009 	 0.0164 	 -0.2814 	 -0.0019 	 -0.1416 	 -0.0327 	 2.3042 	 -1.1758 	 0.5273
0.6513 	 -0.0008 	 0.0149 	 -0.2817 	 0.0195 	 -0.1519 	 -0.0272 	 1.9710 	 -0.8755 	 0.5393
0.6613 	 -0.0005 	 0.0134 	 -0.2819 	 0.0379 	 -0.1597 	 -0.0221 	 1.7062 	 -0.7080 	 0.4731
0.6713 	 -0.0001 	 0.0117 	 -0.2821 	 0.0542 	 -0.1665 	 -0.0178 	 1.5661 	 -0.6547 	 0.4043
0.6814 	 0.0005 	 0.0100 	 -0.2823 	 0.0695 	 -0.1730 	 -0.0140 	 1.4976 	 -0.6508 	 0.3466
0.6914 	 0.0013 	 0.0083 	 -0.2824 	 0.0843 	 -0.1796 	 -0.0108 	 1.4681 	 -0.6712 	 0.2945
0.7014 	 0.0022 	 0.0064 	 -0.2825 	 0.0990 	 -0.1865 	 -0.0081 	 1.4627 	 -0.7063 	 0.2484
0.7114 	 0.0033 	 0.0045 	 -0.2826 	 0.1137 	 -0.1938 	 -0.0058 	 1.4740 	 -0.7557 	 0.2006
0.7214 	 0.0045 	 0.0025 	 -0.2826 	 0.1285 	 -0.2017 	 -0.0041 	 1.4971 	 -0.8191 	 0.1487
0.7315 	 0.0059 	 0.0005 	 -0.2827 	 0.1437 	 -0.2103 	 -0.0029 	 1.5291 	 -0.8971 	 0.0907
0.7415 	 0.0074 	 -0.0017 	 -0.2827 	 0.1592 	 -0.2197 	 -0.0023 	 1.5682 	 -0.9897 	 0.0236
0.7515 	 0.0091 	 -0.0039 	 -0.2827 	 0.1752 	 -0.2301 	 -0.0024 	 1.6146 	 -1.0966 	 -0.0576
0.7615 	 0.0109 	 -0.0063 	 -0.2828 	 0.1916 	 -0.2417 	 -0.0035 	 1.6703 	 -1.2174 	 -0.1613
0.7715 	 0.0129 	 -0.0088 	 -0.2828 	 0.2087 	 -0.2546 	 -0.0058 	 1.7383 	 -1.3516 	 -0.3016
0.7816 	 0.0151 	 -0.0114 	 -0.2829 	 0.2265 	 -0.2688 	 -0.0098 	 1.8212 	 -1.4986 	 -0.5013
0.7916 	 0.0175 	 -0.0142 	 -0.2830 	 0.2452 	 -0.2846 	 -0.0162 	 1.9163 	 -1.6534 	 -0.7971
0.8016 	 0.0200 	 -0.0171 	 -0.2832 	 0.2649 	 -0.3019 	 -0.0262 	 2.0057 	 -1.7967 	 -1.2471
0.8116 	 0.0228 	 -0.0202 	 -0.2836 	 0.2852 	 -0.3204 	 -0.0419 	 2.0303 	 -1.8684 	 -1.9369
0.8216 	 0.0257 	 -0.0235 	 -0.2841 	 0.3048 	 -0.3386 	 -0.0662 	 1.8306 	 -1.7129 	 -2.9547
0.8317 	 0.0288 	 -0.0270 	 -0.2850 	 0.3200 	 -0.3530 	 -0.1021 	 1.0551 	 -1.0325 	 -4.2393
0.8417 	 0.0321 	 -0.0305 	 -0.2863 	 0.3225 	 -0.3568 	 -0.1500 	 -0.7345 	 0.3810 	 -5.1912
0.8517 	 0.0352 	 -0.0340 	 -0.2880 	 0.3028 	 -0.3448 	 -0.2013 	 -3.1732 	 1.9214 	 -4.7548
0.8617 	 0.0380 	 -0.0374 	 -0.2902 	 0.2621 	 -0.3213 	 -0.2408 	 -4.6896 	 2.5965 	 -3.0376
0.8717 	 0.0404 	 -0.0405 	 -0.2927 	 0.2142 	 -0.2954 	 -0.2621 	 -4.6602 	 2.4924 	 -1.3066
0.8818 	 0.0423 	 -0.0433 	 -0.2954 	 0.1713 	 -0.2723 	 -0.2689 	 -3.8262 	 2.1001 	 -0.1486
0.8918 	 0.0439 	 -0.0460 	 -0.2980 	 0.1378 	 -0.2535 	 -0.2668 	 -2.8726 	 1.6355 	 0.5088
0.9018 	 0.0451 	 -0.0484 	 -0.3007 	 0.1132 	 -0.2395 	 -0.2598 	 -2.0814 	 1.1765 	 0.8394
0.9118 	 0.0462 	 -0.0508 	 -0.3032 	 0.0954 	 -0.2298 	 -0.2506 	 -1.5046 	 0.7746 	 0.9744
0.9218 	 0.0471 	 -0.0531 	 -0.3057 	 0.0824 	 -0.2237 	 -0.2406 	 -1.1029 	 0.4521 	 1.0048
0.9319 	 0.0479 	 -0.0553 	 -0.3081 	 0.0729 	 -0.2205 	 -0.2306 	 -0.8231 	 0.2030 	 0.9865
0.9419 	 0.0485 	 -0.0575 	 -0.3103 	 0.0657 	 -0.2194 	 -0.2209 	 -0.6248 	 0.0115 	 0.9494
0.9519 	 0.0492 	 -0.0597 	 -0.3125 	 0.0602 	 -0.2201 	 -0.2116 	 -0.4817 	 -0.1372 	 0.9078
0.9619 	 0.0498 	 -0.0619 	 -0.3146 	 0.0559 	 -0.2221 	 -0.2027 	 -0.3772 	 -0.2540 	 0.8689
0.9719 	 0.0503 	 -0.0641 	 -0.3166 	 0.0525 	 -0.2251 	 -0.1942 	 -0.3005 	 -0.3468 	 0.8353
0.9820 	 0.0508 	 -0.0664 	 -0.3185 	 0.0498 	 -0.2290 	 -0.1859 	 -0.2443 	 -0.4214 	 0.8076
0.9920 	 0.0513 	 -0.0687 	 -0.3203 	 0.0476 	 -0.2335 	 -0.1780 	 -0.2034 	 -0.4816 	 0.7860
1.0020 	 0.0518 	 -0.0711 	 -0.3220 	 0.0457 	 -0.2386 	 -0.1702 	 -0.1742 	 -0.5301 	 0.7698
1.0120 	 0.0522 	 -0.0735 	 -0.3237 	 0.0440 	 -0.2441 	 -0.1625 	 -0.1538 	 -0.5686 	 0.7584
1.0220 	 0.0527 	 -0.0760 	 -0.3253 	 0.0426 	 -0.2499 	 -0.1550 	 -0.1398 	 -0.5985 	 0.7512
1.0321 	 0.0531 	 -0.0785 	 -0.3268 	 0.0412 	 -0.2560 	 -0.1475 	 -0.1304 	 -0.6205 	 0.7475
1.0421 	 0.0535 	 -0.0811 	 -0.3282 	 0.0400 	 -0.2623 	 -0.1400 	 -0.1235 	 -0.6353 	 0.7470
1.0521 	 0.0539 	 -0.0838 	 -0.3296 	 0.0388 	 -0.2688 	 -0.1325 	 -0.1173 	 -0.6431 	 0.7492
1.0621 	 0.0543 	 -0.0865 	 -0.3309 	 0.0376 	 -0.2752 	 -0.1250 	 -0.1096 	 -0.6440 	 0.7536
1.0721 	 0.0546 	 -0.0893 	 -0.3321 	 0.0366 	 -0.2816 	 -0.1174 	 -0.0982 	 -0.6377 	 0.7605
1.0822 	 0.0550 	 -0.0922 	 -0.3332 	 0.0357 	 -0.2880 	 -0.1097 	 -0.0806 	 -0.6235 	 0.7704
1.0922 	 0.0554 	 -0.0951 	 -0.3343 	 0.0350 	 -0.2941 	 -0.1019 	 -0.0550 	 -0.6002 	 0.7848
1.1022 	 0.0557 	 -0.0981 	 -0.3353 	 0.0346 	 -0.3000 	 -0.0940 	 -0.0202 	 -0.5658 	 0.8052
1.1122 	 0.0560 	 -0.1011 	 -0.3362 	 0.0346 	 -0.3054 	 -0.0857 	 0.0241 	 -0.5174 	 0.8337
1.1222 	 0.0564 	 -0.1042 	 -0.3370 	 0.0351 	 -0.3103 	 -0.0772 	 0.0767 	 -0.4513 	 0.8723
1.1323 	 0.0568 	 -0.1073 	 -0.3377 	 0.0362 	 -0.3144 	 -0.0682 	 0.1337 	 -0.3625 	 0.9232
1.1423 	 0.0571 	 -0.1105 	 -0.3384 	 0.0378 	 -0.3174 	 -0.0587 	 0.1865 	 -0.2467 	 0.9871
1.1523 	 0.0575 	 -0.1137 	 -0.3389 	 0.0398 	 -0.3192 	 -0.0484 	 0.2208 	 -0.1020 	 1.0621
1.1623 	 0.0579 	 -0.1169 	 -0.3393 	 0.0421 	 -0.3194 	 -0.0374 	 0.2179 	 0.0663 	 1.1401
1.1723 	 0.0584 	 -0.1200 	 -0.3396 	 0.0440 	 -0.3179 	 -0.0256 	 0.1612 	 0.2418 	 1.2067
1.1824 	 0.0588 	 -0.1232 	 -0.3398 	 0.0451 	 -0.3146 	 -0.0133 	 0.0464 	 0.3982 	 1.2440
1.1924 	 0.0592 	 -0.1263 	 -0.3399 	 0.0448 	 -0.3100 	 -0.0008 	 -0.1110 	 0.5086 	 1.2389
1.2024 	 0.0597 	 -0.1294 	 -0.3399 	 0.0428 	 -0.3046 	 0.0114 	 -0.2806 	 0.5591 	 1.1910
1.2124 	 0.0601 	 -0.1324 	 -0.3397 	 0.0392 	 -0.2990 	 0.0230 	 -0.4327 	 0.5546 	 1.1117
1.2224 	 0.0605 	 -0.1354 	 -0.3394 	 0.0343 	 -0.2936 	 0.0336 	 -0.5502 	 0.5122 	 1.0173
1.2325 	 0.0608 	 -0.1383 	 -0.3390 	 0.0283 	 -0.2888 	 0.0433 	 -0.6302 	 0.4510 	 0.9215
1.2425 	 0.0610 	 -0.1412 	 -0.3385 	 0.0218 	 -0.2846 	 0.0521 	 -0.6784 	 0.3854 	 0.8327
1.2525 	 0.0612 	 -0.1440 	 -0.3380 	 0.0148 	 -0.2811 	 0.0601 	 -0.7035 	 0.3245 	 0.7542
1.2625 	 0.0613 	 -0.1468 	 -0.3373 	 0.0077 	 -0.2781 	 0.0673 	 -0.7124 	 0.2718 	 0.6855
1.2725 	 0.0614 	 -0.1496 	 -0.3366 	 0.0006 	 -0.2756 	 0.0738 	 -0.7107 	 0.2270 	 0.6258
1.2826 	 0.0613 	 -0.1524 	 -0.3359 	 -0.0065 	 -0.2735 	 0.0798 	 -0.7043 	 0.1891 	 0.5749
1.2926 	 0.0612 	 -0.1551 	 -0.3350 	 -0.0135 	 -0.2718 	 0.0854 	 -0.6966 	 0.1576 	 0.5313
1.3026 	 0.0611 	 -0.1578 	 -0.3342 	 -0.0205 	 -0.2703 	 0.0905 	 -0.6894 	 0.1315 	 0.4936
1.3126 	 0.0608 	 -0.1605 	 -0.3332 	 -0.0273 	 -0.2691 	 0.0953 	 -0.6842 	 0.1095 	 0.4609
1.3226 	 0.0605 	 -0.1632 	 -0.3323 	 -0.0342 	 -0.2681 	 0.0998 	 -0.6828 	 0.0907 	 0.4330
1.3327 	 0.0601 	 -0.1659 	 -0.3312 	 -0.0411 	 -0.2673 	 0.1040 	 -0.6878 	 0.0746 	 0.4097
1.3427 	 0.0597 	 -0.1686 	 -0.3302 	 -0.0480 	 -0.2666 	 0.1080 	 -0.7011 	 0.0623 	 0.3902
1.3527 	 0.0592 	 -0.1712 	 -0.3291 	 -0.0551 	 -0.2660 	 0.1118 	 -0.7232 	 0.0546 	 0.3733
1.3627 	 0.0586 	 -0.1739 	 -0.3279 	 -0.0625 	 -0.2655 	 0.1155 	 -0.7543 	 0.0523 	 0.3584
1.3727 	 0.0579 	 -0.1766 	 -0.3268 	 -0.0703 	 -0.2650 	 0.1190 	 -0.7956 	 0.0560 	 0.3453
1.3828 	 0.0572 	 -0.1792 	 -0.3255 	 -0.0785 	 -0.2644 	 0.1224 	 -0.8489 	 0.0666 	 0.3343
1.3928 	 0.0563 	 -0.1819 	 -0.3243 	 -0.0873 	 -0.2636 	 0.1257 	 -0.9169 	 0.0857 	 0.3255
1.4028 	 0.0554 	 -0.1845 	 -0.3230 	 -0.0969 	 -0.2626 	 0.1289 	 -1.0034 	 0.1155 	 0.3188
1.4128 	 0.0544 	 -0.1871 	 -0.3217 	 -0.1075 	 -0.2612 	 0.1321 	 -1.1138 	 0.1594 	 0.3138
1.4228 	 0.0533 	 -0.1897 	 -0.3204 	 -0.1194 	 -0.2594 	 0.1352 	 -1.2556 	 0.2225 	 0.3087
1.4329 	 0.0520 	 -0.1923 	 -0.3190 	 -0.1328 	 -0.2567 	 0.1383 	 -1.4390 	 0.3132 	 0.2987
1.4429 	 0.0506 	 -0.1949 	 -0.3176 	 -0.1484 	 -0.2529 	 0.1411 	 -1.6769 	 0.4449 	 0.2733
1.4529 	 0.0490 	 -0.1974 	 -0.3162 	 -0.1667 	 -0.2476 	 0.1436 	 -1.9828 	 0.6398 	 0.2101
1.4629 	 0.0472 	 -0.1998 	 -0.3147 	 -0.1884 	 -0.2398 	 0.1451 	 -2.3615 	 0.9319 	 0.0655
1.4729 	 0.0452 	 -0.2021 	 -0.3133 	 -0.2141 	 -0.2284 	 0.1444 	 -2.7823 	 1.3644 	 -0.2362
1.4830 	 0.0429 	 -0.2043 	 -0.3119 	 -0.2439 	 -0.2119 	 0.1395 	 -3.1223 	 1.9604 	 -0.7943
1.4930 	 0.0403 	 -0.2063 	 -0.3105 	 -0.2755 	 -0.1889 	 0.1275 	 -3.1148 	 2.6336 	 -1.6418
1.5030 	 0.0374 	 -0.2081 	 -0.3094 	 -0.3041 	 -0.1598 	 0.1063 	 -2.4875 	 3.0973 	 -2.5502
1.5130 	 0.0343 	 -0.2095 	 -0.3085 	 -0.3237 	 -0.1286 	 0.0778 	 -1.3768 	 3.0453 	 -3.0448
1.5230 	 0.0310 	 -0.2107 	 -0.3078 	 -0.3320 	 -0.1003 	 0.0475 	 -0.3427 	 2.5424 	 -2.9115
1.5331 	 0.0277 	 -0.2116 	 -0.3075 	 -0.3320 	 -0.0780 	 0.0207 	 0.2574 	 1.9261 	 -2.4053
1.5431 	 0.0244 	 -0.2123 	 -0.3074 	 -0.3281 	 -0.0613 	 -0.0006 	 0.4700 	 1.4194 	 -1.8478
1.5531 	 0.0211 	 -0.2128 	 -0.3075 	 -0.3233 	 -0.0490 	 -0.0167 	 0.4658 	 1.0629 	 -1.3874
1.5631 	 0.0179 	 -0.2133 	 -0.3077 	 -0.3191 	 -0.0397 	 -0.0288 	 0.3674 	 0.8230 	 -1.0490
1.5731 	 0.0147 	 -0.2137 	 -0.3080 	 -0.3161 	 -0.0323 	 -0.0381 	 0.2365 	 0.6593 	 -0.8152
1.5832 	 0.0115 	 -0.2139 	 -0.3084 	 -0.3144 	 -0.0263 	 -0.0454 	 0.0992 	 0.5426 	 -0.6643
1.5932 	 0.0084 	 -0.2142 	 -0.3089 	 -0.3141 	 -0.0213 	 -0.0516 	 -0.0343 	 0.4550 	 -0.5799
1.6032 	 0.0052 	 -0.2144 	 -0.3095 	 -0.3150 	 -0.0171 	 -0.0572 	 -0.1591 	 0.3864 	 -0.5523
1.6132 	 0.0021 	 -0.2145 	 -0.3101 	 -0.3172 	 -0.0135 	 -0.0629 	 -0.2704 	 0.3322 	 -0.5761
1.6232 	 -0.0011 	 -0.2147 	 -0.3107 	 -0.3204 	 -0.0104 	 -0.0689 	 -0.3608 	 0.2915 	 -0.6477
1.6333 	 -0.0044 	 -0.2147 	 -0.3115 	 -0.3243 	 -0.0076 	 -0.0760 	 -0.4188 	 0.2661 	 -0.7615
1.6433 	 -0.0076 	 -0.2148 	 -0.3123 	 -0.3286 	 -0.0050 	 -0.0843 	 -0.4297 	 0.2594 	 -0.9059
1.6533 	 -0.0109 	 -0.2148 	 -0.3132 	 -0.3327 	 -0.0024 	 -0.0942 	 -0.3797 	 0.2745 	 -1.0592
1.6633 	 -0.0143 	 -0.2149 	 -0.3142 	 -0.3360 	 0.0006 	 -0.1055 	 -0.2635 	 0.3111 	 -1.1893
1.6733 	 -0.0177 	 -0.2148 	 -0.3153 	 -0.3378 	 0.0039 	 -0.1178 	 -0.0922 	 0.3640 	 -1.2622
1.6834 	 -0.0211 	 -0.2148 	 -0.3165 	 -0.3378 	 0.0079 	 -0.1305 	 0.1060 	 0.4228 	 -1.2548
1.6934 	 -0.0244 	 -0.2147 	 -0.3179 	 -0.3357 	 0.0124 	 -0.1427 	 0.2957 	 0.4756 	 -1.1667
1.7034 	 -0.0278 	 -0.2145 	 -0.3194 	 -0.3320 	 0.0174 	 -0.1537 	 0.4483 	 0.5142 	 -1.0182
1.7134 	 -0.0311 	 -0.2143 	 -0.3210 	 -0.3269 	 0.0226 	 -0.1630 	 0.5514 	 0.5359 	 -0.8392
1.7234 	 -0.0343 	 -0.2141 	 -0.3226 	 -0.3211 	 0.0281 	 -0.1705 	 0.6069 	 0.5427 	 -0.6563
1.7335 	 -0.0375 	 -0.2138 	 -0.3244 	 -0.3149 	 0.0335 	 -0.1762 	 0.6249 	 0.5386 	 -0.4869
1.7435 	 -0.0406 	 -0.2134 	 -0.3261 	 -0.3086 	 0.0388 	 -0.1803 	 0.6171 	 0.5279 	 -0.3391
1.7535 	 -0.0437 	 -0.2130 	 -0.3280 	 -0.3026 	 0.0440 	 -0.1831 	 0.5936 	 0.5140 	 -0.2149
1.7635 	 -0.0467 	 -0.2125 	 -0.3298 	 -0.2968 	 0.0491 	 -0.1847 	 0.5619 	 0.4992 	 -0.1126
1.7735 	 -0.0496 	 -0.2120 	 -0.3317 	 -0.2913 	 0.0541 	 -0.1854 	 0.5269 	 0.4850 	 -0.0292
1.7836 	 -0.0525 	 -0.2114 	 -0.3335 	 -0.2862 	 0.0588 	 -0.1853 	 0.4915 	 0.4722 	 0.0386
1.7936 	 -0.0554 	 -0.2108 	 -0.3354 	 -0.2814 	 0.0635 	 -0.1846 	 0.4574 	 0.4612 	 0.0939
1.8036 	 -0.0582 	 -0.2102 	 -0.3372 	 -0.2770 	 0.0681 	 -0.1835 	 0.4256 	 0.4521 	 0.1391
1.8136 	 -0.0609 	 -0.2095 	 -0.3390 	 -0.2729 	 0.0726 	 -0.1819 	 0.3964 	 0.4450 	 0.1765
1.8236 	 -0.0636 	 -0.2087 	 -0.3409 	 -0.2691 	 0.0770 	 -0.1800 	 0.3699 	 0.4397 	 0.2076
1.8337 	 -0.0663 	 -0.2079 	 -0.3427 	 -0.2655 	 0.0814 	 -0.1777 	 0.3462 	 0.4363 	 0.2340
1.8437 	 -0.0690 	 -0.2071 	 -0.3444 	 -0.2621 	 0.0858 	 -0.1753 	 0.3251 	 0.4346 	 0.2566
1.8537 	 -0.0716 	 -0.2062 	 -0.3462 	 -0.2590 	 0.0901 	 -0.1726 	 0.3065 	 0.4345 	 0.2766
1.8637 	 -0.0742 	 -0.2053 	 -0.3479 	 -0.2560 	 0.0945 	 -0.1697 	 0.2901 	 0.4360 	 0.2948
1.8737 	 -0.0767 	 -0.2043 	 -0.3496 	 -0.2531 	 0.0989 	 -0.1667 	 0.2759 	 0.4389 	 0.3120
1.8838 	 -0.0792 	 -0.2033 	 -0.3512 	 -0.2504 	 0.1033 	 -0.1635 	 0.2634 	 0.4430 	 0.3289
1.8938 	 -0.0817 	 -0.2022 	 -0.3528 	 -0.2479 	 0.1077 	 -0.1601 	 0.2523 	 0.4483 	 0.3461
1.9038 	 -0.0842 	 -0.2011 	 -0.3544 	 -0.2454 	 0.1123 	 -0.1565 	 0.2423 	 0.4546 	 0.3642
1.9138 	 -0.0866 	 -0.2000 	 -0.3560 	 -0.2430 	 0.1169 	 -0.1528 	 0.2331 	 0.4615 	 0.3836
1.9238 	 -0.0891 	 -0.1988 	 -0.3575 	 -0.2407 	 0.1215 	 -0.1489 	 0.2240 	 0.4688 	 0.4049
1.9339 	 -0.0915 	 -0.1975 	 -0.3590 	 -0.2385 	 0.1263 	 -0.1447 	 0.2148 	 0.4762 	 0.4284
1.9439 	 -0.0938 	 -0.1963 	 -0.3604 	 -0.2364 	 0.1311 	 -0.1403 	 0.2050 	 0.4834 	 0.4544
1.9539 	 -0.0962 	 -0.1949 	 -0.3618 	 -0.2344 	 0.1359 	 -0.1356 	 0.1939 	 0.4902 	 0.4831
1.9639 	 -0.0985 	 -0.1935 	 -0.3631 	 -0.2325 	 0.1409 	 -0.1306 	 0.1811 	 0.4962 	 0.5148
1.9739 	 -0.1009 	 -0.1921 	 -0.3644 	 -0.2308 	 0.1459 	 -0.1252 	 0.1660 	 0.5012 	 0.5497
1.9840 	 -0.1032 	 -0.1906 	 -0.3656 	 -0.2292 	 0.1509 	 -0.1195 	 0.1492 	 0.4989 	 0.6047
1.9940 	 -0.1055 	 -0.1891 	 -0.3668 	 -0.2278 	 0.1559 	 -0.1132 	 0.1273 	 0.5010 	 0.6469
2.0040 	 -0.1077 	 -0.1875 	 -0.3679 	 -0.2267 	 0.1609 	 -0.1065 	 0.1009 	 0.5013 	 0.6932
2.0140 	 -0.1100 	 -0.1858 	 -0.3689 	 -0.2258 	 0.1660 	 -0.0993 	 0.0689 	 0.4993 	 0.7439
2.0240 	 -0.1123 	 -0.1842 	 -0.3699 	 -0.2253 	 0.1709 	 -0.0916 	 0.0301 	 0.4944 	 0.7994
2.0341 	 -0.1145 	 -0.1824 	 -0.3707 	 -0.2252 	 0.1759 	 -0.0833 	 -0.0168 	 0.4858 	 0.8602
2.0441 	 -0.1168 	 -0.1806 	 -0.3715 	 -0.2257 	 0.1807 	 -0.0744 	 -0.0737 	 0.4719 	 0.9268
2.0541 	 -0.1191 	 -0.1788 	 -0.3722 	 -0.2268 	 0.1853 	 -0.0647 	 -0.1426 	 0.4509 	 0.9993
2.0641 	 -0.1213 	 -0.1769 	 -0.3728 	 -0.2286 	 0.1897 	 -0.0543 	 -0.2262 	 0.4198 	 1.0774
2.0741 	 -0.1236 	 -0.1750 	 -0.3733 	 -0.2314 	 0.1937 	 -0.0431 	 -0.3272 	 0.3745 	 1.1597
2.0842 	 -0.1260 	 -0.1730 	 -0.3737 	 -0.2352 	 0.1971 	 -0.0311 	 -0.4483 	 0.3098 	 1.2433
2.0942 	 -0.1284 	 -0.1711 	 -0.3739 	 -0.2404 	 0.1998 	 -0.0182 	 -0.5912 	 0.2190 	 1.3222
2.1042 	 -0.1308 	 -0.1690 	 -0.3740 	 -0.2471 	 0.2014 	 -0.0046 	 -0.7554 	 0.0948 	 1.3869
2.1142 	 -0.1333 	 -0.1670 	 -0.3740 	 -0.2556 	 0.2015 	 0.0095 	 -0.9360 	 -0.0690 	 1.4231
2.1242 	 -0.1359 	 -0.1650 	 -0.3738 	 -0.2659 	 0.1999 	 0.0237 	 -1.1206 	 -0.2744 	 1.4122
2.1343 	 -0.1387 	 -0.1630 	 -0.3735 	 -0.2780 	 0.1959 	 0.0376 	 -1.2880 	 -0.5142 	 1.3352
2.1443 	 -0.1415 	 -0.1611 	 -0.3731 	 -0.2916 	 0.1895 	 0.0502 	 -1.4098 	 -0.7680 	 1.1798
2.1543 	 -0.1445 	 -0.1593 	 -0.3725 	 -0.3060 	 0.1806 	 0.0610 	 -1.4583 	 -1.0029 	 0.9500
2.1643 	 -0.1477 	 -0.1575 	 -0.3719 	 -0.3205 	 0.1696 	 0.0691 	 -1.4178 	 -1.1821 	 0.6707
2.1743 	 -0.1509 	 -0.1559 	 -0.3712 	 -0.3341 	 0.1572 	 0.0744 	 -1.2939 	 -1.2795 	 0.3822
2.1844 	 -0.1543 	 -0.1544 	 -0.3704 	 -0.3462 	 0.1442 	 0.0769 	 -1.1118 	 -1.2894 	 0.1246
2.1944 	 -0.1579 	 -0.1530 	 -0.3697 	 -0.3563 	 0.1316 	 0.0771 	 -0.9048 	 -1.2265 	 -0.0759
2.2044 	 -0.1615 	 -0.1517 	 -0.3689 	 -0.3644 	 0.1198 	 0.0756 	 -0.7020 	 -1.1159 	 -0.2119
2.2144 	 -0.1651 	 -0.1506 	 -0.3681 	 -0.3705 	 0.1093 	 0.0730 	 -0.5216 	 -0.9826 	 -0.2900
2.2244 	 -0.1689 	 -0.1495 	 -0.3674 	 -0.3749 	 0.1001 	 0.0699 	 -0.3715 	 -0.8454 	 -0.3233
2.2345 	 -0.1727 	 -0.1485 	 -0.3667 	 -0.3780 	 0.0923 	 0.0666 	 -0.2522 	 -0.7161 	 -0.3255
2.2445 	 -0.1764 	 -0.1477 	 -0.3661 	 -0.3801 	 0.0857 	 0.0634 	 -0.1602 	 -0.6002 	 -0.3080
2.2545 	 -0.1803 	 -0.1468 	 -0.3655 	 -0.3813 	 0.0803 	 0.0605 	 -0.0908 	 -0.4998 	 -0.2794
2.2645 	 -0.1841 	 -0.1460 	 -0.3649 	 -0.3820 	 0.0757 	 0.0579 	 -0.0396 	 -0.4145 	 -0.2454
2.2745 	 -0.1879 	 -0.1453 	 -0.3643 	 -0.3822 	 0.0719 	 0.0556 	 -0.0025 	 -0.3429 	 -0.2095
2.2846 	 -0.1917 	 -0.1446 	 -0.3638 	 -0.3820 	 0.0688 	 0.0537 	 0.0238 	 -0.2833 	 -0.1740
2.2946 	 -0.1956 	 -0.1439 	 -0.3632 	 -0.3817 	 0.0662 	 0.0521 	 0.0418 	 -0.2341 	 -0.1400
2.3046 	 -0.1994 	 -0.1433 	 -0.3627 	 -0.3812 	 0.0640 	 0.0508 	 0.0532 	 -0.1937 	 -0.1080
2.3146 	 -0.2032 	 -0.1426 	 -0.3622 	 -0.3807 	 0.0623 	 0.0499 	 0.0595 	 -0.1608 	 -0.0783
2.3246 	 -0.2070 	 -0.1420 	 -0.3617 	 -0.3800 	 0.0608 	 0.0493 	 0.0617 	 -0.1343 	 -0.0507
2.3347 	 -0.2108 	 -0.1414 	 -0.3612 	 -0.3794 	 0.0596 	 0.0489 	 0.0603 	 -0.1133 	 -0.0251
2.3447 	 -0.2146 	 -0.1408 	 -0.3607 	 -0.3788 	 0.0585 	 0.0488 	 0.0559 	 -0.0972 	 -0.0010
2.3547 	 -0.2184 	 -0.1402 	 -0.3602 	 -0.3783 	 0.0576 	 0.0489 	 0.0486 	 -0.0856 	 0.0219
2.3647 	 -0.2222 	 -0.1397 	 -0.3598 	 -0.3779 	 0.0568 	 0.0492 	 0.0386 	 -0.0782 	 0.0441
2.3747 	 -0.2260 	 -0.1391 	 -0.3593 	 -0.3776 	 0.0560 	 0.0497 	 0.0258 	 -0.0749 	 0.0663
2.3848 	 -0.2298 	 -0.1385 	 -0.3588 	 -0.3774 	 0.0553 	 0.0505 	 0.0101 	 -0.0757 	 0.0891
2.3948 	 -0.2336 	 -0.1380 	 -0.3582 	 -0.3774 	 0.0545 	 0.0515 	 -0.0087 	 -0.0810 	 0.1135
2.4048 	 -0.2373 	 -0.1375 	 -0.3577 	 -0.3776 	 0.0536 	 0.0528 	 -0.0307 	 -0.0912 	 0.1407
2.4148 	 -0.2411 	 -0.1369 	 -0.3572 	 -0.3780 	 0.0526 	 0.0544 	 -0.0561 	 -0.1070 	 0.1721
2.4248 	 -0.2449 	 -0.1364 	 -0.3566 	 -0.3787 	 0.0515 	 0.0563 	 -0.0847 	 -0.1296 	 0.2096
2.4349 	 -0.2487 	 -0.1359 	 -0.3561 	 -0.3797 	 0.0500 	 0.0586 	 -0.1159 	 -0.1602 	 0.2559
2.4449 	 -0.2525 	 -0.1354 	 -0.3554 	 -0.3810 	 0.0482 	 0.0614 	 -0.1481 	 -0.2007 	 0.3140
2.4549 	 -0.2564 	 -0.1349 	 -0.3548 	 -0.3827 	 0.0460 	 0.0649 	 -0.1784 	 -0.2526 	 0.3879
2.4649 	 -0.2602 	 -0.1345 	 -0.3541 	 -0.3846 	 0.0431 	 0.0693 	 -0.2010 	 -0.3173 	 0.4818
2.4749 	 -0.2641 	 -0.1341 	 -0.3534 	 -0.3866 	 0.0396 	 0.0747 	 -0.2062 	 -0.3945 	 0.5989
2.4850 	 -0.2679 	 -0.1337 	 -0.3526 	 -0.3886 	 0.0352 	 0.0814 	 -0.1801 	 -0.4799 	 0.7389
2.4950 	 -0.2718 	 -0.1334 	 -0.3518 	 -0.3901 	 0.0300 	 0.0895 	 -0.1059 	 -0.5631 	 0.8932
2.5050 	 -0.2758 	 -0.1331 	 -0.3508 	 -0.3905 	 0.0240 	 0.0992 	 0.0284 	 -0.6256 	 1.0406
2.5150 	 -0.2797 	 -0.1329 	 -0.3498 	 -0.3893 	 0.0176 	 0.1103 	 0.2184 	 -0.6452 	 1.1483
2.5251 	 -0.2835 	 -0.1327 	 -0.3486 	 -0.3860 	 0.0112 	 0.1220 	 0.4344 	 -0.6077 	 1.1845
2.5351 	 -0.2874 	 -0.1327 	 -0.3473 	 -0.3807 	 0.0056 	 0.1337 	 0.6306 	 -0.5176 	 1.1385
2.5451 	 -0.2912 	 -0.1326 	 -0.3459 	 -0.3736 	 0.0010 	 0.1446 	 0.7697 	 -0.3977 	 1.0280
2.5551 	 -0.2949 	 -0.1326 	 -0.3444 	 -0.3655 	 -0.0024 	 0.1542 	 0.8402 	 -0.2746 	 0.8866
2.5651 	 -0.2985 	 -0.1327 	 -0.3429 	 -0.3570 	 -0.0046 	 0.1624 	 0.8537 	 -0.1668 	 0.7446
2.5752 	 -0.3020 	 -0.1327 	 -0.3412 	 -0.3485 	 -0.0058 	 0.1692 	 0.8300 	 -0.0812 	 0.6196
2.5852 	 -0.3055 	 -0.1328 	 -0.3395 	 -0.3404 	 -0.0063 	 0.1749 	 0.7874 	 -0.0172 	 0.5176
2.5952 	 -0.3088 	 -0.1328 	 -0.3377 	 -0.3327 	 -0.0062 	 0.1796 	 0.7382 	 0.0291 	 0.4377
2.6052 	 -0.3121 	 -0.1329 	 -0.3359 	 -0.3256 	 -0.0058 	 0.1837 	 0.6894 	 0.0621 	 0.3766
2.6152 	 -0.3154 	 -0.1330 	 -0.3340 	 -0.3189 	 -0.0050 	 0.1872 	 0.6445 	 0.0854 	 0.3303
2.6253 	 -0.3185 	 -0.1330 	 -0.3321 	 -0.3127 	 -0.0041 	 0.1904 	 0.6049 	 0.1021 	 0.2952
2.6353 	 -0.3216 	 -0.1330 	 -0.3302 	 -0.3068 	 -0.0030 	 0.1932 	 0.5708 	 0.1141 	 0.2685
2.6453 	 -0.3247 	 -0.1331 	 -0.3283 	 -0.3012 	 -0.0018 	 0.1958 	 0.5418 	 0.1228 	 0.2480
2.6553 	 -0.3277 	 -0.1331 	 -0.3263 	 -0.2959 	 -0.0005 	 0.1982 	 0.5174 	 0.1294 	 0.2321
2.6653 	 -0.3306 	 -0.1331 	 -0.3243 	 -0.2908 	 0.0008 	 0.2004 	 0.4971 	 0.1345 	 0.2196
2.6754 	 -0.3335 	 -0.1331 	 -0.3223 	 -0.2859 	 0.0022 	 0.2026 	 0.4804 	 0.1386 	 0.2096
2.6854 	 -0.3363 	 -0.1330 	 -0.3202 	 -0.2812 	 0.0036 	 0.2046 	 0.4666 	 0.1420 	 0.2014
2.6954 	 -0.3391 	 -0.1330 	 -0.3182 	 -0.2766 	 0.0050 	 0.2066 	 0.4554 	 0.1449 	 0.1944
2.7054 	 -0.3419 	 -0.1329 	 -0.3161 	 -0.2720 	 0.0065 	 0.2085 	 0.4463 	 0.1475 	 0.1884
2.7154 	 -0.3446 	 -0.1329 	 -0.3140 	 -0.2676 	 0.0080 	 0.2104 	 0.4391 	 0.1499 	 0.1830
2.7255 	 -0.3472 	 -0.1328 	 -0.3119 	 -0.2632 	 0.0095 	 0.2122 	 0.4335 	 0.1521 	 0.1782
2.7355 	 -0.3499 	 -0.1327 	 -0.3097 	 -0.2589 	 0.0110 	 0.2140 	 0.4294 	 0.1541 	 0.1738
2.7455 	 -0.3524 	 -0.1325 	 -0.3076 	 -0.2546 	 0.0126 	 0.2157 	 0.4266 	 0.1561 	 0.1696
2.7555 	 -0.3550 	 -0.1324 	 -0.3054 	 -0.2504 	 0.0141 	 0.2174 	 0.4254 	 0.1581 	 0.1660
2.7655 	 -0.3575 	 -0.1323 	 -0.3032 	 -0.2461 	 0.0157 	 0.2190 	 0.4257 	 0.1604 	 0.1627
2.7756 	 -0.3599 	 -0.1321 	 -0.3010 	 -0.2418 	 0.0174 	 0.2206 	 0.4275 	 0.1629 	 0.1597
2.7856 	 -0.3623 	 -0.1319 	 -0.2988 	 -0.2375 	 0.0190 	 0.2222 	 0.4305 	 0.1658 	 0.1566
2.7956 	 -0.3647 	 -0.1317 	 -0.2966 	 -0.2332 	 0.0207 	 0.2238 	 0.4346 	 0.1689 	 0.1533
2.8056 	 -0.3670 	 -0.1315 	 -0.2943 	 -0.2288 	 0.0224 	 0.2253 	 0.4395 	 0.1722 	 0.1497
2.8156 	 -0.3692 	 -0.1313 	 -0.2921 	 -0.2244 	 0.0241 	 0.2268 	 0.4453 	 0.1755 	 0.1458
2.8257 	 -0.3715 	 -0.1310 	 -0.2898 	 -0.2199 	 0.0259 	 0.2282 	 0.4519 	 0.1790 	 0.1415
2.8357 	 -0.3737 	 -0.1307 	 -0.2875 	 -0.2153 	 0.0277 	 0.2296 	 0.4594 	 0.1826 	 0.1366
2.8457 	 -0.3758 	 -0.1305 	 -0.2852 	 -0.2107 	 0.0296 	 0.2309 	 0.4676 	 0.1863 	 0.1311
2.8557 	 -0.3779 	 -0.1302 	 -0.2829 	 -0.2060 	 0.0315 	 0.2322 	 0.4763 	 0.1901 	 0.1247
2.8657 	 -0.3799 	 -0.1298 	 -0.2805 	 -0.2011 	 0.0334 	 0.2334 	 0.4855 	 0.1938 	 0.1174
2.8758 	 -0.3819 	 -0.1295 	 -0.2782 	 -0.1962 	 0.0353 	 0.2346 	 0.4948 	 0.1975 	 0.1090
2.8858 	 -0.3838 	 -0.1291 	 -0.2758 	 -0.1912 	 0.0373 	 0.2356 	 0.5040 	 0.2011 	 0.0994
2.8958 	 -0.3857 	 -0.1287 	 -0.2735 	 -0.1861 	 0.0394 	 0.2366 	 0.5128 	 0.2043 	 0.0884
2.9058 	 -0.3876 	 -0.1283 	 -0.2711 	 -0.1809 	 0.0414 	 0.2374 	 0.5208 	 0.2071 	 0.0762
2.9158 	 -0.3894 	 -0.1279 	 -0.2687 	 -0.1757 	 0.0435 	 0.2381 	 0.5278 	 0.2093 	 0.0626
2.9259 	 -0.3911 	 -0.1275 	 -0.2663 	 -0.1704 	 0.0456 	 0.2386 	 0.5332 	 0.2108 	 0.0479
2.9359 	 -0.3928 	 -0.1270 	 -0.2639 	 -0.1650 	 0.0477 	 0.2390 	 0.5367 	 0.2114 	 0.0325
2.9459 	 -0.3944 	 -0.1265 	 -0.2615 	 -0.1596 	 0.0499 	 0.2393 	 0.5381 	 0.2110 	 0.0166
2.9559 	 -0.3960 	 -0.1260 	 -0.2591 	 -0.1542 	 0.0520 	 0.2394 	 0.5372 	 0.2094 	 0.0010
2.9659 	 -0.3975 	 -0.1255 	 -0.2567 	 -0.1489 	 0.0540 	 0.2393 	 0.5340 	 0.2066 	 -0.0139
2.9760 	 -0.3990 	 -0.1249 	 -0.2543 	 -0.1435 	 0.0561 	 0.2391 	 0.5287 	 0.2028 	 -0.0276
2.9860 	 -0.4004 	 -0.1243 	 -0.2519 	 -0.1383 	 0.0581 	 0.2388 	 0.5218 	 0.1981 	 -0.0395
2.9960 	 -0.4017 	 -0.1237 	 -0.2496 	 -0.1331 	 0.0601 	 0.2383 	 0.5137 	 0.1927 	 -0.0495
3.0060 	 -0.4030 	 -0.1231 	 -0.2472 	 -0.1280 	 0.0620 	 0.2378 	 0.5051 	 0.1869 	 -0.0575
3.0160 	 -0.4043 	 -0.1225 	 -0.2448 	 -0.1230 	 0.0638 	 0.2372 	 0.4963 	 0.1809 	 -0.0636
3.0261 	 -0.4055 	 -0.1219 	 -0.2424 	 -0.1180 	 0.0656 	 0.2365 	 0.4878 	 0.1748 	 -0.0679
3.0361 	 -0.4067 	 -0.1212 	 -0.2400 	 -0.1132 	 0.0673 	 0.2358 	 0.4799 	 0.1689 	 -0.0709
3.0461 	 -0.4078 	 -0.1205 	 -0.2377 	 -0.1084 	 0.0690 	 0.2351 	 0.4728 	 0.1632 	 -0.0728
3.0561 	 -0.4088 	 -0.1198 	 -0.2353 	 -0.1037 	 0.0706 	 0.2344 	 0.4666 	 0.1579 	 -0.0738
3.0661 	 -0.4098 	 -0.1191 	 -0.2330 	 -0.0991 	 0.0721 	 0.2336 	 0.4612 	 0.1528 	 -0.0742
3.0762 	 -0.4108 	 -0.1184 	 -0.2307 	 -0.0945 	 0.0736 	 0.2329 	 0.4567 	 0.1481 	 -0.0743
3.0862 	 -0.4117 	 -0.1176 	 -0.2283 	 -0.0899 	 0.0751 	 0.2321 	 0.4531 	 0.1437 	 -0.0741
3.0962 	 -0.4126 	 -0.1169 	 -0.2260 	 -0.0854 	 0.0765 	 0.2314 	 0.4502 	 0.1395 	 -0.0738
3.1062 	 -0.4135 	 -0.1161 	 -0.2237 	 -0.0809 	 0.0779 	 0.2307 	 0.4481 	 0.1356 	 -0.0735
3.1162 	 -0.4142 	 -0.1153 	 -0.2214 	 -0.0764 	 0.0792 	 0.2299 	 0.4467 	 0.1319 	 -0.0733
3.1263 	 -0.4150 	 -0.1145 	 -0.2191 	 -0.0719 	 0.0806 	 0.2292 	 0.4459 	 0.1283 	 -0.0732
3.1363 	 -0.4157 	 -0.1137 	 -0.2168 	 -0.0675 	 0.0818 	 0.2284 	 0.4457 	 0.1249 	 -0.0734
3.1463 	 -0.4163 	 -0.1129 	 -0.2145 	 -0.0630 	 0.0831 	 0.2277 	 0.4459 	 0.1215 	 -0.0737
3.1563 	 -0.4169 	 -0.1120 	 -0.2122 	 -0.0585 	 0.0843 	 0.2270 	 0.4466 	 0.1182 	 -0.0743
3.1663 	 -0.4175 	 -0.1112 	 -0.2100 	 -0.0540 	 0.0854 	 0.2262 	 0.4478 	 0.1149 	 -0.0752
3.1764 	 -0.4180 	 -0.1103 	 -0.2077 	 -0.0496 	 0.0866 	 0.2255 	 0.4492 	 0.1115 	 -0.0763
3.1864 	 -0.4185 	 -0.1094 	 -0.2054 	 -0.0450 	 0.0877 	 0.2247 	 0.4509 	 0.1081 	 -0.0777
3.1964 	 -0.4189 	 -0.1085 	 -0.2032 	 -0.0405 	 0.0887 	 0.2239 	 0.4528 	 0.1045 	 -0.0794
3.2064 	 -0.4193 	 -0.1077 	 -0.2009 	 -0.0360 	 0.0898 	 0.2231 	 0.4548 	 0.1009 	 -0.0814
3.2164 	 -0.4197 	 -0.1068 	 -0.1987 	 -0.0314 	 0.0907 	 0.2223 	 0.4569 	 0.0971 	 -0.0837
3.2265 	 -0.4199 	 -0.1058 	 -0.1965 	 -0.0268 	 0.0917 	 0.2214 	 0.4590 	 0.0932 	 -0.0862
3.2365 	 -0.4202 	 -0.1049 	 -0.1943 	 -0.0222 	 0.0926 	 0.2205 	 0.4610 	 0.0891 	 -0.0889
3.2465 	 -0.4204 	 -0.1040 	 -0.1921 	 -0.0176 	 0.0935 	 0.2196 	 0.4629 	 0.0849 	 -0.0919
3.2565 	 -0.4205 	 -0.1030 	 -0.1899 	 -0.0129 	 0.0943 	 0.2187 	 0.4646 	 0.0806 	 -0.0949
3.2665 	 -0.4206 	 -0.1021 	 -0.1877 	 -0.0083 	 0.0951 	 0.2177 	 0.4660 	 0.0763 	 -0.0981
3.2766 	 -0.4207 	 -0.1011 	 -0.1855 	 -0.0036 	 0.0958 	 0.2168 	 0.4574 	 0.0713 	 -0.0738
3.2866 	 -0.4207 	 -0.1002 	 -0.1833 	 0.0010 	 0.0965 	 0.2160 	 0.4583 	 0.0669 	 -0.0774
3.2966 	 -0.4207 	 -0.0992 	 -0.1812 	 0.0056 	 0.0972 	 0.2152 	 0.4588 	 0.0626 	 -0.0809
3.3066 	 -0.4206 	 -0.0982 	 -0.1790 	 0.0102 	 0.0978 	 0.2144 	 0.4589 	 0.0583 	 -0.0844
3.3166 	 -0.4205 	 -0.0972 	 -0.1769 	 0.0148 	 0.0983 	 0.2135 	 0.4587 	 0.0542 	 -0.0878
3.3267 	 -0.4203 	 -0.0963 	 -0.1748 	 0.0194 	 0.0989 	 0.2126 	 0.4581 	 0.0503 	 -0.0911
3.3367 	 -0.4201 	 -0.0953 	 -0.1726 	 0.0240 	 0.0994 	 0.2117 	 0.4573 	 0.0467 	 -0.0942
3.3467 	 -0.4198 	 -0.0943 	 -0.1705 	 0.0285 	 0.0998 	 0.2108 	 0.4561 	 0.0434 	 -0.0972
3.3567 	 -0.4195 	 -0.0933 	 -0.1684 	 0.0331 	 0.1002 	 0.2098 	 0.4547 	 0.0403 	 -0.1000
3.3667 	 -0.4192 	 -0.0923 	 -0.1663 	 0.0376 	 0.1006 	 0.2088 	 0.4532 	 0.0377 	 -0.1026
3.3768 	 -0.4188 	 -0.0912 	 -0.1642 	 0.0422 	 0.1010 	 0.2077 	 0.4515 	 0.0353 	 -0.1052
3.3868 	 -0.4183 	 -0.0902 	 -0.1621 	 0.0467 	 0.1013 	 0.2066 	 0.4497 	 0.0334 	 -0.1076
3.3968 	 -0.4178 	 -0.0892 	 -0.1601 	 0.0512 	 0.1017 	 0.2056 	 0.4478 	 0.0318 	 -0.1099
3.4068 	 -0.4173 	 -0.0882 	 -0.1580 	 0.0557 	 0.1020 	 0.2044 	 0.4459 	 0.0305 	 -0.1122
3.4168 	 -0.4167 	 -0.0872 	 -0.1560 	 0.0601 	 0.1023 	 0.2033 	 0.4440 	 0.0296 	 -0.1145
3.4269 	 -0.4161 	 -0.0861 	 -0.1540 	 0.0646 	 0.1026 	 0.2021 	 0.4422 	 0.0289 	 -0.1168
3.4369 	 -0.4154 	 -0.0851 	 -0.1519 	 0.0690 	 0.1028 	 0.2010 	 0.4403 	 0.0285 	 -0.1192
3.4469 	 -0.4147 	 -0.0841 	 -0.1499 	 0.0734 	 0.1031 	 0.1998 	 0.4386 	 0.0283 	 -0.1216
3.4569 	 -0.4140 	 -0.0830 	 -0.1479 	 0.0778 	 0.1034 	 0.1985 	 0.4368 	 0.0284 	 -0.1240
3.4669 	 -0.4132 	 -0.0820 	 -0.1459 	 0.0821 	 0.1037 	 0.1973 	 0.4351 	 0.0285 	 -0.1266
3.4770 	 -0.4123 	 -0.0810 	 -0.1440 	 0.0865 	 0.1040 	 0.1960 	 0.4334 	 0.0288 	 -0.1292
3.4870 	 -0.4114 	 -0.0799 	 -0.1420 	 0.0908 	 0.1043 	 0.1947 	 0.4317 	 0.0291 	 -0.1319
3.4970 	 -0.4105 	 -0.0789 	 -0.1401 	 0.0951 	 0.1046 	 0.1934 	 0.4299 	 0.0295 	 -0.1347
3.5070 	 -0.4095 	 -0.0778 	 -0.1381 	 0.0994 	 0.1049 	 0.1920 	 0.4282 	 0.0299 	 -0.1376
3.5170 	 -0.4085 	 -0.0768 	 -0.1362 	 0.1037 	 0.1052 	 0.1906 	 0.4264 	 0.0304 	 -0.1405
3.5271 	 -0.4074 	 -0.0757 	 -0.1343 	 0.1080 	 0.1055 	 0.1892 	 0.4245 	 0.0307 	 -0.1434
3.5371 	 -0.4063 	 -0.0747 	 -0.1324 	 0.1122 	 0.1058 	 0.1877 	 0.4225 	 0.0311 	 -0.1464
3.5471 	 -0.4052 	 -0.0736 	 -0.1306 	 0.1164 	 0.1061 	 0.1862 	 0.4205 	 0.0313 	 -0.1493
3.5571 	 -0.4040 	 -0.0725 	 -0.1287 	 0.1207 	 0.1064 	 0.1847 	 0.4183 	 0.0315 	 -0.1522
3.5671 	 -0.4028 	 -0.0715 	 -0.1269 	 0.1248 	 0.1067 	 0.1832 	 0.4161 	 0.0316 	 -0.1551
3.5772 	 -0.4015 	 -0.0704 	 -0.1250 	 0.1290 	 0.1070 	 0.1816 	 0.4137 	 0.0316 	 -0.1578
3.5872 	 -0.4002 	 -0.0693 	 -0.1232 	 0.1331 	 0.1074 	 0.1800 	 0.4113 	 0.0315 	 -0.1605
3.5972 	 -0.3988 	 -0.0682 	 -0.1214 	 0.1372 	 0.1077 	 0.1784 	 0.4087 	 0.0312 	 -0.1630
3.6072 	 -0.3974 	 -0.0672 	 -0.1196 	 0.1413 	 0.1080 	 0.1768 	 0.4061 	 0.0309 	 -0.1653
3.6172 	 -0.3960 	 -0.0661 	 -0.1179 	 0.1454 	 0.1083 	 0.1751 	 0.4034 	 0.0304 	 -0.1675
3.6273 	 -0.3945 	 -0.0650 	 -0.1161 	 0.1494 	 0.1086 	 0.1734 	 0.4007 	 0.0298 	 -0.1694
3.6373 	 -0.3930 	 -0.0639 	 -0.1144 	 0.1534 	 0.1089 	 0.1717 	 0.3980 	 0.0290 	 -0.1712
3.6473 	 -0.3914 	 -0.0628 	 -0.1127 	 0.1574 	 0.1092 	 0.1700 	 0.3953 	 0.0282 	 -0.1727
3.6573 	 -0.3899 	 -0.0617 	 -0.1110 	 0.1613 	 0.1095 	 0.1682 	 0.3926 	 0.0272 	 -0.1740
3.6673 	 -0.3882 	 -0.0606 	 -0.1093 	 0.1652 	 0.1097 	 0.1665 	 0.3899 	 0.0261 	 -0.1751
3.6774 	 -0.3865 	 -0.0595 	 -0.1077 	 0.1691 	 0.1100 	 0.1647 	 0.3874 	 0.0249 	 -0.1759
3.6874 	 -0.3848 	 -0.0584 	 -0.1060 	 0.1730 	 0.1102 	 0.1630 	 0.3849 	 0.0236 	 -0.1766
3.6974 	 -0.3831 	 -0.0573 	 -0.1044 	 0.1768 	 0.1105 	 0.1612 	 0.3826 	 0.0222 	 -0.1770
3.7074 	 -0.3813 	 -0.0562 	 -0.1028 	 0.1807 	 0.1107 	 0.1594 	 0.3805 	 0.0208 	 -0.1772
3.7174 	 -0.3795 	 -0.0551 	 -0.1012 	 0.1845 	 0.1109 	 0.1576 	 0.3785 	 0.0192 	 -0.1772
3.7275 	 -0.3776 	 -0.0540 	 -0.0996 	 0.1883 	 0.1111 	 0.1559 	 0.3768 	 0.0175 	 -0.1770
3.7375 	 -0.3757 	 -0.0529 	 -0.0981 	 0.1920 	 0.1112 	 0.1541 	 0.3753 	 0.0158 	 -0.1767
3.7475 	 -0.3737 	 -0.0518 	 -0.0965 	 0.1958 	 0.1114 	 0.1523 	 0.3741 	 0.0139 	 -0.1762
3.7575 	 -0.3718 	 -0.0506 	 -0.0950 	 0.1995 	 0.1115 	 0.1506 	 0.3732 	 0.0119 	 -0.1755
3.7675 	 -0.3697 	 -0.0495 	 -0.0935 	 0.2033 	 0.1116 	 0.1488 	 0.3725 	 0.0098 	 -0.1748
3.7776 	 -0.3677 	 -0.0484 	 -0.0920 	 0.2070 	 0.1117 	 0.1471 	 0.3722 	 0.0076 	 -0.1739
3.7876 	 -0.3656 	 -0.0473 	 -0.0906 	 0.2107 	 0.1118 	 0.1453 	 0.3722 	 0.0051 	 -0.1730
3.7976 	 -0.3635 	 -0.0462 	 -0.0891 	 0.2144 	 0.1118 	 0.1436 	 0.3725 	 0.0025 	 -0.1720
3.8076 	 -0.3613 	 -0.0450 	 -0.0877 	 0.2182 	 0.1118 	 0.1419 	 0.3731 	 -0.0004 	 -0.1710
3.8176 	 -0.3591 	 -0.0439 	 -0.0863 	 0.2219 	 0.1118 	 0.1402 	 0.3741 	 -0.0035 	 -0.1699
3.8277 	 -0.3568 	 -0.0428 	 -0.0849 	 0.2257 	 0.1117 	 0.1385 	 0.3755 	 -0.0070 	 -0.1689
3.8377 	 -0.3546 	 -0.0417 	 -0.0835 	 0.2295 	 0.1116 	 0.1368 	 0.3772 	 -0.0109 	 -0.1679
3.8477 	 -0.3522 	 -0.0406 	 -0.0822 	 0.2332 	 0.1115 	 0.1351 	 0.3794 	 -0.0153 	 -0.1669
3.8577 	 -0.3499 	 -0.0394 	 -0.0808 	 0.2371 	 0.1113 	 0.1334 	 0.3818 	 -0.0202 	 -0.1659
3.8677 	 -0.3475 	 -0.0383 	 -0.0795 	 0.2409 	 0.1111 	 0.1318 	 0.3847 	 -0.0258 	 -0.1649
3.8778 	 -0.3451 	 -0.0372 	 -0.0782 	 0.2448 	 0.1108 	 0.1301 	 0.3879 	 -0.0320 	 -0.1640
3.8878 	 -0.3426 	 -0.0361 	 -0.0769 	 0.2487 	 0.1105 	 0.1285 	 0.3915 	 -0.0392 	 -0.1630
3.8978 	 -0.3401 	 -0.0350 	 -0.0756 	 0.2526 	 0.1100 	 0.1269 	 0.3954 	 -0.0473 	 -0.1620
3.9078 	 -0.3375 	 -0.0339 	 -0.0743 	 0.2566 	 0.1095 	 0.1252 	 0.3996 	 -0.0565 	 -0.1609
3.9178 	 -0.3349 	 -0.0328 	 -0.0731 	 0.2606 	 0.1089 	 0.1236 	 0.4042 	 -0.0670 	 -0.1597
3.9279 	 -0.3323 	 -0.0317 	 -0.0719 	 0.2647 	 0.1082 	 0.1220 	 0.4089 	 -0.0789 	 -0.1582
3.9379 	 -0.3296 	 -0.0306 	 -0.0706 	 0.2688 	 0.1073 	 0.1205 	 0.4138 	 -0.0923 	 -0.1564
3.9479 	 -0.3269 	 -0.0296 	 -0.0694 	 0.2730 	 0.1063 	 0.1189 	 0.4186 	 -0.1075 	 -0.1540
3.9579 	 -0.3242 	 -0.0285 	 -0.0683 	 0.2772 	 0.1051 	 0.1174 	 0.4232 	 -0.1245 	 -0.1510
3.9679 	 -0.3214 	 -0.0275 	 -0.0671 	 0.2815 	 0.1038 	 0.1159 	 0.4273 	 -0.1433 	 -0.1469
3.9780 	 -0.3185 	 -0.0264 	 -0.0659 	 0.2858 	 0.1023 	 0.1144 	 0.4306 	 -0.1641 	 -0.1417
3.9880 	 -0.3156 	 -0.0254 	 -0.0648 	 0.2901 	 0.1005 	 0.1131 	 0.4326 	 -0.1867 	 -0.1348
3.9980 	 -0.3127 	 -0.0244 	 -0.0637 	 0.2944 	 0.0985 	 0.1118 	 0.4330 	 -0.2107 	 -0.1262
4.0080 	 -0.3097 	 -0.0234 	 -0.0626 	 0.2988 	 0.0963 	 0.1105 	 0.4311 	 -0.2358 	 -0.1153
4.0180 	 -0.3067 	 -0.0225 	 -0.0615 	 0.3031 	 0.0938 	 0.1094 	 0.4265 	 -0.2611 	 -0.1021
4.0281 	 -0.3037 	 -0.0216 	 -0.0604 	 0.3073 	 0.0911 	 0.1085 	 0.4188 	 -0.2856 	 -0.0866
4.0381 	 -0.3006 	 -0.0207 	 -0.0593 	 0.3114 	 0.0881 	 0.1077 	 0.4079 	 -0.3081 	 -0.0689
4.0481 	 -0.2974 	 -0.0198 	 -0.0582 	 0.3155 	 0.0849 	 0.1071 	 0.3937 	 -0.3272 	 -0.0497
4.0581 	 -0.2942 	 -0.0190 	 -0.0571 	 0.3193 	 0.0815 	 0.1067 	 0.3767 	 -0.3417 	 -0.0297
4.0681 	 -0.2910 	 -0.0182 	 -0.0561 	 0.3230 	 0.0781 	 0.1065 	 0.3575 	 -0.3506 	 -0.0099
4.0782 	 -0.2878 	 -0.0174 	 -0.0550 	 0.3265 	 0.0745 	 0.1065 	 0.3371 	 -0.3537 	 0.0086
4.0882 	 -0.2845 	 -0.0167 	 -0.0539 	 0.3298 	 0.0710 	 0.1067 	 0.3166 	 -0.3515 	 0.0249
4.0982 	 -0.2812 	 -0.0160 	 -0.0529 	 0.3328 	 0.0675 	 0.1070 	 0.2973 	 -0.3447 	 0.0381
4.1082 	 -0.2778 	 -0.0153 	 -0.0518 	 0.3357 	 0.0641 	 0.1074 	 0.2799 	 -0.3344 	 0.0476
4.1182 	 -0.2744 	 -0.0147 	 -0.0507 	 0.3384 	 0.0608 	 0.1080 	 0.2650 	 -0.3221 	 0.0534
4.1283 	 -0.2710 	 -0.0141 	 -0.0496 	 0.3410 	 0.0576 	 0.1085 	 0.2529 	 -0.3087 	 0.0554
4.1383 	 -0.2676 	 -0.0135 	 -0.0485 	 0.3435 	 0.0546 	 0.1091 	 0.2436 	 -0.2954 	 0.0539
4.1483 	 -0.2641 	 -0.0130 	 -0.0474 	 0.3459 	 0.0517 	 0.1096 	 0.2369 	 -0.2827 	 0.0492
4.1583 	 -0.2607 	 -0.0125 	 -0.0463 	 0.3483 	 0.0490 	 0.1100 	 0.2326 	 -0.2712 	 0.0417
4.1683 	 -0.2572 	 -0.0120 	 -0.0452 	 0.3506 	 0.0463 	 0.1104 	 0.2305 	 -0.2609 	 0.0314
4.1784 	 -0.2536 	 -0.0116 	 -0.0441 	 0.3529 	 0.0437 	 0.1107 	 0.2305 	 -0.2518 	 0.0186
4.1884 	 -0.2501 	 -0.0112 	 -0.0430 	 0.3552 	 0.0412 	 0.1108 	 0.2324 	 -0.2438 	 0.0033
4.1984 	 -0.2465 	 -0.0108 	 -0.0419 	 0.3576 	 0.0388 	 0.1107 	 0.2363 	 -0.2365 	 -0.0148
4.2084 	 -0.2429 	 -0.0104 	 -0.0408 	 0.3600 	 0.0365 	 0.1105 	 0.2420 	 -0.2298 	 -0.0357
4.2184 	 -0.2393 	 -0.0100 	 -0.0397 	 0.3624 	 0.0342 	 0.1100 	 0.2498 	 -0.2232 	 -0.0601
4.2285 	 -0.2357 	 -0.0097 	 -0.0386 	 0.3650 	 0.0320 	 0.1092 	 0.2595 	 -0.2162 	 -0.0883
4.2385 	 -0.2320 	 -0.0094 	 -0.0375 	 0.3676 	 0.0299 	 0.1082 	 0.2711 	 -0.2083 	 -0.1211
4.2485 	 -0.2283 	 -0.0091 	 -0.0364 	 0.3704 	 0.0279 	 0.1068 	 0.2843 	 -0.1988 	 -0.1594
4.2585 	 -0.2246 	 -0.0088 	 -0.0354 	 0.3733 	 0.0259 	 0.1050 	 0.2985 	 -0.1868 	 -0.2043
4.2685 	 -0.2208 	 -0.0086 	 -0.0343 	 0.3764 	 0.0241 	 0.1027 	 0.3126 	 -0.1710 	 -0.2569
4.2786 	 -0.2170 	 -0.0083 	 -0.0333 	 0.3796 	 0.0225 	 0.0998 	 0.3247 	 -0.1498 	 -0.3181
4.2886 	 -0.2132 	 -0.0081 	 -0.0323 	 0.3829 	 0.0211 	 0.0963 	 0.3320 	 -0.1214 	 -0.3883
4.2986 	 -0.2094 	 -0.0079 	 -0.0314 	 0.3862 	 0.0201 	 0.0920 	 0.3303 	 -0.0835 	 -0.4665
4.3086 	 -0.2055 	 -0.0077 	 -0.0305 	 0.3895 	 0.0195 	 0.0869 	 0.3140 	 -0.0347 	 -0.5495
4.3186 	 -0.2016 	 -0.0075 	 -0.0296 	 0.3924 	 0.0195 	 0.0810 	 0.2774 	 0.0254 	 -0.6303
4.3287 	 -0.1976 	 -0.0073 	 -0.0289 	 0.3949 	 0.0200 	 0.0743 	 0.2162 	 0.0941 	 -0.6977
4.3387 	 -0.1936 	 -0.0071 	 -0.0282 	 0.3967 	 0.0213 	 0.0671 	 0.1308 	 0.1643 	 -0.7381
4.3487 	 -0.1897 	 -0.0069 	 -0.0275 	 0.3975 	 0.0233 	 0.0597 	 0.0291 	 0.2256 	 -0.7393
4.3587 	 -0.1857 	 -0.0066 	 -0.0270 	 0.3973 	 0.0258 	 0.0524 	 -0.0744 	 0.2669 	 -0.6974
4.3687 	 -0.1817 	 -0.0064 	 -0.0265 	 0.3961 	 0.0286 	 0.0458 	 -0.1633 	 0.2814 	 -0.6191
4.3788 	 -0.1778 	 -0.0061 	 -0.0260 	 0.3941 	 0.0313 	 0.0401 	 -0.2262 	 0.2691 	 -0.5194
4.3888 	 -0.1738 	 -0.0057 	 -0.0257 	 0.3916 	 0.0339 	 0.0354 	 -0.2600 	 0.2361 	 -0.4151
4.3988 	 -0.1699 	 -0.0054 	 -0.0253 	 0.3890 	 0.0360 	 0.0317 	 -0.2686 	 0.1906 	 -0.3186
4.4088 	 -0.1660 	 -0.0050 	 -0.0250 	 0.3863 	 0.0377 	 0.0290 	 -0.2593 	 0.1400 	 -0.2363
4.4188 	 -0.1622 	 -0.0046 	 -0.0247 	 0.3838 	 0.0388 	 0.0270 	 -0.2393 	 0.0896 	 -0.1700
4.4289 	 -0.1583 	 -0.0042 	 -0.0245 	 0.3815 	 0.0395 	 0.0255 	 -0.2143 	 0.0422 	 -0.1183
4.4389 	 -0.1545 	 -0.0038 	 -0.0242 	 0.3795 	 0.0397 	 0.0245 	 -0.1882 	 -0.0009 	 -0.0788
4.4489 	 -0.1507 	 -0.0035 	 -0.0240 	 0.3777 	 0.0395 	 0.0239 	 -0.1633 	 -0.0398 	 -0.0488
4.4589 	 -0.1469 	 -0.0031 	 -0.0237 	 0.3762 	 0.0389 	 0.0235 	 -0.1409 	 -0.0746 	 -0.0260
4.4689 	 -0.1432 	 -0.0027 	 -0.0235 	 0.3749 	 0.0380 	 0.0234 	 -0.1213 	 -0.1060 	 -0.0087
4.4790 	 -0.1394 	 -0.0023 	 -0.0233 	 0.3738 	 0.0368 	 0.0234 	 -0.1048 	 -0.1347 	 0.0049
4.4890 	 -0.1357 	 -0.0019 	 -0.0230 	 0.3728 	 0.0353 	 0.0235 	 -0.0913 	 -0.1612 	 0.0156
4.4990 	 -0.1320 	 -0.0016 	 -0.0228 	 0.3719 	 0.0336 	 0.0237 	 -0.0805 	 -0.1860 	 0.0245
4.5090 	 -0.1282 	 -0.0013 	 -0.0226 	 0.3712 	 0.0316 	 0.0239 	 -0.0723 	 -0.2097 	 0.0321
4.5190 	 -0.1245 	 -0.0010 	 -0.0223 	 0.3705 	 0.0294 	 0.0243 	 -0.0662 	 -0.2325 	 0.0389
4.5291 	 -0.1208 	 -0.0007 	 -0.0221 	 0.3698 	 0.0269 	 0.0247 	 -0.0622 	 -0.2548 	 0.0454
4.5391 	 -0.1171 	 -0.0004 	 -0.0218 	 0.3692 	 0.0243 	 0.0252 	 -0.0601 	 -0.2767 	 0.0517
4.5491 	 -0.1134 	 -0.0002 	 -0.0216 	 0.3686 	 0.0214 	 0.0258 	 -0.0596 	 -0.2985 	 0.0583
4.5591 	 -0.1097 	 0.0000 	 -0.0213 	 0.3680 	 0.0183 	 0.0264 	 -0.0607 	 -0.3204 	 0.0652
4.5691 	 -0.1060 	 0.0002 	 -0.0210 	 0.3674 	 0.0150 	 0.0271 	 -0.0633 	 -0.3423 	 0.0726
4.5792 	 -0.1024 	 0.0003 	 -0.0208 	 0.3668 	 0.0114 	 0.0278 	 -0.0673 	 -0.3644 	 0.0808
4.5892 	 -0.0987 	 0.0004 	 -0.0205 	 0.3661 	 0.0077 	 0.0287 	 -0.0728 	 -0.3867 	 0.0897
4.5992 	 -0.0950 	 0.0005 	 -0.0202 	 0.3653 	 0.0037 	 0.0296 	 -0.0798 	 -0.4092 	 0.0996
4.6092 	 -0.0914 	 0.0005 	 -0.0199 	 0.3645 	 -0.0005 	 0.0307 	 -0.0884 	 -0.4318 	 0.1104
4.6192 	 -0.0877 	 0.0004 	 -0.0196 	 0.3635 	 -0.0050 	 0.0319 	 -0.0987 	 -0.4545 	 0.1222
4.6293 	 -0.0841 	 0.0004 	 -0.0192 	 0.3625 	 -0.0096 	 0.0331 	 -0.1110 	 -0.4771 	 0.1352
4.6393 	 -0.0805 	 0.0002 	 -0.0189 	 0.3613 	 -0.0145 	 0.0346 	 -0.1255 	 -0.4996 	 0.1491
4.6493 	 -0.0768 	 0.0001 	 -0.0186 	 0.3599 	 -0.0196 	 0.0361 	 -0.1425 	 -0.5215 	 0.1641
4.6593 	 -0.0732 	 -0.0001 	 -0.0182 	 0.3584 	 -0.0250 	 0.0379 	 -0.1623 	 -0.5427 	 0.1800
4.6693 	 -0.0697 	 -0.0004 	 -0.0178 	 0.3567 	 -0.0305 	 0.0397 	 -0.1852 	 -0.5625 	 0.1967
4.6794 	 -0.0661 	 -0.0008 	 -0.0174 	 0.3547 	 -0.0362 	 0.0418 	 -0.2115 	 -0.5804 	 0.2139
4.6894 	 -0.0626 	 -0.0012 	 -0.0170 	 0.3524 	 -0.0421 	 0.0440 	 -0.2416 	 -0.5954 	 0.2313
4.6994 	 -0.0590 	 -0.0016 	 -0.0165 	 0.3498 	 -0.0482 	 0.0464 	 -0.2757 	 -0.6066 	 0.2485
4.7094 	 -0.0555 	 -0.0021 	 -0.0160 	 0.3469 	 -0.0543 	 0.0490 	 -0.3136 	 -0.6123 	 0.2650
4.7194 	 -0.0521 	 -0.0027 	 -0.0155 	 0.3435 	 -0.0604 	 0.0517 	 -0.3552 	 -0.6108 	 0.2799
4.7295 	 -0.0487 	 -0.0033 	 -0.0150 	 0.3398 	 -0.0665 	 0.0546 	 -0.3998 	 -0.5996 	 0.2927
4.7395 	 -0.0453 	 -0.0040 	 -0.0144 	 0.3355 	 -0.0724 	 0.0576 	 -0.4461 	 -0.5762 	 0.3023
4.7495 	 -0.0419 	 -0.0048 	 -0.0138 	 0.3308 	 -0.0780 	 0.0607 	 -0.4922 	 -0.5370 	 0.3080
4.7595 	 -0.0387 	 -0.0056 	 -0.0132 	 0.3257 	 -0.0831 	 0.0638 	 -0.5356 	 -0.4785 	 0.3094
4.7695 	 -0.0354 	 -0.0064 	 -0.0126 	 0.3201 	 -0.0875 	 0.0668 	 -0.5731 	 -0.3967 	 0.3063
4.7796 	 -0.0322 	 -0.0073 	 -0.0119 	 0.3142 	 -0.0909 	 0.0699 	 -0.6014 	 -0.2877 	 0.2995
4.7896 	 -0.0291 	 -0.0083 	 -0.0112 	 0.3081 	 -0.0932 	 0.0728 	 -0.6181 	 -0.1480 	 0.2910
4.7996 	 -0.0261 	 -0.0092 	 -0.0104 	 0.3019 	 -0.0938 	 0.0757 	 -0.6229 	 0.0241 	 0.2839
4.8096 	 -0.0231 	 -0.0101 	 -0.0096 	 0.2956 	 -0.0926 	 0.0785 	 -0.6191 	 0.2280 	 0.2823
4.8196 	 -0.0201 	 -0.0110 	 -0.0088 	 0.2895 	 -0.0891 	 0.0814 	 -0.6145 	 0.4579 	 0.2899
4.8297 	 -0.0173 	 -0.0119 	 -0.0080 	 0.2833 	 -0.0833 	 0.0844 	 -0.6204 	 0.7017 	 0.3087
4.8397 	 -0.0145 	 -0.0127 	 -0.0071 	 0.2770 	 -0.0751 	 0.0876 	 -0.6477 	 0.9397 	 0.3365
4.8497 	 -0.0117 	 -0.0134 	 -0.0062 	 0.2702 	 -0.0646 	 0.0911 	 -0.6999 	 1.1483 	 0.3665
4.8597 	 -0.0091 	 -0.0140 	 -0.0053 	 0.2629 	 -0.0523 	 0.0949 	 -0.7684 	 1.3081 	 0.3905
4.8697 	 -0.0065 	 -0.0144 	 -0.0043 	 0.2548 	 -0.0386 	 0.0989 	 -0.8344 	 1.4120 	 0.4029
4.8798 	 -0.0039 	 -0.0147 	 -0.0033 	 0.2462 	 -0.0241 	 0.1030 	 -0.8770 	 1.4695 	 0.4055
4.8898 	 -0.0015 	 -0.0149 	 -0.0023 	 0.2374 	 -0.0092 	 0.1071 	 -0.8823 	 1.5015 	 0.4078
4.8998 	 0.0008 	 -0.0149 	 -0.0012 	 0.2287 	 0.0060 	 0.1112 	 -0.8467 	 1.5337 	 0.4256
4.9098 	 0.0031 	 -0.0148 	 -0.0000 	 0.2205 	 0.0216 	 0.1157 	 -0.7768 	 1.5906 	 0.4796
4.9198 	 0.0052 	 -0.0145 	 0.0011 	 0.2132 	 0.0380 	 0.1210 	 -0.6890 	 1.6936 	 0.5969
4.9299 	 0.0073 	 -0.0140 	 0.0024 	 0.2067 	 0.0557 	 0.1280 	 -0.6140 	 1.8590 	 0.8141
4.9399 	 0.0094 	 -0.0133 	 0.0037 	 0.2006 	 0.0755 	 0.1378 	 -0.6118 	 2.0892 	 1.1777
4.9499 	 0.0114 	 -0.0125 	 0.0052 	 0.1938 	 0.0977 	 0.1522 	 -0.7929 	 2.3415 	 1.7237
4.9599 	 0.0132 	 -0.0114 	 0.0068 	 0.1836 	 0.1220 	 0.1728 	 -1.3086 	 2.4700 	 2.3946
4.9699 	 0.0150 	 -0.0100 	 0.0087 	 0.1663 	 0.1459 	 0.1997 	 -2.1916 	 2.2201 	 2.8970
4.9800 	 0.0165 	 -0.0085 	 0.0108 	 0.1397 	 0.1648 	 0.2288 	 -3.0743 	 1.4938 	 2.7971
4.9900 	 0.0177 	 -0.0068 	 0.0132 	 0.1065 	 0.1754 	 0.2536 	 -3.4217 	 0.6382 	 2.0792
