100-Body Run with i = 32 th particle. (Units in pc,M_solar,Myr, km s-1) 

time		 x 		 y 		 z 		 xdot 		 ydot 		 zdot 		 xddot 		 yddot 		 zddot
0.0000 	 0.4057 	 -0.0527 	 -0.3989 	 -0.0054 	 -0.0007 	 0.0067 	 -0.8746 	 -0.5236 	 0.1559
0.0100 	 0.4056 	 -0.0528 	 -0.3989 	 -0.0142 	 -0.0059 	 0.0083 	 -0.8775 	 -0.5243 	 0.1554
0.0200 	 0.4054 	 -0.0528 	 -0.3988 	 -0.0230 	 -0.0112 	 0.0098 	 -0.8849 	 -0.5247 	 0.1542
0.0301 	 0.4052 	 -0.0530 	 -0.3987 	 -0.0320 	 -0.0164 	 0.0114 	 -0.9060 	 -0.5241 	 0.1474
0.0401 	 0.4048 	 -0.0532 	 -0.3985 	 -0.0411 	 -0.0217 	 0.0127 	 -0.8897 	 -0.5237 	 0.1185
0.0501 	 0.4043 	 -0.0534 	 -0.3984 	 -0.0500 	 -0.0270 	 0.0135 	 -0.8748 	 -0.5352 	 0.0566
0.0601 	 0.4038 	 -0.0537 	 -0.3983 	 -0.0585 	 -0.0324 	 0.0140 	 -0.8326 	 -0.5460 	 0.0552
0.0701 	 0.4032 	 -0.0541 	 -0.3981 	 -0.0667 	 -0.0379 	 0.0147 	 -0.8131 	 -0.5538 	 0.0721
0.0802 	 0.4024 	 -0.0545 	 -0.3980 	 -0.0748 	 -0.0435 	 0.0155 	 -0.8076 	 -0.5604 	 0.0823
0.0902 	 0.4017 	 -0.0549 	 -0.3978 	 -0.0829 	 -0.0491 	 0.0163 	 -0.8061 	 -0.5671 	 0.0863
0.1002 	 0.4008 	 -0.0555 	 -0.3977 	 -0.0910 	 -0.0549 	 0.0172 	 -0.8057 	 -0.5745 	 0.0870
0.1102 	 0.3998 	 -0.0560 	 -0.3975 	 -0.0991 	 -0.0607 	 0.0180 	 -0.8056 	 -0.5823 	 0.0873
0.1202 	 0.3988 	 -0.0567 	 -0.3973 	 -0.1071 	 -0.0665 	 0.0190 	 -0.8048 	 -0.5886 	 0.0950
0.1303 	 0.3977 	 -0.0574 	 -0.3971 	 -0.1152 	 -0.0725 	 0.0200 	 -0.7964 	 -0.5944 	 0.1070
0.1403 	 0.3965 	 -0.0581 	 -0.3969 	 -0.1231 	 -0.0785 	 0.0211 	 -0.7790 	 -0.6034 	 0.1131
0.1503 	 0.3952 	 -0.0589 	 -0.3967 	 -0.1308 	 -0.0846 	 0.0222 	 -0.7611 	 -0.6167 	 0.1101
0.1603 	 0.3939 	 -0.0598 	 -0.3964 	 -0.1383 	 -0.0908 	 0.0233 	 -0.7460 	 -0.6308 	 0.1016
0.1703 	 0.3925 	 -0.0608 	 -0.3962 	 -0.1457 	 -0.0972 	 0.0242 	 -0.7301 	 -0.6483 	 0.0848
0.1804 	 0.3910 	 -0.0618 	 -0.3960 	 -0.1530 	 -0.1038 	 0.0250 	 -0.7214 	 -0.6717 	 0.0744
0.1904 	 0.3894 	 -0.0628 	 -0.3957 	 -0.1602 	 -0.1107 	 0.0257 	 -0.7138 	 -0.6955 	 0.0671
0.2004 	 0.3877 	 -0.0640 	 -0.3954 	 -0.1673 	 -0.1178 	 0.0263 	 -0.7052 	 -0.7214 	 0.0606
0.2104 	 0.3860 	 -0.0652 	 -0.3952 	 -0.1743 	 -0.1251 	 0.0269 	 -0.6944 	 -0.7507 	 0.0539
0.2204 	 0.3843 	 -0.0665 	 -0.3949 	 -0.1812 	 -0.1328 	 0.0274 	 -0.6804 	 -0.7842 	 0.0465
0.2305 	 0.3824 	 -0.0679 	 -0.3946 	 -0.1879 	 -0.1409 	 0.0278 	 -0.6619 	 -0.8233 	 0.0378
0.2405 	 0.3805 	 -0.0693 	 -0.3944 	 -0.1944 	 -0.1493 	 0.0282 	 -0.6372 	 -0.8692 	 0.0273
0.2505 	 0.3785 	 -0.0709 	 -0.3941 	 -0.2007 	 -0.1583 	 0.0284 	 -0.6041 	 -0.9241 	 0.0139
0.2605 	 0.3765 	 -0.0725 	 -0.3938 	 -0.2065 	 -0.1679 	 0.0284 	 -0.5592 	 -0.9907 	 -0.0033
0.2705 	 0.3744 	 -0.0742 	 -0.3935 	 -0.2118 	 -0.1782 	 0.0283 	 -0.4979 	 -1.0728 	 -0.0263
0.2806 	 0.3722 	 -0.0761 	 -0.3932 	 -0.2164 	 -0.1895 	 0.0279 	 -0.4128 	 -1.1763 	 -0.0577
0.2906 	 0.3700 	 -0.0780 	 -0.3929 	 -0.2200 	 -0.2019 	 0.0271 	 -0.2924 	 -1.3100 	 -0.1017
0.3006 	 0.3678 	 -0.0801 	 -0.3927 	 -0.2221 	 -0.2159 	 0.0258 	 -0.1172 	 -1.4882 	 -0.1651
0.3106 	 0.3656 	 -0.0824 	 -0.3924 	 -0.2220 	 -0.2319 	 0.0237 	 0.1483 	 -1.7350 	 -0.2602
0.3206 	 0.3634 	 -0.0848 	 -0.3922 	 -0.2186 	 -0.2510 	 0.0204 	 0.5744 	 -2.0946 	 -0.4108
0.3307 	 0.3613 	 -0.0874 	 -0.3920 	 -0.2095 	 -0.2746 	 0.0151 	 1.3208 	 -2.6568 	 -0.6681
0.3407 	 0.3593 	 -0.0904 	 -0.3919 	 -0.1897 	 -0.3056 	 0.0062 	 2.8330 	 -3.6314 	 -1.1663
0.3507 	 0.3576 	 -0.0937 	 -0.3920 	 -0.1451 	 -0.3504 	 -0.0105 	 6.8575 	 -5.6318 	 -2.3847
0.3607 	 0.3571 	 -0.0976 	 -0.3923 	 -0.0060 	 -0.4269 	 -0.0525 	 29.7278 	 -11.1913 	 -8.0940
0.3707 	 0.3721 	 -0.1010 	 -0.3956 	 3.0564 	 -0.2673 	 -0.6175 	 -6.6056 	 0.6368 	 1.6335
0.3808 	 0.4026 	 -0.1037 	 -0.4018 	 3.0295 	 -0.2652 	 -0.6099 	 -1.3214 	 0.0642 	 0.4348
0.3908 	 0.4329 	 -0.1063 	 -0.4079 	 3.0188 	 -0.2649 	 -0.6062 	 -0.9023 	 0.0028 	 0.3275
0.4008 	 0.4631 	 -0.1090 	 -0.4139 	 3.0106 	 -0.2651 	 -0.6032 	 -0.7494 	 -0.0317 	 0.2846
0.4108 	 0.4933 	 -0.1116 	 -0.4200 	 3.0035 	 -0.2655 	 -0.6005 	 -0.6711 	 -0.0486 	 0.2565
0.4208 	 0.5233 	 -0.1143 	 -0.4260 	 2.9971 	 -0.2660 	 -0.5980 	 -0.6209 	 -0.0500 	 0.2307
0.4309 	 0.5533 	 -0.1170 	 -0.4319 	 2.9910 	 -0.2665 	 -0.5959 	 -0.5796 	 -0.0422 	 0.2049
0.4409 	 0.5833 	 -0.1196 	 -0.4379 	 2.9854 	 -0.2668 	 -0.5939 	 -0.5410 	 -0.0317 	 0.1808
0.4509 	 0.6131 	 -0.1223 	 -0.4438 	 2.9802 	 -0.2671 	 -0.5922 	 -0.5042 	 -0.0222 	 0.1600
0.4609 	 0.6430 	 -0.1250 	 -0.4498 	 2.9753 	 -0.2673 	 -0.5907 	 -0.4700 	 -0.0145 	 0.1429
0.4709 	 0.6728 	 -0.1277 	 -0.4557 	 2.9708 	 -0.2674 	 -0.5893 	 -0.4389 	 -0.0086 	 0.1293
0.4810 	 0.7025 	 -0.1303 	 -0.4616 	 2.9665 	 -0.2675 	 -0.5881 	 -0.4110 	 -0.0038 	 0.1184
0.4910 	 0.7322 	 -0.1330 	 -0.4675 	 2.9625 	 -0.2675 	 -0.5870 	 -0.3858 	 0.0003 	 0.1096
0.5010 	 0.7619 	 -0.1357 	 -0.4733 	 2.9588 	 -0.2675 	 -0.5859 	 -0.3630 	 0.0038 	 0.1024
0.5110 	 0.7915 	 -0.1384 	 -0.4792 	 2.9552 	 -0.2674 	 -0.5849 	 -0.3365 	 0.0058 	 0.0902
0.5210 	 0.8211 	 -0.1411 	 -0.4851 	 2.9520 	 -0.2673 	 -0.5840 	 -0.3175 	 0.0084 	 0.0852
0.5311 	 0.8507 	 -0.1437 	 -0.4909 	 2.9489 	 -0.2672 	 -0.5832 	 -0.3001 	 0.0107 	 0.0809
0.5411 	 0.8802 	 -0.1464 	 -0.4968 	 2.9460 	 -0.2671 	 -0.5824 	 -0.2841 	 0.0127 	 0.0771
0.5511 	 0.9097 	 -0.1491 	 -0.5026 	 2.9432 	 -0.2670 	 -0.5817 	 -0.2694 	 0.0143 	 0.0737
0.5611 	 0.9392 	 -0.1518 	 -0.5084 	 2.9406 	 -0.2668 	 -0.5809 	 -0.2557 	 0.0156 	 0.0704
0.5711 	 0.9686 	 -0.1544 	 -0.5142 	 2.9381 	 -0.2667 	 -0.5803 	 -0.2431 	 0.0166 	 0.0674
0.5812 	 0.9981 	 -0.1571 	 -0.5200 	 2.9357 	 -0.2665 	 -0.5796 	 -0.2315 	 0.0173 	 0.0646
0.5912 	 1.0275 	 -0.1598 	 -0.5258 	 2.9334 	 -0.2663 	 -0.5790 	 -0.2206 	 0.0178 	 0.0619
0.6012 	 1.0569 	 -0.1624 	 -0.5316 	 2.9313 	 -0.2662 	 -0.5784 	 -0.2106 	 0.0180 	 0.0594
0.6112 	 1.0862 	 -0.1651 	 -0.5374 	 2.9292 	 -0.2660 	 -0.5778 	 -0.2012 	 0.0181 	 0.0570
0.6212 	 1.1156 	 -0.1678 	 -0.5432 	 2.9272 	 -0.2658 	 -0.5772 	 -0.1925 	 0.0181 	 0.0548
0.6313 	 1.1449 	 -0.1704 	 -0.5490 	 2.9253 	 -0.2656 	 -0.5767 	 -0.1843 	 0.0180 	 0.0526
0.6413 	 1.1742 	 -0.1731 	 -0.5548 	 2.9235 	 -0.2654 	 -0.5762 	 -0.1767 	 0.0177 	 0.0506
0.6513 	 1.2035 	 -0.1758 	 -0.5605 	 2.9218 	 -0.2653 	 -0.5757 	 -0.1696 	 0.0174 	 0.0487
0.6613 	 1.2327 	 -0.1784 	 -0.5663 	 2.9201 	 -0.2651 	 -0.5752 	 -0.1629 	 0.0170 	 0.0468
0.6713 	 1.2620 	 -0.1811 	 -0.5721 	 2.9185 	 -0.2649 	 -0.5747 	 -0.1566 	 0.0166 	 0.0450
0.6814 	 1.2912 	 -0.1837 	 -0.5778 	 2.9170 	 -0.2648 	 -0.5743 	 -0.1505 	 0.0160 	 0.0436
0.6914 	 1.3205 	 -0.1864 	 -0.5836 	 2.9155 	 -0.2646 	 -0.5738 	 -0.1436 	 0.0147 	 0.0422
0.7014 	 1.3497 	 -0.1890 	 -0.5893 	 2.9141 	 -0.2645 	 -0.5734 	 -0.1376 	 0.0141 	 0.0396
0.7114 	 1.3788 	 -0.1917 	 -0.5951 	 2.9128 	 -0.2643 	 -0.5730 	 -0.1327 	 0.0138 	 0.0376
0.7214 	 1.4080 	 -0.1943 	 -0.6008 	 2.9114 	 -0.2642 	 -0.5727 	 -0.1281 	 0.0134 	 0.0361
0.7315 	 1.4372 	 -0.1970 	 -0.6066 	 2.9102 	 -0.2640 	 -0.5723 	 -0.1237 	 0.0130 	 0.0348
0.7415 	 1.4663 	 -0.1996 	 -0.6123 	 2.9090 	 -0.2639 	 -0.5720 	 -0.1195 	 0.0126 	 0.0335
0.7515 	 1.4955 	 -0.2023 	 -0.6180 	 2.9078 	 -0.2638 	 -0.5717 	 -0.1155 	 0.0122 	 0.0324
0.7615 	 1.5246 	 -0.2049 	 -0.6237 	 2.9067 	 -0.2637 	 -0.5713 	 -0.1117 	 0.0118 	 0.0313
0.7715 	 1.5537 	 -0.2075 	 -0.6295 	 2.9056 	 -0.2636 	 -0.5710 	 -0.1081 	 0.0114 	 0.0303
0.7816 	 1.5829 	 -0.2102 	 -0.6352 	 2.9045 	 -0.2634 	 -0.5707 	 -0.1046 	 0.0110 	 0.0293
0.7916 	 1.6119 	 -0.2128 	 -0.6409 	 2.9035 	 -0.2633 	 -0.5704 	 -0.1014 	 0.0106 	 0.0284
0.8016 	 1.6410 	 -0.2155 	 -0.6466 	 2.9025 	 -0.2632 	 -0.5702 	 -0.0982 	 0.0102 	 0.0275
0.8116 	 1.6701 	 -0.2181 	 -0.6523 	 2.9015 	 -0.2631 	 -0.5699 	 -0.0952 	 0.0099 	 0.0267
0.8216 	 1.6992 	 -0.2207 	 -0.6580 	 2.9005 	 -0.2630 	 -0.5696 	 -0.0924 	 0.0096 	 0.0259
0.8317 	 1.7282 	 -0.2234 	 -0.6637 	 2.8996 	 -0.2629 	 -0.5694 	 -0.0897 	 0.0093 	 0.0251
0.8417 	 1.7573 	 -0.2260 	 -0.6694 	 2.8987 	 -0.2628 	 -0.5691 	 -0.0871 	 0.0090 	 0.0244
0.8517 	 1.7863 	 -0.2286 	 -0.6751 	 2.8979 	 -0.2628 	 -0.5689 	 -0.0846 	 0.0087 	 0.0237
0.8617 	 1.8154 	 -0.2313 	 -0.6808 	 2.8971 	 -0.2627 	 -0.5686 	 -0.0822 	 0.0084 	 0.0231
0.8717 	 1.8444 	 -0.2339 	 -0.6865 	 2.8962 	 -0.2626 	 -0.5684 	 -0.0799 	 0.0081 	 0.0224
0.8818 	 1.8734 	 -0.2365 	 -0.6922 	 2.8955 	 -0.2625 	 -0.5682 	 -0.0777 	 0.0079 	 0.0218
0.8918 	 1.9024 	 -0.2392 	 -0.6979 	 2.8947 	 -0.2624 	 -0.5680 	 -0.0756 	 0.0076 	 0.0212
0.9018 	 1.9314 	 -0.2418 	 -0.7036 	 2.8939 	 -0.2624 	 -0.5678 	 -0.0736 	 0.0074 	 0.0206
0.9118 	 1.9604 	 -0.2444 	 -0.7093 	 2.8932 	 -0.2623 	 -0.5676 	 -0.0716 	 0.0072 	 0.0201
0.9218 	 1.9894 	 -0.2470 	 -0.7150 	 2.8925 	 -0.2622 	 -0.5674 	 -0.0697 	 0.0070 	 0.0196
0.9319 	 2.0184 	 -0.2497 	 -0.7207 	 2.8918 	 -0.2621 	 -0.5672 	 -0.0680 	 0.0068 	 0.0191
0.9419 	 2.0473 	 -0.2523 	 -0.7264 	 2.8911 	 -0.2621 	 -0.5670 	 -0.0662 	 0.0066 	 0.0186
0.9519 	 2.0763 	 -0.2549 	 -0.7320 	 2.8905 	 -0.2620 	 -0.5668 	 -0.0646 	 0.0064 	 0.0181
0.9619 	 2.1053 	 -0.2575 	 -0.7377 	 2.8898 	 -0.2619 	 -0.5666 	 -0.0630 	 0.0062 	 0.0177
0.9719 	 2.1342 	 -0.2602 	 -0.7434 	 2.8892 	 -0.2619 	 -0.5664 	 -0.0614 	 0.0061 	 0.0172
0.9820 	 2.1632 	 -0.2628 	 -0.7491 	 2.8886 	 -0.2618 	 -0.5663 	 -0.0599 	 0.0059 	 0.0168
0.9920 	 2.1921 	 -0.2654 	 -0.7547 	 2.8880 	 -0.2618 	 -0.5661 	 -0.0585 	 0.0058 	 0.0164
1.0020 	 2.2211 	 -0.2680 	 -0.7604 	 2.8874 	 -0.2617 	 -0.5659 	 -0.0571 	 0.0056 	 0.0160
1.0120 	 2.2500 	 -0.2707 	 -0.7661 	 2.8869 	 -0.2617 	 -0.5658 	 -0.0558 	 0.0055 	 0.0156
1.0220 	 2.2789 	 -0.2733 	 -0.7718 	 2.8863 	 -0.2616 	 -0.5656 	 -0.0545 	 0.0053 	 0.0153
1.0321 	 2.3078 	 -0.2759 	 -0.7774 	 2.8858 	 -0.2616 	 -0.5655 	 -0.0533 	 0.0052 	 0.0149
1.0421 	 2.3367 	 -0.2785 	 -0.7831 	 2.8853 	 -0.2615 	 -0.5653 	 -0.0521 	 0.0051 	 0.0145
1.0521 	 2.3656 	 -0.2811 	 -0.7888 	 2.8847 	 -0.2614 	 -0.5652 	 -0.0509 	 0.0049 	 0.0142
1.0621 	 2.3945 	 -0.2838 	 -0.7944 	 2.8842 	 -0.2614 	 -0.5650 	 -0.0497 	 0.0048 	 0.0138
1.0721 	 2.4234 	 -0.2864 	 -0.8001 	 2.8837 	 -0.2614 	 -0.5649 	 -0.0486 	 0.0047 	 0.0135
1.0822 	 2.4523 	 -0.2890 	 -0.8057 	 2.8833 	 -0.2613 	 -0.5648 	 -0.0475 	 0.0046 	 0.0132
1.0922 	 2.4812 	 -0.2916 	 -0.8114 	 2.8828 	 -0.2613 	 -0.5646 	 -0.0465 	 0.0045 	 0.0128
1.1022 	 2.5101 	 -0.2942 	 -0.8170 	 2.8823 	 -0.2612 	 -0.5645 	 -0.0455 	 0.0043 	 0.0125
1.1122 	 2.5390 	 -0.2969 	 -0.8227 	 2.8819 	 -0.2612 	 -0.5644 	 -0.0445 	 0.0042 	 0.0122
1.1222 	 2.5679 	 -0.2995 	 -0.8284 	 2.8814 	 -0.2611 	 -0.5643 	 -0.0435 	 0.0041 	 0.0119
1.1323 	 2.5967 	 -0.3021 	 -0.8340 	 2.8810 	 -0.2611 	 -0.5642 	 -0.0426 	 0.0040 	 0.0117
1.1423 	 2.6256 	 -0.3047 	 -0.8397 	 2.8806 	 -0.2611 	 -0.5640 	 -0.0417 	 0.0039 	 0.0114
1.1523 	 2.6545 	 -0.3073 	 -0.8453 	 2.8802 	 -0.2610 	 -0.5639 	 -0.0409 	 0.0039 	 0.0112
1.1623 	 2.6833 	 -0.3099 	 -0.8510 	 2.8798 	 -0.2610 	 -0.5638 	 -0.0400 	 0.0038 	 0.0109
1.1723 	 2.7122 	 -0.3126 	 -0.8566 	 2.8794 	 -0.2609 	 -0.5637 	 -0.0392 	 0.0037 	 0.0107
1.1824 	 2.7410 	 -0.3152 	 -0.8623 	 2.8790 	 -0.2609 	 -0.5636 	 -0.0385 	 0.0036 	 0.0104
1.1924 	 2.7699 	 -0.3178 	 -0.8679 	 2.8786 	 -0.2609 	 -0.5635 	 -0.0377 	 0.0035 	 0.0102
1.2024 	 2.7987 	 -0.3204 	 -0.8736 	 2.8782 	 -0.2608 	 -0.5634 	 -0.0370 	 0.0034 	 0.0100
1.2124 	 2.8275 	 -0.3230 	 -0.8792 	 2.8779 	 -0.2608 	 -0.5633 	 -0.0362 	 0.0034 	 0.0098
1.2224 	 2.8564 	 -0.3256 	 -0.8848 	 2.8775 	 -0.2608 	 -0.5632 	 -0.0356 	 0.0033 	 0.0096
1.2325 	 2.8852 	 -0.3282 	 -0.8905 	 2.8771 	 -0.2607 	 -0.5631 	 -0.0349 	 0.0032 	 0.0094
1.2425 	 2.9140 	 -0.3308 	 -0.8961 	 2.8768 	 -0.2607 	 -0.5630 	 -0.0342 	 0.0032 	 0.0092
1.2525 	 2.9429 	 -0.3335 	 -0.9018 	 2.8765 	 -0.2607 	 -0.5629 	 -0.0336 	 0.0031 	 0.0090
1.2625 	 2.9717 	 -0.3361 	 -0.9074 	 2.8761 	 -0.2606 	 -0.5628 	 -0.0330 	 0.0030 	 0.0089
1.2725 	 3.0005 	 -0.3387 	 -0.9131 	 2.8758 	 -0.2606 	 -0.5627 	 -0.0324 	 0.0030 	 0.0087
1.2826 	 3.0293 	 -0.3413 	 -0.9187 	 2.8755 	 -0.2606 	 -0.5627 	 -0.0318 	 0.0029 	 0.0085
1.2926 	 3.0581 	 -0.3439 	 -0.9243 	 2.8752 	 -0.2605 	 -0.5626 	 -0.0312 	 0.0028 	 0.0084
1.3026 	 3.0869 	 -0.3465 	 -0.9300 	 2.8748 	 -0.2605 	 -0.5625 	 -0.0307 	 0.0028 	 0.0082
1.3126 	 3.1157 	 -0.3491 	 -0.9356 	 2.8745 	 -0.2605 	 -0.5624 	 -0.0301 	 0.0027 	 0.0081
1.3226 	 3.1445 	 -0.3517 	 -0.9412 	 2.8742 	 -0.2605 	 -0.5623 	 -0.0296 	 0.0027 	 0.0079
1.3327 	 3.1733 	 -0.3543 	 -0.9469 	 2.8739 	 -0.2604 	 -0.5623 	 -0.0291 	 0.0026 	 0.0078
1.3427 	 3.2021 	 -0.3570 	 -0.9525 	 2.8737 	 -0.2604 	 -0.5622 	 -0.0286 	 0.0026 	 0.0076
1.3527 	 3.2309 	 -0.3596 	 -0.9581 	 2.8734 	 -0.2604 	 -0.5621 	 -0.0281 	 0.0025 	 0.0075
1.3627 	 3.2597 	 -0.3622 	 -0.9638 	 2.8731 	 -0.2604 	 -0.5620 	 -0.0277 	 0.0025 	 0.0074
1.3727 	 3.2885 	 -0.3648 	 -0.9694 	 2.8728 	 -0.2603 	 -0.5620 	 -0.0272 	 0.0024 	 0.0072
1.3828 	 3.3173 	 -0.3674 	 -0.9750 	 2.8726 	 -0.2603 	 -0.5619 	 -0.0268 	 0.0024 	 0.0071
1.3928 	 3.3461 	 -0.3700 	 -0.9807 	 2.8723 	 -0.2603 	 -0.5618 	 -0.0263 	 0.0023 	 0.0070
1.4028 	 3.3748 	 -0.3726 	 -0.9863 	 2.8720 	 -0.2603 	 -0.5617 	 -0.0259 	 0.0023 	 0.0069
1.4128 	 3.4036 	 -0.3752 	 -0.9919 	 2.8718 	 -0.2602 	 -0.5617 	 -0.0255 	 0.0023 	 0.0067
1.4228 	 3.4324 	 -0.3778 	 -0.9975 	 2.8715 	 -0.2602 	 -0.5616 	 -0.0251 	 0.0022 	 0.0066
1.4329 	 3.4612 	 -0.3804 	 -1.0032 	 2.8713 	 -0.2602 	 -0.5615 	 -0.0247 	 0.0022 	 0.0065
1.4429 	 3.4899 	 -0.3830 	 -1.0088 	 2.8710 	 -0.2602 	 -0.5615 	 -0.0243 	 0.0021 	 0.0064
1.4529 	 3.5187 	 -0.3856 	 -1.0144 	 2.8708 	 -0.2602 	 -0.5614 	 -0.0239 	 0.0021 	 0.0063
1.4629 	 3.5475 	 -0.3882 	 -1.0200 	 2.8705 	 -0.2601 	 -0.5613 	 -0.0235 	 0.0021 	 0.0062
1.4729 	 3.5762 	 -0.3909 	 -1.0257 	 2.8703 	 -0.2601 	 -0.5613 	 -0.0232 	 0.0020 	 0.0061
1.4830 	 3.6050 	 -0.3935 	 -1.0313 	 2.8701 	 -0.2601 	 -0.5612 	 -0.0228 	 0.0020 	 0.0060
1.4930 	 3.6337 	 -0.3961 	 -1.0369 	 2.8698 	 -0.2601 	 -0.5612 	 -0.0225 	 0.0019 	 0.0059
1.5030 	 3.6625 	 -0.3987 	 -1.0425 	 2.8696 	 -0.2601 	 -0.5611 	 -0.0222 	 0.0019 	 0.0058
1.5130 	 3.6913 	 -0.4013 	 -1.0482 	 2.8694 	 -0.2600 	 -0.5611 	 -0.0218 	 0.0019 	 0.0057
1.5230 	 3.7200 	 -0.4039 	 -1.0538 	 2.8692 	 -0.2600 	 -0.5610 	 -0.0215 	 0.0018 	 0.0056
1.5331 	 3.7488 	 -0.4065 	 -1.0594 	 2.8690 	 -0.2600 	 -0.5609 	 -0.0212 	 0.0018 	 0.0055
1.5431 	 3.7775 	 -0.4091 	 -1.0650 	 2.8688 	 -0.2600 	 -0.5609 	 -0.0209 	 0.0018 	 0.0054
1.5531 	 3.8062 	 -0.4117 	 -1.0706 	 2.8686 	 -0.2600 	 -0.5608 	 -0.0206 	 0.0018 	 0.0053
1.5631 	 3.8350 	 -0.4143 	 -1.0763 	 2.8683 	 -0.2599 	 -0.5608 	 -0.0203 	 0.0017 	 0.0053
1.5731 	 3.8637 	 -0.4169 	 -1.0819 	 2.8681 	 -0.2599 	 -0.5607 	 -0.0200 	 0.0017 	 0.0052
1.5832 	 3.8925 	 -0.4195 	 -1.0875 	 2.8679 	 -0.2599 	 -0.5607 	 -0.0197 	 0.0017 	 0.0051
1.5932 	 3.9212 	 -0.4221 	 -1.0931 	 2.8678 	 -0.2599 	 -0.5606 	 -0.0194 	 0.0016 	 0.0050
1.6032 	 3.9499 	 -0.4247 	 -1.0987 	 2.8676 	 -0.2599 	 -0.5606 	 -0.0192 	 0.0016 	 0.0049
1.6132 	 3.9787 	 -0.4273 	 -1.1044 	 2.8674 	 -0.2599 	 -0.5605 	 -0.0189 	 0.0016 	 0.0049
1.6232 	 4.0074 	 -0.4299 	 -1.1100 	 2.8672 	 -0.2598 	 -0.5605 	 -0.0186 	 0.0016 	 0.0048
1.6333 	 4.0361 	 -0.4325 	 -1.1156 	 2.8670 	 -0.2598 	 -0.5604 	 -0.0184 	 0.0015 	 0.0047
1.6433 	 4.0648 	 -0.4351 	 -1.1212 	 2.8668 	 -0.2598 	 -0.5604 	 -0.0181 	 0.0015 	 0.0047
1.6533 	 4.0936 	 -0.4377 	 -1.1268 	 2.8666 	 -0.2598 	 -0.5603 	 -0.0179 	 0.0015 	 0.0046
1.6633 	 4.1223 	 -0.4403 	 -1.1324 	 2.8665 	 -0.2598 	 -0.5603 	 -0.0177 	 0.0015 	 0.0045
1.6733 	 4.1510 	 -0.4429 	 -1.1380 	 2.8663 	 -0.2598 	 -0.5602 	 -0.0174 	 0.0014 	 0.0045
1.6834 	 4.1797 	 -0.4455 	 -1.1437 	 2.8661 	 -0.2598 	 -0.5602 	 -0.0172 	 0.0014 	 0.0044
1.6934 	 4.2085 	 -0.4481 	 -1.1493 	 2.8659 	 -0.2597 	 -0.5602 	 -0.0170 	 0.0014 	 0.0043
1.7034 	 4.2372 	 -0.4508 	 -1.1549 	 2.8658 	 -0.2597 	 -0.5601 	 -0.0168 	 0.0014 	 0.0043
1.7134 	 4.2659 	 -0.4534 	 -1.1605 	 2.8656 	 -0.2597 	 -0.5601 	 -0.0165 	 0.0014 	 0.0042
1.7234 	 4.2946 	 -0.4560 	 -1.1661 	 2.8654 	 -0.2597 	 -0.5600 	 -0.0163 	 0.0013 	 0.0041
1.7335 	 4.3233 	 -0.4586 	 -1.1717 	 2.8653 	 -0.2597 	 -0.5600 	 -0.0161 	 0.0013 	 0.0041
1.7435 	 4.3520 	 -0.4612 	 -1.1773 	 2.8651 	 -0.2597 	 -0.5599 	 -0.0159 	 0.0013 	 0.0040
1.7535 	 4.3807 	 -0.4638 	 -1.1829 	 2.8650 	 -0.2597 	 -0.5599 	 -0.0157 	 0.0013 	 0.0040
1.7635 	 4.4094 	 -0.4664 	 -1.1885 	 2.8648 	 -0.2596 	 -0.5599 	 -0.0155 	 0.0013 	 0.0039
1.7735 	 4.4381 	 -0.4690 	 -1.1942 	 2.8646 	 -0.2596 	 -0.5598 	 -0.0153 	 0.0012 	 0.0039
1.7836 	 4.4668 	 -0.4716 	 -1.1998 	 2.8645 	 -0.2596 	 -0.5598 	 -0.0151 	 0.0012 	 0.0038
1.7936 	 4.4955 	 -0.4742 	 -1.2054 	 2.8643 	 -0.2596 	 -0.5597 	 -0.0149 	 0.0012 	 0.0038
1.8036 	 4.5242 	 -0.4768 	 -1.2110 	 2.8642 	 -0.2596 	 -0.5597 	 -0.0148 	 0.0012 	 0.0037
1.8136 	 4.5529 	 -0.4794 	 -1.2166 	 2.8640 	 -0.2596 	 -0.5597 	 -0.0146 	 0.0012 	 0.0037
1.8236 	 4.5816 	 -0.4820 	 -1.2222 	 2.8639 	 -0.2596 	 -0.5596 	 -0.0144 	 0.0012 	 0.0036
1.8337 	 4.6103 	 -0.4846 	 -1.2278 	 2.8638 	 -0.2596 	 -0.5596 	 -0.0142 	 0.0011 	 0.0036
1.8437 	 4.6390 	 -0.4872 	 -1.2334 	 2.8636 	 -0.2596 	 -0.5596 	 -0.0141 	 0.0011 	 0.0035
1.8537 	 4.6677 	 -0.4898 	 -1.2390 	 2.8635 	 -0.2595 	 -0.5595 	 -0.0139 	 0.0011 	 0.0035
1.8637 	 4.6964 	 -0.4924 	 -1.2446 	 2.8633 	 -0.2595 	 -0.5595 	 -0.0137 	 0.0011 	 0.0034
1.8737 	 4.7251 	 -0.4950 	 -1.2502 	 2.8632 	 -0.2595 	 -0.5595 	 -0.0136 	 0.0011 	 0.0034
1.8838 	 4.7538 	 -0.4976 	 -1.2558 	 2.8631 	 -0.2595 	 -0.5594 	 -0.0134 	 0.0011 	 0.0034
1.8938 	 4.7825 	 -0.5002 	 -1.2614 	 2.8629 	 -0.2595 	 -0.5594 	 -0.0133 	 0.0011 	 0.0033
1.9038 	 4.8112 	 -0.5028 	 -1.2670 	 2.8628 	 -0.2595 	 -0.5594 	 -0.0131 	 0.0010 	 0.0033
1.9138 	 4.8398 	 -0.5054 	 -1.2727 	 2.8627 	 -0.2595 	 -0.5593 	 -0.0129 	 0.0010 	 0.0032
1.9238 	 4.8685 	 -0.5080 	 -1.2783 	 2.8625 	 -0.2595 	 -0.5593 	 -0.0128 	 0.0010 	 0.0032
1.9339 	 4.8972 	 -0.5106 	 -1.2839 	 2.8624 	 -0.2595 	 -0.5593 	 -0.0127 	 0.0010 	 0.0032
1.9439 	 4.9259 	 -0.5132 	 -1.2895 	 2.8623 	 -0.2594 	 -0.5592 	 -0.0125 	 0.0010 	 0.0031
1.9539 	 4.9546 	 -0.5158 	 -1.2951 	 2.8622 	 -0.2594 	 -0.5592 	 -0.0124 	 0.0010 	 0.0031
1.9639 	 4.9833 	 -0.5184 	 -1.3007 	 2.8620 	 -0.2594 	 -0.5592 	 -0.0122 	 0.0010 	 0.0030
1.9739 	 5.0119 	 -0.5210 	 -1.3063 	 2.8619 	 -0.2594 	 -0.5591 	 -0.0121 	 0.0010 	 0.0030
1.9840 	 5.0406 	 -0.5236 	 -1.3119 	 2.8618 	 -0.2594 	 -0.5591 	 -0.0116 	 0.0009 	 0.0030
1.9940 	 5.0693 	 -0.5262 	 -1.3175 	 2.8617 	 -0.2594 	 -0.5591 	 -0.0115 	 0.0009 	 0.0029
2.0040 	 5.0980 	 -0.5288 	 -1.3231 	 2.8616 	 -0.2594 	 -0.5591 	 -0.0114 	 0.0009 	 0.0029
2.0140 	 5.1266 	 -0.5314 	 -1.3287 	 2.8614 	 -0.2594 	 -0.5590 	 -0.0113 	 0.0009 	 0.0029
2.0240 	 5.1553 	 -0.5340 	 -1.3343 	 2.8613 	 -0.2594 	 -0.5590 	 -0.0111 	 0.0009 	 0.0028
2.0341 	 5.1840 	 -0.5366 	 -1.3399 	 2.8612 	 -0.2594 	 -0.5590 	 -0.0110 	 0.0009 	 0.0028
2.0441 	 5.2126 	 -0.5392 	 -1.3455 	 2.8611 	 -0.2594 	 -0.5589 	 -0.0109 	 0.0008 	 0.0028
2.0541 	 5.2413 	 -0.5418 	 -1.3511 	 2.8610 	 -0.2593 	 -0.5589 	 -0.0108 	 0.0008 	 0.0027
2.0641 	 5.2700 	 -0.5444 	 -1.3567 	 2.8609 	 -0.2593 	 -0.5589 	 -0.0107 	 0.0008 	 0.0027
2.0741 	 5.2986 	 -0.5470 	 -1.3623 	 2.8608 	 -0.2593 	 -0.5589 	 -0.0106 	 0.0008 	 0.0027
2.0842 	 5.3273 	 -0.5496 	 -1.3679 	 2.8607 	 -0.2593 	 -0.5588 	 -0.0104 	 0.0008 	 0.0026
2.0942 	 5.3560 	 -0.5522 	 -1.3735 	 2.8606 	 -0.2593 	 -0.5588 	 -0.0103 	 0.0008 	 0.0026
2.1042 	 5.3846 	 -0.5548 	 -1.3791 	 2.8605 	 -0.2593 	 -0.5588 	 -0.0102 	 0.0008 	 0.0026
2.1142 	 5.4133 	 -0.5574 	 -1.3847 	 2.8604 	 -0.2593 	 -0.5588 	 -0.0101 	 0.0008 	 0.0025
2.1242 	 5.4419 	 -0.5600 	 -1.3903 	 2.8603 	 -0.2593 	 -0.5587 	 -0.0100 	 0.0008 	 0.0025
2.1343 	 5.4706 	 -0.5626 	 -1.3959 	 2.8602 	 -0.2593 	 -0.5587 	 -0.0099 	 0.0008 	 0.0025
2.1443 	 5.4993 	 -0.5652 	 -1.4015 	 2.8601 	 -0.2593 	 -0.5587 	 -0.0098 	 0.0008 	 0.0025
2.1543 	 5.5279 	 -0.5677 	 -1.4071 	 2.8600 	 -0.2593 	 -0.5587 	 -0.0097 	 0.0007 	 0.0024
2.1643 	 5.5566 	 -0.5703 	 -1.4127 	 2.8599 	 -0.2593 	 -0.5586 	 -0.0096 	 0.0007 	 0.0024
2.1743 	 5.5852 	 -0.5729 	 -1.4183 	 2.8598 	 -0.2593 	 -0.5586 	 -0.0095 	 0.0007 	 0.0024
2.1844 	 5.6139 	 -0.5755 	 -1.4239 	 2.8597 	 -0.2592 	 -0.5586 	 -0.0094 	 0.0007 	 0.0024
2.1944 	 5.6425 	 -0.5781 	 -1.4295 	 2.8596 	 -0.2592 	 -0.5586 	 -0.0093 	 0.0007 	 0.0023
2.2044 	 5.6712 	 -0.5807 	 -1.4351 	 2.8595 	 -0.2592 	 -0.5585 	 -0.0092 	 0.0007 	 0.0023
2.2144 	 5.6999 	 -0.5833 	 -1.4407 	 2.8594 	 -0.2592 	 -0.5585 	 -0.0091 	 0.0007 	 0.0023
2.2244 	 5.7285 	 -0.5859 	 -1.4463 	 2.8593 	 -0.2592 	 -0.5585 	 -0.0091 	 0.0007 	 0.0023
2.2345 	 5.7572 	 -0.5885 	 -1.4519 	 2.8592 	 -0.2592 	 -0.5585 	 -0.0090 	 0.0007 	 0.0022
2.2445 	 5.7858 	 -0.5911 	 -1.4574 	 2.8591 	 -0.2592 	 -0.5584 	 -0.0089 	 0.0007 	 0.0022
2.2545 	 5.8144 	 -0.5937 	 -1.4630 	 2.8591 	 -0.2592 	 -0.5584 	 -0.0088 	 0.0007 	 0.0022
2.2645 	 5.8431 	 -0.5963 	 -1.4686 	 2.8590 	 -0.2592 	 -0.5584 	 -0.0087 	 0.0007 	 0.0022
2.2745 	 5.8717 	 -0.5989 	 -1.4742 	 2.8589 	 -0.2592 	 -0.5584 	 -0.0086 	 0.0007 	 0.0022
2.2846 	 5.9004 	 -0.6015 	 -1.4798 	 2.8588 	 -0.2592 	 -0.5584 	 -0.0085 	 0.0007 	 0.0021
2.2946 	 5.9290 	 -0.6041 	 -1.4854 	 2.8587 	 -0.2592 	 -0.5583 	 -0.0085 	 0.0006 	 0.0021
2.3046 	 5.9577 	 -0.6067 	 -1.4910 	 2.8586 	 -0.2592 	 -0.5583 	 -0.0084 	 0.0006 	 0.0021
2.3146 	 5.9863 	 -0.6093 	 -1.4966 	 2.8585 	 -0.2592 	 -0.5583 	 -0.0083 	 0.0006 	 0.0021
2.3246 	 6.0150 	 -0.6119 	 -1.5022 	 2.8585 	 -0.2592 	 -0.5583 	 -0.0082 	 0.0006 	 0.0020
2.3347 	 6.0436 	 -0.6145 	 -1.5078 	 2.8584 	 -0.2591 	 -0.5583 	 -0.0082 	 0.0006 	 0.0020
2.3447 	 6.0722 	 -0.6171 	 -1.5134 	 2.8583 	 -0.2591 	 -0.5582 	 -0.0081 	 0.0006 	 0.0020
2.3547 	 6.1009 	 -0.6197 	 -1.5190 	 2.8582 	 -0.2591 	 -0.5582 	 -0.0080 	 0.0006 	 0.0020
2.3647 	 6.1295 	 -0.6223 	 -1.5246 	 2.8581 	 -0.2591 	 -0.5582 	 -0.0079 	 0.0006 	 0.0020
2.3747 	 6.1582 	 -0.6249 	 -1.5302 	 2.8581 	 -0.2591 	 -0.5582 	 -0.0079 	 0.0006 	 0.0020
2.3848 	 6.1868 	 -0.6275 	 -1.5358 	 2.8580 	 -0.2591 	 -0.5582 	 -0.0078 	 0.0006 	 0.0019
2.3948 	 6.2154 	 -0.6301 	 -1.5414 	 2.8579 	 -0.2591 	 -0.5581 	 -0.0077 	 0.0006 	 0.0019
2.4048 	 6.2441 	 -0.6327 	 -1.5470 	 2.8578 	 -0.2591 	 -0.5581 	 -0.0076 	 0.0006 	 0.0019
2.4148 	 6.2727 	 -0.6353 	 -1.5525 	 2.8577 	 -0.2591 	 -0.5581 	 -0.0076 	 0.0006 	 0.0019
2.4248 	 6.3013 	 -0.6379 	 -1.5581 	 2.8577 	 -0.2591 	 -0.5581 	 -0.0075 	 0.0006 	 0.0019
2.4349 	 6.3300 	 -0.6405 	 -1.5637 	 2.8576 	 -0.2591 	 -0.5581 	 -0.0074 	 0.0006 	 0.0018
2.4449 	 6.3586 	 -0.6431 	 -1.5693 	 2.8575 	 -0.2591 	 -0.5580 	 -0.0074 	 0.0006 	 0.0018
2.4549 	 6.3872 	 -0.6457 	 -1.5749 	 2.8574 	 -0.2591 	 -0.5580 	 -0.0073 	 0.0006 	 0.0018
2.4649 	 6.4159 	 -0.6483 	 -1.5805 	 2.8574 	 -0.2591 	 -0.5580 	 -0.0072 	 0.0005 	 0.0018
2.4749 	 6.4445 	 -0.6508 	 -1.5861 	 2.8573 	 -0.2591 	 -0.5580 	 -0.0072 	 0.0005 	 0.0018
2.4850 	 6.4731 	 -0.6534 	 -1.5917 	 2.8572 	 -0.2591 	 -0.5580 	 -0.0071 	 0.0005 	 0.0018
2.4950 	 6.5018 	 -0.6560 	 -1.5973 	 2.8572 	 -0.2591 	 -0.5580 	 -0.0071 	 0.0005 	 0.0017
2.5050 	 6.5304 	 -0.6586 	 -1.6029 	 2.8571 	 -0.2590 	 -0.5579 	 -0.0070 	 0.0005 	 0.0017
2.5150 	 6.5590 	 -0.6612 	 -1.6085 	 2.8570 	 -0.2590 	 -0.5579 	 -0.0069 	 0.0005 	 0.0017
2.5251 	 6.5876 	 -0.6638 	 -1.6140 	 2.8569 	 -0.2590 	 -0.5579 	 -0.0069 	 0.0005 	 0.0017
2.5351 	 6.6163 	 -0.6664 	 -1.6196 	 2.8569 	 -0.2590 	 -0.5579 	 -0.0068 	 0.0005 	 0.0017
2.5451 	 6.6449 	 -0.6690 	 -1.6252 	 2.8568 	 -0.2590 	 -0.5579 	 -0.0068 	 0.0005 	 0.0017
2.5551 	 6.6735 	 -0.6716 	 -1.6308 	 2.8567 	 -0.2590 	 -0.5578 	 -0.0067 	 0.0005 	 0.0017
2.5651 	 6.7021 	 -0.6742 	 -1.6364 	 2.8567 	 -0.2590 	 -0.5578 	 -0.0066 	 0.0005 	 0.0016
2.5752 	 6.7308 	 -0.6768 	 -1.6420 	 2.8566 	 -0.2590 	 -0.5578 	 -0.0066 	 0.0005 	 0.0016
2.5852 	 6.7594 	 -0.6794 	 -1.6476 	 2.8565 	 -0.2590 	 -0.5578 	 -0.0065 	 0.0005 	 0.0016
2.5952 	 6.7880 	 -0.6820 	 -1.6532 	 2.8565 	 -0.2590 	 -0.5578 	 -0.0065 	 0.0005 	 0.0016
2.6052 	 6.8166 	 -0.6846 	 -1.6588 	 2.8564 	 -0.2590 	 -0.5578 	 -0.0064 	 0.0005 	 0.0016
2.6152 	 6.8453 	 -0.6872 	 -1.6644 	 2.8564 	 -0.2590 	 -0.5578 	 -0.0064 	 0.0005 	 0.0016
2.6253 	 6.8739 	 -0.6898 	 -1.6699 	 2.8563 	 -0.2590 	 -0.5577 	 -0.0063 	 0.0005 	 0.0016
2.6353 	 6.9025 	 -0.6924 	 -1.6755 	 2.8562 	 -0.2590 	 -0.5577 	 -0.0063 	 0.0005 	 0.0015
2.6453 	 6.9311 	 -0.6950 	 -1.6811 	 2.8562 	 -0.2590 	 -0.5577 	 -0.0062 	 0.0005 	 0.0015
2.6553 	 6.9597 	 -0.6976 	 -1.6867 	 2.8561 	 -0.2590 	 -0.5577 	 -0.0062 	 0.0005 	 0.0015
2.6653 	 6.9884 	 -0.7002 	 -1.6923 	 2.8560 	 -0.2590 	 -0.5577 	 -0.0061 	 0.0005 	 0.0015
2.6754 	 7.0170 	 -0.7028 	 -1.6979 	 2.8560 	 -0.2590 	 -0.5577 	 -0.0061 	 0.0005 	 0.0015
2.6854 	 7.0456 	 -0.7053 	 -1.7035 	 2.8559 	 -0.2590 	 -0.5576 	 -0.0060 	 0.0004 	 0.0015
2.6954 	 7.0742 	 -0.7079 	 -1.7091 	 2.8559 	 -0.2590 	 -0.5576 	 -0.0060 	 0.0004 	 0.0015
2.7054 	 7.1028 	 -0.7105 	 -1.7146 	 2.8558 	 -0.2590 	 -0.5576 	 -0.0059 	 0.0004 	 0.0015
2.7154 	 7.1314 	 -0.7131 	 -1.7202 	 2.8557 	 -0.2589 	 -0.5576 	 -0.0059 	 0.0004 	 0.0014
2.7255 	 7.1600 	 -0.7157 	 -1.7258 	 2.8557 	 -0.2589 	 -0.5576 	 -0.0058 	 0.0004 	 0.0014
2.7355 	 7.1887 	 -0.7183 	 -1.7314 	 2.8556 	 -0.2589 	 -0.5576 	 -0.0058 	 0.0004 	 0.0014
2.7455 	 7.2173 	 -0.7209 	 -1.7370 	 2.8556 	 -0.2589 	 -0.5576 	 -0.0057 	 0.0004 	 0.0014
2.7555 	 7.2459 	 -0.7235 	 -1.7426 	 2.8555 	 -0.2589 	 -0.5575 	 -0.0057 	 0.0004 	 0.0014
2.7655 	 7.2745 	 -0.7261 	 -1.7482 	 2.8555 	 -0.2589 	 -0.5575 	 -0.0056 	 0.0004 	 0.0014
2.7756 	 7.3031 	 -0.7287 	 -1.7538 	 2.8554 	 -0.2589 	 -0.5575 	 -0.0056 	 0.0004 	 0.0014
2.7856 	 7.3317 	 -0.7313 	 -1.7593 	 2.8553 	 -0.2589 	 -0.5575 	 -0.0056 	 0.0004 	 0.0014
2.7956 	 7.3603 	 -0.7339 	 -1.7649 	 2.8553 	 -0.2589 	 -0.5575 	 -0.0055 	 0.0004 	 0.0014
2.8056 	 7.3889 	 -0.7365 	 -1.7705 	 2.8552 	 -0.2589 	 -0.5575 	 -0.0055 	 0.0004 	 0.0013
2.8156 	 7.4176 	 -0.7391 	 -1.7761 	 2.8552 	 -0.2589 	 -0.5575 	 -0.0054 	 0.0004 	 0.0013
2.8257 	 7.4462 	 -0.7417 	 -1.7817 	 2.8551 	 -0.2589 	 -0.5574 	 -0.0054 	 0.0004 	 0.0013
2.8357 	 7.4748 	 -0.7443 	 -1.7873 	 2.8551 	 -0.2589 	 -0.5574 	 -0.0053 	 0.0004 	 0.0013
2.8457 	 7.5034 	 -0.7469 	 -1.7929 	 2.8550 	 -0.2589 	 -0.5574 	 -0.0053 	 0.0004 	 0.0013
2.8557 	 7.5320 	 -0.7495 	 -1.7984 	 2.8550 	 -0.2589 	 -0.5574 	 -0.0053 	 0.0004 	 0.0013
2.8657 	 7.5606 	 -0.7520 	 -1.8040 	 2.8549 	 -0.2589 	 -0.5574 	 -0.0052 	 0.0004 	 0.0013
2.8758 	 7.5892 	 -0.7546 	 -1.8096 	 2.8549 	 -0.2589 	 -0.5574 	 -0.0052 	 0.0004 	 0.0013
2.8858 	 7.6178 	 -0.7572 	 -1.8152 	 2.8548 	 -0.2589 	 -0.5574 	 -0.0051 	 0.0004 	 0.0013
2.8958 	 7.6464 	 -0.7598 	 -1.8208 	 2.8548 	 -0.2589 	 -0.5574 	 -0.0051 	 0.0004 	 0.0012
2.9058 	 7.6750 	 -0.7624 	 -1.8264 	 2.8547 	 -0.2589 	 -0.5573 	 -0.0051 	 0.0004 	 0.0012
2.9158 	 7.7036 	 -0.7650 	 -1.8319 	 2.8547 	 -0.2589 	 -0.5573 	 -0.0050 	 0.0004 	 0.0012
2.9259 	 7.7322 	 -0.7676 	 -1.8375 	 2.8546 	 -0.2589 	 -0.5573 	 -0.0050 	 0.0004 	 0.0012
2.9359 	 7.7608 	 -0.7702 	 -1.8431 	 2.8546 	 -0.2589 	 -0.5573 	 -0.0050 	 0.0004 	 0.0012
2.9459 	 7.7894 	 -0.7728 	 -1.8487 	 2.8545 	 -0.2589 	 -0.5573 	 -0.0049 	 0.0004 	 0.0012
2.9559 	 7.8180 	 -0.7754 	 -1.8543 	 2.8545 	 -0.2589 	 -0.5573 	 -0.0049 	 0.0004 	 0.0012
2.9659 	 7.8466 	 -0.7780 	 -1.8599 	 2.8544 	 -0.2588 	 -0.5573 	 -0.0048 	 0.0004 	 0.0012
2.9760 	 7.8752 	 -0.7806 	 -1.8655 	 2.8544 	 -0.2588 	 -0.5573 	 -0.0048 	 0.0004 	 0.0012
2.9860 	 7.9038 	 -0.7832 	 -1.8710 	 2.8543 	 -0.2588 	 -0.5573 	 -0.0048 	 0.0004 	 0.0012
2.9960 	 7.9324 	 -0.7858 	 -1.8766 	 2.8543 	 -0.2588 	 -0.5572 	 -0.0047 	 0.0003 	 0.0012
3.0060 	 7.9610 	 -0.7884 	 -1.8822 	 2.8542 	 -0.2588 	 -0.5572 	 -0.0047 	 0.0003 	 0.0011
3.0160 	 7.9896 	 -0.7910 	 -1.8878 	 2.8542 	 -0.2588 	 -0.5572 	 -0.0047 	 0.0003 	 0.0011
3.0261 	 8.0182 	 -0.7935 	 -1.8934 	 2.8541 	 -0.2588 	 -0.5572 	 -0.0046 	 0.0003 	 0.0011
3.0361 	 8.0468 	 -0.7961 	 -1.8990 	 2.8541 	 -0.2588 	 -0.5572 	 -0.0046 	 0.0003 	 0.0011
3.0461 	 8.0754 	 -0.7987 	 -1.9045 	 2.8540 	 -0.2588 	 -0.5572 	 -0.0046 	 0.0003 	 0.0011
3.0561 	 8.1040 	 -0.8013 	 -1.9101 	 2.8540 	 -0.2588 	 -0.5572 	 -0.0045 	 0.0003 	 0.0011
3.0661 	 8.1326 	 -0.8039 	 -1.9157 	 2.8539 	 -0.2588 	 -0.5572 	 -0.0045 	 0.0003 	 0.0011
3.0762 	 8.1612 	 -0.8065 	 -1.9213 	 2.8539 	 -0.2588 	 -0.5571 	 -0.0045 	 0.0003 	 0.0011
3.0862 	 8.1898 	 -0.8091 	 -1.9269 	 2.8538 	 -0.2588 	 -0.5571 	 -0.0045 	 0.0003 	 0.0011
3.0962 	 8.2184 	 -0.8117 	 -1.9324 	 2.8538 	 -0.2588 	 -0.5571 	 -0.0044 	 0.0003 	 0.0011
3.1062 	 8.2470 	 -0.8143 	 -1.9380 	 2.8538 	 -0.2588 	 -0.5571 	 -0.0044 	 0.0003 	 0.0011
3.1162 	 8.2756 	 -0.8169 	 -1.9436 	 2.8537 	 -0.2588 	 -0.5571 	 -0.0044 	 0.0003 	 0.0011
3.1263 	 8.3042 	 -0.8195 	 -1.9492 	 2.8537 	 -0.2588 	 -0.5571 	 -0.0043 	 0.0003 	 0.0011
3.1363 	 8.3328 	 -0.8221 	 -1.9548 	 2.8536 	 -0.2588 	 -0.5571 	 -0.0043 	 0.0003 	 0.0010
3.1463 	 8.3614 	 -0.8247 	 -1.9604 	 2.8536 	 -0.2588 	 -0.5571 	 -0.0043 	 0.0003 	 0.0010
3.1563 	 8.3900 	 -0.8273 	 -1.9659 	 2.8535 	 -0.2588 	 -0.5571 	 -0.0042 	 0.0003 	 0.0010
3.1663 	 8.4186 	 -0.8299 	 -1.9715 	 2.8535 	 -0.2588 	 -0.5571 	 -0.0042 	 0.0003 	 0.0010
3.1764 	 8.4472 	 -0.8324 	 -1.9771 	 2.8535 	 -0.2588 	 -0.5570 	 -0.0042 	 0.0003 	 0.0010
3.1864 	 8.4757 	 -0.8350 	 -1.9827 	 2.8534 	 -0.2588 	 -0.5570 	 -0.0042 	 0.0003 	 0.0010
3.1964 	 8.5043 	 -0.8376 	 -1.9883 	 2.8534 	 -0.2588 	 -0.5570 	 -0.0041 	 0.0003 	 0.0010
3.2064 	 8.5329 	 -0.8402 	 -1.9938 	 2.8533 	 -0.2588 	 -0.5570 	 -0.0041 	 0.0003 	 0.0010
3.2164 	 8.5615 	 -0.8428 	 -1.9994 	 2.8533 	 -0.2588 	 -0.5570 	 -0.0041 	 0.0003 	 0.0010
3.2265 	 8.5901 	 -0.8454 	 -2.0050 	 2.8533 	 -0.2588 	 -0.5570 	 -0.0040 	 0.0003 	 0.0010
3.2365 	 8.6187 	 -0.8480 	 -2.0106 	 2.8532 	 -0.2588 	 -0.5570 	 -0.0040 	 0.0003 	 0.0010
3.2465 	 8.6473 	 -0.8506 	 -2.0162 	 2.8532 	 -0.2588 	 -0.5570 	 -0.0040 	 0.0003 	 0.0010
3.2565 	 8.6759 	 -0.8532 	 -2.0218 	 2.8531 	 -0.2588 	 -0.5570 	 -0.0040 	 0.0003 	 0.0010
3.2665 	 8.7045 	 -0.8558 	 -2.0273 	 2.8531 	 -0.2588 	 -0.5570 	 -0.0039 	 0.0003 	 0.0010
3.2766 	 8.7330 	 -0.8584 	 -2.0329 	 2.8531 	 -0.2587 	 -0.5569 	 -0.0038 	 0.0003 	 0.0009
3.2866 	 8.7616 	 -0.8610 	 -2.0385 	 2.8530 	 -0.2587 	 -0.5569 	 -0.0038 	 0.0003 	 0.0009
3.2966 	 8.7902 	 -0.8636 	 -2.0441 	 2.8530 	 -0.2587 	 -0.5569 	 -0.0038 	 0.0003 	 0.0009
3.3066 	 8.8188 	 -0.8662 	 -2.0497 	 2.8529 	 -0.2587 	 -0.5569 	 -0.0037 	 0.0003 	 0.0009
3.3166 	 8.8474 	 -0.8687 	 -2.0552 	 2.8529 	 -0.2587 	 -0.5569 	 -0.0037 	 0.0003 	 0.0009
3.3267 	 8.8760 	 -0.8713 	 -2.0608 	 2.8529 	 -0.2587 	 -0.5569 	 -0.0037 	 0.0003 	 0.0009
3.3367 	 8.9046 	 -0.8739 	 -2.0664 	 2.8528 	 -0.2587 	 -0.5569 	 -0.0037 	 0.0003 	 0.0009
3.3467 	 8.9332 	 -0.8765 	 -2.0720 	 2.8528 	 -0.2587 	 -0.5569 	 -0.0036 	 0.0003 	 0.0009
3.3567 	 8.9617 	 -0.8791 	 -2.0776 	 2.8528 	 -0.2587 	 -0.5569 	 -0.0036 	 0.0003 	 0.0009
3.3667 	 8.9903 	 -0.8817 	 -2.0831 	 2.8527 	 -0.2587 	 -0.5569 	 -0.0036 	 0.0003 	 0.0009
3.3768 	 9.0189 	 -0.8843 	 -2.0887 	 2.8527 	 -0.2587 	 -0.5569 	 -0.0036 	 0.0003 	 0.0009
3.3868 	 9.0475 	 -0.8869 	 -2.0943 	 2.8526 	 -0.2587 	 -0.5568 	 -0.0035 	 0.0003 	 0.0009
3.3968 	 9.0761 	 -0.8895 	 -2.0999 	 2.8526 	 -0.2587 	 -0.5568 	 -0.0035 	 0.0003 	 0.0009
3.4068 	 9.1047 	 -0.8921 	 -2.1055 	 2.8526 	 -0.2587 	 -0.5568 	 -0.0035 	 0.0003 	 0.0009
3.4168 	 9.1332 	 -0.8947 	 -2.1110 	 2.8525 	 -0.2587 	 -0.5568 	 -0.0035 	 0.0003 	 0.0009
3.4269 	 9.1618 	 -0.8973 	 -2.1166 	 2.8525 	 -0.2587 	 -0.5568 	 -0.0035 	 0.0003 	 0.0008
3.4369 	 9.1904 	 -0.8999 	 -2.1222 	 2.8525 	 -0.2587 	 -0.5568 	 -0.0034 	 0.0002 	 0.0008
3.4469 	 9.2190 	 -0.9024 	 -2.1278 	 2.8524 	 -0.2587 	 -0.5568 	 -0.0034 	 0.0002 	 0.0008
3.4569 	 9.2476 	 -0.9050 	 -2.1334 	 2.8524 	 -0.2587 	 -0.5568 	 -0.0034 	 0.0002 	 0.0008
3.4669 	 9.2761 	 -0.9076 	 -2.1389 	 2.8524 	 -0.2587 	 -0.5568 	 -0.0034 	 0.0002 	 0.0008
3.4770 	 9.3047 	 -0.9102 	 -2.1445 	 2.8523 	 -0.2587 	 -0.5568 	 -0.0034 	 0.0002 	 0.0008
3.4870 	 9.3333 	 -0.9128 	 -2.1501 	 2.8523 	 -0.2587 	 -0.5568 	 -0.0033 	 0.0002 	 0.0008
3.4970 	 9.3619 	 -0.9154 	 -2.1557 	 2.8523 	 -0.2587 	 -0.5568 	 -0.0033 	 0.0002 	 0.0008
3.5070 	 9.3905 	 -0.9180 	 -2.1612 	 2.8522 	 -0.2587 	 -0.5567 	 -0.0033 	 0.0002 	 0.0008
3.5170 	 9.4190 	 -0.9206 	 -2.1668 	 2.8522 	 -0.2587 	 -0.5567 	 -0.0033 	 0.0002 	 0.0008
3.5271 	 9.4476 	 -0.9232 	 -2.1724 	 2.8522 	 -0.2587 	 -0.5567 	 -0.0033 	 0.0002 	 0.0008
3.5371 	 9.4762 	 -0.9258 	 -2.1780 	 2.8521 	 -0.2587 	 -0.5567 	 -0.0032 	 0.0002 	 0.0008
3.5471 	 9.5048 	 -0.9284 	 -2.1836 	 2.8521 	 -0.2587 	 -0.5567 	 -0.0032 	 0.0002 	 0.0008
3.5571 	 9.5334 	 -0.9310 	 -2.1891 	 2.8521 	 -0.2587 	 -0.5567 	 -0.0032 	 0.0002 	 0.0008
3.5671 	 9.5619 	 -0.9336 	 -2.1947 	 2.8520 	 -0.2587 	 -0.5567 	 -0.0032 	 0.0002 	 0.0008
3.5772 	 9.5905 	 -0.9361 	 -2.2003 	 2.8520 	 -0.2587 	 -0.5567 	 -0.0032 	 0.0002 	 0.0008
3.5872 	 9.6191 	 -0.9387 	 -2.2059 	 2.8520 	 -0.2587 	 -0.5567 	 -0.0031 	 0.0002 	 0.0008
3.5972 	 9.6477 	 -0.9413 	 -2.2114 	 2.8519 	 -0.2587 	 -0.5567 	 -0.0031 	 0.0002 	 0.0008
3.6072 	 9.6762 	 -0.9439 	 -2.2170 	 2.8519 	 -0.2587 	 -0.5567 	 -0.0031 	 0.0002 	 0.0008
3.6172 	 9.7048 	 -0.9465 	 -2.2226 	 2.8519 	 -0.2587 	 -0.5567 	 -0.0031 	 0.0002 	 0.0008
3.6273 	 9.7334 	 -0.9491 	 -2.2282 	 2.8519 	 -0.2587 	 -0.5567 	 -0.0031 	 0.0002 	 0.0007
3.6373 	 9.7620 	 -0.9517 	 -2.2338 	 2.8518 	 -0.2587 	 -0.5566 	 -0.0030 	 0.0002 	 0.0007
3.6473 	 9.7906 	 -0.9543 	 -2.2393 	 2.8518 	 -0.2587 	 -0.5566 	 -0.0030 	 0.0002 	 0.0007
3.6573 	 9.8191 	 -0.9569 	 -2.2449 	 2.8518 	 -0.2587 	 -0.5566 	 -0.0030 	 0.0002 	 0.0007
3.6673 	 9.8477 	 -0.9595 	 -2.2505 	 2.8517 	 -0.2587 	 -0.5566 	 -0.0030 	 0.0002 	 0.0007
3.6774 	 9.8763 	 -0.9621 	 -2.2561 	 2.8517 	 -0.2587 	 -0.5566 	 -0.0030 	 0.0002 	 0.0007
3.6874 	 9.9048 	 -0.9647 	 -2.2616 	 2.8517 	 -0.2586 	 -0.5566 	 -0.0030 	 0.0002 	 0.0007
3.6974 	 9.9334 	 -0.9672 	 -2.2672 	 2.8516 	 -0.2586 	 -0.5566 	 -0.0029 	 0.0002 	 0.0007
3.7074 	 9.9620 	 -0.9698 	 -2.2728 	 2.8516 	 -0.2586 	 -0.5566 	 -0.0029 	 0.0002 	 0.0007
3.7174 	 9.9906 	 -0.9724 	 -2.2784 	 2.8516 	 -0.2586 	 -0.5566 	 -0.0029 	 0.0002 	 0.0007
3.7275 	 10.0191 	 -0.9750 	 -2.2840 	 2.8516 	 -0.2586 	 -0.5566 	 -0.0029 	 0.0002 	 0.0007
3.7375 	 10.0477 	 -0.9776 	 -2.2895 	 2.8515 	 -0.2586 	 -0.5566 	 -0.0029 	 0.0002 	 0.0007
3.7475 	 10.0763 	 -0.9802 	 -2.2951 	 2.8515 	 -0.2586 	 -0.5566 	 -0.0029 	 0.0002 	 0.0007
3.7575 	 10.1049 	 -0.9828 	 -2.3007 	 2.8515 	 -0.2586 	 -0.5566 	 -0.0028 	 0.0002 	 0.0007
3.7675 	 10.1334 	 -0.9854 	 -2.3063 	 2.8514 	 -0.2586 	 -0.5566 	 -0.0028 	 0.0002 	 0.0007
3.7776 	 10.1620 	 -0.9880 	 -2.3118 	 2.8514 	 -0.2586 	 -0.5565 	 -0.0028 	 0.0002 	 0.0007
3.7876 	 10.1906 	 -0.9906 	 -2.3174 	 2.8514 	 -0.2586 	 -0.5565 	 -0.0028 	 0.0002 	 0.0007
3.7976 	 10.2191 	 -0.9932 	 -2.3230 	 2.8514 	 -0.2586 	 -0.5565 	 -0.0028 	 0.0002 	 0.0007
3.8076 	 10.2477 	 -0.9958 	 -2.3286 	 2.8513 	 -0.2586 	 -0.5565 	 -0.0028 	 0.0002 	 0.0007
3.8176 	 10.2763 	 -0.9983 	 -2.3341 	 2.8513 	 -0.2586 	 -0.5565 	 -0.0027 	 0.0002 	 0.0007
3.8277 	 10.3049 	 -1.0009 	 -2.3397 	 2.8513 	 -0.2586 	 -0.5565 	 -0.0027 	 0.0002 	 0.0007
3.8377 	 10.3334 	 -1.0035 	 -2.3453 	 2.8512 	 -0.2586 	 -0.5565 	 -0.0027 	 0.0002 	 0.0007
3.8477 	 10.3620 	 -1.0061 	 -2.3509 	 2.8512 	 -0.2586 	 -0.5565 	 -0.0027 	 0.0002 	 0.0007
3.8577 	 10.3906 	 -1.0087 	 -2.3565 	 2.8512 	 -0.2586 	 -0.5565 	 -0.0027 	 0.0002 	 0.0007
3.8677 	 10.4191 	 -1.0113 	 -2.3620 	 2.8512 	 -0.2586 	 -0.5565 	 -0.0027 	 0.0002 	 0.0006
3.8778 	 10.4477 	 -1.0139 	 -2.3676 	 2.8511 	 -0.2586 	 -0.5565 	 -0.0027 	 0.0002 	 0.0006
3.8878 	 10.4763 	 -1.0165 	 -2.3732 	 2.8511 	 -0.2586 	 -0.5565 	 -0.0026 	 0.0002 	 0.0006
3.8978 	 10.5048 	 -1.0191 	 -2.3788 	 2.8511 	 -0.2586 	 -0.5565 	 -0.0026 	 0.0002 	 0.0006
3.9078 	 10.5334 	 -1.0217 	 -2.3843 	 2.8511 	 -0.2586 	 -0.5565 	 -0.0026 	 0.0002 	 0.0006
3.9178 	 10.5620 	 -1.0243 	 -2.3899 	 2.8510 	 -0.2586 	 -0.5565 	 -0.0026 	 0.0002 	 0.0006
3.9279 	 10.5905 	 -1.0268 	 -2.3955 	 2.8510 	 -0.2586 	 -0.5564 	 -0.0026 	 0.0002 	 0.0006
3.9379 	 10.6191 	 -1.0294 	 -2.4011 	 2.8510 	 -0.2586 	 -0.5564 	 -0.0026 	 0.0002 	 0.0006
3.9479 	 10.6477 	 -1.0320 	 -2.4066 	 2.8510 	 -0.2586 	 -0.5564 	 -0.0026 	 0.0002 	 0.0006
3.9579 	 10.6762 	 -1.0346 	 -2.4122 	 2.8509 	 -0.2586 	 -0.5564 	 -0.0025 	 0.0002 	 0.0006
3.9679 	 10.7048 	 -1.0372 	 -2.4178 	 2.8509 	 -0.2586 	 -0.5564 	 -0.0025 	 0.0002 	 0.0006
3.9780 	 10.7334 	 -1.0398 	 -2.4234 	 2.8509 	 -0.2586 	 -0.5564 	 -0.0025 	 0.0002 	 0.0006
3.9880 	 10.7619 	 -1.0424 	 -2.4289 	 2.8509 	 -0.2586 	 -0.5564 	 -0.0025 	 0.0002 	 0.0006
3.9980 	 10.7905 	 -1.0450 	 -2.4345 	 2.8508 	 -0.2586 	 -0.5564 	 -0.0025 	 0.0002 	 0.0006
4.0080 	 10.8191 	 -1.0476 	 -2.4401 	 2.8508 	 -0.2586 	 -0.5564 	 -0.0025 	 0.0002 	 0.0006
4.0180 	 10.8476 	 -1.0502 	 -2.4457 	 2.8508 	 -0.2586 	 -0.5564 	 -0.0025 	 0.0002 	 0.0006
4.0281 	 10.8762 	 -1.0528 	 -2.4512 	 2.8508 	 -0.2586 	 -0.5564 	 -0.0025 	 0.0002 	 0.0006
4.0381 	 10.9048 	 -1.0553 	 -2.4568 	 2.8507 	 -0.2586 	 -0.5564 	 -0.0024 	 0.0002 	 0.0006
4.0481 	 10.9333 	 -1.0579 	 -2.4624 	 2.8507 	 -0.2586 	 -0.5564 	 -0.0024 	 0.0002 	 0.0006
4.0581 	 10.9619 	 -1.0605 	 -2.4680 	 2.8507 	 -0.2586 	 -0.5564 	 -0.0024 	 0.0002 	 0.0006
4.0681 	 10.9905 	 -1.0631 	 -2.4735 	 2.8507 	 -0.2586 	 -0.5564 	 -0.0024 	 0.0002 	 0.0006
4.0782 	 11.0190 	 -1.0657 	 -2.4791 	 2.8506 	 -0.2586 	 -0.5564 	 -0.0024 	 0.0002 	 0.0006
4.0882 	 11.0476 	 -1.0683 	 -2.4847 	 2.8506 	 -0.2586 	 -0.5564 	 -0.0024 	 0.0002 	 0.0006
4.0982 	 11.0761 	 -1.0709 	 -2.4903 	 2.8506 	 -0.2586 	 -0.5563 	 -0.0024 	 0.0002 	 0.0006
4.1082 	 11.1047 	 -1.0735 	 -2.4958 	 2.8506 	 -0.2586 	 -0.5563 	 -0.0024 	 0.0002 	 0.0006
4.1182 	 11.1333 	 -1.0761 	 -2.5014 	 2.8505 	 -0.2586 	 -0.5563 	 -0.0023 	 0.0002 	 0.0006
4.1283 	 11.1618 	 -1.0787 	 -2.5070 	 2.8505 	 -0.2586 	 -0.5563 	 -0.0023 	 0.0002 	 0.0006
4.1383 	 11.1904 	 -1.0813 	 -2.5126 	 2.8505 	 -0.2586 	 -0.5563 	 -0.0023 	 0.0002 	 0.0006
4.1483 	 11.2190 	 -1.0838 	 -2.5181 	 2.8505 	 -0.2586 	 -0.5563 	 -0.0023 	 0.0002 	 0.0006
4.1583 	 11.2475 	 -1.0864 	 -2.5237 	 2.8504 	 -0.2586 	 -0.5563 	 -0.0023 	 0.0002 	 0.0006
4.1683 	 11.2761 	 -1.0890 	 -2.5293 	 2.8504 	 -0.2586 	 -0.5563 	 -0.0023 	 0.0002 	 0.0005
4.1784 	 11.3046 	 -1.0916 	 -2.5349 	 2.8504 	 -0.2586 	 -0.5563 	 -0.0023 	 0.0002 	 0.0005
4.1884 	 11.3332 	 -1.0942 	 -2.5404 	 2.8504 	 -0.2586 	 -0.5563 	 -0.0023 	 0.0002 	 0.0005
4.1984 	 11.3618 	 -1.0968 	 -2.5460 	 2.8504 	 -0.2586 	 -0.5563 	 -0.0022 	 0.0002 	 0.0005
4.2084 	 11.3903 	 -1.0994 	 -2.5516 	 2.8503 	 -0.2586 	 -0.5563 	 -0.0022 	 0.0002 	 0.0005
4.2184 	 11.4189 	 -1.1020 	 -2.5571 	 2.8503 	 -0.2586 	 -0.5563 	 -0.0022 	 0.0002 	 0.0005
4.2285 	 11.4474 	 -1.1046 	 -2.5627 	 2.8503 	 -0.2586 	 -0.5563 	 -0.0022 	 0.0002 	 0.0005
4.2385 	 11.4760 	 -1.1072 	 -2.5683 	 2.8503 	 -0.2585 	 -0.5563 	 -0.0022 	 0.0002 	 0.0005
4.2485 	 11.5046 	 -1.1098 	 -2.5739 	 2.8502 	 -0.2585 	 -0.5563 	 -0.0022 	 0.0002 	 0.0005
4.2585 	 11.5331 	 -1.1123 	 -2.5794 	 2.8502 	 -0.2585 	 -0.5563 	 -0.0022 	 0.0002 	 0.0005
4.2685 	 11.5617 	 -1.1149 	 -2.5850 	 2.8502 	 -0.2585 	 -0.5563 	 -0.0022 	 0.0002 	 0.0005
4.2786 	 11.5902 	 -1.1175 	 -2.5906 	 2.8502 	 -0.2585 	 -0.5562 	 -0.0022 	 0.0002 	 0.0005
4.2886 	 11.6188 	 -1.1201 	 -2.5962 	 2.8502 	 -0.2585 	 -0.5562 	 -0.0021 	 0.0002 	 0.0005
4.2986 	 11.6474 	 -1.1227 	 -2.6017 	 2.8501 	 -0.2585 	 -0.5562 	 -0.0021 	 0.0001 	 0.0005
4.3086 	 11.6759 	 -1.1253 	 -2.6073 	 2.8501 	 -0.2585 	 -0.5562 	 -0.0021 	 0.0001 	 0.0005
4.3186 	 11.7045 	 -1.1279 	 -2.6129 	 2.8501 	 -0.2585 	 -0.5562 	 -0.0021 	 0.0001 	 0.0005
4.3287 	 11.7330 	 -1.1305 	 -2.6185 	 2.8501 	 -0.2585 	 -0.5562 	 -0.0021 	 0.0001 	 0.0005
4.3387 	 11.7616 	 -1.1331 	 -2.6240 	 2.8501 	 -0.2585 	 -0.5562 	 -0.0021 	 0.0001 	 0.0005
4.3487 	 11.7901 	 -1.1357 	 -2.6296 	 2.8500 	 -0.2585 	 -0.5562 	 -0.0021 	 0.0001 	 0.0005
4.3587 	 11.8187 	 -1.1383 	 -2.6352 	 2.8500 	 -0.2585 	 -0.5562 	 -0.0021 	 0.0001 	 0.0005
4.3687 	 11.8473 	 -1.1408 	 -2.6408 	 2.8500 	 -0.2585 	 -0.5562 	 -0.0021 	 0.0001 	 0.0005
4.3788 	 11.8758 	 -1.1434 	 -2.6463 	 2.8500 	 -0.2585 	 -0.5562 	 -0.0021 	 0.0001 	 0.0005
4.3888 	 11.9044 	 -1.1460 	 -2.6519 	 2.8499 	 -0.2585 	 -0.5562 	 -0.0020 	 0.0001 	 0.0005
4.3988 	 11.9329 	 -1.1486 	 -2.6575 	 2.8499 	 -0.2585 	 -0.5562 	 -0.0020 	 0.0001 	 0.0005
4.4088 	 11.9615 	 -1.1512 	 -2.6630 	 2.8499 	 -0.2585 	 -0.5562 	 -0.0020 	 0.0001 	 0.0005
4.4188 	 11.9900 	 -1.1538 	 -2.6686 	 2.8499 	 -0.2585 	 -0.5562 	 -0.0020 	 0.0001 	 0.0005
4.4289 	 12.0186 	 -1.1564 	 -2.6742 	 2.8499 	 -0.2585 	 -0.5562 	 -0.0020 	 0.0001 	 0.0005
4.4389 	 12.0472 	 -1.1590 	 -2.6798 	 2.8498 	 -0.2585 	 -0.5562 	 -0.0020 	 0.0001 	 0.0005
4.4489 	 12.0757 	 -1.1616 	 -2.6853 	 2.8498 	 -0.2585 	 -0.5562 	 -0.0020 	 0.0001 	 0.0005
4.4589 	 12.1043 	 -1.1642 	 -2.6909 	 2.8498 	 -0.2585 	 -0.5562 	 -0.0020 	 0.0001 	 0.0005
4.4689 	 12.1328 	 -1.1667 	 -2.6965 	 2.8498 	 -0.2585 	 -0.5562 	 -0.0020 	 0.0001 	 0.0005
4.4790 	 12.1614 	 -1.1693 	 -2.7021 	 2.8498 	 -0.2585 	 -0.5561 	 -0.0020 	 0.0001 	 0.0005
4.4890 	 12.1899 	 -1.1719 	 -2.7076 	 2.8497 	 -0.2585 	 -0.5561 	 -0.0019 	 0.0001 	 0.0005
4.4990 	 12.2185 	 -1.1745 	 -2.7132 	 2.8497 	 -0.2585 	 -0.5561 	 -0.0019 	 0.0001 	 0.0005
4.5090 	 12.2470 	 -1.1771 	 -2.7188 	 2.8497 	 -0.2585 	 -0.5561 	 -0.0019 	 0.0001 	 0.0005
4.5190 	 12.2756 	 -1.1797 	 -2.7243 	 2.8497 	 -0.2585 	 -0.5561 	 -0.0019 	 0.0001 	 0.0005
4.5291 	 12.3041 	 -1.1823 	 -2.7299 	 2.8497 	 -0.2585 	 -0.5561 	 -0.0019 	 0.0001 	 0.0005
4.5391 	 12.3327 	 -1.1849 	 -2.7355 	 2.8497 	 -0.2585 	 -0.5561 	 -0.0019 	 0.0001 	 0.0005
4.5491 	 12.3613 	 -1.1875 	 -2.7411 	 2.8496 	 -0.2585 	 -0.5561 	 -0.0019 	 0.0001 	 0.0005
4.5591 	 12.3898 	 -1.1901 	 -2.7466 	 2.8496 	 -0.2585 	 -0.5561 	 -0.0019 	 0.0001 	 0.0005
4.5691 	 12.4184 	 -1.1927 	 -2.7522 	 2.8496 	 -0.2585 	 -0.5561 	 -0.0019 	 0.0001 	 0.0004
4.5792 	 12.4469 	 -1.1952 	 -2.7578 	 2.8496 	 -0.2585 	 -0.5561 	 -0.0019 	 0.0001 	 0.0004
4.5892 	 12.4755 	 -1.1978 	 -2.7634 	 2.8496 	 -0.2585 	 -0.5561 	 -0.0019 	 0.0001 	 0.0004
4.5992 	 12.5040 	 -1.2004 	 -2.7689 	 2.8495 	 -0.2585 	 -0.5561 	 -0.0019 	 0.0001 	 0.0004
4.6092 	 12.5326 	 -1.2030 	 -2.7745 	 2.8495 	 -0.2585 	 -0.5561 	 -0.0018 	 0.0001 	 0.0004
4.6192 	 12.5611 	 -1.2056 	 -2.7801 	 2.8495 	 -0.2585 	 -0.5561 	 -0.0018 	 0.0001 	 0.0004
4.6293 	 12.5897 	 -1.2082 	 -2.7856 	 2.8495 	 -0.2585 	 -0.5561 	 -0.0018 	 0.0001 	 0.0004
4.6393 	 12.6182 	 -1.2108 	 -2.7912 	 2.8495 	 -0.2585 	 -0.5561 	 -0.0018 	 0.0001 	 0.0004
4.6493 	 12.6468 	 -1.2134 	 -2.7968 	 2.8494 	 -0.2585 	 -0.5561 	 -0.0018 	 0.0001 	 0.0004
4.6593 	 12.6753 	 -1.2160 	 -2.8024 	 2.8494 	 -0.2585 	 -0.5561 	 -0.0018 	 0.0001 	 0.0004
4.6693 	 12.7039 	 -1.2186 	 -2.8079 	 2.8494 	 -0.2585 	 -0.5561 	 -0.0018 	 0.0001 	 0.0004
4.6794 	 12.7324 	 -1.2211 	 -2.8135 	 2.8494 	 -0.2585 	 -0.5561 	 -0.0018 	 0.0001 	 0.0004
4.6894 	 12.7610 	 -1.2237 	 -2.8191 	 2.8494 	 -0.2585 	 -0.5561 	 -0.0018 	 0.0001 	 0.0004
4.6994 	 12.7895 	 -1.2263 	 -2.8246 	 2.8494 	 -0.2585 	 -0.5560 	 -0.0018 	 0.0001 	 0.0004
4.7094 	 12.8181 	 -1.2289 	 -2.8302 	 2.8493 	 -0.2585 	 -0.5560 	 -0.0018 	 0.0001 	 0.0004
4.7194 	 12.8466 	 -1.2315 	 -2.8358 	 2.8493 	 -0.2585 	 -0.5560 	 -0.0018 	 0.0001 	 0.0004
4.7295 	 12.8752 	 -1.2341 	 -2.8414 	 2.8493 	 -0.2585 	 -0.5560 	 -0.0017 	 0.0001 	 0.0004
4.7395 	 12.9037 	 -1.2367 	 -2.8469 	 2.8493 	 -0.2585 	 -0.5560 	 -0.0017 	 0.0001 	 0.0004
4.7495 	 12.9323 	 -1.2393 	 -2.8525 	 2.8493 	 -0.2585 	 -0.5560 	 -0.0017 	 0.0001 	 0.0004
4.7595 	 12.9608 	 -1.2419 	 -2.8581 	 2.8493 	 -0.2585 	 -0.5560 	 -0.0017 	 0.0001 	 0.0004
4.7695 	 12.9894 	 -1.2445 	 -2.8636 	 2.8492 	 -0.2585 	 -0.5560 	 -0.0017 	 0.0001 	 0.0004
4.7796 	 13.0179 	 -1.2470 	 -2.8692 	 2.8492 	 -0.2585 	 -0.5560 	 -0.0017 	 0.0001 	 0.0004
4.7896 	 13.0465 	 -1.2496 	 -2.8748 	 2.8492 	 -0.2585 	 -0.5560 	 -0.0017 	 0.0001 	 0.0004
4.7996 	 13.0750 	 -1.2522 	 -2.8804 	 2.8492 	 -0.2585 	 -0.5560 	 -0.0017 	 0.0001 	 0.0004
4.8096 	 13.1036 	 -1.2548 	 -2.8859 	 2.8492 	 -0.2585 	 -0.5560 	 -0.0017 	 0.0001 	 0.0004
4.8196 	 13.1321 	 -1.2574 	 -2.8915 	 2.8491 	 -0.2585 	 -0.5560 	 -0.0017 	 0.0001 	 0.0004
4.8297 	 13.1607 	 -1.2600 	 -2.8971 	 2.8491 	 -0.2585 	 -0.5560 	 -0.0017 	 0.0001 	 0.0004
4.8397 	 13.1892 	 -1.2626 	 -2.9026 	 2.8491 	 -0.2585 	 -0.5560 	 -0.0017 	 0.0001 	 0.0004
4.8497 	 13.2178 	 -1.2652 	 -2.9082 	 2.8491 	 -0.2585 	 -0.5560 	 -0.0017 	 0.0001 	 0.0004
4.8597 	 13.2463 	 -1.2678 	 -2.9138 	 2.8491 	 -0.2585 	 -0.5560 	 -0.0016 	 0.0001 	 0.0004
4.8697 	 13.2749 	 -1.2704 	 -2.9194 	 2.8491 	 -0.2585 	 -0.5560 	 -0.0016 	 0.0001 	 0.0004
4.8798 	 13.3034 	 -1.2729 	 -2.9249 	 2.8490 	 -0.2585 	 -0.5560 	 -0.0016 	 0.0001 	 0.0004
4.8898 	 13.3320 	 -1.2755 	 -2.9305 	 2.8490 	 -0.2585 	 -0.5560 	 -0.0016 	 0.0001 	 0.0004
4.8998 	 13.3605 	 -1.2781 	 -2.9361 	 2.8490 	 -0.2585 	 -0.5560 	 -0.0016 	 0.0001 	 0.0004
4.9098 	 13.3891 	 -1.2807 	 -2.9416 	 2.8490 	 -0.2585 	 -0.5560 	 -0.0016 	 0.0001 	 0.0004
4.9198 	 13.4176 	 -1.2833 	 -2.9472 	 2.8490 	 -0.2585 	 -0.5560 	 -0.0016 	 0.0001 	 0.0004
4.9299 	 13.4462 	 -1.2859 	 -2.9528 	 2.8490 	 -0.2585 	 -0.5560 	 -0.0016 	 0.0001 	 0.0004
4.9399 	 13.4747 	 -1.2885 	 -2.9583 	 2.8490 	 -0.2585 	 -0.5560 	 -0.0016 	 0.0001 	 0.0004
4.9499 	 13.5033 	 -1.2911 	 -2.9639 	 2.8489 	 -0.2585 	 -0.5559 	 -0.0016 	 0.0001 	 0.0004
4.9599 	 13.5318 	 -1.2937 	 -2.9695 	 2.8489 	 -0.2585 	 -0.5559 	 -0.0016 	 0.0001 	 0.0004
4.9699 	 13.5603 	 -1.2962 	 -2.9751 	 2.8489 	 -0.2585 	 -0.5559 	 -0.0016 	 0.0001 	 0.0004
4.9800 	 13.5889 	 -1.2988 	 -2.9806 	 2.8489 	 -0.2585 	 -0.5559 	 -0.0016 	 0.0001 	 0.0004
4.9900 	 13.6174 	 -1.3014 	 -2.9862 	 2.8489 	 -0.2585 	 -0.5559 	 -0.0016 	 0.0001 	 0.0004
