100-Body Run with i = 48 th particle. (Units in pc,M_solar,Myr, km s-1) 

time		 x 		 y 		 z 		 xdot 		 ydot 		 zdot 		 xddot 		 yddot 		 zddot
0.0000 	 0.2907 	 0.0112 	 -0.7554 	 0.0240 	 0.0120 	 0.0194 	 -0.5120 	 -0.0406 	 0.9069
0.0100 	 0.2909 	 0.0113 	 -0.7552 	 0.0189 	 0.0116 	 0.0285 	 -0.5137 	 -0.0414 	 0.9067
0.0200 	 0.2911 	 0.0114 	 -0.7548 	 0.0137 	 0.0111 	 0.0376 	 -0.5162 	 -0.0423 	 0.9085
0.0301 	 0.2912 	 0.0115 	 -0.7544 	 0.0085 	 0.0107 	 0.0467 	 -0.5206 	 -0.0440 	 0.9155
0.0401 	 0.2913 	 0.0116 	 -0.7539 	 0.0033 	 0.0103 	 0.0559 	 -0.5191 	 -0.0477 	 0.9179
0.0501 	 0.2913 	 0.0117 	 -0.7533 	 -0.0019 	 0.0097 	 0.0653 	 -0.5243 	 -0.0630 	 0.9627
0.0601 	 0.2912 	 0.0118 	 -0.7526 	 -0.0071 	 0.0087 	 0.0756 	 -0.4718 	 -0.1729 	 1.1378
0.0701 	 0.2912 	 0.0119 	 -0.7518 	 -0.0100 	 0.0056 	 0.0870 	 -0.1642 	 -0.3296 	 0.9320
0.0802 	 0.2910 	 0.0119 	 -0.7509 	 -0.0129 	 0.0037 	 0.0953 	 -0.4041 	 -0.1041 	 0.8091
0.0902 	 0.2909 	 0.0120 	 -0.7499 	 -0.0175 	 0.0029 	 0.1036 	 -0.4816 	 -0.0627 	 0.8439
0.1002 	 0.2907 	 0.0120 	 -0.7488 	 -0.0224 	 0.0023 	 0.1122 	 -0.5099 	 -0.0532 	 0.8636
0.1102 	 0.2904 	 0.0120 	 -0.7476 	 -0.0276 	 0.0018 	 0.1209 	 -0.5270 	 -0.0498 	 0.8751
0.1202 	 0.2901 	 0.0120 	 -0.7464 	 -0.0330 	 0.0013 	 0.1297 	 -0.5402 	 -0.0479 	 0.8779
0.1303 	 0.2898 	 0.0120 	 -0.7450 	 -0.0385 	 0.0009 	 0.1385 	 -0.5507 	 -0.0455 	 0.8765
0.1403 	 0.2894 	 0.0120 	 -0.7436 	 -0.0440 	 0.0004 	 0.1472 	 -0.5598 	 -0.0419 	 0.8761
0.1503 	 0.2889 	 0.0120 	 -0.7421 	 -0.0497 	 0.0000 	 0.1560 	 -0.5697 	 -0.0374 	 0.8792
0.1603 	 0.2884 	 0.0120 	 -0.7405 	 -0.0554 	 -0.0003 	 0.1649 	 -0.5816 	 -0.0317 	 0.8856
0.1703 	 0.2878 	 0.0120 	 -0.7388 	 -0.0613 	 -0.0006 	 0.1738 	 -0.5951 	 -0.0243 	 0.8918
0.1804 	 0.2871 	 0.0120 	 -0.7370 	 -0.0674 	 -0.0008 	 0.1827 	 -0.6137 	 -0.0182 	 0.9013
0.1904 	 0.2864 	 0.0120 	 -0.7351 	 -0.0736 	 -0.0010 	 0.1918 	 -0.6365 	 -0.0101 	 0.9155
0.2004 	 0.2857 	 0.0120 	 -0.7331 	 -0.0802 	 -0.0010 	 0.2011 	 -0.6631 	 0.0013 	 0.9331
0.2104 	 0.2848 	 0.0120 	 -0.7311 	 -0.0870 	 -0.0009 	 0.2106 	 -0.6937 	 0.0172 	 0.9540
0.2204 	 0.2839 	 0.0120 	 -0.7289 	 -0.0941 	 -0.0006 	 0.2202 	 -0.7284 	 0.0394 	 0.9783
0.2305 	 0.2829 	 0.0120 	 -0.7266 	 -0.1016 	 -0.0001 	 0.2302 	 -0.7667 	 0.0701 	 1.0062
0.2405 	 0.2819 	 0.0120 	 -0.7243 	 -0.1094 	 0.0008 	 0.2404 	 -0.8077 	 0.1120 	 1.0378
0.2505 	 0.2807 	 0.0120 	 -0.7218 	 -0.1177 	 0.0022 	 0.2510 	 -0.8484 	 0.1681 	 1.0726
0.2605 	 0.2795 	 0.0120 	 -0.7193 	 -0.1264 	 0.0042 	 0.2619 	 -0.8842 	 0.2403 	 1.1095
0.2705 	 0.2782 	 0.0121 	 -0.7166 	 -0.1354 	 0.0071 	 0.2732 	 -0.9080 	 0.3282 	 1.1457
0.2806 	 0.2768 	 0.0122 	 -0.7138 	 -0.1446 	 0.0108 	 0.2849 	 -0.9112 	 0.4259 	 1.1769
0.2906 	 0.2753 	 0.0123 	 -0.7109 	 -0.1536 	 0.0156 	 0.2968 	 -0.8875 	 0.5206 	 1.1981
0.3006 	 0.2737 	 0.0125 	 -0.7078 	 -0.1623 	 0.0212 	 0.3088 	 -0.8378 	 0.5941 	 1.2060
0.3106 	 0.2720 	 0.0128 	 -0.7047 	 -0.1703 	 0.0274 	 0.3209 	 -0.7739 	 0.6291 	 1.2017
0.3206 	 0.2703 	 0.0131 	 -0.7014 	 -0.1778 	 0.0337 	 0.3329 	 -0.7150 	 0.6186 	 1.1913
0.3307 	 0.2685 	 0.0134 	 -0.6980 	 -0.1847 	 0.0396 	 0.3448 	 -0.6798 	 0.5690 	 1.1836
0.3407 	 0.2666 	 0.0138 	 -0.6945 	 -0.1915 	 0.0450 	 0.3566 	 -0.6794 	 0.4954 	 1.1859
0.3507 	 0.2647 	 0.0143 	 -0.6909 	 -0.1985 	 0.0495 	 0.3686 	 -0.7167 	 0.4135 	 1.2024
0.3607 	 0.2626 	 0.0148 	 -0.6871 	 -0.2060 	 0.0533 	 0.3808 	 -0.7903 	 0.3340 	 1.2345
0.3707 	 0.2605 	 0.0154 	 -0.6832 	 -0.2144 	 0.0563 	 0.3934 	 -0.8994 	 0.2625 	 1.2821
0.3808 	 0.2583 	 0.0160 	 -0.6792 	 -0.2242 	 0.0586 	 0.4065 	 -1.0474 	 0.2010 	 1.3435
0.3908 	 0.2560 	 0.0166 	 -0.6751 	 -0.2356 	 0.0603 	 0.4203 	 -1.2426 	 0.1482 	 1.4191
0.4008 	 0.2536 	 0.0172 	 -0.6708 	 -0.2493 	 0.0616 	 0.4350 	 -1.5016 	 0.1010 	 1.5108
0.4108 	 0.2510 	 0.0178 	 -0.6664 	 -0.2660 	 0.0623 	 0.4507 	 -1.8555 	 0.0543 	 1.6214
0.4208 	 0.2482 	 0.0184 	 -0.6617 	 -0.2870 	 0.0626 	 0.4676 	 -2.3634 	 -0.0009 	 1.7531
0.4309 	 0.2452 	 0.0190 	 -0.6570 	 -0.3142 	 0.0622 	 0.4859 	 -3.1447 	 -0.0822 	 1.9010
0.4409 	 0.2419 	 0.0196 	 -0.6520 	 -0.3517 	 0.0607 	 0.5056 	 -4.4694 	 -0.2346 	 2.0270
0.4509 	 0.2380 	 0.0202 	 -0.6468 	 -0.4078 	 0.0569 	 0.5257 	 -7.0636 	 -0.6022 	 1.9229
0.4609 	 0.2334 	 0.0207 	 -0.6415 	 -0.5049 	 0.0460 	 0.5392 	 -13.5189 	 -1.8599 	 0.1967
0.4709 	 0.2271 	 0.0209 	 -0.6366 	 -0.7259 	 0.0001 	 0.4756 	 -40.4262 	 -11.2243 	 -23.6445
0.4810 	 0.2174 	 0.0186 	 -0.6396 	 -1.2726 	 -0.4700 	 -1.1179 	 25.8216 	 8.3593 	 21.3797
0.4910 	 0.2048 	 0.0140 	 -0.6506 	 -1.2063 	 -0.4474 	 -1.0517 	 1.1168 	 0.4032 	 1.9620
0.5010 	 0.1927 	 0.0095 	 -0.6611 	 -1.2003 	 -0.4455 	 -1.0378 	 0.3039 	 0.0773 	 1.0446
0.5110 	 0.1807 	 0.0050 	 -0.6715 	 -1.1983 	 -0.4452 	 -1.0288 	 0.1142 	 -0.0030 	 0.7853
0.5210 	 0.1687 	 0.0006 	 -0.6817 	 -1.1976 	 -0.4454 	 -1.0215 	 0.0448 	 -0.0331 	 0.6738
0.5311 	 0.1567 	 -0.0039 	 -0.6920 	 -1.1973 	 -0.4458 	 -1.0151 	 0.0138 	 -0.0473 	 0.6085
0.5411 	 0.1447 	 -0.0084 	 -0.7021 	 -1.1973 	 -0.4463 	 -1.0093 	 -0.0019 	 -0.0549 	 0.5626
0.5511 	 0.1327 	 -0.0128 	 -0.7122 	 -1.1973 	 -0.4469 	 -1.0038 	 -0.0109 	 -0.0599 	 0.5266
0.5611 	 0.1207 	 -0.0173 	 -0.7222 	 -1.1975 	 -0.4475 	 -0.9987 	 -0.0169 	 -0.0639 	 0.4961
0.5711 	 0.1087 	 -0.0218 	 -0.7322 	 -1.1977 	 -0.4481 	 -0.9939 	 -0.0220 	 -0.0679 	 0.4694
0.5812 	 0.0967 	 -0.0263 	 -0.7421 	 -1.1979 	 -0.4488 	 -0.9893 	 -0.0272 	 -0.0726 	 0.4454
0.5912 	 0.0847 	 -0.0308 	 -0.7520 	 -1.1982 	 -0.4496 	 -0.9849 	 -0.0333 	 -0.0785 	 0.4237
0.6012 	 0.0727 	 -0.0353 	 -0.7619 	 -1.1986 	 -0.4504 	 -0.9808 	 -0.0407 	 -0.0861 	 0.4043
0.6112 	 0.0607 	 -0.0398 	 -0.7717 	 -1.1990 	 -0.4513 	 -0.9768 	 -0.0497 	 -0.0958 	 0.3873
0.6212 	 0.0486 	 -0.0443 	 -0.7814 	 -1.1996 	 -0.4523 	 -0.9730 	 -0.0604 	 -0.1075 	 0.3730
0.6313 	 0.0366 	 -0.0489 	 -0.7912 	 -1.2003 	 -0.4535 	 -0.9693 	 -0.0728 	 -0.1221 	 0.3622
0.6413 	 0.0246 	 -0.0534 	 -0.8009 	 -1.2011 	 -0.4548 	 -0.9657 	 -0.0860 	 -0.1401 	 0.3564
0.6513 	 0.0126 	 -0.0580 	 -0.8105 	 -1.2020 	 -0.4563 	 -0.9622 	 -0.0982 	 -0.1619 	 0.3577
0.6613 	 0.0005 	 -0.0626 	 -0.8202 	 -1.2030 	 -0.4581 	 -0.9586 	 -0.1068 	 -0.1866 	 0.3673
0.6713 	 -0.0116 	 -0.0672 	 -0.8297 	 -1.2041 	 -0.4601 	 -0.9548 	 -0.1082 	 -0.2116 	 0.3849
0.6814 	 -0.0236 	 -0.0718 	 -0.8393 	 -1.2051 	 -0.4623 	 -0.9508 	 -0.0986 	 -0.2335 	 0.4069
0.6914 	 -0.0357 	 -0.0764 	 -0.8488 	 -1.2060 	 -0.4647 	 -0.9466 	 -0.0761 	 -0.2487 	 0.4266
0.7014 	 -0.0478 	 -0.0811 	 -0.8583 	 -1.2066 	 -0.4672 	 -0.9423 	 -0.0422 	 -0.2543 	 0.4391
0.7114 	 -0.0599 	 -0.0858 	 -0.8677 	 -1.2069 	 -0.4698 	 -0.9379 	 -0.0023 	 -0.2514 	 0.4376
0.7214 	 -0.0720 	 -0.0905 	 -0.8771 	 -1.2067 	 -0.4723 	 -0.9336 	 0.0369 	 -0.2441 	 0.4208
0.7315 	 -0.0841 	 -0.0953 	 -0.8864 	 -1.2061 	 -0.4747 	 -0.9295 	 0.0709 	 -0.2369 	 0.3929
0.7415 	 -0.0961 	 -0.1000 	 -0.8957 	 -1.2053 	 -0.4770 	 -0.9257 	 0.0986 	 -0.2328 	 0.3605
0.7515 	 -0.1082 	 -0.1048 	 -0.9049 	 -1.2042 	 -0.4794 	 -0.9223 	 0.1219 	 -0.2324 	 0.3300
0.7615 	 -0.1203 	 -0.1096 	 -0.9142 	 -1.2028 	 -0.4817 	 -0.9191 	 0.1434 	 -0.2338 	 0.3058
0.7715 	 -0.1323 	 -0.1145 	 -0.9234 	 -1.2013 	 -0.4840 	 -0.9161 	 0.1647 	 -0.2337 	 0.2897
0.7816 	 -0.1443 	 -0.1193 	 -0.9325 	 -1.1995 	 -0.4864 	 -0.9133 	 0.1857 	 -0.2281 	 0.2816
0.7916 	 -0.1564 	 -0.1242 	 -0.9417 	 -1.1976 	 -0.4886 	 -0.9104 	 0.2048 	 -0.2143 	 0.2792
0.8016 	 -0.1683 	 -0.1291 	 -0.9508 	 -1.1955 	 -0.4906 	 -0.9077 	 0.2193 	 -0.1918 	 0.2793
0.8116 	 -0.1803 	 -0.1341 	 -0.9599 	 -1.1932 	 -0.4924 	 -0.9049 	 0.2273 	 -0.1627 	 0.2786
0.8216 	 -0.1923 	 -0.1390 	 -0.9689 	 -1.1909 	 -0.4939 	 -0.9021 	 0.2283 	 -0.1306 	 0.2753
0.8317 	 -0.2042 	 -0.1440 	 -0.9779 	 -1.1887 	 -0.4950 	 -0.8993 	 0.2234 	 -0.0991 	 0.2689
0.8417 	 -0.2161 	 -0.1489 	 -0.9869 	 -1.1865 	 -0.4959 	 -0.8967 	 0.2144 	 -0.0707 	 0.2597
0.8517 	 -0.2280 	 -0.1539 	 -0.9959 	 -1.1844 	 -0.4964 	 -0.8941 	 0.2029 	 -0.0467 	 0.2489
0.8617 	 -0.2398 	 -0.1589 	 -1.0048 	 -1.1824 	 -0.4968 	 -0.8917 	 0.1905 	 -0.0272 	 0.2373
0.8717 	 -0.2517 	 -0.1638 	 -1.0138 	 -1.1805 	 -0.4970 	 -0.8894 	 0.1782 	 -0.0120 	 0.2258
0.8818 	 -0.2635 	 -0.1688 	 -1.0227 	 -1.1788 	 -0.4971 	 -0.8872 	 0.1664 	 -0.0004 	 0.2148
0.8918 	 -0.2753 	 -0.1738 	 -1.0316 	 -1.1772 	 -0.4970 	 -0.8851 	 0.1555 	 0.0082 	 0.2046
0.9018 	 -0.2871 	 -0.1788 	 -1.0404 	 -1.1757 	 -0.4969 	 -0.8831 	 0.1454 	 0.0143 	 0.1953
0.9118 	 -0.2988 	 -0.1838 	 -1.0493 	 -1.1743 	 -0.4967 	 -0.8812 	 0.1362 	 0.0186 	 0.1870
0.9218 	 -0.3106 	 -0.1887 	 -1.0581 	 -1.1730 	 -0.4965 	 -0.8793 	 0.1277 	 0.0212 	 0.1797
0.9319 	 -0.3223 	 -0.1937 	 -1.0669 	 -1.1717 	 -0.4963 	 -0.8776 	 0.1200 	 0.0225 	 0.1733
0.9419 	 -0.3341 	 -0.1987 	 -1.0757 	 -1.1706 	 -0.4961 	 -0.8759 	 0.1127 	 0.0227 	 0.1678
0.9519 	 -0.3458 	 -0.2037 	 -1.0844 	 -1.1695 	 -0.4959 	 -0.8742 	 0.1059 	 0.0220 	 0.1632
0.9619 	 -0.3575 	 -0.2086 	 -1.0932 	 -1.1684 	 -0.4957 	 -0.8726 	 0.0995 	 0.0205 	 0.1594
0.9719 	 -0.3692 	 -0.2136 	 -1.1019 	 -1.1675 	 -0.4955 	 -0.8710 	 0.0934 	 0.0182 	 0.1564
0.9820 	 -0.3809 	 -0.2186 	 -1.1106 	 -1.1666 	 -0.4953 	 -0.8694 	 0.0876 	 0.0152 	 0.1543
0.9920 	 -0.3926 	 -0.2235 	 -1.1193 	 -1.1657 	 -0.4952 	 -0.8679 	 0.0820 	 0.0116 	 0.1531
1.0020 	 -0.4043 	 -0.2285 	 -1.1280 	 -1.1649 	 -0.4951 	 -0.8664 	 0.0768 	 0.0075 	 0.1528
1.0120 	 -0.4159 	 -0.2334 	 -1.1367 	 -1.1642 	 -0.4950 	 -0.8648 	 0.0719 	 0.0028 	 0.1535
1.0220 	 -0.4276 	 -0.2384 	 -1.1454 	 -1.1635 	 -0.4950 	 -0.8633 	 0.0675 	 -0.0022 	 0.1552
1.0321 	 -0.4393 	 -0.2434 	 -1.1540 	 -1.1628 	 -0.4951 	 -0.8617 	 0.0637 	 -0.0075 	 0.1581
1.0421 	 -0.4509 	 -0.2483 	 -1.1626 	 -1.1622 	 -0.4952 	 -0.8601 	 0.0607 	 -0.0129 	 0.1621
1.0521 	 -0.4626 	 -0.2533 	 -1.1712 	 -1.1616 	 -0.4953 	 -0.8585 	 0.0587 	 -0.0180 	 0.1673
1.0621 	 -0.4742 	 -0.2582 	 -1.1798 	 -1.1610 	 -0.4955 	 -0.8568 	 0.0579 	 -0.0225 	 0.1733
1.0721 	 -0.4858 	 -0.2632 	 -1.1884 	 -1.1604 	 -0.4958 	 -0.8550 	 0.0584 	 -0.0261 	 0.1799
1.0822 	 -0.4974 	 -0.2682 	 -1.1970 	 -1.1598 	 -0.4960 	 -0.8532 	 0.0604 	 -0.0284 	 0.1867
1.0922 	 -0.5091 	 -0.2732 	 -1.2055 	 -1.1592 	 -0.4963 	 -0.8513 	 0.0635 	 -0.0291 	 0.1931
1.1022 	 -0.5207 	 -0.2781 	 -1.2140 	 -1.1586 	 -0.4966 	 -0.8493 	 0.0677 	 -0.0281 	 0.1982
1.1122 	 -0.5323 	 -0.2831 	 -1.2225 	 -1.1579 	 -0.4969 	 -0.8473 	 0.0727 	 -0.0253 	 0.2015
1.1222 	 -0.5439 	 -0.2881 	 -1.2310 	 -1.1571 	 -0.4971 	 -0.8453 	 0.0783 	 -0.0212 	 0.2026
1.1323 	 -0.5555 	 -0.2931 	 -1.2395 	 -1.1563 	 -0.4973 	 -0.8432 	 0.0841 	 -0.0161 	 0.2014
1.1423 	 -0.5670 	 -0.2981 	 -1.2479 	 -1.1554 	 -0.4974 	 -0.8412 	 0.0899 	 -0.0103 	 0.1984
1.1523 	 -0.5786 	 -0.3030 	 -1.2563 	 -1.1545 	 -0.4975 	 -0.8393 	 0.0950 	 -0.0043 	 0.1939
1.1623 	 -0.5902 	 -0.3080 	 -1.2647 	 -1.1535 	 -0.4975 	 -0.8374 	 0.0991 	 0.0017 	 0.1884
1.1723 	 -0.6017 	 -0.3130 	 -1.2731 	 -1.1525 	 -0.4975 	 -0.8355 	 0.1021 	 0.0073 	 0.1822
1.1824 	 -0.6133 	 -0.3180 	 -1.2815 	 -1.1515 	 -0.4974 	 -0.8337 	 0.1041 	 0.0124 	 0.1755
1.1924 	 -0.6248 	 -0.3230 	 -1.2898 	 -1.1504 	 -0.4972 	 -0.8320 	 0.1050 	 0.0168 	 0.1687
1.2024 	 -0.6363 	 -0.3280 	 -1.2981 	 -1.1494 	 -0.4970 	 -0.8303 	 0.1052 	 0.0207 	 0.1619
1.2124 	 -0.6478 	 -0.3329 	 -1.3064 	 -1.1483 	 -0.4968 	 -0.8287 	 0.1047 	 0.0239 	 0.1553
1.2224 	 -0.6593 	 -0.3379 	 -1.3147 	 -1.1473 	 -0.4966 	 -0.8272 	 0.1038 	 0.0265 	 0.1490
1.2325 	 -0.6708 	 -0.3429 	 -1.3230 	 -1.1462 	 -0.4963 	 -0.8257 	 0.1025 	 0.0287 	 0.1430
1.2425 	 -0.6823 	 -0.3479 	 -1.3313 	 -1.1452 	 -0.4960 	 -0.8243 	 0.1010 	 0.0304 	 0.1375
1.2525 	 -0.6938 	 -0.3528 	 -1.3395 	 -1.1442 	 -0.4957 	 -0.8230 	 0.0994 	 0.0318 	 0.1323
1.2625 	 -0.7052 	 -0.3578 	 -1.3478 	 -1.1432 	 -0.4954 	 -0.8217 	 0.0976 	 0.0328 	 0.1274
1.2725 	 -0.7167 	 -0.3628 	 -1.3560 	 -1.1423 	 -0.4950 	 -0.8204 	 0.0958 	 0.0336 	 0.1229
1.2826 	 -0.7281 	 -0.3677 	 -1.3642 	 -1.1413 	 -0.4947 	 -0.8192 	 0.0940 	 0.0342 	 0.1188
1.2926 	 -0.7396 	 -0.3727 	 -1.3724 	 -1.1404 	 -0.4943 	 -0.8181 	 0.0921 	 0.0346 	 0.1149
1.3026 	 -0.7510 	 -0.3776 	 -1.3806 	 -1.1395 	 -0.4940 	 -0.8169 	 0.0903 	 0.0349 	 0.1113
1.3126 	 -0.7624 	 -0.3826 	 -1.3888 	 -1.1386 	 -0.4936 	 -0.8158 	 0.0886 	 0.0351 	 0.1080
1.3226 	 -0.7738 	 -0.3875 	 -1.3970 	 -1.1377 	 -0.4933 	 -0.8148 	 0.0869 	 0.0352 	 0.1048
1.3327 	 -0.7852 	 -0.3925 	 -1.4051 	 -1.1368 	 -0.4929 	 -0.8137 	 0.0852 	 0.0352 	 0.1019
1.3427 	 -0.7966 	 -0.3974 	 -1.4133 	 -1.1360 	 -0.4926 	 -0.8127 	 0.0836 	 0.0352 	 0.0991
1.3527 	 -0.8080 	 -0.4023 	 -1.4214 	 -1.1352 	 -0.4922 	 -0.8117 	 0.0821 	 0.0351 	 0.0965
1.3627 	 -0.8193 	 -0.4073 	 -1.4295 	 -1.1343 	 -0.4919 	 -0.8108 	 0.0806 	 0.0350 	 0.0940
1.3727 	 -0.8307 	 -0.4122 	 -1.4377 	 -1.1335 	 -0.4915 	 -0.8099 	 0.0792 	 0.0349 	 0.0916
1.3828 	 -0.8421 	 -0.4171 	 -1.4458 	 -1.1328 	 -0.4912 	 -0.8089 	 0.0778 	 0.0347 	 0.0894
1.3928 	 -0.8534 	 -0.4220 	 -1.4539 	 -1.1320 	 -0.4908 	 -0.8081 	 0.0764 	 0.0345 	 0.0873
1.4028 	 -0.8647 	 -0.4269 	 -1.4620 	 -1.1312 	 -0.4905 	 -0.8072 	 0.0751 	 0.0343 	 0.0853
1.4128 	 -0.8761 	 -0.4319 	 -1.4701 	 -1.1305 	 -0.4901 	 -0.8063 	 0.0739 	 0.0341 	 0.0834
1.4228 	 -0.8874 	 -0.4368 	 -1.4781 	 -1.1297 	 -0.4898 	 -0.8055 	 0.0727 	 0.0339 	 0.0816
1.4329 	 -0.8987 	 -0.4417 	 -1.4862 	 -1.1290 	 -0.4895 	 -0.8047 	 0.0715 	 0.0337 	 0.0798
1.4429 	 -0.9100 	 -0.4466 	 -1.4943 	 -1.1283 	 -0.4891 	 -0.8039 	 0.0703 	 0.0334 	 0.0781
1.4529 	 -0.9213 	 -0.4515 	 -1.5023 	 -1.1276 	 -0.4888 	 -0.8031 	 0.0692 	 0.0332 	 0.0765
1.4629 	 -0.9326 	 -0.4564 	 -1.5104 	 -1.1269 	 -0.4885 	 -0.8024 	 0.0681 	 0.0329 	 0.0750
1.4729 	 -0.9439 	 -0.4613 	 -1.5184 	 -1.1262 	 -0.4881 	 -0.8016 	 0.0671 	 0.0326 	 0.0735
1.4830 	 -0.9552 	 -0.4661 	 -1.5264 	 -1.1256 	 -0.4878 	 -0.8009 	 0.0660 	 0.0324 	 0.0721
1.4930 	 -0.9665 	 -0.4710 	 -1.5344 	 -1.1249 	 -0.4875 	 -0.8002 	 0.0650 	 0.0321 	 0.0707
1.5030 	 -0.9777 	 -0.4759 	 -1.5425 	 -1.1243 	 -0.4872 	 -0.7995 	 0.0640 	 0.0318 	 0.0694
1.5130 	 -0.9890 	 -0.4808 	 -1.5505 	 -1.1236 	 -0.4869 	 -0.7988 	 0.0631 	 0.0315 	 0.0681
1.5230 	 -1.0003 	 -0.4857 	 -1.5585 	 -1.1230 	 -0.4865 	 -0.7981 	 0.0621 	 0.0312 	 0.0669
1.5331 	 -1.0115 	 -0.4905 	 -1.5665 	 -1.1224 	 -0.4862 	 -0.7975 	 0.0612 	 0.0310 	 0.0657
1.5431 	 -1.0227 	 -0.4954 	 -1.5744 	 -1.1218 	 -0.4859 	 -0.7968 	 0.0603 	 0.0307 	 0.0646
1.5531 	 -1.0340 	 -0.5003 	 -1.5824 	 -1.1212 	 -0.4856 	 -0.7962 	 0.0594 	 0.0304 	 0.0635
1.5631 	 -1.0452 	 -0.5051 	 -1.5904 	 -1.1206 	 -0.4853 	 -0.7955 	 0.0585 	 0.0301 	 0.0624
1.5731 	 -1.0564 	 -0.5100 	 -1.5984 	 -1.1200 	 -0.4850 	 -0.7949 	 0.0576 	 0.0298 	 0.0614
1.5832 	 -1.0677 	 -0.5149 	 -1.6063 	 -1.1194 	 -0.4847 	 -0.7943 	 0.0567 	 0.0294 	 0.0604
1.5932 	 -1.0789 	 -0.5197 	 -1.6143 	 -1.1189 	 -0.4844 	 -0.7937 	 0.0559 	 0.0291 	 0.0594
1.6032 	 -1.0901 	 -0.5246 	 -1.6222 	 -1.1183 	 -0.4841 	 -0.7931 	 0.0550 	 0.0288 	 0.0585
1.6132 	 -1.1013 	 -0.5294 	 -1.6302 	 -1.1178 	 -0.4838 	 -0.7925 	 0.0542 	 0.0285 	 0.0576
1.6232 	 -1.1125 	 -0.5343 	 -1.6381 	 -1.1172 	 -0.4836 	 -0.7920 	 0.0534 	 0.0282 	 0.0567
1.6333 	 -1.1237 	 -0.5391 	 -1.6460 	 -1.1167 	 -0.4833 	 -0.7914 	 0.0526 	 0.0279 	 0.0558
1.6433 	 -1.1349 	 -0.5440 	 -1.6540 	 -1.1162 	 -0.4830 	 -0.7908 	 0.0518 	 0.0275 	 0.0550
1.6533 	 -1.1460 	 -0.5488 	 -1.6619 	 -1.1157 	 -0.4827 	 -0.7903 	 0.0510 	 0.0272 	 0.0542
1.6633 	 -1.1572 	 -0.5536 	 -1.6698 	 -1.1152 	 -0.4825 	 -0.7898 	 0.0503 	 0.0269 	 0.0534
1.6733 	 -1.1684 	 -0.5585 	 -1.6777 	 -1.1147 	 -0.4822 	 -0.7892 	 0.0495 	 0.0266 	 0.0526
1.6834 	 -1.1796 	 -0.5633 	 -1.6856 	 -1.1142 	 -0.4819 	 -0.7887 	 0.0488 	 0.0262 	 0.0519
1.6934 	 -1.1907 	 -0.5681 	 -1.6935 	 -1.1137 	 -0.4817 	 -0.7882 	 0.0481 	 0.0259 	 0.0512
1.7034 	 -1.2019 	 -0.5729 	 -1.7014 	 -1.1132 	 -0.4814 	 -0.7877 	 0.0473 	 0.0256 	 0.0504
1.7134 	 -1.2130 	 -0.5778 	 -1.7093 	 -1.1127 	 -0.4811 	 -0.7872 	 0.0466 	 0.0252 	 0.0497
1.7234 	 -1.2242 	 -0.5826 	 -1.7172 	 -1.1123 	 -0.4809 	 -0.7867 	 0.0459 	 0.0249 	 0.0491
1.7335 	 -1.2353 	 -0.5874 	 -1.7251 	 -1.1118 	 -0.4806 	 -0.7862 	 0.0453 	 0.0246 	 0.0484
1.7435 	 -1.2465 	 -0.5922 	 -1.7330 	 -1.1114 	 -0.4804 	 -0.7857 	 0.0446 	 0.0243 	 0.0478
1.7535 	 -1.2576 	 -0.5970 	 -1.7408 	 -1.1109 	 -0.4802 	 -0.7852 	 0.0439 	 0.0240 	 0.0471
1.7635 	 -1.2687 	 -0.6018 	 -1.7487 	 -1.1105 	 -0.4799 	 -0.7848 	 0.0433 	 0.0236 	 0.0465
1.7735 	 -1.2798 	 -0.6067 	 -1.7566 	 -1.1100 	 -0.4797 	 -0.7843 	 0.0427 	 0.0233 	 0.0459
1.7836 	 -1.2910 	 -0.6115 	 -1.7644 	 -1.1096 	 -0.4795 	 -0.7839 	 0.0420 	 0.0230 	 0.0453
1.7936 	 -1.3021 	 -0.6163 	 -1.7723 	 -1.1092 	 -0.4792 	 -0.7834 	 0.0414 	 0.0227 	 0.0448
1.8036 	 -1.3132 	 -0.6211 	 -1.7801 	 -1.1088 	 -0.4790 	 -0.7830 	 0.0408 	 0.0224 	 0.0442
1.8136 	 -1.3243 	 -0.6259 	 -1.7880 	 -1.1084 	 -0.4788 	 -0.7825 	 0.0403 	 0.0221 	 0.0437
1.8236 	 -1.3354 	 -0.6307 	 -1.7958 	 -1.1080 	 -0.4786 	 -0.7821 	 0.0397 	 0.0218 	 0.0431
1.8337 	 -1.3465 	 -0.6355 	 -1.8036 	 -1.1076 	 -0.4783 	 -0.7816 	 0.0391 	 0.0215 	 0.0426
1.8437 	 -1.3576 	 -0.6402 	 -1.8115 	 -1.1072 	 -0.4781 	 -0.7812 	 0.0386 	 0.0212 	 0.0421
1.8537 	 -1.3687 	 -0.6450 	 -1.8193 	 -1.1068 	 -0.4779 	 -0.7808 	 0.0381 	 0.0209 	 0.0416
1.8637 	 -1.3798 	 -0.6498 	 -1.8271 	 -1.1064 	 -0.4777 	 -0.7804 	 0.0375 	 0.0207 	 0.0411
1.8737 	 -1.3909 	 -0.6546 	 -1.8349 	 -1.1061 	 -0.4775 	 -0.7800 	 0.0370 	 0.0204 	 0.0407
1.8838 	 -1.4019 	 -0.6594 	 -1.8427 	 -1.1057 	 -0.4773 	 -0.7796 	 0.0365 	 0.0201 	 0.0402
1.8938 	 -1.4130 	 -0.6642 	 -1.8505 	 -1.1053 	 -0.4771 	 -0.7792 	 0.0360 	 0.0199 	 0.0398
1.9038 	 -1.4241 	 -0.6690 	 -1.8583 	 -1.1050 	 -0.4769 	 -0.7788 	 0.0356 	 0.0196 	 0.0393
1.9138 	 -1.4352 	 -0.6737 	 -1.8662 	 -1.1046 	 -0.4767 	 -0.7784 	 0.0351 	 0.0193 	 0.0389
1.9238 	 -1.4462 	 -0.6785 	 -1.8739 	 -1.1043 	 -0.4765 	 -0.7780 	 0.0347 	 0.0191 	 0.0385
1.9339 	 -1.4573 	 -0.6833 	 -1.8817 	 -1.1039 	 -0.4763 	 -0.7776 	 0.0342 	 0.0188 	 0.0381
1.9439 	 -1.4684 	 -0.6880 	 -1.8895 	 -1.1036 	 -0.4761 	 -0.7772 	 0.0338 	 0.0186 	 0.0377
1.9539 	 -1.4794 	 -0.6928 	 -1.8973 	 -1.1032 	 -0.4760 	 -0.7769 	 0.0334 	 0.0184 	 0.0373
1.9639 	 -1.4905 	 -0.6976 	 -1.9051 	 -1.1029 	 -0.4758 	 -0.7765 	 0.0329 	 0.0181 	 0.0369
1.9739 	 -1.5015 	 -0.7024 	 -1.9129 	 -1.1026 	 -0.4756 	 -0.7761 	 0.0325 	 0.0179 	 0.0365
1.9840 	 -1.5126 	 -0.7071 	 -1.9207 	 -1.1023 	 -0.4754 	 -0.7758 	 0.0301 	 0.0165 	 0.0348
1.9940 	 -1.5236 	 -0.7119 	 -1.9284 	 -1.1020 	 -0.4752 	 -0.7754 	 0.0297 	 0.0163 	 0.0345
2.0040 	 -1.5346 	 -0.7166 	 -1.9362 	 -1.1017 	 -0.4751 	 -0.7751 	 0.0294 	 0.0161 	 0.0342
2.0140 	 -1.5457 	 -0.7214 	 -1.9440 	 -1.1014 	 -0.4749 	 -0.7747 	 0.0290 	 0.0159 	 0.0339
2.0240 	 -1.5567 	 -0.7262 	 -1.9517 	 -1.1011 	 -0.4748 	 -0.7744 	 0.0287 	 0.0157 	 0.0336
2.0341 	 -1.5677 	 -0.7309 	 -1.9595 	 -1.1008 	 -0.4746 	 -0.7741 	 0.0284 	 0.0156 	 0.0333
2.0441 	 -1.5788 	 -0.7357 	 -1.9672 	 -1.1005 	 -0.4745 	 -0.7737 	 0.0281 	 0.0154 	 0.0330
2.0541 	 -1.5898 	 -0.7404 	 -1.9750 	 -1.1002 	 -0.4743 	 -0.7734 	 0.0278 	 0.0152 	 0.0327
2.0641 	 -1.6008 	 -0.7452 	 -1.9827 	 -1.1000 	 -0.4742 	 -0.7731 	 0.0275 	 0.0150 	 0.0325
2.0741 	 -1.6118 	 -0.7499 	 -1.9905 	 -1.0997 	 -0.4740 	 -0.7727 	 0.0272 	 0.0148 	 0.0322
2.0842 	 -1.6229 	 -0.7547 	 -1.9982 	 -1.0994 	 -0.4739 	 -0.7724 	 0.0269 	 0.0147 	 0.0320
2.0942 	 -1.6339 	 -0.7594 	 -2.0060 	 -1.0992 	 -0.4737 	 -0.7721 	 0.0266 	 0.0145 	 0.0318
2.1042 	 -1.6449 	 -0.7642 	 -2.0137 	 -1.0989 	 -0.4736 	 -0.7718 	 0.0263 	 0.0143 	 0.0316
2.1142 	 -1.6559 	 -0.7689 	 -2.0214 	 -1.0986 	 -0.4734 	 -0.7715 	 0.0260 	 0.0142 	 0.0314
2.1242 	 -1.6669 	 -0.7737 	 -2.0291 	 -1.0984 	 -0.4733 	 -0.7712 	 0.0257 	 0.0140 	 0.0312
2.1343 	 -1.6779 	 -0.7784 	 -2.0369 	 -1.0981 	 -0.4731 	 -0.7708 	 0.0255 	 0.0138 	 0.0310
2.1443 	 -1.6889 	 -0.7831 	 -2.0446 	 -1.0979 	 -0.4730 	 -0.7705 	 0.0252 	 0.0137 	 0.0308
2.1543 	 -1.6999 	 -0.7879 	 -2.0523 	 -1.0976 	 -0.4729 	 -0.7702 	 0.0249 	 0.0135 	 0.0307
2.1643 	 -1.7109 	 -0.7926 	 -2.0600 	 -1.0974 	 -0.4727 	 -0.7699 	 0.0246 	 0.0133 	 0.0305
2.1743 	 -1.7219 	 -0.7974 	 -2.0677 	 -1.0971 	 -0.4726 	 -0.7696 	 0.0244 	 0.0132 	 0.0304
2.1844 	 -1.7329 	 -0.8021 	 -2.0755 	 -1.0969 	 -0.4725 	 -0.7693 	 0.0241 	 0.0130 	 0.0303
2.1944 	 -1.7439 	 -0.8068 	 -2.0832 	 -1.0966 	 -0.4723 	 -0.7690 	 0.0238 	 0.0128 	 0.0302
2.2044 	 -1.7549 	 -0.8116 	 -2.0909 	 -1.0964 	 -0.4722 	 -0.7687 	 0.0235 	 0.0126 	 0.0301
2.2144 	 -1.7659 	 -0.8163 	 -2.0986 	 -1.0962 	 -0.4721 	 -0.7684 	 0.0233 	 0.0125 	 0.0300
2.2244 	 -1.7768 	 -0.8210 	 -2.1063 	 -1.0959 	 -0.4720 	 -0.7681 	 0.0230 	 0.0123 	 0.0299
2.2345 	 -1.7878 	 -0.8257 	 -2.1140 	 -1.0957 	 -0.4718 	 -0.7678 	 0.0227 	 0.0121 	 0.0298
2.2445 	 -1.7988 	 -0.8305 	 -2.1217 	 -1.0955 	 -0.4717 	 -0.7675 	 0.0224 	 0.0119 	 0.0297
2.2545 	 -1.8098 	 -0.8352 	 -2.1293 	 -1.0952 	 -0.4716 	 -0.7672 	 0.0221 	 0.0117 	 0.0297
2.2645 	 -1.8207 	 -0.8399 	 -2.1370 	 -1.0950 	 -0.4715 	 -0.7669 	 0.0217 	 0.0115 	 0.0296
2.2745 	 -1.8317 	 -0.8446 	 -2.1447 	 -1.0948 	 -0.4714 	 -0.7666 	 0.0214 	 0.0113 	 0.0296
2.2846 	 -1.8427 	 -0.8494 	 -2.1524 	 -1.0946 	 -0.4713 	 -0.7663 	 0.0211 	 0.0110 	 0.0295
2.2946 	 -1.8537 	 -0.8541 	 -2.1601 	 -1.0944 	 -0.4711 	 -0.7660 	 0.0207 	 0.0108 	 0.0295
2.3046 	 -1.8646 	 -0.8588 	 -2.1677 	 -1.0942 	 -0.4710 	 -0.7657 	 0.0203 	 0.0106 	 0.0294
2.3146 	 -1.8756 	 -0.8635 	 -2.1754 	 -1.0940 	 -0.4709 	 -0.7654 	 0.0200 	 0.0103 	 0.0293
2.3246 	 -1.8865 	 -0.8682 	 -2.1831 	 -1.0938 	 -0.4708 	 -0.7651 	 0.0196 	 0.0101 	 0.0293
2.3347 	 -1.8975 	 -0.8730 	 -2.1907 	 -1.0936 	 -0.4707 	 -0.7648 	 0.0192 	 0.0098 	 0.0292
2.3447 	 -1.9085 	 -0.8777 	 -2.1984 	 -1.0934 	 -0.4706 	 -0.7646 	 0.0188 	 0.0095 	 0.0291
2.3547 	 -1.9194 	 -0.8824 	 -2.2061 	 -1.0932 	 -0.4705 	 -0.7643 	 0.0183 	 0.0092 	 0.0289
2.3647 	 -1.9304 	 -0.8871 	 -2.2137 	 -1.0930 	 -0.4705 	 -0.7640 	 0.0179 	 0.0090 	 0.0287
2.3747 	 -1.9413 	 -0.8918 	 -2.2214 	 -1.0929 	 -0.4704 	 -0.7637 	 0.0175 	 0.0087 	 0.0285
2.3848 	 -1.9523 	 -0.8965 	 -2.2290 	 -1.0927 	 -0.4703 	 -0.7634 	 0.0170 	 0.0084 	 0.0283
2.3948 	 -1.9632 	 -0.9012 	 -2.2367 	 -1.0925 	 -0.4702 	 -0.7631 	 0.0166 	 0.0081 	 0.0280
2.4048 	 -1.9742 	 -0.9060 	 -2.2443 	 -1.0924 	 -0.4701 	 -0.7628 	 0.0162 	 0.0079 	 0.0277
2.4148 	 -1.9851 	 -0.9107 	 -2.2520 	 -1.0922 	 -0.4700 	 -0.7626 	 0.0158 	 0.0076 	 0.0274
2.4248 	 -1.9960 	 -0.9154 	 -2.2596 	 -1.0920 	 -0.4700 	 -0.7623 	 0.0154 	 0.0074 	 0.0270
2.4349 	 -2.0070 	 -0.9201 	 -2.2672 	 -1.0919 	 -0.4699 	 -0.7620 	 0.0151 	 0.0072 	 0.0266
2.4449 	 -2.0179 	 -0.9248 	 -2.2749 	 -1.0917 	 -0.4698 	 -0.7618 	 0.0147 	 0.0070 	 0.0262
2.4549 	 -2.0289 	 -0.9295 	 -2.2825 	 -1.0916 	 -0.4698 	 -0.7615 	 0.0144 	 0.0068 	 0.0257
2.4649 	 -2.0398 	 -0.9342 	 -2.2901 	 -1.0914 	 -0.4697 	 -0.7612 	 0.0142 	 0.0066 	 0.0253
2.4749 	 -2.0507 	 -0.9389 	 -2.2978 	 -1.0913 	 -0.4696 	 -0.7610 	 0.0139 	 0.0065 	 0.0248
2.4850 	 -2.0617 	 -0.9436 	 -2.3054 	 -1.0912 	 -0.4696 	 -0.7607 	 0.0137 	 0.0064 	 0.0243
2.4950 	 -2.0726 	 -0.9483 	 -2.3130 	 -1.0910 	 -0.4695 	 -0.7605 	 0.0135 	 0.0063 	 0.0238
2.5050 	 -2.0835 	 -0.9530 	 -2.3206 	 -1.0909 	 -0.4694 	 -0.7603 	 0.0134 	 0.0062 	 0.0233
2.5150 	 -2.0945 	 -0.9577 	 -2.3282 	 -1.0908 	 -0.4694 	 -0.7600 	 0.0133 	 0.0061 	 0.0228
2.5251 	 -2.1054 	 -0.9624 	 -2.3359 	 -1.0906 	 -0.4693 	 -0.7598 	 0.0132 	 0.0061 	 0.0224
2.5351 	 -2.1163 	 -0.9671 	 -2.3435 	 -1.0905 	 -0.4692 	 -0.7596 	 0.0131 	 0.0061 	 0.0219
2.5451 	 -2.1273 	 -0.9718 	 -2.3511 	 -1.0904 	 -0.4692 	 -0.7594 	 0.0130 	 0.0060 	 0.0215
2.5551 	 -2.1382 	 -0.9765 	 -2.3587 	 -1.0902 	 -0.4691 	 -0.7592 	 0.0130 	 0.0060 	 0.0211
2.5651 	 -2.1491 	 -0.9812 	 -2.3663 	 -1.0901 	 -0.4691 	 -0.7590 	 0.0130 	 0.0060 	 0.0207
2.5752 	 -2.1600 	 -0.9859 	 -2.3739 	 -1.0900 	 -0.4690 	 -0.7587 	 0.0129 	 0.0061 	 0.0203
2.5852 	 -2.1709 	 -0.9906 	 -2.3815 	 -1.0898 	 -0.4689 	 -0.7585 	 0.0129 	 0.0061 	 0.0199
2.5952 	 -2.1819 	 -0.9953 	 -2.3891 	 -1.0897 	 -0.4689 	 -0.7583 	 0.0129 	 0.0061 	 0.0196
2.6052 	 -2.1928 	 -1.0000 	 -2.3967 	 -1.0896 	 -0.4688 	 -0.7582 	 0.0129 	 0.0061 	 0.0192
2.6152 	 -2.2037 	 -1.0047 	 -2.4043 	 -1.0895 	 -0.4688 	 -0.7580 	 0.0129 	 0.0061 	 0.0189
2.6253 	 -2.2146 	 -1.0094 	 -2.4119 	 -1.0893 	 -0.4687 	 -0.7578 	 0.0129 	 0.0062 	 0.0186
2.6353 	 -2.2255 	 -1.0141 	 -2.4195 	 -1.0892 	 -0.4686 	 -0.7576 	 0.0130 	 0.0062 	 0.0183
2.6453 	 -2.2364 	 -1.0188 	 -2.4271 	 -1.0891 	 -0.4686 	 -0.7574 	 0.0130 	 0.0062 	 0.0181
2.6553 	 -2.2474 	 -1.0235 	 -2.4347 	 -1.0889 	 -0.4685 	 -0.7572 	 0.0130 	 0.0062 	 0.0178
2.6653 	 -2.2583 	 -1.0282 	 -2.4422 	 -1.0888 	 -0.4685 	 -0.7570 	 0.0130 	 0.0062 	 0.0176
2.6754 	 -2.2692 	 -1.0329 	 -2.4498 	 -1.0887 	 -0.4684 	 -0.7569 	 0.0130 	 0.0062 	 0.0174
2.6854 	 -2.2801 	 -1.0376 	 -2.4574 	 -1.0885 	 -0.4683 	 -0.7567 	 0.0130 	 0.0063 	 0.0172
2.6954 	 -2.2910 	 -1.0423 	 -2.4650 	 -1.0884 	 -0.4683 	 -0.7565 	 0.0130 	 0.0063 	 0.0169
2.7054 	 -2.3019 	 -1.0470 	 -2.4726 	 -1.0883 	 -0.4682 	 -0.7564 	 0.0130 	 0.0063 	 0.0168
2.7154 	 -2.3128 	 -1.0517 	 -2.4801 	 -1.0882 	 -0.4681 	 -0.7562 	 0.0130 	 0.0063 	 0.0166
2.7255 	 -2.3237 	 -1.0564 	 -2.4877 	 -1.0880 	 -0.4681 	 -0.7560 	 0.0130 	 0.0063 	 0.0164
2.7355 	 -2.3346 	 -1.0610 	 -2.4953 	 -1.0879 	 -0.4680 	 -0.7559 	 0.0129 	 0.0063 	 0.0162
2.7455 	 -2.3455 	 -1.0657 	 -2.5029 	 -1.0878 	 -0.4679 	 -0.7557 	 0.0129 	 0.0063 	 0.0160
2.7555 	 -2.3564 	 -1.0704 	 -2.5104 	 -1.0876 	 -0.4679 	 -0.7555 	 0.0129 	 0.0063 	 0.0159
2.7655 	 -2.3673 	 -1.0751 	 -2.5180 	 -1.0875 	 -0.4678 	 -0.7554 	 0.0129 	 0.0063 	 0.0157
2.7756 	 -2.3782 	 -1.0798 	 -2.5256 	 -1.0874 	 -0.4678 	 -0.7552 	 0.0129 	 0.0063 	 0.0156
2.7856 	 -2.3891 	 -1.0845 	 -2.5331 	 -1.0873 	 -0.4677 	 -0.7551 	 0.0128 	 0.0063 	 0.0154
2.7956 	 -2.4000 	 -1.0892 	 -2.5407 	 -1.0871 	 -0.4676 	 -0.7549 	 0.0128 	 0.0063 	 0.0153
2.8056 	 -2.4109 	 -1.0939 	 -2.5483 	 -1.0870 	 -0.4676 	 -0.7548 	 0.0128 	 0.0063 	 0.0152
2.8156 	 -2.4218 	 -1.0985 	 -2.5558 	 -1.0869 	 -0.4675 	 -0.7546 	 0.0128 	 0.0062 	 0.0150
2.8257 	 -2.4327 	 -1.1032 	 -2.5634 	 -1.0867 	 -0.4674 	 -0.7545 	 0.0127 	 0.0062 	 0.0149
2.8357 	 -2.4435 	 -1.1079 	 -2.5710 	 -1.0866 	 -0.4674 	 -0.7543 	 0.0127 	 0.0062 	 0.0148
2.8457 	 -2.4544 	 -1.1126 	 -2.5785 	 -1.0865 	 -0.4673 	 -0.7542 	 0.0126 	 0.0062 	 0.0147
2.8557 	 -2.4653 	 -1.1173 	 -2.5861 	 -1.0864 	 -0.4673 	 -0.7540 	 0.0126 	 0.0062 	 0.0145
2.8657 	 -2.4762 	 -1.1220 	 -2.5936 	 -1.0862 	 -0.4672 	 -0.7539 	 0.0126 	 0.0062 	 0.0144
2.8758 	 -2.4871 	 -1.1266 	 -2.6012 	 -1.0861 	 -0.4671 	 -0.7537 	 0.0125 	 0.0061 	 0.0143
2.8858 	 -2.4980 	 -1.1313 	 -2.6087 	 -1.0860 	 -0.4671 	 -0.7536 	 0.0125 	 0.0061 	 0.0142
2.8958 	 -2.5088 	 -1.1360 	 -2.6163 	 -1.0859 	 -0.4670 	 -0.7535 	 0.0124 	 0.0061 	 0.0141
2.9058 	 -2.5197 	 -1.1407 	 -2.6238 	 -1.0857 	 -0.4670 	 -0.7533 	 0.0124 	 0.0061 	 0.0140
2.9158 	 -2.5306 	 -1.1454 	 -2.6314 	 -1.0856 	 -0.4669 	 -0.7532 	 0.0123 	 0.0061 	 0.0139
2.9259 	 -2.5415 	 -1.1500 	 -2.6389 	 -1.0855 	 -0.4668 	 -0.7530 	 0.0123 	 0.0060 	 0.0137
2.9359 	 -2.5524 	 -1.1547 	 -2.6465 	 -1.0854 	 -0.4668 	 -0.7529 	 0.0122 	 0.0060 	 0.0136
2.9459 	 -2.5632 	 -1.1594 	 -2.6540 	 -1.0852 	 -0.4667 	 -0.7528 	 0.0122 	 0.0060 	 0.0135
2.9559 	 -2.5741 	 -1.1641 	 -2.6616 	 -1.0851 	 -0.4666 	 -0.7526 	 0.0121 	 0.0060 	 0.0134
2.9659 	 -2.5850 	 -1.1687 	 -2.6691 	 -1.0850 	 -0.4666 	 -0.7525 	 0.0121 	 0.0059 	 0.0133
2.9760 	 -2.5959 	 -1.1734 	 -2.6766 	 -1.0849 	 -0.4665 	 -0.7524 	 0.0120 	 0.0059 	 0.0132
2.9860 	 -2.6067 	 -1.1781 	 -2.6842 	 -1.0848 	 -0.4665 	 -0.7522 	 0.0120 	 0.0059 	 0.0131
2.9960 	 -2.6176 	 -1.1828 	 -2.6917 	 -1.0846 	 -0.4664 	 -0.7521 	 0.0119 	 0.0059 	 0.0131
3.0060 	 -2.6285 	 -1.1874 	 -2.6992 	 -1.0845 	 -0.4664 	 -0.7520 	 0.0119 	 0.0058 	 0.0130
3.0160 	 -2.6393 	 -1.1921 	 -2.7068 	 -1.0844 	 -0.4663 	 -0.7518 	 0.0118 	 0.0058 	 0.0129
3.0261 	 -2.6502 	 -1.1968 	 -2.7143 	 -1.0843 	 -0.4662 	 -0.7517 	 0.0118 	 0.0058 	 0.0128
3.0361 	 -2.6611 	 -1.2015 	 -2.7218 	 -1.0842 	 -0.4662 	 -0.7516 	 0.0117 	 0.0057 	 0.0127
3.0461 	 -2.6719 	 -1.2061 	 -2.7294 	 -1.0840 	 -0.4661 	 -0.7515 	 0.0117 	 0.0057 	 0.0126
3.0561 	 -2.6828 	 -1.2108 	 -2.7369 	 -1.0839 	 -0.4661 	 -0.7513 	 0.0116 	 0.0057 	 0.0125
3.0661 	 -2.6936 	 -1.2155 	 -2.7444 	 -1.0838 	 -0.4660 	 -0.7512 	 0.0116 	 0.0057 	 0.0124
3.0762 	 -2.7045 	 -1.2201 	 -2.7520 	 -1.0837 	 -0.4660 	 -0.7511 	 0.0115 	 0.0056 	 0.0123
3.0862 	 -2.7154 	 -1.2248 	 -2.7595 	 -1.0836 	 -0.4659 	 -0.7510 	 0.0115 	 0.0056 	 0.0123
3.0962 	 -2.7262 	 -1.2295 	 -2.7670 	 -1.0835 	 -0.4658 	 -0.7508 	 0.0114 	 0.0056 	 0.0122
3.1062 	 -2.7371 	 -1.2341 	 -2.7745 	 -1.0833 	 -0.4658 	 -0.7507 	 0.0114 	 0.0056 	 0.0121
3.1162 	 -2.7479 	 -1.2388 	 -2.7820 	 -1.0832 	 -0.4657 	 -0.7506 	 0.0113 	 0.0055 	 0.0120
3.1263 	 -2.7588 	 -1.2435 	 -2.7896 	 -1.0831 	 -0.4657 	 -0.7505 	 0.0113 	 0.0055 	 0.0119
3.1363 	 -2.7696 	 -1.2481 	 -2.7971 	 -1.0830 	 -0.4656 	 -0.7503 	 0.0112 	 0.0055 	 0.0118
3.1463 	 -2.7805 	 -1.2528 	 -2.8046 	 -1.0829 	 -0.4656 	 -0.7502 	 0.0112 	 0.0054 	 0.0118
3.1563 	 -2.7913 	 -1.2575 	 -2.8121 	 -1.0828 	 -0.4655 	 -0.7501 	 0.0111 	 0.0054 	 0.0117
3.1663 	 -2.8022 	 -1.2621 	 -2.8196 	 -1.0827 	 -0.4655 	 -0.7500 	 0.0111 	 0.0054 	 0.0116
3.1764 	 -2.8130 	 -1.2668 	 -2.8272 	 -1.0826 	 -0.4654 	 -0.7499 	 0.0110 	 0.0054 	 0.0115
3.1864 	 -2.8239 	 -1.2715 	 -2.8347 	 -1.0825 	 -0.4653 	 -0.7498 	 0.0110 	 0.0053 	 0.0115
3.1964 	 -2.8347 	 -1.2761 	 -2.8422 	 -1.0823 	 -0.4653 	 -0.7497 	 0.0109 	 0.0053 	 0.0114
3.2064 	 -2.8456 	 -1.2808 	 -2.8497 	 -1.0822 	 -0.4652 	 -0.7495 	 0.0109 	 0.0053 	 0.0113
3.2164 	 -2.8564 	 -1.2854 	 -2.8572 	 -1.0821 	 -0.4652 	 -0.7494 	 0.0108 	 0.0053 	 0.0112
3.2265 	 -2.8672 	 -1.2901 	 -2.8647 	 -1.0820 	 -0.4651 	 -0.7493 	 0.0108 	 0.0052 	 0.0112
3.2365 	 -2.8781 	 -1.2948 	 -2.8722 	 -1.0819 	 -0.4651 	 -0.7492 	 0.0107 	 0.0052 	 0.0111
3.2465 	 -2.8889 	 -1.2994 	 -2.8797 	 -1.0818 	 -0.4650 	 -0.7491 	 0.0107 	 0.0052 	 0.0110
3.2565 	 -2.8998 	 -1.3041 	 -2.8872 	 -1.0817 	 -0.4650 	 -0.7490 	 0.0106 	 0.0052 	 0.0110
3.2665 	 -2.9106 	 -1.3087 	 -2.8947 	 -1.0816 	 -0.4649 	 -0.7489 	 0.0106 	 0.0051 	 0.0109
3.2766 	 -2.9214 	 -1.3134 	 -2.9022 	 -1.0815 	 -0.4649 	 -0.7488 	 0.0100 	 0.0049 	 0.0104
3.2866 	 -2.9323 	 -1.3181 	 -2.9097 	 -1.0814 	 -0.4648 	 -0.7487 	 0.0100 	 0.0049 	 0.0104
3.2966 	 -2.9431 	 -1.3227 	 -2.9172 	 -1.0813 	 -0.4648 	 -0.7486 	 0.0099 	 0.0048 	 0.0103
3.3066 	 -2.9540 	 -1.3274 	 -2.9247 	 -1.0812 	 -0.4647 	 -0.7485 	 0.0099 	 0.0048 	 0.0102
3.3166 	 -2.9648 	 -1.3320 	 -2.9322 	 -1.0811 	 -0.4647 	 -0.7483 	 0.0098 	 0.0048 	 0.0102
3.3267 	 -2.9756 	 -1.3367 	 -2.9397 	 -1.0810 	 -0.4646 	 -0.7482 	 0.0098 	 0.0048 	 0.0101
3.3367 	 -2.9864 	 -1.3413 	 -2.9472 	 -1.0809 	 -0.4646 	 -0.7481 	 0.0098 	 0.0048 	 0.0101
3.3467 	 -2.9973 	 -1.3460 	 -2.9547 	 -1.0808 	 -0.4645 	 -0.7480 	 0.0097 	 0.0047 	 0.0100
3.3567 	 -3.0081 	 -1.3507 	 -2.9622 	 -1.0807 	 -0.4645 	 -0.7479 	 0.0097 	 0.0047 	 0.0099
3.3667 	 -3.0189 	 -1.3553 	 -2.9697 	 -1.0806 	 -0.4644 	 -0.7478 	 0.0096 	 0.0047 	 0.0099
3.3768 	 -3.0298 	 -1.3600 	 -2.9772 	 -1.0805 	 -0.4644 	 -0.7477 	 0.0096 	 0.0047 	 0.0098
3.3868 	 -3.0406 	 -1.3646 	 -2.9847 	 -1.0804 	 -0.4644 	 -0.7477 	 0.0095 	 0.0046 	 0.0098
3.3968 	 -3.0514 	 -1.3693 	 -2.9922 	 -1.0803 	 -0.4643 	 -0.7476 	 0.0095 	 0.0046 	 0.0097
3.4068 	 -3.0622 	 -1.3739 	 -2.9997 	 -1.0802 	 -0.4643 	 -0.7475 	 0.0095 	 0.0046 	 0.0096
3.4168 	 -3.0731 	 -1.3786 	 -3.0072 	 -1.0801 	 -0.4642 	 -0.7474 	 0.0094 	 0.0046 	 0.0096
3.4269 	 -3.0839 	 -1.3832 	 -3.0147 	 -1.0800 	 -0.4642 	 -0.7473 	 0.0094 	 0.0046 	 0.0095
3.4369 	 -3.0947 	 -1.3879 	 -3.0221 	 -1.0799 	 -0.4641 	 -0.7472 	 0.0093 	 0.0045 	 0.0095
3.4469 	 -3.1055 	 -1.3925 	 -3.0296 	 -1.0798 	 -0.4641 	 -0.7471 	 0.0093 	 0.0045 	 0.0094
3.4569 	 -3.1163 	 -1.3972 	 -3.0371 	 -1.0797 	 -0.4640 	 -0.7470 	 0.0093 	 0.0045 	 0.0094
3.4669 	 -3.1272 	 -1.4018 	 -3.0446 	 -1.0797 	 -0.4640 	 -0.7469 	 0.0092 	 0.0045 	 0.0093
3.4770 	 -3.1380 	 -1.4065 	 -3.0521 	 -1.0796 	 -0.4639 	 -0.7468 	 0.0092 	 0.0045 	 0.0093
3.4870 	 -3.1488 	 -1.4111 	 -3.0596 	 -1.0795 	 -0.4639 	 -0.7467 	 0.0091 	 0.0045 	 0.0092
3.4970 	 -3.1596 	 -1.4158 	 -3.0671 	 -1.0794 	 -0.4639 	 -0.7466 	 0.0091 	 0.0044 	 0.0092
3.5070 	 -3.1704 	 -1.4204 	 -3.0745 	 -1.0793 	 -0.4638 	 -0.7465 	 0.0091 	 0.0044 	 0.0091
3.5170 	 -3.1812 	 -1.4251 	 -3.0820 	 -1.0792 	 -0.4638 	 -0.7464 	 0.0090 	 0.0044 	 0.0091
3.5271 	 -3.1921 	 -1.4297 	 -3.0895 	 -1.0791 	 -0.4637 	 -0.7463 	 0.0090 	 0.0044 	 0.0090
3.5371 	 -3.2029 	 -1.4344 	 -3.0970 	 -1.0790 	 -0.4637 	 -0.7462 	 0.0089 	 0.0044 	 0.0090
3.5471 	 -3.2137 	 -1.4390 	 -3.1044 	 -1.0789 	 -0.4636 	 -0.7462 	 0.0089 	 0.0043 	 0.0089
3.5571 	 -3.2245 	 -1.4436 	 -3.1119 	 -1.0788 	 -0.4636 	 -0.7461 	 0.0089 	 0.0043 	 0.0089
3.5671 	 -3.2353 	 -1.4483 	 -3.1194 	 -1.0788 	 -0.4635 	 -0.7460 	 0.0088 	 0.0043 	 0.0088
3.5772 	 -3.2461 	 -1.4529 	 -3.1269 	 -1.0787 	 -0.4635 	 -0.7459 	 0.0088 	 0.0043 	 0.0088
3.5872 	 -3.2569 	 -1.4576 	 -3.1343 	 -1.0786 	 -0.4635 	 -0.7458 	 0.0088 	 0.0043 	 0.0087
3.5972 	 -3.2677 	 -1.4622 	 -3.1418 	 -1.0785 	 -0.4634 	 -0.7457 	 0.0087 	 0.0043 	 0.0087
3.6072 	 -3.2785 	 -1.4669 	 -3.1493 	 -1.0784 	 -0.4634 	 -0.7456 	 0.0087 	 0.0042 	 0.0086
3.6172 	 -3.2893 	 -1.4715 	 -3.1568 	 -1.0783 	 -0.4633 	 -0.7455 	 0.0087 	 0.0042 	 0.0086
3.6273 	 -3.3001 	 -1.4761 	 -3.1642 	 -1.0782 	 -0.4633 	 -0.7455 	 0.0086 	 0.0042 	 0.0085
3.6373 	 -3.3109 	 -1.4808 	 -3.1717 	 -1.0781 	 -0.4632 	 -0.7454 	 0.0086 	 0.0042 	 0.0085
3.6473 	 -3.3217 	 -1.4854 	 -3.1792 	 -1.0781 	 -0.4632 	 -0.7453 	 0.0086 	 0.0042 	 0.0084
3.6573 	 -3.3325 	 -1.4901 	 -3.1866 	 -1.0780 	 -0.4632 	 -0.7452 	 0.0085 	 0.0042 	 0.0084
3.6673 	 -3.3433 	 -1.4947 	 -3.1941 	 -1.0779 	 -0.4631 	 -0.7451 	 0.0085 	 0.0042 	 0.0084
3.6774 	 -3.3541 	 -1.4994 	 -3.2016 	 -1.0778 	 -0.4631 	 -0.7450 	 0.0085 	 0.0041 	 0.0083
3.6874 	 -3.3649 	 -1.5040 	 -3.2090 	 -1.0777 	 -0.4630 	 -0.7450 	 0.0084 	 0.0041 	 0.0083
3.6974 	 -3.3757 	 -1.5086 	 -3.2165 	 -1.0776 	 -0.4630 	 -0.7449 	 0.0084 	 0.0041 	 0.0082
3.7074 	 -3.3865 	 -1.5133 	 -3.2240 	 -1.0775 	 -0.4630 	 -0.7448 	 0.0084 	 0.0041 	 0.0082
3.7174 	 -3.3973 	 -1.5179 	 -3.2314 	 -1.0775 	 -0.4629 	 -0.7447 	 0.0083 	 0.0041 	 0.0081
3.7275 	 -3.4081 	 -1.5225 	 -3.2389 	 -1.0774 	 -0.4629 	 -0.7446 	 0.0083 	 0.0041 	 0.0081
3.7375 	 -3.4189 	 -1.5272 	 -3.2463 	 -1.0773 	 -0.4628 	 -0.7445 	 0.0083 	 0.0041 	 0.0081
3.7475 	 -3.4297 	 -1.5318 	 -3.2538 	 -1.0772 	 -0.4628 	 -0.7445 	 0.0082 	 0.0041 	 0.0080
3.7575 	 -3.4405 	 -1.5365 	 -3.2613 	 -1.0771 	 -0.4627 	 -0.7444 	 0.0082 	 0.0040 	 0.0080
3.7675 	 -3.4513 	 -1.5411 	 -3.2687 	 -1.0770 	 -0.4627 	 -0.7443 	 0.0082 	 0.0040 	 0.0079
3.7776 	 -3.4621 	 -1.5457 	 -3.2762 	 -1.0770 	 -0.4627 	 -0.7442 	 0.0082 	 0.0040 	 0.0079
3.7876 	 -3.4729 	 -1.5504 	 -3.2836 	 -1.0769 	 -0.4626 	 -0.7441 	 0.0081 	 0.0040 	 0.0079
3.7976 	 -3.4837 	 -1.5550 	 -3.2911 	 -1.0768 	 -0.4626 	 -0.7441 	 0.0081 	 0.0040 	 0.0078
3.8076 	 -3.4945 	 -1.5596 	 -3.2985 	 -1.0767 	 -0.4625 	 -0.7440 	 0.0081 	 0.0040 	 0.0078
3.8176 	 -3.5053 	 -1.5643 	 -3.3060 	 -1.0766 	 -0.4625 	 -0.7439 	 0.0080 	 0.0040 	 0.0077
3.8277 	 -3.5160 	 -1.5689 	 -3.3135 	 -1.0766 	 -0.4625 	 -0.7438 	 0.0080 	 0.0040 	 0.0077
3.8377 	 -3.5268 	 -1.5735 	 -3.3209 	 -1.0765 	 -0.4624 	 -0.7438 	 0.0080 	 0.0040 	 0.0077
3.8477 	 -3.5376 	 -1.5782 	 -3.3284 	 -1.0764 	 -0.4624 	 -0.7437 	 0.0080 	 0.0040 	 0.0076
3.8577 	 -3.5484 	 -1.5828 	 -3.3358 	 -1.0763 	 -0.4624 	 -0.7436 	 0.0079 	 0.0039 	 0.0076
3.8677 	 -3.5592 	 -1.5874 	 -3.3433 	 -1.0762 	 -0.4623 	 -0.7435 	 0.0079 	 0.0039 	 0.0075
3.8778 	 -3.5700 	 -1.5921 	 -3.3507 	 -1.0762 	 -0.4623 	 -0.7435 	 0.0079 	 0.0039 	 0.0075
3.8878 	 -3.5808 	 -1.5967 	 -3.3582 	 -1.0761 	 -0.4622 	 -0.7434 	 0.0079 	 0.0039 	 0.0075
3.8978 	 -3.5915 	 -1.6013 	 -3.3656 	 -1.0760 	 -0.4622 	 -0.7433 	 0.0078 	 0.0039 	 0.0074
3.9078 	 -3.6023 	 -1.6060 	 -3.3731 	 -1.0759 	 -0.4622 	 -0.7432 	 0.0078 	 0.0039 	 0.0074
3.9178 	 -3.6131 	 -1.6106 	 -3.3805 	 -1.0759 	 -0.4621 	 -0.7432 	 0.0078 	 0.0039 	 0.0074
3.9279 	 -3.6239 	 -1.6152 	 -3.3879 	 -1.0758 	 -0.4621 	 -0.7431 	 0.0078 	 0.0039 	 0.0073
3.9379 	 -3.6347 	 -1.6199 	 -3.3954 	 -1.0757 	 -0.4620 	 -0.7430 	 0.0077 	 0.0039 	 0.0073
3.9479 	 -3.6454 	 -1.6245 	 -3.4028 	 -1.0756 	 -0.4620 	 -0.7429 	 0.0077 	 0.0039 	 0.0073
3.9579 	 -3.6562 	 -1.6291 	 -3.4103 	 -1.0755 	 -0.4620 	 -0.7429 	 0.0077 	 0.0039 	 0.0072
3.9679 	 -3.6670 	 -1.6337 	 -3.4177 	 -1.0755 	 -0.4619 	 -0.7428 	 0.0077 	 0.0039 	 0.0072
3.9780 	 -3.6778 	 -1.6384 	 -3.4252 	 -1.0754 	 -0.4619 	 -0.7427 	 0.0076 	 0.0039 	 0.0072
3.9880 	 -3.6885 	 -1.6430 	 -3.4326 	 -1.0753 	 -0.4618 	 -0.7426 	 0.0076 	 0.0038 	 0.0071
3.9980 	 -3.6993 	 -1.6476 	 -3.4401 	 -1.0752 	 -0.4618 	 -0.7426 	 0.0076 	 0.0038 	 0.0071
4.0080 	 -3.7101 	 -1.6523 	 -3.4475 	 -1.0752 	 -0.4618 	 -0.7425 	 0.0076 	 0.0038 	 0.0071
4.0180 	 -3.7209 	 -1.6569 	 -3.4549 	 -1.0751 	 -0.4617 	 -0.7424 	 0.0075 	 0.0038 	 0.0070
4.0281 	 -3.7316 	 -1.6615 	 -3.4624 	 -1.0750 	 -0.4617 	 -0.7424 	 0.0075 	 0.0038 	 0.0070
4.0381 	 -3.7424 	 -1.6661 	 -3.4698 	 -1.0749 	 -0.4617 	 -0.7423 	 0.0075 	 0.0038 	 0.0069
4.0481 	 -3.7532 	 -1.6708 	 -3.4772 	 -1.0749 	 -0.4616 	 -0.7422 	 0.0075 	 0.0038 	 0.0069
4.0581 	 -3.7639 	 -1.6754 	 -3.4847 	 -1.0748 	 -0.4616 	 -0.7422 	 0.0075 	 0.0038 	 0.0069
4.0681 	 -3.7747 	 -1.6800 	 -3.4921 	 -1.0747 	 -0.4615 	 -0.7421 	 0.0074 	 0.0038 	 0.0068
4.0782 	 -3.7855 	 -1.6846 	 -3.4996 	 -1.0746 	 -0.4615 	 -0.7420 	 0.0074 	 0.0038 	 0.0068
4.0882 	 -3.7963 	 -1.6893 	 -3.5070 	 -1.0746 	 -0.4615 	 -0.7420 	 0.0074 	 0.0038 	 0.0068
4.0982 	 -3.8070 	 -1.6939 	 -3.5144 	 -1.0745 	 -0.4614 	 -0.7419 	 0.0074 	 0.0038 	 0.0067
4.1082 	 -3.8178 	 -1.6985 	 -3.5219 	 -1.0744 	 -0.4614 	 -0.7418 	 0.0074 	 0.0038 	 0.0067
4.1182 	 -3.8285 	 -1.7031 	 -3.5293 	 -1.0743 	 -0.4613 	 -0.7417 	 0.0073 	 0.0038 	 0.0067
4.1283 	 -3.8393 	 -1.7078 	 -3.5367 	 -1.0743 	 -0.4613 	 -0.7417 	 0.0073 	 0.0038 	 0.0067
4.1383 	 -3.8501 	 -1.7124 	 -3.5442 	 -1.0742 	 -0.4613 	 -0.7416 	 0.0073 	 0.0038 	 0.0066
4.1483 	 -3.8608 	 -1.7170 	 -3.5516 	 -1.0741 	 -0.4612 	 -0.7415 	 0.0073 	 0.0038 	 0.0066
4.1583 	 -3.8716 	 -1.7216 	 -3.5590 	 -1.0740 	 -0.4612 	 -0.7415 	 0.0073 	 0.0038 	 0.0066
4.1683 	 -3.8824 	 -1.7262 	 -3.5664 	 -1.0740 	 -0.4612 	 -0.7414 	 0.0073 	 0.0038 	 0.0065
4.1784 	 -3.8931 	 -1.7309 	 -3.5739 	 -1.0739 	 -0.4611 	 -0.7414 	 0.0072 	 0.0038 	 0.0065
4.1884 	 -3.9039 	 -1.7355 	 -3.5813 	 -1.0738 	 -0.4611 	 -0.7413 	 0.0072 	 0.0038 	 0.0065
4.1984 	 -3.9146 	 -1.7401 	 -3.5887 	 -1.0738 	 -0.4610 	 -0.7412 	 0.0072 	 0.0038 	 0.0064
4.2084 	 -3.9254 	 -1.7447 	 -3.5962 	 -1.0737 	 -0.4610 	 -0.7412 	 0.0072 	 0.0038 	 0.0064
4.2184 	 -3.9362 	 -1.7493 	 -3.6036 	 -1.0736 	 -0.4610 	 -0.7411 	 0.0072 	 0.0038 	 0.0064
4.2285 	 -3.9469 	 -1.7540 	 -3.6110 	 -1.0735 	 -0.4609 	 -0.7410 	 0.0072 	 0.0038 	 0.0063
4.2385 	 -3.9577 	 -1.7586 	 -3.6184 	 -1.0735 	 -0.4609 	 -0.7410 	 0.0071 	 0.0038 	 0.0063
4.2485 	 -3.9684 	 -1.7632 	 -3.6259 	 -1.0734 	 -0.4609 	 -0.7409 	 0.0071 	 0.0038 	 0.0063
4.2585 	 -3.9792 	 -1.7678 	 -3.6333 	 -1.0733 	 -0.4608 	 -0.7408 	 0.0071 	 0.0038 	 0.0062
4.2685 	 -3.9899 	 -1.7724 	 -3.6407 	 -1.0733 	 -0.4608 	 -0.7408 	 0.0071 	 0.0038 	 0.0062
4.2786 	 -4.0007 	 -1.7770 	 -3.6481 	 -1.0732 	 -0.4607 	 -0.7407 	 0.0071 	 0.0038 	 0.0062
4.2886 	 -4.0114 	 -1.7817 	 -3.6555 	 -1.0731 	 -0.4607 	 -0.7407 	 0.0071 	 0.0038 	 0.0061
4.2986 	 -4.0222 	 -1.7863 	 -3.6630 	 -1.0730 	 -0.4607 	 -0.7406 	 0.0070 	 0.0038 	 0.0061
4.3086 	 -4.0329 	 -1.7909 	 -3.6704 	 -1.0730 	 -0.4606 	 -0.7405 	 0.0070 	 0.0038 	 0.0061
4.3186 	 -4.0437 	 -1.7955 	 -3.6778 	 -1.0729 	 -0.4606 	 -0.7405 	 0.0070 	 0.0038 	 0.0060
4.3287 	 -4.0545 	 -1.8001 	 -3.6852 	 -1.0728 	 -0.4605 	 -0.7404 	 0.0070 	 0.0038 	 0.0060
4.3387 	 -4.0652 	 -1.8047 	 -3.6926 	 -1.0728 	 -0.4605 	 -0.7404 	 0.0070 	 0.0038 	 0.0060
4.3487 	 -4.0759 	 -1.8094 	 -3.7001 	 -1.0727 	 -0.4605 	 -0.7403 	 0.0070 	 0.0038 	 0.0059
4.3587 	 -4.0867 	 -1.8140 	 -3.7075 	 -1.0726 	 -0.4604 	 -0.7402 	 0.0070 	 0.0038 	 0.0059
4.3687 	 -4.0974 	 -1.8186 	 -3.7149 	 -1.0725 	 -0.4604 	 -0.7402 	 0.0069 	 0.0038 	 0.0059
4.3788 	 -4.1082 	 -1.8232 	 -3.7223 	 -1.0725 	 -0.4604 	 -0.7401 	 0.0069 	 0.0038 	 0.0058
4.3888 	 -4.1189 	 -1.8278 	 -3.7297 	 -1.0724 	 -0.4603 	 -0.7401 	 0.0069 	 0.0038 	 0.0058
4.3988 	 -4.1297 	 -1.8324 	 -3.7371 	 -1.0723 	 -0.4603 	 -0.7400 	 0.0069 	 0.0038 	 0.0058
4.4088 	 -4.1404 	 -1.8370 	 -3.7446 	 -1.0723 	 -0.4602 	 -0.7399 	 0.0069 	 0.0038 	 0.0057
4.4188 	 -4.1512 	 -1.8416 	 -3.7520 	 -1.0722 	 -0.4602 	 -0.7399 	 0.0069 	 0.0038 	 0.0057
4.4289 	 -4.1619 	 -1.8463 	 -3.7594 	 -1.0721 	 -0.4602 	 -0.7398 	 0.0069 	 0.0038 	 0.0057
4.4389 	 -4.1727 	 -1.8509 	 -3.7668 	 -1.0721 	 -0.4601 	 -0.7398 	 0.0068 	 0.0038 	 0.0056
4.4489 	 -4.1834 	 -1.8555 	 -3.7742 	 -1.0720 	 -0.4601 	 -0.7397 	 0.0068 	 0.0038 	 0.0056
4.4589 	 -4.1941 	 -1.8601 	 -3.7816 	 -1.0719 	 -0.4601 	 -0.7397 	 0.0068 	 0.0038 	 0.0056
4.4689 	 -4.2049 	 -1.8647 	 -3.7890 	 -1.0719 	 -0.4600 	 -0.7396 	 0.0068 	 0.0038 	 0.0055
4.4790 	 -4.2156 	 -1.8693 	 -3.7964 	 -1.0718 	 -0.4600 	 -0.7395 	 0.0068 	 0.0038 	 0.0055
4.4890 	 -4.2264 	 -1.8739 	 -3.8039 	 -1.0717 	 -0.4599 	 -0.7395 	 0.0068 	 0.0038 	 0.0055
4.4990 	 -4.2371 	 -1.8785 	 -3.8113 	 -1.0717 	 -0.4599 	 -0.7394 	 0.0068 	 0.0038 	 0.0054
4.5090 	 -4.2478 	 -1.8831 	 -3.8187 	 -1.0716 	 -0.4599 	 -0.7394 	 0.0068 	 0.0038 	 0.0054
4.5190 	 -4.2586 	 -1.8877 	 -3.8261 	 -1.0715 	 -0.4598 	 -0.7393 	 0.0067 	 0.0038 	 0.0054
4.5291 	 -4.2693 	 -1.8923 	 -3.8335 	 -1.0715 	 -0.4598 	 -0.7393 	 0.0067 	 0.0038 	 0.0053
4.5391 	 -4.2800 	 -1.8969 	 -3.8409 	 -1.0714 	 -0.4597 	 -0.7392 	 0.0067 	 0.0038 	 0.0053
4.5491 	 -4.2908 	 -1.9016 	 -3.8483 	 -1.0713 	 -0.4597 	 -0.7392 	 0.0067 	 0.0039 	 0.0052
4.5591 	 -4.3015 	 -1.9062 	 -3.8557 	 -1.0713 	 -0.4597 	 -0.7391 	 0.0067 	 0.0039 	 0.0052
4.5691 	 -4.3122 	 -1.9108 	 -3.8631 	 -1.0712 	 -0.4596 	 -0.7391 	 0.0067 	 0.0039 	 0.0052
4.5792 	 -4.3230 	 -1.9154 	 -3.8705 	 -1.0711 	 -0.4596 	 -0.7390 	 0.0067 	 0.0039 	 0.0051
4.5892 	 -4.3337 	 -1.9200 	 -3.8779 	 -1.0711 	 -0.4596 	 -0.7390 	 0.0066 	 0.0039 	 0.0051
4.5992 	 -4.3444 	 -1.9246 	 -3.8853 	 -1.0710 	 -0.4595 	 -0.7389 	 0.0066 	 0.0039 	 0.0051
4.6092 	 -4.3552 	 -1.9292 	 -3.8927 	 -1.0709 	 -0.4595 	 -0.7389 	 0.0066 	 0.0039 	 0.0050
4.6192 	 -4.3659 	 -1.9338 	 -3.9001 	 -1.0709 	 -0.4594 	 -0.7388 	 0.0066 	 0.0039 	 0.0050
4.6293 	 -4.3766 	 -1.9384 	 -3.9075 	 -1.0708 	 -0.4594 	 -0.7388 	 0.0066 	 0.0039 	 0.0050
4.6393 	 -4.3874 	 -1.9430 	 -3.9149 	 -1.0707 	 -0.4594 	 -0.7387 	 0.0066 	 0.0039 	 0.0049
4.6493 	 -4.3981 	 -1.9476 	 -3.9223 	 -1.0707 	 -0.4593 	 -0.7387 	 0.0066 	 0.0039 	 0.0049
4.6593 	 -4.4088 	 -1.9522 	 -3.9297 	 -1.0706 	 -0.4593 	 -0.7386 	 0.0065 	 0.0039 	 0.0048
4.6693 	 -4.4195 	 -1.9568 	 -3.9371 	 -1.0705 	 -0.4592 	 -0.7386 	 0.0065 	 0.0039 	 0.0048
4.6794 	 -4.4303 	 -1.9614 	 -3.9445 	 -1.0705 	 -0.4592 	 -0.7385 	 0.0065 	 0.0039 	 0.0048
4.6894 	 -4.4410 	 -1.9660 	 -3.9519 	 -1.0704 	 -0.4592 	 -0.7385 	 0.0065 	 0.0039 	 0.0047
4.6994 	 -4.4517 	 -1.9706 	 -3.9593 	 -1.0703 	 -0.4591 	 -0.7384 	 0.0065 	 0.0039 	 0.0047
4.7094 	 -4.4624 	 -1.9752 	 -3.9667 	 -1.0703 	 -0.4591 	 -0.7384 	 0.0065 	 0.0039 	 0.0047
4.7194 	 -4.4732 	 -1.9798 	 -3.9741 	 -1.0702 	 -0.4590 	 -0.7383 	 0.0065 	 0.0039 	 0.0046
4.7295 	 -4.4839 	 -1.9844 	 -3.9815 	 -1.0701 	 -0.4590 	 -0.7383 	 0.0064 	 0.0039 	 0.0046
4.7395 	 -4.4946 	 -1.9890 	 -3.9889 	 -1.0701 	 -0.4590 	 -0.7382 	 0.0064 	 0.0039 	 0.0045
4.7495 	 -4.5053 	 -1.9936 	 -3.9963 	 -1.0700 	 -0.4589 	 -0.7382 	 0.0064 	 0.0039 	 0.0045
4.7595 	 -4.5161 	 -1.9982 	 -4.0037 	 -1.0699 	 -0.4589 	 -0.7382 	 0.0064 	 0.0039 	 0.0045
4.7695 	 -4.5268 	 -2.0028 	 -4.0111 	 -1.0699 	 -0.4589 	 -0.7381 	 0.0064 	 0.0039 	 0.0044
4.7796 	 -4.5375 	 -2.0074 	 -4.0185 	 -1.0698 	 -0.4588 	 -0.7381 	 0.0064 	 0.0039 	 0.0044
4.7896 	 -4.5482 	 -2.0120 	 -4.0259 	 -1.0697 	 -0.4588 	 -0.7380 	 0.0063 	 0.0039 	 0.0043
4.7996 	 -4.5589 	 -2.0166 	 -4.0333 	 -1.0697 	 -0.4587 	 -0.7380 	 0.0063 	 0.0039 	 0.0043
4.8096 	 -4.5697 	 -2.0212 	 -4.0407 	 -1.0696 	 -0.4587 	 -0.7379 	 0.0063 	 0.0039 	 0.0043
4.8196 	 -4.5804 	 -2.0258 	 -4.0481 	 -1.0696 	 -0.4587 	 -0.7379 	 0.0063 	 0.0039 	 0.0042
4.8297 	 -4.5911 	 -2.0304 	 -4.0555 	 -1.0695 	 -0.4586 	 -0.7378 	 0.0063 	 0.0039 	 0.0042
4.8397 	 -4.6018 	 -2.0350 	 -4.0629 	 -1.0694 	 -0.4586 	 -0.7378 	 0.0062 	 0.0039 	 0.0041
4.8497 	 -4.6125 	 -2.0396 	 -4.0703 	 -1.0694 	 -0.4585 	 -0.7378 	 0.0062 	 0.0039 	 0.0041
4.8597 	 -4.6232 	 -2.0442 	 -4.0777 	 -1.0693 	 -0.4585 	 -0.7377 	 0.0062 	 0.0039 	 0.0041
4.8697 	 -4.6340 	 -2.0488 	 -4.0851 	 -1.0692 	 -0.4585 	 -0.7377 	 0.0062 	 0.0039 	 0.0040
4.8798 	 -4.6447 	 -2.0533 	 -4.0925 	 -1.0692 	 -0.4584 	 -0.7376 	 0.0062 	 0.0039 	 0.0040
4.8898 	 -4.6554 	 -2.0579 	 -4.0998 	 -1.0691 	 -0.4584 	 -0.7376 	 0.0061 	 0.0039 	 0.0040
4.8998 	 -4.6661 	 -2.0625 	 -4.1072 	 -1.0691 	 -0.4583 	 -0.7376 	 0.0061 	 0.0039 	 0.0039
4.9098 	 -4.6768 	 -2.0671 	 -4.1146 	 -1.0690 	 -0.4583 	 -0.7375 	 0.0061 	 0.0039 	 0.0039
4.9198 	 -4.6875 	 -2.0717 	 -4.1220 	 -1.0689 	 -0.4583 	 -0.7375 	 0.0061 	 0.0039 	 0.0038
4.9299 	 -4.6982 	 -2.0763 	 -4.1294 	 -1.0689 	 -0.4582 	 -0.7374 	 0.0061 	 0.0039 	 0.0038
4.9399 	 -4.7089 	 -2.0809 	 -4.1368 	 -1.0688 	 -0.4582 	 -0.7374 	 0.0060 	 0.0039 	 0.0038
4.9499 	 -4.7196 	 -2.0855 	 -4.1442 	 -1.0688 	 -0.4582 	 -0.7374 	 0.0060 	 0.0039 	 0.0037
4.9599 	 -4.7304 	 -2.0901 	 -4.1516 	 -1.0687 	 -0.4581 	 -0.7373 	 0.0060 	 0.0038 	 0.0037
4.9699 	 -4.7411 	 -2.0947 	 -4.1590 	 -1.0686 	 -0.4581 	 -0.7373 	 0.0060 	 0.0038 	 0.0036
4.9800 	 -4.7518 	 -2.0993 	 -4.1663 	 -1.0686 	 -0.4580 	 -0.7373 	 0.0060 	 0.0038 	 0.0036
4.9900 	 -4.7625 	 -2.1039 	 -4.1737 	 -1.0685 	 -0.4580 	 -0.7372 	 0.0059 	 0.0038 	 0.0036
