100-Body Run with i = 82 th particle. (Units in pc,M_solar,Myr, km s-1) 

time		 x 		 y 		 z 		 xdot 		 ydot 		 zdot 		 xddot 		 yddot 		 zddot
0.0000 	 -1.4345 	 0.2019 	 0.1920 	 -0.0202 	 -0.0144 	 -0.0133 	 0.1296 	 -0.0180 	 -0.0119
0.0100 	 -1.4347 	 0.2017 	 0.1918 	 -0.0189 	 -0.0146 	 -0.0135 	 0.1296 	 -0.0180 	 -0.0119
0.0200 	 -1.4349 	 0.2016 	 0.1917 	 -0.0176 	 -0.0148 	 -0.0136 	 0.1296 	 -0.0179 	 -0.0119
0.0301 	 -1.4351 	 0.2014 	 0.1916 	 -0.0163 	 -0.0150 	 -0.0137 	 0.1296 	 -0.0179 	 -0.0118
0.0401 	 -1.4352 	 0.2013 	 0.1914 	 -0.0150 	 -0.0151 	 -0.0138 	 0.1294 	 -0.0182 	 -0.0124
0.0501 	 -1.4354 	 0.2011 	 0.1913 	 -0.0138 	 -0.0153 	 -0.0140 	 0.1266 	 -0.0181 	 -0.0123
0.0601 	 -1.4355 	 0.2010 	 0.1912 	 -0.0125 	 -0.0155 	 -0.0141 	 0.1262 	 -0.0176 	 -0.0107
0.0701 	 -1.4356 	 0.2008 	 0.1910 	 -0.0112 	 -0.0157 	 -0.0142 	 0.1263 	 -0.0174 	 -0.0101
0.0802 	 -1.4357 	 0.2007 	 0.1909 	 -0.0100 	 -0.0159 	 -0.0143 	 0.1264 	 -0.0173 	 -0.0096
0.0902 	 -1.4358 	 0.2005 	 0.1907 	 -0.0087 	 -0.0160 	 -0.0144 	 0.1264 	 -0.0172 	 -0.0091
0.1002 	 -1.4359 	 0.2003 	 0.1906 	 -0.0074 	 -0.0162 	 -0.0145 	 0.1263 	 -0.0171 	 -0.0086
0.1102 	 -1.4360 	 0.2002 	 0.1904 	 -0.0062 	 -0.0164 	 -0.0145 	 0.1260 	 -0.0169 	 -0.0082
0.1202 	 -1.4360 	 0.2000 	 0.1903 	 -0.0049 	 -0.0165 	 -0.0146 	 0.1256 	 -0.0168 	 -0.0078
0.1303 	 -1.4361 	 0.1998 	 0.1901 	 -0.0037 	 -0.0167 	 -0.0147 	 0.1251 	 -0.0167 	 -0.0076
0.1403 	 -1.4361 	 0.1997 	 0.1900 	 -0.0024 	 -0.0169 	 -0.0148 	 0.1245 	 -0.0166 	 -0.0074
0.1503 	 -1.4361 	 0.1995 	 0.1899 	 -0.0012 	 -0.0170 	 -0.0148 	 0.1239 	 -0.0165 	 -0.0073
0.1603 	 -1.4361 	 0.1993 	 0.1897 	 0.0001 	 -0.0172 	 -0.0149 	 0.1231 	 -0.0165 	 -0.0072
0.1703 	 -1.4361 	 0.1992 	 0.1896 	 0.0013 	 -0.0174 	 -0.0150 	 0.1214 	 -0.0169 	 -0.0071
0.1804 	 -1.4361 	 0.1990 	 0.1894 	 0.0025 	 -0.0175 	 -0.0151 	 0.1195 	 -0.0169 	 -0.0071
0.1904 	 -1.4361 	 0.1988 	 0.1892 	 0.0037 	 -0.0177 	 -0.0151 	 0.1182 	 -0.0164 	 -0.0073
0.2004 	 -1.4360 	 0.1986 	 0.1891 	 0.0049 	 -0.0179 	 -0.0152 	 0.1174 	 -0.0161 	 -0.0076
0.2104 	 -1.4360 	 0.1985 	 0.1889 	 0.0061 	 -0.0180 	 -0.0153 	 0.1168 	 -0.0159 	 -0.0078
0.2204 	 -1.4359 	 0.1983 	 0.1888 	 0.0072 	 -0.0182 	 -0.0154 	 0.1163 	 -0.0157 	 -0.0079
0.2305 	 -1.4358 	 0.1981 	 0.1886 	 0.0084 	 -0.0183 	 -0.0154 	 0.1159 	 -0.0156 	 -0.0081
0.2405 	 -1.4357 	 0.1979 	 0.1885 	 0.0095 	 -0.0185 	 -0.0155 	 0.1156 	 -0.0155 	 -0.0082
0.2505 	 -1.4356 	 0.1977 	 0.1883 	 0.0107 	 -0.0187 	 -0.0156 	 0.1153 	 -0.0154 	 -0.0083
0.2605 	 -1.4355 	 0.1975 	 0.1882 	 0.0119 	 -0.0188 	 -0.0157 	 0.1150 	 -0.0154 	 -0.0084
0.2705 	 -1.4354 	 0.1973 	 0.1880 	 0.0130 	 -0.0190 	 -0.0158 	 0.1148 	 -0.0154 	 -0.0084
0.2806 	 -1.4353 	 0.1972 	 0.1879 	 0.0142 	 -0.0191 	 -0.0159 	 0.1146 	 -0.0153 	 -0.0085
0.2906 	 -1.4351 	 0.1970 	 0.1877 	 0.0153 	 -0.0193 	 -0.0159 	 0.1144 	 -0.0153 	 -0.0086
0.3006 	 -1.4349 	 0.1968 	 0.1875 	 0.0164 	 -0.0194 	 -0.0160 	 0.1142 	 -0.0153 	 -0.0086
0.3106 	 -1.4348 	 0.1966 	 0.1874 	 0.0176 	 -0.0196 	 -0.0161 	 0.1140 	 -0.0152 	 -0.0086
0.3206 	 -1.4346 	 0.1964 	 0.1872 	 0.0187 	 -0.0197 	 -0.0162 	 0.1139 	 -0.0152 	 -0.0087
0.3307 	 -1.4344 	 0.1962 	 0.1870 	 0.0199 	 -0.0199 	 -0.0163 	 0.1137 	 -0.0152 	 -0.0087
0.3407 	 -1.4342 	 0.1960 	 0.1869 	 0.0210 	 -0.0200 	 -0.0164 	 0.1136 	 -0.0152 	 -0.0087
0.3507 	 -1.4340 	 0.1958 	 0.1867 	 0.0221 	 -0.0202 	 -0.0165 	 0.1135 	 -0.0152 	 -0.0088
0.3607 	 -1.4337 	 0.1956 	 0.1866 	 0.0233 	 -0.0203 	 -0.0166 	 0.1134 	 -0.0152 	 -0.0088
0.3707 	 -1.4335 	 0.1954 	 0.1864 	 0.0244 	 -0.0205 	 -0.0166 	 0.1133 	 -0.0152 	 -0.0088
0.3808 	 -1.4333 	 0.1952 	 0.1862 	 0.0256 	 -0.0206 	 -0.0167 	 0.1133 	 -0.0151 	 -0.0088
0.3908 	 -1.4330 	 0.1950 	 0.1861 	 0.0267 	 -0.0208 	 -0.0168 	 0.1132 	 -0.0151 	 -0.0089
0.4008 	 -1.4327 	 0.1947 	 0.1859 	 0.0278 	 -0.0209 	 -0.0169 	 0.1132 	 -0.0151 	 -0.0089
0.4108 	 -1.4324 	 0.1945 	 0.1857 	 0.0290 	 -0.0211 	 -0.0170 	 0.1132 	 -0.0152 	 -0.0089
0.4208 	 -1.4321 	 0.1943 	 0.1855 	 0.0301 	 -0.0212 	 -0.0171 	 0.1131 	 -0.0152 	 -0.0089
0.4309 	 -1.4318 	 0.1941 	 0.1854 	 0.0312 	 -0.0214 	 -0.0172 	 0.1131 	 -0.0152 	 -0.0090
0.4409 	 -1.4315 	 0.1939 	 0.1852 	 0.0324 	 -0.0216 	 -0.0173 	 0.1132 	 -0.0152 	 -0.0090
0.4509 	 -1.4312 	 0.1937 	 0.1850 	 0.0335 	 -0.0217 	 -0.0174 	 0.1132 	 -0.0152 	 -0.0090
0.4609 	 -1.4308 	 0.1935 	 0.1849 	 0.0346 	 -0.0219 	 -0.0174 	 0.1132 	 -0.0152 	 -0.0091
0.4709 	 -1.4305 	 0.1932 	 0.1847 	 0.0358 	 -0.0220 	 -0.0175 	 0.1133 	 -0.0153 	 -0.0091
0.4810 	 -1.4301 	 0.1930 	 0.1845 	 0.0369 	 -0.0222 	 -0.0176 	 0.1134 	 -0.0153 	 -0.0091
0.4910 	 -1.4298 	 0.1928 	 0.1843 	 0.0380 	 -0.0223 	 -0.0177 	 0.1135 	 -0.0153 	 -0.0092
0.5010 	 -1.4294 	 0.1926 	 0.1841 	 0.0392 	 -0.0225 	 -0.0178 	 0.1136 	 -0.0154 	 -0.0092
0.5110 	 -1.4290 	 0.1923 	 0.1840 	 0.0403 	 -0.0226 	 -0.0179 	 0.1105 	 -0.0155 	 -0.0095
0.5210 	 -1.4286 	 0.1921 	 0.1838 	 0.0414 	 -0.0228 	 -0.0180 	 0.1104 	 -0.0151 	 -0.0095
0.5311 	 -1.4281 	 0.1919 	 0.1836 	 0.0425 	 -0.0229 	 -0.0181 	 0.1105 	 -0.0151 	 -0.0096
0.5411 	 -1.4277 	 0.1917 	 0.1834 	 0.0436 	 -0.0231 	 -0.0182 	 0.1107 	 -0.0152 	 -0.0097
0.5511 	 -1.4273 	 0.1914 	 0.1832 	 0.0447 	 -0.0232 	 -0.0183 	 0.1109 	 -0.0152 	 -0.0098
0.5611 	 -1.4268 	 0.1912 	 0.1831 	 0.0458 	 -0.0234 	 -0.0184 	 0.1112 	 -0.0153 	 -0.0099
0.5711 	 -1.4263 	 0.1910 	 0.1829 	 0.0470 	 -0.0235 	 -0.0185 	 0.1115 	 -0.0154 	 -0.0100
0.5812 	 -1.4259 	 0.1907 	 0.1827 	 0.0481 	 -0.0237 	 -0.0186 	 0.1118 	 -0.0155 	 -0.0101
0.5912 	 -1.4254 	 0.1905 	 0.1825 	 0.0492 	 -0.0238 	 -0.0187 	 0.1121 	 -0.0156 	 -0.0102
0.6012 	 -1.4249 	 0.1902 	 0.1823 	 0.0503 	 -0.0240 	 -0.0188 	 0.1125 	 -0.0157 	 -0.0104
0.6112 	 -1.4244 	 0.1900 	 0.1821 	 0.0515 	 -0.0242 	 -0.0189 	 0.1129 	 -0.0158 	 -0.0105
0.6212 	 -1.4239 	 0.1898 	 0.1819 	 0.0526 	 -0.0243 	 -0.0190 	 0.1133 	 -0.0159 	 -0.0107
0.6313 	 -1.4233 	 0.1895 	 0.1817 	 0.0537 	 -0.0245 	 -0.0191 	 0.1138 	 -0.0160 	 -0.0109
0.6413 	 -1.4228 	 0.1893 	 0.1815 	 0.0549 	 -0.0246 	 -0.0192 	 0.1144 	 -0.0162 	 -0.0112
0.6513 	 -1.4222 	 0.1890 	 0.1814 	 0.0560 	 -0.0248 	 -0.0193 	 0.1150 	 -0.0163 	 -0.0114
0.6613 	 -1.4217 	 0.1888 	 0.1812 	 0.0572 	 -0.0250 	 -0.0195 	 0.1157 	 -0.0165 	 -0.0117
0.6713 	 -1.4211 	 0.1885 	 0.1810 	 0.0583 	 -0.0251 	 -0.0196 	 0.1165 	 -0.0168 	 -0.0120
0.6814 	 -1.4205 	 0.1883 	 0.1808 	 0.0595 	 -0.0253 	 -0.0197 	 0.1179 	 -0.0162 	 -0.0123
0.6914 	 -1.4199 	 0.1880 	 0.1806 	 0.0607 	 -0.0254 	 -0.0198 	 0.1160 	 -0.0127 	 -0.0134
0.7014 	 -1.4193 	 0.1878 	 0.1804 	 0.0618 	 -0.0256 	 -0.0200 	 0.1152 	 -0.0165 	 -0.0144
0.7114 	 -1.4186 	 0.1875 	 0.1802 	 0.0630 	 -0.0258 	 -0.0201 	 0.1169 	 -0.0179 	 -0.0150
0.7214 	 -1.4180 	 0.1872 	 0.1800 	 0.0642 	 -0.0259 	 -0.0203 	 0.1188 	 -0.0188 	 -0.0158
0.7315 	 -1.4174 	 0.1870 	 0.1798 	 0.0654 	 -0.0261 	 -0.0204 	 0.1210 	 -0.0197 	 -0.0168
0.7415 	 -1.4167 	 0.1867 	 0.1796 	 0.0666 	 -0.0263 	 -0.0206 	 0.1237 	 -0.0207 	 -0.0181
0.7515 	 -1.4160 	 0.1864 	 0.1794 	 0.0679 	 -0.0266 	 -0.0208 	 0.1270 	 -0.0221 	 -0.0197
0.7615 	 -1.4153 	 0.1862 	 0.1791 	 0.0692 	 -0.0268 	 -0.0210 	 0.1313 	 -0.0240 	 -0.0220
0.7715 	 -1.4146 	 0.1859 	 0.1789 	 0.0705 	 -0.0270 	 -0.0212 	 0.1369 	 -0.0267 	 -0.0252
0.7816 	 -1.4139 	 0.1856 	 0.1787 	 0.0719 	 -0.0273 	 -0.0215 	 0.1444 	 -0.0307 	 -0.0297
0.7916 	 -1.4132 	 0.1854 	 0.1785 	 0.0734 	 -0.0277 	 -0.0218 	 0.1546 	 -0.0368 	 -0.0364
0.8016 	 -1.4125 	 0.1851 	 0.1783 	 0.0750 	 -0.0281 	 -0.0223 	 0.1690 	 -0.0469 	 -0.0470
0.8116 	 -1.4117 	 0.1848 	 0.1781 	 0.0768 	 -0.0286 	 -0.0228 	 0.1893 	 -0.0645 	 -0.0645
0.8216 	 -1.4109 	 0.1845 	 0.1778 	 0.0788 	 -0.0294 	 -0.0236 	 0.2176 	 -0.0975 	 -0.0955
0.8317 	 -1.4101 	 0.1842 	 0.1776 	 0.0812 	 -0.0307 	 -0.0248 	 0.2513 	 -0.1638 	 -0.1530
0.8417 	 -1.4093 	 0.1839 	 0.1773 	 0.0838 	 -0.0329 	 -0.0268 	 0.2597 	 -0.2972 	 -0.2565
0.8517 	 -1.4084 	 0.1835 	 0.1770 	 0.0859 	 -0.0369 	 -0.0300 	 0.1277 	 -0.4939 	 -0.3798
0.8617 	 -1.4076 	 0.1831 	 0.1767 	 0.0857 	 -0.0422 	 -0.0339 	 -0.1660 	 -0.5210 	 -0.3408
0.8717 	 -1.4067 	 0.1827 	 0.1764 	 0.0834 	 -0.0465 	 -0.0364 	 -0.2562 	 -0.3098 	 -0.1611
0.8818 	 -1.4059 	 0.1822 	 0.1760 	 0.0812 	 -0.0487 	 -0.0374 	 -0.1691 	 -0.1485 	 -0.0555
0.8918 	 -1.4051 	 0.1817 	 0.1756 	 0.0800 	 -0.0497 	 -0.0377 	 -0.0806 	 -0.0755 	 -0.0178
0.9018 	 -1.4043 	 0.1812 	 0.1752 	 0.0795 	 -0.0503 	 -0.0378 	 -0.0220 	 -0.0443 	 -0.0059
0.9118 	 -1.4035 	 0.1807 	 0.1749 	 0.0795 	 -0.0507 	 -0.0378 	 0.0147 	 -0.0302 	 -0.0026
0.9218 	 -1.4027 	 0.1802 	 0.1745 	 0.0797 	 -0.0509 	 -0.0379 	 0.0383 	 -0.0234 	 -0.0021
0.9319 	 -1.4019 	 0.1797 	 0.1741 	 0.0802 	 -0.0512 	 -0.0379 	 0.0540 	 -0.0198 	 -0.0025
0.9419 	 -1.4011 	 0.1792 	 0.1737 	 0.0808 	 -0.0513 	 -0.0379 	 0.0649 	 -0.0178 	 -0.0032
0.9519 	 -1.4003 	 0.1787 	 0.1733 	 0.0815 	 -0.0515 	 -0.0380 	 0.0728 	 -0.0167 	 -0.0040
0.9619 	 -1.3995 	 0.1782 	 0.1730 	 0.0822 	 -0.0517 	 -0.0380 	 0.0785 	 -0.0161 	 -0.0046
0.9719 	 -1.3986 	 0.1776 	 0.1726 	 0.0831 	 -0.0518 	 -0.0380 	 0.0829 	 -0.0157 	 -0.0052
0.9820 	 -1.3978 	 0.1771 	 0.1722 	 0.0839 	 -0.0520 	 -0.0381 	 0.0863 	 -0.0155 	 -0.0057
0.9920 	 -1.3969 	 0.1766 	 0.1718 	 0.0848 	 -0.0522 	 -0.0382 	 0.0890 	 -0.0154 	 -0.0062
1.0020 	 -1.3961 	 0.1761 	 0.1714 	 0.0857 	 -0.0523 	 -0.0382 	 0.0912 	 -0.0154 	 -0.0066
1.0120 	 -1.3952 	 0.1755 	 0.1710 	 0.0866 	 -0.0525 	 -0.0383 	 0.0930 	 -0.0154 	 -0.0069
1.0220 	 -1.3944 	 0.1750 	 0.1707 	 0.0876 	 -0.0526 	 -0.0384 	 0.0945 	 -0.0154 	 -0.0072
1.0321 	 -1.3935 	 0.1745 	 0.1703 	 0.0885 	 -0.0528 	 -0.0384 	 0.0960 	 -0.0155 	 -0.0074
1.0421 	 -1.3926 	 0.1740 	 0.1699 	 0.0895 	 -0.0529 	 -0.0385 	 0.0976 	 -0.0158 	 -0.0074
1.0521 	 -1.3917 	 0.1734 	 0.1695 	 0.0905 	 -0.0531 	 -0.0386 	 0.0997 	 -0.0162 	 -0.0073
1.0621 	 -1.3908 	 0.1729 	 0.1691 	 0.0915 	 -0.0533 	 -0.0387 	 0.1025 	 -0.0170 	 -0.0075
1.0721 	 -1.3899 	 0.1724 	 0.1687 	 0.0925 	 -0.0534 	 -0.0387 	 0.1066 	 -0.0186 	 -0.0087
1.0822 	 -1.3889 	 0.1718 	 0.1683 	 0.0936 	 -0.0536 	 -0.0388 	 0.1107 	 -0.0209 	 -0.0130
1.0922 	 -1.3880 	 0.1713 	 0.1680 	 0.0947 	 -0.0538 	 -0.0390 	 0.1094 	 -0.0218 	 -0.0193
1.1022 	 -1.3870 	 0.1707 	 0.1676 	 0.0958 	 -0.0541 	 -0.0392 	 0.1039 	 -0.0199 	 -0.0206
1.1122 	 -1.3861 	 0.1702 	 0.1672 	 0.0968 	 -0.0542 	 -0.0394 	 0.1006 	 -0.0180 	 -0.0181
1.1222 	 -1.3851 	 0.1697 	 0.1668 	 0.0978 	 -0.0544 	 -0.0396 	 0.0997 	 -0.0169 	 -0.0157
1.1323 	 -1.3841 	 0.1691 	 0.1664 	 0.0988 	 -0.0546 	 -0.0397 	 0.0997 	 -0.0164 	 -0.0141
1.1423 	 -1.3831 	 0.1686 	 0.1660 	 0.0998 	 -0.0548 	 -0.0399 	 0.1000 	 -0.0162 	 -0.0132
1.1523 	 -1.3821 	 0.1680 	 0.1656 	 0.1008 	 -0.0549 	 -0.0400 	 0.1003 	 -0.0161 	 -0.0126
1.1623 	 -1.3811 	 0.1675 	 0.1652 	 0.1018 	 -0.0551 	 -0.0401 	 0.1007 	 -0.0161 	 -0.0123
1.1723 	 -1.3801 	 0.1669 	 0.1648 	 0.1028 	 -0.0552 	 -0.0402 	 0.1011 	 -0.0161 	 -0.0121
1.1824 	 -1.3790 	 0.1664 	 0.1644 	 0.1039 	 -0.0554 	 -0.0404 	 0.1014 	 -0.0161 	 -0.0119
1.1924 	 -1.3780 	 0.1658 	 0.1640 	 0.1049 	 -0.0556 	 -0.0405 	 0.1018 	 -0.0161 	 -0.0118
1.2024 	 -1.3769 	 0.1652 	 0.1636 	 0.1059 	 -0.0557 	 -0.0406 	 0.1021 	 -0.0161 	 -0.0118
1.2124 	 -1.3759 	 0.1647 	 0.1632 	 0.1069 	 -0.0559 	 -0.0407 	 0.1024 	 -0.0162 	 -0.0117
1.2224 	 -1.3748 	 0.1641 	 0.1627 	 0.1079 	 -0.0560 	 -0.0408 	 0.1027 	 -0.0162 	 -0.0117
1.2325 	 -1.3737 	 0.1636 	 0.1623 	 0.1090 	 -0.0562 	 -0.0409 	 0.1029 	 -0.0162 	 -0.0117
1.2425 	 -1.3726 	 0.1630 	 0.1619 	 0.1100 	 -0.0564 	 -0.0411 	 0.1032 	 -0.0162 	 -0.0117
1.2525 	 -1.3715 	 0.1624 	 0.1615 	 0.1110 	 -0.0565 	 -0.0412 	 0.1035 	 -0.0162 	 -0.0117
1.2625 	 -1.3704 	 0.1619 	 0.1611 	 0.1121 	 -0.0567 	 -0.0413 	 0.1037 	 -0.0163 	 -0.0117
1.2725 	 -1.3692 	 0.1613 	 0.1607 	 0.1131 	 -0.0569 	 -0.0414 	 0.1040 	 -0.0163 	 -0.0117
1.2826 	 -1.3681 	 0.1607 	 0.1603 	 0.1142 	 -0.0570 	 -0.0415 	 0.1042 	 -0.0163 	 -0.0118
1.2926 	 -1.3669 	 0.1602 	 0.1599 	 0.1152 	 -0.0572 	 -0.0417 	 0.1045 	 -0.0163 	 -0.0118
1.3026 	 -1.3658 	 0.1596 	 0.1594 	 0.1163 	 -0.0573 	 -0.0418 	 0.1047 	 -0.0163 	 -0.0118
1.3126 	 -1.3646 	 0.1590 	 0.1590 	 0.1173 	 -0.0575 	 -0.0419 	 0.1050 	 -0.0163 	 -0.0118
1.3226 	 -1.3634 	 0.1584 	 0.1586 	 0.1184 	 -0.0577 	 -0.0420 	 0.1052 	 -0.0163 	 -0.0118
1.3327 	 -1.3622 	 0.1579 	 0.1582 	 0.1194 	 -0.0578 	 -0.0421 	 0.1055 	 -0.0163 	 -0.0118
1.3427 	 -1.3610 	 0.1573 	 0.1577 	 0.1205 	 -0.0580 	 -0.0422 	 0.1057 	 -0.0163 	 -0.0119
1.3527 	 -1.3598 	 0.1567 	 0.1573 	 0.1215 	 -0.0582 	 -0.0424 	 0.1060 	 -0.0163 	 -0.0119
1.3627 	 -1.3586 	 0.1561 	 0.1569 	 0.1226 	 -0.0583 	 -0.0425 	 0.1062 	 -0.0163 	 -0.0119
1.3727 	 -1.3574 	 0.1555 	 0.1565 	 0.1237 	 -0.0585 	 -0.0426 	 0.1064 	 -0.0162 	 -0.0119
1.3828 	 -1.3561 	 0.1549 	 0.1560 	 0.1247 	 -0.0587 	 -0.0427 	 0.1067 	 -0.0162 	 -0.0120
1.3928 	 -1.3549 	 0.1543 	 0.1556 	 0.1258 	 -0.0588 	 -0.0428 	 0.1069 	 -0.0162 	 -0.0120
1.4028 	 -1.3536 	 0.1538 	 0.1552 	 0.1269 	 -0.0590 	 -0.0430 	 0.1072 	 -0.0162 	 -0.0120
1.4128 	 -1.3523 	 0.1532 	 0.1548 	 0.1279 	 -0.0591 	 -0.0431 	 0.1074 	 -0.0162 	 -0.0120
1.4228 	 -1.3510 	 0.1526 	 0.1543 	 0.1290 	 -0.0593 	 -0.0432 	 0.1077 	 -0.0161 	 -0.0121
1.4329 	 -1.3497 	 0.1520 	 0.1539 	 0.1301 	 -0.0595 	 -0.0433 	 0.1079 	 -0.0161 	 -0.0121
1.4429 	 -1.3484 	 0.1514 	 0.1535 	 0.1312 	 -0.0596 	 -0.0434 	 0.1082 	 -0.0161 	 -0.0121
1.4529 	 -1.3471 	 0.1508 	 0.1530 	 0.1323 	 -0.0598 	 -0.0436 	 0.1085 	 -0.0161 	 -0.0121
1.4629 	 -1.3458 	 0.1502 	 0.1526 	 0.1334 	 -0.0599 	 -0.0437 	 0.1087 	 -0.0160 	 -0.0122
1.4729 	 -1.3444 	 0.1496 	 0.1521 	 0.1345 	 -0.0601 	 -0.0438 	 0.1090 	 -0.0160 	 -0.0122
1.4830 	 -1.3431 	 0.1490 	 0.1517 	 0.1355 	 -0.0603 	 -0.0439 	 0.1092 	 -0.0159 	 -0.0123
1.4930 	 -1.3417 	 0.1484 	 0.1513 	 0.1366 	 -0.0604 	 -0.0441 	 0.1095 	 -0.0159 	 -0.0123
1.5030 	 -1.3404 	 0.1478 	 0.1508 	 0.1377 	 -0.0606 	 -0.0442 	 0.1098 	 -0.0159 	 -0.0123
1.5130 	 -1.3390 	 0.1472 	 0.1504 	 0.1388 	 -0.0607 	 -0.0443 	 0.1100 	 -0.0158 	 -0.0124
1.5230 	 -1.3376 	 0.1465 	 0.1499 	 0.1399 	 -0.0609 	 -0.0444 	 0.1103 	 -0.0158 	 -0.0124
1.5331 	 -1.3362 	 0.1459 	 0.1495 	 0.1411 	 -0.0611 	 -0.0446 	 0.1106 	 -0.0157 	 -0.0125
1.5431 	 -1.3347 	 0.1453 	 0.1490 	 0.1422 	 -0.0612 	 -0.0447 	 0.1109 	 -0.0157 	 -0.0125
1.5531 	 -1.3333 	 0.1447 	 0.1486 	 0.1433 	 -0.0614 	 -0.0448 	 0.1111 	 -0.0156 	 -0.0126
1.5631 	 -1.3319 	 0.1441 	 0.1481 	 0.1444 	 -0.0615 	 -0.0449 	 0.1114 	 -0.0155 	 -0.0127
1.5731 	 -1.3304 	 0.1435 	 0.1477 	 0.1455 	 -0.0617 	 -0.0451 	 0.1117 	 -0.0155 	 -0.0127
1.5832 	 -1.3290 	 0.1429 	 0.1472 	 0.1466 	 -0.0618 	 -0.0452 	 0.1120 	 -0.0154 	 -0.0128
1.5932 	 -1.3275 	 0.1422 	 0.1468 	 0.1478 	 -0.0620 	 -0.0453 	 0.1122 	 -0.0154 	 -0.0129
1.6032 	 -1.3260 	 0.1416 	 0.1463 	 0.1489 	 -0.0621 	 -0.0454 	 0.1125 	 -0.0153 	 -0.0129
1.6132 	 -1.3245 	 0.1410 	 0.1459 	 0.1500 	 -0.0623 	 -0.0456 	 0.1128 	 -0.0152 	 -0.0130
1.6232 	 -1.3230 	 0.1404 	 0.1454 	 0.1511 	 -0.0625 	 -0.0457 	 0.1131 	 -0.0152 	 -0.0131
1.6333 	 -1.3215 	 0.1397 	 0.1450 	 0.1523 	 -0.0626 	 -0.0458 	 0.1134 	 -0.0151 	 -0.0132
1.6433 	 -1.3199 	 0.1391 	 0.1445 	 0.1534 	 -0.0628 	 -0.0460 	 0.1137 	 -0.0150 	 -0.0133
1.6533 	 -1.3184 	 0.1385 	 0.1440 	 0.1546 	 -0.0629 	 -0.0461 	 0.1140 	 -0.0149 	 -0.0133
1.6633 	 -1.3168 	 0.1379 	 0.1436 	 0.1557 	 -0.0631 	 -0.0462 	 0.1142 	 -0.0148 	 -0.0134
1.6733 	 -1.3153 	 0.1372 	 0.1431 	 0.1568 	 -0.0632 	 -0.0464 	 0.1145 	 -0.0148 	 -0.0135
1.6834 	 -1.3137 	 0.1366 	 0.1426 	 0.1580 	 -0.0633 	 -0.0465 	 0.1148 	 -0.0147 	 -0.0136
1.6934 	 -1.3121 	 0.1359 	 0.1422 	 0.1591 	 -0.0635 	 -0.0466 	 0.1151 	 -0.0146 	 -0.0137
1.7034 	 -1.3105 	 0.1353 	 0.1417 	 0.1603 	 -0.0636 	 -0.0468 	 0.1154 	 -0.0145 	 -0.0138
1.7134 	 -1.3089 	 0.1347 	 0.1412 	 0.1615 	 -0.0638 	 -0.0469 	 0.1157 	 -0.0144 	 -0.0140
1.7234 	 -1.3073 	 0.1340 	 0.1408 	 0.1626 	 -0.0639 	 -0.0471 	 0.1160 	 -0.0143 	 -0.0141
1.7335 	 -1.3056 	 0.1334 	 0.1403 	 0.1638 	 -0.0641 	 -0.0472 	 0.1164 	 -0.0143 	 -0.0142
1.7435 	 -1.3040 	 0.1327 	 0.1398 	 0.1649 	 -0.0642 	 -0.0473 	 0.1167 	 -0.0142 	 -0.0144
1.7535 	 -1.3023 	 0.1321 	 0.1394 	 0.1661 	 -0.0644 	 -0.0475 	 0.1171 	 -0.0141 	 -0.0145
1.7635 	 -1.3007 	 0.1315 	 0.1389 	 0.1673 	 -0.0645 	 -0.0476 	 0.1175 	 -0.0141 	 -0.0147
1.7735 	 -1.2990 	 0.1308 	 0.1384 	 0.1685 	 -0.0646 	 -0.0478 	 0.1179 	 -0.0140 	 -0.0149
1.7836 	 -1.2973 	 0.1302 	 0.1379 	 0.1697 	 -0.0648 	 -0.0479 	 0.1183 	 -0.0140 	 -0.0151
1.7936 	 -1.2956 	 0.1295 	 0.1374 	 0.1708 	 -0.0649 	 -0.0481 	 0.1188 	 -0.0140 	 -0.0153
1.8036 	 -1.2939 	 0.1289 	 0.1370 	 0.1720 	 -0.0651 	 -0.0482 	 0.1192 	 -0.0140 	 -0.0155
1.8136 	 -1.2921 	 0.1282 	 0.1365 	 0.1732 	 -0.0652 	 -0.0484 	 0.1197 	 -0.0140 	 -0.0158
1.8236 	 -1.2904 	 0.1276 	 0.1360 	 0.1744 	 -0.0653 	 -0.0486 	 0.1202 	 -0.0141 	 -0.0160
1.8337 	 -1.2886 	 0.1269 	 0.1355 	 0.1756 	 -0.0655 	 -0.0487 	 0.1206 	 -0.0142 	 -0.0164
1.8437 	 -1.2869 	 0.1262 	 0.1350 	 0.1769 	 -0.0656 	 -0.0489 	 0.1211 	 -0.0143 	 -0.0167
1.8537 	 -1.2851 	 0.1256 	 0.1345 	 0.1781 	 -0.0658 	 -0.0491 	 0.1215 	 -0.0144 	 -0.0171
1.8637 	 -1.2833 	 0.1249 	 0.1340 	 0.1793 	 -0.0659 	 -0.0492 	 0.1220 	 -0.0146 	 -0.0175
1.8737 	 -1.2815 	 0.1243 	 0.1335 	 0.1805 	 -0.0661 	 -0.0494 	 0.1223 	 -0.0147 	 -0.0180
1.8838 	 -1.2797 	 0.1236 	 0.1330 	 0.1817 	 -0.0662 	 -0.0496 	 0.1227 	 -0.0149 	 -0.0184
1.8938 	 -1.2779 	 0.1229 	 0.1325 	 0.1830 	 -0.0664 	 -0.0498 	 0.1229 	 -0.0152 	 -0.0189
1.9038 	 -1.2760 	 0.1223 	 0.1320 	 0.1842 	 -0.0665 	 -0.0500 	 0.1231 	 -0.0154 	 -0.0194
1.9138 	 -1.2742 	 0.1216 	 0.1315 	 0.1854 	 -0.0667 	 -0.0502 	 0.1232 	 -0.0156 	 -0.0199
1.9238 	 -1.2723 	 0.1209 	 0.1310 	 0.1867 	 -0.0668 	 -0.0504 	 0.1232 	 -0.0158 	 -0.0204
1.9339 	 -1.2704 	 0.1203 	 0.1305 	 0.1879 	 -0.0670 	 -0.0506 	 0.1232 	 -0.0159 	 -0.0209
1.9439 	 -1.2685 	 0.1196 	 0.1300 	 0.1891 	 -0.0671 	 -0.0508 	 0.1231 	 -0.0161 	 -0.0213
1.9539 	 -1.2666 	 0.1189 	 0.1295 	 0.1904 	 -0.0673 	 -0.0510 	 0.1229 	 -0.0161 	 -0.0217
1.9639 	 -1.2647 	 0.1182 	 0.1290 	 0.1916 	 -0.0675 	 -0.0512 	 0.1226 	 -0.0162 	 -0.0220
1.9739 	 -1.2628 	 0.1176 	 0.1285 	 0.1928 	 -0.0676 	 -0.0514 	 0.1224 	 -0.0161 	 -0.0222
1.9840 	 -1.2609 	 0.1169 	 0.1280 	 0.1940 	 -0.0678 	 -0.0517 	 0.1197 	 -0.0159 	 -0.0199
1.9940 	 -1.2589 	 0.1162 	 0.1274 	 0.1952 	 -0.0680 	 -0.0519 	 0.1194 	 -0.0158 	 -0.0200
2.0040 	 -1.2569 	 0.1155 	 0.1269 	 0.1964 	 -0.0681 	 -0.0521 	 0.1192 	 -0.0156 	 -0.0201
2.0140 	 -1.2550 	 0.1148 	 0.1264 	 0.1976 	 -0.0683 	 -0.0523 	 0.1189 	 -0.0154 	 -0.0201
2.0240 	 -1.2530 	 0.1142 	 0.1259 	 0.1988 	 -0.0684 	 -0.0525 	 0.1188 	 -0.0152 	 -0.0200
2.0341 	 -1.2510 	 0.1135 	 0.1253 	 0.2000 	 -0.0686 	 -0.0527 	 0.1186 	 -0.0150 	 -0.0200
2.0441 	 -1.2490 	 0.1128 	 0.1248 	 0.2012 	 -0.0687 	 -0.0529 	 0.1185 	 -0.0148 	 -0.0199
2.0541 	 -1.2470 	 0.1121 	 0.1243 	 0.2024 	 -0.0689 	 -0.0531 	 0.1185 	 -0.0146 	 -0.0197
2.0641 	 -1.2449 	 0.1114 	 0.1238 	 0.2036 	 -0.0690 	 -0.0533 	 0.1185 	 -0.0144 	 -0.0196
2.0741 	 -1.2429 	 0.1107 	 0.1232 	 0.2048 	 -0.0692 	 -0.0535 	 0.1185 	 -0.0142 	 -0.0195
2.0842 	 -1.2408 	 0.1100 	 0.1227 	 0.2060 	 -0.0693 	 -0.0537 	 0.1186 	 -0.0140 	 -0.0194
2.0942 	 -1.2387 	 0.1093 	 0.1221 	 0.2071 	 -0.0694 	 -0.0538 	 0.1187 	 -0.0139 	 -0.0193
2.1042 	 -1.2367 	 0.1086 	 0.1216 	 0.2083 	 -0.0696 	 -0.0540 	 0.1189 	 -0.0137 	 -0.0191
2.1142 	 -1.2346 	 0.1079 	 0.1211 	 0.2095 	 -0.0697 	 -0.0542 	 0.1190 	 -0.0136 	 -0.0190
2.1242 	 -1.2325 	 0.1072 	 0.1205 	 0.2107 	 -0.0698 	 -0.0544 	 0.1192 	 -0.0135 	 -0.0189
2.1343 	 -1.2304 	 0.1065 	 0.1200 	 0.2119 	 -0.0700 	 -0.0546 	 0.1195 	 -0.0134 	 -0.0188
2.1443 	 -1.2282 	 0.1058 	 0.1194 	 0.2131 	 -0.0701 	 -0.0548 	 0.1197 	 -0.0134 	 -0.0187
2.1543 	 -1.2261 	 0.1051 	 0.1189 	 0.2143 	 -0.0703 	 -0.0550 	 0.1200 	 -0.0133 	 -0.0187
2.1643 	 -1.2239 	 0.1044 	 0.1183 	 0.2155 	 -0.0704 	 -0.0552 	 0.1203 	 -0.0133 	 -0.0186
2.1743 	 -1.2218 	 0.1037 	 0.1178 	 0.2167 	 -0.0705 	 -0.0554 	 0.1206 	 -0.0133 	 -0.0185
2.1844 	 -1.2196 	 0.1030 	 0.1172 	 0.2179 	 -0.0707 	 -0.0555 	 0.1210 	 -0.0133 	 -0.0185
2.1944 	 -1.2174 	 0.1023 	 0.1167 	 0.2191 	 -0.0708 	 -0.0557 	 0.1213 	 -0.0133 	 -0.0184
2.2044 	 -1.2152 	 0.1016 	 0.1161 	 0.2204 	 -0.0709 	 -0.0559 	 0.1217 	 -0.0134 	 -0.0184
2.2144 	 -1.2130 	 0.1009 	 0.1155 	 0.2216 	 -0.0711 	 -0.0561 	 0.1221 	 -0.0134 	 -0.0183
2.2244 	 -1.2108 	 0.1002 	 0.1150 	 0.2228 	 -0.0712 	 -0.0563 	 0.1225 	 -0.0135 	 -0.0183
2.2345 	 -1.2085 	 0.0995 	 0.1144 	 0.2240 	 -0.0713 	 -0.0565 	 0.1230 	 -0.0136 	 -0.0182
2.2445 	 -1.2063 	 0.0987 	 0.1138 	 0.2253 	 -0.0715 	 -0.0566 	 0.1234 	 -0.0137 	 -0.0182
2.2545 	 -1.2040 	 0.0980 	 0.1133 	 0.2265 	 -0.0716 	 -0.0568 	 0.1239 	 -0.0138 	 -0.0182
2.2645 	 -1.2017 	 0.0973 	 0.1127 	 0.2278 	 -0.0717 	 -0.0570 	 0.1244 	 -0.0139 	 -0.0181
2.2745 	 -1.1994 	 0.0966 	 0.1121 	 0.2290 	 -0.0719 	 -0.0572 	 0.1249 	 -0.0140 	 -0.0181
2.2846 	 -1.1971 	 0.0959 	 0.1116 	 0.2303 	 -0.0720 	 -0.0574 	 0.1255 	 -0.0142 	 -0.0181
2.2946 	 -1.1948 	 0.0951 	 0.1110 	 0.2315 	 -0.0722 	 -0.0576 	 0.1260 	 -0.0143 	 -0.0181
2.3046 	 -1.1925 	 0.0944 	 0.1104 	 0.2328 	 -0.0723 	 -0.0577 	 0.1266 	 -0.0145 	 -0.0180
2.3146 	 -1.1902 	 0.0937 	 0.1098 	 0.2341 	 -0.0724 	 -0.0579 	 0.1272 	 -0.0147 	 -0.0180
2.3246 	 -1.1878 	 0.0930 	 0.1092 	 0.2353 	 -0.0726 	 -0.0581 	 0.1279 	 -0.0149 	 -0.0180
2.3347 	 -1.1854 	 0.0922 	 0.1087 	 0.2366 	 -0.0727 	 -0.0583 	 0.1285 	 -0.0151 	 -0.0180
2.3447 	 -1.1831 	 0.0915 	 0.1081 	 0.2379 	 -0.0729 	 -0.0585 	 0.1292 	 -0.0154 	 -0.0180
2.3547 	 -1.1807 	 0.0908 	 0.1075 	 0.2392 	 -0.0731 	 -0.0586 	 0.1299 	 -0.0156 	 -0.0180
2.3647 	 -1.1783 	 0.0900 	 0.1069 	 0.2405 	 -0.0732 	 -0.0588 	 0.1306 	 -0.0159 	 -0.0179
2.3747 	 -1.1759 	 0.0893 	 0.1063 	 0.2418 	 -0.0734 	 -0.0590 	 0.1314 	 -0.0162 	 -0.0179
2.3848 	 -1.1734 	 0.0886 	 0.1057 	 0.2432 	 -0.0735 	 -0.0592 	 0.1322 	 -0.0165 	 -0.0179
2.3948 	 -1.1710 	 0.0878 	 0.1051 	 0.2445 	 -0.0737 	 -0.0594 	 0.1330 	 -0.0168 	 -0.0179
2.4048 	 -1.1685 	 0.0871 	 0.1045 	 0.2458 	 -0.0739 	 -0.0595 	 0.1338 	 -0.0171 	 -0.0179
2.4148 	 -1.1661 	 0.0864 	 0.1039 	 0.2472 	 -0.0740 	 -0.0597 	 0.1347 	 -0.0175 	 -0.0179
2.4248 	 -1.1636 	 0.0856 	 0.1033 	 0.2485 	 -0.0742 	 -0.0599 	 0.1356 	 -0.0179 	 -0.0179
2.4349 	 -1.1611 	 0.0849 	 0.1027 	 0.2499 	 -0.0744 	 -0.0601 	 0.1365 	 -0.0183 	 -0.0179
2.4449 	 -1.1586 	 0.0841 	 0.1021 	 0.2513 	 -0.0746 	 -0.0602 	 0.1375 	 -0.0188 	 -0.0178
2.4549 	 -1.1560 	 0.0834 	 0.1015 	 0.2526 	 -0.0748 	 -0.0604 	 0.1385 	 -0.0192 	 -0.0178
2.4649 	 -1.1535 	 0.0826 	 0.1009 	 0.2540 	 -0.0750 	 -0.0606 	 0.1396 	 -0.0198 	 -0.0178
2.4749 	 -1.1509 	 0.0819 	 0.1003 	 0.2554 	 -0.0752 	 -0.0608 	 0.1407 	 -0.0203 	 -0.0178
2.4850 	 -1.1484 	 0.0811 	 0.0997 	 0.2568 	 -0.0754 	 -0.0610 	 0.1418 	 -0.0209 	 -0.0179
2.4950 	 -1.1458 	 0.0804 	 0.0991 	 0.2583 	 -0.0756 	 -0.0611 	 0.1430 	 -0.0215 	 -0.0179
2.5050 	 -1.1432 	 0.0796 	 0.0985 	 0.2597 	 -0.0758 	 -0.0613 	 0.1442 	 -0.0222 	 -0.0179
2.5150 	 -1.1406 	 0.0788 	 0.0979 	 0.2612 	 -0.0760 	 -0.0615 	 0.1454 	 -0.0229 	 -0.0180
2.5251 	 -1.1380 	 0.0781 	 0.0972 	 0.2626 	 -0.0763 	 -0.0617 	 0.1468 	 -0.0237 	 -0.0180
2.5351 	 -1.1353 	 0.0773 	 0.0966 	 0.2641 	 -0.0765 	 -0.0619 	 0.1481 	 -0.0246 	 -0.0181
2.5451 	 -1.1327 	 0.0765 	 0.0960 	 0.2656 	 -0.0768 	 -0.0620 	 0.1495 	 -0.0255 	 -0.0182
2.5551 	 -1.1300 	 0.0758 	 0.0954 	 0.2671 	 -0.0770 	 -0.0622 	 0.1509 	 -0.0265 	 -0.0184
2.5651 	 -1.1273 	 0.0750 	 0.0948 	 0.2686 	 -0.0773 	 -0.0624 	 0.1524 	 -0.0276 	 -0.0186
2.5752 	 -1.1246 	 0.0742 	 0.0941 	 0.2702 	 -0.0776 	 -0.0626 	 0.1539 	 -0.0287 	 -0.0188
2.5852 	 -1.1219 	 0.0734 	 0.0935 	 0.2717 	 -0.0779 	 -0.0628 	 0.1554 	 -0.0299 	 -0.0191
2.5952 	 -1.1192 	 0.0727 	 0.0929 	 0.2733 	 -0.0782 	 -0.0630 	 0.1570 	 -0.0312 	 -0.0194
2.6052 	 -1.1164 	 0.0719 	 0.0922 	 0.2749 	 -0.0785 	 -0.0632 	 0.1586 	 -0.0326 	 -0.0199
2.6152 	 -1.1137 	 0.0711 	 0.0916 	 0.2764 	 -0.0788 	 -0.0634 	 0.1601 	 -0.0341 	 -0.0204
2.6253 	 -1.1109 	 0.0703 	 0.0910 	 0.2781 	 -0.0792 	 -0.0636 	 0.1617 	 -0.0357 	 -0.0210
2.6353 	 -1.1081 	 0.0695 	 0.0903 	 0.2797 	 -0.0796 	 -0.0638 	 0.1632 	 -0.0373 	 -0.0217
2.6453 	 -1.1053 	 0.0687 	 0.0897 	 0.2813 	 -0.0799 	 -0.0640 	 0.1646 	 -0.0390 	 -0.0225
2.6553 	 -1.1025 	 0.0679 	 0.0890 	 0.2830 	 -0.0803 	 -0.0643 	 0.1660 	 -0.0408 	 -0.0235
2.6653 	 -1.0996 	 0.0671 	 0.0884 	 0.2847 	 -0.0808 	 -0.0645 	 0.1672 	 -0.0425 	 -0.0246
2.6754 	 -1.0968 	 0.0663 	 0.0878 	 0.2863 	 -0.0812 	 -0.0647 	 0.1684 	 -0.0443 	 -0.0257
2.6854 	 -1.0939 	 0.0655 	 0.0871 	 0.2880 	 -0.0816 	 -0.0650 	 0.1693 	 -0.0460 	 -0.0270
2.6954 	 -1.0910 	 0.0646 	 0.0865 	 0.2897 	 -0.0821 	 -0.0653 	 0.1702 	 -0.0476 	 -0.0283
2.7054 	 -1.0881 	 0.0638 	 0.0858 	 0.2914 	 -0.0826 	 -0.0656 	 0.1708 	 -0.0491 	 -0.0298
2.7154 	 -1.0851 	 0.0630 	 0.0851 	 0.2932 	 -0.0831 	 -0.0659 	 0.1713 	 -0.0505 	 -0.0312
2.7255 	 -1.0822 	 0.0622 	 0.0845 	 0.2949 	 -0.0836 	 -0.0662 	 0.1717 	 -0.0517 	 -0.0327
2.7355 	 -1.0792 	 0.0613 	 0.0838 	 0.2966 	 -0.0841 	 -0.0665 	 0.1719 	 -0.0527 	 -0.0341
2.7455 	 -1.0763 	 0.0605 	 0.0831 	 0.2983 	 -0.0847 	 -0.0669 	 0.1720 	 -0.0536 	 -0.0355
2.7555 	 -1.0733 	 0.0596 	 0.0825 	 0.3000 	 -0.0852 	 -0.0673 	 0.1721 	 -0.0542 	 -0.0369
2.7655 	 -1.0702 	 0.0588 	 0.0818 	 0.3018 	 -0.0857 	 -0.0676 	 0.1721 	 -0.0547 	 -0.0381
2.7756 	 -1.0672 	 0.0579 	 0.0811 	 0.3035 	 -0.0863 	 -0.0680 	 0.1722 	 -0.0551 	 -0.0392
2.7856 	 -1.0642 	 0.0570 	 0.0804 	 0.3052 	 -0.0868 	 -0.0684 	 0.1723 	 -0.0553 	 -0.0403
2.7956 	 -1.0611 	 0.0562 	 0.0797 	 0.3069 	 -0.0874 	 -0.0688 	 0.1724 	 -0.0555 	 -0.0412
2.8056 	 -1.0580 	 0.0553 	 0.0791 	 0.3087 	 -0.0880 	 -0.0692 	 0.1727 	 -0.0556 	 -0.0420
2.8156 	 -1.0549 	 0.0544 	 0.0784 	 0.3104 	 -0.0885 	 -0.0697 	 0.1730 	 -0.0557 	 -0.0428
2.8257 	 -1.0518 	 0.0535 	 0.0777 	 0.3121 	 -0.0891 	 -0.0701 	 0.1735 	 -0.0558 	 -0.0436
2.8357 	 -1.0487 	 0.0526 	 0.0770 	 0.3139 	 -0.0896 	 -0.0705 	 0.1740 	 -0.0560 	 -0.0443
2.8457 	 -1.0455 	 0.0517 	 0.0762 	 0.3156 	 -0.0902 	 -0.0710 	 0.1747 	 -0.0562 	 -0.0451
2.8557 	 -1.0423 	 0.0508 	 0.0755 	 0.3174 	 -0.0908 	 -0.0714 	 0.1756 	 -0.0565 	 -0.0459
2.8657 	 -1.0391 	 0.0499 	 0.0748 	 0.3191 	 -0.0913 	 -0.0719 	 0.1765 	 -0.0569 	 -0.0468
2.8758 	 -1.0359 	 0.0490 	 0.0741 	 0.3209 	 -0.0919 	 -0.0724 	 0.1775 	 -0.0574 	 -0.0477
2.8858 	 -1.0327 	 0.0480 	 0.0734 	 0.3227 	 -0.0925 	 -0.0729 	 0.1786 	 -0.0581 	 -0.0488
2.8958 	 -1.0295 	 0.0471 	 0.0726 	 0.3245 	 -0.0931 	 -0.0734 	 0.1798 	 -0.0589 	 -0.0500
2.9058 	 -1.0262 	 0.0462 	 0.0719 	 0.3263 	 -0.0937 	 -0.0739 	 0.1810 	 -0.0598 	 -0.0513
2.9158 	 -1.0229 	 0.0452 	 0.0711 	 0.3281 	 -0.0943 	 -0.0744 	 0.1824 	 -0.0609 	 -0.0528
2.9259 	 -1.0196 	 0.0443 	 0.0704 	 0.3300 	 -0.0949 	 -0.0749 	 0.1837 	 -0.0622 	 -0.0546
2.9359 	 -1.0163 	 0.0433 	 0.0696 	 0.3318 	 -0.0955 	 -0.0755 	 0.1851 	 -0.0637 	 -0.0565
2.9459 	 -1.0130 	 0.0424 	 0.0689 	 0.3337 	 -0.0962 	 -0.0761 	 0.1865 	 -0.0654 	 -0.0586
2.9559 	 -1.0096 	 0.0414 	 0.0681 	 0.3355 	 -0.0968 	 -0.0767 	 0.1879 	 -0.0673 	 -0.0611
2.9659 	 -1.0063 	 0.0404 	 0.0674 	 0.3374 	 -0.0975 	 -0.0773 	 0.1893 	 -0.0695 	 -0.0637
2.9760 	 -1.0029 	 0.0395 	 0.0666 	 0.3393 	 -0.0982 	 -0.0779 	 0.1906 	 -0.0720 	 -0.0667
2.9860 	 -0.9995 	 0.0385 	 0.0658 	 0.3413 	 -0.0990 	 -0.0786 	 0.1918 	 -0.0748 	 -0.0700
2.9960 	 -0.9960 	 0.0375 	 0.0650 	 0.3432 	 -0.0997 	 -0.0793 	 0.1929 	 -0.0779 	 -0.0735
3.0060 	 -0.9926 	 0.0365 	 0.0642 	 0.3451 	 -0.1005 	 -0.0801 	 0.1937 	 -0.0814 	 -0.0774
3.0160 	 -0.9891 	 0.0355 	 0.0634 	 0.3471 	 -0.1014 	 -0.0809 	 0.1944 	 -0.0853 	 -0.0816
3.0261 	 -0.9856 	 0.0344 	 0.0626 	 0.3490 	 -0.1022 	 -0.0817 	 0.1946 	 -0.0896 	 -0.0861
3.0361 	 -0.9821 	 0.0334 	 0.0618 	 0.3510 	 -0.1031 	 -0.0826 	 0.1945 	 -0.0944 	 -0.0909
3.0461 	 -0.9786 	 0.0324 	 0.0609 	 0.3529 	 -0.1041 	 -0.0835 	 0.1937 	 -0.0996 	 -0.0959
3.0561 	 -0.9750 	 0.0313 	 0.0601 	 0.3548 	 -0.1051 	 -0.0845 	 0.1924 	 -0.1053 	 -0.1011
3.0661 	 -0.9715 	 0.0303 	 0.0592 	 0.3568 	 -0.1062 	 -0.0856 	 0.1902 	 -0.1114 	 -0.1063
3.0762 	 -0.9679 	 0.0292 	 0.0584 	 0.3587 	 -0.1074 	 -0.0867 	 0.1872 	 -0.1179 	 -0.1115
3.0862 	 -0.9643 	 0.0281 	 0.0575 	 0.3605 	 -0.1086 	 -0.0878 	 0.1831 	 -0.1246 	 -0.1164
3.0962 	 -0.9607 	 0.0270 	 0.0566 	 0.3623 	 -0.1099 	 -0.0890 	 0.1780 	 -0.1315 	 -0.1209
3.1062 	 -0.9570 	 0.0259 	 0.0557 	 0.3641 	 -0.1112 	 -0.0902 	 0.1717 	 -0.1383 	 -0.1247
3.1162 	 -0.9534 	 0.0248 	 0.0548 	 0.3658 	 -0.1126 	 -0.0915 	 0.1642 	 -0.1448 	 -0.1277
3.1263 	 -0.9497 	 0.0237 	 0.0539 	 0.3674 	 -0.1141 	 -0.0928 	 0.1557 	 -0.1507 	 -0.1294
3.1363 	 -0.9460 	 0.0225 	 0.0529 	 0.3689 	 -0.1157 	 -0.0941 	 0.1464 	 -0.1558 	 -0.1299
3.1463 	 -0.9423 	 0.0213 	 0.0520 	 0.3703 	 -0.1172 	 -0.0954 	 0.1365 	 -0.1598 	 -0.1289
3.1563 	 -0.9386 	 0.0202 	 0.0510 	 0.3716 	 -0.1189 	 -0.0967 	 0.1263 	 -0.1624 	 -0.1262
3.1663 	 -0.9349 	 0.0190 	 0.0501 	 0.3728 	 -0.1205 	 -0.0979 	 0.1164 	 -0.1634 	 -0.1221
3.1764 	 -0.9311 	 0.0177 	 0.0491 	 0.3739 	 -0.1221 	 -0.0991 	 0.1069 	 -0.1629 	 -0.1165
3.1864 	 -0.9274 	 0.0165 	 0.0481 	 0.3750 	 -0.1238 	 -0.1002 	 0.0985 	 -0.1606 	 -0.1097
3.1964 	 -0.9236 	 0.0153 	 0.0471 	 0.3759 	 -0.1253 	 -0.1013 	 0.0913 	 -0.1569 	 -0.1020
3.2064 	 -0.9198 	 0.0140 	 0.0460 	 0.3768 	 -0.1269 	 -0.1023 	 0.0857 	 -0.1519 	 -0.0937
3.2164 	 -0.9161 	 0.0127 	 0.0450 	 0.3776 	 -0.1284 	 -0.1032 	 0.0816 	 -0.1458 	 -0.0851
3.2265 	 -0.9123 	 0.0114 	 0.0440 	 0.3784 	 -0.1298 	 -0.1040 	 0.0791 	 -0.1389 	 -0.0766
3.2365 	 -0.9085 	 0.0101 	 0.0429 	 0.3792 	 -0.1312 	 -0.1047 	 0.0782 	 -0.1316 	 -0.0684
3.2465 	 -0.9047 	 0.0088 	 0.0419 	 0.3800 	 -0.1324 	 -0.1054 	 0.0786 	 -0.1240 	 -0.0607
3.2565 	 -0.9009 	 0.0075 	 0.0408 	 0.3808 	 -0.1337 	 -0.1059 	 0.0801 	 -0.1163 	 -0.0535
3.2665 	 -0.8970 	 0.0061 	 0.0397 	 0.3816 	 -0.1348 	 -0.1064 	 0.0826 	 -0.1089 	 -0.0471
3.2766 	 -0.8932 	 0.0048 	 0.0387 	 0.3825 	 -0.1358 	 -0.1069 	 0.0801 	 -0.1008 	 -0.0347
3.2866 	 -0.8894 	 0.0034 	 0.0376 	 0.3833 	 -0.1368 	 -0.1072 	 0.0840 	 -0.0940 	 -0.0296
3.2966 	 -0.8855 	 0.0020 	 0.0365 	 0.3841 	 -0.1377 	 -0.1075 	 0.0882 	 -0.0877 	 -0.0252
3.3066 	 -0.8817 	 0.0006 	 0.0355 	 0.3851 	 -0.1386 	 -0.1077 	 0.0928 	 -0.0817 	 -0.0214
3.3166 	 -0.8778 	 -0.0008 	 0.0344 	 0.3860 	 -0.1394 	 -0.1079 	 0.0976 	 -0.0762 	 -0.0182
3.3267 	 -0.8739 	 -0.0022 	 0.0333 	 0.3870 	 -0.1401 	 -0.1081 	 0.1024 	 -0.0712 	 -0.0154
3.3367 	 -0.8701 	 -0.0036 	 0.0322 	 0.3881 	 -0.1408 	 -0.1082 	 0.1073 	 -0.0666 	 -0.0131
3.3467 	 -0.8662 	 -0.0050 	 0.0311 	 0.3892 	 -0.1414 	 -0.1083 	 0.1121 	 -0.0624 	 -0.0113
3.3567 	 -0.8623 	 -0.0064 	 0.0300 	 0.3903 	 -0.1420 	 -0.1084 	 0.1168 	 -0.0585 	 -0.0097
3.3667 	 -0.8583 	 -0.0078 	 0.0290 	 0.3915 	 -0.1426 	 -0.1085 	 0.1215 	 -0.0550 	 -0.0084
3.3768 	 -0.8544 	 -0.0093 	 0.0279 	 0.3927 	 -0.1431 	 -0.1086 	 0.1260 	 -0.0518 	 -0.0074
3.3868 	 -0.8505 	 -0.0107 	 0.0268 	 0.3940 	 -0.1436 	 -0.1087 	 0.1304 	 -0.0488 	 -0.0066
3.3968 	 -0.8465 	 -0.0121 	 0.0257 	 0.3954 	 -0.1441 	 -0.1087 	 0.1347 	 -0.0461 	 -0.0060
3.4068 	 -0.8425 	 -0.0136 	 0.0246 	 0.3967 	 -0.1446 	 -0.1088 	 0.1389 	 -0.0436 	 -0.0055
3.4168 	 -0.8386 	 -0.0150 	 0.0235 	 0.3981 	 -0.1450 	 -0.1088 	 0.1430 	 -0.0413 	 -0.0052
3.4269 	 -0.8346 	 -0.0165 	 0.0224 	 0.3996 	 -0.1454 	 -0.1089 	 0.1469 	 -0.0392 	 -0.0049
3.4369 	 -0.8306 	 -0.0179 	 0.0213 	 0.4011 	 -0.1458 	 -0.1089 	 0.1507 	 -0.0373 	 -0.0048
3.4469 	 -0.8265 	 -0.0194 	 0.0202 	 0.4026 	 -0.1461 	 -0.1090 	 0.1545 	 -0.0355 	 -0.0048
3.4569 	 -0.8225 	 -0.0209 	 0.0191 	 0.4042 	 -0.1465 	 -0.1090 	 0.1581 	 -0.0338 	 -0.0048
3.4669 	 -0.8184 	 -0.0223 	 0.0180 	 0.4058 	 -0.1468 	 -0.1091 	 0.1617 	 -0.0322 	 -0.0048
3.4770 	 -0.8144 	 -0.0238 	 0.0170 	 0.4074 	 -0.1471 	 -0.1091 	 0.1651 	 -0.0307 	 -0.0050
3.4870 	 -0.8103 	 -0.0253 	 0.0159 	 0.4091 	 -0.1474 	 -0.1092 	 0.1686 	 -0.0293 	 -0.0052
3.4970 	 -0.8062 	 -0.0268 	 0.0148 	 0.4108 	 -0.1477 	 -0.1092 	 0.1719 	 -0.0280 	 -0.0054
3.5070 	 -0.8020 	 -0.0283 	 0.0137 	 0.4125 	 -0.1480 	 -0.1093 	 0.1752 	 -0.0268 	 -0.0056
3.5170 	 -0.7979 	 -0.0297 	 0.0126 	 0.4143 	 -0.1483 	 -0.1093 	 0.1784 	 -0.0256 	 -0.0059
3.5271 	 -0.7937 	 -0.0312 	 0.0115 	 0.4161 	 -0.1485 	 -0.1094 	 0.1816 	 -0.0245 	 -0.0062
3.5371 	 -0.7895 	 -0.0327 	 0.0104 	 0.4179 	 -0.1488 	 -0.1095 	 0.1848 	 -0.0234 	 -0.0065
3.5471 	 -0.7853 	 -0.0342 	 0.0093 	 0.4198 	 -0.1490 	 -0.1095 	 0.1879 	 -0.0223 	 -0.0068
3.5571 	 -0.7811 	 -0.0357 	 0.0082 	 0.4217 	 -0.1492 	 -0.1096 	 0.1910 	 -0.0213 	 -0.0072
3.5671 	 -0.7769 	 -0.0372 	 0.0071 	 0.4236 	 -0.1494 	 -0.1097 	 0.1941 	 -0.0203 	 -0.0076
3.5772 	 -0.7726 	 -0.0387 	 0.0060 	 0.4256 	 -0.1496 	 -0.1098 	 0.1972 	 -0.0193 	 -0.0079
3.5872 	 -0.7684 	 -0.0402 	 0.0049 	 0.4276 	 -0.1498 	 -0.1098 	 0.2002 	 -0.0184 	 -0.0083
3.5972 	 -0.7641 	 -0.0417 	 0.0038 	 0.4296 	 -0.1500 	 -0.1099 	 0.2033 	 -0.0175 	 -0.0087
3.6072 	 -0.7598 	 -0.0432 	 0.0027 	 0.4317 	 -0.1501 	 -0.1100 	 0.2063 	 -0.0165 	 -0.0092
3.6172 	 -0.7554 	 -0.0447 	 0.0016 	 0.4337 	 -0.1503 	 -0.1101 	 0.2093 	 -0.0156 	 -0.0096
3.6273 	 -0.7511 	 -0.0462 	 0.0005 	 0.4359 	 -0.1505 	 -0.1102 	 0.2124 	 -0.0147 	 -0.0100
3.6373 	 -0.7467 	 -0.0477 	 -0.0006 	 0.4380 	 -0.1506 	 -0.1103 	 0.2154 	 -0.0138 	 -0.0105
3.6473 	 -0.7423 	 -0.0492 	 -0.0017 	 0.4402 	 -0.1507 	 -0.1104 	 0.2185 	 -0.0129 	 -0.0109
3.6573 	 -0.7379 	 -0.0507 	 -0.0028 	 0.4424 	 -0.1509 	 -0.1105 	 0.2216 	 -0.0120 	 -0.0114
3.6673 	 -0.7334 	 -0.0523 	 -0.0039 	 0.4446 	 -0.1510 	 -0.1106 	 0.2247 	 -0.0110 	 -0.0119
3.6774 	 -0.7290 	 -0.0538 	 -0.0051 	 0.4469 	 -0.1511 	 -0.1108 	 0.2278 	 -0.0101 	 -0.0124
3.6874 	 -0.7245 	 -0.0553 	 -0.0062 	 0.4492 	 -0.1512 	 -0.1109 	 0.2309 	 -0.0092 	 -0.0129
3.6974 	 -0.7200 	 -0.0568 	 -0.0073 	 0.4515 	 -0.1513 	 -0.1110 	 0.2341 	 -0.0082 	 -0.0134
3.7074 	 -0.7154 	 -0.0583 	 -0.0084 	 0.4539 	 -0.1513 	 -0.1112 	 0.2373 	 -0.0072 	 -0.0139
3.7174 	 -0.7109 	 -0.0598 	 -0.0095 	 0.4563 	 -0.1514 	 -0.1113 	 0.2406 	 -0.0062 	 -0.0145
3.7275 	 -0.7063 	 -0.0613 	 -0.0106 	 0.4587 	 -0.1515 	 -0.1115 	 0.2439 	 -0.0051 	 -0.0150
3.7375 	 -0.7017 	 -0.0629 	 -0.0117 	 0.4612 	 -0.1515 	 -0.1116 	 0.2472 	 -0.0040 	 -0.0156
3.7475 	 -0.6970 	 -0.0644 	 -0.0129 	 0.4636 	 -0.1515 	 -0.1118 	 0.2506 	 -0.0029 	 -0.0161
3.7575 	 -0.6924 	 -0.0659 	 -0.0140 	 0.4662 	 -0.1516 	 -0.1119 	 0.2540 	 -0.0018 	 -0.0167
3.7675 	 -0.6877 	 -0.0674 	 -0.0151 	 0.4687 	 -0.1516 	 -0.1121 	 0.2575 	 -0.0006 	 -0.0173
3.7776 	 -0.6830 	 -0.0689 	 -0.0162 	 0.4713 	 -0.1516 	 -0.1123 	 0.2611 	 0.0006 	 -0.0179
3.7876 	 -0.6782 	 -0.0705 	 -0.0174 	 0.4740 	 -0.1516 	 -0.1125 	 0.2647 	 0.0019 	 -0.0185
3.7976 	 -0.6735 	 -0.0720 	 -0.0185 	 0.4766 	 -0.1515 	 -0.1126 	 0.2684 	 0.0032 	 -0.0191
3.8076 	 -0.6687 	 -0.0735 	 -0.0196 	 0.4793 	 -0.1515 	 -0.1128 	 0.2722 	 0.0045 	 -0.0197
3.8176 	 -0.6639 	 -0.0750 	 -0.0207 	 0.4821 	 -0.1515 	 -0.1130 	 0.2760 	 0.0059 	 -0.0203
3.8277 	 -0.6590 	 -0.0765 	 -0.0219 	 0.4849 	 -0.1514 	 -0.1132 	 0.2800 	 0.0074 	 -0.0209
3.8377 	 -0.6542 	 -0.0780 	 -0.0230 	 0.4877 	 -0.1513 	 -0.1135 	 0.2840 	 0.0089 	 -0.0216
3.8477 	 -0.6493 	 -0.0796 	 -0.0241 	 0.4906 	 -0.1512 	 -0.1137 	 0.2881 	 0.0105 	 -0.0222
3.8577 	 -0.6443 	 -0.0811 	 -0.0253 	 0.4935 	 -0.1511 	 -0.1139 	 0.2923 	 0.0121 	 -0.0228
3.8677 	 -0.6394 	 -0.0826 	 -0.0264 	 0.4964 	 -0.1510 	 -0.1141 	 0.2967 	 0.0137 	 -0.0235
3.8778 	 -0.6344 	 -0.0841 	 -0.0276 	 0.4994 	 -0.1508 	 -0.1144 	 0.3011 	 0.0155 	 -0.0242
3.8878 	 -0.6294 	 -0.0856 	 -0.0287 	 0.5025 	 -0.1507 	 -0.1146 	 0.3057 	 0.0173 	 -0.0248
3.8978 	 -0.6243 	 -0.0871 	 -0.0299 	 0.5056 	 -0.1505 	 -0.1149 	 0.3105 	 0.0191 	 -0.0254
3.9078 	 -0.6192 	 -0.0886 	 -0.0310 	 0.5087 	 -0.1503 	 -0.1151 	 0.3154 	 0.0210 	 -0.0261
3.9178 	 -0.6141 	 -0.0901 	 -0.0322 	 0.5119 	 -0.1501 	 -0.1154 	 0.3204 	 0.0230 	 -0.0267
3.9279 	 -0.6090 	 -0.0916 	 -0.0333 	 0.5151 	 -0.1498 	 -0.1157 	 0.3256 	 0.0251 	 -0.0273
3.9379 	 -0.6038 	 -0.0931 	 -0.0345 	 0.5184 	 -0.1496 	 -0.1159 	 0.3310 	 0.0272 	 -0.0279
3.9479 	 -0.5986 	 -0.0946 	 -0.0357 	 0.5217 	 -0.1493 	 -0.1162 	 0.3367 	 0.0293 	 -0.0285
3.9579 	 -0.5933 	 -0.0961 	 -0.0368 	 0.5251 	 -0.1490 	 -0.1165 	 0.3425 	 0.0316 	 -0.0290
3.9679 	 -0.5881 	 -0.0976 	 -0.0380 	 0.5286 	 -0.1486 	 -0.1168 	 0.3485 	 0.0339 	 -0.0294
3.9780 	 -0.5827 	 -0.0991 	 -0.0392 	 0.5321 	 -0.1483 	 -0.1171 	 0.3549 	 0.0362 	 -0.0298
3.9880 	 -0.5774 	 -0.1006 	 -0.0403 	 0.5357 	 -0.1479 	 -0.1174 	 0.3614 	 0.0387 	 -0.0301
3.9980 	 -0.5720 	 -0.1021 	 -0.0415 	 0.5394 	 -0.1475 	 -0.1177 	 0.3683 	 0.0412 	 -0.0303
4.0080 	 -0.5666 	 -0.1035 	 -0.0427 	 0.5431 	 -0.1471 	 -0.1180 	 0.3755 	 0.0437 	 -0.0304
4.0180 	 -0.5611 	 -0.1050 	 -0.0439 	 0.5469 	 -0.1466 	 -0.1183 	 0.3830 	 0.0464 	 -0.0302
4.0281 	 -0.5556 	 -0.1065 	 -0.0451 	 0.5508 	 -0.1462 	 -0.1186 	 0.3909 	 0.0491 	 -0.0299
4.0381 	 -0.5501 	 -0.1079 	 -0.0463 	 0.5547 	 -0.1456 	 -0.1189 	 0.3991 	 0.0519 	 -0.0293
4.0481 	 -0.5445 	 -0.1094 	 -0.0475 	 0.5588 	 -0.1451 	 -0.1192 	 0.4077 	 0.0549 	 -0.0283
4.0581 	 -0.5389 	 -0.1109 	 -0.0487 	 0.5629 	 -0.1445 	 -0.1195 	 0.4166 	 0.0579 	 -0.0270
4.0681 	 -0.5332 	 -0.1123 	 -0.0498 	 0.5671 	 -0.1440 	 -0.1197 	 0.4258 	 0.0611 	 -0.0251
4.0782 	 -0.5275 	 -0.1137 	 -0.0511 	 0.5714 	 -0.1433 	 -0.1200 	 0.4353 	 0.0643 	 -0.0227
4.0882 	 -0.5218 	 -0.1152 	 -0.0523 	 0.5759 	 -0.1427 	 -0.1202 	 0.4452 	 0.0677 	 -0.0195
4.0982 	 -0.5160 	 -0.1166 	 -0.0535 	 0.5804 	 -0.1420 	 -0.1204 	 0.4552 	 0.0713 	 -0.0156
4.1082 	 -0.5101 	 -0.1180 	 -0.0547 	 0.5850 	 -0.1412 	 -0.1205 	 0.4653 	 0.0751 	 -0.0107
4.1182 	 -0.5043 	 -0.1194 	 -0.0559 	 0.5897 	 -0.1405 	 -0.1206 	 0.4752 	 0.0791 	 -0.0050
4.1283 	 -0.4983 	 -0.1208 	 -0.0571 	 0.5945 	 -0.1396 	 -0.1206 	 0.4847 	 0.0833 	 0.0018
4.1383 	 -0.4923 	 -0.1222 	 -0.0583 	 0.5994 	 -0.1388 	 -0.1205 	 0.4936 	 0.0877 	 0.0094
4.1483 	 -0.4863 	 -0.1236 	 -0.0595 	 0.6044 	 -0.1379 	 -0.1204 	 0.5015 	 0.0924 	 0.0179
4.1583 	 -0.4802 	 -0.1250 	 -0.0607 	 0.6094 	 -0.1369 	 -0.1202 	 0.5083 	 0.0973 	 0.0271
4.1683 	 -0.4741 	 -0.1264 	 -0.0619 	 0.6146 	 -0.1359 	 -0.1199 	 0.5135 	 0.1023 	 0.0367
4.1784 	 -0.4679 	 -0.1277 	 -0.0631 	 0.6197 	 -0.1349 	 -0.1194 	 0.5171 	 0.1074 	 0.0463
4.1884 	 -0.4617 	 -0.1291 	 -0.0643 	 0.6249 	 -0.1338 	 -0.1189 	 0.5190 	 0.1125 	 0.0557
4.1984 	 -0.4554 	 -0.1304 	 -0.0655 	 0.6301 	 -0.1326 	 -0.1183 	 0.5193 	 0.1174 	 0.0646
4.2084 	 -0.4490 	 -0.1317 	 -0.0667 	 0.6353 	 -0.1314 	 -0.1176 	 0.5182 	 0.1221 	 0.0728
4.2184 	 -0.4427 	 -0.1330 	 -0.0678 	 0.6405 	 -0.1302 	 -0.1169 	 0.5160 	 0.1264 	 0.0802
4.2285 	 -0.4362 	 -0.1343 	 -0.0690 	 0.6457 	 -0.1289 	 -0.1160 	 0.5129 	 0.1302 	 0.0868
4.2385 	 -0.4297 	 -0.1356 	 -0.0702 	 0.6508 	 -0.1276 	 -0.1151 	 0.5091 	 0.1336 	 0.0931
4.2485 	 -0.4232 	 -0.1369 	 -0.0713 	 0.6559 	 -0.1262 	 -0.1142 	 0.5048 	 0.1364 	 0.0993
4.2585 	 -0.4166 	 -0.1381 	 -0.0725 	 0.6609 	 -0.1249 	 -0.1131 	 0.4998 	 0.1386 	 0.1059
4.2685 	 -0.4099 	 -0.1394 	 -0.0736 	 0.6659 	 -0.1235 	 -0.1120 	 0.4940 	 0.1405 	 0.1133
4.2786 	 -0.4032 	 -0.1406 	 -0.0747 	 0.6708 	 -0.1220 	 -0.1109 	 0.4866 	 0.1419 	 0.1218
4.2886 	 -0.3965 	 -0.1418 	 -0.0758 	 0.6756 	 -0.1206 	 -0.1096 	 0.4772 	 0.1432 	 0.1316
4.2986 	 -0.3897 	 -0.1430 	 -0.0769 	 0.6803 	 -0.1192 	 -0.1082 	 0.4649 	 0.1445 	 0.1425
4.3086 	 -0.3829 	 -0.1442 	 -0.0780 	 0.6849 	 -0.1177 	 -0.1067 	 0.4488 	 0.1463 	 0.1539
4.3186 	 -0.3760 	 -0.1454 	 -0.0790 	 0.6893 	 -0.1162 	 -0.1051 	 0.4283 	 0.1488 	 0.1648
4.3287 	 -0.3690 	 -0.1465 	 -0.0801 	 0.6935 	 -0.1147 	 -0.1034 	 0.4032 	 0.1527 	 0.1739
4.3387 	 -0.3621 	 -0.1477 	 -0.0811 	 0.6974 	 -0.1132 	 -0.1017 	 0.3739 	 0.1584 	 0.1797
4.3487 	 -0.3551 	 -0.1488 	 -0.0821 	 0.7010 	 -0.1115 	 -0.0999 	 0.3415 	 0.1661 	 0.1808
4.3587 	 -0.3480 	 -0.1499 	 -0.0831 	 0.7042 	 -0.1098 	 -0.0981 	 0.3078 	 0.1760 	 0.1765
4.3687 	 -0.3410 	 -0.1510 	 -0.0841 	 0.7071 	 -0.1080 	 -0.0963 	 0.2745 	 0.1880 	 0.1669
4.3788 	 -0.3339 	 -0.1521 	 -0.0850 	 0.7097 	 -0.1061 	 -0.0947 	 0.2436 	 0.2015 	 0.1528
4.3888 	 -0.3267 	 -0.1531 	 -0.0860 	 0.7120 	 -0.1040 	 -0.0933 	 0.2163 	 0.2161 	 0.1355
4.3988 	 -0.3196 	 -0.1542 	 -0.0869 	 0.7141 	 -0.1017 	 -0.0920 	 0.1932 	 0.2311 	 0.1167
4.4088 	 -0.3124 	 -0.1552 	 -0.0878 	 0.7159 	 -0.0993 	 -0.0910 	 0.1744 	 0.2460 	 0.0977
4.4188 	 -0.3052 	 -0.1562 	 -0.0887 	 0.7176 	 -0.0968 	 -0.0901 	 0.1595 	 0.2604 	 0.0796
4.4289 	 -0.2980 	 -0.1571 	 -0.0896 	 0.7191 	 -0.0941 	 -0.0894 	 0.1481 	 0.2741 	 0.0631
4.4389 	 -0.2908 	 -0.1580 	 -0.0905 	 0.7206 	 -0.0913 	 -0.0888 	 0.1396 	 0.2869 	 0.0484
4.4489 	 -0.2836 	 -0.1589 	 -0.0914 	 0.7219 	 -0.0884 	 -0.0884 	 0.1334 	 0.2989 	 0.0356
4.4589 	 -0.2764 	 -0.1598 	 -0.0923 	 0.7233 	 -0.0853 	 -0.0881 	 0.1290 	 0.3103 	 0.0246
4.4689 	 -0.2691 	 -0.1607 	 -0.0932 	 0.7245 	 -0.0822 	 -0.0879 	 0.1261 	 0.3210 	 0.0150
4.4790 	 -0.2618 	 -0.1615 	 -0.0941 	 0.7258 	 -0.0789 	 -0.0878 	 0.1242 	 0.3314 	 0.0065
4.4890 	 -0.2546 	 -0.1622 	 -0.0949 	 0.7270 	 -0.0755 	 -0.0877 	 0.1229 	 0.3416 	 -0.0010
4.4990 	 -0.2473 	 -0.1630 	 -0.0958 	 0.7282 	 -0.0720 	 -0.0878 	 0.1219 	 0.3519 	 -0.0080
4.5090 	 -0.2400 	 -0.1637 	 -0.0967 	 0.7295 	 -0.0685 	 -0.0879 	 0.1208 	 0.3624 	 -0.0146
4.5190 	 -0.2327 	 -0.1643 	 -0.0976 	 0.7307 	 -0.0648 	 -0.0881 	 0.1192 	 0.3735 	 -0.0210
4.5291 	 -0.2253 	 -0.1650 	 -0.0985 	 0.7319 	 -0.0610 	 -0.0883 	 0.1167 	 0.3853 	 -0.0272
4.5391 	 -0.2180 	 -0.1656 	 -0.0994 	 0.7330 	 -0.0571 	 -0.0886 	 0.1129 	 0.3981 	 -0.0335
4.5491 	 -0.2106 	 -0.1661 	 -0.1002 	 0.7341 	 -0.0530 	 -0.0890 	 0.1074 	 0.4121 	 -0.0396
4.5591 	 -0.2033 	 -0.1666 	 -0.1011 	 0.7351 	 -0.0488 	 -0.0894 	 0.0999 	 0.4274 	 -0.0456
4.5691 	 -0.1959 	 -0.1671 	 -0.1020 	 0.7361 	 -0.0444 	 -0.0899 	 0.0900 	 0.4444 	 -0.0512
4.5792 	 -0.1885 	 -0.1675 	 -0.1029 	 0.7369 	 -0.0399 	 -0.0904 	 0.0776 	 0.4630 	 -0.0565
4.5892 	 -0.1811 	 -0.1679 	 -0.1038 	 0.7376 	 -0.0351 	 -0.0910 	 0.0622 	 0.4835 	 -0.0612
4.5992 	 -0.1737 	 -0.1682 	 -0.1048 	 0.7382 	 -0.0302 	 -0.0917 	 0.0438 	 0.5058 	 -0.0652
4.6092 	 -0.1664 	 -0.1685 	 -0.1057 	 0.7385 	 -0.0250 	 -0.0923 	 0.0222 	 0.5301 	 -0.0684
4.6192 	 -0.1590 	 -0.1687 	 -0.1066 	 0.7386 	 -0.0196 	 -0.0930 	 -0.0031 	 0.5562 	 -0.0706
4.6293 	 -0.1516 	 -0.1689 	 -0.1075 	 0.7384 	 -0.0138 	 -0.0938 	 -0.0322 	 0.5840 	 -0.0720
4.6393 	 -0.1442 	 -0.1690 	 -0.1085 	 0.7380 	 -0.0078 	 -0.0945 	 -0.0658 	 0.6134 	 -0.0723
4.6493 	 -0.1368 	 -0.1690 	 -0.1094 	 0.7371 	 -0.0016 	 -0.0952 	 -0.1043 	 0.6438 	 -0.0714
4.6593 	 -0.1294 	 -0.1690 	 -0.1104 	 0.7358 	 0.0051 	 -0.0959 	 -0.1486 	 0.6747 	 -0.0692
4.6693 	 -0.1220 	 -0.1689 	 -0.1114 	 0.7341 	 0.0120 	 -0.0966 	 -0.1994 	 0.7052 	 -0.0651
4.6794 	 -0.1147 	 -0.1688 	 -0.1123 	 0.7318 	 0.0192 	 -0.0972 	 -0.2574 	 0.7338 	 -0.0586
4.6894 	 -0.1074 	 -0.1685 	 -0.1133 	 0.7289 	 0.0267 	 -0.0977 	 -0.3231 	 0.7586 	 -0.0488
4.6994 	 -0.1001 	 -0.1682 	 -0.1143 	 0.7253 	 0.0344 	 -0.0982 	 -0.3964 	 0.7770 	 -0.0349
4.7094 	 -0.0928 	 -0.1679 	 -0.1153 	 0.7210 	 0.0422 	 -0.0984 	 -0.4760 	 0.7859 	 -0.0159
4.7194 	 -0.0856 	 -0.1674 	 -0.1163 	 0.7158 	 0.0501 	 -0.0985 	 -0.5594 	 0.7818 	 0.0090
4.7295 	 -0.0785 	 -0.1669 	 -0.1172 	 0.7097 	 0.0578 	 -0.0982 	 -0.6422 	 0.7617 	 0.0399
4.7395 	 -0.0714 	 -0.1662 	 -0.1182 	 0.7029 	 0.0653 	 -0.0976 	 -0.7185 	 0.7236 	 0.0763
4.7495 	 -0.0644 	 -0.1656 	 -0.1192 	 0.6954 	 0.0723 	 -0.0967 	 -0.7817 	 0.6679 	 0.1164
4.7595 	 -0.0575 	 -0.1648 	 -0.1202 	 0.6873 	 0.0786 	 -0.0953 	 -0.8255 	 0.5977 	 0.1573
4.7695 	 -0.0506 	 -0.1640 	 -0.1211 	 0.6789 	 0.0842 	 -0.0935 	 -0.8461 	 0.5187 	 0.1958
4.7796 	 -0.0439 	 -0.1631 	 -0.1220 	 0.6704 	 0.0890 	 -0.0914 	 -0.8430 	 0.4378 	 0.2289
4.7896 	 -0.0372 	 -0.1622 	 -0.1229 	 0.6621 	 0.0930 	 -0.0890 	 -0.8188 	 0.3616 	 0.2545
4.7996 	 -0.0306 	 -0.1613 	 -0.1238 	 0.6541 	 0.0963 	 -0.0863 	 -0.7791 	 0.2953 	 0.2717
4.8096 	 -0.0241 	 -0.1603 	 -0.1247 	 0.6465 	 0.0990 	 -0.0836 	 -0.7298 	 0.2414 	 0.2811
4.8196 	 -0.0176 	 -0.1593 	 -0.1255 	 0.6395 	 0.1012 	 -0.0807 	 -0.6767 	 0.2002 	 0.2838
4.8297 	 -0.0113 	 -0.1583 	 -0.1263 	 0.6330 	 0.1030 	 -0.0779 	 -0.6243 	 0.1707 	 0.2813
4.8397 	 -0.0050 	 -0.1572 	 -0.1271 	 0.6270 	 0.1046 	 -0.0751 	 -0.5755 	 0.1507 	 0.2752
4.8497 	 0.0013 	 -0.1562 	 -0.1278 	 0.6214 	 0.1061 	 -0.0724 	 -0.5321 	 0.1381 	 0.2668
4.8597 	 0.0075 	 -0.1551 	 -0.1285 	 0.6163 	 0.1074 	 -0.0698 	 -0.4946 	 0.1307 	 0.2572
4.8697 	 0.0136 	 -0.1540 	 -0.1292 	 0.6115 	 0.1087 	 -0.0672 	 -0.4631 	 0.1269 	 0.2470
4.8798 	 0.0198 	 -0.1529 	 -0.1299 	 0.6070 	 0.1099 	 -0.0648 	 -0.4372 	 0.1251 	 0.2367
4.8898 	 0.0258 	 -0.1518 	 -0.1305 	 0.6027 	 0.1112 	 -0.0625 	 -0.4163 	 0.1245 	 0.2266
4.8998 	 0.0318 	 -0.1507 	 -0.1311 	 0.5986 	 0.1124 	 -0.0603 	 -0.3997 	 0.1243 	 0.2169
4.9098 	 0.0378 	 -0.1495 	 -0.1317 	 0.5947 	 0.1137 	 -0.0581 	 -0.3867 	 0.1240 	 0.2075
4.9198 	 0.0438 	 -0.1484 	 -0.1323 	 0.5909 	 0.1149 	 -0.0561 	 -0.3768 	 0.1232 	 0.1985
4.9299 	 0.0497 	 -0.1472 	 -0.1328 	 0.5871 	 0.1162 	 -0.0542 	 -0.3694 	 0.1218 	 0.1899
4.9399 	 0.0555 	 -0.1461 	 -0.1334 	 0.5834 	 0.1174 	 -0.0523 	 -0.3640 	 0.1196 	 0.1815
4.9499 	 0.0613 	 -0.1449 	 -0.1339 	 0.5798 	 0.1185 	 -0.0505 	 -0.3602 	 0.1166 	 0.1732
4.9599 	 0.0671 	 -0.1437 	 -0.1344 	 0.5762 	 0.1197 	 -0.0488 	 -0.3576 	 0.1129 	 0.1651
4.9699 	 0.0729 	 -0.1425 	 -0.1349 	 0.5726 	 0.1208 	 -0.0472 	 -0.3559 	 0.1085 	 0.1571
4.9800 	 0.0786 	 -0.1413 	 -0.1353 	 0.5691 	 0.1219 	 -0.0457 	 -0.3547 	 0.1034 	 0.1491
4.9900 	 0.0843 	 -0.1401 	 -0.1358 	 0.5655 	 0.1229 	 -0.0442 	 -0.3540 	 0.0979 	 0.1412
