100-Body Run with i = 4 th particle. (Units in pc,M_solar,Myr, km s-1) 

time		 x 		 y 		 z 		 xdot 		 ydot 		 zdot 		 xddot 		 yddot 		 zddot
0.0000 	 0.1833 	 -0.1816 	 -0.2334 	 -0.0039 	 0.0025 	 -0.0020 	 -0.2873 	 0.4189 	 0.1133
0.0100 	 0.1833 	 -0.1816 	 -0.2334 	 -0.0068 	 0.0067 	 -0.0008 	 -0.2873 	 0.4193 	 0.1137
0.0200 	 0.1832 	 -0.1815 	 -0.2334 	 -0.0096 	 0.0109 	 0.0003 	 -0.2872 	 0.4196 	 0.1141
0.0301 	 0.1831 	 -0.1813 	 -0.2334 	 -0.0125 	 0.0151 	 0.0014 	 -0.2871 	 0.4199 	 0.1147
0.0401 	 0.1829 	 -0.1812 	 -0.2334 	 -0.0154 	 0.0194 	 0.0026 	 -0.2870 	 0.4202 	 0.1152
0.0501 	 0.1828 	 -0.1810 	 -0.2333 	 -0.0183 	 0.0236 	 0.0038 	 -0.2869 	 0.4206 	 0.1159
0.0601 	 0.1826 	 -0.1807 	 -0.2333 	 -0.0211 	 0.0278 	 0.0049 	 -0.2868 	 0.4209 	 0.1167
0.0701 	 0.1823 	 -0.1804 	 -0.2332 	 -0.0240 	 0.0320 	 0.0061 	 -0.2867 	 0.4212 	 0.1175
0.0802 	 0.1821 	 -0.1801 	 -0.2332 	 -0.0269 	 0.0362 	 0.0073 	 -0.2866 	 0.4215 	 0.1183
0.0902 	 0.1818 	 -0.1797 	 -0.2331 	 -0.0298 	 0.0405 	 0.0085 	 -0.2865 	 0.4218 	 0.1193
0.1002 	 0.1815 	 -0.1792 	 -0.2330 	 -0.0326 	 0.0447 	 0.0097 	 -0.2864 	 0.4221 	 0.1203
0.1102 	 0.1812 	 -0.1788 	 -0.2329 	 -0.0355 	 0.0489 	 0.0109 	 -0.2863 	 0.4224 	 0.1214
0.1202 	 0.1808 	 -0.1783 	 -0.2328 	 -0.0384 	 0.0531 	 0.0121 	 -0.2862 	 0.4227 	 0.1226
0.1303 	 0.1804 	 -0.1777 	 -0.2327 	 -0.0412 	 0.0574 	 0.0133 	 -0.2861 	 0.4230 	 0.1239
0.1403 	 0.1800 	 -0.1771 	 -0.2325 	 -0.0441 	 0.0616 	 0.0146 	 -0.2860 	 0.4232 	 0.1252
0.1503 	 0.1795 	 -0.1765 	 -0.2324 	 -0.0470 	 0.0659 	 0.0159 	 -0.2888 	 0.4261 	 0.1317
0.1603 	 0.1790 	 -0.1758 	 -0.2322 	 -0.0499 	 0.0701 	 0.0172 	 -0.2886 	 0.4263 	 0.1331
0.1703 	 0.1785 	 -0.1751 	 -0.2320 	 -0.0527 	 0.0744 	 0.0185 	 -0.2884 	 0.4265 	 0.1346
0.1804 	 0.1780 	 -0.1743 	 -0.2318 	 -0.0556 	 0.0787 	 0.0199 	 -0.2882 	 0.4267 	 0.1362
0.1904 	 0.1774 	 -0.1735 	 -0.2316 	 -0.0585 	 0.0830 	 0.0213 	 -0.2880 	 0.4269 	 0.1379
0.2004 	 0.1768 	 -0.1726 	 -0.2314 	 -0.0614 	 0.0872 	 0.0226 	 -0.2878 	 0.4271 	 0.1396
0.2104 	 0.1762 	 -0.1717 	 -0.2312 	 -0.0643 	 0.0915 	 0.0241 	 -0.2876 	 0.4272 	 0.1415
0.2204 	 0.1755 	 -0.1708 	 -0.2309 	 -0.0672 	 0.0958 	 0.0255 	 -0.2898 	 0.4300 	 0.1487
0.2305 	 0.1748 	 -0.1698 	 -0.2307 	 -0.0701 	 0.1001 	 0.0270 	 -0.2921 	 0.4327 	 0.1558
0.2405 	 0.1741 	 -0.1688 	 -0.2304 	 -0.0730 	 0.1045 	 0.0286 	 -0.2917 	 0.4326 	 0.1576
0.2505 	 0.1733 	 -0.1677 	 -0.2301 	 -0.0759 	 0.1088 	 0.0302 	 -0.2913 	 0.4326 	 0.1595
0.2605 	 0.1726 	 -0.1666 	 -0.2298 	 -0.0788 	 0.1131 	 0.0318 	 -0.2909 	 0.4325 	 0.1615
0.2705 	 0.1718 	 -0.1655 	 -0.2294 	 -0.0818 	 0.1175 	 0.0334 	 -0.2933 	 0.4346 	 0.1687
0.2806 	 0.1709 	 -0.1643 	 -0.2291 	 -0.0847 	 0.1218 	 0.0351 	 -0.2927 	 0.4344 	 0.1707
0.2906 	 0.1701 	 -0.1630 	 -0.2287 	 -0.0877 	 0.1262 	 0.0369 	 -0.2921 	 0.4341 	 0.1727
0.3006 	 0.1692 	 -0.1617 	 -0.2284 	 -0.0906 	 0.1305 	 0.0386 	 -0.2938 	 0.4362 	 0.1801
0.3106 	 0.1683 	 -0.1604 	 -0.2280 	 -0.0935 	 0.1349 	 0.0405 	 -0.2930 	 0.4358 	 0.1822
0.3206 	 0.1673 	 -0.1590 	 -0.2276 	 -0.0965 	 0.1393 	 0.0423 	 -0.2932 	 0.4416 	 0.1854
0.3307 	 0.1663 	 -0.1576 	 -0.2271 	 -0.0994 	 0.1437 	 0.0441 	 -0.2923 	 0.4408 	 0.1875
0.3407 	 0.1653 	 -0.1562 	 -0.2267 	 -0.1023 	 0.1482 	 0.0460 	 -0.2914 	 0.4400 	 0.1897
0.3507 	 0.1643 	 -0.1546 	 -0.2262 	 -0.1052 	 0.1526 	 0.0479 	 -0.2927 	 0.4414 	 0.1975
0.3607 	 0.1632 	 -0.1531 	 -0.2257 	 -0.1082 	 0.1570 	 0.0499 	 -0.2915 	 0.4403 	 0.1997
0.3707 	 0.1621 	 -0.1515 	 -0.2252 	 -0.1111 	 0.1614 	 0.0519 	 -0.2904 	 0.4391 	 0.2019
0.3808 	 0.1610 	 -0.1499 	 -0.2247 	 -0.1140 	 0.1658 	 0.0540 	 -0.2892 	 0.4379 	 0.2042
0.3908 	 0.1598 	 -0.1482 	 -0.2241 	 -0.1169 	 0.1702 	 0.0560 	 -0.2879 	 0.4366 	 0.2066
0.4008 	 0.1586 	 -0.1464 	 -0.2235 	 -0.1197 	 0.1746 	 0.0581 	 -0.2831 	 0.4397 	 0.2069
0.4108 	 0.1574 	 -0.1447 	 -0.2229 	 -0.1225 	 0.1790 	 0.0602 	 -0.2819 	 0.4379 	 0.2096
0.4208 	 0.1562 	 -0.1429 	 -0.2223 	 -0.1254 	 0.1833 	 0.0623 	 -0.2807 	 0.4361 	 0.2125
0.4309 	 0.1549 	 -0.1410 	 -0.2217 	 -0.1282 	 0.1877 	 0.0645 	 -0.2794 	 0.4343 	 0.2155
0.4409 	 0.1536 	 -0.1391 	 -0.2210 	 -0.1310 	 0.1920 	 0.0666 	 -0.2781 	 0.4323 	 0.2187
0.4509 	 0.1523 	 -0.1372 	 -0.2204 	 -0.1337 	 0.1964 	 0.0688 	 -0.2767 	 0.4302 	 0.2220
0.4609 	 0.1509 	 -0.1352 	 -0.2197 	 -0.1365 	 0.2007 	 0.0711 	 -0.2752 	 0.4280 	 0.2254
0.4709 	 0.1495 	 -0.1331 	 -0.2189 	 -0.1393 	 0.2049 	 0.0734 	 -0.2737 	 0.4256 	 0.2290
0.4810 	 0.1481 	 -0.1311 	 -0.2182 	 -0.1420 	 0.2092 	 0.0757 	 -0.2742 	 0.4250 	 0.2386
0.4910 	 0.1467 	 -0.1289 	 -0.2174 	 -0.1447 	 0.2134 	 0.0781 	 -0.2724 	 0.4223 	 0.2421
0.5010 	 0.1452 	 -0.1268 	 -0.2166 	 -0.1475 	 0.2177 	 0.0805 	 -0.2721 	 0.4210 	 0.2400
0.5110 	 0.1437 	 -0.1246 	 -0.2158 	 -0.1502 	 0.2219 	 0.0830 	 -0.2724 	 0.4190 	 0.2498
0.5210 	 0.1422 	 -0.1223 	 -0.2150 	 -0.1529 	 0.2260 	 0.0855 	 -0.2700 	 0.4156 	 0.2536
0.5311 	 0.1407 	 -0.1201 	 -0.2141 	 -0.1556 	 0.2302 	 0.0880 	 -0.2675 	 0.4120 	 0.2576
0.5411 	 0.1391 	 -0.1177 	 -0.2132 	 -0.1583 	 0.2343 	 0.0906 	 -0.2648 	 0.4083 	 0.2618
0.5511 	 0.1375 	 -0.1154 	 -0.2123 	 -0.1609 	 0.2384 	 0.0933 	 -0.2621 	 0.4043 	 0.2663
0.5611 	 0.1359 	 -0.1129 	 -0.2113 	 -0.1635 	 0.2424 	 0.0960 	 -0.2592 	 0.4002 	 0.2709
0.5711 	 0.1342 	 -0.1105 	 -0.2104 	 -0.1661 	 0.2464 	 0.0987 	 -0.2562 	 0.3958 	 0.2758
0.5812 	 0.1326 	 -0.1080 	 -0.2094 	 -0.1686 	 0.2503 	 0.1015 	 -0.2531 	 0.3912 	 0.2810
0.5912 	 0.1309 	 -0.1055 	 -0.2083 	 -0.1712 	 0.2542 	 0.1044 	 -0.2516 	 0.3875 	 0.2922
0.6012 	 0.1291 	 -0.1029 	 -0.2073 	 -0.1737 	 0.2581 	 0.1073 	 -0.2496 	 0.3835 	 0.3033
0.6112 	 0.1274 	 -0.1003 	 -0.2062 	 -0.1762 	 0.2619 	 0.1104 	 -0.2470 	 0.3784 	 0.3138
0.6212 	 0.1256 	 -0.0977 	 -0.2050 	 -0.1786 	 0.2657 	 0.1136 	 -0.2426 	 0.3723 	 0.3182
0.6313 	 0.1238 	 -0.0950 	 -0.2039 	 -0.1810 	 0.2694 	 0.1168 	 -0.2379 	 0.3658 	 0.3229
0.6413 	 0.1220 	 -0.0923 	 -0.2027 	 -0.1834 	 0.2730 	 0.1201 	 -0.2330 	 0.3589 	 0.3278
0.6513 	 0.1201 	 -0.0895 	 -0.2015 	 -0.1857 	 0.2766 	 0.1234 	 -0.2277 	 0.3516 	 0.3330
0.6613 	 0.1183 	 -0.0867 	 -0.2002 	 -0.1879 	 0.2801 	 0.1267 	 -0.2222 	 0.3439 	 0.3385
0.6713 	 0.1164 	 -0.0839 	 -0.1989 	 -0.1902 	 0.2835 	 0.1303 	 -0.2202 	 0.3379 	 0.3616
0.6814 	 0.1144 	 -0.0810 	 -0.1976 	 -0.1923 	 0.2868 	 0.1339 	 -0.2133 	 0.3287 	 0.3653
0.6914 	 0.1125 	 -0.0782 	 -0.1963 	 -0.1944 	 0.2901 	 0.1376 	 -0.2060 	 0.3188 	 0.3693
0.7014 	 0.1105 	 -0.0752 	 -0.1949 	 -0.1965 	 0.2932 	 0.1413 	 -0.1981 	 0.3083 	 0.3735
0.7114 	 0.1086 	 -0.0723 	 -0.1934 	 -0.1984 	 0.2962 	 0.1451 	 -0.1896 	 0.2970 	 0.3778
0.7214 	 0.1066 	 -0.0693 	 -0.1920 	 -0.2003 	 0.2991 	 0.1489 	 -0.1805 	 0.2849 	 0.3825
0.7315 	 0.1046 	 -0.0663 	 -0.1904 	 -0.2020 	 0.3019 	 0.1527 	 -0.1707 	 0.2717 	 0.3873
0.7415 	 0.1025 	 -0.0632 	 -0.1889 	 -0.2037 	 0.3046 	 0.1567 	 -0.1600 	 0.2575 	 0.3924
0.7515 	 0.1005 	 -0.0602 	 -0.1873 	 -0.2052 	 0.3071 	 0.1606 	 -0.1483 	 0.2421 	 0.3977
0.7615 	 0.0984 	 -0.0571 	 -0.1857 	 -0.2067 	 0.3094 	 0.1646 	 -0.1355 	 0.2254 	 0.4031
0.7715 	 0.0963 	 -0.0540 	 -0.1840 	 -0.2079 	 0.3116 	 0.1687 	 -0.1215 	 0.2072 	 0.4087
0.7816 	 0.0942 	 -0.0509 	 -0.1823 	 -0.2091 	 0.3136 	 0.1728 	 -0.1069 	 0.1876 	 0.4205
0.7916 	 0.0921 	 -0.0477 	 -0.1805 	 -0.2101 	 0.3154 	 0.1771 	 -0.0896 	 0.1661 	 0.4253
0.8016 	 0.0900 	 -0.0445 	 -0.1787 	 -0.2109 	 0.3169 	 0.1813 	 -0.0667 	 0.1470 	 0.4326
0.8116 	 0.0879 	 -0.0414 	 -0.1769 	 -0.2114 	 0.3183 	 0.1857 	 -0.0451 	 0.1210 	 0.4375
0.8216 	 0.0858 	 -0.0382 	 -0.1750 	 -0.2118 	 0.3193 	 0.1901 	 -0.0201 	 0.0923 	 0.4435
0.8317 	 0.0837 	 -0.0350 	 -0.1731 	 -0.2118 	 0.3201 	 0.1946 	 0.0103 	 0.0589 	 0.4516
0.8417 	 0.0816 	 -0.0317 	 -0.1711 	 -0.2115 	 0.3205 	 0.1992 	 0.0468 	 0.0177 	 0.4605
0.8517 	 0.0794 	 -0.0285 	 -0.1691 	 -0.2109 	 0.3204 	 0.2038 	 0.0839 	 -0.0299 	 0.4653
0.8617 	 0.0773 	 -0.0253 	 -0.1670 	 -0.2099 	 0.3199 	 0.2085 	 0.1145 	 -0.0754 	 0.4672
0.8717 	 0.0752 	 -0.0221 	 -0.1649 	 -0.2086 	 0.3189 	 0.2132 	 0.1396 	 -0.1160 	 0.4691
0.8818 	 0.0732 	 -0.0189 	 -0.1628 	 -0.2071 	 0.3176 	 0.2179 	 0.1618 	 -0.1529 	 0.4711
0.8918 	 0.0711 	 -0.0158 	 -0.1606 	 -0.2054 	 0.3159 	 0.2226 	 0.1829 	 -0.1875 	 0.4727
0.9018 	 0.0690 	 -0.0126 	 -0.1583 	 -0.2034 	 0.3138 	 0.2274 	 0.2034 	 -0.2206 	 0.4739
0.9118 	 0.0670 	 -0.0095 	 -0.1560 	 -0.2013 	 0.3115 	 0.2321 	 0.2233 	 -0.2531 	 0.4685
0.9218 	 0.0650 	 -0.0064 	 -0.1537 	 -0.1989 	 0.3088 	 0.2368 	 0.2433 	 -0.2845 	 0.4691
0.9319 	 0.0630 	 -0.0033 	 -0.1513 	 -0.1964 	 0.3058 	 0.2415 	 0.2627 	 -0.3155 	 0.4746
0.9419 	 0.0611 	 -0.0002 	 -0.1488 	 -0.1937 	 0.3024 	 0.2463 	 0.2818 	 -0.3459 	 0.4724
0.9519 	 0.0591 	 0.0028 	 -0.1463 	 -0.1908 	 0.2988 	 0.2510 	 0.3001 	 -0.3760 	 0.4687
0.9619 	 0.0573 	 0.0057 	 -0.1438 	 -0.1877 	 0.2949 	 0.2556 	 0.3165 	 -0.4063 	 0.4629
0.9719 	 0.0554 	 0.0087 	 -0.1412 	 -0.1844 	 0.2907 	 0.2602 	 0.3285 	 -0.4386 	 0.4541
0.9820 	 0.0536 	 0.0116 	 -0.1386 	 -0.1811 	 0.2861 	 0.2647 	 0.3348 	 -0.4789 	 0.4454
0.9920 	 0.0518 	 0.0144 	 -0.1359 	 -0.1777 	 0.2811 	 0.2692 	 0.3468 	 -0.5248 	 0.4429
1.0020 	 0.0500 	 0.0172 	 -0.1332 	 -0.1741 	 0.2756 	 0.2737 	 0.3673 	 -0.5652 	 0.4452
1.0120 	 0.0483 	 0.0199 	 -0.1304 	 -0.1703 	 0.2697 	 0.2781 	 0.3910 	 -0.6011 	 0.4369
1.0220 	 0.0466 	 0.0226 	 -0.1276 	 -0.1663 	 0.2635 	 0.2824 	 0.4158 	 -0.6352 	 0.4246
1.0321 	 0.0449 	 0.0252 	 -0.1248 	 -0.1620 	 0.2570 	 0.2866 	 0.4411 	 -0.6684 	 0.4085
1.0421 	 0.0433 	 0.0277 	 -0.1219 	 -0.1575 	 0.2502 	 0.2906 	 0.4670 	 -0.7009 	 0.3884
1.0521 	 0.0418 	 0.0302 	 -0.1189 	 -0.1526 	 0.2430 	 0.2943 	 0.4932 	 -0.7326 	 0.3641
1.0621 	 0.0403 	 0.0326 	 -0.1160 	 -0.1476 	 0.2355 	 0.2979 	 0.5195 	 -0.7631 	 0.3353
1.0721 	 0.0388 	 0.0349 	 -0.1130 	 -0.1422 	 0.2277 	 0.3011 	 0.5455 	 -0.7917 	 0.3021
1.0822 	 0.0374 	 0.0372 	 -0.1099 	 -0.1366 	 0.2196 	 0.3039 	 0.5794 	 -0.8134 	 0.2712
1.0922 	 0.0361 	 0.0393 	 -0.1069 	 -0.1307 	 0.2114 	 0.3064 	 0.6027 	 -0.8373 	 0.2297
1.1022 	 0.0348 	 0.0414 	 -0.1038 	 -0.1245 	 0.2029 	 0.3085 	 0.6267 	 -0.8589 	 0.1853
1.1122 	 0.0336 	 0.0434 	 -0.1007 	 -0.1181 	 0.1941 	 0.3101 	 0.6559 	 -0.8804 	 0.1346
1.1222 	 0.0325 	 0.0453 	 -0.0976 	 -0.1114 	 0.1852 	 0.3111 	 0.6892 	 -0.9029 	 0.0586
1.1323 	 0.0314 	 0.0471 	 -0.0945 	 -0.1044 	 0.1761 	 0.3113 	 0.6930 	 -0.9136 	 -0.0265
1.1423 	 0.0304 	 0.0488 	 -0.0914 	 -0.0975 	 0.1669 	 0.3107 	 0.6864 	 -0.9183 	 -0.0844
1.1523 	 0.0294 	 0.0505 	 -0.0882 	 -0.0906 	 0.1577 	 0.3096 	 0.6824 	 -0.9224 	 -0.1302
1.1623 	 0.0285 	 0.0520 	 -0.0852 	 -0.0838 	 0.1484 	 0.3081 	 0.6801 	 -0.9256 	 -0.1715
1.1723 	 0.0277 	 0.0534 	 -0.0821 	 -0.0770 	 0.1392 	 0.3062 	 0.6787 	 -0.9276 	 -0.2100
1.1824 	 0.0270 	 0.0548 	 -0.0790 	 -0.0702 	 0.1299 	 0.3039 	 0.6777 	 -0.9281 	 -0.2461
1.1924 	 0.0263 	 0.0560 	 -0.0760 	 -0.0634 	 0.1206 	 0.3013 	 0.6765 	 -0.9276 	 -0.2796
1.2024 	 0.0257 	 0.0572 	 -0.0730 	 -0.0567 	 0.1113 	 0.2983 	 0.6746 	 -0.9264 	 -0.3106
1.2124 	 0.0252 	 0.0583 	 -0.0700 	 -0.0499 	 0.1020 	 0.2951 	 0.6718 	 -0.9260 	 -0.3337
1.2224 	 0.0247 	 0.0592 	 -0.0671 	 -0.0432 	 0.0927 	 0.2916 	 0.6679 	 -0.9241 	 -0.3622
1.2325 	 0.0243 	 0.0601 	 -0.0642 	 -0.0365 	 0.0835 	 0.2878 	 0.6629 	 -0.9219 	 -0.3894
1.2425 	 0.0240 	 0.0609 	 -0.0613 	 -0.0299 	 0.0742 	 0.2838 	 0.6568 	 -0.9191 	 -0.4155
1.2525 	 0.0237 	 0.0616 	 -0.0585 	 -0.0234 	 0.0651 	 0.2795 	 0.6498 	 -0.9155 	 -0.4407
1.2625 	 0.0235 	 0.0622 	 -0.0557 	 -0.0169 	 0.0559 	 0.2749 	 0.6420 	 -0.9108 	 -0.4648
1.2725 	 0.0234 	 0.0627 	 -0.0530 	 -0.0105 	 0.0468 	 0.2702 	 0.6336 	 -0.9049 	 -0.4878
1.2826 	 0.0233 	 0.0631 	 -0.0503 	 -0.0042 	 0.0378 	 0.2652 	 0.6246 	 -0.8978 	 -0.5094
1.2926 	 0.0233 	 0.0635 	 -0.0477 	 0.0020 	 0.0288 	 0.2600 	 0.6153 	 -0.8897 	 -0.5296
1.3026 	 0.0234 	 0.0637 	 -0.0451 	 0.0081 	 0.0200 	 0.2546 	 0.6057 	 -0.8806 	 -0.5483
1.3126 	 0.0235 	 0.0639 	 -0.0426 	 0.0142 	 0.0112 	 0.2490 	 0.5959 	 -0.8707 	 -0.5656
1.3226 	 0.0236 	 0.0640 	 -0.0401 	 0.0201 	 0.0025 	 0.2432 	 0.5860 	 -0.8603 	 -0.5814
1.3327 	 0.0239 	 0.0639 	 -0.0377 	 0.0259 	 -0.0061 	 0.2373 	 0.5761 	 -0.8494 	 -0.5958
1.3427 	 0.0242 	 0.0638 	 -0.0353 	 0.0316 	 -0.0145 	 0.2313 	 0.5662 	 -0.8383 	 -0.6089
1.3527 	 0.0245 	 0.0636 	 -0.0331 	 0.0372 	 -0.0229 	 0.2251 	 0.5563 	 -0.8270 	 -0.6209
1.3627 	 0.0249 	 0.0634 	 -0.0308 	 0.0428 	 -0.0311 	 0.2189 	 0.5466 	 -0.8159 	 -0.6318
1.3727 	 0.0254 	 0.0630 	 -0.0287 	 0.0482 	 -0.0392 	 0.2125 	 0.5370 	 -0.8051 	 -0.6419
1.3828 	 0.0259 	 0.0626 	 -0.0266 	 0.0535 	 -0.0472 	 0.2060 	 0.5276 	 -0.7946 	 -0.6513
1.3928 	 0.0264 	 0.0621 	 -0.0245 	 0.0588 	 -0.0551 	 0.1994 	 0.5185 	 -0.7846 	 -0.6603
1.4028 	 0.0270 	 0.0615 	 -0.0226 	 0.0639 	 -0.0630 	 0.1928 	 0.5095 	 -0.7753 	 -0.6691
1.4128 	 0.0277 	 0.0608 	 -0.0207 	 0.0690 	 -0.0707 	 0.1860 	 0.5008 	 -0.7667 	 -0.6780
1.4228 	 0.0284 	 0.0601 	 -0.0188 	 0.0740 	 -0.0783 	 0.1792 	 0.4921 	 -0.7590 	 -0.6873
1.4329 	 0.0292 	 0.0592 	 -0.0171 	 0.0788 	 -0.0859 	 0.1722 	 0.4833 	 -0.7522 	 -0.6973
1.4429 	 0.0300 	 0.0583 	 -0.0154 	 0.0836 	 -0.0934 	 0.1652 	 0.4751 	 -0.7509 	 -0.7105
1.4529 	 0.0309 	 0.0574 	 -0.0138 	 0.0884 	 -0.1009 	 0.1580 	 0.4654 	 -0.7461 	 -0.7280
1.4629 	 0.0318 	 0.0563 	 -0.0122 	 0.0930 	 -0.1084 	 0.1507 	 0.4532 	 -0.7400 	 -0.7393
1.4729 	 0.0327 	 0.0552 	 -0.0108 	 0.0974 	 -0.1158 	 0.1432 	 0.4396 	 -0.7339 	 -0.7505
1.4830 	 0.0337 	 0.0540 	 -0.0094 	 0.1018 	 -0.1231 	 0.1356 	 0.4252 	 -0.7281 	 -0.7668
1.4930 	 0.0348 	 0.0527 	 -0.0080 	 0.1060 	 -0.1303 	 0.1279 	 0.4104 	 -0.7208 	 -0.7752
1.5030 	 0.0358 	 0.0514 	 -0.0068 	 0.1100 	 -0.1375 	 0.1201 	 0.3961 	 -0.7130 	 -0.7826
1.5130 	 0.0370 	 0.0500 	 -0.0056 	 0.1139 	 -0.1446 	 0.1122 	 0.3827 	 -0.7048 	 -0.7897
1.5230 	 0.0381 	 0.0485 	 -0.0046 	 0.1177 	 -0.1517 	 0.1042 	 0.3702 	 -0.6961 	 -0.7967
1.5331 	 0.0393 	 0.0469 	 -0.0035 	 0.1213 	 -0.1586 	 0.0962 	 0.3585 	 -0.6868 	 -0.8041
1.5431 	 0.0406 	 0.0453 	 -0.0026 	 0.1249 	 -0.1654 	 0.0881 	 0.3504 	 -0.6803 	 -0.8154
1.5531 	 0.0418 	 0.0436 	 -0.0018 	 0.1283 	 -0.1722 	 0.0799 	 0.3389 	 -0.6684 	 -0.8228
1.5631 	 0.0431 	 0.0419 	 -0.0010 	 0.1316 	 -0.1788 	 0.0717 	 0.3270 	 -0.6547 	 -0.8231
1.5731 	 0.0445 	 0.0400 	 -0.0003 	 0.1349 	 -0.1853 	 0.0634 	 0.3158 	 -0.6406 	 -0.8294
1.5832 	 0.0458 	 0.0382 	 0.0002 	 0.1380 	 -0.1916 	 0.0551 	 0.3047 	 -0.6257 	 -0.8354
1.5932 	 0.0472 	 0.0362 	 0.0008 	 0.1410 	 -0.1978 	 0.0467 	 0.2916 	 -0.6076 	 -0.8286
1.6032 	 0.0487 	 0.0342 	 0.0012 	 0.1438 	 -0.2038 	 0.0384 	 0.2800 	 -0.5910 	 -0.8316
1.6132 	 0.0501 	 0.0321 	 0.0015 	 0.1466 	 -0.2097 	 0.0301 	 0.2674 	 -0.5735 	 -0.8275
1.6232 	 0.0516 	 0.0300 	 0.0018 	 0.1492 	 -0.2153 	 0.0218 	 0.2593 	 -0.5520 	 -0.8302
1.6333 	 0.0531 	 0.0278 	 0.0020 	 0.1518 	 -0.2207 	 0.0134 	 0.2469 	 -0.5338 	 -0.8308
1.6433 	 0.0546 	 0.0256 	 0.0021 	 0.1542 	 -0.2260 	 0.0051 	 0.2347 	 -0.5166 	 -0.8306
1.6533 	 0.0562 	 0.0233 	 0.0021 	 0.1565 	 -0.2311 	 -0.0032 	 0.2223 	 -0.4990 	 -0.8305
1.6633 	 0.0578 	 0.0209 	 0.0020 	 0.1586 	 -0.2360 	 -0.0115 	 0.2095 	 -0.4811 	 -0.8306
1.6733 	 0.0594 	 0.0186 	 0.0018 	 0.1607 	 -0.2407 	 -0.0199 	 0.1964 	 -0.4626 	 -0.8308
1.6834 	 0.0610 	 0.0161 	 0.0016 	 0.1626 	 -0.2453 	 -0.0282 	 0.1827 	 -0.4434 	 -0.8311
1.6934 	 0.0626 	 0.0136 	 0.0013 	 0.1643 	 -0.2496 	 -0.0365 	 0.1684 	 -0.4236 	 -0.8315
1.7034 	 0.0643 	 0.0111 	 0.0009 	 0.1659 	 -0.2537 	 -0.0449 	 0.1534 	 -0.4031 	 -0.8321
1.7134 	 0.0659 	 0.0086 	 0.0004 	 0.1674 	 -0.2577 	 -0.0532 	 0.1377 	 -0.3818 	 -0.8326
1.7234 	 0.0676 	 0.0060 	 -0.0002 	 0.1687 	 -0.2613 	 -0.0615 	 0.1246 	 -0.3547 	 -0.8300
1.7335 	 0.0693 	 0.0033 	 -0.0009 	 0.1699 	 -0.2648 	 -0.0698 	 0.1059 	 -0.3306 	 -0.8242
1.7435 	 0.0710 	 0.0007 	 -0.0016 	 0.1708 	 -0.2680 	 -0.0781 	 0.0880 	 -0.3068 	 -0.8245
1.7535 	 0.0728 	 -0.0020 	 -0.0024 	 0.1716 	 -0.2709 	 -0.0863 	 0.0693 	 -0.2825 	 -0.8248
1.7635 	 0.0745 	 -0.0048 	 -0.0033 	 0.1722 	 -0.2736 	 -0.0946 	 0.0459 	 -0.2544 	 -0.8215
1.7735 	 0.0762 	 -0.0075 	 -0.0043 	 0.1726 	 -0.2761 	 -0.1029 	 0.0258 	 -0.2296 	 -0.8277
1.7836 	 0.0779 	 -0.0103 	 -0.0054 	 0.1727 	 -0.2782 	 -0.1112 	 0.0052 	 -0.2044 	 -0.8269
1.7936 	 0.0797 	 -0.0131 	 -0.0066 	 0.1727 	 -0.2802 	 -0.1195 	 -0.0161 	 -0.1789 	 -0.8260
1.8036 	 0.0814 	 -0.0159 	 -0.0078 	 0.1724 	 -0.2818 	 -0.1277 	 -0.0380 	 -0.1529 	 -0.8250
1.8136 	 0.0831 	 -0.0188 	 -0.0091 	 0.1719 	 -0.2832 	 -0.1360 	 -0.0619 	 -0.1268 	 -0.8295
1.8236 	 0.0848 	 -0.0216 	 -0.0105 	 0.1712 	 -0.2844 	 -0.1443 	 -0.0846 	 -0.0991 	 -0.8272
1.8337 	 0.0865 	 -0.0244 	 -0.0120 	 0.1702 	 -0.2852 	 -0.1526 	 -0.1073 	 -0.0701 	 -0.8246
1.8437 	 0.0882 	 -0.0273 	 -0.0136 	 0.1690 	 -0.2858 	 -0.1609 	 -0.1315 	 -0.0445 	 -0.8249
1.8537 	 0.0899 	 -0.0302 	 -0.0152 	 0.1676 	 -0.2860 	 -0.1691 	 -0.1511 	 -0.0125 	 -0.8202
1.8637 	 0.0916 	 -0.0330 	 -0.0170 	 0.1660 	 -0.2860 	 -0.1773 	 -0.1642 	 0.0209 	 -0.8091
1.8737 	 0.0933 	 -0.0359 	 -0.0188 	 0.1643 	 -0.2856 	 -0.1853 	 -0.1792 	 0.0522 	 -0.8010
1.8838 	 0.0949 	 -0.0388 	 -0.0207 	 0.1625 	 -0.2850 	 -0.1933 	 -0.1930 	 0.0821 	 -0.7918
1.8938 	 0.0965 	 -0.0416 	 -0.0227 	 0.1604 	 -0.2840 	 -0.2012 	 -0.2086 	 0.1082 	 -0.7860
1.9038 	 0.0981 	 -0.0445 	 -0.0247 	 0.1583 	 -0.2828 	 -0.2091 	 -0.2171 	 0.1378 	 -0.7754
1.9138 	 0.0997 	 -0.0473 	 -0.0268 	 0.1561 	 -0.2813 	 -0.2168 	 -0.2293 	 0.1640 	 -0.7619
1.9238 	 0.1012 	 -0.0501 	 -0.0291 	 0.1537 	 -0.2795 	 -0.2244 	 -0.2411 	 0.1886 	 -0.7493
1.9339 	 0.1028 	 -0.0529 	 -0.0313 	 0.1512 	 -0.2775 	 -0.2318 	 -0.2522 	 0.2119 	 -0.7372
1.9439 	 0.1043 	 -0.0556 	 -0.0337 	 0.1486 	 -0.2753 	 -0.2391 	 -0.2626 	 0.2342 	 -0.7255
1.9539 	 0.1057 	 -0.0584 	 -0.0361 	 0.1460 	 -0.2728 	 -0.2464 	 -0.2717 	 0.2555 	 -0.7198
1.9639 	 0.1072 	 -0.0611 	 -0.0386 	 0.1432 	 -0.2702 	 -0.2535 	 -0.2813 	 0.2763 	 -0.7073
1.9739 	 0.1086 	 -0.0638 	 -0.0412 	 0.1403 	 -0.2673 	 -0.2606 	 -0.2909 	 0.2966 	 -0.6941
1.9840 	 0.1100 	 -0.0665 	 -0.0439 	 0.1374 	 -0.2642 	 -0.2675 	 -0.2946 	 0.3137 	 -0.6875
1.9940 	 0.1114 	 -0.0691 	 -0.0466 	 0.1344 	 -0.2610 	 -0.2743 	 -0.3052 	 0.3328 	 -0.6733
2.0040 	 0.1127 	 -0.0717 	 -0.0494 	 0.1313 	 -0.2575 	 -0.2810 	 -0.3167 	 0.3514 	 -0.6594
2.0140 	 0.1140 	 -0.0743 	 -0.0522 	 0.1280 	 -0.2539 	 -0.2875 	 -0.3290 	 0.3698 	 -0.6461
2.0240 	 0.1153 	 -0.0768 	 -0.0551 	 0.1247 	 -0.2501 	 -0.2940 	 -0.3417 	 0.3879 	 -0.6338
2.0341 	 0.1165 	 -0.0793 	 -0.0581 	 0.1212 	 -0.2462 	 -0.3002 	 -0.3545 	 0.4060 	 -0.6225
2.0441 	 0.1177 	 -0.0817 	 -0.0611 	 0.1176 	 -0.2420 	 -0.3064 	 -0.3643 	 0.4178 	 -0.6210
2.0541 	 0.1188 	 -0.0841 	 -0.0642 	 0.1139 	 -0.2377 	 -0.3126 	 -0.3745 	 0.4292 	 -0.6091
2.0641 	 0.1200 	 -0.0865 	 -0.0674 	 0.1101 	 -0.2334 	 -0.3187 	 -0.3809 	 0.4438 	 -0.6045
2.0741 	 0.1211 	 -0.0888 	 -0.0706 	 0.1062 	 -0.2289 	 -0.3247 	 -0.3907 	 0.4594 	 -0.5956
2.0842 	 0.1221 	 -0.0911 	 -0.0739 	 0.1023 	 -0.2242 	 -0.3307 	 -0.3999 	 0.4734 	 -0.5869
2.0942 	 0.1231 	 -0.0933 	 -0.0772 	 0.0982 	 -0.2194 	 -0.3365 	 -0.4086 	 0.4850 	 -0.5781
2.1042 	 0.1241 	 -0.0955 	 -0.0806 	 0.0941 	 -0.2145 	 -0.3422 	 -0.4169 	 0.4941 	 -0.5694
2.1142 	 0.1250 	 -0.0976 	 -0.0841 	 0.0899 	 -0.2095 	 -0.3479 	 -0.4261 	 0.5020 	 -0.5665
2.1242 	 0.1259 	 -0.0997 	 -0.0876 	 0.0856 	 -0.2044 	 -0.3535 	 -0.4273 	 0.5021 	 -0.5557
2.1343 	 0.1267 	 -0.1017 	 -0.0912 	 0.0813 	 -0.1994 	 -0.3590 	 -0.4316 	 0.5056 	 -0.5452
2.1443 	 0.1275 	 -0.1037 	 -0.0948 	 0.0769 	 -0.1943 	 -0.3645 	 -0.4347 	 0.5090 	 -0.5347
2.1543 	 0.1282 	 -0.1056 	 -0.0985 	 0.0726 	 -0.1892 	 -0.3698 	 -0.4364 	 0.5112 	 -0.5312
2.1643 	 0.1289 	 -0.1074 	 -0.1022 	 0.0682 	 -0.1841 	 -0.3751 	 -0.4387 	 0.5151 	 -0.5281
2.1743 	 0.1296 	 -0.1093 	 -0.1060 	 0.0638 	 -0.1789 	 -0.3804 	 -0.4391 	 0.5179 	 -0.5237
2.1844 	 0.1302 	 -0.1110 	 -0.1098 	 0.0594 	 -0.1737 	 -0.3855 	 -0.4397 	 0.5219 	 -0.5138
2.1944 	 0.1308 	 -0.1127 	 -0.1137 	 0.0550 	 -0.1684 	 -0.3906 	 -0.4403 	 0.5260 	 -0.5039
2.2044 	 0.1313 	 -0.1144 	 -0.1177 	 0.0506 	 -0.1631 	 -0.3956 	 -0.4412 	 0.5301 	 -0.4941
2.2144 	 0.1318 	 -0.1160 	 -0.1217 	 0.0461 	 -0.1578 	 -0.4005 	 -0.4424 	 0.5344 	 -0.4844
2.2244 	 0.1323 	 -0.1176 	 -0.1257 	 0.0417 	 -0.1524 	 -0.4054 	 -0.4440 	 0.5388 	 -0.4750
2.2345 	 0.1326 	 -0.1191 	 -0.1298 	 0.0372 	 -0.1470 	 -0.4101 	 -0.4495 	 0.5428 	 -0.4700
2.2445 	 0.1330 	 -0.1205 	 -0.1339 	 0.0327 	 -0.1415 	 -0.4148 	 -0.4510 	 0.5476 	 -0.4605
2.2545 	 0.1333 	 -0.1219 	 -0.1381 	 0.0281 	 -0.1360 	 -0.4193 	 -0.4560 	 0.5426 	 -0.4571
2.2645 	 0.1336 	 -0.1232 	 -0.1423 	 0.0236 	 -0.1306 	 -0.4239 	 -0.4561 	 0.5473 	 -0.4537
2.2745 	 0.1338 	 -0.1245 	 -0.1466 	 0.0190 	 -0.1251 	 -0.4284 	 -0.4580 	 0.5541 	 -0.4458
2.2846 	 0.1339 	 -0.1257 	 -0.1509 	 0.0144 	 -0.1195 	 -0.4328 	 -0.4589 	 0.5597 	 -0.4443
2.2946 	 0.1341 	 -0.1269 	 -0.1553 	 0.0098 	 -0.1138 	 -0.4373 	 -0.4612 	 0.5667 	 -0.4374
2.3046 	 0.1341 	 -0.1280 	 -0.1597 	 0.0052 	 -0.1081 	 -0.4416 	 -0.4636 	 0.5723 	 -0.4370
2.3146 	 0.1342 	 -0.1291 	 -0.1641 	 0.0005 	 -0.1023 	 -0.4460 	 -0.4659 	 0.5793 	 -0.4309
2.3246 	 0.1341 	 -0.1301 	 -0.1686 	 -0.0042 	 -0.0965 	 -0.4502 	 -0.4681 	 0.5864 	 -0.4245
2.3347 	 0.1341 	 -0.1310 	 -0.1731 	 -0.0089 	 -0.0906 	 -0.4545 	 -0.4698 	 0.5933 	 -0.4177
2.3447 	 0.1340 	 -0.1319 	 -0.1777 	 -0.0136 	 -0.0846 	 -0.4586 	 -0.4763 	 0.5993 	 -0.4115
2.3547 	 0.1338 	 -0.1327 	 -0.1823 	 -0.0184 	 -0.0786 	 -0.4628 	 -0.4761 	 0.6045 	 -0.4113
2.3647 	 0.1336 	 -0.1335 	 -0.1870 	 -0.0232 	 -0.0725 	 -0.4669 	 -0.4755 	 0.6091 	 -0.4052
2.3747 	 0.1333 	 -0.1342 	 -0.1917 	 -0.0280 	 -0.0664 	 -0.4709 	 -0.4762 	 0.6114 	 -0.4063
2.3848 	 0.1330 	 -0.1348 	 -0.1964 	 -0.0327 	 -0.0602 	 -0.4749 	 -0.4796 	 0.6146 	 -0.4014
2.3948 	 0.1327 	 -0.1354 	 -0.2012 	 -0.0376 	 -0.0541 	 -0.4790 	 -0.4842 	 0.6189 	 -0.4003
2.4048 	 0.1323 	 -0.1359 	 -0.2060 	 -0.0425 	 -0.0478 	 -0.4830 	 -0.4981 	 0.6229 	 -0.3915
2.4148 	 0.1318 	 -0.1363 	 -0.2109 	 -0.0475 	 -0.0416 	 -0.4869 	 -0.5066 	 0.6265 	 -0.3856
2.4248 	 0.1313 	 -0.1367 	 -0.2158 	 -0.0527 	 -0.0353 	 -0.4907 	 -0.5155 	 0.6308 	 -0.3720
2.4349 	 0.1308 	 -0.1370 	 -0.2207 	 -0.0579 	 -0.0290 	 -0.4944 	 -0.5239 	 0.6324 	 -0.3649
2.4449 	 0.1302 	 -0.1373 	 -0.2257 	 -0.0632 	 -0.0226 	 -0.4980 	 -0.5333 	 0.6353 	 -0.3523
2.4549 	 0.1295 	 -0.1375 	 -0.2307 	 -0.0686 	 -0.0162 	 -0.5014 	 -0.5435 	 0.6386 	 -0.3400
2.4649 	 0.1288 	 -0.1376 	 -0.2357 	 -0.0740 	 -0.0098 	 -0.5048 	 -0.5544 	 0.6430 	 -0.3276
2.4749 	 0.1280 	 -0.1377 	 -0.2408 	 -0.0797 	 -0.0033 	 -0.5080 	 -0.5661 	 0.6488 	 -0.3146
2.4850 	 0.1272 	 -0.1377 	 -0.2459 	 -0.0854 	 0.0032 	 -0.5111 	 -0.5782 	 0.6563 	 -0.3004
2.4950 	 0.1263 	 -0.1376 	 -0.2510 	 -0.0913 	 0.0098 	 -0.5140 	 -0.5916 	 0.6600 	 -0.2854
2.5050 	 0.1254 	 -0.1375 	 -0.2562 	 -0.0972 	 0.0165 	 -0.5169 	 -0.5991 	 0.6751 	 -0.2752
2.5150 	 0.1244 	 -0.1373 	 -0.2614 	 -0.1032 	 0.0234 	 -0.5194 	 -0.6057 	 0.6879 	 -0.2390
2.5251 	 0.1233 	 -0.1370 	 -0.2666 	 -0.1093 	 0.0302 	 -0.5217 	 -0.6110 	 0.6837 	 -0.2047
2.5351 	 0.1222 	 -0.1367 	 -0.2719 	 -0.1155 	 0.0371 	 -0.5236 	 -0.6223 	 0.6841 	 -0.1808
2.5451 	 0.1210 	 -0.1363 	 -0.2771 	 -0.1218 	 0.0439 	 -0.5252 	 -0.6365 	 0.6861 	 -0.1530
2.5551 	 0.1197 	 -0.1358 	 -0.2824 	 -0.1283 	 0.0508 	 -0.5266 	 -0.6514 	 0.6905 	 -0.1236
2.5651 	 0.1184 	 -0.1353 	 -0.2877 	 -0.1349 	 0.0578 	 -0.5277 	 -0.6660 	 0.6978 	 -0.0970
2.5752 	 0.1170 	 -0.1346 	 -0.2929 	 -0.1416 	 0.0648 	 -0.5285 	 -0.6796 	 0.7040 	 -0.0595
2.5852 	 0.1156 	 -0.1340 	 -0.2982 	 -0.1485 	 0.0719 	 -0.5289 	 -0.6907 	 0.7102 	 -0.0179
2.5952 	 0.1141 	 -0.1332 	 -0.3035 	 -0.1554 	 0.0791 	 -0.5288 	 -0.6972 	 0.7236 	 0.0315
2.6052 	 0.1125 	 -0.1324 	 -0.3088 	 -0.1624 	 0.0863 	 -0.5283 	 -0.6993 	 0.7269 	 0.0774
2.6152 	 0.1108 	 -0.1315 	 -0.3141 	 -0.1694 	 0.0936 	 -0.5273 	 -0.7029 	 0.7265 	 0.1233
2.6253 	 0.1091 	 -0.1305 	 -0.3194 	 -0.1764 	 0.1010 	 -0.5258 	 -0.6947 	 0.7313 	 0.1674
2.6353 	 0.1073 	 -0.1294 	 -0.3247 	 -0.1834 	 0.1083 	 -0.5239 	 -0.6884 	 0.7237 	 0.2074
2.6453 	 0.1054 	 -0.1283 	 -0.3299 	 -0.1902 	 0.1155 	 -0.5217 	 -0.6797 	 0.7187 	 0.2442
2.6553 	 0.1035 	 -0.1271 	 -0.3351 	 -0.1969 	 0.1227 	 -0.5190 	 -0.6663 	 0.7128 	 0.2845
2.6653 	 0.1014 	 -0.1259 	 -0.3403 	 -0.2035 	 0.1298 	 -0.5160 	 -0.6505 	 0.7050 	 0.3241
2.6754 	 0.0994 	 -0.1245 	 -0.3455 	 -0.2100 	 0.1368 	 -0.5125 	 -0.6325 	 0.6953 	 0.3627
2.6854 	 0.0972 	 -0.1231 	 -0.3506 	 -0.2162 	 0.1437 	 -0.5087 	 -0.6126 	 0.6819 	 0.3925
2.6954 	 0.0950 	 -0.1217 	 -0.3556 	 -0.2222 	 0.1505 	 -0.5046 	 -0.5905 	 0.6680 	 0.4270
2.7054 	 0.0928 	 -0.1201 	 -0.3607 	 -0.2280 	 0.1571 	 -0.5002 	 -0.5666 	 0.6521 	 0.4599
2.7154 	 0.0905 	 -0.1185 	 -0.3657 	 -0.2336 	 0.1635 	 -0.4954 	 -0.5415 	 0.6343 	 0.4910
2.7255 	 0.0881 	 -0.1168 	 -0.3706 	 -0.2389 	 0.1698 	 -0.4904 	 -0.5162 	 0.6145 	 0.5201
2.7355 	 0.0857 	 -0.1151 	 -0.3755 	 -0.2439 	 0.1758 	 -0.4850 	 -0.4919 	 0.5927 	 0.5479
2.7455 	 0.0832 	 -0.1133 	 -0.3803 	 -0.2488 	 0.1816 	 -0.4794 	 -0.4716 	 0.5680 	 0.5769
2.7555 	 0.0807 	 -0.1115 	 -0.3851 	 -0.2534 	 0.1872 	 -0.4734 	 -0.4553 	 0.5328 	 0.6212
2.7655 	 0.0781 	 -0.1096 	 -0.3898 	 -0.2578 	 0.1923 	 -0.4669 	 -0.4152 	 0.4940 	 0.6660
2.7756 	 0.0755 	 -0.1076 	 -0.3945 	 -0.2618 	 0.1971 	 -0.4601 	 -0.3782 	 0.4632 	 0.6924
2.7856 	 0.0729 	 -0.1056 	 -0.3990 	 -0.2654 	 0.2016 	 -0.4531 	 -0.3442 	 0.4307 	 0.7175
2.7956 	 0.0702 	 -0.1036 	 -0.4035 	 -0.2687 	 0.2057 	 -0.4457 	 -0.3093 	 0.3946 	 0.7468
2.8056 	 0.0675 	 -0.1015 	 -0.4080 	 -0.2716 	 0.2095 	 -0.4381 	 -0.2789 	 0.3560 	 0.7773
2.8156 	 0.0648 	 -0.0994 	 -0.4123 	 -0.2742 	 0.2129 	 -0.4302 	 -0.2435 	 0.3194 	 0.8109
2.8257 	 0.0620 	 -0.0972 	 -0.4166 	 -0.2765 	 0.2159 	 -0.4218 	 -0.2092 	 0.2798 	 0.8506
2.8357 	 0.0592 	 -0.0951 	 -0.4208 	 -0.2784 	 0.2184 	 -0.4131 	 -0.1728 	 0.2312 	 0.8916
2.8457 	 0.0564 	 -0.0929 	 -0.4249 	 -0.2799 	 0.2205 	 -0.4040 	 -0.1309 	 0.1814 	 0.9250
2.8557 	 0.0536 	 -0.0906 	 -0.4289 	 -0.2810 	 0.2220 	 -0.3946 	 -0.0841 	 0.1253 	 0.9534
2.8657 	 0.0508 	 -0.0884 	 -0.4328 	 -0.2816 	 0.2230 	 -0.3849 	 -0.0301 	 0.0644 	 0.9754
2.8758 	 0.0480 	 -0.0862 	 -0.4366 	 -0.2816 	 0.2233 	 -0.3750 	 0.0216 	 0.0084 	 1.0100
2.8858 	 0.0452 	 -0.0839 	 -0.4403 	 -0.2812 	 0.2232 	 -0.3647 	 0.0667 	 -0.0330 	 1.0413
2.8958 	 0.0424 	 -0.0817 	 -0.4439 	 -0.2803 	 0.2227 	 -0.3541 	 0.1015 	 -0.0618 	 1.0676
2.9058 	 0.0396 	 -0.0795 	 -0.4474 	 -0.2791 	 0.2220 	 -0.3433 	 0.1373 	 -0.0897 	 1.0867
2.9158 	 0.0368 	 -0.0773 	 -0.4508 	 -0.2776 	 0.2210 	 -0.3324 	 0.1706 	 -0.1139 	 1.1026
2.9259 	 0.0340 	 -0.0751 	 -0.4540 	 -0.2757 	 0.2197 	 -0.3212 	 0.2023 	 -0.1354 	 1.1161
2.9359 	 0.0312 	 -0.0729 	 -0.4572 	 -0.2736 	 0.2182 	 -0.3100 	 0.2334 	 -0.1546 	 1.1273
2.9459 	 0.0285 	 -0.0707 	 -0.4602 	 -0.2710 	 0.2167 	 -0.2986 	 0.2687 	 -0.1638 	 1.1371
2.9559 	 0.0258 	 -0.0685 	 -0.4632 	 -0.2681 	 0.2149 	 -0.2873 	 0.3112 	 -0.1928 	 1.1319
2.9659 	 0.0232 	 -0.0664 	 -0.4660 	 -0.2648 	 0.2128 	 -0.2760 	 0.3401 	 -0.2352 	 1.1172
2.9760 	 0.0205 	 -0.0643 	 -0.4687 	 -0.2613 	 0.2103 	 -0.2648 	 0.3557 	 -0.2608 	 1.1138
2.9860 	 0.0179 	 -0.0622 	 -0.4713 	 -0.2577 	 0.2075 	 -0.2536 	 0.3763 	 -0.2814 	 1.1201
2.9960 	 0.0154 	 -0.0601 	 -0.4738 	 -0.2538 	 0.2046 	 -0.2424 	 0.3978 	 -0.2988 	 1.1192
3.0060 	 0.0128 	 -0.0581 	 -0.4762 	 -0.2497 	 0.2016 	 -0.2312 	 0.4195 	 -0.3152 	 1.1171
3.0160 	 0.0103 	 -0.0561 	 -0.4784 	 -0.2454 	 0.1983 	 -0.2200 	 0.4350 	 -0.3325 	 1.1115
3.0261 	 0.0079 	 -0.0541 	 -0.4806 	 -0.2409 	 0.1949 	 -0.2089 	 0.4536 	 -0.3465 	 1.1026
3.0361 	 0.0055 	 -0.0522 	 -0.4826 	 -0.2363 	 0.1914 	 -0.1979 	 0.4723 	 -0.3589 	 1.0963
3.0461 	 0.0032 	 -0.0503 	 -0.4845 	 -0.2315 	 0.1877 	 -0.1869 	 0.4904 	 -0.3702 	 1.0900
3.0561 	 0.0009 	 -0.0484 	 -0.4864 	 -0.2265 	 0.1840 	 -0.1761 	 0.5077 	 -0.3804 	 1.0838
3.0661 	 -0.0014 	 -0.0466 	 -0.4881 	 -0.2213 	 0.1801 	 -0.1652 	 0.5211 	 -0.3960 	 1.0759
3.0762 	 -0.0036 	 -0.0448 	 -0.4897 	 -0.2160 	 0.1761 	 -0.1545 	 0.5360 	 -0.4050 	 1.0697
3.0862 	 -0.0057 	 -0.0430 	 -0.4912 	 -0.2106 	 0.1720 	 -0.1438 	 0.5497 	 -0.4133 	 1.0636
3.0962 	 -0.0078 	 -0.0413 	 -0.4925 	 -0.2050 	 0.1678 	 -0.1331 	 0.5644 	 -0.4194 	 1.0628
3.1062 	 -0.0098 	 -0.0397 	 -0.4938 	 -0.1993 	 0.1636 	 -0.1225 	 0.5751 	 -0.4266 	 1.0566
3.1162 	 -0.0118 	 -0.0381 	 -0.4950 	 -0.1935 	 0.1592 	 -0.1120 	 0.5853 	 -0.4331 	 1.0432
3.1263 	 -0.0137 	 -0.0365 	 -0.4961 	 -0.1876 	 0.1549 	 -0.1016 	 0.5935 	 -0.4393 	 1.0363
3.1363 	 -0.0155 	 -0.0350 	 -0.4970 	 -0.1816 	 0.1504 	 -0.0912 	 0.6005 	 -0.4450 	 1.0298
3.1463 	 -0.0173 	 -0.0335 	 -0.4979 	 -0.1756 	 0.1460 	 -0.0810 	 0.6004 	 -0.4502 	 1.0195
3.1563 	 -0.0190 	 -0.0320 	 -0.4987 	 -0.1696 	 0.1414 	 -0.0708 	 0.6047 	 -0.4551 	 1.0130
3.1663 	 -0.0207 	 -0.0306 	 -0.4993 	 -0.1635 	 0.1368 	 -0.0607 	 0.6083 	 -0.4597 	 1.0068
3.1764 	 -0.0223 	 -0.0293 	 -0.4999 	 -0.1574 	 0.1322 	 -0.0506 	 0.6116 	 -0.4639 	 1.0008
3.1864 	 -0.0239 	 -0.0280 	 -0.5003 	 -0.1512 	 0.1275 	 -0.0406 	 0.6147 	 -0.4677 	 0.9950
3.1964 	 -0.0253 	 -0.0267 	 -0.5007 	 -0.1450 	 0.1229 	 -0.0307 	 0.6200 	 -0.4663 	 0.9901
3.2064 	 -0.0268 	 -0.0255 	 -0.5010 	 -0.1388 	 0.1182 	 -0.0208 	 0.6236 	 -0.4648 	 0.9800
3.2164 	 -0.0281 	 -0.0244 	 -0.5011 	 -0.1325 	 0.1136 	 -0.0110 	 0.6287 	 -0.4628 	 0.9714
3.2265 	 -0.0294 	 -0.0233 	 -0.5012 	 -0.1262 	 0.1089 	 -0.0013 	 0.6313 	 -0.4667 	 0.9654
3.2365 	 -0.0307 	 -0.0222 	 -0.5011 	 -0.1198 	 0.1042 	 0.0083 	 0.6388 	 -0.4700 	 0.9563
3.2465 	 -0.0318 	 -0.0212 	 -0.5010 	 -0.1134 	 0.0995 	 0.0178 	 0.6385 	 -0.4767 	 0.9447
3.2565 	 -0.0329 	 -0.0202 	 -0.5008 	 -0.1070 	 0.0947 	 0.0272 	 0.6401 	 -0.4812 	 0.9384
3.2665 	 -0.0340 	 -0.0193 	 -0.5005 	 -0.1006 	 0.0898 	 0.0366 	 0.6419 	 -0.4855 	 0.9321
3.2766 	 -0.0349 	 -0.0184 	 -0.5001 	 -0.0942 	 0.0849 	 0.0459 	 0.6439 	 -0.4898 	 0.9260
3.2866 	 -0.0359 	 -0.0176 	 -0.4995 	 -0.0877 	 0.0800 	 0.0551 	 0.6459 	 -0.4940 	 0.9199
3.2966 	 -0.0367 	 -0.0168 	 -0.4989 	 -0.0812 	 0.0750 	 0.0643 	 0.6489 	 -0.4984 	 0.9202
3.3066 	 -0.0375 	 -0.0161 	 -0.4983 	 -0.0747 	 0.0700 	 0.0735 	 0.6513 	 -0.5024 	 0.9132
3.3166 	 -0.0382 	 -0.0154 	 -0.4975 	 -0.0681 	 0.0650 	 0.0827 	 0.6583 	 -0.5088 	 0.9082
3.3267 	 -0.0388 	 -0.0148 	 -0.4966 	 -0.0615 	 0.0598 	 0.0917 	 0.6600 	 -0.5121 	 0.9010
3.3367 	 -0.0394 	 -0.0142 	 -0.4956 	 -0.0549 	 0.0547 	 0.1007 	 0.6661 	 -0.5165 	 0.8982
3.3467 	 -0.0399 	 -0.0137 	 -0.4946 	 -0.0482 	 0.0495 	 0.1097 	 0.6676 	 -0.5195 	 0.8905
3.3567 	 -0.0404 	 -0.0132 	 -0.4934 	 -0.0415 	 0.0443 	 0.1186 	 0.6693 	 -0.5224 	 0.8828
3.3667 	 -0.0408 	 -0.0128 	 -0.4922 	 -0.0348 	 0.0390 	 0.1274 	 0.6711 	 -0.5251 	 0.8751
3.3768 	 -0.0411 	 -0.0124 	 -0.4909 	 -0.0281 	 0.0338 	 0.1361 	 0.6730 	 -0.5279 	 0.8676
3.3868 	 -0.0413 	 -0.0121 	 -0.4895 	 -0.0213 	 0.0285 	 0.1447 	 0.6761 	 -0.5300 	 0.8535
3.3968 	 -0.0415 	 -0.0118 	 -0.4880 	 -0.0145 	 0.0231 	 0.1532 	 0.6782 	 -0.5326 	 0.8457
3.4068 	 -0.0416 	 -0.0116 	 -0.4864 	 -0.0077 	 0.0178 	 0.1617 	 0.6803 	 -0.5354 	 0.8380
3.4168 	 -0.0417 	 -0.0115 	 -0.4847 	 -0.0009 	 0.0124 	 0.1700 	 0.6825 	 -0.5381 	 0.8304
3.4269 	 -0.0417 	 -0.0114 	 -0.4830 	 0.0060 	 0.0070 	 0.1783 	 0.6851 	 -0.5374 	 0.8290
3.4369 	 -0.0416 	 -0.0113 	 -0.4812 	 0.0128 	 0.0016 	 0.1866 	 0.6859 	 -0.5390 	 0.8157
3.4469 	 -0.0414 	 -0.0114 	 -0.4793 	 0.0197 	 -0.0038 	 0.1947 	 0.6878 	 -0.5415 	 0.8081
3.4569 	 -0.0412 	 -0.0114 	 -0.4773 	 0.0266 	 -0.0092 	 0.2028 	 0.6896 	 -0.5441 	 0.8005
3.4669 	 -0.0409 	 -0.0115 	 -0.4752 	 0.0335 	 -0.0147 	 0.2108 	 0.6911 	 -0.5469 	 0.7931
3.4770 	 -0.0405 	 -0.0117 	 -0.4730 	 0.0404 	 -0.0202 	 0.2187 	 0.6858 	 -0.5519 	 0.7872
3.4870 	 -0.0401 	 -0.0120 	 -0.4708 	 0.0473 	 -0.0257 	 0.2266 	 0.6862 	 -0.5551 	 0.7803
3.4970 	 -0.0395 	 -0.0122 	 -0.4685 	 0.0542 	 -0.0313 	 0.2343 	 0.6863 	 -0.5586 	 0.7735
3.5070 	 -0.0390 	 -0.0126 	 -0.4661 	 0.0610 	 -0.0369 	 0.2421 	 0.6859 	 -0.5621 	 0.7669
3.5170 	 -0.0383 	 -0.0130 	 -0.4637 	 0.0679 	 -0.0426 	 0.2497 	 0.6873 	 -0.5583 	 0.7553
3.5271 	 -0.0376 	 -0.0134 	 -0.4611 	 0.0748 	 -0.0482 	 0.2572 	 0.6837 	 -0.5681 	 0.7487
3.5371 	 -0.0368 	 -0.0139 	 -0.4585 	 0.0816 	 -0.0540 	 0.2647 	 0.6815 	 -0.5720 	 0.7433
3.5471 	 -0.0360 	 -0.0145 	 -0.4558 	 0.0884 	 -0.0597 	 0.2721 	 0.6788 	 -0.5759 	 0.7382
3.5571 	 -0.0350 	 -0.0151 	 -0.4530 	 0.0952 	 -0.0654 	 0.2795 	 0.6784 	 -0.5739 	 0.7305
3.5671 	 -0.0341 	 -0.0158 	 -0.4502 	 0.1020 	 -0.0712 	 0.2868 	 0.6751 	 -0.5767 	 0.7255
3.5772 	 -0.0330 	 -0.0166 	 -0.4473 	 0.1088 	 -0.0770 	 0.2941 	 0.6717 	 -0.5800 	 0.7260
3.5872 	 -0.0319 	 -0.0174 	 -0.4443 	 0.1155 	 -0.0828 	 0.3013 	 0.6673 	 -0.5826 	 0.7197
3.5972 	 -0.0307 	 -0.0182 	 -0.4413 	 0.1221 	 -0.0887 	 0.3084 	 0.6611 	 -0.5817 	 0.7072
3.6072 	 -0.0294 	 -0.0191 	 -0.4381 	 0.1287 	 -0.0945 	 0.3155 	 0.6608 	 -0.5835 	 0.6967
3.6172 	 -0.0281 	 -0.0201 	 -0.4349 	 0.1353 	 -0.1004 	 0.3224 	 0.6486 	 -0.5893 	 0.6882
3.6273 	 -0.0267 	 -0.0212 	 -0.4317 	 0.1417 	 -0.1063 	 0.3293 	 0.6397 	 -0.5918 	 0.6830
3.6373 	 -0.0253 	 -0.0223 	 -0.4283 	 0.1481 	 -0.1122 	 0.3361 	 0.6278 	 -0.5941 	 0.6795
3.6473 	 -0.0238 	 -0.0234 	 -0.4249 	 0.1543 	 -0.1182 	 0.3429 	 0.6115 	 -0.5949 	 0.6762
3.6573 	 -0.0222 	 -0.0246 	 -0.4215 	 0.1603 	 -0.1242 	 0.3497 	 0.5928 	 -0.5924 	 0.6701
3.6673 	 -0.0205 	 -0.0259 	 -0.4179 	 0.1662 	 -0.1301 	 0.3563 	 0.5761 	 -0.5875 	 0.6604
3.6774 	 -0.0188 	 -0.0272 	 -0.4143 	 0.1719 	 -0.1359 	 0.3629 	 0.5627 	 -0.5820 	 0.6493
3.6874 	 -0.0171 	 -0.0286 	 -0.4107 	 0.1775 	 -0.1417 	 0.3693 	 0.5518 	 -0.5765 	 0.6381
3.6974 	 -0.0153 	 -0.0301 	 -0.4069 	 0.1830 	 -0.1475 	 0.3757 	 0.5427 	 -0.5712 	 0.6272
3.7074 	 -0.0134 	 -0.0316 	 -0.4031 	 0.1884 	 -0.1532 	 0.3819 	 0.5347 	 -0.5660 	 0.6167
3.7174 	 -0.0115 	 -0.0331 	 -0.3993 	 0.1937 	 -0.1588 	 0.3880 	 0.5277 	 -0.5610 	 0.6065
3.7275 	 -0.0096 	 -0.0348 	 -0.3954 	 0.1989 	 -0.1644 	 0.3941 	 0.5214 	 -0.5560 	 0.5965
3.7375 	 -0.0075 	 -0.0364 	 -0.3914 	 0.2041 	 -0.1700 	 0.4000 	 0.5158 	 -0.5512 	 0.5867
3.7475 	 -0.0055 	 -0.0382 	 -0.3873 	 0.2093 	 -0.1755 	 0.4058 	 0.5107 	 -0.5464 	 0.5769
3.7575 	 -0.0033 	 -0.0399 	 -0.3832 	 0.2144 	 -0.1809 	 0.4116 	 0.5061 	 -0.5417 	 0.5670
3.7675 	 -0.0012 	 -0.0418 	 -0.3791 	 0.2194 	 -0.1863 	 0.4172 	 0.5021 	 -0.5371 	 0.5570
3.7776 	 0.0011 	 -0.0437 	 -0.3749 	 0.2244 	 -0.1917 	 0.4227 	 0.4998 	 -0.5367 	 0.5479
3.7876 	 0.0033 	 -0.0456 	 -0.3706 	 0.2294 	 -0.1971 	 0.4282 	 0.4959 	 -0.5304 	 0.5365
3.7976 	 0.0057 	 -0.0476 	 -0.3663 	 0.2344 	 -0.2023 	 0.4335 	 0.4905 	 -0.5215 	 0.5303
3.8076 	 0.0080 	 -0.0497 	 -0.3619 	 0.2393 	 -0.2075 	 0.4388 	 0.4871 	 -0.5149 	 0.5177
3.8176 	 0.0105 	 -0.0518 	 -0.3575 	 0.2441 	 -0.2126 	 0.4439 	 0.4841 	 -0.5084 	 0.5041
3.8277 	 0.0129 	 -0.0539 	 -0.3530 	 0.2490 	 -0.2177 	 0.4489 	 0.4814 	 -0.5018 	 0.4889
3.8377 	 0.0154 	 -0.0562 	 -0.3485 	 0.2538 	 -0.2227 	 0.4537 	 0.4767 	 -0.4994 	 0.4732
3.8477 	 0.0180 	 -0.0584 	 -0.3440 	 0.2585 	 -0.2277 	 0.4583 	 0.4747 	 -0.4931 	 0.4521
3.8577 	 0.0206 	 -0.0607 	 -0.3393 	 0.2633 	 -0.2326 	 0.4627 	 0.4728 	 -0.4868 	 0.4266
3.8677 	 0.0233 	 -0.0631 	 -0.3347 	 0.2680 	 -0.2374 	 0.4669 	 0.4706 	 -0.4794 	 0.3948
3.8778 	 0.0260 	 -0.0655 	 -0.3300 	 0.2727 	 -0.2422 	 0.4706 	 0.4672 	 -0.4675 	 0.3571
3.8878 	 0.0287 	 -0.0679 	 -0.3253 	 0.2774 	 -0.2468 	 0.4741 	 0.4588 	 -0.4522 	 0.3236
3.8978 	 0.0315 	 -0.0704 	 -0.3205 	 0.2819 	 -0.2512 	 0.4771 	 0.4536 	 -0.4220 	 0.2900
3.9078 	 0.0344 	 -0.0730 	 -0.3157 	 0.2865 	 -0.2553 	 0.4798 	 0.4536 	 -0.4003 	 0.2508
3.9178 	 0.0373 	 -0.0755 	 -0.3109 	 0.2910 	 -0.2592 	 0.4822 	 0.4397 	 -0.3713 	 0.2264
3.9279 	 0.0402 	 -0.0781 	 -0.3060 	 0.2953 	 -0.2628 	 0.4842 	 0.4308 	 -0.3439 	 0.1818
3.9379 	 0.0432 	 -0.0808 	 -0.3012 	 0.2996 	 -0.2660 	 0.4858 	 0.4196 	 -0.3070 	 0.1331
3.9479 	 0.0462 	 -0.0835 	 -0.2963 	 0.3037 	 -0.2690 	 0.4869 	 0.4036 	 -0.2732 	 0.0779
3.9579 	 0.0493 	 -0.0862 	 -0.2914 	 0.3077 	 -0.2715 	 0.4874 	 0.3814 	 -0.2336 	 0.0234
3.9679 	 0.0524 	 -0.0889 	 -0.2865 	 0.3113 	 -0.2736 	 0.4873 	 0.3533 	 -0.1891 	 -0.0430
3.9780 	 0.0555 	 -0.0917 	 -0.2817 	 0.3147 	 -0.2752 	 0.4866 	 0.3167 	 -0.1364 	 -0.1079
3.9880 	 0.0587 	 -0.0944 	 -0.2768 	 0.3176 	 -0.2763 	 0.4851 	 0.2684 	 -0.0768 	 -0.1883
3.9980 	 0.0619 	 -0.0972 	 -0.2719 	 0.3200 	 -0.2768 	 0.4828 	 0.1962 	 -0.0139 	 -0.2631
4.0080 	 0.0651 	 -0.1000 	 -0.2671 	 0.3216 	 -0.2766 	 0.4799 	 0.1181 	 0.0508 	 -0.3235
4.0180 	 0.0683 	 -0.1027 	 -0.2623 	 0.3223 	 -0.2758 	 0.4763 	 0.0373 	 0.1082 	 -0.3817
4.0281 	 0.0716 	 -0.1055 	 -0.2576 	 0.3224 	 -0.2745 	 0.4723 	 -0.0307 	 0.1526 	 -0.4207
4.0381 	 0.0748 	 -0.1082 	 -0.2529 	 0.3218 	 -0.2727 	 0.4679 	 -0.0861 	 0.1920 	 -0.4464
4.0481 	 0.0780 	 -0.1110 	 -0.2482 	 0.3207 	 -0.2706 	 0.4634 	 -0.1344 	 0.2269 	 -0.4607
4.0581 	 0.0812 	 -0.1137 	 -0.2436 	 0.3191 	 -0.2682 	 0.4587 	 -0.1800 	 0.2607 	 -0.4781
4.0681 	 0.0844 	 -0.1163 	 -0.2390 	 0.3171 	 -0.2654 	 0.4538 	 -0.2173 	 0.2942 	 -0.4978
4.0782 	 0.0876 	 -0.1190 	 -0.2345 	 0.3147 	 -0.2623 	 0.4488 	 -0.2557 	 0.3264 	 -0.5144
4.0882 	 0.0907 	 -0.1216 	 -0.2300 	 0.3120 	 -0.2588 	 0.4435 	 -0.2893 	 0.3631 	 -0.5349
4.0982 	 0.0938 	 -0.1242 	 -0.2256 	 0.3089 	 -0.2551 	 0.4380 	 -0.3195 	 0.3913 	 -0.5525
4.1082 	 0.0969 	 -0.1267 	 -0.2212 	 0.3056 	 -0.2510 	 0.4324 	 -0.3462 	 0.4164 	 -0.5696
4.1182 	 0.0999 	 -0.1292 	 -0.2169 	 0.3020 	 -0.2467 	 0.4266 	 -0.3701 	 0.4385 	 -0.5856
4.1283 	 0.1029 	 -0.1316 	 -0.2127 	 0.2982 	 -0.2422 	 0.4207 	 -0.3949 	 0.4584 	 -0.5892
4.1383 	 0.1059 	 -0.1340 	 -0.2085 	 0.2941 	 -0.2375 	 0.4147 	 -0.4140 	 0.4765 	 -0.6054
4.1483 	 0.1088 	 -0.1364 	 -0.2044 	 0.2899 	 -0.2327 	 0.4086 	 -0.4313 	 0.4931 	 -0.6204
4.1583 	 0.1117 	 -0.1387 	 -0.2003 	 0.2855 	 -0.2277 	 0.4023 	 -0.4467 	 0.5084 	 -0.6345
4.1683 	 0.1146 	 -0.1410 	 -0.1963 	 0.2809 	 -0.2225 	 0.3959 	 -0.4606 	 0.5226 	 -0.6474
4.1784 	 0.1173 	 -0.1432 	 -0.1924 	 0.2762 	 -0.2172 	 0.3893 	 -0.4730 	 0.5360 	 -0.6525
4.1884 	 0.1201 	 -0.1453 	 -0.1885 	 0.2715 	 -0.2118 	 0.3827 	 -0.4843 	 0.5485 	 -0.6618
4.1984 	 0.1228 	 -0.1474 	 -0.1847 	 0.2665 	 -0.2062 	 0.3761 	 -0.4946 	 0.5601 	 -0.6702
4.2084 	 0.1254 	 -0.1494 	 -0.1810 	 0.2615 	 -0.2005 	 0.3693 	 -0.5041 	 0.5710 	 -0.6776
4.2184 	 0.1280 	 -0.1514 	 -0.1773 	 0.2564 	 -0.1948 	 0.3625 	 -0.5158 	 0.5819 	 -0.6891
4.2285 	 0.1306 	 -0.1533 	 -0.1737 	 0.2512 	 -0.1889 	 0.3555 	 -0.5238 	 0.5914 	 -0.6942
4.2385 	 0.1331 	 -0.1552 	 -0.1702 	 0.2459 	 -0.1829 	 0.3485 	 -0.5314 	 0.6003 	 -0.6986
4.2485 	 0.1355 	 -0.1570 	 -0.1667 	 0.2406 	 -0.1768 	 0.3415 	 -0.5387 	 0.6087 	 -0.7025
4.2585 	 0.1379 	 -0.1587 	 -0.1634 	 0.2351 	 -0.1707 	 0.3345 	 -0.5458 	 0.6166 	 -0.7060
4.2685 	 0.1402 	 -0.1604 	 -0.1600 	 0.2296 	 -0.1645 	 0.3274 	 -0.5496 	 0.6185 	 -0.7070
4.2786 	 0.1425 	 -0.1620 	 -0.1568 	 0.2241 	 -0.1583 	 0.3203 	 -0.5556 	 0.6244 	 -0.7095
4.2886 	 0.1447 	 -0.1636 	 -0.1536 	 0.2185 	 -0.1520 	 0.3132 	 -0.5648 	 0.6321 	 -0.7070
4.2986 	 0.1469 	 -0.1651 	 -0.1505 	 0.2128 	 -0.1456 	 0.3061 	 -0.5702 	 0.6375 	 -0.7102
4.3086 	 0.1490 	 -0.1665 	 -0.1475 	 0.2071 	 -0.1392 	 0.2989 	 -0.5753 	 0.6428 	 -0.7135
4.3186 	 0.1510 	 -0.1679 	 -0.1445 	 0.2013 	 -0.1327 	 0.2918 	 -0.5734 	 0.6486 	 -0.7191
4.3287 	 0.1530 	 -0.1692 	 -0.1416 	 0.1956 	 -0.1262 	 0.2845 	 -0.5771 	 0.6537 	 -0.7234
4.3387 	 0.1549 	 -0.1704 	 -0.1388 	 0.1898 	 -0.1196 	 0.2773 	 -0.5804 	 0.6587 	 -0.7281
4.3487 	 0.1568 	 -0.1716 	 -0.1361 	 0.1839 	 -0.1130 	 0.2699 	 -0.5834 	 0.6635 	 -0.7332
4.3587 	 0.1586 	 -0.1727 	 -0.1334 	 0.1781 	 -0.1063 	 0.2626 	 -0.5859 	 0.6681 	 -0.7388
4.3687 	 0.1604 	 -0.1737 	 -0.1308 	 0.1722 	 -0.0996 	 0.2551 	 -0.5837 	 0.6679 	 -0.7440
4.3788 	 0.1621 	 -0.1747 	 -0.1283 	 0.1663 	 -0.0929 	 0.2476 	 -0.5858 	 0.6728 	 -0.7504
4.3888 	 0.1637 	 -0.1756 	 -0.1259 	 0.1605 	 -0.0862 	 0.2401 	 -0.5871 	 0.6775 	 -0.7569
4.3988 	 0.1653 	 -0.1764 	 -0.1235 	 0.1546 	 -0.0793 	 0.2324 	 -0.5836 	 0.6813 	 -0.7685
4.4088 	 0.1668 	 -0.1772 	 -0.1212 	 0.1488 	 -0.0725 	 0.2247 	 -0.5834 	 0.6853 	 -0.7749
4.4188 	 0.1683 	 -0.1778 	 -0.1190 	 0.1429 	 -0.0656 	 0.2169 	 -0.5827 	 0.6889 	 -0.7809
4.4289 	 0.1697 	 -0.1785 	 -0.1169 	 0.1371 	 -0.0587 	 0.2091 	 -0.5814 	 0.6922 	 -0.7865
4.4389 	 0.1710 	 -0.1790 	 -0.1148 	 0.1313 	 -0.0517 	 0.2011 	 -0.5797 	 0.6953 	 -0.7915
4.4489 	 0.1723 	 -0.1795 	 -0.1128 	 0.1255 	 -0.0448 	 0.1932 	 -0.5801 	 0.6998 	 -0.7962
4.4589 	 0.1735 	 -0.1799 	 -0.1109 	 0.1197 	 -0.0377 	 0.1851 	 -0.5775 	 0.7023 	 -0.8008
4.4689 	 0.1747 	 -0.1803 	 -0.1091 	 0.1139 	 -0.0307 	 0.1771 	 -0.5746 	 0.7048 	 -0.8048
4.4790 	 0.1758 	 -0.1805 	 -0.1074 	 0.1082 	 -0.0236 	 0.1690 	 -0.5715 	 0.7071 	 -0.8084
4.4890 	 0.1769 	 -0.1807 	 -0.1057 	 0.1024 	 -0.0165 	 0.1609 	 -0.5667 	 0.7085 	 -0.8050
4.4990 	 0.1779 	 -0.1809 	 -0.1042 	 0.0968 	 -0.0094 	 0.1529 	 -0.5669 	 0.7144 	 -0.8021
4.5090 	 0.1788 	 -0.1809 	 -0.1027 	 0.0911 	 -0.0023 	 0.1448 	 -0.5612 	 0.7201 	 -0.8025
4.5190 	 0.1797 	 -0.1809 	 -0.1013 	 0.0855 	 0.0050 	 0.1368 	 -0.5568 	 0.7191 	 -0.8033
4.5291 	 0.1805 	 -0.1808 	 -0.0999 	 0.0800 	 0.0122 	 0.1287 	 -0.5520 	 0.7179 	 -0.8036
4.5391 	 0.1813 	 -0.1807 	 -0.0987 	 0.0745 	 0.0193 	 0.1207 	 -0.5470 	 0.7164 	 -0.8035
4.5491 	 0.1820 	 -0.1804 	 -0.0975 	 0.0690 	 0.0265 	 0.1126 	 -0.5417 	 0.7145 	 -0.8028
4.5591 	 0.1827 	 -0.1801 	 -0.0964 	 0.0636 	 0.0337 	 0.1046 	 -0.5364 	 0.7122 	 -0.8016
4.5691 	 0.1833 	 -0.1798 	 -0.0954 	 0.0582 	 0.0408 	 0.0966 	 -0.5312 	 0.7093 	 -0.8000
4.5792 	 0.1838 	 -0.1793 	 -0.0945 	 0.0530 	 0.0479 	 0.0886 	 -0.5262 	 0.7060 	 -0.7979
4.5892 	 0.1843 	 -0.1788 	 -0.0936 	 0.0477 	 0.0549 	 0.0806 	 -0.5217 	 0.7023 	 -0.7954
4.5992 	 0.1848 	 -0.1782 	 -0.0929 	 0.0425 	 0.0619 	 0.0726 	 -0.5178 	 0.6981 	 -0.7928
4.6092 	 0.1852 	 -0.1776 	 -0.0922 	 0.0373 	 0.0689 	 0.0647 	 -0.5164 	 0.6949 	 -0.7846
4.6192 	 0.1855 	 -0.1768 	 -0.0916 	 0.0322 	 0.0759 	 0.0568 	 -0.5137 	 0.6899 	 -0.7831
4.6293 	 0.1858 	 -0.1760 	 -0.0910 	 0.0270 	 0.0827 	 0.0490 	 -0.5117 	 0.6848 	 -0.7820
4.6393 	 0.1861 	 -0.1752 	 -0.0906 	 0.0219 	 0.0896 	 0.0412 	 -0.5104 	 0.6795 	 -0.7812
4.6493 	 0.1863 	 -0.1742 	 -0.0902 	 0.0168 	 0.0964 	 0.0334 	 -0.5097 	 0.6742 	 -0.7808
4.6593 	 0.1864 	 -0.1732 	 -0.0899 	 0.0117 	 0.1030 	 0.0256 	 -0.5068 	 0.6635 	 -0.7769
4.6693 	 0.1865 	 -0.1722 	 -0.0897 	 0.0066 	 0.1097 	 0.0178 	 -0.5067 	 0.6574 	 -0.7767
4.6794 	 0.1866 	 -0.1710 	 -0.0896 	 0.0016 	 0.1162 	 0.0100 	 -0.5070 	 0.6513 	 -0.7770
4.6894 	 0.1865 	 -0.1699 	 -0.0895 	 -0.0035 	 0.1227 	 0.0022 	 -0.5075 	 0.6453 	 -0.7776
4.6994 	 0.1865 	 -0.1686 	 -0.0895 	 -0.0086 	 0.1292 	 -0.0056 	 -0.5082 	 0.6393 	 -0.7785
4.7094 	 0.1864 	 -0.1673 	 -0.0896 	 -0.0137 	 0.1355 	 -0.0134 	 -0.5090 	 0.6333 	 -0.7796
4.7194 	 0.1862 	 -0.1659 	 -0.0898 	 -0.0188 	 0.1418 	 -0.0212 	 -0.5097 	 0.6273 	 -0.7809
4.7295 	 0.1860 	 -0.1644 	 -0.0900 	 -0.0239 	 0.1481 	 -0.0290 	 -0.5101 	 0.6211 	 -0.7824
4.7395 	 0.1857 	 -0.1629 	 -0.0904 	 -0.0290 	 0.1543 	 -0.0369 	 -0.5102 	 0.6148 	 -0.7840
4.7495 	 0.1854 	 -0.1613 	 -0.0908 	 -0.0341 	 0.1604 	 -0.0448 	 -0.5097 	 0.6083 	 -0.7858
4.7595 	 0.1850 	 -0.1597 	 -0.0913 	 -0.0393 	 0.1665 	 -0.0526 	 -0.5087 	 0.6015 	 -0.7879
4.7695 	 0.1846 	 -0.1580 	 -0.0918 	 -0.0443 	 0.1725 	 -0.0605 	 -0.5044 	 0.5926 	 -0.7846
4.7796 	 0.1842 	 -0.1562 	 -0.0925 	 -0.0494 	 0.1784 	 -0.0684 	 -0.5019 	 0.5848 	 -0.7867
4.7896 	 0.1836 	 -0.1544 	 -0.0932 	 -0.0544 	 0.1842 	 -0.0763 	 -0.4989 	 0.5765 	 -0.7893
4.7996 	 0.1831 	 -0.1525 	 -0.0940 	 -0.0594 	 0.1899 	 -0.0842 	 -0.4954 	 0.5677 	 -0.7924
4.8096 	 0.1824 	 -0.1506 	 -0.0949 	 -0.0643 	 0.1956 	 -0.0922 	 -0.4915 	 0.5584 	 -0.7960
4.8196 	 0.1818 	 -0.1486 	 -0.0959 	 -0.0692 	 0.2011 	 -0.1002 	 -0.4906 	 0.5492 	 -0.7945
4.8297 	 0.1811 	 -0.1466 	 -0.0969 	 -0.0741 	 0.2066 	 -0.1082 	 -0.4839 	 0.5490 	 -0.7976
4.8397 	 0.1803 	 -0.1445 	 -0.0980 	 -0.0789 	 0.2121 	 -0.1162 	 -0.4787 	 0.5373 	 -0.8012
4.8497 	 0.1795 	 -0.1423 	 -0.0992 	 -0.0837 	 0.2174 	 -0.1243 	 -0.4720 	 0.5265 	 -0.8096
4.8597 	 0.1786 	 -0.1401 	 -0.1005 	 -0.0884 	 0.2226 	 -0.1324 	 -0.4669 	 0.5130 	 -0.8110
4.8697 	 0.1777 	 -0.1379 	 -0.1019 	 -0.0930 	 0.2277 	 -0.1405 	 -0.4598 	 0.5005 	 -0.8179
4.8798 	 0.1768 	 -0.1356 	 -0.1033 	 -0.0976 	 0.2327 	 -0.1487 	 -0.4550 	 0.4866 	 -0.8187
4.8898 	 0.1758 	 -0.1332 	 -0.1049 	 -0.1022 	 0.2375 	 -0.1569 	 -0.4506 	 0.4726 	 -0.8189
4.8998 	 0.1747 	 -0.1308 	 -0.1065 	 -0.1067 	 0.2421 	 -0.1651 	 -0.4465 	 0.4585 	 -0.8187
4.9098 	 0.1736 	 -0.1284 	 -0.1082 	 -0.1111 	 0.2467 	 -0.1733 	 -0.4428 	 0.4443 	 -0.8182
4.9198 	 0.1725 	 -0.1259 	 -0.1099 	 -0.1155 	 0.2510 	 -0.1815 	 -0.4394 	 0.4300 	 -0.8175
4.9299 	 0.1713 	 -0.1233 	 -0.1118 	 -0.1199 	 0.2553 	 -0.1897 	 -0.4362 	 0.4155 	 -0.8167
4.9399 	 0.1701 	 -0.1208 	 -0.1137 	 -0.1243 	 0.2594 	 -0.1979 	 -0.4382 	 0.4012 	 -0.8199
4.9499 	 0.1688 	 -0.1181 	 -0.1158 	 -0.1286 	 0.2633 	 -0.2061 	 -0.4346 	 0.3911 	 -0.8169
4.9599 	 0.1675 	 -0.1155 	 -0.1179 	 -0.1330 	 0.2672 	 -0.2143 	 -0.4324 	 0.3749 	 -0.8171
4.9699 	 0.1661 	 -0.1128 	 -0.1201 	 -0.1373 	 0.2709 	 -0.2225 	 -0.4300 	 0.3580 	 -0.8172
4.9800 	 0.1647 	 -0.1100 	 -0.1223 	 -0.1416 	 0.2744 	 -0.2306 	 -0.4274 	 0.3405 	 -0.8172
4.9900 	 0.1633 	 -0.1073 	 -0.1247 	 -0.1459 	 0.2777 	 -0.2388 	 -0.4245 	 0.3223 	 -0.8171
