100-Body Run with i = 62 th particle. (Units in pc,M_solar,Myr, km s-1) 

time		 x 		 y 		 z 		 xdot 		 ydot 		 zdot 		 xddot 		 yddot 		 zddot
0.0000 	 -0.0123 	 -0.0128 	 0.2130 	 0.0113 	 0.0077 	 -0.0038 	 0.1770 	 -0.0384 	 -0.4266
0.0100 	 -0.0122 	 -0.0127 	 0.2129 	 0.0131 	 0.0073 	 -0.0081 	 0.1760 	 -0.0390 	 -0.4272
0.0200 	 -0.0121 	 -0.0126 	 0.2128 	 0.0149 	 0.0069 	 -0.0124 	 0.1750 	 -0.0397 	 -0.4278
0.0301 	 -0.0119 	 -0.0126 	 0.2126 	 0.0166 	 0.0065 	 -0.0166 	 0.1740 	 -0.0403 	 -0.4285
0.0401 	 -0.0117 	 -0.0125 	 0.2125 	 0.0184 	 0.0061 	 -0.0209 	 0.1730 	 -0.0409 	 -0.4293
0.0501 	 -0.0115 	 -0.0124 	 0.2122 	 0.0201 	 0.0057 	 -0.0252 	 0.1720 	 -0.0415 	 -0.4301
0.0601 	 -0.0113 	 -0.0124 	 0.2120 	 0.0218 	 0.0053 	 -0.0296 	 0.1710 	 -0.0421 	 -0.4310
0.0701 	 -0.0111 	 -0.0123 	 0.2116 	 0.0235 	 0.0049 	 -0.0339 	 0.1700 	 -0.0427 	 -0.4319
0.0802 	 -0.0108 	 -0.0123 	 0.2113 	 0.0252 	 0.0044 	 -0.0382 	 0.1690 	 -0.0433 	 -0.4329
0.0902 	 -0.0106 	 -0.0122 	 0.2109 	 0.0269 	 0.0040 	 -0.0426 	 0.1680 	 -0.0439 	 -0.4339
0.1002 	 -0.0103 	 -0.0122 	 0.2104 	 0.0286 	 0.0036 	 -0.0469 	 0.1670 	 -0.0444 	 -0.4350
0.1102 	 -0.0100 	 -0.0122 	 0.2099 	 0.0303 	 0.0031 	 -0.0513 	 0.1660 	 -0.0450 	 -0.4362
0.1202 	 -0.0097 	 -0.0121 	 0.2094 	 0.0319 	 0.0027 	 -0.0557 	 0.1650 	 -0.0456 	 -0.4374
0.1303 	 -0.0094 	 -0.0121 	 0.2088 	 0.0336 	 0.0022 	 -0.0600 	 0.1640 	 -0.0461 	 -0.4387
0.1403 	 -0.0090 	 -0.0121 	 0.2082 	 0.0352 	 0.0017 	 -0.0644 	 0.1630 	 -0.0467 	 -0.4400
0.1503 	 -0.0087 	 -0.0121 	 0.2075 	 0.0368 	 0.0013 	 -0.0689 	 0.1620 	 -0.0472 	 -0.4414
0.1603 	 -0.0083 	 -0.0121 	 0.2068 	 0.0384 	 0.0008 	 -0.0733 	 0.1610 	 -0.0478 	 -0.4429
0.1703 	 -0.0079 	 -0.0121 	 0.2061 	 0.0401 	 0.0003 	 -0.0777 	 0.1600 	 -0.0483 	 -0.4444
0.1804 	 -0.0075 	 -0.0121 	 0.2053 	 0.0417 	 -0.0002 	 -0.0822 	 0.1589 	 -0.0489 	 -0.4461
0.1904 	 -0.0071 	 -0.0121 	 0.2044 	 0.0432 	 -0.0007 	 -0.0867 	 0.1579 	 -0.0494 	 -0.4477
0.2004 	 -0.0066 	 -0.0121 	 0.2035 	 0.0448 	 -0.0012 	 -0.0912 	 0.1568 	 -0.0499 	 -0.4495
0.2104 	 -0.0062 	 -0.0121 	 0.2026 	 0.0464 	 -0.0017 	 -0.0957 	 0.1558 	 -0.0505 	 -0.4514
0.2204 	 -0.0057 	 -0.0121 	 0.2016 	 0.0479 	 -0.0022 	 -0.1002 	 0.1547 	 -0.0510 	 -0.4533
0.2305 	 -0.0052 	 -0.0121 	 0.2006 	 0.0495 	 -0.0027 	 -0.1048 	 0.1536 	 -0.0515 	 -0.4553
0.2405 	 -0.0047 	 -0.0122 	 0.1995 	 0.0510 	 -0.0032 	 -0.1093 	 0.1526 	 -0.0521 	 -0.4574
0.2505 	 -0.0042 	 -0.0122 	 0.1984 	 0.0525 	 -0.0037 	 -0.1139 	 0.1515 	 -0.0526 	 -0.4596
0.2605 	 -0.0036 	 -0.0122 	 0.1972 	 0.0541 	 -0.0043 	 -0.1186 	 0.1504 	 -0.0531 	 -0.4618
0.2705 	 -0.0031 	 -0.0123 	 0.1960 	 0.0556 	 -0.0048 	 -0.1232 	 0.1497 	 -0.0534 	 -0.4705
0.2806 	 -0.0025 	 -0.0123 	 0.1947 	 0.0570 	 -0.0053 	 -0.1279 	 0.1488 	 -0.0535 	 -0.4791
0.2906 	 -0.0020 	 -0.0124 	 0.1934 	 0.0585 	 -0.0059 	 -0.1327 	 0.1476 	 -0.0540 	 -0.4811
0.3006 	 -0.0014 	 -0.0125 	 0.1921 	 0.0600 	 -0.0064 	 -0.1376 	 0.1465 	 -0.0546 	 -0.4832
0.3106 	 -0.0008 	 -0.0125 	 0.1907 	 0.0615 	 -0.0070 	 -0.1424 	 0.1453 	 -0.0552 	 -0.4853
0.3206 	 -0.0001 	 -0.0126 	 0.1892 	 0.0629 	 -0.0075 	 -0.1473 	 0.1441 	 -0.0557 	 -0.4876
0.3307 	 0.0005 	 -0.0127 	 0.1877 	 0.0644 	 -0.0081 	 -0.1522 	 0.1429 	 -0.0563 	 -0.4899
0.3407 	 0.0012 	 -0.0128 	 0.1862 	 0.0658 	 -0.0087 	 -0.1571 	 0.1417 	 -0.0569 	 -0.4923
0.3507 	 0.0018 	 -0.0128 	 0.1846 	 0.0672 	 -0.0092 	 -0.1621 	 0.1404 	 -0.0575 	 -0.4948
0.3607 	 0.0025 	 -0.0129 	 0.1829 	 0.0686 	 -0.0098 	 -0.1670 	 0.1392 	 -0.0580 	 -0.4975
0.3707 	 0.0032 	 -0.0130 	 0.1812 	 0.0700 	 -0.0104 	 -0.1720 	 0.1379 	 -0.0586 	 -0.5002
0.3808 	 0.0039 	 -0.0131 	 0.1795 	 0.0714 	 -0.0110 	 -0.1771 	 0.1367 	 -0.0592 	 -0.5030
0.3908 	 0.0046 	 -0.0133 	 0.1777 	 0.0727 	 -0.0116 	 -0.1821 	 0.1354 	 -0.0598 	 -0.5060
0.4008 	 0.0054 	 -0.0134 	 0.1758 	 0.0741 	 -0.0122 	 -0.1872 	 0.1341 	 -0.0604 	 -0.5090
0.4108 	 0.0061 	 -0.0135 	 0.1739 	 0.0754 	 -0.0128 	 -0.1923 	 0.1328 	 -0.0610 	 -0.5122
0.4208 	 0.0069 	 -0.0136 	 0.1720 	 0.0767 	 -0.0134 	 -0.1975 	 0.1315 	 -0.0615 	 -0.5156
0.4309 	 0.0077 	 -0.0138 	 0.1700 	 0.0780 	 -0.0140 	 -0.2027 	 0.1302 	 -0.0621 	 -0.5190
0.4409 	 0.0084 	 -0.0139 	 0.1679 	 0.0793 	 -0.0146 	 -0.2079 	 0.1288 	 -0.0627 	 -0.5226
0.4509 	 0.0092 	 -0.0141 	 0.1658 	 0.0806 	 -0.0153 	 -0.2131 	 0.1275 	 -0.0633 	 -0.5264
0.4609 	 0.0101 	 -0.0142 	 0.1636 	 0.0819 	 -0.0159 	 -0.2185 	 0.1263 	 -0.0637 	 -0.5364
0.4709 	 0.0109 	 -0.0144 	 0.1614 	 0.0832 	 -0.0166 	 -0.2239 	 0.1250 	 -0.0643 	 -0.5400
0.4810 	 0.0117 	 -0.0146 	 0.1592 	 0.0844 	 -0.0172 	 -0.2293 	 0.1257 	 -0.0667 	 -0.5495
0.4910 	 0.0126 	 -0.0147 	 0.1568 	 0.0857 	 -0.0179 	 -0.2348 	 0.1241 	 -0.0670 	 -0.5530
0.5010 	 0.0134 	 -0.0149 	 0.1545 	 0.0869 	 -0.0185 	 -0.2404 	 0.1226 	 -0.0674 	 -0.5566
0.5110 	 0.0143 	 -0.0151 	 0.1520 	 0.0881 	 -0.0192 	 -0.2460 	 0.1210 	 -0.0677 	 -0.5604
0.5210 	 0.0152 	 -0.0153 	 0.1495 	 0.0893 	 -0.0199 	 -0.2516 	 0.1194 	 -0.0681 	 -0.5643
0.5311 	 0.0161 	 -0.0155 	 0.1470 	 0.0905 	 -0.0206 	 -0.2573 	 0.1178 	 -0.0683 	 -0.5684
0.5411 	 0.0170 	 -0.0157 	 0.1444 	 0.0917 	 -0.0213 	 -0.2630 	 0.1194 	 -0.0689 	 -0.5782
0.5511 	 0.0179 	 -0.0159 	 0.1417 	 0.0929 	 -0.0220 	 -0.2688 	 0.1175 	 -0.0690 	 -0.5821
0.5611 	 0.0189 	 -0.0161 	 0.1390 	 0.0940 	 -0.0227 	 -0.2747 	 0.1187 	 -0.0706 	 -0.5979
0.5711 	 0.0198 	 -0.0164 	 0.1362 	 0.0952 	 -0.0234 	 -0.2807 	 0.1164 	 -0.0706 	 -0.6011
0.5812 	 0.0208 	 -0.0166 	 0.1334 	 0.0964 	 -0.0241 	 -0.2867 	 0.1141 	 -0.0705 	 -0.6043
0.5912 	 0.0218 	 -0.0169 	 0.1305 	 0.0975 	 -0.0248 	 -0.2928 	 0.1119 	 -0.0703 	 -0.6077
0.6012 	 0.0227 	 -0.0171 	 0.1275 	 0.0986 	 -0.0255 	 -0.2989 	 0.1095 	 -0.0702 	 -0.6113
0.6112 	 0.0237 	 -0.0174 	 0.1245 	 0.0997 	 -0.0262 	 -0.3051 	 0.1072 	 -0.0699 	 -0.6151
0.6212 	 0.0247 	 -0.0176 	 0.1214 	 0.1008 	 -0.0269 	 -0.3113 	 0.1056 	 -0.0693 	 -0.6253
0.6313 	 0.0258 	 -0.0179 	 0.1182 	 0.1018 	 -0.0276 	 -0.3176 	 0.1037 	 -0.0692 	 -0.6350
0.6413 	 0.0268 	 -0.0182 	 0.1150 	 0.1028 	 -0.0283 	 -0.3239 	 0.1012 	 -0.0689 	 -0.6379
0.6513 	 0.0278 	 -0.0185 	 0.1117 	 0.1039 	 -0.0290 	 -0.3304 	 0.1003 	 -0.0711 	 -0.6460
0.6613 	 0.0289 	 -0.0188 	 0.1084 	 0.1048 	 -0.0297 	 -0.3369 	 0.0975 	 -0.0703 	 -0.6486
0.6713 	 0.0299 	 -0.0191 	 0.1050 	 0.1058 	 -0.0304 	 -0.3434 	 0.0947 	 -0.0696 	 -0.6512
0.6814 	 0.0310 	 -0.0194 	 0.1015 	 0.1067 	 -0.0311 	 -0.3499 	 0.0919 	 -0.0688 	 -0.6541
0.6914 	 0.0321 	 -0.0197 	 0.0980 	 0.1077 	 -0.0318 	 -0.3565 	 0.0890 	 -0.0681 	 -0.6570
0.7014 	 0.0331 	 -0.0200 	 0.0944 	 0.1085 	 -0.0324 	 -0.3631 	 0.0860 	 -0.0675 	 -0.6602
0.7114 	 0.0342 	 -0.0203 	 0.0907 	 0.1094 	 -0.0331 	 -0.3697 	 0.0829 	 -0.0670 	 -0.6634
0.7214 	 0.0353 	 -0.0207 	 0.0870 	 0.1102 	 -0.0338 	 -0.3764 	 0.0796 	 -0.0668 	 -0.6667
0.7315 	 0.0364 	 -0.0210 	 0.0831 	 0.1110 	 -0.0345 	 -0.3831 	 0.0761 	 -0.0669 	 -0.6701
0.7415 	 0.0376 	 -0.0214 	 0.0793 	 0.1117 	 -0.0351 	 -0.3898 	 0.0722 	 -0.0677 	 -0.6732
0.7515 	 0.0387 	 -0.0217 	 0.0753 	 0.1124 	 -0.0358 	 -0.3967 	 0.0690 	 -0.0694 	 -0.6872
0.7615 	 0.0398 	 -0.0221 	 0.0713 	 0.1131 	 -0.0365 	 -0.4036 	 0.0633 	 -0.0724 	 -0.6865
0.7715 	 0.0409 	 -0.0225 	 0.0672 	 0.1137 	 -0.0372 	 -0.4104 	 0.0605 	 -0.0737 	 -0.6843
0.7816 	 0.0421 	 -0.0228 	 0.0631 	 0.1143 	 -0.0380 	 -0.4173 	 0.0502 	 -0.0841 	 -0.6754
0.7916 	 0.0432 	 -0.0232 	 0.0589 	 0.1147 	 -0.0390 	 -0.4239 	 0.0306 	 -0.1100 	 -0.6323
0.8016 	 0.0444 	 -0.0236 	 0.0546 	 0.1150 	 -0.0400 	 -0.4299 	 0.0357 	 -0.0964 	 -0.5800
0.8116 	 0.0455 	 -0.0240 	 0.0503 	 0.1154 	 -0.0409 	 -0.4356 	 0.0441 	 -0.0848 	 -0.5515
0.8216 	 0.0467 	 -0.0244 	 0.0459 	 0.1159 	 -0.0417 	 -0.4410 	 0.0596 	 -0.0750 	 -0.5355
0.8317 	 0.0479 	 -0.0249 	 0.0414 	 0.1166 	 -0.0424 	 -0.4463 	 0.0707 	 -0.0681 	 -0.5190
0.8417 	 0.0490 	 -0.0253 	 0.0369 	 0.1173 	 -0.0430 	 -0.4514 	 0.0752 	 -0.0577 	 -0.4962
0.8517 	 0.0502 	 -0.0257 	 0.0324 	 0.1181 	 -0.0436 	 -0.4562 	 0.0672 	 -0.0482 	 -0.4718
0.8617 	 0.0514 	 -0.0262 	 0.0278 	 0.1187 	 -0.0440 	 -0.4608 	 0.0635 	 -0.0248 	 -0.4525
0.8717 	 0.0526 	 -0.0266 	 0.0232 	 0.1194 	 -0.0441 	 -0.4654 	 0.0831 	 -0.0002 	 -0.4537
0.8818 	 0.0538 	 -0.0270 	 0.0185 	 0.1203 	 -0.0440 	 -0.4699 	 0.0916 	 0.0029 	 -0.4450
0.8918 	 0.0550 	 -0.0275 	 0.0137 	 0.1212 	 -0.0440 	 -0.4743 	 0.0982 	 0.0042 	 -0.4353
0.9018 	 0.0562 	 -0.0279 	 0.0090 	 0.1222 	 -0.0439 	 -0.4785 	 0.1012 	 0.0081 	 -0.4164
0.9118 	 0.0575 	 -0.0284 	 0.0042 	 0.1233 	 -0.0438 	 -0.4826 	 0.1054 	 0.0138 	 -0.3975
0.9218 	 0.0587 	 -0.0288 	 -0.0007 	 0.1244 	 -0.0437 	 -0.4865 	 0.1102 	 0.0206 	 -0.3804
0.9319 	 0.0599 	 -0.0292 	 -0.0056 	 0.1255 	 -0.0434 	 -0.4902 	 0.1152 	 0.0273 	 -0.3650
0.9419 	 0.0612 	 -0.0297 	 -0.0105 	 0.1267 	 -0.0431 	 -0.4938 	 0.1204 	 0.0338 	 -0.3508
0.9519 	 0.0625 	 -0.0301 	 -0.0155 	 0.1279 	 -0.0428 	 -0.4973 	 0.1264 	 0.0400 	 -0.3369
0.9619 	 0.0638 	 -0.0305 	 -0.0205 	 0.1292 	 -0.0423 	 -0.5006 	 0.1334 	 0.0459 	 -0.3224
0.9719 	 0.0651 	 -0.0309 	 -0.0255 	 0.1306 	 -0.0418 	 -0.5037 	 0.1422 	 0.0516 	 -0.3126
0.9820 	 0.0664 	 -0.0314 	 -0.0306 	 0.1321 	 -0.0413 	 -0.5068 	 0.1533 	 0.0573 	 -0.2925
0.9920 	 0.0677 	 -0.0318 	 -0.0357 	 0.1337 	 -0.0407 	 -0.5095 	 0.1720 	 0.0654 	 -0.2638
1.0020 	 0.0691 	 -0.0322 	 -0.0408 	 0.1355 	 -0.0400 	 -0.5120 	 0.1884 	 0.0711 	 -0.2295
1.0120 	 0.0704 	 -0.0326 	 -0.0459 	 0.1375 	 -0.0392 	 -0.5141 	 0.2048 	 0.0766 	 -0.1809
1.0220 	 0.0718 	 -0.0330 	 -0.0511 	 0.1396 	 -0.0385 	 -0.5156 	 0.2129 	 0.0806 	 -0.1154
1.0321 	 0.0732 	 -0.0333 	 -0.0563 	 0.1417 	 -0.0376 	 -0.5164 	 0.2034 	 0.0818 	 -0.0440
1.0421 	 0.0747 	 -0.0337 	 -0.0614 	 0.1436 	 -0.0368 	 -0.5165 	 0.1801 	 0.0827 	 0.0174
1.0521 	 0.0761 	 -0.0341 	 -0.0666 	 0.1453 	 -0.0360 	 -0.5161 	 0.1532 	 0.0852 	 0.0655
1.0621 	 0.0776 	 -0.0344 	 -0.0718 	 0.1467 	 -0.0351 	 -0.5152 	 0.1275 	 0.0895 	 0.1044
1.0721 	 0.0791 	 -0.0348 	 -0.0769 	 0.1478 	 -0.0342 	 -0.5140 	 0.1038 	 0.0953 	 0.1380
1.0822 	 0.0805 	 -0.0351 	 -0.0821 	 0.1488 	 -0.0332 	 -0.5125 	 0.0813 	 0.1026 	 0.1622
1.0922 	 0.0820 	 -0.0355 	 -0.0872 	 0.1495 	 -0.0321 	 -0.5108 	 0.0600 	 0.1113 	 0.1906
1.1022 	 0.0835 	 -0.0358 	 -0.0923 	 0.1500 	 -0.0309 	 -0.5087 	 0.0422 	 0.1231 	 0.2199
1.1122 	 0.0850 	 -0.0361 	 -0.0974 	 0.1503 	 -0.0297 	 -0.5064 	 0.0183 	 0.1260 	 0.2434
1.1222 	 0.0865 	 -0.0364 	 -0.1025 	 0.1504 	 -0.0284 	 -0.5038 	 -0.0082 	 0.1267 	 0.2748
1.1323 	 0.0880 	 -0.0366 	 -0.1075 	 0.1502 	 -0.0271 	 -0.5008 	 -0.0102 	 0.1274 	 0.3182
1.1423 	 0.0896 	 -0.0369 	 -0.1125 	 0.1502 	 -0.0259 	 -0.4975 	 -0.0053 	 0.1269 	 0.3434
1.1523 	 0.0911 	 -0.0372 	 -0.1175 	 0.1501 	 -0.0246 	 -0.4939 	 -0.0067 	 0.1250 	 0.3673
1.1623 	 0.0926 	 -0.0374 	 -0.1224 	 0.1500 	 -0.0234 	 -0.4901 	 -0.0155 	 0.1225 	 0.3936
1.1723 	 0.0941 	 -0.0376 	 -0.1273 	 0.1498 	 -0.0221 	 -0.4860 	 -0.0331 	 0.1210 	 0.4202
1.1824 	 0.0956 	 -0.0378 	 -0.1321 	 0.1493 	 -0.0209 	 -0.4817 	 -0.0583 	 0.1220 	 0.4441
1.1924 	 0.0971 	 -0.0380 	 -0.1369 	 0.1486 	 -0.0197 	 -0.4771 	 -0.0887 	 0.1269 	 0.4660
1.2024 	 0.0985 	 -0.0382 	 -0.1417 	 0.1475 	 -0.0184 	 -0.4724 	 -0.1223 	 0.1368 	 0.4917
1.2124 	 0.1000 	 -0.0384 	 -0.1464 	 0.1461 	 -0.0169 	 -0.4673 	 -0.1533 	 0.1486 	 0.5267
1.2224 	 0.1015 	 -0.0386 	 -0.1510 	 0.1445 	 -0.0154 	 -0.4618 	 -0.1745 	 0.1549 	 0.5641
1.2325 	 0.1029 	 -0.0387 	 -0.1556 	 0.1427 	 -0.0138 	 -0.4560 	 -0.1882 	 0.1550 	 0.5894
1.2425 	 0.1043 	 -0.0389 	 -0.1602 	 0.1407 	 -0.0124 	 -0.4500 	 -0.1960 	 0.1459 	 0.6126
1.2525 	 0.1057 	 -0.0390 	 -0.1647 	 0.1387 	 -0.0109 	 -0.4438 	 -0.2020 	 0.1415 	 0.6244
1.2625 	 0.1071 	 -0.0391 	 -0.1691 	 0.1367 	 -0.0095 	 -0.4375 	 -0.2070 	 0.1365 	 0.6376
1.2725 	 0.1085 	 -0.0392 	 -0.1734 	 0.1346 	 -0.0082 	 -0.4311 	 -0.2114 	 0.1307 	 0.6469
1.2826 	 0.1098 	 -0.0392 	 -0.1777 	 0.1325 	 -0.0069 	 -0.4245 	 -0.2159 	 0.1242 	 0.6534
1.2926 	 0.1111 	 -0.0393 	 -0.1819 	 0.1303 	 -0.0057 	 -0.4180 	 -0.2210 	 0.1166 	 0.6582
1.3026 	 0.1124 	 -0.0394 	 -0.1861 	 0.1280 	 -0.0046 	 -0.4113 	 -0.2275 	 0.1073 	 0.6633
1.3126 	 0.1137 	 -0.0394 	 -0.1902 	 0.1257 	 -0.0036 	 -0.4047 	 -0.2326 	 0.0926 	 0.6670
1.3226 	 0.1149 	 -0.0394 	 -0.1942 	 0.1234 	 -0.0027 	 -0.3979 	 -0.2371 	 0.0867 	 0.6875
1.3327 	 0.1162 	 -0.0394 	 -0.1982 	 0.1210 	 -0.0018 	 -0.3910 	 -0.2351 	 0.0878 	 0.7005
1.3427 	 0.1174 	 -0.0395 	 -0.2020 	 0.1187 	 -0.0009 	 -0.3839 	 -0.2337 	 0.0880 	 0.7039
1.3527 	 0.1185 	 -0.0395 	 -0.2058 	 0.1163 	 -0.0001 	 -0.3769 	 -0.2351 	 0.0869 	 0.6976
1.3627 	 0.1197 	 -0.0395 	 -0.2096 	 0.1140 	 0.0008 	 -0.3699 	 -0.2365 	 0.0838 	 0.6965
1.3727 	 0.1208 	 -0.0395 	 -0.2133 	 0.1116 	 0.0016 	 -0.3629 	 -0.2398 	 0.0800 	 0.7003
1.3828 	 0.1219 	 -0.0394 	 -0.2169 	 0.1091 	 0.0024 	 -0.3559 	 -0.2424 	 0.0753 	 0.6968
1.3928 	 0.1230 	 -0.0394 	 -0.2204 	 0.1067 	 0.0031 	 -0.3489 	 -0.2455 	 0.0699 	 0.6927
1.4028 	 0.1241 	 -0.0394 	 -0.2239 	 0.1042 	 0.0038 	 -0.3420 	 -0.2493 	 0.0635 	 0.6884
1.4128 	 0.1251 	 -0.0393 	 -0.2272 	 0.1017 	 0.0044 	 -0.3351 	 -0.2544 	 0.0554 	 0.6846
1.4228 	 0.1261 	 -0.0393 	 -0.2306 	 0.0991 	 0.0049 	 -0.3283 	 -0.2625 	 0.0435 	 0.6848
1.4329 	 0.1271 	 -0.0392 	 -0.2338 	 0.0964 	 0.0052 	 -0.3213 	 -0.2706 	 0.0306 	 0.7052
1.4429 	 0.1280 	 -0.0392 	 -0.2370 	 0.0938 	 0.0056 	 -0.3142 	 -0.2645 	 0.0335 	 0.7195
1.4529 	 0.1290 	 -0.0391 	 -0.2401 	 0.0911 	 0.0059 	 -0.3070 	 -0.2617 	 0.0330 	 0.7167
1.4629 	 0.1299 	 -0.0391 	 -0.2432 	 0.0885 	 0.0062 	 -0.2998 	 -0.2616 	 0.0294 	 0.7104
1.4729 	 0.1307 	 -0.0390 	 -0.2461 	 0.0859 	 0.0065 	 -0.2927 	 -0.2626 	 0.0246 	 0.7030
1.4830 	 0.1316 	 -0.0389 	 -0.2490 	 0.0832 	 0.0067 	 -0.2858 	 -0.2653 	 0.0194 	 0.6894
1.4930 	 0.1324 	 -0.0389 	 -0.2519 	 0.0806 	 0.0069 	 -0.2789 	 -0.2670 	 0.0140 	 0.6820
1.5030 	 0.1332 	 -0.0388 	 -0.2546 	 0.0779 	 0.0070 	 -0.2721 	 -0.2691 	 0.0089 	 0.6744
1.5130 	 0.1340 	 -0.0387 	 -0.2573 	 0.0752 	 0.0071 	 -0.2654 	 -0.2730 	 0.0039 	 0.6611
1.5230 	 0.1347 	 -0.0386 	 -0.2599 	 0.0724 	 0.0071 	 -0.2588 	 -0.2755 	 -0.0001 	 0.6549
1.5331 	 0.1354 	 -0.0386 	 -0.2625 	 0.0696 	 0.0071 	 -0.2523 	 -0.2783 	 -0.0036 	 0.6492
1.5431 	 0.1361 	 -0.0385 	 -0.2650 	 0.0668 	 0.0070 	 -0.2458 	 -0.2815 	 -0.0066 	 0.6445
1.5531 	 0.1367 	 -0.0384 	 -0.2674 	 0.0640 	 0.0069 	 -0.2394 	 -0.2852 	 -0.0092 	 0.6407
1.5631 	 0.1374 	 -0.0384 	 -0.2698 	 0.0611 	 0.0068 	 -0.2330 	 -0.2896 	 -0.0116 	 0.6380
1.5731 	 0.1380 	 -0.0383 	 -0.2721 	 0.0582 	 0.0067 	 -0.2266 	 -0.2948 	 -0.0123 	 0.6250
1.5832 	 0.1385 	 -0.0382 	 -0.2743 	 0.0552 	 0.0066 	 -0.2204 	 -0.2960 	 -0.0123 	 0.6144
1.5932 	 0.1391 	 -0.0382 	 -0.2765 	 0.0523 	 0.0065 	 -0.2143 	 -0.2947 	 -0.0134 	 0.6055
1.6032 	 0.1396 	 -0.0381 	 -0.2786 	 0.0493 	 0.0063 	 -0.2082 	 -0.2995 	 -0.0149 	 0.6111
1.6132 	 0.1401 	 -0.0380 	 -0.2807 	 0.0463 	 0.0061 	 -0.2020 	 -0.3009 	 -0.0168 	 0.6211
1.6232 	 0.1405 	 -0.0380 	 -0.2827 	 0.0433 	 0.0060 	 -0.1958 	 -0.2972 	 -0.0195 	 0.6304
1.6333 	 0.1409 	 -0.0379 	 -0.2846 	 0.0404 	 0.0057 	 -0.1895 	 -0.2855 	 -0.0241 	 0.6248
1.6433 	 0.1413 	 -0.0379 	 -0.2865 	 0.0376 	 0.0055 	 -0.1833 	 -0.2774 	 -0.0307 	 0.6200
1.6533 	 0.1417 	 -0.0378 	 -0.2883 	 0.0348 	 0.0051 	 -0.1771 	 -0.2712 	 -0.0317 	 0.6173
1.6633 	 0.1420 	 -0.0378 	 -0.2900 	 0.0321 	 0.0048 	 -0.1709 	 -0.2649 	 -0.0313 	 0.6124
1.6733 	 0.1423 	 -0.0377 	 -0.2917 	 0.0295 	 0.0045 	 -0.1648 	 -0.2582 	 -0.0294 	 0.6046
1.6834 	 0.1426 	 -0.0377 	 -0.2933 	 0.0270 	 0.0042 	 -0.1588 	 -0.2515 	 -0.0261 	 0.5932
1.6934 	 0.1429 	 -0.0376 	 -0.2949 	 0.0245 	 0.0040 	 -0.1530 	 -0.2457 	 -0.0216 	 0.5715
1.7034 	 0.1431 	 -0.0376 	 -0.2964 	 0.0220 	 0.0038 	 -0.1473 	 -0.2433 	 -0.0172 	 0.5532
1.7134 	 0.1433 	 -0.0376 	 -0.2978 	 0.0196 	 0.0037 	 -0.1419 	 -0.2450 	 -0.0139 	 0.5360
1.7234 	 0.1435 	 -0.0375 	 -0.2992 	 0.0171 	 0.0035 	 -0.1366 	 -0.2486 	 -0.0117 	 0.5240
1.7335 	 0.1437 	 -0.0375 	 -0.3006 	 0.0146 	 0.0035 	 -0.1313 	 -0.2445 	 -0.0051 	 0.5367
1.7435 	 0.1438 	 -0.0375 	 -0.3019 	 0.0121 	 0.0033 	 -0.1258 	 -0.2666 	 -0.0293 	 0.5543
1.7535 	 0.1439 	 -0.0374 	 -0.3031 	 0.0094 	 0.0029 	 -0.1202 	 -0.2851 	 -0.0435 	 0.5483
1.7635 	 0.1440 	 -0.0374 	 -0.3043 	 0.0065 	 0.0025 	 -0.1148 	 -0.2957 	 -0.0493 	 0.5360
1.7735 	 0.1440 	 -0.0374 	 -0.3054 	 0.0034 	 0.0019 	 -0.1095 	 -0.3093 	 -0.0580 	 0.5220
1.7836 	 0.1440 	 -0.0374 	 -0.3065 	 0.0003 	 0.0013 	 -0.1044 	 -0.3223 	 -0.0663 	 0.5043
1.7936 	 0.1440 	 -0.0373 	 -0.3075 	 -0.0031 	 0.0006 	 -0.0994 	 -0.3378 	 -0.0790 	 0.4842
1.8036 	 0.1440 	 -0.0373 	 -0.3085 	 -0.0065 	 -0.0003 	 -0.0947 	 -0.3488 	 -0.0859 	 0.4614
1.8136 	 0.1439 	 -0.0374 	 -0.3094 	 -0.0101 	 -0.0011 	 -0.0901 	 -0.3596 	 -0.0917 	 0.4386
1.8236 	 0.1438 	 -0.0374 	 -0.3103 	 -0.0137 	 -0.0021 	 -0.0859 	 -0.3696 	 -0.0953 	 0.4105
1.8337 	 0.1436 	 -0.0374 	 -0.3111 	 -0.0175 	 -0.0030 	 -0.0819 	 -0.3788 	 -0.0971 	 0.3933
1.8437 	 0.1434 	 -0.0374 	 -0.3119 	 -0.0213 	 -0.0040 	 -0.0780 	 -0.3891 	 -0.0993 	 0.3815
1.8537 	 0.1432 	 -0.0375 	 -0.3127 	 -0.0253 	 -0.0050 	 -0.0742 	 -0.4036 	 -0.1041 	 0.3719
1.8637 	 0.1429 	 -0.0375 	 -0.3134 	 -0.0294 	 -0.0061 	 -0.0706 	 -0.4227 	 -0.1107 	 0.3555
1.8737 	 0.1426 	 -0.0376 	 -0.3141 	 -0.0337 	 -0.0072 	 -0.0671 	 -0.4341 	 -0.1115 	 0.3349
1.8838 	 0.1422 	 -0.0377 	 -0.3147 	 -0.0381 	 -0.0083 	 -0.0638 	 -0.4389 	 -0.1099 	 0.3240
1.8938 	 0.1418 	 -0.0378 	 -0.3154 	 -0.0425 	 -0.0094 	 -0.0606 	 -0.4438 	 -0.1098 	 0.3190
1.9038 	 0.1414 	 -0.0379 	 -0.3160 	 -0.0470 	 -0.0106 	 -0.0575 	 -0.4534 	 -0.1110 	 0.3109
1.9138 	 0.1409 	 -0.0380 	 -0.3165 	 -0.0516 	 -0.0117 	 -0.0544 	 -0.4613 	 -0.1133 	 0.3063
1.9238 	 0.1404 	 -0.0381 	 -0.3171 	 -0.0563 	 -0.0128 	 -0.0514 	 -0.4696 	 -0.1164 	 0.2969
1.9339 	 0.1398 	 -0.0382 	 -0.3176 	 -0.0610 	 -0.0140 	 -0.0485 	 -0.4740 	 -0.1193 	 0.2839
1.9439 	 0.1391 	 -0.0384 	 -0.3180 	 -0.0657 	 -0.0152 	 -0.0457 	 -0.4735 	 -0.1215 	 0.2727
1.9539 	 0.1385 	 -0.0385 	 -0.3185 	 -0.0705 	 -0.0165 	 -0.0430 	 -0.4724 	 -0.1242 	 0.2597
1.9639 	 0.1377 	 -0.0387 	 -0.3189 	 -0.0752 	 -0.0177 	 -0.0404 	 -0.4699 	 -0.1253 	 0.2557
1.9739 	 0.1370 	 -0.0389 	 -0.3193 	 -0.0799 	 -0.0190 	 -0.0379 	 -0.4631 	 -0.1213 	 0.2527
1.9840 	 0.1361 	 -0.0391 	 -0.3196 	 -0.0845 	 -0.0202 	 -0.0354 	 -0.4607 	 -0.1211 	 0.2506
1.9940 	 0.1353 	 -0.0393 	 -0.3200 	 -0.0891 	 -0.0214 	 -0.0329 	 -0.4585 	 -0.1204 	 0.2485
2.0040 	 0.1343 	 -0.0395 	 -0.3203 	 -0.0937 	 -0.0226 	 -0.0304 	 -0.4561 	 -0.1191 	 0.2462
2.0140 	 0.1334 	 -0.0398 	 -0.3206 	 -0.0983 	 -0.0238 	 -0.0279 	 -0.4535 	 -0.1172 	 0.2435
2.0240 	 0.1324 	 -0.0400 	 -0.3209 	 -0.1028 	 -0.0249 	 -0.0255 	 -0.4481 	 -0.1161 	 0.2341
2.0341 	 0.1313 	 -0.0402 	 -0.3211 	 -0.1073 	 -0.0261 	 -0.0232 	 -0.4438 	 -0.1132 	 0.2297
2.0441 	 0.1302 	 -0.0405 	 -0.3213 	 -0.1117 	 -0.0272 	 -0.0210 	 -0.4395 	 -0.1094 	 0.2247
2.0541 	 0.1291 	 -0.0408 	 -0.3215 	 -0.1161 	 -0.0283 	 -0.0187 	 -0.4330 	 -0.1064 	 0.2203
2.0641 	 0.1279 	 -0.0411 	 -0.3217 	 -0.1204 	 -0.0293 	 -0.0165 	 -0.4200 	 -0.1013 	 0.2189
2.0741 	 0.1267 	 -0.0414 	 -0.3219 	 -0.1245 	 -0.0303 	 -0.0144 	 -0.4118 	 -0.0987 	 0.2169
2.0842 	 0.1254 	 -0.0417 	 -0.3220 	 -0.1286 	 -0.0313 	 -0.0122 	 -0.4036 	 -0.0963 	 0.2162
2.0942 	 0.1241 	 -0.0420 	 -0.3221 	 -0.1326 	 -0.0322 	 -0.0100 	 -0.3985 	 -0.0922 	 0.2277
2.1042 	 0.1227 	 -0.0423 	 -0.3222 	 -0.1365 	 -0.0332 	 -0.0077 	 -0.3893 	 -0.1014 	 0.2199
2.1142 	 0.1214 	 -0.0427 	 -0.3223 	 -0.1404 	 -0.0342 	 -0.0055 	 -0.3794 	 -0.0994 	 0.2206
2.1242 	 0.1199 	 -0.0430 	 -0.3223 	 -0.1441 	 -0.0352 	 -0.0033 	 -0.3695 	 -0.0968 	 0.2214
2.1343 	 0.1185 	 -0.0434 	 -0.3223 	 -0.1478 	 -0.0361 	 -0.0011 	 -0.3596 	 -0.0936 	 0.2218
2.1443 	 0.1170 	 -0.0437 	 -0.3223 	 -0.1514 	 -0.0371 	 0.0011 	 -0.3507 	 -0.0893 	 0.2153
2.1543 	 0.1154 	 -0.0441 	 -0.3223 	 -0.1548 	 -0.0379 	 0.0033 	 -0.3413 	 -0.0851 	 0.2195
2.1643 	 0.1139 	 -0.0445 	 -0.3223 	 -0.1582 	 -0.0388 	 0.0055 	 -0.3318 	 -0.0809 	 0.2163
2.1743 	 0.1123 	 -0.0449 	 -0.3222 	 -0.1615 	 -0.0396 	 0.0076 	 -0.3235 	 -0.0768 	 0.2053
2.1844 	 0.1106 	 -0.0453 	 -0.3221 	 -0.1647 	 -0.0403 	 0.0096 	 -0.3147 	 -0.0725 	 0.1995
2.1944 	 0.1090 	 -0.0457 	 -0.3220 	 -0.1678 	 -0.0410 	 0.0117 	 -0.3074 	 -0.0680 	 0.2005
2.2044 	 0.1073 	 -0.0461 	 -0.3219 	 -0.1708 	 -0.0417 	 0.0137 	 -0.3004 	 -0.0635 	 0.2004
2.2144 	 0.1055 	 -0.0465 	 -0.3217 	 -0.1738 	 -0.0423 	 0.0156 	 -0.2922 	 -0.0590 	 0.1930
2.2244 	 0.1038 	 -0.0470 	 -0.3216 	 -0.1767 	 -0.0428 	 0.0175 	 -0.2835 	 -0.0543 	 0.1851
2.2345 	 0.1020 	 -0.0474 	 -0.3214 	 -0.1795 	 -0.0434 	 0.0194 	 -0.2737 	 -0.0492 	 0.1769
2.2445 	 0.1002 	 -0.0478 	 -0.3212 	 -0.1822 	 -0.0438 	 0.0211 	 -0.2621 	 -0.0438 	 0.1692
2.2545 	 0.0984 	 -0.0483 	 -0.3210 	 -0.1847 	 -0.0443 	 0.0227 	 -0.2478 	 -0.0442 	 0.1624
2.2645 	 0.0965 	 -0.0487 	 -0.3207 	 -0.1871 	 -0.0447 	 0.0244 	 -0.2343 	 -0.0403 	 0.1595
2.2745 	 0.0946 	 -0.0492 	 -0.3205 	 -0.1894 	 -0.0451 	 0.0259 	 -0.2236 	 -0.0392 	 0.1566
2.2846 	 0.0927 	 -0.0496 	 -0.3202 	 -0.1916 	 -0.0455 	 0.0275 	 -0.2161 	 -0.0398 	 0.1439
2.2946 	 0.0908 	 -0.0501 	 -0.3199 	 -0.1938 	 -0.0459 	 0.0289 	 -0.2086 	 -0.0409 	 0.1334
2.3046 	 0.0888 	 -0.0505 	 -0.3196 	 -0.1958 	 -0.0464 	 0.0301 	 -0.2081 	 -0.0498 	 0.1225
2.3146 	 0.0868 	 -0.0510 	 -0.3193 	 -0.1979 	 -0.0469 	 0.0313 	 -0.1961 	 -0.0512 	 0.1091
2.3246 	 0.0848 	 -0.0515 	 -0.3190 	 -0.1998 	 -0.0474 	 0.0323 	 -0.1818 	 -0.0538 	 0.0900
2.3347 	 0.0828 	 -0.0520 	 -0.3187 	 -0.2015 	 -0.0480 	 0.0332 	 -0.1660 	 -0.0560 	 0.0792
2.3447 	 0.0808 	 -0.0524 	 -0.3183 	 -0.2031 	 -0.0485 	 0.0339 	 -0.1497 	 -0.0570 	 0.0705
2.3547 	 0.0788 	 -0.0529 	 -0.3180 	 -0.2045 	 -0.0491 	 0.0346 	 -0.1409 	 -0.0590 	 0.0694
2.3647 	 0.0767 	 -0.0534 	 -0.3176 	 -0.2059 	 -0.0497 	 0.0353 	 -0.1244 	 -0.0591 	 0.0637
2.3747 	 0.0746 	 -0.0539 	 -0.3173 	 -0.2070 	 -0.0503 	 0.0359 	 -0.1053 	 -0.0595 	 0.0619
2.3848 	 0.0726 	 -0.0544 	 -0.3169 	 -0.2079 	 -0.0509 	 0.0365 	 -0.0806 	 -0.0596 	 0.0607
2.3948 	 0.0705 	 -0.0550 	 -0.3165 	 -0.2086 	 -0.0515 	 0.0371 	 -0.0514 	 -0.0577 	 0.0513
2.4048 	 0.0684 	 -0.0555 	 -0.3162 	 -0.2090 	 -0.0520 	 0.0376 	 -0.0219 	 -0.0596 	 0.0455
2.4148 	 0.0663 	 -0.0560 	 -0.3158 	 -0.2090 	 -0.0526 	 0.0380 	 0.0074 	 -0.0624 	 0.0394
2.4248 	 0.0642 	 -0.0565 	 -0.3154 	 -0.2088 	 -0.0533 	 0.0383 	 0.0351 	 -0.0622 	 0.0280
2.4349 	 0.0621 	 -0.0571 	 -0.3150 	 -0.2083 	 -0.0539 	 0.0386 	 0.0636 	 -0.0644 	 0.0234
2.4449 	 0.0600 	 -0.0576 	 -0.3146 	 -0.2076 	 -0.0546 	 0.0388 	 0.0918 	 -0.0654 	 0.0203
2.4549 	 0.0580 	 -0.0582 	 -0.3142 	 -0.2065 	 -0.0552 	 0.0390 	 0.1193 	 -0.0646 	 0.0188
2.4649 	 0.0559 	 -0.0587 	 -0.3139 	 -0.2052 	 -0.0558 	 0.0392 	 0.1452 	 -0.0615 	 0.0184
2.4749 	 0.0538 	 -0.0593 	 -0.3135 	 -0.2036 	 -0.0564 	 0.0394 	 0.1688 	 -0.0563 	 0.0178
2.4850 	 0.0518 	 -0.0598 	 -0.3131 	 -0.2019 	 -0.0570 	 0.0396 	 0.1832 	 -0.0523 	 0.0196
2.4950 	 0.0498 	 -0.0604 	 -0.3127 	 -0.1999 	 -0.0575 	 0.0397 	 0.2022 	 -0.0451 	 0.0142
2.5050 	 0.0478 	 -0.0610 	 -0.3123 	 -0.1979 	 -0.0579 	 0.0398 	 0.2153 	 -0.0429 	 0.0021
2.5150 	 0.0458 	 -0.0616 	 -0.3119 	 -0.1956 	 -0.0583 	 0.0398 	 0.2315 	 -0.0393 	 -0.0090
2.5251 	 0.0439 	 -0.0622 	 -0.3115 	 -0.1932 	 -0.0587 	 0.0396 	 0.2448 	 -0.0429 	 -0.0231
2.5351 	 0.0420 	 -0.0628 	 -0.3111 	 -0.1907 	 -0.0592 	 0.0393 	 0.2615 	 -0.0431 	 -0.0411
2.5451 	 0.0401 	 -0.0633 	 -0.3107 	 -0.1880 	 -0.0596 	 0.0388 	 0.2797 	 -0.0373 	 -0.0474
2.5551 	 0.0382 	 -0.0639 	 -0.3103 	 -0.1851 	 -0.0599 	 0.0383 	 0.2948 	 -0.0393 	 -0.0594
2.5651 	 0.0364 	 -0.0645 	 -0.3099 	 -0.1821 	 -0.0604 	 0.0376 	 0.3041 	 -0.0451 	 -0.0703
2.5752 	 0.0345 	 -0.0652 	 -0.3096 	 -0.1789 	 -0.0608 	 0.0369 	 0.3200 	 -0.0485 	 -0.0805
2.5852 	 0.0328 	 -0.0658 	 -0.3092 	 -0.1757 	 -0.0613 	 0.0361 	 0.3353 	 -0.0521 	 -0.0829
2.5952 	 0.0310 	 -0.0664 	 -0.3088 	 -0.1722 	 -0.0618 	 0.0352 	 0.3539 	 -0.0508 	 -0.0896
2.6052 	 0.0293 	 -0.0670 	 -0.3085 	 -0.1686 	 -0.0624 	 0.0343 	 0.3689 	 -0.0542 	 -0.0943
2.6152 	 0.0277 	 -0.0676 	 -0.3081 	 -0.1648 	 -0.0629 	 0.0333 	 0.3834 	 -0.0553 	 -0.0972
2.6253 	 0.0260 	 -0.0683 	 -0.3078 	 -0.1609 	 -0.0634 	 0.0323 	 0.3927 	 -0.0492 	 -0.0980
2.6353 	 0.0244 	 -0.0689 	 -0.3075 	 -0.1569 	 -0.0639 	 0.0313 	 0.4069 	 -0.0350 	 -0.1009
2.6453 	 0.0229 	 -0.0695 	 -0.3072 	 -0.1528 	 -0.0641 	 0.0303 	 0.4272 	 -0.0084 	 -0.1064
2.6553 	 0.0214 	 -0.0702 	 -0.3069 	 -0.1483 	 -0.0640 	 0.0292 	 0.4521 	 0.0178 	 -0.1083
2.6653 	 0.0199 	 -0.0708 	 -0.3066 	 -0.1437 	 -0.0638 	 0.0281 	 0.4746 	 0.0304 	 -0.1087
2.6754 	 0.0185 	 -0.0715 	 -0.3063 	 -0.1388 	 -0.0634 	 0.0270 	 0.5130 	 0.0550 	 -0.1056
2.6854 	 0.0171 	 -0.0721 	 -0.3061 	 -0.1333 	 -0.0628 	 0.0261 	 0.5641 	 0.0593 	 -0.0723
2.6954 	 0.0158 	 -0.0727 	 -0.3058 	 -0.1276 	 -0.0622 	 0.0256 	 0.5805 	 0.0618 	 -0.0320
2.7054 	 0.0146 	 -0.0733 	 -0.3055 	 -0.1218 	 -0.0615 	 0.0255 	 0.5814 	 0.0711 	 0.0015
2.7154 	 0.0134 	 -0.0740 	 -0.3053 	 -0.1160 	 -0.0607 	 0.0256 	 0.5767 	 0.0811 	 0.0146
2.7255 	 0.0122 	 -0.0746 	 -0.3050 	 -0.1102 	 -0.0599 	 0.0258 	 0.5758 	 0.0892 	 0.0241
2.7355 	 0.0112 	 -0.0752 	 -0.3048 	 -0.1044 	 -0.0590 	 0.0260 	 0.5778 	 0.0941 	 0.0306
2.7455 	 0.0102 	 -0.0757 	 -0.3045 	 -0.0986 	 -0.0580 	 0.0264 	 0.5764 	 0.0997 	 0.0413
2.7555 	 0.0092 	 -0.0763 	 -0.3042 	 -0.0929 	 -0.0570 	 0.0269 	 0.5794 	 0.1007 	 0.0529
2.7655 	 0.0083 	 -0.0769 	 -0.3040 	 -0.0870 	 -0.0560 	 0.0275 	 0.5801 	 0.1025 	 0.0673
2.7756 	 0.0075 	 -0.0774 	 -0.3037 	 -0.0812 	 -0.0549 	 0.0282 	 0.5762 	 0.1042 	 0.0864
2.7856 	 0.0067 	 -0.0780 	 -0.3034 	 -0.0755 	 -0.0539 	 0.0292 	 0.5713 	 0.1003 	 0.0977
2.7956 	 0.0059 	 -0.0785 	 -0.3031 	 -0.0698 	 -0.0529 	 0.0302 	 0.5645 	 0.0995 	 0.1048
2.8056 	 0.0053 	 -0.0790 	 -0.3028 	 -0.0642 	 -0.0519 	 0.0313 	 0.5549 	 0.0950 	 0.1137
2.8156 	 0.0047 	 -0.0796 	 -0.3025 	 -0.0587 	 -0.0510 	 0.0325 	 0.5384 	 0.0932 	 0.1301
2.8257 	 0.0041 	 -0.0801 	 -0.3021 	 -0.0534 	 -0.0501 	 0.0339 	 0.5253 	 0.0958 	 0.1428
2.8357 	 0.0036 	 -0.0806 	 -0.3018 	 -0.0482 	 -0.0491 	 0.0353 	 0.5152 	 0.1003 	 0.1500
2.8457 	 0.0031 	 -0.0810 	 -0.3014 	 -0.0430 	 -0.0481 	 0.0368 	 0.5066 	 0.1034 	 0.1535
2.8557 	 0.0027 	 -0.0815 	 -0.3011 	 -0.0380 	 -0.0470 	 0.0384 	 0.4980 	 0.1052 	 0.1550
2.8657 	 0.0024 	 -0.0820 	 -0.3007 	 -0.0331 	 -0.0460 	 0.0399 	 0.4888 	 0.1060 	 0.1543
2.8758 	 0.0021 	 -0.0824 	 -0.3003 	 -0.0282 	 -0.0449 	 0.0415 	 0.4794 	 0.1064 	 0.1497
2.8858 	 0.0018 	 -0.0829 	 -0.2998 	 -0.0234 	 -0.0438 	 0.0430 	 0.4739 	 0.1104 	 0.1447
2.8958 	 0.0016 	 -0.0833 	 -0.2994 	 -0.0187 	 -0.0427 	 0.0444 	 0.4714 	 0.1119 	 0.1342
2.9058 	 0.0014 	 -0.0837 	 -0.2989 	 -0.0140 	 -0.0415 	 0.0457 	 0.4715 	 0.1143 	 0.1277
2.9158 	 0.0013 	 -0.0842 	 -0.2985 	 -0.0093 	 -0.0404 	 0.0469 	 0.4716 	 0.1158 	 0.1254
2.9259 	 0.0012 	 -0.0846 	 -0.2980 	 -0.0045 	 -0.0392 	 0.0482 	 0.4728 	 0.1163 	 0.1319
2.9359 	 0.0012 	 -0.0849 	 -0.2975 	 0.0002 	 -0.0381 	 0.0496 	 0.4717 	 0.1143 	 0.1338
2.9459 	 0.0012 	 -0.0853 	 -0.2970 	 0.0050 	 -0.0369 	 0.0509 	 0.4753 	 0.1166 	 0.1310
2.9559 	 0.0013 	 -0.0857 	 -0.2965 	 0.0097 	 -0.0357 	 0.0522 	 0.4725 	 0.1107 	 0.1344
2.9659 	 0.0014 	 -0.0860 	 -0.2960 	 0.0145 	 -0.0347 	 0.0536 	 0.4693 	 0.1045 	 0.1373
2.9760 	 0.0016 	 -0.0864 	 -0.2954 	 0.0191 	 -0.0337 	 0.0550 	 0.4660 	 0.0987 	 0.1397
2.9860 	 0.0018 	 -0.0867 	 -0.2949 	 0.0238 	 -0.0327 	 0.0564 	 0.4573 	 0.0923 	 0.1409
2.9960 	 0.0021 	 -0.0870 	 -0.2943 	 0.0284 	 -0.0318 	 0.0578 	 0.4554 	 0.0905 	 0.1437
3.0060 	 0.0024 	 -0.0873 	 -0.2937 	 0.0329 	 -0.0309 	 0.0593 	 0.4553 	 0.0941 	 0.1488
3.0160 	 0.0027 	 -0.0877 	 -0.2931 	 0.0375 	 -0.0299 	 0.0608 	 0.4532 	 0.1049 	 0.1555
3.0261 	 0.0031 	 -0.0879 	 -0.2925 	 0.0419 	 -0.0288 	 0.0624 	 0.4365 	 0.1091 	 0.1679
3.0361 	 0.0036 	 -0.0882 	 -0.2919 	 0.0463 	 -0.0277 	 0.0641 	 0.4259 	 0.1097 	 0.1673
3.0461 	 0.0041 	 -0.0885 	 -0.2912 	 0.0505 	 -0.0266 	 0.0658 	 0.4146 	 0.1132 	 0.1671
3.0561 	 0.0046 	 -0.0888 	 -0.2905 	 0.0546 	 -0.0254 	 0.0674 	 0.4040 	 0.1159 	 0.1667
3.0661 	 0.0052 	 -0.0890 	 -0.2899 	 0.0586 	 -0.0242 	 0.0691 	 0.3936 	 0.1188 	 0.1660
3.0762 	 0.0058 	 -0.0892 	 -0.2892 	 0.0625 	 -0.0230 	 0.0707 	 0.3833 	 0.1226 	 0.1650
3.0862 	 0.0064 	 -0.0895 	 -0.2884 	 0.0662 	 -0.0218 	 0.0724 	 0.3732 	 0.1280 	 0.1631
3.0962 	 0.0071 	 -0.0897 	 -0.2877 	 0.0700 	 -0.0204 	 0.0740 	 0.3663 	 0.1383 	 0.1558
3.1062 	 0.0078 	 -0.0899 	 -0.2870 	 0.0736 	 -0.0190 	 0.0755 	 0.3558 	 0.1481 	 0.1506
3.1162 	 0.0086 	 -0.0901 	 -0.2862 	 0.0771 	 -0.0175 	 0.0770 	 0.3439 	 0.1590 	 0.1409
3.1263 	 0.0094 	 -0.0902 	 -0.2854 	 0.0805 	 -0.0158 	 0.0783 	 0.3296 	 0.1669 	 0.1269
3.1363 	 0.0102 	 -0.0904 	 -0.2846 	 0.0837 	 -0.0141 	 0.0795 	 0.3139 	 0.1694 	 0.1114
3.1463 	 0.0110 	 -0.0905 	 -0.2838 	 0.0868 	 -0.0124 	 0.0806 	 0.2979 	 0.1667 	 0.0958
3.1563 	 0.0119 	 -0.0906 	 -0.2830 	 0.0897 	 -0.0108 	 0.0814 	 0.2830 	 0.1598 	 0.0809
3.1663 	 0.0128 	 -0.0907 	 -0.2822 	 0.0924 	 -0.0093 	 0.0822 	 0.2702 	 0.1506 	 0.0672
3.1764 	 0.0138 	 -0.0908 	 -0.2814 	 0.0951 	 -0.0078 	 0.0828 	 0.2594 	 0.1409 	 0.0546
3.1864 	 0.0147 	 -0.0909 	 -0.2805 	 0.0976 	 -0.0064 	 0.0833 	 0.2499 	 0.1321 	 0.0428
3.1964 	 0.0157 	 -0.0909 	 -0.2797 	 0.1001 	 -0.0051 	 0.0837 	 0.2407 	 0.1245 	 0.0315
3.2064 	 0.0167 	 -0.0910 	 -0.2789 	 0.1025 	 -0.0039 	 0.0839 	 0.2313 	 0.1180 	 0.0203
3.2164 	 0.0178 	 -0.0910 	 -0.2780 	 0.1047 	 -0.0028 	 0.0841 	 0.2272 	 0.1104 	 0.0081
3.2265 	 0.0188 	 -0.0910 	 -0.2772 	 0.1070 	 -0.0017 	 0.0841 	 0.2173 	 0.1077 	 0.0044
3.2365 	 0.0199 	 -0.0911 	 -0.2763 	 0.1091 	 -0.0006 	 0.0841 	 0.2085 	 0.1082 	 -0.0154
3.2465 	 0.0210 	 -0.0911 	 -0.2755 	 0.1111 	 0.0004 	 0.0839 	 0.1888 	 0.1033 	 -0.0237
3.2565 	 0.0221 	 -0.0910 	 -0.2746 	 0.1129 	 0.0015 	 0.0836 	 0.1768 	 0.1048 	 -0.0330
3.2665 	 0.0233 	 -0.0910 	 -0.2738 	 0.1146 	 0.0025 	 0.0832 	 0.1626 	 0.0990 	 -0.0388
3.2766 	 0.0244 	 -0.0910 	 -0.2730 	 0.1162 	 0.0035 	 0.0828 	 0.1488 	 0.0928 	 -0.0435
3.2866 	 0.0256 	 -0.0910 	 -0.2722 	 0.1176 	 0.0043 	 0.0824 	 0.1352 	 0.0862 	 -0.0473
3.2966 	 0.0268 	 -0.0909 	 -0.2713 	 0.1189 	 0.0052 	 0.0819 	 0.1218 	 0.0797 	 -0.0507
3.3066 	 0.0280 	 -0.0909 	 -0.2705 	 0.1200 	 0.0059 	 0.0814 	 0.1083 	 0.0735 	 -0.0544
3.3166 	 0.0292 	 -0.0908 	 -0.2697 	 0.1210 	 0.0067 	 0.0808 	 0.0947 	 0.0678 	 -0.0589
3.3267 	 0.0304 	 -0.0907 	 -0.2689 	 0.1219 	 0.0073 	 0.0801 	 0.0823 	 0.0634 	 -0.0653
3.3367 	 0.0316 	 -0.0906 	 -0.2681 	 0.1227 	 0.0079 	 0.0794 	 0.0719 	 0.0646 	 -0.0745
3.3467 	 0.0329 	 -0.0906 	 -0.2673 	 0.1234 	 0.0086 	 0.0786 	 0.0592 	 0.0610 	 -0.0849
3.3567 	 0.0341 	 -0.0905 	 -0.2665 	 0.1239 	 0.0092 	 0.0777 	 0.0467 	 0.0571 	 -0.0967
3.3667 	 0.0354 	 -0.0904 	 -0.2657 	 0.1243 	 0.0097 	 0.0767 	 0.0343 	 0.0523 	 -0.1097
3.3768 	 0.0366 	 -0.0903 	 -0.2650 	 0.1246 	 0.0102 	 0.0755 	 0.0220 	 0.0463 	 -0.1230
3.3868 	 0.0378 	 -0.0902 	 -0.2642 	 0.1247 	 0.0106 	 0.0742 	 0.0115 	 0.0384 	 -0.1486
3.3968 	 0.0391 	 -0.0901 	 -0.2635 	 0.1248 	 0.0109 	 0.0726 	 -0.0024 	 0.0281 	 -0.1588
3.4068 	 0.0403 	 -0.0900 	 -0.2628 	 0.1247 	 0.0112 	 0.0710 	 -0.0169 	 0.0171 	 -0.1676
3.4168 	 0.0416 	 -0.0898 	 -0.2621 	 0.1244 	 0.0112 	 0.0693 	 -0.0373 	 0.0027 	 -0.1710
3.4269 	 0.0428 	 -0.0897 	 -0.2614 	 0.1240 	 0.0112 	 0.0675 	 -0.0544 	 -0.0091 	 -0.1767
3.4369 	 0.0441 	 -0.0896 	 -0.2607 	 0.1233 	 0.0111 	 0.0658 	 -0.0729 	 -0.0204 	 -0.1816
3.4469 	 0.0453 	 -0.0895 	 -0.2601 	 0.1225 	 0.0108 	 0.0640 	 -0.0939 	 -0.0363 	 -0.1779
3.4569 	 0.0465 	 -0.0894 	 -0.2594 	 0.1214 	 0.0104 	 0.0622 	 -0.1148 	 -0.0467 	 -0.1825
3.4669 	 0.0477 	 -0.0893 	 -0.2588 	 0.1202 	 0.0099 	 0.0603 	 -0.1361 	 -0.0561 	 -0.1884
3.4770 	 0.0489 	 -0.0892 	 -0.2582 	 0.1187 	 0.0093 	 0.0584 	 -0.1566 	 -0.0649 	 -0.1955
3.4870 	 0.0501 	 -0.0891 	 -0.2577 	 0.1170 	 0.0086 	 0.0564 	 -0.1758 	 -0.0731 	 -0.2022
3.4970 	 0.0513 	 -0.0890 	 -0.2571 	 0.1152 	 0.0078 	 0.0543 	 -0.1944 	 -0.0800 	 -0.2074
3.5070 	 0.0524 	 -0.0890 	 -0.2566 	 0.1132 	 0.0070 	 0.0522 	 -0.2126 	 -0.0840 	 -0.2045
3.5170 	 0.0536 	 -0.0889 	 -0.2561 	 0.1109 	 0.0061 	 0.0502 	 -0.2310 	 -0.0814 	 -0.2025
3.5271 	 0.0547 	 -0.0888 	 -0.2556 	 0.1085 	 0.0053 	 0.0481 	 -0.2507 	 -0.0831 	 -0.2021
3.5371 	 0.0557 	 -0.0888 	 -0.2551 	 0.1059 	 0.0045 	 0.0461 	 -0.2697 	 -0.0822 	 -0.2014
3.5471 	 0.0568 	 -0.0888 	 -0.2546 	 0.1031 	 0.0036 	 0.0441 	 -0.2868 	 -0.0807 	 -0.2008
3.5571 	 0.0578 	 -0.0887 	 -0.2542 	 0.1002 	 0.0028 	 0.0421 	 -0.3014 	 -0.0790 	 -0.2007
3.5671 	 0.0588 	 -0.0887 	 -0.2538 	 0.0971 	 0.0021 	 0.0401 	 -0.3130 	 -0.0771 	 -0.2009
3.5772 	 0.0597 	 -0.0887 	 -0.2534 	 0.0939 	 0.0013 	 0.0381 	 -0.3223 	 -0.0751 	 -0.2009
3.5872 	 0.0607 	 -0.0887 	 -0.2530 	 0.0906 	 0.0006 	 0.0360 	 -0.3301 	 -0.0727 	 -0.2001
3.5972 	 0.0616 	 -0.0887 	 -0.2527 	 0.0873 	 -0.0001 	 0.0340 	 -0.3327 	 -0.0649 	 -0.1981
3.6072 	 0.0624 	 -0.0887 	 -0.2523 	 0.0839 	 -0.0008 	 0.0321 	 -0.3395 	 -0.0607 	 -0.1961
3.6172 	 0.0632 	 -0.0887 	 -0.2520 	 0.0805 	 -0.0014 	 0.0301 	 -0.3472 	 -0.0557 	 -0.1941
3.6273 	 0.0640 	 -0.0887 	 -0.2517 	 0.0770 	 -0.0019 	 0.0282 	 -0.3560 	 -0.0500 	 -0.1931
3.6373 	 0.0648 	 -0.0887 	 -0.2515 	 0.0734 	 -0.0024 	 0.0262 	 -0.3662 	 -0.0435 	 -0.1937
3.6473 	 0.0655 	 -0.0887 	 -0.2512 	 0.0696 	 -0.0028 	 0.0243 	 -0.3776 	 -0.0365 	 -0.1968
3.6573 	 0.0662 	 -0.0888 	 -0.2510 	 0.0658 	 -0.0031 	 0.0222 	 -0.3880 	 -0.0295 	 -0.2106
3.6673 	 0.0668 	 -0.0888 	 -0.2508 	 0.0619 	 -0.0034 	 0.0201 	 -0.3999 	 -0.0248 	 -0.2288
3.6774 	 0.0674 	 -0.0888 	 -0.2506 	 0.0578 	 -0.0036 	 0.0177 	 -0.4084 	 -0.0210 	 -0.2449
3.6874 	 0.0680 	 -0.0889 	 -0.2504 	 0.0537 	 -0.0038 	 0.0151 	 -0.4088 	 -0.0194 	 -0.2675
3.6974 	 0.0685 	 -0.0889 	 -0.2503 	 0.0496 	 -0.0040 	 0.0124 	 -0.4069 	 -0.0274 	 -0.2745
3.7074 	 0.0690 	 -0.0890 	 -0.2502 	 0.0456 	 -0.0043 	 0.0096 	 -0.4008 	 -0.0319 	 -0.2816
3.7174 	 0.0694 	 -0.0890 	 -0.2501 	 0.0416 	 -0.0047 	 0.0068 	 -0.3927 	 -0.0384 	 -0.2837
3.7275 	 0.0698 	 -0.0891 	 -0.2500 	 0.0377 	 -0.0051 	 0.0040 	 -0.3860 	 -0.0419 	 -0.2742
3.7375 	 0.0702 	 -0.0891 	 -0.2500 	 0.0339 	 -0.0056 	 0.0012 	 -0.3722 	 -0.0521 	 -0.2805
3.7475 	 0.0705 	 -0.0892 	 -0.2500 	 0.0302 	 -0.0061 	 -0.0016 	 -0.3580 	 -0.0589 	 -0.2878
3.7575 	 0.0708 	 -0.0892 	 -0.2500 	 0.0267 	 -0.0067 	 -0.0046 	 -0.3450 	 -0.0598 	 -0.3031
3.7675 	 0.0710 	 -0.0893 	 -0.2501 	 0.0233 	 -0.0074 	 -0.0077 	 -0.3391 	 -0.0655 	 -0.3179
3.7776 	 0.0712 	 -0.0894 	 -0.2502 	 0.0199 	 -0.0080 	 -0.0109 	 -0.3309 	 -0.0662 	 -0.3254
3.7876 	 0.0714 	 -0.0895 	 -0.2503 	 0.0166 	 -0.0087 	 -0.0142 	 -0.3241 	 -0.0686 	 -0.3393
3.7976 	 0.0716 	 -0.0896 	 -0.2505 	 0.0134 	 -0.0094 	 -0.0178 	 -0.3145 	 -0.0688 	 -0.3657
3.8076 	 0.0717 	 -0.0896 	 -0.2507 	 0.0103 	 -0.0101 	 -0.0215 	 -0.3063 	 -0.0710 	 -0.3813
3.8176 	 0.0718 	 -0.0898 	 -0.2509 	 0.0073 	 -0.0108 	 -0.0254 	 -0.2961 	 -0.0713 	 -0.4028
3.8277 	 0.0718 	 -0.0899 	 -0.2512 	 0.0044 	 -0.0115 	 -0.0296 	 -0.2846 	 -0.0724 	 -0.4164
3.8377 	 0.0719 	 -0.0900 	 -0.2515 	 0.0016 	 -0.0122 	 -0.0338 	 -0.2713 	 -0.0724 	 -0.4286
3.8477 	 0.0719 	 -0.0901 	 -0.2519 	 -0.0010 	 -0.0130 	 -0.0381 	 -0.2562 	 -0.0714 	 -0.4397
3.8577 	 0.0718 	 -0.0902 	 -0.2523 	 -0.0035 	 -0.0137 	 -0.0426 	 -0.2388 	 -0.0698 	 -0.4508
3.8677 	 0.0718 	 -0.0904 	 -0.2527 	 -0.0058 	 -0.0144 	 -0.0472 	 -0.2107 	 -0.0722 	 -0.4619
3.8778 	 0.0717 	 -0.0905 	 -0.2532 	 -0.0078 	 -0.0151 	 -0.0519 	 -0.1830 	 -0.0757 	 -0.4710
3.8878 	 0.0716 	 -0.0907 	 -0.2538 	 -0.0095 	 -0.0159 	 -0.0566 	 -0.1551 	 -0.0807 	 -0.4674
3.8978 	 0.0715 	 -0.0909 	 -0.2544 	 -0.0109 	 -0.0167 	 -0.0613 	 -0.1327 	 -0.0904 	 -0.4657
3.9078 	 0.0714 	 -0.0910 	 -0.2550 	 -0.0121 	 -0.0177 	 -0.0659 	 -0.1106 	 -0.0924 	 -0.4609
3.9178 	 0.0713 	 -0.0912 	 -0.2557 	 -0.0131 	 -0.0186 	 -0.0705 	 -0.0920 	 -0.0931 	 -0.4564
3.9279 	 0.0712 	 -0.0914 	 -0.2564 	 -0.0140 	 -0.0195 	 -0.0750 	 -0.0758 	 -0.0932 	 -0.4528
3.9379 	 0.0710 	 -0.0916 	 -0.2572 	 -0.0146 	 -0.0204 	 -0.0795 	 -0.0606 	 -0.0845 	 -0.4439
3.9479 	 0.0709 	 -0.0918 	 -0.2580 	 -0.0152 	 -0.0212 	 -0.0840 	 -0.0465 	 -0.0772 	 -0.4400
3.9579 	 0.0707 	 -0.0920 	 -0.2589 	 -0.0156 	 -0.0220 	 -0.0883 	 -0.0350 	 -0.0791 	 -0.4412
3.9679 	 0.0706 	 -0.0922 	 -0.2598 	 -0.0159 	 -0.0228 	 -0.0927 	 -0.0234 	 -0.0788 	 -0.4341
3.9780 	 0.0704 	 -0.0925 	 -0.2607 	 -0.0160 	 -0.0236 	 -0.0970 	 -0.0138 	 -0.0791 	 -0.4249
3.9880 	 0.0702 	 -0.0927 	 -0.2617 	 -0.0161 	 -0.0244 	 -0.1012 	 -0.0064 	 -0.0804 	 -0.4135
3.9980 	 0.0701 	 -0.0930 	 -0.2628 	 -0.0162 	 -0.0252 	 -0.1053 	 -0.0011 	 -0.0842 	 -0.3989
4.0080 	 0.0699 	 -0.0932 	 -0.2638 	 -0.0162 	 -0.0261 	 -0.1092 	 0.0059 	 -0.0922 	 -0.3754
4.0180 	 0.0698 	 -0.0935 	 -0.2649 	 -0.0160 	 -0.0270 	 -0.1128 	 0.0211 	 -0.0898 	 -0.3418
4.0281 	 0.0696 	 -0.0938 	 -0.2661 	 -0.0158 	 -0.0278 	 -0.1161 	 0.0332 	 -0.0735 	 -0.3180
4.0381 	 0.0694 	 -0.0940 	 -0.2673 	 -0.0154 	 -0.0285 	 -0.1192 	 0.0421 	 -0.0564 	 -0.3006
4.0481 	 0.0693 	 -0.0943 	 -0.2685 	 -0.0149 	 -0.0289 	 -0.1222 	 0.0514 	 -0.0355 	 -0.2889
4.0581 	 0.0691 	 -0.0946 	 -0.2697 	 -0.0143 	 -0.0292 	 -0.1250 	 0.0658 	 -0.0217 	 -0.2796
4.0681 	 0.0690 	 -0.0949 	 -0.2710 	 -0.0136 	 -0.0294 	 -0.1277 	 0.0757 	 -0.0112 	 -0.2676
4.0782 	 0.0689 	 -0.0952 	 -0.2723 	 -0.0128 	 -0.0294 	 -0.1303 	 0.0862 	 -0.0035 	 -0.2499
4.0882 	 0.0687 	 -0.0955 	 -0.2736 	 -0.0119 	 -0.0294 	 -0.1328 	 0.0954 	 0.0047 	 -0.2387
4.0982 	 0.0686 	 -0.0958 	 -0.2749 	 -0.0109 	 -0.0293 	 -0.1351 	 0.1044 	 0.0128 	 -0.2265
4.1082 	 0.0685 	 -0.0961 	 -0.2763 	 -0.0098 	 -0.0292 	 -0.1373 	 0.1091 	 0.0217 	 -0.2175
4.1182 	 0.0684 	 -0.0964 	 -0.2777 	 -0.0087 	 -0.0289 	 -0.1394 	 0.1158 	 0.0310 	 -0.2001
4.1283 	 0.0683 	 -0.0967 	 -0.2791 	 -0.0075 	 -0.0285 	 -0.1413 	 0.1187 	 0.0399 	 -0.1823
4.1383 	 0.0683 	 -0.0970 	 -0.2805 	 -0.0063 	 -0.0281 	 -0.1431 	 0.1189 	 0.0472 	 -0.1662
4.1483 	 0.0682 	 -0.0972 	 -0.2820 	 -0.0051 	 -0.0276 	 -0.1447 	 0.1191 	 0.0510 	 -0.1579
4.1583 	 0.0682 	 -0.0975 	 -0.2834 	 -0.0039 	 -0.0271 	 -0.1462 	 0.1183 	 0.0555 	 -0.1448
4.1683 	 0.0681 	 -0.0978 	 -0.2849 	 -0.0028 	 -0.0265 	 -0.1476 	 0.1171 	 0.0593 	 -0.1320
4.1784 	 0.0681 	 -0.0980 	 -0.2864 	 -0.0016 	 -0.0259 	 -0.1489 	 0.1146 	 0.0625 	 -0.1183
4.1884 	 0.0681 	 -0.0983 	 -0.2879 	 -0.0005 	 -0.0253 	 -0.1500 	 0.1121 	 0.0654 	 -0.1062
4.1984 	 0.0681 	 -0.0985 	 -0.2894 	 0.0006 	 -0.0246 	 -0.1509 	 0.1117 	 0.0654 	 -0.0798
4.2084 	 0.0681 	 -0.0988 	 -0.2909 	 0.0018 	 -0.0239 	 -0.1516 	 0.1239 	 0.0693 	 -0.0602
4.2184 	 0.0681 	 -0.0990 	 -0.2924 	 0.0031 	 -0.0232 	 -0.1522 	 0.1448 	 0.0884 	 -0.0427
4.2285 	 0.0682 	 -0.0993 	 -0.2939 	 0.0047 	 -0.0222 	 -0.1525 	 0.1710 	 0.1022 	 -0.0219
4.2385 	 0.0682 	 -0.0995 	 -0.2955 	 0.0065 	 -0.0212 	 -0.1526 	 0.1853 	 0.1031 	 -0.0014
4.2485 	 0.0683 	 -0.0997 	 -0.2970 	 0.0084 	 -0.0201 	 -0.1525 	 0.1971 	 0.1019 	 0.0070
4.2585 	 0.0684 	 -0.0999 	 -0.2985 	 0.0105 	 -0.0191 	 -0.1524 	 0.2074 	 0.1006 	 0.0127
4.2685 	 0.0685 	 -0.1001 	 -0.3000 	 0.0126 	 -0.0181 	 -0.1523 	 0.2175 	 0.0994 	 0.0171
4.2786 	 0.0687 	 -0.1002 	 -0.3016 	 0.0148 	 -0.0171 	 -0.1521 	 0.2277 	 0.0984 	 0.0212
4.2886 	 0.0688 	 -0.1004 	 -0.3031 	 0.0172 	 -0.0161 	 -0.1519 	 0.2382 	 0.0975 	 0.0259
4.2986 	 0.0690 	 -0.1006 	 -0.3046 	 0.0196 	 -0.0152 	 -0.1516 	 0.2487 	 0.0965 	 0.0317
4.3086 	 0.0692 	 -0.1007 	 -0.3061 	 0.0222 	 -0.0142 	 -0.1513 	 0.2649 	 0.0973 	 0.0343
4.3186 	 0.0695 	 -0.1008 	 -0.3076 	 0.0249 	 -0.0132 	 -0.1509 	 0.2760 	 0.0964 	 0.0423
4.3287 	 0.0697 	 -0.1010 	 -0.3092 	 0.0277 	 -0.0123 	 -0.1504 	 0.2855 	 0.0963 	 0.0585
4.3387 	 0.0700 	 -0.1011 	 -0.3107 	 0.0306 	 -0.0113 	 -0.1498 	 0.2955 	 0.0948 	 0.0704
4.3487 	 0.0703 	 -0.1012 	 -0.3122 	 0.0336 	 -0.0104 	 -0.1490 	 0.3049 	 0.0931 	 0.0840
4.3587 	 0.0707 	 -0.1013 	 -0.3136 	 0.0367 	 -0.0094 	 -0.1481 	 0.3127 	 0.0905 	 0.0928
4.3687 	 0.0711 	 -0.1014 	 -0.3151 	 0.0399 	 -0.0086 	 -0.1471 	 0.3229 	 0.0818 	 0.1092
4.3788 	 0.0715 	 -0.1015 	 -0.3166 	 0.0432 	 -0.0078 	 -0.1459 	 0.3307 	 0.0776 	 0.1268
4.3888 	 0.0719 	 -0.1015 	 -0.3180 	 0.0465 	 -0.0070 	 -0.1446 	 0.3377 	 0.0732 	 0.1460
4.3988 	 0.0724 	 -0.1016 	 -0.3195 	 0.0499 	 -0.0063 	 -0.1430 	 0.3436 	 0.0691 	 0.1673
4.4088 	 0.0729 	 -0.1017 	 -0.3209 	 0.0534 	 -0.0056 	 -0.1412 	 0.3471 	 0.0664 	 0.1913
4.4188 	 0.0735 	 -0.1017 	 -0.3223 	 0.0569 	 -0.0049 	 -0.1392 	 0.3467 	 0.0658 	 0.2172
4.4289 	 0.0741 	 -0.1018 	 -0.3237 	 0.0603 	 -0.0043 	 -0.1368 	 0.3416 	 0.0667 	 0.2433
4.4389 	 0.0747 	 -0.1018 	 -0.3251 	 0.0637 	 -0.0036 	 -0.1343 	 0.3327 	 0.0685 	 0.2681
4.4489 	 0.0754 	 -0.1018 	 -0.3264 	 0.0670 	 -0.0029 	 -0.1315 	 0.3217 	 0.0710 	 0.2905
4.4589 	 0.0760 	 -0.1019 	 -0.3277 	 0.0702 	 -0.0022 	 -0.1285 	 0.3081 	 0.0751 	 0.3158
4.4689 	 0.0768 	 -0.1019 	 -0.3290 	 0.0732 	 -0.0014 	 -0.1252 	 0.2943 	 0.0831 	 0.3350
4.4790 	 0.0775 	 -0.1019 	 -0.3302 	 0.0761 	 -0.0006 	 -0.1218 	 0.2825 	 0.0834 	 0.3406
4.4890 	 0.0783 	 -0.1019 	 -0.3314 	 0.0789 	 0.0003 	 -0.1184 	 0.2728 	 0.0862 	 0.3486
4.4990 	 0.0791 	 -0.1019 	 -0.3326 	 0.0815 	 0.0011 	 -0.1149 	 0.2635 	 0.0883 	 0.3546
4.5090 	 0.0799 	 -0.1019 	 -0.3337 	 0.0841 	 0.0020 	 -0.1113 	 0.2546 	 0.0896 	 0.3594
4.5190 	 0.0808 	 -0.1018 	 -0.3348 	 0.0866 	 0.0029 	 -0.1077 	 0.2459 	 0.0901 	 0.3632
4.5291 	 0.0817 	 -0.1018 	 -0.3359 	 0.0891 	 0.0038 	 -0.1040 	 0.2372 	 0.0900 	 0.3663
4.5391 	 0.0826 	 -0.1018 	 -0.3369 	 0.0914 	 0.0047 	 -0.1003 	 0.2283 	 0.0892 	 0.3690
4.5491 	 0.0835 	 -0.1017 	 -0.3379 	 0.0937 	 0.0056 	 -0.0966 	 0.2190 	 0.0788 	 0.3730
4.5591 	 0.0844 	 -0.1017 	 -0.3388 	 0.0958 	 0.0064 	 -0.0929 	 0.2088 	 0.0783 	 0.3677
4.5691 	 0.0854 	 -0.1016 	 -0.3397 	 0.0978 	 0.0071 	 -0.0892 	 0.1973 	 0.0762 	 0.3675
4.5792 	 0.0864 	 -0.1015 	 -0.3406 	 0.0998 	 0.0079 	 -0.0855 	 0.1848 	 0.0736 	 0.3672
4.5892 	 0.0874 	 -0.1014 	 -0.3414 	 0.1015 	 0.0086 	 -0.0818 	 0.1734 	 0.0749 	 0.3714
4.5992 	 0.0884 	 -0.1013 	 -0.3422 	 0.1032 	 0.0094 	 -0.0781 	 0.1575 	 0.0710 	 0.3714
4.6092 	 0.0895 	 -0.1012 	 -0.3430 	 0.1047 	 0.0100 	 -0.0744 	 0.1395 	 0.0670 	 0.3733
4.6192 	 0.0905 	 -0.1011 	 -0.3437 	 0.1060 	 0.0107 	 -0.0706 	 0.1199 	 0.0631 	 0.3789
4.6293 	 0.0916 	 -0.1010 	 -0.3444 	 0.1071 	 0.0113 	 -0.0668 	 0.1020 	 0.0596 	 0.3887
4.6393 	 0.0927 	 -0.1009 	 -0.3451 	 0.1080 	 0.0119 	 -0.0628 	 0.0878 	 0.0555 	 0.4002
4.6493 	 0.0938 	 -0.1008 	 -0.3457 	 0.1089 	 0.0124 	 -0.0587 	 0.0756 	 0.0507 	 0.4176
4.6593 	 0.0949 	 -0.1007 	 -0.3462 	 0.1096 	 0.0129 	 -0.0545 	 0.0646 	 0.0438 	 0.4273
4.6693 	 0.0960 	 -0.1005 	 -0.3468 	 0.1102 	 0.0133 	 -0.0502 	 0.0527 	 0.0359 	 0.4383
4.6794 	 0.0971 	 -0.1004 	 -0.3473 	 0.1106 	 0.0136 	 -0.0457 	 0.0395 	 0.0281 	 0.4515
4.6894 	 0.0982 	 -0.1003 	 -0.3477 	 0.1110 	 0.0139 	 -0.0411 	 0.0305 	 0.0271 	 0.4675
4.6994 	 0.0993 	 -0.1001 	 -0.3481 	 0.1112 	 0.0141 	 -0.0363 	 0.0121 	 0.0213 	 0.4840
4.7094 	 0.1004 	 -0.1000 	 -0.3484 	 0.1112 	 0.0143 	 -0.0314 	 -0.0094 	 0.0171 	 0.5012
4.7194 	 0.1015 	 -0.0998 	 -0.3487 	 0.1110 	 0.0145 	 -0.0263 	 -0.0350 	 0.0182 	 0.5146
4.7295 	 0.1026 	 -0.0997 	 -0.3489 	 0.1105 	 0.0147 	 -0.0210 	 -0.0651 	 0.0247 	 0.5308
4.7395 	 0.1037 	 -0.0995 	 -0.3491 	 0.1097 	 0.0150 	 -0.0156 	 -0.0857 	 0.0428 	 0.5501
4.7495 	 0.1048 	 -0.0994 	 -0.3493 	 0.1088 	 0.0155 	 -0.0101 	 -0.1038 	 0.0573 	 0.5612
4.7595 	 0.1059 	 -0.0992 	 -0.3493 	 0.1077 	 0.0162 	 -0.0044 	 -0.1186 	 0.0712 	 0.5623
4.7695 	 0.1070 	 -0.0991 	 -0.3493 	 0.1064 	 0.0169 	 0.0012 	 -0.1357 	 0.0786 	 0.5456
4.7796 	 0.1080 	 -0.0989 	 -0.3493 	 0.1049 	 0.0178 	 0.0065 	 -0.1524 	 0.0827 	 0.5101
4.7896 	 0.1091 	 -0.0987 	 -0.3492 	 0.1033 	 0.0185 	 0.0113 	 -0.1717 	 0.0485 	 0.4479
4.7996 	 0.1101 	 -0.0985 	 -0.3491 	 0.1015 	 0.0187 	 0.0156 	 -0.1852 	 -0.0019 	 0.4244
4.8096 	 0.1111 	 -0.0983 	 -0.3489 	 0.0996 	 0.0185 	 0.0198 	 -0.1999 	 -0.0291 	 0.4194
4.8196 	 0.1121 	 -0.0982 	 -0.3487 	 0.0975 	 0.0181 	 0.0241 	 -0.2148 	 -0.0435 	 0.4199
4.8297 	 0.1131 	 -0.0980 	 -0.3484 	 0.0953 	 0.0177 	 0.0282 	 -0.2275 	 -0.0498 	 0.4154
4.8397 	 0.1140 	 -0.0978 	 -0.3481 	 0.0930 	 0.0172 	 0.0324 	 -0.2409 	 -0.0509 	 0.4138
4.8497 	 0.1149 	 -0.0976 	 -0.3478 	 0.0905 	 0.0167 	 0.0365 	 -0.2560 	 -0.0490 	 0.4147
4.8597 	 0.1158 	 -0.0975 	 -0.3474 	 0.0878 	 0.0162 	 0.0407 	 -0.2729 	 -0.0453 	 0.4167
4.8697 	 0.1167 	 -0.0973 	 -0.3470 	 0.0850 	 0.0158 	 0.0449 	 -0.2917 	 -0.0332 	 0.4178
4.8798 	 0.1175 	 -0.0971 	 -0.3465 	 0.0820 	 0.0155 	 0.0491 	 -0.3128 	 -0.0271 	 0.4155
4.8898 	 0.1183 	 -0.0970 	 -0.3460 	 0.0787 	 0.0153 	 0.0532 	 -0.3344 	 -0.0242 	 0.4124
4.8998 	 0.1191 	 -0.0968 	 -0.3454 	 0.0753 	 0.0150 	 0.0573 	 -0.3474 	 -0.0270 	 0.4042
4.9098 	 0.1198 	 -0.0967 	 -0.3448 	 0.0718 	 0.0147 	 0.0613 	 -0.3578 	 -0.0283 	 0.4010
4.9198 	 0.1205 	 -0.0965 	 -0.3442 	 0.0681 	 0.0145 	 0.0653 	 -0.3665 	 -0.0266 	 0.3944
4.9299 	 0.1212 	 -0.0964 	 -0.3435 	 0.0645 	 0.0142 	 0.0692 	 -0.3667 	 -0.0190 	 0.3850
4.9399 	 0.1218 	 -0.0963 	 -0.3428 	 0.0608 	 0.0141 	 0.0731 	 -0.3637 	 -0.0065 	 0.3832
4.9499 	 0.1224 	 -0.0961 	 -0.3421 	 0.0572 	 0.0140 	 0.0769 	 -0.3627 	 0.0013 	 0.3902
4.9599 	 0.1230 	 -0.0960 	 -0.3413 	 0.0535 	 0.0141 	 0.0809 	 -0.3648 	 0.0130 	 0.3926
4.9699 	 0.1235 	 -0.0958 	 -0.3404 	 0.0499 	 0.0143 	 0.0848 	 -0.3672 	 0.0239 	 0.3934
4.9800 	 0.1240 	 -0.0957 	 -0.3396 	 0.0462 	 0.0146 	 0.0887 	 -0.3727 	 0.0299 	 0.3899
4.9900 	 0.1244 	 -0.0955 	 -0.3387 	 0.0424 	 0.0149 	 0.0926 	 -0.3737 	 0.0401 	 0.3898
