100-Body Run with i = 1 th particle. (Units in pc,M_solar,Myr, km s-1) 

time		 x 		 y 		 z 		 xdot 		 ydot 		 zdot 		 xddot 		 yddot 		 zddot
0.0000 	 -0.7946 	 -1.5351 	 -0.4714 	 -0.0127 	 -0.0005 	 -0.0099 	 0.0651 	 0.1078 	 0.0180
0.0100 	 -0.7947 	 -1.5351 	 -0.4715 	 -0.0121 	 0.0005 	 -0.0097 	 0.0651 	 0.1077 	 0.0181
0.0200 	 -0.7949 	 -1.5351 	 -0.4716 	 -0.0114 	 0.0016 	 -0.0095 	 0.0651 	 0.1077 	 0.0181
0.0301 	 -0.7950 	 -1.5351 	 -0.4717 	 -0.0108 	 0.0027 	 -0.0093 	 0.0651 	 0.1077 	 0.0181
0.0401 	 -0.7951 	 -1.5351 	 -0.4718 	 -0.0101 	 0.0038 	 -0.0091 	 0.0651 	 0.1077 	 0.0181
0.0501 	 -0.7952 	 -1.5350 	 -0.4718 	 -0.0095 	 0.0048 	 -0.0089 	 0.0651 	 0.1077 	 0.0181
0.0601 	 -0.7953 	 -1.5350 	 -0.4719 	 -0.0088 	 0.0059 	 -0.0088 	 0.0651 	 0.1077 	 0.0181
0.0701 	 -0.7954 	 -1.5349 	 -0.4720 	 -0.0082 	 0.0070 	 -0.0086 	 0.0651 	 0.1077 	 0.0181
0.0802 	 -0.7954 	 -1.5348 	 -0.4721 	 -0.0075 	 0.0081 	 -0.0084 	 0.0652 	 0.1077 	 0.0181
0.0902 	 -0.7955 	 -1.5347 	 -0.4722 	 -0.0069 	 0.0092 	 -0.0082 	 0.0652 	 0.1077 	 0.0181
0.1002 	 -0.7956 	 -1.5346 	 -0.4723 	 -0.0062 	 0.0102 	 -0.0080 	 0.0652 	 0.1077 	 0.0181
0.1102 	 -0.7956 	 -1.5345 	 -0.4724 	 -0.0056 	 0.0113 	 -0.0079 	 0.0652 	 0.1077 	 0.0182
0.1202 	 -0.7957 	 -1.5344 	 -0.4724 	 -0.0049 	 0.0124 	 -0.0077 	 0.0652 	 0.1077 	 0.0182
0.1303 	 -0.7957 	 -1.5343 	 -0.4725 	 -0.0043 	 0.0135 	 -0.0075 	 0.0653 	 0.1077 	 0.0182
0.1403 	 -0.7958 	 -1.5341 	 -0.4726 	 -0.0036 	 0.0146 	 -0.0073 	 0.0653 	 0.1077 	 0.0182
0.1503 	 -0.7958 	 -1.5340 	 -0.4727 	 -0.0029 	 0.0156 	 -0.0071 	 0.0653 	 0.1077 	 0.0182
0.1603 	 -0.7958 	 -1.5338 	 -0.4727 	 -0.0023 	 0.0167 	 -0.0069 	 0.0653 	 0.1077 	 0.0182
0.1703 	 -0.7958 	 -1.5337 	 -0.4728 	 -0.0016 	 0.0178 	 -0.0068 	 0.0653 	 0.1078 	 0.0183
0.1804 	 -0.7959 	 -1.5335 	 -0.4729 	 -0.0010 	 0.0189 	 -0.0066 	 0.0654 	 0.1078 	 0.0183
0.1904 	 -0.7959 	 -1.5333 	 -0.4729 	 -0.0003 	 0.0200 	 -0.0064 	 0.0654 	 0.1078 	 0.0183
0.2004 	 -0.7959 	 -1.5331 	 -0.4730 	 0.0003 	 0.0210 	 -0.0062 	 0.0654 	 0.1078 	 0.0183
0.2104 	 -0.7959 	 -1.5329 	 -0.4730 	 0.0010 	 0.0221 	 -0.0060 	 0.0655 	 0.1079 	 0.0183
0.2204 	 -0.7958 	 -1.5326 	 -0.4731 	 0.0016 	 0.0232 	 -0.0058 	 0.0655 	 0.1079 	 0.0183
0.2305 	 -0.7958 	 -1.5324 	 -0.4732 	 0.0023 	 0.0243 	 -0.0057 	 0.0655 	 0.1079 	 0.0184
0.2405 	 -0.7958 	 -1.5321 	 -0.4732 	 0.0030 	 0.0254 	 -0.0055 	 0.0656 	 0.1079 	 0.0184
0.2505 	 -0.7958 	 -1.5319 	 -0.4733 	 0.0036 	 0.0264 	 -0.0053 	 0.0656 	 0.1080 	 0.0184
0.2605 	 -0.7957 	 -1.5316 	 -0.4733 	 0.0043 	 0.0275 	 -0.0051 	 0.0656 	 0.1080 	 0.0184
0.2705 	 -0.7957 	 -1.5313 	 -0.4734 	 0.0049 	 0.0286 	 -0.0049 	 0.0657 	 0.1081 	 0.0184
0.2806 	 -0.7956 	 -1.5310 	 -0.4734 	 0.0056 	 0.0297 	 -0.0047 	 0.0657 	 0.1081 	 0.0185
0.2906 	 -0.7956 	 -1.5307 	 -0.4735 	 0.0062 	 0.0308 	 -0.0046 	 0.0657 	 0.1081 	 0.0185
0.3006 	 -0.7955 	 -1.5304 	 -0.4735 	 0.0069 	 0.0319 	 -0.0044 	 0.0658 	 0.1082 	 0.0185
0.3106 	 -0.7954 	 -1.5301 	 -0.4736 	 0.0076 	 0.0329 	 -0.0042 	 0.0658 	 0.1082 	 0.0185
0.3206 	 -0.7954 	 -1.5298 	 -0.4736 	 0.0082 	 0.0340 	 -0.0040 	 0.0659 	 0.1083 	 0.0186
0.3307 	 -0.7953 	 -1.5294 	 -0.4736 	 0.0089 	 0.0351 	 -0.0038 	 0.0659 	 0.1083 	 0.0186
0.3407 	 -0.7952 	 -1.5291 	 -0.4737 	 0.0095 	 0.0362 	 -0.0036 	 0.0660 	 0.1084 	 0.0186
0.3507 	 -0.7951 	 -1.5287 	 -0.4737 	 0.0102 	 0.0373 	 -0.0034 	 0.0660 	 0.1085 	 0.0186
0.3607 	 -0.7950 	 -1.5283 	 -0.4737 	 0.0109 	 0.0384 	 -0.0033 	 0.0661 	 0.1085 	 0.0187
0.3707 	 -0.7949 	 -1.5279 	 -0.4738 	 0.0115 	 0.0395 	 -0.0031 	 0.0661 	 0.1086 	 0.0187
0.3808 	 -0.7947 	 -1.5275 	 -0.4738 	 0.0122 	 0.0405 	 -0.0029 	 0.0662 	 0.1086 	 0.0187
0.3908 	 -0.7946 	 -1.5271 	 -0.4738 	 0.0129 	 0.0416 	 -0.0027 	 0.0662 	 0.1087 	 0.0187
0.4008 	 -0.7945 	 -1.5267 	 -0.4739 	 0.0135 	 0.0427 	 -0.0025 	 0.0663 	 0.1088 	 0.0188
0.4108 	 -0.7943 	 -1.5263 	 -0.4739 	 0.0142 	 0.0438 	 -0.0023 	 0.0663 	 0.1088 	 0.0188
0.4208 	 -0.7942 	 -1.5258 	 -0.4739 	 0.0148 	 0.0449 	 -0.0021 	 0.0664 	 0.1089 	 0.0188
0.4309 	 -0.7940 	 -1.5254 	 -0.4739 	 0.0155 	 0.0460 	 -0.0019 	 0.0664 	 0.1090 	 0.0189
0.4409 	 -0.7939 	 -1.5249 	 -0.4739 	 0.0162 	 0.0471 	 -0.0017 	 0.0665 	 0.1091 	 0.0189
0.4509 	 -0.7937 	 -1.5244 	 -0.4740 	 0.0168 	 0.0482 	 -0.0016 	 0.0665 	 0.1091 	 0.0189
0.4609 	 -0.7936 	 -1.5239 	 -0.4740 	 0.0175 	 0.0493 	 -0.0014 	 0.0666 	 0.1092 	 0.0189
0.4709 	 -0.7934 	 -1.5234 	 -0.4740 	 0.0182 	 0.0504 	 -0.0012 	 0.0667 	 0.1093 	 0.0190
0.4810 	 -0.7932 	 -1.5229 	 -0.4740 	 0.0188 	 0.0515 	 -0.0010 	 0.0667 	 0.1094 	 0.0190
0.4910 	 -0.7930 	 -1.5224 	 -0.4740 	 0.0195 	 0.0526 	 -0.0008 	 0.0668 	 0.1095 	 0.0190
0.5010 	 -0.7928 	 -1.5219 	 -0.4740 	 0.0202 	 0.0537 	 -0.0006 	 0.0669 	 0.1096 	 0.0191
0.5110 	 -0.7926 	 -1.5213 	 -0.4740 	 0.0209 	 0.0548 	 -0.0004 	 0.0669 	 0.1097 	 0.0191
0.5210 	 -0.7924 	 -1.5208 	 -0.4740 	 0.0215 	 0.0559 	 -0.0002 	 0.0670 	 0.1098 	 0.0191
0.5311 	 -0.7922 	 -1.5202 	 -0.4740 	 0.0222 	 0.0570 	 -0.0000 	 0.0671 	 0.1099 	 0.0192
0.5411 	 -0.7919 	 -1.5196 	 -0.4740 	 0.0229 	 0.0581 	 0.0002 	 0.0671 	 0.1100 	 0.0192
0.5511 	 -0.7917 	 -1.5190 	 -0.4740 	 0.0235 	 0.0592 	 0.0004 	 0.0672 	 0.1101 	 0.0192
0.5611 	 -0.7915 	 -1.5184 	 -0.4740 	 0.0242 	 0.0603 	 0.0005 	 0.0673 	 0.1102 	 0.0193
0.5711 	 -0.7912 	 -1.5178 	 -0.4740 	 0.0249 	 0.0614 	 0.0007 	 0.0674 	 0.1103 	 0.0193
0.5812 	 -0.7910 	 -1.5172 	 -0.4740 	 0.0256 	 0.0625 	 0.0009 	 0.0674 	 0.1104 	 0.0194
0.5912 	 -0.7907 	 -1.5166 	 -0.4740 	 0.0262 	 0.0636 	 0.0011 	 0.0675 	 0.1105 	 0.0194
0.6012 	 -0.7904 	 -1.5159 	 -0.4740 	 0.0269 	 0.0647 	 0.0013 	 0.0676 	 0.1106 	 0.0194
0.6112 	 -0.7902 	 -1.5153 	 -0.4740 	 0.0276 	 0.0658 	 0.0015 	 0.0677 	 0.1107 	 0.0195
0.6212 	 -0.7899 	 -1.5146 	 -0.4740 	 0.0283 	 0.0669 	 0.0017 	 0.0678 	 0.1108 	 0.0195
0.6313 	 -0.7896 	 -1.5139 	 -0.4739 	 0.0290 	 0.0680 	 0.0019 	 0.0678 	 0.1109 	 0.0195
0.6413 	 -0.7893 	 -1.5132 	 -0.4739 	 0.0296 	 0.0691 	 0.0021 	 0.0679 	 0.1111 	 0.0196
0.6513 	 -0.7890 	 -1.5126 	 -0.4739 	 0.0303 	 0.0702 	 0.0023 	 0.0680 	 0.1112 	 0.0196
0.6613 	 -0.7887 	 -1.5118 	 -0.4739 	 0.0310 	 0.0714 	 0.0025 	 0.0681 	 0.1113 	 0.0197
0.6713 	 -0.7884 	 -1.5111 	 -0.4738 	 0.0317 	 0.0725 	 0.0027 	 0.0682 	 0.1114 	 0.0197
0.6814 	 -0.7881 	 -1.5104 	 -0.4738 	 0.0324 	 0.0736 	 0.0029 	 0.0683 	 0.1116 	 0.0198
0.6914 	 -0.7877 	 -1.5096 	 -0.4738 	 0.0330 	 0.0747 	 0.0031 	 0.0684 	 0.1117 	 0.0198
0.7014 	 -0.7874 	 -1.5089 	 -0.4738 	 0.0337 	 0.0758 	 0.0033 	 0.0685 	 0.1118 	 0.0198
0.7114 	 -0.7871 	 -1.5081 	 -0.4737 	 0.0344 	 0.0770 	 0.0035 	 0.0686 	 0.1120 	 0.0199
0.7214 	 -0.7867 	 -1.5073 	 -0.4737 	 0.0351 	 0.0781 	 0.0037 	 0.0687 	 0.1121 	 0.0199
0.7315 	 -0.7864 	 -1.5066 	 -0.4736 	 0.0358 	 0.0792 	 0.0039 	 0.0688 	 0.1123 	 0.0200
0.7415 	 -0.7860 	 -1.5058 	 -0.4736 	 0.0365 	 0.0803 	 0.0041 	 0.0689 	 0.1124 	 0.0200
0.7515 	 -0.7856 	 -1.5050 	 -0.4736 	 0.0372 	 0.0815 	 0.0043 	 0.0690 	 0.1126 	 0.0201
0.7615 	 -0.7852 	 -1.5041 	 -0.4735 	 0.0379 	 0.0826 	 0.0045 	 0.0691 	 0.1127 	 0.0201
0.7715 	 -0.7849 	 -1.5033 	 -0.4735 	 0.0386 	 0.0837 	 0.0047 	 0.0692 	 0.1129 	 0.0201
0.7816 	 -0.7845 	 -1.5025 	 -0.4734 	 0.0393 	 0.0848 	 0.0049 	 0.0693 	 0.1130 	 0.0202
0.7916 	 -0.7841 	 -1.5016 	 -0.4734 	 0.0399 	 0.0860 	 0.0051 	 0.0694 	 0.1132 	 0.0202
0.8016 	 -0.7837 	 -1.5007 	 -0.4733 	 0.0406 	 0.0871 	 0.0053 	 0.0695 	 0.1133 	 0.0203
0.8116 	 -0.7833 	 -1.4999 	 -0.4733 	 0.0413 	 0.0882 	 0.0055 	 0.0696 	 0.1135 	 0.0203
0.8216 	 -0.7828 	 -1.4990 	 -0.4732 	 0.0420 	 0.0894 	 0.0057 	 0.0697 	 0.1136 	 0.0204
0.8317 	 -0.7824 	 -1.4981 	 -0.4732 	 0.0427 	 0.0905 	 0.0059 	 0.0698 	 0.1138 	 0.0204
0.8417 	 -0.7820 	 -1.4971 	 -0.4731 	 0.0434 	 0.0917 	 0.0061 	 0.0699 	 0.1140 	 0.0205
0.8517 	 -0.7815 	 -1.4962 	 -0.4730 	 0.0441 	 0.0928 	 0.0063 	 0.0700 	 0.1141 	 0.0205
0.8617 	 -0.7811 	 -1.4953 	 -0.4730 	 0.0448 	 0.0940 	 0.0065 	 0.0701 	 0.1143 	 0.0206
0.8717 	 -0.7807 	 -1.4943 	 -0.4729 	 0.0455 	 0.0951 	 0.0067 	 0.0703 	 0.1145 	 0.0206
0.8818 	 -0.7802 	 -1.4934 	 -0.4728 	 0.0463 	 0.0962 	 0.0069 	 0.0704 	 0.1147 	 0.0207
0.8918 	 -0.7797 	 -1.4924 	 -0.4728 	 0.0470 	 0.0974 	 0.0071 	 0.0705 	 0.1148 	 0.0207
0.9018 	 -0.7792 	 -1.4914 	 -0.4727 	 0.0477 	 0.0986 	 0.0074 	 0.0706 	 0.1150 	 0.0208
0.9118 	 -0.7788 	 -1.4904 	 -0.4726 	 0.0484 	 0.0997 	 0.0076 	 0.0707 	 0.1152 	 0.0208
0.9218 	 -0.7783 	 -1.4894 	 -0.4725 	 0.0491 	 0.1009 	 0.0078 	 0.0709 	 0.1154 	 0.0209
0.9319 	 -0.7778 	 -1.4884 	 -0.4725 	 0.0498 	 0.1020 	 0.0080 	 0.0710 	 0.1156 	 0.0209
0.9419 	 -0.7773 	 -1.4874 	 -0.4724 	 0.0505 	 0.1032 	 0.0082 	 0.0711 	 0.1158 	 0.0210
0.9519 	 -0.7768 	 -1.4863 	 -0.4723 	 0.0512 	 0.1043 	 0.0084 	 0.0712 	 0.1160 	 0.0210
0.9619 	 -0.7763 	 -1.4853 	 -0.4722 	 0.0519 	 0.1055 	 0.0086 	 0.0714 	 0.1161 	 0.0211
0.9719 	 -0.7757 	 -1.4842 	 -0.4721 	 0.0526 	 0.1067 	 0.0088 	 0.0715 	 0.1163 	 0.0212
0.9820 	 -0.7752 	 -1.4832 	 -0.4720 	 0.0534 	 0.1078 	 0.0090 	 0.0716 	 0.1165 	 0.0212
0.9920 	 -0.7747 	 -1.4821 	 -0.4719 	 0.0541 	 0.1090 	 0.0093 	 0.0718 	 0.1167 	 0.0213
1.0020 	 -0.7741 	 -1.4810 	 -0.4718 	 0.0548 	 0.1102 	 0.0095 	 0.0719 	 0.1169 	 0.0213
1.0120 	 -0.7736 	 -1.4799 	 -0.4718 	 0.0555 	 0.1113 	 0.0097 	 0.0720 	 0.1171 	 0.0214
1.0220 	 -0.7730 	 -1.4787 	 -0.4717 	 0.0562 	 0.1125 	 0.0099 	 0.0722 	 0.1174 	 0.0214
1.0321 	 -0.7724 	 -1.4776 	 -0.4716 	 0.0570 	 0.1137 	 0.0101 	 0.0723 	 0.1176 	 0.0215
1.0421 	 -0.7719 	 -1.4765 	 -0.4714 	 0.0577 	 0.1149 	 0.0103 	 0.0724 	 0.1178 	 0.0215
1.0521 	 -0.7713 	 -1.4753 	 -0.4713 	 0.0584 	 0.1161 	 0.0105 	 0.0726 	 0.1180 	 0.0216
1.0621 	 -0.7707 	 -1.4741 	 -0.4712 	 0.0592 	 0.1172 	 0.0108 	 0.0727 	 0.1182 	 0.0216
1.0721 	 -0.7701 	 -1.4730 	 -0.4711 	 0.0599 	 0.1184 	 0.0110 	 0.0729 	 0.1184 	 0.0217
1.0822 	 -0.7695 	 -1.4718 	 -0.4710 	 0.0606 	 0.1196 	 0.0112 	 0.0730 	 0.1186 	 0.0217
1.0922 	 -0.7689 	 -1.4706 	 -0.4709 	 0.0613 	 0.1208 	 0.0114 	 0.0732 	 0.1188 	 0.0218
1.1022 	 -0.7683 	 -1.4693 	 -0.4708 	 0.0621 	 0.1220 	 0.0116 	 0.0733 	 0.1191 	 0.0219
1.1122 	 -0.7676 	 -1.4681 	 -0.4707 	 0.0628 	 0.1232 	 0.0118 	 0.0734 	 0.1193 	 0.0219
1.1222 	 -0.7670 	 -1.4669 	 -0.4706 	 0.0635 	 0.1244 	 0.0121 	 0.0736 	 0.1195 	 0.0220
1.1323 	 -0.7664 	 -1.4656 	 -0.4704 	 0.0643 	 0.1256 	 0.0123 	 0.0737 	 0.1197 	 0.0220
1.1423 	 -0.7657 	 -1.4644 	 -0.4703 	 0.0650 	 0.1268 	 0.0125 	 0.0739 	 0.1200 	 0.0221
1.1523 	 -0.7651 	 -1.4631 	 -0.4702 	 0.0658 	 0.1280 	 0.0127 	 0.0740 	 0.1202 	 0.0221
1.1623 	 -0.7644 	 -1.4618 	 -0.4701 	 0.0665 	 0.1292 	 0.0130 	 0.0742 	 0.1204 	 0.0222
1.1723 	 -0.7637 	 -1.4605 	 -0.4699 	 0.0673 	 0.1304 	 0.0132 	 0.0743 	 0.1207 	 0.0222
1.1824 	 -0.7630 	 -1.4592 	 -0.4698 	 0.0680 	 0.1316 	 0.0134 	 0.0745 	 0.1209 	 0.0223
1.1924 	 -0.7624 	 -1.4579 	 -0.4697 	 0.0687 	 0.1328 	 0.0136 	 0.0746 	 0.1211 	 0.0223
1.2024 	 -0.7617 	 -1.4565 	 -0.4695 	 0.0695 	 0.1340 	 0.0138 	 0.0748 	 0.1214 	 0.0224
1.2124 	 -0.7610 	 -1.4552 	 -0.4694 	 0.0702 	 0.1353 	 0.0141 	 0.0750 	 0.1216 	 0.0225
1.2224 	 -0.7603 	 -1.4538 	 -0.4692 	 0.0710 	 0.1365 	 0.0143 	 0.0751 	 0.1219 	 0.0225
1.2325 	 -0.7595 	 -1.4524 	 -0.4691 	 0.0718 	 0.1377 	 0.0145 	 0.0753 	 0.1221 	 0.0226
1.2425 	 -0.7588 	 -1.4510 	 -0.4689 	 0.0725 	 0.1389 	 0.0147 	 0.0754 	 0.1223 	 0.0226
1.2525 	 -0.7581 	 -1.4497 	 -0.4688 	 0.0733 	 0.1401 	 0.0150 	 0.0756 	 0.1226 	 0.0227
1.2625 	 -0.7574 	 -1.4482 	 -0.4686 	 0.0740 	 0.1414 	 0.0152 	 0.0758 	 0.1228 	 0.0227
1.2725 	 -0.7566 	 -1.4468 	 -0.4685 	 0.0748 	 0.1426 	 0.0154 	 0.0759 	 0.1231 	 0.0228
1.2826 	 -0.7559 	 -1.4454 	 -0.4683 	 0.0755 	 0.1438 	 0.0157 	 0.0761 	 0.1234 	 0.0228
1.2926 	 -0.7551 	 -1.4439 	 -0.4682 	 0.0763 	 0.1451 	 0.0159 	 0.0762 	 0.1236 	 0.0229
1.3026 	 -0.7543 	 -1.4425 	 -0.4680 	 0.0771 	 0.1463 	 0.0161 	 0.0764 	 0.1239 	 0.0229
1.3126 	 -0.7536 	 -1.4410 	 -0.4679 	 0.0778 	 0.1476 	 0.0163 	 0.0766 	 0.1241 	 0.0230
1.3226 	 -0.7528 	 -1.4395 	 -0.4677 	 0.0786 	 0.1488 	 0.0166 	 0.0767 	 0.1244 	 0.0231
1.3327 	 -0.7520 	 -1.4380 	 -0.4675 	 0.0794 	 0.1501 	 0.0168 	 0.0769 	 0.1247 	 0.0231
1.3427 	 -0.7512 	 -1.4365 	 -0.4673 	 0.0801 	 0.1513 	 0.0170 	 0.0771 	 0.1249 	 0.0232
1.3527 	 -0.7504 	 -1.4350 	 -0.4672 	 0.0809 	 0.1526 	 0.0173 	 0.0773 	 0.1252 	 0.0232
1.3627 	 -0.7496 	 -1.4335 	 -0.4670 	 0.0817 	 0.1538 	 0.0175 	 0.0774 	 0.1255 	 0.0233
1.3727 	 -0.7487 	 -1.4319 	 -0.4668 	 0.0825 	 0.1551 	 0.0177 	 0.0776 	 0.1257 	 0.0233
1.3828 	 -0.7479 	 -1.4303 	 -0.4666 	 0.0833 	 0.1563 	 0.0180 	 0.0778 	 0.1260 	 0.0234
1.3928 	 -0.7471 	 -1.4288 	 -0.4665 	 0.0840 	 0.1576 	 0.0182 	 0.0780 	 0.1263 	 0.0234
1.4028 	 -0.7462 	 -1.4272 	 -0.4663 	 0.0848 	 0.1589 	 0.0184 	 0.0782 	 0.1266 	 0.0235
1.4128 	 -0.7454 	 -1.4256 	 -0.4661 	 0.0856 	 0.1601 	 0.0187 	 0.0783 	 0.1269 	 0.0235
1.4228 	 -0.7445 	 -1.4240 	 -0.4659 	 0.0864 	 0.1614 	 0.0189 	 0.0785 	 0.1271 	 0.0236
1.4329 	 -0.7436 	 -1.4224 	 -0.4657 	 0.0872 	 0.1627 	 0.0192 	 0.0787 	 0.1274 	 0.0236
1.4429 	 -0.7428 	 -1.4207 	 -0.4655 	 0.0880 	 0.1640 	 0.0194 	 0.0789 	 0.1277 	 0.0237
1.4529 	 -0.7419 	 -1.4191 	 -0.4653 	 0.0888 	 0.1652 	 0.0196 	 0.0791 	 0.1280 	 0.0238
1.4629 	 -0.7410 	 -1.4174 	 -0.4651 	 0.0895 	 0.1665 	 0.0199 	 0.0793 	 0.1283 	 0.0238
1.4729 	 -0.7401 	 -1.4157 	 -0.4649 	 0.0903 	 0.1678 	 0.0201 	 0.0795 	 0.1286 	 0.0239
1.4830 	 -0.7392 	 -1.4140 	 -0.4647 	 0.0911 	 0.1691 	 0.0203 	 0.0797 	 0.1289 	 0.0239
1.4930 	 -0.7383 	 -1.4123 	 -0.4645 	 0.0919 	 0.1704 	 0.0206 	 0.0799 	 0.1292 	 0.0240
1.5030 	 -0.7373 	 -1.4106 	 -0.4643 	 0.0927 	 0.1717 	 0.0208 	 0.0801 	 0.1295 	 0.0240
1.5130 	 -0.7364 	 -1.4089 	 -0.4641 	 0.0935 	 0.1730 	 0.0211 	 0.0803 	 0.1298 	 0.0241
1.5230 	 -0.7355 	 -1.4072 	 -0.4639 	 0.0943 	 0.1743 	 0.0213 	 0.0805 	 0.1302 	 0.0241
1.5331 	 -0.7345 	 -1.4054 	 -0.4637 	 0.0952 	 0.1756 	 0.0215 	 0.0807 	 0.1305 	 0.0242
1.5431 	 -0.7335 	 -1.4036 	 -0.4635 	 0.0960 	 0.1769 	 0.0218 	 0.0809 	 0.1308 	 0.0242
1.5531 	 -0.7326 	 -1.4019 	 -0.4632 	 0.0968 	 0.1782 	 0.0220 	 0.0811 	 0.1311 	 0.0243
1.5631 	 -0.7316 	 -1.4001 	 -0.4630 	 0.0976 	 0.1795 	 0.0223 	 0.0813 	 0.1315 	 0.0243
1.5731 	 -0.7306 	 -1.3983 	 -0.4628 	 0.0984 	 0.1809 	 0.0225 	 0.0815 	 0.1318 	 0.0244
1.5832 	 -0.7296 	 -1.3964 	 -0.4626 	 0.0992 	 0.1822 	 0.0228 	 0.0817 	 0.1321 	 0.0244
1.5932 	 -0.7286 	 -1.3946 	 -0.4623 	 0.1000 	 0.1835 	 0.0230 	 0.0819 	 0.1325 	 0.0245
1.6032 	 -0.7276 	 -1.3928 	 -0.4621 	 0.1009 	 0.1848 	 0.0233 	 0.0822 	 0.1328 	 0.0246
1.6132 	 -0.7266 	 -1.3909 	 -0.4619 	 0.1017 	 0.1862 	 0.0235 	 0.0824 	 0.1332 	 0.0246
1.6232 	 -0.7256 	 -1.3890 	 -0.4616 	 0.1025 	 0.1875 	 0.0237 	 0.0826 	 0.1335 	 0.0247
1.6333 	 -0.7246 	 -1.3872 	 -0.4614 	 0.1033 	 0.1888 	 0.0240 	 0.0828 	 0.1339 	 0.0247
1.6433 	 -0.7235 	 -1.3853 	 -0.4612 	 0.1042 	 0.1902 	 0.0242 	 0.0831 	 0.1343 	 0.0248
1.6533 	 -0.7225 	 -1.3833 	 -0.4609 	 0.1050 	 0.1915 	 0.0245 	 0.0833 	 0.1346 	 0.0248
1.6633 	 -0.7214 	 -1.3814 	 -0.4607 	 0.1058 	 0.1929 	 0.0247 	 0.0835 	 0.1350 	 0.0249
1.6733 	 -0.7204 	 -1.3795 	 -0.4604 	 0.1067 	 0.1942 	 0.0250 	 0.0838 	 0.1354 	 0.0249
1.6834 	 -0.7193 	 -1.3775 	 -0.4602 	 0.1075 	 0.1956 	 0.0252 	 0.0840 	 0.1357 	 0.0250
1.6934 	 -0.7182 	 -1.3756 	 -0.4599 	 0.1084 	 0.1970 	 0.0255 	 0.0843 	 0.1361 	 0.0250
1.7034 	 -0.7171 	 -1.3736 	 -0.4597 	 0.1092 	 0.1983 	 0.0257 	 0.0845 	 0.1365 	 0.0251
1.7134 	 -0.7160 	 -1.3716 	 -0.4594 	 0.1101 	 0.1997 	 0.0260 	 0.0848 	 0.1369 	 0.0252
1.7234 	 -0.7149 	 -1.3696 	 -0.4591 	 0.1109 	 0.2011 	 0.0262 	 0.0850 	 0.1373 	 0.0252
1.7335 	 -0.7138 	 -1.3676 	 -0.4589 	 0.1118 	 0.2025 	 0.0265 	 0.0853 	 0.1377 	 0.0253
1.7435 	 -0.7127 	 -1.3655 	 -0.4586 	 0.1126 	 0.2038 	 0.0268 	 0.0856 	 0.1381 	 0.0253
1.7535 	 -0.7115 	 -1.3635 	 -0.4583 	 0.1135 	 0.2052 	 0.0270 	 0.0858 	 0.1385 	 0.0254
1.7635 	 -0.7104 	 -1.3614 	 -0.4581 	 0.1143 	 0.2066 	 0.0273 	 0.0861 	 0.1389 	 0.0254
1.7735 	 -0.7092 	 -1.3593 	 -0.4578 	 0.1152 	 0.2080 	 0.0275 	 0.0864 	 0.1394 	 0.0255
1.7836 	 -0.7081 	 -1.3572 	 -0.4575 	 0.1161 	 0.2094 	 0.0278 	 0.0866 	 0.1398 	 0.0256
1.7936 	 -0.7069 	 -1.3551 	 -0.4572 	 0.1169 	 0.2108 	 0.0280 	 0.0869 	 0.1402 	 0.0256
1.8036 	 -0.7057 	 -1.3530 	 -0.4569 	 0.1178 	 0.2122 	 0.0283 	 0.0872 	 0.1407 	 0.0257
1.8136 	 -0.7046 	 -1.3509 	 -0.4567 	 0.1187 	 0.2136 	 0.0285 	 0.0875 	 0.1411 	 0.0257
1.8236 	 -0.7034 	 -1.3487 	 -0.4564 	 0.1196 	 0.2150 	 0.0288 	 0.0878 	 0.1415 	 0.0258
1.8337 	 -0.7022 	 -1.3466 	 -0.4561 	 0.1204 	 0.2165 	 0.0291 	 0.0881 	 0.1420 	 0.0258
1.8437 	 -0.7009 	 -1.3444 	 -0.4558 	 0.1213 	 0.2179 	 0.0293 	 0.0884 	 0.1425 	 0.0259
1.8537 	 -0.6997 	 -1.3422 	 -0.4555 	 0.1222 	 0.2193 	 0.0296 	 0.0887 	 0.1429 	 0.0260
1.8637 	 -0.6985 	 -1.3400 	 -0.4552 	 0.1231 	 0.2207 	 0.0298 	 0.0890 	 0.1434 	 0.0260
1.8737 	 -0.6973 	 -1.3378 	 -0.4549 	 0.1240 	 0.2222 	 0.0301 	 0.0893 	 0.1439 	 0.0261
1.8838 	 -0.6960 	 -1.3355 	 -0.4546 	 0.1249 	 0.2236 	 0.0304 	 0.0896 	 0.1443 	 0.0261
1.8938 	 -0.6948 	 -1.3333 	 -0.4543 	 0.1258 	 0.2251 	 0.0306 	 0.0899 	 0.1448 	 0.0262
1.9038 	 -0.6935 	 -1.3310 	 -0.4540 	 0.1267 	 0.2265 	 0.0309 	 0.0902 	 0.1453 	 0.0263
1.9138 	 -0.6922 	 -1.3288 	 -0.4537 	 0.1276 	 0.2280 	 0.0312 	 0.0905 	 0.1458 	 0.0263
1.9238 	 -0.6909 	 -1.3265 	 -0.4534 	 0.1285 	 0.2295 	 0.0314 	 0.0909 	 0.1463 	 0.0264
1.9339 	 -0.6896 	 -1.3242 	 -0.4530 	 0.1294 	 0.2309 	 0.0317 	 0.0912 	 0.1468 	 0.0264
1.9439 	 -0.6883 	 -1.3218 	 -0.4527 	 0.1303 	 0.2324 	 0.0319 	 0.0915 	 0.1473 	 0.0265
1.9539 	 -0.6870 	 -1.3195 	 -0.4524 	 0.1313 	 0.2339 	 0.0322 	 0.0919 	 0.1478 	 0.0265
1.9639 	 -0.6857 	 -1.3171 	 -0.4521 	 0.1322 	 0.2354 	 0.0325 	 0.0922 	 0.1484 	 0.0266
1.9739 	 -0.6844 	 -1.3148 	 -0.4518 	 0.1331 	 0.2368 	 0.0327 	 0.0926 	 0.1489 	 0.0267
1.9840 	 -0.6830 	 -1.3124 	 -0.4514 	 0.1340 	 0.2383 	 0.0330 	 0.0929 	 0.1494 	 0.0267
1.9940 	 -0.6817 	 -1.3100 	 -0.4511 	 0.1350 	 0.2398 	 0.0333 	 0.0933 	 0.1500 	 0.0268
2.0040 	 -0.6803 	 -1.3076 	 -0.4508 	 0.1359 	 0.2414 	 0.0335 	 0.0937 	 0.1505 	 0.0268
2.0140 	 -0.6790 	 -1.3052 	 -0.4504 	 0.1368 	 0.2429 	 0.0338 	 0.0940 	 0.1511 	 0.0269
2.0240 	 -0.6776 	 -1.3027 	 -0.4501 	 0.1378 	 0.2444 	 0.0341 	 0.0944 	 0.1517 	 0.0270
2.0341 	 -0.6762 	 -1.3003 	 -0.4497 	 0.1387 	 0.2459 	 0.0344 	 0.0948 	 0.1523 	 0.0270
2.0441 	 -0.6748 	 -1.2978 	 -0.4494 	 0.1397 	 0.2474 	 0.0346 	 0.0952 	 0.1528 	 0.0271
2.0541 	 -0.6734 	 -1.2953 	 -0.4490 	 0.1406 	 0.2490 	 0.0349 	 0.0955 	 0.1534 	 0.0271
2.0641 	 -0.6720 	 -1.2928 	 -0.4487 	 0.1416 	 0.2505 	 0.0352 	 0.0959 	 0.1540 	 0.0272
2.0741 	 -0.6706 	 -1.2903 	 -0.4483 	 0.1426 	 0.2521 	 0.0354 	 0.0963 	 0.1546 	 0.0273
2.0842 	 -0.6691 	 -1.2878 	 -0.4480 	 0.1435 	 0.2536 	 0.0357 	 0.0967 	 0.1552 	 0.0273
2.0942 	 -0.6677 	 -1.2852 	 -0.4476 	 0.1445 	 0.2552 	 0.0360 	 0.0971 	 0.1559 	 0.0274
2.1042 	 -0.6662 	 -1.2826 	 -0.4473 	 0.1455 	 0.2567 	 0.0363 	 0.0976 	 0.1565 	 0.0274
2.1142 	 -0.6648 	 -1.2801 	 -0.4469 	 0.1465 	 0.2583 	 0.0365 	 0.0980 	 0.1571 	 0.0275
2.1242 	 -0.6633 	 -1.2775 	 -0.4465 	 0.1474 	 0.2599 	 0.0368 	 0.0984 	 0.1578 	 0.0276
2.1343 	 -0.6618 	 -1.2749 	 -0.4462 	 0.1484 	 0.2615 	 0.0371 	 0.0988 	 0.1584 	 0.0276
2.1443 	 -0.6603 	 -1.2722 	 -0.4458 	 0.1494 	 0.2631 	 0.0374 	 0.0993 	 0.1591 	 0.0277
2.1543 	 -0.6588 	 -1.2696 	 -0.4454 	 0.1504 	 0.2646 	 0.0377 	 0.0997 	 0.1598 	 0.0277
2.1643 	 -0.6573 	 -1.2669 	 -0.4450 	 0.1514 	 0.2663 	 0.0379 	 0.1002 	 0.1604 	 0.0278
2.1743 	 -0.6558 	 -1.2643 	 -0.4446 	 0.1524 	 0.2679 	 0.0382 	 0.1006 	 0.1611 	 0.0279
2.1844 	 -0.6543 	 -1.2616 	 -0.4443 	 0.1534 	 0.2695 	 0.0385 	 0.1011 	 0.1618 	 0.0279
2.1944 	 -0.6527 	 -1.2589 	 -0.4439 	 0.1545 	 0.2711 	 0.0388 	 0.1015 	 0.1625 	 0.0280
2.2044 	 -0.6512 	 -1.2561 	 -0.4435 	 0.1555 	 0.2727 	 0.0390 	 0.1020 	 0.1633 	 0.0280
2.2144 	 -0.6496 	 -1.2534 	 -0.4431 	 0.1565 	 0.2744 	 0.0393 	 0.1025 	 0.1640 	 0.0281
2.2244 	 -0.6480 	 -1.2506 	 -0.4427 	 0.1575 	 0.2760 	 0.0396 	 0.1030 	 0.1647 	 0.0281
2.2345 	 -0.6464 	 -1.2479 	 -0.4423 	 0.1586 	 0.2777 	 0.0399 	 0.1034 	 0.1655 	 0.0282
2.2445 	 -0.6449 	 -1.2451 	 -0.4419 	 0.1596 	 0.2793 	 0.0402 	 0.1039 	 0.1662 	 0.0282
2.2545 	 -0.6432 	 -1.2423 	 -0.4415 	 0.1606 	 0.2810 	 0.0405 	 0.1044 	 0.1670 	 0.0283
2.2645 	 -0.6416 	 -1.2394 	 -0.4411 	 0.1617 	 0.2827 	 0.0407 	 0.1049 	 0.1677 	 0.0284
2.2745 	 -0.6400 	 -1.2366 	 -0.4407 	 0.1627 	 0.2844 	 0.0410 	 0.1055 	 0.1685 	 0.0284
2.2846 	 -0.6384 	 -1.2337 	 -0.4403 	 0.1638 	 0.2861 	 0.0413 	 0.1060 	 0.1693 	 0.0285
2.2946 	 -0.6367 	 -1.2309 	 -0.4398 	 0.1649 	 0.2878 	 0.0416 	 0.1065 	 0.1701 	 0.0285
2.3046 	 -0.6351 	 -1.2280 	 -0.4394 	 0.1659 	 0.2895 	 0.0419 	 0.1070 	 0.1709 	 0.0286
2.3146 	 -0.6334 	 -1.2251 	 -0.4390 	 0.1670 	 0.2912 	 0.0422 	 0.1076 	 0.1718 	 0.0286
2.3246 	 -0.6317 	 -1.2221 	 -0.4386 	 0.1681 	 0.2929 	 0.0425 	 0.1081 	 0.1726 	 0.0287
2.3347 	 -0.6300 	 -1.2192 	 -0.4382 	 0.1692 	 0.2946 	 0.0427 	 0.1087 	 0.1734 	 0.0287
2.3447 	 -0.6283 	 -1.2162 	 -0.4377 	 0.1703 	 0.2964 	 0.0430 	 0.1092 	 0.1743 	 0.0287
2.3547 	 -0.6266 	 -1.2132 	 -0.4373 	 0.1714 	 0.2981 	 0.0433 	 0.1098 	 0.1752 	 0.0288
2.3647 	 -0.6249 	 -1.2102 	 -0.4369 	 0.1725 	 0.2999 	 0.0436 	 0.1103 	 0.1760 	 0.0288
2.3747 	 -0.6232 	 -1.2072 	 -0.4364 	 0.1736 	 0.3017 	 0.0439 	 0.1109 	 0.1769 	 0.0289
2.3848 	 -0.6214 	 -1.2042 	 -0.4360 	 0.1747 	 0.3034 	 0.0442 	 0.1115 	 0.1778 	 0.0289
2.3948 	 -0.6197 	 -1.2012 	 -0.4355 	 0.1758 	 0.3052 	 0.0445 	 0.1121 	 0.1787 	 0.0289
2.4048 	 -0.6179 	 -1.1981 	 -0.4351 	 0.1769 	 0.3070 	 0.0448 	 0.1127 	 0.1796 	 0.0290
2.4148 	 -0.6161 	 -1.1950 	 -0.4346 	 0.1781 	 0.3088 	 0.0451 	 0.1133 	 0.1806 	 0.0290
2.4248 	 -0.6143 	 -1.1919 	 -0.4342 	 0.1792 	 0.3106 	 0.0453 	 0.1139 	 0.1815 	 0.0290
2.4349 	 -0.6125 	 -1.1888 	 -0.4337 	 0.1804 	 0.3125 	 0.0456 	 0.1145 	 0.1825 	 0.0291
2.4449 	 -0.6107 	 -1.1856 	 -0.4333 	 0.1815 	 0.3143 	 0.0459 	 0.1152 	 0.1835 	 0.0291
2.4549 	 -0.6089 	 -1.1825 	 -0.4328 	 0.1827 	 0.3161 	 0.0462 	 0.1158 	 0.1844 	 0.0291
2.4649 	 -0.6071 	 -1.1793 	 -0.4323 	 0.1838 	 0.3180 	 0.0465 	 0.1165 	 0.1854 	 0.0292
2.4749 	 -0.6052 	 -1.1761 	 -0.4319 	 0.1850 	 0.3199 	 0.0468 	 0.1171 	 0.1864 	 0.0292
2.4850 	 -0.6033 	 -1.1729 	 -0.4314 	 0.1862 	 0.3217 	 0.0471 	 0.1178 	 0.1875 	 0.0292
2.4950 	 -0.6015 	 -1.1697 	 -0.4309 	 0.1874 	 0.3236 	 0.0474 	 0.1185 	 0.1885 	 0.0292
2.5050 	 -0.5996 	 -1.1664 	 -0.4305 	 0.1886 	 0.3255 	 0.0477 	 0.1192 	 0.1896 	 0.0292
2.5150 	 -0.5977 	 -1.1631 	 -0.4300 	 0.1897 	 0.3274 	 0.0480 	 0.1199 	 0.1906 	 0.0293
2.5251 	 -0.5958 	 -1.1598 	 -0.4295 	 0.1910 	 0.3293 	 0.0483 	 0.1206 	 0.1917 	 0.0293
2.5351 	 -0.5939 	 -1.1565 	 -0.4290 	 0.1922 	 0.3313 	 0.0486 	 0.1213 	 0.1928 	 0.0293
2.5451 	 -0.5919 	 -1.1532 	 -0.4285 	 0.1934 	 0.3332 	 0.0489 	 0.1220 	 0.1939 	 0.0293
2.5551 	 -0.5900 	 -1.1499 	 -0.4280 	 0.1946 	 0.3351 	 0.0492 	 0.1227 	 0.1951 	 0.0293
2.5651 	 -0.5880 	 -1.1465 	 -0.4275 	 0.1958 	 0.3371 	 0.0494 	 0.1235 	 0.1962 	 0.0293
2.5752 	 -0.5861 	 -1.1431 	 -0.4270 	 0.1971 	 0.3391 	 0.0497 	 0.1243 	 0.1974 	 0.0293
2.5852 	 -0.5841 	 -1.1397 	 -0.4265 	 0.1983 	 0.3411 	 0.0500 	 0.1250 	 0.1986 	 0.0293
2.5952 	 -0.5821 	 -1.1363 	 -0.4260 	 0.1996 	 0.3431 	 0.0503 	 0.1258 	 0.1998 	 0.0293
2.6052 	 -0.5801 	 -1.1328 	 -0.4255 	 0.2009 	 0.3451 	 0.0506 	 0.1266 	 0.2010 	 0.0293
2.6152 	 -0.5781 	 -1.1294 	 -0.4250 	 0.2021 	 0.3471 	 0.0509 	 0.1274 	 0.2023 	 0.0293
2.6253 	 -0.5760 	 -1.1259 	 -0.4245 	 0.2034 	 0.3491 	 0.0512 	 0.1283 	 0.2035 	 0.0293
2.6353 	 -0.5740 	 -1.1224 	 -0.4240 	 0.2047 	 0.3512 	 0.0515 	 0.1291 	 0.2048 	 0.0293
2.6453 	 -0.5719 	 -1.1188 	 -0.4235 	 0.2060 	 0.3532 	 0.0518 	 0.1300 	 0.2061 	 0.0293
2.6553 	 -0.5699 	 -1.1153 	 -0.4230 	 0.2073 	 0.3553 	 0.0521 	 0.1308 	 0.2075 	 0.0293
2.6653 	 -0.5678 	 -1.1117 	 -0.4224 	 0.2086 	 0.3574 	 0.0524 	 0.1317 	 0.2088 	 0.0293
2.6754 	 -0.5657 	 -1.1081 	 -0.4219 	 0.2099 	 0.3595 	 0.0527 	 0.1326 	 0.2102 	 0.0292
2.6854 	 -0.5636 	 -1.1045 	 -0.4214 	 0.2113 	 0.3616 	 0.0530 	 0.1336 	 0.2116 	 0.0292
2.6954 	 -0.5614 	 -1.1009 	 -0.4208 	 0.2126 	 0.3637 	 0.0533 	 0.1345 	 0.2131 	 0.0292
2.7054 	 -0.5593 	 -1.0972 	 -0.4203 	 0.2140 	 0.3659 	 0.0536 	 0.1355 	 0.2145 	 0.0292
2.7154 	 -0.5572 	 -1.0935 	 -0.4198 	 0.2153 	 0.3680 	 0.0538 	 0.1364 	 0.2160 	 0.0292
2.7255 	 -0.5550 	 -1.0898 	 -0.4192 	 0.2167 	 0.3702 	 0.0541 	 0.1374 	 0.2175 	 0.0291
2.7355 	 -0.5528 	 -1.0861 	 -0.4187 	 0.2181 	 0.3724 	 0.0544 	 0.1384 	 0.2191 	 0.0291
2.7455 	 -0.5506 	 -1.0824 	 -0.4181 	 0.2195 	 0.3746 	 0.0547 	 0.1395 	 0.2207 	 0.0291
2.7555 	 -0.5484 	 -1.0786 	 -0.4176 	 0.2209 	 0.3768 	 0.0550 	 0.1405 	 0.2223 	 0.0290
2.7655 	 -0.5462 	 -1.0748 	 -0.4170 	 0.2223 	 0.3790 	 0.0553 	 0.1416 	 0.2239 	 0.0290
2.7756 	 -0.5440 	 -1.0710 	 -0.4165 	 0.2237 	 0.3813 	 0.0556 	 0.1427 	 0.2256 	 0.0290
2.7856 	 -0.5417 	 -1.0672 	 -0.4159 	 0.2252 	 0.3836 	 0.0559 	 0.1438 	 0.2273 	 0.0289
2.7956 	 -0.5394 	 -1.0633 	 -0.4154 	 0.2266 	 0.3858 	 0.0562 	 0.1450 	 0.2290 	 0.0289
2.8056 	 -0.5372 	 -1.0594 	 -0.4148 	 0.2281 	 0.3882 	 0.0565 	 0.1462 	 0.2308 	 0.0288
2.8156 	 -0.5349 	 -1.0555 	 -0.4142 	 0.2295 	 0.3905 	 0.0568 	 0.1474 	 0.2326 	 0.0288
2.8257 	 -0.5326 	 -1.0516 	 -0.4137 	 0.2310 	 0.3928 	 0.0570 	 0.1486 	 0.2345 	 0.0287
2.8357 	 -0.5302 	 -1.0477 	 -0.4131 	 0.2325 	 0.3952 	 0.0573 	 0.1498 	 0.2364 	 0.0286
2.8457 	 -0.5279 	 -1.0437 	 -0.4125 	 0.2340 	 0.3976 	 0.0576 	 0.1511 	 0.2383 	 0.0286
2.8557 	 -0.5256 	 -1.0397 	 -0.4119 	 0.2355 	 0.4000 	 0.0579 	 0.1524 	 0.2403 	 0.0285
2.8657 	 -0.5232 	 -1.0357 	 -0.4114 	 0.2371 	 0.4024 	 0.0582 	 0.1538 	 0.2424 	 0.0284
2.8758 	 -0.5208 	 -1.0316 	 -0.4108 	 0.2386 	 0.4048 	 0.0585 	 0.1551 	 0.2444 	 0.0283
2.8858 	 -0.5184 	 -1.0276 	 -0.4102 	 0.2402 	 0.4073 	 0.0588 	 0.1566 	 0.2466 	 0.0282
2.8958 	 -0.5160 	 -1.0235 	 -0.4096 	 0.2418 	 0.4097 	 0.0590 	 0.1580 	 0.2487 	 0.0281
2.9058 	 -0.5136 	 -1.0194 	 -0.4090 	 0.2433 	 0.4123 	 0.0593 	 0.1595 	 0.2510 	 0.0280
2.9158 	 -0.5111 	 -1.0152 	 -0.4084 	 0.2450 	 0.4148 	 0.0596 	 0.1610 	 0.2532 	 0.0278
2.9259 	 -0.5087 	 -1.0111 	 -0.4078 	 0.2466 	 0.4173 	 0.0599 	 0.1626 	 0.2556 	 0.0277
2.9359 	 -0.5062 	 -1.0069 	 -0.4072 	 0.2482 	 0.4199 	 0.0601 	 0.1642 	 0.2580 	 0.0276
2.9459 	 -0.5037 	 -1.0026 	 -0.4066 	 0.2499 	 0.4225 	 0.0604 	 0.1658 	 0.2604 	 0.0274
2.9559 	 -0.5012 	 -0.9984 	 -0.4060 	 0.2515 	 0.4251 	 0.0607 	 0.1675 	 0.2629 	 0.0272
2.9659 	 -0.4986 	 -0.9941 	 -0.4054 	 0.2532 	 0.4278 	 0.0610 	 0.1693 	 0.2655 	 0.0270
2.9760 	 -0.4961 	 -0.9898 	 -0.4048 	 0.2549 	 0.4304 	 0.0612 	 0.1711 	 0.2682 	 0.0268
2.9860 	 -0.4935 	 -0.9855 	 -0.4042 	 0.2567 	 0.4331 	 0.0615 	 0.1729 	 0.2709 	 0.0265
2.9960 	 -0.4910 	 -0.9811 	 -0.4035 	 0.2584 	 0.4359 	 0.0618 	 0.1748 	 0.2737 	 0.0263
3.0060 	 -0.4884 	 -0.9768 	 -0.4029 	 0.2602 	 0.4386 	 0.0620 	 0.1768 	 0.2765 	 0.0260
3.0160 	 -0.4857 	 -0.9723 	 -0.4023 	 0.2620 	 0.4415 	 0.0623 	 0.1821 	 0.2839 	 0.0253
3.0261 	 -0.4831 	 -0.9679 	 -0.4017 	 0.2638 	 0.4443 	 0.0625 	 0.1836 	 0.2861 	 0.0249
3.0361 	 -0.4805 	 -0.9634 	 -0.4010 	 0.2656 	 0.4472 	 0.0628 	 0.1851 	 0.2883 	 0.0246
3.0461 	 -0.4778 	 -0.9589 	 -0.4004 	 0.2675 	 0.4501 	 0.0630 	 0.1866 	 0.2906 	 0.0243
3.0561 	 -0.4751 	 -0.9544 	 -0.3998 	 0.2694 	 0.4530 	 0.0633 	 0.1881 	 0.2929 	 0.0239
3.0661 	 -0.4724 	 -0.9499 	 -0.3991 	 0.2713 	 0.4560 	 0.0635 	 0.1897 	 0.2953 	 0.0236
3.0762 	 -0.4697 	 -0.9453 	 -0.3985 	 0.2732 	 0.4589 	 0.0637 	 0.1914 	 0.2978 	 0.0232
3.0862 	 -0.4669 	 -0.9407 	 -0.3979 	 0.2751 	 0.4619 	 0.0640 	 0.1930 	 0.3003 	 0.0229
3.0962 	 -0.4641 	 -0.9360 	 -0.3972 	 0.2771 	 0.4649 	 0.0642 	 0.1948 	 0.3028 	 0.0225
3.1062 	 -0.4614 	 -0.9314 	 -0.3966 	 0.2790 	 0.4680 	 0.0644 	 0.1965 	 0.3054 	 0.0221
3.1162 	 -0.4585 	 -0.9266 	 -0.3959 	 0.2810 	 0.4711 	 0.0646 	 0.1983 	 0.3081 	 0.0217
3.1263 	 -0.4557 	 -0.9219 	 -0.3953 	 0.2830 	 0.4742 	 0.0649 	 0.2002 	 0.3108 	 0.0213
3.1363 	 -0.4529 	 -0.9171 	 -0.3946 	 0.2850 	 0.4773 	 0.0651 	 0.2020 	 0.3136 	 0.0209
3.1463 	 -0.4500 	 -0.9123 	 -0.3940 	 0.2870 	 0.4805 	 0.0653 	 0.2040 	 0.3165 	 0.0205
3.1563 	 -0.4471 	 -0.9075 	 -0.3933 	 0.2891 	 0.4836 	 0.0655 	 0.2060 	 0.3194 	 0.0201
3.1663 	 -0.4442 	 -0.9027 	 -0.3927 	 0.2912 	 0.4869 	 0.0657 	 0.2080 	 0.3224 	 0.0197
3.1764 	 -0.4413 	 -0.8978 	 -0.3920 	 0.2933 	 0.4901 	 0.0659 	 0.2101 	 0.3255 	 0.0193
3.1864 	 -0.4383 	 -0.8928 	 -0.3913 	 0.2954 	 0.4934 	 0.0661 	 0.2123 	 0.3287 	 0.0189
3.1964 	 -0.4354 	 -0.8879 	 -0.3907 	 0.2975 	 0.4967 	 0.0663 	 0.2145 	 0.3319 	 0.0185
3.2064 	 -0.4324 	 -0.8829 	 -0.3900 	 0.2997 	 0.5000 	 0.0664 	 0.2168 	 0.3352 	 0.0180
3.2164 	 -0.4294 	 -0.8779 	 -0.3894 	 0.3019 	 0.5034 	 0.0666 	 0.2191 	 0.3386 	 0.0176
3.2265 	 -0.4263 	 -0.8728 	 -0.3887 	 0.3041 	 0.5068 	 0.0668 	 0.2215 	 0.3421 	 0.0172
3.2365 	 -0.4233 	 -0.8677 	 -0.3880 	 0.3063 	 0.5103 	 0.0670 	 0.2240 	 0.3457 	 0.0168
3.2465 	 -0.4202 	 -0.8626 	 -0.3873 	 0.3086 	 0.5137 	 0.0671 	 0.2266 	 0.3494 	 0.0164
3.2565 	 -0.4171 	 -0.8574 	 -0.3867 	 0.3108 	 0.5173 	 0.0673 	 0.2292 	 0.3532 	 0.0160
3.2665 	 -0.4140 	 -0.8522 	 -0.3860 	 0.3132 	 0.5208 	 0.0675 	 0.2320 	 0.3572 	 0.0156
3.2766 	 -0.4108 	 -0.8470 	 -0.3853 	 0.3155 	 0.5244 	 0.0676 	 0.2348 	 0.3612 	 0.0153
3.2866 	 -0.4076 	 -0.8417 	 -0.3846 	 0.3179 	 0.5281 	 0.0678 	 0.2377 	 0.3654 	 0.0149
3.2966 	 -0.4044 	 -0.8364 	 -0.3840 	 0.3203 	 0.5317 	 0.0679 	 0.2407 	 0.3697 	 0.0146
3.3066 	 -0.4012 	 -0.8310 	 -0.3833 	 0.3227 	 0.5355 	 0.0681 	 0.2438 	 0.3742 	 0.0144
3.3166 	 -0.3980 	 -0.8256 	 -0.3826 	 0.3251 	 0.5392 	 0.0682 	 0.2471 	 0.3788 	 0.0142
3.3267 	 -0.3947 	 -0.8202 	 -0.3819 	 0.3276 	 0.5431 	 0.0683 	 0.2504 	 0.3836 	 0.0141
3.3367 	 -0.3914 	 -0.8148 	 -0.3812 	 0.3302 	 0.5469 	 0.0685 	 0.2540 	 0.3886 	 0.0140
3.3467 	 -0.3881 	 -0.8093 	 -0.3805 	 0.3327 	 0.5509 	 0.0686 	 0.2576 	 0.3938 	 0.0140
3.3567 	 -0.3847 	 -0.8037 	 -0.3799 	 0.3353 	 0.5548 	 0.0688 	 0.2646 	 0.4038 	 0.0161
3.3667 	 -0.3814 	 -0.7981 	 -0.3792 	 0.3380 	 0.5589 	 0.0689 	 0.2676 	 0.4080 	 0.0157
3.3768 	 -0.3780 	 -0.7925 	 -0.3785 	 0.3407 	 0.5630 	 0.0691 	 0.2707 	 0.4123 	 0.0155
3.3868 	 -0.3745 	 -0.7869 	 -0.3778 	 0.3434 	 0.5672 	 0.0692 	 0.2739 	 0.4168 	 0.0153
3.3968 	 -0.3711 	 -0.7812 	 -0.3771 	 0.3462 	 0.5714 	 0.0694 	 0.2771 	 0.4214 	 0.0151
3.4068 	 -0.3676 	 -0.7754 	 -0.3764 	 0.3490 	 0.5756 	 0.0695 	 0.2805 	 0.4262 	 0.0150
3.4168 	 -0.3641 	 -0.7696 	 -0.3757 	 0.3518 	 0.5799 	 0.0697 	 0.2841 	 0.4311 	 0.0149
3.4269 	 -0.3606 	 -0.7638 	 -0.3750 	 0.3547 	 0.5843 	 0.0698 	 0.2877 	 0.4363 	 0.0150
3.4369 	 -0.3570 	 -0.7579 	 -0.3743 	 0.3576 	 0.5886 	 0.0700 	 0.2915 	 0.4416 	 0.0151
3.4469 	 -0.3534 	 -0.7520 	 -0.3736 	 0.3605 	 0.5931 	 0.0701 	 0.2954 	 0.4472 	 0.0153
3.4569 	 -0.3498 	 -0.7460 	 -0.3729 	 0.3635 	 0.5976 	 0.0703 	 0.2995 	 0.4530 	 0.0156
3.4669 	 -0.3461 	 -0.7400 	 -0.3722 	 0.3665 	 0.6022 	 0.0705 	 0.3038 	 0.4590 	 0.0159
3.4770 	 -0.3424 	 -0.7340 	 -0.3715 	 0.3696 	 0.6068 	 0.0706 	 0.3082 	 0.4653 	 0.0164
3.4870 	 -0.3387 	 -0.7279 	 -0.3708 	 0.3727 	 0.6115 	 0.0708 	 0.3128 	 0.4719 	 0.0170
3.4970 	 -0.3349 	 -0.7217 	 -0.3701 	 0.3758 	 0.6163 	 0.0710 	 0.3176 	 0.4787 	 0.0177
3.5070 	 -0.3312 	 -0.7155 	 -0.3693 	 0.3791 	 0.6211 	 0.0711 	 0.3226 	 0.4859 	 0.0186
3.5170 	 -0.3273 	 -0.7093 	 -0.3686 	 0.3823 	 0.6260 	 0.0713 	 0.3278 	 0.4934 	 0.0196
3.5271 	 -0.3235 	 -0.7030 	 -0.3679 	 0.3856 	 0.6310 	 0.0715 	 0.3345 	 0.5050 	 0.0217
3.5371 	 -0.3196 	 -0.6966 	 -0.3672 	 0.3890 	 0.6361 	 0.0718 	 0.3392 	 0.5108 	 0.0226
3.5471 	 -0.3157 	 -0.6902 	 -0.3665 	 0.3924 	 0.6413 	 0.0720 	 0.3482 	 0.5201 	 0.0213
3.5571 	 -0.3118 	 -0.6838 	 -0.3658 	 0.3960 	 0.6465 	 0.0722 	 0.3522 	 0.5253 	 0.0226
3.5671 	 -0.3078 	 -0.6773 	 -0.3650 	 0.3995 	 0.6518 	 0.0724 	 0.3562 	 0.5305 	 0.0241
3.5772 	 -0.3037 	 -0.6707 	 -0.3643 	 0.4031 	 0.6571 	 0.0727 	 0.3603 	 0.5357 	 0.0256
3.5872 	 -0.2997 	 -0.6641 	 -0.3636 	 0.4067 	 0.6625 	 0.0730 	 0.3643 	 0.5408 	 0.0272
3.5972 	 -0.2956 	 -0.6574 	 -0.3628 	 0.4104 	 0.6680 	 0.0732 	 0.3682 	 0.5460 	 0.0287
3.6072 	 -0.2915 	 -0.6507 	 -0.3621 	 0.4141 	 0.6735 	 0.0735 	 0.3721 	 0.5511 	 0.0302
3.6172 	 -0.2873 	 -0.6439 	 -0.3614 	 0.4179 	 0.6790 	 0.0738 	 0.3760 	 0.5564 	 0.0314
3.6273 	 -0.2831 	 -0.6371 	 -0.3606 	 0.4216 	 0.6846 	 0.0742 	 0.3799 	 0.5620 	 0.0324
3.6373 	 -0.2788 	 -0.6302 	 -0.3599 	 0.4255 	 0.6903 	 0.0745 	 0.3839 	 0.5679 	 0.0330
3.6473 	 -0.2746 	 -0.6233 	 -0.3591 	 0.4293 	 0.6960 	 0.0748 	 0.3881 	 0.5745 	 0.0334
3.6573 	 -0.2702 	 -0.6163 	 -0.3584 	 0.4332 	 0.7018 	 0.0752 	 0.3927 	 0.5817 	 0.0338
3.6673 	 -0.2659 	 -0.6092 	 -0.3576 	 0.4372 	 0.7077 	 0.0755 	 0.3976 	 0.5898 	 0.0342
3.6774 	 -0.2615 	 -0.6021 	 -0.3569 	 0.4412 	 0.7136 	 0.0758 	 0.4028 	 0.5985 	 0.0347
3.6874 	 -0.2570 	 -0.5949 	 -0.3561 	 0.4453 	 0.7197 	 0.0762 	 0.4085 	 0.6080 	 0.0357
3.6974 	 -0.2526 	 -0.5876 	 -0.3553 	 0.4494 	 0.7258 	 0.0766 	 0.4145 	 0.6179 	 0.0372
3.7074 	 -0.2480 	 -0.5803 	 -0.3546 	 0.4536 	 0.7321 	 0.0769 	 0.4207 	 0.6282 	 0.0391
3.7174 	 -0.2435 	 -0.5730 	 -0.3538 	 0.4578 	 0.7384 	 0.0773 	 0.4329 	 0.6400 	 0.0430
3.7275 	 -0.2389 	 -0.5655 	 -0.3530 	 0.4622 	 0.7449 	 0.0778 	 0.4388 	 0.6499 	 0.0454
3.7375 	 -0.2342 	 -0.5580 	 -0.3522 	 0.4666 	 0.7514 	 0.0783 	 0.4451 	 0.6595 	 0.0475
3.7475 	 -0.2295 	 -0.5505 	 -0.3515 	 0.4712 	 0.7581 	 0.0787 	 0.4564 	 0.6718 	 0.0500
3.7575 	 -0.2248 	 -0.5429 	 -0.3507 	 0.4758 	 0.7649 	 0.0793 	 0.4636 	 0.6806 	 0.0500
3.7675 	 -0.2200 	 -0.5352 	 -0.3499 	 0.4805 	 0.7718 	 0.0797 	 0.4742 	 0.6940 	 0.0443
3.7776 	 -0.2151 	 -0.5274 	 -0.3491 	 0.4853 	 0.7788 	 0.0801 	 0.4859 	 0.7118 	 0.0429
3.7876 	 -0.2102 	 -0.5195 	 -0.3483 	 0.4902 	 0.7860 	 0.0806 	 0.4971 	 0.7248 	 0.0429
3.7976 	 -0.2053 	 -0.5116 	 -0.3474 	 0.4952 	 0.7933 	 0.0810 	 0.5093 	 0.7396 	 0.0436
3.8076 	 -0.2003 	 -0.5037 	 -0.3466 	 0.5004 	 0.8008 	 0.0815 	 0.5267 	 0.7594 	 0.0464
3.8176 	 -0.1953 	 -0.4956 	 -0.3458 	 0.5058 	 0.8085 	 0.0819 	 0.5394 	 0.7760 	 0.0480
3.8277 	 -0.1902 	 -0.4874 	 -0.3450 	 0.5112 	 0.8164 	 0.0824 	 0.5549 	 0.7997 	 0.0550
3.8377 	 -0.1850 	 -0.4792 	 -0.3442 	 0.5169 	 0.8246 	 0.0830 	 0.5727 	 0.8282 	 0.0601
3.8477 	 -0.1798 	 -0.4709 	 -0.3433 	 0.5227 	 0.8330 	 0.0836 	 0.5861 	 0.8465 	 0.0641
3.8577 	 -0.1746 	 -0.4625 	 -0.3425 	 0.5287 	 0.8416 	 0.0843 	 0.6005 	 0.8662 	 0.0683
3.8677 	 -0.1692 	 -0.4541 	 -0.3416 	 0.5348 	 0.8504 	 0.0850 	 0.6272 	 0.9054 	 0.0808
3.8778 	 -0.1638 	 -0.4455 	 -0.3408 	 0.5412 	 0.8596 	 0.0859 	 0.6504 	 0.9354 	 0.0867
3.8878 	 -0.1584 	 -0.4368 	 -0.3399 	 0.5478 	 0.8691 	 0.0867 	 0.6954 	 0.9985 	 0.0913
3.8978 	 -0.1529 	 -0.4281 	 -0.3390 	 0.5549 	 0.8793 	 0.0877 	 0.7205 	 1.0339 	 0.1004
3.9078 	 -0.1473 	 -0.4192 	 -0.3382 	 0.5622 	 0.8898 	 0.0887 	 0.7382 	 1.0664 	 0.1044
3.9178 	 -0.1416 	 -0.4102 	 -0.3373 	 0.5697 	 0.9006 	 0.0898 	 0.7496 	 1.0797 	 0.1078
3.9279 	 -0.1358 	 -0.4012 	 -0.3364 	 0.5773 	 0.9115 	 0.0909 	 0.7686 	 1.1115 	 0.1219
3.9379 	 -0.1300 	 -0.3920 	 -0.3354 	 0.5850 	 0.9227 	 0.0921 	 0.7713 	 1.1112 	 0.1187
3.9479 	 -0.1241 	 -0.3827 	 -0.3345 	 0.5927 	 0.9339 	 0.0934 	 0.7742 	 1.1164 	 0.1250
3.9579 	 -0.1181 	 -0.3732 	 -0.3336 	 0.6005 	 0.9450 	 0.0946 	 0.7711 	 1.1107 	 0.1254
3.9679 	 -0.1121 	 -0.3637 	 -0.3326 	 0.6082 	 0.9561 	 0.0959 	 0.7689 	 1.1091 	 0.1302
3.9780 	 -0.1060 	 -0.3541 	 -0.3316 	 0.6159 	 0.9672 	 0.0972 	 0.7685 	 1.1080 	 0.1282
3.9880 	 -0.0997 	 -0.3443 	 -0.3307 	 0.6236 	 0.9783 	 0.0985 	 0.7670 	 1.1056 	 0.1247
3.9980 	 -0.0935 	 -0.3345 	 -0.3297 	 0.6312 	 0.9894 	 0.0997 	 0.7622 	 1.0974 	 0.1241
4.0080 	 -0.0871 	 -0.3245 	 -0.3287 	 0.6389 	 1.0003 	 0.1009 	 0.7569 	 1.0885 	 0.1236
4.0180 	 -0.0807 	 -0.3144 	 -0.3277 	 0.6464 	 1.0112 	 0.1022 	 0.7510 	 1.0787 	 0.1232
4.0281 	 -0.0741 	 -0.3042 	 -0.3266 	 0.6539 	 1.0220 	 0.1034 	 0.7503 	 1.0767 	 0.1217
4.0381 	 -0.0675 	 -0.2940 	 -0.3256 	 0.6614 	 1.0327 	 0.1046 	 0.7421 	 1.0626 	 0.1225
4.0481 	 -0.0609 	 -0.2836 	 -0.3245 	 0.6688 	 1.0433 	 0.1059 	 0.7332 	 1.0467 	 0.1236
4.0581 	 -0.0541 	 -0.2730 	 -0.3235 	 0.6761 	 1.0537 	 0.1071 	 0.7235 	 1.0288 	 0.1252
4.0681 	 -0.0473 	 -0.2624 	 -0.3224 	 0.6833 	 1.0639 	 0.1083 	 0.7113 	 1.0109 	 0.1229
4.0782 	 -0.0405 	 -0.2517 	 -0.3213 	 0.6904 	 1.0739 	 0.1095 	 0.7034 	 0.9875 	 0.1209
4.0882 	 -0.0335 	 -0.2409 	 -0.3202 	 0.6974 	 1.0837 	 0.1107 	 0.6917 	 0.9677 	 0.1218
4.0982 	 -0.0265 	 -0.2300 	 -0.3191 	 0.7043 	 1.0933 	 0.1119 	 0.6848 	 0.9380 	 0.1193
4.1082 	 -0.0194 	 -0.2190 	 -0.3179 	 0.7111 	 1.1025 	 0.1131 	 0.6733 	 0.9105 	 0.1171
4.1182 	 -0.0122 	 -0.2079 	 -0.3168 	 0.7178 	 1.1115 	 0.1143 	 0.6623 	 0.8760 	 0.1183
4.1283 	 -0.0050 	 -0.1967 	 -0.3156 	 0.7244 	 1.1201 	 0.1155 	 0.6518 	 0.8409 	 0.1201
4.1383 	 0.0023 	 -0.1855 	 -0.3145 	 0.7308 	 1.1283 	 0.1167 	 0.6359 	 0.7964 	 0.1250
4.1483 	 0.0096 	 -0.1741 	 -0.3133 	 0.7371 	 1.1360 	 0.1180 	 0.6219 	 0.7417 	 0.1292
4.1583 	 0.0171 	 -0.1627 	 -0.3121 	 0.7433 	 1.1431 	 0.1192 	 0.6031 	 0.6787 	 0.1246
4.1683 	 0.0245 	 -0.1512 	 -0.3109 	 0.7492 	 1.1496 	 0.1205 	 0.5802 	 0.6061 	 0.1182
4.1784 	 0.0321 	 -0.1397 	 -0.3097 	 0.7549 	 1.1553 	 0.1216 	 0.5529 	 0.5211 	 0.1045
4.1884 	 0.0397 	 -0.1281 	 -0.3085 	 0.7602 	 1.1600 	 0.1226 	 0.5137 	 0.4194 	 0.0992
4.1984 	 0.0473 	 -0.1164 	 -0.3073 	 0.7651 	 1.1636 	 0.1236 	 0.4564 	 0.2914 	 0.1012
4.2084 	 0.0550 	 -0.1048 	 -0.3060 	 0.7693 	 1.1657 	 0.1246 	 0.3754 	 0.1311 	 0.1053
4.2184 	 0.0627 	 -0.0931 	 -0.3048 	 0.7725 	 1.1662 	 0.1257 	 0.2702 	 -0.0429 	 0.1080
4.2285 	 0.0705 	 -0.0814 	 -0.3035 	 0.7747 	 1.1649 	 0.1268 	 0.1505 	 -0.1947 	 0.1070
4.2385 	 0.0782 	 -0.0698 	 -0.3022 	 0.7756 	 1.1623 	 0.1279 	 0.0411 	 -0.3204 	 0.1237
4.2485 	 0.0860 	 -0.0581 	 -0.3009 	 0.7755 	 1.1585 	 0.1292 	 -0.0662 	 -0.4374 	 0.1420
4.2585 	 0.0938 	 -0.0465 	 -0.2996 	 0.7743 	 1.1536 	 0.1307 	 -0.1665 	 -0.5345 	 0.1447
4.2685 	 0.1015 	 -0.0350 	 -0.2983 	 0.7722 	 1.1479 	 0.1321 	 -0.2430 	 -0.6090 	 0.1405
4.2786 	 0.1092 	 -0.0235 	 -0.2970 	 0.7695 	 1.1415 	 0.1335 	 -0.3050 	 -0.6695 	 0.1416
4.2886 	 0.1169 	 -0.0121 	 -0.2956 	 0.7661 	 1.1345 	 0.1350 	 -0.3600 	 -0.7248 	 0.1479
4.2986 	 0.1246 	 -0.0008 	 -0.2943 	 0.7623 	 1.1269 	 0.1365 	 -0.4083 	 -0.7822 	 0.1538
4.3086 	 0.1322 	 0.0104 	 -0.2929 	 0.7579 	 1.1188 	 0.1380 	 -0.4545 	 -0.8513 	 0.1504
4.3186 	 0.1398 	 0.0216 	 -0.2915 	 0.7532 	 1.1100 	 0.1395 	 -0.4883 	 -0.8986 	 0.1354
4.3287 	 0.1473 	 0.0327 	 -0.2901 	 0.7482 	 1.1008 	 0.1408 	 -0.5144 	 -0.9314 	 0.1277
4.3387 	 0.1548 	 0.0437 	 -0.2887 	 0.7429 	 1.0913 	 0.1421 	 -0.5337 	 -0.9548 	 0.1282
4.3487 	 0.1622 	 0.0545 	 -0.2873 	 0.7375 	 1.0816 	 0.1433 	 -0.5536 	 -0.9789 	 0.1247
4.3587 	 0.1695 	 0.0653 	 -0.2858 	 0.7318 	 1.0717 	 0.1446 	 -0.5711 	 -0.9998 	 0.1219
4.3687 	 0.1768 	 0.0760 	 -0.2844 	 0.7260 	 1.0616 	 0.1458 	 -0.5868 	 -1.0183 	 0.1196
4.3788 	 0.1841 	 0.0866 	 -0.2829 	 0.7201 	 1.0513 	 0.1470 	 -0.5990 	 -1.0292 	 0.1178
4.3888 	 0.1913 	 0.0971 	 -0.2814 	 0.7140 	 1.0409 	 0.1481 	 -0.6129 	 -1.0458 	 0.1159
4.3988 	 0.1984 	 0.1075 	 -0.2799 	 0.7078 	 1.0304 	 0.1493 	 -0.6245 	 -1.0562 	 0.1183
4.4088 	 0.2055 	 0.1177 	 -0.2784 	 0.7015 	 1.0197 	 0.1505 	 -0.6363 	 -1.0698 	 0.1168
4.4188 	 0.2124 	 0.1279 	 -0.2769 	 0.6950 	 1.0090 	 0.1517 	 -0.6525 	 -1.0815 	 0.1187
4.4289 	 0.2194 	 0.1380 	 -0.2754 	 0.6884 	 0.9981 	 0.1528 	 -0.6597 	 -1.0886 	 0.1131
4.4389 	 0.2262 	 0.1479 	 -0.2738 	 0.6818 	 0.9871 	 0.1539 	 -0.6687 	 -1.0987 	 0.1103
4.4489 	 0.2330 	 0.1577 	 -0.2723 	 0.6750 	 0.9761 	 0.1550 	 -0.6768 	 -1.1022 	 0.1104
4.4589 	 0.2398 	 0.1675 	 -0.2707 	 0.6682 	 0.9650 	 0.1561 	 -0.6850 	 -1.1102 	 0.1080
4.4689 	 0.2464 	 0.1771 	 -0.2692 	 0.6613 	 0.9538 	 0.1572 	 -0.6928 	 -1.1179 	 0.1054
4.4790 	 0.2530 	 0.1866 	 -0.2676 	 0.6544 	 0.9426 	 0.1582 	 -0.6936 	 -1.1161 	 0.1034
4.4890 	 0.2595 	 0.1960 	 -0.2660 	 0.6474 	 0.9314 	 0.1593 	 -0.6962 	 -1.1098 	 0.1044
4.4990 	 0.2660 	 0.2052 	 -0.2644 	 0.6404 	 0.9204 	 0.1603 	 -0.6972 	 -1.0998 	 0.1018
4.5090 	 0.2724 	 0.2144 	 -0.2628 	 0.6334 	 0.9094 	 0.1613 	 -0.6903 	 -1.0918 	 0.1044
4.5190 	 0.2787 	 0.2235 	 -0.2612 	 0.6265 	 0.8985 	 0.1623 	 -0.6876 	 -1.0799 	 0.1010
4.5291 	 0.2849 	 0.2324 	 -0.2595 	 0.6196 	 0.8878 	 0.1634 	 -0.6786 	 -1.0566 	 0.1066
4.5391 	 0.2911 	 0.2413 	 -0.2579 	 0.6129 	 0.8774 	 0.1645 	 -0.6655 	 -1.0220 	 0.1109
4.5491 	 0.2972 	 0.2500 	 -0.2562 	 0.6063 	 0.8673 	 0.1656 	 -0.6459 	 -0.9861 	 0.1105
4.5591 	 0.3033 	 0.2586 	 -0.2546 	 0.5999 	 0.8575 	 0.1667 	 -0.6358 	 -0.9652 	 0.1045
4.5691 	 0.3092 	 0.2672 	 -0.2529 	 0.5936 	 0.8480 	 0.1677 	 -0.6247 	 -0.9433 	 0.0991
4.5792 	 0.3152 	 0.2756 	 -0.2512 	 0.5875 	 0.8387 	 0.1687 	 -0.6028 	 -0.9027 	 0.0968
4.5892 	 0.3210 	 0.2840 	 -0.2495 	 0.5815 	 0.8298 	 0.1696 	 -0.5862 	 -0.8702 	 0.0907
4.5992 	 0.3268 	 0.2923 	 -0.2478 	 0.5757 	 0.8213 	 0.1705 	 -0.5666 	 -0.8328 	 0.0793
4.6092 	 0.3326 	 0.3005 	 -0.2461 	 0.5701 	 0.8131 	 0.1712 	 -0.5544 	 -0.8105 	 0.0710
4.6192 	 0.3382 	 0.3086 	 -0.2444 	 0.5646 	 0.8050 	 0.1719 	 -0.5424 	 -0.7900 	 0.0633
4.6293 	 0.3439 	 0.3166 	 -0.2427 	 0.5593 	 0.7972 	 0.1725 	 -0.5293 	 -0.7714 	 0.0548
4.6393 	 0.3494 	 0.3245 	 -0.2409 	 0.5540 	 0.7896 	 0.1730 	 -0.5199 	 -0.7582 	 0.0497
4.6493 	 0.3550 	 0.3324 	 -0.2392 	 0.5488 	 0.7820 	 0.1735 	 -0.5102 	 -0.7457 	 0.0453
4.6593 	 0.3604 	 0.3402 	 -0.2374 	 0.5438 	 0.7746 	 0.1740 	 -0.4997 	 -0.7347 	 0.0473
4.6693 	 0.3659 	 0.3479 	 -0.2357 	 0.5388 	 0.7673 	 0.1744 	 -0.4900 	 -0.7226 	 0.0433
4.6794 	 0.3712 	 0.3556 	 -0.2340 	 0.5340 	 0.7601 	 0.1748 	 -0.4806 	 -0.7106 	 0.0396
4.6894 	 0.3766 	 0.3632 	 -0.2322 	 0.5292 	 0.7531 	 0.1752 	 -0.4657 	 -0.6951 	 0.0382
4.6994 	 0.3819 	 0.3707 	 -0.2304 	 0.5246 	 0.7462 	 0.1756 	 -0.4508 	 -0.6847 	 0.0328
4.7094 	 0.3871 	 0.3781 	 -0.2287 	 0.5202 	 0.7394 	 0.1759 	 -0.4426 	 -0.6729 	 0.0301
4.7194 	 0.3923 	 0.3855 	 -0.2269 	 0.5158 	 0.7327 	 0.1762 	 -0.4350 	 -0.6615 	 0.0274
4.7295 	 0.3974 	 0.3928 	 -0.2251 	 0.5114 	 0.7261 	 0.1765 	 -0.4279 	 -0.6505 	 0.0249
4.7395 	 0.4025 	 0.4001 	 -0.2234 	 0.5072 	 0.7197 	 0.1767 	 -0.4215 	 -0.6399 	 0.0224
4.7495 	 0.4076 	 0.4072 	 -0.2216 	 0.5030 	 0.7133 	 0.1769 	 -0.4112 	 -0.6243 	 0.0183
4.7595 	 0.4126 	 0.4144 	 -0.2198 	 0.4989 	 0.7071 	 0.1771 	 -0.4048 	 -0.6133 	 0.0158
4.7695 	 0.4176 	 0.4214 	 -0.2181 	 0.4949 	 0.7011 	 0.1772 	 -0.3950 	 -0.5976 	 0.0102
4.7796 	 0.4225 	 0.4284 	 -0.2163 	 0.4910 	 0.6951 	 0.1773 	 -0.3890 	 -0.5868 	 0.0074
4.7896 	 0.4274 	 0.4353 	 -0.2145 	 0.4871 	 0.6893 	 0.1774 	 -0.3884 	 -0.5742 	 0.0075
4.7996 	 0.4323 	 0.4422 	 -0.2127 	 0.4832 	 0.6836 	 0.1774 	 -0.3834 	 -0.5650 	 0.0048
4.8096 	 0.4371 	 0.4490 	 -0.2110 	 0.4794 	 0.6780 	 0.1775 	 -0.3790 	 -0.5566 	 0.0023
4.8196 	 0.4419 	 0.4558 	 -0.2092 	 0.4756 	 0.6725 	 0.1775 	 -0.3750 	 -0.5489 	 -0.0001
4.8297 	 0.4466 	 0.4625 	 -0.2074 	 0.4719 	 0.6670 	 0.1775 	 -0.3715 	 -0.5420 	 -0.0023
4.8397 	 0.4513 	 0.4692 	 -0.2056 	 0.4682 	 0.6616 	 0.1774 	 -0.3663 	 -0.5323 	 -0.0097
4.8497 	 0.4560 	 0.4758 	 -0.2038 	 0.4645 	 0.6563 	 0.1773 	 -0.3630 	 -0.5266 	 -0.0118
4.8597 	 0.4607 	 0.4823 	 -0.2021 	 0.4609 	 0.6511 	 0.1772 	 -0.3599 	 -0.5216 	 -0.0137
4.8697 	 0.4653 	 0.4888 	 -0.2003 	 0.4573 	 0.6459 	 0.1770 	 -0.3567 	 -0.5172 	 -0.0153
4.8798 	 0.4698 	 0.4953 	 -0.1985 	 0.4538 	 0.6407 	 0.1769 	 -0.3489 	 -0.5079 	 -0.0154
4.8898 	 0.4744 	 0.5017 	 -0.1967 	 0.4503 	 0.6356 	 0.1767 	 -0.3443 	 -0.5027 	 -0.0162
4.8998 	 0.4788 	 0.5080 	 -0.1950 	 0.4469 	 0.6307 	 0.1765 	 -0.3370 	 -0.4924 	 -0.0204
4.9098 	 0.4833 	 0.5143 	 -0.1932 	 0.4435 	 0.6258 	 0.1763 	 -0.3319 	 -0.4869 	 -0.0215
4.9198 	 0.4877 	 0.5205 	 -0.1914 	 0.4402 	 0.6209 	 0.1761 	 -0.3269 	 -0.4817 	 -0.0225
4.9299 	 0.4921 	 0.5267 	 -0.1897 	 0.4370 	 0.6161 	 0.1758 	 -0.3220 	 -0.4765 	 -0.0234
4.9399 	 0.4965 	 0.5329 	 -0.1879 	 0.4338 	 0.6114 	 0.1756 	 -0.3172 	 -0.4713 	 -0.0243
4.9499 	 0.5008 	 0.5390 	 -0.1862 	 0.4306 	 0.6067 	 0.1754 	 -0.3125 	 -0.4662 	 -0.0251
4.9599 	 0.5051 	 0.5451 	 -0.1844 	 0.4275 	 0.6020 	 0.1751 	 -0.3079 	 -0.4612 	 -0.0259
4.9699 	 0.5094 	 0.5511 	 -0.1827 	 0.4244 	 0.5974 	 0.1748 	 -0.3035 	 -0.4563 	 -0.0267
4.9800 	 0.5136 	 0.5570 	 -0.1809 	 0.4214 	 0.5929 	 0.1746 	 -0.2993 	 -0.4514 	 -0.0275
4.9900 	 0.5178 	 0.5629 	 -0.1792 	 0.4185 	 0.5884 	 0.1743 	 -0.2953 	 -0.4466 	 -0.0282
