100-Body Run with i = 24 th particle. (Units in pc,M_solar,Myr, km s-1) 

time		 x 		 y 		 z 		 xdot 		 ydot 		 zdot 		 xddot 		 yddot 		 zddot
0.0000 	 0.0133 	 -0.0723 	 1.9429 	 0.0138 	 0.0035 	 0.0050 	 0.0016 	 -0.0043 	 -0.1226
0.0100 	 0.0134 	 -0.0723 	 1.9429 	 0.0139 	 0.0034 	 0.0038 	 0.0016 	 -0.0043 	 -0.1226
0.0200 	 0.0136 	 -0.0722 	 1.9430 	 0.0139 	 0.0034 	 0.0026 	 0.0016 	 -0.0043 	 -0.1226
0.0301 	 0.0137 	 -0.0722 	 1.9430 	 0.0139 	 0.0033 	 0.0013 	 0.0016 	 -0.0043 	 -0.1226
0.0401 	 0.0139 	 -0.0722 	 1.9430 	 0.0139 	 0.0033 	 0.0001 	 0.0015 	 -0.0043 	 -0.1225
0.0501 	 0.0140 	 -0.0721 	 1.9430 	 0.0139 	 0.0032 	 -0.0011 	 0.0015 	 -0.0043 	 -0.1225
0.0601 	 0.0141 	 -0.0721 	 1.9430 	 0.0139 	 0.0032 	 -0.0023 	 0.0015 	 -0.0043 	 -0.1225
0.0701 	 0.0143 	 -0.0721 	 1.9429 	 0.0140 	 0.0032 	 -0.0036 	 0.0015 	 -0.0043 	 -0.1225
0.0802 	 0.0144 	 -0.0720 	 1.9429 	 0.0140 	 0.0031 	 -0.0048 	 0.0015 	 -0.0043 	 -0.1225
0.0902 	 0.0146 	 -0.0720 	 1.9428 	 0.0140 	 0.0031 	 -0.0060 	 0.0015 	 -0.0043 	 -0.1225
0.1002 	 0.0147 	 -0.0720 	 1.9428 	 0.0140 	 0.0030 	 -0.0073 	 0.0015 	 -0.0043 	 -0.1225
0.1102 	 0.0148 	 -0.0720 	 1.9427 	 0.0140 	 0.0030 	 -0.0085 	 0.0015 	 -0.0043 	 -0.1225
0.1202 	 0.0150 	 -0.0719 	 1.9426 	 0.0140 	 0.0029 	 -0.0097 	 0.0014 	 -0.0043 	 -0.1225
0.1303 	 0.0151 	 -0.0719 	 1.9425 	 0.0140 	 0.0029 	 -0.0109 	 0.0014 	 -0.0043 	 -0.1225
0.1403 	 0.0153 	 -0.0719 	 1.9424 	 0.0141 	 0.0029 	 -0.0122 	 0.0014 	 -0.0043 	 -0.1225
0.1503 	 0.0154 	 -0.0718 	 1.9423 	 0.0141 	 0.0028 	 -0.0134 	 0.0014 	 -0.0043 	 -0.1225
0.1603 	 0.0155 	 -0.0718 	 1.9421 	 0.0141 	 0.0028 	 -0.0146 	 0.0014 	 -0.0043 	 -0.1225
0.1703 	 0.0157 	 -0.0718 	 1.9420 	 0.0141 	 0.0027 	 -0.0158 	 0.0014 	 -0.0043 	 -0.1225
0.1804 	 0.0158 	 -0.0718 	 1.9418 	 0.0141 	 0.0027 	 -0.0171 	 0.0014 	 -0.0043 	 -0.1225
0.1904 	 0.0160 	 -0.0717 	 1.9416 	 0.0141 	 0.0026 	 -0.0183 	 0.0014 	 -0.0043 	 -0.1225
0.2004 	 0.0161 	 -0.0717 	 1.9414 	 0.0141 	 0.0026 	 -0.0195 	 0.0013 	 -0.0043 	 -0.1225
0.2104 	 0.0163 	 -0.0717 	 1.9412 	 0.0142 	 0.0026 	 -0.0208 	 0.0013 	 -0.0043 	 -0.1225
0.2204 	 0.0164 	 -0.0717 	 1.9410 	 0.0142 	 0.0025 	 -0.0220 	 0.0013 	 -0.0043 	 -0.1225
0.2305 	 0.0165 	 -0.0716 	 1.9408 	 0.0142 	 0.0025 	 -0.0232 	 0.0013 	 -0.0043 	 -0.1225
0.2405 	 0.0167 	 -0.0716 	 1.9405 	 0.0142 	 0.0024 	 -0.0244 	 0.0013 	 -0.0043 	 -0.1225
0.2505 	 0.0168 	 -0.0716 	 1.9403 	 0.0142 	 0.0024 	 -0.0257 	 0.0013 	 -0.0043 	 -0.1225
0.2605 	 0.0170 	 -0.0716 	 1.9400 	 0.0142 	 0.0023 	 -0.0269 	 0.0013 	 -0.0043 	 -0.1225
0.2705 	 0.0171 	 -0.0715 	 1.9398 	 0.0142 	 0.0023 	 -0.0281 	 0.0013 	 -0.0043 	 -0.1225
0.2806 	 0.0172 	 -0.0715 	 1.9395 	 0.0142 	 0.0023 	 -0.0293 	 0.0013 	 -0.0043 	 -0.1225
0.2906 	 0.0174 	 -0.0715 	 1.9392 	 0.0143 	 0.0022 	 -0.0306 	 0.0012 	 -0.0043 	 -0.1224
0.3006 	 0.0175 	 -0.0715 	 1.9389 	 0.0143 	 0.0022 	 -0.0318 	 0.0012 	 -0.0043 	 -0.1224
0.3106 	 0.0177 	 -0.0714 	 1.9385 	 0.0143 	 0.0021 	 -0.0330 	 0.0012 	 -0.0043 	 -0.1224
0.3206 	 0.0178 	 -0.0714 	 1.9382 	 0.0143 	 0.0021 	 -0.0343 	 0.0012 	 -0.0043 	 -0.1224
0.3307 	 0.0180 	 -0.0714 	 1.9378 	 0.0143 	 0.0020 	 -0.0355 	 0.0012 	 -0.0043 	 -0.1224
0.3407 	 0.0181 	 -0.0714 	 1.9375 	 0.0143 	 0.0020 	 -0.0367 	 0.0012 	 -0.0043 	 -0.1224
0.3507 	 0.0182 	 -0.0714 	 1.9371 	 0.0143 	 0.0020 	 -0.0379 	 0.0012 	 -0.0043 	 -0.1224
0.3607 	 0.0184 	 -0.0713 	 1.9367 	 0.0143 	 0.0019 	 -0.0392 	 0.0012 	 -0.0043 	 -0.1224
0.3707 	 0.0185 	 -0.0713 	 1.9363 	 0.0144 	 0.0019 	 -0.0404 	 0.0012 	 -0.0043 	 -0.1224
0.3808 	 0.0187 	 -0.0713 	 1.9359 	 0.0144 	 0.0018 	 -0.0416 	 0.0011 	 -0.0043 	 -0.1224
0.3908 	 0.0188 	 -0.0713 	 1.9355 	 0.0144 	 0.0018 	 -0.0428 	 0.0011 	 -0.0043 	 -0.1224
0.4008 	 0.0190 	 -0.0713 	 1.9351 	 0.0144 	 0.0017 	 -0.0441 	 0.0011 	 -0.0043 	 -0.1224
0.4108 	 0.0191 	 -0.0712 	 1.9346 	 0.0144 	 0.0017 	 -0.0453 	 0.0011 	 -0.0043 	 -0.1224
0.4208 	 0.0193 	 -0.0712 	 1.9341 	 0.0144 	 0.0017 	 -0.0465 	 0.0011 	 -0.0043 	 -0.1224
0.4309 	 0.0194 	 -0.0712 	 1.9337 	 0.0144 	 0.0016 	 -0.0477 	 0.0011 	 -0.0043 	 -0.1224
0.4409 	 0.0195 	 -0.0712 	 1.9332 	 0.0144 	 0.0016 	 -0.0490 	 0.0011 	 -0.0043 	 -0.1224
0.4509 	 0.0197 	 -0.0712 	 1.9327 	 0.0144 	 0.0015 	 -0.0502 	 0.0011 	 -0.0043 	 -0.1224
0.4609 	 0.0198 	 -0.0712 	 1.9322 	 0.0145 	 0.0015 	 -0.0514 	 0.0011 	 -0.0043 	 -0.1224
0.4709 	 0.0200 	 -0.0712 	 1.9317 	 0.0145 	 0.0014 	 -0.0527 	 0.0011 	 -0.0043 	 -0.1224
0.4810 	 0.0201 	 -0.0711 	 1.9311 	 0.0145 	 0.0014 	 -0.0539 	 0.0010 	 -0.0043 	 -0.1224
0.4910 	 0.0203 	 -0.0711 	 1.9306 	 0.0145 	 0.0014 	 -0.0551 	 0.0010 	 -0.0043 	 -0.1224
0.5010 	 0.0204 	 -0.0711 	 1.9300 	 0.0145 	 0.0013 	 -0.0563 	 0.0010 	 -0.0043 	 -0.1224
0.5110 	 0.0206 	 -0.0711 	 1.9295 	 0.0145 	 0.0013 	 -0.0576 	 0.0010 	 -0.0043 	 -0.1224
0.5210 	 0.0207 	 -0.0711 	 1.9289 	 0.0145 	 0.0012 	 -0.0588 	 0.0010 	 -0.0043 	 -0.1224
0.5311 	 0.0209 	 -0.0711 	 1.9283 	 0.0145 	 0.0012 	 -0.0600 	 0.0010 	 -0.0043 	 -0.1224
0.5411 	 0.0210 	 -0.0711 	 1.9277 	 0.0145 	 0.0011 	 -0.0612 	 0.0010 	 -0.0043 	 -0.1224
0.5511 	 0.0211 	 -0.0711 	 1.9270 	 0.0145 	 0.0011 	 -0.0625 	 0.0010 	 -0.0043 	 -0.1224
0.5611 	 0.0213 	 -0.0710 	 1.9264 	 0.0146 	 0.0011 	 -0.0637 	 0.0010 	 -0.0043 	 -0.1224
0.5711 	 0.0214 	 -0.0710 	 1.9258 	 0.0146 	 0.0010 	 -0.0649 	 0.0010 	 -0.0043 	 -0.1224
0.5812 	 0.0216 	 -0.0710 	 1.9251 	 0.0146 	 0.0010 	 -0.0661 	 0.0009 	 -0.0043 	 -0.1224
0.5912 	 0.0217 	 -0.0710 	 1.9244 	 0.0146 	 0.0009 	 -0.0674 	 0.0009 	 -0.0043 	 -0.1224
0.6012 	 0.0219 	 -0.0710 	 1.9238 	 0.0146 	 0.0009 	 -0.0686 	 0.0009 	 -0.0043 	 -0.1224
0.6112 	 0.0220 	 -0.0710 	 1.9231 	 0.0146 	 0.0008 	 -0.0698 	 0.0009 	 -0.0043 	 -0.1224
0.6212 	 0.0222 	 -0.0710 	 1.9224 	 0.0146 	 0.0008 	 -0.0711 	 0.0009 	 -0.0043 	 -0.1225
0.6313 	 0.0223 	 -0.0710 	 1.9216 	 0.0146 	 0.0007 	 -0.0723 	 0.0009 	 -0.0043 	 -0.1225
0.6413 	 0.0225 	 -0.0710 	 1.9209 	 0.0146 	 0.0007 	 -0.0735 	 0.0009 	 -0.0043 	 -0.1225
0.6513 	 0.0226 	 -0.0710 	 1.9202 	 0.0146 	 0.0007 	 -0.0747 	 0.0009 	 -0.0043 	 -0.1225
0.6613 	 0.0228 	 -0.0710 	 1.9194 	 0.0146 	 0.0006 	 -0.0760 	 0.0009 	 -0.0043 	 -0.1225
0.6713 	 0.0229 	 -0.0710 	 1.9187 	 0.0147 	 0.0006 	 -0.0772 	 0.0009 	 -0.0043 	 -0.1225
0.6814 	 0.0230 	 -0.0709 	 1.9179 	 0.0147 	 0.0005 	 -0.0784 	 0.0009 	 -0.0043 	 -0.1225
0.6914 	 0.0232 	 -0.0709 	 1.9171 	 0.0147 	 0.0005 	 -0.0796 	 0.0009 	 -0.0043 	 -0.1225
0.7014 	 0.0233 	 -0.0709 	 1.9163 	 0.0147 	 0.0004 	 -0.0809 	 0.0008 	 -0.0043 	 -0.1225
0.7114 	 0.0235 	 -0.0709 	 1.9155 	 0.0147 	 0.0004 	 -0.0821 	 0.0008 	 -0.0043 	 -0.1225
0.7214 	 0.0236 	 -0.0709 	 1.9146 	 0.0147 	 0.0004 	 -0.0833 	 0.0008 	 -0.0043 	 -0.1225
0.7315 	 0.0238 	 -0.0709 	 1.9138 	 0.0147 	 0.0003 	 -0.0846 	 0.0008 	 -0.0043 	 -0.1225
0.7415 	 0.0239 	 -0.0709 	 1.9129 	 0.0147 	 0.0003 	 -0.0858 	 0.0008 	 -0.0043 	 -0.1226
0.7515 	 0.0241 	 -0.0709 	 1.9121 	 0.0147 	 0.0002 	 -0.0870 	 0.0008 	 -0.0043 	 -0.1226
0.7615 	 0.0242 	 -0.0709 	 1.9112 	 0.0147 	 0.0002 	 -0.0882 	 0.0008 	 -0.0043 	 -0.1226
0.7715 	 0.0244 	 -0.0709 	 1.9103 	 0.0147 	 0.0001 	 -0.0895 	 0.0008 	 -0.0043 	 -0.1226
0.7816 	 0.0245 	 -0.0709 	 1.9094 	 0.0147 	 0.0001 	 -0.0907 	 0.0008 	 -0.0044 	 -0.1226
0.7916 	 0.0247 	 -0.0709 	 1.9085 	 0.0148 	 0.0001 	 -0.0919 	 0.0008 	 -0.0044 	 -0.1226
0.8016 	 0.0248 	 -0.0709 	 1.9076 	 0.0148 	 0.0000 	 -0.0932 	 0.0008 	 -0.0044 	 -0.1227
0.8116 	 0.0250 	 -0.0709 	 1.9066 	 0.0148 	 -0.0000 	 -0.0944 	 0.0008 	 -0.0044 	 -0.1227
0.8216 	 0.0251 	 -0.0709 	 1.9057 	 0.0148 	 -0.0001 	 -0.0956 	 0.0008 	 -0.0044 	 -0.1227
0.8317 	 0.0253 	 -0.0709 	 1.9047 	 0.0148 	 -0.0001 	 -0.0968 	 0.0008 	 -0.0044 	 -0.1227
0.8417 	 0.0254 	 -0.0709 	 1.9037 	 0.0148 	 -0.0002 	 -0.0981 	 0.0007 	 -0.0044 	 -0.1227
0.8517 	 0.0256 	 -0.0709 	 1.9027 	 0.0148 	 -0.0002 	 -0.0993 	 0.0007 	 -0.0044 	 -0.1228
0.8617 	 0.0257 	 -0.0709 	 1.9017 	 0.0148 	 -0.0003 	 -0.1005 	 0.0007 	 -0.0044 	 -0.1228
0.8717 	 0.0259 	 -0.0709 	 1.9007 	 0.0148 	 -0.0003 	 -0.1018 	 0.0007 	 -0.0044 	 -0.1228
0.8818 	 0.0260 	 -0.0709 	 1.8997 	 0.0148 	 -0.0003 	 -0.1030 	 0.0007 	 -0.0044 	 -0.1228
0.8918 	 0.0261 	 -0.0709 	 1.8987 	 0.0148 	 -0.0004 	 -0.1042 	 0.0007 	 -0.0044 	 -0.1229
0.9018 	 0.0263 	 -0.0709 	 1.8976 	 0.0148 	 -0.0004 	 -0.1055 	 0.0007 	 -0.0044 	 -0.1229
0.9118 	 0.0264 	 -0.0709 	 1.8965 	 0.0148 	 -0.0005 	 -0.1067 	 0.0007 	 -0.0044 	 -0.1229
0.9218 	 0.0266 	 -0.0709 	 1.8955 	 0.0148 	 -0.0005 	 -0.1079 	 0.0007 	 -0.0044 	 -0.1230
0.9319 	 0.0267 	 -0.0710 	 1.8944 	 0.0149 	 -0.0006 	 -0.1092 	 0.0007 	 -0.0044 	 -0.1230
0.9419 	 0.0269 	 -0.0710 	 1.8933 	 0.0149 	 -0.0006 	 -0.1104 	 0.0007 	 -0.0044 	 -0.1230
0.9519 	 0.0270 	 -0.0710 	 1.8922 	 0.0149 	 -0.0006 	 -0.1116 	 0.0007 	 -0.0044 	 -0.1231
0.9619 	 0.0272 	 -0.0710 	 1.8910 	 0.0149 	 -0.0007 	 -0.1129 	 0.0007 	 -0.0044 	 -0.1231
0.9719 	 0.0273 	 -0.0710 	 1.8899 	 0.0149 	 -0.0007 	 -0.1141 	 0.0006 	 -0.0044 	 -0.1232
0.9820 	 0.0275 	 -0.0710 	 1.8888 	 0.0149 	 -0.0008 	 -0.1153 	 0.0006 	 -0.0044 	 -0.1232
0.9920 	 0.0276 	 -0.0710 	 1.8876 	 0.0149 	 -0.0008 	 -0.1166 	 0.0006 	 -0.0044 	 -0.1233
1.0020 	 0.0278 	 -0.0710 	 1.8864 	 0.0149 	 -0.0009 	 -0.1178 	 0.0006 	 -0.0045 	 -0.1233
1.0120 	 0.0279 	 -0.0710 	 1.8852 	 0.0149 	 -0.0009 	 -0.1190 	 0.0006 	 -0.0045 	 -0.1233
1.0220 	 0.0281 	 -0.0710 	 1.8840 	 0.0149 	 -0.0010 	 -0.1203 	 0.0006 	 -0.0045 	 -0.1234
1.0321 	 0.0282 	 -0.0710 	 1.8828 	 0.0149 	 -0.0010 	 -0.1215 	 0.0006 	 -0.0045 	 -0.1235
1.0421 	 0.0284 	 -0.0710 	 1.8816 	 0.0149 	 -0.0010 	 -0.1227 	 0.0006 	 -0.0045 	 -0.1235
1.0521 	 0.0285 	 -0.0711 	 1.8804 	 0.0149 	 -0.0011 	 -0.1240 	 0.0006 	 -0.0045 	 -0.1236
1.0621 	 0.0287 	 -0.0711 	 1.8791 	 0.0149 	 -0.0011 	 -0.1252 	 0.0006 	 -0.0045 	 -0.1236
1.0721 	 0.0288 	 -0.0711 	 1.8779 	 0.0149 	 -0.0012 	 -0.1265 	 0.0006 	 -0.0045 	 -0.1237
1.0822 	 0.0290 	 -0.0711 	 1.8766 	 0.0149 	 -0.0012 	 -0.1277 	 0.0006 	 -0.0045 	 -0.1238
1.0922 	 0.0291 	 -0.0711 	 1.8753 	 0.0150 	 -0.0013 	 -0.1289 	 0.0005 	 -0.0045 	 -0.1238
1.1022 	 0.0293 	 -0.0711 	 1.8740 	 0.0150 	 -0.0013 	 -0.1302 	 0.0005 	 -0.0045 	 -0.1239
1.1122 	 0.0294 	 -0.0711 	 1.8727 	 0.0150 	 -0.0014 	 -0.1314 	 0.0005 	 -0.0045 	 -0.1240
1.1222 	 0.0296 	 -0.0711 	 1.8714 	 0.0150 	 -0.0014 	 -0.1327 	 0.0005 	 -0.0045 	 -0.1241
1.1323 	 0.0297 	 -0.0712 	 1.8700 	 0.0150 	 -0.0015 	 -0.1339 	 0.0005 	 -0.0045 	 -0.1241
1.1423 	 0.0299 	 -0.0712 	 1.8687 	 0.0150 	 -0.0015 	 -0.1351 	 0.0005 	 -0.0045 	 -0.1242
1.1523 	 0.0300 	 -0.0712 	 1.8673 	 0.0150 	 -0.0015 	 -0.1364 	 0.0005 	 -0.0045 	 -0.1243
1.1623 	 0.0302 	 -0.0712 	 1.8660 	 0.0150 	 -0.0016 	 -0.1376 	 0.0005 	 -0.0045 	 -0.1244
1.1723 	 0.0303 	 -0.0712 	 1.8646 	 0.0150 	 -0.0016 	 -0.1389 	 0.0004 	 -0.0045 	 -0.1245
1.1824 	 0.0305 	 -0.0712 	 1.8632 	 0.0150 	 -0.0017 	 -0.1401 	 0.0004 	 -0.0045 	 -0.1246
1.1924 	 0.0306 	 -0.0712 	 1.8618 	 0.0150 	 -0.0017 	 -0.1414 	 0.0004 	 -0.0045 	 -0.1247
1.2024 	 0.0308 	 -0.0713 	 1.8603 	 0.0150 	 -0.0018 	 -0.1426 	 0.0004 	 -0.0045 	 -0.1248
1.2124 	 0.0309 	 -0.0713 	 1.8589 	 0.0150 	 -0.0018 	 -0.1439 	 0.0004 	 -0.0046 	 -0.1249
1.2224 	 0.0311 	 -0.0713 	 1.8575 	 0.0150 	 -0.0019 	 -0.1451 	 0.0004 	 -0.0046 	 -0.1250
1.2325 	 0.0312 	 -0.0713 	 1.8560 	 0.0150 	 -0.0019 	 -0.1464 	 0.0004 	 -0.0046 	 -0.1251
1.2425 	 0.0314 	 -0.0713 	 1.8545 	 0.0150 	 -0.0020 	 -0.1476 	 0.0003 	 -0.0046 	 -0.1252
1.2525 	 0.0315 	 -0.0714 	 1.8530 	 0.0150 	 -0.0020 	 -0.1489 	 0.0003 	 -0.0046 	 -0.1253
1.2625 	 0.0317 	 -0.0714 	 1.8515 	 0.0150 	 -0.0020 	 -0.1501 	 0.0003 	 -0.0046 	 -0.1254
1.2725 	 0.0318 	 -0.0714 	 1.8500 	 0.0150 	 -0.0021 	 -0.1514 	 0.0003 	 -0.0046 	 -0.1255
1.2826 	 0.0320 	 -0.0714 	 1.8485 	 0.0150 	 -0.0021 	 -0.1527 	 0.0003 	 -0.0046 	 -0.1257
1.2926 	 0.0321 	 -0.0714 	 1.8470 	 0.0150 	 -0.0022 	 -0.1539 	 0.0002 	 -0.0046 	 -0.1258
1.3026 	 0.0323 	 -0.0715 	 1.8454 	 0.0150 	 -0.0022 	 -0.1552 	 0.0002 	 -0.0046 	 -0.1259
1.3126 	 0.0324 	 -0.0715 	 1.8439 	 0.0150 	 -0.0023 	 -0.1564 	 0.0002 	 -0.0046 	 -0.1261
1.3226 	 0.0326 	 -0.0715 	 1.8423 	 0.0150 	 -0.0023 	 -0.1577 	 0.0002 	 -0.0046 	 -0.1262
1.3327 	 0.0327 	 -0.0715 	 1.8407 	 0.0150 	 -0.0024 	 -0.1590 	 0.0002 	 -0.0046 	 -0.1263
1.3427 	 0.0329 	 -0.0716 	 1.8391 	 0.0150 	 -0.0024 	 -0.1602 	 0.0001 	 -0.0046 	 -0.1265
1.3527 	 0.0330 	 -0.0716 	 1.8375 	 0.0150 	 -0.0025 	 -0.1615 	 0.0001 	 -0.0046 	 -0.1266
1.3627 	 0.0332 	 -0.0716 	 1.8359 	 0.0150 	 -0.0025 	 -0.1628 	 0.0001 	 -0.0046 	 -0.1268
1.3727 	 0.0333 	 -0.0716 	 1.8342 	 0.0150 	 -0.0026 	 -0.1641 	 0.0001 	 -0.0046 	 -0.1269
1.3828 	 0.0335 	 -0.0717 	 1.8326 	 0.0150 	 -0.0026 	 -0.1653 	 0.0000 	 -0.0046 	 -0.1271
1.3928 	 0.0336 	 -0.0717 	 1.8309 	 0.0150 	 -0.0026 	 -0.1666 	 0.0000 	 -0.0046 	 -0.1272
1.4028 	 0.0338 	 -0.0717 	 1.8292 	 0.0150 	 -0.0027 	 -0.1679 	 0.0000 	 -0.0046 	 -0.1274
1.4128 	 0.0339 	 -0.0717 	 1.8275 	 0.0150 	 -0.0027 	 -0.1691 	 -0.0000 	 -0.0046 	 -0.1275
1.4228 	 0.0341 	 -0.0718 	 1.8258 	 0.0150 	 -0.0028 	 -0.1704 	 -0.0000 	 -0.0046 	 -0.1277
1.4329 	 0.0342 	 -0.0718 	 1.8241 	 0.0150 	 -0.0028 	 -0.1717 	 -0.0001 	 -0.0046 	 -0.1279
1.4429 	 0.0344 	 -0.0718 	 1.8224 	 0.0150 	 -0.0029 	 -0.1730 	 -0.0001 	 -0.0046 	 -0.1280
1.4529 	 0.0346 	 -0.0719 	 1.8207 	 0.0150 	 -0.0029 	 -0.1743 	 -0.0001 	 -0.0046 	 -0.1282
1.4629 	 0.0347 	 -0.0719 	 1.8189 	 0.0150 	 -0.0030 	 -0.1756 	 -0.0001 	 -0.0046 	 -0.1284
1.4729 	 0.0349 	 -0.0719 	 1.8171 	 0.0150 	 -0.0030 	 -0.1768 	 -0.0002 	 -0.0046 	 -0.1285
1.4830 	 0.0350 	 -0.0719 	 1.8154 	 0.0150 	 -0.0031 	 -0.1781 	 -0.0002 	 -0.0046 	 -0.1287
1.4930 	 0.0352 	 -0.0720 	 1.8136 	 0.0150 	 -0.0031 	 -0.1794 	 -0.0002 	 -0.0046 	 -0.1289
1.5030 	 0.0353 	 -0.0720 	 1.8118 	 0.0150 	 -0.0031 	 -0.1807 	 -0.0002 	 -0.0046 	 -0.1291
1.5130 	 0.0355 	 -0.0720 	 1.8100 	 0.0150 	 -0.0032 	 -0.1820 	 -0.0003 	 -0.0046 	 -0.1293
1.5230 	 0.0356 	 -0.0721 	 1.8081 	 0.0150 	 -0.0032 	 -0.1833 	 -0.0003 	 -0.0046 	 -0.1295
1.5331 	 0.0358 	 -0.0721 	 1.8063 	 0.0150 	 -0.0033 	 -0.1846 	 -0.0003 	 -0.0045 	 -0.1296
1.5431 	 0.0359 	 -0.0721 	 1.8044 	 0.0150 	 -0.0033 	 -0.1859 	 -0.0003 	 -0.0045 	 -0.1298
1.5531 	 0.0361 	 -0.0722 	 1.8026 	 0.0150 	 -0.0034 	 -0.1872 	 -0.0004 	 -0.0045 	 -0.1300
1.5631 	 0.0362 	 -0.0722 	 1.8007 	 0.0150 	 -0.0034 	 -0.1885 	 -0.0004 	 -0.0045 	 -0.1302
1.5731 	 0.0364 	 -0.0722 	 1.7988 	 0.0150 	 -0.0035 	 -0.1898 	 -0.0004 	 -0.0045 	 -0.1304
1.5832 	 0.0365 	 -0.0723 	 1.7969 	 0.0150 	 -0.0035 	 -0.1911 	 -0.0004 	 -0.0045 	 -0.1306
1.5932 	 0.0367 	 -0.0723 	 1.7949 	 0.0150 	 -0.0036 	 -0.1924 	 -0.0005 	 -0.0045 	 -0.1308
1.6032 	 0.0368 	 -0.0723 	 1.7930 	 0.0150 	 -0.0036 	 -0.1937 	 -0.0005 	 -0.0045 	 -0.1311
1.6132 	 0.0370 	 -0.0724 	 1.7911 	 0.0150 	 -0.0036 	 -0.1951 	 -0.0005 	 -0.0045 	 -0.1313
1.6232 	 0.0371 	 -0.0724 	 1.7891 	 0.0150 	 -0.0037 	 -0.1964 	 -0.0006 	 -0.0045 	 -0.1315
1.6333 	 0.0373 	 -0.0725 	 1.7871 	 0.0150 	 -0.0037 	 -0.1977 	 -0.0006 	 -0.0045 	 -0.1317
1.6433 	 0.0374 	 -0.0725 	 1.7851 	 0.0150 	 -0.0038 	 -0.1990 	 -0.0006 	 -0.0045 	 -0.1319
1.6533 	 0.0376 	 -0.0725 	 1.7831 	 0.0150 	 -0.0038 	 -0.2003 	 -0.0006 	 -0.0045 	 -0.1321
1.6633 	 0.0377 	 -0.0726 	 1.7811 	 0.0150 	 -0.0039 	 -0.2017 	 -0.0007 	 -0.0045 	 -0.1324
1.6733 	 0.0379 	 -0.0726 	 1.7791 	 0.0150 	 -0.0039 	 -0.2030 	 -0.0007 	 -0.0045 	 -0.1326
1.6834 	 0.0380 	 -0.0726 	 1.7771 	 0.0150 	 -0.0040 	 -0.2043 	 -0.0007 	 -0.0044 	 -0.1328
1.6934 	 0.0382 	 -0.0727 	 1.7750 	 0.0149 	 -0.0040 	 -0.2057 	 -0.0007 	 -0.0044 	 -0.1331
1.7034 	 0.0383 	 -0.0727 	 1.7729 	 0.0149 	 -0.0041 	 -0.2070 	 -0.0007 	 -0.0044 	 -0.1333
1.7134 	 0.0385 	 -0.0728 	 1.7709 	 0.0149 	 -0.0041 	 -0.2083 	 -0.0008 	 -0.0044 	 -0.1335
1.7234 	 0.0386 	 -0.0728 	 1.7688 	 0.0149 	 -0.0041 	 -0.2097 	 -0.0008 	 -0.0044 	 -0.1338
1.7335 	 0.0388 	 -0.0729 	 1.7667 	 0.0149 	 -0.0042 	 -0.2110 	 -0.0008 	 -0.0044 	 -0.1340
1.7435 	 0.0389 	 -0.0729 	 1.7645 	 0.0149 	 -0.0042 	 -0.2124 	 -0.0008 	 -0.0044 	 -0.1343
1.7535 	 0.0391 	 -0.0729 	 1.7624 	 0.0149 	 -0.0043 	 -0.2137 	 -0.0009 	 -0.0044 	 -0.1345
1.7635 	 0.0392 	 -0.0730 	 1.7602 	 0.0149 	 -0.0043 	 -0.2150 	 -0.0009 	 -0.0044 	 -0.1348
1.7735 	 0.0394 	 -0.0730 	 1.7581 	 0.0149 	 -0.0044 	 -0.2164 	 -0.0009 	 -0.0044 	 -0.1350
1.7836 	 0.0395 	 -0.0731 	 1.7559 	 0.0149 	 -0.0044 	 -0.2178 	 -0.0009 	 -0.0043 	 -0.1353
1.7936 	 0.0397 	 -0.0731 	 1.7537 	 0.0149 	 -0.0044 	 -0.2191 	 -0.0010 	 -0.0043 	 -0.1355
1.8036 	 0.0398 	 -0.0732 	 1.7515 	 0.0149 	 -0.0045 	 -0.2205 	 -0.0010 	 -0.0043 	 -0.1358
1.8136 	 0.0400 	 -0.0732 	 1.7493 	 0.0148 	 -0.0045 	 -0.2218 	 -0.0010 	 -0.0043 	 -0.1360
1.8236 	 0.0401 	 -0.0732 	 1.7471 	 0.0148 	 -0.0046 	 -0.2232 	 -0.0010 	 -0.0043 	 -0.1363
1.8337 	 0.0402 	 -0.0733 	 1.7448 	 0.0148 	 -0.0046 	 -0.2246 	 -0.0010 	 -0.0043 	 -0.1366
1.8437 	 0.0404 	 -0.0733 	 1.7426 	 0.0148 	 -0.0047 	 -0.2259 	 -0.0011 	 -0.0043 	 -0.1368
1.8537 	 0.0405 	 -0.0734 	 1.7403 	 0.0148 	 -0.0047 	 -0.2273 	 -0.0011 	 -0.0043 	 -0.1371
1.8637 	 0.0407 	 -0.0734 	 1.7380 	 0.0148 	 -0.0047 	 -0.2287 	 -0.0011 	 -0.0043 	 -0.1374
1.8737 	 0.0408 	 -0.0735 	 1.7357 	 0.0148 	 -0.0048 	 -0.2301 	 -0.0011 	 -0.0042 	 -0.1377
1.8838 	 0.0410 	 -0.0735 	 1.7334 	 0.0148 	 -0.0048 	 -0.2314 	 -0.0011 	 -0.0042 	 -0.1380
1.8938 	 0.0411 	 -0.0736 	 1.7311 	 0.0148 	 -0.0049 	 -0.2328 	 -0.0012 	 -0.0042 	 -0.1383
1.9038 	 0.0413 	 -0.0736 	 1.7287 	 0.0147 	 -0.0049 	 -0.2342 	 -0.0012 	 -0.0042 	 -0.1385
1.9138 	 0.0414 	 -0.0737 	 1.7264 	 0.0147 	 -0.0050 	 -0.2356 	 -0.0012 	 -0.0042 	 -0.1388
1.9238 	 0.0416 	 -0.0737 	 1.7240 	 0.0147 	 -0.0050 	 -0.2370 	 -0.0012 	 -0.0042 	 -0.1391
1.9339 	 0.0417 	 -0.0738 	 1.7216 	 0.0147 	 -0.0050 	 -0.2384 	 -0.0012 	 -0.0042 	 -0.1394
1.9439 	 0.0419 	 -0.0738 	 1.7192 	 0.0147 	 -0.0051 	 -0.2398 	 -0.0013 	 -0.0042 	 -0.1397
1.9539 	 0.0420 	 -0.0739 	 1.7168 	 0.0147 	 -0.0051 	 -0.2412 	 -0.0013 	 -0.0041 	 -0.1400
1.9639 	 0.0422 	 -0.0739 	 1.7144 	 0.0147 	 -0.0052 	 -0.2426 	 -0.0013 	 -0.0041 	 -0.1403
1.9739 	 0.0423 	 -0.0740 	 1.7120 	 0.0147 	 -0.0052 	 -0.2440 	 -0.0013 	 -0.0041 	 -0.1407
1.9840 	 0.0425 	 -0.0740 	 1.7095 	 0.0146 	 -0.0053 	 -0.2454 	 -0.0013 	 -0.0041 	 -0.1410
1.9940 	 0.0426 	 -0.0741 	 1.7071 	 0.0146 	 -0.0053 	 -0.2468 	 -0.0013 	 -0.0041 	 -0.1413
2.0040 	 0.0428 	 -0.0741 	 1.7046 	 0.0146 	 -0.0053 	 -0.2482 	 -0.0013 	 -0.0041 	 -0.1416
2.0140 	 0.0429 	 -0.0742 	 1.7021 	 0.0146 	 -0.0054 	 -0.2497 	 -0.0014 	 -0.0041 	 -0.1419
2.0240 	 0.0430 	 -0.0742 	 1.6996 	 0.0146 	 -0.0054 	 -0.2511 	 -0.0014 	 -0.0041 	 -0.1423
2.0341 	 0.0432 	 -0.0743 	 1.6970 	 0.0146 	 -0.0055 	 -0.2525 	 -0.0014 	 -0.0040 	 -0.1426
2.0441 	 0.0433 	 -0.0744 	 1.6945 	 0.0146 	 -0.0055 	 -0.2539 	 -0.0014 	 -0.0040 	 -0.1429
2.0541 	 0.0435 	 -0.0744 	 1.6920 	 0.0145 	 -0.0055 	 -0.2554 	 -0.0014 	 -0.0040 	 -0.1433
2.0641 	 0.0436 	 -0.0745 	 1.6894 	 0.0145 	 -0.0056 	 -0.2568 	 -0.0014 	 -0.0040 	 -0.1436
2.0741 	 0.0438 	 -0.0745 	 1.6868 	 0.0145 	 -0.0056 	 -0.2583 	 -0.0014 	 -0.0040 	 -0.1440
2.0842 	 0.0439 	 -0.0746 	 1.6842 	 0.0145 	 -0.0057 	 -0.2597 	 -0.0014 	 -0.0040 	 -0.1443
2.0942 	 0.0441 	 -0.0746 	 1.6816 	 0.0145 	 -0.0057 	 -0.2612 	 -0.0015 	 -0.0040 	 -0.1447
2.1042 	 0.0442 	 -0.0747 	 1.6790 	 0.0145 	 -0.0057 	 -0.2626 	 -0.0015 	 -0.0039 	 -0.1450
2.1142 	 0.0444 	 -0.0748 	 1.6763 	 0.0145 	 -0.0058 	 -0.2641 	 -0.0015 	 -0.0039 	 -0.1454
2.1242 	 0.0445 	 -0.0748 	 1.6737 	 0.0144 	 -0.0058 	 -0.2655 	 -0.0015 	 -0.0039 	 -0.1457
2.1343 	 0.0446 	 -0.0749 	 1.6710 	 0.0144 	 -0.0059 	 -0.2670 	 -0.0015 	 -0.0039 	 -0.1461
2.1443 	 0.0448 	 -0.0749 	 1.6683 	 0.0144 	 -0.0059 	 -0.2684 	 -0.0015 	 -0.0039 	 -0.1465
2.1543 	 0.0449 	 -0.0750 	 1.6656 	 0.0144 	 -0.0059 	 -0.2699 	 -0.0015 	 -0.0039 	 -0.1469
2.1643 	 0.0451 	 -0.0750 	 1.6629 	 0.0144 	 -0.0060 	 -0.2714 	 -0.0015 	 -0.0039 	 -0.1472
2.1743 	 0.0452 	 -0.0751 	 1.6602 	 0.0144 	 -0.0060 	 -0.2729 	 -0.0015 	 -0.0038 	 -0.1476
2.1844 	 0.0454 	 -0.0752 	 1.6575 	 0.0144 	 -0.0060 	 -0.2743 	 -0.0015 	 -0.0038 	 -0.1480
2.1944 	 0.0455 	 -0.0752 	 1.6547 	 0.0143 	 -0.0061 	 -0.2758 	 -0.0015 	 -0.0038 	 -0.1484
2.2044 	 0.0457 	 -0.0753 	 1.6519 	 0.0143 	 -0.0061 	 -0.2773 	 -0.0015 	 -0.0038 	 -0.1488
2.2144 	 0.0458 	 -0.0754 	 1.6492 	 0.0143 	 -0.0062 	 -0.2788 	 -0.0015 	 -0.0038 	 -0.1492
2.2244 	 0.0459 	 -0.0754 	 1.6463 	 0.0143 	 -0.0062 	 -0.2803 	 -0.0015 	 -0.0038 	 -0.1496
2.2345 	 0.0461 	 -0.0755 	 1.6435 	 0.0143 	 -0.0062 	 -0.2818 	 -0.0015 	 -0.0037 	 -0.1500
2.2445 	 0.0462 	 -0.0755 	 1.6407 	 0.0143 	 -0.0063 	 -0.2833 	 -0.0015 	 -0.0037 	 -0.1505
2.2545 	 0.0464 	 -0.0756 	 1.6379 	 0.0142 	 -0.0063 	 -0.2848 	 -0.0015 	 -0.0037 	 -0.1509
2.2645 	 0.0465 	 -0.0757 	 1.6350 	 0.0142 	 -0.0063 	 -0.2863 	 -0.0015 	 -0.0037 	 -0.1513
2.2745 	 0.0467 	 -0.0757 	 1.6321 	 0.0142 	 -0.0064 	 -0.2879 	 -0.0015 	 -0.0037 	 -0.1517
2.2846 	 0.0468 	 -0.0758 	 1.6292 	 0.0142 	 -0.0064 	 -0.2894 	 -0.0015 	 -0.0037 	 -0.1522
2.2946 	 0.0469 	 -0.0759 	 1.6263 	 0.0142 	 -0.0065 	 -0.2909 	 -0.0015 	 -0.0036 	 -0.1526
2.3046 	 0.0471 	 -0.0759 	 1.6234 	 0.0142 	 -0.0065 	 -0.2924 	 -0.0015 	 -0.0036 	 -0.1531
2.3146 	 0.0472 	 -0.0760 	 1.6205 	 0.0142 	 -0.0065 	 -0.2940 	 -0.0015 	 -0.0036 	 -0.1535
2.3246 	 0.0474 	 -0.0761 	 1.6175 	 0.0141 	 -0.0066 	 -0.2955 	 -0.0015 	 -0.0036 	 -0.1540
2.3347 	 0.0475 	 -0.0761 	 1.6145 	 0.0141 	 -0.0066 	 -0.2971 	 -0.0015 	 -0.0036 	 -0.1544
2.3447 	 0.0476 	 -0.0762 	 1.6116 	 0.0141 	 -0.0066 	 -0.2986 	 -0.0015 	 -0.0036 	 -0.1549
2.3547 	 0.0478 	 -0.0763 	 1.6086 	 0.0141 	 -0.0067 	 -0.3002 	 -0.0015 	 -0.0035 	 -0.1554
2.3647 	 0.0479 	 -0.0763 	 1.6055 	 0.0141 	 -0.0067 	 -0.3017 	 -0.0015 	 -0.0035 	 -0.1559
2.3747 	 0.0481 	 -0.0764 	 1.6025 	 0.0141 	 -0.0067 	 -0.3033 	 -0.0015 	 -0.0035 	 -0.1564
2.3848 	 0.0482 	 -0.0765 	 1.5995 	 0.0141 	 -0.0068 	 -0.3049 	 -0.0015 	 -0.0035 	 -0.1568
2.3948 	 0.0484 	 -0.0765 	 1.5964 	 0.0140 	 -0.0068 	 -0.3064 	 -0.0015 	 -0.0035 	 -0.1574
2.4048 	 0.0485 	 -0.0766 	 1.5933 	 0.0140 	 -0.0068 	 -0.3080 	 -0.0014 	 -0.0034 	 -0.1579
2.4148 	 0.0486 	 -0.0767 	 1.5902 	 0.0140 	 -0.0069 	 -0.3096 	 -0.0014 	 -0.0034 	 -0.1584
2.4248 	 0.0488 	 -0.0767 	 1.5871 	 0.0140 	 -0.0069 	 -0.3112 	 -0.0014 	 -0.0034 	 -0.1589
2.4349 	 0.0489 	 -0.0768 	 1.5840 	 0.0140 	 -0.0070 	 -0.3128 	 -0.0014 	 -0.0034 	 -0.1594
2.4449 	 0.0491 	 -0.0769 	 1.5808 	 0.0140 	 -0.0070 	 -0.3144 	 -0.0014 	 -0.0034 	 -0.1600
2.4549 	 0.0492 	 -0.0769 	 1.5777 	 0.0140 	 -0.0070 	 -0.3160 	 -0.0014 	 -0.0033 	 -0.1605
2.4649 	 0.0493 	 -0.0770 	 1.5745 	 0.0139 	 -0.0071 	 -0.3176 	 -0.0014 	 -0.0033 	 -0.1610
2.4749 	 0.0495 	 -0.0771 	 1.5713 	 0.0139 	 -0.0071 	 -0.3192 	 -0.0013 	 -0.0033 	 -0.1616
2.4850 	 0.0496 	 -0.0771 	 1.5681 	 0.0139 	 -0.0071 	 -0.3208 	 -0.0013 	 -0.0033 	 -0.1622
2.4950 	 0.0498 	 -0.0772 	 1.5649 	 0.0139 	 -0.0072 	 -0.3225 	 -0.0013 	 -0.0033 	 -0.1627
2.5050 	 0.0499 	 -0.0773 	 1.5617 	 0.0139 	 -0.0072 	 -0.3241 	 -0.0013 	 -0.0032 	 -0.1633
2.5150 	 0.0500 	 -0.0774 	 1.5584 	 0.0139 	 -0.0072 	 -0.3257 	 -0.0013 	 -0.0032 	 -0.1639
2.5251 	 0.0502 	 -0.0774 	 1.5551 	 0.0139 	 -0.0072 	 -0.3274 	 -0.0013 	 -0.0032 	 -0.1645
2.5351 	 0.0503 	 -0.0775 	 1.5518 	 0.0138 	 -0.0073 	 -0.3290 	 -0.0012 	 -0.0032 	 -0.1651
2.5451 	 0.0504 	 -0.0776 	 1.5485 	 0.0138 	 -0.0073 	 -0.3307 	 -0.0012 	 -0.0031 	 -0.1657
2.5551 	 0.0506 	 -0.0777 	 1.5452 	 0.0138 	 -0.0073 	 -0.3324 	 -0.0012 	 -0.0031 	 -0.1663
2.5651 	 0.0507 	 -0.0777 	 1.5419 	 0.0138 	 -0.0074 	 -0.3340 	 -0.0012 	 -0.0031 	 -0.1669
2.5752 	 0.0509 	 -0.0778 	 1.5385 	 0.0138 	 -0.0074 	 -0.3357 	 -0.0012 	 -0.0031 	 -0.1676
2.5852 	 0.0510 	 -0.0779 	 1.5351 	 0.0138 	 -0.0074 	 -0.3374 	 -0.0011 	 -0.0031 	 -0.1682
2.5952 	 0.0511 	 -0.0780 	 1.5318 	 0.0138 	 -0.0075 	 -0.3391 	 -0.0011 	 -0.0030 	 -0.1689
2.6052 	 0.0513 	 -0.0780 	 1.5283 	 0.0138 	 -0.0075 	 -0.3408 	 -0.0011 	 -0.0030 	 -0.1695
2.6152 	 0.0514 	 -0.0781 	 1.5249 	 0.0138 	 -0.0075 	 -0.3425 	 -0.0011 	 -0.0030 	 -0.1702
2.6253 	 0.0516 	 -0.0782 	 1.5215 	 0.0137 	 -0.0076 	 -0.3442 	 -0.0010 	 -0.0030 	 -0.1709
2.6353 	 0.0517 	 -0.0783 	 1.5180 	 0.0137 	 -0.0076 	 -0.3459 	 -0.0010 	 -0.0029 	 -0.1715
2.6453 	 0.0518 	 -0.0783 	 1.5146 	 0.0137 	 -0.0076 	 -0.3476 	 -0.0010 	 -0.0029 	 -0.1722
2.6553 	 0.0520 	 -0.0784 	 1.5111 	 0.0137 	 -0.0076 	 -0.3493 	 -0.0010 	 -0.0029 	 -0.1729
2.6653 	 0.0521 	 -0.0785 	 1.5076 	 0.0137 	 -0.0077 	 -0.3511 	 -0.0009 	 -0.0029 	 -0.1736
2.6754 	 0.0522 	 -0.0786 	 1.5040 	 0.0137 	 -0.0077 	 -0.3528 	 -0.0009 	 -0.0028 	 -0.1744
2.6854 	 0.0524 	 -0.0786 	 1.5005 	 0.0137 	 -0.0077 	 -0.3546 	 -0.0009 	 -0.0028 	 -0.1751
2.6954 	 0.0525 	 -0.0787 	 1.4969 	 0.0137 	 -0.0078 	 -0.3563 	 -0.0008 	 -0.0028 	 -0.1758
2.7054 	 0.0527 	 -0.0788 	 1.4933 	 0.0137 	 -0.0078 	 -0.3581 	 -0.0008 	 -0.0028 	 -0.1766
2.7154 	 0.0528 	 -0.0789 	 1.4897 	 0.0137 	 -0.0078 	 -0.3599 	 -0.0008 	 -0.0027 	 -0.1773
2.7255 	 0.0529 	 -0.0790 	 1.4861 	 0.0137 	 -0.0078 	 -0.3617 	 -0.0008 	 -0.0027 	 -0.1781
2.7355 	 0.0531 	 -0.0790 	 1.4825 	 0.0136 	 -0.0079 	 -0.3634 	 -0.0007 	 -0.0027 	 -0.1788
2.7455 	 0.0532 	 -0.0791 	 1.4788 	 0.0136 	 -0.0079 	 -0.3652 	 -0.0007 	 -0.0027 	 -0.1796
2.7555 	 0.0533 	 -0.0792 	 1.4752 	 0.0136 	 -0.0079 	 -0.3670 	 -0.0007 	 -0.0026 	 -0.1804
2.7655 	 0.0535 	 -0.0793 	 1.4715 	 0.0136 	 -0.0079 	 -0.3689 	 -0.0006 	 -0.0026 	 -0.1812
2.7756 	 0.0536 	 -0.0793 	 1.4678 	 0.0136 	 -0.0080 	 -0.3707 	 -0.0006 	 -0.0026 	 -0.1820
2.7856 	 0.0537 	 -0.0794 	 1.4641 	 0.0136 	 -0.0080 	 -0.3725 	 -0.0006 	 -0.0025 	 -0.1829
2.7956 	 0.0539 	 -0.0795 	 1.4603 	 0.0136 	 -0.0080 	 -0.3743 	 -0.0006 	 -0.0025 	 -0.1837
2.8056 	 0.0540 	 -0.0796 	 1.4566 	 0.0136 	 -0.0081 	 -0.3762 	 -0.0005 	 -0.0025 	 -0.1845
2.8156 	 0.0542 	 -0.0797 	 1.4528 	 0.0136 	 -0.0081 	 -0.3780 	 -0.0005 	 -0.0025 	 -0.1854
2.8257 	 0.0543 	 -0.0798 	 1.4490 	 0.0136 	 -0.0081 	 -0.3799 	 -0.0005 	 -0.0024 	 -0.1863
2.8357 	 0.0544 	 -0.0798 	 1.4452 	 0.0136 	 -0.0081 	 -0.3818 	 -0.0004 	 -0.0024 	 -0.1871
2.8457 	 0.0546 	 -0.0799 	 1.4413 	 0.0136 	 -0.0081 	 -0.3836 	 -0.0004 	 -0.0024 	 -0.1880
2.8557 	 0.0547 	 -0.0800 	 1.4375 	 0.0136 	 -0.0082 	 -0.3855 	 -0.0004 	 -0.0023 	 -0.1889
2.8657 	 0.0548 	 -0.0801 	 1.4336 	 0.0136 	 -0.0082 	 -0.3874 	 -0.0004 	 -0.0023 	 -0.1898
2.8758 	 0.0550 	 -0.0802 	 1.4297 	 0.0136 	 -0.0082 	 -0.3893 	 -0.0003 	 -0.0023 	 -0.1908
2.8858 	 0.0551 	 -0.0802 	 1.4258 	 0.0136 	 -0.0082 	 -0.3913 	 -0.0003 	 -0.0022 	 -0.1917
2.8958 	 0.0552 	 -0.0803 	 1.4219 	 0.0136 	 -0.0083 	 -0.3932 	 -0.0003 	 -0.0022 	 -0.1927
2.9058 	 0.0554 	 -0.0804 	 1.4179 	 0.0136 	 -0.0083 	 -0.3951 	 -0.0003 	 -0.0022 	 -0.1936
2.9158 	 0.0555 	 -0.0805 	 1.4140 	 0.0136 	 -0.0083 	 -0.3971 	 -0.0002 	 -0.0021 	 -0.1946
2.9259 	 0.0557 	 -0.0806 	 1.4100 	 0.0136 	 -0.0083 	 -0.3990 	 -0.0002 	 -0.0021 	 -0.1956
2.9359 	 0.0558 	 -0.0807 	 1.4060 	 0.0136 	 -0.0083 	 -0.4010 	 -0.0002 	 -0.0020 	 -0.1966
2.9459 	 0.0559 	 -0.0807 	 1.4019 	 0.0136 	 -0.0084 	 -0.4030 	 -0.0002 	 -0.0020 	 -0.1976
2.9559 	 0.0561 	 -0.0808 	 1.3979 	 0.0136 	 -0.0084 	 -0.4049 	 -0.0001 	 -0.0020 	 -0.1987
2.9659 	 0.0562 	 -0.0809 	 1.3938 	 0.0136 	 -0.0084 	 -0.4069 	 -0.0001 	 -0.0019 	 -0.1997
2.9760 	 0.0563 	 -0.0810 	 1.3897 	 0.0135 	 -0.0084 	 -0.4089 	 -0.0001 	 -0.0019 	 -0.2008
2.9860 	 0.0565 	 -0.0811 	 1.3856 	 0.0135 	 -0.0084 	 -0.4110 	 -0.0001 	 -0.0018 	 -0.2019
2.9960 	 0.0566 	 -0.0812 	 1.3815 	 0.0135 	 -0.0085 	 -0.4130 	 -0.0000 	 -0.0018 	 -0.2030
3.0060 	 0.0567 	 -0.0812 	 1.3773 	 0.0135 	 -0.0085 	 -0.4150 	 -0.0000 	 -0.0017 	 -0.2041
3.0160 	 0.0569 	 -0.0813 	 1.3732 	 0.0135 	 -0.0085 	 -0.4171 	 -0.0000 	 -0.0017 	 -0.2053
3.0261 	 0.0570 	 -0.0814 	 1.3690 	 0.0135 	 -0.0085 	 -0.4191 	 0.0000 	 -0.0016 	 -0.2064
3.0361 	 0.0571 	 -0.0815 	 1.3648 	 0.0135 	 -0.0085 	 -0.4212 	 0.0000 	 -0.0016 	 -0.2076
3.0461 	 0.0573 	 -0.0816 	 1.3605 	 0.0135 	 -0.0085 	 -0.4233 	 0.0001 	 -0.0015 	 -0.2088
3.0561 	 0.0574 	 -0.0817 	 1.3563 	 0.0135 	 -0.0086 	 -0.4254 	 0.0001 	 -0.0015 	 -0.2100
3.0661 	 0.0576 	 -0.0818 	 1.3520 	 0.0136 	 -0.0086 	 -0.4275 	 0.0001 	 -0.0014 	 -0.2112
3.0762 	 0.0577 	 -0.0818 	 1.3477 	 0.0136 	 -0.0086 	 -0.4296 	 0.0001 	 -0.0014 	 -0.2125
3.0862 	 0.0578 	 -0.0819 	 1.3434 	 0.0136 	 -0.0086 	 -0.4318 	 0.0001 	 -0.0013 	 -0.2138
3.0962 	 0.0580 	 -0.0820 	 1.3391 	 0.0136 	 -0.0086 	 -0.4339 	 0.0001 	 -0.0012 	 -0.2151
3.1062 	 0.0581 	 -0.0821 	 1.3347 	 0.0136 	 -0.0086 	 -0.4361 	 0.0002 	 -0.0012 	 -0.2164
3.1162 	 0.0582 	 -0.0822 	 1.3303 	 0.0136 	 -0.0086 	 -0.4383 	 0.0002 	 -0.0011 	 -0.2178
3.1263 	 0.0584 	 -0.0823 	 1.3259 	 0.0136 	 -0.0087 	 -0.4404 	 0.0002 	 -0.0010 	 -0.2191
3.1363 	 0.0585 	 -0.0824 	 1.3215 	 0.0136 	 -0.0087 	 -0.4426 	 0.0002 	 -0.0010 	 -0.2205
3.1463 	 0.0586 	 -0.0825 	 1.3171 	 0.0136 	 -0.0087 	 -0.4449 	 0.0002 	 -0.0009 	 -0.2220
3.1563 	 0.0588 	 -0.0825 	 1.3126 	 0.0136 	 -0.0087 	 -0.4471 	 0.0002 	 -0.0008 	 -0.2234
3.1663 	 0.0589 	 -0.0826 	 1.3081 	 0.0136 	 -0.0087 	 -0.4493 	 0.0003 	 -0.0007 	 -0.2249
3.1764 	 0.0590 	 -0.0827 	 1.3036 	 0.0136 	 -0.0087 	 -0.4516 	 0.0003 	 -0.0006 	 -0.2264
3.1864 	 0.0592 	 -0.0828 	 1.2991 	 0.0136 	 -0.0087 	 -0.4539 	 0.0003 	 -0.0005 	 -0.2279
3.1964 	 0.0593 	 -0.0829 	 1.2945 	 0.0136 	 -0.0087 	 -0.4562 	 0.0003 	 -0.0004 	 -0.2295
3.2064 	 0.0595 	 -0.0830 	 1.2899 	 0.0136 	 -0.0087 	 -0.4585 	 0.0003 	 -0.0003 	 -0.2311
3.2164 	 0.0596 	 -0.0831 	 1.2853 	 0.0136 	 -0.0087 	 -0.4608 	 0.0003 	 -0.0002 	 -0.2327
3.2265 	 0.0597 	 -0.0831 	 1.2807 	 0.0136 	 -0.0087 	 -0.4631 	 0.0004 	 -0.0001 	 -0.2344
3.2365 	 0.0599 	 -0.0832 	 1.2760 	 0.0136 	 -0.0087 	 -0.4655 	 0.0004 	 -0.0000 	 -0.2361
3.2465 	 0.0600 	 -0.0833 	 1.2713 	 0.0136 	 -0.0087 	 -0.4679 	 0.0004 	 0.0001 	 -0.2378
3.2565 	 0.0601 	 -0.0834 	 1.2666 	 0.0136 	 -0.0087 	 -0.4703 	 0.0004 	 0.0002 	 -0.2396
3.2665 	 0.0603 	 -0.0835 	 1.2619 	 0.0136 	 -0.0087 	 -0.4727 	 0.0004 	 0.0004 	 -0.2414
3.2766 	 0.0604 	 -0.0836 	 1.2572 	 0.0136 	 -0.0087 	 -0.4751 	 0.0005 	 0.0005 	 -0.2433
3.2866 	 0.0605 	 -0.0837 	 1.2524 	 0.0136 	 -0.0087 	 -0.4776 	 0.0005 	 0.0006 	 -0.2452
3.2966 	 0.0607 	 -0.0838 	 1.2476 	 0.0136 	 -0.0087 	 -0.4800 	 0.0005 	 0.0008 	 -0.2471
3.3066 	 0.0608 	 -0.0838 	 1.2428 	 0.0136 	 -0.0087 	 -0.4825 	 0.0005 	 0.0009 	 -0.2491
3.3166 	 0.0610 	 -0.0839 	 1.2379 	 0.0136 	 -0.0087 	 -0.4850 	 0.0006 	 0.0011 	 -0.2511
3.3267 	 0.0611 	 -0.0840 	 1.2331 	 0.0136 	 -0.0087 	 -0.4875 	 0.0006 	 0.0012 	 -0.2532
3.3367 	 0.0612 	 -0.0841 	 1.2282 	 0.0136 	 -0.0086 	 -0.4901 	 0.0006 	 0.0014 	 -0.2553
3.3467 	 0.0614 	 -0.0842 	 1.2232 	 0.0136 	 -0.0086 	 -0.4927 	 0.0006 	 0.0015 	 -0.2575
3.3567 	 0.0615 	 -0.0843 	 1.2183 	 0.0137 	 -0.0086 	 -0.4952 	 0.0007 	 0.0017 	 -0.2597
3.3667 	 0.0616 	 -0.0844 	 1.2133 	 0.0137 	 -0.0086 	 -0.4979 	 0.0007 	 0.0019 	 -0.2620
3.3768 	 0.0618 	 -0.0845 	 1.2083 	 0.0137 	 -0.0086 	 -0.5005 	 0.0007 	 0.0021 	 -0.2643
3.3868 	 0.0619 	 -0.0845 	 1.2033 	 0.0137 	 -0.0086 	 -0.5032 	 0.0008 	 0.0023 	 -0.2667
3.3968 	 0.0620 	 -0.0846 	 1.1982 	 0.0137 	 -0.0085 	 -0.5058 	 0.0008 	 0.0025 	 -0.2692
3.4068 	 0.0622 	 -0.0847 	 1.1931 	 0.0137 	 -0.0085 	 -0.5085 	 0.0008 	 0.0027 	 -0.2717
3.4168 	 0.0623 	 -0.0848 	 1.1880 	 0.0137 	 -0.0085 	 -0.5113 	 0.0009 	 0.0030 	 -0.2743
3.4269 	 0.0625 	 -0.0849 	 1.1829 	 0.0137 	 -0.0084 	 -0.5140 	 0.0009 	 0.0032 	 -0.2769
3.4369 	 0.0626 	 -0.0850 	 1.1777 	 0.0137 	 -0.0084 	 -0.5168 	 0.0009 	 0.0035 	 -0.2797
3.4469 	 0.0627 	 -0.0850 	 1.1725 	 0.0137 	 -0.0084 	 -0.5197 	 0.0010 	 0.0037 	 -0.2825
3.4569 	 0.0629 	 -0.0851 	 1.1673 	 0.0137 	 -0.0083 	 -0.5225 	 0.0010 	 0.0040 	 -0.2853
3.4669 	 0.0630 	 -0.0852 	 1.1621 	 0.0137 	 -0.0083 	 -0.5254 	 0.0011 	 0.0043 	 -0.2883
3.4770 	 0.0631 	 -0.0853 	 1.1568 	 0.0138 	 -0.0083 	 -0.5283 	 0.0011 	 0.0046 	 -0.2913
3.4870 	 0.0633 	 -0.0854 	 1.1515 	 0.0138 	 -0.0082 	 -0.5312 	 0.0011 	 0.0049 	 -0.2945
3.4970 	 0.0634 	 -0.0855 	 1.1461 	 0.0138 	 -0.0082 	 -0.5342 	 0.0012 	 0.0052 	 -0.2977
3.5070 	 0.0636 	 -0.0855 	 1.1408 	 0.0138 	 -0.0081 	 -0.5372 	 0.0012 	 0.0056 	 -0.3010
3.5170 	 0.0637 	 -0.0856 	 1.1354 	 0.0138 	 -0.0080 	 -0.5402 	 0.0013 	 0.0059 	 -0.3044
3.5271 	 0.0638 	 -0.0857 	 1.1300 	 0.0138 	 -0.0080 	 -0.5433 	 0.0014 	 0.0063 	 -0.3079
3.5371 	 0.0640 	 -0.0858 	 1.1245 	 0.0138 	 -0.0079 	 -0.5464 	 0.0014 	 0.0067 	 -0.3116
3.5471 	 0.0641 	 -0.0859 	 1.1190 	 0.0138 	 -0.0078 	 -0.5495 	 0.0015 	 0.0071 	 -0.3153
3.5571 	 0.0643 	 -0.0859 	 1.1135 	 0.0139 	 -0.0078 	 -0.5527 	 0.0015 	 0.0076 	 -0.3192
3.5671 	 0.0644 	 -0.0860 	 1.1079 	 0.0139 	 -0.0077 	 -0.5559 	 0.0016 	 0.0080 	 -0.3232
3.5772 	 0.0645 	 -0.0861 	 1.1023 	 0.0139 	 -0.0076 	 -0.5592 	 0.0017 	 0.0085 	 -0.3273
3.5872 	 0.0647 	 -0.0862 	 1.0967 	 0.0139 	 -0.0075 	 -0.5625 	 0.0017 	 0.0091 	 -0.3316
3.5972 	 0.0648 	 -0.0862 	 1.0911 	 0.0139 	 -0.0074 	 -0.5658 	 0.0018 	 0.0096 	 -0.3360
3.6072 	 0.0650 	 -0.0863 	 1.0854 	 0.0139 	 -0.0073 	 -0.5692 	 0.0019 	 0.0102 	 -0.3406
3.6172 	 0.0651 	 -0.0864 	 1.0797 	 0.0140 	 -0.0072 	 -0.5726 	 0.0019 	 0.0108 	 -0.3453
3.6273 	 0.0652 	 -0.0865 	 1.0739 	 0.0140 	 -0.0071 	 -0.5761 	 0.0020 	 0.0115 	 -0.3502
3.6373 	 0.0654 	 -0.0865 	 1.0681 	 0.0140 	 -0.0070 	 -0.5797 	 0.0021 	 0.0140 	 -0.3604
3.6473 	 0.0655 	 -0.0866 	 1.0623 	 0.0140 	 -0.0068 	 -0.5833 	 0.0022 	 0.0144 	 -0.3646
3.6573 	 0.0657 	 -0.0867 	 1.0564 	 0.0140 	 -0.0067 	 -0.5870 	 0.0023 	 0.0148 	 -0.3689
3.6673 	 0.0658 	 -0.0867 	 1.0505 	 0.0141 	 -0.0065 	 -0.5907 	 0.0024 	 0.0152 	 -0.3733
3.6774 	 0.0659 	 -0.0868 	 1.0446 	 0.0141 	 -0.0064 	 -0.5945 	 0.0025 	 0.0156 	 -0.3779
3.6874 	 0.0661 	 -0.0869 	 1.0386 	 0.0141 	 -0.0062 	 -0.5983 	 0.0026 	 0.0160 	 -0.3827
3.6974 	 0.0662 	 -0.0869 	 1.0326 	 0.0141 	 -0.0061 	 -0.6022 	 0.0028 	 0.0164 	 -0.3876
3.7074 	 0.0664 	 -0.0870 	 1.0265 	 0.0142 	 -0.0059 	 -0.6061 	 0.0052 	 0.0165 	 -0.3975
3.7174 	 0.0665 	 -0.0870 	 1.0204 	 0.0143 	 -0.0057 	 -0.6102 	 0.0067 	 0.0176 	 -0.4071
3.7275 	 0.0666 	 -0.0871 	 1.0143 	 0.0143 	 -0.0056 	 -0.6143 	 0.0061 	 0.0180 	 -0.4106
3.7375 	 0.0668 	 -0.0872 	 1.0081 	 0.0144 	 -0.0054 	 -0.6184 	 0.0048 	 0.0184 	 -0.4204
3.7475 	 0.0669 	 -0.0872 	 1.0019 	 0.0144 	 -0.0052 	 -0.6226 	 0.0041 	 0.0188 	 -0.4235
3.7575 	 0.0671 	 -0.0873 	 0.9957 	 0.0145 	 -0.0050 	 -0.6269 	 0.0034 	 0.0193 	 -0.4266
3.7675 	 0.0672 	 -0.0873 	 0.9894 	 0.0145 	 -0.0048 	 -0.6312 	 0.0026 	 0.0197 	 -0.4298
3.7776 	 0.0674 	 -0.0874 	 0.9830 	 0.0145 	 -0.0046 	 -0.6355 	 0.0017 	 0.0201 	 -0.4331
3.7876 	 0.0675 	 -0.0874 	 0.9766 	 0.0145 	 -0.0044 	 -0.6399 	 0.0008 	 0.0206 	 -0.4365
3.7976 	 0.0677 	 -0.0874 	 0.9702 	 0.0145 	 -0.0042 	 -0.6443 	 -0.0002 	 0.0210 	 -0.4400
3.8076 	 0.0678 	 -0.0875 	 0.9637 	 0.0145 	 -0.0040 	 -0.6487 	 -0.0012 	 0.0215 	 -0.4436
3.8176 	 0.0679 	 -0.0875 	 0.9572 	 0.0145 	 -0.0038 	 -0.6532 	 -0.0023 	 0.0219 	 -0.4473
3.8277 	 0.0681 	 -0.0876 	 0.9506 	 0.0145 	 -0.0035 	 -0.6577 	 -0.0035 	 0.0223 	 -0.4510
3.8377 	 0.0682 	 -0.0876 	 0.9440 	 0.0144 	 -0.0033 	 -0.6622 	 -0.0048 	 0.0228 	 -0.4549
3.8477 	 0.0684 	 -0.0876 	 0.9373 	 0.0144 	 -0.0031 	 -0.6668 	 -0.0062 	 0.0232 	 -0.4589
3.8577 	 0.0685 	 -0.0877 	 0.9306 	 0.0143 	 -0.0028 	 -0.6714 	 -0.0077 	 0.0235 	 -0.4630
3.8677 	 0.0687 	 -0.0877 	 0.9239 	 0.0142 	 -0.0026 	 -0.6761 	 -0.0103 	 0.0267 	 -0.4723
3.8778 	 0.0688 	 -0.0877 	 0.9171 	 0.0141 	 -0.0023 	 -0.6809 	 -0.0137 	 0.0259 	 -0.4807
3.8878 	 0.0690 	 -0.0877 	 0.9102 	 0.0139 	 -0.0021 	 -0.6857 	 -0.0150 	 0.0262 	 -0.4831
3.8978 	 0.0691 	 -0.0878 	 0.9034 	 0.0138 	 -0.0018 	 -0.6906 	 -0.0164 	 0.0265 	 -0.4855
3.9078 	 0.0692 	 -0.0878 	 0.8964 	 0.0136 	 -0.0015 	 -0.6954 	 -0.0179 	 0.0267 	 -0.4878
3.9178 	 0.0694 	 -0.0878 	 0.8894 	 0.0134 	 -0.0013 	 -0.7003 	 -0.0195 	 0.0269 	 -0.4902
3.9279 	 0.0695 	 -0.0878 	 0.8824 	 0.0132 	 -0.0010 	 -0.7053 	 -0.0212 	 0.0270 	 -0.4924
3.9379 	 0.0696 	 -0.0878 	 0.8753 	 0.0130 	 -0.0007 	 -0.7102 	 -0.0229 	 0.0271 	 -0.4946
3.9479 	 0.0698 	 -0.0878 	 0.8681 	 0.0128 	 -0.0004 	 -0.7152 	 -0.0248 	 0.0270 	 -0.4968
3.9579 	 0.0699 	 -0.0878 	 0.8610 	 0.0125 	 -0.0002 	 -0.7202 	 -0.0268 	 0.0269 	 -0.4988
3.9679 	 0.0700 	 -0.0878 	 0.8537 	 0.0122 	 0.0001 	 -0.7252 	 -0.0289 	 0.0266 	 -0.5006
3.9780 	 0.0701 	 -0.0878 	 0.8464 	 0.0119 	 0.0004 	 -0.7302 	 -0.0311 	 0.0261 	 -0.5024
3.9880 	 0.0702 	 -0.0878 	 0.8391 	 0.0116 	 0.0006 	 -0.7352 	 -0.0335 	 0.0254 	 -0.5039
3.9980 	 0.0704 	 -0.0878 	 0.8317 	 0.0113 	 0.0009 	 -0.7403 	 -0.0381 	 0.0215 	 -0.5100
4.0080 	 0.0705 	 -0.0878 	 0.8242 	 0.0109 	 0.0011 	 -0.7454 	 -0.0402 	 0.0208 	 -0.5101
4.0180 	 0.0706 	 -0.0878 	 0.8167 	 0.0104 	 0.0013 	 -0.7506 	 -0.0451 	 0.0190 	 -0.5145
4.0281 	 0.0707 	 -0.0878 	 0.8092 	 0.0100 	 0.0015 	 -0.7557 	 -0.0467 	 0.0179 	 -0.5125
4.0381 	 0.0708 	 -0.0877 	 0.8016 	 0.0095 	 0.0016 	 -0.7608 	 -0.0482 	 0.0164 	 -0.5100
4.0481 	 0.0709 	 -0.0877 	 0.7940 	 0.0090 	 0.0018 	 -0.7659 	 -0.0497 	 0.0146 	 -0.5069
4.0581 	 0.0710 	 -0.0877 	 0.7863 	 0.0085 	 0.0019 	 -0.7710 	 -0.0511 	 0.0124 	 -0.5032
4.0681 	 0.0710 	 -0.0877 	 0.7785 	 0.0080 	 0.0020 	 -0.7760 	 -0.0528 	 0.0099 	 -0.4986
4.0782 	 0.0711 	 -0.0877 	 0.7707 	 0.0074 	 0.0021 	 -0.7810 	 -0.0547 	 0.0073 	 -0.4931
4.0882 	 0.0712 	 -0.0876 	 0.7628 	 0.0069 	 0.0022 	 -0.7859 	 -0.0574 	 0.0046 	 -0.4868
4.0982 	 0.0713 	 -0.0876 	 0.7550 	 0.0063 	 0.0022 	 -0.7907 	 -0.0610 	 0.0021 	 -0.4798
4.1082 	 0.0713 	 -0.0876 	 0.7470 	 0.0056 	 0.0022 	 -0.7955 	 -0.0657 	 -0.0001 	 -0.4728
4.1182 	 0.0714 	 -0.0876 	 0.7390 	 0.0050 	 0.0022 	 -0.8002 	 -0.0712 	 -0.0019 	 -0.4664
4.1283 	 0.0714 	 -0.0876 	 0.7310 	 0.0042 	 0.0022 	 -0.8049 	 -0.0772 	 -0.0034 	 -0.4608
4.1383 	 0.0715 	 -0.0875 	 0.7229 	 0.0034 	 0.0021 	 -0.8095 	 -0.0830 	 -0.0047 	 -0.4563
4.1483 	 0.0715 	 -0.0875 	 0.7147 	 0.0026 	 0.0021 	 -0.8140 	 -0.0884 	 -0.0059 	 -0.4525
4.1583 	 0.0715 	 -0.0875 	 0.7066 	 0.0016 	 0.0020 	 -0.8185 	 -0.0933 	 -0.0070 	 -0.4492
4.1683 	 0.0715 	 -0.0875 	 0.6983 	 0.0007 	 0.0019 	 -0.8230 	 -0.0975 	 -0.0080 	 -0.4464
4.1784 	 0.0715 	 -0.0875 	 0.6901 	 -0.0003 	 0.0019 	 -0.8275 	 -0.1011 	 -0.0089 	 -0.4438
4.1884 	 0.0715 	 -0.0874 	 0.6818 	 -0.0013 	 0.0018 	 -0.8319 	 -0.1042 	 -0.0096 	 -0.4415
4.1984 	 0.0715 	 -0.0874 	 0.6734 	 -0.0024 	 0.0017 	 -0.8363 	 -0.1068 	 -0.0102 	 -0.4394
4.2084 	 0.0715 	 -0.0874 	 0.6650 	 -0.0035 	 0.0016 	 -0.8407 	 -0.1089 	 -0.0106 	 -0.4376
4.2184 	 0.0714 	 -0.0874 	 0.6566 	 -0.0046 	 0.0015 	 -0.8451 	 -0.1107 	 -0.0108 	 -0.4359
4.2285 	 0.0714 	 -0.0874 	 0.6481 	 -0.0057 	 0.0013 	 -0.8494 	 -0.1120 	 -0.0110 	 -0.4345
4.2385 	 0.0713 	 -0.0874 	 0.6395 	 -0.0068 	 0.0012 	 -0.8538 	 -0.1130 	 -0.0110 	 -0.4332
4.2485 	 0.0712 	 -0.0874 	 0.6310 	 -0.0080 	 0.0011 	 -0.8581 	 -0.1138 	 -0.0109 	 -0.4321
4.2585 	 0.0711 	 -0.0873 	 0.6223 	 -0.0091 	 0.0010 	 -0.8625 	 -0.1143 	 -0.0108 	 -0.4311
4.2685 	 0.0711 	 -0.0873 	 0.6137 	 -0.0102 	 0.0009 	 -0.8668 	 -0.1145 	 -0.0106 	 -0.4301
4.2786 	 0.0709 	 -0.0873 	 0.6050 	 -0.0114 	 0.0008 	 -0.8711 	 -0.1146 	 -0.0103 	 -0.4291
4.2886 	 0.0708 	 -0.0873 	 0.5962 	 -0.0125 	 0.0007 	 -0.8754 	 -0.1145 	 -0.0101 	 -0.4279
4.2986 	 0.0707 	 -0.0873 	 0.5874 	 -0.0137 	 0.0006 	 -0.8796 	 -0.1145 	 -0.0099 	 -0.4264
4.3086 	 0.0705 	 -0.0873 	 0.5786 	 -0.0148 	 0.0005 	 -0.8839 	 -0.1147 	 -0.0098 	 -0.4246
4.3186 	 0.0704 	 -0.0873 	 0.5697 	 -0.0160 	 0.0004 	 -0.8882 	 -0.1154 	 -0.0096 	 -0.4225
4.3287 	 0.0702 	 -0.0873 	 0.5608 	 -0.0171 	 0.0003 	 -0.8924 	 -0.1170 	 -0.0095 	 -0.4204
4.3387 	 0.0701 	 -0.0873 	 0.5518 	 -0.0183 	 0.0002 	 -0.8966 	 -0.1219 	 -0.0102 	 -0.4241
4.3487 	 0.0699 	 -0.0873 	 0.5428 	 -0.0196 	 0.0001 	 -0.9008 	 -0.1247 	 -0.0098 	 -0.4218
4.3587 	 0.0697 	 -0.0873 	 0.5338 	 -0.0208 	 0.0000 	 -0.9050 	 -0.1280 	 -0.0091 	 -0.4208
4.3687 	 0.0694 	 -0.0873 	 0.5247 	 -0.0221 	 -0.0001 	 -0.9093 	 -0.1314 	 -0.0083 	 -0.4211
4.3788 	 0.0692 	 -0.0873 	 0.5156 	 -0.0235 	 -0.0001 	 -0.9135 	 -0.1345 	 -0.0074 	 -0.4227
4.3888 	 0.0690 	 -0.0873 	 0.5064 	 -0.0248 	 -0.0002 	 -0.9178 	 -0.1393 	 -0.0057 	 -0.4313
4.3988 	 0.0687 	 -0.0873 	 0.4972 	 -0.0262 	 -0.0003 	 -0.9221 	 -0.1415 	 -0.0046 	 -0.4346
4.4088 	 0.0684 	 -0.0873 	 0.4879 	 -0.0277 	 -0.0003 	 -0.9265 	 -0.1433 	 -0.0035 	 -0.4387
4.4188 	 0.0682 	 -0.0873 	 0.4786 	 -0.0291 	 -0.0003 	 -0.9309 	 -0.1445 	 -0.0023 	 -0.4436
4.4289 	 0.0679 	 -0.0873 	 0.4692 	 -0.0306 	 -0.0004 	 -0.9354 	 -0.1454 	 -0.0010 	 -0.4492
4.4389 	 0.0676 	 -0.0873 	 0.4598 	 -0.0320 	 -0.0004 	 -0.9399 	 -0.1458 	 0.0003 	 -0.4555
4.4489 	 0.0672 	 -0.0873 	 0.4504 	 -0.0335 	 -0.0003 	 -0.9445 	 -0.1413 	 0.0034 	 -0.4675
4.4589 	 0.0669 	 -0.0873 	 0.4409 	 -0.0349 	 -0.0003 	 -0.9492 	 -0.1392 	 0.0039 	 -0.4829
4.4689 	 0.0665 	 -0.0873 	 0.4314 	 -0.0363 	 -0.0003 	 -0.9541 	 -0.1375 	 0.0055 	 -0.4934
4.4790 	 0.0662 	 -0.0873 	 0.4218 	 -0.0376 	 -0.0002 	 -0.9591 	 -0.1356 	 0.0071 	 -0.5046
4.4890 	 0.0658 	 -0.0873 	 0.4122 	 -0.0390 	 -0.0001 	 -0.9643 	 -0.1329 	 0.0092 	 -0.5294
4.4990 	 0.0654 	 -0.0873 	 0.4025 	 -0.0403 	 0.0000 	 -0.9697 	 -0.1299 	 0.0116 	 -0.5413
4.5090 	 0.0650 	 -0.0873 	 0.3927 	 -0.0416 	 0.0001 	 -0.9752 	 -0.1249 	 0.0143 	 -0.5606
4.5190 	 0.0645 	 -0.0873 	 0.3829 	 -0.0428 	 0.0003 	 -0.9809 	 -0.1196 	 0.0194 	 -0.5789
4.5291 	 0.0641 	 -0.0873 	 0.3731 	 -0.0440 	 0.0005 	 -0.9868 	 -0.1154 	 0.0215 	 -0.5923
4.5391 	 0.0637 	 -0.0873 	 0.3632 	 -0.0451 	 0.0007 	 -0.9928 	 -0.1107 	 0.0236 	 -0.6063
4.5491 	 0.0632 	 -0.0873 	 0.3532 	 -0.0462 	 0.0010 	 -0.9990 	 -0.1054 	 0.0270 	 -0.6269
4.5591 	 0.0627 	 -0.0873 	 0.3431 	 -0.0472 	 0.0013 	 -1.0053 	 -0.0996 	 0.0291 	 -0.6410
4.5691 	 0.0623 	 -0.0873 	 0.3330 	 -0.0482 	 0.0016 	 -1.0118 	 -0.0931 	 0.0314 	 -0.6560
4.5792 	 0.0618 	 -0.0873 	 0.3229 	 -0.0491 	 0.0019 	 -1.0185 	 -0.0858 	 0.0339 	 -0.6719
4.5892 	 0.0613 	 -0.0872 	 0.3126 	 -0.0499 	 0.0023 	 -1.0254 	 -0.0776 	 0.0393 	 -0.6991
4.5992 	 0.0608 	 -0.0872 	 0.3023 	 -0.0506 	 0.0027 	 -1.0325 	 -0.0687 	 0.0413 	 -0.7144
4.6092 	 0.0603 	 -0.0872 	 0.2919 	 -0.0512 	 0.0031 	 -1.0398 	 -0.0544 	 0.0412 	 -0.7462
4.6192 	 0.0597 	 -0.0872 	 0.2815 	 -0.0517 	 0.0035 	 -1.0474 	 -0.0440 	 0.0474 	 -0.7766
4.6293 	 0.0592 	 -0.0871 	 0.2709 	 -0.0521 	 0.0040 	 -1.0553 	 -0.0286 	 0.0505 	 -0.8034
4.6393 	 0.0587 	 -0.0871 	 0.2603 	 -0.0523 	 0.0045 	 -1.0634 	 -0.0171 	 0.0525 	 -0.8127
4.6493 	 0.0582 	 -0.0870 	 0.2496 	 -0.0524 	 0.0051 	 -1.0715 	 -0.0049 	 0.0546 	 -0.8225
4.6593 	 0.0576 	 -0.0870 	 0.2388 	 -0.0524 	 0.0056 	 -1.0799 	 0.0108 	 0.0606 	 -0.8411
4.6693 	 0.0571 	 -0.0869 	 0.2280 	 -0.0522 	 0.0063 	 -1.0884 	 0.0259 	 0.0652 	 -0.8528
4.6794 	 0.0566 	 -0.0868 	 0.2170 	 -0.0519 	 0.0069 	 -1.0970 	 0.0433 	 0.0651 	 -0.8634
4.6894 	 0.0561 	 -0.0868 	 0.2060 	 -0.0514 	 0.0076 	 -1.1057 	 0.0569 	 0.0668 	 -0.8691
4.6994 	 0.0556 	 -0.0867 	 0.1949 	 -0.0507 	 0.0083 	 -1.1145 	 0.0740 	 0.0668 	 -0.8863
4.7094 	 0.0551 	 -0.0866 	 0.1837 	 -0.0499 	 0.0090 	 -1.1234 	 0.0881 	 0.0701 	 -0.8908
4.7194 	 0.0546 	 -0.0865 	 0.1724 	 -0.0490 	 0.0097 	 -1.1323 	 0.1029 	 0.0741 	 -0.8963
4.7295 	 0.0541 	 -0.0864 	 0.1610 	 -0.0479 	 0.0104 	 -1.1413 	 0.1182 	 0.0787 	 -0.9030
4.7395 	 0.0536 	 -0.0863 	 0.1495 	 -0.0466 	 0.0113 	 -1.1504 	 0.1342 	 0.0837 	 -0.9113
4.7495 	 0.0532 	 -0.0862 	 0.1379 	 -0.0452 	 0.0121 	 -1.1596 	 0.1507 	 0.0890 	 -0.9214
4.7595 	 0.0527 	 -0.0861 	 0.1262 	 -0.0436 	 0.0130 	 -1.1689 	 0.1719 	 0.0975 	 -0.9414
4.7695 	 0.0523 	 -0.0859 	 0.1145 	 -0.0418 	 0.0140 	 -1.1784 	 0.1894 	 0.1027 	 -0.9576
4.7796 	 0.0519 	 -0.0858 	 0.1026 	 -0.0398 	 0.0151 	 -1.1882 	 0.2105 	 0.1038 	 -0.9962
4.7896 	 0.0515 	 -0.0856 	 0.0907 	 -0.0376 	 0.0161 	 -1.1983 	 0.2285 	 0.1080 	 -1.0079
4.7996 	 0.0511 	 -0.0855 	 0.0786 	 -0.0352 	 0.0172 	 -1.2084 	 0.2487 	 0.1121 	 -1.0315
4.8096 	 0.0508 	 -0.0853 	 0.0665 	 -0.0326 	 0.0184 	 -1.2188 	 0.2677 	 0.1168 	 -1.0383
4.8196 	 0.0505 	 -0.0851 	 0.0542 	 -0.0298 	 0.0196 	 -1.2292 	 0.2894 	 0.1208 	 -1.0609
4.8297 	 0.0502 	 -0.0849 	 0.0418 	 -0.0268 	 0.0208 	 -1.2400 	 0.3110 	 0.1241 	 -1.0808
4.8397 	 0.0499 	 -0.0847 	 0.0293 	 -0.0236 	 0.0221 	 -1.2508 	 0.3284 	 0.1296 	 -1.0708
4.8497 	 0.0497 	 -0.0844 	 0.0168 	 -0.0202 	 0.0234 	 -1.2616 	 0.3463 	 0.1345 	 -1.0683
4.8597 	 0.0495 	 -0.0842 	 0.0041 	 -0.0167 	 0.0248 	 -1.2722 	 0.3549 	 0.1416 	 -1.0443
4.8697 	 0.0494 	 -0.0839 	 -0.0087 	 -0.0130 	 0.0262 	 -1.2825 	 0.3701 	 0.1503 	 -1.0222
4.8798 	 0.0493 	 -0.0837 	 -0.0216 	 -0.0093 	 0.0277 	 -1.2926 	 0.3818 	 0.1524 	 -0.9948
4.8898 	 0.0492 	 -0.0834 	 -0.0346 	 -0.0054 	 0.0293 	 -1.3025 	 0.3929 	 0.1529 	 -0.9679
4.8998 	 0.0492 	 -0.0831 	 -0.0477 	 -0.0014 	 0.0308 	 -1.3120 	 0.4053 	 0.1529 	 -0.9488
4.9098 	 0.0492 	 -0.0828 	 -0.0609 	 0.0027 	 0.0323 	 -1.3215 	 0.4198 	 0.1510 	 -0.9341
4.9198 	 0.0492 	 -0.0824 	 -0.0742 	 0.0070 	 0.0338 	 -1.3308 	 0.4338 	 0.1505 	 -0.9197
4.9299 	 0.0493 	 -0.0821 	 -0.0876 	 0.0114 	 0.0353 	 -1.3399 	 0.4449 	 0.1516 	 -0.8992
4.9399 	 0.0495 	 -0.0817 	 -0.1011 	 0.0159 	 0.0369 	 -1.3488 	 0.4563 	 0.1507 	 -0.8700
4.9499 	 0.0496 	 -0.0814 	 -0.1146 	 0.0206 	 0.0384 	 -1.3573 	 0.4669 	 0.1475 	 -0.8364
4.9599 	 0.0499 	 -0.0810 	 -0.1283 	 0.0253 	 0.0398 	 -1.3655 	 0.4756 	 0.1393 	 -0.8011
4.9699 	 0.0501 	 -0.0806 	 -0.1420 	 0.0301 	 0.0411 	 -1.3734 	 0.4793 	 0.1224 	 -0.7720
4.9800 	 0.0505 	 -0.0801 	 -0.1558 	 0.0349 	 0.0423 	 -1.3810 	 0.4847 	 0.1085 	 -0.7486
4.9900 	 0.0508 	 -0.0797 	 -0.1697 	 0.0398 	 0.0433 	 -1.3884 	 0.4971 	 0.0936 	 -0.7189
