100-Body Run with i = 10 th particle. (Units in pc,M_solar,Myr, km s-1) 

time		 x 		 y 		 z 		 xdot 		 ydot 		 zdot 		 xddot 		 yddot 		 zddot
0.0000 	 0.0459 	 -0.0398 	 -0.3805 	 0.0058 	 0.0037 	 0.0127 	 0.0613 	 0.0681 	 0.3489
0.0100 	 0.0460 	 -0.0397 	 -0.3804 	 0.0065 	 0.0043 	 0.0162 	 0.0614 	 0.0684 	 0.3491
0.0200 	 0.0461 	 -0.0397 	 -0.3802 	 0.0071 	 0.0050 	 0.0197 	 0.0616 	 0.0686 	 0.3494
0.0301 	 0.0461 	 -0.0396 	 -0.3800 	 0.0077 	 0.0057 	 0.0232 	 0.0618 	 0.0688 	 0.3498
0.0401 	 0.0462 	 -0.0396 	 -0.3797 	 0.0083 	 0.0064 	 0.0267 	 0.0620 	 0.0689 	 0.3503
0.0501 	 0.0463 	 -0.0395 	 -0.3794 	 0.0089 	 0.0071 	 0.0302 	 0.0622 	 0.0690 	 0.3508
0.0601 	 0.0464 	 -0.0394 	 -0.3791 	 0.0096 	 0.0078 	 0.0337 	 0.0625 	 0.0691 	 0.3514
0.0701 	 0.0465 	 -0.0394 	 -0.3787 	 0.0102 	 0.0085 	 0.0372 	 0.0627 	 0.0691 	 0.3520
0.0802 	 0.0466 	 -0.0393 	 -0.3784 	 0.0108 	 0.0092 	 0.0408 	 0.0630 	 0.0691 	 0.3528
0.0902 	 0.0467 	 -0.0392 	 -0.3779 	 0.0114 	 0.0099 	 0.0443 	 0.0634 	 0.0691 	 0.3536
0.1002 	 0.0468 	 -0.0391 	 -0.3775 	 0.0121 	 0.0106 	 0.0478 	 0.0637 	 0.0690 	 0.3544
0.1102 	 0.0470 	 -0.0390 	 -0.3770 	 0.0127 	 0.0112 	 0.0514 	 0.0641 	 0.0689 	 0.3554
0.1202 	 0.0471 	 -0.0388 	 -0.3764 	 0.0134 	 0.0119 	 0.0550 	 0.0645 	 0.0687 	 0.3564
0.1303 	 0.0472 	 -0.0387 	 -0.3759 	 0.0140 	 0.0126 	 0.0585 	 0.0650 	 0.0686 	 0.3575
0.1403 	 0.0474 	 -0.0386 	 -0.3753 	 0.0147 	 0.0133 	 0.0621 	 0.0654 	 0.0683 	 0.3587
0.1503 	 0.0475 	 -0.0385 	 -0.3746 	 0.0153 	 0.0140 	 0.0657 	 0.0659 	 0.0681 	 0.3600
0.1603 	 0.0477 	 -0.0383 	 -0.3739 	 0.0160 	 0.0147 	 0.0693 	 0.0664 	 0.0678 	 0.3613
0.1703 	 0.0478 	 -0.0382 	 -0.3732 	 0.0167 	 0.0153 	 0.0730 	 0.0670 	 0.0674 	 0.3628
0.1804 	 0.0480 	 -0.0380 	 -0.3725 	 0.0173 	 0.0160 	 0.0766 	 0.0675 	 0.0670 	 0.3643
0.1904 	 0.0482 	 -0.0378 	 -0.3717 	 0.0180 	 0.0167 	 0.0803 	 0.0681 	 0.0666 	 0.3659
0.2004 	 0.0484 	 -0.0377 	 -0.3709 	 0.0187 	 0.0174 	 0.0840 	 0.0687 	 0.0661 	 0.3676
0.2104 	 0.0486 	 -0.0375 	 -0.3700 	 0.0194 	 0.0180 	 0.0876 	 0.0694 	 0.0656 	 0.3694
0.2204 	 0.0488 	 -0.0373 	 -0.3691 	 0.0201 	 0.0187 	 0.0914 	 0.0701 	 0.0651 	 0.3713
0.2305 	 0.0490 	 -0.0371 	 -0.3682 	 0.0208 	 0.0193 	 0.0951 	 0.0708 	 0.0645 	 0.3732
0.2405 	 0.0492 	 -0.0369 	 -0.3672 	 0.0215 	 0.0200 	 0.0988 	 0.0715 	 0.0638 	 0.3753
0.2505 	 0.0494 	 -0.0367 	 -0.3662 	 0.0222 	 0.0206 	 0.1026 	 0.0723 	 0.0632 	 0.3775
0.2605 	 0.0496 	 -0.0365 	 -0.3652 	 0.0230 	 0.0212 	 0.1064 	 0.0731 	 0.0624 	 0.3798
0.2705 	 0.0499 	 -0.0363 	 -0.3641 	 0.0237 	 0.0218 	 0.1102 	 0.0739 	 0.0617 	 0.3822
0.2806 	 0.0501 	 -0.0361 	 -0.3629 	 0.0245 	 0.0225 	 0.1140 	 0.0862 	 0.0627 	 0.3828
0.2906 	 0.0503 	 -0.0358 	 -0.3618 	 0.0254 	 0.0231 	 0.1179 	 0.0868 	 0.0618 	 0.3854
0.3006 	 0.0506 	 -0.0356 	 -0.3606 	 0.0262 	 0.0237 	 0.1218 	 0.0873 	 0.0608 	 0.3882
0.3106 	 0.0509 	 -0.0354 	 -0.3593 	 0.0271 	 0.0243 	 0.1257 	 0.0879 	 0.0598 	 0.3911
0.3206 	 0.0511 	 -0.0351 	 -0.3581 	 0.0280 	 0.0249 	 0.1296 	 0.0884 	 0.0586 	 0.3942
0.3307 	 0.0514 	 -0.0349 	 -0.3567 	 0.0289 	 0.0255 	 0.1336 	 0.0890 	 0.0575 	 0.3973
0.3407 	 0.0517 	 -0.0346 	 -0.3554 	 0.0298 	 0.0260 	 0.1376 	 0.0895 	 0.0563 	 0.4006
0.3507 	 0.0520 	 -0.0343 	 -0.3540 	 0.0307 	 0.0266 	 0.1416 	 0.0901 	 0.0550 	 0.4041
0.3607 	 0.0523 	 -0.0341 	 -0.3526 	 0.0316 	 0.0271 	 0.1457 	 0.0907 	 0.0536 	 0.4077
0.3707 	 0.0527 	 -0.0338 	 -0.3511 	 0.0325 	 0.0277 	 0.1498 	 0.0913 	 0.0522 	 0.4115
0.3808 	 0.0530 	 -0.0335 	 -0.3496 	 0.0334 	 0.0282 	 0.1539 	 0.0919 	 0.0507 	 0.4154
0.3908 	 0.0533 	 -0.0332 	 -0.3480 	 0.0343 	 0.0287 	 0.1581 	 0.0926 	 0.0492 	 0.4195
0.4008 	 0.0537 	 -0.0329 	 -0.3464 	 0.0353 	 0.0292 	 0.1624 	 0.0920 	 0.0484 	 0.4364
0.4108 	 0.0540 	 -0.0327 	 -0.3447 	 0.0362 	 0.0297 	 0.1668 	 0.0927 	 0.0467 	 0.4404
0.4208 	 0.0544 	 -0.0324 	 -0.3430 	 0.0371 	 0.0301 	 0.1713 	 0.0943 	 0.0392 	 0.4514
0.4309 	 0.0548 	 -0.0320 	 -0.3413 	 0.0381 	 0.0305 	 0.1758 	 0.0950 	 0.0376 	 0.4556
0.4409 	 0.0552 	 -0.0317 	 -0.3395 	 0.0390 	 0.0309 	 0.1804 	 0.0956 	 0.0359 	 0.4599
0.4509 	 0.0556 	 -0.0314 	 -0.3377 	 0.0400 	 0.0312 	 0.1850 	 0.0963 	 0.0341 	 0.4645
0.4609 	 0.0560 	 -0.0311 	 -0.3358 	 0.0410 	 0.0315 	 0.1897 	 0.0970 	 0.0323 	 0.4692
0.4709 	 0.0564 	 -0.0308 	 -0.3339 	 0.0419 	 0.0319 	 0.1944 	 0.0976 	 0.0303 	 0.4742
0.4810 	 0.0568 	 -0.0305 	 -0.3319 	 0.0429 	 0.0322 	 0.1992 	 0.0983 	 0.0284 	 0.4794
0.4910 	 0.0572 	 -0.0302 	 -0.3299 	 0.0439 	 0.0324 	 0.2041 	 0.0968 	 0.0270 	 0.5035
0.5010 	 0.0577 	 -0.0298 	 -0.3278 	 0.0449 	 0.0327 	 0.2092 	 0.0976 	 0.0248 	 0.5080
0.5110 	 0.0581 	 -0.0295 	 -0.3257 	 0.0458 	 0.0329 	 0.2143 	 0.0984 	 0.0225 	 0.5127
0.5210 	 0.0586 	 -0.0292 	 -0.3235 	 0.0468 	 0.0331 	 0.2195 	 0.0986 	 0.0204 	 0.5237
0.5311 	 0.0591 	 -0.0288 	 -0.3213 	 0.0478 	 0.0333 	 0.2248 	 0.0981 	 0.0183 	 0.5406
0.5411 	 0.0596 	 -0.0285 	 -0.3190 	 0.0488 	 0.0335 	 0.2303 	 0.0991 	 0.0157 	 0.5445
0.5511 	 0.0601 	 -0.0282 	 -0.3167 	 0.0498 	 0.0337 	 0.2358 	 0.1000 	 0.0130 	 0.5486
0.5611 	 0.0606 	 -0.0278 	 -0.3143 	 0.0508 	 0.0338 	 0.2413 	 0.1004 	 0.0104 	 0.5587
0.5711 	 0.0611 	 -0.0275 	 -0.3118 	 0.0518 	 0.0339 	 0.2469 	 0.1014 	 0.0075 	 0.5627
0.5812 	 0.0616 	 -0.0271 	 -0.3093 	 0.0528 	 0.0339 	 0.2526 	 0.1023 	 0.0045 	 0.5668
0.5912 	 0.0621 	 -0.0268 	 -0.3068 	 0.0539 	 0.0340 	 0.2583 	 0.1033 	 0.0014 	 0.5711
0.6012 	 0.0627 	 -0.0265 	 -0.3042 	 0.0549 	 0.0339 	 0.2640 	 0.1043 	 -0.0018 	 0.5757
0.6112 	 0.0632 	 -0.0261 	 -0.3015 	 0.0560 	 0.0339 	 0.2698 	 0.1052 	 -0.0051 	 0.5805
0.6212 	 0.0638 	 -0.0258 	 -0.2988 	 0.0570 	 0.0338 	 0.2757 	 0.1061 	 -0.0085 	 0.5855
0.6313 	 0.0644 	 -0.0254 	 -0.2960 	 0.0581 	 0.0337 	 0.2816 	 0.1116 	 -0.0143 	 0.5983
0.6413 	 0.0650 	 -0.0251 	 -0.2931 	 0.0592 	 0.0336 	 0.2876 	 0.1119 	 -0.0177 	 0.6031
0.6513 	 0.0656 	 -0.0248 	 -0.2902 	 0.0604 	 0.0334 	 0.2937 	 0.1113 	 -0.0215 	 0.6140
0.6613 	 0.0662 	 -0.0244 	 -0.2872 	 0.0615 	 0.0331 	 0.2999 	 0.1114 	 -0.0251 	 0.6186
0.6713 	 0.0668 	 -0.0241 	 -0.2842 	 0.0626 	 0.0329 	 0.3061 	 0.1114 	 -0.0287 	 0.6235
0.6814 	 0.0674 	 -0.0238 	 -0.2811 	 0.0637 	 0.0326 	 0.3124 	 0.1110 	 -0.0325 	 0.6289
0.6914 	 0.0681 	 -0.0235 	 -0.2779 	 0.0648 	 0.0322 	 0.3187 	 0.1102 	 -0.0365 	 0.6348
0.7014 	 0.0687 	 -0.0231 	 -0.2747 	 0.0659 	 0.0318 	 0.3251 	 0.1079 	 -0.0409 	 0.6476
0.7114 	 0.0694 	 -0.0228 	 -0.2714 	 0.0670 	 0.0314 	 0.3317 	 0.1042 	 -0.0460 	 0.6607
0.7214 	 0.0701 	 -0.0225 	 -0.2681 	 0.0680 	 0.0309 	 0.3383 	 0.0978 	 -0.0542 	 0.6690
0.7315 	 0.0708 	 -0.0222 	 -0.2646 	 0.0689 	 0.0303 	 0.3451 	 0.0858 	 -0.0761 	 0.6835
0.7415 	 0.0715 	 -0.0219 	 -0.2611 	 0.0698 	 0.0293 	 0.3520 	 0.0867 	 -0.1050 	 0.6798
0.7515 	 0.0722 	 -0.0216 	 -0.2576 	 0.0707 	 0.0282 	 0.3588 	 0.0913 	 -0.1169 	 0.6833
0.7615 	 0.0729 	 -0.0213 	 -0.2539 	 0.0716 	 0.0270 	 0.3657 	 0.0928 	 -0.1231 	 0.6946
0.7715 	 0.0736 	 -0.0211 	 -0.2503 	 0.0725 	 0.0258 	 0.3726 	 0.0940 	 -0.1278 	 0.6937
0.7816 	 0.0743 	 -0.0208 	 -0.2465 	 0.0735 	 0.0245 	 0.3796 	 0.0943 	 -0.1320 	 0.6935
0.7916 	 0.0751 	 -0.0206 	 -0.2426 	 0.0744 	 0.0231 	 0.3865 	 0.0938 	 -0.1360 	 0.6937
0.8016 	 0.0758 	 -0.0204 	 -0.2387 	 0.0753 	 0.0217 	 0.3935 	 0.0927 	 -0.1397 	 0.6941
0.8116 	 0.0766 	 -0.0202 	 -0.2348 	 0.0763 	 0.0203 	 0.4004 	 0.0910 	 -0.1432 	 0.6946
0.8216 	 0.0773 	 -0.0200 	 -0.2307 	 0.0772 	 0.0189 	 0.4074 	 0.0885 	 -0.1465 	 0.6953
0.8317 	 0.0781 	 -0.0198 	 -0.2266 	 0.0781 	 0.0174 	 0.4144 	 0.0886 	 -0.1460 	 0.6992
0.8417 	 0.0789 	 -0.0196 	 -0.2224 	 0.0789 	 0.0159 	 0.4214 	 0.0837 	 -0.1493 	 0.6994
0.8517 	 0.0797 	 -0.0195 	 -0.2181 	 0.0797 	 0.0144 	 0.4285 	 0.0768 	 -0.1526 	 0.7047
0.8617 	 0.0805 	 -0.0193 	 -0.2138 	 0.0805 	 0.0129 	 0.4355 	 0.0693 	 -0.1552 	 0.7031
0.8717 	 0.0813 	 -0.0192 	 -0.2094 	 0.0811 	 0.0113 	 0.4426 	 0.0600 	 -0.1573 	 0.7010
0.8818 	 0.0821 	 -0.0191 	 -0.2050 	 0.0817 	 0.0097 	 0.4496 	 0.0486 	 -0.1588 	 0.6977
0.8918 	 0.0829 	 -0.0190 	 -0.2004 	 0.0821 	 0.0081 	 0.4565 	 0.0352 	 -0.1592 	 0.6928
0.9018 	 0.0838 	 -0.0189 	 -0.1958 	 0.0824 	 0.0065 	 0.4634 	 0.0203 	 -0.1583 	 0.6855
0.9118 	 0.0846 	 -0.0189 	 -0.1911 	 0.0825 	 0.0050 	 0.4703 	 0.0053 	 -0.1564 	 0.6754
0.9218 	 0.0854 	 -0.0188 	 -0.1864 	 0.0825 	 0.0034 	 0.4770 	 -0.0085 	 -0.1542 	 0.6629
0.9319 	 0.0862 	 -0.0188 	 -0.1816 	 0.0823 	 0.0019 	 0.4835 	 -0.0206 	 -0.1526 	 0.6489
0.9419 	 0.0871 	 -0.0188 	 -0.1767 	 0.0821 	 0.0003 	 0.4900 	 -0.0313 	 -0.1518 	 0.6340
0.9519 	 0.0879 	 -0.0188 	 -0.1717 	 0.0817 	 -0.0012 	 0.4962 	 -0.0415 	 -0.1514 	 0.6181
0.9619 	 0.0887 	 -0.0188 	 -0.1667 	 0.0812 	 -0.0027 	 0.5024 	 -0.0526 	 -0.1500 	 0.6066
0.9719 	 0.0895 	 -0.0188 	 -0.1617 	 0.0806 	 -0.0042 	 0.5084 	 -0.0638 	 -0.1466 	 0.5892
0.9820 	 0.0903 	 -0.0189 	 -0.1566 	 0.0799 	 -0.0056 	 0.5142 	 -0.0757 	 -0.1416 	 0.5747
0.9920 	 0.0911 	 -0.0190 	 -0.1514 	 0.0791 	 -0.0070 	 0.5199 	 -0.0874 	 -0.1380 	 0.5640
1.0020 	 0.0919 	 -0.0190 	 -0.1461 	 0.0782 	 -0.0084 	 0.5255 	 -0.0986 	 -0.1373 	 0.5551
1.0120 	 0.0927 	 -0.0191 	 -0.1408 	 0.0771 	 -0.0098 	 0.5311 	 -0.1104 	 -0.1390 	 0.5519
1.0220 	 0.0935 	 -0.0192 	 -0.1355 	 0.0760 	 -0.0112 	 0.5365 	 -0.1218 	 -0.1430 	 0.5405
1.0321 	 0.0942 	 -0.0194 	 -0.1301 	 0.0747 	 -0.0127 	 0.5419 	 -0.1343 	 -0.1483 	 0.5276
1.0421 	 0.0949 	 -0.0195 	 -0.1246 	 0.0733 	 -0.0142 	 0.5471 	 -0.1485 	 -0.1547 	 0.5124
1.0521 	 0.0957 	 -0.0196 	 -0.1191 	 0.0717 	 -0.0157 	 0.5522 	 -0.1615 	 -0.1604 	 0.4979
1.0621 	 0.0964 	 -0.0198 	 -0.1136 	 0.0700 	 -0.0174 	 0.5570 	 -0.1820 	 -0.1693 	 0.4732
1.0721 	 0.0971 	 -0.0200 	 -0.1080 	 0.0681 	 -0.0191 	 0.5616 	 -0.2064 	 -0.1796 	 0.4391
1.0822 	 0.0977 	 -0.0202 	 -0.1023 	 0.0659 	 -0.0210 	 0.5658 	 -0.2317 	 -0.1875 	 0.3884
1.0922 	 0.0984 	 -0.0204 	 -0.0966 	 0.0634 	 -0.0229 	 0.5693 	 -0.2605 	 -0.2049 	 0.2987
1.1022 	 0.0990 	 -0.0207 	 -0.0909 	 0.0607 	 -0.0251 	 0.5717 	 -0.2781 	 -0.2353 	 0.1748
1.1122 	 0.0996 	 -0.0209 	 -0.0852 	 0.0579 	 -0.0276 	 0.5728 	 -0.2752 	 -0.2688 	 0.0541
1.1222 	 0.1002 	 -0.0212 	 -0.0794 	 0.0552 	 -0.0305 	 0.5728 	 -0.2627 	 -0.3034 	 -0.0641
1.1323 	 0.1007 	 -0.0215 	 -0.0737 	 0.0527 	 -0.0336 	 0.5715 	 -0.2489 	 -0.3217 	 -0.1783
1.1423 	 0.1012 	 -0.0219 	 -0.0680 	 0.0503 	 -0.0370 	 0.5692 	 -0.2351 	 -0.3461 	 -0.2931
1.1523 	 0.1017 	 -0.0223 	 -0.0623 	 0.0480 	 -0.0405 	 0.5656 	 -0.2229 	 -0.3515 	 -0.4175
1.1623 	 0.1022 	 -0.0227 	 -0.0567 	 0.0458 	 -0.0440 	 0.5609 	 -0.2075 	 -0.3471 	 -0.5235
1.1723 	 0.1026 	 -0.0232 	 -0.0511 	 0.0438 	 -0.0475 	 0.5552 	 -0.1930 	 -0.3412 	 -0.6187
1.1824 	 0.1031 	 -0.0236 	 -0.0456 	 0.0419 	 -0.0508 	 0.5485 	 -0.1805 	 -0.3314 	 -0.7054
1.1924 	 0.1035 	 -0.0242 	 -0.0401 	 0.0402 	 -0.0541 	 0.5410 	 -0.1640 	 -0.3133 	 -0.7916
1.2024 	 0.1039 	 -0.0247 	 -0.0347 	 0.0386 	 -0.0571 	 0.5327 	 -0.1470 	 -0.2903 	 -0.8624
1.2124 	 0.1043 	 -0.0253 	 -0.0294 	 0.0372 	 -0.0599 	 0.5238 	 -0.1337 	 -0.2685 	 -0.9194
1.2224 	 0.1046 	 -0.0259 	 -0.0242 	 0.0359 	 -0.0625 	 0.5143 	 -0.1246 	 -0.2492 	 -0.9674
1.2325 	 0.1050 	 -0.0266 	 -0.0191 	 0.0347 	 -0.0649 	 0.5044 	 -0.1184 	 -0.2322 	 -1.0083
1.2425 	 0.1053 	 -0.0272 	 -0.0141 	 0.0336 	 -0.0671 	 0.4942 	 -0.1140 	 -0.2177 	 -1.0432
1.2525 	 0.1057 	 -0.0279 	 -0.0092 	 0.0324 	 -0.0693 	 0.4835 	 -0.1106 	 -0.2053 	 -1.0731
1.2625 	 0.1060 	 -0.0286 	 -0.0044 	 0.0313 	 -0.0713 	 0.4727 	 -0.1083 	 -0.1946 	 -1.0996
1.2725 	 0.1063 	 -0.0293 	 0.0002 	 0.0303 	 -0.0732 	 0.4615 	 -0.1068 	 -0.1851 	 -1.1249
1.2826 	 0.1066 	 -0.0301 	 0.0048 	 0.0292 	 -0.0750 	 0.4501 	 -0.1054 	 -0.1755 	 -1.1507
1.2926 	 0.1069 	 -0.0308 	 0.0093 	 0.0282 	 -0.0767 	 0.4385 	 -0.1023 	 -0.1635 	 -1.1767
1.3026 	 0.1071 	 -0.0316 	 0.0136 	 0.0272 	 -0.0782 	 0.4265 	 -0.0976 	 -0.1484 	 -1.1990
1.3126 	 0.1074 	 -0.0324 	 0.0178 	 0.0262 	 -0.0796 	 0.4144 	 -0.0932 	 -0.1321 	 -1.2159
1.3226 	 0.1077 	 -0.0332 	 0.0219 	 0.0253 	 -0.0809 	 0.4022 	 -0.0899 	 -0.1163 	 -1.2286
1.3327 	 0.1079 	 -0.0340 	 0.0259 	 0.0244 	 -0.0820 	 0.3898 	 -0.0875 	 -0.1067 	 -1.2418
1.3427 	 0.1082 	 -0.0349 	 0.0297 	 0.0235 	 -0.0830 	 0.3773 	 -0.0867 	 -0.0922 	 -1.2497
1.3527 	 0.1084 	 -0.0357 	 0.0334 	 0.0227 	 -0.0838 	 0.3648 	 -0.0867 	 -0.0786 	 -1.2564
1.3627 	 0.1086 	 -0.0365 	 0.0370 	 0.0218 	 -0.0846 	 0.3522 	 -0.0877 	 -0.0659 	 -1.2620
1.3727 	 0.1088 	 -0.0374 	 0.0405 	 0.0209 	 -0.0852 	 0.3395 	 -0.0895 	 -0.0540 	 -1.2666
1.3828 	 0.1090 	 -0.0382 	 0.0438 	 0.0200 	 -0.0856 	 0.3268 	 -0.0921 	 -0.0427 	 -1.2704
1.3928 	 0.1092 	 -0.0391 	 0.0470 	 0.0190 	 -0.0860 	 0.3140 	 -0.0957 	 -0.0320 	 -1.2731
1.4028 	 0.1094 	 -0.0400 	 0.0501 	 0.0181 	 -0.0863 	 0.3013 	 -0.1004 	 -0.0217 	 -1.2749
1.4128 	 0.1096 	 -0.0408 	 0.0531 	 0.0170 	 -0.0865 	 0.2885 	 -0.1063 	 -0.0116 	 -1.2756
1.4228 	 0.1098 	 -0.0417 	 0.0559 	 0.0159 	 -0.0865 	 0.2757 	 -0.1136 	 -0.0015 	 -1.2758
1.4329 	 0.1099 	 -0.0426 	 0.0586 	 0.0147 	 -0.0865 	 0.2629 	 -0.1223 	 0.0086 	 -1.2756
1.4429 	 0.1101 	 -0.0434 	 0.0612 	 0.0135 	 -0.0863 	 0.2502 	 -0.1322 	 0.0187 	 -1.2757
1.4529 	 0.1102 	 -0.0443 	 0.0636 	 0.0121 	 -0.0861 	 0.2374 	 -0.1431 	 0.0287 	 -1.2766
1.4629 	 0.1103 	 -0.0451 	 0.0659 	 0.0106 	 -0.0858 	 0.2246 	 -0.1536 	 0.0377 	 -1.2721
1.4729 	 0.1104 	 -0.0460 	 0.0681 	 0.0090 	 -0.0854 	 0.2118 	 -0.1651 	 0.0468 	 -1.2686
1.4830 	 0.1105 	 -0.0469 	 0.0702 	 0.0073 	 -0.0848 	 0.1991 	 -0.1754 	 0.0546 	 -1.2593
1.4930 	 0.1105 	 -0.0477 	 0.0721 	 0.0055 	 -0.0843 	 0.1865 	 -0.1833 	 0.0625 	 -1.2630
1.5030 	 0.1106 	 -0.0485 	 0.0739 	 0.0036 	 -0.0836 	 0.1738 	 -0.1889 	 0.0697 	 -1.2669
1.5130 	 0.1106 	 -0.0494 	 0.0756 	 0.0017 	 -0.0829 	 0.1611 	 -0.1903 	 0.0740 	 -1.2748
1.5230 	 0.1106 	 -0.0502 	 0.0771 	 -0.0002 	 -0.0821 	 0.1483 	 -0.1931 	 0.0809 	 -1.2767
1.5331 	 0.1106 	 -0.0510 	 0.0786 	 -0.0021 	 -0.0813 	 0.1355 	 -0.1943 	 0.0881 	 -1.2706
1.5431 	 0.1106 	 -0.0518 	 0.0799 	 -0.0041 	 -0.0803 	 0.1229 	 -0.1959 	 0.0951 	 -1.2636
1.5531 	 0.1105 	 -0.0526 	 0.0810 	 -0.0060 	 -0.0793 	 0.1101 	 -0.1963 	 0.1041 	 -1.2690
1.5631 	 0.1105 	 -0.0534 	 0.0821 	 -0.0080 	 -0.0782 	 0.0974 	 -0.1964 	 0.1144 	 -1.2613
1.5731 	 0.1104 	 -0.0542 	 0.0830 	 -0.0100 	 -0.0770 	 0.0848 	 -0.1951 	 0.1277 	 -1.2591
1.5832 	 0.1103 	 -0.0550 	 0.0838 	 -0.0119 	 -0.0757 	 0.0723 	 -0.1950 	 0.1438 	 -1.2417
1.5932 	 0.1101 	 -0.0557 	 0.0844 	 -0.0139 	 -0.0742 	 0.0599 	 -0.1949 	 0.1605 	 -1.2334
1.6032 	 0.1100 	 -0.0565 	 0.0850 	 -0.0158 	 -0.0725 	 0.0476 	 -0.1955 	 0.1758 	 -1.2231
1.6132 	 0.1098 	 -0.0572 	 0.0854 	 -0.0178 	 -0.0706 	 0.0354 	 -0.1970 	 0.1905 	 -1.2174
1.6232 	 0.1096 	 -0.0579 	 0.0857 	 -0.0198 	 -0.0687 	 0.0232 	 -0.1963 	 0.2026 	 -1.2032
1.6333 	 0.1094 	 -0.0585 	 0.0858 	 -0.0217 	 -0.0666 	 0.0113 	 -0.1961 	 0.2132 	 -1.1863
1.6433 	 0.1092 	 -0.0592 	 0.0859 	 -0.0237 	 -0.0644 	 -0.0005 	 -0.1987 	 0.2207 	 -1.1686
1.6533 	 0.1089 	 -0.0598 	 0.0858 	 -0.0257 	 -0.0622 	 -0.0122 	 -0.2033 	 0.2256 	 -1.1542
1.6633 	 0.1087 	 -0.0604 	 0.0857 	 -0.0278 	 -0.0599 	 -0.0237 	 -0.2080 	 0.2296 	 -1.1439
1.6733 	 0.1084 	 -0.0610 	 0.0854 	 -0.0299 	 -0.0576 	 -0.0351 	 -0.2081 	 0.2371 	 -1.1325
1.6834 	 0.1081 	 -0.0616 	 0.0850 	 -0.0320 	 -0.0552 	 -0.0464 	 -0.2105 	 0.2419 	 -1.1266
1.6934 	 0.1077 	 -0.0621 	 0.0844 	 -0.0341 	 -0.0527 	 -0.0577 	 -0.2113 	 0.2479 	 -1.1278
1.7034 	 0.1074 	 -0.0627 	 0.0838 	 -0.0362 	 -0.0502 	 -0.0690 	 -0.2120 	 0.2532 	 -1.1228
1.7134 	 0.1070 	 -0.0631 	 0.0831 	 -0.0383 	 -0.0476 	 -0.0802 	 -0.2114 	 0.2592 	 -1.1233
1.7234 	 0.1066 	 -0.0636 	 0.0822 	 -0.0404 	 -0.0450 	 -0.0915 	 -0.2085 	 0.2704 	 -1.1197
1.7335 	 0.1062 	 -0.0640 	 0.0812 	 -0.0425 	 -0.0423 	 -0.1027 	 -0.2075 	 0.2756 	 -1.1132
1.7435 	 0.1058 	 -0.0645 	 0.0801 	 -0.0446 	 -0.0395 	 -0.1138 	 -0.2062 	 0.2808 	 -1.1060
1.7535 	 0.1053 	 -0.0648 	 0.0789 	 -0.0467 	 -0.0366 	 -0.1248 	 -0.2048 	 0.2858 	 -1.0980
1.7635 	 0.1048 	 -0.0652 	 0.0776 	 -0.0487 	 -0.0337 	 -0.1358 	 -0.2038 	 0.2906 	 -1.0892
1.7735 	 0.1043 	 -0.0655 	 0.0762 	 -0.0507 	 -0.0308 	 -0.1466 	 -0.1999 	 0.2950 	 -1.0748
1.7836 	 0.1038 	 -0.0658 	 0.0747 	 -0.0527 	 -0.0278 	 -0.1574 	 -0.2002 	 0.2984 	 -1.0653
1.7936 	 0.1033 	 -0.0661 	 0.0731 	 -0.0548 	 -0.0248 	 -0.1680 	 -0.2053 	 0.3052 	 -1.0550
1.8036 	 0.1027 	 -0.0663 	 0.0713 	 -0.0568 	 -0.0218 	 -0.1785 	 -0.2060 	 0.3070 	 -1.0486
1.8136 	 0.1021 	 -0.0665 	 0.0695 	 -0.0589 	 -0.0187 	 -0.1890 	 -0.2065 	 0.3085 	 -1.0437
1.8236 	 0.1015 	 -0.0667 	 0.0675 	 -0.0610 	 -0.0156 	 -0.1994 	 -0.2068 	 0.3096 	 -1.0335
1.8337 	 0.1009 	 -0.0668 	 0.0655 	 -0.0630 	 -0.0125 	 -0.2098 	 -0.2064 	 0.3110 	 -1.0297
1.8437 	 0.1003 	 -0.0669 	 0.0633 	 -0.0651 	 -0.0094 	 -0.2201 	 -0.2059 	 0.3129 	 -1.0325
1.8537 	 0.0996 	 -0.0670 	 0.0611 	 -0.0671 	 -0.0062 	 -0.2304 	 -0.2011 	 0.3171 	 -1.0240
1.8637 	 0.0989 	 -0.0671 	 0.0587 	 -0.0691 	 -0.0030 	 -0.2406 	 -0.1984 	 0.3184 	 -1.0202
1.8737 	 0.0982 	 -0.0671 	 0.0563 	 -0.0711 	 0.0002 	 -0.2508 	 -0.1974 	 0.3161 	 -1.0211
1.8838 	 0.0975 	 -0.0670 	 0.0537 	 -0.0731 	 0.0033 	 -0.2611 	 -0.1944 	 0.3180 	 -1.0219
1.8938 	 0.0968 	 -0.0670 	 0.0510 	 -0.0750 	 0.0065 	 -0.2713 	 -0.1897 	 0.3190 	 -1.0100
1.9038 	 0.0960 	 -0.0669 	 0.0483 	 -0.0769 	 0.0097 	 -0.2814 	 -0.1835 	 0.3203 	 -1.0042
1.9138 	 0.0952 	 -0.0668 	 0.0454 	 -0.0787 	 0.0130 	 -0.2914 	 -0.1765 	 0.3212 	 -0.9980
1.9238 	 0.0944 	 -0.0667 	 0.0424 	 -0.0804 	 0.0162 	 -0.3014 	 -0.1688 	 0.3217 	 -0.9911
1.9339 	 0.0936 	 -0.0665 	 0.0394 	 -0.0821 	 0.0194 	 -0.3113 	 -0.1622 	 0.3203 	 -0.9954
1.9439 	 0.0928 	 -0.0663 	 0.0362 	 -0.0837 	 0.0226 	 -0.3212 	 -0.1533 	 0.3200 	 -0.9859
1.9539 	 0.0919 	 -0.0660 	 0.0329 	 -0.0851 	 0.0258 	 -0.3310 	 -0.1443 	 0.3188 	 -0.9758
1.9639 	 0.0911 	 -0.0658 	 0.0296 	 -0.0865 	 0.0290 	 -0.3408 	 -0.1343 	 0.3163 	 -0.9769
1.9739 	 0.0902 	 -0.0654 	 0.0261 	 -0.0878 	 0.0321 	 -0.3505 	 -0.1251 	 0.3134 	 -0.9646
1.9840 	 0.0893 	 -0.0651 	 0.0225 	 -0.0890 	 0.0353 	 -0.3601 	 -0.1146 	 0.3101 	 -0.9585
1.9940 	 0.0884 	 -0.0647 	 0.0189 	 -0.0901 	 0.0383 	 -0.3697 	 -0.1046 	 0.3058 	 -0.9456
2.0040 	 0.0875 	 -0.0643 	 0.0151 	 -0.0911 	 0.0414 	 -0.3791 	 -0.0940 	 0.3007 	 -0.9326
2.0140 	 0.0866 	 -0.0639 	 0.0113 	 -0.0920 	 0.0444 	 -0.3884 	 -0.0830 	 0.2949 	 -0.9191
2.0240 	 0.0857 	 -0.0635 	 0.0073 	 -0.0928 	 0.0473 	 -0.3975 	 -0.0720 	 0.2882 	 -0.9051
2.0341 	 0.0847 	 -0.0630 	 0.0033 	 -0.0935 	 0.0501 	 -0.4065 	 -0.0612 	 0.2807 	 -0.8907
2.0441 	 0.0838 	 -0.0624 	 -0.0008 	 -0.0940 	 0.0529 	 -0.4154 	 -0.0511 	 0.2723 	 -0.8760
2.0541 	 0.0828 	 -0.0619 	 -0.0050 	 -0.0945 	 0.0556 	 -0.4241 	 -0.0420 	 0.2631 	 -0.8613
2.0641 	 0.0819 	 -0.0613 	 -0.0093 	 -0.0949 	 0.0581 	 -0.4326 	 -0.0332 	 0.2471 	 -0.8441
2.0741 	 0.0809 	 -0.0607 	 -0.0137 	 -0.0952 	 0.0606 	 -0.4410 	 -0.0264 	 0.2364 	 -0.8301
2.0842 	 0.0800 	 -0.0601 	 -0.0181 	 -0.0954 	 0.0629 	 -0.4492 	 -0.0206 	 0.2257 	 -0.8166
2.0942 	 0.0790 	 -0.0595 	 -0.0227 	 -0.0956 	 0.0651 	 -0.4574 	 -0.0146 	 0.2149 	 -0.8093
2.1042 	 0.0781 	 -0.0588 	 -0.0273 	 -0.0957 	 0.0672 	 -0.4654 	 -0.0098 	 0.2049 	 -0.7947
2.1142 	 0.0771 	 -0.0581 	 -0.0320 	 -0.0958 	 0.0692 	 -0.4734 	 -0.0027 	 0.1945 	 -0.7901
2.1242 	 0.0762 	 -0.0574 	 -0.0368 	 -0.0958 	 0.0711 	 -0.4812 	 0.0011 	 0.1848 	 -0.7699
2.1343 	 0.0752 	 -0.0567 	 -0.0417 	 -0.0957 	 0.0729 	 -0.4888 	 0.0032 	 0.1742 	 -0.7468
2.1443 	 0.0742 	 -0.0560 	 -0.0466 	 -0.0957 	 0.0746 	 -0.4962 	 0.0028 	 0.1626 	 -0.7278
2.1543 	 0.0733 	 -0.0552 	 -0.0516 	 -0.0957 	 0.0761 	 -0.5034 	 0.0026 	 0.1500 	 -0.7015
2.1643 	 0.0723 	 -0.0544 	 -0.0567 	 -0.0957 	 0.0776 	 -0.5103 	 0.0051 	 0.1373 	 -0.6759
2.1743 	 0.0714 	 -0.0537 	 -0.0618 	 -0.0956 	 0.0789 	 -0.5169 	 0.0129 	 0.1234 	 -0.6585
2.1844 	 0.0704 	 -0.0529 	 -0.0670 	 -0.0954 	 0.0801 	 -0.5234 	 0.0214 	 0.1110 	 -0.6387
2.1944 	 0.0695 	 -0.0521 	 -0.0723 	 -0.0951 	 0.0811 	 -0.5298 	 0.0306 	 0.0983 	 -0.6282
2.2044 	 0.0685 	 -0.0512 	 -0.0776 	 -0.0948 	 0.0820 	 -0.5360 	 0.0398 	 0.0867 	 -0.6119
2.2144 	 0.0676 	 -0.0504 	 -0.0830 	 -0.0943 	 0.0829 	 -0.5420 	 0.0493 	 0.0749 	 -0.5967
2.2244 	 0.0666 	 -0.0496 	 -0.0885 	 -0.0938 	 0.0835 	 -0.5479 	 0.0592 	 0.0625 	 -0.5823
2.2345 	 0.0657 	 -0.0487 	 -0.0940 	 -0.0931 	 0.0840 	 -0.5538 	 0.0710 	 0.0416 	 -0.5870
2.2445 	 0.0647 	 -0.0479 	 -0.0996 	 -0.0924 	 0.0844 	 -0.5596 	 0.0831 	 0.0263 	 -0.5764
2.2545 	 0.0638 	 -0.0471 	 -0.1052 	 -0.0915 	 0.0846 	 -0.5653 	 0.0943 	 0.0101 	 -0.5683
2.2645 	 0.0629 	 -0.0462 	 -0.1109 	 -0.0905 	 0.0846 	 -0.5710 	 0.1038 	 -0.0058 	 -0.5623
2.2745 	 0.0620 	 -0.0454 	 -0.1167 	 -0.0894 	 0.0845 	 -0.5766 	 0.1113 	 -0.0209 	 -0.5571
2.2846 	 0.0611 	 -0.0445 	 -0.1225 	 -0.0883 	 0.0842 	 -0.5822 	 0.1200 	 -0.0365 	 -0.5579
2.2946 	 0.0602 	 -0.0437 	 -0.1283 	 -0.0870 	 0.0837 	 -0.5877 	 0.1252 	 -0.0505 	 -0.5532
2.3046 	 0.0594 	 -0.0428 	 -0.1343 	 -0.0858 	 0.0831 	 -0.5933 	 0.1253 	 -0.0663 	 -0.5499
2.3146 	 0.0585 	 -0.0420 	 -0.1402 	 -0.0845 	 0.0824 	 -0.5988 	 0.1291 	 -0.0849 	 -0.5457
2.3246 	 0.0577 	 -0.0412 	 -0.1463 	 -0.0832 	 0.0814 	 -0.6042 	 0.1355 	 -0.0988 	 -0.5460
2.3347 	 0.0569 	 -0.0404 	 -0.1523 	 -0.0818 	 0.0804 	 -0.6097 	 0.1413 	 -0.1176 	 -0.5508
2.3447 	 0.0560 	 -0.0396 	 -0.1585 	 -0.0804 	 0.0791 	 -0.6152 	 0.1468 	 -0.1307 	 -0.5453
2.3547 	 0.0552 	 -0.0388 	 -0.1647 	 -0.0789 	 0.0778 	 -0.6206 	 0.1507 	 -0.1435 	 -0.5457
2.3647 	 0.0545 	 -0.0380 	 -0.1709 	 -0.0774 	 0.0762 	 -0.6261 	 0.1514 	 -0.1600 	 -0.5416
2.3747 	 0.0537 	 -0.0373 	 -0.1772 	 -0.0758 	 0.0746 	 -0.6315 	 0.1578 	 -0.1745 	 -0.5347
2.3848 	 0.0529 	 -0.0365 	 -0.1836 	 -0.0742 	 0.0727 	 -0.6368 	 0.1631 	 -0.1898 	 -0.5332
2.3948 	 0.0522 	 -0.0358 	 -0.1900 	 -0.0726 	 0.0707 	 -0.6421 	 0.1694 	 -0.2066 	 -0.5317
2.4048 	 0.0515 	 -0.0351 	 -0.1964 	 -0.0708 	 0.0686 	 -0.6474 	 0.1761 	 -0.2241 	 -0.5223
2.4148 	 0.0508 	 -0.0344 	 -0.2030 	 -0.0690 	 0.0663 	 -0.6526 	 0.1826 	 -0.2422 	 -0.5104
2.4248 	 0.0501 	 -0.0338 	 -0.2095 	 -0.0672 	 0.0637 	 -0.6577 	 0.1866 	 -0.2602 	 -0.5041
2.4349 	 0.0494 	 -0.0332 	 -0.2161 	 -0.0653 	 0.0610 	 -0.6626 	 0.1902 	 -0.2783 	 -0.4908
2.4449 	 0.0488 	 -0.0326 	 -0.2228 	 -0.0634 	 0.0582 	 -0.6675 	 0.1920 	 -0.2970 	 -0.4850
2.4549 	 0.0482 	 -0.0320 	 -0.2295 	 -0.0614 	 0.0551 	 -0.6724 	 0.1969 	 -0.3184 	 -0.4791
2.4649 	 0.0476 	 -0.0315 	 -0.2363 	 -0.0594 	 0.0518 	 -0.6770 	 0.2000 	 -0.3397 	 -0.4608
2.4749 	 0.0470 	 -0.0310 	 -0.2431 	 -0.0574 	 0.0483 	 -0.6816 	 0.2029 	 -0.3634 	 -0.4521
2.4850 	 0.0464 	 -0.0305 	 -0.2499 	 -0.0554 	 0.0445 	 -0.6861 	 0.2033 	 -0.3884 	 -0.4391
2.4950 	 0.0459 	 -0.0301 	 -0.2568 	 -0.0533 	 0.0404 	 -0.6904 	 0.2048 	 -0.4197 	 -0.4168
2.5050 	 0.0454 	 -0.0297 	 -0.2638 	 -0.0512 	 0.0361 	 -0.6944 	 0.2077 	 -0.4475 	 -0.3878
2.5150 	 0.0448 	 -0.0293 	 -0.2707 	 -0.0492 	 0.0315 	 -0.6981 	 0.2080 	 -0.4834 	 -0.3497
2.5251 	 0.0444 	 -0.0291 	 -0.2778 	 -0.0471 	 0.0264 	 -0.7014 	 0.2073 	 -0.5193 	 -0.3012
2.5351 	 0.0439 	 -0.0288 	 -0.2848 	 -0.0450 	 0.0211 	 -0.7041 	 0.2052 	 -0.5520 	 -0.2429
2.5451 	 0.0435 	 -0.0286 	 -0.2919 	 -0.0430 	 0.0153 	 -0.7063 	 0.1967 	 -0.5854 	 -0.1881
2.5551 	 0.0430 	 -0.0285 	 -0.2989 	 -0.0410 	 0.0094 	 -0.7079 	 0.1940 	 -0.6031 	 -0.1284
2.5651 	 0.0426 	 -0.0285 	 -0.3060 	 -0.0391 	 0.0032 	 -0.7089 	 0.1806 	 -0.6349 	 -0.0730
2.5752 	 0.0423 	 -0.0285 	 -0.3131 	 -0.0374 	 -0.0032 	 -0.7094 	 0.1729 	 -0.6589 	 -0.0069
2.5852 	 0.0419 	 -0.0285 	 -0.3203 	 -0.0357 	 -0.0100 	 -0.7091 	 0.1655 	 -0.6850 	 0.0652
2.5952 	 0.0415 	 -0.0287 	 -0.3274 	 -0.0341 	 -0.0170 	 -0.7080 	 0.1534 	 -0.7130 	 0.1476
2.6052 	 0.0412 	 -0.0289 	 -0.3344 	 -0.0326 	 -0.0242 	 -0.7061 	 0.1435 	 -0.7309 	 0.2345
2.6152 	 0.0409 	 -0.0291 	 -0.3415 	 -0.0312 	 -0.0316 	 -0.7032 	 0.1372 	 -0.7376 	 0.3316
2.6253 	 0.0406 	 -0.0295 	 -0.3485 	 -0.0298 	 -0.0390 	 -0.6994 	 0.1328 	 -0.7309 	 0.4279
2.6353 	 0.0403 	 -0.0299 	 -0.3555 	 -0.0285 	 -0.0462 	 -0.6947 	 0.1312 	 -0.7134 	 0.5170
2.6453 	 0.0400 	 -0.0304 	 -0.3624 	 -0.0272 	 -0.0532 	 -0.6891 	 0.1332 	 -0.6897 	 0.5958
2.6553 	 0.0397 	 -0.0310 	 -0.3693 	 -0.0258 	 -0.0600 	 -0.6828 	 0.1388 	 -0.6639 	 0.6648
2.6653 	 0.0395 	 -0.0316 	 -0.3761 	 -0.0244 	 -0.0666 	 -0.6759 	 0.1465 	 -0.6379 	 0.7179
2.6754 	 0.0393 	 -0.0323 	 -0.3829 	 -0.0229 	 -0.0728 	 -0.6684 	 0.1562 	 -0.6188 	 0.7689
2.6854 	 0.0390 	 -0.0331 	 -0.3895 	 -0.0213 	 -0.0789 	 -0.6605 	 0.1685 	 -0.5956 	 0.8168
2.6954 	 0.0388 	 -0.0339 	 -0.3961 	 -0.0195 	 -0.0848 	 -0.6521 	 0.1801 	 -0.5759 	 0.8613
2.7054 	 0.0386 	 -0.0348 	 -0.4026 	 -0.0177 	 -0.0905 	 -0.6432 	 0.1898 	 -0.5589 	 0.9045
2.7154 	 0.0385 	 -0.0357 	 -0.4090 	 -0.0157 	 -0.0960 	 -0.6339 	 0.1969 	 -0.5429 	 0.9477
2.7255 	 0.0383 	 -0.0367 	 -0.4153 	 -0.0137 	 -0.1013 	 -0.6242 	 0.2012 	 -0.5258 	 0.9900
2.7355 	 0.0382 	 -0.0377 	 -0.4215 	 -0.0117 	 -0.1065 	 -0.6141 	 0.2030 	 -0.5064 	 1.0293
2.7455 	 0.0381 	 -0.0388 	 -0.4276 	 -0.0097 	 -0.1115 	 -0.6036 	 0.2034 	 -0.4854 	 1.0644
2.7555 	 0.0380 	 -0.0400 	 -0.4336 	 -0.0076 	 -0.1162 	 -0.5928 	 0.1983 	 -0.4633 	 1.0903
2.7655 	 0.0379 	 -0.0412 	 -0.4395 	 -0.0056 	 -0.1208 	 -0.5817 	 0.1962 	 -0.4409 	 1.1171
2.7756 	 0.0379 	 -0.0424 	 -0.4452 	 -0.0037 	 -0.1251 	 -0.5704 	 0.1954 	 -0.4173 	 1.1308
2.7856 	 0.0379 	 -0.0437 	 -0.4509 	 -0.0018 	 -0.1291 	 -0.5590 	 0.1932 	 -0.3918 	 1.1553
2.7956 	 0.0379 	 -0.0450 	 -0.4564 	 0.0002 	 -0.1329 	 -0.5472 	 0.1862 	 -0.3699 	 1.1931
2.8056 	 0.0379 	 -0.0463 	 -0.4619 	 0.0020 	 -0.1366 	 -0.5351 	 0.1815 	 -0.3578 	 1.2277
2.8156 	 0.0379 	 -0.0477 	 -0.4671 	 0.0038 	 -0.1401 	 -0.5226 	 0.1787 	 -0.3476 	 1.2524
2.8257 	 0.0379 	 -0.0491 	 -0.4723 	 0.0056 	 -0.1435 	 -0.5100 	 0.1761 	 -0.3358 	 1.2717
2.8357 	 0.0380 	 -0.0506 	 -0.4774 	 0.0073 	 -0.1468 	 -0.4972 	 0.1733 	 -0.3230 	 1.2883
2.8457 	 0.0381 	 -0.0521 	 -0.4823 	 0.0090 	 -0.1500 	 -0.4842 	 0.1704 	 -0.3095 	 1.3031
2.8557 	 0.0382 	 -0.0536 	 -0.4871 	 0.0107 	 -0.1530 	 -0.4711 	 0.1674 	 -0.2956 	 1.3168
2.8657 	 0.0383 	 -0.0551 	 -0.4917 	 0.0124 	 -0.1559 	 -0.4578 	 0.1642 	 -0.2815 	 1.3295
2.8758 	 0.0384 	 -0.0567 	 -0.4962 	 0.0140 	 -0.1587 	 -0.4444 	 0.1610 	 -0.2671 	 1.3414
2.8858 	 0.0386 	 -0.0583 	 -0.5006 	 0.0156 	 -0.1612 	 -0.4309 	 0.1531 	 -0.2481 	 1.3540
2.8958 	 0.0388 	 -0.0599 	 -0.5049 	 0.0171 	 -0.1636 	 -0.4173 	 0.1524 	 -0.2294 	 1.3613
2.9058 	 0.0389 	 -0.0616 	 -0.5090 	 0.0186 	 -0.1658 	 -0.4036 	 0.1485 	 -0.2149 	 1.3718
2.9158 	 0.0391 	 -0.0633 	 -0.5130 	 0.0201 	 -0.1679 	 -0.3899 	 0.1383 	 -0.2105 	 1.3685
2.9259 	 0.0393 	 -0.0650 	 -0.5168 	 0.0214 	 -0.1700 	 -0.3761 	 0.1337 	 -0.2002 	 1.3812
2.9359 	 0.0396 	 -0.0667 	 -0.5205 	 0.0227 	 -0.1720 	 -0.3622 	 0.1298 	 -0.1853 	 1.3882
2.9459 	 0.0398 	 -0.0684 	 -0.5241 	 0.0240 	 -0.1737 	 -0.3483 	 0.1259 	 -0.1703 	 1.3949
2.9559 	 0.0400 	 -0.0702 	 -0.5275 	 0.0253 	 -0.1754 	 -0.3343 	 0.1222 	 -0.1551 	 1.4012
2.9659 	 0.0403 	 -0.0719 	 -0.5308 	 0.0265 	 -0.1768 	 -0.3202 	 0.1185 	 -0.1398 	 1.4073
2.9760 	 0.0406 	 -0.0737 	 -0.5339 	 0.0276 	 -0.1782 	 -0.3061 	 0.1149 	 -0.1243 	 1.4130
2.9860 	 0.0409 	 -0.0755 	 -0.5369 	 0.0288 	 -0.1793 	 -0.2919 	 0.1137 	 -0.1011 	 1.4153
2.9960 	 0.0411 	 -0.0773 	 -0.5397 	 0.0299 	 -0.1802 	 -0.2777 	 0.1098 	 -0.0854 	 1.4191
3.0060 	 0.0415 	 -0.0791 	 -0.5425 	 0.0310 	 -0.1810 	 -0.2635 	 0.1005 	 -0.0723 	 1.4193
3.0160 	 0.0418 	 -0.0809 	 -0.5450 	 0.0320 	 -0.1817 	 -0.2492 	 0.0937 	 -0.0631 	 1.4197
3.0261 	 0.0421 	 -0.0827 	 -0.5475 	 0.0329 	 -0.1822 	 -0.2350 	 0.0883 	 -0.0486 	 1.4223
3.0361 	 0.0424 	 -0.0846 	 -0.5497 	 0.0337 	 -0.1827 	 -0.2207 	 0.0826 	 -0.0340 	 1.4247
3.0461 	 0.0428 	 -0.0864 	 -0.5519 	 0.0345 	 -0.1829 	 -0.2065 	 0.0784 	 -0.0206 	 1.4204
3.0561 	 0.0431 	 -0.0882 	 -0.5539 	 0.0353 	 -0.1831 	 -0.1923 	 0.0740 	 -0.0071 	 1.4138
3.0661 	 0.0435 	 -0.0901 	 -0.5557 	 0.0360 	 -0.1831 	 -0.1781 	 0.0680 	 0.0071 	 1.4121
3.0762 	 0.0438 	 -0.0919 	 -0.5574 	 0.0367 	 -0.1829 	 -0.1640 	 0.0620 	 0.0212 	 1.4093
3.0862 	 0.0442 	 -0.0937 	 -0.5590 	 0.0373 	 -0.1826 	 -0.1498 	 0.0603 	 0.0357 	 1.4167
3.0962 	 0.0446 	 -0.0956 	 -0.5604 	 0.0379 	 -0.1822 	 -0.1357 	 0.0565 	 0.0491 	 1.4042
3.1062 	 0.0450 	 -0.0974 	 -0.5617 	 0.0384 	 -0.1816 	 -0.1217 	 0.0524 	 0.0624 	 1.3969
3.1162 	 0.0454 	 -0.0992 	 -0.5629 	 0.0389 	 -0.1810 	 -0.1077 	 0.0501 	 0.0757 	 1.3951
3.1263 	 0.0457 	 -0.1010 	 -0.5639 	 0.0394 	 -0.1801 	 -0.0938 	 0.0509 	 0.0908 	 1.3910
3.1363 	 0.0461 	 -0.1028 	 -0.5648 	 0.0399 	 -0.1792 	 -0.0799 	 0.0559 	 0.1029 	 1.3834
3.1463 	 0.0465 	 -0.1046 	 -0.5655 	 0.0405 	 -0.1781 	 -0.0661 	 0.0527 	 0.1120 	 1.3613
3.1563 	 0.0470 	 -0.1064 	 -0.5661 	 0.0410 	 -0.1769 	 -0.0526 	 0.0533 	 0.1232 	 1.3493
3.1663 	 0.0474 	 -0.1081 	 -0.5666 	 0.0415 	 -0.1756 	 -0.0391 	 0.0543 	 0.1312 	 1.3305
3.1764 	 0.0478 	 -0.1099 	 -0.5669 	 0.0421 	 -0.1743 	 -0.0259 	 0.0561 	 0.1409 	 1.3161
3.1864 	 0.0482 	 -0.1116 	 -0.5671 	 0.0427 	 -0.1728 	 -0.0127 	 0.0594 	 0.1522 	 1.3060
3.1964 	 0.0486 	 -0.1134 	 -0.5671 	 0.0433 	 -0.1712 	 0.0003 	 0.0628 	 0.1640 	 1.2849
3.2064 	 0.0491 	 -0.1151 	 -0.5671 	 0.0439 	 -0.1695 	 0.0131 	 0.0644 	 0.1723 	 1.2681
3.2164 	 0.0495 	 -0.1168 	 -0.5669 	 0.0446 	 -0.1678 	 0.0257 	 0.0654 	 0.1815 	 1.2569
3.2265 	 0.0500 	 -0.1184 	 -0.5666 	 0.0453 	 -0.1659 	 0.0382 	 0.0755 	 0.1877 	 1.2319
3.2365 	 0.0504 	 -0.1201 	 -0.5661 	 0.0460 	 -0.1640 	 0.0504 	 0.0764 	 0.1933 	 1.2033
3.2465 	 0.0509 	 -0.1217 	 -0.5655 	 0.0468 	 -0.1620 	 0.0622 	 0.0720 	 0.1962 	 1.1708
3.2565 	 0.0514 	 -0.1233 	 -0.5649 	 0.0475 	 -0.1601 	 0.0739 	 0.0632 	 0.1969 	 1.1508
3.2665 	 0.0518 	 -0.1249 	 -0.5641 	 0.0480 	 -0.1581 	 0.0853 	 0.0541 	 0.2005 	 1.1333
3.2766 	 0.0523 	 -0.1265 	 -0.5632 	 0.0485 	 -0.1560 	 0.0966 	 0.0448 	 0.2092 	 1.1156
3.2866 	 0.0528 	 -0.1280 	 -0.5621 	 0.0490 	 -0.1538 	 0.1077 	 0.0382 	 0.2300 	 1.0990
3.2966 	 0.0533 	 -0.1296 	 -0.5610 	 0.0493 	 -0.1514 	 0.1186 	 0.0353 	 0.2510 	 1.0911
3.3066 	 0.0538 	 -0.1311 	 -0.5598 	 0.0497 	 -0.1488 	 0.1295 	 0.0331 	 0.2632 	 1.0847
3.3166 	 0.0543 	 -0.1326 	 -0.5584 	 0.0500 	 -0.1461 	 0.1404 	 0.0315 	 0.2725 	 1.0799
3.3267 	 0.0548 	 -0.1340 	 -0.5569 	 0.0503 	 -0.1433 	 0.1512 	 0.0326 	 0.2806 	 1.0806
3.3367 	 0.0553 	 -0.1354 	 -0.5554 	 0.0506 	 -0.1405 	 0.1620 	 0.0306 	 0.2872 	 1.0754
3.3467 	 0.0558 	 -0.1368 	 -0.5537 	 0.0509 	 -0.1376 	 0.1728 	 0.0270 	 0.2953 	 1.0760
3.3567 	 0.0563 	 -0.1382 	 -0.5519 	 0.0512 	 -0.1346 	 0.1836 	 0.0249 	 0.3012 	 1.0706
3.3667 	 0.0568 	 -0.1395 	 -0.5500 	 0.0514 	 -0.1315 	 0.1943 	 0.0219 	 0.3022 	 1.0675
3.3768 	 0.0574 	 -0.1408 	 -0.5480 	 0.0516 	 -0.1285 	 0.2049 	 0.0197 	 0.3068 	 1.0605
3.3868 	 0.0579 	 -0.1421 	 -0.5459 	 0.0518 	 -0.1254 	 0.2155 	 0.0174 	 0.3100 	 1.0465
3.3968 	 0.0584 	 -0.1433 	 -0.5437 	 0.0520 	 -0.1223 	 0.2259 	 0.0150 	 0.3146 	 1.0383
3.4068 	 0.0589 	 -0.1445 	 -0.5414 	 0.0521 	 -0.1191 	 0.2363 	 0.0125 	 0.3194 	 1.0301
3.4168 	 0.0594 	 -0.1457 	 -0.5390 	 0.0522 	 -0.1159 	 0.2466 	 0.0098 	 0.3243 	 1.0219
3.4269 	 0.0600 	 -0.1469 	 -0.5364 	 0.0523 	 -0.1126 	 0.2568 	 0.0070 	 0.3295 	 1.0136
3.4369 	 0.0605 	 -0.1480 	 -0.5338 	 0.0524 	 -0.1093 	 0.2669 	 0.0039 	 0.3349 	 1.0052
3.4469 	 0.0610 	 -0.1491 	 -0.5311 	 0.0524 	 -0.1059 	 0.2769 	 0.0007 	 0.3404 	 0.9966
3.4569 	 0.0615 	 -0.1501 	 -0.5283 	 0.0524 	 -0.1024 	 0.2868 	 -0.0028 	 0.3462 	 0.9878
3.4669 	 0.0621 	 -0.1511 	 -0.5253 	 0.0523 	 -0.0989 	 0.2967 	 -0.0065 	 0.3522 	 0.9788
3.4770 	 0.0626 	 -0.1521 	 -0.5223 	 0.0522 	 -0.0954 	 0.3065 	 -0.0105 	 0.3584 	 0.9694
3.4870 	 0.0631 	 -0.1530 	 -0.5192 	 0.0521 	 -0.0918 	 0.3161 	 -0.0166 	 0.3671 	 0.9651
3.4970 	 0.0636 	 -0.1539 	 -0.5160 	 0.0519 	 -0.0881 	 0.3258 	 -0.0209 	 0.3732 	 0.9543
3.5070 	 0.0642 	 -0.1548 	 -0.5127 	 0.0517 	 -0.0843 	 0.3353 	 -0.0264 	 0.3753 	 0.9465
3.5170 	 0.0647 	 -0.1556 	 -0.5093 	 0.0514 	 -0.0805 	 0.3447 	 -0.0312 	 0.3809 	 0.9353
3.5271 	 0.0652 	 -0.1564 	 -0.5058 	 0.0510 	 -0.0767 	 0.3540 	 -0.0367 	 0.3843 	 0.9222
3.5371 	 0.0657 	 -0.1571 	 -0.5022 	 0.0506 	 -0.0728 	 0.3632 	 -0.0430 	 0.3886 	 0.9107
3.5471 	 0.0662 	 -0.1579 	 -0.4985 	 0.0502 	 -0.0689 	 0.3723 	 -0.0496 	 0.3925 	 0.8988
3.5571 	 0.0667 	 -0.1585 	 -0.4947 	 0.0496 	 -0.0650 	 0.3812 	 -0.0597 	 0.3921 	 0.8834
3.5671 	 0.0672 	 -0.1592 	 -0.4909 	 0.0490 	 -0.0611 	 0.3900 	 -0.0662 	 0.3953 	 0.8712
3.5772 	 0.0677 	 -0.1597 	 -0.4869 	 0.0483 	 -0.0571 	 0.3987 	 -0.0727 	 0.3982 	 0.8590
3.5872 	 0.0682 	 -0.1603 	 -0.4829 	 0.0475 	 -0.0531 	 0.4072 	 -0.0792 	 0.4008 	 0.8469
3.5972 	 0.0686 	 -0.1608 	 -0.4787 	 0.0467 	 -0.0490 	 0.4156 	 -0.0808 	 0.4073 	 0.8317
3.6072 	 0.0691 	 -0.1613 	 -0.4745 	 0.0459 	 -0.0449 	 0.4239 	 -0.0867 	 0.4103 	 0.8194
3.6172 	 0.0696 	 -0.1617 	 -0.4702 	 0.0450 	 -0.0408 	 0.4320 	 -0.0937 	 0.4150 	 0.8130
3.6273 	 0.0700 	 -0.1621 	 -0.4659 	 0.0440 	 -0.0366 	 0.4401 	 -0.0988 	 0.4192 	 0.7921
3.6373 	 0.0704 	 -0.1624 	 -0.4614 	 0.0430 	 -0.0324 	 0.4479 	 -0.1043 	 0.4224 	 0.7766
3.6473 	 0.0709 	 -0.1627 	 -0.4569 	 0.0419 	 -0.0282 	 0.4556 	 -0.1097 	 0.4254 	 0.7604
3.6573 	 0.0713 	 -0.1630 	 -0.4523 	 0.0408 	 -0.0239 	 0.4632 	 -0.1147 	 0.4280 	 0.7431
3.6673 	 0.0717 	 -0.1632 	 -0.4476 	 0.0396 	 -0.0196 	 0.4705 	 -0.1178 	 0.4246 	 0.7282
3.6774 	 0.0721 	 -0.1634 	 -0.4429 	 0.0384 	 -0.0153 	 0.4777 	 -0.1217 	 0.4265 	 0.7099
3.6874 	 0.0724 	 -0.1635 	 -0.4381 	 0.0372 	 -0.0110 	 0.4848 	 -0.1229 	 0.4339 	 0.6958
3.6974 	 0.0728 	 -0.1636 	 -0.4332 	 0.0360 	 -0.0066 	 0.4917 	 -0.1253 	 0.4359 	 0.6804
3.7074 	 0.0732 	 -0.1637 	 -0.4282 	 0.0347 	 -0.0023 	 0.4984 	 -0.1277 	 0.4384 	 0.6663
3.7174 	 0.0735 	 -0.1637 	 -0.4232 	 0.0334 	 0.0022 	 0.5050 	 -0.1300 	 0.4418 	 0.6531
3.7275 	 0.0738 	 -0.1636 	 -0.4181 	 0.0321 	 0.0066 	 0.5115 	 -0.1322 	 0.4461 	 0.6404
3.7375 	 0.0742 	 -0.1635 	 -0.4129 	 0.0308 	 0.0111 	 0.5179 	 -0.1344 	 0.4517 	 0.6279
3.7475 	 0.0745 	 -0.1634 	 -0.4077 	 0.0294 	 0.0157 	 0.5241 	 -0.1365 	 0.4585 	 0.6154
3.7575 	 0.0747 	 -0.1632 	 -0.4024 	 0.0280 	 0.0203 	 0.5302 	 -0.1382 	 0.4665 	 0.6027
3.7675 	 0.0750 	 -0.1630 	 -0.3971 	 0.0266 	 0.0250 	 0.5362 	 -0.1397 	 0.4758 	 0.5894
3.7776 	 0.0753 	 -0.1627 	 -0.3917 	 0.0252 	 0.0298 	 0.5420 	 -0.1407 	 0.4864 	 0.5755
3.7876 	 0.0755 	 -0.1624 	 -0.3862 	 0.0238 	 0.0348 	 0.5477 	 -0.1413 	 0.4982 	 0.5605
3.7976 	 0.0758 	 -0.1620 	 -0.3807 	 0.0224 	 0.0398 	 0.5532 	 -0.1414 	 0.5113 	 0.5443
3.8076 	 0.0760 	 -0.1616 	 -0.3751 	 0.0210 	 0.0450 	 0.5586 	 -0.1409 	 0.5256 	 0.5263
3.8176 	 0.0762 	 -0.1611 	 -0.3695 	 0.0196 	 0.0504 	 0.5638 	 -0.1400 	 0.5411 	 0.5061
3.8277 	 0.0764 	 -0.1606 	 -0.3638 	 0.0182 	 0.0558 	 0.5687 	 -0.1324 	 0.5540 	 0.4817
3.8377 	 0.0765 	 -0.1600 	 -0.3581 	 0.0169 	 0.0614 	 0.5734 	 -0.1336 	 0.5663 	 0.4555
3.8477 	 0.0767 	 -0.1594 	 -0.3523 	 0.0156 	 0.0672 	 0.5778 	 -0.1303 	 0.5846 	 0.4251
3.8577 	 0.0769 	 -0.1587 	 -0.3465 	 0.0143 	 0.0731 	 0.5819 	 -0.1270 	 0.6030 	 0.3902
3.8677 	 0.0770 	 -0.1579 	 -0.3407 	 0.0130 	 0.0793 	 0.5857 	 -0.1252 	 0.6221 	 0.3556
3.8778 	 0.0771 	 -0.1571 	 -0.3348 	 0.0118 	 0.0856 	 0.5890 	 -0.1208 	 0.6388 	 0.3090
3.8878 	 0.0772 	 -0.1562 	 -0.3289 	 0.0106 	 0.0921 	 0.5919 	 -0.1153 	 0.6535 	 0.2570
3.8978 	 0.0773 	 -0.1552 	 -0.3229 	 0.0095 	 0.0987 	 0.5941 	 -0.1088 	 0.6655 	 0.1998
3.9078 	 0.0774 	 -0.1542 	 -0.3170 	 0.0084 	 0.1054 	 0.5958 	 -0.1031 	 0.6751 	 0.1443
3.9178 	 0.0775 	 -0.1531 	 -0.3110 	 0.0074 	 0.1122 	 0.5970 	 -0.0968 	 0.6808 	 0.0857
3.9279 	 0.0776 	 -0.1519 	 -0.3050 	 0.0065 	 0.1190 	 0.5976 	 -0.0945 	 0.6822 	 0.0316
3.9379 	 0.0776 	 -0.1507 	 -0.2990 	 0.0055 	 0.1259 	 0.5976 	 -0.0942 	 0.6787 	 -0.0357
3.9479 	 0.0777 	 -0.1494 	 -0.2931 	 0.0046 	 0.1326 	 0.5969 	 -0.0962 	 0.6705 	 -0.1034
3.9579 	 0.0777 	 -0.1481 	 -0.2871 	 0.0036 	 0.1393 	 0.5955 	 -0.1012 	 0.6575 	 -0.1638
3.9679 	 0.0777 	 -0.1466 	 -0.2811 	 0.0025 	 0.1458 	 0.5936 	 -0.1104 	 0.6419 	 -0.2213
3.9780 	 0.0778 	 -0.1451 	 -0.2752 	 0.0014 	 0.1521 	 0.5911 	 -0.1199 	 0.6245 	 -0.2746
3.9880 	 0.0778 	 -0.1436 	 -0.2693 	 0.0001 	 0.1584 	 0.5881 	 -0.1282 	 0.6144 	 -0.3318
3.9980 	 0.0778 	 -0.1420 	 -0.2634 	 -0.0012 	 0.1644 	 0.5845 	 -0.1379 	 0.6009 	 -0.3780
4.0080 	 0.0777 	 -0.1403 	 -0.2576 	 -0.0026 	 0.1704 	 0.5805 	 -0.1401 	 0.5827 	 -0.4225
4.0180 	 0.0777 	 -0.1386 	 -0.2518 	 -0.0040 	 0.1762 	 0.5760 	 -0.1403 	 0.5676 	 -0.4604
4.0281 	 0.0777 	 -0.1368 	 -0.2460 	 -0.0054 	 0.1817 	 0.5713 	 -0.1394 	 0.5438 	 -0.4875
4.0381 	 0.0776 	 -0.1349 	 -0.2403 	 -0.0068 	 0.1871 	 0.5662 	 -0.1392 	 0.5205 	 -0.5175
4.0481 	 0.0775 	 -0.1330 	 -0.2347 	 -0.0082 	 0.1922 	 0.5609 	 -0.1384 	 0.4974 	 -0.5447
4.0581 	 0.0774 	 -0.1311 	 -0.2291 	 -0.0096 	 0.1970 	 0.5553 	 -0.1366 	 0.4742 	 -0.5698
4.0681 	 0.0773 	 -0.1291 	 -0.2236 	 -0.0109 	 0.2017 	 0.5495 	 -0.1341 	 0.4505 	 -0.5929
4.0782 	 0.0772 	 -0.1270 	 -0.2181 	 -0.0122 	 0.2061 	 0.5435 	 -0.1318 	 0.4262 	 -0.6138
4.0882 	 0.0771 	 -0.1249 	 -0.2127 	 -0.0136 	 0.2102 	 0.5372 	 -0.1306 	 0.4024 	 -0.6325
4.0982 	 0.0770 	 -0.1228 	 -0.2073 	 -0.0149 	 0.2141 	 0.5308 	 -0.1270 	 0.3874 	 -0.6509
4.1082 	 0.0768 	 -0.1206 	 -0.2020 	 -0.0161 	 0.2179 	 0.5242 	 -0.1270 	 0.3678 	 -0.6701
4.1182 	 0.0766 	 -0.1184 	 -0.1968 	 -0.0174 	 0.2215 	 0.5174 	 -0.1272 	 0.3485 	 -0.6847
4.1283 	 0.0764 	 -0.1162 	 -0.1917 	 -0.0187 	 0.2249 	 0.5104 	 -0.1266 	 0.3312 	 -0.7065
4.1383 	 0.0763 	 -0.1139 	 -0.1866 	 -0.0199 	 0.2281 	 0.5032 	 -0.1250 	 0.3143 	 -0.7286
4.1483 	 0.0761 	 -0.1116 	 -0.1816 	 -0.0212 	 0.2312 	 0.4958 	 -0.1221 	 0.2974 	 -0.7505
4.1583 	 0.0758 	 -0.1093 	 -0.1767 	 -0.0224 	 0.2341 	 0.4882 	 -0.1183 	 0.2813 	 -0.7649
4.1683 	 0.0756 	 -0.1069 	 -0.1718 	 -0.0235 	 0.2368 	 0.4805 	 -0.1129 	 0.2649 	 -0.7836
4.1784 	 0.0754 	 -0.1046 	 -0.1670 	 -0.0246 	 0.2394 	 0.4725 	 -0.1065 	 0.2487 	 -0.8009
4.1884 	 0.0751 	 -0.1022 	 -0.1623 	 -0.0257 	 0.2418 	 0.4644 	 -0.0996 	 0.2327 	 -0.8168
4.1984 	 0.0748 	 -0.0997 	 -0.1577 	 -0.0266 	 0.2441 	 0.4561 	 -0.0924 	 0.2169 	 -0.8314
4.2084 	 0.0746 	 -0.0973 	 -0.1532 	 -0.0275 	 0.2462 	 0.4478 	 -0.0872 	 0.2020 	 -0.8398
4.2184 	 0.0743 	 -0.0948 	 -0.1487 	 -0.0284 	 0.2481 	 0.4393 	 -0.0813 	 0.1857 	 -0.8586
4.2285 	 0.0740 	 -0.0923 	 -0.1444 	 -0.0292 	 0.2499 	 0.4306 	 -0.0729 	 0.1690 	 -0.8705
4.2385 	 0.0737 	 -0.0898 	 -0.1401 	 -0.0299 	 0.2515 	 0.4218 	 -0.0646 	 0.1519 	 -0.8815
4.2485 	 0.0734 	 -0.0873 	 -0.1359 	 -0.0305 	 0.2529 	 0.4129 	 -0.0562 	 0.1341 	 -0.8914
4.2585 	 0.0731 	 -0.0847 	 -0.1318 	 -0.0310 	 0.2542 	 0.4040 	 -0.0478 	 0.1157 	 -0.9002
4.2685 	 0.0728 	 -0.0822 	 -0.1278 	 -0.0314 	 0.2553 	 0.3949 	 -0.0395 	 0.0968 	 -0.9077
4.2786 	 0.0725 	 -0.0796 	 -0.1239 	 -0.0318 	 0.2561 	 0.3858 	 -0.0313 	 0.0776 	 -0.9138
4.2886 	 0.0722 	 -0.0770 	 -0.1201 	 -0.0321 	 0.2568 	 0.3766 	 -0.0232 	 0.0584 	 -0.9186
4.2986 	 0.0718 	 -0.0745 	 -0.1164 	 -0.0322 	 0.2573 	 0.3674 	 -0.0154 	 0.0393 	 -0.9222
4.3086 	 0.0715 	 -0.0719 	 -0.1127 	 -0.0324 	 0.2576 	 0.3581 	 -0.0114 	 0.0250 	 -0.9236
4.3186 	 0.0712 	 -0.0693 	 -0.1092 	 -0.0324 	 0.2578 	 0.3489 	 0.0000 	 0.0108 	 -0.9255
4.3287 	 0.0709 	 -0.0667 	 -0.1058 	 -0.0324 	 0.2578 	 0.3396 	 0.0074 	 -0.0080 	 -0.9273
4.3387 	 0.0705 	 -0.0641 	 -0.1024 	 -0.0323 	 0.2576 	 0.3303 	 0.0144 	 -0.0260 	 -0.9288
4.3487 	 0.0702 	 -0.0615 	 -0.0991 	 -0.0321 	 0.2573 	 0.3210 	 0.0210 	 -0.0430 	 -0.9304
4.3587 	 0.0699 	 -0.0590 	 -0.0960 	 -0.0318 	 0.2567 	 0.3117 	 0.0294 	 -0.0646 	 -0.9287
4.3687 	 0.0696 	 -0.0564 	 -0.0929 	 -0.0315 	 0.2560 	 0.3023 	 0.0354 	 -0.0798 	 -0.9307
4.3788 	 0.0693 	 -0.0538 	 -0.0899 	 -0.0311 	 0.2552 	 0.2930 	 0.0444 	 -0.0890 	 -0.9321
4.3888 	 0.0690 	 -0.0513 	 -0.0870 	 -0.0306 	 0.2542 	 0.2837 	 0.0490 	 -0.1024 	 -0.9300
4.3988 	 0.0686 	 -0.0487 	 -0.0842 	 -0.0301 	 0.2532 	 0.2743 	 0.0574 	 -0.1091 	 -0.9329
4.4088 	 0.0683 	 -0.0462 	 -0.0815 	 -0.0295 	 0.2520 	 0.2649 	 0.0626 	 -0.1204 	 -0.9403
4.4188 	 0.0681 	 -0.0437 	 -0.0789 	 -0.0288 	 0.2508 	 0.2555 	 0.0684 	 -0.1321 	 -0.9487
4.4289 	 0.0678 	 -0.0412 	 -0.0764 	 -0.0281 	 0.2494 	 0.2459 	 0.0749 	 -0.1447 	 -0.9573
4.4389 	 0.0675 	 -0.0387 	 -0.0740 	 -0.0273 	 0.2478 	 0.2363 	 0.0821 	 -0.1585 	 -0.9656
4.4489 	 0.0672 	 -0.0362 	 -0.0717 	 -0.0264 	 0.2462 	 0.2266 	 0.0897 	 -0.1731 	 -0.9730
4.4589 	 0.0670 	 -0.0338 	 -0.0694 	 -0.0255 	 0.2444 	 0.2168 	 0.0974 	 -0.1867 	 -0.9723
4.4689 	 0.0667 	 -0.0313 	 -0.0673 	 -0.0245 	 0.2424 	 0.2071 	 0.1056 	 -0.2019 	 -0.9772
4.4790 	 0.0665 	 -0.0289 	 -0.0653 	 -0.0234 	 0.2403 	 0.1973 	 0.1142 	 -0.2174 	 -0.9817
4.4890 	 0.0662 	 -0.0265 	 -0.0634 	 -0.0222 	 0.2381 	 0.1874 	 0.1232 	 -0.2331 	 -0.9858
4.4990 	 0.0660 	 -0.0241 	 -0.0615 	 -0.0209 	 0.2357 	 0.1775 	 0.1328 	 -0.2489 	 -0.9893
4.5090 	 0.0658 	 -0.0218 	 -0.0598 	 -0.0195 	 0.2331 	 0.1676 	 0.1429 	 -0.2648 	 -0.9922
4.5190 	 0.0656 	 -0.0195 	 -0.0582 	 -0.0181 	 0.2304 	 0.1577 	 0.1525 	 -0.2784 	 -0.9881
4.5291 	 0.0655 	 -0.0172 	 -0.0567 	 -0.0165 	 0.2275 	 0.1478 	 0.1636 	 -0.2939 	 -0.9889
4.5391 	 0.0653 	 -0.0149 	 -0.0552 	 -0.0148 	 0.2245 	 0.1379 	 0.1748 	 -0.3092 	 -0.9886
4.5491 	 0.0652 	 -0.0127 	 -0.0539 	 -0.0130 	 0.2213 	 0.1280 	 0.1858 	 -0.3250 	 -0.9813
4.5591 	 0.0651 	 -0.0105 	 -0.0527 	 -0.0111 	 0.2180 	 0.1181 	 0.1964 	 -0.3391 	 -0.9802
4.5691 	 0.0649 	 -0.0083 	 -0.0515 	 -0.0090 	 0.2145 	 0.1083 	 0.2026 	 -0.3570 	 -0.9753
4.5792 	 0.0649 	 -0.0062 	 -0.0505 	 -0.0069 	 0.2108 	 0.0985 	 0.2153 	 -0.3776 	 -0.9791
4.5892 	 0.0648 	 -0.0041 	 -0.0495 	 -0.0047 	 0.2070 	 0.0887 	 0.2229 	 -0.3898 	 -0.9756
4.5992 	 0.0648 	 -0.0020 	 -0.0487 	 -0.0025 	 0.2030 	 0.0790 	 0.2301 	 -0.4016 	 -0.9720
4.6092 	 0.0648 	 -0.0000 	 -0.0480 	 -0.0001 	 0.1989 	 0.0692 	 0.2369 	 -0.4131 	 -0.9685
4.6192 	 0.0648 	 0.0020 	 -0.0473 	 0.0023 	 0.1948 	 0.0596 	 0.2424 	 -0.4187 	 -0.9608
4.6293 	 0.0648 	 0.0039 	 -0.0468 	 0.0047 	 0.1905 	 0.0500 	 0.2485 	 -0.4290 	 -0.9571
4.6393 	 0.0649 	 0.0058 	 -0.0463 	 0.0072 	 0.1862 	 0.0404 	 0.2546 	 -0.4394 	 -0.9537
4.6493 	 0.0650 	 0.0076 	 -0.0460 	 0.0098 	 0.1817 	 0.0309 	 0.2590 	 -0.4517 	 -0.9445
4.6593 	 0.0651 	 0.0094 	 -0.0457 	 0.0125 	 0.1771 	 0.0214 	 0.2653 	 -0.4626 	 -0.9419
4.6693 	 0.0652 	 0.0112 	 -0.0455 	 0.0151 	 0.1724 	 0.0120 	 0.2716 	 -0.4738 	 -0.9391
4.6794 	 0.0654 	 0.0129 	 -0.0455 	 0.0179 	 0.1676 	 0.0026 	 0.2785 	 -0.4874 	 -0.9420
4.6894 	 0.0656 	 0.0145 	 -0.0455 	 0.0207 	 0.1627 	 -0.0068 	 0.2846 	 -0.4987 	 -0.9384
4.6994 	 0.0658 	 0.0161 	 -0.0456 	 0.0236 	 0.1576 	 -0.0162 	 0.2904 	 -0.5098 	 -0.9345
4.7094 	 0.0660 	 0.0177 	 -0.0458 	 0.0265 	 0.1525 	 -0.0255 	 0.2984 	 -0.5163 	 -0.9338
4.7194 	 0.0663 	 0.0192 	 -0.0461 	 0.0296 	 0.1473 	 -0.0349 	 0.3049 	 -0.5242 	 -0.9347
4.7295 	 0.0666 	 0.0206 	 -0.0465 	 0.0326 	 0.1420 	 -0.0443 	 0.3083 	 -0.5342 	 -0.9305
4.7395 	 0.0670 	 0.0220 	 -0.0470 	 0.0357 	 0.1366 	 -0.0536 	 0.3110 	 -0.5435 	 -0.9263
4.7495 	 0.0673 	 0.0234 	 -0.0476 	 0.0389 	 0.1311 	 -0.0628 	 0.3129 	 -0.5523 	 -0.9220
4.7595 	 0.0678 	 0.0247 	 -0.0483 	 0.0420 	 0.1255 	 -0.0720 	 0.3189 	 -0.5594 	 -0.9087
4.7695 	 0.0682 	 0.0259 	 -0.0490 	 0.0452 	 0.1199 	 -0.0811 	 0.3199 	 -0.5668 	 -0.8965
4.7796 	 0.0687 	 0.0271 	 -0.0499 	 0.0484 	 0.1142 	 -0.0900 	 0.3193 	 -0.5751 	 -0.8897
4.7896 	 0.0692 	 0.0282 	 -0.0508 	 0.0516 	 0.1083 	 -0.0989 	 0.3179 	 -0.5833 	 -0.8826
4.7996 	 0.0697 	 0.0292 	 -0.0519 	 0.0548 	 0.1025 	 -0.1077 	 0.3157 	 -0.5914 	 -0.8749
4.8096 	 0.0703 	 0.0302 	 -0.0530 	 0.0579 	 0.0965 	 -0.1164 	 0.3129 	 -0.5994 	 -0.8667
4.8196 	 0.0709 	 0.0312 	 -0.0542 	 0.0610 	 0.0905 	 -0.1251 	 0.3036 	 -0.6040 	 -0.8595
4.8297 	 0.0715 	 0.0320 	 -0.0555 	 0.0640 	 0.0844 	 -0.1336 	 0.2988 	 -0.6109 	 -0.8505
4.8397 	 0.0721 	 0.0328 	 -0.0569 	 0.0670 	 0.0782 	 -0.1421 	 0.2935 	 -0.6172 	 -0.8414
4.8497 	 0.0728 	 0.0336 	 -0.0583 	 0.0699 	 0.0720 	 -0.1505 	 0.2882 	 -0.6187 	 -0.8378
4.8597 	 0.0735 	 0.0343 	 -0.0599 	 0.0728 	 0.0658 	 -0.1589 	 0.2821 	 -0.6231 	 -0.8303
4.8697 	 0.0743 	 0.0349 	 -0.0615 	 0.0756 	 0.0595 	 -0.1672 	 0.2756 	 -0.6273 	 -0.8238
4.8798 	 0.0750 	 0.0355 	 -0.0632 	 0.0783 	 0.0532 	 -0.1754 	 0.2688 	 -0.6316 	 -0.8184
4.8898 	 0.0758 	 0.0360 	 -0.0650 	 0.0810 	 0.0469 	 -0.1836 	 0.2618 	 -0.6363 	 -0.8141
4.8998 	 0.0767 	 0.0364 	 -0.0669 	 0.0836 	 0.0405 	 -0.1917 	 0.2551 	 -0.6407 	 -0.8093
4.9098 	 0.0775 	 0.0368 	 -0.0689 	 0.0861 	 0.0340 	 -0.1998 	 0.2463 	 -0.6462 	 -0.8044
4.9198 	 0.0784 	 0.0371 	 -0.0709 	 0.0885 	 0.0275 	 -0.2079 	 0.2368 	 -0.6523 	 -0.8000
4.9299 	 0.0793 	 0.0373 	 -0.0730 	 0.0908 	 0.0210 	 -0.2159 	 0.2266 	 -0.6586 	 -0.7961
4.9399 	 0.0802 	 0.0375 	 -0.0752 	 0.0930 	 0.0143 	 -0.2239 	 0.2164 	 -0.6675 	 -0.7975
4.9499 	 0.0812 	 0.0376 	 -0.0775 	 0.0951 	 0.0076 	 -0.2318 	 0.2047 	 -0.6731 	 -0.7934
4.9599 	 0.0821 	 0.0377 	 -0.0799 	 0.0971 	 0.0008 	 -0.2398 	 0.1929 	 -0.6782 	 -0.7892
4.9699 	 0.0831 	 0.0376 	 -0.0823 	 0.0990 	 -0.0060 	 -0.2476 	 0.1810 	 -0.6827 	 -0.7846
4.9800 	 0.0841 	 0.0376 	 -0.0848 	 0.1008 	 -0.0129 	 -0.2555 	 0.1693 	 -0.6867 	 -0.7793
4.9900 	 0.0851 	 0.0374 	 -0.0874 	 0.1024 	 -0.0198 	 -0.2633 	 0.1578 	 -0.6901 	 -0.7732
