100-Body Run with i = 17 th particle. (Units in pc,M_solar,Myr, km s-1) 

time		 x 		 y 		 z 		 xdot 		 ydot 		 zdot 		 xddot 		 yddot 		 zddot
0.0000 	 -0.2411 	 -1.0701 	 -1.0379 	 0.0004 	 0.0036 	 0.0154 	 0.0340 	 0.1362 	 0.1022
0.0100 	 -0.2411 	 -1.0701 	 -1.0378 	 0.0007 	 0.0050 	 0.0164 	 0.0341 	 0.1362 	 0.1022
0.0200 	 -0.2411 	 -1.0700 	 -1.0376 	 0.0011 	 0.0064 	 0.0174 	 0.0341 	 0.1363 	 0.1022
0.0301 	 -0.2411 	 -1.0700 	 -1.0374 	 0.0014 	 0.0077 	 0.0184 	 0.0341 	 0.1363 	 0.1022
0.0401 	 -0.2411 	 -1.0699 	 -1.0372 	 0.0017 	 0.0091 	 0.0195 	 0.0341 	 0.1363 	 0.1022
0.0501 	 -0.2410 	 -1.0698 	 -1.0370 	 0.0021 	 0.0105 	 0.0205 	 0.0341 	 0.1363 	 0.1023
0.0601 	 -0.2410 	 -1.0697 	 -1.0368 	 0.0024 	 0.0118 	 0.0215 	 0.0342 	 0.1364 	 0.1023
0.0701 	 -0.2410 	 -1.0696 	 -1.0366 	 0.0028 	 0.0132 	 0.0225 	 0.0342 	 0.1364 	 0.1023
0.0802 	 -0.2410 	 -1.0694 	 -1.0364 	 0.0031 	 0.0146 	 0.0236 	 0.0342 	 0.1365 	 0.1024
0.0902 	 -0.2409 	 -1.0693 	 -1.0361 	 0.0034 	 0.0159 	 0.0246 	 0.0342 	 0.1365 	 0.1024
0.1002 	 -0.2409 	 -1.0691 	 -1.0359 	 0.0038 	 0.0173 	 0.0256 	 0.0343 	 0.1366 	 0.1024
0.1102 	 -0.2408 	 -1.0689 	 -1.0356 	 0.0041 	 0.0187 	 0.0266 	 0.0343 	 0.1366 	 0.1025
0.1202 	 -0.2408 	 -1.0687 	 -1.0353 	 0.0045 	 0.0200 	 0.0277 	 0.0343 	 0.1367 	 0.1026
0.1303 	 -0.2408 	 -1.0685 	 -1.0351 	 0.0048 	 0.0214 	 0.0287 	 0.0344 	 0.1367 	 0.1026
0.1403 	 -0.2407 	 -1.0683 	 -1.0348 	 0.0052 	 0.0228 	 0.0297 	 0.0344 	 0.1368 	 0.1027
0.1503 	 -0.2407 	 -1.0681 	 -1.0345 	 0.0055 	 0.0242 	 0.0308 	 0.0344 	 0.1369 	 0.1027
0.1603 	 -0.2406 	 -1.0678 	 -1.0342 	 0.0059 	 0.0255 	 0.0318 	 0.0345 	 0.1369 	 0.1028
0.1703 	 -0.2405 	 -1.0675 	 -1.0338 	 0.0062 	 0.0269 	 0.0328 	 0.0345 	 0.1370 	 0.1029
0.1804 	 -0.2405 	 -1.0673 	 -1.0335 	 0.0065 	 0.0283 	 0.0339 	 0.0345 	 0.1371 	 0.1030
0.1904 	 -0.2404 	 -1.0670 	 -1.0332 	 0.0069 	 0.0296 	 0.0349 	 0.0346 	 0.1372 	 0.1030
0.2004 	 -0.2403 	 -1.0667 	 -1.0328 	 0.0072 	 0.0310 	 0.0359 	 0.0346 	 0.1373 	 0.1031
0.2104 	 -0.2403 	 -1.0664 	 -1.0324 	 0.0076 	 0.0324 	 0.0370 	 0.0347 	 0.1374 	 0.1032
0.2204 	 -0.2402 	 -1.0660 	 -1.0321 	 0.0079 	 0.0338 	 0.0380 	 0.0347 	 0.1375 	 0.1033
0.2305 	 -0.2401 	 -1.0657 	 -1.0317 	 0.0083 	 0.0352 	 0.0390 	 0.0347 	 0.1376 	 0.1034
0.2405 	 -0.2400 	 -1.0653 	 -1.0313 	 0.0086 	 0.0365 	 0.0401 	 0.0348 	 0.1377 	 0.1035
0.2505 	 -0.2399 	 -1.0649 	 -1.0309 	 0.0090 	 0.0379 	 0.0411 	 0.0348 	 0.1378 	 0.1036
0.2605 	 -0.2398 	 -1.0646 	 -1.0304 	 0.0093 	 0.0393 	 0.0421 	 0.0349 	 0.1379 	 0.1037
0.2705 	 -0.2397 	 -1.0642 	 -1.0300 	 0.0097 	 0.0407 	 0.0432 	 0.0349 	 0.1380 	 0.1039
0.2806 	 -0.2396 	 -1.0637 	 -1.0296 	 0.0100 	 0.0421 	 0.0442 	 0.0350 	 0.1381 	 0.1040
0.2906 	 -0.2395 	 -1.0633 	 -1.0291 	 0.0104 	 0.0434 	 0.0453 	 0.0350 	 0.1383 	 0.1041
0.3006 	 -0.2394 	 -1.0629 	 -1.0287 	 0.0107 	 0.0448 	 0.0463 	 0.0351 	 0.1384 	 0.1042
0.3106 	 -0.2393 	 -1.0624 	 -1.0282 	 0.0111 	 0.0462 	 0.0473 	 0.0351 	 0.1385 	 0.1044
0.3206 	 -0.2392 	 -1.0619 	 -1.0277 	 0.0114 	 0.0476 	 0.0484 	 0.0352 	 0.1387 	 0.1045
0.3307 	 -0.2391 	 -1.0615 	 -1.0272 	 0.0118 	 0.0490 	 0.0494 	 0.0352 	 0.1388 	 0.1047
0.3407 	 -0.2390 	 -1.0610 	 -1.0267 	 0.0121 	 0.0504 	 0.0505 	 0.0353 	 0.1390 	 0.1048
0.3507 	 -0.2389 	 -1.0605 	 -1.0262 	 0.0125 	 0.0518 	 0.0515 	 0.0354 	 0.1391 	 0.1049
0.3607 	 -0.2387 	 -1.0599 	 -1.0257 	 0.0129 	 0.0532 	 0.0526 	 0.0354 	 0.1393 	 0.1051
0.3707 	 -0.2386 	 -1.0594 	 -1.0252 	 0.0132 	 0.0546 	 0.0537 	 0.0355 	 0.1394 	 0.1053
0.3808 	 -0.2385 	 -1.0588 	 -1.0246 	 0.0136 	 0.0560 	 0.0547 	 0.0355 	 0.1396 	 0.1054
0.3908 	 -0.2383 	 -1.0583 	 -1.0241 	 0.0139 	 0.0574 	 0.0558 	 0.0356 	 0.1397 	 0.1056
0.4008 	 -0.2382 	 -1.0577 	 -1.0235 	 0.0143 	 0.0588 	 0.0568 	 0.0357 	 0.1399 	 0.1058
0.4108 	 -0.2380 	 -1.0571 	 -1.0229 	 0.0146 	 0.0602 	 0.0579 	 0.0357 	 0.1401 	 0.1059
0.4208 	 -0.2379 	 -1.0565 	 -1.0224 	 0.0150 	 0.0616 	 0.0589 	 0.0358 	 0.1403 	 0.1061
0.4309 	 -0.2377 	 -1.0559 	 -1.0218 	 0.0154 	 0.0630 	 0.0600 	 0.0359 	 0.1405 	 0.1063
0.4409 	 -0.2376 	 -1.0552 	 -1.0211 	 0.0157 	 0.0644 	 0.0611 	 0.0359 	 0.1406 	 0.1065
0.4509 	 -0.2374 	 -1.0546 	 -1.0205 	 0.0161 	 0.0658 	 0.0621 	 0.0360 	 0.1408 	 0.1067
0.4609 	 -0.2373 	 -1.0539 	 -1.0199 	 0.0164 	 0.0672 	 0.0632 	 0.0361 	 0.1410 	 0.1069
0.4709 	 -0.2371 	 -1.0532 	 -1.0193 	 0.0168 	 0.0686 	 0.0643 	 0.0361 	 0.1412 	 0.1071
0.4810 	 -0.2369 	 -1.0525 	 -1.0186 	 0.0172 	 0.0700 	 0.0654 	 0.0362 	 0.1414 	 0.1073
0.4910 	 -0.2367 	 -1.0518 	 -1.0180 	 0.0175 	 0.0715 	 0.0664 	 0.0363 	 0.1416 	 0.1075
0.5010 	 -0.2366 	 -1.0511 	 -1.0173 	 0.0179 	 0.0729 	 0.0675 	 0.0364 	 0.1419 	 0.1078
0.5110 	 -0.2364 	 -1.0504 	 -1.0166 	 0.0182 	 0.0743 	 0.0686 	 0.0365 	 0.1421 	 0.1080
0.5210 	 -0.2362 	 -1.0496 	 -1.0159 	 0.0186 	 0.0757 	 0.0697 	 0.0365 	 0.1423 	 0.1082
0.5311 	 -0.2360 	 -1.0488 	 -1.0152 	 0.0190 	 0.0772 	 0.0708 	 0.0366 	 0.1425 	 0.1084
0.5411 	 -0.2358 	 -1.0481 	 -1.0145 	 0.0193 	 0.0786 	 0.0719 	 0.0367 	 0.1427 	 0.1087
0.5511 	 -0.2356 	 -1.0473 	 -1.0138 	 0.0197 	 0.0800 	 0.0729 	 0.0368 	 0.1430 	 0.1089
0.5611 	 -0.2354 	 -1.0465 	 -1.0130 	 0.0201 	 0.0814 	 0.0740 	 0.0369 	 0.1432 	 0.1092
0.5711 	 -0.2352 	 -1.0456 	 -1.0123 	 0.0205 	 0.0829 	 0.0751 	 0.0370 	 0.1435 	 0.1094
0.5812 	 -0.2350 	 -1.0448 	 -1.0115 	 0.0208 	 0.0843 	 0.0762 	 0.0370 	 0.1437 	 0.1097
0.5912 	 -0.2348 	 -1.0439 	 -1.0108 	 0.0212 	 0.0858 	 0.0773 	 0.0371 	 0.1440 	 0.1100
0.6012 	 -0.2346 	 -1.0431 	 -1.0100 	 0.0216 	 0.0872 	 0.0784 	 0.0372 	 0.1442 	 0.1102
0.6112 	 -0.2344 	 -1.0422 	 -1.0092 	 0.0219 	 0.0887 	 0.0795 	 0.0373 	 0.1445 	 0.1105
0.6212 	 -0.2342 	 -1.0413 	 -1.0084 	 0.0223 	 0.0901 	 0.0806 	 0.0374 	 0.1448 	 0.1108
0.6313 	 -0.2339 	 -1.0404 	 -1.0076 	 0.0227 	 0.0916 	 0.0818 	 0.0375 	 0.1450 	 0.1111
0.6413 	 -0.2337 	 -1.0395 	 -1.0067 	 0.0231 	 0.0930 	 0.0829 	 0.0376 	 0.1453 	 0.1114
0.6513 	 -0.2335 	 -1.0385 	 -1.0059 	 0.0234 	 0.0945 	 0.0840 	 0.0377 	 0.1456 	 0.1117
0.6613 	 -0.2332 	 -1.0376 	 -1.0051 	 0.0238 	 0.0959 	 0.0851 	 0.0378 	 0.1459 	 0.1120
0.6713 	 -0.2330 	 -1.0366 	 -1.0042 	 0.0242 	 0.0974 	 0.0862 	 0.0379 	 0.1462 	 0.1123
0.6814 	 -0.2327 	 -1.0356 	 -1.0033 	 0.0246 	 0.0989 	 0.0874 	 0.0380 	 0.1465 	 0.1126
0.6914 	 -0.2325 	 -1.0346 	 -1.0024 	 0.0250 	 0.1003 	 0.0885 	 0.0381 	 0.1468 	 0.1129
0.7014 	 -0.2322 	 -1.0336 	 -1.0016 	 0.0253 	 0.1018 	 0.0896 	 0.0382 	 0.1471 	 0.1132
0.7114 	 -0.2320 	 -1.0326 	 -1.0007 	 0.0257 	 0.1033 	 0.0908 	 0.0383 	 0.1474 	 0.1136
0.7214 	 -0.2317 	 -1.0315 	 -0.9997 	 0.0261 	 0.1048 	 0.0919 	 0.0384 	 0.1477 	 0.1139
0.7315 	 -0.2315 	 -1.0305 	 -0.9988 	 0.0265 	 0.1062 	 0.0930 	 0.0385 	 0.1480 	 0.1142
0.7415 	 -0.2312 	 -1.0294 	 -0.9979 	 0.0269 	 0.1077 	 0.0942 	 0.0387 	 0.1483 	 0.1146
0.7515 	 -0.2309 	 -1.0283 	 -0.9969 	 0.0273 	 0.1092 	 0.0953 	 0.0388 	 0.1487 	 0.1149
0.7615 	 -0.2307 	 -1.0272 	 -0.9960 	 0.0277 	 0.1107 	 0.0965 	 0.0389 	 0.1490 	 0.1153
0.7715 	 -0.2304 	 -1.0261 	 -0.9950 	 0.0281 	 0.1122 	 0.0976 	 0.0390 	 0.1493 	 0.1157
0.7816 	 -0.2301 	 -1.0250 	 -0.9940 	 0.0284 	 0.1137 	 0.0988 	 0.0391 	 0.1497 	 0.1160
0.7916 	 -0.2298 	 -1.0238 	 -0.9930 	 0.0288 	 0.1152 	 0.1000 	 0.0392 	 0.1500 	 0.1164
0.8016 	 -0.2295 	 -1.0227 	 -0.9920 	 0.0292 	 0.1167 	 0.1011 	 0.0394 	 0.1504 	 0.1168
0.8116 	 -0.2292 	 -1.0215 	 -0.9910 	 0.0296 	 0.1182 	 0.1023 	 0.0395 	 0.1507 	 0.1172
0.8216 	 -0.2289 	 -1.0203 	 -0.9900 	 0.0300 	 0.1197 	 0.1035 	 0.0396 	 0.1511 	 0.1176
0.8317 	 -0.2286 	 -1.0191 	 -0.9889 	 0.0304 	 0.1212 	 0.1047 	 0.0397 	 0.1515 	 0.1180
0.8417 	 -0.2283 	 -1.0179 	 -0.9879 	 0.0308 	 0.1228 	 0.1059 	 0.0399 	 0.1519 	 0.1184
0.8517 	 -0.2280 	 -1.0166 	 -0.9868 	 0.0312 	 0.1243 	 0.1070 	 0.0400 	 0.1522 	 0.1188
0.8617 	 -0.2277 	 -1.0154 	 -0.9857 	 0.0316 	 0.1258 	 0.1082 	 0.0401 	 0.1526 	 0.1192
0.8717 	 -0.2274 	 -1.0141 	 -0.9846 	 0.0320 	 0.1273 	 0.1094 	 0.0403 	 0.1530 	 0.1196
0.8818 	 -0.2270 	 -1.0128 	 -0.9835 	 0.0324 	 0.1289 	 0.1106 	 0.0404 	 0.1534 	 0.1200
0.8918 	 -0.2267 	 -1.0115 	 -0.9824 	 0.0328 	 0.1304 	 0.1118 	 0.0406 	 0.1538 	 0.1205
0.9018 	 -0.2264 	 -1.0102 	 -0.9813 	 0.0332 	 0.1320 	 0.1130 	 0.0407 	 0.1543 	 0.1209
0.9118 	 -0.2260 	 -1.0089 	 -0.9801 	 0.0337 	 0.1335 	 0.1143 	 0.0408 	 0.1547 	 0.1214
0.9218 	 -0.2257 	 -1.0075 	 -0.9790 	 0.0341 	 0.1351 	 0.1155 	 0.0410 	 0.1551 	 0.1218
0.9319 	 -0.2254 	 -1.0062 	 -0.9778 	 0.0345 	 0.1366 	 0.1167 	 0.0411 	 0.1555 	 0.1223
0.9419 	 -0.2250 	 -1.0048 	 -0.9766 	 0.0349 	 0.1382 	 0.1179 	 0.0413 	 0.1560 	 0.1228
0.9519 	 -0.2247 	 -1.0034 	 -0.9755 	 0.0353 	 0.1397 	 0.1192 	 0.0414 	 0.1564 	 0.1232
0.9619 	 -0.2243 	 -1.0020 	 -0.9743 	 0.0357 	 0.1413 	 0.1204 	 0.0416 	 0.1569 	 0.1237
0.9719 	 -0.2240 	 -1.0006 	 -0.9730 	 0.0361 	 0.1429 	 0.1216 	 0.0418 	 0.1574 	 0.1242
0.9820 	 -0.2236 	 -0.9991 	 -0.9718 	 0.0366 	 0.1445 	 0.1229 	 0.0419 	 0.1578 	 0.1247
0.9920 	 -0.2232 	 -0.9977 	 -0.9706 	 0.0370 	 0.1460 	 0.1241 	 0.0421 	 0.1583 	 0.1252
1.0020 	 -0.2228 	 -0.9962 	 -0.9693 	 0.0374 	 0.1476 	 0.1254 	 0.0423 	 0.1588 	 0.1257
1.0120 	 -0.2225 	 -0.9947 	 -0.9681 	 0.0378 	 0.1492 	 0.1267 	 0.0424 	 0.1593 	 0.1262
1.0220 	 -0.2221 	 -0.9932 	 -0.9668 	 0.0382 	 0.1508 	 0.1279 	 0.0426 	 0.1598 	 0.1267
1.0321 	 -0.2217 	 -0.9917 	 -0.9655 	 0.0387 	 0.1524 	 0.1292 	 0.0428 	 0.1603 	 0.1272
1.0421 	 -0.2213 	 -0.9902 	 -0.9642 	 0.0391 	 0.1540 	 0.1305 	 0.0430 	 0.1608 	 0.1277
1.0521 	 -0.2209 	 -0.9886 	 -0.9629 	 0.0395 	 0.1557 	 0.1318 	 0.0431 	 0.1614 	 0.1283
1.0621 	 -0.2205 	 -0.9870 	 -0.9616 	 0.0400 	 0.1573 	 0.1330 	 0.0433 	 0.1619 	 0.1288
1.0721 	 -0.2201 	 -0.9855 	 -0.9602 	 0.0404 	 0.1589 	 0.1343 	 0.0435 	 0.1624 	 0.1294
1.0822 	 -0.2197 	 -0.9839 	 -0.9589 	 0.0408 	 0.1605 	 0.1356 	 0.0437 	 0.1630 	 0.1299
1.0922 	 -0.2193 	 -0.9822 	 -0.9575 	 0.0413 	 0.1622 	 0.1369 	 0.0439 	 0.1636 	 0.1305
1.1022 	 -0.2189 	 -0.9806 	 -0.9561 	 0.0417 	 0.1638 	 0.1383 	 0.0441 	 0.1641 	 0.1310
1.1122 	 -0.2185 	 -0.9790 	 -0.9547 	 0.0422 	 0.1655 	 0.1396 	 0.0443 	 0.1647 	 0.1316
1.1222 	 -0.2180 	 -0.9773 	 -0.9533 	 0.0426 	 0.1671 	 0.1409 	 0.0445 	 0.1653 	 0.1322
1.1323 	 -0.2176 	 -0.9756 	 -0.9519 	 0.0431 	 0.1688 	 0.1422 	 0.0447 	 0.1659 	 0.1327
1.1423 	 -0.2172 	 -0.9739 	 -0.9505 	 0.0435 	 0.1704 	 0.1435 	 0.0450 	 0.1665 	 0.1333
1.1523 	 -0.2167 	 -0.9722 	 -0.9490 	 0.0440 	 0.1721 	 0.1449 	 0.0452 	 0.1672 	 0.1339
1.1623 	 -0.2163 	 -0.9705 	 -0.9476 	 0.0444 	 0.1738 	 0.1462 	 0.0454 	 0.1678 	 0.1345
1.1723 	 -0.2158 	 -0.9687 	 -0.9461 	 0.0449 	 0.1755 	 0.1476 	 0.0457 	 0.1685 	 0.1351
1.1824 	 -0.2154 	 -0.9669 	 -0.9446 	 0.0453 	 0.1772 	 0.1489 	 0.0459 	 0.1691 	 0.1357
1.1924 	 -0.2149 	 -0.9652 	 -0.9431 	 0.0458 	 0.1789 	 0.1503 	 0.0461 	 0.1698 	 0.1363
1.2024 	 -0.2145 	 -0.9634 	 -0.9416 	 0.0463 	 0.1806 	 0.1517 	 0.0464 	 0.1705 	 0.1370
1.2124 	 -0.2140 	 -0.9615 	 -0.9401 	 0.0467 	 0.1823 	 0.1530 	 0.0466 	 0.1712 	 0.1376
1.2224 	 -0.2135 	 -0.9597 	 -0.9385 	 0.0472 	 0.1840 	 0.1544 	 0.0469 	 0.1719 	 0.1382
1.2325 	 -0.2131 	 -0.9579 	 -0.9370 	 0.0477 	 0.1857 	 0.1558 	 0.0472 	 0.1726 	 0.1388
1.2425 	 -0.2126 	 -0.9560 	 -0.9354 	 0.0481 	 0.1874 	 0.1572 	 0.0475 	 0.1734 	 0.1395
1.2525 	 -0.2121 	 -0.9541 	 -0.9338 	 0.0486 	 0.1892 	 0.1586 	 0.0477 	 0.1741 	 0.1401
1.2625 	 -0.2116 	 -0.9522 	 -0.9322 	 0.0491 	 0.1909 	 0.1600 	 0.0480 	 0.1749 	 0.1408
1.2725 	 -0.2111 	 -0.9503 	 -0.9306 	 0.0496 	 0.1927 	 0.1614 	 0.0483 	 0.1757 	 0.1414
1.2826 	 -0.2106 	 -0.9483 	 -0.9290 	 0.0501 	 0.1945 	 0.1629 	 0.0486 	 0.1764 	 0.1421
1.2926 	 -0.2101 	 -0.9464 	 -0.9274 	 0.0505 	 0.1962 	 0.1643 	 0.0490 	 0.1773 	 0.1428
1.3026 	 -0.2096 	 -0.9444 	 -0.9257 	 0.0510 	 0.1980 	 0.1657 	 0.0493 	 0.1781 	 0.1435
1.3126 	 -0.2091 	 -0.9424 	 -0.9240 	 0.0515 	 0.1998 	 0.1672 	 0.0496 	 0.1789 	 0.1442
1.3226 	 -0.2086 	 -0.9404 	 -0.9224 	 0.0520 	 0.2016 	 0.1686 	 0.0499 	 0.1798 	 0.1449
1.3327 	 -0.2080 	 -0.9384 	 -0.9207 	 0.0525 	 0.2034 	 0.1701 	 0.0503 	 0.1807 	 0.1456
1.3427 	 -0.2075 	 -0.9363 	 -0.9190 	 0.0530 	 0.2052 	 0.1715 	 0.0506 	 0.1815 	 0.1463
1.3527 	 -0.2070 	 -0.9343 	 -0.9172 	 0.0535 	 0.2070 	 0.1730 	 0.0510 	 0.1825 	 0.1470
1.3627 	 -0.2064 	 -0.9322 	 -0.9155 	 0.0541 	 0.2089 	 0.1745 	 0.0513 	 0.1834 	 0.1477
1.3727 	 -0.2059 	 -0.9301 	 -0.9137 	 0.0546 	 0.2107 	 0.1760 	 0.0517 	 0.1843 	 0.1485
1.3828 	 -0.2054 	 -0.9279 	 -0.9120 	 0.0551 	 0.2126 	 0.1774 	 0.0521 	 0.1853 	 0.1492
1.3928 	 -0.2048 	 -0.9258 	 -0.9102 	 0.0556 	 0.2144 	 0.1789 	 0.0525 	 0.1863 	 0.1500
1.4028 	 -0.2042 	 -0.9236 	 -0.9084 	 0.0561 	 0.2163 	 0.1804 	 0.0529 	 0.1873 	 0.1507
1.4128 	 -0.2037 	 -0.9215 	 -0.9066 	 0.0567 	 0.2182 	 0.1820 	 0.0533 	 0.1883 	 0.1515
1.4228 	 -0.2031 	 -0.9193 	 -0.9047 	 0.0572 	 0.2201 	 0.1835 	 0.0537 	 0.1893 	 0.1523
1.4329 	 -0.2025 	 -0.9171 	 -0.9029 	 0.0578 	 0.2220 	 0.1850 	 0.0541 	 0.1904 	 0.1531
1.4429 	 -0.2019 	 -0.9148 	 -0.9010 	 0.0583 	 0.2239 	 0.1866 	 0.0546 	 0.1915 	 0.1539
1.4529 	 -0.2014 	 -0.9126 	 -0.8991 	 0.0589 	 0.2258 	 0.1881 	 0.0550 	 0.1926 	 0.1547
1.4629 	 -0.2008 	 -0.9103 	 -0.8973 	 0.0594 	 0.2277 	 0.1897 	 0.0555 	 0.1937 	 0.1555
1.4729 	 -0.2002 	 -0.9080 	 -0.8953 	 0.0600 	 0.2297 	 0.1912 	 0.0559 	 0.1948 	 0.1563
1.4830 	 -0.1996 	 -0.9057 	 -0.8934 	 0.0605 	 0.2317 	 0.1928 	 0.0564 	 0.1960 	 0.1572
1.4930 	 -0.1990 	 -0.9034 	 -0.8915 	 0.0611 	 0.2336 	 0.1944 	 0.0569 	 0.1972 	 0.1580
1.5030 	 -0.1983 	 -0.9010 	 -0.8895 	 0.0617 	 0.2356 	 0.1960 	 0.0574 	 0.1984 	 0.1589
1.5130 	 -0.1977 	 -0.8986 	 -0.8876 	 0.0622 	 0.2376 	 0.1975 	 0.0579 	 0.1996 	 0.1598
1.5230 	 -0.1971 	 -0.8963 	 -0.8856 	 0.0628 	 0.2396 	 0.1992 	 0.0584 	 0.2009 	 0.1607
1.5331 	 -0.1965 	 -0.8938 	 -0.8836 	 0.0634 	 0.2416 	 0.2008 	 0.0589 	 0.2022 	 0.1616
1.5431 	 -0.1958 	 -0.8914 	 -0.8815 	 0.0640 	 0.2437 	 0.2024 	 0.0594 	 0.2035 	 0.1625
1.5531 	 -0.1952 	 -0.8890 	 -0.8795 	 0.0646 	 0.2457 	 0.2040 	 0.0600 	 0.2048 	 0.1635
1.5631 	 -0.1945 	 -0.8865 	 -0.8775 	 0.0652 	 0.2478 	 0.2057 	 0.0605 	 0.2062 	 0.1644
1.5731 	 -0.1939 	 -0.8840 	 -0.8754 	 0.0658 	 0.2498 	 0.2073 	 0.0611 	 0.2076 	 0.1654
1.5832 	 -0.1932 	 -0.8815 	 -0.8733 	 0.0664 	 0.2519 	 0.2090 	 0.0617 	 0.2090 	 0.1664
1.5932 	 -0.1925 	 -0.8789 	 -0.8712 	 0.0671 	 0.2540 	 0.2107 	 0.0622 	 0.2105 	 0.1674
1.6032 	 -0.1919 	 -0.8764 	 -0.8691 	 0.0677 	 0.2561 	 0.2123 	 0.0628 	 0.2119 	 0.1684
1.6132 	 -0.1912 	 -0.8738 	 -0.8669 	 0.0683 	 0.2583 	 0.2140 	 0.0634 	 0.2134 	 0.1694
1.6232 	 -0.1905 	 -0.8712 	 -0.8648 	 0.0690 	 0.2604 	 0.2157 	 0.0641 	 0.2150 	 0.1705
1.6333 	 -0.1898 	 -0.8686 	 -0.8626 	 0.0696 	 0.2626 	 0.2174 	 0.0647 	 0.2165 	 0.1716
1.6433 	 -0.1891 	 -0.8660 	 -0.8604 	 0.0702 	 0.2648 	 0.2192 	 0.0653 	 0.2181 	 0.1727
1.6533 	 -0.1884 	 -0.8633 	 -0.8582 	 0.0709 	 0.2670 	 0.2209 	 0.0660 	 0.2197 	 0.1738
1.6633 	 -0.1877 	 -0.8606 	 -0.8560 	 0.0716 	 0.2692 	 0.2227 	 0.0667 	 0.2214 	 0.1749
1.6733 	 -0.1870 	 -0.8579 	 -0.8538 	 0.0722 	 0.2714 	 0.2244 	 0.0673 	 0.2231 	 0.1760
1.6834 	 -0.1862 	 -0.8552 	 -0.8515 	 0.0729 	 0.2736 	 0.2262 	 0.0680 	 0.2248 	 0.1772
1.6934 	 -0.1855 	 -0.8524 	 -0.8492 	 0.0736 	 0.2759 	 0.2280 	 0.0687 	 0.2266 	 0.1784
1.7034 	 -0.1848 	 -0.8496 	 -0.8469 	 0.0743 	 0.2782 	 0.2298 	 0.0694 	 0.2284 	 0.1796
1.7134 	 -0.1840 	 -0.8468 	 -0.8446 	 0.0750 	 0.2805 	 0.2316 	 0.0702 	 0.2302 	 0.1808
1.7234 	 -0.1833 	 -0.8440 	 -0.8423 	 0.0757 	 0.2828 	 0.2334 	 0.0709 	 0.2321 	 0.1821
1.7335 	 -0.1825 	 -0.8412 	 -0.8399 	 0.0764 	 0.2851 	 0.2352 	 0.0717 	 0.2340 	 0.1834
1.7435 	 -0.1817 	 -0.8383 	 -0.8376 	 0.0771 	 0.2875 	 0.2371 	 0.0724 	 0.2360 	 0.1847
1.7535 	 -0.1809 	 -0.8354 	 -0.8352 	 0.0779 	 0.2899 	 0.2389 	 0.0732 	 0.2380 	 0.1860
1.7635 	 -0.1802 	 -0.8325 	 -0.8328 	 0.0786 	 0.2922 	 0.2408 	 0.0740 	 0.2400 	 0.1874
1.7735 	 -0.1794 	 -0.8296 	 -0.8304 	 0.0794 	 0.2947 	 0.2427 	 0.0748 	 0.2421 	 0.1887
1.7836 	 -0.1786 	 -0.8266 	 -0.8279 	 0.0801 	 0.2971 	 0.2446 	 0.0756 	 0.2442 	 0.1902
1.7936 	 -0.1778 	 -0.8236 	 -0.8255 	 0.0809 	 0.2996 	 0.2465 	 0.0765 	 0.2464 	 0.1916
1.8036 	 -0.1769 	 -0.8206 	 -0.8230 	 0.0816 	 0.3020 	 0.2484 	 0.0773 	 0.2486 	 0.1931
1.8136 	 -0.1761 	 -0.8175 	 -0.8205 	 0.0824 	 0.3045 	 0.2503 	 0.0782 	 0.2509 	 0.1946
1.8236 	 -0.1753 	 -0.8145 	 -0.8180 	 0.0832 	 0.3071 	 0.2523 	 0.0790 	 0.2532 	 0.1961
1.8337 	 -0.1745 	 -0.8114 	 -0.8154 	 0.0840 	 0.3096 	 0.2543 	 0.0799 	 0.2555 	 0.1977
1.8437 	 -0.1736 	 -0.8083 	 -0.8129 	 0.0848 	 0.3122 	 0.2563 	 0.0808 	 0.2580 	 0.1993
1.8537 	 -0.1728 	 -0.8051 	 -0.8103 	 0.0856 	 0.3148 	 0.2583 	 0.0817 	 0.2605 	 0.2010
1.8637 	 -0.1719 	 -0.8020 	 -0.8077 	 0.0864 	 0.3174 	 0.2603 	 0.0827 	 0.2630 	 0.2027
1.8737 	 -0.1710 	 -0.7988 	 -0.8051 	 0.0873 	 0.3200 	 0.2623 	 0.0836 	 0.2656 	 0.2044
1.8838 	 -0.1701 	 -0.7956 	 -0.8024 	 0.0881 	 0.3227 	 0.2644 	 0.0845 	 0.2682 	 0.2062
1.8938 	 -0.1693 	 -0.7923 	 -0.7998 	 0.0890 	 0.3254 	 0.2665 	 0.0855 	 0.2710 	 0.2080
1.9038 	 -0.1684 	 -0.7890 	 -0.7971 	 0.0898 	 0.3282 	 0.2686 	 0.0865 	 0.2738 	 0.2098
1.9138 	 -0.1675 	 -0.7857 	 -0.7944 	 0.0907 	 0.3309 	 0.2707 	 0.0874 	 0.2766 	 0.2117
1.9238 	 -0.1665 	 -0.7824 	 -0.7917 	 0.0916 	 0.3337 	 0.2728 	 0.0884 	 0.2796 	 0.2137
1.9339 	 -0.1656 	 -0.7790 	 -0.7889 	 0.0925 	 0.3365 	 0.2750 	 0.0894 	 0.2826 	 0.2157
1.9439 	 -0.1647 	 -0.7757 	 -0.7862 	 0.0934 	 0.3394 	 0.2771 	 0.0905 	 0.2856 	 0.2177
1.9539 	 -0.1638 	 -0.7722 	 -0.7834 	 0.0943 	 0.3422 	 0.2793 	 0.0915 	 0.2888 	 0.2199
1.9639 	 -0.1628 	 -0.7688 	 -0.7806 	 0.0952 	 0.3451 	 0.2815 	 0.0925 	 0.2920 	 0.2220
1.9739 	 -0.1618 	 -0.7653 	 -0.7777 	 0.0961 	 0.3481 	 0.2838 	 0.0935 	 0.2954 	 0.2243
1.9840 	 -0.1609 	 -0.7618 	 -0.7749 	 0.0971 	 0.3511 	 0.2860 	 0.0946 	 0.2988 	 0.2265
1.9940 	 -0.1599 	 -0.7583 	 -0.7720 	 0.0980 	 0.3541 	 0.2883 	 0.0956 	 0.3023 	 0.2289
2.0040 	 -0.1589 	 -0.7547 	 -0.7691 	 0.0990 	 0.3571 	 0.2906 	 0.0967 	 0.3059 	 0.2313
2.0140 	 -0.1579 	 -0.7511 	 -0.7662 	 0.1000 	 0.3602 	 0.2929 	 0.0978 	 0.3096 	 0.2338
2.0240 	 -0.1569 	 -0.7475 	 -0.7632 	 0.1010 	 0.3633 	 0.2953 	 0.0988 	 0.3134 	 0.2364
2.0341 	 -0.1559 	 -0.7439 	 -0.7603 	 0.1020 	 0.3665 	 0.2977 	 0.0999 	 0.3173 	 0.2390
2.0441 	 -0.1549 	 -0.7402 	 -0.7573 	 0.1030 	 0.3697 	 0.3001 	 0.1010 	 0.3214 	 0.2418
2.0541 	 -0.1538 	 -0.7364 	 -0.7543 	 0.1040 	 0.3729 	 0.3025 	 0.1021 	 0.3255 	 0.2446
2.0641 	 -0.1528 	 -0.7327 	 -0.7512 	 0.1050 	 0.3762 	 0.3050 	 0.1031 	 0.3298 	 0.2475
2.0741 	 -0.1517 	 -0.7289 	 -0.7481 	 0.1060 	 0.3795 	 0.3075 	 0.1042 	 0.3342 	 0.2504
2.0842 	 -0.1507 	 -0.7251 	 -0.7450 	 0.1071 	 0.3829 	 0.3100 	 0.1053 	 0.3387 	 0.2535
2.0942 	 -0.1496 	 -0.7212 	 -0.7419 	 0.1082 	 0.3863 	 0.3126 	 0.1063 	 0.3434 	 0.2567
2.1042 	 -0.1485 	 -0.7173 	 -0.7388 	 0.1092 	 0.3898 	 0.3152 	 0.1074 	 0.3482 	 0.2600
2.1142 	 -0.1474 	 -0.7134 	 -0.7356 	 0.1103 	 0.3933 	 0.3178 	 0.1084 	 0.3532 	 0.2634
2.1242 	 -0.1463 	 -0.7095 	 -0.7324 	 0.1114 	 0.3969 	 0.3204 	 0.1094 	 0.3584 	 0.2669
2.1343 	 -0.1452 	 -0.7055 	 -0.7292 	 0.1125 	 0.4005 	 0.3231 	 0.1104 	 0.3637 	 0.2705
2.1443 	 -0.1440 	 -0.7014 	 -0.7259 	 0.1136 	 0.4042 	 0.3259 	 0.1114 	 0.3692 	 0.2743
2.1543 	 -0.1429 	 -0.6974 	 -0.7227 	 0.1147 	 0.4079 	 0.3286 	 0.1123 	 0.3749 	 0.2781
2.1643 	 -0.1417 	 -0.6933 	 -0.7194 	 0.1159 	 0.4117 	 0.3314 	 0.1132 	 0.3807 	 0.2822
2.1743 	 -0.1406 	 -0.6891 	 -0.7160 	 0.1170 	 0.4155 	 0.3343 	 0.1141 	 0.3868 	 0.2863
2.1844 	 -0.1394 	 -0.6849 	 -0.7127 	 0.1181 	 0.4195 	 0.3372 	 0.1138 	 0.3966 	 0.2949
2.1944 	 -0.1382 	 -0.6807 	 -0.7093 	 0.1193 	 0.4235 	 0.3402 	 0.1148 	 0.4023 	 0.2983
2.2044 	 -0.1370 	 -0.6764 	 -0.7058 	 0.1204 	 0.4275 	 0.3432 	 0.1157 	 0.4081 	 0.3019
2.2144 	 -0.1358 	 -0.6721 	 -0.7024 	 0.1216 	 0.4316 	 0.3462 	 0.1167 	 0.4142 	 0.3055
2.2244 	 -0.1346 	 -0.6678 	 -0.6989 	 0.1228 	 0.4358 	 0.3493 	 0.1177 	 0.4204 	 0.3093
2.2345 	 -0.1333 	 -0.6634 	 -0.6954 	 0.1240 	 0.4401 	 0.3524 	 0.1186 	 0.4269 	 0.3131
2.2445 	 -0.1321 	 -0.6590 	 -0.6918 	 0.1252 	 0.4444 	 0.3556 	 0.1196 	 0.4336 	 0.3171
2.2545 	 -0.1308 	 -0.6545 	 -0.6883 	 0.1264 	 0.4488 	 0.3588 	 0.1205 	 0.4405 	 0.3212
2.2645 	 -0.1295 	 -0.6500 	 -0.6846 	 0.1276 	 0.4532 	 0.3620 	 0.1214 	 0.4476 	 0.3253
2.2745 	 -0.1283 	 -0.6454 	 -0.6810 	 0.1288 	 0.4577 	 0.3653 	 0.1223 	 0.4550 	 0.3296
2.2846 	 -0.1270 	 -0.6408 	 -0.6773 	 0.1300 	 0.4624 	 0.3687 	 0.1220 	 0.4659 	 0.3387
2.2946 	 -0.1256 	 -0.6361 	 -0.6736 	 0.1312 	 0.4671 	 0.3721 	 0.1211 	 0.4788 	 0.3438
2.3046 	 -0.1243 	 -0.6314 	 -0.6699 	 0.1325 	 0.4719 	 0.3755 	 0.1224 	 0.4855 	 0.3473
2.3146 	 -0.1230 	 -0.6267 	 -0.6661 	 0.1337 	 0.4768 	 0.3790 	 0.1237 	 0.4924 	 0.3510
2.3246 	 -0.1216 	 -0.6219 	 -0.6623 	 0.1349 	 0.4818 	 0.3826 	 0.1251 	 0.4996 	 0.3547
2.3347 	 -0.1203 	 -0.6170 	 -0.6584 	 0.1362 	 0.4868 	 0.3862 	 0.1265 	 0.5070 	 0.3586
2.3447 	 -0.1189 	 -0.6121 	 -0.6545 	 0.1375 	 0.4919 	 0.3898 	 0.1279 	 0.5147 	 0.3625
2.3547 	 -0.1175 	 -0.6072 	 -0.6506 	 0.1388 	 0.4971 	 0.3934 	 0.1295 	 0.5226 	 0.3666
2.3647 	 -0.1161 	 -0.6022 	 -0.6466 	 0.1401 	 0.5024 	 0.3971 	 0.1310 	 0.5307 	 0.3709
2.3747 	 -0.1147 	 -0.5971 	 -0.6426 	 0.1414 	 0.5078 	 0.4009 	 0.1327 	 0.5392 	 0.3752
2.3848 	 -0.1133 	 -0.5920 	 -0.6386 	 0.1427 	 0.5132 	 0.4046 	 0.1344 	 0.5479 	 0.3797
2.3948 	 -0.1119 	 -0.5868 	 -0.6345 	 0.1441 	 0.5187 	 0.4085 	 0.1363 	 0.5570 	 0.3843
2.4048 	 -0.1104 	 -0.5816 	 -0.6304 	 0.1455 	 0.5244 	 0.4123 	 0.1382 	 0.5663 	 0.3891
2.4148 	 -0.1090 	 -0.5763 	 -0.6263 	 0.1468 	 0.5301 	 0.4163 	 0.1402 	 0.5760 	 0.3941
2.4248 	 -0.1075 	 -0.5710 	 -0.6221 	 0.1483 	 0.5359 	 0.4202 	 0.1424 	 0.5861 	 0.3993
2.4349 	 -0.1060 	 -0.5656 	 -0.6179 	 0.1497 	 0.5418 	 0.4243 	 0.1448 	 0.5965 	 0.4046
2.4449 	 -0.1045 	 -0.5601 	 -0.6136 	 0.1512 	 0.5479 	 0.4283 	 0.1473 	 0.6073 	 0.4102
2.4549 	 -0.1030 	 -0.5546 	 -0.6093 	 0.1527 	 0.5540 	 0.4325 	 0.1506 	 0.6207 	 0.4212
2.4649 	 -0.1014 	 -0.5490 	 -0.6049 	 0.1542 	 0.5603 	 0.4367 	 0.1533 	 0.6316 	 0.4258
2.4749 	 -0.0999 	 -0.5434 	 -0.6005 	 0.1557 	 0.5667 	 0.4410 	 0.1563 	 0.6430 	 0.4305
2.4850 	 -0.0983 	 -0.5377 	 -0.5961 	 0.1573 	 0.5732 	 0.4454 	 0.1597 	 0.6550 	 0.4354
2.4950 	 -0.0967 	 -0.5319 	 -0.5916 	 0.1589 	 0.5798 	 0.4498 	 0.1643 	 0.6719 	 0.4449
2.5050 	 -0.0951 	 -0.5260 	 -0.5871 	 0.1606 	 0.5866 	 0.4543 	 0.1684 	 0.6850 	 0.4501
2.5150 	 -0.0935 	 -0.5201 	 -0.5825 	 0.1623 	 0.5936 	 0.4588 	 0.1728 	 0.6989 	 0.4554
2.5251 	 -0.0919 	 -0.5141 	 -0.5779 	 0.1641 	 0.6006 	 0.4634 	 0.1777 	 0.7135 	 0.4611
2.5351 	 -0.0902 	 -0.5081 	 -0.5732 	 0.1659 	 0.6079 	 0.4680 	 0.1831 	 0.7290 	 0.4671
2.5451 	 -0.0885 	 -0.5020 	 -0.5685 	 0.1677 	 0.6153 	 0.4728 	 0.1889 	 0.7454 	 0.4734
2.5551 	 -0.0868 	 -0.4958 	 -0.5637 	 0.1697 	 0.6228 	 0.4775 	 0.1953 	 0.7628 	 0.4802
2.5651 	 -0.0851 	 -0.4895 	 -0.5589 	 0.1717 	 0.6305 	 0.4824 	 0.2023 	 0.7814 	 0.4873
2.5752 	 -0.0834 	 -0.4831 	 -0.5541 	 0.1737 	 0.6385 	 0.4873 	 0.2099 	 0.8012 	 0.4950
2.5852 	 -0.0816 	 -0.4767 	 -0.5491 	 0.1759 	 0.6466 	 0.4923 	 0.2181 	 0.8223 	 0.5031
2.5952 	 -0.0799 	 -0.4702 	 -0.5442 	 0.1781 	 0.6550 	 0.4974 	 0.2238 	 0.8482 	 0.5157
2.6052 	 -0.0781 	 -0.4635 	 -0.5392 	 0.1804 	 0.6636 	 0.5026 	 0.2341 	 0.8719 	 0.5241
2.6152 	 -0.0763 	 -0.4569 	 -0.5341 	 0.1828 	 0.6724 	 0.5079 	 0.2453 	 0.8973 	 0.5332
2.6253 	 -0.0744 	 -0.4501 	 -0.5290 	 0.1853 	 0.6816 	 0.5133 	 0.2575 	 0.9247 	 0.5428
2.6353 	 -0.0725 	 -0.4432 	 -0.5238 	 0.1880 	 0.6910 	 0.5188 	 0.2749 	 0.9639 	 0.5571
2.6453 	 -0.0706 	 -0.4362 	 -0.5186 	 0.1909 	 0.7011 	 0.5245 	 0.3034 	 1.0326 	 0.5816
2.6553 	 -0.0687 	 -0.4291 	 -0.5133 	 0.1941 	 0.7118 	 0.5305 	 0.3358 	 1.1077 	 0.6171
2.6653 	 -0.0668 	 -0.4219 	 -0.5080 	 0.1976 	 0.7232 	 0.5368 	 0.3499 	 1.1449 	 0.6309
2.6754 	 -0.0648 	 -0.4146 	 -0.5026 	 0.2011 	 0.7347 	 0.5432 	 0.3618 	 1.1689 	 0.6377
2.6854 	 -0.0627 	 -0.4072 	 -0.4971 	 0.2048 	 0.7465 	 0.5495 	 0.3698 	 1.1876 	 0.6378
2.6954 	 -0.0607 	 -0.3997 	 -0.4915 	 0.2085 	 0.7585 	 0.5559 	 0.3766 	 1.2048 	 0.6407
2.7054 	 -0.0585 	 -0.3920 	 -0.4859 	 0.2123 	 0.7706 	 0.5624 	 0.3830 	 1.2195 	 0.6433
2.7154 	 -0.0564 	 -0.3842 	 -0.4803 	 0.2162 	 0.7828 	 0.5688 	 0.3869 	 1.2239 	 0.6382
2.7255 	 -0.0542 	 -0.3763 	 -0.4745 	 0.2201 	 0.7951 	 0.5752 	 0.3962 	 1.2385 	 0.6375
2.7355 	 -0.0520 	 -0.3683 	 -0.4687 	 0.2241 	 0.8076 	 0.5815 	 0.4002 	 1.2461 	 0.6341
2.7455 	 -0.0497 	 -0.3601 	 -0.4629 	 0.2281 	 0.8201 	 0.5879 	 0.4041 	 1.2529 	 0.6291
2.7555 	 -0.0474 	 -0.3519 	 -0.4570 	 0.2322 	 0.8327 	 0.5941 	 0.4072 	 1.2546 	 0.6201
2.7655 	 -0.0451 	 -0.3435 	 -0.4510 	 0.2363 	 0.8453 	 0.6003 	 0.4105 	 1.2566 	 0.6107
2.7756 	 -0.0427 	 -0.3349 	 -0.4449 	 0.2404 	 0.8580 	 0.6064 	 0.4152 	 1.2661 	 0.6077
2.7856 	 -0.0402 	 -0.3263 	 -0.4388 	 0.2446 	 0.8706 	 0.6125 	 0.4183 	 1.2647 	 0.5940
2.7956 	 -0.0378 	 -0.3175 	 -0.4327 	 0.2488 	 0.8833 	 0.6183 	 0.4218 	 1.2629 	 0.5795
2.8056 	 -0.0353 	 -0.3086 	 -0.4264 	 0.2530 	 0.8960 	 0.6241 	 0.4257 	 1.2605 	 0.5641
2.8156 	 -0.0327 	 -0.2995 	 -0.4202 	 0.2573 	 0.9086 	 0.6296 	 0.4301 	 1.2573 	 0.5479
2.8257 	 -0.0301 	 -0.2904 	 -0.4138 	 0.2617 	 0.9212 	 0.6351 	 0.4414 	 1.2616 	 0.5361
2.8357 	 -0.0275 	 -0.2811 	 -0.4074 	 0.2661 	 0.9338 	 0.6403 	 0.4462 	 1.2546 	 0.5181
2.8457 	 -0.0248 	 -0.2716 	 -0.4010 	 0.2706 	 0.9463 	 0.6454 	 0.4509 	 1.2458 	 0.4990
2.8557 	 -0.0220 	 -0.2621 	 -0.3945 	 0.2752 	 0.9587 	 0.6503 	 0.4565 	 1.2379 	 0.4834
2.8657 	 -0.0193 	 -0.2524 	 -0.3880 	 0.2798 	 0.9711 	 0.6551 	 0.4596 	 1.2236 	 0.4602
2.8758 	 -0.0164 	 -0.2426 	 -0.3814 	 0.2844 	 0.9832 	 0.6596 	 0.4564 	 1.2101 	 0.4441
2.8858 	 -0.0136 	 -0.2327 	 -0.3747 	 0.2890 	 0.9953 	 0.6639 	 0.4607 	 1.1990 	 0.4273
2.8958 	 -0.0106 	 -0.2227 	 -0.3681 	 0.2936 	 1.0072 	 0.6680 	 0.4575 	 1.1751 	 0.3962
2.9058 	 -0.0077 	 -0.2125 	 -0.3614 	 0.2981 	 1.0189 	 0.6718 	 0.4507 	 1.1467 	 0.3629
2.9158 	 -0.0047 	 -0.2023 	 -0.3546 	 0.3026 	 1.0302 	 0.6753 	 0.4417 	 1.1161 	 0.3310
2.9259 	 -0.0016 	 -0.1919 	 -0.3478 	 0.3069 	 1.0412 	 0.6785 	 0.4286 	 1.0780 	 0.2873
2.9359 	 0.0015 	 -0.1814 	 -0.3410 	 0.3111 	 1.0518 	 0.6811 	 0.4085 	 1.0294 	 0.2488
2.9459 	 0.0046 	 -0.1708 	 -0.3342 	 0.3151 	 1.0618 	 0.6834 	 0.3847 	 0.9718 	 0.2116
2.9559 	 0.0078 	 -0.1601 	 -0.3273 	 0.3189 	 1.0713 	 0.6855 	 0.3603 	 0.9102 	 0.1853
2.9659 	 0.0110 	 -0.1494 	 -0.3204 	 0.3223 	 1.0800 	 0.6872 	 0.3269 	 0.8298 	 0.1538
2.9760 	 0.0143 	 -0.1385 	 -0.3136 	 0.3254 	 1.0879 	 0.6886 	 0.2888 	 0.7388 	 0.1342
2.9860 	 0.0175 	 -0.1276 	 -0.3066 	 0.3281 	 1.0948 	 0.6898 	 0.2404 	 0.6345 	 0.1122
2.9960 	 0.0208 	 -0.1166 	 -0.2997 	 0.3302 	 1.1005 	 0.6908 	 0.1767 	 0.5081 	 0.0888
3.0060 	 0.0241 	 -0.1055 	 -0.2928 	 0.3316 	 1.1049 	 0.6916 	 0.1036 	 0.3711 	 0.0606
3.0160 	 0.0275 	 -0.0944 	 -0.2859 	 0.3323 	 1.1080 	 0.6920 	 0.0293 	 0.2351 	 0.0353
3.0261 	 0.0308 	 -0.0833 	 -0.2789 	 0.3322 	 1.1096 	 0.6922 	 -0.0421 	 0.0714 	 -0.0020
3.0361 	 0.0341 	 -0.0722 	 -0.2720 	 0.3314 	 1.1093 	 0.6920 	 -0.1144 	 -0.1457 	 -0.0680
3.0461 	 0.0374 	 -0.0611 	 -0.2651 	 0.3301 	 1.1071 	 0.6909 	 -0.1308 	 -0.2928 	 -0.1320
3.0561 	 0.0407 	 -0.0500 	 -0.2582 	 0.3288 	 1.1035 	 0.6893 	 -0.1411 	 -0.4068 	 -0.1875
3.0661 	 0.0440 	 -0.0390 	 -0.2513 	 0.3273 	 1.0990 	 0.6872 	 -0.1454 	 -0.4995 	 -0.2387
3.0762 	 0.0473 	 -0.0280 	 -0.2444 	 0.3259 	 1.0936 	 0.6846 	 -0.1464 	 -0.5779 	 -0.2865
3.0862 	 0.0506 	 -0.0171 	 -0.2376 	 0.3244 	 1.0875 	 0.6814 	 -0.1437 	 -0.6445 	 -0.3373
3.0962 	 0.0538 	 -0.0062 	 -0.2307 	 0.3230 	 1.0807 	 0.6778 	 -0.1435 	 -0.7063 	 -0.3817
3.1062 	 0.0570 	 0.0046 	 -0.2240 	 0.3216 	 1.0733 	 0.6738 	 -0.1440 	 -0.7621 	 -0.4264
3.1162 	 0.0602 	 0.0153 	 -0.2172 	 0.3201 	 1.0654 	 0.6693 	 -0.1518 	 -0.8140 	 -0.4693
3.1263 	 0.0634 	 0.0259 	 -0.2106 	 0.3185 	 1.0571 	 0.6644 	 -0.1525 	 -0.8563 	 -0.5057
3.1363 	 0.0666 	 0.0365 	 -0.2039 	 0.3170 	 1.0483 	 0.6591 	 -0.1563 	 -0.8980 	 -0.5451
3.1463 	 0.0698 	 0.0469 	 -0.1974 	 0.3154 	 1.0391 	 0.6535 	 -0.1607 	 -0.9339 	 -0.5763
3.1563 	 0.0729 	 0.0573 	 -0.1908 	 0.3138 	 1.0296 	 0.6476 	 -0.1647 	 -0.9639 	 -0.6053
3.1663 	 0.0761 	 0.0675 	 -0.1844 	 0.3121 	 1.0198 	 0.6414 	 -0.1678 	 -0.9797 	 -0.6231
3.1764 	 0.0792 	 0.0777 	 -0.1780 	 0.3104 	 1.0099 	 0.6350 	 -0.1754 	 -1.0047 	 -0.6394
3.1864 	 0.0823 	 0.0878 	 -0.1717 	 0.3086 	 0.9997 	 0.6286 	 -0.1859 	 -1.0298 	 -0.6515
3.1964 	 0.0854 	 0.0977 	 -0.1654 	 0.3067 	 0.9893 	 0.6220 	 -0.1942 	 -1.0428 	 -0.6548
3.2064 	 0.0884 	 0.1076 	 -0.1592 	 0.3047 	 0.9788 	 0.6155 	 -0.2008 	 -1.0556 	 -0.6592
3.2164 	 0.0915 	 0.1174 	 -0.1531 	 0.3026 	 0.9681 	 0.6088 	 -0.2082 	 -1.0692 	 -0.6677
3.2265 	 0.0945 	 0.1270 	 -0.1470 	 0.3005 	 0.9574 	 0.6022 	 -0.2123 	 -1.0732 	 -0.6632
3.2365 	 0.0975 	 0.1365 	 -0.1410 	 0.2984 	 0.9466 	 0.5955 	 -0.2175 	 -1.0759 	 -0.6667
3.2465 	 0.1005 	 0.1460 	 -0.1351 	 0.2962 	 0.9358 	 0.5888 	 -0.2203 	 -1.0801 	 -0.6649
3.2565 	 0.1034 	 0.1553 	 -0.1292 	 0.2940 	 0.9250 	 0.5822 	 -0.2244 	 -1.0862 	 -0.6681
3.2665 	 0.1064 	 0.1645 	 -0.1234 	 0.2917 	 0.9141 	 0.5755 	 -0.2300 	 -1.0734 	 -0.6613
3.2766 	 0.1093 	 0.1736 	 -0.1177 	 0.2894 	 0.9034 	 0.5689 	 -0.2336 	 -1.0744 	 -0.6619
3.2866 	 0.1122 	 0.1826 	 -0.1120 	 0.2870 	 0.8926 	 0.5622 	 -0.2426 	 -1.0731 	 -0.6600
3.2966 	 0.1150 	 0.1915 	 -0.1064 	 0.2845 	 0.8819 	 0.5556 	 -0.2453 	 -1.0692 	 -0.6563
3.3066 	 0.1179 	 0.2003 	 -0.1009 	 0.2821 	 0.8712 	 0.5490 	 -0.2498 	 -1.0642 	 -0.6574
3.3166 	 0.1207 	 0.2090 	 -0.0954 	 0.2796 	 0.8606 	 0.5425 	 -0.2484 	 -1.0553 	 -0.6568
3.3267 	 0.1235 	 0.2175 	 -0.0900 	 0.2771 	 0.8501 	 0.5359 	 -0.2449 	 -1.0429 	 -0.6489
3.3367 	 0.1262 	 0.2260 	 -0.0846 	 0.2746 	 0.8396 	 0.5294 	 -0.2441 	 -1.0348 	 -0.6443
3.3467 	 0.1290 	 0.2344 	 -0.0794 	 0.2722 	 0.8294 	 0.5231 	 -0.2444 	 -1.0175 	 -0.6293
3.3567 	 0.1317 	 0.2426 	 -0.0742 	 0.2698 	 0.8193 	 0.5168 	 -0.2378 	 -1.0045 	 -0.6198
3.3667 	 0.1344 	 0.2508 	 -0.0690 	 0.2674 	 0.8092 	 0.5107 	 -0.2386 	 -0.9997 	 -0.6163
3.3768 	 0.1371 	 0.2588 	 -0.0639 	 0.2650 	 0.7992 	 0.5045 	 -0.2426 	 -0.9957 	 -0.6028
3.3868 	 0.1397 	 0.2668 	 -0.0589 	 0.2626 	 0.7894 	 0.4986 	 -0.2418 	 -0.9635 	 -0.5799
3.3968 	 0.1423 	 0.2747 	 -0.0539 	 0.2602 	 0.7798 	 0.4928 	 -0.2362 	 -0.9429 	 -0.5684
3.4068 	 0.1449 	 0.2824 	 -0.0490 	 0.2578 	 0.7705 	 0.4872 	 -0.2251 	 -0.9035 	 -0.5486
3.4168 	 0.1475 	 0.2901 	 -0.0442 	 0.2556 	 0.7616 	 0.4818 	 -0.2166 	 -0.8706 	 -0.5320
3.4269 	 0.1500 	 0.2977 	 -0.0394 	 0.2535 	 0.7531 	 0.4766 	 -0.2045 	 -0.8301 	 -0.5122
3.4369 	 0.1526 	 0.3052 	 -0.0346 	 0.2515 	 0.7450 	 0.4715 	 -0.1979 	 -0.8052 	 -0.4987
3.4469 	 0.1551 	 0.3126 	 -0.0299 	 0.2495 	 0.7370 	 0.4666 	 -0.1937 	 -0.7871 	 -0.4885
3.4569 	 0.1576 	 0.3200 	 -0.0253 	 0.2476 	 0.7292 	 0.4617 	 -0.1894 	 -0.7658 	 -0.4735
3.4669 	 0.1600 	 0.3272 	 -0.0207 	 0.2458 	 0.7217 	 0.4570 	 -0.1788 	 -0.7384 	 -0.4638
3.4770 	 0.1625 	 0.3344 	 -0.0161 	 0.2440 	 0.7144 	 0.4524 	 -0.1664 	 -0.7042 	 -0.4527
3.4870 	 0.1649 	 0.3416 	 -0.0116 	 0.2424 	 0.7074 	 0.4480 	 -0.1617 	 -0.6864 	 -0.4435
3.4970 	 0.1674 	 0.3486 	 -0.0071 	 0.2408 	 0.7007 	 0.4436 	 -0.1573 	 -0.6697 	 -0.4349
3.5070 	 0.1698 	 0.3556 	 -0.0027 	 0.2392 	 0.6940 	 0.4392 	 -0.1531 	 -0.6540 	 -0.4268
3.5170 	 0.1721 	 0.3625 	 0.0017 	 0.2377 	 0.6875 	 0.4350 	 -0.1492 	 -0.6393 	 -0.4193
3.5271 	 0.1745 	 0.3694 	 0.0060 	 0.2362 	 0.6812 	 0.4308 	 -0.1442 	 -0.6258 	 -0.4057
3.5371 	 0.1769 	 0.3762 	 0.0103 	 0.2348 	 0.6750 	 0.4268 	 -0.1406 	 -0.6129 	 -0.3982
3.5471 	 0.1792 	 0.3829 	 0.0146 	 0.2334 	 0.6689 	 0.4229 	 -0.1372 	 -0.6008 	 -0.3912
3.5571 	 0.1816 	 0.3896 	 0.0188 	 0.2321 	 0.6630 	 0.4190 	 -0.1340 	 -0.5894 	 -0.3846
3.5671 	 0.1839 	 0.3962 	 0.0230 	 0.2307 	 0.6571 	 0.4152 	 -0.1310 	 -0.5788 	 -0.3784
3.5772 	 0.1862 	 0.4027 	 0.0271 	 0.2294 	 0.6514 	 0.4114 	 -0.1281 	 -0.5688 	 -0.3725
3.5872 	 0.1885 	 0.4092 	 0.0312 	 0.2282 	 0.6457 	 0.4077 	 -0.1254 	 -0.5594 	 -0.3669
3.5972 	 0.1908 	 0.4157 	 0.0353 	 0.2269 	 0.6402 	 0.4040 	 -0.1229 	 -0.5505 	 -0.3616
3.6072 	 0.1930 	 0.4221 	 0.0393 	 0.2257 	 0.6347 	 0.4004 	 -0.1205 	 -0.5422 	 -0.3566
3.6172 	 0.1953 	 0.4284 	 0.0433 	 0.2245 	 0.6293 	 0.3969 	 -0.1182 	 -0.5344 	 -0.3519
3.6273 	 0.1975 	 0.4347 	 0.0473 	 0.2233 	 0.6240 	 0.3934 	 -0.1161 	 -0.5271 	 -0.3473
3.6373 	 0.1998 	 0.4409 	 0.0512 	 0.2222 	 0.6187 	 0.3899 	 -0.1141 	 -0.5202 	 -0.3430
3.6473 	 0.2020 	 0.4471 	 0.0551 	 0.2211 	 0.6135 	 0.3865 	 -0.1122 	 -0.5137 	 -0.3389
3.6573 	 0.2042 	 0.4532 	 0.0589 	 0.2199 	 0.6084 	 0.3831 	 -0.1104 	 -0.5076 	 -0.3350
3.6673 	 0.2064 	 0.4593 	 0.0628 	 0.2188 	 0.6034 	 0.3798 	 -0.1087 	 -0.5018 	 -0.3312
3.6774 	 0.2086 	 0.4653 	 0.0665 	 0.2178 	 0.5984 	 0.3765 	 -0.1072 	 -0.4964 	 -0.3276
3.6874 	 0.2107 	 0.4713 	 0.0703 	 0.2167 	 0.5934 	 0.3732 	 -0.1071 	 -0.4875 	 -0.3191
3.6974 	 0.2129 	 0.4772 	 0.0740 	 0.2156 	 0.5886 	 0.3701 	 -0.1058 	 -0.4825 	 -0.3156
3.7074 	 0.2151 	 0.4831 	 0.0777 	 0.2146 	 0.5838 	 0.3669 	 -0.1046 	 -0.4777 	 -0.3122
3.7174 	 0.2172 	 0.4889 	 0.0814 	 0.2135 	 0.5790 	 0.3638 	 -0.1035 	 -0.4732 	 -0.3090
3.7275 	 0.2193 	 0.4947 	 0.0850 	 0.2125 	 0.5743 	 0.3607 	 -0.1025 	 -0.4689 	 -0.3059
3.7375 	 0.2215 	 0.5004 	 0.0886 	 0.2115 	 0.5696 	 0.3577 	 -0.1016 	 -0.4648 	 -0.3029
3.7475 	 0.2236 	 0.5061 	 0.0922 	 0.2105 	 0.5650 	 0.3547 	 -0.1007 	 -0.4610 	 -0.3001
3.7575 	 0.2257 	 0.5117 	 0.0957 	 0.2095 	 0.5604 	 0.3517 	 -0.0999 	 -0.4573 	 -0.2973
3.7675 	 0.2278 	 0.5173 	 0.0992 	 0.2085 	 0.5558 	 0.3487 	 -0.0992 	 -0.4537 	 -0.2946
3.7776 	 0.2299 	 0.5229 	 0.1027 	 0.2075 	 0.5513 	 0.3458 	 -0.0986 	 -0.4503 	 -0.2920
3.7876 	 0.2319 	 0.5284 	 0.1062 	 0.2065 	 0.5468 	 0.3428 	 -0.0980 	 -0.4471 	 -0.2895
3.7976 	 0.2340 	 0.5338 	 0.1096 	 0.2055 	 0.5423 	 0.3400 	 -0.0975 	 -0.4440 	 -0.2871
3.8076 	 0.2361 	 0.5392 	 0.1130 	 0.2045 	 0.5379 	 0.3371 	 -0.0971 	 -0.4411 	 -0.2848
3.8176 	 0.2381 	 0.5446 	 0.1163 	 0.2036 	 0.5335 	 0.3343 	 -0.0967 	 -0.4382 	 -0.2825
3.8277 	 0.2401 	 0.5499 	 0.1197 	 0.2026 	 0.5291 	 0.3314 	 -0.0964 	 -0.4355 	 -0.2803
3.8377 	 0.2422 	 0.5552 	 0.1230 	 0.2016 	 0.5247 	 0.3286 	 -0.0936 	 -0.4302 	 -0.2724
3.8477 	 0.2442 	 0.5604 	 0.1262 	 0.2007 	 0.5204 	 0.3259 	 -0.0931 	 -0.4271 	 -0.2696
3.8577 	 0.2462 	 0.5656 	 0.1295 	 0.1998 	 0.5162 	 0.3232 	 -0.0926 	 -0.4242 	 -0.2669
3.8677 	 0.2482 	 0.5708 	 0.1327 	 0.1988 	 0.5119 	 0.3206 	 -0.0922 	 -0.4213 	 -0.2643
3.8778 	 0.2502 	 0.5759 	 0.1359 	 0.1979 	 0.5077 	 0.3179 	 -0.0918 	 -0.4184 	 -0.2618
3.8878 	 0.2522 	 0.5810 	 0.1391 	 0.1970 	 0.5036 	 0.3153 	 -0.0915 	 -0.4157 	 -0.2593
3.8978 	 0.2541 	 0.5860 	 0.1422 	 0.1961 	 0.4994 	 0.3127 	 -0.0913 	 -0.4130 	 -0.2570
3.9078 	 0.2561 	 0.5910 	 0.1454 	 0.1952 	 0.4953 	 0.3102 	 -0.0911 	 -0.4104 	 -0.2547
3.9178 	 0.2580 	 0.5959 	 0.1485 	 0.1943 	 0.4912 	 0.3076 	 -0.0909 	 -0.4078 	 -0.2525
3.9279 	 0.2600 	 0.6008 	 0.1515 	 0.1933 	 0.4871 	 0.3051 	 -0.0908 	 -0.4053 	 -0.2503
3.9379 	 0.2619 	 0.6057 	 0.1546 	 0.1924 	 0.4831 	 0.3026 	 -0.0907 	 -0.4028 	 -0.2483
3.9479 	 0.2638 	 0.6105 	 0.1576 	 0.1915 	 0.4790 	 0.3001 	 -0.0907 	 -0.4004 	 -0.2463
3.9579 	 0.2657 	 0.6153 	 0.1606 	 0.1906 	 0.4750 	 0.2977 	 -0.0926 	 -0.3977 	 -0.2381
3.9679 	 0.2676 	 0.6200 	 0.1636 	 0.1897 	 0.4711 	 0.2953 	 -0.0926 	 -0.3953 	 -0.2359
3.9780 	 0.2695 	 0.6247 	 0.1665 	 0.1888 	 0.4671 	 0.2930 	 -0.0927 	 -0.3929 	 -0.2337
3.9880 	 0.2714 	 0.6294 	 0.1694 	 0.1878 	 0.4632 	 0.2906 	 -0.0928 	 -0.3906 	 -0.2315
3.9980 	 0.2733 	 0.6340 	 0.1723 	 0.1869 	 0.4593 	 0.2883 	 -0.0929 	 -0.3883 	 -0.2294
4.0080 	 0.2752 	 0.6386 	 0.1752 	 0.1860 	 0.4554 	 0.2860 	 -0.0930 	 -0.3860 	 -0.2274
4.0180 	 0.2770 	 0.6431 	 0.1781 	 0.1850 	 0.4515 	 0.2838 	 -0.0931 	 -0.3838 	 -0.2254
4.0281 	 0.2789 	 0.6476 	 0.1809 	 0.1841 	 0.4477 	 0.2815 	 -0.0932 	 -0.3816 	 -0.2234
4.0381 	 0.2807 	 0.6521 	 0.1837 	 0.1832 	 0.4439 	 0.2793 	 -0.0933 	 -0.3795 	 -0.2215
4.0481 	 0.2826 	 0.6565 	 0.1865 	 0.1822 	 0.4401 	 0.2771 	 -0.0935 	 -0.3774 	 -0.2196
4.0581 	 0.2844 	 0.6609 	 0.1893 	 0.1813 	 0.4363 	 0.2749 	 -0.0936 	 -0.3753 	 -0.2178
4.0681 	 0.2862 	 0.6653 	 0.1920 	 0.1804 	 0.4326 	 0.2727 	 -0.0937 	 -0.3732 	 -0.2160
4.0782 	 0.2880 	 0.6696 	 0.1947 	 0.1794 	 0.4289 	 0.2706 	 -0.0939 	 -0.3712 	 -0.2143
4.0882 	 0.2898 	 0.6739 	 0.1974 	 0.1785 	 0.4251 	 0.2684 	 -0.0940 	 -0.3692 	 -0.2126
4.0982 	 0.2916 	 0.6781 	 0.2001 	 0.1775 	 0.4215 	 0.2663 	 -0.0941 	 -0.3673 	 -0.2110
4.1082 	 0.2933 	 0.6823 	 0.2028 	 0.1766 	 0.4178 	 0.2642 	 -0.0942 	 -0.3653 	 -0.2094
4.1182 	 0.2951 	 0.6865 	 0.2054 	 0.1756 	 0.4141 	 0.2621 	 -0.0944 	 -0.3634 	 -0.2078
4.1283 	 0.2969 	 0.6906 	 0.2080 	 0.1747 	 0.4105 	 0.2600 	 -0.0945 	 -0.3616 	 -0.2062
4.1383 	 0.2986 	 0.6947 	 0.2106 	 0.1738 	 0.4069 	 0.2580 	 -0.0946 	 -0.3597 	 -0.2047
4.1483 	 0.3003 	 0.6988 	 0.2132 	 0.1728 	 0.4033 	 0.2559 	 -0.0947 	 -0.3579 	 -0.2033
4.1583 	 0.3021 	 0.7028 	 0.2157 	 0.1718 	 0.3998 	 0.2539 	 -0.0962 	 -0.3499 	 -0.1989
4.1683 	 0.3038 	 0.7068 	 0.2183 	 0.1709 	 0.3963 	 0.2519 	 -0.0964 	 -0.3474 	 -0.1972
4.1784 	 0.3055 	 0.7107 	 0.2208 	 0.1699 	 0.3928 	 0.2500 	 -0.0965 	 -0.3450 	 -0.1955
4.1884 	 0.3072 	 0.7146 	 0.2233 	 0.1689 	 0.3894 	 0.2480 	 -0.0966 	 -0.3427 	 -0.1939
4.1984 	 0.3089 	 0.7185 	 0.2258 	 0.1680 	 0.3859 	 0.2461 	 -0.0967 	 -0.3404 	 -0.1922
4.2084 	 0.3106 	 0.7224 	 0.2282 	 0.1670 	 0.3825 	 0.2442 	 -0.0918 	 -0.3375 	 -0.1864
4.2184 	 0.3122 	 0.7262 	 0.2307 	 0.1661 	 0.3792 	 0.2424 	 -0.0917 	 -0.3352 	 -0.1847
4.2285 	 0.3139 	 0.7300 	 0.2331 	 0.1652 	 0.3758 	 0.2405 	 -0.0916 	 -0.3330 	 -0.1831
4.2385 	 0.3155 	 0.7337 	 0.2355 	 0.1643 	 0.3725 	 0.2387 	 -0.0914 	 -0.3308 	 -0.1814
4.2485 	 0.3172 	 0.7374 	 0.2379 	 0.1634 	 0.3692 	 0.2369 	 -0.0913 	 -0.3286 	 -0.1799
4.2585 	 0.3188 	 0.7411 	 0.2402 	 0.1625 	 0.3659 	 0.2351 	 -0.0911 	 -0.3265 	 -0.1783
4.2685 	 0.3204 	 0.7448 	 0.2426 	 0.1616 	 0.3627 	 0.2333 	 -0.0909 	 -0.3244 	 -0.1768
4.2786 	 0.3221 	 0.7484 	 0.2449 	 0.1606 	 0.3594 	 0.2315 	 -0.0907 	 -0.3223 	 -0.1753
4.2886 	 0.3237 	 0.7520 	 0.2472 	 0.1597 	 0.3562 	 0.2298 	 -0.0905 	 -0.3202 	 -0.1738
4.2986 	 0.3253 	 0.7555 	 0.2495 	 0.1588 	 0.3530 	 0.2281 	 -0.0902 	 -0.3182 	 -0.1724
4.3086 	 0.3268 	 0.7590 	 0.2518 	 0.1579 	 0.3498 	 0.2263 	 -0.0900 	 -0.3162 	 -0.1709
4.3186 	 0.3284 	 0.7625 	 0.2540 	 0.1570 	 0.3467 	 0.2246 	 -0.0898 	 -0.3143 	 -0.1696
4.3287 	 0.3300 	 0.7660 	 0.2563 	 0.1561 	 0.3435 	 0.2229 	 -0.0895 	 -0.3124 	 -0.1682
4.3387 	 0.3315 	 0.7694 	 0.2585 	 0.1552 	 0.3404 	 0.2213 	 -0.0892 	 -0.3105 	 -0.1669
4.3487 	 0.3331 	 0.7728 	 0.2607 	 0.1543 	 0.3373 	 0.2196 	 -0.0890 	 -0.3086 	 -0.1655
4.3587 	 0.3346 	 0.7762 	 0.2629 	 0.1534 	 0.3342 	 0.2179 	 -0.0887 	 -0.3068 	 -0.1642
4.3687 	 0.3362 	 0.7795 	 0.2651 	 0.1526 	 0.3311 	 0.2163 	 -0.0884 	 -0.3050 	 -0.1630
4.3788 	 0.3377 	 0.7828 	 0.2672 	 0.1517 	 0.3281 	 0.2147 	 -0.0881 	 -0.3032 	 -0.1617
4.3888 	 0.3392 	 0.7861 	 0.2694 	 0.1508 	 0.3251 	 0.2131 	 -0.0878 	 -0.3014 	 -0.1605
4.3988 	 0.3407 	 0.7893 	 0.2715 	 0.1499 	 0.3221 	 0.2115 	 -0.0875 	 -0.2997 	 -0.1593
4.4088 	 0.3422 	 0.7925 	 0.2736 	 0.1490 	 0.3191 	 0.2099 	 -0.0871 	 -0.2980 	 -0.1581
4.4188 	 0.3437 	 0.7957 	 0.2757 	 0.1482 	 0.3161 	 0.2083 	 -0.0868 	 -0.2963 	 -0.1569
4.4289 	 0.3452 	 0.7989 	 0.2778 	 0.1473 	 0.3131 	 0.2067 	 -0.0865 	 -0.2947 	 -0.1558
4.4389 	 0.3467 	 0.8020 	 0.2799 	 0.1464 	 0.3102 	 0.2052 	 -0.0861 	 -0.2930 	 -0.1546
4.4489 	 0.3481 	 0.8051 	 0.2819 	 0.1456 	 0.3073 	 0.2036 	 -0.0858 	 -0.2914 	 -0.1535
4.4589 	 0.3496 	 0.8082 	 0.2839 	 0.1447 	 0.3043 	 0.2021 	 -0.0855 	 -0.2898 	 -0.1524
4.4689 	 0.3510 	 0.8112 	 0.2860 	 0.1439 	 0.3014 	 0.2006 	 -0.0851 	 -0.2883 	 -0.1513
4.4790 	 0.3525 	 0.8142 	 0.2880 	 0.1430 	 0.2986 	 0.1991 	 -0.0848 	 -0.2867 	 -0.1502
4.4890 	 0.3539 	 0.8172 	 0.2899 	 0.1422 	 0.2957 	 0.1976 	 -0.0844 	 -0.2852 	 -0.1491
4.4990 	 0.3553 	 0.8201 	 0.2919 	 0.1413 	 0.2929 	 0.1961 	 -0.0841 	 -0.2837 	 -0.1481
4.5090 	 0.3567 	 0.8230 	 0.2939 	 0.1405 	 0.2900 	 0.1946 	 -0.0837 	 -0.2822 	 -0.1470
4.5190 	 0.3581 	 0.8259 	 0.2958 	 0.1396 	 0.2872 	 0.1931 	 -0.0834 	 -0.2808 	 -0.1460
4.5291 	 0.3595 	 0.8288 	 0.2977 	 0.1388 	 0.2844 	 0.1917 	 -0.0830 	 -0.2793 	 -0.1450
4.5391 	 0.3609 	 0.8316 	 0.2997 	 0.1380 	 0.2816 	 0.1902 	 -0.0827 	 -0.2779 	 -0.1440
4.5491 	 0.3623 	 0.8344 	 0.3016 	 0.1372 	 0.2788 	 0.1888 	 -0.0823 	 -0.2765 	 -0.1430
4.5591 	 0.3637 	 0.8372 	 0.3034 	 0.1363 	 0.2761 	 0.1873 	 -0.0820 	 -0.2752 	 -0.1420
4.5691 	 0.3650 	 0.8400 	 0.3053 	 0.1355 	 0.2733 	 0.1859 	 -0.0816 	 -0.2738 	 -0.1411
4.5792 	 0.3664 	 0.8427 	 0.3072 	 0.1347 	 0.2706 	 0.1845 	 -0.0813 	 -0.2725 	 -0.1401
4.5892 	 0.3677 	 0.8454 	 0.3090 	 0.1339 	 0.2678 	 0.1831 	 -0.0809 	 -0.2712 	 -0.1392
4.5992 	 0.3691 	 0.8481 	 0.3108 	 0.1331 	 0.2651 	 0.1817 	 -0.0806 	 -0.2700 	 -0.1383
4.6092 	 0.3704 	 0.8507 	 0.3127 	 0.1323 	 0.2624 	 0.1804 	 -0.0802 	 -0.2687 	 -0.1374
4.6192 	 0.3717 	 0.8533 	 0.3145 	 0.1315 	 0.2597 	 0.1790 	 -0.0799 	 -0.2675 	 -0.1365
4.6293 	 0.3730 	 0.8559 	 0.3162 	 0.1307 	 0.2571 	 0.1776 	 -0.0796 	 -0.2663 	 -0.1356
4.6393 	 0.3743 	 0.8585 	 0.3180 	 0.1299 	 0.2544 	 0.1763 	 -0.0792 	 -0.2651 	 -0.1347
4.6493 	 0.3756 	 0.8610 	 0.3198 	 0.1291 	 0.2518 	 0.1749 	 -0.0789 	 -0.2639 	 -0.1339
4.6593 	 0.3769 	 0.8635 	 0.3215 	 0.1283 	 0.2491 	 0.1736 	 -0.0786 	 -0.2628 	 -0.1330
4.6693 	 0.3782 	 0.8660 	 0.3233 	 0.1275 	 0.2465 	 0.1723 	 -0.0783 	 -0.2616 	 -0.1322
4.6794 	 0.3795 	 0.8685 	 0.3250 	 0.1267 	 0.2439 	 0.1709 	 -0.0779 	 -0.2605 	 -0.1314
4.6894 	 0.3807 	 0.8709 	 0.3267 	 0.1259 	 0.2413 	 0.1696 	 -0.0776 	 -0.2595 	 -0.1306
4.6994 	 0.3820 	 0.8733 	 0.3284 	 0.1252 	 0.2387 	 0.1683 	 -0.0773 	 -0.2584 	 -0.1298
4.7094 	 0.3832 	 0.8757 	 0.3301 	 0.1244 	 0.2361 	 0.1670 	 -0.0770 	 -0.2574 	 -0.1291
4.7194 	 0.3845 	 0.8780 	 0.3317 	 0.1236 	 0.2335 	 0.1657 	 -0.0767 	 -0.2563 	 -0.1283
4.7295 	 0.3857 	 0.8804 	 0.3334 	 0.1229 	 0.2310 	 0.1644 	 -0.0765 	 -0.2553 	 -0.1276
4.7395 	 0.3869 	 0.8827 	 0.3350 	 0.1221 	 0.2284 	 0.1632 	 -0.0762 	 -0.2544 	 -0.1269
4.7495 	 0.3882 	 0.8849 	 0.3366 	 0.1213 	 0.2259 	 0.1619 	 -0.0759 	 -0.2534 	 -0.1262
4.7595 	 0.3894 	 0.8872 	 0.3383 	 0.1206 	 0.2233 	 0.1606 	 -0.0756 	 -0.2524 	 -0.1256
4.7695 	 0.3906 	 0.8894 	 0.3399 	 0.1198 	 0.2208 	 0.1594 	 -0.0754 	 -0.2515 	 -0.1249
4.7796 	 0.3918 	 0.8916 	 0.3415 	 0.1191 	 0.2183 	 0.1581 	 -0.0751 	 -0.2506 	 -0.1243
4.7896 	 0.3930 	 0.8938 	 0.3430 	 0.1183 	 0.2158 	 0.1569 	 -0.0749 	 -0.2497 	 -0.1237
4.7996 	 0.3941 	 0.8959 	 0.3446 	 0.1176 	 0.2133 	 0.1557 	 -0.0746 	 -0.2488 	 -0.1231
4.8096 	 0.3953 	 0.8981 	 0.3462 	 0.1168 	 0.2108 	 0.1544 	 -0.0744 	 -0.2479 	 -0.1226
4.8196 	 0.3965 	 0.9002 	 0.3477 	 0.1161 	 0.2083 	 0.1532 	 -0.0742 	 -0.2471 	 -0.1220
4.8297 	 0.3976 	 0.9022 	 0.3492 	 0.1153 	 0.2058 	 0.1520 	 -0.0739 	 -0.2462 	 -0.1215
4.8397 	 0.3988 	 0.9043 	 0.3507 	 0.1146 	 0.2034 	 0.1508 	 -0.0737 	 -0.2454 	 -0.1210
4.8497 	 0.3999 	 0.9063 	 0.3522 	 0.1138 	 0.2009 	 0.1496 	 -0.0735 	 -0.2445 	 -0.1205
4.8597 	 0.4011 	 0.9083 	 0.3537 	 0.1131 	 0.1985 	 0.1484 	 -0.0733 	 -0.2437 	 -0.1201
4.8697 	 0.4022 	 0.9103 	 0.3552 	 0.1124 	 0.1960 	 0.1471 	 -0.0731 	 -0.2429 	 -0.1197
4.8798 	 0.4033 	 0.9122 	 0.3567 	 0.1116 	 0.1936 	 0.1460 	 -0.0729 	 -0.2421 	 -0.1192
4.8898 	 0.4044 	 0.9142 	 0.3581 	 0.1109 	 0.1912 	 0.1448 	 -0.0727 	 -0.2413 	 -0.1189
4.8998 	 0.4056 	 0.9161 	 0.3596 	 0.1102 	 0.1888 	 0.1436 	 -0.0725 	 -0.2405 	 -0.1185
4.9098 	 0.4067 	 0.9180 	 0.3610 	 0.1095 	 0.1864 	 0.1424 	 -0.0723 	 -0.2397 	 -0.1181
4.9198 	 0.4077 	 0.9198 	 0.3624 	 0.1087 	 0.1840 	 0.1412 	 -0.0721 	 -0.2389 	 -0.1178
4.9299 	 0.4088 	 0.9216 	 0.3638 	 0.1080 	 0.1816 	 0.1400 	 -0.0719 	 -0.2382 	 -0.1175
4.9399 	 0.4099 	 0.9234 	 0.3652 	 0.1073 	 0.1792 	 0.1388 	 -0.0717 	 -0.2374 	 -0.1172
4.9499 	 0.4110 	 0.9252 	 0.3666 	 0.1066 	 0.1768 	 0.1377 	 -0.0715 	 -0.2366 	 -0.1170
4.9599 	 0.4120 	 0.9270 	 0.3680 	 0.1059 	 0.1745 	 0.1365 	 -0.0713 	 -0.2358 	 -0.1167
4.9699 	 0.4131 	 0.9287 	 0.3694 	 0.1052 	 0.1721 	 0.1353 	 -0.0712 	 -0.2350 	 -0.1165
4.9800 	 0.4142 	 0.9304 	 0.3707 	 0.1044 	 0.1697 	 0.1342 	 -0.0710 	 -0.2343 	 -0.1163
4.9900 	 0.4152 	 0.9321 	 0.3721 	 0.1037 	 0.1674 	 0.1330 	 -0.0708 	 -0.2335 	 -0.1161
