100-Body Run with i = 5 th particle. (Units in pc,M_solar,Myr, km s-1) 

time		 x 		 y 		 z 		 xdot 		 ydot 		 zdot 		 xddot 		 yddot 		 zddot
0.0000 	 0.0012 	 -0.0121 	 0.3464 	 0.0133 	 0.0177 	 0.0077 	 0.0959 	 -0.0724 	 -0.6259
0.0100 	 0.0013 	 -0.0119 	 0.3465 	 0.0142 	 0.0170 	 0.0014 	 0.0950 	 -0.0734 	 -0.6262
0.0200 	 0.0015 	 -0.0118 	 0.3464 	 0.0152 	 0.0163 	 -0.0049 	 0.0940 	 -0.0743 	 -0.6266
0.0301 	 0.0016 	 -0.0116 	 0.3464 	 0.0161 	 0.0155 	 -0.0112 	 0.0931 	 -0.0752 	 -0.6271
0.0401 	 0.0018 	 -0.0114 	 0.3462 	 0.0170 	 0.0148 	 -0.0175 	 0.0922 	 -0.0761 	 -0.6276
0.0501 	 0.0020 	 -0.0113 	 0.3460 	 0.0180 	 0.0140 	 -0.0238 	 0.0913 	 -0.0770 	 -0.6281
0.0601 	 0.0022 	 -0.0112 	 0.3457 	 0.0189 	 0.0132 	 -0.0301 	 0.0905 	 -0.0779 	 -0.6288
0.0701 	 0.0023 	 -0.0110 	 0.3454 	 0.0198 	 0.0124 	 -0.0364 	 0.0896 	 -0.0787 	 -0.6295
0.0802 	 0.0025 	 -0.0109 	 0.3450 	 0.0207 	 0.0116 	 -0.0427 	 0.0888 	 -0.0796 	 -0.6302
0.0902 	 0.0028 	 -0.0108 	 0.3445 	 0.0216 	 0.0108 	 -0.0490 	 0.0880 	 -0.0804 	 -0.6311
0.1002 	 0.0030 	 -0.0107 	 0.3440 	 0.0224 	 0.0100 	 -0.0553 	 0.0872 	 -0.0812 	 -0.6319
0.1102 	 0.0032 	 -0.0106 	 0.3434 	 0.0233 	 0.0092 	 -0.0617 	 0.0864 	 -0.0820 	 -0.6329
0.1202 	 0.0034 	 -0.0105 	 0.3428 	 0.0242 	 0.0084 	 -0.0680 	 0.0856 	 -0.0828 	 -0.6339
0.1303 	 0.0037 	 -0.0104 	 0.3421 	 0.0250 	 0.0076 	 -0.0744 	 0.0849 	 -0.0835 	 -0.6350
0.1403 	 0.0039 	 -0.0104 	 0.3413 	 0.0259 	 0.0067 	 -0.0807 	 0.0842 	 -0.0843 	 -0.6362
0.1503 	 0.0042 	 -0.0103 	 0.3405 	 0.0267 	 0.0059 	 -0.0871 	 0.0834 	 -0.0850 	 -0.6374
0.1603 	 0.0045 	 -0.0102 	 0.3396 	 0.0275 	 0.0050 	 -0.0935 	 0.0828 	 -0.0857 	 -0.6387
0.1703 	 0.0048 	 -0.0102 	 0.3386 	 0.0284 	 0.0042 	 -0.0999 	 0.0821 	 -0.0864 	 -0.6401
0.1804 	 0.0051 	 -0.0102 	 0.3375 	 0.0292 	 0.0033 	 -0.1063 	 0.0814 	 -0.0871 	 -0.6416
0.1904 	 0.0053 	 -0.0101 	 0.3365 	 0.0300 	 0.0024 	 -0.1128 	 0.0808 	 -0.0878 	 -0.6431
0.2004 	 0.0057 	 -0.0101 	 0.3353 	 0.0308 	 0.0015 	 -0.1192 	 0.0802 	 -0.0885 	 -0.6448
0.2104 	 0.0060 	 -0.0101 	 0.3341 	 0.0316 	 0.0006 	 -0.1257 	 0.0796 	 -0.0892 	 -0.6465
0.2204 	 0.0063 	 -0.0101 	 0.3328 	 0.0324 	 -0.0003 	 -0.1322 	 0.0790 	 -0.0898 	 -0.6483
0.2305 	 0.0066 	 -0.0101 	 0.3314 	 0.0332 	 -0.0012 	 -0.1387 	 0.0784 	 -0.0904 	 -0.6502
0.2405 	 0.0069 	 -0.0101 	 0.3300 	 0.0340 	 -0.0021 	 -0.1452 	 0.0779 	 -0.0910 	 -0.6522
0.2505 	 0.0073 	 -0.0101 	 0.3285 	 0.0347 	 -0.0030 	 -0.1517 	 0.0773 	 -0.0916 	 -0.6543
0.2605 	 0.0076 	 -0.0102 	 0.3270 	 0.0355 	 -0.0039 	 -0.1583 	 0.0768 	 -0.0922 	 -0.6565
0.2705 	 0.0080 	 -0.0102 	 0.3253 	 0.0363 	 -0.0048 	 -0.1649 	 0.0763 	 -0.0928 	 -0.6588
0.2806 	 0.0084 	 -0.0103 	 0.3236 	 0.0370 	 -0.0058 	 -0.1715 	 0.0759 	 -0.0933 	 -0.6612
0.2906 	 0.0087 	 -0.0103 	 0.3219 	 0.0378 	 -0.0067 	 -0.1782 	 0.0754 	 -0.0939 	 -0.6638
0.3006 	 0.0091 	 -0.0104 	 0.3201 	 0.0386 	 -0.0077 	 -0.1848 	 0.0750 	 -0.0944 	 -0.6664
0.3106 	 0.0095 	 -0.0105 	 0.3182 	 0.0393 	 -0.0086 	 -0.1915 	 0.0746 	 -0.0949 	 -0.6692
0.3206 	 0.0099 	 -0.0106 	 0.3162 	 0.0401 	 -0.0096 	 -0.1982 	 0.0742 	 -0.0954 	 -0.6721
0.3307 	 0.0103 	 -0.0107 	 0.3142 	 0.0408 	 -0.0105 	 -0.2050 	 0.0740 	 -0.0956 	 -0.6815
0.3407 	 0.0107 	 -0.0108 	 0.3121 	 0.0415 	 -0.0115 	 -0.2118 	 0.0737 	 -0.0961 	 -0.6844
0.3507 	 0.0112 	 -0.0109 	 0.3100 	 0.0423 	 -0.0124 	 -0.2188 	 0.0735 	 -0.0962 	 -0.6936
0.3607 	 0.0116 	 -0.0110 	 0.3077 	 0.0430 	 -0.0134 	 -0.2257 	 0.0732 	 -0.0967 	 -0.6964
0.3707 	 0.0120 	 -0.0112 	 0.3054 	 0.0437 	 -0.0144 	 -0.2327 	 0.0729 	 -0.0971 	 -0.6993
0.3808 	 0.0125 	 -0.0113 	 0.3031 	 0.0445 	 -0.0153 	 -0.2397 	 0.0727 	 -0.0975 	 -0.7024
0.3908 	 0.0129 	 -0.0115 	 0.3006 	 0.0452 	 -0.0163 	 -0.2468 	 0.0725 	 -0.0978 	 -0.7056
0.4008 	 0.0134 	 -0.0117 	 0.2981 	 0.0459 	 -0.0173 	 -0.2539 	 0.0723 	 -0.0982 	 -0.7090
0.4108 	 0.0138 	 -0.0118 	 0.2956 	 0.0466 	 -0.0183 	 -0.2610 	 0.0722 	 -0.0985 	 -0.7125
0.4208 	 0.0143 	 -0.0120 	 0.2929 	 0.0474 	 -0.0193 	 -0.2682 	 0.0720 	 -0.0988 	 -0.7162
0.4309 	 0.0148 	 -0.0122 	 0.2902 	 0.0481 	 -0.0203 	 -0.2754 	 0.0719 	 -0.0991 	 -0.7201
0.4409 	 0.0153 	 -0.0124 	 0.2874 	 0.0488 	 -0.0213 	 -0.2826 	 0.0719 	 -0.0993 	 -0.7242
0.4509 	 0.0158 	 -0.0127 	 0.2845 	 0.0495 	 -0.0223 	 -0.2899 	 0.0718 	 -0.0995 	 -0.7284
0.4609 	 0.0163 	 -0.0129 	 0.2816 	 0.0503 	 -0.0233 	 -0.2972 	 0.0718 	 -0.0997 	 -0.7329
0.4709 	 0.0168 	 -0.0131 	 0.2786 	 0.0510 	 -0.0243 	 -0.3046 	 0.0722 	 -0.0997 	 -0.7439
0.4810 	 0.0173 	 -0.0134 	 0.2755 	 0.0517 	 -0.0253 	 -0.3120 	 0.0722 	 -0.0998 	 -0.7484
0.4910 	 0.0178 	 -0.0136 	 0.2723 	 0.0524 	 -0.0263 	 -0.3196 	 0.0722 	 -0.0999 	 -0.7530
0.5010 	 0.0183 	 -0.0139 	 0.2691 	 0.0531 	 -0.0273 	 -0.3271 	 0.0723 	 -0.0999 	 -0.7579
0.5110 	 0.0189 	 -0.0142 	 0.2658 	 0.0539 	 -0.0283 	 -0.3348 	 0.0725 	 -0.0999 	 -0.7630
0.5210 	 0.0194 	 -0.0145 	 0.2624 	 0.0546 	 -0.0293 	 -0.3424 	 0.0726 	 -0.0998 	 -0.7684
0.5311 	 0.0200 	 -0.0148 	 0.2589 	 0.0553 	 -0.0303 	 -0.3502 	 0.0727 	 -0.0991 	 -0.7800
0.5411 	 0.0205 	 -0.0151 	 0.2553 	 0.0561 	 -0.0312 	 -0.3580 	 0.0730 	 -0.0990 	 -0.7854
0.5511 	 0.0211 	 -0.0154 	 0.2517 	 0.0568 	 -0.0322 	 -0.3659 	 0.0732 	 -0.0988 	 -0.7911
0.5611 	 0.0217 	 -0.0157 	 0.2480 	 0.0575 	 -0.0332 	 -0.3739 	 0.0735 	 -0.0985 	 -0.7971
0.5711 	 0.0222 	 -0.0161 	 0.2442 	 0.0583 	 -0.0342 	 -0.3819 	 0.0740 	 -0.0983 	 -0.8098
0.5812 	 0.0228 	 -0.0164 	 0.2404 	 0.0590 	 -0.0352 	 -0.3901 	 0.0746 	 -0.0975 	 -0.8225
0.5912 	 0.0234 	 -0.0168 	 0.2364 	 0.0598 	 -0.0362 	 -0.3985 	 0.0753 	 -0.0967 	 -0.8349
0.6012 	 0.0240 	 -0.0171 	 0.2324 	 0.0605 	 -0.0371 	 -0.4069 	 0.0756 	 -0.0961 	 -0.8410
0.6112 	 0.0246 	 -0.0175 	 0.2282 	 0.0613 	 -0.0381 	 -0.4153 	 0.0759 	 -0.0952 	 -0.8473
0.6212 	 0.0252 	 -0.0179 	 0.2240 	 0.0620 	 -0.0390 	 -0.4238 	 0.0762 	 -0.0942 	 -0.8541
0.6313 	 0.0259 	 -0.0183 	 0.2198 	 0.0628 	 -0.0400 	 -0.4324 	 0.0764 	 -0.0930 	 -0.8612
0.6413 	 0.0265 	 -0.0187 	 0.2154 	 0.0636 	 -0.0409 	 -0.4411 	 0.0766 	 -0.0916 	 -0.8687
0.6513 	 0.0271 	 -0.0191 	 0.2109 	 0.0643 	 -0.0418 	 -0.4498 	 0.0767 	 -0.0899 	 -0.8767
0.6613 	 0.0278 	 -0.0195 	 0.2064 	 0.0651 	 -0.0427 	 -0.4587 	 0.0767 	 -0.0878 	 -0.8850
0.6713 	 0.0285 	 -0.0200 	 0.2017 	 0.0659 	 -0.0436 	 -0.4676 	 0.0781 	 -0.0863 	 -0.9052
0.6814 	 0.0291 	 -0.0204 	 0.1970 	 0.0667 	 -0.0444 	 -0.4767 	 0.0774 	 -0.0834 	 -0.9125
0.6914 	 0.0298 	 -0.0208 	 0.1922 	 0.0674 	 -0.0452 	 -0.4859 	 0.0762 	 -0.0798 	 -0.9198
0.7014 	 0.0305 	 -0.0213 	 0.1873 	 0.0682 	 -0.0460 	 -0.4952 	 0.0761 	 -0.0754 	 -0.9322
0.7114 	 0.0312 	 -0.0218 	 0.1822 	 0.0689 	 -0.0467 	 -0.5046 	 0.0743 	 -0.0703 	 -0.9498
0.7214 	 0.0318 	 -0.0222 	 0.1771 	 0.0697 	 -0.0474 	 -0.5141 	 0.0668 	 -0.0601 	 -0.9523
0.7315 	 0.0325 	 -0.0227 	 0.1719 	 0.0703 	 -0.0479 	 -0.5237 	 0.0579 	 -0.0403 	 -0.9557
0.7415 	 0.0333 	 -0.0232 	 0.1666 	 0.0708 	 -0.0482 	 -0.5333 	 0.0567 	 -0.0163 	 -0.9652
0.7515 	 0.0340 	 -0.0237 	 0.1612 	 0.0714 	 -0.0483 	 -0.5430 	 0.0612 	 0.0004 	 -0.9771
0.7615 	 0.0347 	 -0.0242 	 0.1558 	 0.0721 	 -0.0482 	 -0.5530 	 0.0686 	 0.0105 	 -1.0046
0.7715 	 0.0354 	 -0.0246 	 0.1502 	 0.0728 	 -0.0481 	 -0.5631 	 0.0735 	 0.0210 	 -1.0118
0.7816 	 0.0361 	 -0.0251 	 0.1445 	 0.0736 	 -0.0478 	 -0.5733 	 0.0789 	 0.0308 	 -1.0184
0.7916 	 0.0369 	 -0.0256 	 0.1387 	 0.0744 	 -0.0474 	 -0.5835 	 0.0852 	 0.0402 	 -1.0245
0.8016 	 0.0376 	 -0.0261 	 0.1328 	 0.0753 	 -0.0470 	 -0.5938 	 0.0925 	 0.0490 	 -1.0302
0.8116 	 0.0384 	 -0.0265 	 0.1268 	 0.0762 	 -0.0465 	 -0.6042 	 0.1050 	 0.0609 	 -1.0377
0.8216 	 0.0392 	 -0.0270 	 0.1207 	 0.0773 	 -0.0458 	 -0.6146 	 0.1134 	 0.0674 	 -1.0428
0.8317 	 0.0399 	 -0.0275 	 0.1145 	 0.0785 	 -0.0451 	 -0.6251 	 0.1233 	 0.0728 	 -1.0536
0.8417 	 0.0407 	 -0.0279 	 0.1081 	 0.0798 	 -0.0444 	 -0.6358 	 0.1331 	 0.0773 	 -1.0629
0.8517 	 0.0415 	 -0.0284 	 0.1017 	 0.0812 	 -0.0436 	 -0.6464 	 0.1428 	 0.0810 	 -1.0659
0.8617 	 0.0424 	 -0.0288 	 0.0952 	 0.0827 	 -0.0427 	 -0.6571 	 0.1531 	 0.0838 	 -1.0691
0.8717 	 0.0432 	 -0.0292 	 0.0885 	 0.0843 	 -0.0419 	 -0.6679 	 0.1648 	 0.0859 	 -1.0782
0.8818 	 0.0441 	 -0.0296 	 0.0818 	 0.0860 	 -0.0410 	 -0.6788 	 0.1805 	 0.0856 	 -1.0844
0.8918 	 0.0449 	 -0.0300 	 0.0749 	 0.0879 	 -0.0402 	 -0.6897 	 0.1939 	 0.0836 	 -1.0901
0.9018 	 0.0458 	 -0.0304 	 0.0680 	 0.0899 	 -0.0394 	 -0.7006 	 0.2098 	 0.0853 	 -1.0944
0.9118 	 0.0467 	 -0.0308 	 0.0609 	 0.0921 	 -0.0385 	 -0.7116 	 0.2248 	 0.0843 	 -1.0918
0.9218 	 0.0477 	 -0.0312 	 0.0537 	 0.0944 	 -0.0377 	 -0.7225 	 0.2433 	 0.0810 	 -1.0865
0.9319 	 0.0486 	 -0.0316 	 0.0464 	 0.0970 	 -0.0369 	 -0.7334 	 0.2682 	 0.0743 	 -1.0794
0.9419 	 0.0496 	 -0.0319 	 0.0390 	 0.0998 	 -0.0362 	 -0.7441 	 0.3009 	 0.0618 	 -1.0512
0.9519 	 0.0506 	 -0.0323 	 0.0315 	 0.1030 	 -0.0356 	 -0.7543 	 0.3234 	 0.0556 	 -0.9869
0.9619 	 0.0517 	 -0.0327 	 0.0239 	 0.1063 	 -0.0350 	 -0.7639 	 0.3356 	 0.0693 	 -0.9273
0.9719 	 0.0528 	 -0.0330 	 0.0162 	 0.1097 	 -0.0342 	 -0.7730 	 0.3446 	 0.0832 	 -0.8935
0.9820 	 0.0539 	 -0.0333 	 0.0084 	 0.1133 	 -0.0334 	 -0.7818 	 0.3618 	 0.0921 	 -0.8653
0.9920 	 0.0550 	 -0.0337 	 0.0005 	 0.1170 	 -0.0324 	 -0.7903 	 0.3845 	 0.0965 	 -0.8316
1.0020 	 0.0562 	 -0.0340 	 -0.0074 	 0.1210 	 -0.0314 	 -0.7984 	 0.4091 	 0.0968 	 -0.7887
1.0120 	 0.0575 	 -0.0343 	 -0.0155 	 0.1252 	 -0.0305 	 -0.8061 	 0.4349 	 0.0934 	 -0.7383
1.0220 	 0.0587 	 -0.0346 	 -0.0236 	 0.1297 	 -0.0296 	 -0.8131 	 0.4597 	 0.0915 	 -0.6642
1.0321 	 0.0601 	 -0.0349 	 -0.0317 	 0.1344 	 -0.0286 	 -0.8194 	 0.4805 	 0.0980 	 -0.5825
1.0421 	 0.0614 	 -0.0352 	 -0.0400 	 0.1393 	 -0.0276 	 -0.8248 	 0.5018 	 0.0998 	 -0.4934
1.0521 	 0.0629 	 -0.0354 	 -0.0483 	 0.1444 	 -0.0266 	 -0.8292 	 0.5167 	 0.0997 	 -0.3749
1.0621 	 0.0643 	 -0.0357 	 -0.0566 	 0.1496 	 -0.0256 	 -0.8323 	 0.5097 	 0.1104 	 -0.2582
1.0721 	 0.0658 	 -0.0360 	 -0.0649 	 0.1546 	 -0.0244 	 -0.8344 	 0.4950 	 0.1149 	 -0.1525
1.0822 	 0.0674 	 -0.0362 	 -0.0733 	 0.1595 	 -0.0233 	 -0.8354 	 0.4773 	 0.1225 	 -0.0451
1.0922 	 0.0690 	 -0.0364 	 -0.0817 	 0.1642 	 -0.0220 	 -0.8354 	 0.4552 	 0.1376 	 0.0505
1.1022 	 0.0707 	 -0.0366 	 -0.0900 	 0.1686 	 -0.0205 	 -0.8344 	 0.4313 	 0.1503 	 0.1454
1.1122 	 0.0724 	 -0.0368 	 -0.0984 	 0.1728 	 -0.0190 	 -0.8325 	 0.4091 	 0.1617 	 0.2379
1.1222 	 0.0742 	 -0.0370 	 -0.1067 	 0.1768 	 -0.0173 	 -0.8296 	 0.4003 	 0.1662 	 0.3517
1.1323 	 0.0760 	 -0.0372 	 -0.1150 	 0.1804 	 -0.0157 	 -0.8255 	 0.3380 	 0.1611 	 0.4516
1.1423 	 0.0778 	 -0.0373 	 -0.1232 	 0.1837 	 -0.0141 	 -0.8206 	 0.3047 	 0.1559 	 0.5159
1.1523 	 0.0796 	 -0.0375 	 -0.1314 	 0.1865 	 -0.0126 	 -0.8152 	 0.2699 	 0.1483 	 0.5741
1.1623 	 0.0815 	 -0.0376 	 -0.1396 	 0.1890 	 -0.0111 	 -0.8091 	 0.2307 	 0.1390 	 0.6253
1.1723 	 0.0834 	 -0.0377 	 -0.1477 	 0.1911 	 -0.0098 	 -0.8026 	 0.1875 	 0.1288 	 0.6702
1.1824 	 0.0853 	 -0.0378 	 -0.1557 	 0.1928 	 -0.0085 	 -0.7957 	 0.1449 	 0.1210 	 0.7149
1.1924 	 0.0873 	 -0.0379 	 -0.1636 	 0.1941 	 -0.0073 	 -0.7883 	 0.1087 	 0.1221 	 0.7682
1.2024 	 0.0892 	 -0.0379 	 -0.1715 	 0.1949 	 -0.0061 	 -0.7802 	 0.0360 	 0.1395 	 0.8584
1.2124 	 0.0912 	 -0.0380 	 -0.1792 	 0.1949 	 -0.0046 	 -0.7714 	 -0.0141 	 0.1515 	 0.8973
1.2224 	 0.0931 	 -0.0380 	 -0.1869 	 0.1947 	 -0.0031 	 -0.7622 	 -0.0413 	 0.1490 	 0.9311
1.2325 	 0.0951 	 -0.0380 	 -0.1945 	 0.1942 	 -0.0016 	 -0.7527 	 -0.0595 	 0.1442 	 0.9552
1.2425 	 0.0970 	 -0.0380 	 -0.2020 	 0.1935 	 -0.0002 	 -0.7431 	 -0.0738 	 0.1324 	 0.9723
1.2525 	 0.0990 	 -0.0380 	 -0.2094 	 0.1927 	 0.0011 	 -0.7333 	 -0.0881 	 0.1259 	 0.9848
1.2625 	 0.1009 	 -0.0380 	 -0.2167 	 0.1917 	 0.0023 	 -0.7234 	 -0.1034 	 0.1169 	 0.9903
1.2725 	 0.1028 	 -0.0380 	 -0.2239 	 0.1906 	 0.0034 	 -0.7134 	 -0.1199 	 0.1029 	 1.0076
1.2826 	 0.1047 	 -0.0380 	 -0.2310 	 0.1893 	 0.0044 	 -0.7031 	 -0.1340 	 0.0957 	 1.0414
1.2926 	 0.1066 	 -0.0379 	 -0.2380 	 0.1879 	 0.0054 	 -0.6926 	 -0.1426 	 0.1021 	 1.0540
1.3026 	 0.1085 	 -0.0379 	 -0.2449 	 0.1865 	 0.0064 	 -0.6820 	 -0.1471 	 0.0994 	 1.0615
1.3126 	 0.1103 	 -0.0378 	 -0.2516 	 0.1850 	 0.0073 	 -0.6713 	 -0.1573 	 0.0984 	 1.0668
1.3226 	 0.1122 	 -0.0377 	 -0.2583 	 0.1833 	 0.0083 	 -0.6606 	 -0.1680 	 0.0960 	 1.0707
1.3327 	 0.1140 	 -0.0376 	 -0.2649 	 0.1816 	 0.0093 	 -0.6499 	 -0.1791 	 0.0928 	 1.0738
1.3427 	 0.1158 	 -0.0375 	 -0.2713 	 0.1798 	 0.0102 	 -0.6391 	 -0.1910 	 0.0886 	 1.0766
1.3527 	 0.1176 	 -0.0374 	 -0.2777 	 0.1778 	 0.0110 	 -0.6283 	 -0.2045 	 0.0827 	 1.0800
1.3627 	 0.1194 	 -0.0373 	 -0.2839 	 0.1756 	 0.0118 	 -0.6174 	 -0.2218 	 0.0729 	 1.0882
1.3727 	 0.1211 	 -0.0372 	 -0.2901 	 0.1733 	 0.0125 	 -0.6064 	 -0.2382 	 0.0643 	 1.1179
1.3828 	 0.1229 	 -0.0371 	 -0.2961 	 0.1709 	 0.0132 	 -0.5951 	 -0.2408 	 0.0700 	 1.1370
1.3928 	 0.1246 	 -0.0369 	 -0.3020 	 0.1685 	 0.0139 	 -0.5837 	 -0.2483 	 0.0721 	 1.1354
1.4028 	 0.1262 	 -0.0368 	 -0.3078 	 0.1660 	 0.0146 	 -0.5723 	 -0.2571 	 0.0716 	 1.1382
1.4128 	 0.1279 	 -0.0366 	 -0.3135 	 0.1633 	 0.0153 	 -0.5609 	 -0.2684 	 0.0697 	 1.1343
1.4228 	 0.1295 	 -0.0365 	 -0.3190 	 0.1606 	 0.0160 	 -0.5495 	 -0.2790 	 0.0679 	 1.1372
1.4329 	 0.1311 	 -0.0363 	 -0.3245 	 0.1577 	 0.0167 	 -0.5381 	 -0.2892 	 0.0658 	 1.1335
1.4429 	 0.1327 	 -0.0361 	 -0.3298 	 0.1548 	 0.0173 	 -0.5267 	 -0.3007 	 0.0635 	 1.1354
1.4529 	 0.1342 	 -0.0360 	 -0.3350 	 0.1517 	 0.0179 	 -0.5153 	 -0.3128 	 0.0610 	 1.1378
1.4629 	 0.1357 	 -0.0358 	 -0.3401 	 0.1485 	 0.0186 	 -0.5040 	 -0.3265 	 0.0609 	 1.1279
1.4729 	 0.1372 	 -0.0356 	 -0.3451 	 0.1452 	 0.0191 	 -0.4927 	 -0.3391 	 0.0578 	 1.1244
1.4830 	 0.1386 	 -0.0354 	 -0.3500 	 0.1417 	 0.0197 	 -0.4815 	 -0.3436 	 0.0547 	 1.1041
1.4930 	 0.1400 	 -0.0352 	 -0.3548 	 0.1383 	 0.0203 	 -0.4705 	 -0.3514 	 0.0510 	 1.0944
1.5030 	 0.1414 	 -0.0350 	 -0.3594 	 0.1347 	 0.0207 	 -0.4595 	 -0.3620 	 0.0466 	 1.0975
1.5130 	 0.1427 	 -0.0348 	 -0.3640 	 0.1310 	 0.0212 	 -0.4484 	 -0.3715 	 0.0415 	 1.1024
1.5230 	 0.1440 	 -0.0346 	 -0.3684 	 0.1272 	 0.0216 	 -0.4374 	 -0.3756 	 0.0310 	 1.1023
1.5331 	 0.1453 	 -0.0343 	 -0.3727 	 0.1235 	 0.0218 	 -0.4264 	 -0.3705 	 0.0176 	 1.0945
1.5431 	 0.1465 	 -0.0341 	 -0.3770 	 0.1198 	 0.0219 	 -0.4155 	 -0.3689 	 0.0042 	 1.0891
1.5531 	 0.1477 	 -0.0339 	 -0.3811 	 0.1161 	 0.0219 	 -0.4046 	 -0.3730 	 -0.0121 	 1.0892
1.5631 	 0.1488 	 -0.0337 	 -0.3851 	 0.1123 	 0.0217 	 -0.3936 	 -0.3820 	 -0.0279 	 1.0905
1.5731 	 0.1499 	 -0.0335 	 -0.3890 	 0.1085 	 0.0213 	 -0.3828 	 -0.3937 	 -0.0393 	 1.0852
1.5832 	 0.1510 	 -0.0333 	 -0.3927 	 0.1045 	 0.0209 	 -0.3719 	 -0.4056 	 -0.0469 	 1.0799
1.5932 	 0.1520 	 -0.0331 	 -0.3964 	 0.1003 	 0.0204 	 -0.3611 	 -0.4176 	 -0.0529 	 1.0824
1.6032 	 0.1530 	 -0.0329 	 -0.4000 	 0.0961 	 0.0198 	 -0.3502 	 -0.4266 	 -0.0600 	 1.0812
1.6132 	 0.1539 	 -0.0327 	 -0.4034 	 0.0918 	 0.0192 	 -0.3394 	 -0.4348 	 -0.0679 	 1.0882
1.6232 	 0.1548 	 -0.0325 	 -0.4068 	 0.0874 	 0.0184 	 -0.3284 	 -0.4399 	 -0.0787 	 1.0962
1.6333 	 0.1557 	 -0.0323 	 -0.4100 	 0.0830 	 0.0176 	 -0.3174 	 -0.4365 	 -0.0887 	 1.0988
1.6433 	 0.1565 	 -0.0321 	 -0.4131 	 0.0787 	 0.0167 	 -0.3064 	 -0.4335 	 -0.1041 	 1.1008
1.6533 	 0.1573 	 -0.0320 	 -0.4162 	 0.0743 	 0.0155 	 -0.2954 	 -0.4287 	 -0.1198 	 1.0985
1.6633 	 0.1580 	 -0.0318 	 -0.4191 	 0.0701 	 0.0143 	 -0.2844 	 -0.4230 	 -0.1339 	 1.0938
1.6733 	 0.1587 	 -0.0317 	 -0.4219 	 0.0659 	 0.0129 	 -0.2735 	 -0.4175 	 -0.1451 	 1.0884
1.6834 	 0.1593 	 -0.0315 	 -0.4245 	 0.0617 	 0.0114 	 -0.2627 	 -0.4127 	 -0.1530 	 1.0758
1.6934 	 0.1599 	 -0.0314 	 -0.4271 	 0.0576 	 0.0098 	 -0.2519 	 -0.4096 	 -0.1588 	 1.0699
1.7034 	 0.1605 	 -0.0314 	 -0.4296 	 0.0535 	 0.0082 	 -0.2412 	 -0.4080 	 -0.1628 	 1.0647
1.7134 	 0.1610 	 -0.0313 	 -0.4320 	 0.0494 	 0.0065 	 -0.2306 	 -0.4074 	 -0.1657 	 1.0605
1.7234 	 0.1614 	 -0.0312 	 -0.4342 	 0.0453 	 0.0049 	 -0.2200 	 -0.4078 	 -0.1678 	 1.0572
1.7335 	 0.1619 	 -0.0312 	 -0.4364 	 0.0412 	 0.0032 	 -0.2094 	 -0.4088 	 -0.1695 	 1.0547
1.7435 	 0.1623 	 -0.0312 	 -0.4384 	 0.0371 	 0.0015 	 -0.1988 	 -0.4101 	 -0.1709 	 1.0531
1.7535 	 0.1626 	 -0.0311 	 -0.4403 	 0.0330 	 -0.0002 	 -0.1883 	 -0.4118 	 -0.1723 	 1.0522
1.7635 	 0.1629 	 -0.0312 	 -0.4422 	 0.0288 	 -0.0020 	 -0.1777 	 -0.4181 	 -0.1773 	 1.0527
1.7735 	 0.1632 	 -0.0312 	 -0.4439 	 0.0246 	 -0.0038 	 -0.1672 	 -0.4194 	 -0.1783 	 1.0528
1.7836 	 0.1634 	 -0.0312 	 -0.4455 	 0.0204 	 -0.0056 	 -0.1566 	 -0.4208 	 -0.1795 	 1.0532
1.7936 	 0.1636 	 -0.0313 	 -0.4470 	 0.0162 	 -0.0074 	 -0.1461 	 -0.4287 	 -0.1821 	 1.0442
1.8036 	 0.1638 	 -0.0314 	 -0.4485 	 0.0119 	 -0.0092 	 -0.1356 	 -0.4294 	 -0.1834 	 1.0467
1.8136 	 0.1638 	 -0.0315 	 -0.4498 	 0.0076 	 -0.0111 	 -0.1251 	 -0.4301 	 -0.1849 	 1.0495
1.8236 	 0.1639 	 -0.0316 	 -0.4510 	 0.0033 	 -0.0129 	 -0.1146 	 -0.4310 	 -0.1866 	 1.0526
1.8337 	 0.1639 	 -0.0317 	 -0.4521 	 -0.0011 	 -0.0148 	 -0.1040 	 -0.4320 	 -0.1884 	 1.0559
1.8437 	 0.1639 	 -0.0319 	 -0.4531 	 -0.0054 	 -0.0167 	 -0.0934 	 -0.4331 	 -0.1903 	 1.0594
1.8537 	 0.1638 	 -0.0321 	 -0.4539 	 -0.0097 	 -0.0186 	 -0.0828 	 -0.4343 	 -0.1922 	 1.0629
1.8637 	 0.1637 	 -0.0323 	 -0.4547 	 -0.0140 	 -0.0205 	 -0.0722 	 -0.4283 	 -0.1918 	 1.0562
1.8737 	 0.1635 	 -0.0325 	 -0.4554 	 -0.0183 	 -0.0225 	 -0.0616 	 -0.4291 	 -0.1934 	 1.0513
1.8838 	 0.1633 	 -0.0327 	 -0.4559 	 -0.0227 	 -0.0244 	 -0.0510 	 -0.4330 	 -0.1961 	 1.0596
1.8938 	 0.1631 	 -0.0330 	 -0.4564 	 -0.0270 	 -0.0264 	 -0.0404 	 -0.4343 	 -0.1975 	 1.0570
1.9038 	 0.1628 	 -0.0333 	 -0.4568 	 -0.0314 	 -0.0284 	 -0.0299 	 -0.4354 	 -0.1986 	 1.0520
1.9138 	 0.1624 	 -0.0336 	 -0.4570 	 -0.0357 	 -0.0304 	 -0.0194 	 -0.4350 	 -0.1987 	 1.0448
1.9238 	 0.1621 	 -0.0339 	 -0.4571 	 -0.0401 	 -0.0324 	 -0.0089 	 -0.4323 	 -0.1973 	 1.0373
1.9339 	 0.1616 	 -0.0342 	 -0.4572 	 -0.0444 	 -0.0343 	 0.0014 	 -0.4281 	 -0.1946 	 1.0318
1.9439 	 0.1612 	 -0.0346 	 -0.4571 	 -0.0487 	 -0.0363 	 0.0118 	 -0.4256 	 -0.1913 	 1.0348
1.9539 	 0.1607 	 -0.0349 	 -0.4569 	 -0.0529 	 -0.0382 	 0.0222 	 -0.4225 	 -0.1879 	 1.0336
1.9639 	 0.1601 	 -0.0353 	 -0.4567 	 -0.0571 	 -0.0400 	 0.0325 	 -0.4207 	 -0.1846 	 1.0337
1.9739 	 0.1595 	 -0.0357 	 -0.4563 	 -0.0613 	 -0.0419 	 0.0429 	 -0.4160 	 -0.1836 	 1.0294
1.9840 	 0.1589 	 -0.0362 	 -0.4558 	 -0.0655 	 -0.0437 	 0.0532 	 -0.4163 	 -0.1814 	 1.0362
1.9940 	 0.1582 	 -0.0366 	 -0.4552 	 -0.0697 	 -0.0455 	 0.0636 	 -0.4166 	 -0.1787 	 1.0369
2.0040 	 0.1575 	 -0.0371 	 -0.4545 	 -0.0739 	 -0.0473 	 0.0739 	 -0.4160 	 -0.1806 	 1.0266
2.0140 	 0.1567 	 -0.0376 	 -0.4537 	 -0.0780 	 -0.0491 	 0.0842 	 -0.4179 	 -0.1787 	 1.0192
2.0240 	 0.1559 	 -0.0381 	 -0.4529 	 -0.0822 	 -0.0509 	 0.0944 	 -0.4216 	 -0.1762 	 1.0245
2.0341 	 0.1551 	 -0.0386 	 -0.4519 	 -0.0865 	 -0.0527 	 0.1047 	 -0.4249 	 -0.1744 	 1.0296
2.0441 	 0.1542 	 -0.0391 	 -0.4508 	 -0.0908 	 -0.0544 	 0.1150 	 -0.4278 	 -0.1717 	 1.0285
2.0541 	 0.1533 	 -0.0397 	 -0.4495 	 -0.0951 	 -0.0561 	 0.1253 	 -0.4312 	 -0.1689 	 1.0275
2.0641 	 0.1523 	 -0.0402 	 -0.4482 	 -0.0994 	 -0.0578 	 0.1356 	 -0.4290 	 -0.1636 	 1.0270
2.0741 	 0.1513 	 -0.0408 	 -0.4468 	 -0.1037 	 -0.0594 	 0.1459 	 -0.4332 	 -0.1602 	 1.0264
2.0842 	 0.1502 	 -0.0414 	 -0.4453 	 -0.1081 	 -0.0610 	 0.1562 	 -0.4379 	 -0.1566 	 1.0260
2.0942 	 0.1491 	 -0.0420 	 -0.4437 	 -0.1125 	 -0.0625 	 0.1665 	 -0.4491 	 -0.1546 	 1.0310
2.1042 	 0.1480 	 -0.0427 	 -0.4420 	 -0.1170 	 -0.0641 	 0.1768 	 -0.4538 	 -0.1503 	 1.0303
2.1142 	 0.1468 	 -0.0433 	 -0.4402 	 -0.1216 	 -0.0656 	 0.1872 	 -0.4600 	 -0.1458 	 1.0353
2.1242 	 0.1455 	 -0.0440 	 -0.4382 	 -0.1262 	 -0.0670 	 0.1976 	 -0.4656 	 -0.1407 	 1.0334
2.1343 	 0.1442 	 -0.0447 	 -0.4362 	 -0.1309 	 -0.0684 	 0.2079 	 -0.4718 	 -0.1352 	 1.0313
2.1443 	 0.1429 	 -0.0454 	 -0.4341 	 -0.1357 	 -0.0697 	 0.2182 	 -0.4786 	 -0.1293 	 1.0288
2.1543 	 0.1415 	 -0.0461 	 -0.4318 	 -0.1405 	 -0.0710 	 0.2285 	 -0.4868 	 -0.1216 	 1.0316
2.1643 	 0.1401 	 -0.0468 	 -0.4295 	 -0.1454 	 -0.0721 	 0.2388 	 -0.4942 	 -0.1153 	 1.0206
2.1743 	 0.1386 	 -0.0475 	 -0.4270 	 -0.1504 	 -0.0733 	 0.2490 	 -0.5023 	 -0.1083 	 1.0146
2.1844 	 0.1371 	 -0.0482 	 -0.4245 	 -0.1555 	 -0.0743 	 0.2592 	 -0.5107 	 -0.1010 	 1.0076
2.1944 	 0.1355 	 -0.0490 	 -0.4218 	 -0.1607 	 -0.0753 	 0.2693 	 -0.5200 	 -0.0928 	 1.0049
2.2044 	 0.1338 	 -0.0498 	 -0.4191 	 -0.1659 	 -0.0762 	 0.2792 	 -0.5252 	 -0.0853 	 0.9873
2.2144 	 0.1321 	 -0.0505 	 -0.4162 	 -0.1712 	 -0.0770 	 0.2891 	 -0.5306 	 -0.0777 	 0.9742
2.2244 	 0.1304 	 -0.0513 	 -0.4133 	 -0.1766 	 -0.0777 	 0.2989 	 -0.5358 	 -0.0700 	 0.9722
2.2345 	 0.1286 	 -0.0521 	 -0.4103 	 -0.1819 	 -0.0784 	 0.3085 	 -0.5370 	 -0.0689 	 0.9559
2.2445 	 0.1268 	 -0.0529 	 -0.4071 	 -0.1873 	 -0.0791 	 0.3180 	 -0.5369 	 -0.0612 	 0.9377
2.2545 	 0.1249 	 -0.0537 	 -0.4039 	 -0.1927 	 -0.0797 	 0.3273 	 -0.5358 	 -0.0536 	 0.9183
2.2645 	 0.1229 	 -0.0545 	 -0.4006 	 -0.1980 	 -0.0802 	 0.3364 	 -0.5341 	 -0.0454 	 0.8980
2.2745 	 0.1209 	 -0.0553 	 -0.3971 	 -0.2034 	 -0.0806 	 0.3453 	 -0.5332 	 -0.0361 	 0.8833
2.2846 	 0.1188 	 -0.0561 	 -0.3936 	 -0.2087 	 -0.0809 	 0.3541 	 -0.5312 	 -0.0256 	 0.8626
2.2946 	 0.1167 	 -0.0569 	 -0.3901 	 -0.2140 	 -0.0811 	 0.3626 	 -0.5306 	 -0.0136 	 0.8463
2.3046 	 0.1145 	 -0.0577 	 -0.3864 	 -0.2193 	 -0.0812 	 0.3710 	 -0.5283 	 0.0003 	 0.8271
2.3146 	 0.1123 	 -0.0585 	 -0.3826 	 -0.2246 	 -0.0810 	 0.3791 	 -0.5245 	 0.0180 	 0.7925
2.3246 	 0.1100 	 -0.0593 	 -0.3788 	 -0.2299 	 -0.0808 	 0.3869 	 -0.5219 	 0.0283 	 0.7609
2.3347 	 0.1077 	 -0.0601 	 -0.3749 	 -0.2351 	 -0.0805 	 0.3943 	 -0.5166 	 0.0442 	 0.7297
2.3447 	 0.1053 	 -0.0609 	 -0.3709 	 -0.2403 	 -0.0800 	 0.4015 	 -0.5127 	 0.0573 	 0.6895
2.3547 	 0.1029 	 -0.0617 	 -0.3668 	 -0.2453 	 -0.0793 	 0.4082 	 -0.5015 	 0.0711 	 0.6450
2.3647 	 0.1004 	 -0.0625 	 -0.3627 	 -0.2503 	 -0.0785 	 0.4144 	 -0.4887 	 0.0839 	 0.5982
2.3747 	 0.0979 	 -0.0633 	 -0.3585 	 -0.2551 	 -0.0777 	 0.4201 	 -0.4803 	 0.0934 	 0.5504
2.3848 	 0.0953 	 -0.0641 	 -0.3543 	 -0.2599 	 -0.0767 	 0.4254 	 -0.4632 	 0.1074 	 0.4936
2.3948 	 0.0927 	 -0.0648 	 -0.3500 	 -0.2644 	 -0.0755 	 0.4301 	 -0.4430 	 0.1173 	 0.4405
2.4048 	 0.0900 	 -0.0656 	 -0.3457 	 -0.2687 	 -0.0743 	 0.4342 	 -0.4197 	 0.1254 	 0.3862
2.4148 	 0.0873 	 -0.0663 	 -0.3413 	 -0.2728 	 -0.0730 	 0.4379 	 -0.3940 	 0.1320 	 0.3371
2.4248 	 0.0845 	 -0.0671 	 -0.3369 	 -0.2766 	 -0.0717 	 0.4410 	 -0.3636 	 0.1353 	 0.2827
2.4349 	 0.0817 	 -0.0678 	 -0.3325 	 -0.2801 	 -0.0703 	 0.4435 	 -0.3303 	 0.1367 	 0.2307
2.4449 	 0.0789 	 -0.0685 	 -0.3280 	 -0.2832 	 -0.0689 	 0.4456 	 -0.2950 	 0.1374 	 0.1821
2.4549 	 0.0761 	 -0.0692 	 -0.3235 	 -0.2860 	 -0.0675 	 0.4472 	 -0.2586 	 0.1395 	 0.1363
2.4649 	 0.0732 	 -0.0698 	 -0.3191 	 -0.2884 	 -0.0661 	 0.4483 	 -0.2215 	 0.1442 	 0.0915
2.4749 	 0.0703 	 -0.0705 	 -0.3146 	 -0.2904 	 -0.0646 	 0.4490 	 -0.1838 	 0.1520 	 0.0455
2.4850 	 0.0674 	 -0.0711 	 -0.3101 	 -0.2921 	 -0.0631 	 0.4492 	 -0.1495 	 0.1565 	 -0.0045
2.4950 	 0.0644 	 -0.0717 	 -0.3056 	 -0.2934 	 -0.0615 	 0.4489 	 -0.1135 	 0.1672 	 -0.0507
2.5050 	 0.0615 	 -0.0723 	 -0.3011 	 -0.2943 	 -0.0598 	 0.4482 	 -0.0744 	 0.1724 	 -0.1032
2.5150 	 0.0585 	 -0.0729 	 -0.2966 	 -0.2949 	 -0.0581 	 0.4468 	 -0.0410 	 0.1697 	 -0.1582
2.5251 	 0.0556 	 -0.0735 	 -0.2921 	 -0.2952 	 -0.0564 	 0.4450 	 -0.0054 	 0.1692 	 -0.2020
2.5351 	 0.0526 	 -0.0741 	 -0.2877 	 -0.2951 	 -0.0547 	 0.4428 	 0.0225 	 0.1583 	 -0.2473
2.5451 	 0.0497 	 -0.0746 	 -0.2833 	 -0.2947 	 -0.0532 	 0.4400 	 0.0514 	 0.1510 	 -0.2952
2.5551 	 0.0467 	 -0.0751 	 -0.2789 	 -0.2941 	 -0.0517 	 0.4369 	 0.0780 	 0.1434 	 -0.3407
2.5651 	 0.0438 	 -0.0756 	 -0.2745 	 -0.2931 	 -0.0503 	 0.4332 	 0.0991 	 0.1432 	 -0.3787
2.5752 	 0.0409 	 -0.0761 	 -0.2702 	 -0.2920 	 -0.0489 	 0.4292 	 0.1250 	 0.1395 	 -0.4209
2.5852 	 0.0379 	 -0.0766 	 -0.2659 	 -0.2906 	 -0.0475 	 0.4247 	 0.1524 	 0.1392 	 -0.4669
2.5952 	 0.0350 	 -0.0771 	 -0.2617 	 -0.2890 	 -0.0461 	 0.4199 	 0.1796 	 0.1412 	 -0.5040
2.6052 	 0.0321 	 -0.0775 	 -0.2575 	 -0.2870 	 -0.0446 	 0.4147 	 0.2112 	 0.1518 	 -0.5386
2.6152 	 0.0293 	 -0.0780 	 -0.2534 	 -0.2847 	 -0.0430 	 0.4091 	 0.2421 	 0.1604 	 -0.5687
2.6253 	 0.0264 	 -0.0784 	 -0.2493 	 -0.2821 	 -0.0413 	 0.4033 	 0.2780 	 0.1733 	 -0.5957
2.6353 	 0.0236 	 -0.0788 	 -0.2453 	 -0.2791 	 -0.0395 	 0.3972 	 0.3190 	 0.1892 	 -0.6235
2.6453 	 0.0209 	 -0.0792 	 -0.2413 	 -0.2758 	 -0.0376 	 0.3908 	 0.3569 	 0.2039 	 -0.6529
2.6553 	 0.0181 	 -0.0796 	 -0.2375 	 -0.2720 	 -0.0354 	 0.3841 	 0.3903 	 0.2169 	 -0.6731
2.6653 	 0.0154 	 -0.0799 	 -0.2336 	 -0.2679 	 -0.0332 	 0.3773 	 0.4181 	 0.2251 	 -0.6944
2.6754 	 0.0127 	 -0.0802 	 -0.2299 	 -0.2636 	 -0.0309 	 0.3702 	 0.4429 	 0.2308 	 -0.7121
2.6854 	 0.0101 	 -0.0805 	 -0.2262 	 -0.2591 	 -0.0286 	 0.3630 	 0.4600 	 0.2343 	 -0.7324
2.6954 	 0.0075 	 -0.0808 	 -0.2226 	 -0.2545 	 -0.0262 	 0.3556 	 0.4723 	 0.2386 	 -0.7383
2.7054 	 0.0050 	 -0.0811 	 -0.2191 	 -0.2496 	 -0.0238 	 0.3482 	 0.4891 	 0.2364 	 -0.7512
2.7154 	 0.0025 	 -0.0813 	 -0.2156 	 -0.2447 	 -0.0215 	 0.3406 	 0.5054 	 0.2368 	 -0.7655
2.7255 	 0.0001 	 -0.0815 	 -0.2123 	 -0.2395 	 -0.0191 	 0.3329 	 0.5207 	 0.2359 	 -0.7789
2.7355 	 -0.0023 	 -0.0817 	 -0.2090 	 -0.2342 	 -0.0167 	 0.3250 	 0.5353 	 0.2341 	 -0.7914
2.7455 	 -0.0046 	 -0.0818 	 -0.2058 	 -0.2288 	 -0.0144 	 0.3170 	 0.5494 	 0.2319 	 -0.8030
2.7555 	 -0.0068 	 -0.0820 	 -0.2026 	 -0.2232 	 -0.0121 	 0.3089 	 0.5635 	 0.2243 	 -0.8134
2.7655 	 -0.0090 	 -0.0821 	 -0.1996 	 -0.2175 	 -0.0099 	 0.3007 	 0.5779 	 0.2236 	 -0.8248
2.7756 	 -0.0112 	 -0.0822 	 -0.1966 	 -0.2116 	 -0.0077 	 0.2924 	 0.5928 	 0.2231 	 -0.8370
2.7856 	 -0.0133 	 -0.0822 	 -0.1937 	 -0.2056 	 -0.0054 	 0.2839 	 0.6086 	 0.2227 	 -0.8508
2.7956 	 -0.0153 	 -0.0823 	 -0.1909 	 -0.1994 	 -0.0032 	 0.2753 	 0.6253 	 0.2224 	 -0.8691
2.8056 	 -0.0173 	 -0.0823 	 -0.1882 	 -0.1931 	 -0.0010 	 0.2665 	 0.6395 	 0.2180 	 -0.8950
2.8156 	 -0.0192 	 -0.0823 	 -0.1856 	 -0.1866 	 0.0012 	 0.2575 	 0.6491 	 0.2115 	 -0.9084
2.8257 	 -0.0210 	 -0.0823 	 -0.1830 	 -0.1801 	 0.0033 	 0.2483 	 0.6552 	 0.1991 	 -0.9213
2.8357 	 -0.0228 	 -0.0822 	 -0.1806 	 -0.1735 	 0.0052 	 0.2390 	 0.6635 	 0.1898 	 -0.9292
2.8457 	 -0.0245 	 -0.0822 	 -0.1782 	 -0.1669 	 0.0070 	 0.2296 	 0.6643 	 0.1803 	 -0.9430
2.8557 	 -0.0261 	 -0.0821 	 -0.1760 	 -0.1602 	 0.0088 	 0.2202 	 0.6738 	 0.1739 	 -0.9485
2.8657 	 -0.0277 	 -0.0820 	 -0.1738 	 -0.1534 	 0.0105 	 0.2106 	 0.6836 	 0.1682 	 -0.9532
2.8758 	 -0.0292 	 -0.0819 	 -0.1718 	 -0.1465 	 0.0122 	 0.2011 	 0.6935 	 0.1631 	 -0.9575
2.8858 	 -0.0306 	 -0.0817 	 -0.1698 	 -0.1395 	 0.0138 	 0.1914 	 0.7034 	 0.1584 	 -0.9614
2.8958 	 -0.0320 	 -0.0816 	 -0.1679 	 -0.1324 	 0.0154 	 0.1818 	 0.7131 	 0.1540 	 -0.9652
2.9058 	 -0.0333 	 -0.0814 	 -0.1662 	 -0.1252 	 0.0169 	 0.1721 	 0.7226 	 0.1497 	 -0.9690
2.9158 	 -0.0345 	 -0.0812 	 -0.1645 	 -0.1179 	 0.0184 	 0.1624 	 0.7318 	 0.1455 	 -0.9729
2.9259 	 -0.0357 	 -0.0811 	 -0.1629 	 -0.1105 	 0.0198 	 0.1526 	 0.7407 	 0.1415 	 -0.9771
2.9359 	 -0.0367 	 -0.0809 	 -0.1614 	 -0.1030 	 0.0212 	 0.1428 	 0.7493 	 0.1376 	 -0.9815
2.9459 	 -0.0377 	 -0.0806 	 -0.1600 	 -0.0955 	 0.0226 	 0.1329 	 0.7549 	 0.1289 	 -0.9829
2.9559 	 -0.0386 	 -0.0804 	 -0.1588 	 -0.0880 	 0.0238 	 0.1231 	 0.7494 	 0.1202 	 -0.9837
2.9659 	 -0.0395 	 -0.0802 	 -0.1576 	 -0.0804 	 0.0250 	 0.1132 	 0.7544 	 0.1156 	 -0.9879
2.9760 	 -0.0402 	 -0.0799 	 -0.1565 	 -0.0728 	 0.0261 	 0.1033 	 0.7591 	 0.1115 	 -0.9925
2.9860 	 -0.0409 	 -0.0796 	 -0.1555 	 -0.0652 	 0.0272 	 0.0933 	 0.7666 	 0.1127 	 -0.9991
2.9960 	 -0.0416 	 -0.0794 	 -0.1546 	 -0.0575 	 0.0283 	 0.0833 	 0.7700 	 0.1090 	 -1.0032
3.0060 	 -0.0421 	 -0.0791 	 -0.1538 	 -0.0498 	 0.0294 	 0.0732 	 0.7730 	 0.1062 	 -1.0068
3.0160 	 -0.0426 	 -0.0788 	 -0.1532 	 -0.0420 	 0.0305 	 0.0631 	 0.7755 	 0.1041 	 -1.0094
3.0261 	 -0.0429 	 -0.0785 	 -0.1526 	 -0.0342 	 0.0315 	 0.0530 	 0.7776 	 0.1027 	 -1.0106
3.0361 	 -0.0432 	 -0.0781 	 -0.1521 	 -0.0264 	 0.0325 	 0.0429 	 0.7792 	 0.1014 	 -1.0099
3.0461 	 -0.0435 	 -0.0778 	 -0.1517 	 -0.0186 	 0.0335 	 0.0327 	 0.7804 	 0.0991 	 -1.0073
3.0561 	 -0.0436 	 -0.0775 	 -0.1514 	 -0.0108 	 0.0345 	 0.0227 	 0.7816 	 0.0949 	 -1.0040
3.0661 	 -0.0437 	 -0.0771 	 -0.1513 	 -0.0030 	 0.0354 	 0.0126 	 0.7829 	 0.0889 	 -1.0016
3.0762 	 -0.0437 	 -0.0768 	 -0.1512 	 0.0049 	 0.0363 	 0.0026 	 0.7849 	 0.0757 	 -1.0005
3.0862 	 -0.0436 	 -0.0764 	 -0.1512 	 0.0128 	 0.0370 	 -0.0074 	 0.7892 	 0.0700 	 -1.0002
3.0962 	 -0.0434 	 -0.0760 	 -0.1513 	 0.0207 	 0.0377 	 -0.0174 	 0.7884 	 0.0632 	 -0.9949
3.1062 	 -0.0432 	 -0.0756 	 -0.1516 	 0.0286 	 0.0383 	 -0.0274 	 0.7884 	 0.0564 	 -0.9964
3.1162 	 -0.0428 	 -0.0752 	 -0.1519 	 0.0365 	 0.0388 	 -0.0373 	 0.7884 	 0.0509 	 -0.9910
3.1263 	 -0.0424 	 -0.0749 	 -0.1523 	 0.0444 	 0.0393 	 -0.0472 	 0.7865 	 0.0444 	 -0.9850
3.1363 	 -0.0420 	 -0.0745 	 -0.1528 	 0.0523 	 0.0397 	 -0.0571 	 0.7848 	 0.0372 	 -0.9851
3.1463 	 -0.0414 	 -0.0741 	 -0.1535 	 0.0601 	 0.0400 	 -0.0670 	 0.7824 	 0.0296 	 -0.9852
3.1563 	 -0.0407 	 -0.0737 	 -0.1542 	 0.0679 	 0.0403 	 -0.0769 	 0.7796 	 0.0214 	 -0.9853
3.1663 	 -0.0400 	 -0.0733 	 -0.1550 	 0.0757 	 0.0405 	 -0.0867 	 0.7762 	 0.0127 	 -0.9852
3.1764 	 -0.0392 	 -0.0728 	 -0.1559 	 0.0834 	 0.0405 	 -0.0966 	 0.7652 	 0.0025 	 -0.9831
3.1864 	 -0.0384 	 -0.0724 	 -0.1569 	 0.0910 	 0.0405 	 -0.1063 	 0.7561 	 -0.0058 	 -0.9696
3.1964 	 -0.0374 	 -0.0720 	 -0.1580 	 0.0986 	 0.0404 	 -0.1160 	 0.7475 	 -0.0179 	 -0.9666
3.2064 	 -0.0364 	 -0.0716 	 -0.1593 	 0.1060 	 0.0402 	 -0.1257 	 0.7380 	 -0.0289 	 -0.9638
3.2164 	 -0.0353 	 -0.0712 	 -0.1606 	 0.1134 	 0.0399 	 -0.1353 	 0.7241 	 -0.0380 	 -0.9555
3.2265 	 -0.0341 	 -0.0708 	 -0.1620 	 0.1206 	 0.0395 	 -0.1448 	 0.7150 	 -0.0411 	 -0.9410
3.2365 	 -0.0329 	 -0.0704 	 -0.1635 	 0.1277 	 0.0390 	 -0.1542 	 0.7111 	 -0.0456 	 -0.9313
3.2465 	 -0.0316 	 -0.0700 	 -0.1651 	 0.1348 	 0.0385 	 -0.1634 	 0.7074 	 -0.0524 	 -0.9177
3.2565 	 -0.0302 	 -0.0697 	 -0.1667 	 0.1419 	 0.0380 	 -0.1726 	 0.7057 	 -0.0620 	 -0.9109
3.2665 	 -0.0287 	 -0.0693 	 -0.1685 	 0.1489 	 0.0373 	 -0.1817 	 0.7042 	 -0.0735 	 -0.9039
3.2766 	 -0.0272 	 -0.0689 	 -0.1704 	 0.1560 	 0.0365 	 -0.1907 	 0.7029 	 -0.0863 	 -0.8961
3.2866 	 -0.0256 	 -0.0686 	 -0.1723 	 0.1630 	 0.0356 	 -0.1996 	 0.7020 	 -0.1004 	 -0.8872
3.2966 	 -0.0239 	 -0.0682 	 -0.1744 	 0.1701 	 0.0345 	 -0.2085 	 0.7070 	 -0.1197 	 -0.8851
3.3066 	 -0.0222 	 -0.0679 	 -0.1765 	 0.1772 	 0.0332 	 -0.2173 	 0.7075 	 -0.1316 	 -0.8750
3.3166 	 -0.0204 	 -0.0675 	 -0.1787 	 0.1843 	 0.0318 	 -0.2260 	 0.7054 	 -0.1489 	 -0.8591
3.3267 	 -0.0185 	 -0.0672 	 -0.1810 	 0.1913 	 0.0302 	 -0.2346 	 0.7053 	 -0.1609 	 -0.8398
3.3367 	 -0.0165 	 -0.0669 	 -0.1834 	 0.1984 	 0.0285 	 -0.2429 	 0.6982 	 -0.1769 	 -0.8201
3.3467 	 -0.0145 	 -0.0667 	 -0.1859 	 0.2053 	 0.0267 	 -0.2510 	 0.6945 	 -0.1955 	 -0.7963
3.3567 	 -0.0124 	 -0.0664 	 -0.1885 	 0.2123 	 0.0246 	 -0.2588 	 0.6893 	 -0.2149 	 -0.7698
3.3667 	 -0.0103 	 -0.0662 	 -0.1911 	 0.2192 	 0.0224 	 -0.2664 	 0.6843 	 -0.2349 	 -0.7459
3.3768 	 -0.0080 	 -0.0660 	 -0.1938 	 0.2260 	 0.0199 	 -0.2738 	 0.6743 	 -0.2554 	 -0.7138
3.3868 	 -0.0057 	 -0.0658 	 -0.1966 	 0.2327 	 0.0173 	 -0.2807 	 0.6622 	 -0.2758 	 -0.6802
3.3968 	 -0.0034 	 -0.0656 	 -0.1994 	 0.2392 	 0.0144 	 -0.2874 	 0.6481 	 -0.2955 	 -0.6454
3.4068 	 -0.0009 	 -0.0655 	 -0.2023 	 0.2457 	 0.0113 	 -0.2937 	 0.6331 	 -0.3130 	 -0.6171
3.4168 	 0.0016 	 -0.0654 	 -0.2053 	 0.2519 	 0.0081 	 -0.2997 	 0.6142 	 -0.3287 	 -0.5855
3.4269 	 0.0041 	 -0.0653 	 -0.2083 	 0.2579 	 0.0047 	 -0.3055 	 0.5886 	 -0.3472 	 -0.5675
3.4369 	 0.0067 	 -0.0653 	 -0.2114 	 0.2637 	 0.0012 	 -0.3111 	 0.5548 	 -0.3663 	 -0.5482
3.4469 	 0.0094 	 -0.0653 	 -0.2146 	 0.2690 	 -0.0026 	 -0.3164 	 0.5120 	 -0.3908 	 -0.5114
3.4569 	 0.0121 	 -0.0653 	 -0.2178 	 0.2739 	 -0.0066 	 -0.3213 	 0.4705 	 -0.4053 	 -0.4743
3.4669 	 0.0149 	 -0.0654 	 -0.2210 	 0.2785 	 -0.0107 	 -0.3259 	 0.4296 	 -0.4158 	 -0.4389
3.4770 	 0.0177 	 -0.0656 	 -0.2243 	 0.2826 	 -0.0149 	 -0.3301 	 0.3892 	 -0.4242 	 -0.4064
3.4870 	 0.0205 	 -0.0657 	 -0.2276 	 0.2863 	 -0.0192 	 -0.3340 	 0.3498 	 -0.4257 	 -0.3726
3.4970 	 0.0234 	 -0.0659 	 -0.2310 	 0.2896 	 -0.0235 	 -0.3376 	 0.3106 	 -0.4319 	 -0.3445
3.5070 	 0.0263 	 -0.0662 	 -0.2344 	 0.2925 	 -0.0278 	 -0.3409 	 0.2716 	 -0.4381 	 -0.3175
3.5170 	 0.0293 	 -0.0665 	 -0.2378 	 0.2950 	 -0.0323 	 -0.3440 	 0.2325 	 -0.4442 	 -0.2906
3.5271 	 0.0323 	 -0.0669 	 -0.2413 	 0.2971 	 -0.0367 	 -0.3468 	 0.1927 	 -0.4497 	 -0.2628
3.5371 	 0.0352 	 -0.0672 	 -0.2448 	 0.2989 	 -0.0413 	 -0.3492 	 0.1518 	 -0.4540 	 -0.2331
3.5471 	 0.0382 	 -0.0677 	 -0.2483 	 0.3002 	 -0.0458 	 -0.3514 	 0.1095 	 -0.4561 	 -0.2008
3.5571 	 0.0413 	 -0.0682 	 -0.2518 	 0.3011 	 -0.0504 	 -0.3533 	 0.0673 	 -0.4579 	 -0.1711
3.5671 	 0.0443 	 -0.0687 	 -0.2554 	 0.3015 	 -0.0550 	 -0.3548 	 0.0241 	 -0.4537 	 -0.1331
3.5772 	 0.0473 	 -0.0693 	 -0.2589 	 0.3015 	 -0.0595 	 -0.3560 	 -0.0182 	 -0.4462 	 -0.0948
3.5872 	 0.0503 	 -0.0699 	 -0.2625 	 0.3012 	 -0.0639 	 -0.3568 	 -0.0556 	 -0.4324 	 -0.0638
3.5972 	 0.0533 	 -0.0705 	 -0.2661 	 0.3004 	 -0.0682 	 -0.3572 	 -0.0944 	 -0.4192 	 -0.0300
3.6072 	 0.0563 	 -0.0712 	 -0.2696 	 0.2993 	 -0.0723 	 -0.3574 	 -0.1316 	 -0.4068 	 -0.0058
3.6172 	 0.0593 	 -0.0720 	 -0.2732 	 0.2978 	 -0.0763 	 -0.3573 	 -0.1688 	 -0.3929 	 0.0216
3.6273 	 0.0623 	 -0.0728 	 -0.2768 	 0.2959 	 -0.0802 	 -0.3570 	 -0.2044 	 -0.3789 	 0.0405
3.6373 	 0.0652 	 -0.0736 	 -0.2804 	 0.2937 	 -0.0839 	 -0.3565 	 -0.2407 	 -0.3653 	 0.0636
3.6473 	 0.0682 	 -0.0745 	 -0.2839 	 0.2911 	 -0.0875 	 -0.3557 	 -0.2769 	 -0.3519 	 0.0868
3.6573 	 0.0711 	 -0.0754 	 -0.2875 	 0.2881 	 -0.0910 	 -0.3548 	 -0.3105 	 -0.3385 	 0.1073
3.6673 	 0.0739 	 -0.0763 	 -0.2910 	 0.2849 	 -0.0943 	 -0.3535 	 -0.3464 	 -0.3284 	 0.1380
3.6774 	 0.0768 	 -0.0772 	 -0.2946 	 0.2812 	 -0.0976 	 -0.3520 	 -0.3781 	 -0.3206 	 0.1721
3.6874 	 0.0796 	 -0.0782 	 -0.2981 	 0.2773 	 -0.1007 	 -0.3501 	 -0.4058 	 -0.3143 	 0.2061
3.6974 	 0.0823 	 -0.0793 	 -0.3016 	 0.2731 	 -0.1039 	 -0.3479 	 -0.4280 	 -0.3089 	 0.2340
3.7074 	 0.0851 	 -0.0803 	 -0.3051 	 0.2687 	 -0.1070 	 -0.3454 	 -0.4528 	 -0.3053 	 0.2666
3.7174 	 0.0877 	 -0.0814 	 -0.3085 	 0.2640 	 -0.1100 	 -0.3425 	 -0.4772 	 -0.2921 	 0.2973
3.7275 	 0.0903 	 -0.0825 	 -0.3119 	 0.2591 	 -0.1128 	 -0.3394 	 -0.4988 	 -0.2760 	 0.3256
3.7375 	 0.0929 	 -0.0837 	 -0.3153 	 0.2541 	 -0.1154 	 -0.3361 	 -0.5151 	 -0.2533 	 0.3388
3.7475 	 0.0954 	 -0.0848 	 -0.3187 	 0.2488 	 -0.1179 	 -0.3326 	 -0.5307 	 -0.2350 	 0.3606
3.7575 	 0.0979 	 -0.0860 	 -0.3220 	 0.2434 	 -0.1202 	 -0.3289 	 -0.5444 	 -0.2172 	 0.3796
3.7675 	 0.1003 	 -0.0872 	 -0.3253 	 0.2379 	 -0.1222 	 -0.3250 	 -0.5566 	 -0.2001 	 0.3962
3.7776 	 0.1027 	 -0.0885 	 -0.3285 	 0.2323 	 -0.1242 	 -0.3210 	 -0.5678 	 -0.1838 	 0.4108
3.7876 	 0.1050 	 -0.0897 	 -0.3317 	 0.2265 	 -0.1259 	 -0.3168 	 -0.5817 	 -0.1738 	 0.4223
3.7976 	 0.1072 	 -0.0910 	 -0.3348 	 0.2207 	 -0.1276 	 -0.3125 	 -0.5919 	 -0.1598 	 0.4341
3.8076 	 0.1094 	 -0.0923 	 -0.3380 	 0.2147 	 -0.1292 	 -0.3081 	 -0.6016 	 -0.1483 	 0.4393
3.8176 	 0.1115 	 -0.0936 	 -0.3410 	 0.2086 	 -0.1306 	 -0.3037 	 -0.6115 	 -0.1356 	 0.4503
3.8277 	 0.1136 	 -0.0949 	 -0.3440 	 0.2025 	 -0.1319 	 -0.2991 	 -0.6142 	 -0.1260 	 0.4599
3.8377 	 0.1156 	 -0.0962 	 -0.3470 	 0.1963 	 -0.1331 	 -0.2945 	 -0.6227 	 -0.1147 	 0.4705
3.8477 	 0.1175 	 -0.0976 	 -0.3499 	 0.1900 	 -0.1342 	 -0.2897 	 -0.6314 	 -0.1035 	 0.4812
3.8577 	 0.1194 	 -0.0989 	 -0.3528 	 0.1836 	 -0.1352 	 -0.2849 	 -0.6427 	 -0.0950 	 0.4878
3.8677 	 0.1212 	 -0.1003 	 -0.3556 	 0.1771 	 -0.1361 	 -0.2799 	 -0.6512 	 -0.0833 	 0.5000
3.8778 	 0.1229 	 -0.1016 	 -0.3584 	 0.1706 	 -0.1369 	 -0.2748 	 -0.6598 	 -0.0715 	 0.5128
3.8878 	 0.1246 	 -0.1030 	 -0.3612 	 0.1639 	 -0.1375 	 -0.2696 	 -0.6686 	 -0.0598 	 0.5263
3.8978 	 0.1262 	 -0.1044 	 -0.3638 	 0.1572 	 -0.1381 	 -0.2643 	 -0.6773 	 -0.0483 	 0.5407
3.9078 	 0.1277 	 -0.1058 	 -0.3664 	 0.1503 	 -0.1385 	 -0.2588 	 -0.6871 	 -0.0305 	 0.5590
3.9178 	 0.1292 	 -0.1072 	 -0.3690 	 0.1434 	 -0.1388 	 -0.2531 	 -0.6982 	 -0.0222 	 0.5742
3.9279 	 0.1306 	 -0.1086 	 -0.3715 	 0.1363 	 -0.1389 	 -0.2473 	 -0.7043 	 -0.0091 	 0.5893
3.9379 	 0.1319 	 -0.1100 	 -0.3740 	 0.1293 	 -0.1389 	 -0.2413 	 -0.7044 	 0.0042 	 0.6003
3.9479 	 0.1332 	 -0.1113 	 -0.3764 	 0.1222 	 -0.1388 	 -0.2352 	 -0.7080 	 0.0177 	 0.6140
3.9579 	 0.1344 	 -0.1127 	 -0.3787 	 0.1151 	 -0.1386 	 -0.2290 	 -0.7108 	 0.0316 	 0.6273
3.9679 	 0.1355 	 -0.1141 	 -0.3809 	 0.1079 	 -0.1382 	 -0.2227 	 -0.7129 	 0.0460 	 0.6398
3.9780 	 0.1366 	 -0.1155 	 -0.3831 	 0.1008 	 -0.1377 	 -0.2162 	 -0.7142 	 0.0608 	 0.6514
3.9880 	 0.1375 	 -0.1169 	 -0.3853 	 0.0936 	 -0.1370 	 -0.2096 	 -0.7136 	 0.0805 	 0.6575
3.9980 	 0.1384 	 -0.1182 	 -0.3873 	 0.0865 	 -0.1361 	 -0.2030 	 -0.7132 	 0.0965 	 0.6661
4.0080 	 0.1393 	 -0.1196 	 -0.3893 	 0.0794 	 -0.1350 	 -0.1963 	 -0.7090 	 0.1121 	 0.6674
4.0180 	 0.1400 	 -0.1210 	 -0.3913 	 0.0723 	 -0.1338 	 -0.1896 	 -0.7072 	 0.1274 	 0.6735
4.0281 	 0.1407 	 -0.1223 	 -0.3931 	 0.0652 	 -0.1325 	 -0.1828 	 -0.7033 	 0.1497 	 0.6869
4.0381 	 0.1413 	 -0.1236 	 -0.3949 	 0.0582 	 -0.1309 	 -0.1759 	 -0.7009 	 0.1633 	 0.6922
4.0481 	 0.1419 	 -0.1249 	 -0.3967 	 0.0512 	 -0.1292 	 -0.1689 	 -0.6984 	 0.1764 	 0.6974
4.0581 	 0.1424 	 -0.1262 	 -0.3983 	 0.0442 	 -0.1274 	 -0.1619 	 -0.6958 	 0.1889 	 0.7026
4.0681 	 0.1428 	 -0.1275 	 -0.3999 	 0.0372 	 -0.1254 	 -0.1549 	 -0.6929 	 0.2009 	 0.7077
4.0782 	 0.1431 	 -0.1287 	 -0.4014 	 0.0302 	 -0.1233 	 -0.1478 	 -0.6943 	 0.2131 	 0.7096
4.0882 	 0.1434 	 -0.1299 	 -0.4029 	 0.0233 	 -0.1211 	 -0.1406 	 -0.6897 	 0.2240 	 0.7156
4.0982 	 0.1436 	 -0.1311 	 -0.4042 	 0.0164 	 -0.1188 	 -0.1334 	 -0.6847 	 0.2345 	 0.7215
4.1082 	 0.1437 	 -0.1323 	 -0.4055 	 0.0096 	 -0.1164 	 -0.1262 	 -0.6793 	 0.2446 	 0.7272
4.1182 	 0.1438 	 -0.1335 	 -0.4068 	 0.0028 	 -0.1139 	 -0.1189 	 -0.6734 	 0.2546 	 0.7327
4.1283 	 0.1438 	 -0.1346 	 -0.4079 	 -0.0039 	 -0.1113 	 -0.1115 	 -0.6671 	 0.2645 	 0.7379
4.1383 	 0.1437 	 -0.1357 	 -0.4090 	 -0.0106 	 -0.1086 	 -0.1041 	 -0.6605 	 0.2744 	 0.7428
4.1483 	 0.1435 	 -0.1368 	 -0.4100 	 -0.0171 	 -0.1058 	 -0.0966 	 -0.6536 	 0.2845 	 0.7475
4.1583 	 0.1433 	 -0.1378 	 -0.4109 	 -0.0237 	 -0.1029 	 -0.0891 	 -0.6464 	 0.2949 	 0.7520
4.1683 	 0.1431 	 -0.1388 	 -0.4118 	 -0.0301 	 -0.0999 	 -0.0815 	 -0.6389 	 0.3056 	 0.7565
4.1784 	 0.1427 	 -0.1398 	 -0.4126 	 -0.0365 	 -0.0968 	 -0.0739 	 -0.6311 	 0.3166 	 0.7611
4.1884 	 0.1423 	 -0.1408 	 -0.4133 	 -0.0427 	 -0.0936 	 -0.0662 	 -0.6209 	 0.3281 	 0.7723
4.1984 	 0.1419 	 -0.1417 	 -0.4139 	 -0.0489 	 -0.0902 	 -0.0585 	 -0.6067 	 0.3404 	 0.7733
4.2084 	 0.1414 	 -0.1426 	 -0.4144 	 -0.0549 	 -0.0868 	 -0.0507 	 -0.5967 	 0.3526 	 0.7786
4.2184 	 0.1408 	 -0.1434 	 -0.4149 	 -0.0608 	 -0.0832 	 -0.0429 	 -0.5862 	 0.3652 	 0.7846
4.2285 	 0.1401 	 -0.1442 	 -0.4153 	 -0.0666 	 -0.0794 	 -0.0350 	 -0.5751 	 0.3781 	 0.7910
4.2385 	 0.1395 	 -0.1450 	 -0.4156 	 -0.0723 	 -0.0756 	 -0.0270 	 -0.5630 	 0.3925 	 0.8044
4.2485 	 0.1387 	 -0.1458 	 -0.4158 	 -0.0779 	 -0.0716 	 -0.0189 	 -0.5507 	 0.4060 	 0.8115
4.2585 	 0.1379 	 -0.1465 	 -0.4160 	 -0.0834 	 -0.0674 	 -0.0107 	 -0.5380 	 0.4195 	 0.8183
4.2685 	 0.1370 	 -0.1471 	 -0.4161 	 -0.0887 	 -0.0632 	 -0.0025 	 -0.5254 	 0.4329 	 0.8245
4.2786 	 0.1361 	 -0.1477 	 -0.4160 	 -0.0939 	 -0.0588 	 0.0059 	 -0.5136 	 0.4458 	 0.8363
4.2886 	 0.1351 	 -0.1483 	 -0.4159 	 -0.0990 	 -0.0542 	 0.0143 	 -0.4985 	 0.4529 	 0.8390
4.2986 	 0.1341 	 -0.1488 	 -0.4158 	 -0.1039 	 -0.0496 	 0.0227 	 -0.4863 	 0.4647 	 0.8432
4.3086 	 0.1331 	 -0.1493 	 -0.4155 	 -0.1087 	 -0.0449 	 0.0311 	 -0.4745 	 0.4764 	 0.8474
4.3186 	 0.1320 	 -0.1497 	 -0.4151 	 -0.1134 	 -0.0401 	 0.0397 	 -0.4626 	 0.4883 	 0.8515
4.3287 	 0.1308 	 -0.1501 	 -0.4147 	 -0.1180 	 -0.0352 	 0.0482 	 -0.4520 	 0.4968 	 0.8500
4.3387 	 0.1296 	 -0.1504 	 -0.4142 	 -0.1225 	 -0.0301 	 0.0567 	 -0.4397 	 0.5088 	 0.8532
4.3487 	 0.1283 	 -0.1507 	 -0.4136 	 -0.1268 	 -0.0250 	 0.0653 	 -0.4268 	 0.5210 	 0.8561
4.3587 	 0.1270 	 -0.1509 	 -0.4129 	 -0.1310 	 -0.0197 	 0.0739 	 -0.4129 	 0.5332 	 0.8587
4.3687 	 0.1257 	 -0.1511 	 -0.4121 	 -0.1351 	 -0.0143 	 0.0825 	 -0.3978 	 0.5453 	 0.8608
4.3788 	 0.1243 	 -0.1512 	 -0.4112 	 -0.1390 	 -0.0088 	 0.0911 	 -0.3806 	 0.5569 	 0.8623
4.3888 	 0.1229 	 -0.1513 	 -0.4103 	 -0.1427 	 -0.0031 	 0.0998 	 -0.3622 	 0.5696 	 0.8677
4.3988 	 0.1215 	 -0.1513 	 -0.4092 	 -0.1462 	 0.0026 	 0.1085 	 -0.3400 	 0.5792 	 0.8652
4.4088 	 0.1200 	 -0.1512 	 -0.4081 	 -0.1495 	 0.0085 	 0.1171 	 -0.3162 	 0.5876 	 0.8600
4.4188 	 0.1185 	 -0.1511 	 -0.4069 	 -0.1526 	 0.0144 	 0.1258 	 -0.2960 	 0.5981 	 0.8622
4.4289 	 0.1169 	 -0.1509 	 -0.4056 	 -0.1555 	 0.0205 	 0.1344 	 -0.2712 	 0.6046 	 0.8505
4.4389 	 0.1154 	 -0.1507 	 -0.4042 	 -0.1581 	 0.0266 	 0.1428 	 -0.2467 	 0.6106 	 0.8368
4.4489 	 0.1138 	 -0.1504 	 -0.4027 	 -0.1604 	 0.0327 	 0.1511 	 -0.2224 	 0.6159 	 0.8214
4.4589 	 0.1122 	 -0.1500 	 -0.4011 	 -0.1625 	 0.0389 	 0.1593 	 -0.1980 	 0.6204 	 0.8040
4.4689 	 0.1105 	 -0.1496 	 -0.3995 	 -0.1644 	 0.0451 	 0.1672 	 -0.1730 	 0.6240 	 0.7845
4.4790 	 0.1089 	 -0.1491 	 -0.3978 	 -0.1660 	 0.0514 	 0.1750 	 -0.1469 	 0.6265 	 0.7629
4.4890 	 0.1072 	 -0.1486 	 -0.3960 	 -0.1673 	 0.0577 	 0.1825 	 -0.1192 	 0.6277 	 0.7397
4.4990 	 0.1055 	 -0.1480 	 -0.3941 	 -0.1684 	 0.0640 	 0.1898 	 -0.0900 	 0.6288 	 0.7157
4.5090 	 0.1038 	 -0.1473 	 -0.3922 	 -0.1691 	 0.0703 	 0.1969 	 -0.0614 	 0.6201 	 0.6948
4.5190 	 0.1021 	 -0.1466 	 -0.3902 	 -0.1696 	 0.0765 	 0.2037 	 -0.0304 	 0.6167 	 0.6693
4.5291 	 0.1004 	 -0.1458 	 -0.3881 	 -0.1697 	 0.0826 	 0.2103 	 0.0020 	 0.6119 	 0.6435
4.5391 	 0.0987 	 -0.1449 	 -0.3860 	 -0.1695 	 0.0887 	 0.2166 	 0.0392 	 0.6023 	 0.6222
4.5491 	 0.0970 	 -0.1440 	 -0.3838 	 -0.1690 	 0.0947 	 0.2228 	 0.0715 	 0.5963 	 0.6027
4.5591 	 0.0953 	 -0.1430 	 -0.3815 	 -0.1681 	 0.1007 	 0.2287 	 0.1036 	 0.5911 	 0.5835
4.5691 	 0.0937 	 -0.1420 	 -0.3792 	 -0.1669 	 0.1065 	 0.2344 	 0.1363 	 0.5809 	 0.5619
4.5792 	 0.0920 	 -0.1409 	 -0.3768 	 -0.1654 	 0.1123 	 0.2400 	 0.1665 	 0.5706 	 0.5428
4.5892 	 0.0904 	 -0.1397 	 -0.3744 	 -0.1636 	 0.1180 	 0.2453 	 0.1944 	 0.5608 	 0.5257
4.5992 	 0.0887 	 -0.1385 	 -0.3719 	 -0.1615 	 0.1235 	 0.2505 	 0.2207 	 0.5518 	 0.5098
4.6092 	 0.0871 	 -0.1372 	 -0.3694 	 -0.1591 	 0.1290 	 0.2555 	 0.2461 	 0.5436 	 0.4947
4.6192 	 0.0855 	 -0.1359 	 -0.3668 	 -0.1565 	 0.1344 	 0.2604 	 0.2713 	 0.5360 	 0.4797
4.6293 	 0.0840 	 -0.1345 	 -0.3642 	 -0.1537 	 0.1398 	 0.2652 	 0.2996 	 0.5318 	 0.4698
4.6393 	 0.0825 	 -0.1331 	 -0.3615 	 -0.1506 	 0.1451 	 0.2698 	 0.3282 	 0.5289 	 0.4591
4.6493 	 0.0810 	 -0.1316 	 -0.3587 	 -0.1471 	 0.1503 	 0.2743 	 0.3561 	 0.5207 	 0.4438
4.6593 	 0.0795 	 -0.1301 	 -0.3560 	 -0.1434 	 0.1555 	 0.2787 	 0.3856 	 0.5122 	 0.4296
4.6693 	 0.0781 	 -0.1285 	 -0.3532 	 -0.1394 	 0.1606 	 0.2830 	 0.4154 	 0.5046 	 0.4218
4.6794 	 0.0767 	 -0.1269 	 -0.3503 	 -0.1351 	 0.1656 	 0.2871 	 0.4442 	 0.4966 	 0.4078
4.6894 	 0.0754 	 -0.1252 	 -0.3474 	 -0.1305 	 0.1705 	 0.2911 	 0.4708 	 0.4883 	 0.3912
4.6994 	 0.0741 	 -0.1235 	 -0.3445 	 -0.1257 	 0.1754 	 0.2950 	 0.4963 	 0.4782 	 0.3704
4.7094 	 0.0729 	 -0.1217 	 -0.3415 	 -0.1206 	 0.1801 	 0.2986 	 0.5216 	 0.4658 	 0.3459
4.7194 	 0.0717 	 -0.1199 	 -0.3385 	 -0.1152 	 0.1847 	 0.3019 	 0.5487 	 0.4578 	 0.3147
4.7295 	 0.0706 	 -0.1180 	 -0.3355 	 -0.1096 	 0.1892 	 0.3049 	 0.5721 	 0.4400 	 0.2837
4.7395 	 0.0695 	 -0.1161 	 -0.3324 	 -0.1037 	 0.1935 	 0.3075 	 0.5914 	 0.4155 	 0.2464
4.7495 	 0.0685 	 -0.1141 	 -0.3293 	 -0.0977 	 0.1976 	 0.3098 	 0.6124 	 0.3910 	 0.2098
4.7595 	 0.0675 	 -0.1121 	 -0.3262 	 -0.0915 	 0.2014 	 0.3118 	 0.6299 	 0.3622 	 0.1736
4.7695 	 0.0667 	 -0.1101 	 -0.3230 	 -0.0851 	 0.2049 	 0.3133 	 0.6459 	 0.3364 	 0.1416
4.7796 	 0.0658 	 -0.1080 	 -0.3199 	 -0.0786 	 0.2081 	 0.3146 	 0.6561 	 0.3042 	 0.1128
4.7896 	 0.0651 	 -0.1059 	 -0.3167 	 -0.0719 	 0.2110 	 0.3157 	 0.6643 	 0.2729 	 0.0922
4.7996 	 0.0644 	 -0.1038 	 -0.3136 	 -0.0653 	 0.2136 	 0.3165 	 0.6689 	 0.2422 	 0.0727
4.8096 	 0.0638 	 -0.1016 	 -0.3104 	 -0.0585 	 0.2158 	 0.3171 	 0.6739 	 0.2114 	 0.0492
4.8196 	 0.0632 	 -0.0995 	 -0.3072 	 -0.0518 	 0.2178 	 0.3174 	 0.6772 	 0.1809 	 0.0270
4.8297 	 0.0627 	 -0.0973 	 -0.3040 	 -0.0450 	 0.2195 	 0.3176 	 0.6790 	 0.1508 	 0.0063
4.8397 	 0.0623 	 -0.0951 	 -0.3009 	 -0.0381 	 0.2208 	 0.3176 	 0.6804 	 0.1209 	 -0.0132
4.8497 	 0.0620 	 -0.0928 	 -0.2977 	 -0.0313 	 0.2219 	 0.3173 	 0.6835 	 0.0903 	 -0.0336
4.8597 	 0.0617 	 -0.0906 	 -0.2945 	 -0.0244 	 0.2227 	 0.3169 	 0.6877 	 0.0690 	 -0.0685
4.8697 	 0.0615 	 -0.0884 	 -0.2913 	 -0.0176 	 0.2233 	 0.3160 	 0.6827 	 0.0465 	 -0.1047
4.8798 	 0.0613 	 -0.0861 	 -0.2882 	 -0.0108 	 0.2236 	 0.3148 	 0.6703 	 0.0293 	 -0.1309
4.8898 	 0.0613 	 -0.0839 	 -0.2850 	 -0.0041 	 0.2238 	 0.3134 	 0.6580 	 0.0119 	 -0.1512
4.8998 	 0.0613 	 -0.0817 	 -0.2819 	 0.0024 	 0.2239 	 0.3118 	 0.6469 	 -0.0068 	 -0.1693
4.9098 	 0.0613 	 -0.0794 	 -0.2788 	 0.0088 	 0.2237 	 0.3100 	 0.6371 	 -0.0315 	 -0.1818
4.9198 	 0.0614 	 -0.0772 	 -0.2757 	 0.0152 	 0.2232 	 0.3081 	 0.6287 	 -0.0496 	 -0.2006
4.9299 	 0.0616 	 -0.0749 	 -0.2726 	 0.0215 	 0.2227 	 0.3059 	 0.6218 	 -0.0728 	 -0.2652
4.9399 	 0.0619 	 -0.0727 	 -0.2696 	 0.0276 	 0.2217 	 0.3031 	 0.6037 	 -0.1165 	 -0.2887
4.9499 	 0.0622 	 -0.0705 	 -0.2665 	 0.0336 	 0.2204 	 0.3001 	 0.5868 	 -0.1468 	 -0.3044
4.9599 	 0.0625 	 -0.0683 	 -0.2635 	 0.0393 	 0.2188 	 0.2970 	 0.5695 	 -0.1751 	 -0.3210
4.9699 	 0.0630 	 -0.0661 	 -0.2606 	 0.0450 	 0.2169 	 0.2937 	 0.5537 	 -0.2018 	 -0.3394
4.9800 	 0.0634 	 -0.0640 	 -0.2577 	 0.0505 	 0.2148 	 0.2902 	 0.5406 	 -0.2254 	 -0.3580
4.9900 	 0.0640 	 -0.0618 	 -0.2548 	 0.0558 	 0.2124 	 0.2865 	 0.5279 	 -0.2468 	 -0.3693
