100-Body Run with i = 54 th particle. (Units in pc,M_solar,Myr, km s-1) 

time		 x 		 y 		 z 		 xdot 		 ydot 		 zdot 		 xddot 		 yddot 		 zddot
0.0000 	 0.6749 	 -0.5269 	 -0.3630 	 -0.0019 	 0.0026 	 0.0006 	 -0.2755 	 0.2034 	 0.0551
0.0100 	 0.6749 	 -0.5268 	 -0.3630 	 -0.0047 	 0.0046 	 0.0012 	 -0.2755 	 0.2035 	 0.0551
0.0200 	 0.6748 	 -0.5268 	 -0.3630 	 -0.0074 	 0.0066 	 0.0017 	 -0.2755 	 0.2036 	 0.0551
0.0301 	 0.6748 	 -0.5267 	 -0.3630 	 -0.0102 	 0.0087 	 0.0023 	 -0.2755 	 0.2037 	 0.0552
0.0401 	 0.6746 	 -0.5266 	 -0.3630 	 -0.0129 	 0.0107 	 0.0028 	 -0.2756 	 0.2038 	 0.0552
0.0501 	 0.6745 	 -0.5265 	 -0.3629 	 -0.0157 	 0.0128 	 0.0034 	 -0.2757 	 0.2039 	 0.0552
0.0601 	 0.6743 	 -0.5264 	 -0.3629 	 -0.0185 	 0.0148 	 0.0040 	 -0.2757 	 0.2041 	 0.0553
0.0701 	 0.6741 	 -0.5262 	 -0.3629 	 -0.0212 	 0.0169 	 0.0045 	 -0.2759 	 0.2042 	 0.0553
0.0802 	 0.6739 	 -0.5260 	 -0.3628 	 -0.0240 	 0.0189 	 0.0051 	 -0.2760 	 0.2044 	 0.0554
0.0902 	 0.6736 	 -0.5258 	 -0.3628 	 -0.0268 	 0.0210 	 0.0056 	 -0.2762 	 0.2046 	 0.0555
0.1002 	 0.6734 	 -0.5256 	 -0.3627 	 -0.0295 	 0.0230 	 0.0062 	 -0.2764 	 0.2048 	 0.0555
0.1102 	 0.6731 	 -0.5254 	 -0.3626 	 -0.0323 	 0.0251 	 0.0067 	 -0.2766 	 0.2050 	 0.0556
0.1202 	 0.6727 	 -0.5251 	 -0.3626 	 -0.0351 	 0.0271 	 0.0073 	 -0.2768 	 0.2052 	 0.0557
0.1303 	 0.6724 	 -0.5248 	 -0.3625 	 -0.0378 	 0.0292 	 0.0078 	 -0.2770 	 0.2055 	 0.0558
0.1403 	 0.6720 	 -0.5245 	 -0.3624 	 -0.0406 	 0.0312 	 0.0084 	 -0.2773 	 0.2057 	 0.0559
0.1503 	 0.6715 	 -0.5242 	 -0.3623 	 -0.0434 	 0.0333 	 0.0090 	 -0.2776 	 0.2060 	 0.0560
0.1603 	 0.6711 	 -0.5238 	 -0.3622 	 -0.0462 	 0.0354 	 0.0095 	 -0.2780 	 0.2063 	 0.0561
0.1703 	 0.6706 	 -0.5235 	 -0.3621 	 -0.0490 	 0.0374 	 0.0101 	 -0.2783 	 0.2066 	 0.0563
0.1804 	 0.6701 	 -0.5231 	 -0.3620 	 -0.0518 	 0.0395 	 0.0107 	 -0.2787 	 0.2070 	 0.0564
0.1904 	 0.6696 	 -0.5227 	 -0.3619 	 -0.0546 	 0.0416 	 0.0112 	 -0.2791 	 0.2073 	 0.0565
0.2004 	 0.6690 	 -0.5223 	 -0.3618 	 -0.0574 	 0.0437 	 0.0118 	 -0.2795 	 0.2077 	 0.0567
0.2104 	 0.6684 	 -0.5218 	 -0.3617 	 -0.0602 	 0.0457 	 0.0124 	 -0.2800 	 0.2081 	 0.0569
0.2204 	 0.6678 	 -0.5213 	 -0.3616 	 -0.0630 	 0.0478 	 0.0129 	 -0.2805 	 0.2085 	 0.0570
0.2305 	 0.6672 	 -0.5209 	 -0.3614 	 -0.0658 	 0.0499 	 0.0135 	 -0.2810 	 0.2089 	 0.0572
0.2405 	 0.6665 	 -0.5203 	 -0.3613 	 -0.0686 	 0.0520 	 0.0141 	 -0.2815 	 0.2093 	 0.0574
0.2505 	 0.6658 	 -0.5198 	 -0.3611 	 -0.0714 	 0.0541 	 0.0146 	 -0.2821 	 0.2098 	 0.0576
0.2605 	 0.6651 	 -0.5193 	 -0.3610 	 -0.0742 	 0.0562 	 0.0152 	 -0.2826 	 0.2103 	 0.0578
0.2705 	 0.6643 	 -0.5187 	 -0.3608 	 -0.0771 	 0.0583 	 0.0158 	 -0.2832 	 0.2108 	 0.0580
0.2806 	 0.6635 	 -0.5181 	 -0.3607 	 -0.0799 	 0.0604 	 0.0164 	 -0.2839 	 0.2113 	 0.0583
0.2906 	 0.6627 	 -0.5175 	 -0.3605 	 -0.0828 	 0.0626 	 0.0170 	 -0.2846 	 0.2118 	 0.0585
0.3006 	 0.6619 	 -0.5168 	 -0.3603 	 -0.0856 	 0.0647 	 0.0176 	 -0.2852 	 0.2124 	 0.0588
0.3106 	 0.6610 	 -0.5162 	 -0.3602 	 -0.0885 	 0.0668 	 0.0182 	 -0.2860 	 0.2129 	 0.0590
0.3206 	 0.6601 	 -0.5155 	 -0.3600 	 -0.0914 	 0.0690 	 0.0187 	 -0.2867 	 0.2135 	 0.0593
0.3307 	 0.6592 	 -0.5148 	 -0.3598 	 -0.0942 	 0.0711 	 0.0193 	 -0.2875 	 0.2142 	 0.0596
0.3407 	 0.6582 	 -0.5141 	 -0.3596 	 -0.0971 	 0.0733 	 0.0199 	 -0.2883 	 0.2148 	 0.0599
0.3507 	 0.6572 	 -0.5133 	 -0.3594 	 -0.1000 	 0.0754 	 0.0205 	 -0.2892 	 0.2154 	 0.0602
0.3607 	 0.6562 	 -0.5126 	 -0.3592 	 -0.1029 	 0.0776 	 0.0211 	 -0.2900 	 0.2161 	 0.0605
0.3707 	 0.6551 	 -0.5118 	 -0.3590 	 -0.1058 	 0.0797 	 0.0218 	 -0.2909 	 0.2168 	 0.0609
0.3808 	 0.6541 	 -0.5110 	 -0.3587 	 -0.1087 	 0.0819 	 0.0224 	 -0.2919 	 0.2175 	 0.0612
0.3908 	 0.6530 	 -0.5101 	 -0.3585 	 -0.1117 	 0.0841 	 0.0230 	 -0.2928 	 0.2183 	 0.0616
0.4008 	 0.6518 	 -0.5093 	 -0.3583 	 -0.1146 	 0.0863 	 0.0236 	 -0.2938 	 0.2191 	 0.0620
0.4108 	 0.6507 	 -0.5084 	 -0.3580 	 -0.1176 	 0.0885 	 0.0242 	 -0.2949 	 0.2199 	 0.0624
0.4208 	 0.6495 	 -0.5075 	 -0.3578 	 -0.1205 	 0.0907 	 0.0249 	 -0.2959 	 0.2207 	 0.0628
0.4309 	 0.6483 	 -0.5066 	 -0.3575 	 -0.1235 	 0.0929 	 0.0255 	 -0.2970 	 0.2215 	 0.0632
0.4409 	 0.6470 	 -0.5056 	 -0.3573 	 -0.1265 	 0.0951 	 0.0261 	 -0.2982 	 0.2224 	 0.0637
0.4509 	 0.6457 	 -0.5047 	 -0.3570 	 -0.1295 	 0.0974 	 0.0268 	 -0.2993 	 0.2233 	 0.0641
0.4609 	 0.6444 	 -0.5037 	 -0.3567 	 -0.1325 	 0.0996 	 0.0274 	 -0.3006 	 0.2242 	 0.0646
0.4709 	 0.6431 	 -0.5027 	 -0.3565 	 -0.1355 	 0.1019 	 0.0281 	 -0.3018 	 0.2252 	 0.0651
0.4810 	 0.6417 	 -0.5016 	 -0.3562 	 -0.1385 	 0.1041 	 0.0287 	 -0.3031 	 0.2261 	 0.0656
0.4910 	 0.6403 	 -0.5006 	 -0.3559 	 -0.1416 	 0.1064 	 0.0294 	 -0.3044 	 0.2271 	 0.0662
0.5010 	 0.6389 	 -0.4995 	 -0.3556 	 -0.1446 	 0.1087 	 0.0300 	 -0.3058 	 0.2282 	 0.0667
0.5110 	 0.6374 	 -0.4984 	 -0.3553 	 -0.1477 	 0.1110 	 0.0307 	 -0.3072 	 0.2292 	 0.0673
0.5210 	 0.6359 	 -0.4973 	 -0.3550 	 -0.1508 	 0.1133 	 0.0314 	 -0.3086 	 0.2303 	 0.0679
0.5311 	 0.6344 	 -0.4961 	 -0.3547 	 -0.1539 	 0.1156 	 0.0321 	 -0.3101 	 0.2315 	 0.0686
0.5411 	 0.6328 	 -0.4950 	 -0.3543 	 -0.1570 	 0.1179 	 0.0328 	 -0.3117 	 0.2326 	 0.0692
0.5511 	 0.6312 	 -0.4938 	 -0.3540 	 -0.1601 	 0.1202 	 0.0335 	 -0.3132 	 0.2338 	 0.0699
0.5611 	 0.6296 	 -0.4926 	 -0.3537 	 -0.1633 	 0.1226 	 0.0342 	 -0.3149 	 0.2351 	 0.0706
0.5711 	 0.6279 	 -0.4913 	 -0.3533 	 -0.1664 	 0.1250 	 0.0349 	 -0.3165 	 0.2363 	 0.0713
0.5812 	 0.6263 	 -0.4901 	 -0.3530 	 -0.1696 	 0.1273 	 0.0356 	 -0.3182 	 0.2376 	 0.0721
0.5912 	 0.6245 	 -0.4888 	 -0.3526 	 -0.1728 	 0.1297 	 0.0363 	 -0.3200 	 0.2390 	 0.0728
0.6012 	 0.6228 	 -0.4875 	 -0.3522 	 -0.1760 	 0.1321 	 0.0370 	 -0.3218 	 0.2403 	 0.0737
0.6112 	 0.6210 	 -0.4861 	 -0.3519 	 -0.1793 	 0.1345 	 0.0378 	 -0.3237 	 0.2418 	 0.0745
0.6212 	 0.6192 	 -0.4848 	 -0.3515 	 -0.1825 	 0.1370 	 0.0385 	 -0.3256 	 0.2432 	 0.0754
0.6313 	 0.6174 	 -0.4834 	 -0.3511 	 -0.1858 	 0.1394 	 0.0393 	 -0.3276 	 0.2447 	 0.0763
0.6413 	 0.6155 	 -0.4820 	 -0.3507 	 -0.1891 	 0.1419 	 0.0401 	 -0.3296 	 0.2463 	 0.0772
0.6513 	 0.6136 	 -0.4805 	 -0.3503 	 -0.1924 	 0.1443 	 0.0408 	 -0.3317 	 0.2478 	 0.0782
0.6613 	 0.6116 	 -0.4791 	 -0.3499 	 -0.1957 	 0.1468 	 0.0416 	 -0.3338 	 0.2495 	 0.0792
0.6713 	 0.6097 	 -0.4776 	 -0.3495 	 -0.1991 	 0.1493 	 0.0424 	 -0.3360 	 0.2512 	 0.0803
0.6814 	 0.6076 	 -0.4761 	 -0.3490 	 -0.2025 	 0.1519 	 0.0432 	 -0.3383 	 0.2529 	 0.0814
0.6914 	 0.6056 	 -0.4746 	 -0.3486 	 -0.2059 	 0.1544 	 0.0441 	 -0.3406 	 0.2547 	 0.0825
0.7014 	 0.6035 	 -0.4730 	 -0.3481 	 -0.2093 	 0.1570 	 0.0449 	 -0.3430 	 0.2565 	 0.0837
0.7114 	 0.6014 	 -0.4714 	 -0.3477 	 -0.2127 	 0.1595 	 0.0457 	 -0.3455 	 0.2584 	 0.0849
0.7214 	 0.5992 	 -0.4698 	 -0.3472 	 -0.2162 	 0.1621 	 0.0466 	 -0.3480 	 0.2603 	 0.0861
0.7315 	 0.5971 	 -0.4682 	 -0.3468 	 -0.2197 	 0.1648 	 0.0475 	 -0.3506 	 0.2623 	 0.0875
0.7415 	 0.5948 	 -0.4665 	 -0.3463 	 -0.2232 	 0.1674 	 0.0484 	 -0.3533 	 0.2643 	 0.0888
0.7515 	 0.5926 	 -0.4648 	 -0.3458 	 -0.2268 	 0.1701 	 0.0492 	 -0.3560 	 0.2664 	 0.0902
0.7615 	 0.5903 	 -0.4631 	 -0.3453 	 -0.2304 	 0.1727 	 0.0502 	 -0.3588 	 0.2686 	 0.0917
0.7715 	 0.5880 	 -0.4613 	 -0.3448 	 -0.2340 	 0.1754 	 0.0511 	 -0.3617 	 0.2708 	 0.0932
0.7816 	 0.5856 	 -0.4596 	 -0.3443 	 -0.2376 	 0.1782 	 0.0520 	 -0.3647 	 0.2731 	 0.0948
0.7916 	 0.5832 	 -0.4578 	 -0.3437 	 -0.2413 	 0.1809 	 0.0530 	 -0.3678 	 0.2755 	 0.0965
0.8016 	 0.5808 	 -0.4559 	 -0.3432 	 -0.2450 	 0.1837 	 0.0540 	 -0.3709 	 0.2779 	 0.0982
0.8116 	 0.5783 	 -0.4541 	 -0.3427 	 -0.2487 	 0.1865 	 0.0550 	 -0.3741 	 0.2804 	 0.1000
0.8216 	 0.5758 	 -0.4522 	 -0.3421 	 -0.2525 	 0.1893 	 0.0560 	 -0.3775 	 0.2830 	 0.1018
0.8317 	 0.5732 	 -0.4503 	 -0.3415 	 -0.2563 	 0.1922 	 0.0570 	 -0.3809 	 0.2857 	 0.1037
0.8417 	 0.5707 	 -0.4484 	 -0.3410 	 -0.2601 	 0.1950 	 0.0580 	 -0.3844 	 0.2884 	 0.1057
0.8517 	 0.5680 	 -0.4464 	 -0.3404 	 -0.2640 	 0.1979 	 0.0591 	 -0.3881 	 0.2913 	 0.1078
0.8617 	 0.5654 	 -0.4444 	 -0.3398 	 -0.2679 	 0.2009 	 0.0602 	 -0.3918 	 0.2942 	 0.1099
0.8717 	 0.5627 	 -0.4424 	 -0.3392 	 -0.2718 	 0.2038 	 0.0613 	 -0.3956 	 0.2972 	 0.1122
0.8818 	 0.5599 	 -0.4403 	 -0.3385 	 -0.2758 	 0.2068 	 0.0625 	 -0.3996 	 0.3003 	 0.1145
0.8918 	 0.5571 	 -0.4382 	 -0.3379 	 -0.2799 	 0.2099 	 0.0636 	 -0.4036 	 0.3035 	 0.1169
0.9018 	 0.5543 	 -0.4361 	 -0.3373 	 -0.2839 	 0.2129 	 0.0648 	 -0.4078 	 0.3068 	 0.1194
0.9118 	 0.5514 	 -0.4339 	 -0.3366 	 -0.2880 	 0.2160 	 0.0660 	 -0.4121 	 0.3102 	 0.1220
0.9218 	 0.5485 	 -0.4318 	 -0.3359 	 -0.2922 	 0.2191 	 0.0672 	 -0.4166 	 0.3137 	 0.1247
0.9319 	 0.5456 	 -0.4296 	 -0.3353 	 -0.2964 	 0.2223 	 0.0685 	 -0.4211 	 0.3173 	 0.1275
0.9419 	 0.5426 	 -0.4273 	 -0.3346 	 -0.3006 	 0.2255 	 0.0698 	 -0.4258 	 0.3210 	 0.1304
0.9519 	 0.5396 	 -0.4250 	 -0.3339 	 -0.3049 	 0.2287 	 0.0711 	 -0.4266 	 0.3203 	 0.1313
0.9619 	 0.5365 	 -0.4227 	 -0.3331 	 -0.3092 	 0.2319 	 0.0724 	 -0.4313 	 0.3240 	 0.1343
0.9719 	 0.5334 	 -0.4204 	 -0.3324 	 -0.3136 	 0.2352 	 0.0738 	 -0.4415 	 0.3256 	 0.1399
0.9820 	 0.5302 	 -0.4180 	 -0.3317 	 -0.3180 	 0.2385 	 0.0752 	 -0.4463 	 0.3298 	 0.1430
0.9920 	 0.5270 	 -0.4156 	 -0.3309 	 -0.3225 	 0.2418 	 0.0767 	 -0.4512 	 0.3341 	 0.1463
1.0020 	 0.5237 	 -0.4132 	 -0.3301 	 -0.3270 	 0.2452 	 0.0782 	 -0.4563 	 0.3386 	 0.1496
1.0120 	 0.5204 	 -0.4107 	 -0.3293 	 -0.3316 	 0.2486 	 0.0797 	 -0.4616 	 0.3433 	 0.1531
1.0220 	 0.5171 	 -0.4082 	 -0.3285 	 -0.3363 	 0.2521 	 0.0812 	 -0.4670 	 0.3482 	 0.1567
1.0321 	 0.5137 	 -0.4056 	 -0.3277 	 -0.3410 	 0.2556 	 0.0828 	 -0.4726 	 0.3532 	 0.1604
1.0421 	 0.5103 	 -0.4031 	 -0.3269 	 -0.3458 	 0.2591 	 0.0844 	 -0.4784 	 0.3584 	 0.1643
1.0521 	 0.5068 	 -0.4005 	 -0.3260 	 -0.3506 	 0.2628 	 0.0861 	 -0.4844 	 0.3639 	 0.1683
1.0621 	 0.5032 	 -0.3978 	 -0.3251 	 -0.3555 	 0.2664 	 0.0878 	 -0.4906 	 0.3695 	 0.1724
1.0721 	 0.4996 	 -0.3951 	 -0.3243 	 -0.3604 	 0.2702 	 0.0896 	 -0.4971 	 0.3754 	 0.1767
1.0822 	 0.4960 	 -0.3924 	 -0.3234 	 -0.3654 	 0.2740 	 0.0914 	 -0.5037 	 0.3816 	 0.1811
1.0922 	 0.4923 	 -0.3896 	 -0.3224 	 -0.3705 	 0.2778 	 0.0932 	 -0.5106 	 0.3880 	 0.1856
1.1022 	 0.4886 	 -0.3868 	 -0.3215 	 -0.3757 	 0.2817 	 0.0951 	 -0.5178 	 0.3947 	 0.1903
1.1122 	 0.4848 	 -0.3840 	 -0.3205 	 -0.3809 	 0.2857 	 0.0970 	 -0.5252 	 0.4016 	 0.1951
1.1222 	 0.4809 	 -0.3811 	 -0.3195 	 -0.3862 	 0.2898 	 0.0990 	 -0.5329 	 0.4090 	 0.2001
1.1323 	 0.4771 	 -0.3782 	 -0.3185 	 -0.3916 	 0.2939 	 0.1010 	 -0.5410 	 0.4166 	 0.2052
1.1423 	 0.4731 	 -0.3752 	 -0.3175 	 -0.3970 	 0.2981 	 0.1031 	 -0.5493 	 0.4246 	 0.2104
1.1523 	 0.4691 	 -0.3722 	 -0.3165 	 -0.4026 	 0.3024 	 0.1052 	 -0.5581 	 0.4331 	 0.2158
1.1623 	 0.4650 	 -0.3691 	 -0.3154 	 -0.4082 	 0.3068 	 0.1074 	 -0.5671 	 0.4419 	 0.2214
1.1723 	 0.4609 	 -0.3660 	 -0.3143 	 -0.4140 	 0.3113 	 0.1097 	 -0.5766 	 0.4512 	 0.2271
1.1824 	 0.4567 	 -0.3629 	 -0.3132 	 -0.4198 	 0.3159 	 0.1120 	 -0.5865 	 0.4610 	 0.2330
1.1924 	 0.4525 	 -0.3597 	 -0.3121 	 -0.4257 	 0.3205 	 0.1143 	 -0.5969 	 0.4713 	 0.2391
1.2024 	 0.4482 	 -0.3565 	 -0.3109 	 -0.4317 	 0.3253 	 0.1168 	 -0.6078 	 0.4822 	 0.2453
1.2124 	 0.4438 	 -0.3532 	 -0.3097 	 -0.4379 	 0.3302 	 0.1193 	 -0.6191 	 0.4937 	 0.2517
1.2224 	 0.4394 	 -0.3499 	 -0.3085 	 -0.4442 	 0.3352 	 0.1218 	 -0.6311 	 0.5059 	 0.2582
1.2325 	 0.4349 	 -0.3465 	 -0.3073 	 -0.4505 	 0.3403 	 0.1244 	 -0.6436 	 0.5188 	 0.2650
1.2425 	 0.4304 	 -0.3430 	 -0.3060 	 -0.4571 	 0.3456 	 0.1271 	 -0.6568 	 0.5324 	 0.2719
1.2525 	 0.4258 	 -0.3395 	 -0.3047 	 -0.4637 	 0.3510 	 0.1299 	 -0.6706 	 0.5469 	 0.2790
1.2625 	 0.4211 	 -0.3360 	 -0.3034 	 -0.4705 	 0.3566 	 0.1327 	 -0.6852 	 0.5623 	 0.2863
1.2725 	 0.4164 	 -0.3324 	 -0.3021 	 -0.4774 	 0.3623 	 0.1356 	 -0.7006 	 0.5787 	 0.2937
1.2826 	 0.4115 	 -0.3287 	 -0.3007 	 -0.4845 	 0.3682 	 0.1386 	 -0.7168 	 0.5961 	 0.3014
1.2926 	 0.4066 	 -0.3250 	 -0.2993 	 -0.4918 	 0.3742 	 0.1417 	 -0.7340 	 0.6147 	 0.3093
1.3026 	 0.4017 	 -0.3212 	 -0.2979 	 -0.4994 	 0.3806 	 0.1448 	 -0.7725 	 0.6542 	 0.3209
1.3126 	 0.3966 	 -0.3174 	 -0.2964 	 -0.5073 	 0.3873 	 0.1481 	 -0.8036 	 0.6888 	 0.3340
1.3226 	 0.3915 	 -0.3135 	 -0.2949 	 -0.5155 	 0.3944 	 0.1515 	 -0.8326 	 0.7204 	 0.3493
1.3327 	 0.3863 	 -0.3095 	 -0.2934 	 -0.5240 	 0.4018 	 0.1551 	 -0.8516 	 0.7422 	 0.3588
1.3427 	 0.3810 	 -0.3054 	 -0.2918 	 -0.5327 	 0.4094 	 0.1588 	 -0.8730 	 0.7665 	 0.3698
1.3527 	 0.3756 	 -0.3013 	 -0.2902 	 -0.5415 	 0.4171 	 0.1625 	 -0.8852 	 0.7820 	 0.3766
1.3627 	 0.3702 	 -0.2971 	 -0.2885 	 -0.5504 	 0.4251 	 0.1663 	 -0.9019 	 0.8015 	 0.3851
1.3727 	 0.3646 	 -0.2928 	 -0.2868 	 -0.5595 	 0.4332 	 0.1702 	 -0.9211 	 0.8251 	 0.3934
1.3828 	 0.3589 	 -0.2884 	 -0.2851 	 -0.5689 	 0.4416 	 0.1742 	 -0.9351 	 0.8430 	 0.3942
1.3928 	 0.3532 	 -0.2839 	 -0.2834 	 -0.5783 	 0.4501 	 0.1781 	 -0.9467 	 0.8589 	 0.3940
1.4028 	 0.3473 	 -0.2794 	 -0.2816 	 -0.5878 	 0.4588 	 0.1821 	 -0.9500 	 0.8673 	 0.3925
1.4128 	 0.3414 	 -0.2747 	 -0.2797 	 -0.5974 	 0.4676 	 0.1860 	 -0.9659 	 0.8853 	 0.3968
1.4228 	 0.3354 	 -0.2700 	 -0.2778 	 -0.6071 	 0.4765 	 0.1900 	 -0.9708 	 0.8961 	 0.3981
1.4329 	 0.3292 	 -0.2652 	 -0.2759 	 -0.6169 	 0.4855 	 0.1939 	 -0.9755 	 0.9070 	 0.3919
1.4429 	 0.3230 	 -0.2603 	 -0.2739 	 -0.6266 	 0.4946 	 0.1978 	 -0.9790 	 0.9173 	 0.3927
1.4529 	 0.3167 	 -0.2553 	 -0.2719 	 -0.6365 	 0.5039 	 0.2017 	 -0.9845 	 0.9317 	 0.3883
1.4629 	 0.3103 	 -0.2502 	 -0.2699 	 -0.6463 	 0.5133 	 0.2056 	 -0.9858 	 0.9395 	 0.3881
1.4729 	 0.3037 	 -0.2450 	 -0.2678 	 -0.6562 	 0.5227 	 0.2095 	 -0.9835 	 0.9447 	 0.3823
1.4830 	 0.2971 	 -0.2397 	 -0.2657 	 -0.6661 	 0.5323 	 0.2133 	 -0.9897 	 0.9597 	 0.3801
1.4930 	 0.2904 	 -0.2343 	 -0.2635 	 -0.6760 	 0.5419 	 0.2170 	 -0.9846 	 0.9629 	 0.3728
1.5030 	 0.2836 	 -0.2288 	 -0.2614 	 -0.6858 	 0.5516 	 0.2207 	 -0.9789 	 0.9661 	 0.3649
1.5130 	 0.2766 	 -0.2232 	 -0.2591 	 -0.6956 	 0.5613 	 0.2244 	 -0.9778 	 0.9743 	 0.3653
1.5230 	 0.2696 	 -0.2176 	 -0.2569 	 -0.7054 	 0.5711 	 0.2280 	 -0.9687 	 0.9756 	 0.3538
1.5331 	 0.2625 	 -0.2118 	 -0.2546 	 -0.7151 	 0.5808 	 0.2315 	 -0.9583 	 0.9765 	 0.3411
1.5431 	 0.2553 	 -0.2059 	 -0.2522 	 -0.7246 	 0.5906 	 0.2349 	 -0.9514 	 0.9827 	 0.3364
1.5531 	 0.2480 	 -0.2000 	 -0.2498 	 -0.7341 	 0.6005 	 0.2381 	 -0.9368 	 0.9812 	 0.3206
1.5631 	 0.2406 	 -0.1939 	 -0.2474 	 -0.7434 	 0.6103 	 0.2413 	 -0.9238 	 0.9808 	 0.3068
1.5731 	 0.2331 	 -0.1877 	 -0.2450 	 -0.7526 	 0.6201 	 0.2443 	 -0.9039 	 0.9766 	 0.2879
1.5832 	 0.2255 	 -0.1815 	 -0.2426 	 -0.7615 	 0.6299 	 0.2470 	 -0.8838 	 0.9732 	 0.2631
1.5932 	 0.2178 	 -0.1751 	 -0.2401 	 -0.7703 	 0.6396 	 0.2496 	 -0.8614 	 0.9693 	 0.2466
1.6032 	 0.2101 	 -0.1687 	 -0.2376 	 -0.7788 	 0.6493 	 0.2520 	 -0.8353 	 0.9599 	 0.2296
1.6132 	 0.2022 	 -0.1621 	 -0.2350 	 -0.7870 	 0.6589 	 0.2542 	 -0.8057 	 0.9511 	 0.2072
1.6232 	 0.1943 	 -0.1554 	 -0.2325 	 -0.7949 	 0.6683 	 0.2561 	 -0.7677 	 0.9364 	 0.1834
1.6333 	 0.1863 	 -0.1487 	 -0.2299 	 -0.8024 	 0.6776 	 0.2579 	 -0.7269 	 0.9206 	 0.1637
1.6433 	 0.1782 	 -0.1419 	 -0.2273 	 -0.8095 	 0.6868 	 0.2594 	 -0.6796 	 0.8998 	 0.1370
1.6533 	 0.1701 	 -0.1349 	 -0.2247 	 -0.8160 	 0.6957 	 0.2606 	 -0.6271 	 0.8751 	 0.1092
1.6633 	 0.1619 	 -0.1279 	 -0.2221 	 -0.8220 	 0.7043 	 0.2616 	 -0.5709 	 0.8493 	 0.0844
1.6733 	 0.1536 	 -0.1208 	 -0.2194 	 -0.8275 	 0.7126 	 0.2623 	 -0.5105 	 0.8121 	 0.0596
1.6834 	 0.1453 	 -0.1137 	 -0.2168 	 -0.8322 	 0.7206 	 0.2628 	 -0.4406 	 0.7703 	 0.0263
1.6934 	 0.1369 	 -0.1064 	 -0.2142 	 -0.8363 	 0.7281 	 0.2629 	 -0.3637 	 0.7186 	 0.0012
1.7034 	 0.1285 	 -0.0991 	 -0.2116 	 -0.8395 	 0.7350 	 0.2628 	 -0.2818 	 0.6587 	 -0.0207
1.7134 	 0.1201 	 -0.0917 	 -0.2089 	 -0.8419 	 0.7412 	 0.2625 	 -0.1993 	 0.5858 	 -0.0397
1.7234 	 0.1117 	 -0.0842 	 -0.2063 	 -0.8435 	 0.7467 	 0.2620 	 -0.1142 	 0.5063 	 -0.0577
1.7335 	 0.1032 	 -0.0767 	 -0.2037 	 -0.8442 	 0.7514 	 0.2614 	 -0.0248 	 0.4298 	 -0.0632
1.7435 	 0.0948 	 -0.0692 	 -0.2011 	 -0.8440 	 0.7552 	 0.2607 	 0.0651 	 0.3381 	 -0.0665
1.7535 	 0.0863 	 -0.0616 	 -0.1984 	 -0.8429 	 0.7581 	 0.2601 	 0.1499 	 0.2468 	 -0.0648
1.7635 	 0.0779 	 -0.0540 	 -0.1958 	 -0.8411 	 0.7602 	 0.2595 	 0.2244 	 0.1640 	 -0.0541
1.7735 	 0.0695 	 -0.0464 	 -0.1932 	 -0.8384 	 0.7614 	 0.2590 	 0.2969 	 0.0785 	 -0.0539
1.7836 	 0.0611 	 -0.0387 	 -0.1907 	 -0.8351 	 0.7618 	 0.2584 	 0.3623 	 -0.0024 	 -0.0555
1.7936 	 0.0527 	 -0.0311 	 -0.1881 	 -0.8312 	 0.7614 	 0.2579 	 0.4211 	 -0.0780 	 -0.0584
1.8036 	 0.0444 	 -0.0235 	 -0.1855 	 -0.8267 	 0.7603 	 0.2572 	 0.4744 	 -0.1484 	 -0.0620
1.8136 	 0.0362 	 -0.0159 	 -0.1829 	 -0.8217 	 0.7584 	 0.2566 	 0.5233 	 -0.2141 	 -0.0658
1.8236 	 0.0280 	 -0.0083 	 -0.1803 	 -0.8163 	 0.7560 	 0.2560 	 0.5642 	 -0.2731 	 -0.0556
1.8337 	 0.0198 	 -0.0007 	 -0.1778 	 -0.8104 	 0.7530 	 0.2555 	 0.6059 	 -0.3302 	 -0.0577
1.8437 	 0.0117 	 0.0068 	 -0.1752 	 -0.8041 	 0.7494 	 0.2549 	 0.6425 	 -0.3836 	 -0.0545
1.8537 	 0.0037 	 0.0143 	 -0.1727 	 -0.7975 	 0.7453 	 0.2543 	 0.6789 	 -0.4342 	 -0.0574
1.8637 	 -0.0043 	 0.0217 	 -0.1701 	 -0.7905 	 0.7407 	 0.2537 	 0.7112 	 -0.4798 	 -0.0566
1.8737 	 -0.0121 	 0.0291 	 -0.1676 	 -0.7832 	 0.7357 	 0.2531 	 0.7446 	 -0.5180 	 -0.0681
1.8838 	 -0.0200 	 0.0365 	 -0.1651 	 -0.7756 	 0.7303 	 0.2524 	 0.7751 	 -0.5598 	 -0.0754
1.8938 	 -0.0277 	 0.0438 	 -0.1625 	 -0.7677 	 0.7245 	 0.2516 	 0.8034 	 -0.5989 	 -0.0831
1.9038 	 -0.0353 	 0.0510 	 -0.1600 	 -0.7595 	 0.7183 	 0.2507 	 0.8297 	 -0.6355 	 -0.0909
1.9138 	 -0.0429 	 0.0582 	 -0.1575 	 -0.7511 	 0.7118 	 0.2497 	 0.8536 	 -0.6670 	 -0.1047
1.9238 	 -0.0504 	 0.0653 	 -0.1550 	 -0.7425 	 0.7050 	 0.2487 	 0.8722 	 -0.6960 	 -0.1073
1.9339 	 -0.0578 	 0.0723 	 -0.1525 	 -0.7336 	 0.6979 	 0.2476 	 0.8924 	 -0.7252 	 -0.1144
1.9439 	 -0.0651 	 0.0792 	 -0.1500 	 -0.7246 	 0.6905 	 0.2464 	 0.9056 	 -0.7402 	 -0.1091
1.9539 	 -0.0723 	 0.0861 	 -0.1476 	 -0.7154 	 0.6830 	 0.2453 	 0.9182 	 -0.7612 	 -0.1187
1.9639 	 -0.0794 	 0.0929 	 -0.1451 	 -0.7062 	 0.6753 	 0.2441 	 0.9327 	 -0.7825 	 -0.1237
1.9739 	 -0.0865 	 0.0997 	 -0.1427 	 -0.6968 	 0.6673 	 0.2429 	 0.9383 	 -0.7975 	 -0.1187
1.9840 	 -0.0934 	 0.1063 	 -0.1403 	 -0.6873 	 0.6593 	 0.2417 	 0.9499 	 -0.8156 	 -0.1227
1.9940 	 -0.1002 	 0.1129 	 -0.1378 	 -0.6778 	 0.6510 	 0.2404 	 0.9608 	 -0.8326 	 -0.1271
2.0040 	 -0.1070 	 0.1194 	 -0.1354 	 -0.6681 	 0.6426 	 0.2391 	 0.9731 	 -0.8437 	 -0.1268
2.0140 	 -0.1136 	 0.1257 	 -0.1331 	 -0.6583 	 0.6341 	 0.2379 	 0.9830 	 -0.8579 	 -0.1307
2.0240 	 -0.1202 	 0.1321 	 -0.1307 	 -0.6484 	 0.6255 	 0.2365 	 0.9928 	 -0.8665 	 -0.1396
2.0341 	 -0.1266 	 0.1383 	 -0.1283 	 -0.6384 	 0.6168 	 0.2351 	 0.9974 	 -0.8737 	 -0.1413
2.0441 	 -0.1330 	 0.1444 	 -0.1260 	 -0.6285 	 0.6080 	 0.2337 	 0.9874 	 -0.8726 	 -0.1286
2.0541 	 -0.1392 	 0.1505 	 -0.1236 	 -0.6185 	 0.5992 	 0.2324 	 0.9827 	 -0.8743 	 -0.1295
2.0641 	 -0.1453 	 0.1564 	 -0.1213 	 -0.6087 	 0.5905 	 0.2311 	 0.9808 	 -0.8777 	 -0.1368
2.0741 	 -0.1514 	 0.1623 	 -0.1190 	 -0.5990 	 0.5817 	 0.2298 	 0.9738 	 -0.8767 	 -0.1328
2.0842 	 -0.1574 	 0.1681 	 -0.1167 	 -0.5892 	 0.5729 	 0.2284 	 0.9705 	 -0.8777 	 -0.1326
2.0942 	 -0.1632 	 0.1738 	 -0.1144 	 -0.5795 	 0.5641 	 0.2271 	 0.9523 	 -0.8669 	 -0.1271
2.1042 	 -0.1690 	 0.1794 	 -0.1122 	 -0.5701 	 0.5555 	 0.2259 	 0.9410 	 -0.8610 	 -0.1228
2.1142 	 -0.1746 	 0.1849 	 -0.1099 	 -0.5607 	 0.5469 	 0.2247 	 0.9337 	 -0.8572 	 -0.1213
2.1242 	 -0.1802 	 0.1904 	 -0.1077 	 -0.5513 	 0.5383 	 0.2234 	 0.9256 	 -0.8519 	 -0.1237
2.1343 	 -0.1857 	 0.1957 	 -0.1054 	 -0.5421 	 0.5298 	 0.2222 	 0.9126 	 -0.8425 	 -0.1297
2.1443 	 -0.1911 	 0.2010 	 -0.1032 	 -0.5330 	 0.5214 	 0.2208 	 0.8949 	 -0.8273 	 -0.1370
2.1543 	 -0.1964 	 0.2062 	 -0.1010 	 -0.5241 	 0.5131 	 0.2195 	 0.8892 	 -0.8229 	 -0.1397
2.1643 	 -0.2016 	 0.2113 	 -0.0988 	 -0.5152 	 0.5049 	 0.2180 	 0.8841 	 -0.8186 	 -0.1425
2.1743 	 -0.2067 	 0.2163 	 -0.0966 	 -0.5064 	 0.4967 	 0.2166 	 0.8657 	 -0.8026 	 -0.1369
2.1844 	 -0.2117 	 0.2212 	 -0.0945 	 -0.4979 	 0.4888 	 0.2153 	 0.8438 	 -0.7845 	 -0.1353
2.1944 	 -0.2167 	 0.2261 	 -0.0923 	 -0.4895 	 0.4810 	 0.2139 	 0.8360 	 -0.7775 	 -0.1370
2.2044 	 -0.2215 	 0.2308 	 -0.0902 	 -0.4812 	 0.4733 	 0.2125 	 0.8205 	 -0.7636 	 -0.1409
2.2144 	 -0.2263 	 0.2356 	 -0.0881 	 -0.4730 	 0.4657 	 0.2111 	 0.8126 	 -0.7561 	 -0.1431
2.2244 	 -0.2310 	 0.2402 	 -0.0859 	 -0.4649 	 0.4581 	 0.2096 	 0.8007 	 -0.7450 	 -0.1429
2.2345 	 -0.2356 	 0.2447 	 -0.0839 	 -0.4570 	 0.4508 	 0.2082 	 0.7833 	 -0.7280 	 -0.1459
2.2445 	 -0.2402 	 0.2492 	 -0.0818 	 -0.4492 	 0.4436 	 0.2067 	 0.7645 	 -0.7097 	 -0.1499
2.2545 	 -0.2446 	 0.2536 	 -0.0797 	 -0.4417 	 0.4365 	 0.2052 	 0.7490 	 -0.6968 	 -0.1502
2.2645 	 -0.2490 	 0.2580 	 -0.0777 	 -0.4342 	 0.4297 	 0.2036 	 0.7288 	 -0.6749 	 -0.1577
2.2745 	 -0.2533 	 0.2622 	 -0.0756 	 -0.4270 	 0.4229 	 0.2020 	 0.7187 	 -0.6649 	 -0.1594
2.2846 	 -0.2576 	 0.2664 	 -0.0736 	 -0.4199 	 0.4164 	 0.2005 	 0.6999 	 -0.6467 	 -0.1562
2.2946 	 -0.2618 	 0.2706 	 -0.0716 	 -0.4129 	 0.4099 	 0.1989 	 0.6897 	 -0.6365 	 -0.1570
2.3046 	 -0.2659 	 0.2747 	 -0.0696 	 -0.4061 	 0.4036 	 0.1973 	 0.6800 	 -0.6267 	 -0.1577
2.3146 	 -0.2699 	 0.2787 	 -0.0677 	 -0.3993 	 0.3974 	 0.1957 	 0.6708 	 -0.6175 	 -0.1585
2.3246 	 -0.2739 	 0.2826 	 -0.0657 	 -0.3926 	 0.3912 	 0.1941 	 0.6622 	 -0.6087 	 -0.1592
2.3347 	 -0.2778 	 0.2865 	 -0.0638 	 -0.3860 	 0.3852 	 0.1925 	 0.6485 	 -0.5966 	 -0.1589
2.3447 	 -0.2816 	 0.2903 	 -0.0618 	 -0.3796 	 0.3793 	 0.1909 	 0.6402 	 -0.5881 	 -0.1594
2.3547 	 -0.2854 	 0.2941 	 -0.0599 	 -0.3732 	 0.3734 	 0.1893 	 0.6322 	 -0.5800 	 -0.1599
2.3647 	 -0.2891 	 0.2978 	 -0.0581 	 -0.3669 	 0.3676 	 0.1877 	 0.6246 	 -0.5723 	 -0.1603
2.3747 	 -0.2927 	 0.3015 	 -0.0562 	 -0.3607 	 0.3619 	 0.1861 	 0.6174 	 -0.5649 	 -0.1607
2.3848 	 -0.2963 	 0.3051 	 -0.0543 	 -0.3545 	 0.3563 	 0.1845 	 0.6104 	 -0.5577 	 -0.1611
2.3948 	 -0.2998 	 0.3086 	 -0.0525 	 -0.3484 	 0.3508 	 0.1829 	 0.6038 	 -0.5509 	 -0.1615
2.4048 	 -0.3033 	 0.3121 	 -0.0507 	 -0.3424 	 0.3453 	 0.1813 	 0.5975 	 -0.5443 	 -0.1618
2.4148 	 -0.3067 	 0.3155 	 -0.0488 	 -0.3365 	 0.3398 	 0.1797 	 0.5914 	 -0.5380 	 -0.1622
2.4248 	 -0.3100 	 0.3189 	 -0.0471 	 -0.3306 	 0.3345 	 0.1780 	 0.5856 	 -0.5320 	 -0.1626
2.4349 	 -0.3133 	 0.3222 	 -0.0453 	 -0.3247 	 0.3292 	 0.1764 	 0.5800 	 -0.5261 	 -0.1629
2.4449 	 -0.3165 	 0.3255 	 -0.0435 	 -0.3189 	 0.3239 	 0.1748 	 0.5746 	 -0.5205 	 -0.1633
2.4549 	 -0.3197 	 0.3287 	 -0.0418 	 -0.3132 	 0.3188 	 0.1731 	 0.5695 	 -0.5151 	 -0.1636
2.4649 	 -0.3228 	 0.3319 	 -0.0401 	 -0.3075 	 0.3136 	 0.1715 	 0.5645 	 -0.5099 	 -0.1640
2.4749 	 -0.3259 	 0.3350 	 -0.0383 	 -0.3019 	 0.3085 	 0.1699 	 0.5597 	 -0.5049 	 -0.1643
2.4850 	 -0.3289 	 0.3381 	 -0.0366 	 -0.2963 	 0.3035 	 0.1682 	 0.5498 	 -0.5031 	 -0.1624
2.4950 	 -0.3318 	 0.3411 	 -0.0350 	 -0.2908 	 0.2985 	 0.1666 	 0.5397 	 -0.4957 	 -0.1648
2.5050 	 -0.3347 	 0.3441 	 -0.0333 	 -0.2855 	 0.2935 	 0.1649 	 0.5346 	 -0.4909 	 -0.1652
2.5150 	 -0.3375 	 0.3470 	 -0.0317 	 -0.2801 	 0.2886 	 0.1633 	 0.5296 	 -0.4864 	 -0.1656
2.5251 	 -0.3403 	 0.3499 	 -0.0300 	 -0.2749 	 0.2838 	 0.1616 	 0.5248 	 -0.4819 	 -0.1660
2.5351 	 -0.3430 	 0.3527 	 -0.0284 	 -0.2696 	 0.2790 	 0.1599 	 0.5202 	 -0.4776 	 -0.1663
2.5451 	 -0.3457 	 0.3554 	 -0.0268 	 -0.2644 	 0.2742 	 0.1583 	 0.5157 	 -0.4734 	 -0.1667
2.5551 	 -0.3483 	 0.3582 	 -0.0253 	 -0.2593 	 0.2695 	 0.1566 	 0.5113 	 -0.4694 	 -0.1670
2.5651 	 -0.3509 	 0.3608 	 -0.0237 	 -0.2542 	 0.2648 	 0.1549 	 0.5070 	 -0.4655 	 -0.1674
2.5752 	 -0.3534 	 0.3635 	 -0.0222 	 -0.2491 	 0.2602 	 0.1532 	 0.5029 	 -0.4617 	 -0.1677
2.5852 	 -0.3559 	 0.3661 	 -0.0206 	 -0.2441 	 0.2556 	 0.1516 	 0.4989 	 -0.4580 	 -0.1681
2.5952 	 -0.3583 	 0.3686 	 -0.0191 	 -0.2392 	 0.2510 	 0.1499 	 0.4904 	 -0.4490 	 -0.1690
2.6052 	 -0.3607 	 0.3711 	 -0.0176 	 -0.2343 	 0.2466 	 0.1482 	 0.4859 	 -0.4448 	 -0.1694
2.6152 	 -0.3630 	 0.3735 	 -0.0161 	 -0.2294 	 0.2421 	 0.1465 	 0.4815 	 -0.4408 	 -0.1698
2.6253 	 -0.3653 	 0.3759 	 -0.0147 	 -0.2246 	 0.2377 	 0.1448 	 0.4773 	 -0.4369 	 -0.1701
2.6353 	 -0.3675 	 0.3783 	 -0.0132 	 -0.2199 	 0.2334 	 0.1431 	 0.4731 	 -0.4331 	 -0.1704
2.6453 	 -0.3697 	 0.3806 	 -0.0118 	 -0.2151 	 0.2290 	 0.1414 	 0.4691 	 -0.4295 	 -0.1707
2.6553 	 -0.3718 	 0.3829 	 -0.0104 	 -0.2105 	 0.2247 	 0.1396 	 0.4652 	 -0.4261 	 -0.1710
2.6653 	 -0.3739 	 0.3851 	 -0.0090 	 -0.2058 	 0.2205 	 0.1379 	 0.4614 	 -0.4227 	 -0.1713
2.6754 	 -0.3760 	 0.3873 	 -0.0076 	 -0.2012 	 0.2163 	 0.1362 	 0.4578 	 -0.4195 	 -0.1715
2.6854 	 -0.3779 	 0.3895 	 -0.0063 	 -0.1966 	 0.2121 	 0.1345 	 0.4542 	 -0.4164 	 -0.1718
2.6954 	 -0.3799 	 0.3916 	 -0.0050 	 -0.1921 	 0.2079 	 0.1328 	 0.4507 	 -0.4134 	 -0.1720
2.7054 	 -0.3818 	 0.3936 	 -0.0036 	 -0.1876 	 0.2038 	 0.1310 	 0.4473 	 -0.4105 	 -0.1723
2.7154 	 -0.3837 	 0.3956 	 -0.0023 	 -0.1831 	 0.1997 	 0.1293 	 0.4440 	 -0.4077 	 -0.1725
2.7255 	 -0.3855 	 0.3976 	 -0.0010 	 -0.1787 	 0.1956 	 0.1276 	 0.4408 	 -0.4050 	 -0.1727
2.7355 	 -0.3872 	 0.3996 	 0.0002 	 -0.1743 	 0.1916 	 0.1259 	 0.4376 	 -0.4024 	 -0.1729
2.7455 	 -0.3890 	 0.4015 	 0.0015 	 -0.1699 	 0.1876 	 0.1241 	 0.4346 	 -0.3999 	 -0.1731
2.7555 	 -0.3906 	 0.4033 	 0.0027 	 -0.1656 	 0.1836 	 0.1224 	 0.4317 	 -0.3974 	 -0.1733
2.7655 	 -0.3923 	 0.4051 	 0.0039 	 -0.1613 	 0.1796 	 0.1206 	 0.4288 	 -0.3951 	 -0.1735
2.7756 	 -0.3939 	 0.4069 	 0.0051 	 -0.1570 	 0.1757 	 0.1189 	 0.4260 	 -0.3929 	 -0.1737
2.7856 	 -0.3954 	 0.4087 	 0.0063 	 -0.1527 	 0.1717 	 0.1172 	 0.4233 	 -0.3907 	 -0.1739
2.7956 	 -0.3969 	 0.4104 	 0.0075 	 -0.1485 	 0.1678 	 0.1154 	 0.4207 	 -0.3886 	 -0.1740
2.8056 	 -0.3984 	 0.4120 	 0.0086 	 -0.1443 	 0.1639 	 0.1137 	 0.4182 	 -0.3866 	 -0.1742
2.8156 	 -0.3998 	 0.4137 	 0.0098 	 -0.1401 	 0.1601 	 0.1119 	 0.4157 	 -0.3846 	 -0.1743
2.8257 	 -0.4012 	 0.4152 	 0.0109 	 -0.1360 	 0.1562 	 0.1102 	 0.4133 	 -0.3828 	 -0.1745
2.8357 	 -0.4026 	 0.4168 	 0.0120 	 -0.1319 	 0.1524 	 0.1084 	 0.4110 	 -0.3809 	 -0.1746
2.8457 	 -0.4039 	 0.4183 	 0.0130 	 -0.1277 	 0.1486 	 0.1067 	 0.4088 	 -0.3792 	 -0.1747
2.8557 	 -0.4051 	 0.4198 	 0.0141 	 -0.1237 	 0.1448 	 0.1049 	 0.4067 	 -0.3775 	 -0.1748
2.8657 	 -0.4063 	 0.4212 	 0.0152 	 -0.1196 	 0.1410 	 0.1032 	 0.4046 	 -0.3759 	 -0.1749
2.8758 	 -0.4075 	 0.4226 	 0.0162 	 -0.1156 	 0.1373 	 0.1014 	 0.4026 	 -0.3744 	 -0.1750
2.8858 	 -0.4086 	 0.4239 	 0.0172 	 -0.1115 	 0.1335 	 0.0997 	 0.4007 	 -0.3729 	 -0.1751
2.8958 	 -0.4097 	 0.4253 	 0.0182 	 -0.1075 	 0.1298 	 0.0979 	 0.3989 	 -0.3714 	 -0.1752
2.9058 	 -0.4108 	 0.4265 	 0.0191 	 -0.1035 	 0.1261 	 0.0962 	 0.3971 	 -0.3700 	 -0.1752
2.9158 	 -0.4118 	 0.4278 	 0.0201 	 -0.0996 	 0.1224 	 0.0944 	 0.3954 	 -0.3687 	 -0.1753
2.9259 	 -0.4128 	 0.4290 	 0.0210 	 -0.0956 	 0.1187 	 0.0927 	 0.3938 	 -0.3674 	 -0.1754
2.9359 	 -0.4137 	 0.4302 	 0.0220 	 -0.0917 	 0.1150 	 0.0909 	 0.3922 	 -0.3662 	 -0.1754
2.9459 	 -0.4146 	 0.4313 	 0.0229 	 -0.0878 	 0.1114 	 0.0891 	 0.3907 	 -0.3650 	 -0.1755
2.9559 	 -0.4155 	 0.4324 	 0.0237 	 -0.0838 	 0.1077 	 0.0874 	 0.3893 	 -0.3638 	 -0.1755
2.9659 	 -0.4163 	 0.4335 	 0.0246 	 -0.0799 	 0.1041 	 0.0856 	 0.3879 	 -0.3627 	 -0.1755
2.9760 	 -0.4171 	 0.4345 	 0.0255 	 -0.0761 	 0.1004 	 0.0839 	 0.3866 	 -0.3617 	 -0.1756
2.9860 	 -0.4178 	 0.4355 	 0.0263 	 -0.0722 	 0.0968 	 0.0821 	 0.3853 	 -0.3607 	 -0.1756
2.9960 	 -0.4185 	 0.4364 	 0.0271 	 -0.0683 	 0.0932 	 0.0803 	 0.3841 	 -0.3597 	 -0.1756
3.0060 	 -0.4192 	 0.4373 	 0.0279 	 -0.0645 	 0.0896 	 0.0786 	 0.3830 	 -0.3588 	 -0.1756
3.0160 	 -0.4198 	 0.4382 	 0.0287 	 -0.0607 	 0.0860 	 0.0768 	 0.3819 	 -0.3579 	 -0.1756
3.0261 	 -0.4204 	 0.4391 	 0.0294 	 -0.0568 	 0.0824 	 0.0751 	 0.3809 	 -0.3570 	 -0.1756
3.0361 	 -0.4210 	 0.4399 	 0.0302 	 -0.0530 	 0.0789 	 0.0733 	 0.3800 	 -0.3562 	 -0.1756
3.0461 	 -0.4215 	 0.4407 	 0.0309 	 -0.0492 	 0.0753 	 0.0715 	 0.3790 	 -0.3554 	 -0.1756
3.0561 	 -0.4220 	 0.4414 	 0.0316 	 -0.0454 	 0.0718 	 0.0698 	 0.3782 	 -0.3546 	 -0.1756
3.0661 	 -0.4224 	 0.4421 	 0.0323 	 -0.0417 	 0.0682 	 0.0680 	 0.3773 	 -0.3539 	 -0.1755
3.0762 	 -0.4228 	 0.4428 	 0.0330 	 -0.0379 	 0.0647 	 0.0663 	 0.3766 	 -0.3531 	 -0.1755
3.0862 	 -0.4232 	 0.4434 	 0.0336 	 -0.0341 	 0.0611 	 0.0645 	 0.3810 	 -0.3539 	 -0.1786
3.0962 	 -0.4235 	 0.4440 	 0.0343 	 -0.0303 	 0.0576 	 0.0627 	 0.3801 	 -0.3530 	 -0.1784
3.1062 	 -0.4238 	 0.4445 	 0.0349 	 -0.0264 	 0.0540 	 0.0609 	 0.3792 	 -0.3523 	 -0.1782
3.1162 	 -0.4240 	 0.4451 	 0.0355 	 -0.0227 	 0.0505 	 0.0591 	 0.3784 	 -0.3515 	 -0.1780
3.1263 	 -0.4242 	 0.4456 	 0.0361 	 -0.0189 	 0.0470 	 0.0573 	 0.3776 	 -0.3508 	 -0.1778
3.1363 	 -0.4244 	 0.4460 	 0.0366 	 -0.0151 	 0.0435 	 0.0556 	 0.3769 	 -0.3501 	 -0.1776
3.1463 	 -0.4245 	 0.4464 	 0.0372 	 -0.0113 	 0.0400 	 0.0538 	 0.3762 	 -0.3494 	 -0.1774
3.1563 	 -0.4246 	 0.4468 	 0.0377 	 -0.0075 	 0.0365 	 0.0520 	 0.3755 	 -0.3487 	 -0.1773
3.1663 	 -0.4247 	 0.4472 	 0.0382 	 -0.0038 	 0.0330 	 0.0502 	 0.3749 	 -0.3481 	 -0.1771
3.1764 	 -0.4247 	 0.4475 	 0.0387 	 -0.0000 	 0.0295 	 0.0485 	 0.3743 	 -0.3475 	 -0.1769
3.1864 	 -0.4247 	 0.4477 	 0.0392 	 0.0037 	 0.0260 	 0.0467 	 0.3737 	 -0.3469 	 -0.1767
3.1964 	 -0.4246 	 0.4480 	 0.0397 	 0.0075 	 0.0226 	 0.0449 	 0.3732 	 -0.3463 	 -0.1765
3.2064 	 -0.4245 	 0.4482 	 0.0401 	 0.0112 	 0.0191 	 0.0431 	 0.3727 	 -0.3457 	 -0.1763
3.2164 	 -0.4244 	 0.4484 	 0.0405 	 0.0149 	 0.0156 	 0.0414 	 0.3722 	 -0.3452 	 -0.1761
3.2265 	 -0.4242 	 0.4485 	 0.0409 	 0.0187 	 0.0122 	 0.0396 	 0.3718 	 -0.3447 	 -0.1759
3.2365 	 -0.4240 	 0.4486 	 0.0413 	 0.0224 	 0.0087 	 0.0379 	 0.3714 	 -0.3442 	 -0.1757
3.2465 	 -0.4238 	 0.4487 	 0.0417 	 0.0261 	 0.0053 	 0.0361 	 0.3710 	 -0.3437 	 -0.1755
3.2565 	 -0.4235 	 0.4487 	 0.0420 	 0.0298 	 0.0018 	 0.0343 	 0.3706 	 -0.3432 	 -0.1753
3.2665 	 -0.4232 	 0.4487 	 0.0424 	 0.0335 	 -0.0016 	 0.0326 	 0.3703 	 -0.3428 	 -0.1751
3.2766 	 -0.4228 	 0.4487 	 0.0427 	 0.0372 	 -0.0050 	 0.0308 	 0.3700 	 -0.3424 	 -0.1749
3.2866 	 -0.4224 	 0.4486 	 0.0430 	 0.0409 	 -0.0085 	 0.0291 	 0.3697 	 -0.3420 	 -0.1747
3.2966 	 -0.4220 	 0.4485 	 0.0433 	 0.0446 	 -0.0119 	 0.0273 	 0.3694 	 -0.3416 	 -0.1745
3.3066 	 -0.4215 	 0.4484 	 0.0435 	 0.0483 	 -0.0153 	 0.0256 	 0.3692 	 -0.3412 	 -0.1743
3.3166 	 -0.4210 	 0.4482 	 0.0438 	 0.0520 	 -0.0187 	 0.0238 	 0.3690 	 -0.3409 	 -0.1741
3.3267 	 -0.4205 	 0.4480 	 0.0440 	 0.0557 	 -0.0221 	 0.0221 	 0.3688 	 -0.3406 	 -0.1739
3.3367 	 -0.4199 	 0.4478 	 0.0442 	 0.0594 	 -0.0256 	 0.0204 	 0.3686 	 -0.3403 	 -0.1737
3.3467 	 -0.4193 	 0.4475 	 0.0444 	 0.0631 	 -0.0290 	 0.0186 	 0.3684 	 -0.3400 	 -0.1735
3.3567 	 -0.4187 	 0.4472 	 0.0446 	 0.0668 	 -0.0324 	 0.0169 	 0.3683 	 -0.3398 	 -0.1733
3.3667 	 -0.4180 	 0.4468 	 0.0448 	 0.0705 	 -0.0358 	 0.0151 	 0.3682 	 -0.3396 	 -0.1731
3.3768 	 -0.4172 	 0.4465 	 0.0449 	 0.0742 	 -0.0392 	 0.0134 	 0.3681 	 -0.3394 	 -0.1729
3.3868 	 -0.4165 	 0.4461 	 0.0450 	 0.0779 	 -0.0426 	 0.0117 	 0.3680 	 -0.3393 	 -0.1727
3.3968 	 -0.4157 	 0.4456 	 0.0451 	 0.0816 	 -0.0460 	 0.0099 	 0.3680 	 -0.3392 	 -0.1726
3.4068 	 -0.4148 	 0.4451 	 0.0452 	 0.0853 	 -0.0494 	 0.0082 	 0.3679 	 -0.3392 	 -0.1724
3.4168 	 -0.4140 	 0.4446 	 0.0453 	 0.0889 	 -0.0528 	 0.0065 	 0.3679 	 -0.3392 	 -0.1722
3.4269 	 -0.4131 	 0.4441 	 0.0454 	 0.0926 	 -0.0562 	 0.0048 	 0.3679 	 -0.3392 	 -0.1721
3.4369 	 -0.4121 	 0.4435 	 0.0454 	 0.0963 	 -0.0596 	 0.0030 	 0.3679 	 -0.3393 	 -0.1719
3.4469 	 -0.4111 	 0.4429 	 0.0454 	 0.1000 	 -0.0630 	 0.0013 	 0.3679 	 -0.3394 	 -0.1718
3.4569 	 -0.4101 	 0.4422 	 0.0454 	 0.1037 	 -0.0664 	 -0.0004 	 0.3680 	 -0.3396 	 -0.1716
3.4669 	 -0.4091 	 0.4416 	 0.0454 	 0.1074 	 -0.0698 	 -0.0021 	 0.3681 	 -0.3398 	 -0.1715
3.4770 	 -0.4080 	 0.4408 	 0.0454 	 0.1111 	 -0.0732 	 -0.0038 	 0.3682 	 -0.3400 	 -0.1714
3.4870 	 -0.4068 	 0.4401 	 0.0453 	 0.1148 	 -0.0766 	 -0.0056 	 0.3683 	 -0.3404 	 -0.1713
3.4970 	 -0.4057 	 0.4393 	 0.0453 	 0.1184 	 -0.0800 	 -0.0073 	 0.3684 	 -0.3407 	 -0.1713
3.5070 	 -0.4045 	 0.4385 	 0.0452 	 0.1221 	 -0.0834 	 -0.0090 	 0.3685 	 -0.3412 	 -0.1712
3.5170 	 -0.4032 	 0.4376 	 0.0451 	 0.1258 	 -0.0868 	 -0.0107 	 0.3687 	 -0.3416 	 -0.1712
3.5271 	 -0.4019 	 0.4367 	 0.0450 	 0.1295 	 -0.0903 	 -0.0124 	 0.3689 	 -0.3422 	 -0.1711
3.5371 	 -0.4006 	 0.4358 	 0.0449 	 0.1332 	 -0.0937 	 -0.0141 	 0.3691 	 -0.3428 	 -0.1711
3.5471 	 -0.3993 	 0.4349 	 0.0447 	 0.1369 	 -0.0971 	 -0.0158 	 0.3694 	 -0.3435 	 -0.1712
3.5571 	 -0.3979 	 0.4339 	 0.0445 	 0.1406 	 -0.1006 	 -0.0176 	 0.3696 	 -0.3442 	 -0.1712
3.5671 	 -0.3964 	 0.4329 	 0.0444 	 0.1443 	 -0.1040 	 -0.0193 	 0.3699 	 -0.3450 	 -0.1713
3.5772 	 -0.3950 	 0.4318 	 0.0441 	 0.1480 	 -0.1075 	 -0.0210 	 0.3702 	 -0.3459 	 -0.1714
3.5872 	 -0.3935 	 0.4307 	 0.0439 	 0.1517 	 -0.1110 	 -0.0227 	 0.3705 	 -0.3468 	 -0.1716
3.5972 	 -0.3919 	 0.4296 	 0.0437 	 0.1555 	 -0.1144 	 -0.0244 	 0.3709 	 -0.3479 	 -0.1717
3.6072 	 -0.3904 	 0.4284 	 0.0434 	 0.1592 	 -0.1179 	 -0.0262 	 0.3713 	 -0.3490 	 -0.1719
3.6172 	 -0.3888 	 0.4272 	 0.0432 	 0.1629 	 -0.1214 	 -0.0279 	 0.3717 	 -0.3502 	 -0.1722
3.6273 	 -0.3871 	 0.4260 	 0.0429 	 0.1666 	 -0.1250 	 -0.0296 	 0.3721 	 -0.3514 	 -0.1725
3.6373 	 -0.3854 	 0.4247 	 0.0426 	 0.1704 	 -0.1285 	 -0.0313 	 0.3726 	 -0.3528 	 -0.1728
3.6473 	 -0.3837 	 0.4234 	 0.0423 	 0.1741 	 -0.1320 	 -0.0331 	 0.3731 	 -0.3542 	 -0.1731
3.6573 	 -0.3819 	 0.4221 	 0.0419 	 0.1778 	 -0.1356 	 -0.0348 	 0.3736 	 -0.3558 	 -0.1735
3.6673 	 -0.3801 	 0.4207 	 0.0416 	 0.1816 	 -0.1392 	 -0.0365 	 0.3742 	 -0.3574 	 -0.1740
3.6774 	 -0.3783 	 0.4193 	 0.0412 	 0.1853 	 -0.1427 	 -0.0383 	 0.3747 	 -0.3591 	 -0.1744
3.6874 	 -0.3764 	 0.4178 	 0.0408 	 0.1891 	 -0.1464 	 -0.0400 	 0.3754 	 -0.3610 	 -0.1750
3.6974 	 -0.3745 	 0.4163 	 0.0404 	 0.1929 	 -0.1500 	 -0.0418 	 0.3760 	 -0.3629 	 -0.1755
3.7074 	 -0.3725 	 0.4148 	 0.0400 	 0.1966 	 -0.1536 	 -0.0436 	 0.3767 	 -0.3649 	 -0.1761
3.7174 	 -0.3706 	 0.4133 	 0.0395 	 0.2004 	 -0.1573 	 -0.0453 	 0.3774 	 -0.3670 	 -0.1768
3.7275 	 -0.3685 	 0.4117 	 0.0390 	 0.2042 	 -0.1610 	 -0.0471 	 0.3781 	 -0.3693 	 -0.1775
3.7375 	 -0.3665 	 0.4100 	 0.0386 	 0.2080 	 -0.1647 	 -0.0489 	 0.3788 	 -0.3716 	 -0.1782
3.7475 	 -0.3644 	 0.4084 	 0.0381 	 0.2118 	 -0.1684 	 -0.0507 	 0.3796 	 -0.3741 	 -0.1790
3.7575 	 -0.3622 	 0.4067 	 0.0375 	 0.2156 	 -0.1722 	 -0.0525 	 0.3804 	 -0.3766 	 -0.1799
3.7675 	 -0.3600 	 0.4049 	 0.0370 	 0.2194 	 -0.1760 	 -0.0543 	 0.3813 	 -0.3793 	 -0.1808
3.7776 	 -0.3578 	 0.4031 	 0.0365 	 0.2232 	 -0.1798 	 -0.0561 	 0.3821 	 -0.3821 	 -0.1817
3.7876 	 -0.3556 	 0.4013 	 0.0359 	 0.2271 	 -0.1836 	 -0.0579 	 0.3830 	 -0.3851 	 -0.1827
3.7976 	 -0.3533 	 0.3994 	 0.0353 	 0.2309 	 -0.1875 	 -0.0598 	 0.3839 	 -0.3881 	 -0.1837
3.8076 	 -0.3509 	 0.3975 	 0.0347 	 0.2348 	 -0.1914 	 -0.0616 	 0.3849 	 -0.3913 	 -0.1848
3.8176 	 -0.3486 	 0.3956 	 0.0341 	 0.2386 	 -0.1954 	 -0.0635 	 0.3883 	 -0.4003 	 -0.1860
3.8277 	 -0.3462 	 0.3936 	 0.0334 	 0.2425 	 -0.1994 	 -0.0653 	 0.3891 	 -0.4033 	 -0.1872
3.8377 	 -0.3437 	 0.3916 	 0.0328 	 0.2464 	 -0.2034 	 -0.0672 	 0.3900 	 -0.4065 	 -0.1884
3.8477 	 -0.3412 	 0.3896 	 0.0321 	 0.2503 	 -0.2075 	 -0.0691 	 0.3908 	 -0.4097 	 -0.1896
3.8577 	 -0.3387 	 0.3875 	 0.0314 	 0.2543 	 -0.2117 	 -0.0710 	 0.3917 	 -0.4131 	 -0.1909
3.8677 	 -0.3361 	 0.3853 	 0.0306 	 0.2582 	 -0.2158 	 -0.0729 	 0.3927 	 -0.4166 	 -0.1922
3.8778 	 -0.3335 	 0.3831 	 0.0299 	 0.2621 	 -0.2200 	 -0.0749 	 0.3936 	 -0.4201 	 -0.1936
3.8878 	 -0.3309 	 0.3809 	 0.0291 	 0.2661 	 -0.2242 	 -0.0768 	 0.3946 	 -0.4238 	 -0.1950
3.8978 	 -0.3282 	 0.3786 	 0.0284 	 0.2700 	 -0.2285 	 -0.0788 	 0.3957 	 -0.4276 	 -0.1965
3.9078 	 -0.3255 	 0.3763 	 0.0276 	 0.2740 	 -0.2328 	 -0.0807 	 0.3967 	 -0.4315 	 -0.1980
3.9178 	 -0.3227 	 0.3740 	 0.0267 	 0.2780 	 -0.2372 	 -0.0828 	 0.3972 	 -0.4398 	 -0.2037
3.9279 	 -0.3199 	 0.3716 	 0.0259 	 0.2820 	 -0.2416 	 -0.0848 	 0.3983 	 -0.4434 	 -0.2049
3.9379 	 -0.3170 	 0.3691 	 0.0250 	 0.2860 	 -0.2461 	 -0.0869 	 0.3994 	 -0.4472 	 -0.2061
3.9479 	 -0.3142 	 0.3666 	 0.0242 	 0.2900 	 -0.2506 	 -0.0890 	 0.4007 	 -0.4511 	 -0.2074
3.9579 	 -0.3112 	 0.3641 	 0.0233 	 0.2940 	 -0.2551 	 -0.0910 	 0.4020 	 -0.4551 	 -0.2087
3.9679 	 -0.3083 	 0.3615 	 0.0223 	 0.2980 	 -0.2597 	 -0.0931 	 0.4034 	 -0.4593 	 -0.2101
3.9780 	 -0.3053 	 0.3589 	 0.0214 	 0.3021 	 -0.2643 	 -0.0952 	 0.4008 	 -0.4684 	 -0.2102
3.9880 	 -0.3022 	 0.3562 	 0.0204 	 0.3061 	 -0.2690 	 -0.0974 	 0.4024 	 -0.4730 	 -0.2117
3.9980 	 -0.2991 	 0.3535 	 0.0194 	 0.3101 	 -0.2738 	 -0.0995 	 0.4041 	 -0.4777 	 -0.2133
4.0080 	 -0.2960 	 0.3507 	 0.0184 	 0.3142 	 -0.2786 	 -0.1016 	 0.4060 	 -0.4826 	 -0.2149
4.0180 	 -0.2928 	 0.3479 	 0.0174 	 0.3183 	 -0.2835 	 -0.1038 	 0.4080 	 -0.4877 	 -0.2166
4.0281 	 -0.2896 	 0.3451 	 0.0164 	 0.3224 	 -0.2884 	 -0.1060 	 0.4102 	 -0.4929 	 -0.2184
4.0381 	 -0.2864 	 0.3421 	 0.0153 	 0.3265 	 -0.2934 	 -0.1082 	 0.4125 	 -0.4983 	 -0.2202
4.0481 	 -0.2831 	 0.3392 	 0.0142 	 0.3306 	 -0.2984 	 -0.1104 	 0.4150 	 -0.5038 	 -0.2222
4.0581 	 -0.2797 	 0.3362 	 0.0131 	 0.3348 	 -0.3034 	 -0.1126 	 0.4177 	 -0.5096 	 -0.2243
4.0681 	 -0.2764 	 0.3331 	 0.0119 	 0.3390 	 -0.3086 	 -0.1149 	 0.4206 	 -0.5155 	 -0.2264
4.0782 	 -0.2729 	 0.3300 	 0.0108 	 0.3432 	 -0.3138 	 -0.1172 	 0.4237 	 -0.5216 	 -0.2287
4.0882 	 -0.2695 	 0.3268 	 0.0096 	 0.3475 	 -0.3190 	 -0.1195 	 0.4271 	 -0.5280 	 -0.2312
4.0982 	 -0.2660 	 0.3236 	 0.0084 	 0.3518 	 -0.3244 	 -0.1218 	 0.4307 	 -0.5345 	 -0.2338
4.1082 	 -0.2624 	 0.3203 	 0.0071 	 0.3561 	 -0.3298 	 -0.1242 	 0.4345 	 -0.5413 	 -0.2365
4.1182 	 -0.2588 	 0.3170 	 0.0059 	 0.3605 	 -0.3352 	 -0.1265 	 0.4386 	 -0.5483 	 -0.2394
4.1283 	 -0.2552 	 0.3136 	 0.0046 	 0.3649 	 -0.3407 	 -0.1290 	 0.4431 	 -0.5555 	 -0.2425
4.1383 	 -0.2515 	 0.3102 	 0.0033 	 0.3694 	 -0.3463 	 -0.1314 	 0.4478 	 -0.5630 	 -0.2457
4.1483 	 -0.2478 	 0.3067 	 0.0020 	 0.3739 	 -0.3520 	 -0.1339 	 0.4528 	 -0.5707 	 -0.2492
4.1583 	 -0.2440 	 0.3031 	 0.0006 	 0.3785 	 -0.3578 	 -0.1364 	 0.4581 	 -0.5787 	 -0.2529
4.1683 	 -0.2402 	 0.2995 	 -0.0008 	 0.3831 	 -0.3636 	 -0.1389 	 0.4639 	 -0.5870 	 -0.2569
4.1784 	 -0.2364 	 0.2958 	 -0.0022 	 0.3878 	 -0.3695 	 -0.1415 	 0.4732 	 -0.5987 	 -0.2654
4.1884 	 -0.2325 	 0.2921 	 -0.0036 	 0.3925 	 -0.3756 	 -0.1442 	 0.4789 	 -0.6066 	 -0.2689
4.1984 	 -0.2285 	 0.2883 	 -0.0051 	 0.3974 	 -0.3817 	 -0.1469 	 0.4871 	 -0.6197 	 -0.2692
4.2084 	 -0.2245 	 0.2844 	 -0.0065 	 0.4023 	 -0.3880 	 -0.1496 	 0.5012 	 -0.6314 	 -0.2683
4.2184 	 -0.2204 	 0.2805 	 -0.0081 	 0.4073 	 -0.3943 	 -0.1524 	 0.5082 	 -0.6392 	 -0.2728
4.2285 	 -0.2163 	 0.2765 	 -0.0096 	 0.4125 	 -0.4008 	 -0.1551 	 0.5194 	 -0.6519 	 -0.2797
4.2385 	 -0.2122 	 0.2725 	 -0.0112 	 0.4177 	 -0.4074 	 -0.1579 	 0.5308 	 -0.6644 	 -0.2859
4.2485 	 -0.2080 	 0.2684 	 -0.0128 	 0.4231 	 -0.4141 	 -0.1608 	 0.5422 	 -0.6766 	 -0.2924
4.2585 	 -0.2037 	 0.2642 	 -0.0144 	 0.4286 	 -0.4209 	 -0.1638 	 0.5495 	 -0.6839 	 -0.2971
4.2685 	 -0.1994 	 0.2599 	 -0.0160 	 0.4341 	 -0.4278 	 -0.1668 	 0.5573 	 -0.6915 	 -0.3021
4.2786 	 -0.1950 	 0.2556 	 -0.0177 	 0.4397 	 -0.4347 	 -0.1698 	 0.5656 	 -0.6994 	 -0.3073
4.2886 	 -0.1905 	 0.2512 	 -0.0194 	 0.4454 	 -0.4418 	 -0.1729 	 0.5778 	 -0.7125 	 -0.3117
4.2986 	 -0.1861 	 0.2467 	 -0.0212 	 0.4513 	 -0.4490 	 -0.1761 	 0.5936 	 -0.7282 	 -0.3229
4.3086 	 -0.1815 	 0.2422 	 -0.0230 	 0.4573 	 -0.4564 	 -0.1794 	 0.6087 	 -0.7428 	 -0.3323
4.3186 	 -0.1769 	 0.2376 	 -0.0248 	 0.4635 	 -0.4639 	 -0.1828 	 0.6188 	 -0.7510 	 -0.3417
4.3287 	 -0.1722 	 0.2329 	 -0.0266 	 0.4697 	 -0.4714 	 -0.1863 	 0.6316 	 -0.7582 	 -0.3474
4.3387 	 -0.1675 	 0.2282 	 -0.0285 	 0.4761 	 -0.4791 	 -0.1898 	 0.6412 	 -0.7668 	 -0.3556
4.3487 	 -0.1627 	 0.2233 	 -0.0304 	 0.4826 	 -0.4868 	 -0.1934 	 0.6472 	 -0.7711 	 -0.3608
4.3587 	 -0.1578 	 0.2184 	 -0.0324 	 0.4891 	 -0.4945 	 -0.1970 	 0.6535 	 -0.7755 	 -0.3662
4.3687 	 -0.1529 	 0.2134 	 -0.0344 	 0.4957 	 -0.5023 	 -0.2007 	 0.6630 	 -0.7857 	 -0.3731
4.3788 	 -0.1479 	 0.2083 	 -0.0364 	 0.5024 	 -0.5102 	 -0.2045 	 0.6728 	 -0.7938 	 -0.3824
4.3888 	 -0.1428 	 0.2032 	 -0.0385 	 0.5092 	 -0.5183 	 -0.2084 	 0.6852 	 -0.8062 	 -0.3926
4.3988 	 -0.1377 	 0.1979 	 -0.0406 	 0.5161 	 -0.5264 	 -0.2123 	 0.6944 	 -0.8129 	 -0.4025
4.4088 	 -0.1325 	 0.1926 	 -0.0427 	 0.5231 	 -0.5345 	 -0.2164 	 0.7003 	 -0.8156 	 -0.4088
4.4188 	 -0.1272 	 0.1872 	 -0.0449 	 0.5302 	 -0.5428 	 -0.2206 	 0.7155 	 -0.8237 	 -0.4207
4.4289 	 -0.1218 	 0.1818 	 -0.0472 	 0.5374 	 -0.5511 	 -0.2249 	 0.7246 	 -0.8296 	 -0.4313
4.4389 	 -0.1164 	 0.1762 	 -0.0494 	 0.5448 	 -0.5594 	 -0.2292 	 0.7402 	 -0.8349 	 -0.4400
4.4489 	 -0.1109 	 0.1705 	 -0.0518 	 0.5523 	 -0.5678 	 -0.2337 	 0.7507 	 -0.8356 	 -0.4471
4.4589 	 -0.1053 	 0.1648 	 -0.0541 	 0.5599 	 -0.5762 	 -0.2382 	 0.7604 	 -0.8449 	 -0.4616
4.4689 	 -0.0997 	 0.1590 	 -0.0565 	 0.5675 	 -0.5847 	 -0.2429 	 0.7707 	 -0.8562 	 -0.4721
4.4790 	 -0.0940 	 0.1531 	 -0.0590 	 0.5753 	 -0.5933 	 -0.2477 	 0.7743 	 -0.8581 	 -0.4832
4.4890 	 -0.0882 	 0.1471 	 -0.0615 	 0.5830 	 -0.6019 	 -0.2526 	 0.7748 	 -0.8550 	 -0.4910
4.4990 	 -0.0823 	 0.1410 	 -0.0641 	 0.5908 	 -0.6105 	 -0.2576 	 0.7791 	 -0.8564 	 -0.5000
4.5090 	 -0.0763 	 0.1349 	 -0.0667 	 0.5986 	 -0.6190 	 -0.2626 	 0.7828 	 -0.8527 	 -0.5119
4.5190 	 -0.0703 	 0.1286 	 -0.0693 	 0.6065 	 -0.6275 	 -0.2678 	 0.7810 	 -0.8475 	 -0.5206
4.5291 	 -0.0642 	 0.1223 	 -0.0720 	 0.6143 	 -0.6360 	 -0.2731 	 0.7808 	 -0.8453 	 -0.5339
4.5391 	 -0.0580 	 0.1159 	 -0.0748 	 0.6221 	 -0.6445 	 -0.2785 	 0.7863 	 -0.8499 	 -0.5538
4.5491 	 -0.0517 	 0.1094 	 -0.0776 	 0.6300 	 -0.6530 	 -0.2841 	 0.7837 	 -0.8501 	 -0.5609
4.5591 	 -0.0454 	 0.1028 	 -0.0805 	 0.6378 	 -0.6616 	 -0.2898 	 0.7803 	 -0.8569 	 -0.5814
4.5691 	 -0.0389 	 0.0961 	 -0.0834 	 0.6456 	 -0.6702 	 -0.2957 	 0.7754 	 -0.8523 	 -0.5936
4.5792 	 -0.0324 	 0.0894 	 -0.0864 	 0.6533 	 -0.6786 	 -0.3017 	 0.7647 	 -0.8390 	 -0.5951
4.5892 	 -0.0258 	 0.0825 	 -0.0895 	 0.6610 	 -0.6870 	 -0.3077 	 0.7571 	 -0.8312 	 -0.6056
4.5992 	 -0.0192 	 0.0756 	 -0.0926 	 0.6685 	 -0.6953 	 -0.3138 	 0.7456 	 -0.8185 	 -0.6098
4.6092 	 -0.0124 	 0.0686 	 -0.0958 	 0.6759 	 -0.7034 	 -0.3199 	 0.7304 	 -0.7999 	 -0.6075
4.6192 	 -0.0056 	 0.0615 	 -0.0990 	 0.6831 	 -0.7113 	 -0.3259 	 0.7146 	 -0.7819 	 -0.5993
4.6293 	 0.0013 	 0.0543 	 -0.1023 	 0.6902 	 -0.7190 	 -0.3320 	 0.6972 	 -0.7621 	 -0.6017
4.6393 	 0.0082 	 0.0471 	 -0.1056 	 0.6971 	 -0.7266 	 -0.3380 	 0.6793 	 -0.7425 	 -0.5994
4.6493 	 0.0152 	 0.0398 	 -0.1091 	 0.7038 	 -0.7339 	 -0.3440 	 0.6538 	 -0.7138 	 -0.5965
4.6593 	 0.0223 	 0.0324 	 -0.1125 	 0.7102 	 -0.7409 	 -0.3499 	 0.6258 	 -0.6830 	 -0.5940
4.6693 	 0.0295 	 0.0249 	 -0.1161 	 0.7163 	 -0.7475 	 -0.3559 	 0.5953 	 -0.6499 	 -0.5921
4.6794 	 0.0367 	 0.0174 	 -0.1197 	 0.7221 	 -0.7538 	 -0.3618 	 0.5655 	 -0.6098 	 -0.5927
4.6894 	 0.0439 	 0.0098 	 -0.1233 	 0.7276 	 -0.7598 	 -0.3677 	 0.5292 	 -0.5713 	 -0.5907
4.6994 	 0.0512 	 0.0022 	 -0.1270 	 0.7327 	 -0.7653 	 -0.3736 	 0.4890 	 -0.5287 	 -0.5882
4.7094 	 0.0586 	 -0.0055 	 -0.1308 	 0.7374 	 -0.7703 	 -0.3795 	 0.4451 	 -0.4837 	 -0.5897
4.7194 	 0.0660 	 -0.0132 	 -0.1346 	 0.7416 	 -0.7749 	 -0.3854 	 0.3916 	 -0.4289 	 -0.5839
4.7295 	 0.0735 	 -0.0210 	 -0.1385 	 0.7452 	 -0.7789 	 -0.3912 	 0.3287 	 -0.3659 	 -0.5778
4.7395 	 0.0809 	 -0.0289 	 -0.1425 	 0.7482 	 -0.7822 	 -0.3970 	 0.2588 	 -0.2986 	 -0.5766
4.7495 	 0.0885 	 -0.0367 	 -0.1465 	 0.7504 	 -0.7849 	 -0.4028 	 0.1882 	 -0.2362 	 -0.5820
4.7595 	 0.0960 	 -0.0446 	 -0.1506 	 0.7520 	 -0.7870 	 -0.4087 	 0.1196 	 -0.1795 	 -0.5905
4.7695 	 0.1035 	 -0.0525 	 -0.1547 	 0.7528 	 -0.7885 	 -0.4147 	 0.0530 	 -0.1225 	 -0.6055
4.7796 	 0.1111 	 -0.0604 	 -0.1589 	 0.7530 	 -0.7895 	 -0.4208 	 -0.0149 	 -0.0674 	 -0.6150
4.7896 	 0.1186 	 -0.0683 	 -0.1631 	 0.7525 	 -0.7898 	 -0.4270 	 -0.0845 	 -0.0104 	 -0.6230
4.7996 	 0.1261 	 -0.0762 	 -0.1674 	 0.7513 	 -0.7896 	 -0.4333 	 -0.1544 	 0.0506 	 -0.6326
4.8096 	 0.1337 	 -0.0841 	 -0.1718 	 0.7494 	 -0.7889 	 -0.4396 	 -0.2285 	 0.1099 	 -0.6260
4.8196 	 0.1411 	 -0.0920 	 -0.1762 	 0.7467 	 -0.7874 	 -0.4458 	 -0.3035 	 0.1787 	 -0.6176
4.8297 	 0.1486 	 -0.0999 	 -0.1807 	 0.7434 	 -0.7853 	 -0.4519 	 -0.3722 	 0.2465 	 -0.6074
4.8397 	 0.1560 	 -0.1077 	 -0.1853 	 0.7393 	 -0.7825 	 -0.4579 	 -0.4355 	 0.3150 	 -0.5878
4.8497 	 0.1634 	 -0.1156 	 -0.1899 	 0.7346 	 -0.7790 	 -0.4637 	 -0.4940 	 0.3797 	 -0.5649
4.8597 	 0.1708 	 -0.1233 	 -0.1946 	 0.7294 	 -0.7749 	 -0.4692 	 -0.5490 	 0.4406 	 -0.5397
4.8697 	 0.1780 	 -0.1311 	 -0.1993 	 0.7236 	 -0.7702 	 -0.4745 	 -0.6022 	 0.4923 	 -0.5147
4.8798 	 0.1853 	 -0.1388 	 -0.2041 	 0.7174 	 -0.7650 	 -0.4796 	 -0.6513 	 0.5466 	 -0.4860
4.8898 	 0.1924 	 -0.1464 	 -0.2089 	 0.7106 	 -0.7593 	 -0.4843 	 -0.7016 	 0.5979 	 -0.4608
4.8998 	 0.1995 	 -0.1540 	 -0.2138 	 0.7033 	 -0.7530 	 -0.4887 	 -0.7449 	 0.6454 	 -0.4302
4.9098 	 0.2065 	 -0.1615 	 -0.2187 	 0.6957 	 -0.7464 	 -0.4929 	 -0.7835 	 0.6813 	 -0.3968
4.9198 	 0.2134 	 -0.1689 	 -0.2237 	 0.6876 	 -0.7394 	 -0.4967 	 -0.8199 	 0.7206 	 -0.3644
4.9299 	 0.2203 	 -0.1763 	 -0.2287 	 0.6793 	 -0.7320 	 -0.5002 	 -0.8530 	 0.7567 	 -0.3316
4.9399 	 0.2270 	 -0.1836 	 -0.2337 	 0.6706 	 -0.7242 	 -0.5033 	 -0.8831 	 0.7896 	 -0.2986
4.9499 	 0.2337 	 -0.1908 	 -0.2387 	 0.6616 	 -0.7162 	 -0.5062 	 -0.9103 	 0.8194 	 -0.2656
4.9599 	 0.2403 	 -0.1980 	 -0.2438 	 0.6523 	 -0.7078 	 -0.5087 	 -0.9348 	 0.8462 	 -0.2329
4.9699 	 0.2468 	 -0.2050 	 -0.2489 	 0.6429 	 -0.6992 	 -0.5108 	 -0.9567 	 0.8703 	 -0.2006
4.9800 	 0.2532 	 -0.2120 	 -0.2541 	 0.6332 	 -0.6904 	 -0.5127 	 -0.9762 	 0.8917 	 -0.1691
4.9900 	 0.2595 	 -0.2188 	 -0.2592 	 0.6233 	 -0.6814 	 -0.5142 	 -0.9913 	 0.9066 	 -0.1434
