100-Body Run with i = 79 th particle. (Units in pc,M_solar,Myr, km s-1) 

time		 x 		 y 		 z 		 xdot 		 ydot 		 zdot 		 xddot 		 yddot 		 zddot
0.0000 	 0.1307 	 -0.0760 	 0.4509 	 -0.0354 	 -0.0199 	 -0.0128 	 -0.2919 	 0.1621 	 -0.6339
0.0100 	 0.1304 	 -0.0762 	 0.4508 	 -0.0383 	 -0.0183 	 -0.0192 	 -0.2912 	 0.1626 	 -0.6343
0.0200 	 0.1300 	 -0.0764 	 0.4505 	 -0.0412 	 -0.0166 	 -0.0255 	 -0.2905 	 0.1630 	 -0.6347
0.0301 	 0.1295 	 -0.0765 	 0.4503 	 -0.0441 	 -0.0150 	 -0.0319 	 -0.2898 	 0.1635 	 -0.6352
0.0401 	 0.1291 	 -0.0767 	 0.4499 	 -0.0470 	 -0.0134 	 -0.0383 	 -0.2890 	 0.1640 	 -0.6357
0.0501 	 0.1286 	 -0.0768 	 0.4495 	 -0.0499 	 -0.0117 	 -0.0446 	 -0.2881 	 0.1644 	 -0.6364
0.0601 	 0.1281 	 -0.0769 	 0.4490 	 -0.0528 	 -0.0101 	 -0.0510 	 -0.2872 	 0.1648 	 -0.6371
0.0701 	 0.1275 	 -0.0770 	 0.4485 	 -0.0556 	 -0.0084 	 -0.0574 	 -0.2862 	 0.1652 	 -0.6379
0.0802 	 0.1270 	 -0.0771 	 0.4479 	 -0.0585 	 -0.0068 	 -0.0638 	 -0.2852 	 0.1656 	 -0.6387
0.0902 	 0.1264 	 -0.0771 	 0.4472 	 -0.0614 	 -0.0051 	 -0.0702 	 -0.2842 	 0.1660 	 -0.6397
0.1002 	 0.1257 	 -0.0772 	 0.4465 	 -0.0642 	 -0.0034 	 -0.0766 	 -0.2830 	 0.1664 	 -0.6407
0.1102 	 0.1251 	 -0.0772 	 0.4457 	 -0.0670 	 -0.0018 	 -0.0830 	 -0.2819 	 0.1668 	 -0.6418
0.1202 	 0.1244 	 -0.0772 	 0.4448 	 -0.0699 	 -0.0001 	 -0.0895 	 -0.2806 	 0.1671 	 -0.6429
0.1303 	 0.1237 	 -0.0772 	 0.4439 	 -0.0727 	 0.0016 	 -0.0959 	 -0.2794 	 0.1674 	 -0.6442
0.1403 	 0.1229 	 -0.0772 	 0.4429 	 -0.0754 	 0.0033 	 -0.1024 	 -0.2780 	 0.1678 	 -0.6455
0.1503 	 0.1222 	 -0.0771 	 0.4418 	 -0.0782 	 0.0049 	 -0.1089 	 -0.2766 	 0.1681 	 -0.6470
0.1603 	 0.1214 	 -0.0771 	 0.4407 	 -0.0810 	 0.0066 	 -0.1154 	 -0.2751 	 0.1684 	 -0.6485
0.1703 	 0.1205 	 -0.0770 	 0.4395 	 -0.0837 	 0.0083 	 -0.1219 	 -0.2736 	 0.1686 	 -0.6500
0.1804 	 0.1197 	 -0.0769 	 0.4382 	 -0.0865 	 0.0100 	 -0.1284 	 -0.2720 	 0.1689 	 -0.6517
0.1904 	 0.1188 	 -0.0768 	 0.4369 	 -0.0892 	 0.0117 	 -0.1349 	 -0.2703 	 0.1692 	 -0.6535
0.2004 	 0.1179 	 -0.0767 	 0.4355 	 -0.0919 	 0.0134 	 -0.1415 	 -0.2686 	 0.1694 	 -0.6553
0.2104 	 0.1170 	 -0.0765 	 0.4341 	 -0.0946 	 0.0151 	 -0.1481 	 -0.2668 	 0.1697 	 -0.6573
0.2204 	 0.1160 	 -0.0764 	 0.4326 	 -0.0972 	 0.0168 	 -0.1547 	 -0.2649 	 0.1699 	 -0.6593
0.2305 	 0.1150 	 -0.0762 	 0.4310 	 -0.0999 	 0.0185 	 -0.1613 	 -0.2630 	 0.1701 	 -0.6615
0.2405 	 0.1140 	 -0.0760 	 0.4293 	 -0.1025 	 0.0202 	 -0.1679 	 -0.2610 	 0.1703 	 -0.6637
0.2505 	 0.1130 	 -0.0758 	 0.4276 	 -0.1051 	 0.0219 	 -0.1746 	 -0.2589 	 0.1705 	 -0.6660
0.2605 	 0.1119 	 -0.0756 	 0.4258 	 -0.1077 	 0.0236 	 -0.1813 	 -0.2567 	 0.1706 	 -0.6685
0.2705 	 0.1108 	 -0.0753 	 0.4240 	 -0.1103 	 0.0253 	 -0.1880 	 -0.2544 	 0.1708 	 -0.6710
0.2806 	 0.1097 	 -0.0750 	 0.4221 	 -0.1128 	 0.0270 	 -0.1947 	 -0.2521 	 0.1709 	 -0.6737
0.2906 	 0.1086 	 -0.0748 	 0.4201 	 -0.1153 	 0.0288 	 -0.2015 	 -0.2496 	 0.1710 	 -0.6765
0.3006 	 0.1074 	 -0.0745 	 0.4180 	 -0.1178 	 0.0305 	 -0.2083 	 -0.2471 	 0.1711 	 -0.6794
0.3106 	 0.1062 	 -0.0742 	 0.4159 	 -0.1203 	 0.0322 	 -0.2151 	 -0.2445 	 0.1712 	 -0.6824
0.3206 	 0.1050 	 -0.0738 	 0.4137 	 -0.1227 	 0.0339 	 -0.2219 	 -0.2417 	 0.1713 	 -0.6855
0.3307 	 0.1037 	 -0.0735 	 0.4115 	 -0.1251 	 0.0356 	 -0.2288 	 -0.2389 	 0.1714 	 -0.6888
0.3407 	 0.1025 	 -0.0731 	 0.4091 	 -0.1275 	 0.0373 	 -0.2357 	 -0.2360 	 0.1714 	 -0.6921
0.3507 	 0.1012 	 -0.0727 	 0.4067 	 -0.1298 	 0.0391 	 -0.2427 	 -0.2329 	 0.1714 	 -0.6957
0.3607 	 0.0999 	 -0.0723 	 0.4043 	 -0.1322 	 0.0408 	 -0.2497 	 -0.2298 	 0.1714 	 -0.6993
0.3707 	 0.0985 	 -0.0719 	 0.4017 	 -0.1344 	 0.0425 	 -0.2567 	 -0.2265 	 0.1714 	 -0.7031
0.3808 	 0.0972 	 -0.0715 	 0.3991 	 -0.1367 	 0.0442 	 -0.2638 	 -0.2231 	 0.1714 	 -0.7071
0.3908 	 0.0958 	 -0.0710 	 0.3964 	 -0.1389 	 0.0459 	 -0.2709 	 -0.2196 	 0.1713 	 -0.7112
0.4008 	 0.0944 	 -0.0706 	 0.3937 	 -0.1411 	 0.0476 	 -0.2780 	 -0.2159 	 0.1713 	 -0.7154
0.4108 	 0.0930 	 -0.0701 	 0.3909 	 -0.1432 	 0.0494 	 -0.2852 	 -0.2121 	 0.1712 	 -0.7199
0.4208 	 0.0915 	 -0.0696 	 0.3880 	 -0.1453 	 0.0511 	 -0.2925 	 -0.2081 	 0.1710 	 -0.7245
0.4309 	 0.0901 	 -0.0690 	 0.3850 	 -0.1474 	 0.0528 	 -0.2997 	 -0.2040 	 0.1709 	 -0.7292
0.4409 	 0.0886 	 -0.0685 	 0.3820 	 -0.1494 	 0.0545 	 -0.3071 	 -0.1998 	 0.1707 	 -0.7342
0.4509 	 0.0871 	 -0.0680 	 0.3789 	 -0.1514 	 0.0562 	 -0.3145 	 -0.1953 	 0.1705 	 -0.7393
0.4609 	 0.0855 	 -0.0674 	 0.3757 	 -0.1533 	 0.0579 	 -0.3219 	 -0.1907 	 0.1703 	 -0.7447
0.4709 	 0.0840 	 -0.0668 	 0.3724 	 -0.1552 	 0.0596 	 -0.3294 	 -0.1859 	 0.1700 	 -0.7502
0.4810 	 0.0824 	 -0.0662 	 0.3691 	 -0.1571 	 0.0613 	 -0.3369 	 -0.1809 	 0.1697 	 -0.7560
0.4910 	 0.0808 	 -0.0656 	 0.3657 	 -0.1589 	 0.0630 	 -0.3445 	 -0.1758 	 0.1694 	 -0.7620
0.5010 	 0.0792 	 -0.0649 	 0.3622 	 -0.1606 	 0.0647 	 -0.3522 	 -0.1704 	 0.1690 	 -0.7682
0.5110 	 0.0776 	 -0.0643 	 0.3586 	 -0.1623 	 0.0664 	 -0.3599 	 -0.1647 	 0.1686 	 -0.7746
0.5210 	 0.0760 	 -0.0636 	 0.3550 	 -0.1639 	 0.0681 	 -0.3677 	 -0.1589 	 0.1681 	 -0.7813
0.5311 	 0.0743 	 -0.0629 	 0.3512 	 -0.1655 	 0.0698 	 -0.3756 	 -0.1528 	 0.1676 	 -0.7883
0.5411 	 0.0727 	 -0.0622 	 0.3474 	 -0.1670 	 0.0715 	 -0.3836 	 -0.1471 	 0.1678 	 -0.8014
0.5511 	 0.0710 	 -0.0615 	 0.3435 	 -0.1684 	 0.0731 	 -0.3916 	 -0.1404 	 0.1671 	 -0.8083
0.5611 	 0.0693 	 -0.0607 	 0.3396 	 -0.1698 	 0.0748 	 -0.3998 	 -0.1334 	 0.1663 	 -0.8156
0.5711 	 0.0676 	 -0.0600 	 0.3355 	 -0.1711 	 0.0765 	 -0.4080 	 -0.1262 	 0.1655 	 -0.8231
0.5812 	 0.0659 	 -0.0592 	 0.3314 	 -0.1723 	 0.0781 	 -0.4163 	 -0.1186 	 0.1646 	 -0.8309
0.5912 	 0.0641 	 -0.0584 	 0.3272 	 -0.1734 	 0.0798 	 -0.4246 	 -0.1107 	 0.1636 	 -0.8390
0.6012 	 0.0624 	 -0.0576 	 0.3229 	 -0.1745 	 0.0814 	 -0.4332 	 -0.1031 	 0.1643 	 -0.8594
0.6112 	 0.0606 	 -0.0568 	 0.3185 	 -0.1755 	 0.0831 	 -0.4418 	 -0.0944 	 0.1629 	 -0.8668
0.6212 	 0.0589 	 -0.0559 	 0.3140 	 -0.1764 	 0.0847 	 -0.4506 	 -0.0853 	 0.1615 	 -0.8745
0.6313 	 0.0571 	 -0.0551 	 0.3095 	 -0.1772 	 0.0863 	 -0.4594 	 -0.0759 	 0.1599 	 -0.8825
0.6413 	 0.0553 	 -0.0542 	 0.3048 	 -0.1779 	 0.0879 	 -0.4682 	 -0.0661 	 0.1582 	 -0.8908
0.6513 	 0.0535 	 -0.0533 	 0.3001 	 -0.1785 	 0.0895 	 -0.4772 	 -0.0559 	 0.1571 	 -0.9057
0.6613 	 0.0517 	 -0.0524 	 0.2953 	 -0.1790 	 0.0910 	 -0.4863 	 -0.0452 	 0.1551 	 -0.9139
0.6713 	 0.0500 	 -0.0515 	 0.2903 	 -0.1794 	 0.0926 	 -0.4955 	 -0.0340 	 0.1529 	 -0.9224
0.6814 	 0.0482 	 -0.0506 	 0.2853 	 -0.1797 	 0.0941 	 -0.5048 	 -0.0224 	 0.1512 	 -0.9376
0.6914 	 0.0464 	 -0.0496 	 0.2802 	 -0.1799 	 0.0956 	 -0.5143 	 -0.0102 	 0.1486 	 -0.9459
0.7014 	 0.0445 	 -0.0486 	 0.2750 	 -0.1799 	 0.0971 	 -0.5238 	 0.0025 	 0.1458 	 -0.9546
0.7114 	 0.0427 	 -0.0477 	 0.2697 	 -0.1798 	 0.0985 	 -0.5334 	 0.0159 	 0.1435 	 -0.9697
0.7214 	 0.0409 	 -0.0467 	 0.2643 	 -0.1796 	 0.0999 	 -0.5432 	 0.0301 	 0.1406 	 -0.9841
0.7315 	 0.0391 	 -0.0457 	 0.2588 	 -0.1792 	 0.1013 	 -0.5531 	 0.0445 	 0.1370 	 -0.9918
0.7415 	 0.0374 	 -0.0446 	 0.2533 	 -0.1787 	 0.1027 	 -0.5631 	 0.0594 	 0.1332 	 -0.9998
0.7515 	 0.0356 	 -0.0436 	 0.2476 	 -0.1780 	 0.1040 	 -0.5731 	 0.0749 	 0.1292 	 -1.0080
0.7615 	 0.0338 	 -0.0426 	 0.2418 	 -0.1772 	 0.1053 	 -0.5833 	 0.0910 	 0.1250 	 -1.0166
0.7715 	 0.0320 	 -0.0415 	 0.2359 	 -0.1762 	 0.1065 	 -0.5935 	 0.1078 	 0.1204 	 -1.0255
0.7816 	 0.0303 	 -0.0404 	 0.2299 	 -0.1750 	 0.1077 	 -0.6039 	 0.1268 	 0.1157 	 -1.0467
0.7916 	 0.0285 	 -0.0393 	 0.2238 	 -0.1737 	 0.1088 	 -0.6144 	 0.1449 	 0.1107 	 -1.0544
0.8016 	 0.0268 	 -0.0382 	 0.2176 	 -0.1721 	 0.1099 	 -0.6250 	 0.1652 	 0.1059 	 -1.0681
0.8116 	 0.0251 	 -0.0371 	 0.2112 	 -0.1704 	 0.1109 	 -0.6358 	 0.1865 	 0.1000 	 -1.0873
0.8216 	 0.0234 	 -0.0360 	 0.2048 	 -0.1684 	 0.1119 	 -0.6467 	 0.2062 	 0.0939 	 -1.0924
0.8317 	 0.0217 	 -0.0349 	 0.1983 	 -0.1662 	 0.1128 	 -0.6577 	 0.2268 	 0.0875 	 -1.0977
0.8417 	 0.0200 	 -0.0338 	 0.1916 	 -0.1639 	 0.1137 	 -0.6687 	 0.2481 	 0.0806 	 -1.1031
0.8517 	 0.0184 	 -0.0326 	 0.1849 	 -0.1612 	 0.1144 	 -0.6799 	 0.2731 	 0.0724 	 -1.1243
0.8617 	 0.0168 	 -0.0315 	 0.1780 	 -0.1584 	 0.1151 	 -0.6912 	 0.2958 	 0.0650 	 -1.1260
0.8717 	 0.0152 	 -0.0303 	 0.1710 	 -0.1553 	 0.1157 	 -0.7025 	 0.3194 	 0.0571 	 -1.1275
0.8818 	 0.0137 	 -0.0291 	 0.1639 	 -0.1520 	 0.1163 	 -0.7138 	 0.3484 	 0.0525 	 -1.1315
0.8918 	 0.0122 	 -0.0280 	 0.1567 	 -0.1484 	 0.1167 	 -0.7251 	 0.3734 	 0.0431 	 -1.1321
0.9018 	 0.0107 	 -0.0268 	 0.1494 	 -0.1445 	 0.1171 	 -0.7365 	 0.4006 	 0.0332 	 -1.1379
0.9118 	 0.0093 	 -0.0256 	 0.1420 	 -0.1403 	 0.1174 	 -0.7479 	 0.4286 	 0.0228 	 -1.1422
0.9218 	 0.0079 	 -0.0245 	 0.1344 	 -0.1359 	 0.1176 	 -0.7593 	 0.4564 	 0.0117 	 -1.1385
0.9319 	 0.0066 	 -0.0233 	 0.1267 	 -0.1312 	 0.1176 	 -0.7707 	 0.4852 	 0.0001 	 -1.1340
0.9419 	 0.0053 	 -0.0221 	 0.1190 	 -0.1262 	 0.1176 	 -0.7821 	 0.5164 	 -0.0123 	 -1.1340
0.9519 	 0.0040 	 -0.0209 	 0.1111 	 -0.1208 	 0.1174 	 -0.7934 	 0.5473 	 -0.0251 	 -1.1261
0.9619 	 0.0029 	 -0.0197 	 0.1031 	 -0.1152 	 0.1171 	 -0.8047 	 0.5850 	 -0.0428 	 -1.1265
0.9719 	 0.0017 	 -0.0186 	 0.0950 	 -0.1092 	 0.1166 	 -0.8159 	 0.6194 	 -0.0554 	 -1.1186
0.9820 	 0.0007 	 -0.0174 	 0.0867 	 -0.1028 	 0.1160 	 -0.8271 	 0.6514 	 -0.0693 	 -1.1027
0.9920 	 -0.0003 	 -0.0163 	 0.0784 	 -0.0961 	 0.1152 	 -0.8380 	 0.6857 	 -0.0838 	 -1.0906
1.0020 	 -0.0012 	 -0.0151 	 0.0699 	 -0.0891 	 0.1143 	 -0.8489 	 0.7188 	 -0.0987 	 -1.0690
1.0120 	 -0.0021 	 -0.0140 	 0.0614 	 -0.0817 	 0.1132 	 -0.8595 	 0.7549 	 -0.1147 	 -1.0498
1.0220 	 -0.0029 	 -0.0128 	 0.0527 	 -0.0739 	 0.1120 	 -0.8698 	 0.7937 	 -0.1282 	 -1.0196
1.0321 	 -0.0036 	 -0.0117 	 0.0439 	 -0.0658 	 0.1106 	 -0.8799 	 0.8265 	 -0.1440 	 -0.9881
1.0421 	 -0.0042 	 -0.0106 	 0.0351 	 -0.0574 	 0.1091 	 -0.8896 	 0.8591 	 -0.1599 	 -0.9536
1.0521 	 -0.0047 	 -0.0095 	 0.0261 	 -0.0486 	 0.1074 	 -0.8990 	 0.8909 	 -0.1756 	 -0.9225
1.0621 	 -0.0052 	 -0.0085 	 0.0171 	 -0.0395 	 0.1056 	 -0.9081 	 0.9235 	 -0.1919 	 -0.8877
1.0721 	 -0.0055 	 -0.0074 	 0.0079 	 -0.0301 	 0.1036 	 -0.9168 	 0.9535 	 -0.2072 	 -0.8415
1.0822 	 -0.0058 	 -0.0064 	 -0.0013 	 -0.0204 	 0.1014 	 -0.9250 	 0.9819 	 -0.2220 	 -0.7914
1.0922 	 -0.0059 	 -0.0054 	 -0.0106 	 -0.0105 	 0.0991 	 -0.9326 	 1.0083 	 -0.2360 	 -0.7376
1.1022 	 -0.0060 	 -0.0044 	 -0.0200 	 -0.0002 	 0.0967 	 -0.9397 	 1.0322 	 -0.2490 	 -0.6799
1.1122 	 -0.0059 	 -0.0035 	 -0.0294 	 0.0102 	 0.0941 	 -0.9462 	 1.0530 	 -0.2606 	 -0.6184
1.1222 	 -0.0058 	 -0.0025 	 -0.0390 	 0.0209 	 0.0915 	 -0.9521 	 1.0702 	 -0.2705 	 -0.5532
1.1323 	 -0.0055 	 -0.0016 	 -0.0485 	 0.0317 	 0.0887 	 -0.9573 	 1.0829 	 -0.2785 	 -0.4839
1.1423 	 -0.0051 	 -0.0007 	 -0.0581 	 0.0426 	 0.0859 	 -0.9618 	 1.0956 	 -0.2813 	 -0.4140
1.1523 	 -0.0047 	 0.0001 	 -0.0678 	 0.0536 	 0.0831 	 -0.9655 	 1.0942 	 -0.2848 	 -0.3325
1.1623 	 -0.0041 	 0.0009 	 -0.0775 	 0.0645 	 0.0802 	 -0.9684 	 1.0829 	 -0.2868 	 -0.2404
1.1723 	 -0.0034 	 0.0017 	 -0.0872 	 0.0753 	 0.0773 	 -0.9703 	 1.0691 	 -0.2947 	 -0.1345
1.1824 	 -0.0026 	 0.0025 	 -0.0969 	 0.0859 	 0.0743 	 -0.9711 	 1.0611 	 -0.3101 	 -0.0345
1.1924 	 -0.0016 	 0.0032 	 -0.1066 	 0.0965 	 0.0711 	 -0.9710 	 1.0514 	 -0.3270 	 0.0530
1.2024 	 -0.0006 	 0.0039 	 -0.1164 	 0.1070 	 0.0678 	 -0.9701 	 1.0385 	 -0.3439 	 0.1318
1.2124 	 0.0005 	 0.0046 	 -0.1261 	 0.1173 	 0.0642 	 -0.9684 	 1.0229 	 -0.3600 	 0.2048
1.2224 	 0.0017 	 0.0052 	 -0.1358 	 0.1275 	 0.0605 	 -0.9660 	 1.0051 	 -0.3747 	 0.2741
1.2325 	 0.0031 	 0.0058 	 -0.1454 	 0.1375 	 0.0567 	 -0.9629 	 0.9852 	 -0.3876 	 0.3414
1.2425 	 0.0045 	 0.0063 	 -0.1551 	 0.1472 	 0.0528 	 -0.9592 	 0.9636 	 -0.3989 	 0.4034
1.2525 	 0.0060 	 0.0068 	 -0.1647 	 0.1567 	 0.0487 	 -0.9548 	 0.9371 	 -0.4068 	 0.4734
1.2625 	 0.0076 	 0.0073 	 -0.1742 	 0.1660 	 0.0446 	 -0.9497 	 0.9056 	 -0.4099 	 0.5375
1.2725 	 0.0093 	 0.0077 	 -0.1837 	 0.1749 	 0.0406 	 -0.9440 	 0.8672 	 -0.4050 	 0.6009
1.2826 	 0.0111 	 0.0081 	 -0.1931 	 0.1834 	 0.0365 	 -0.9377 	 0.8296 	 -0.3974 	 0.6518
1.2926 	 0.0130 	 0.0085 	 -0.2025 	 0.1915 	 0.0326 	 -0.9310 	 0.7962 	 -0.3914 	 0.6878
1.3026 	 0.0150 	 0.0088 	 -0.2118 	 0.1993 	 0.0287 	 -0.9240 	 0.7658 	 -0.3865 	 0.7246
1.3126 	 0.0170 	 0.0090 	 -0.2210 	 0.2069 	 0.0248 	 -0.9165 	 0.7384 	 -0.3830 	 0.7512
1.3226 	 0.0191 	 0.0093 	 -0.2301 	 0.2141 	 0.0210 	 -0.9089 	 0.7123 	 -0.3806 	 0.7825
1.3327 	 0.0213 	 0.0094 	 -0.2392 	 0.2211 	 0.0172 	 -0.9009 	 0.6895 	 -0.3850 	 0.8121
1.3427 	 0.0235 	 0.0096 	 -0.2482 	 0.2279 	 0.0133 	 -0.8926 	 0.6659 	 -0.3833 	 0.8391
1.3527 	 0.0258 	 0.0097 	 -0.2571 	 0.2345 	 0.0095 	 -0.8841 	 0.6433 	 -0.3822 	 0.8645
1.3627 	 0.0282 	 0.0098 	 -0.2659 	 0.2408 	 0.0057 	 -0.8753 	 0.6214 	 -0.3815 	 0.8888
1.3727 	 0.0307 	 0.0098 	 -0.2746 	 0.2469 	 0.0019 	 -0.8662 	 0.5997 	 -0.3811 	 0.9122
1.3828 	 0.0332 	 0.0098 	 -0.2833 	 0.2528 	 -0.0020 	 -0.8570 	 0.5780 	 -0.3806 	 0.9346
1.3928 	 0.0357 	 0.0098 	 -0.2918 	 0.2585 	 -0.0058 	 -0.8475 	 0.5559 	 -0.3800 	 0.9556
1.4028 	 0.0384 	 0.0097 	 -0.3002 	 0.2640 	 -0.0096 	 -0.8379 	 0.5337 	 -0.3799 	 0.9702
1.4128 	 0.0410 	 0.0096 	 -0.3086 	 0.2692 	 -0.0134 	 -0.8281 	 0.5155 	 -0.3843 	 0.9842
1.4228 	 0.0438 	 0.0094 	 -0.3168 	 0.2743 	 -0.0172 	 -0.8181 	 0.4922 	 -0.3827 	 1.0038
1.4329 	 0.0465 	 0.0093 	 -0.3250 	 0.2791 	 -0.0211 	 -0.8080 	 0.4686 	 -0.3806 	 1.0154
1.4429 	 0.0493 	 0.0090 	 -0.3330 	 0.2837 	 -0.0248 	 -0.7978 	 0.4442 	 -0.3771 	 1.0201
1.4529 	 0.0522 	 0.0088 	 -0.3410 	 0.2880 	 -0.0286 	 -0.7875 	 0.4199 	 -0.3760 	 1.0289
1.4629 	 0.0551 	 0.0085 	 -0.3488 	 0.2921 	 -0.0324 	 -0.7771 	 0.3959 	 -0.3753 	 1.0365
1.4729 	 0.0581 	 0.0081 	 -0.3565 	 0.2959 	 -0.0361 	 -0.7667 	 0.3717 	 -0.3744 	 1.0437
1.4830 	 0.0610 	 0.0077 	 -0.3642 	 0.2995 	 -0.0399 	 -0.7563 	 0.3480 	 -0.3718 	 1.0456
1.4930 	 0.0641 	 0.0073 	 -0.3717 	 0.3029 	 -0.0436 	 -0.7458 	 0.3245 	 -0.3686 	 1.0555
1.5030 	 0.0671 	 0.0069 	 -0.3791 	 0.3060 	 -0.0473 	 -0.7351 	 0.2955 	 -0.3680 	 1.0706
1.5130 	 0.0702 	 0.0064 	 -0.3864 	 0.3089 	 -0.0509 	 -0.7243 	 0.2681 	 -0.3624 	 1.0914
1.5230 	 0.0733 	 0.0058 	 -0.3936 	 0.3114 	 -0.0545 	 -0.7133 	 0.2441 	 -0.3555 	 1.1106
1.5331 	 0.0764 	 0.0053 	 -0.4007 	 0.3138 	 -0.0581 	 -0.7021 	 0.2294 	 -0.3546 	 1.1105
1.5431 	 0.0796 	 0.0047 	 -0.4077 	 0.3160 	 -0.0616 	 -0.6908 	 0.2121 	 -0.3519 	 1.1199
1.5531 	 0.0828 	 0.0040 	 -0.4146 	 0.3180 	 -0.0651 	 -0.6796 	 0.2006 	 -0.3519 	 1.1219
1.5631 	 0.0860 	 0.0034 	 -0.4213 	 0.3200 	 -0.0687 	 -0.6684 	 0.1880 	 -0.3527 	 1.1250
1.5731 	 0.0892 	 0.0027 	 -0.4280 	 0.3218 	 -0.0722 	 -0.6570 	 0.1735 	 -0.3531 	 1.1421
1.5832 	 0.0924 	 0.0019 	 -0.4345 	 0.3234 	 -0.0757 	 -0.6455 	 0.1532 	 -0.3519 	 1.1596
1.5932 	 0.0957 	 0.0011 	 -0.4409 	 0.3248 	 -0.0792 	 -0.6337 	 0.1244 	 -0.3463 	 1.1787
1.6032 	 0.0989 	 0.0003 	 -0.4472 	 0.3259 	 -0.0827 	 -0.6218 	 0.0936 	 -0.3331 	 1.1896
1.6132 	 0.1022 	 -0.0005 	 -0.4533 	 0.3267 	 -0.0860 	 -0.6099 	 0.0616 	 -0.3240 	 1.1949
1.6232 	 0.1055 	 -0.0014 	 -0.4594 	 0.3272 	 -0.0892 	 -0.5979 	 0.0321 	 -0.3166 	 1.1967
1.6333 	 0.1087 	 -0.0023 	 -0.4653 	 0.3273 	 -0.0923 	 -0.5860 	 0.0033 	 -0.3088 	 1.1838
1.6433 	 0.1120 	 -0.0032 	 -0.4711 	 0.3272 	 -0.0954 	 -0.5741 	 -0.0241 	 -0.3027 	 1.1829
1.6533 	 0.1153 	 -0.0042 	 -0.4768 	 0.3269 	 -0.0984 	 -0.5623 	 -0.0511 	 -0.2968 	 1.1830
1.6633 	 0.1186 	 -0.0052 	 -0.4824 	 0.3262 	 -0.1013 	 -0.5504 	 -0.0775 	 -0.2908 	 1.1843
1.6733 	 0.1218 	 -0.0062 	 -0.4879 	 0.3253 	 -0.1042 	 -0.5385 	 -0.1028 	 -0.2845 	 1.1868
1.6834 	 0.1251 	 -0.0073 	 -0.4932 	 0.3242 	 -0.1070 	 -0.5266 	 -0.1266 	 -0.2779 	 1.1900
1.6934 	 0.1283 	 -0.0084 	 -0.4984 	 0.3228 	 -0.1098 	 -0.5147 	 -0.1488 	 -0.2712 	 1.1931
1.7034 	 0.1315 	 -0.0095 	 -0.5035 	 0.3212 	 -0.1124 	 -0.5027 	 -0.1711 	 -0.2658 	 1.1900
1.7134 	 0.1348 	 -0.0106 	 -0.5085 	 0.3193 	 -0.1151 	 -0.4908 	 -0.1949 	 -0.2592 	 1.1894
1.7234 	 0.1379 	 -0.0118 	 -0.5134 	 0.3173 	 -0.1176 	 -0.4789 	 -0.2132 	 -0.2522 	 1.1922
1.7335 	 0.1411 	 -0.0130 	 -0.5181 	 0.3151 	 -0.1201 	 -0.4670 	 -0.2278 	 -0.2426 	 1.1890
1.7435 	 0.1443 	 -0.0142 	 -0.5227 	 0.3127 	 -0.1225 	 -0.4550 	 -0.2445 	 -0.2356 	 1.1905
1.7535 	 0.1474 	 -0.0155 	 -0.5272 	 0.3102 	 -0.1248 	 -0.4432 	 -0.2599 	 -0.2281 	 1.1854
1.7635 	 0.1505 	 -0.0167 	 -0.5316 	 0.3075 	 -0.1271 	 -0.4313 	 -0.2748 	 -0.2213 	 1.1864
1.7735 	 0.1535 	 -0.0180 	 -0.5359 	 0.3047 	 -0.1293 	 -0.4194 	 -0.2886 	 -0.2143 	 1.1870
1.7836 	 0.1566 	 -0.0193 	 -0.5400 	 0.3018 	 -0.1314 	 -0.4076 	 -0.2984 	 -0.2080 	 1.1727
1.7936 	 0.1596 	 -0.0206 	 -0.5440 	 0.2987 	 -0.1334 	 -0.3959 	 -0.3102 	 -0.2007 	 1.1690
1.8036 	 0.1626 	 -0.0220 	 -0.5479 	 0.2955 	 -0.1354 	 -0.3842 	 -0.3215 	 -0.1931 	 1.1648
1.8136 	 0.1655 	 -0.0233 	 -0.5517 	 0.2923 	 -0.1373 	 -0.3726 	 -0.3275 	 -0.1839 	 1.1561
1.8236 	 0.1684 	 -0.0247 	 -0.5554 	 0.2890 	 -0.1391 	 -0.3610 	 -0.3381 	 -0.1756 	 1.1510
1.8337 	 0.1713 	 -0.0261 	 -0.5590 	 0.2855 	 -0.1408 	 -0.3495 	 -0.3532 	 -0.1705 	 1.1486
1.8437 	 0.1741 	 -0.0275 	 -0.5624 	 0.2819 	 -0.1425 	 -0.3380 	 -0.3590 	 -0.1645 	 1.1313
1.8537 	 0.1770 	 -0.0290 	 -0.5657 	 0.2783 	 -0.1441 	 -0.3267 	 -0.3686 	 -0.1562 	 1.1242
1.8637 	 0.1797 	 -0.0304 	 -0.5689 	 0.2745 	 -0.1456 	 -0.3155 	 -0.3782 	 -0.1479 	 1.1174
1.8737 	 0.1825 	 -0.0319 	 -0.5721 	 0.2707 	 -0.1471 	 -0.3043 	 -0.3879 	 -0.1396 	 1.1109
1.8838 	 0.1851 	 -0.0334 	 -0.5750 	 0.2667 	 -0.1484 	 -0.2933 	 -0.3972 	 -0.1313 	 1.0897
1.8938 	 0.1878 	 -0.0349 	 -0.5779 	 0.2627 	 -0.1497 	 -0.2825 	 -0.4068 	 -0.1229 	 1.0813
1.9038 	 0.1904 	 -0.0364 	 -0.5807 	 0.2586 	 -0.1509 	 -0.2717 	 -0.4164 	 -0.1146 	 1.0736
1.9138 	 0.1930 	 -0.0379 	 -0.5834 	 0.2544 	 -0.1520 	 -0.2609 	 -0.4260 	 -0.1063 	 1.0665
1.9238 	 0.1955 	 -0.0394 	 -0.5859 	 0.2501 	 -0.1530 	 -0.2503 	 -0.4356 	 -0.0980 	 1.0600
1.9339 	 0.1980 	 -0.0410 	 -0.5884 	 0.2456 	 -0.1540 	 -0.2397 	 -0.4453 	 -0.0899 	 1.0540
1.9439 	 0.2004 	 -0.0425 	 -0.5907 	 0.2411 	 -0.1548 	 -0.2292 	 -0.4549 	 -0.0818 	 1.0484
1.9539 	 0.2028 	 -0.0441 	 -0.5930 	 0.2365 	 -0.1556 	 -0.2187 	 -0.4646 	 -0.0737 	 1.0433
1.9639 	 0.2052 	 -0.0456 	 -0.5951 	 0.2318 	 -0.1563 	 -0.2083 	 -0.4743 	 -0.0657 	 1.0385
1.9739 	 0.2075 	 -0.0472 	 -0.5972 	 0.2270 	 -0.1569 	 -0.1979 	 -0.4840 	 -0.0578 	 1.0339
1.9840 	 0.2097 	 -0.0488 	 -0.5991 	 0.2221 	 -0.1575 	 -0.1876 	 -0.4882 	 -0.0504 	 1.0171
1.9940 	 0.2119 	 -0.0504 	 -0.6009 	 0.2172 	 -0.1579 	 -0.1773 	 -0.4986 	 -0.0427 	 1.0163
2.0040 	 0.2141 	 -0.0519 	 -0.6026 	 0.2121 	 -0.1583 	 -0.1672 	 -0.5074 	 -0.0349 	 1.0095
2.0140 	 0.2162 	 -0.0535 	 -0.6043 	 0.2070 	 -0.1586 	 -0.1571 	 -0.5160 	 -0.0272 	 1.0028
2.0240 	 0.2182 	 -0.0551 	 -0.6058 	 0.2018 	 -0.1589 	 -0.1471 	 -0.5243 	 -0.0195 	 0.9961
2.0341 	 0.2202 	 -0.0567 	 -0.6072 	 0.1965 	 -0.1590 	 -0.1372 	 -0.5322 	 -0.0119 	 0.9894
2.0441 	 0.2222 	 -0.0583 	 -0.6085 	 0.1911 	 -0.1591 	 -0.1273 	 -0.5387 	 -0.0045 	 0.9772
2.0541 	 0.2240 	 -0.0599 	 -0.6098 	 0.1857 	 -0.1591 	 -0.1176 	 -0.5456 	 0.0032 	 0.9716
2.0641 	 0.2259 	 -0.0615 	 -0.6109 	 0.1802 	 -0.1590 	 -0.1079 	 -0.5518 	 0.0108 	 0.9664
2.0741 	 0.2277 	 -0.0631 	 -0.6119 	 0.1747 	 -0.1589 	 -0.0982 	 -0.5585 	 0.0231 	 0.9583
2.0842 	 0.2294 	 -0.0647 	 -0.6129 	 0.1690 	 -0.1586 	 -0.0886 	 -0.5636 	 0.0301 	 0.9546
2.0942 	 0.2310 	 -0.0663 	 -0.6137 	 0.1634 	 -0.1583 	 -0.0791 	 -0.5683 	 0.0370 	 0.9515
2.1042 	 0.2326 	 -0.0678 	 -0.6145 	 0.1576 	 -0.1578 	 -0.0696 	 -0.5727 	 0.0438 	 0.9490
2.1142 	 0.2342 	 -0.0694 	 -0.6151 	 0.1519 	 -0.1574 	 -0.0601 	 -0.5752 	 0.0525 	 0.9409
2.1242 	 0.2357 	 -0.0710 	 -0.6157 	 0.1461 	 -0.1568 	 -0.0507 	 -0.5791 	 0.0594 	 0.9384
2.1343 	 0.2371 	 -0.0726 	 -0.6161 	 0.1403 	 -0.1562 	 -0.0413 	 -0.5831 	 0.0662 	 0.9364
2.1443 	 0.2385 	 -0.0741 	 -0.6165 	 0.1344 	 -0.1555 	 -0.0319 	 -0.5871 	 0.0728 	 0.9347
2.1543 	 0.2398 	 -0.0757 	 -0.6168 	 0.1285 	 -0.1547 	 -0.0225 	 -0.5937 	 0.0801 	 0.9392
2.1643 	 0.2411 	 -0.0772 	 -0.6169 	 0.1225 	 -0.1539 	 -0.0131 	 -0.5956 	 0.0857 	 0.9317
2.1743 	 0.2423 	 -0.0788 	 -0.6170 	 0.1166 	 -0.1530 	 -0.0038 	 -0.5998 	 0.0918 	 0.9302
2.1844 	 0.2434 	 -0.0803 	 -0.6170 	 0.1105 	 -0.1520 	 0.0055 	 -0.6040 	 0.0977 	 0.9289
2.1944 	 0.2445 	 -0.0818 	 -0.6169 	 0.1044 	 -0.1510 	 0.0148 	 -0.6084 	 0.1035 	 0.9278
2.2044 	 0.2455 	 -0.0833 	 -0.6167 	 0.0983 	 -0.1500 	 0.0241 	 -0.6130 	 0.1092 	 0.9270
2.2144 	 0.2465 	 -0.0848 	 -0.6164 	 0.0922 	 -0.1489 	 0.0334 	 -0.6177 	 0.1148 	 0.9263
2.2244 	 0.2474 	 -0.0863 	 -0.6160 	 0.0860 	 -0.1477 	 0.0427 	 -0.6225 	 0.1202 	 0.9259
2.2345 	 0.2482 	 -0.0878 	 -0.6156 	 0.0797 	 -0.1464 	 0.0520 	 -0.6305 	 0.1266 	 0.9312
2.2445 	 0.2489 	 -0.0892 	 -0.6150 	 0.0733 	 -0.1451 	 0.0613 	 -0.6355 	 0.1318 	 0.9308
2.2545 	 0.2497 	 -0.0907 	 -0.6143 	 0.0669 	 -0.1438 	 0.0706 	 -0.6407 	 0.1369 	 0.9307
2.2645 	 0.2503 	 -0.0921 	 -0.6136 	 0.0605 	 -0.1424 	 0.0799 	 -0.6514 	 0.1411 	 0.9337
2.2745 	 0.2509 	 -0.0935 	 -0.6127 	 0.0539 	 -0.1410 	 0.0893 	 -0.6564 	 0.1461 	 0.9338
2.2846 	 0.2514 	 -0.0949 	 -0.6118 	 0.0473 	 -0.1395 	 0.0987 	 -0.6633 	 0.1462 	 0.9376
2.2946 	 0.2518 	 -0.0963 	 -0.6108 	 0.0407 	 -0.1380 	 0.1081 	 -0.6685 	 0.1517 	 0.9381
2.3046 	 0.2522 	 -0.0977 	 -0.6096 	 0.0339 	 -0.1364 	 0.1175 	 -0.6739 	 0.1572 	 0.9388
2.3146 	 0.2525 	 -0.0991 	 -0.6084 	 0.0272 	 -0.1348 	 0.1269 	 -0.6795 	 0.1627 	 0.9398
2.3246 	 0.2527 	 -0.1004 	 -0.6071 	 0.0203 	 -0.1332 	 0.1363 	 -0.6888 	 0.1698 	 0.9460
2.3347 	 0.2529 	 -0.1017 	 -0.6057 	 0.0134 	 -0.1314 	 0.1458 	 -0.6946 	 0.1751 	 0.9474
2.3447 	 0.2530 	 -0.1030 	 -0.6042 	 0.0064 	 -0.1297 	 0.1553 	 -0.7005 	 0.1804 	 0.9490
2.3547 	 0.2530 	 -0.1043 	 -0.6026 	 -0.0007 	 -0.1278 	 0.1648 	 -0.7067 	 0.1857 	 0.9511
2.3647 	 0.2530 	 -0.1056 	 -0.6009 	 -0.0078 	 -0.1259 	 0.1744 	 -0.7130 	 0.1910 	 0.9536
2.3747 	 0.2529 	 -0.1069 	 -0.5991 	 -0.0150 	 -0.1240 	 0.1839 	 -0.7196 	 0.1963 	 0.9566
2.3848 	 0.2527 	 -0.1081 	 -0.5972 	 -0.0222 	 -0.1220 	 0.1936 	 -0.7295 	 0.2028 	 0.9649
2.3948 	 0.2524 	 -0.1093 	 -0.5952 	 -0.0296 	 -0.1199 	 0.2033 	 -0.7392 	 0.2072 	 0.9798
2.4048 	 0.2521 	 -0.1105 	 -0.5931 	 -0.0371 	 -0.1178 	 0.2132 	 -0.7494 	 0.2144 	 0.9918
2.4148 	 0.2517 	 -0.1117 	 -0.5909 	 -0.0446 	 -0.1157 	 0.2232 	 -0.7548 	 0.2185 	 0.9857
2.4248 	 0.2512 	 -0.1128 	 -0.5886 	 -0.0522 	 -0.1134 	 0.2330 	 -0.7611 	 0.2235 	 0.9854
2.4349 	 0.2506 	 -0.1139 	 -0.5863 	 -0.0599 	 -0.1112 	 0.2429 	 -0.7676 	 0.2286 	 0.9855
2.4449 	 0.2500 	 -0.1150 	 -0.5838 	 -0.0676 	 -0.1089 	 0.2527 	 -0.7719 	 0.2331 	 0.9793
2.4549 	 0.2493 	 -0.1161 	 -0.5812 	 -0.0754 	 -0.1065 	 0.2626 	 -0.7824 	 0.2392 	 0.9896
2.4649 	 0.2485 	 -0.1172 	 -0.5785 	 -0.0832 	 -0.1041 	 0.2726 	 -0.7888 	 0.2443 	 0.9880
2.4749 	 0.2476 	 -0.1182 	 -0.5757 	 -0.0912 	 -0.1016 	 0.2824 	 -0.7956 	 0.2495 	 0.9866
2.4850 	 0.2467 	 -0.1192 	 -0.5728 	 -0.0992 	 -0.0991 	 0.2923 	 -0.8066 	 0.2528 	 0.9897
2.4950 	 0.2456 	 -0.1202 	 -0.5699 	 -0.1073 	 -0.0965 	 0.3022 	 -0.8131 	 0.2587 	 0.9882
2.5050 	 0.2445 	 -0.1211 	 -0.5668 	 -0.1155 	 -0.0939 	 0.3121 	 -0.8198 	 0.2646 	 0.9869
2.5150 	 0.2433 	 -0.1221 	 -0.5636 	 -0.1237 	 -0.0912 	 0.3220 	 -0.8293 	 0.2723 	 0.9977
2.5251 	 0.2420 	 -0.1230 	 -0.5603 	 -0.1321 	 -0.0884 	 0.3320 	 -0.8361 	 0.2781 	 0.9972
2.5351 	 0.2407 	 -0.1238 	 -0.5570 	 -0.1405 	 -0.0856 	 0.3420 	 -0.8430 	 0.2839 	 0.9968
2.5451 	 0.2392 	 -0.1247 	 -0.5535 	 -0.1490 	 -0.0828 	 0.3520 	 -0.8503 	 0.2899 	 0.9966
2.5551 	 0.2377 	 -0.1255 	 -0.5499 	 -0.1575 	 -0.0798 	 0.3620 	 -0.8578 	 0.2960 	 0.9966
2.5651 	 0.2361 	 -0.1263 	 -0.5462 	 -0.1662 	 -0.0768 	 0.3720 	 -0.8675 	 0.3015 	 1.0022
2.5752 	 0.2343 	 -0.1270 	 -0.5424 	 -0.1749 	 -0.0738 	 0.3821 	 -0.8786 	 0.3065 	 1.0109
2.5852 	 0.2325 	 -0.1278 	 -0.5386 	 -0.1838 	 -0.0707 	 0.3923 	 -0.8885 	 0.3135 	 1.0141
2.5952 	 0.2307 	 -0.1285 	 -0.5346 	 -0.1927 	 -0.0675 	 0.4024 	 -0.8966 	 0.3217 	 1.0172
2.6052 	 0.2287 	 -0.1291 	 -0.5305 	 -0.2017 	 -0.0642 	 0.4126 	 -0.9021 	 0.3284 	 1.0136
2.6152 	 0.2266 	 -0.1297 	 -0.5263 	 -0.2108 	 -0.0609 	 0.4227 	 -0.9077 	 0.3353 	 1.0098
2.6253 	 0.2245 	 -0.1303 	 -0.5220 	 -0.2199 	 -0.0575 	 0.4328 	 -0.9135 	 0.3424 	 1.0056
2.6353 	 0.2222 	 -0.1309 	 -0.5176 	 -0.2291 	 -0.0541 	 0.4429 	 -0.9195 	 0.3498 	 1.0011
2.6453 	 0.2199 	 -0.1314 	 -0.5132 	 -0.2384 	 -0.0505 	 0.4529 	 -0.9258 	 0.3574 	 0.9963
2.6553 	 0.2174 	 -0.1319 	 -0.5086 	 -0.2477 	 -0.0469 	 0.4629 	 -0.9392 	 0.3628 	 0.9957
2.6653 	 0.2149 	 -0.1324 	 -0.5039 	 -0.2571 	 -0.0432 	 0.4728 	 -0.9445 	 0.3763 	 0.9915
2.6754 	 0.2123 	 -0.1328 	 -0.4991 	 -0.2666 	 -0.0394 	 0.4827 	 -0.9553 	 0.3815 	 0.9845
2.6854 	 0.2096 	 -0.1331 	 -0.4942 	 -0.2762 	 -0.0355 	 0.4926 	 -0.9602 	 0.3904 	 0.9757
2.6954 	 0.2067 	 -0.1335 	 -0.4892 	 -0.2859 	 -0.0316 	 0.5023 	 -0.9652 	 0.3997 	 0.9664
2.7054 	 0.2038 	 -0.1338 	 -0.4841 	 -0.2956 	 -0.0275 	 0.5119 	 -0.9703 	 0.4094 	 0.9564
2.7154 	 0.2008 	 -0.1340 	 -0.4790 	 -0.3054 	 -0.0234 	 0.5215 	 -0.9782 	 0.4209 	 0.9503
2.7255 	 0.1977 	 -0.1342 	 -0.4737 	 -0.3152 	 -0.0191 	 0.5309 	 -0.9829 	 0.4321 	 0.9316
2.7355 	 0.1945 	 -0.1344 	 -0.4683 	 -0.3251 	 -0.0147 	 0.5402 	 -0.9943 	 0.4419 	 0.9254
2.7455 	 0.1912 	 -0.1345 	 -0.4629 	 -0.3351 	 -0.0102 	 0.5494 	 -0.9961 	 0.4517 	 0.9081
2.7555 	 0.1878 	 -0.1346 	 -0.4573 	 -0.3450 	 -0.0056 	 0.5584 	 -0.9974 	 0.4614 	 0.8893
2.7655 	 0.1843 	 -0.1347 	 -0.4517 	 -0.3550 	 -0.0010 	 0.5672 	 -0.9980 	 0.4709 	 0.8688
2.7756 	 0.1807 	 -0.1346 	 -0.4459 	 -0.3650 	 0.0038 	 0.5758 	 -0.9980 	 0.4801 	 0.8465
2.7856 	 0.1770 	 -0.1346 	 -0.4401 	 -0.3750 	 0.0087 	 0.5842 	 -0.9972 	 0.4887 	 0.8220
2.7956 	 0.1732 	 -0.1345 	 -0.4342 	 -0.3850 	 0.0136 	 0.5923 	 -0.9955 	 0.4966 	 0.7953
2.8056 	 0.1692 	 -0.1343 	 -0.4283 	 -0.3950 	 0.0186 	 0.6001 	 -0.9930 	 0.5034 	 0.7662
2.8156 	 0.1652 	 -0.1341 	 -0.4222 	 -0.4049 	 0.0237 	 0.6077 	 -0.9912 	 0.5103 	 0.7397
2.8257 	 0.1611 	 -0.1338 	 -0.4161 	 -0.4148 	 0.0288 	 0.6149 	 -0.9866 	 0.5138 	 0.7035
2.8357 	 0.1569 	 -0.1335 	 -0.4099 	 -0.4247 	 0.0339 	 0.6218 	 -0.9832 	 0.5121 	 0.6661
2.8457 	 0.1526 	 -0.1331 	 -0.4036 	 -0.4345 	 0.0391 	 0.6282 	 -0.9751 	 0.5136 	 0.6191
2.8557 	 0.1482 	 -0.1327 	 -0.3973 	 -0.4443 	 0.0442 	 0.6343 	 -0.9633 	 0.5158 	 0.5783
2.8657 	 0.1437 	 -0.1323 	 -0.3909 	 -0.4538 	 0.0494 	 0.6398 	 -0.9474 	 0.5165 	 0.5266
2.8758 	 0.1391 	 -0.1317 	 -0.3845 	 -0.4632 	 0.0546 	 0.6449 	 -0.9227 	 0.5170 	 0.4784
2.8858 	 0.1344 	 -0.1312 	 -0.3780 	 -0.4723 	 0.0598 	 0.6494 	 -0.8968 	 0.5164 	 0.4342
2.8958 	 0.1297 	 -0.1305 	 -0.3715 	 -0.4812 	 0.0650 	 0.6536 	 -0.8710 	 0.5156 	 0.3967
2.9058 	 0.1248 	 -0.1299 	 -0.3649 	 -0.4898 	 0.0701 	 0.6574 	 -0.8413 	 0.5137 	 0.3550
2.9158 	 0.1198 	 -0.1291 	 -0.3583 	 -0.4980 	 0.0753 	 0.6608 	 -0.8091 	 0.5146 	 0.3205
2.9259 	 0.1148 	 -0.1284 	 -0.3517 	 -0.5060 	 0.0804 	 0.6638 	 -0.7757 	 0.5099 	 0.2834
2.9359 	 0.1097 	 -0.1275 	 -0.3450 	 -0.5136 	 0.0855 	 0.6665 	 -0.7393 	 0.5102 	 0.2504
2.9459 	 0.1045 	 -0.1266 	 -0.3383 	 -0.5208 	 0.0906 	 0.6688 	 -0.6984 	 0.5121 	 0.2137
2.9559 	 0.0993 	 -0.1257 	 -0.3316 	 -0.5276 	 0.0957 	 0.6707 	 -0.6566 	 0.5070 	 0.1765
2.9659 	 0.0940 	 -0.1247 	 -0.3249 	 -0.5339 	 0.1008 	 0.6724 	 -0.6126 	 0.5025 	 0.1445
2.9760 	 0.0886 	 -0.1237 	 -0.3181 	 -0.5399 	 0.1058 	 0.6736 	 -0.5692 	 0.4963 	 0.1058
2.9860 	 0.0831 	 -0.1226 	 -0.3114 	 -0.5453 	 0.1107 	 0.6745 	 -0.5258 	 0.4900 	 0.0679
2.9960 	 0.0777 	 -0.1215 	 -0.3046 	 -0.5504 	 0.1156 	 0.6750 	 -0.4818 	 0.4849 	 0.0311
3.0060 	 0.0721 	 -0.1203 	 -0.2979 	 -0.5550 	 0.1205 	 0.6751 	 -0.4374 	 0.4762 	 -0.0033
3.0160 	 0.0665 	 -0.1191 	 -0.2911 	 -0.5591 	 0.1252 	 0.6749 	 -0.3892 	 0.4760 	 -0.0377
3.0261 	 0.0609 	 -0.1178 	 -0.2843 	 -0.5628 	 0.1300 	 0.6744 	 -0.3389 	 0.4792 	 -0.0657
3.0361 	 0.0553 	 -0.1164 	 -0.2776 	 -0.5659 	 0.1348 	 0.6735 	 -0.2915 	 0.4777 	 -0.1026
3.0461 	 0.0496 	 -0.1151 	 -0.2708 	 -0.5686 	 0.1396 	 0.6723 	 -0.2390 	 0.4776 	 -0.1402
3.0561 	 0.0439 	 -0.1137 	 -0.2641 	 -0.5707 	 0.1444 	 0.6707 	 -0.1920 	 0.4735 	 -0.1793
3.0661 	 0.0381 	 -0.1122 	 -0.2574 	 -0.5724 	 0.1491 	 0.6687 	 -0.1390 	 0.4715 	 -0.2224
3.0762 	 0.0324 	 -0.1107 	 -0.2507 	 -0.5735 	 0.1538 	 0.6663 	 -0.0835 	 0.4685 	 -0.2702
3.0862 	 0.0267 	 -0.1091 	 -0.2441 	 -0.5740 	 0.1585 	 0.6633 	 -0.0250 	 0.4627 	 -0.3314
3.0962 	 0.0209 	 -0.1075 	 -0.2374 	 -0.5739 	 0.1633 	 0.6594 	 0.0638 	 0.4971 	 -0.4171
3.1062 	 0.0152 	 -0.1058 	 -0.2308 	 -0.5728 	 0.1683 	 0.6550 	 0.1396 	 0.4946 	 -0.4727
3.1162 	 0.0094 	 -0.1041 	 -0.2243 	 -0.5710 	 0.1731 	 0.6499 	 0.2211 	 0.4791 	 -0.5356
3.1263 	 0.0037 	 -0.1024 	 -0.2178 	 -0.5684 	 0.1778 	 0.6442 	 0.3079 	 0.4527 	 -0.5977
3.1363 	 -0.0020 	 -0.1006 	 -0.2114 	 -0.5649 	 0.1822 	 0.6380 	 0.3969 	 0.4192 	 -0.6540
3.1463 	 -0.0076 	 -0.0987 	 -0.2050 	 -0.5604 	 0.1862 	 0.6312 	 0.4862 	 0.3820 	 -0.7018
3.1563 	 -0.0132 	 -0.0968 	 -0.1988 	 -0.5551 	 0.1898 	 0.6239 	 0.5719 	 0.3462 	 -0.7359
3.1663 	 -0.0187 	 -0.0949 	 -0.1925 	 -0.5490 	 0.1931 	 0.6164 	 0.6465 	 0.3085 	 -0.7740
3.1764 	 -0.0242 	 -0.0930 	 -0.1864 	 -0.5422 	 0.1960 	 0.6084 	 0.7054 	 0.2707 	 -0.8043
3.1864 	 -0.0296 	 -0.0910 	 -0.1803 	 -0.5349 	 0.1986 	 0.6002 	 0.7475 	 0.2363 	 -0.8395
3.1964 	 -0.0349 	 -0.0890 	 -0.1744 	 -0.5273 	 0.2008 	 0.5917 	 0.7833 	 0.2061 	 -0.8588
3.2064 	 -0.0401 	 -0.0870 	 -0.1685 	 -0.5192 	 0.2027 	 0.5830 	 0.8170 	 0.1791 	 -0.8781
3.2164 	 -0.0453 	 -0.0849 	 -0.1627 	 -0.5109 	 0.2044 	 0.5741 	 0.8503 	 0.1492 	 -0.9053
3.2265 	 -0.0504 	 -0.0829 	 -0.1570 	 -0.5023 	 0.2057 	 0.5650 	 0.8696 	 0.1189 	 -0.9091
3.2365 	 -0.0554 	 -0.0808 	 -0.1514 	 -0.4935 	 0.2067 	 0.5559 	 0.8837 	 0.0903 	 -0.9152
3.2465 	 -0.0603 	 -0.0787 	 -0.1459 	 -0.4846 	 0.2075 	 0.5466 	 0.8967 	 0.0648 	 -0.9230
3.2565 	 -0.0651 	 -0.0766 	 -0.1404 	 -0.4755 	 0.2081 	 0.5374 	 0.9086 	 0.0424 	 -0.9287
3.2665 	 -0.0698 	 -0.0746 	 -0.1351 	 -0.4664 	 0.2084 	 0.5280 	 0.9148 	 0.0200 	 -0.9301
3.2766 	 -0.0744 	 -0.0725 	 -0.1298 	 -0.4571 	 0.2085 	 0.5187 	 0.9244 	 0.0004 	 -0.9334
3.2866 	 -0.0790 	 -0.0704 	 -0.1247 	 -0.4479 	 0.2084 	 0.5094 	 0.9274 	 -0.0160 	 -0.9334
3.2966 	 -0.0834 	 -0.0683 	 -0.1196 	 -0.4386 	 0.2082 	 0.5000 	 0.9344 	 -0.0334 	 -0.9290
3.3066 	 -0.0877 	 -0.0662 	 -0.1147 	 -0.4292 	 0.2077 	 0.4907 	 0.9415 	 -0.0502 	 -0.9308
3.3166 	 -0.0920 	 -0.0641 	 -0.1098 	 -0.4198 	 0.2071 	 0.4815 	 0.9397 	 -0.0671 	 -0.9218
3.3267 	 -0.0962 	 -0.0621 	 -0.1050 	 -0.4103 	 0.2065 	 0.4723 	 0.9462 	 -0.0757 	 -0.9136
3.3367 	 -0.1002 	 -0.0600 	 -0.1003 	 -0.4008 	 0.2056 	 0.4632 	 0.9503 	 -0.0900 	 -0.9135
3.3467 	 -0.1042 	 -0.0579 	 -0.0957 	 -0.3913 	 0.2046 	 0.4540 	 0.9488 	 -0.1061 	 -0.9081
3.3567 	 -0.1081 	 -0.0559 	 -0.0912 	 -0.3818 	 0.2035 	 0.4450 	 0.9509 	 -0.1191 	 -0.8997
3.3667 	 -0.1118 	 -0.0539 	 -0.0868 	 -0.3723 	 0.2022 	 0.4360 	 0.9471 	 -0.1329 	 -0.8884
3.3768 	 -0.1155 	 -0.0518 	 -0.0825 	 -0.3628 	 0.2008 	 0.4272 	 0.9458 	 -0.1406 	 -0.8787
3.3868 	 -0.1191 	 -0.0498 	 -0.0783 	 -0.3533 	 0.1994 	 0.4185 	 0.9424 	 -0.1505 	 -0.8606
3.3968 	 -0.1226 	 -0.0478 	 -0.0741 	 -0.3439 	 0.1978 	 0.4099 	 0.9388 	 -0.1659 	 -0.8544
3.4068 	 -0.1260 	 -0.0459 	 -0.0700 	 -0.3345 	 0.1961 	 0.4014 	 0.9328 	 -0.1757 	 -0.8452
3.4168 	 -0.1293 	 -0.0439 	 -0.0661 	 -0.3252 	 0.1943 	 0.3930 	 0.9280 	 -0.1867 	 -0.8329
3.4269 	 -0.1325 	 -0.0420 	 -0.0622 	 -0.3159 	 0.1923 	 0.3847 	 0.9270 	 -0.1966 	 -0.8257
3.4369 	 -0.1356 	 -0.0401 	 -0.0584 	 -0.3066 	 0.1903 	 0.3764 	 0.9261 	 -0.2063 	 -0.8190
3.4469 	 -0.1387 	 -0.0382 	 -0.0546 	 -0.2973 	 0.1882 	 0.3682 	 0.9297 	 -0.2171 	 -0.8168
3.4569 	 -0.1416 	 -0.0363 	 -0.0510 	 -0.2880 	 0.1860 	 0.3600 	 0.9272 	 -0.2212 	 -0.8151
3.4669 	 -0.1444 	 -0.0344 	 -0.0474 	 -0.2787 	 0.1838 	 0.3519 	 0.9261 	 -0.2295 	 -0.8098
3.4770 	 -0.1472 	 -0.0326 	 -0.0439 	 -0.2694 	 0.1814 	 0.3438 	 0.9294 	 -0.2366 	 -0.8095
3.4870 	 -0.1498 	 -0.0308 	 -0.0405 	 -0.2601 	 0.1790 	 0.3357 	 0.9284 	 -0.2447 	 -0.8049
3.4970 	 -0.1524 	 -0.0290 	 -0.0372 	 -0.2508 	 0.1765 	 0.3276 	 0.9273 	 -0.2525 	 -0.8009
3.5070 	 -0.1549 	 -0.0273 	 -0.0340 	 -0.2415 	 0.1739 	 0.3196 	 0.9261 	 -0.2601 	 -0.7972
3.5170 	 -0.1572 	 -0.0255 	 -0.0308 	 -0.2323 	 0.1713 	 0.3117 	 0.9249 	 -0.2675 	 -0.7940
3.5271 	 -0.1595 	 -0.0238 	 -0.0277 	 -0.2230 	 0.1686 	 0.3038 	 0.9247 	 -0.2755 	 -0.7853
3.5371 	 -0.1617 	 -0.0222 	 -0.0247 	 -0.2138 	 0.1658 	 0.2960 	 0.9186 	 -0.2820 	 -0.7787
3.5471 	 -0.1638 	 -0.0205 	 -0.0218 	 -0.2046 	 0.1630 	 0.2882 	 0.9174 	 -0.2825 	 -0.7723
3.5571 	 -0.1658 	 -0.0189 	 -0.0189 	 -0.1954 	 0.1601 	 0.2805 	 0.9155 	 -0.2877 	 -0.7702
3.5671 	 -0.1677 	 -0.0173 	 -0.0162 	 -0.1862 	 0.1572 	 0.2728 	 0.9136 	 -0.2928 	 -0.7684
3.5772 	 -0.1695 	 -0.0157 	 -0.0135 	 -0.1771 	 0.1542 	 0.2651 	 0.9115 	 -0.2978 	 -0.7668
3.5872 	 -0.1713 	 -0.0142 	 -0.0108 	 -0.1680 	 0.1512 	 0.2574 	 0.9061 	 -0.3013 	 -0.7596
3.5972 	 -0.1729 	 -0.0127 	 -0.0083 	 -0.1589 	 0.1482 	 0.2498 	 0.9034 	 -0.3056 	 -0.7573
3.6072 	 -0.1744 	 -0.0112 	 -0.0058 	 -0.1499 	 0.1451 	 0.2422 	 0.9006 	 -0.3099 	 -0.7553
3.6172 	 -0.1759 	 -0.0098 	 -0.0034 	 -0.1408 	 0.1420 	 0.2347 	 0.8980 	 -0.3140 	 -0.7536
3.6273 	 -0.1773 	 -0.0084 	 -0.0011 	 -0.1319 	 0.1388 	 0.2271 	 0.8954 	 -0.3181 	 -0.7522
3.6373 	 -0.1785 	 -0.0070 	 0.0011 	 -0.1229 	 0.1356 	 0.2196 	 0.8964 	 -0.3230 	 -0.7562
3.6473 	 -0.1797 	 -0.0057 	 0.0033 	 -0.1139 	 0.1324 	 0.2120 	 0.8921 	 -0.3249 	 -0.7608
3.6573 	 -0.1808 	 -0.0044 	 0.0054 	 -0.1050 	 0.1291 	 0.2044 	 0.8892 	 -0.3285 	 -0.7602
3.6673 	 -0.1818 	 -0.0031 	 0.0074 	 -0.0961 	 0.1258 	 0.1968 	 0.8864 	 -0.3320 	 -0.7599
3.6774 	 -0.1828 	 -0.0019 	 0.0093 	 -0.0872 	 0.1224 	 0.1891 	 0.8859 	 -0.3362 	 -0.7656
3.6874 	 -0.1836 	 -0.0006 	 0.0112 	 -0.0784 	 0.1191 	 0.1816 	 0.8800 	 -0.3383 	 -0.7538
3.6974 	 -0.1843 	 0.0005 	 0.0129 	 -0.0696 	 0.1157 	 0.1741 	 0.8639 	 -0.3368 	 -0.7380
3.7074 	 -0.1850 	 0.0017 	 0.0146 	 -0.0610 	 0.1123 	 0.1667 	 0.8595 	 -0.3396 	 -0.7363
3.7174 	 -0.1856 	 0.0028 	 0.0163 	 -0.0524 	 0.1089 	 0.1593 	 0.8554 	 -0.3423 	 -0.7348
3.7275 	 -0.1860 	 0.0039 	 0.0178 	 -0.0439 	 0.1054 	 0.1520 	 0.8514 	 -0.3451 	 -0.7337
3.7375 	 -0.1864 	 0.0049 	 0.0193 	 -0.0354 	 0.1020 	 0.1446 	 0.8476 	 -0.3479 	 -0.7328
3.7475 	 -0.1867 	 0.0059 	 0.0207 	 -0.0269 	 0.0985 	 0.1373 	 0.8439 	 -0.3507 	 -0.7322
3.7575 	 -0.1870 	 0.0069 	 0.0221 	 -0.0184 	 0.0949 	 0.1299 	 0.8439 	 -0.3555 	 -0.7365
3.7675 	 -0.1871 	 0.0078 	 0.0233 	 -0.0100 	 0.0913 	 0.1225 	 0.8404 	 -0.3582 	 -0.7361
3.7776 	 -0.1872 	 0.0087 	 0.0245 	 -0.0016 	 0.0877 	 0.1152 	 0.8371 	 -0.3610 	 -0.7360
3.7876 	 -0.1871 	 0.0096 	 0.0256 	 0.0068 	 0.0841 	 0.1078 	 0.8339 	 -0.3639 	 -0.7362
3.7976 	 -0.1870 	 0.0104 	 0.0267 	 0.0151 	 0.0805 	 0.1005 	 0.8176 	 -0.3618 	 -0.7218
3.8076 	 -0.1868 	 0.0112 	 0.0277 	 0.0233 	 0.0768 	 0.0932 	 0.8132 	 -0.3640 	 -0.7205
3.8176 	 -0.1866 	 0.0119 	 0.0286 	 0.0314 	 0.0732 	 0.0860 	 0.8065 	 -0.3604 	 -0.7194
3.8277 	 -0.1862 	 0.0126 	 0.0294 	 0.0394 	 0.0696 	 0.0788 	 0.7985 	 -0.3611 	 -0.7140
3.8377 	 -0.1858 	 0.0133 	 0.0301 	 0.0474 	 0.0659 	 0.0717 	 0.7948 	 -0.3638 	 -0.7135
3.8477 	 -0.1853 	 0.0140 	 0.0308 	 0.0553 	 0.0623 	 0.0645 	 0.7912 	 -0.3666 	 -0.7133
3.8577 	 -0.1847 	 0.0146 	 0.0314 	 0.0632 	 0.0586 	 0.0574 	 0.7842 	 -0.3675 	 -0.7077
3.8677 	 -0.1840 	 0.0151 	 0.0320 	 0.0710 	 0.0549 	 0.0504 	 0.7719 	 -0.3672 	 -0.6973
3.8778 	 -0.1832 	 0.0157 	 0.0324 	 0.0788 	 0.0512 	 0.0434 	 0.7680 	 -0.3698 	 -0.6965
3.8878 	 -0.1824 	 0.0162 	 0.0328 	 0.0864 	 0.0475 	 0.0364 	 0.7644 	 -0.3725 	 -0.6959
3.8978 	 -0.1815 	 0.0166 	 0.0332 	 0.0941 	 0.0437 	 0.0294 	 0.7609 	 -0.3752 	 -0.6957
3.9078 	 -0.1805 	 0.0170 	 0.0334 	 0.1016 	 0.0400 	 0.0225 	 0.7520 	 -0.3700 	 -0.6925
3.9178 	 -0.1795 	 0.0174 	 0.0336 	 0.1092 	 0.0363 	 0.0156 	 0.7479 	 -0.3720 	 -0.6929
3.9279 	 -0.1783 	 0.0178 	 0.0337 	 0.1166 	 0.0326 	 0.0087 	 0.7407 	 -0.3724 	 -0.6878
3.9379 	 -0.1771 	 0.0181 	 0.0338 	 0.1240 	 0.0288 	 0.0018 	 0.7374 	 -0.3747 	 -0.6878
3.9479 	 -0.1759 	 0.0183 	 0.0338 	 0.1314 	 0.0251 	 -0.0051 	 0.7345 	 -0.3770 	 -0.6881
3.9579 	 -0.1745 	 0.0186 	 0.0337 	 0.1387 	 0.0213 	 -0.0120 	 0.7358 	 -0.3800 	 -0.6924
3.9679 	 -0.1731 	 0.0188 	 0.0335 	 0.1461 	 0.0174 	 -0.0190 	 0.7331 	 -0.3820 	 -0.6943
3.9780 	 -0.1716 	 0.0189 	 0.0333 	 0.1534 	 0.0136 	 -0.0259 	 0.7241 	 -0.3834 	 -0.6921
3.9880 	 -0.1700 	 0.0190 	 0.0330 	 0.1607 	 0.0097 	 -0.0329 	 0.7247 	 -0.3878 	 -0.6980
3.9980 	 -0.1684 	 0.0191 	 0.0327 	 0.1679 	 0.0058 	 -0.0399 	 0.7315 	 -0.3940 	 -0.7144
4.0080 	 -0.1666 	 0.0192 	 0.0322 	 0.1753 	 0.0019 	 -0.0471 	 0.7302 	 -0.3968 	 -0.7196
4.0180 	 -0.1648 	 0.0192 	 0.0317 	 0.1826 	 -0.0021 	 -0.0543 	 0.7270 	 -0.3975 	 -0.7188
4.0281 	 -0.1630 	 0.0191 	 0.0311 	 0.1898 	 -0.0061 	 -0.0615 	 0.7240 	 -0.3982 	 -0.7183
4.0381 	 -0.1610 	 0.0190 	 0.0305 	 0.1971 	 -0.0101 	 -0.0687 	 0.7247 	 -0.4027 	 -0.7145
4.0481 	 -0.1590 	 0.0189 	 0.0298 	 0.2044 	 -0.0142 	 -0.0759 	 0.7231 	 -0.4026 	 -0.7055
4.0581 	 -0.1570 	 0.0187 	 0.0290 	 0.2116 	 -0.0182 	 -0.0829 	 0.7209 	 -0.4025 	 -0.7057
4.0681 	 -0.1548 	 0.0185 	 0.0281 	 0.2188 	 -0.0222 	 -0.0900 	 0.7189 	 -0.4024 	 -0.7062
4.0782 	 -0.1526 	 0.0183 	 0.0272 	 0.2260 	 -0.0263 	 -0.0971 	 0.7172 	 -0.4022 	 -0.7070
4.0882 	 -0.1503 	 0.0180 	 0.0261 	 0.2332 	 -0.0303 	 -0.1042 	 0.7158 	 -0.4019 	 -0.7082
4.0982 	 -0.1479 	 0.0177 	 0.0251 	 0.2404 	 -0.0343 	 -0.1113 	 0.7181 	 -0.4033 	 -0.7144
4.1082 	 -0.1454 	 0.0173 	 0.0239 	 0.2475 	 -0.0383 	 -0.1184 	 0.7167 	 -0.4026 	 -0.7155
4.1182 	 -0.1429 	 0.0169 	 0.0227 	 0.2547 	 -0.0424 	 -0.1256 	 0.7194 	 -0.3993 	 -0.7212
4.1283 	 -0.1403 	 0.0165 	 0.0214 	 0.2619 	 -0.0464 	 -0.1329 	 0.7181 	 -0.3988 	 -0.7227
4.1383 	 -0.1377 	 0.0160 	 0.0200 	 0.2691 	 -0.0504 	 -0.1401 	 0.7191 	 -0.4012 	 -0.7294
4.1483 	 -0.1350 	 0.0155 	 0.0186 	 0.2763 	 -0.0544 	 -0.1474 	 0.7181 	 -0.4002 	 -0.7311
4.1583 	 -0.1321 	 0.0149 	 0.0171 	 0.2835 	 -0.0584 	 -0.1548 	 0.7197 	 -0.4004 	 -0.7374
4.1683 	 -0.1293 	 0.0143 	 0.0155 	 0.2907 	 -0.0624 	 -0.1622 	 0.7186 	 -0.3991 	 -0.7383
4.1784 	 -0.1263 	 0.0137 	 0.0138 	 0.2980 	 -0.0664 	 -0.1697 	 0.7257 	 -0.3995 	 -0.7470
4.1884 	 -0.1233 	 0.0130 	 0.0121 	 0.3053 	 -0.0704 	 -0.1772 	 0.7270 	 -0.3999 	 -0.7525
4.1984 	 -0.1202 	 0.0122 	 0.0103 	 0.3126 	 -0.0744 	 -0.1847 	 0.7251 	 -0.3982 	 -0.7531
4.2084 	 -0.1170 	 0.0115 	 0.0084 	 0.3198 	 -0.0784 	 -0.1923 	 0.7252 	 -0.3960 	 -0.7589
4.2184 	 -0.1138 	 0.0107 	 0.0064 	 0.3271 	 -0.0824 	 -0.1999 	 0.7233 	 -0.3944 	 -0.7590
4.2285 	 -0.1105 	 0.0098 	 0.0044 	 0.3343 	 -0.0863 	 -0.2075 	 0.7216 	 -0.3928 	 -0.7593
4.2385 	 -0.1071 	 0.0089 	 0.0023 	 0.3416 	 -0.0902 	 -0.2152 	 0.7200 	 -0.3911 	 -0.7598
4.2485 	 -0.1036 	 0.0080 	 0.0001 	 0.3488 	 -0.0941 	 -0.2228 	 0.7187 	 -0.3895 	 -0.7606
4.2585 	 -0.1001 	 0.0071 	 -0.0022 	 0.3560 	 -0.0980 	 -0.2304 	 0.7176 	 -0.3879 	 -0.7617
4.2685 	 -0.0965 	 0.0061 	 -0.0046 	 0.3631 	 -0.1019 	 -0.2380 	 0.7166 	 -0.3863 	 -0.7631
4.2786 	 -0.0928 	 0.0050 	 -0.0070 	 0.3703 	 -0.1058 	 -0.2457 	 0.7160 	 -0.3848 	 -0.7649
4.2886 	 -0.0891 	 0.0039 	 -0.0095 	 0.3775 	 -0.1096 	 -0.2534 	 0.7184 	 -0.3851 	 -0.7723
4.2986 	 -0.0853 	 0.0028 	 -0.0121 	 0.3847 	 -0.1135 	 -0.2611 	 0.7180 	 -0.3835 	 -0.7747
4.3086 	 -0.0814 	 0.0017 	 -0.0147 	 0.3919 	 -0.1173 	 -0.2690 	 0.7262 	 -0.3879 	 -0.7932
4.3186 	 -0.0774 	 0.0005 	 -0.0174 	 0.3992 	 -0.1212 	 -0.2770 	 0.7278 	 -0.3876 	 -0.8003
4.3287 	 -0.0734 	 -0.0008 	 -0.0203 	 0.4065 	 -0.1251 	 -0.2851 	 0.7351 	 -0.3905 	 -0.8182
4.3387 	 -0.0693 	 -0.0020 	 -0.0232 	 0.4139 	 -0.1290 	 -0.2933 	 0.7376 	 -0.3843 	 -0.8236
4.3487 	 -0.0651 	 -0.0034 	 -0.0261 	 0.4214 	 -0.1329 	 -0.3016 	 0.7439 	 -0.3853 	 -0.8313
4.3587 	 -0.0608 	 -0.0047 	 -0.0292 	 0.4288 	 -0.1368 	 -0.3100 	 0.7482 	 -0.3869 	 -0.8492
4.3687 	 -0.0565 	 -0.0061 	 -0.0324 	 0.4363 	 -0.1406 	 -0.3186 	 0.7453 	 -0.3813 	 -0.8494
4.3788 	 -0.0521 	 -0.0075 	 -0.0356 	 0.4438 	 -0.1444 	 -0.3271 	 0.7443 	 -0.3767 	 -0.8548
4.3888 	 -0.0476 	 -0.0090 	 -0.0389 	 0.4512 	 -0.1482 	 -0.3356 	 0.7403 	 -0.3747 	 -0.8503
4.3988 	 -0.0430 	 -0.0105 	 -0.0423 	 0.4586 	 -0.1519 	 -0.3441 	 0.7336 	 -0.3657 	 -0.8438
4.4088 	 -0.0384 	 -0.0120 	 -0.0458 	 0.4659 	 -0.1555 	 -0.3526 	 0.7273 	 -0.3575 	 -0.8432
4.4188 	 -0.0337 	 -0.0136 	 -0.0494 	 0.4732 	 -0.1591 	 -0.3611 	 0.7255 	 -0.3498 	 -0.8524
4.4289 	 -0.0289 	 -0.0152 	 -0.0530 	 0.4805 	 -0.1625 	 -0.3696 	 0.7199 	 -0.3363 	 -0.8501
4.4389 	 -0.0241 	 -0.0169 	 -0.0568 	 0.4876 	 -0.1658 	 -0.3781 	 0.7125 	 -0.3230 	 -0.8463
4.4489 	 -0.0191 	 -0.0185 	 -0.0606 	 0.4947 	 -0.1690 	 -0.3865 	 0.6984 	 -0.3137 	 -0.8422
4.4589 	 -0.0141 	 -0.0202 	 -0.0645 	 0.5016 	 -0.1721 	 -0.3950 	 0.6833 	 -0.3042 	 -0.8372
4.4689 	 -0.0091 	 -0.0220 	 -0.0685 	 0.5084 	 -0.1751 	 -0.4033 	 0.6723 	 -0.2909 	 -0.8338
4.4790 	 -0.0040 	 -0.0238 	 -0.0726 	 0.5151 	 -0.1780 	 -0.4116 	 0.6564 	 -0.2798 	 -0.8275
4.4890 	 0.0012 	 -0.0256 	 -0.0768 	 0.5216 	 -0.1807 	 -0.4199 	 0.6394 	 -0.2681 	 -0.8200
4.4990 	 0.0065 	 -0.0274 	 -0.0810 	 0.5279 	 -0.1834 	 -0.4281 	 0.6227 	 -0.2578 	 -0.8166
4.5090 	 0.0118 	 -0.0292 	 -0.0854 	 0.5340 	 -0.1859 	 -0.4363 	 0.6021 	 -0.2449 	 -0.8063
4.5190 	 0.0172 	 -0.0311 	 -0.0898 	 0.5399 	 -0.1883 	 -0.4443 	 0.5795 	 -0.2320 	 -0.7952
4.5291 	 0.0226 	 -0.0330 	 -0.0943 	 0.5456 	 -0.1905 	 -0.4522 	 0.5561 	 -0.2213 	 -0.7883
4.5391 	 0.0281 	 -0.0349 	 -0.0988 	 0.5511 	 -0.1927 	 -0.4601 	 0.5295 	 -0.2090 	 -0.7746
4.5491 	 0.0337 	 -0.0369 	 -0.1035 	 0.5562 	 -0.1947 	 -0.4678 	 0.4972 	 -0.2021 	 -0.7580
4.5591 	 0.0393 	 -0.0388 	 -0.1082 	 0.5611 	 -0.1967 	 -0.4753 	 0.4714 	 -0.1974 	 -0.7432
4.5691 	 0.0449 	 -0.0408 	 -0.1130 	 0.5656 	 -0.1987 	 -0.4826 	 0.4389 	 -0.1878 	 -0.7273
4.5792 	 0.0506 	 -0.0428 	 -0.1179 	 0.5699 	 -0.2005 	 -0.4899 	 0.4074 	 -0.1772 	 -0.7169
4.5892 	 0.0563 	 -0.0448 	 -0.1228 	 0.5738 	 -0.2022 	 -0.4970 	 0.3738 	 -0.1714 	 -0.7044
4.5992 	 0.0621 	 -0.0469 	 -0.1278 	 0.5774 	 -0.2039 	 -0.5040 	 0.3355 	 -0.1630 	 -0.6855
4.6092 	 0.0679 	 -0.0489 	 -0.1329 	 0.5805 	 -0.2055 	 -0.5108 	 0.2947 	 -0.1545 	 -0.6660
4.6192 	 0.0737 	 -0.0510 	 -0.1381 	 0.5833 	 -0.2070 	 -0.5173 	 0.2510 	 -0.1455 	 -0.6463
4.6293 	 0.0796 	 -0.0531 	 -0.1433 	 0.5855 	 -0.2084 	 -0.5237 	 0.2034 	 -0.1366 	 -0.6205
4.6393 	 0.0855 	 -0.0551 	 -0.1486 	 0.5873 	 -0.2097 	 -0.5298 	 0.1513 	 -0.1266 	 -0.6014
4.6493 	 0.0914 	 -0.0573 	 -0.1539 	 0.5886 	 -0.2109 	 -0.5358 	 0.0940 	 -0.1154 	 -0.5802
4.6593 	 0.0973 	 -0.0594 	 -0.1593 	 0.5892 	 -0.2120 	 -0.5414 	 0.0363 	 -0.1000 	 -0.5545
4.6693 	 0.1032 	 -0.0615 	 -0.1648 	 0.5893 	 -0.2129 	 -0.5469 	 -0.0147 	 -0.0822 	 -0.5307
4.6794 	 0.1091 	 -0.0636 	 -0.1703 	 0.5889 	 -0.2137 	 -0.5521 	 -0.0627 	 -0.0667 	 -0.5132
4.6894 	 0.1150 	 -0.0658 	 -0.1758 	 0.5880 	 -0.2143 	 -0.5572 	 -0.1117 	 -0.0537 	 -0.4989
4.6994 	 0.1208 	 -0.0679 	 -0.1814 	 0.5867 	 -0.2148 	 -0.5621 	 -0.1607 	 -0.0363 	 -0.4867
4.7094 	 0.1267 	 -0.0701 	 -0.1871 	 0.5848 	 -0.2151 	 -0.5669 	 -0.2140 	 -0.0257 	 -0.4721
4.7194 	 0.1326 	 -0.0722 	 -0.1928 	 0.5824 	 -0.2153 	 -0.5716 	 -0.2675 	 -0.0129 	 -0.4620
4.7295 	 0.1384 	 -0.0744 	 -0.1985 	 0.5794 	 -0.2153 	 -0.5761 	 -0.3235 	 -0.0016 	 -0.4452
4.7395 	 0.1442 	 -0.0766 	 -0.2043 	 0.5759 	 -0.2153 	 -0.5805 	 -0.3808 	 0.0102 	 -0.4261
4.7495 	 0.1499 	 -0.0787 	 -0.2102 	 0.5718 	 -0.2151 	 -0.5847 	 -0.4361 	 0.0240 	 -0.4096
4.7595 	 0.1556 	 -0.0809 	 -0.2160 	 0.5671 	 -0.2148 	 -0.5886 	 -0.4949 	 0.0337 	 -0.3893
4.7695 	 0.1613 	 -0.0830 	 -0.2220 	 0.5619 	 -0.2144 	 -0.5924 	 -0.5548 	 0.0474 	 -0.3616
4.7796 	 0.1669 	 -0.0852 	 -0.2279 	 0.5560 	 -0.2139 	 -0.5959 	 -0.6140 	 0.0627 	 -0.3314
4.7896 	 0.1724 	 -0.0873 	 -0.2339 	 0.5496 	 -0.2132 	 -0.5990 	 -0.6716 	 0.0795 	 -0.2993
4.7996 	 0.1779 	 -0.0894 	 -0.2399 	 0.5426 	 -0.2123 	 -0.6019 	 -0.7264 	 0.0975 	 -0.2658
4.8096 	 0.1833 	 -0.0916 	 -0.2460 	 0.5350 	 -0.2112 	 -0.6044 	 -0.7779 	 0.1158 	 -0.2314
4.8196 	 0.1886 	 -0.0937 	 -0.2520 	 0.5270 	 -0.2100 	 -0.6065 	 -0.8260 	 0.1339 	 -0.1963
4.8297 	 0.1938 	 -0.0958 	 -0.2581 	 0.5185 	 -0.2085 	 -0.6083 	 -0.8708 	 0.1513 	 -0.1605
4.8397 	 0.1990 	 -0.0978 	 -0.2642 	 0.5096 	 -0.2069 	 -0.6097 	 -0.9086 	 0.1695 	 -0.1189
4.8497 	 0.2040 	 -0.0999 	 -0.2703 	 0.5002 	 -0.2051 	 -0.6108 	 -0.9512 	 0.1865 	 -0.0870
4.8597 	 0.2090 	 -0.1020 	 -0.2765 	 0.4905 	 -0.2032 	 -0.6115 	 -0.9872 	 0.2018 	 -0.0497
4.8697 	 0.2139 	 -0.1040 	 -0.2826 	 0.4804 	 -0.2011 	 -0.6118 	 -1.0203 	 0.2164 	 -0.0119
4.8798 	 0.2186 	 -0.1060 	 -0.2887 	 0.4701 	 -0.1989 	 -0.6117 	 -1.0506 	 0.2306 	 0.0263
4.8898 	 0.2233 	 -0.1080 	 -0.2948 	 0.4594 	 -0.1965 	 -0.6112 	 -1.0795 	 0.2395 	 0.0597
4.8998 	 0.2278 	 -0.1099 	 -0.3010 	 0.4485 	 -0.1940 	 -0.6105 	 -1.1045 	 0.2519 	 0.0968
4.9098 	 0.2323 	 -0.1119 	 -0.3071 	 0.4373 	 -0.1914 	 -0.6093 	 -1.1270 	 0.2638 	 0.1338
4.9198 	 0.2366 	 -0.1138 	 -0.3132 	 0.4259 	 -0.1887 	 -0.6078 	 -1.1473 	 0.2751 	 0.1705
4.9299 	 0.2408 	 -0.1156 	 -0.3192 	 0.4143 	 -0.1859 	 -0.6059 	 -1.1653 	 0.2858 	 0.2069
4.9399 	 0.2449 	 -0.1175 	 -0.3253 	 0.4025 	 -0.1830 	 -0.6036 	 -1.1843 	 0.2985 	 0.2383
4.9499 	 0.2489 	 -0.1193 	 -0.3313 	 0.3906 	 -0.1800 	 -0.6011 	 -1.1978 	 0.3069 	 0.2747
4.9599 	 0.2527 	 -0.1211 	 -0.3373 	 0.3785 	 -0.1769 	 -0.5982 	 -1.2067 	 0.3115 	 0.3042
4.9699 	 0.2565 	 -0.1228 	 -0.3433 	 0.3664 	 -0.1738 	 -0.5950 	 -1.2116 	 0.3146 	 0.3315
4.9800 	 0.2601 	 -0.1246 	 -0.3493 	 0.3543 	 -0.1706 	 -0.5915 	 -1.2166 	 0.3189 	 0.3624
4.9900 	 0.2636 	 -0.1263 	 -0.3552 	 0.3421 	 -0.1674 	 -0.5878 	 -1.2164 	 0.3199 	 0.3864
