100-Body Run with i = 65 th particle. (Units in pc,M_solar,Myr, km s-1) 

time		 x 		 y 		 z 		 xdot 		 ydot 		 zdot 		 xddot 		 yddot 		 zddot
0.0000 	 0.0180 	 -0.0025 	 -0.2399 	 0.0051 	 0.0327 	 0.0377 	 0.1149 	 -0.0598 	 0.2595
0.0100 	 0.0180 	 -0.0022 	 -0.2395 	 0.0062 	 0.0321 	 0.0403 	 0.1150 	 -0.0608 	 0.2594
0.0200 	 0.0181 	 -0.0019 	 -0.2391 	 0.0074 	 0.0314 	 0.0429 	 0.1151 	 -0.0619 	 0.2592
0.0301 	 0.0182 	 -0.0016 	 -0.2386 	 0.0085 	 0.0308 	 0.0455 	 0.1152 	 -0.0629 	 0.2591
0.0401 	 0.0183 	 -0.0013 	 -0.2382 	 0.0097 	 0.0302 	 0.0481 	 0.1153 	 -0.0640 	 0.2591
0.0501 	 0.0184 	 -0.0010 	 -0.2377 	 0.0108 	 0.0295 	 0.0507 	 0.1155 	 -0.0651 	 0.2590
0.0601 	 0.0185 	 -0.0007 	 -0.2371 	 0.0120 	 0.0289 	 0.0533 	 0.1154 	 -0.0661 	 0.2654
0.0701 	 0.0186 	 -0.0004 	 -0.2366 	 0.0131 	 0.0282 	 0.0560 	 0.1156 	 -0.0672 	 0.2654
0.0802 	 0.0188 	 -0.0001 	 -0.2360 	 0.0143 	 0.0275 	 0.0587 	 0.1158 	 -0.0682 	 0.2655
0.0902 	 0.0189 	 0.0002 	 -0.2354 	 0.0155 	 0.0268 	 0.0613 	 0.1160 	 -0.0694 	 0.2655
0.1002 	 0.0191 	 0.0004 	 -0.2348 	 0.0166 	 0.0261 	 0.0640 	 0.1163 	 -0.0705 	 0.2656
0.1102 	 0.0192 	 0.0007 	 -0.2341 	 0.0178 	 0.0254 	 0.0666 	 0.1165 	 -0.0716 	 0.2657
0.1202 	 0.0194 	 0.0010 	 -0.2335 	 0.0190 	 0.0247 	 0.0693 	 0.1168 	 -0.0727 	 0.2659
0.1303 	 0.0196 	 0.0012 	 -0.2328 	 0.0201 	 0.0240 	 0.0720 	 0.1171 	 -0.0739 	 0.2660
0.1403 	 0.0198 	 0.0014 	 -0.2320 	 0.0213 	 0.0232 	 0.0746 	 0.1174 	 -0.0750 	 0.2662
0.1503 	 0.0200 	 0.0017 	 -0.2313 	 0.0225 	 0.0225 	 0.0773 	 0.1177 	 -0.0762 	 0.2664
0.1603 	 0.0203 	 0.0019 	 -0.2305 	 0.0237 	 0.0217 	 0.0800 	 0.1181 	 -0.0774 	 0.2666
0.1703 	 0.0205 	 0.0021 	 -0.2297 	 0.0248 	 0.0209 	 0.0826 	 0.1185 	 -0.0786 	 0.2668
0.1804 	 0.0208 	 0.0023 	 -0.2288 	 0.0260 	 0.0201 	 0.0853 	 0.1189 	 -0.0798 	 0.2671
0.1904 	 0.0210 	 0.0025 	 -0.2279 	 0.0272 	 0.0193 	 0.0880 	 0.1193 	 -0.0810 	 0.2674
0.2004 	 0.0213 	 0.0027 	 -0.2271 	 0.0284 	 0.0185 	 0.0907 	 0.1197 	 -0.0822 	 0.2677
0.2104 	 0.0216 	 0.0029 	 -0.2261 	 0.0296 	 0.0177 	 0.0934 	 0.1201 	 -0.0835 	 0.2680
0.2204 	 0.0219 	 0.0030 	 -0.2252 	 0.0308 	 0.0168 	 0.0961 	 0.1206 	 -0.0847 	 0.2684
0.2305 	 0.0222 	 0.0032 	 -0.2242 	 0.0320 	 0.0160 	 0.0987 	 0.1211 	 -0.0860 	 0.2688
0.2405 	 0.0226 	 0.0034 	 -0.2232 	 0.0333 	 0.0151 	 0.1014 	 0.1216 	 -0.0873 	 0.2692
0.2505 	 0.0229 	 0.0035 	 -0.2222 	 0.0345 	 0.0142 	 0.1041 	 0.1222 	 -0.0886 	 0.2696
0.2605 	 0.0232 	 0.0037 	 -0.2211 	 0.0357 	 0.0133 	 0.1068 	 0.1227 	 -0.0899 	 0.2701
0.2705 	 0.0236 	 0.0038 	 -0.2200 	 0.0369 	 0.0124 	 0.1096 	 0.1270 	 -0.0896 	 0.2724
0.2806 	 0.0240 	 0.0039 	 -0.2189 	 0.0382 	 0.0115 	 0.1123 	 0.1275 	 -0.0911 	 0.2727
0.2906 	 0.0244 	 0.0040 	 -0.2178 	 0.0395 	 0.0106 	 0.1150 	 0.1281 	 -0.0925 	 0.2730
0.3006 	 0.0248 	 0.0041 	 -0.2166 	 0.0408 	 0.0097 	 0.1178 	 0.1287 	 -0.0940 	 0.2734
0.3106 	 0.0252 	 0.0042 	 -0.2154 	 0.0421 	 0.0087 	 0.1205 	 0.1293 	 -0.0955 	 0.2737
0.3206 	 0.0256 	 0.0043 	 -0.2142 	 0.0434 	 0.0078 	 0.1232 	 0.1300 	 -0.0970 	 0.2741
0.3307 	 0.0261 	 0.0044 	 -0.2129 	 0.0447 	 0.0068 	 0.1260 	 0.1307 	 -0.0986 	 0.2744
0.3407 	 0.0265 	 0.0044 	 -0.2117 	 0.0460 	 0.0058 	 0.1287 	 0.1314 	 -0.1002 	 0.2748
0.3507 	 0.0270 	 0.0045 	 -0.2104 	 0.0473 	 0.0048 	 0.1315 	 0.1323 	 -0.1019 	 0.2751
0.3607 	 0.0275 	 0.0045 	 -0.2090 	 0.0487 	 0.0037 	 0.1343 	 0.1332 	 -0.1036 	 0.2754
0.3707 	 0.0280 	 0.0045 	 -0.2077 	 0.0500 	 0.0027 	 0.1371 	 0.1334 	 -0.1063 	 0.2816
0.3808 	 0.0285 	 0.0046 	 -0.2063 	 0.0513 	 0.0016 	 0.1399 	 0.1346 	 -0.1082 	 0.2814
0.3908 	 0.0290 	 0.0046 	 -0.2049 	 0.0527 	 0.0005 	 0.1427 	 0.1359 	 -0.1101 	 0.2812
0.4008 	 0.0295 	 0.0046 	 -0.2034 	 0.0540 	 -0.0006 	 0.1455 	 0.1374 	 -0.1122 	 0.2808
0.4108 	 0.0301 	 0.0046 	 -0.2020 	 0.0554 	 -0.0017 	 0.1483 	 0.1392 	 -0.1146 	 0.2803
0.4208 	 0.0306 	 0.0045 	 -0.2005 	 0.0568 	 -0.0029 	 0.1511 	 0.1412 	 -0.1172 	 0.2798
0.4309 	 0.0312 	 0.0045 	 -0.1989 	 0.0583 	 -0.0041 	 0.1539 	 0.1436 	 -0.1202 	 0.2791
0.4409 	 0.0318 	 0.0045 	 -0.1974 	 0.0597 	 -0.0053 	 0.1567 	 0.1464 	 -0.1236 	 0.2785
0.4509 	 0.0324 	 0.0044 	 -0.1958 	 0.0612 	 -0.0066 	 0.1595 	 0.1495 	 -0.1278 	 0.2780
0.4609 	 0.0330 	 0.0043 	 -0.1942 	 0.0627 	 -0.0079 	 0.1623 	 0.1529 	 -0.1326 	 0.2778
0.4709 	 0.0337 	 0.0042 	 -0.1925 	 0.0643 	 -0.0092 	 0.1651 	 0.1614 	 -0.1363 	 0.2816
0.4810 	 0.0343 	 0.0041 	 -0.1909 	 0.0659 	 -0.0106 	 0.1679 	 0.1646 	 -0.1424 	 0.2823
0.4910 	 0.0350 	 0.0040 	 -0.1892 	 0.0676 	 -0.0121 	 0.1708 	 0.1673 	 -0.1493 	 0.2898
0.5010 	 0.0357 	 0.0039 	 -0.1874 	 0.0693 	 -0.0136 	 0.1737 	 0.1699 	 -0.1560 	 0.2852
0.5110 	 0.0364 	 0.0038 	 -0.1857 	 0.0710 	 -0.0152 	 0.1766 	 0.1717 	 -0.1633 	 0.2939
0.5210 	 0.0371 	 0.0036 	 -0.1839 	 0.0727 	 -0.0169 	 0.1796 	 0.1731 	 -0.1689 	 0.2960
0.5311 	 0.0378 	 0.0034 	 -0.1821 	 0.0745 	 -0.0186 	 0.1825 	 0.1741 	 -0.1741 	 0.2984
0.5411 	 0.0386 	 0.0032 	 -0.1802 	 0.0762 	 -0.0203 	 0.1855 	 0.1747 	 -0.1789 	 0.3008
0.5511 	 0.0394 	 0.0030 	 -0.1784 	 0.0780 	 -0.0222 	 0.1886 	 0.1752 	 -0.1834 	 0.3032
0.5611 	 0.0401 	 0.0028 	 -0.1765 	 0.0797 	 -0.0240 	 0.1916 	 0.1755 	 -0.1877 	 0.3056
0.5711 	 0.0410 	 0.0025 	 -0.1745 	 0.0815 	 -0.0259 	 0.1947 	 0.1756 	 -0.1919 	 0.3080
0.5812 	 0.0418 	 0.0023 	 -0.1726 	 0.0832 	 -0.0279 	 0.1979 	 0.1753 	 -0.1972 	 0.3225
0.5912 	 0.0426 	 0.0020 	 -0.1706 	 0.0850 	 -0.0299 	 0.2011 	 0.1750 	 -0.2017 	 0.3289
0.6012 	 0.0435 	 0.0017 	 -0.1685 	 0.0868 	 -0.0319 	 0.2044 	 0.1752 	 -0.2055 	 0.3287
0.6112 	 0.0444 	 0.0013 	 -0.1665 	 0.0885 	 -0.0340 	 0.2077 	 0.1770 	 -0.2152 	 0.3263
0.6212 	 0.0453 	 0.0010 	 -0.1644 	 0.0903 	 -0.0362 	 0.2110 	 0.1772 	 -0.2187 	 0.3257
0.6313 	 0.0462 	 0.0006 	 -0.1622 	 0.0921 	 -0.0384 	 0.2143 	 0.1774 	 -0.2222 	 0.3249
0.6413 	 0.0471 	 0.0002 	 -0.1601 	 0.0939 	 -0.0406 	 0.2175 	 0.1823 	 -0.2271 	 0.3199
0.6513 	 0.0481 	 -0.0002 	 -0.1579 	 0.0957 	 -0.0429 	 0.2207 	 0.1822 	 -0.2304 	 0.3186
0.6613 	 0.0490 	 -0.0006 	 -0.1557 	 0.0975 	 -0.0453 	 0.2239 	 0.1822 	 -0.2335 	 0.3168
0.6713 	 0.0500 	 -0.0011 	 -0.1534 	 0.0994 	 -0.0476 	 0.2270 	 0.1875 	 -0.2392 	 0.3138
0.6814 	 0.0510 	 -0.0016 	 -0.1511 	 0.1012 	 -0.0500 	 0.2301 	 0.1867 	 -0.2415 	 0.3113
0.6914 	 0.0520 	 -0.0021 	 -0.1488 	 0.1031 	 -0.0525 	 0.2333 	 0.1857 	 -0.2434 	 0.3084
0.7014 	 0.0531 	 -0.0027 	 -0.1464 	 0.1050 	 -0.0549 	 0.2363 	 0.1844 	 -0.2448 	 0.3053
0.7114 	 0.0541 	 -0.0032 	 -0.1440 	 0.1068 	 -0.0574 	 0.2394 	 0.1826 	 -0.2464 	 0.3080
0.7214 	 0.0552 	 -0.0038 	 -0.1416 	 0.1086 	 -0.0598 	 0.2424 	 0.1805 	 -0.2466 	 0.3035
0.7315 	 0.0563 	 -0.0044 	 -0.1392 	 0.1104 	 -0.0623 	 0.2455 	 0.1780 	 -0.2464 	 0.2987
0.7415 	 0.0574 	 -0.0051 	 -0.1367 	 0.1122 	 -0.0648 	 0.2484 	 0.1751 	 -0.2456 	 0.2938
0.7515 	 0.0586 	 -0.0057 	 -0.1342 	 0.1139 	 -0.0672 	 0.2513 	 0.1758 	 -0.2403 	 0.2907
0.7615 	 0.0597 	 -0.0064 	 -0.1317 	 0.1157 	 -0.0696 	 0.2542 	 0.1713 	 -0.2389 	 0.2852
0.7715 	 0.0609 	 -0.0071 	 -0.1291 	 0.1174 	 -0.0720 	 0.2571 	 0.1661 	 -0.2369 	 0.2796
0.7816 	 0.0621 	 -0.0078 	 -0.1265 	 0.1190 	 -0.0744 	 0.2598 	 0.1602 	 -0.2345 	 0.2739
0.7916 	 0.0633 	 -0.0086 	 -0.1239 	 0.1206 	 -0.0767 	 0.2626 	 0.1536 	 -0.2314 	 0.2681
0.8016 	 0.0645 	 -0.0094 	 -0.1213 	 0.1221 	 -0.0790 	 0.2652 	 0.1463 	 -0.2279 	 0.2623
0.8116 	 0.0657 	 -0.0102 	 -0.1186 	 0.1235 	 -0.0813 	 0.2678 	 0.1382 	 -0.2237 	 0.2564
0.8216 	 0.0670 	 -0.0110 	 -0.1159 	 0.1248 	 -0.0835 	 0.2703 	 0.1291 	 -0.2189 	 0.2506
0.8317 	 0.0682 	 -0.0119 	 -0.1132 	 0.1261 	 -0.0856 	 0.2728 	 0.1192 	 -0.2134 	 0.2448
0.8417 	 0.0695 	 -0.0127 	 -0.1104 	 0.1272 	 -0.0877 	 0.2753 	 0.1083 	 -0.2074 	 0.2392
0.8517 	 0.0708 	 -0.0136 	 -0.1077 	 0.1283 	 -0.0898 	 0.2776 	 0.0965 	 -0.2007 	 0.2338
0.8617 	 0.0721 	 -0.0145 	 -0.1049 	 0.1292 	 -0.0918 	 0.2800 	 0.0834 	 -0.1933 	 0.2345
0.8717 	 0.0734 	 -0.0154 	 -0.1021 	 0.1299 	 -0.0937 	 0.2823 	 0.0696 	 -0.1854 	 0.2286
0.8818 	 0.0747 	 -0.0164 	 -0.0992 	 0.1305 	 -0.0955 	 0.2846 	 0.0550 	 -0.1770 	 0.2230
0.8918 	 0.0760 	 -0.0174 	 -0.0964 	 0.1310 	 -0.0972 	 0.2868 	 0.0394 	 -0.1682 	 0.2177
0.9018 	 0.0773 	 -0.0183 	 -0.0935 	 0.1313 	 -0.0989 	 0.2889 	 0.0230 	 -0.1588 	 0.2127
0.9118 	 0.0786 	 -0.0193 	 -0.0906 	 0.1315 	 -0.1004 	 0.2910 	 0.0056 	 -0.1491 	 0.2077
0.9218 	 0.0799 	 -0.0204 	 -0.0876 	 0.1314 	 -0.1018 	 0.2931 	 -0.0126 	 -0.1389 	 0.2027
0.9319 	 0.0812 	 -0.0214 	 -0.0847 	 0.1312 	 -0.1032 	 0.2951 	 -0.0327 	 -0.1275 	 0.2033
0.9419 	 0.0825 	 -0.0224 	 -0.0817 	 0.1308 	 -0.1044 	 0.2971 	 -0.0531 	 -0.1164 	 0.1962
0.9519 	 0.0839 	 -0.0235 	 -0.0787 	 0.1301 	 -0.1055 	 0.2990 	 -0.0749 	 -0.1047 	 0.1881
0.9619 	 0.0852 	 -0.0245 	 -0.0757 	 0.1293 	 -0.1065 	 0.3009 	 -0.0984 	 -0.0921 	 0.1783
0.9719 	 0.0864 	 -0.0256 	 -0.0727 	 0.1282 	 -0.1073 	 0.3026 	 -0.1242 	 -0.0785 	 0.1662
0.9820 	 0.0877 	 -0.0267 	 -0.0697 	 0.1268 	 -0.1081 	 0.3042 	 -0.1527 	 -0.0635 	 0.1504
0.9920 	 0.0890 	 -0.0278 	 -0.0666 	 0.1251 	 -0.1086 	 0.3056 	 -0.1801 	 -0.0446 	 0.1328
1.0020 	 0.0902 	 -0.0289 	 -0.0635 	 0.1231 	 -0.1090 	 0.3068 	 -0.2170 	 -0.0259 	 0.1018
1.0120 	 0.0914 	 -0.0300 	 -0.0605 	 0.1207 	 -0.1091 	 0.3076 	 -0.2582 	 -0.0056 	 0.0561
1.0220 	 0.0926 	 -0.0310 	 -0.0574 	 0.1179 	 -0.1091 	 0.3079 	 -0.3026 	 0.0137 	 -0.0112
1.0321 	 0.0938 	 -0.0321 	 -0.0543 	 0.1147 	 -0.1089 	 0.3073 	 -0.3464 	 0.0278 	 -0.1064
1.0421 	 0.0949 	 -0.0332 	 -0.0512 	 0.1110 	 -0.1086 	 0.3055 	 -0.3828 	 0.0337 	 -0.2552
1.0521 	 0.0960 	 -0.0343 	 -0.0482 	 0.1071 	 -0.1080 	 0.3021 	 -0.3927 	 0.0680 	 -0.4199
1.0621 	 0.0971 	 -0.0354 	 -0.0452 	 0.1032 	 -0.1072 	 0.2973 	 -0.3809 	 0.1001 	 -0.5427
1.0721 	 0.0981 	 -0.0365 	 -0.0422 	 0.0995 	 -0.1061 	 0.2913 	 -0.3683 	 0.1249 	 -0.6500
1.0822 	 0.0991 	 -0.0375 	 -0.0394 	 0.0959 	 -0.1047 	 0.2843 	 -0.3530 	 0.1385 	 -0.7427
1.0922 	 0.1000 	 -0.0386 	 -0.0365 	 0.0924 	 -0.1033 	 0.2765 	 -0.3357 	 0.1467 	 -0.8178
1.1022 	 0.1009 	 -0.0396 	 -0.0338 	 0.0891 	 -0.1018 	 0.2680 	 -0.3174 	 0.1542 	 -0.8788
1.1122 	 0.1018 	 -0.0406 	 -0.0312 	 0.0860 	 -0.1002 	 0.2589 	 -0.3007 	 0.1613 	 -0.9295
1.1222 	 0.1027 	 -0.0416 	 -0.0286 	 0.0831 	 -0.0986 	 0.2493 	 -0.2870 	 0.1683 	 -0.9744
1.1323 	 0.1035 	 -0.0426 	 -0.0262 	 0.0803 	 -0.0968 	 0.2394 	 -0.2741 	 0.1756 	 -1.0168
1.1423 	 0.1043 	 -0.0435 	 -0.0238 	 0.0776 	 -0.0950 	 0.2290 	 -0.2592 	 0.1830 	 -1.0562
1.1523 	 0.1050 	 -0.0445 	 -0.0216 	 0.0751 	 -0.0932 	 0.2183 	 -0.2427 	 0.1907 	 -1.0842
1.1623 	 0.1058 	 -0.0454 	 -0.0195 	 0.0728 	 -0.0912 	 0.2073 	 -0.2246 	 0.1975 	 -1.1105
1.1723 	 0.1065 	 -0.0463 	 -0.0174 	 0.0706 	 -0.0892 	 0.1960 	 -0.2088 	 0.2038 	 -1.1290
1.1824 	 0.1072 	 -0.0472 	 -0.0155 	 0.0686 	 -0.0871 	 0.1847 	 -0.1962 	 0.2099 	 -1.1416
1.1924 	 0.1079 	 -0.0480 	 -0.0137 	 0.0666 	 -0.0850 	 0.1731 	 -0.1871 	 0.2159 	 -1.1557
1.2024 	 0.1085 	 -0.0489 	 -0.0121 	 0.0648 	 -0.0828 	 0.1615 	 -0.1803 	 0.2218 	 -1.1597
1.2124 	 0.1092 	 -0.0497 	 -0.0105 	 0.0630 	 -0.0806 	 0.1499 	 -0.1757 	 0.2276 	 -1.1606
1.2224 	 0.1098 	 -0.0505 	 -0.0091 	 0.0613 	 -0.0782 	 0.1383 	 -0.1726 	 0.2332 	 -1.1583
1.2325 	 0.1104 	 -0.0513 	 -0.0077 	 0.0596 	 -0.0759 	 0.1267 	 -0.1707 	 0.2386 	 -1.1528
1.2425 	 0.1110 	 -0.0520 	 -0.0065 	 0.0579 	 -0.0735 	 0.1152 	 -0.1700 	 0.2434 	 -1.1440
1.2525 	 0.1115 	 -0.0527 	 -0.0054 	 0.0561 	 -0.0710 	 0.1038 	 -0.1704 	 0.2477 	 -1.1325
1.2625 	 0.1121 	 -0.0534 	 -0.0044 	 0.0544 	 -0.0685 	 0.0925 	 -0.1719 	 0.2513 	 -1.1193
1.2725 	 0.1126 	 -0.0541 	 -0.0036 	 0.0527 	 -0.0660 	 0.0813 	 -0.1744 	 0.2543 	 -1.1058
1.2826 	 0.1132 	 -0.0548 	 -0.0028 	 0.0509 	 -0.0635 	 0.0703 	 -0.1768 	 0.2518 	 -1.0961
1.2926 	 0.1137 	 -0.0554 	 -0.0022 	 0.0492 	 -0.0609 	 0.0594 	 -0.1789 	 0.2558 	 -1.0855
1.3026 	 0.1141 	 -0.0560 	 -0.0016 	 0.0474 	 -0.0583 	 0.0486 	 -0.1782 	 0.2618 	 -1.0750
1.3126 	 0.1146 	 -0.0566 	 -0.0012 	 0.0456 	 -0.0557 	 0.0379 	 -0.1755 	 0.2706 	 -1.0592
1.3226 	 0.1151 	 -0.0571 	 -0.0009 	 0.0438 	 -0.0529 	 0.0274 	 -0.1748 	 0.2804 	 -1.0340
1.3327 	 0.1155 	 -0.0576 	 -0.0006 	 0.0421 	 -0.0500 	 0.0172 	 -0.1799 	 0.2879 	 -1.0017
1.3427 	 0.1159 	 -0.0581 	 -0.0005 	 0.0402 	 -0.0471 	 0.0073 	 -0.1900 	 0.2909 	 -0.9700
1.3527 	 0.1163 	 -0.0586 	 -0.0005 	 0.0383 	 -0.0442 	 -0.0023 	 -0.2014 	 0.2906 	 -0.9440
1.3627 	 0.1167 	 -0.0590 	 -0.0006 	 0.0362 	 -0.0413 	 -0.0117 	 -0.2117 	 0.2890 	 -0.9238
1.3727 	 0.1170 	 -0.0594 	 -0.0007 	 0.0340 	 -0.0384 	 -0.0208 	 -0.2203 	 0.2870 	 -0.9082
1.3828 	 0.1173 	 -0.0598 	 -0.0010 	 0.0318 	 -0.0356 	 -0.0299 	 -0.2276 	 0.2852 	 -0.8959
1.3928 	 0.1177 	 -0.0601 	 -0.0013 	 0.0295 	 -0.0327 	 -0.0388 	 -0.2339 	 0.2837 	 -0.8863
1.4028 	 0.1179 	 -0.0604 	 -0.0018 	 0.0271 	 -0.0299 	 -0.0476 	 -0.2393 	 0.2825 	 -0.8788
1.4128 	 0.1182 	 -0.0607 	 -0.0023 	 0.0247 	 -0.0271 	 -0.0564 	 -0.2409 	 0.2784 	 -0.8771
1.4228 	 0.1184 	 -0.0610 	 -0.0029 	 0.0222 	 -0.0243 	 -0.0652 	 -0.2460 	 0.2781 	 -0.8723
1.4329 	 0.1186 	 -0.0612 	 -0.0036 	 0.0197 	 -0.0215 	 -0.0739 	 -0.2507 	 0.2779 	 -0.8689
1.4429 	 0.1188 	 -0.0614 	 -0.0044 	 0.0172 	 -0.0187 	 -0.0826 	 -0.2553 	 0.2778 	 -0.8665
1.4529 	 0.1190 	 -0.0616 	 -0.0052 	 0.0146 	 -0.0159 	 -0.0913 	 -0.2603 	 0.2783 	 -0.8710
1.4629 	 0.1191 	 -0.0617 	 -0.0062 	 0.0120 	 -0.0131 	 -0.1000 	 -0.2647 	 0.2784 	 -0.8694
1.4729 	 0.1192 	 -0.0618 	 -0.0072 	 0.0093 	 -0.0103 	 -0.1087 	 -0.2691 	 0.2789 	 -0.8683
1.4830 	 0.1193 	 -0.0619 	 -0.0084 	 0.0066 	 -0.0075 	 -0.1174 	 -0.2736 	 0.2800 	 -0.8677
1.4930 	 0.1194 	 -0.0620 	 -0.0096 	 0.0038 	 -0.0047 	 -0.1261 	 -0.2794 	 0.2835 	 -0.8728
1.5030 	 0.1194 	 -0.0620 	 -0.0109 	 0.0010 	 -0.0019 	 -0.1349 	 -0.2841 	 0.2887 	 -0.8688
1.5130 	 0.1194 	 -0.0620 	 -0.0123 	 -0.0019 	 0.0011 	 -0.1435 	 -0.2884 	 0.2978 	 -0.8545
1.5230 	 0.1193 	 -0.0620 	 -0.0138 	 -0.0048 	 0.0041 	 -0.1519 	 -0.2909 	 0.2941 	 -0.8289
1.5331 	 0.1193 	 -0.0619 	 -0.0153 	 -0.0077 	 0.0070 	 -0.1602 	 -0.2937 	 0.2828 	 -0.8189
1.5431 	 0.1192 	 -0.0619 	 -0.0170 	 -0.0106 	 0.0097 	 -0.1684 	 -0.2968 	 0.2755 	 -0.8169
1.5531 	 0.1191 	 -0.0617 	 -0.0187 	 -0.0136 	 0.0125 	 -0.1766 	 -0.2993 	 0.2705 	 -0.8172
1.5631 	 0.1189 	 -0.0616 	 -0.0205 	 -0.0166 	 0.0152 	 -0.1848 	 -0.3007 	 0.2674 	 -0.8248
1.5731 	 0.1187 	 -0.0614 	 -0.0224 	 -0.0197 	 0.0178 	 -0.1930 	 -0.3005 	 0.2636 	 -0.8252
1.5832 	 0.1185 	 -0.0612 	 -0.0244 	 -0.0227 	 0.0205 	 -0.2013 	 -0.2985 	 0.2601 	 -0.8254
1.5932 	 0.1183 	 -0.0610 	 -0.0265 	 -0.0256 	 0.0230 	 -0.2096 	 -0.2946 	 0.2565 	 -0.8238
1.6032 	 0.1180 	 -0.0608 	 -0.0286 	 -0.0286 	 0.0256 	 -0.2179 	 -0.2895 	 0.2535 	 -0.8199
1.6132 	 0.1177 	 -0.0605 	 -0.0308 	 -0.0314 	 0.0281 	 -0.2260 	 -0.2829 	 0.2511 	 -0.8139
1.6232 	 0.1174 	 -0.0602 	 -0.0331 	 -0.0342 	 0.0306 	 -0.2342 	 -0.2750 	 0.2496 	 -0.8046
1.6333 	 0.1170 	 -0.0599 	 -0.0355 	 -0.0369 	 0.0331 	 -0.2422 	 -0.2673 	 0.2479 	 -0.7903
1.6433 	 0.1166 	 -0.0596 	 -0.0380 	 -0.0396 	 0.0356 	 -0.2500 	 -0.2633 	 0.2443 	 -0.7728
1.6533 	 0.1162 	 -0.0592 	 -0.0405 	 -0.0422 	 0.0380 	 -0.2576 	 -0.2630 	 0.2390 	 -0.7510
1.6633 	 0.1158 	 -0.0588 	 -0.0431 	 -0.0449 	 0.0404 	 -0.2651 	 -0.2639 	 0.2338 	 -0.7395
1.6733 	 0.1153 	 -0.0584 	 -0.0458 	 -0.0475 	 0.0427 	 -0.2725 	 -0.2642 	 0.2294 	 -0.7308
1.6834 	 0.1148 	 -0.0579 	 -0.0486 	 -0.0501 	 0.0450 	 -0.2798 	 -0.2616 	 0.2313 	 -0.7239
1.6934 	 0.1143 	 -0.0575 	 -0.0514 	 -0.0528 	 0.0473 	 -0.2870 	 -0.2607 	 0.2274 	 -0.7174
1.7034 	 0.1138 	 -0.0570 	 -0.0544 	 -0.0554 	 0.0496 	 -0.2941 	 -0.2593 	 0.2239 	 -0.7113
1.7134 	 0.1132 	 -0.0565 	 -0.0573 	 -0.0580 	 0.0518 	 -0.3012 	 -0.2583 	 0.2214 	 -0.6990
1.7234 	 0.1126 	 -0.0560 	 -0.0604 	 -0.0605 	 0.0540 	 -0.3082 	 -0.2569 	 0.2189 	 -0.6975
1.7335 	 0.1120 	 -0.0554 	 -0.0635 	 -0.0631 	 0.0562 	 -0.3152 	 -0.2542 	 0.2159 	 -0.6893
1.7435 	 0.1114 	 -0.0548 	 -0.0667 	 -0.0656 	 0.0584 	 -0.3220 	 -0.2510 	 0.2129 	 -0.6808
1.7535 	 0.1107 	 -0.0542 	 -0.0700 	 -0.0681 	 0.0605 	 -0.3288 	 -0.2489 	 0.2098 	 -0.6775
1.7635 	 0.1100 	 -0.0536 	 -0.0733 	 -0.0706 	 0.0626 	 -0.3356 	 -0.2439 	 0.2067 	 -0.6666
1.7735 	 0.1093 	 -0.0530 	 -0.0767 	 -0.0730 	 0.0646 	 -0.3422 	 -0.2379 	 0.2035 	 -0.6547
1.7836 	 0.1085 	 -0.0523 	 -0.0801 	 -0.0754 	 0.0666 	 -0.3487 	 -0.2307 	 0.2001 	 -0.6410
1.7936 	 0.1078 	 -0.0516 	 -0.0837 	 -0.0777 	 0.0686 	 -0.3550 	 -0.2250 	 0.1918 	 -0.6269
1.8036 	 0.1070 	 -0.0509 	 -0.0873 	 -0.0799 	 0.0705 	 -0.3612 	 -0.2161 	 0.1875 	 -0.6069
1.8136 	 0.1062 	 -0.0502 	 -0.0909 	 -0.0820 	 0.0723 	 -0.3672 	 -0.2093 	 0.1813 	 -0.5908
1.8236 	 0.1053 	 -0.0495 	 -0.0946 	 -0.0840 	 0.0742 	 -0.3730 	 -0.2030 	 0.1750 	 -0.5700
1.8337 	 0.1045 	 -0.0487 	 -0.0984 	 -0.0860 	 0.0759 	 -0.3786 	 -0.1971 	 0.1671 	 -0.5484
1.8437 	 0.1036 	 -0.0480 	 -0.1022 	 -0.0880 	 0.0775 	 -0.3840 	 -0.1904 	 0.1588 	 -0.5284
1.8537 	 0.1027 	 -0.0472 	 -0.1061 	 -0.0899 	 0.0790 	 -0.3892 	 -0.1824 	 0.1501 	 -0.5092
1.8637 	 0.1018 	 -0.0464 	 -0.1100 	 -0.0916 	 0.0805 	 -0.3942 	 -0.1733 	 0.1409 	 -0.4900
1.8737 	 0.1009 	 -0.0456 	 -0.1140 	 -0.0933 	 0.0819 	 -0.3990 	 -0.1635 	 0.1313 	 -0.4703
1.8838 	 0.0999 	 -0.0448 	 -0.1180 	 -0.0949 	 0.0831 	 -0.4036 	 -0.1538 	 0.1210 	 -0.4499
1.8938 	 0.0990 	 -0.0439 	 -0.1221 	 -0.0964 	 0.0843 	 -0.4080 	 -0.1446 	 0.1101 	 -0.4289
1.9038 	 0.0980 	 -0.0431 	 -0.1262 	 -0.0978 	 0.0853 	 -0.4122 	 -0.1400 	 0.1017 	 -0.4038
1.9138 	 0.0970 	 -0.0422 	 -0.1303 	 -0.0992 	 0.0863 	 -0.4162 	 -0.1288 	 0.0883 	 -0.3893
1.9238 	 0.0960 	 -0.0413 	 -0.1345 	 -0.1004 	 0.0871 	 -0.4200 	 -0.1226 	 0.0756 	 -0.3716
1.9339 	 0.0950 	 -0.0405 	 -0.1387 	 -0.1016 	 0.0878 	 -0.4237 	 -0.1173 	 0.0629 	 -0.3556
1.9439 	 0.0940 	 -0.0396 	 -0.1430 	 -0.1028 	 0.0884 	 -0.4271 	 -0.1123 	 0.0500 	 -0.3411
1.9539 	 0.0930 	 -0.0387 	 -0.1473 	 -0.1039 	 0.0888 	 -0.4305 	 -0.1074 	 0.0371 	 -0.3280
1.9639 	 0.0919 	 -0.0378 	 -0.1516 	 -0.1049 	 0.0891 	 -0.4337 	 -0.1011 	 0.0191 	 -0.3197
1.9739 	 0.0909 	 -0.0369 	 -0.1560 	 -0.1059 	 0.0892 	 -0.4369 	 -0.0908 	 0.0036 	 -0.3179
1.9840 	 0.0898 	 -0.0360 	 -0.1604 	 -0.1067 	 0.0892 	 -0.4401 	 -0.0768 	 -0.0014 	 -0.3097
1.9940 	 0.0887 	 -0.0351 	 -0.1648 	 -0.1074 	 0.0892 	 -0.4431 	 -0.0618 	 -0.0079 	 -0.2994
2.0040 	 0.0876 	 -0.0342 	 -0.1693 	 -0.1080 	 0.0891 	 -0.4460 	 -0.0495 	 -0.0147 	 -0.2774
2.0140 	 0.0866 	 -0.0333 	 -0.1737 	 -0.1084 	 0.0889 	 -0.4486 	 -0.0410 	 -0.0333 	 -0.2467
2.0240 	 0.0855 	 -0.0324 	 -0.1783 	 -0.1088 	 0.0884 	 -0.4510 	 -0.0367 	 -0.0602 	 -0.2293
2.0341 	 0.0844 	 -0.0316 	 -0.1828 	 -0.1091 	 0.0877 	 -0.4532 	 -0.0309 	 -0.0830 	 -0.2143
2.0441 	 0.0833 	 -0.0307 	 -0.1873 	 -0.1094 	 0.0867 	 -0.4552 	 -0.0246 	 -0.1033 	 -0.1945
2.0541 	 0.0822 	 -0.0298 	 -0.1919 	 -0.1096 	 0.0856 	 -0.4571 	 -0.0160 	 -0.1232 	 -0.1816
2.0641 	 0.0811 	 -0.0290 	 -0.1965 	 -0.1097 	 0.0843 	 -0.4589 	 -0.0067 	 -0.1428 	 -0.1701
2.0741 	 0.0800 	 -0.0281 	 -0.2011 	 -0.1098 	 0.0827 	 -0.4605 	 0.0027 	 -0.1635 	 -0.1657
2.0842 	 0.0789 	 -0.0273 	 -0.2057 	 -0.1097 	 0.0810 	 -0.4621 	 0.0127 	 -0.1824 	 -0.1550
2.0942 	 0.0778 	 -0.0265 	 -0.2104 	 -0.1095 	 0.0791 	 -0.4636 	 0.0229 	 -0.2011 	 -0.1448
2.1042 	 0.0767 	 -0.0257 	 -0.2150 	 -0.1092 	 0.0770 	 -0.4650 	 0.0336 	 -0.2196 	 -0.1346
2.1142 	 0.0756 	 -0.0250 	 -0.2197 	 -0.1088 	 0.0747 	 -0.4663 	 0.0453 	 -0.2380 	 -0.1238
2.1242 	 0.0745 	 -0.0242 	 -0.2244 	 -0.1083 	 0.0722 	 -0.4675 	 0.0591 	 -0.2562 	 -0.1111
2.1343 	 0.0734 	 -0.0235 	 -0.2290 	 -0.1077 	 0.0695 	 -0.4686 	 0.0732 	 -0.2747 	 -0.0981
2.1443 	 0.0724 	 -0.0228 	 -0.2337 	 -0.1068 	 0.0667 	 -0.4695 	 0.0965 	 -0.2851 	 -0.0754
2.1543 	 0.0713 	 -0.0222 	 -0.2385 	 -0.1057 	 0.0639 	 -0.4701 	 0.1210 	 -0.2871 	 -0.0575
2.1643 	 0.0702 	 -0.0216 	 -0.2432 	 -0.1044 	 0.0610 	 -0.4707 	 0.1376 	 -0.2872 	 -0.0541
2.1743 	 0.0692 	 -0.0210 	 -0.2479 	 -0.1030 	 0.0581 	 -0.4711 	 0.1519 	 -0.2906 	 -0.0443
2.1844 	 0.0682 	 -0.0204 	 -0.2526 	 -0.1014 	 0.0551 	 -0.4716 	 0.1659 	 -0.3054 	 -0.0382
2.1944 	 0.0672 	 -0.0199 	 -0.2573 	 -0.0997 	 0.0520 	 -0.4719 	 0.1786 	 -0.3176 	 -0.0316
2.2044 	 0.0662 	 -0.0194 	 -0.2621 	 -0.0978 	 0.0487 	 -0.4722 	 0.1938 	 -0.3354 	 -0.0332
2.2144 	 0.0652 	 -0.0189 	 -0.2668 	 -0.0958 	 0.0453 	 -0.4725 	 0.2069 	 -0.3529 	 -0.0263
2.2244 	 0.0643 	 -0.0185 	 -0.2715 	 -0.0937 	 0.0416 	 -0.4727 	 0.2204 	 -0.3721 	 -0.0175
2.2345 	 0.0633 	 -0.0181 	 -0.2763 	 -0.0914 	 0.0378 	 -0.4729 	 0.2328 	 -0.3924 	 -0.0137
2.2445 	 0.0624 	 -0.0177 	 -0.2810 	 -0.0890 	 0.0338 	 -0.4730 	 0.2473 	 -0.4143 	 -0.0011
2.2545 	 0.0615 	 -0.0174 	 -0.2857 	 -0.0864 	 0.0295 	 -0.4729 	 0.2629 	 -0.4374 	 0.0086
2.2645 	 0.0607 	 -0.0171 	 -0.2905 	 -0.0837 	 0.0250 	 -0.4727 	 0.2778 	 -0.4615 	 0.0286
2.2745 	 0.0599 	 -0.0169 	 -0.2952 	 -0.0809 	 0.0203 	 -0.4723 	 0.2917 	 -0.4863 	 0.0527
2.2846 	 0.0591 	 -0.0167 	 -0.3000 	 -0.0779 	 0.0153 	 -0.4717 	 0.2983 	 -0.5143 	 0.0811
2.2946 	 0.0583 	 -0.0166 	 -0.3047 	 -0.0748 	 0.0100 	 -0.4707 	 0.3098 	 -0.5452 	 0.1046
2.3046 	 0.0576 	 -0.0165 	 -0.3094 	 -0.0717 	 0.0044 	 -0.4695 	 0.3191 	 -0.5692 	 0.1374
2.3146 	 0.0569 	 -0.0165 	 -0.3141 	 -0.0685 	 -0.0014 	 -0.4679 	 0.3269 	 -0.5926 	 0.1735
2.3246 	 0.0562 	 -0.0165 	 -0.3188 	 -0.0652 	 -0.0075 	 -0.4660 	 0.3313 	 -0.6198 	 0.2070
2.3347 	 0.0556 	 -0.0166 	 -0.3234 	 -0.0618 	 -0.0138 	 -0.4637 	 0.3361 	 -0.6389 	 0.2479
2.3447 	 0.0550 	 -0.0168 	 -0.3280 	 -0.0584 	 -0.0203 	 -0.4610 	 0.3390 	 -0.6555 	 0.2911
2.3547 	 0.0544 	 -0.0171 	 -0.3327 	 -0.0551 	 -0.0270 	 -0.4579 	 0.3360 	 -0.6701 	 0.3306
2.3647 	 0.0539 	 -0.0174 	 -0.3372 	 -0.0517 	 -0.0338 	 -0.4544 	 0.3348 	 -0.6786 	 0.3718
2.3747 	 0.0534 	 -0.0177 	 -0.3418 	 -0.0484 	 -0.0406 	 -0.4504 	 0.3336 	 -0.6886 	 0.4181
2.3848 	 0.0529 	 -0.0182 	 -0.3462 	 -0.0450 	 -0.0476 	 -0.4460 	 0.3314 	 -0.6974 	 0.4654
2.3948 	 0.0525 	 -0.0187 	 -0.3507 	 -0.0417 	 -0.0546 	 -0.4411 	 0.3282 	 -0.7050 	 0.5141
2.4048 	 0.0521 	 -0.0193 	 -0.3551 	 -0.0385 	 -0.0617 	 -0.4357 	 0.3240 	 -0.7111 	 0.5647
2.4148 	 0.0517 	 -0.0199 	 -0.3594 	 -0.0352 	 -0.0688 	 -0.4298 	 0.3186 	 -0.7152 	 0.6171
2.4248 	 0.0513 	 -0.0206 	 -0.3637 	 -0.0321 	 -0.0760 	 -0.4233 	 0.3118 	 -0.7170 	 0.6713
2.4349 	 0.0510 	 -0.0214 	 -0.3679 	 -0.0290 	 -0.0832 	 -0.4163 	 0.3035 	 -0.7160 	 0.7272
2.4449 	 0.0508 	 -0.0223 	 -0.3720 	 -0.0260 	 -0.0903 	 -0.4087 	 0.2927 	 -0.7113 	 0.7905
2.4549 	 0.0505 	 -0.0233 	 -0.3761 	 -0.0231 	 -0.0974 	 -0.4005 	 0.2822 	 -0.7031 	 0.8425
2.4649 	 0.0503 	 -0.0243 	 -0.3801 	 -0.0203 	 -0.1044 	 -0.3918 	 0.2698 	 -0.6839 	 0.8993
2.4749 	 0.0501 	 -0.0253 	 -0.3839 	 -0.0178 	 -0.1112 	 -0.3825 	 0.2495 	 -0.6687 	 0.9529
2.4850 	 0.0499 	 -0.0265 	 -0.3877 	 -0.0153 	 -0.1177 	 -0.3727 	 0.2306 	 -0.6451 	 1.0086
2.4950 	 0.0498 	 -0.0277 	 -0.3914 	 -0.0131 	 -0.1241 	 -0.3623 	 0.2103 	 -0.6157 	 1.0594
2.5050 	 0.0497 	 -0.0290 	 -0.3950 	 -0.0111 	 -0.1301 	 -0.3515 	 0.1898 	 -0.5825 	 1.1025
2.5150 	 0.0496 	 -0.0303 	 -0.3984 	 -0.0093 	 -0.1357 	 -0.3403 	 0.1677 	 -0.5535 	 1.1341
2.5251 	 0.0495 	 -0.0317 	 -0.4018 	 -0.0077 	 -0.1411 	 -0.3288 	 0.1499 	 -0.5213 	 1.1620
2.5351 	 0.0494 	 -0.0331 	 -0.4050 	 -0.0064 	 -0.1462 	 -0.3170 	 0.1307 	 -0.4957 	 1.1849
2.5451 	 0.0494 	 -0.0346 	 -0.4081 	 -0.0051 	 -0.1511 	 -0.3050 	 0.1170 	 -0.4662 	 1.2042
2.5551 	 0.0493 	 -0.0362 	 -0.4111 	 -0.0040 	 -0.1556 	 -0.2929 	 0.1009 	 -0.4377 	 1.2141
2.5651 	 0.0493 	 -0.0377 	 -0.4140 	 -0.0031 	 -0.1598 	 -0.2807 	 0.0896 	 -0.4107 	 1.2272
2.5752 	 0.0493 	 -0.0394 	 -0.4168 	 -0.0022 	 -0.1638 	 -0.2683 	 0.0826 	 -0.3800 	 1.2401
2.5852 	 0.0492 	 -0.0410 	 -0.4194 	 -0.0014 	 -0.1675 	 -0.2559 	 0.0738 	 -0.3553 	 1.2501
2.5952 	 0.0492 	 -0.0427 	 -0.4219 	 -0.0007 	 -0.1709 	 -0.2433 	 0.0663 	 -0.3313 	 1.2588
2.6052 	 0.0492 	 -0.0444 	 -0.4243 	 -0.0001 	 -0.1741 	 -0.2306 	 0.0590 	 -0.3076 	 1.2601
2.6152 	 0.0492 	 -0.0462 	 -0.4265 	 0.0005 	 -0.1771 	 -0.2180 	 0.0487 	 -0.2872 	 1.2676
2.6253 	 0.0492 	 -0.0480 	 -0.4286 	 0.0009 	 -0.1798 	 -0.2053 	 0.0457 	 -0.2636 	 1.2717
2.6353 	 0.0492 	 -0.0498 	 -0.4306 	 0.0014 	 -0.1823 	 -0.1925 	 0.0441 	 -0.2400 	 1.2750
2.6453 	 0.0493 	 -0.0516 	 -0.4325 	 0.0018 	 -0.1847 	 -0.1797 	 0.0423 	 -0.2219 	 1.2762
2.6553 	 0.0493 	 -0.0535 	 -0.4342 	 0.0022 	 -0.1868 	 -0.1669 	 0.0444 	 -0.1970 	 1.2840
2.6653 	 0.0493 	 -0.0554 	 -0.4358 	 0.0027 	 -0.1886 	 -0.1541 	 0.0480 	 -0.1732 	 1.2838
2.6754 	 0.0493 	 -0.0573 	 -0.4373 	 0.0032 	 -0.1903 	 -0.1412 	 0.0535 	 -0.1502 	 1.2833
2.6854 	 0.0494 	 -0.0592 	 -0.4387 	 0.0038 	 -0.1917 	 -0.1283 	 0.0605 	 -0.1287 	 1.2833
2.6954 	 0.0494 	 -0.0611 	 -0.4399 	 0.0044 	 -0.1928 	 -0.1155 	 0.0672 	 -0.1086 	 1.2852
2.7054 	 0.0495 	 -0.0631 	 -0.4410 	 0.0051 	 -0.1938 	 -0.1026 	 0.0707 	 -0.0877 	 1.2869
2.7154 	 0.0495 	 -0.0650 	 -0.4419 	 0.0058 	 -0.1946 	 -0.0897 	 0.0716 	 -0.0643 	 1.2830
2.7255 	 0.0496 	 -0.0670 	 -0.4428 	 0.0065 	 -0.1951 	 -0.0769 	 0.0724 	 -0.0396 	 1.2710
2.7355 	 0.0496 	 -0.0689 	 -0.4435 	 0.0073 	 -0.1954 	 -0.0642 	 0.0727 	 -0.0164 	 1.2523
2.7455 	 0.0497 	 -0.0709 	 -0.4441 	 0.0080 	 -0.1955 	 -0.0518 	 0.0712 	 0.0041 	 1.2310
2.7555 	 0.0498 	 -0.0728 	 -0.4445 	 0.0087 	 -0.1953 	 -0.0396 	 0.0635 	 0.0220 	 1.2049
2.7655 	 0.0499 	 -0.0748 	 -0.4449 	 0.0093 	 -0.1950 	 -0.0276 	 0.0586 	 0.0383 	 1.1849
2.7756 	 0.0500 	 -0.0767 	 -0.4451 	 0.0098 	 -0.1946 	 -0.0159 	 0.0547 	 0.0533 	 1.1617
2.7856 	 0.0501 	 -0.0787 	 -0.4452 	 0.0104 	 -0.1940 	 -0.0044 	 0.0508 	 0.0659 	 1.1422
2.7956 	 0.0502 	 -0.0806 	 -0.4452 	 0.0109 	 -0.1932 	 0.0070 	 0.0432 	 0.0774 	 1.1371
2.8056 	 0.0503 	 -0.0825 	 -0.4450 	 0.0113 	 -0.1924 	 0.0184 	 0.0358 	 0.0867 	 1.1277
2.8156 	 0.0504 	 -0.0845 	 -0.4448 	 0.0116 	 -0.1915 	 0.0296 	 0.0285 	 0.0954 	 1.1193
2.8257 	 0.0505 	 -0.0864 	 -0.4444 	 0.0118 	 -0.1905 	 0.0408 	 0.0212 	 0.1043 	 1.1112
2.8357 	 0.0507 	 -0.0883 	 -0.4440 	 0.0120 	 -0.1894 	 0.0519 	 0.0138 	 0.1139 	 1.1027
2.8457 	 0.0508 	 -0.0902 	 -0.4434 	 0.0121 	 -0.1882 	 0.0629 	 0.0063 	 0.1252 	 1.0934
2.8557 	 0.0509 	 -0.0921 	 -0.4427 	 0.0121 	 -0.1869 	 0.0739 	 -0.0026 	 0.1365 	 1.0860
2.8657 	 0.0510 	 -0.0939 	 -0.4419 	 0.0120 	 -0.1854 	 0.0847 	 -0.0130 	 0.1591 	 1.0689
2.8758 	 0.0511 	 -0.0958 	 -0.4410 	 0.0119 	 -0.1837 	 0.0952 	 -0.0241 	 0.1808 	 1.0409
2.8858 	 0.0513 	 -0.0976 	 -0.4400 	 0.0116 	 -0.1818 	 0.1055 	 -0.0301 	 0.1939 	 1.0139
2.8958 	 0.0514 	 -0.0994 	 -0.4389 	 0.0113 	 -0.1798 	 0.1156 	 -0.0333 	 0.2052 	 0.9927
2.9058 	 0.0515 	 -0.1012 	 -0.4377 	 0.0109 	 -0.1777 	 0.1254 	 -0.0348 	 0.2194 	 0.9861
2.9158 	 0.0516 	 -0.1030 	 -0.4364 	 0.0105 	 -0.1755 	 0.1352 	 -0.0377 	 0.2322 	 0.9662
2.9259 	 0.0517 	 -0.1047 	 -0.4350 	 0.0101 	 -0.1730 	 0.1448 	 -0.0456 	 0.2493 	 0.9489
2.9359 	 0.0518 	 -0.1064 	 -0.4335 	 0.0097 	 -0.1705 	 0.1543 	 -0.0477 	 0.2581 	 0.9294
2.9459 	 0.0519 	 -0.1081 	 -0.4319 	 0.0092 	 -0.1679 	 0.1634 	 -0.0515 	 0.2717 	 0.9059
2.9559 	 0.0520 	 -0.1098 	 -0.4302 	 0.0086 	 -0.1651 	 0.1724 	 -0.0558 	 0.2862 	 0.8815
2.9659 	 0.0521 	 -0.1114 	 -0.4285 	 0.0080 	 -0.1621 	 0.1811 	 -0.0586 	 0.3067 	 0.8582
2.9760 	 0.0521 	 -0.1131 	 -0.4266 	 0.0074 	 -0.1590 	 0.1896 	 -0.0693 	 0.3190 	 0.8295
2.9860 	 0.0522 	 -0.1146 	 -0.4247 	 0.0067 	 -0.1557 	 0.1978 	 -0.0719 	 0.3404 	 0.8057
2.9960 	 0.0523 	 -0.1162 	 -0.4226 	 0.0059 	 -0.1522 	 0.2057 	 -0.0777 	 0.3536 	 0.7803
3.0060 	 0.0523 	 -0.1177 	 -0.4205 	 0.0051 	 -0.1486 	 0.2134 	 -0.0825 	 0.3667 	 0.7555
3.0160 	 0.0524 	 -0.1192 	 -0.4184 	 0.0043 	 -0.1449 	 0.2209 	 -0.0867 	 0.3755 	 0.7354
3.0261 	 0.0524 	 -0.1206 	 -0.4161 	 0.0034 	 -0.1411 	 0.2281 	 -0.0899 	 0.3876 	 0.7103
3.0361 	 0.0524 	 -0.1220 	 -0.4138 	 0.0025 	 -0.1371 	 0.2351 	 -0.0916 	 0.4007 	 0.6852
3.0461 	 0.0525 	 -0.1233 	 -0.4114 	 0.0016 	 -0.1330 	 0.2419 	 -0.0962 	 0.4124 	 0.6593
3.0561 	 0.0525 	 -0.1246 	 -0.4089 	 0.0006 	 -0.1288 	 0.2484 	 -0.0928 	 0.4288 	 0.6372
3.0661 	 0.0525 	 -0.1259 	 -0.4064 	 -0.0003 	 -0.1245 	 0.2547 	 -0.0863 	 0.4449 	 0.6198
3.0762 	 0.0525 	 -0.1271 	 -0.4038 	 -0.0011 	 -0.1199 	 0.2608 	 -0.0795 	 0.4580 	 0.6066
3.0862 	 0.0525 	 -0.1283 	 -0.4012 	 -0.0019 	 -0.1153 	 0.2668 	 -0.0741 	 0.4686 	 0.5954
3.0962 	 0.0524 	 -0.1294 	 -0.3985 	 -0.0026 	 -0.1105 	 0.2727 	 -0.0701 	 0.4778 	 0.5849
3.1062 	 0.0524 	 -0.1305 	 -0.3957 	 -0.0033 	 -0.1057 	 0.2786 	 -0.0651 	 0.4875 	 0.5798
3.1162 	 0.0524 	 -0.1316 	 -0.3929 	 -0.0039 	 -0.1008 	 0.2843 	 -0.0627 	 0.4959 	 0.5686
3.1263 	 0.0523 	 -0.1326 	 -0.3900 	 -0.0045 	 -0.0958 	 0.2900 	 -0.0607 	 0.5042 	 0.5573
3.1363 	 0.0523 	 -0.1335 	 -0.3871 	 -0.0051 	 -0.0907 	 0.2955 	 -0.0580 	 0.5147 	 0.5400
3.1463 	 0.0522 	 -0.1344 	 -0.3841 	 -0.0057 	 -0.0855 	 0.3008 	 -0.0562 	 0.5227 	 0.5280
3.1563 	 0.0522 	 -0.1352 	 -0.3811 	 -0.0062 	 -0.0802 	 0.3061 	 -0.0546 	 0.5303 	 0.5161
3.1663 	 0.0521 	 -0.1360 	 -0.3780 	 -0.0067 	 -0.0749 	 0.3112 	 -0.0486 	 0.5374 	 0.5105
3.1764 	 0.0520 	 -0.1367 	 -0.3748 	 -0.0072 	 -0.0694 	 0.3162 	 -0.0484 	 0.5439 	 0.4973
3.1864 	 0.0520 	 -0.1374 	 -0.3716 	 -0.0077 	 -0.0640 	 0.3212 	 -0.0485 	 0.5498 	 0.4842
3.1964 	 0.0519 	 -0.1380 	 -0.3684 	 -0.0082 	 -0.0584 	 0.3260 	 -0.0489 	 0.5549 	 0.4708
3.2064 	 0.0518 	 -0.1385 	 -0.3651 	 -0.0087 	 -0.0528 	 0.3306 	 -0.0497 	 0.5593 	 0.4573
3.2164 	 0.0517 	 -0.1390 	 -0.3618 	 -0.0092 	 -0.0472 	 0.3351 	 -0.0488 	 0.5616 	 0.4365
3.2265 	 0.0516 	 -0.1395 	 -0.3584 	 -0.0097 	 -0.0416 	 0.3394 	 -0.0502 	 0.5644 	 0.4213
3.2365 	 0.0515 	 -0.1399 	 -0.3550 	 -0.0102 	 -0.0359 	 0.3435 	 -0.0520 	 0.5667 	 0.4052
3.2465 	 0.0514 	 -0.1402 	 -0.3515 	 -0.0107 	 -0.0302 	 0.3475 	 -0.0600 	 0.5662 	 0.3869
3.2565 	 0.0513 	 -0.1405 	 -0.3480 	 -0.0113 	 -0.0246 	 0.3513 	 -0.0634 	 0.5673 	 0.3687
3.2665 	 0.0512 	 -0.1407 	 -0.3445 	 -0.0120 	 -0.0189 	 0.3549 	 -0.0669 	 0.5686 	 0.3494
3.2766 	 0.0510 	 -0.1409 	 -0.3409 	 -0.0127 	 -0.0131 	 0.3583 	 -0.0689 	 0.5761 	 0.3282
3.2866 	 0.0509 	 -0.1410 	 -0.3373 	 -0.0134 	 -0.0074 	 0.3615 	 -0.0702 	 0.5779 	 0.3139
3.2966 	 0.0508 	 -0.1410 	 -0.3337 	 -0.0141 	 -0.0016 	 0.3645 	 -0.0731 	 0.5794 	 0.2939
3.3066 	 0.0506 	 -0.1410 	 -0.3300 	 -0.0149 	 0.0042 	 0.3673 	 -0.0757 	 0.5814 	 0.2734
3.3166 	 0.0505 	 -0.1409 	 -0.3263 	 -0.0156 	 0.0100 	 0.3699 	 -0.0791 	 0.5780 	 0.2486
3.3267 	 0.0503 	 -0.1408 	 -0.3226 	 -0.0164 	 0.0158 	 0.3723 	 -0.0811 	 0.5803 	 0.2271
3.3367 	 0.0502 	 -0.1406 	 -0.3188 	 -0.0173 	 0.0217 	 0.3745 	 -0.0827 	 0.5832 	 0.2054
3.3467 	 0.0500 	 -0.1404 	 -0.3151 	 -0.0181 	 0.0275 	 0.3764 	 -0.0812 	 0.5889 	 0.1783
3.3567 	 0.0498 	 -0.1400 	 -0.3113 	 -0.0189 	 0.0334 	 0.3781 	 -0.0826 	 0.5926 	 0.1567
3.3667 	 0.0496 	 -0.1397 	 -0.3075 	 -0.0197 	 0.0394 	 0.3796 	 -0.0837 	 0.5969 	 0.1350
3.3768 	 0.0494 	 -0.1393 	 -0.3037 	 -0.0206 	 0.0455 	 0.3808 	 -0.0809 	 0.6075 	 0.1119
3.3868 	 0.0492 	 -0.1388 	 -0.2999 	 -0.0214 	 0.0516 	 0.3818 	 -0.0812 	 0.6133 	 0.0892
3.3968 	 0.0490 	 -0.1382 	 -0.2960 	 -0.0222 	 0.0578 	 0.3826 	 -0.0811 	 0.6255 	 0.0675
3.4068 	 0.0487 	 -0.1376 	 -0.2922 	 -0.0230 	 0.0641 	 0.3832 	 -0.0813 	 0.6304 	 0.0426
3.4168 	 0.0485 	 -0.1369 	 -0.2884 	 -0.0239 	 0.0703 	 0.3835 	 -0.0870 	 0.6236 	 0.0217
3.4269 	 0.0483 	 -0.1362 	 -0.2845 	 -0.0247 	 0.0766 	 0.3836 	 -0.0880 	 0.6267 	 -0.0051
3.4369 	 0.0480 	 -0.1354 	 -0.2807 	 -0.0256 	 0.0829 	 0.3834 	 -0.0889 	 0.6297 	 -0.0340
3.4469 	 0.0477 	 -0.1345 	 -0.2768 	 -0.0265 	 0.0892 	 0.3829 	 -0.0896 	 0.6323 	 -0.0655
3.4569 	 0.0475 	 -0.1336 	 -0.2730 	 -0.0274 	 0.0955 	 0.3820 	 -0.0898 	 0.6324 	 -0.1058
3.4669 	 0.0472 	 -0.1326 	 -0.2692 	 -0.0283 	 0.1019 	 0.3808 	 -0.0893 	 0.6338 	 -0.1430
3.4770 	 0.0469 	 -0.1316 	 -0.2654 	 -0.0292 	 0.1082 	 0.3792 	 -0.0885 	 0.6345 	 -0.1760
3.4870 	 0.0466 	 -0.1305 	 -0.2616 	 -0.0301 	 0.1146 	 0.3773 	 -0.0859 	 0.6333 	 -0.2169
3.4970 	 0.0463 	 -0.1293 	 -0.2578 	 -0.0309 	 0.1209 	 0.3749 	 -0.0819 	 0.6304 	 -0.2588
3.5070 	 0.0460 	 -0.1280 	 -0.2541 	 -0.0317 	 0.1272 	 0.3721 	 -0.0767 	 0.6261 	 -0.3005
3.5170 	 0.0457 	 -0.1267 	 -0.2504 	 -0.0325 	 0.1335 	 0.3689 	 -0.0706 	 0.6218 	 -0.3289
3.5271 	 0.0453 	 -0.1254 	 -0.2467 	 -0.0331 	 0.1397 	 0.3654 	 -0.0628 	 0.6154 	 -0.3692
3.5371 	 0.0450 	 -0.1239 	 -0.2431 	 -0.0337 	 0.1458 	 0.3615 	 -0.0525 	 0.6129 	 -0.4054
3.5471 	 0.0447 	 -0.1224 	 -0.2395 	 -0.0342 	 0.1519 	 0.3572 	 -0.0411 	 0.6042 	 -0.4458
3.5571 	 0.0443 	 -0.1209 	 -0.2359 	 -0.0345 	 0.1579 	 0.3525 	 -0.0283 	 0.5932 	 -0.4869
3.5671 	 0.0440 	 -0.1193 	 -0.2324 	 -0.0347 	 0.1638 	 0.3475 	 -0.0144 	 0.5801 	 -0.5290
3.5772 	 0.0436 	 -0.1176 	 -0.2289 	 -0.0348 	 0.1695 	 0.3419 	 0.0003 	 0.5647 	 -0.5726
3.5872 	 0.0433 	 -0.1159 	 -0.2255 	 -0.0347 	 0.1751 	 0.3360 	 0.0153 	 0.5467 	 -0.6183
3.5972 	 0.0429 	 -0.1141 	 -0.2222 	 -0.0345 	 0.1805 	 0.3295 	 0.0304 	 0.5253 	 -0.6663
3.6072 	 0.0426 	 -0.1123 	 -0.2189 	 -0.0341 	 0.1856 	 0.3226 	 0.0452 	 0.4996 	 -0.7162
3.6172 	 0.0423 	 -0.1104 	 -0.2157 	 -0.0336 	 0.1905 	 0.3152 	 0.0552 	 0.4713 	 -0.7623
3.6273 	 0.0419 	 -0.1085 	 -0.2126 	 -0.0330 	 0.1950 	 0.3074 	 0.0692 	 0.4416 	 -0.8002
3.6373 	 0.0416 	 -0.1065 	 -0.2096 	 -0.0322 	 0.1993 	 0.2991 	 0.0823 	 0.4039 	 -0.8509
3.6473 	 0.0413 	 -0.1045 	 -0.2066 	 -0.0313 	 0.2031 	 0.2904 	 0.0953 	 0.3619 	 -0.9012
3.6573 	 0.0410 	 -0.1024 	 -0.2038 	 -0.0304 	 0.2065 	 0.2811 	 0.1042 	 0.3135 	 -0.9428
3.6673 	 0.0407 	 -0.1003 	 -0.2010 	 -0.0292 	 0.2094 	 0.2715 	 0.1186 	 0.2613 	 -0.9869
3.6774 	 0.0404 	 -0.0982 	 -0.1983 	 -0.0280 	 0.2117 	 0.2614 	 0.1327 	 0.2050 	 -1.0228
3.6874 	 0.0401 	 -0.0961 	 -0.1958 	 -0.0266 	 0.2135 	 0.2510 	 0.1450 	 0.1473 	 -1.0355
3.6974 	 0.0398 	 -0.0939 	 -0.1933 	 -0.0251 	 0.2147 	 0.2406 	 0.1552 	 0.0889 	 -1.0524
3.7074 	 0.0396 	 -0.0918 	 -0.1909 	 -0.0235 	 0.2153 	 0.2300 	 0.1600 	 0.0418 	 -1.0631
3.7174 	 0.0394 	 -0.0896 	 -0.1887 	 -0.0219 	 0.2155 	 0.2193 	 0.1617 	 -0.0012 	 -1.0716
3.7275 	 0.0392 	 -0.0875 	 -0.1866 	 -0.0203 	 0.2153 	 0.2084 	 0.1633 	 -0.0412 	 -1.0876
3.7375 	 0.0390 	 -0.0853 	 -0.1845 	 -0.0186 	 0.2147 	 0.1975 	 0.1647 	 -0.0806 	 -1.0985
3.7475 	 0.0388 	 -0.0832 	 -0.1826 	 -0.0169 	 0.2137 	 0.1864 	 0.1701 	 -0.1197 	 -1.1069
3.7575 	 0.0386 	 -0.0810 	 -0.1808 	 -0.0152 	 0.2123 	 0.1753 	 0.1775 	 -0.1563 	 -1.1072
3.7675 	 0.0385 	 -0.0789 	 -0.1791 	 -0.0134 	 0.2106 	 0.1642 	 0.1834 	 -0.1909 	 -1.1055
3.7776 	 0.0384 	 -0.0768 	 -0.1775 	 -0.0115 	 0.2085 	 0.1532 	 0.1884 	 -0.2249 	 -1.0910
3.7876 	 0.0383 	 -0.0747 	 -0.1760 	 -0.0096 	 0.2061 	 0.1424 	 0.1912 	 -0.2552 	 -1.0721
3.7976 	 0.0382 	 -0.0727 	 -0.1746 	 -0.0077 	 0.2034 	 0.1317 	 0.1922 	 -0.2814 	 -1.0520
3.8076 	 0.0381 	 -0.0707 	 -0.1734 	 -0.0058 	 0.2005 	 0.1213 	 0.1923 	 -0.3039 	 -1.0331
3.8176 	 0.0381 	 -0.0687 	 -0.1722 	 -0.0038 	 0.1973 	 0.1110 	 0.1919 	 -0.3226 	 -1.0097
3.8277 	 0.0380 	 -0.0667 	 -0.1711 	 -0.0019 	 0.1940 	 0.1010 	 0.1917 	 -0.3402 	 -0.9938
3.8377 	 0.0380 	 -0.0648 	 -0.1702 	 0.0000 	 0.1905 	 0.0911 	 0.1914 	 -0.3564 	 -0.9796
3.8477 	 0.0380 	 -0.0629 	 -0.1693 	 0.0019 	 0.1869 	 0.0813 	 0.1926 	 -0.3668 	 -0.9715
3.8577 	 0.0381 	 -0.0610 	 -0.1686 	 0.0039 	 0.1831 	 0.0717 	 0.1923 	 -0.3802 	 -0.9606
3.8677 	 0.0381 	 -0.0592 	 -0.1679 	 0.0058 	 0.1793 	 0.0621 	 0.1917 	 -0.3930 	 -0.9506
3.8778 	 0.0382 	 -0.0575 	 -0.1673 	 0.0077 	 0.1753 	 0.0526 	 0.1910 	 -0.4053 	 -0.9413
3.8878 	 0.0383 	 -0.0557 	 -0.1668 	 0.0096 	 0.1711 	 0.0432 	 0.1900 	 -0.4171 	 -0.9326
3.8978 	 0.0384 	 -0.0540 	 -0.1664 	 0.0115 	 0.1669 	 0.0339 	 0.1954 	 -0.4175 	 -0.9232
3.9078 	 0.0385 	 -0.0524 	 -0.1661 	 0.0135 	 0.1627 	 0.0247 	 0.1949 	 -0.4288 	 -0.9150
3.9178 	 0.0386 	 -0.0508 	 -0.1659 	 0.0154 	 0.1583 	 0.0155 	 0.1947 	 -0.4395 	 -0.9125
3.9279 	 0.0388 	 -0.0492 	 -0.1658 	 0.0174 	 0.1539 	 0.0064 	 0.1952 	 -0.4528 	 -0.8980
3.9379 	 0.0390 	 -0.0477 	 -0.1658 	 0.0193 	 0.1493 	 -0.0025 	 0.1935 	 -0.4641 	 -0.8895
3.9479 	 0.0392 	 -0.0462 	 -0.1659 	 0.0212 	 0.1445 	 -0.0114 	 0.1894 	 -0.4799 	 -0.8833
3.9579 	 0.0394 	 -0.0448 	 -0.1660 	 0.0231 	 0.1397 	 -0.0202 	 0.1877 	 -0.4903 	 -0.8741
3.9679 	 0.0396 	 -0.0434 	 -0.1663 	 0.0250 	 0.1347 	 -0.0289 	 0.1858 	 -0.5007 	 -0.8644
3.9780 	 0.0399 	 -0.0421 	 -0.1666 	 0.0268 	 0.1296 	 -0.0375 	 0.1841 	 -0.5133 	 -0.8601
3.9880 	 0.0402 	 -0.0408 	 -0.1670 	 0.0287 	 0.1244 	 -0.0460 	 0.1801 	 -0.5239 	 -0.8429
3.9980 	 0.0405 	 -0.0396 	 -0.1675 	 0.0305 	 0.1191 	 -0.0544 	 0.1779 	 -0.5338 	 -0.8310
4.0080 	 0.0408 	 -0.0384 	 -0.1681 	 0.0322 	 0.1137 	 -0.0627 	 0.1757 	 -0.5433 	 -0.8181
4.0180 	 0.0411 	 -0.0373 	 -0.1688 	 0.0340 	 0.1082 	 -0.0708 	 0.1736 	 -0.5523 	 -0.8042
4.0281 	 0.0415 	 -0.0363 	 -0.1695 	 0.0357 	 0.1027 	 -0.0788 	 0.1714 	 -0.5539 	 -0.7909
4.0381 	 0.0418 	 -0.0353 	 -0.1704 	 0.0374 	 0.0971 	 -0.0867 	 0.1697 	 -0.5602 	 -0.7754
4.0481 	 0.0422 	 -0.0343 	 -0.1713 	 0.0391 	 0.0914 	 -0.0944 	 0.1683 	 -0.5654 	 -0.7591
4.0581 	 0.0426 	 -0.0334 	 -0.1723 	 0.0408 	 0.0858 	 -0.1019 	 0.1673 	 -0.5695 	 -0.7424
4.0681 	 0.0430 	 -0.0326 	 -0.1733 	 0.0425 	 0.0800 	 -0.1092 	 0.1668 	 -0.5723 	 -0.7256
4.0782 	 0.0435 	 -0.0318 	 -0.1745 	 0.0441 	 0.0743 	 -0.1164 	 0.1667 	 -0.5739 	 -0.7091
4.0882 	 0.0439 	 -0.0311 	 -0.1757 	 0.0458 	 0.0685 	 -0.1234 	 0.1679 	 -0.5771 	 -0.6986
4.0982 	 0.0444 	 -0.0304 	 -0.1769 	 0.0475 	 0.0628 	 -0.1304 	 0.1686 	 -0.5770 	 -0.6828
4.1082 	 0.0449 	 -0.0298 	 -0.1783 	 0.0492 	 0.0570 	 -0.1371 	 0.1698 	 -0.5765 	 -0.6679
4.1182 	 0.0454 	 -0.0293 	 -0.1797 	 0.0509 	 0.0512 	 -0.1438 	 0.1720 	 -0.5798 	 -0.6536
4.1283 	 0.0459 	 -0.0288 	 -0.1811 	 0.0527 	 0.0454 	 -0.1503 	 0.1794 	 -0.5760 	 -0.6445
4.1383 	 0.0464 	 -0.0284 	 -0.1827 	 0.0545 	 0.0396 	 -0.1567 	 0.1817 	 -0.5727 	 -0.6267
4.1483 	 0.0470 	 -0.0280 	 -0.1843 	 0.0563 	 0.0339 	 -0.1629 	 0.1848 	 -0.5712 	 -0.6149
4.1583 	 0.0476 	 -0.0277 	 -0.1860 	 0.0582 	 0.0282 	 -0.1690 	 0.1882 	 -0.5700 	 -0.6037
4.1683 	 0.0482 	 -0.0275 	 -0.1877 	 0.0601 	 0.0225 	 -0.1750 	 0.1918 	 -0.5691 	 -0.5928
4.1784 	 0.0488 	 -0.0273 	 -0.1895 	 0.0620 	 0.0168 	 -0.1809 	 0.1935 	 -0.5694 	 -0.5874
4.1884 	 0.0494 	 -0.0271 	 -0.1913 	 0.0640 	 0.0111 	 -0.1867 	 0.1982 	 -0.5689 	 -0.5754
4.1984 	 0.0501 	 -0.0270 	 -0.1932 	 0.0660 	 0.0054 	 -0.1924 	 0.2032 	 -0.5685 	 -0.5629
4.2084 	 0.0507 	 -0.0270 	 -0.1952 	 0.0681 	 -0.0003 	 -0.1980 	 0.2087 	 -0.5683 	 -0.5497
4.2184 	 0.0514 	 -0.0270 	 -0.1972 	 0.0702 	 -0.0060 	 -0.2035 	 0.2146 	 -0.5679 	 -0.5355
4.2285 	 0.0521 	 -0.0271 	 -0.1992 	 0.0724 	 -0.0117 	 -0.2087 	 0.2211 	 -0.5671 	 -0.5197
4.2385 	 0.0529 	 -0.0273 	 -0.2013 	 0.0747 	 -0.0173 	 -0.2138 	 0.2322 	 -0.5608 	 -0.5006
4.2485 	 0.0536 	 -0.0275 	 -0.2035 	 0.0770 	 -0.0229 	 -0.2188 	 0.2393 	 -0.5577 	 -0.4805
4.2585 	 0.0544 	 -0.0277 	 -0.2057 	 0.0795 	 -0.0285 	 -0.2235 	 0.2459 	 -0.5525 	 -0.4583
4.2685 	 0.0552 	 -0.0281 	 -0.2080 	 0.0819 	 -0.0340 	 -0.2279 	 0.2491 	 -0.5451 	 -0.4286
4.2786 	 0.0561 	 -0.0284 	 -0.2103 	 0.0845 	 -0.0394 	 -0.2321 	 0.2524 	 -0.5358 	 -0.4053
4.2886 	 0.0569 	 -0.0288 	 -0.2126 	 0.0870 	 -0.0447 	 -0.2361 	 0.2536 	 -0.5256 	 -0.3835
4.2986 	 0.0578 	 -0.0293 	 -0.2150 	 0.0895 	 -0.0499 	 -0.2398 	 0.2522 	 -0.5097 	 -0.3669
4.3086 	 0.0587 	 -0.0298 	 -0.2174 	 0.0921 	 -0.0550 	 -0.2434 	 0.2518 	 -0.5008 	 -0.3506
4.3186 	 0.0596 	 -0.0304 	 -0.2199 	 0.0946 	 -0.0600 	 -0.2468 	 0.2508 	 -0.4932 	 -0.3360
4.3287 	 0.0606 	 -0.0310 	 -0.2224 	 0.0971 	 -0.0649 	 -0.2502 	 0.2553 	 -0.4868 	 -0.3314
4.3387 	 0.0616 	 -0.0317 	 -0.2249 	 0.0996 	 -0.0697 	 -0.2534 	 0.2541 	 -0.4806 	 -0.3188
4.3487 	 0.0626 	 -0.0324 	 -0.2275 	 0.1022 	 -0.0745 	 -0.2565 	 0.2523 	 -0.4751 	 -0.3066
4.3587 	 0.0636 	 -0.0332 	 -0.2301 	 0.1047 	 -0.0793 	 -0.2596 	 0.2498 	 -0.4702 	 -0.2944
4.3687 	 0.0647 	 -0.0340 	 -0.2327 	 0.1072 	 -0.0839 	 -0.2624 	 0.2468 	 -0.4654 	 -0.2818
4.3788 	 0.0658 	 -0.0349 	 -0.2353 	 0.1096 	 -0.0886 	 -0.2652 	 0.2431 	 -0.4605 	 -0.2683
4.3888 	 0.0669 	 -0.0358 	 -0.2380 	 0.1121 	 -0.0932 	 -0.2678 	 0.2392 	 -0.4556 	 -0.2534
4.3988 	 0.0680 	 -0.0368 	 -0.2407 	 0.1144 	 -0.0977 	 -0.2703 	 0.2350 	 -0.4510 	 -0.2364
4.4088 	 0.0692 	 -0.0378 	 -0.2434 	 0.1168 	 -0.1022 	 -0.2725 	 0.2308 	 -0.4479 	 -0.2173
4.4188 	 0.0704 	 -0.0388 	 -0.2461 	 0.1191 	 -0.1067 	 -0.2746 	 0.2267 	 -0.4469 	 -0.1972
4.4289 	 0.0716 	 -0.0399 	 -0.2489 	 0.1213 	 -0.1112 	 -0.2765 	 0.2250 	 -0.4543 	 -0.1772
4.4389 	 0.0728 	 -0.0410 	 -0.2517 	 0.1236 	 -0.1158 	 -0.2782 	 0.2204 	 -0.4564 	 -0.1601
4.4489 	 0.0741 	 -0.0422 	 -0.2545 	 0.1257 	 -0.1204 	 -0.2797 	 0.2147 	 -0.4573 	 -0.1446
4.4589 	 0.0753 	 -0.0435 	 -0.2573 	 0.1279 	 -0.1249 	 -0.2811 	 0.2077 	 -0.4568 	 -0.1300
4.4689 	 0.0766 	 -0.0447 	 -0.2601 	 0.1299 	 -0.1295 	 -0.2823 	 0.2023 	 -0.4506 	 -0.1125
4.4790 	 0.0779 	 -0.0460 	 -0.2629 	 0.1319 	 -0.1340 	 -0.2834 	 0.1917 	 -0.4476 	 -0.0991
4.4890 	 0.0793 	 -0.0474 	 -0.2658 	 0.1337 	 -0.1385 	 -0.2843 	 0.1796 	 -0.4434 	 -0.0859
4.4990 	 0.0806 	 -0.0488 	 -0.2686 	 0.1355 	 -0.1429 	 -0.2851 	 0.1659 	 -0.4381 	 -0.0730
4.5090 	 0.0820 	 -0.0503 	 -0.2715 	 0.1371 	 -0.1473 	 -0.2858 	 0.1507 	 -0.4318 	 -0.0602
4.5190 	 0.0834 	 -0.0518 	 -0.2744 	 0.1385 	 -0.1515 	 -0.2863 	 0.1344 	 -0.4243 	 -0.0475
4.5291 	 0.0847 	 -0.0533 	 -0.2772 	 0.1398 	 -0.1558 	 -0.2867 	 0.1171 	 -0.4155 	 -0.0351
4.5391 	 0.0861 	 -0.0549 	 -0.2801 	 0.1408 	 -0.1599 	 -0.2870 	 0.0991 	 -0.4055 	 -0.0233
4.5491 	 0.0876 	 -0.0565 	 -0.2830 	 0.1417 	 -0.1639 	 -0.2872 	 0.0840 	 -0.3990 	 -0.0100
4.5591 	 0.0890 	 -0.0582 	 -0.2859 	 0.1425 	 -0.1678 	 -0.2872 	 0.0642 	 -0.3863 	 -0.0006
4.5691 	 0.0904 	 -0.0599 	 -0.2887 	 0.1430 	 -0.1716 	 -0.2872 	 0.0439 	 -0.3731 	 0.0080
4.5792 	 0.0919 	 -0.0616 	 -0.2916 	 0.1434 	 -0.1753 	 -0.2871 	 0.0228 	 -0.3598 	 0.0161
4.5892 	 0.0933 	 -0.0634 	 -0.2945 	 0.1435 	 -0.1788 	 -0.2869 	 0.0009 	 -0.3463 	 0.0244
4.5992 	 0.0947 	 -0.0652 	 -0.2974 	 0.1433 	 -0.1823 	 -0.2867 	 -0.0257 	 -0.3397 	 0.0197
4.6092 	 0.0962 	 -0.0670 	 -0.3002 	 0.1430 	 -0.1856 	 -0.2864 	 -0.0503 	 -0.3262 	 0.0347
4.6192 	 0.0976 	 -0.0689 	 -0.3031 	 0.1423 	 -0.1888 	 -0.2860 	 -0.0746 	 -0.3117 	 0.0453
4.6293 	 0.0990 	 -0.0708 	 -0.3060 	 0.1415 	 -0.1919 	 -0.2855 	 -0.1016 	 -0.2962 	 0.0528
4.6393 	 0.1004 	 -0.0728 	 -0.3088 	 0.1403 	 -0.1948 	 -0.2849 	 -0.1245 	 -0.2792 	 0.0683
4.6493 	 0.1018 	 -0.0747 	 -0.3117 	 0.1390 	 -0.1975 	 -0.2842 	 -0.1460 	 -0.2612 	 0.0853
4.6593 	 0.1032 	 -0.0767 	 -0.3145 	 0.1374 	 -0.2000 	 -0.2832 	 -0.1663 	 -0.2424 	 0.1029
4.6693 	 0.1046 	 -0.0787 	 -0.3174 	 0.1356 	 -0.2023 	 -0.2821 	 -0.1860 	 -0.2234 	 0.1208
4.6794 	 0.1059 	 -0.0808 	 -0.3202 	 0.1337 	 -0.2045 	 -0.2808 	 -0.2059 	 -0.2042 	 0.1393
4.6894 	 0.1073 	 -0.0828 	 -0.3230 	 0.1315 	 -0.2064 	 -0.2793 	 -0.2268 	 -0.1845 	 0.1591
4.6994 	 0.1086 	 -0.0849 	 -0.3258 	 0.1292 	 -0.2081 	 -0.2776 	 -0.2456 	 -0.1619 	 0.1780
4.7094 	 0.1098 	 -0.0870 	 -0.3285 	 0.1266 	 -0.2096 	 -0.2757 	 -0.2701 	 -0.1385 	 0.2036
4.7194 	 0.1111 	 -0.0891 	 -0.3313 	 0.1238 	 -0.2109 	 -0.2735 	 -0.2934 	 -0.1058 	 0.2318
4.7295 	 0.1123 	 -0.0912 	 -0.3340 	 0.1207 	 -0.2118 	 -0.2711 	 -0.3201 	 -0.0757 	 0.2601
4.7395 	 0.1135 	 -0.0933 	 -0.3367 	 0.1173 	 -0.2124 	 -0.2683 	 -0.3523 	 -0.0408 	 0.2852
4.7495 	 0.1147 	 -0.0955 	 -0.3394 	 0.1137 	 -0.2126 	 -0.2653 	 -0.3824 	 -0.0002 	 0.3116
4.7595 	 0.1158 	 -0.0976 	 -0.3420 	 0.1097 	 -0.2124 	 -0.2620 	 -0.4074 	 0.0435 	 0.3481
4.7695 	 0.1169 	 -0.0997 	 -0.3446 	 0.1055 	 -0.2117 	 -0.2583 	 -0.4243 	 0.0901 	 0.3856
4.7796 	 0.1179 	 -0.1018 	 -0.3472 	 0.1012 	 -0.2106 	 -0.2543 	 -0.4357 	 0.1309 	 0.4171
4.7896 	 0.1189 	 -0.1039 	 -0.3497 	 0.0968 	 -0.2091 	 -0.2500 	 -0.4396 	 0.1698 	 0.4500
4.7996 	 0.1198 	 -0.1060 	 -0.3522 	 0.0924 	 -0.2072 	 -0.2453 	 -0.4437 	 0.2038 	 0.4820
4.8096 	 0.1207 	 -0.1081 	 -0.3547 	 0.0879 	 -0.2050 	 -0.2403 	 -0.4507 	 0.2359 	 0.5152
4.8196 	 0.1216 	 -0.1101 	 -0.3570 	 0.0834 	 -0.2025 	 -0.2350 	 -0.4601 	 0.2693 	 0.5518
4.8297 	 0.1224 	 -0.1121 	 -0.3594 	 0.0787 	 -0.1996 	 -0.2292 	 -0.4697 	 0.3056 	 0.5977
4.8397 	 0.1232 	 -0.1141 	 -0.3616 	 0.0740 	 -0.1963 	 -0.2230 	 -0.4741 	 0.3427 	 0.6395
4.8497 	 0.1239 	 -0.1161 	 -0.3638 	 0.0692 	 -0.1927 	 -0.2164 	 -0.4730 	 0.3787 	 0.6799
4.8597 	 0.1246 	 -0.1180 	 -0.3660 	 0.0645 	 -0.1887 	 -0.2094 	 -0.4717 	 0.4087 	 0.7123
4.8697 	 0.1252 	 -0.1199 	 -0.3680 	 0.0598 	 -0.1845 	 -0.2021 	 -0.4645 	 0.4404 	 0.7444
4.8798 	 0.1258 	 -0.1217 	 -0.3700 	 0.0552 	 -0.1799 	 -0.1945 	 -0.4559 	 0.4702 	 0.7732
4.8898 	 0.1263 	 -0.1235 	 -0.3719 	 0.0507 	 -0.1751 	 -0.1866 	 -0.4452 	 0.4988 	 0.7993
4.8998 	 0.1268 	 -0.1252 	 -0.3737 	 0.0463 	 -0.1699 	 -0.1785 	 -0.4317 	 0.5259 	 0.8218
4.9098 	 0.1272 	 -0.1269 	 -0.3755 	 0.0420 	 -0.1646 	 -0.1702 	 -0.4154 	 0.5547 	 0.8318
4.9198 	 0.1276 	 -0.1285 	 -0.3772 	 0.0380 	 -0.1589 	 -0.1618 	 -0.3989 	 0.5771 	 0.8423
4.9299 	 0.1280 	 -0.1301 	 -0.3787 	 0.0340 	 -0.1530 	 -0.1533 	 -0.3833 	 0.5972 	 0.8476
4.9399 	 0.1283 	 -0.1316 	 -0.3802 	 0.0303 	 -0.1470 	 -0.1448 	 -0.3680 	 0.6100 	 0.8519
4.9499 	 0.1286 	 -0.1330 	 -0.3816 	 0.0267 	 -0.1408 	 -0.1364 	 -0.3548 	 0.6250 	 0.8354
4.9599 	 0.1288 	 -0.1344 	 -0.3830 	 0.0231 	 -0.1345 	 -0.1281 	 -0.3471 	 0.6338 	 0.8183
4.9699 	 0.1291 	 -0.1357 	 -0.3842 	 0.0197 	 -0.1281 	 -0.1200 	 -0.3354 	 0.6437 	 0.8117
4.9800 	 0.1292 	 -0.1369 	 -0.3854 	 0.0164 	 -0.1216 	 -0.1119 	 -0.3266 	 0.6503 	 0.8074
4.9900 	 0.1294 	 -0.1381 	 -0.3864 	 0.0132 	 -0.1151 	 -0.1038 	 -0.3210 	 0.6548 	 0.8052
