100-Body Run with i = 31 th particle. (Units in pc,M_solar,Myr, km s-1) 

time		 x 		 y 		 z 		 xdot 		 ydot 		 zdot 		 xddot 		 yddot 		 zddot
0.0000 	 1.4199 	 -0.5211 	 -0.3909 	 -0.0100 	 -0.0254 	 -0.0252 	 -0.1440 	 0.0441 	 0.0120
0.0100 	 1.4198 	 -0.5213 	 -0.3911 	 -0.0115 	 -0.0249 	 -0.0251 	 -0.1440 	 0.0442 	 0.0120
0.0200 	 1.4197 	 -0.5216 	 -0.3914 	 -0.0129 	 -0.0245 	 -0.0250 	 -0.1440 	 0.0442 	 0.0121
0.0301 	 1.4195 	 -0.5218 	 -0.3916 	 -0.0144 	 -0.0240 	 -0.0249 	 -0.1440 	 0.0442 	 0.0121
0.0401 	 1.4194 	 -0.5220 	 -0.3919 	 -0.0158 	 -0.0236 	 -0.0247 	 -0.1440 	 0.0443 	 0.0121
0.0501 	 1.4192 	 -0.5223 	 -0.3921 	 -0.0173 	 -0.0232 	 -0.0246 	 -0.1440 	 0.0443 	 0.0121
0.0601 	 1.4190 	 -0.5225 	 -0.3924 	 -0.0187 	 -0.0227 	 -0.0245 	 -0.1440 	 0.0443 	 0.0122
0.0701 	 1.4188 	 -0.5227 	 -0.3926 	 -0.0201 	 -0.0223 	 -0.0244 	 -0.1440 	 0.0444 	 0.0122
0.0802 	 1.4186 	 -0.5230 	 -0.3929 	 -0.0216 	 -0.0218 	 -0.0243 	 -0.1440 	 0.0444 	 0.0122
0.0902 	 1.4184 	 -0.5232 	 -0.3931 	 -0.0230 	 -0.0214 	 -0.0241 	 -0.1440 	 0.0445 	 0.0123
0.1002 	 1.4182 	 -0.5234 	 -0.3934 	 -0.0245 	 -0.0209 	 -0.0240 	 -0.1440 	 0.0445 	 0.0123
0.1102 	 1.4179 	 -0.5236 	 -0.3936 	 -0.0259 	 -0.0205 	 -0.0239 	 -0.1441 	 0.0446 	 0.0123
0.1202 	 1.4176 	 -0.5238 	 -0.3938 	 -0.0274 	 -0.0200 	 -0.0238 	 -0.1441 	 0.0446 	 0.0124
0.1303 	 1.4174 	 -0.5240 	 -0.3941 	 -0.0288 	 -0.0196 	 -0.0236 	 -0.1441 	 0.0447 	 0.0124
0.1403 	 1.4171 	 -0.5242 	 -0.3943 	 -0.0302 	 -0.0191 	 -0.0235 	 -0.1441 	 0.0447 	 0.0124
0.1503 	 1.4168 	 -0.5244 	 -0.3945 	 -0.0317 	 -0.0187 	 -0.0234 	 -0.1442 	 0.0448 	 0.0125
0.1603 	 1.4164 	 -0.5246 	 -0.3948 	 -0.0331 	 -0.0182 	 -0.0233 	 -0.1442 	 0.0448 	 0.0125
0.1703 	 1.4161 	 -0.5247 	 -0.3950 	 -0.0346 	 -0.0178 	 -0.0231 	 -0.1442 	 0.0449 	 0.0125
0.1804 	 1.4157 	 -0.5249 	 -0.3952 	 -0.0360 	 -0.0173 	 -0.0230 	 -0.1443 	 0.0449 	 0.0126
0.1904 	 1.4154 	 -0.5251 	 -0.3955 	 -0.0375 	 -0.0169 	 -0.0229 	 -0.1443 	 0.0450 	 0.0126
0.2004 	 1.4150 	 -0.5253 	 -0.3957 	 -0.0389 	 -0.0164 	 -0.0228 	 -0.1443 	 0.0450 	 0.0127
0.2104 	 1.4146 	 -0.5254 	 -0.3959 	 -0.0404 	 -0.0160 	 -0.0226 	 -0.1444 	 0.0451 	 0.0127
0.2204 	 1.4142 	 -0.5256 	 -0.3962 	 -0.0418 	 -0.0155 	 -0.0225 	 -0.1444 	 0.0452 	 0.0128
0.2305 	 1.4138 	 -0.5257 	 -0.3964 	 -0.0433 	 -0.0151 	 -0.0224 	 -0.1445 	 0.0452 	 0.0128
0.2405 	 1.4133 	 -0.5259 	 -0.3966 	 -0.0447 	 -0.0146 	 -0.0222 	 -0.1446 	 0.0453 	 0.0128
0.2505 	 1.4129 	 -0.5260 	 -0.3968 	 -0.0461 	 -0.0142 	 -0.0221 	 -0.1446 	 0.0453 	 0.0129
0.2605 	 1.4124 	 -0.5262 	 -0.3970 	 -0.0476 	 -0.0137 	 -0.0220 	 -0.1447 	 0.0454 	 0.0129
0.2705 	 1.4119 	 -0.5263 	 -0.3973 	 -0.0490 	 -0.0133 	 -0.0219 	 -0.1447 	 0.0455 	 0.0130
0.2806 	 1.4114 	 -0.5264 	 -0.3975 	 -0.0505 	 -0.0128 	 -0.0217 	 -0.1448 	 0.0455 	 0.0130
0.2906 	 1.4109 	 -0.5266 	 -0.3977 	 -0.0520 	 -0.0124 	 -0.0216 	 -0.1449 	 0.0456 	 0.0131
0.3006 	 1.4104 	 -0.5267 	 -0.3979 	 -0.0534 	 -0.0119 	 -0.0215 	 -0.1450 	 0.0457 	 0.0131
0.3106 	 1.4098 	 -0.5268 	 -0.3981 	 -0.0549 	 -0.0114 	 -0.0213 	 -0.1450 	 0.0458 	 0.0132
0.3206 	 1.4093 	 -0.5269 	 -0.3983 	 -0.0563 	 -0.0110 	 -0.0212 	 -0.1451 	 0.0458 	 0.0133
0.3307 	 1.4087 	 -0.5270 	 -0.3986 	 -0.0578 	 -0.0105 	 -0.0211 	 -0.1452 	 0.0459 	 0.0133
0.3407 	 1.4081 	 -0.5271 	 -0.3988 	 -0.0592 	 -0.0101 	 -0.0209 	 -0.1453 	 0.0460 	 0.0134
0.3507 	 1.4075 	 -0.5272 	 -0.3990 	 -0.0607 	 -0.0096 	 -0.0208 	 -0.1454 	 0.0461 	 0.0134
0.3607 	 1.4069 	 -0.5273 	 -0.3992 	 -0.0621 	 -0.0091 	 -0.0207 	 -0.1455 	 0.0462 	 0.0135
0.3707 	 1.4063 	 -0.5274 	 -0.3994 	 -0.0636 	 -0.0087 	 -0.0205 	 -0.1456 	 0.0462 	 0.0135
0.3808 	 1.4056 	 -0.5275 	 -0.3996 	 -0.0651 	 -0.0082 	 -0.0204 	 -0.1457 	 0.0463 	 0.0136
0.3908 	 1.4050 	 -0.5276 	 -0.3998 	 -0.0665 	 -0.0077 	 -0.0203 	 -0.1458 	 0.0464 	 0.0137
0.4008 	 1.4043 	 -0.5276 	 -0.4000 	 -0.0680 	 -0.0073 	 -0.0201 	 -0.1459 	 0.0465 	 0.0137
0.4108 	 1.4036 	 -0.5277 	 -0.4002 	 -0.0694 	 -0.0068 	 -0.0200 	 -0.1460 	 0.0466 	 0.0138
0.4208 	 1.4029 	 -0.5278 	 -0.4004 	 -0.0709 	 -0.0063 	 -0.0198 	 -0.1461 	 0.0467 	 0.0138
0.4309 	 1.4022 	 -0.5278 	 -0.4006 	 -0.0724 	 -0.0059 	 -0.0197 	 -0.1463 	 0.0468 	 0.0139
0.4409 	 1.4014 	 -0.5279 	 -0.4008 	 -0.0738 	 -0.0054 	 -0.0196 	 -0.1464 	 0.0469 	 0.0140
0.4509 	 1.4007 	 -0.5279 	 -0.4010 	 -0.0753 	 -0.0049 	 -0.0194 	 -0.1465 	 0.0469 	 0.0140
0.4609 	 1.3999 	 -0.5280 	 -0.4012 	 -0.0768 	 -0.0045 	 -0.0193 	 -0.1466 	 0.0470 	 0.0141
0.4709 	 1.3992 	 -0.5280 	 -0.4014 	 -0.0782 	 -0.0040 	 -0.0191 	 -0.1468 	 0.0471 	 0.0142
0.4810 	 1.3984 	 -0.5281 	 -0.4016 	 -0.0797 	 -0.0035 	 -0.0190 	 -0.1469 	 0.0472 	 0.0143
0.4910 	 1.3976 	 -0.5281 	 -0.4018 	 -0.0812 	 -0.0031 	 -0.0189 	 -0.1470 	 0.0473 	 0.0143
0.5010 	 1.3967 	 -0.5281 	 -0.4019 	 -0.0827 	 -0.0026 	 -0.0187 	 -0.1472 	 0.0474 	 0.0144
0.5110 	 1.3959 	 -0.5282 	 -0.4021 	 -0.0841 	 -0.0021 	 -0.0186 	 -0.1473 	 0.0475 	 0.0145
0.5210 	 1.3951 	 -0.5282 	 -0.4023 	 -0.0856 	 -0.0016 	 -0.0184 	 -0.1475 	 0.0477 	 0.0146
0.5311 	 1.3942 	 -0.5282 	 -0.4025 	 -0.0871 	 -0.0011 	 -0.0183 	 -0.1476 	 0.0478 	 0.0146
0.5411 	 1.3933 	 -0.5282 	 -0.4027 	 -0.0886 	 -0.0007 	 -0.0181 	 -0.1478 	 0.0479 	 0.0147
0.5511 	 1.3924 	 -0.5282 	 -0.4029 	 -0.0900 	 -0.0002 	 -0.0180 	 -0.1480 	 0.0480 	 0.0148
0.5611 	 1.3915 	 -0.5282 	 -0.4030 	 -0.0915 	 0.0003 	 -0.0178 	 -0.1481 	 0.0481 	 0.0149
0.5711 	 1.3906 	 -0.5282 	 -0.4032 	 -0.0930 	 0.0008 	 -0.0177 	 -0.1483 	 0.0482 	 0.0150
0.5812 	 1.3896 	 -0.5282 	 -0.4034 	 -0.0945 	 0.0013 	 -0.0175 	 -0.1485 	 0.0483 	 0.0151
0.5912 	 1.3887 	 -0.5282 	 -0.4036 	 -0.0960 	 0.0017 	 -0.0174 	 -0.1487 	 0.0484 	 0.0151
0.6012 	 1.3877 	 -0.5281 	 -0.4037 	 -0.0975 	 0.0022 	 -0.0172 	 -0.1488 	 0.0486 	 0.0152
0.6112 	 1.3867 	 -0.5281 	 -0.4039 	 -0.0990 	 0.0027 	 -0.0171 	 -0.1490 	 0.0487 	 0.0153
0.6212 	 1.3857 	 -0.5281 	 -0.4041 	 -0.1005 	 0.0032 	 -0.0169 	 -0.1492 	 0.0488 	 0.0154
0.6313 	 1.3847 	 -0.5281 	 -0.4043 	 -0.1020 	 0.0037 	 -0.0168 	 -0.1494 	 0.0489 	 0.0155
0.6413 	 1.3837 	 -0.5280 	 -0.4044 	 -0.1035 	 0.0042 	 -0.0166 	 -0.1496 	 0.0490 	 0.0156
0.6513 	 1.3826 	 -0.5280 	 -0.4046 	 -0.1050 	 0.0047 	 -0.0165 	 -0.1498 	 0.0492 	 0.0157
0.6613 	 1.3816 	 -0.5279 	 -0.4048 	 -0.1065 	 0.0052 	 -0.0163 	 -0.1500 	 0.0493 	 0.0158
0.6713 	 1.3805 	 -0.5279 	 -0.4049 	 -0.1080 	 0.0057 	 -0.0161 	 -0.1502 	 0.0494 	 0.0159
0.6814 	 1.3794 	 -0.5278 	 -0.4051 	 -0.1095 	 0.0062 	 -0.0160 	 -0.1505 	 0.0496 	 0.0160
0.6914 	 1.3783 	 -0.5277 	 -0.4052 	 -0.1110 	 0.0067 	 -0.0158 	 -0.1507 	 0.0497 	 0.0161
0.7014 	 1.3772 	 -0.5277 	 -0.4054 	 -0.1125 	 0.0072 	 -0.0157 	 -0.1509 	 0.0498 	 0.0162
0.7114 	 1.3761 	 -0.5276 	 -0.4055 	 -0.1140 	 0.0077 	 -0.0155 	 -0.1511 	 0.0500 	 0.0163
0.7214 	 1.3749 	 -0.5275 	 -0.4057 	 -0.1155 	 0.0082 	 -0.0153 	 -0.1514 	 0.0501 	 0.0164
0.7315 	 1.3737 	 -0.5274 	 -0.4059 	 -0.1170 	 0.0087 	 -0.0152 	 -0.1516 	 0.0503 	 0.0165
0.7415 	 1.3726 	 -0.5274 	 -0.4060 	 -0.1186 	 0.0092 	 -0.0150 	 -0.1519 	 0.0504 	 0.0166
0.7515 	 1.3714 	 -0.5273 	 -0.4062 	 -0.1201 	 0.0097 	 -0.0148 	 -0.1521 	 0.0506 	 0.0167
0.7615 	 1.3702 	 -0.5272 	 -0.4063 	 -0.1216 	 0.0102 	 -0.0147 	 -0.1524 	 0.0507 	 0.0168
0.7715 	 1.3689 	 -0.5271 	 -0.4065 	 -0.1231 	 0.0107 	 -0.0145 	 -0.1526 	 0.0509 	 0.0169
0.7816 	 1.3677 	 -0.5269 	 -0.4066 	 -0.1247 	 0.0112 	 -0.0143 	 -0.1529 	 0.0510 	 0.0171
0.7916 	 1.3664 	 -0.5268 	 -0.4067 	 -0.1262 	 0.0117 	 -0.0142 	 -0.1531 	 0.0512 	 0.0172
0.8016 	 1.3652 	 -0.5267 	 -0.4069 	 -0.1277 	 0.0122 	 -0.0140 	 -0.1534 	 0.0513 	 0.0173
0.8116 	 1.3639 	 -0.5266 	 -0.4070 	 -0.1293 	 0.0127 	 -0.0138 	 -0.1537 	 0.0515 	 0.0174
0.8216 	 1.3626 	 -0.5265 	 -0.4072 	 -0.1308 	 0.0133 	 -0.0136 	 -0.1540 	 0.0516 	 0.0175
0.8317 	 1.3613 	 -0.5263 	 -0.4073 	 -0.1324 	 0.0138 	 -0.0135 	 -0.1543 	 0.0518 	 0.0177
0.8417 	 1.3599 	 -0.5262 	 -0.4074 	 -0.1339 	 0.0143 	 -0.0133 	 -0.1546 	 0.0520 	 0.0178
0.8517 	 1.3586 	 -0.5260 	 -0.4076 	 -0.1355 	 0.0148 	 -0.0131 	 -0.1549 	 0.0521 	 0.0179
0.8617 	 1.3572 	 -0.5259 	 -0.4077 	 -0.1370 	 0.0153 	 -0.0129 	 -0.1552 	 0.0523 	 0.0180
0.8717 	 1.3558 	 -0.5257 	 -0.4078 	 -0.1386 	 0.0159 	 -0.0127 	 -0.1555 	 0.0525 	 0.0182
0.8818 	 1.3544 	 -0.5256 	 -0.4079 	 -0.1401 	 0.0164 	 -0.0126 	 -0.1558 	 0.0526 	 0.0183
0.8918 	 1.3530 	 -0.5254 	 -0.4081 	 -0.1417 	 0.0169 	 -0.0124 	 -0.1561 	 0.0528 	 0.0184
0.9018 	 1.3516 	 -0.5252 	 -0.4082 	 -0.1433 	 0.0175 	 -0.0122 	 -0.1564 	 0.0530 	 0.0186
0.9118 	 1.3501 	 -0.5250 	 -0.4083 	 -0.1448 	 0.0180 	 -0.0120 	 -0.1568 	 0.0532 	 0.0187
0.9218 	 1.3487 	 -0.5249 	 -0.4084 	 -0.1464 	 0.0185 	 -0.0118 	 -0.1571 	 0.0534 	 0.0188
0.9319 	 1.3472 	 -0.5247 	 -0.4085 	 -0.1480 	 0.0191 	 -0.0116 	 -0.1575 	 0.0535 	 0.0190
0.9419 	 1.3457 	 -0.5245 	 -0.4087 	 -0.1496 	 0.0196 	 -0.0114 	 -0.1578 	 0.0537 	 0.0191
0.9519 	 1.3442 	 -0.5243 	 -0.4088 	 -0.1511 	 0.0201 	 -0.0112 	 -0.1582 	 0.0539 	 0.0192
0.9619 	 1.3427 	 -0.5241 	 -0.4089 	 -0.1527 	 0.0207 	 -0.0110 	 -0.1585 	 0.0541 	 0.0194
0.9719 	 1.3412 	 -0.5239 	 -0.4090 	 -0.1543 	 0.0212 	 -0.0109 	 -0.1589 	 0.0543 	 0.0195
0.9820 	 1.3396 	 -0.5237 	 -0.4091 	 -0.1559 	 0.0218 	 -0.0107 	 -0.1593 	 0.0545 	 0.0197
0.9920 	 1.3380 	 -0.5234 	 -0.4092 	 -0.1575 	 0.0223 	 -0.0105 	 -0.1596 	 0.0547 	 0.0198
1.0020 	 1.3364 	 -0.5232 	 -0.4093 	 -0.1591 	 0.0229 	 -0.0103 	 -0.1600 	 0.0549 	 0.0199
1.0120 	 1.3348 	 -0.5230 	 -0.4094 	 -0.1607 	 0.0234 	 -0.0101 	 -0.1604 	 0.0551 	 0.0201
1.0220 	 1.3332 	 -0.5227 	 -0.4095 	 -0.1623 	 0.0240 	 -0.0099 	 -0.1608 	 0.0553 	 0.0202
1.0321 	 1.3316 	 -0.5225 	 -0.4096 	 -0.1639 	 0.0245 	 -0.0097 	 -0.1612 	 0.0555 	 0.0204
1.0421 	 1.3299 	 -0.5222 	 -0.4097 	 -0.1656 	 0.0251 	 -0.0094 	 -0.1616 	 0.0558 	 0.0205
1.0521 	 1.3283 	 -0.5220 	 -0.4098 	 -0.1672 	 0.0256 	 -0.0092 	 -0.1620 	 0.0560 	 0.0206
1.0621 	 1.3266 	 -0.5217 	 -0.4099 	 -0.1688 	 0.0262 	 -0.0090 	 -0.1624 	 0.0562 	 0.0208
1.0721 	 1.3249 	 -0.5215 	 -0.4100 	 -0.1704 	 0.0268 	 -0.0088 	 -0.1629 	 0.0564 	 0.0209
1.0822 	 1.3232 	 -0.5212 	 -0.4101 	 -0.1721 	 0.0273 	 -0.0086 	 -0.1633 	 0.0566 	 0.0211
1.0922 	 1.3214 	 -0.5209 	 -0.4102 	 -0.1737 	 0.0279 	 -0.0084 	 -0.1637 	 0.0569 	 0.0212
1.1022 	 1.3197 	 -0.5206 	 -0.4102 	 -0.1753 	 0.0285 	 -0.0082 	 -0.1642 	 0.0571 	 0.0213
1.1122 	 1.3179 	 -0.5203 	 -0.4103 	 -0.1770 	 0.0290 	 -0.0080 	 -0.1646 	 0.0573 	 0.0215
1.1222 	 1.3161 	 -0.5201 	 -0.4104 	 -0.1786 	 0.0296 	 -0.0078 	 -0.1651 	 0.0576 	 0.0216
1.1323 	 1.3143 	 -0.5198 	 -0.4105 	 -0.1803 	 0.0302 	 -0.0075 	 -0.1655 	 0.0578 	 0.0217
1.1423 	 1.3125 	 -0.5194 	 -0.4106 	 -0.1820 	 0.0308 	 -0.0073 	 -0.1660 	 0.0581 	 0.0219
1.1523 	 1.3107 	 -0.5191 	 -0.4106 	 -0.1836 	 0.0314 	 -0.0071 	 -0.1665 	 0.0583 	 0.0220
1.1623 	 1.3089 	 -0.5188 	 -0.4107 	 -0.1853 	 0.0319 	 -0.0069 	 -0.1669 	 0.0586 	 0.0221
1.1723 	 1.3070 	 -0.5185 	 -0.4108 	 -0.1870 	 0.0325 	 -0.0067 	 -0.1674 	 0.0588 	 0.0222
1.1824 	 1.3051 	 -0.5182 	 -0.4108 	 -0.1887 	 0.0331 	 -0.0064 	 -0.1679 	 0.0591 	 0.0224
1.1924 	 1.3032 	 -0.5178 	 -0.4109 	 -0.1903 	 0.0337 	 -0.0062 	 -0.1684 	 0.0594 	 0.0225
1.2024 	 1.3013 	 -0.5175 	 -0.4110 	 -0.1920 	 0.0343 	 -0.0060 	 -0.1689 	 0.0596 	 0.0226
1.2124 	 1.2994 	 -0.5171 	 -0.4110 	 -0.1937 	 0.0349 	 -0.0058 	 -0.1695 	 0.0599 	 0.0227
1.2224 	 1.2974 	 -0.5168 	 -0.4111 	 -0.1954 	 0.0355 	 -0.0055 	 -0.1700 	 0.0602 	 0.0228
1.2325 	 1.2954 	 -0.5164 	 -0.4111 	 -0.1971 	 0.0361 	 -0.0053 	 -0.1705 	 0.0604 	 0.0229
1.2425 	 1.2935 	 -0.5161 	 -0.4112 	 -0.1988 	 0.0367 	 -0.0051 	 -0.1711 	 0.0607 	 0.0231
1.2525 	 1.2915 	 -0.5157 	 -0.4112 	 -0.2006 	 0.0373 	 -0.0048 	 -0.1716 	 0.0610 	 0.0232
1.2625 	 1.2894 	 -0.5153 	 -0.4113 	 -0.2023 	 0.0379 	 -0.0046 	 -0.1722 	 0.0613 	 0.0233
1.2725 	 1.2874 	 -0.5149 	 -0.4113 	 -0.2040 	 0.0386 	 -0.0044 	 -0.1727 	 0.0616 	 0.0234
1.2826 	 1.2853 	 -0.5145 	 -0.4114 	 -0.2057 	 0.0392 	 -0.0041 	 -0.1733 	 0.0619 	 0.0235
1.2926 	 1.2833 	 -0.5142 	 -0.4114 	 -0.2075 	 0.0398 	 -0.0039 	 -0.1739 	 0.0622 	 0.0235
1.3026 	 1.2812 	 -0.5138 	 -0.4114 	 -0.2092 	 0.0404 	 -0.0037 	 -0.1744 	 0.0625 	 0.0236
1.3126 	 1.2791 	 -0.5133 	 -0.4115 	 -0.2110 	 0.0411 	 -0.0034 	 -0.1750 	 0.0628 	 0.0237
1.3226 	 1.2770 	 -0.5129 	 -0.4115 	 -0.2127 	 0.0417 	 -0.0032 	 -0.1756 	 0.0631 	 0.0238
1.3327 	 1.2748 	 -0.5125 	 -0.4115 	 -0.2145 	 0.0423 	 -0.0030 	 -0.1762 	 0.0635 	 0.0239
1.3427 	 1.2727 	 -0.5121 	 -0.4116 	 -0.2163 	 0.0430 	 -0.0027 	 -0.1769 	 0.0638 	 0.0240
1.3527 	 1.2705 	 -0.5116 	 -0.4116 	 -0.2180 	 0.0436 	 -0.0025 	 -0.1775 	 0.0641 	 0.0240
1.3627 	 1.2683 	 -0.5112 	 -0.4116 	 -0.2198 	 0.0442 	 -0.0022 	 -0.1781 	 0.0644 	 0.0241
1.3727 	 1.2661 	 -0.5108 	 -0.4116 	 -0.2216 	 0.0449 	 -0.0020 	 -0.1788 	 0.0648 	 0.0242
1.3828 	 1.2639 	 -0.5103 	 -0.4117 	 -0.2234 	 0.0455 	 -0.0017 	 -0.1794 	 0.0651 	 0.0243
1.3928 	 1.2616 	 -0.5098 	 -0.4117 	 -0.2252 	 0.0462 	 -0.0015 	 -0.1801 	 0.0655 	 0.0243
1.4028 	 1.2593 	 -0.5094 	 -0.4117 	 -0.2270 	 0.0469 	 -0.0013 	 -0.1807 	 0.0658 	 0.0244
1.4128 	 1.2571 	 -0.5089 	 -0.4117 	 -0.2288 	 0.0475 	 -0.0010 	 -0.1814 	 0.0662 	 0.0244
1.4228 	 1.2548 	 -0.5084 	 -0.4117 	 -0.2306 	 0.0482 	 -0.0008 	 -0.1821 	 0.0665 	 0.0245
1.4329 	 1.2524 	 -0.5079 	 -0.4117 	 -0.2325 	 0.0488 	 -0.0005 	 -0.1828 	 0.0669 	 0.0246
1.4429 	 1.2501 	 -0.5075 	 -0.4117 	 -0.2343 	 0.0495 	 -0.0003 	 -0.1835 	 0.0672 	 0.0246
1.4529 	 1.2477 	 -0.5070 	 -0.4117 	 -0.2362 	 0.0502 	 -0.0000 	 -0.1842 	 0.0676 	 0.0247
1.4629 	 1.2454 	 -0.5064 	 -0.4117 	 -0.2380 	 0.0509 	 0.0002 	 -0.1849 	 0.0680 	 0.0247
1.4729 	 1.2430 	 -0.5059 	 -0.4117 	 -0.2399 	 0.0516 	 0.0005 	 -0.1856 	 0.0684 	 0.0248
1.4830 	 1.2406 	 -0.5054 	 -0.4117 	 -0.2417 	 0.0522 	 0.0007 	 -0.1864 	 0.0687 	 0.0248
1.4930 	 1.2381 	 -0.5049 	 -0.4117 	 -0.2436 	 0.0529 	 0.0010 	 -0.1871 	 0.0691 	 0.0249
1.5030 	 1.2357 	 -0.5044 	 -0.4117 	 -0.2455 	 0.0536 	 0.0012 	 -0.1879 	 0.0695 	 0.0249
1.5130 	 1.2332 	 -0.5038 	 -0.4117 	 -0.2474 	 0.0543 	 0.0015 	 -0.1886 	 0.0699 	 0.0249
1.5230 	 1.2307 	 -0.5033 	 -0.4117 	 -0.2493 	 0.0550 	 0.0017 	 -0.1894 	 0.0703 	 0.0250
1.5331 	 1.2282 	 -0.5027 	 -0.4116 	 -0.2512 	 0.0557 	 0.0020 	 -0.1902 	 0.0707 	 0.0250
1.5431 	 1.2257 	 -0.5021 	 -0.4116 	 -0.2531 	 0.0564 	 0.0022 	 -0.1910 	 0.0711 	 0.0251
1.5531 	 1.2231 	 -0.5016 	 -0.4116 	 -0.2550 	 0.0572 	 0.0025 	 -0.1918 	 0.0715 	 0.0251
1.5631 	 1.2206 	 -0.5010 	 -0.4116 	 -0.2569 	 0.0579 	 0.0027 	 -0.1926 	 0.0720 	 0.0251
1.5731 	 1.2180 	 -0.5004 	 -0.4115 	 -0.2588 	 0.0586 	 0.0030 	 -0.1934 	 0.0724 	 0.0252
1.5832 	 1.2154 	 -0.4998 	 -0.4115 	 -0.2608 	 0.0593 	 0.0032 	 -0.1942 	 0.0728 	 0.0252
1.5932 	 1.2128 	 -0.4992 	 -0.4115 	 -0.2627 	 0.0601 	 0.0035 	 -0.1951 	 0.0732 	 0.0252
1.6032 	 1.2101 	 -0.4986 	 -0.4114 	 -0.2647 	 0.0608 	 0.0037 	 -0.1959 	 0.0737 	 0.0253
1.6132 	 1.2075 	 -0.4980 	 -0.4114 	 -0.2667 	 0.0615 	 0.0040 	 -0.1968 	 0.0741 	 0.0253
1.6232 	 1.2048 	 -0.4974 	 -0.4114 	 -0.2686 	 0.0623 	 0.0042 	 -0.1976 	 0.0745 	 0.0253
1.6333 	 1.2021 	 -0.4968 	 -0.4113 	 -0.2706 	 0.0630 	 0.0045 	 -0.1985 	 0.0750 	 0.0253
1.6433 	 1.1994 	 -0.4961 	 -0.4113 	 -0.2726 	 0.0638 	 0.0047 	 -0.1994 	 0.0754 	 0.0254
1.6533 	 1.1966 	 -0.4955 	 -0.4112 	 -0.2746 	 0.0645 	 0.0050 	 -0.2003 	 0.0759 	 0.0254
1.6633 	 1.1939 	 -0.4948 	 -0.4112 	 -0.2766 	 0.0653 	 0.0052 	 -0.2013 	 0.0764 	 0.0254
1.6733 	 1.1911 	 -0.4942 	 -0.4111 	 -0.2786 	 0.0661 	 0.0055 	 -0.2022 	 0.0768 	 0.0255
1.6834 	 1.1883 	 -0.4935 	 -0.4111 	 -0.2807 	 0.0668 	 0.0058 	 -0.2031 	 0.0773 	 0.0255
1.6934 	 1.1854 	 -0.4928 	 -0.4110 	 -0.2827 	 0.0676 	 0.0060 	 -0.2041 	 0.0778 	 0.0255
1.7034 	 1.1826 	 -0.4922 	 -0.4109 	 -0.2848 	 0.0684 	 0.0063 	 -0.2050 	 0.0782 	 0.0256
1.7134 	 1.1797 	 -0.4915 	 -0.4109 	 -0.2868 	 0.0692 	 0.0065 	 -0.2060 	 0.0787 	 0.0256
1.7234 	 1.1769 	 -0.4908 	 -0.4108 	 -0.2889 	 0.0700 	 0.0068 	 -0.2070 	 0.0792 	 0.0257
1.7335 	 1.1739 	 -0.4901 	 -0.4107 	 -0.2910 	 0.0708 	 0.0070 	 -0.2080 	 0.0797 	 0.0257
1.7435 	 1.1710 	 -0.4893 	 -0.4107 	 -0.2931 	 0.0716 	 0.0073 	 -0.2090 	 0.0802 	 0.0257
1.7535 	 1.1681 	 -0.4886 	 -0.4106 	 -0.2952 	 0.0724 	 0.0076 	 -0.2101 	 0.0807 	 0.0258
1.7635 	 1.1651 	 -0.4879 	 -0.4105 	 -0.2973 	 0.0732 	 0.0078 	 -0.2111 	 0.0812 	 0.0258
1.7735 	 1.1621 	 -0.4872 	 -0.4104 	 -0.2994 	 0.0740 	 0.0081 	 -0.2121 	 0.0817 	 0.0259
1.7836 	 1.1591 	 -0.4864 	 -0.4104 	 -0.3015 	 0.0748 	 0.0083 	 -0.2132 	 0.0822 	 0.0259
1.7936 	 1.1561 	 -0.4857 	 -0.4103 	 -0.3037 	 0.0757 	 0.0086 	 -0.2143 	 0.0827 	 0.0260
1.8036 	 1.1530 	 -0.4849 	 -0.4102 	 -0.3058 	 0.0765 	 0.0089 	 -0.2154 	 0.0832 	 0.0260
1.8136 	 1.1499 	 -0.4841 	 -0.4101 	 -0.3080 	 0.0773 	 0.0091 	 -0.2165 	 0.0838 	 0.0261
1.8236 	 1.1468 	 -0.4833 	 -0.4100 	 -0.3102 	 0.0782 	 0.0094 	 -0.2176 	 0.0843 	 0.0262
1.8337 	 1.1437 	 -0.4826 	 -0.4099 	 -0.3123 	 0.0790 	 0.0096 	 -0.2188 	 0.0848 	 0.0262
1.8437 	 1.1406 	 -0.4818 	 -0.4098 	 -0.3145 	 0.0799 	 0.0099 	 -0.2199 	 0.0854 	 0.0263
1.8537 	 1.1374 	 -0.4810 	 -0.4097 	 -0.3168 	 0.0807 	 0.0102 	 -0.2211 	 0.0859 	 0.0264
1.8637 	 1.1342 	 -0.4801 	 -0.4096 	 -0.3190 	 0.0816 	 0.0104 	 -0.2223 	 0.0865 	 0.0264
1.8737 	 1.1310 	 -0.4793 	 -0.4095 	 -0.3212 	 0.0825 	 0.0107 	 -0.2235 	 0.0871 	 0.0265
1.8838 	 1.1278 	 -0.4785 	 -0.4094 	 -0.3235 	 0.0833 	 0.0110 	 -0.2247 	 0.0876 	 0.0266
1.8938 	 1.1246 	 -0.4777 	 -0.4093 	 -0.3257 	 0.0842 	 0.0112 	 -0.2259 	 0.0882 	 0.0267
1.9038 	 1.1213 	 -0.4768 	 -0.4092 	 -0.3280 	 0.0851 	 0.0115 	 -0.2272 	 0.0888 	 0.0268
1.9138 	 1.1180 	 -0.4759 	 -0.4090 	 -0.3303 	 0.0860 	 0.0118 	 -0.2284 	 0.0894 	 0.0269
1.9238 	 1.1147 	 -0.4751 	 -0.4089 	 -0.3326 	 0.0869 	 0.0120 	 -0.2297 	 0.0899 	 0.0270
1.9339 	 1.1113 	 -0.4742 	 -0.4088 	 -0.3349 	 0.0878 	 0.0123 	 -0.2310 	 0.0905 	 0.0271
1.9439 	 1.1079 	 -0.4733 	 -0.4087 	 -0.3372 	 0.0887 	 0.0126 	 -0.2323 	 0.0912 	 0.0272
1.9539 	 1.1046 	 -0.4724 	 -0.4086 	 -0.3395 	 0.0896 	 0.0129 	 -0.2337 	 0.0918 	 0.0273
1.9639 	 1.1011 	 -0.4715 	 -0.4084 	 -0.3419 	 0.0905 	 0.0131 	 -0.2350 	 0.0924 	 0.0274
1.9739 	 1.0977 	 -0.4706 	 -0.4083 	 -0.3442 	 0.0915 	 0.0134 	 -0.2364 	 0.0930 	 0.0275
1.9840 	 1.0942 	 -0.4697 	 -0.4082 	 -0.3466 	 0.0924 	 0.0137 	 -0.2378 	 0.0937 	 0.0277
1.9940 	 1.0908 	 -0.4688 	 -0.4080 	 -0.3490 	 0.0934 	 0.0140 	 -0.2392 	 0.0943 	 0.0278
2.0040 	 1.0873 	 -0.4678 	 -0.4079 	 -0.3514 	 0.0943 	 0.0142 	 -0.2406 	 0.0950 	 0.0279
2.0140 	 1.0837 	 -0.4669 	 -0.4077 	 -0.3538 	 0.0953 	 0.0145 	 -0.2421 	 0.0956 	 0.0281
2.0240 	 1.0802 	 -0.4659 	 -0.4076 	 -0.3563 	 0.0962 	 0.0148 	 -0.2436 	 0.0963 	 0.0282
2.0341 	 1.0766 	 -0.4649 	 -0.4074 	 -0.3587 	 0.0972 	 0.0151 	 -0.2450 	 0.0970 	 0.0284
2.0441 	 1.0730 	 -0.4640 	 -0.4073 	 -0.3612 	 0.0982 	 0.0154 	 -0.2466 	 0.0977 	 0.0286
2.0541 	 1.0693 	 -0.4630 	 -0.4071 	 -0.3636 	 0.0991 	 0.0157 	 -0.2481 	 0.0984 	 0.0287
2.0641 	 1.0657 	 -0.4620 	 -0.4070 	 -0.3661 	 0.1001 	 0.0159 	 -0.2497 	 0.0991 	 0.0289
2.0741 	 1.0620 	 -0.4610 	 -0.4068 	 -0.3686 	 0.1011 	 0.0162 	 -0.2512 	 0.0998 	 0.0291
2.0842 	 1.0583 	 -0.4600 	 -0.4066 	 -0.3712 	 0.1021 	 0.0165 	 -0.2528 	 0.1006 	 0.0293
2.0942 	 1.0546 	 -0.4589 	 -0.4065 	 -0.3737 	 0.1031 	 0.0168 	 -0.2545 	 0.1013 	 0.0295
2.1042 	 1.0508 	 -0.4579 	 -0.4063 	 -0.3763 	 0.1042 	 0.0171 	 -0.2561 	 0.1021 	 0.0297
2.1142 	 1.0470 	 -0.4568 	 -0.4061 	 -0.3788 	 0.1052 	 0.0174 	 -0.2578 	 0.1029 	 0.0299
2.1242 	 1.0432 	 -0.4558 	 -0.4060 	 -0.3814 	 0.1062 	 0.0177 	 -0.2595 	 0.1037 	 0.0301
2.1343 	 1.0394 	 -0.4547 	 -0.4058 	 -0.3840 	 0.1073 	 0.0180 	 -0.2612 	 0.1045 	 0.0304
2.1443 	 1.0355 	 -0.4536 	 -0.4056 	 -0.3867 	 0.1083 	 0.0183 	 -0.2630 	 0.1053 	 0.0306
2.1543 	 1.0316 	 -0.4525 	 -0.4054 	 -0.3893 	 0.1094 	 0.0186 	 -0.2648 	 0.1062 	 0.0309
2.1643 	 1.0277 	 -0.4514 	 -0.4052 	 -0.3920 	 0.1105 	 0.0189 	 -0.2666 	 0.1070 	 0.0311
2.1743 	 1.0238 	 -0.4503 	 -0.4050 	 -0.3947 	 0.1115 	 0.0193 	 -0.2685 	 0.1079 	 0.0314
2.1844 	 1.0198 	 -0.4492 	 -0.4048 	 -0.3974 	 0.1126 	 0.0196 	 -0.2703 	 0.1088 	 0.0317
2.1944 	 1.0158 	 -0.4481 	 -0.4046 	 -0.4001 	 0.1137 	 0.0199 	 -0.2722 	 0.1097 	 0.0319
2.2044 	 1.0118 	 -0.4469 	 -0.4044 	 -0.4028 	 0.1148 	 0.0202 	 -0.2742 	 0.1106 	 0.0322
2.2144 	 1.0077 	 -0.4458 	 -0.4042 	 -0.4056 	 0.1159 	 0.0205 	 -0.2762 	 0.1116 	 0.0325
2.2244 	 1.0037 	 -0.4446 	 -0.4040 	 -0.4084 	 0.1170 	 0.0209 	 -0.2782 	 0.1125 	 0.0328
2.2345 	 0.9996 	 -0.4434 	 -0.4038 	 -0.4111 	 0.1182 	 0.0212 	 -0.2802 	 0.1135 	 0.0332
2.2445 	 0.9954 	 -0.4422 	 -0.4036 	 -0.4140 	 0.1193 	 0.0215 	 -0.2823 	 0.1145 	 0.0335
2.2545 	 0.9913 	 -0.4410 	 -0.4034 	 -0.4168 	 0.1205 	 0.0219 	 -0.2844 	 0.1155 	 0.0338
2.2645 	 0.9871 	 -0.4398 	 -0.4032 	 -0.4197 	 0.1216 	 0.0222 	 -0.2866 	 0.1166 	 0.0342
2.2745 	 0.9828 	 -0.4386 	 -0.4029 	 -0.4225 	 0.1228 	 0.0226 	 -0.2888 	 0.1177 	 0.0346
2.2846 	 0.9786 	 -0.4374 	 -0.4027 	 -0.4255 	 0.1240 	 0.0229 	 -0.2910 	 0.1188 	 0.0349
2.2946 	 0.9743 	 -0.4361 	 -0.4025 	 -0.4284 	 0.1252 	 0.0233 	 -0.2933 	 0.1199 	 0.0353
2.3046 	 0.9700 	 -0.4348 	 -0.4022 	 -0.4313 	 0.1264 	 0.0236 	 -0.2956 	 0.1210 	 0.0357
2.3146 	 0.9657 	 -0.4336 	 -0.4020 	 -0.4343 	 0.1276 	 0.0240 	 -0.2980 	 0.1222 	 0.0361
2.3246 	 0.9613 	 -0.4323 	 -0.4018 	 -0.4373 	 0.1288 	 0.0243 	 -0.3004 	 0.1234 	 0.0365
2.3347 	 0.9569 	 -0.4310 	 -0.4015 	 -0.4403 	 0.1301 	 0.0247 	 -0.3029 	 0.1246 	 0.0369
2.3447 	 0.9525 	 -0.4297 	 -0.4013 	 -0.4434 	 0.1313 	 0.0251 	 -0.3054 	 0.1258 	 0.0374
2.3547 	 0.9480 	 -0.4284 	 -0.4010 	 -0.4464 	 0.1326 	 0.0254 	 -0.3080 	 0.1271 	 0.0378
2.3647 	 0.9435 	 -0.4270 	 -0.4008 	 -0.4495 	 0.1339 	 0.0258 	 -0.3106 	 0.1284 	 0.0383
2.3747 	 0.9390 	 -0.4257 	 -0.4005 	 -0.4527 	 0.1352 	 0.0262 	 -0.3133 	 0.1297 	 0.0388
2.3848 	 0.9345 	 -0.4243 	 -0.4002 	 -0.4558 	 0.1365 	 0.0266 	 -0.3161 	 0.1310 	 0.0392
2.3948 	 0.9299 	 -0.4229 	 -0.4000 	 -0.4590 	 0.1378 	 0.0270 	 -0.3189 	 0.1324 	 0.0397
2.4048 	 0.9253 	 -0.4216 	 -0.3997 	 -0.4622 	 0.1391 	 0.0274 	 -0.3217 	 0.1338 	 0.0402
2.4148 	 0.9206 	 -0.4201 	 -0.3994 	 -0.4655 	 0.1405 	 0.0278 	 -0.3247 	 0.1353 	 0.0407
2.4248 	 0.9159 	 -0.4187 	 -0.3991 	 -0.4687 	 0.1419 	 0.0282 	 -0.3277 	 0.1368 	 0.0412
2.4349 	 0.9112 	 -0.4173 	 -0.3989 	 -0.4720 	 0.1432 	 0.0286 	 -0.3307 	 0.1383 	 0.0417
2.4449 	 0.9065 	 -0.4159 	 -0.3986 	 -0.4754 	 0.1446 	 0.0291 	 -0.3339 	 0.1398 	 0.0423
2.4549 	 0.9017 	 -0.4144 	 -0.3983 	 -0.4787 	 0.1460 	 0.0295 	 -0.3371 	 0.1414 	 0.0428
2.4649 	 0.8969 	 -0.4129 	 -0.3980 	 -0.4821 	 0.1475 	 0.0299 	 -0.3404 	 0.1430 	 0.0433
2.4749 	 0.8920 	 -0.4115 	 -0.3977 	 -0.4855 	 0.1489 	 0.0303 	 -0.3438 	 0.1446 	 0.0439
2.4850 	 0.8872 	 -0.4100 	 -0.3974 	 -0.4890 	 0.1504 	 0.0308 	 -0.3473 	 0.1463 	 0.0444
2.4950 	 0.8822 	 -0.4084 	 -0.3971 	 -0.4925 	 0.1518 	 0.0312 	 -0.3508 	 0.1480 	 0.0449
2.5050 	 0.8773 	 -0.4069 	 -0.3967 	 -0.4960 	 0.1533 	 0.0317 	 -0.3545 	 0.1498 	 0.0455
2.5150 	 0.8723 	 -0.4054 	 -0.3964 	 -0.4996 	 0.1548 	 0.0322 	 -0.3582 	 0.1516 	 0.0460
2.5251 	 0.8673 	 -0.4038 	 -0.3961 	 -0.5032 	 0.1564 	 0.0326 	 -0.3620 	 0.1535 	 0.0466
2.5351 	 0.8622 	 -0.4022 	 -0.3958 	 -0.5069 	 0.1579 	 0.0331 	 -0.3660 	 0.1554 	 0.0471
2.5451 	 0.8571 	 -0.4006 	 -0.3954 	 -0.5105 	 0.1595 	 0.0336 	 -0.3700 	 0.1573 	 0.0477
2.5551 	 0.8520 	 -0.3990 	 -0.3951 	 -0.5143 	 0.1611 	 0.0340 	 -0.3742 	 0.1593 	 0.0482
2.5651 	 0.8468 	 -0.3974 	 -0.3947 	 -0.5180 	 0.1627 	 0.0345 	 -0.3784 	 0.1613 	 0.0488
2.5752 	 0.8416 	 -0.3958 	 -0.3944 	 -0.5219 	 0.1643 	 0.0350 	 -0.3828 	 0.1634 	 0.0493
2.5852 	 0.8364 	 -0.3941 	 -0.3940 	 -0.5257 	 0.1659 	 0.0355 	 -0.3873 	 0.1655 	 0.0498
2.5952 	 0.8311 	 -0.3925 	 -0.3937 	 -0.5296 	 0.1676 	 0.0360 	 -0.3919 	 0.1677 	 0.0504
2.6052 	 0.8257 	 -0.3908 	 -0.3933 	 -0.5336 	 0.1693 	 0.0365 	 -0.3966 	 0.1699 	 0.0509
2.6152 	 0.8204 	 -0.3891 	 -0.3930 	 -0.5376 	 0.1710 	 0.0370 	 -0.4014 	 0.1722 	 0.0514
2.6253 	 0.8150 	 -0.3873 	 -0.3926 	 -0.5416 	 0.1728 	 0.0376 	 -0.4064 	 0.1746 	 0.0519
2.6353 	 0.8095 	 -0.3856 	 -0.3922 	 -0.5457 	 0.1745 	 0.0381 	 -0.4115 	 0.1770 	 0.0524
2.6453 	 0.8040 	 -0.3838 	 -0.3918 	 -0.5499 	 0.1763 	 0.0386 	 -0.4168 	 0.1794 	 0.0529
2.6553 	 0.7985 	 -0.3821 	 -0.3914 	 -0.5541 	 0.1781 	 0.0391 	 -0.4221 	 0.1820 	 0.0533
2.6653 	 0.7929 	 -0.3803 	 -0.3910 	 -0.5583 	 0.1799 	 0.0397 	 -0.4276 	 0.1846 	 0.0538
2.6754 	 0.7873 	 -0.3785 	 -0.3906 	 -0.5626 	 0.1818 	 0.0402 	 -0.4333 	 0.1872 	 0.0542
2.6854 	 0.7817 	 -0.3766 	 -0.3902 	 -0.5670 	 0.1837 	 0.0408 	 -0.4391 	 0.1900 	 0.0547
2.6954 	 0.7759 	 -0.3748 	 -0.3898 	 -0.5714 	 0.1856 	 0.0413 	 -0.4451 	 0.1928 	 0.0551
2.7054 	 0.7702 	 -0.3729 	 -0.3894 	 -0.5759 	 0.1876 	 0.0419 	 -0.4511 	 0.1957 	 0.0555
2.7154 	 0.7644 	 -0.3710 	 -0.3890 	 -0.5805 	 0.1895 	 0.0424 	 -0.4574 	 0.1986 	 0.0559
2.7255 	 0.7586 	 -0.3691 	 -0.3886 	 -0.5851 	 0.1915 	 0.0430 	 -0.4638 	 0.2017 	 0.0563
2.7355 	 0.7527 	 -0.3672 	 -0.3881 	 -0.5898 	 0.1936 	 0.0435 	 -0.4703 	 0.2048 	 0.0567
2.7455 	 0.7467 	 -0.3652 	 -0.3877 	 -0.5945 	 0.1956 	 0.0441 	 -0.4770 	 0.2080 	 0.0570
2.7555 	 0.7408 	 -0.3633 	 -0.3872 	 -0.5993 	 0.1978 	 0.0447 	 -0.4839 	 0.2113 	 0.0574
2.7655 	 0.7347 	 -0.3613 	 -0.3868 	 -0.6042 	 0.1999 	 0.0453 	 -0.4909 	 0.2147 	 0.0577
2.7756 	 0.7287 	 -0.3593 	 -0.3863 	 -0.6092 	 0.2021 	 0.0458 	 -0.4980 	 0.2182 	 0.0581
2.7856 	 0.7225 	 -0.3572 	 -0.3859 	 -0.6142 	 0.2043 	 0.0464 	 -0.5054 	 0.2219 	 0.0584
2.7956 	 0.7163 	 -0.3552 	 -0.3854 	 -0.6193 	 0.2065 	 0.0470 	 -0.5128 	 0.2256 	 0.0588
2.8056 	 0.7101 	 -0.3531 	 -0.3849 	 -0.6245 	 0.2088 	 0.0476 	 -0.5263 	 0.2300 	 0.0568
2.8156 	 0.7038 	 -0.3510 	 -0.3844 	 -0.6298 	 0.2111 	 0.0482 	 -0.5336 	 0.2339 	 0.0573
2.8257 	 0.6975 	 -0.3488 	 -0.3840 	 -0.6352 	 0.2135 	 0.0488 	 -0.5410 	 0.2380 	 0.0577
2.8357 	 0.6911 	 -0.3467 	 -0.3835 	 -0.6406 	 0.2159 	 0.0493 	 -0.5487 	 0.2422 	 0.0583
2.8457 	 0.6847 	 -0.3445 	 -0.3830 	 -0.6462 	 0.2183 	 0.0499 	 -0.5566 	 0.2466 	 0.0588
2.8557 	 0.6782 	 -0.3423 	 -0.3825 	 -0.6518 	 0.2208 	 0.0505 	 -0.5648 	 0.2512 	 0.0594
2.8657 	 0.6716 	 -0.3401 	 -0.3820 	 -0.6575 	 0.2234 	 0.0511 	 -0.5731 	 0.2560 	 0.0601
2.8758 	 0.6650 	 -0.3378 	 -0.3814 	 -0.6633 	 0.2259 	 0.0517 	 -0.5818 	 0.2609 	 0.0608
2.8858 	 0.6583 	 -0.3356 	 -0.3809 	 -0.6691 	 0.2286 	 0.0523 	 -0.5906 	 0.2662 	 0.0616
2.8958 	 0.6516 	 -0.3333 	 -0.3804 	 -0.6751 	 0.2313 	 0.0530 	 -0.5998 	 0.2716 	 0.0624
2.9058 	 0.6448 	 -0.3309 	 -0.3799 	 -0.6812 	 0.2340 	 0.0536 	 -0.6093 	 0.2774 	 0.0633
2.9158 	 0.6379 	 -0.3286 	 -0.3793 	 -0.6873 	 0.2368 	 0.0542 	 -0.6191 	 0.2833 	 0.0643
2.9259 	 0.6310 	 -0.3262 	 -0.3788 	 -0.6936 	 0.2397 	 0.0549 	 -0.6292 	 0.2896 	 0.0653
2.9359 	 0.6240 	 -0.3238 	 -0.3782 	 -0.6999 	 0.2426 	 0.0555 	 -0.6396 	 0.2962 	 0.0664
2.9459 	 0.6170 	 -0.3213 	 -0.3777 	 -0.7064 	 0.2456 	 0.0562 	 -0.6504 	 0.3031 	 0.0676
2.9559 	 0.6099 	 -0.3188 	 -0.3771 	 -0.7130 	 0.2487 	 0.0569 	 -0.6617 	 0.3104 	 0.0689
2.9659 	 0.6027 	 -0.3163 	 -0.3765 	 -0.7197 	 0.2519 	 0.0576 	 -0.6733 	 0.3180 	 0.0702
2.9760 	 0.5954 	 -0.3138 	 -0.3759 	 -0.7265 	 0.2551 	 0.0583 	 -0.6854 	 0.3260 	 0.0717
2.9860 	 0.5881 	 -0.3112 	 -0.3753 	 -0.7334 	 0.2584 	 0.0590 	 -0.6979 	 0.3345 	 0.0733
2.9960 	 0.5807 	 -0.3086 	 -0.3748 	 -0.7404 	 0.2618 	 0.0598 	 -0.7109 	 0.3434 	 0.0750
3.0060 	 0.5733 	 -0.3060 	 -0.3742 	 -0.7476 	 0.2653 	 0.0605 	 -0.7245 	 0.3528 	 0.0768
3.0160 	 0.5658 	 -0.3033 	 -0.3735 	 -0.7550 	 0.2689 	 0.0613 	 -0.7387 	 0.3626 	 0.0788
3.0261 	 0.5582 	 -0.3006 	 -0.3729 	 -0.7625 	 0.2726 	 0.0621 	 -0.7554 	 0.3782 	 0.0829
3.0361 	 0.5505 	 -0.2978 	 -0.3723 	 -0.7701 	 0.2765 	 0.0630 	 -0.7744 	 0.3910 	 0.0863
3.0461 	 0.5427 	 -0.2950 	 -0.3717 	 -0.7780 	 0.2805 	 0.0639 	 -0.7904 	 0.4067 	 0.0886
3.0561 	 0.5349 	 -0.2922 	 -0.3710 	 -0.7860 	 0.2846 	 0.0647 	 -0.8048 	 0.4168 	 0.0904
3.0661 	 0.5270 	 -0.2893 	 -0.3704 	 -0.7941 	 0.2888 	 0.0657 	 -0.8201 	 0.4274 	 0.0922
3.0762 	 0.5190 	 -0.2864 	 -0.3697 	 -0.8025 	 0.2932 	 0.0666 	 -0.8398 	 0.4404 	 0.0964
3.0862 	 0.5109 	 -0.2835 	 -0.3690 	 -0.8109 	 0.2977 	 0.0676 	 -0.8553 	 0.4513 	 0.0975
3.0962 	 0.5027 	 -0.2805 	 -0.3683 	 -0.8196 	 0.3022 	 0.0686 	 -0.8717 	 0.4628 	 0.0987
3.1062 	 0.4945 	 -0.2774 	 -0.3677 	 -0.8284 	 0.3069 	 0.0696 	 -0.8868 	 0.4763 	 0.1058
3.1162 	 0.4861 	 -0.2743 	 -0.3670 	 -0.8374 	 0.3118 	 0.0706 	 -0.9106 	 0.4906 	 0.1070
3.1263 	 0.4777 	 -0.2712 	 -0.3662 	 -0.8467 	 0.3168 	 0.0717 	 -0.9292 	 0.5039 	 0.1089
3.1363 	 0.4691 	 -0.2680 	 -0.3655 	 -0.8561 	 0.3219 	 0.0728 	 -0.9491 	 0.5178 	 0.1109
3.1463 	 0.4605 	 -0.2647 	 -0.3648 	 -0.8657 	 0.3272 	 0.0739 	 -0.9793 	 0.5400 	 0.1139
3.1563 	 0.4518 	 -0.2614 	 -0.3640 	 -0.8756 	 0.3326 	 0.0751 	 -1.0058 	 0.5541 	 0.1185
3.1663 	 0.4430 	 -0.2580 	 -0.3633 	 -0.8860 	 0.3384 	 0.0763 	 -1.0442 	 0.5788 	 0.1190
3.1764 	 0.4340 	 -0.2546 	 -0.3625 	 -0.8967 	 0.3443 	 0.0775 	 -1.0862 	 0.5997 	 0.1197
3.1864 	 0.4250 	 -0.2511 	 -0.3617 	 -0.9077 	 0.3504 	 0.0787 	 -1.1253 	 0.6215 	 0.1217
3.1964 	 0.4158 	 -0.2476 	 -0.3609 	 -0.9190 	 0.3567 	 0.0799 	 -1.1349 	 0.6295 	 0.1224
3.2064 	 0.4066 	 -0.2440 	 -0.3601 	 -0.9305 	 0.3630 	 0.0811 	 -1.1546 	 0.6424 	 0.1222
3.2164 	 0.3972 	 -0.2403 	 -0.3593 	 -0.9422 	 0.3695 	 0.0823 	 -1.1822 	 0.6582 	 0.1139
3.2265 	 0.3877 	 -0.2366 	 -0.3585 	 -0.9542 	 0.3762 	 0.0834 	 -1.2043 	 0.6695 	 0.1158
3.2365 	 0.3781 	 -0.2328 	 -0.3576 	 -0.9664 	 0.3830 	 0.0846 	 -1.2246 	 0.6803 	 0.1233
3.2465 	 0.3683 	 -0.2289 	 -0.3568 	 -0.9787 	 0.3898 	 0.0859 	 -1.2411 	 0.6888 	 0.1310
3.2565 	 0.3585 	 -0.2250 	 -0.3559 	 -0.9912 	 0.3967 	 0.0872 	 -1.2533 	 0.6878 	 0.1361
3.2665 	 0.3485 	 -0.2210 	 -0.3550 	 -1.0038 	 0.4036 	 0.0886 	 -1.2687 	 0.6881 	 0.1426
3.2766 	 0.3383 	 -0.2169 	 -0.3541 	 -1.0165 	 0.4105 	 0.0900 	 -1.2683 	 0.6877 	 0.1430
3.2866 	 0.3281 	 -0.2127 	 -0.3532 	 -1.0291 	 0.4174 	 0.0915 	 -1.2663 	 0.6893 	 0.1400
3.2966 	 0.3177 	 -0.2085 	 -0.3523 	 -1.0418 	 0.4243 	 0.0929 	 -1.2609 	 0.6856 	 0.1432
3.3066 	 0.3072 	 -0.2042 	 -0.3514 	 -1.0544 	 0.4311 	 0.0943 	 -1.2476 	 0.6783 	 0.1448
3.3166 	 0.2966 	 -0.1999 	 -0.3504 	 -1.0669 	 0.4379 	 0.0957 	 -1.2453 	 0.6749 	 0.1441
3.3267 	 0.2858 	 -0.1955 	 -0.3494 	 -1.0792 	 0.4446 	 0.0972 	 -1.2081 	 0.6551 	 0.1352
3.3367 	 0.2750 	 -0.1910 	 -0.3485 	 -1.0912 	 0.4511 	 0.0984 	 -1.1856 	 0.6485 	 0.1162
3.3467 	 0.2640 	 -0.1864 	 -0.3475 	 -1.1030 	 0.4575 	 0.0995 	 -1.1640 	 0.6359 	 0.1087
3.3567 	 0.2529 	 -0.1818 	 -0.3465 	 -1.1145 	 0.4638 	 0.1006 	 -1.1410 	 0.6226 	 0.1066
3.3667 	 0.2416 	 -0.1771 	 -0.3455 	 -1.1258 	 0.4700 	 0.1017 	 -1.1159 	 0.6081 	 0.1070
3.3768 	 0.2303 	 -0.1724 	 -0.3444 	 -1.1369 	 0.4760 	 0.1028 	 -1.0928 	 0.5952 	 0.1121
3.3868 	 0.2189 	 -0.1676 	 -0.3434 	 -1.1477 	 0.4819 	 0.1039 	 -1.0611 	 0.5773 	 0.1149
3.3968 	 0.2073 	 -0.1627 	 -0.3423 	 -1.1582 	 0.4876 	 0.1050 	 -1.0358 	 0.5560 	 0.1106
3.4068 	 0.1956 	 -0.1578 	 -0.3413 	 -1.1684 	 0.4930 	 0.1062 	 -0.9978 	 0.5320 	 0.1177
3.4168 	 0.1839 	 -0.1528 	 -0.3402 	 -1.1782 	 0.4982 	 0.1074 	 -0.9564 	 0.5058 	 0.1261
3.4269 	 0.1720 	 -0.1478 	 -0.3391 	 -1.1876 	 0.5031 	 0.1087 	 -0.9113 	 0.4771 	 0.1361
3.4369 	 0.1601 	 -0.1428 	 -0.3380 	 -1.1965 	 0.5078 	 0.1101 	 -0.8624 	 0.4461 	 0.1478
3.4469 	 0.1481 	 -0.1377 	 -0.3369 	 -1.2049 	 0.5121 	 0.1117 	 -0.8135 	 0.4140 	 0.1663
3.4569 	 0.1359 	 -0.1325 	 -0.3358 	 -1.2127 	 0.5160 	 0.1134 	 -0.7547 	 0.3777 	 0.1837
3.4669 	 0.1238 	 -0.1273 	 -0.3347 	 -1.2200 	 0.5196 	 0.1154 	 -0.6912 	 0.3397 	 0.2111
3.4770 	 0.1115 	 -0.1221 	 -0.3335 	 -1.2265 	 0.5228 	 0.1176 	 -0.6159 	 0.2961 	 0.2365
3.4870 	 0.0992 	 -0.1168 	 -0.3323 	 -1.2323 	 0.5255 	 0.1202 	 -0.5323 	 0.2440 	 0.2709
3.4970 	 0.0868 	 -0.1116 	 -0.3311 	 -1.2371 	 0.5277 	 0.1231 	 -0.4286 	 0.1893 	 0.3069
3.5070 	 0.0744 	 -0.1063 	 -0.3298 	 -1.2408 	 0.5293 	 0.1263 	 -0.3035 	 0.1308 	 0.3443
3.5170 	 0.0620 	 -0.1010 	 -0.3285 	 -1.2431 	 0.5303 	 0.1299 	 -0.1582 	 0.0712 	 0.3767
3.5271 	 0.0495 	 -0.0957 	 -0.3272 	 -1.2439 	 0.5308 	 0.1338 	 -0.0002 	 0.0104 	 0.3955
3.5371 	 0.0370 	 -0.0903 	 -0.3259 	 -1.2431 	 0.5305 	 0.1378 	 0.1602 	 -0.0506 	 0.3902
3.5471 	 0.0246 	 -0.0850 	 -0.3245 	 -1.2407 	 0.5297 	 0.1415 	 0.3323 	 -0.1200 	 0.3451
3.5571 	 0.0122 	 -0.0797 	 -0.3230 	 -1.2365 	 0.5282 	 0.1449 	 0.4904 	 -0.1853 	 0.3248
3.5671 	 -0.0002 	 -0.0744 	 -0.3216 	 -1.2310 	 0.5261 	 0.1480 	 0.6154 	 -0.2385 	 0.2963
3.5772 	 -0.0125 	 -0.0692 	 -0.3201 	 -1.2243 	 0.5234 	 0.1508 	 0.7205 	 -0.2824 	 0.2695
3.5872 	 -0.0247 	 -0.0640 	 -0.3185 	 -1.2166 	 0.5204 	 0.1534 	 0.8124 	 -0.3224 	 0.2359
3.5972 	 -0.0368 	 -0.0588 	 -0.3170 	 -1.2081 	 0.5170 	 0.1556 	 0.8855 	 -0.3546 	 0.1997
3.6072 	 -0.0489 	 -0.0536 	 -0.3154 	 -1.1989 	 0.5133 	 0.1574 	 0.9473 	 -0.3902 	 0.1682
3.6172 	 -0.0609 	 -0.0485 	 -0.3138 	 -1.1891 	 0.5092 	 0.1590 	 1.0050 	 -0.4188 	 0.1399
3.6273 	 -0.0727 	 -0.0434 	 -0.3122 	 -1.1788 	 0.5049 	 0.1602 	 1.0549 	 -0.4364 	 0.1198
3.6373 	 -0.0845 	 -0.0384 	 -0.3106 	 -1.1680 	 0.5004 	 0.1613 	 1.0987 	 -0.4582 	 0.0979
3.6473 	 -0.0961 	 -0.0334 	 -0.3090 	 -1.1568 	 0.4957 	 0.1622 	 1.1341 	 -0.4734 	 0.0830
3.6573 	 -0.1077 	 -0.0284 	 -0.3074 	 -1.1453 	 0.4909 	 0.1630 	 1.1622 	 -0.4906 	 0.0722
3.6673 	 -0.1191 	 -0.0235 	 -0.3057 	 -1.1335 	 0.4859 	 0.1636 	 1.1904 	 -0.5059 	 0.0595
3.6774 	 -0.1304 	 -0.0187 	 -0.3041 	 -1.1214 	 0.4808 	 0.1642 	 1.2152 	 -0.5195 	 0.0486
3.6874 	 -0.1416 	 -0.0139 	 -0.3025 	 -1.1092 	 0.4756 	 0.1647 	 1.2211 	 -0.5198 	 0.0478
3.6974 	 -0.1526 	 -0.0092 	 -0.3008 	 -1.0969 	 0.4703 	 0.1651 	 1.2374 	 -0.5286 	 0.0407
3.7074 	 -0.1635 	 -0.0045 	 -0.2991 	 -1.0844 	 0.4650 	 0.1655 	 1.2516 	 -0.5364 	 0.0348
3.7174 	 -0.1743 	 0.0002 	 -0.2975 	 -1.0718 	 0.4596 	 0.1658 	 1.2605 	 -0.5412 	 0.0352
3.7275 	 -0.1850 	 0.0047 	 -0.2958 	 -1.0591 	 0.4541 	 0.1662 	 1.2705 	 -0.5466 	 0.0321
3.7375 	 -0.1956 	 0.0093 	 -0.2942 	 -1.0464 	 0.4486 	 0.1665 	 1.2746 	 -0.5460 	 0.0289
3.7475 	 -0.2060 	 0.0137 	 -0.2925 	 -1.0336 	 0.4431 	 0.1668 	 1.2811 	 -0.5485 	 0.0265
3.7575 	 -0.2163 	 0.0181 	 -0.2908 	 -1.0207 	 0.4376 	 0.1670 	 1.2869 	 -0.5505 	 0.0244
3.7675 	 -0.2264 	 0.0225 	 -0.2891 	 -1.0078 	 0.4321 	 0.1673 	 1.2870 	 -0.5485 	 0.0252
3.7776 	 -0.2365 	 0.0268 	 -0.2875 	 -0.9949 	 0.4266 	 0.1675 	 1.2800 	 -0.5425 	 0.0276
3.7876 	 -0.2464 	 0.0311 	 -0.2858 	 -0.9821 	 0.4212 	 0.1678 	 1.2810 	 -0.5415 	 0.0272
3.7976 	 -0.2562 	 0.0352 	 -0.2841 	 -0.9693 	 0.4158 	 0.1680 	 1.2819 	 -0.5404 	 0.0266
3.8076 	 -0.2658 	 0.0394 	 -0.2824 	 -0.9564 	 0.4104 	 0.1683 	 1.2827 	 -0.5393 	 0.0259
3.8176 	 -0.2753 	 0.0435 	 -0.2807 	 -0.9435 	 0.4050 	 0.1686 	 1.2836 	 -0.5382 	 0.0251
3.8277 	 -0.2847 	 0.0475 	 -0.2790 	 -0.9308 	 0.3997 	 0.1688 	 1.2641 	 -0.5279 	 0.0280
3.8377 	 -0.2940 	 0.0515 	 -0.2773 	 -0.9183 	 0.3944 	 0.1691 	 1.2484 	 -0.5196 	 0.0281
3.8477 	 -0.3031 	 0.0554 	 -0.2756 	 -0.9058 	 0.3892 	 0.1694 	 1.2373 	 -0.5136 	 0.0285
3.8577 	 -0.3121 	 0.0593 	 -0.2739 	 -0.8936 	 0.3842 	 0.1697 	 1.1984 	 -0.4968 	 0.0297
3.8677 	 -0.3210 	 0.0631 	 -0.2722 	 -0.8818 	 0.3793 	 0.1700 	 1.1559 	 -0.4813 	 0.0338
3.8778 	 -0.3298 	 0.0669 	 -0.2705 	 -0.8705 	 0.3746 	 0.1704 	 1.1151 	 -0.4643 	 0.0331
3.8878 	 -0.3385 	 0.0706 	 -0.2688 	 -0.8597 	 0.3701 	 0.1707 	 1.0520 	 -0.4375 	 0.0294
3.8978 	 -0.3470 	 0.0743 	 -0.2671 	 -0.8493 	 0.3658 	 0.1709 	 1.0163 	 -0.4229 	 0.0274
3.9078 	 -0.3555 	 0.0779 	 -0.2654 	 -0.8392 	 0.3616 	 0.1712 	 0.9867 	 -0.4102 	 0.0289
3.9178 	 -0.3639 	 0.0815 	 -0.2637 	 -0.8295 	 0.3575 	 0.1716 	 0.9644 	 -0.3960 	 0.0340
3.9279 	 -0.3721 	 0.0851 	 -0.2620 	 -0.8200 	 0.3537 	 0.1719 	 0.9314 	 -0.3817 	 0.0302
3.9379 	 -0.3803 	 0.0886 	 -0.2602 	 -0.8107 	 0.3499 	 0.1722 	 0.9101 	 -0.3727 	 0.0303
3.9479 	 -0.3884 	 0.0921 	 -0.2585 	 -0.8017 	 0.3462 	 0.1725 	 0.8902 	 -0.3642 	 0.0304
3.9579 	 -0.3964 	 0.0956 	 -0.2568 	 -0.7929 	 0.3426 	 0.1728 	 0.8716 	 -0.3562 	 0.0307
3.9679 	 -0.4043 	 0.0990 	 -0.2551 	 -0.7843 	 0.3391 	 0.1731 	 0.8485 	 -0.3446 	 0.0324
3.9780 	 -0.4121 	 0.1024 	 -0.2533 	 -0.7759 	 0.3357 	 0.1734 	 0.8311 	 -0.3369 	 0.0329
3.9880 	 -0.4198 	 0.1057 	 -0.2516 	 -0.7676 	 0.3323 	 0.1738 	 0.8147 	 -0.3297 	 0.0334
3.9980 	 -0.4275 	 0.1090 	 -0.2498 	 -0.7596 	 0.3291 	 0.1741 	 0.7991 	 -0.3229 	 0.0339
4.0080 	 -0.4350 	 0.1123 	 -0.2481 	 -0.7517 	 0.3259 	 0.1745 	 0.7778 	 -0.3140 	 0.0363
4.0180 	 -0.4425 	 0.1156 	 -0.2463 	 -0.7440 	 0.3228 	 0.1748 	 0.7628 	 -0.3075 	 0.0369
4.0281 	 -0.4499 	 0.1188 	 -0.2446 	 -0.7364 	 0.3197 	 0.1752 	 0.7485 	 -0.3013 	 0.0376
4.0381 	 -0.4573 	 0.1220 	 -0.2428 	 -0.7290 	 0.3167 	 0.1756 	 0.7349 	 -0.2955 	 0.0381
4.0481 	 -0.4646 	 0.1251 	 -0.2411 	 -0.7217 	 0.3138 	 0.1759 	 0.7169 	 -0.2882 	 0.0342
4.0581 	 -0.4718 	 0.1283 	 -0.2393 	 -0.7146 	 0.3110 	 0.1762 	 0.7000 	 -0.2776 	 0.0302
4.0681 	 -0.4789 	 0.1314 	 -0.2375 	 -0.7077 	 0.3082 	 0.1765 	 0.6870 	 -0.2716 	 0.0297
4.0782 	 -0.4859 	 0.1344 	 -0.2358 	 -0.7008 	 0.3055 	 0.1768 	 0.6745 	 -0.2659 	 0.0292
4.0882 	 -0.4929 	 0.1375 	 -0.2340 	 -0.6941 	 0.3029 	 0.1771 	 0.6625 	 -0.2605 	 0.0287
4.0982 	 -0.4998 	 0.1405 	 -0.2322 	 -0.6876 	 0.3003 	 0.1774 	 0.6509 	 -0.2553 	 0.0282
4.1082 	 -0.5067 	 0.1435 	 -0.2304 	 -0.6811 	 0.2978 	 0.1777 	 0.6398 	 -0.2503 	 0.0277
4.1182 	 -0.5135 	 0.1465 	 -0.2287 	 -0.6747 	 0.2953 	 0.1780 	 0.6290 	 -0.2455 	 0.0272
4.1283 	 -0.5202 	 0.1494 	 -0.2269 	 -0.6685 	 0.2929 	 0.1782 	 0.6186 	 -0.2409 	 0.0267
4.1383 	 -0.5269 	 0.1523 	 -0.2251 	 -0.6623 	 0.2905 	 0.1785 	 0.6085 	 -0.2365 	 0.0262
4.1483 	 -0.5335 	 0.1552 	 -0.2233 	 -0.6563 	 0.2881 	 0.1788 	 0.5987 	 -0.2322 	 0.0257
4.1583 	 -0.5400 	 0.1581 	 -0.2215 	 -0.6503 	 0.2858 	 0.1790 	 0.5892 	 -0.2282 	 0.0251
4.1683 	 -0.5465 	 0.1610 	 -0.2197 	 -0.6445 	 0.2835 	 0.1793 	 0.5800 	 -0.2243 	 0.0246
4.1784 	 -0.5530 	 0.1638 	 -0.2179 	 -0.6387 	 0.2813 	 0.1795 	 0.5711 	 -0.2205 	 0.0240
4.1884 	 -0.5593 	 0.1666 	 -0.2161 	 -0.6330 	 0.2791 	 0.1797 	 0.5625 	 -0.2169 	 0.0234
4.1984 	 -0.5656 	 0.1694 	 -0.2143 	 -0.6274 	 0.2770 	 0.1800 	 0.5541 	 -0.2134 	 0.0229
4.2084 	 -0.5719 	 0.1722 	 -0.2125 	 -0.6219 	 0.2748 	 0.1802 	 0.5404 	 -0.2118 	 0.0190
4.2184 	 -0.5781 	 0.1749 	 -0.2107 	 -0.6166 	 0.2727 	 0.1804 	 0.5319 	 -0.2087 	 0.0182
4.2285 	 -0.5843 	 0.1776 	 -0.2089 	 -0.6113 	 0.2707 	 0.1806 	 0.5236 	 -0.2056 	 0.0174
4.2385 	 -0.5904 	 0.1803 	 -0.2071 	 -0.6061 	 0.2686 	 0.1807 	 0.5154 	 -0.2026 	 0.0166
4.2485 	 -0.5964 	 0.1830 	 -0.2053 	 -0.6010 	 0.2666 	 0.1809 	 0.5075 	 -0.1997 	 0.0158
4.2585 	 -0.6024 	 0.1857 	 -0.2035 	 -0.5959 	 0.2646 	 0.1810 	 0.4997 	 -0.1969 	 0.0150
4.2685 	 -0.6084 	 0.1883 	 -0.2016 	 -0.5909 	 0.2627 	 0.1812 	 0.4922 	 -0.1941 	 0.0142
4.2786 	 -0.6143 	 0.1909 	 -0.1998 	 -0.5860 	 0.2607 	 0.1813 	 0.4848 	 -0.1915 	 0.0134
4.2886 	 -0.6201 	 0.1935 	 -0.1980 	 -0.5812 	 0.2588 	 0.1815 	 0.4777 	 -0.1889 	 0.0126
4.2986 	 -0.6259 	 0.1961 	 -0.1962 	 -0.5765 	 0.2569 	 0.1816 	 0.4707 	 -0.1864 	 0.0118
4.3086 	 -0.6317 	 0.1987 	 -0.1944 	 -0.5718 	 0.2551 	 0.1817 	 0.4639 	 -0.1839 	 0.0110
4.3186 	 -0.6374 	 0.2012 	 -0.1925 	 -0.5672 	 0.2533 	 0.1818 	 0.4573 	 -0.1815 	 0.0103
4.3287 	 -0.6430 	 0.2038 	 -0.1907 	 -0.5626 	 0.2515 	 0.1819 	 0.4508 	 -0.1792 	 0.0095
4.3387 	 -0.6486 	 0.2063 	 -0.1889 	 -0.5581 	 0.2497 	 0.1820 	 0.4445 	 -0.1769 	 0.0088
4.3487 	 -0.6542 	 0.2088 	 -0.1871 	 -0.5537 	 0.2479 	 0.1821 	 0.4384 	 -0.1747 	 0.0080
4.3587 	 -0.6597 	 0.2112 	 -0.1852 	 -0.5494 	 0.2462 	 0.1822 	 0.4325 	 -0.1726 	 0.0073
4.3687 	 -0.6652 	 0.2137 	 -0.1834 	 -0.5451 	 0.2444 	 0.1822 	 0.4267 	 -0.1705 	 0.0066
4.3788 	 -0.6707 	 0.2161 	 -0.1816 	 -0.5408 	 0.2427 	 0.1823 	 0.4211 	 -0.1684 	 0.0059
4.3888 	 -0.6761 	 0.2186 	 -0.1798 	 -0.5366 	 0.2411 	 0.1823 	 0.4156 	 -0.1664 	 0.0051
4.3988 	 -0.6814 	 0.2210 	 -0.1779 	 -0.5325 	 0.2394 	 0.1824 	 0.4103 	 -0.1645 	 0.0044
4.4088 	 -0.6867 	 0.2234 	 -0.1761 	 -0.5284 	 0.2378 	 0.1824 	 0.4051 	 -0.1626 	 0.0038
4.4188 	 -0.6920 	 0.2257 	 -0.1743 	 -0.5244 	 0.2362 	 0.1825 	 0.4000 	 -0.1607 	 0.0031
4.4289 	 -0.6972 	 0.2281 	 -0.1725 	 -0.5204 	 0.2346 	 0.1825 	 0.3951 	 -0.1589 	 0.0024
4.4389 	 -0.7024 	 0.2304 	 -0.1706 	 -0.5164 	 0.2330 	 0.1825 	 0.3904 	 -0.1571 	 0.0017
4.4489 	 -0.7076 	 0.2328 	 -0.1688 	 -0.5126 	 0.2314 	 0.1825 	 0.3857 	 -0.1554 	 0.0010
4.4589 	 -0.7127 	 0.2351 	 -0.1670 	 -0.5087 	 0.2299 	 0.1825 	 0.3812 	 -0.1537 	 0.0004
4.4689 	 -0.7178 	 0.2374 	 -0.1651 	 -0.5049 	 0.2283 	 0.1825 	 0.3768 	 -0.1521 	 -0.0003
4.4790 	 -0.7228 	 0.2396 	 -0.1633 	 -0.5012 	 0.2268 	 0.1825 	 0.3725 	 -0.1504 	 -0.0009
4.4890 	 -0.7278 	 0.2419 	 -0.1615 	 -0.4974 	 0.2253 	 0.1825 	 0.3683 	 -0.1488 	 -0.0015
4.4990 	 -0.7328 	 0.2442 	 -0.1597 	 -0.4938 	 0.2238 	 0.1825 	 0.3642 	 -0.1473 	 -0.0022
4.5090 	 -0.7377 	 0.2464 	 -0.1578 	 -0.4901 	 0.2224 	 0.1825 	 0.3603 	 -0.1458 	 -0.0028
4.5190 	 -0.7426 	 0.2486 	 -0.1560 	 -0.4866 	 0.2209 	 0.1824 	 0.3564 	 -0.1443 	 -0.0034
4.5291 	 -0.7475 	 0.2508 	 -0.1542 	 -0.4830 	 0.2195 	 0.1824 	 0.3526 	 -0.1428 	 -0.0040
4.5391 	 -0.7523 	 0.2530 	 -0.1523 	 -0.4795 	 0.2180 	 0.1824 	 0.3489 	 -0.1414 	 -0.0046
4.5491 	 -0.7571 	 0.2552 	 -0.1505 	 -0.4760 	 0.2166 	 0.1823 	 0.3454 	 -0.1400 	 -0.0052
4.5591 	 -0.7618 	 0.2574 	 -0.1487 	 -0.4726 	 0.2152 	 0.1823 	 0.3419 	 -0.1387 	 -0.0057
4.5691 	 -0.7665 	 0.2595 	 -0.1469 	 -0.4692 	 0.2139 	 0.1822 	 0.3384 	 -0.1373 	 -0.0063
4.5792 	 -0.7712 	 0.2616 	 -0.1450 	 -0.4658 	 0.2125 	 0.1821 	 0.3351 	 -0.1360 	 -0.0069
4.5892 	 -0.7759 	 0.2638 	 -0.1432 	 -0.4624 	 0.2111 	 0.1821 	 0.3319 	 -0.1348 	 -0.0074
4.5992 	 -0.7805 	 0.2659 	 -0.1414 	 -0.4591 	 0.2098 	 0.1820 	 0.3287 	 -0.1335 	 -0.0079
4.6092 	 -0.7851 	 0.2680 	 -0.1396 	 -0.4559 	 0.2084 	 0.1819 	 0.3256 	 -0.1323 	 -0.0085
4.6192 	 -0.7896 	 0.2701 	 -0.1377 	 -0.4526 	 0.2071 	 0.1818 	 0.3226 	 -0.1311 	 -0.0090
4.6293 	 -0.7942 	 0.2721 	 -0.1359 	 -0.4494 	 0.2058 	 0.1817 	 0.3196 	 -0.1299 	 -0.0095
4.6393 	 -0.7986 	 0.2742 	 -0.1341 	 -0.4462 	 0.2045 	 0.1816 	 0.3167 	 -0.1288 	 -0.0100
4.6493 	 -0.8031 	 0.2762 	 -0.1323 	 -0.4430 	 0.2032 	 0.1815 	 0.3139 	 -0.1276 	 -0.0105
4.6593 	 -0.8075 	 0.2783 	 -0.1305 	 -0.4399 	 0.2020 	 0.1814 	 0.3112 	 -0.1265 	 -0.0109
4.6693 	 -0.8119 	 0.2803 	 -0.1286 	 -0.4368 	 0.2007 	 0.1813 	 0.3085 	 -0.1255 	 -0.0114
4.6794 	 -0.8163 	 0.2823 	 -0.1268 	 -0.4337 	 0.1995 	 0.1812 	 0.3058 	 -0.1244 	 -0.0119
4.6894 	 -0.8206 	 0.2843 	 -0.1250 	 -0.4307 	 0.1982 	 0.1811 	 0.3033 	 -0.1234 	 -0.0123
4.6994 	 -0.8249 	 0.2862 	 -0.1232 	 -0.4277 	 0.1970 	 0.1809 	 0.3008 	 -0.1224 	 -0.0128
4.7094 	 -0.8292 	 0.2882 	 -0.1214 	 -0.4247 	 0.1958 	 0.1808 	 0.2983 	 -0.1214 	 -0.0132
4.7194 	 -0.8334 	 0.2902 	 -0.1196 	 -0.4217 	 0.1945 	 0.1807 	 0.2959 	 -0.1204 	 -0.0136
4.7295 	 -0.8376 	 0.2921 	 -0.1178 	 -0.4187 	 0.1933 	 0.1805 	 0.2936 	 -0.1194 	 -0.0140
4.7395 	 -0.8418 	 0.2940 	 -0.1160 	 -0.4158 	 0.1922 	 0.1804 	 0.2913 	 -0.1185 	 -0.0144
4.7495 	 -0.8460 	 0.2960 	 -0.1142 	 -0.4129 	 0.1910 	 0.1802 	 0.2890 	 -0.1176 	 -0.0148
4.7595 	 -0.8501 	 0.2979 	 -0.1124 	 -0.4100 	 0.1898 	 0.1801 	 0.2868 	 -0.1167 	 -0.0152
4.7695 	 -0.8542 	 0.2998 	 -0.1105 	 -0.4071 	 0.1886 	 0.1799 	 0.2847 	 -0.1158 	 -0.0156
4.7796 	 -0.8582 	 0.3017 	 -0.1087 	 -0.4043 	 0.1875 	 0.1798 	 0.2826 	 -0.1150 	 -0.0159
4.7896 	 -0.8623 	 0.3035 	 -0.1069 	 -0.4015 	 0.1863 	 0.1796 	 0.2805 	 -0.1141 	 -0.0163
4.7996 	 -0.8663 	 0.3054 	 -0.1051 	 -0.3987 	 0.1852 	 0.1795 	 0.2785 	 -0.1133 	 -0.0166
4.8096 	 -0.8703 	 0.3072 	 -0.1033 	 -0.3959 	 0.1841 	 0.1793 	 0.2765 	 -0.1125 	 -0.0170
4.8196 	 -0.8742 	 0.3091 	 -0.1016 	 -0.3931 	 0.1829 	 0.1791 	 0.2745 	 -0.1117 	 -0.0173
4.8297 	 -0.8781 	 0.3109 	 -0.0998 	 -0.3904 	 0.1818 	 0.1789 	 0.2726 	 -0.1109 	 -0.0176
4.8397 	 -0.8820 	 0.3127 	 -0.0980 	 -0.3877 	 0.1807 	 0.1788 	 0.2708 	 -0.1101 	 -0.0179
4.8497 	 -0.8859 	 0.3145 	 -0.0962 	 -0.3850 	 0.1796 	 0.1786 	 0.2690 	 -0.1094 	 -0.0183
4.8597 	 -0.8898 	 0.3163 	 -0.0944 	 -0.3823 	 0.1785 	 0.1784 	 0.2672 	 -0.1087 	 -0.0186
4.8697 	 -0.8936 	 0.3181 	 -0.0926 	 -0.3796 	 0.1774 	 0.1782 	 0.2654 	 -0.1079 	 -0.0189
4.8798 	 -0.8974 	 0.3199 	 -0.0908 	 -0.3770 	 0.1764 	 0.1780 	 0.2637 	 -0.1072 	 -0.0192
4.8898 	 -0.9011 	 0.3216 	 -0.0890 	 -0.3743 	 0.1753 	 0.1778 	 0.2620 	 -0.1065 	 -0.0194
4.8998 	 -0.9049 	 0.3234 	 -0.0873 	 -0.3717 	 0.1742 	 0.1776 	 0.2603 	 -0.1058 	 -0.0197
4.9098 	 -0.9086 	 0.3251 	 -0.0855 	 -0.3691 	 0.1732 	 0.1774 	 0.2587 	 -0.1052 	 -0.0200
4.9198 	 -0.9123 	 0.3269 	 -0.0837 	 -0.3665 	 0.1721 	 0.1772 	 0.2571 	 -0.1045 	 -0.0203
4.9299 	 -0.9159 	 0.3286 	 -0.0819 	 -0.3640 	 0.1711 	 0.1770 	 0.2555 	 -0.1039 	 -0.0205
4.9399 	 -0.9196 	 0.3303 	 -0.0801 	 -0.3614 	 0.1700 	 0.1768 	 0.2540 	 -0.1032 	 -0.0208
4.9499 	 -0.9232 	 0.3320 	 -0.0784 	 -0.3589 	 0.1690 	 0.1766 	 0.2524 	 -0.1026 	 -0.0210
4.9599 	 -0.9267 	 0.3337 	 -0.0766 	 -0.3563 	 0.1680 	 0.1764 	 0.2509 	 -0.1020 	 -0.0213
4.9699 	 -0.9303 	 0.3353 	 -0.0748 	 -0.3538 	 0.1670 	 0.1762 	 0.2495 	 -0.1014 	 -0.0215
4.9800 	 -0.9338 	 0.3370 	 -0.0731 	 -0.3513 	 0.1659 	 0.1760 	 0.2480 	 -0.1008 	 -0.0217
4.9900 	 -0.9373 	 0.3387 	 -0.0713 	 -0.3489 	 0.1649 	 0.1758 	 0.2466 	 -0.1002 	 -0.0219
