100-Body Run with i = 18 th particle. (Units in pc,M_solar,Myr, km s-1) 

time		 x 		 y 		 z 		 xdot 		 ydot 		 zdot 		 xddot 		 yddot 		 zddot
0.0000 	 0.0045 	 -0.0204 	 -0.4636 	 -0.0020 	 -0.0002 	 0.0038 	 0.2153 	 -0.0190 	 0.3973
0.0100 	 0.0045 	 -0.0204 	 -0.4636 	 0.0002 	 -0.0004 	 0.0078 	 0.2156 	 -0.0187 	 0.3975
0.0200 	 0.0045 	 -0.0204 	 -0.4635 	 0.0024 	 -0.0006 	 0.0117 	 0.2159 	 -0.0184 	 0.3979
0.0301 	 0.0046 	 -0.0204 	 -0.4633 	 0.0045 	 -0.0008 	 0.0157 	 0.2162 	 -0.0181 	 0.3982
0.0401 	 0.0046 	 -0.0205 	 -0.4632 	 0.0067 	 -0.0010 	 0.0197 	 0.2165 	 -0.0179 	 0.3986
0.0501 	 0.0047 	 -0.0205 	 -0.4629 	 0.0089 	 -0.0012 	 0.0237 	 0.2168 	 -0.0176 	 0.3991
0.0601 	 0.0048 	 -0.0205 	 -0.4627 	 0.0110 	 -0.0013 	 0.0277 	 0.2170 	 -0.0174 	 0.3996
0.0701 	 0.0049 	 -0.0205 	 -0.4624 	 0.0132 	 -0.0015 	 0.0317 	 0.2173 	 -0.0172 	 0.4002
0.0802 	 0.0051 	 -0.0205 	 -0.4621 	 0.0154 	 -0.0017 	 0.0357 	 0.2176 	 -0.0170 	 0.4009
0.0902 	 0.0052 	 -0.0205 	 -0.4617 	 0.0176 	 -0.0018 	 0.0398 	 0.2178 	 -0.0168 	 0.4016
0.1002 	 0.0054 	 -0.0205 	 -0.4613 	 0.0198 	 -0.0020 	 0.0438 	 0.2181 	 -0.0167 	 0.4023
0.1102 	 0.0056 	 -0.0206 	 -0.4608 	 0.0219 	 -0.0022 	 0.0478 	 0.2183 	 -0.0165 	 0.4031
0.1202 	 0.0058 	 -0.0206 	 -0.4603 	 0.0241 	 -0.0023 	 0.0519 	 0.2185 	 -0.0164 	 0.4040
0.1303 	 0.0061 	 -0.0206 	 -0.4598 	 0.0263 	 -0.0025 	 0.0559 	 0.2204 	 -0.0151 	 0.4110
0.1403 	 0.0064 	 -0.0206 	 -0.4592 	 0.0285 	 -0.0027 	 0.0600 	 0.2206 	 -0.0150 	 0.4121
0.1503 	 0.0067 	 -0.0207 	 -0.4586 	 0.0307 	 -0.0028 	 0.0642 	 0.2208 	 -0.0149 	 0.4132
0.1603 	 0.0070 	 -0.0207 	 -0.4579 	 0.0330 	 -0.0030 	 0.0683 	 0.2210 	 -0.0149 	 0.4143
0.1703 	 0.0073 	 -0.0207 	 -0.4572 	 0.0352 	 -0.0031 	 0.0725 	 0.2213 	 -0.0148 	 0.4156
0.1804 	 0.0077 	 -0.0208 	 -0.4564 	 0.0374 	 -0.0033 	 0.0767 	 0.2215 	 -0.0148 	 0.4169
0.1904 	 0.0081 	 -0.0208 	 -0.4557 	 0.0396 	 -0.0034 	 0.0808 	 0.2217 	 -0.0148 	 0.4182
0.2004 	 0.0085 	 -0.0208 	 -0.4548 	 0.0418 	 -0.0036 	 0.0850 	 0.2218 	 -0.0148 	 0.4197
0.2104 	 0.0089 	 -0.0209 	 -0.4539 	 0.0441 	 -0.0037 	 0.0893 	 0.2220 	 -0.0149 	 0.4212
0.2204 	 0.0094 	 -0.0209 	 -0.4530 	 0.0463 	 -0.0038 	 0.0935 	 0.2222 	 -0.0149 	 0.4228
0.2305 	 0.0098 	 -0.0209 	 -0.4521 	 0.0485 	 -0.0040 	 0.0977 	 0.2224 	 -0.0150 	 0.4244
0.2405 	 0.0103 	 -0.0210 	 -0.4511 	 0.0507 	 -0.0041 	 0.1020 	 0.2225 	 -0.0151 	 0.4261
0.2505 	 0.0109 	 -0.0210 	 -0.4500 	 0.0530 	 -0.0043 	 0.1063 	 0.2227 	 -0.0152 	 0.4280
0.2605 	 0.0114 	 -0.0211 	 -0.4489 	 0.0552 	 -0.0045 	 0.1106 	 0.2228 	 -0.0153 	 0.4298
0.2705 	 0.0120 	 -0.0211 	 -0.4478 	 0.0574 	 -0.0046 	 0.1149 	 0.2230 	 -0.0155 	 0.4318
0.2806 	 0.0126 	 -0.0212 	 -0.4466 	 0.0597 	 -0.0048 	 0.1192 	 0.2231 	 -0.0157 	 0.4339
0.2906 	 0.0132 	 -0.0212 	 -0.4454 	 0.0619 	 -0.0049 	 0.1236 	 0.2233 	 -0.0159 	 0.4360
0.3006 	 0.0138 	 -0.0213 	 -0.4442 	 0.0641 	 -0.0051 	 0.1280 	 0.2234 	 -0.0161 	 0.4383
0.3106 	 0.0144 	 -0.0213 	 -0.4429 	 0.0664 	 -0.0052 	 0.1324 	 0.2235 	 -0.0164 	 0.4406
0.3206 	 0.0151 	 -0.0214 	 -0.4415 	 0.0686 	 -0.0054 	 0.1368 	 0.2236 	 -0.0166 	 0.4431
0.3307 	 0.0158 	 -0.0214 	 -0.4401 	 0.0709 	 -0.0056 	 0.1412 	 0.2237 	 -0.0169 	 0.4456
0.3407 	 0.0165 	 -0.0215 	 -0.4387 	 0.0731 	 -0.0058 	 0.1457 	 0.2238 	 -0.0172 	 0.4482
0.3507 	 0.0173 	 -0.0215 	 -0.4372 	 0.0754 	 -0.0059 	 0.1502 	 0.2239 	 -0.0176 	 0.4510
0.3607 	 0.0181 	 -0.0216 	 -0.4357 	 0.0776 	 -0.0061 	 0.1548 	 0.2240 	 -0.0179 	 0.4538
0.3707 	 0.0188 	 -0.0217 	 -0.4341 	 0.0798 	 -0.0063 	 0.1593 	 0.2241 	 -0.0183 	 0.4568
0.3808 	 0.0197 	 -0.0217 	 -0.4325 	 0.0821 	 -0.0065 	 0.1639 	 0.2242 	 -0.0188 	 0.4599
0.3908 	 0.0205 	 -0.0218 	 -0.4308 	 0.0843 	 -0.0067 	 0.1685 	 0.2242 	 -0.0192 	 0.4631
0.4008 	 0.0213 	 -0.0219 	 -0.4291 	 0.0866 	 -0.0069 	 0.1732 	 0.2304 	 -0.0211 	 0.4662
0.4108 	 0.0222 	 -0.0219 	 -0.4273 	 0.0889 	 -0.0070 	 0.1779 	 0.2355 	 -0.0189 	 0.4704
0.4208 	 0.0231 	 -0.0220 	 -0.4255 	 0.0913 	 -0.0072 	 0.1826 	 0.2349 	 -0.0195 	 0.4740
0.4309 	 0.0241 	 -0.0221 	 -0.4237 	 0.0937 	 -0.0074 	 0.1874 	 0.2342 	 -0.0201 	 0.4778
0.4409 	 0.0250 	 -0.0221 	 -0.4218 	 0.0960 	 -0.0076 	 0.1922 	 0.2334 	 -0.0208 	 0.4817
0.4509 	 0.0260 	 -0.0222 	 -0.4198 	 0.0983 	 -0.0079 	 0.1970 	 0.2326 	 -0.0215 	 0.4857
0.4609 	 0.0270 	 -0.0223 	 -0.4178 	 0.1007 	 -0.0081 	 0.2019 	 0.2318 	 -0.0223 	 0.4900
0.4709 	 0.0280 	 -0.0224 	 -0.4158 	 0.1030 	 -0.0083 	 0.2069 	 0.2309 	 -0.0231 	 0.4944
0.4810 	 0.0290 	 -0.0225 	 -0.4137 	 0.1053 	 -0.0085 	 0.2118 	 0.2299 	 -0.0239 	 0.4990
0.4910 	 0.0301 	 -0.0226 	 -0.4115 	 0.1076 	 -0.0088 	 0.2169 	 0.2289 	 -0.0248 	 0.5037
0.5010 	 0.0312 	 -0.0226 	 -0.4093 	 0.1099 	 -0.0090 	 0.2219 	 0.2278 	 -0.0257 	 0.5087
0.5110 	 0.0323 	 -0.0227 	 -0.4071 	 0.1121 	 -0.0093 	 0.2271 	 0.2267 	 -0.0267 	 0.5139
0.5210 	 0.0334 	 -0.0228 	 -0.4048 	 0.1144 	 -0.0096 	 0.2322 	 0.2255 	 -0.0277 	 0.5193
0.5311 	 0.0346 	 -0.0229 	 -0.4024 	 0.1167 	 -0.0099 	 0.2375 	 0.2259 	 -0.0343 	 0.5265
0.5411 	 0.0358 	 -0.0230 	 -0.4000 	 0.1189 	 -0.0102 	 0.2428 	 0.2244 	 -0.0349 	 0.5322
0.5511 	 0.0370 	 -0.0231 	 -0.3976 	 0.1212 	 -0.0106 	 0.2481 	 0.2228 	 -0.0357 	 0.5383
0.5611 	 0.0382 	 -0.0232 	 -0.3951 	 0.1234 	 -0.0110 	 0.2536 	 0.2212 	 -0.0364 	 0.5446
0.5711 	 0.0395 	 -0.0234 	 -0.3925 	 0.1256 	 -0.0113 	 0.2591 	 0.2194 	 -0.0372 	 0.5512
0.5812 	 0.0407 	 -0.0235 	 -0.3899 	 0.1278 	 -0.0117 	 0.2646 	 0.2175 	 -0.0379 	 0.5581
0.5912 	 0.0420 	 -0.0236 	 -0.3872 	 0.1300 	 -0.0121 	 0.2702 	 0.2155 	 -0.0388 	 0.5653
0.6012 	 0.0433 	 -0.0237 	 -0.3844 	 0.1321 	 -0.0125 	 0.2759 	 0.2134 	 -0.0396 	 0.5729
0.6112 	 0.0447 	 -0.0238 	 -0.3817 	 0.1342 	 -0.0129 	 0.2817 	 0.2112 	 -0.0405 	 0.5808
0.6212 	 0.0460 	 -0.0240 	 -0.3788 	 0.1363 	 -0.0133 	 0.2876 	 0.2088 	 -0.0414 	 0.5891
0.6313 	 0.0474 	 -0.0241 	 -0.3759 	 0.1384 	 -0.0137 	 0.2935 	 0.2064 	 -0.0423 	 0.5978
0.6413 	 0.0488 	 -0.0242 	 -0.3729 	 0.1405 	 -0.0141 	 0.2996 	 0.2037 	 -0.0433 	 0.6069
0.6513 	 0.0502 	 -0.0244 	 -0.3699 	 0.1425 	 -0.0146 	 0.3057 	 0.2009 	 -0.0442 	 0.6165
0.6613 	 0.0516 	 -0.0245 	 -0.3668 	 0.1445 	 -0.0150 	 0.3119 	 0.1979 	 -0.0452 	 0.6266
0.6713 	 0.0531 	 -0.0247 	 -0.3636 	 0.1465 	 -0.0155 	 0.3183 	 0.1948 	 -0.0463 	 0.6372
0.6814 	 0.0546 	 -0.0248 	 -0.3604 	 0.1484 	 -0.0160 	 0.3248 	 0.1906 	 -0.0472 	 0.6601
0.6914 	 0.0561 	 -0.0250 	 -0.3571 	 0.1503 	 -0.0164 	 0.3316 	 0.1916 	 -0.0505 	 0.6847
0.7014 	 0.0576 	 -0.0252 	 -0.3538 	 0.1522 	 -0.0169 	 0.3386 	 0.1865 	 -0.0509 	 0.7252
0.7114 	 0.0591 	 -0.0253 	 -0.3503 	 0.1540 	 -0.0175 	 0.3460 	 0.1813 	 -0.0516 	 0.7446
0.7214 	 0.0607 	 -0.0255 	 -0.3468 	 0.1558 	 -0.0180 	 0.3535 	 0.1766 	 -0.0524 	 0.7514
0.7315 	 0.0623 	 -0.0257 	 -0.3433 	 0.1576 	 -0.0185 	 0.3611 	 0.1716 	 -0.0531 	 0.7586
0.7415 	 0.0638 	 -0.0259 	 -0.3396 	 0.1593 	 -0.0190 	 0.3687 	 0.1663 	 -0.0538 	 0.7662
0.7515 	 0.0654 	 -0.0261 	 -0.3359 	 0.1609 	 -0.0196 	 0.3765 	 0.1596 	 -0.0545 	 0.7863
0.7615 	 0.0671 	 -0.0263 	 -0.3320 	 0.1625 	 -0.0201 	 0.3844 	 0.1537 	 -0.0550 	 0.7930
0.7715 	 0.0687 	 -0.0265 	 -0.3282 	 0.1640 	 -0.0207 	 0.3924 	 0.1474 	 -0.0553 	 0.8000
0.7816 	 0.0703 	 -0.0267 	 -0.3242 	 0.1654 	 -0.0212 	 0.4004 	 0.1407 	 -0.0556 	 0.8075
0.7916 	 0.0720 	 -0.0269 	 -0.3201 	 0.1668 	 -0.0218 	 0.4086 	 0.1334 	 -0.0557 	 0.8155
0.8016 	 0.0737 	 -0.0271 	 -0.3160 	 0.1681 	 -0.0224 	 0.4168 	 0.1244 	 -0.0558 	 0.8355
0.8116 	 0.0754 	 -0.0274 	 -0.3118 	 0.1693 	 -0.0229 	 0.4253 	 0.1161 	 -0.0555 	 0.8423
0.8216 	 0.0771 	 -0.0276 	 -0.3075 	 0.1704 	 -0.0235 	 0.4338 	 0.1063 	 -0.0547 	 0.8553
0.8317 	 0.0788 	 -0.0278 	 -0.3031 	 0.1714 	 -0.0240 	 0.4424 	 0.0960 	 -0.0539 	 0.8677
0.8417 	 0.0805 	 -0.0281 	 -0.2986 	 0.1723 	 -0.0245 	 0.4512 	 0.0843 	 -0.0526 	 0.8847
0.8517 	 0.0822 	 -0.0283 	 -0.2940 	 0.1731 	 -0.0251 	 0.4601 	 0.0731 	 -0.0515 	 0.8881
0.8617 	 0.0840 	 -0.0286 	 -0.2894 	 0.1738 	 -0.0256 	 0.4690 	 0.0608 	 -0.0502 	 0.8915
0.8717 	 0.0857 	 -0.0288 	 -0.2846 	 0.1743 	 -0.0261 	 0.4779 	 0.0471 	 -0.0485 	 0.8948
0.8818 	 0.0875 	 -0.0291 	 -0.2798 	 0.1747 	 -0.0265 	 0.4869 	 0.0321 	 -0.0466 	 0.8978
0.8918 	 0.0892 	 -0.0294 	 -0.2749 	 0.1750 	 -0.0270 	 0.4959 	 0.0186 	 -0.0411 	 0.9036
0.9018 	 0.0910 	 -0.0296 	 -0.2699 	 0.1751 	 -0.0274 	 0.5050 	 0.0004 	 -0.0392 	 0.9043
0.9118 	 0.0927 	 -0.0299 	 -0.2648 	 0.1750 	 -0.0278 	 0.5141 	 -0.0199 	 -0.0368 	 0.9098
0.9218 	 0.0945 	 -0.0302 	 -0.2596 	 0.1747 	 -0.0281 	 0.5232 	 -0.0392 	 -0.0341 	 0.9067
0.9319 	 0.0962 	 -0.0305 	 -0.2543 	 0.1742 	 -0.0284 	 0.5322 	 -0.0587 	 -0.0310 	 0.9024
0.9419 	 0.0980 	 -0.0308 	 -0.2489 	 0.1735 	 -0.0287 	 0.5413 	 -0.0782 	 -0.0275 	 0.8970
0.9519 	 0.0997 	 -0.0311 	 -0.2434 	 0.1726 	 -0.0290 	 0.5502 	 -0.0978 	 -0.0236 	 0.8907
0.9619 	 0.1014 	 -0.0314 	 -0.2379 	 0.1716 	 -0.0292 	 0.5591 	 -0.1175 	 -0.0192 	 0.8834
0.9719 	 0.1032 	 -0.0316 	 -0.2322 	 0.1703 	 -0.0294 	 0.5679 	 -0.1372 	 -0.0146 	 0.8751
0.9820 	 0.1048 	 -0.0319 	 -0.2265 	 0.1688 	 -0.0295 	 0.5766 	 -0.1571 	 -0.0099 	 0.8659
0.9920 	 0.1065 	 -0.0322 	 -0.2207 	 0.1671 	 -0.0296 	 0.5853 	 -0.1772 	 -0.0052 	 0.8556
1.0020 	 0.1082 	 -0.0325 	 -0.2148 	 0.1653 	 -0.0296 	 0.5938 	 -0.1975 	 -0.0008 	 0.8445
1.0120 	 0.1098 	 -0.0328 	 -0.2088 	 0.1632 	 -0.0296 	 0.6022 	 -0.2193 	 0.0035 	 0.8383
1.0220 	 0.1115 	 -0.0331 	 -0.2027 	 0.1609 	 -0.0295 	 0.6105 	 -0.2404 	 0.0071 	 0.8242
1.0321 	 0.1131 	 -0.0334 	 -0.1965 	 0.1584 	 -0.0295 	 0.6187 	 -0.2625 	 0.0104 	 0.8093
1.0421 	 0.1146 	 -0.0337 	 -0.1903 	 0.1556 	 -0.0293 	 0.6267 	 -0.2860 	 0.0134 	 0.7937
1.0521 	 0.1162 	 -0.0340 	 -0.1840 	 0.1526 	 -0.0292 	 0.6346 	 -0.3112 	 0.0164 	 0.7773
1.0621 	 0.1177 	 -0.0343 	 -0.1776 	 0.1494 	 -0.0290 	 0.6423 	 -0.3397 	 0.0198 	 0.7657
1.0721 	 0.1192 	 -0.0346 	 -0.1711 	 0.1458 	 -0.0288 	 0.6499 	 -0.3694 	 0.0231 	 0.7451
1.0822 	 0.1206 	 -0.0349 	 -0.1646 	 0.1420 	 -0.0285 	 0.6573 	 -0.3989 	 0.0292 	 0.7274
1.0922 	 0.1220 	 -0.0352 	 -0.1579 	 0.1378 	 -0.0282 	 0.6644 	 -0.4360 	 0.0336 	 0.7003
1.1022 	 0.1234 	 -0.0354 	 -0.1513 	 0.1332 	 -0.0278 	 0.6713 	 -0.4743 	 0.0439 	 0.6716
1.1122 	 0.1247 	 -0.0357 	 -0.1445 	 0.1282 	 -0.0274 	 0.6778 	 -0.5208 	 0.0505 	 0.6312
1.1222 	 0.1259 	 -0.0360 	 -0.1377 	 0.1228 	 -0.0268 	 0.6839 	 -0.5715 	 0.0588 	 0.5792
1.1323 	 0.1271 	 -0.0363 	 -0.1308 	 0.1168 	 -0.0262 	 0.6894 	 -0.6237 	 0.0675 	 0.5114
1.1423 	 0.1283 	 -0.0365 	 -0.1239 	 0.1103 	 -0.0255 	 0.6941 	 -0.6715 	 0.0743 	 0.4268
1.1523 	 0.1293 	 -0.0368 	 -0.1169 	 0.1034 	 -0.0247 	 0.6979 	 -0.7089 	 0.0768 	 0.3318
1.1623 	 0.1303 	 -0.0370 	 -0.1099 	 0.0961 	 -0.0240 	 0.7007 	 -0.7371 	 0.0751 	 0.2357
1.1723 	 0.1313 	 -0.0372 	 -0.1029 	 0.0886 	 -0.0232 	 0.7026 	 -0.7605 	 0.0710 	 0.1400
1.1824 	 0.1321 	 -0.0375 	 -0.0958 	 0.0809 	 -0.0225 	 0.7035 	 -0.7796 	 0.0658 	 0.0407
1.1924 	 0.1329 	 -0.0377 	 -0.0888 	 0.0730 	 -0.0219 	 0.7034 	 -0.7913 	 0.0596 	 -0.0636
1.2024 	 0.1336 	 -0.0379 	 -0.0817 	 0.0651 	 -0.0214 	 0.7022 	 -0.7920 	 0.0520 	 -0.1691
1.2124 	 0.1342 	 -0.0381 	 -0.0747 	 0.0572 	 -0.0209 	 0.7000 	 -0.7839 	 0.0430 	 -0.2686
1.2224 	 0.1347 	 -0.0383 	 -0.0677 	 0.0493 	 -0.0205 	 0.6969 	 -0.7737 	 0.0330 	 -0.3561
1.2325 	 0.1352 	 -0.0385 	 -0.0607 	 0.0417 	 -0.0202 	 0.6929 	 -0.7587 	 0.0216 	 -0.4460
1.2425 	 0.1356 	 -0.0387 	 -0.0538 	 0.0342 	 -0.0201 	 0.6880 	 -0.7390 	 0.0094 	 -0.5297
1.2525 	 0.1359 	 -0.0389 	 -0.0470 	 0.0269 	 -0.0200 	 0.6823 	 -0.7156 	 -0.0030 	 -0.6041
1.2625 	 0.1361 	 -0.0391 	 -0.0401 	 0.0198 	 -0.0201 	 0.6759 	 -0.6913 	 -0.0149 	 -0.6690
1.2725 	 0.1363 	 -0.0393 	 -0.0334 	 0.0130 	 -0.0203 	 0.6689 	 -0.6683 	 -0.0257 	 -0.7264
1.2826 	 0.1364 	 -0.0395 	 -0.0267 	 0.0064 	 -0.0206 	 0.6614 	 -0.6476 	 -0.0414 	 -0.7815
1.2926 	 0.1364 	 -0.0398 	 -0.0202 	 0.0000 	 -0.0211 	 0.6533 	 -0.6293 	 -0.0499 	 -0.8323
1.3026 	 0.1364 	 -0.0400 	 -0.0137 	 -0.0062 	 -0.0216 	 0.6447 	 -0.6123 	 -0.0569 	 -0.8833
1.3126 	 0.1363 	 -0.0402 	 -0.0072 	 -0.0123 	 -0.0222 	 0.6356 	 -0.5951 	 -0.0611 	 -0.9346
1.3226 	 0.1361 	 -0.0404 	 -0.0009 	 -0.0181 	 -0.0228 	 0.6260 	 -0.5767 	 -0.0615 	 -0.9851
1.3327 	 0.1359 	 -0.0406 	 0.0053 	 -0.0238 	 -0.0234 	 0.6159 	 -0.5566 	 -0.0576 	 -1.0327
1.3427 	 0.1356 	 -0.0409 	 0.0114 	 -0.0293 	 -0.0240 	 0.6053 	 -0.5355 	 -0.0501 	 -1.0744
1.3527 	 0.1353 	 -0.0411 	 0.0174 	 -0.0345 	 -0.0244 	 0.5944 	 -0.5151 	 -0.0410 	 -1.1091
1.3627 	 0.1350 	 -0.0414 	 0.0233 	 -0.0396 	 -0.0248 	 0.5831 	 -0.4972 	 -0.0321 	 -1.1378
1.3727 	 0.1345 	 -0.0416 	 0.0291 	 -0.0445 	 -0.0251 	 0.5716 	 -0.4820 	 -0.0241 	 -1.1627
1.3828 	 0.1341 	 -0.0419 	 0.0348 	 -0.0493 	 -0.0253 	 0.5598 	 -0.4692 	 -0.0169 	 -1.1853
1.3928 	 0.1336 	 -0.0421 	 0.0403 	 -0.0539 	 -0.0254 	 0.5478 	 -0.4578 	 -0.0105 	 -1.2062
1.4028 	 0.1330 	 -0.0424 	 0.0458 	 -0.0584 	 -0.0255 	 0.5356 	 -0.4473 	 -0.0046 	 -1.2256
1.4128 	 0.1324 	 -0.0426 	 0.0511 	 -0.0629 	 -0.0255 	 0.5233 	 -0.4375 	 0.0008 	 -1.2437
1.4228 	 0.1317 	 -0.0429 	 0.0562 	 -0.0672 	 -0.0255 	 0.5107 	 -0.4281 	 0.0057 	 -1.2605
1.4329 	 0.1310 	 -0.0432 	 0.0613 	 -0.0715 	 -0.0254 	 0.4980 	 -0.4191 	 0.0101 	 -1.2766
1.4429 	 0.1303 	 -0.0434 	 0.0662 	 -0.0756 	 -0.0253 	 0.4851 	 -0.4105 	 0.0140 	 -1.2922
1.4529 	 0.1295 	 -0.0437 	 0.0710 	 -0.0797 	 -0.0251 	 0.4721 	 -0.4006 	 0.0168 	 -1.3010
1.4629 	 0.1287 	 -0.0439 	 0.0757 	 -0.0837 	 -0.0250 	 0.4590 	 -0.3917 	 0.0197 	 -1.3089
1.4729 	 0.1278 	 -0.0442 	 0.0802 	 -0.0875 	 -0.0248 	 0.4460 	 -0.3819 	 0.0216 	 -1.3084
1.4830 	 0.1269 	 -0.0444 	 0.0846 	 -0.0913 	 -0.0245 	 0.4328 	 -0.3712 	 0.0242 	 -1.3202
1.4930 	 0.1260 	 -0.0447 	 0.0889 	 -0.0950 	 -0.0243 	 0.4195 	 -0.3591 	 0.0267 	 -1.3313
1.5030 	 0.1250 	 -0.0449 	 0.0930 	 -0.0985 	 -0.0240 	 0.4061 	 -0.3462 	 0.0292 	 -1.3411
1.5130 	 0.1240 	 -0.0451 	 0.0970 	 -0.1019 	 -0.0237 	 0.3927 	 -0.3322 	 0.0314 	 -1.3345
1.5230 	 0.1230 	 -0.0454 	 0.1009 	 -0.1052 	 -0.0234 	 0.3794 	 -0.3199 	 0.0341 	 -1.3316
1.5331 	 0.1219 	 -0.0456 	 0.1046 	 -0.1083 	 -0.0230 	 0.3661 	 -0.3082 	 0.0367 	 -1.3268
1.5431 	 0.1208 	 -0.0458 	 0.1082 	 -0.1113 	 -0.0226 	 0.3528 	 -0.2948 	 0.0375 	 -1.3329
1.5531 	 0.1197 	 -0.0461 	 0.1117 	 -0.1142 	 -0.0222 	 0.3394 	 -0.2842 	 0.0413 	 -1.3330
1.5631 	 0.1185 	 -0.0463 	 0.1150 	 -0.1170 	 -0.0218 	 0.3262 	 -0.2746 	 0.0463 	 -1.3249
1.5731 	 0.1174 	 -0.0465 	 0.1182 	 -0.1197 	 -0.0213 	 0.3129 	 -0.2652 	 0.0505 	 -1.3230
1.5832 	 0.1161 	 -0.0467 	 0.1213 	 -0.1224 	 -0.0208 	 0.2996 	 -0.2562 	 0.0547 	 -1.3211
1.5932 	 0.1149 	 -0.0469 	 0.1242 	 -0.1249 	 -0.0202 	 0.2864 	 -0.2481 	 0.0588 	 -1.3128
1.6032 	 0.1136 	 -0.0471 	 0.1270 	 -0.1273 	 -0.0196 	 0.2732 	 -0.2397 	 0.0634 	 -1.3165
1.6132 	 0.1124 	 -0.0473 	 0.1297 	 -0.1297 	 -0.0189 	 0.2601 	 -0.2281 	 0.0708 	 -1.3090
1.6232 	 0.1110 	 -0.0475 	 0.1323 	 -0.1319 	 -0.0182 	 0.2470 	 -0.2195 	 0.0756 	 -1.3057
1.6333 	 0.1097 	 -0.0477 	 0.1347 	 -0.1341 	 -0.0174 	 0.2339 	 -0.2115 	 0.0802 	 -1.2958
1.6433 	 0.1084 	 -0.0478 	 0.1369 	 -0.1362 	 -0.0166 	 0.2210 	 -0.2030 	 0.0849 	 -1.2922
1.6533 	 0.1070 	 -0.0480 	 0.1391 	 -0.1381 	 -0.0157 	 0.2080 	 -0.1943 	 0.0896 	 -1.2887
1.6633 	 0.1056 	 -0.0481 	 0.1411 	 -0.1401 	 -0.0148 	 0.1953 	 -0.1877 	 0.0937 	 -1.2643
1.6733 	 0.1042 	 -0.0483 	 0.1430 	 -0.1419 	 -0.0138 	 0.1826 	 -0.1788 	 0.0985 	 -1.2584
1.6834 	 0.1027 	 -0.0484 	 0.1448 	 -0.1437 	 -0.0128 	 0.1701 	 -0.1717 	 0.1044 	 -1.2508
1.6934 	 0.1013 	 -0.0485 	 0.1464 	 -0.1453 	 -0.0117 	 0.1576 	 -0.1629 	 0.1089 	 -1.2365
1.7034 	 0.0998 	 -0.0487 	 0.1479 	 -0.1469 	 -0.0106 	 0.1453 	 -0.1539 	 0.1134 	 -1.2206
1.7134 	 0.0984 	 -0.0488 	 0.1493 	 -0.1484 	 -0.0095 	 0.1331 	 -0.1412 	 0.1184 	 -1.2045
1.7234 	 0.0969 	 -0.0489 	 0.1506 	 -0.1498 	 -0.0083 	 0.1212 	 -0.1330 	 0.1228 	 -1.1800
1.7335 	 0.0954 	 -0.0489 	 0.1518 	 -0.1511 	 -0.0070 	 0.1094 	 -0.1286 	 0.1315 	 -1.1669
1.7435 	 0.0938 	 -0.0490 	 0.1528 	 -0.1523 	 -0.0057 	 0.0978 	 -0.1194 	 0.1351 	 -1.1565
1.7535 	 0.0923 	 -0.0490 	 0.1537 	 -0.1535 	 -0.0043 	 0.0863 	 -0.1113 	 0.1381 	 -1.1410
1.7635 	 0.0908 	 -0.0491 	 0.1545 	 -0.1546 	 -0.0029 	 0.0750 	 -0.1004 	 0.1457 	 -1.1221
1.7735 	 0.0892 	 -0.0491 	 0.1552 	 -0.1555 	 -0.0014 	 0.0638 	 -0.0876 	 0.1511 	 -1.1136
1.7836 	 0.0876 	 -0.0491 	 0.1558 	 -0.1563 	 0.0001 	 0.0527 	 -0.0767 	 0.1532 	 -1.1110
1.7936 	 0.0861 	 -0.0491 	 0.1563 	 -0.1570 	 0.0017 	 0.0416 	 -0.0669 	 0.1546 	 -1.1028
1.8036 	 0.0845 	 -0.0491 	 0.1566 	 -0.1577 	 0.0032 	 0.0306 	 -0.0572 	 0.1556 	 -1.0957
1.8136 	 0.0829 	 -0.0490 	 0.1569 	 -0.1582 	 0.0048 	 0.0196 	 -0.0479 	 0.1563 	 -1.0894
1.8236 	 0.0813 	 -0.0490 	 0.1570 	 -0.1586 	 0.0064 	 0.0087 	 -0.0389 	 0.1567 	 -1.0836
1.8337 	 0.0797 	 -0.0489 	 0.1571 	 -0.1590 	 0.0079 	 -0.0021 	 -0.0304 	 0.1568 	 -1.0781
1.8437 	 0.0781 	 -0.0488 	 0.1570 	 -0.1592 	 0.0095 	 -0.0129 	 -0.0223 	 0.1568 	 -1.0727
1.8537 	 0.0765 	 -0.0487 	 0.1568 	 -0.1594 	 0.0111 	 -0.0236 	 -0.0146 	 0.1568 	 -1.0673
1.8637 	 0.0749 	 -0.0486 	 0.1565 	 -0.1595 	 0.0126 	 -0.0343 	 -0.0074 	 0.1565 	 -1.0620
1.8737 	 0.0734 	 -0.0485 	 0.1561 	 -0.1596 	 0.0142 	 -0.0449 	 -0.0005 	 0.1562 	 -1.0569
1.8838 	 0.0718 	 -0.0483 	 0.1556 	 -0.1595 	 0.0158 	 -0.0554 	 0.0060 	 0.1558 	 -1.0520
1.8938 	 0.0702 	 -0.0481 	 0.1550 	 -0.1594 	 0.0173 	 -0.0660 	 0.0121 	 0.1553 	 -1.0475
1.9038 	 0.0686 	 -0.0480 	 0.1543 	 -0.1593 	 0.0189 	 -0.0764 	 0.0181 	 0.1547 	 -1.0434
1.9138 	 0.0670 	 -0.0478 	 0.1535 	 -0.1591 	 0.0204 	 -0.0869 	 0.0243 	 0.1503 	 -1.0345
1.9238 	 0.0654 	 -0.0476 	 0.1526 	 -0.1588 	 0.0219 	 -0.0972 	 0.0303 	 0.1495 	 -1.0373
1.9339 	 0.0638 	 -0.0473 	 0.1515 	 -0.1585 	 0.0234 	 -0.1076 	 0.0362 	 0.1481 	 -1.0333
1.9439 	 0.0622 	 -0.0471 	 0.1504 	 -0.1581 	 0.0249 	 -0.1179 	 0.0421 	 0.1467 	 -1.0298
1.9539 	 0.0606 	 -0.0468 	 0.1492 	 -0.1576 	 0.0264 	 -0.1282 	 0.0482 	 0.1451 	 -1.0268
1.9639 	 0.0590 	 -0.0466 	 0.1478 	 -0.1571 	 0.0278 	 -0.1386 	 0.0537 	 0.1434 	 -1.0292
1.9739 	 0.0575 	 -0.0463 	 0.1464 	 -0.1565 	 0.0292 	 -0.1488 	 0.0605 	 0.1416 	 -1.0254
1.9840 	 0.0559 	 -0.0460 	 0.1449 	 -0.1559 	 0.0306 	 -0.1591 	 0.0665 	 0.1375 	 -1.0269
1.9940 	 0.0543 	 -0.0457 	 0.1432 	 -0.1552 	 0.0320 	 -0.1694 	 0.0740 	 0.1360 	 -1.0226
2.0040 	 0.0528 	 -0.0453 	 0.1415 	 -0.1544 	 0.0333 	 -0.1796 	 0.0818 	 0.1344 	 -1.0184
2.0140 	 0.0512 	 -0.0450 	 0.1396 	 -0.1536 	 0.0347 	 -0.1898 	 0.0898 	 0.1327 	 -1.0141
2.0240 	 0.0497 	 -0.0446 	 0.1377 	 -0.1526 	 0.0360 	 -0.2000 	 0.0980 	 0.1309 	 -1.0098
2.0341 	 0.0482 	 -0.0443 	 0.1356 	 -0.1516 	 0.0373 	 -0.2101 	 0.1064 	 0.1289 	 -1.0053
2.0441 	 0.0467 	 -0.0439 	 0.1334 	 -0.1505 	 0.0386 	 -0.2201 	 0.1150 	 0.1267 	 -1.0006
2.0541 	 0.0452 	 -0.0435 	 0.1312 	 -0.1493 	 0.0398 	 -0.2302 	 0.1234 	 0.1233 	 -1.0014
2.0641 	 0.0437 	 -0.0431 	 0.1288 	 -0.1480 	 0.0411 	 -0.2402 	 0.1325 	 0.1207 	 -0.9953
2.0741 	 0.0422 	 -0.0427 	 0.1264 	 -0.1466 	 0.0423 	 -0.2501 	 0.1448 	 0.1202 	 -0.9839
2.0842 	 0.0407 	 -0.0422 	 0.1238 	 -0.1451 	 0.0434 	 -0.2599 	 0.1552 	 0.1145 	 -0.9833
2.0942 	 0.0393 	 -0.0418 	 0.1212 	 -0.1435 	 0.0446 	 -0.2697 	 0.1646 	 0.1105 	 -0.9758
2.1042 	 0.0379 	 -0.0413 	 0.1184 	 -0.1418 	 0.0456 	 -0.2795 	 0.1741 	 0.1059 	 -0.9683
2.1142 	 0.0365 	 -0.0409 	 0.1156 	 -0.1401 	 0.0467 	 -0.2892 	 0.1840 	 0.1006 	 -0.9608
2.1242 	 0.0351 	 -0.0404 	 0.1126 	 -0.1382 	 0.0477 	 -0.2987 	 0.1940 	 0.0945 	 -0.9535
2.1343 	 0.0337 	 -0.0399 	 0.1096 	 -0.1362 	 0.0486 	 -0.3083 	 0.2043 	 0.0877 	 -0.9464
2.1443 	 0.0323 	 -0.0394 	 0.1064 	 -0.1341 	 0.0494 	 -0.3177 	 0.2147 	 0.0803 	 -0.9396
2.1543 	 0.0310 	 -0.0389 	 0.1032 	 -0.1319 	 0.0502 	 -0.3271 	 0.2252 	 0.0723 	 -0.9331
2.1643 	 0.0297 	 -0.0384 	 0.0999 	 -0.1296 	 0.0509 	 -0.3364 	 0.2358 	 0.0639 	 -0.9268
2.1743 	 0.0284 	 -0.0379 	 0.0965 	 -0.1271 	 0.0515 	 -0.3457 	 0.2463 	 0.0552 	 -0.9208
2.1844 	 0.0271 	 -0.0374 	 0.0930 	 -0.1246 	 0.0520 	 -0.3549 	 0.2568 	 0.0463 	 -0.9149
2.1944 	 0.0259 	 -0.0369 	 0.0894 	 -0.1220 	 0.0524 	 -0.3640 	 0.2681 	 0.0368 	 -0.9153
2.2044 	 0.0247 	 -0.0364 	 0.0857 	 -0.1192 	 0.0527 	 -0.3732 	 0.2795 	 0.0277 	 -0.9150
2.2144 	 0.0235 	 -0.0358 	 0.0819 	 -0.1164 	 0.0529 	 -0.3823 	 0.2895 	 0.0188 	 -0.9081
2.2244 	 0.0224 	 -0.0353 	 0.0780 	 -0.1134 	 0.0531 	 -0.3914 	 0.2995 	 0.0098 	 -0.9011
2.2345 	 0.0212 	 -0.0348 	 0.0740 	 -0.1104 	 0.0531 	 -0.4004 	 0.3098 	 0.0010 	 -0.8938
2.2445 	 0.0202 	 -0.0342 	 0.0700 	 -0.1072 	 0.0531 	 -0.4093 	 0.3205 	 -0.0079 	 -0.8857
2.2545 	 0.0191 	 -0.0337 	 0.0658 	 -0.1040 	 0.0530 	 -0.4181 	 0.3316 	 -0.0167 	 -0.8758
2.2645 	 0.0181 	 -0.0332 	 0.0616 	 -0.1006 	 0.0528 	 -0.4269 	 0.3494 	 -0.0304 	 -0.8783
2.2745 	 0.0171 	 -0.0326 	 0.0573 	 -0.0970 	 0.0524 	 -0.4357 	 0.3560 	 -0.0389 	 -0.8679
2.2846 	 0.0161 	 -0.0321 	 0.0529 	 -0.0934 	 0.0520 	 -0.4443 	 0.3577 	 -0.0466 	 -0.8541
2.2946 	 0.0152 	 -0.0316 	 0.0484 	 -0.0898 	 0.0515 	 -0.4529 	 0.3592 	 -0.0543 	 -0.8507
2.3046 	 0.0143 	 -0.0311 	 0.0438 	 -0.0862 	 0.0509 	 -0.4614 	 0.3603 	 -0.0628 	 -0.8504
2.3146 	 0.0135 	 -0.0306 	 0.0391 	 -0.0826 	 0.0502 	 -0.4699 	 0.3615 	 -0.0708 	 -0.8512
2.3246 	 0.0127 	 -0.0301 	 0.0344 	 -0.0790 	 0.0495 	 -0.4785 	 0.3644 	 -0.0796 	 -0.8594
2.3347 	 0.0119 	 -0.0296 	 0.0295 	 -0.0753 	 0.0486 	 -0.4872 	 0.3691 	 -0.0882 	 -0.8735
2.3447 	 0.0112 	 -0.0291 	 0.0246 	 -0.0716 	 0.0477 	 -0.4960 	 0.3702 	 -0.0982 	 -0.8811
2.3547 	 0.0105 	 -0.0286 	 0.0196 	 -0.0679 	 0.0467 	 -0.5048 	 0.3680 	 -0.1078 	 -0.8791
2.3647 	 0.0098 	 -0.0282 	 0.0145 	 -0.0642 	 0.0456 	 -0.5136 	 0.3705 	 -0.1151 	 -0.8735
2.3747 	 0.0092 	 -0.0277 	 0.0093 	 -0.0605 	 0.0444 	 -0.5224 	 0.3753 	 -0.1235 	 -0.8803
2.3848 	 0.0086 	 -0.0273 	 0.0040 	 -0.0567 	 0.0431 	 -0.5313 	 0.3807 	 -0.1330 	 -0.8853
2.3948 	 0.0080 	 -0.0269 	 -0.0013 	 -0.0529 	 0.0417 	 -0.5401 	 0.3831 	 -0.1406 	 -0.8781
2.4048 	 0.0075 	 -0.0265 	 -0.0068 	 -0.0490 	 0.0402 	 -0.5489 	 0.3849 	 -0.1528 	 -0.8752
2.4148 	 0.0071 	 -0.0261 	 -0.0123 	 -0.0451 	 0.0387 	 -0.5577 	 0.3897 	 -0.1616 	 -0.8733
2.4248 	 0.0066 	 -0.0257 	 -0.0180 	 -0.0412 	 0.0370 	 -0.5664 	 0.3893 	 -0.1709 	 -0.8692
2.4349 	 0.0062 	 -0.0253 	 -0.0237 	 -0.0373 	 0.0352 	 -0.5751 	 0.3931 	 -0.1778 	 -0.8607
2.4449 	 0.0059 	 -0.0250 	 -0.0295 	 -0.0334 	 0.0334 	 -0.5837 	 0.3981 	 -0.1792 	 -0.8493
2.4549 	 0.0056 	 -0.0246 	 -0.0354 	 -0.0293 	 0.0316 	 -0.5922 	 0.4034 	 -0.1890 	 -0.8446
2.4649 	 0.0053 	 -0.0243 	 -0.0414 	 -0.0253 	 0.0296 	 -0.6006 	 0.4076 	 -0.1951 	 -0.8349
2.4749 	 0.0051 	 -0.0241 	 -0.0474 	 -0.0212 	 0.0277 	 -0.6089 	 0.4112 	 -0.2015 	 -0.8315
2.4850 	 0.0049 	 -0.0238 	 -0.0536 	 -0.0170 	 0.0256 	 -0.6172 	 0.4157 	 -0.2081 	 -0.8223
2.4950 	 0.0047 	 -0.0235 	 -0.0598 	 -0.0128 	 0.0235 	 -0.6254 	 0.4202 	 -0.2148 	 -0.8128
2.5050 	 0.0046 	 -0.0233 	 -0.0661 	 -0.0086 	 0.0213 	 -0.6335 	 0.4237 	 -0.2219 	 -0.8096
2.5150 	 0.0045 	 -0.0231 	 -0.0725 	 -0.0044 	 0.0190 	 -0.6416 	 0.4257 	 -0.2279 	 -0.8074
2.5251 	 0.0045 	 -0.0229 	 -0.0789 	 -0.0001 	 0.0167 	 -0.6497 	 0.4290 	 -0.2351 	 -0.7990
2.5351 	 0.0045 	 -0.0228 	 -0.0855 	 0.0042 	 0.0143 	 -0.6577 	 0.4303 	 -0.2421 	 -0.7977
2.5451 	 0.0046 	 -0.0226 	 -0.0921 	 0.0085 	 0.0119 	 -0.6656 	 0.4322 	 -0.2495 	 -0.7903
2.5551 	 0.0047 	 -0.0225 	 -0.0988 	 0.0129 	 0.0093 	 -0.6735 	 0.4301 	 -0.2560 	 -0.7963
2.5651 	 0.0049 	 -0.0225 	 -0.1056 	 0.0172 	 0.0067 	 -0.6815 	 0.4268 	 -0.2694 	 -0.7915
2.5752 	 0.0051 	 -0.0224 	 -0.1125 	 0.0214 	 0.0039 	 -0.6894 	 0.4249 	 -0.2784 	 -0.7953
2.5852 	 0.0053 	 -0.0224 	 -0.1194 	 0.0256 	 0.0011 	 -0.6974 	 0.4191 	 -0.2921 	 -0.7956
2.5952 	 0.0056 	 -0.0224 	 -0.1265 	 0.0298 	 -0.0019 	 -0.7054 	 0.4097 	 -0.3030 	 -0.8007
2.6052 	 0.0059 	 -0.0224 	 -0.1336 	 0.0340 	 -0.0050 	 -0.7134 	 0.4152 	 -0.3089 	 -0.8084
2.6152 	 0.0063 	 -0.0225 	 -0.1408 	 0.0381 	 -0.0081 	 -0.7215 	 0.4158 	 -0.3214 	 -0.8060
2.6253 	 0.0067 	 -0.0226 	 -0.1480 	 0.0423 	 -0.0114 	 -0.7296 	 0.4146 	 -0.3308 	 -0.8092
2.6353 	 0.0071 	 -0.0227 	 -0.1554 	 0.0464 	 -0.0148 	 -0.7377 	 0.4160 	 -0.3443 	 -0.8066
2.6453 	 0.0076 	 -0.0229 	 -0.1628 	 0.0506 	 -0.0183 	 -0.7458 	 0.4176 	 -0.3586 	 -0.8027
2.6553 	 0.0081 	 -0.0231 	 -0.1703 	 0.0548 	 -0.0220 	 -0.7538 	 0.4191 	 -0.3775 	 -0.7968
2.6653 	 0.0087 	 -0.0233 	 -0.1779 	 0.0590 	 -0.0258 	 -0.7617 	 0.4187 	 -0.3930 	 -0.7881
2.6754 	 0.0093 	 -0.0236 	 -0.1856 	 0.0632 	 -0.0299 	 -0.7696 	 0.4175 	 -0.4098 	 -0.7817
2.6854 	 0.0100 	 -0.0239 	 -0.1934 	 0.0673 	 -0.0341 	 -0.7774 	 0.4106 	 -0.4326 	 -0.7673
2.6954 	 0.0106 	 -0.0243 	 -0.2012 	 0.0714 	 -0.0385 	 -0.7849 	 0.4038 	 -0.4522 	 -0.7429
2.7054 	 0.0114 	 -0.0247 	 -0.2091 	 0.0754 	 -0.0431 	 -0.7923 	 0.3891 	 -0.4725 	 -0.7147
2.7154 	 0.0122 	 -0.0252 	 -0.2171 	 0.0792 	 -0.0480 	 -0.7992 	 0.3766 	 -0.4932 	 -0.6715
2.7255 	 0.0130 	 -0.0257 	 -0.2251 	 0.0829 	 -0.0530 	 -0.8057 	 0.3630 	 -0.5116 	 -0.6200
2.7355 	 0.0138 	 -0.0262 	 -0.2332 	 0.0865 	 -0.0582 	 -0.8116 	 0.3491 	 -0.5299 	 -0.5648
2.7455 	 0.0147 	 -0.0268 	 -0.2414 	 0.0899 	 -0.0637 	 -0.8170 	 0.3330 	 -0.5549 	 -0.5078
2.7555 	 0.0156 	 -0.0275 	 -0.2496 	 0.0931 	 -0.0693 	 -0.8218 	 0.3152 	 -0.5755 	 -0.4462
2.7655 	 0.0166 	 -0.0282 	 -0.2578 	 0.0962 	 -0.0752 	 -0.8259 	 0.2978 	 -0.5934 	 -0.3704
2.7756 	 0.0175 	 -0.0290 	 -0.2661 	 0.0991 	 -0.0812 	 -0.8293 	 0.2806 	 -0.6087 	 -0.2975
2.7856 	 0.0186 	 -0.0298 	 -0.2744 	 0.1018 	 -0.0874 	 -0.8319 	 0.2665 	 -0.6225 	 -0.2137
2.7956 	 0.0196 	 -0.0308 	 -0.2828 	 0.1044 	 -0.0937 	 -0.8336 	 0.2519 	 -0.6328 	 -0.1226
2.8056 	 0.0206 	 -0.0317 	 -0.2911 	 0.1069 	 -0.1000 	 -0.8343 	 0.2357 	 -0.6340 	 -0.0271
2.8156 	 0.0217 	 -0.0328 	 -0.2995 	 0.1092 	 -0.1064 	 -0.8341 	 0.2197 	 -0.6252 	 0.0653
2.8257 	 0.0228 	 -0.0339 	 -0.3078 	 0.1113 	 -0.1126 	 -0.8330 	 0.2054 	 -0.6146 	 0.1531
2.8357 	 0.0240 	 -0.0350 	 -0.3162 	 0.1133 	 -0.1186 	 -0.8311 	 0.1877 	 -0.5914 	 0.2262
2.8457 	 0.0251 	 -0.0362 	 -0.3245 	 0.1151 	 -0.1244 	 -0.8285 	 0.1762 	 -0.5650 	 0.2921
2.8557 	 0.0263 	 -0.0375 	 -0.3328 	 0.1168 	 -0.1299 	 -0.8253 	 0.1651 	 -0.5379 	 0.3484
2.8657 	 0.0274 	 -0.0388 	 -0.3410 	 0.1184 	 -0.1352 	 -0.8215 	 0.1530 	 -0.5125 	 0.3992
2.8758 	 0.0286 	 -0.0402 	 -0.3492 	 0.1199 	 -0.1402 	 -0.8173 	 0.1407 	 -0.4916 	 0.4515
2.8858 	 0.0298 	 -0.0416 	 -0.3574 	 0.1213 	 -0.1451 	 -0.8125 	 0.1358 	 -0.4800 	 0.5010
2.8958 	 0.0311 	 -0.0431 	 -0.3655 	 0.1226 	 -0.1498 	 -0.8072 	 0.1364 	 -0.4697 	 0.5504
2.9058 	 0.0323 	 -0.0446 	 -0.3736 	 0.1240 	 -0.1545 	 -0.8015 	 0.1327 	 -0.4666 	 0.5944
2.9158 	 0.0336 	 -0.0462 	 -0.3816 	 0.1253 	 -0.1592 	 -0.7954 	 0.1252 	 -0.4642 	 0.6319
2.9259 	 0.0348 	 -0.0478 	 -0.3895 	 0.1265 	 -0.1638 	 -0.7888 	 0.1178 	 -0.4568 	 0.6761
2.9359 	 0.0361 	 -0.0495 	 -0.3974 	 0.1276 	 -0.1683 	 -0.7818 	 0.1102 	 -0.4426 	 0.7257
2.9459 	 0.0374 	 -0.0512 	 -0.4052 	 0.1287 	 -0.1727 	 -0.7743 	 0.1008 	 -0.4263 	 0.7676
2.9559 	 0.0387 	 -0.0530 	 -0.4129 	 0.1297 	 -0.1768 	 -0.7665 	 0.0968 	 -0.4026 	 0.7970
2.9659 	 0.0400 	 -0.0548 	 -0.4205 	 0.1306 	 -0.1808 	 -0.7583 	 0.0857 	 -0.3808 	 0.8347
2.9760 	 0.0413 	 -0.0566 	 -0.4281 	 0.1314 	 -0.1845 	 -0.7498 	 0.0747 	 -0.3575 	 0.8696
2.9860 	 0.0426 	 -0.0584 	 -0.4356 	 0.1321 	 -0.1879 	 -0.7409 	 0.0599 	 -0.3405 	 0.8950
2.9960 	 0.0439 	 -0.0603 	 -0.4429 	 0.1326 	 -0.1912 	 -0.7318 	 0.0486 	 -0.3168 	 0.9249
3.0060 	 0.0453 	 -0.0623 	 -0.4502 	 0.1331 	 -0.1943 	 -0.7224 	 0.0377 	 -0.2922 	 0.9541
3.0160 	 0.0466 	 -0.0642 	 -0.4574 	 0.1334 	 -0.1971 	 -0.7126 	 0.0272 	 -0.2668 	 0.9830
3.0261 	 0.0479 	 -0.0662 	 -0.4645 	 0.1336 	 -0.1996 	 -0.7027 	 0.0162 	 -0.2405 	 1.0122
3.0361 	 0.0493 	 -0.0682 	 -0.4715 	 0.1337 	 -0.2019 	 -0.6924 	 0.0041 	 -0.2102 	 1.0363
3.0461 	 0.0506 	 -0.0703 	 -0.4784 	 0.1337 	 -0.2039 	 -0.6818 	 -0.0112 	 -0.1840 	 1.0671
3.0561 	 0.0519 	 -0.0723 	 -0.4852 	 0.1334 	 -0.2057 	 -0.6710 	 -0.0376 	 -0.1746 	 1.0905
3.0661 	 0.0533 	 -0.0744 	 -0.4918 	 0.1330 	 -0.2073 	 -0.6600 	 -0.0521 	 -0.1554 	 1.1200
3.0762 	 0.0546 	 -0.0765 	 -0.4984 	 0.1324 	 -0.2088 	 -0.6486 	 -0.0639 	 -0.1357 	 1.1473
3.0862 	 0.0559 	 -0.0786 	 -0.5048 	 0.1317 	 -0.2100 	 -0.6370 	 -0.0739 	 -0.1147 	 1.1727
3.0962 	 0.0572 	 -0.0807 	 -0.5111 	 0.1309 	 -0.2111 	 -0.6252 	 -0.0806 	 -0.0942 	 1.1882
3.1062 	 0.0586 	 -0.0828 	 -0.5173 	 0.1301 	 -0.2119 	 -0.6132 	 -0.0885 	 -0.0739 	 1.2078
3.1162 	 0.0599 	 -0.0849 	 -0.5234 	 0.1291 	 -0.2126 	 -0.6010 	 -0.0949 	 -0.0528 	 1.2311
3.1263 	 0.0611 	 -0.0871 	 -0.5294 	 0.1282 	 -0.2130 	 -0.5886 	 -0.1003 	 -0.0368 	 1.2400
3.1363 	 0.0624 	 -0.0892 	 -0.5352 	 0.1271 	 -0.2133 	 -0.5761 	 -0.1028 	 -0.0190 	 1.2486
3.1463 	 0.0637 	 -0.0913 	 -0.5409 	 0.1260 	 -0.2134 	 -0.5635 	 -0.1108 	 -0.0044 	 1.2607
3.1563 	 0.0649 	 -0.0935 	 -0.5465 	 0.1249 	 -0.2134 	 -0.5508 	 -0.1188 	 0.0093 	 1.2720
3.1663 	 0.0662 	 -0.0956 	 -0.5520 	 0.1237 	 -0.2132 	 -0.5380 	 -0.1265 	 0.0223 	 1.2833
3.1764 	 0.0674 	 -0.0977 	 -0.5573 	 0.1223 	 -0.2130 	 -0.5252 	 -0.1371 	 0.0295 	 1.2780
3.1864 	 0.0686 	 -0.0999 	 -0.5625 	 0.1209 	 -0.2126 	 -0.5124 	 -0.1402 	 0.0442 	 1.2755
3.1964 	 0.0698 	 -0.1020 	 -0.5676 	 0.1195 	 -0.2121 	 -0.4996 	 -0.1442 	 0.0580 	 1.2781
3.2064 	 0.0710 	 -0.1041 	 -0.5725 	 0.1180 	 -0.2114 	 -0.4868 	 -0.1465 	 0.0697 	 1.2803
3.2164 	 0.0722 	 -0.1062 	 -0.5773 	 0.1166 	 -0.2107 	 -0.4739 	 -0.1446 	 0.0795 	 1.2899
3.2265 	 0.0734 	 -0.1083 	 -0.5820 	 0.1152 	 -0.2099 	 -0.4610 	 -0.1462 	 0.0907 	 1.2888
3.2365 	 0.0745 	 -0.1104 	 -0.5866 	 0.1137 	 -0.2089 	 -0.4480 	 -0.1492 	 0.1024 	 1.2928
3.2465 	 0.0757 	 -0.1125 	 -0.5910 	 0.1122 	 -0.2078 	 -0.4351 	 -0.1512 	 0.1133 	 1.2900
3.2565 	 0.0768 	 -0.1146 	 -0.5953 	 0.1107 	 -0.2066 	 -0.4222 	 -0.1512 	 0.1297 	 1.2788
3.2665 	 0.0779 	 -0.1167 	 -0.5994 	 0.1091 	 -0.2053 	 -0.4094 	 -0.1547 	 0.1401 	 1.2801
3.2766 	 0.0790 	 -0.1187 	 -0.6035 	 0.1076 	 -0.2038 	 -0.3966 	 -0.1583 	 0.1505 	 1.2811
3.2866 	 0.0800 	 -0.1208 	 -0.6074 	 0.1060 	 -0.2022 	 -0.3837 	 -0.1620 	 0.1605 	 1.2817
3.2966 	 0.0811 	 -0.1228 	 -0.6112 	 0.1043 	 -0.2006 	 -0.3709 	 -0.1656 	 0.1702 	 1.2818
3.3066 	 0.0821 	 -0.1248 	 -0.6148 	 0.1027 	 -0.1988 	 -0.3582 	 -0.1665 	 0.1783 	 1.2680
3.3166 	 0.0831 	 -0.1268 	 -0.6183 	 0.1010 	 -0.1970 	 -0.3455 	 -0.1673 	 0.1861 	 1.2581
3.3267 	 0.0841 	 -0.1287 	 -0.6217 	 0.0993 	 -0.1951 	 -0.3330 	 -0.1678 	 0.1896 	 1.2345
3.3367 	 0.0851 	 -0.1307 	 -0.6250 	 0.0976 	 -0.1932 	 -0.3207 	 -0.1680 	 0.1933 	 1.2147
3.3467 	 0.0861 	 -0.1326 	 -0.6282 	 0.0959 	 -0.1912 	 -0.3085 	 -0.1694 	 0.1979 	 1.2067
3.3567 	 0.0870 	 -0.1345 	 -0.6312 	 0.0942 	 -0.1892 	 -0.2965 	 -0.1700 	 0.2023 	 1.1991
3.3667 	 0.0880 	 -0.1364 	 -0.6341 	 0.0925 	 -0.1872 	 -0.2845 	 -0.1701 	 0.2066 	 1.1923
3.3768 	 0.0889 	 -0.1382 	 -0.6369 	 0.0908 	 -0.1851 	 -0.2726 	 -0.1697 	 0.2108 	 1.1867
3.3868 	 0.0898 	 -0.1401 	 -0.6396 	 0.0891 	 -0.1829 	 -0.2607 	 -0.1693 	 0.2150 	 1.1824
3.3968 	 0.0907 	 -0.1419 	 -0.6421 	 0.0874 	 -0.1808 	 -0.2489 	 -0.1654 	 0.2156 	 1.1753
3.4068 	 0.0916 	 -0.1437 	 -0.6446 	 0.0858 	 -0.1786 	 -0.2371 	 -0.1597 	 0.2212 	 1.1730
3.4168 	 0.0924 	 -0.1455 	 -0.6469 	 0.0842 	 -0.1764 	 -0.2254 	 -0.1620 	 0.2206 	 1.1653
3.4269 	 0.0932 	 -0.1472 	 -0.6491 	 0.0826 	 -0.1741 	 -0.2137 	 -0.1577 	 0.2264 	 1.1609
3.4369 	 0.0941 	 -0.1490 	 -0.6512 	 0.0810 	 -0.1719 	 -0.2021 	 -0.1596 	 0.2289 	 1.1596
3.4469 	 0.0949 	 -0.1507 	 -0.6531 	 0.0794 	 -0.1696 	 -0.1906 	 -0.1622 	 0.2308 	 1.1513
3.4569 	 0.0957 	 -0.1524 	 -0.6550 	 0.0777 	 -0.1672 	 -0.1790 	 -0.1645 	 0.2330 	 1.1498
3.4669 	 0.0964 	 -0.1540 	 -0.6567 	 0.0761 	 -0.1649 	 -0.1675 	 -0.1670 	 0.2351 	 1.1488
3.4770 	 0.0972 	 -0.1557 	 -0.6583 	 0.0743 	 -0.1626 	 -0.1560 	 -0.1741 	 0.2337 	 1.1467
3.4870 	 0.0979 	 -0.1573 	 -0.6598 	 0.0726 	 -0.1602 	 -0.1445 	 -0.1759 	 0.2358 	 1.1454
3.4970 	 0.0986 	 -0.1589 	 -0.6612 	 0.0708 	 -0.1578 	 -0.1331 	 -0.1778 	 0.2379 	 1.1444
3.5070 	 0.0993 	 -0.1605 	 -0.6625 	 0.0690 	 -0.1554 	 -0.1216 	 -0.1786 	 0.2392 	 1.1373
3.5170 	 0.1000 	 -0.1620 	 -0.6637 	 0.0672 	 -0.1530 	 -0.1103 	 -0.1784 	 0.2400 	 1.1236
3.5271 	 0.1007 	 -0.1635 	 -0.6647 	 0.0654 	 -0.1506 	 -0.0990 	 -0.1790 	 0.2410 	 1.1160
3.5371 	 0.1013 	 -0.1650 	 -0.6657 	 0.0636 	 -0.1482 	 -0.0879 	 -0.1801 	 0.2433 	 1.1149
3.5471 	 0.1020 	 -0.1665 	 -0.6665 	 0.0618 	 -0.1458 	 -0.0767 	 -0.1803 	 0.2452 	 1.1077
3.5571 	 0.1026 	 -0.1680 	 -0.6672 	 0.0600 	 -0.1433 	 -0.0656 	 -0.1812 	 0.2480 	 1.1069
3.5671 	 0.1032 	 -0.1694 	 -0.6678 	 0.0582 	 -0.1408 	 -0.0545 	 -0.1830 	 0.2524 	 1.1124
3.5772 	 0.1037 	 -0.1708 	 -0.6683 	 0.0564 	 -0.1382 	 -0.0434 	 -0.1828 	 0.2547 	 1.1048
3.5872 	 0.1043 	 -0.1721 	 -0.6687 	 0.0545 	 -0.1357 	 -0.0324 	 -0.1836 	 0.2584 	 1.1036
3.5972 	 0.1048 	 -0.1735 	 -0.6689 	 0.0527 	 -0.1331 	 -0.0213 	 -0.1845 	 0.2623 	 1.1024
3.6072 	 0.1053 	 -0.1748 	 -0.6691 	 0.0508 	 -0.1304 	 -0.0102 	 -0.1864 	 0.2679 	 1.1071
3.6172 	 0.1058 	 -0.1761 	 -0.6691 	 0.0489 	 -0.1277 	 0.0009 	 -0.1922 	 0.2672 	 1.1059
3.6273 	 0.1063 	 -0.1774 	 -0.6691 	 0.0470 	 -0.1250 	 0.0119 	 -0.1910 	 0.2690 	 1.0987
3.6373 	 0.1068 	 -0.1786 	 -0.6689 	 0.0451 	 -0.1223 	 0.0229 	 -0.1925 	 0.2725 	 1.0965
3.6473 	 0.1072 	 -0.1798 	 -0.6686 	 0.0431 	 -0.1196 	 0.0339 	 -0.1941 	 0.2761 	 1.0944
3.6573 	 0.1076 	 -0.1810 	 -0.6682 	 0.0412 	 -0.1168 	 0.0449 	 -0.1960 	 0.2796 	 1.0925
3.6673 	 0.1081 	 -0.1822 	 -0.6677 	 0.0392 	 -0.1140 	 0.0558 	 -0.1981 	 0.2832 	 1.0906
3.6774 	 0.1084 	 -0.1833 	 -0.6671 	 0.0372 	 -0.1111 	 0.0667 	 -0.2005 	 0.2867 	 1.0889
3.6874 	 0.1088 	 -0.1844 	 -0.6664 	 0.0352 	 -0.1082 	 0.0776 	 -0.2020 	 0.2887 	 1.0809
3.6974 	 0.1091 	 -0.1855 	 -0.6656 	 0.0332 	 -0.1053 	 0.0884 	 -0.2047 	 0.2921 	 1.0790
3.7074 	 0.1095 	 -0.1865 	 -0.6646 	 0.0311 	 -0.1024 	 0.0992 	 -0.2102 	 0.2978 	 1.0827
3.7174 	 0.1098 	 -0.1875 	 -0.6636 	 0.0290 	 -0.0994 	 0.1101 	 -0.2139 	 0.3038 	 1.0922
3.7275 	 0.1100 	 -0.1885 	 -0.6624 	 0.0268 	 -0.0963 	 0.1211 	 -0.2144 	 0.3077 	 1.0944
3.7375 	 0.1103 	 -0.1894 	 -0.6611 	 0.0246 	 -0.0932 	 0.1320 	 -0.2167 	 0.3125 	 1.0849
3.7475 	 0.1105 	 -0.1904 	 -0.6598 	 0.0225 	 -0.0901 	 0.1428 	 -0.2162 	 0.3138 	 1.0757
3.7575 	 0.1107 	 -0.1912 	 -0.6583 	 0.0203 	 -0.0869 	 0.1536 	 -0.2184 	 0.3171 	 1.0715
3.7675 	 0.1109 	 -0.1921 	 -0.6567 	 0.0181 	 -0.0837 	 0.1643 	 -0.2212 	 0.3219 	 1.0733
3.7776 	 0.1111 	 -0.1929 	 -0.6550 	 0.0159 	 -0.0804 	 0.1751 	 -0.2240 	 0.3273 	 1.0746
3.7876 	 0.1113 	 -0.1937 	 -0.6532 	 0.0136 	 -0.0771 	 0.1858 	 -0.2272 	 0.3329 	 1.0757
3.7976 	 0.1114 	 -0.1945 	 -0.6513 	 0.0113 	 -0.0737 	 0.1966 	 -0.2274 	 0.3449 	 1.0773
3.8076 	 0.1115 	 -0.1952 	 -0.6492 	 0.0090 	 -0.0702 	 0.2075 	 -0.2321 	 0.3551 	 1.0887
3.8176 	 0.1116 	 -0.1959 	 -0.6471 	 0.0067 	 -0.0666 	 0.2183 	 -0.2340 	 0.3613 	 1.0736
3.8277 	 0.1116 	 -0.1965 	 -0.6449 	 0.0043 	 -0.0630 	 0.2291 	 -0.2370 	 0.3665 	 1.0761
3.8377 	 0.1117 	 -0.1971 	 -0.6425 	 0.0019 	 -0.0592 	 0.2398 	 -0.2404 	 0.3748 	 1.0707
3.8477 	 0.1117 	 -0.1977 	 -0.6401 	 -0.0005 	 -0.0555 	 0.2505 	 -0.2430 	 0.3811 	 1.0585
3.8577 	 0.1116 	 -0.1982 	 -0.6375 	 -0.0029 	 -0.0516 	 0.2611 	 -0.2471 	 0.3907 	 1.0575
3.8677 	 0.1116 	 -0.1987 	 -0.6348 	 -0.0054 	 -0.0477 	 0.2716 	 -0.2498 	 0.3960 	 1.0438
3.8778 	 0.1115 	 -0.1992 	 -0.6320 	 -0.0079 	 -0.0437 	 0.2820 	 -0.2523 	 0.4005 	 1.0302
3.8878 	 0.1114 	 -0.1996 	 -0.6292 	 -0.0105 	 -0.0396 	 0.2923 	 -0.2544 	 0.4042 	 1.0174
3.8978 	 0.1113 	 -0.2000 	 -0.6262 	 -0.0130 	 -0.0356 	 0.3024 	 -0.2557 	 0.4072 	 1.0056
3.9078 	 0.1112 	 -0.2003 	 -0.6231 	 -0.0156 	 -0.0315 	 0.3124 	 -0.2564 	 0.4096 	 0.9954
3.9178 	 0.1110 	 -0.2006 	 -0.6199 	 -0.0182 	 -0.0274 	 0.3224 	 -0.2566 	 0.4117 	 0.9871
3.9279 	 0.1108 	 -0.2009 	 -0.6167 	 -0.0208 	 -0.0232 	 0.3322 	 -0.2556 	 0.4123 	 0.9744
3.9379 	 0.1106 	 -0.2011 	 -0.6133 	 -0.0233 	 -0.0191 	 0.3420 	 -0.2589 	 0.4120 	 0.9734
3.9479 	 0.1103 	 -0.2013 	 -0.6098 	 -0.0259 	 -0.0150 	 0.3516 	 -0.2570 	 0.4138 	 0.9628
3.9579 	 0.1101 	 -0.2014 	 -0.6062 	 -0.0285 	 -0.0108 	 0.3613 	 -0.2561 	 0.4178 	 0.9595
3.9679 	 0.1098 	 -0.2015 	 -0.6026 	 -0.0310 	 -0.0066 	 0.3709 	 -0.2606 	 0.4245 	 0.9554
3.9780 	 0.1095 	 -0.2015 	 -0.5988 	 -0.0336 	 -0.0023 	 0.3804 	 -0.2589 	 0.4294 	 0.9543
3.9880 	 0.1091 	 -0.2015 	 -0.5949 	 -0.0362 	 0.0020 	 0.3900 	 -0.2571 	 0.4348 	 0.9538
3.9980 	 0.1087 	 -0.2015 	 -0.5910 	 -0.0388 	 0.0064 	 0.3996 	 -0.2565 	 0.4451 	 0.9657
4.0080 	 0.1083 	 -0.2014 	 -0.5869 	 -0.0414 	 0.0109 	 0.4093 	 -0.2550 	 0.4538 	 0.9709
4.0180 	 0.1079 	 -0.2013 	 -0.5828 	 -0.0439 	 0.0155 	 0.4190 	 -0.2523 	 0.4607 	 0.9703
4.0281 	 0.1074 	 -0.2011 	 -0.5785 	 -0.0464 	 0.0202 	 0.4288 	 -0.2498 	 0.4706 	 0.9758
4.0381 	 0.1070 	 -0.2009 	 -0.5742 	 -0.0489 	 0.0249 	 0.4385 	 -0.2462 	 0.4787 	 0.9750
4.0481 	 0.1065 	 -0.2006 	 -0.5697 	 -0.0513 	 0.0298 	 0.4483 	 -0.2421 	 0.4876 	 0.9742
4.0581 	 0.1059 	 -0.2003 	 -0.5652 	 -0.0538 	 0.0347 	 0.4581 	 -0.2373 	 0.4971 	 0.9732
4.0681 	 0.1054 	 -0.1999 	 -0.5606 	 -0.0561 	 0.0397 	 0.4678 	 -0.2318 	 0.5073 	 0.9718
4.0782 	 0.1048 	 -0.1995 	 -0.5558 	 -0.0584 	 0.0449 	 0.4775 	 -0.2263 	 0.5198 	 0.9757
4.0882 	 0.1042 	 -0.1990 	 -0.5510 	 -0.0606 	 0.0501 	 0.4873 	 -0.2197 	 0.5327 	 0.9781
4.0982 	 0.1036 	 -0.1985 	 -0.5461 	 -0.0628 	 0.0555 	 0.4971 	 -0.2110 	 0.5422 	 0.9735
4.1082 	 0.1030 	 -0.1979 	 -0.5410 	 -0.0649 	 0.0610 	 0.5068 	 -0.2030 	 0.5517 	 0.9746
4.1182 	 0.1023 	 -0.1972 	 -0.5359 	 -0.0668 	 0.0666 	 0.5166 	 -0.1919 	 0.5578 	 0.9691
4.1283 	 0.1016 	 -0.1965 	 -0.5307 	 -0.0687 	 0.0722 	 0.5263 	 -0.1814 	 0.5655 	 0.9705
4.1383 	 0.1009 	 -0.1958 	 -0.5254 	 -0.0705 	 0.0779 	 0.5361 	 -0.1700 	 0.5723 	 0.9728
4.1483 	 0.1002 	 -0.1950 	 -0.5199 	 -0.0721 	 0.0837 	 0.5458 	 -0.1579 	 0.5770 	 0.9702
4.1583 	 0.0995 	 -0.1941 	 -0.5144 	 -0.0736 	 0.0895 	 0.5555 	 -0.1423 	 0.5840 	 0.9687
4.1683 	 0.0987 	 -0.1932 	 -0.5088 	 -0.0750 	 0.0954 	 0.5652 	 -0.1294 	 0.5898 	 0.9660
4.1784 	 0.0980 	 -0.1922 	 -0.5031 	 -0.0762 	 0.1013 	 0.5749 	 -0.1182 	 0.5971 	 0.9614
4.1884 	 0.0972 	 -0.1911 	 -0.4973 	 -0.0773 	 0.1074 	 0.5845 	 -0.1049 	 0.6027 	 0.9572
4.1984 	 0.0964 	 -0.1900 	 -0.4914 	 -0.0783 	 0.1134 	 0.5941 	 -0.0913 	 0.6089 	 0.9524
4.2084 	 0.0956 	 -0.1889 	 -0.4854 	 -0.0792 	 0.1196 	 0.6036 	 -0.0774 	 0.6156 	 0.9468
4.2184 	 0.0948 	 -0.1876 	 -0.4793 	 -0.0799 	 0.1258 	 0.6131 	 -0.0630 	 0.6229 	 0.9402
4.2285 	 0.0940 	 -0.1864 	 -0.4731 	 -0.0804 	 0.1320 	 0.6225 	 -0.0481 	 0.6308 	 0.9323
4.2385 	 0.0932 	 -0.1850 	 -0.4668 	 -0.0808 	 0.1384 	 0.6317 	 -0.0328 	 0.6394 	 0.9231
4.2485 	 0.0924 	 -0.1836 	 -0.4604 	 -0.0811 	 0.1449 	 0.6409 	 -0.0170 	 0.6486 	 0.9122
4.2585 	 0.0916 	 -0.1821 	 -0.4540 	 -0.0812 	 0.1514 	 0.6500 	 -0.0009 	 0.6588 	 0.8993
4.2685 	 0.0908 	 -0.1805 	 -0.4474 	 -0.0811 	 0.1580 	 0.6589 	 0.0178 	 0.6639 	 0.8818
4.2786 	 0.0900 	 -0.1789 	 -0.4408 	 -0.0808 	 0.1647 	 0.6677 	 0.0347 	 0.6754 	 0.8639
4.2886 	 0.0892 	 -0.1772 	 -0.4340 	 -0.0804 	 0.1716 	 0.6763 	 0.0538 	 0.6878 	 0.8498
4.2986 	 0.0884 	 -0.1755 	 -0.4272 	 -0.0797 	 0.1785 	 0.6849 	 0.0729 	 0.7058 	 0.8452
4.3086 	 0.0876 	 -0.1737 	 -0.4203 	 -0.0789 	 0.1857 	 0.6932 	 0.0906 	 0.7220 	 0.8173
4.3186 	 0.0868 	 -0.1718 	 -0.4133 	 -0.0779 	 0.1930 	 0.7012 	 0.1083 	 0.7397 	 0.7836
4.3287 	 0.0860 	 -0.1698 	 -0.4063 	 -0.0767 	 0.2005 	 0.7089 	 0.1264 	 0.7584 	 0.7425
4.3387 	 0.0853 	 -0.1677 	 -0.3991 	 -0.0754 	 0.2082 	 0.7161 	 0.1450 	 0.7770 	 0.6919
4.3487 	 0.0845 	 -0.1656 	 -0.3919 	 -0.0738 	 0.2161 	 0.7227 	 0.1642 	 0.7929 	 0.6296
4.3587 	 0.0838 	 -0.1634 	 -0.3846 	 -0.0721 	 0.2241 	 0.7287 	 0.1817 	 0.8038 	 0.5722
4.3687 	 0.0831 	 -0.1611 	 -0.3773 	 -0.0702 	 0.2321 	 0.7341 	 0.1996 	 0.7996 	 0.4939
4.3788 	 0.0824 	 -0.1588 	 -0.3699 	 -0.0681 	 0.2401 	 0.7386 	 0.2173 	 0.7804 	 0.4112
4.3888 	 0.0817 	 -0.1563 	 -0.3625 	 -0.0658 	 0.2477 	 0.7424 	 0.2341 	 0.7520 	 0.3402
4.3988 	 0.0811 	 -0.1538 	 -0.3551 	 -0.0634 	 0.2551 	 0.7455 	 0.2531 	 0.7184 	 0.2911
4.4088 	 0.0804 	 -0.1512 	 -0.3476 	 -0.0608 	 0.2621 	 0.7482 	 0.2617 	 0.6795 	 0.2551
4.4188 	 0.0798 	 -0.1486 	 -0.3401 	 -0.0582 	 0.2688 	 0.7506 	 0.2633 	 0.6452 	 0.2190
4.4289 	 0.0793 	 -0.1458 	 -0.3325 	 -0.0555 	 0.2751 	 0.7526 	 0.2621 	 0.6173 	 0.1841
4.4389 	 0.0787 	 -0.1430 	 -0.3250 	 -0.0529 	 0.2811 	 0.7543 	 0.2607 	 0.5936 	 0.1474
4.4489 	 0.0782 	 -0.1402 	 -0.3174 	 -0.0503 	 0.2870 	 0.7556 	 0.2606 	 0.5753 	 0.1119
4.4589 	 0.0777 	 -0.1373 	 -0.3098 	 -0.0477 	 0.2926 	 0.7565 	 0.2584 	 0.5542 	 0.0782
4.4689 	 0.0773 	 -0.1343 	 -0.3023 	 -0.0451 	 0.2981 	 0.7571 	 0.2562 	 0.5311 	 0.0309
4.4790 	 0.0768 	 -0.1313 	 -0.2947 	 -0.0426 	 0.3033 	 0.7572 	 0.2515 	 0.5103 	 -0.0119
4.4890 	 0.0764 	 -0.1283 	 -0.2871 	 -0.0401 	 0.3083 	 0.7568 	 0.2499 	 0.4838 	 -0.0555
4.4990 	 0.0760 	 -0.1251 	 -0.2795 	 -0.0376 	 0.3130 	 0.7561 	 0.2483 	 0.4570 	 -0.0961
4.5090 	 0.0756 	 -0.1220 	 -0.2719 	 -0.0351 	 0.3174 	 0.7549 	 0.2502 	 0.4258 	 -0.1323
4.5190 	 0.0753 	 -0.1188 	 -0.2644 	 -0.0326 	 0.3216 	 0.7534 	 0.2468 	 0.3984 	 -0.1698
4.5291 	 0.0750 	 -0.1155 	 -0.2568 	 -0.0302 	 0.3254 	 0.7515 	 0.2427 	 0.3703 	 -0.2069
4.5391 	 0.0747 	 -0.1123 	 -0.2493 	 -0.0277 	 0.3290 	 0.7493 	 0.2424 	 0.3464 	 -0.2418
4.5491 	 0.0744 	 -0.1089 	 -0.2418 	 -0.0253 	 0.3323 	 0.7467 	 0.2421 	 0.3162 	 -0.2763
4.5591 	 0.0742 	 -0.1056 	 -0.2344 	 -0.0229 	 0.3353 	 0.7438 	 0.2452 	 0.2868 	 -0.3050
4.5691 	 0.0740 	 -0.1022 	 -0.2269 	 -0.0204 	 0.3380 	 0.7405 	 0.2492 	 0.2576 	 -0.3348
4.5792 	 0.0738 	 -0.0988 	 -0.2195 	 -0.0179 	 0.3405 	 0.7371 	 0.2523 	 0.2290 	 -0.3608
4.5892 	 0.0736 	 -0.0954 	 -0.2122 	 -0.0154 	 0.3426 	 0.7333 	 0.2541 	 0.2014 	 -0.3849
4.5992 	 0.0735 	 -0.0920 	 -0.2048 	 -0.0128 	 0.3445 	 0.7293 	 0.2555 	 0.1749 	 -0.4095
4.6092 	 0.0734 	 -0.0885 	 -0.1975 	 -0.0102 	 0.3461 	 0.7251 	 0.2579 	 0.1486 	 -0.4378
4.6192 	 0.0733 	 -0.0850 	 -0.1903 	 -0.0076 	 0.3475 	 0.7206 	 0.2626 	 0.1218 	 -0.4623
4.6293 	 0.0732 	 -0.0815 	 -0.1831 	 -0.0050 	 0.3486 	 0.7158 	 0.2716 	 0.0938 	 -0.4899
4.6393 	 0.0732 	 -0.0780 	 -0.1760 	 -0.0022 	 0.3494 	 0.7108 	 0.2815 	 0.0676 	 -0.5119
4.6493 	 0.0732 	 -0.0745 	 -0.1689 	 0.0007 	 0.3499 	 0.7056 	 0.2921 	 0.0433 	 -0.5329
4.6593 	 0.0732 	 -0.0710 	 -0.1618 	 0.0036 	 0.3502 	 0.7002 	 0.2999 	 0.0173 	 -0.5540
4.6693 	 0.0732 	 -0.0675 	 -0.1548 	 0.0067 	 0.3503 	 0.6945 	 0.2996 	 -0.0088 	 -0.5815
4.6794 	 0.0733 	 -0.0640 	 -0.1479 	 0.0096 	 0.3501 	 0.6885 	 0.2950 	 -0.0312 	 -0.6053
4.6894 	 0.0734 	 -0.0605 	 -0.1410 	 0.0126 	 0.3497 	 0.6823 	 0.2908 	 -0.0501 	 -0.6285
4.6994 	 0.0736 	 -0.0570 	 -0.1342 	 0.0155 	 0.3491 	 0.6759 	 0.2884 	 -0.0669 	 -0.6538
4.7094 	 0.0737 	 -0.0535 	 -0.1275 	 0.0184 	 0.3483 	 0.6692 	 0.2885 	 -0.0828 	 -0.6823
4.7194 	 0.0739 	 -0.0500 	 -0.1208 	 0.0213 	 0.3474 	 0.6622 	 0.2911 	 -0.0997 	 -0.7141
4.7295 	 0.0742 	 -0.0466 	 -0.1142 	 0.0242 	 0.3464 	 0.6549 	 0.2980 	 -0.1098 	 -0.7462
4.7395 	 0.0744 	 -0.0431 	 -0.1077 	 0.0272 	 0.3451 	 0.6473 	 0.3019 	 -0.1370 	 -0.7743
4.7495 	 0.0747 	 -0.0396 	 -0.1013 	 0.0302 	 0.3436 	 0.6394 	 0.3000 	 -0.1657 	 -0.7910
4.7595 	 0.0750 	 -0.0362 	 -0.0949 	 0.0332 	 0.3418 	 0.6314 	 0.2948 	 -0.1894 	 -0.8080
4.7695 	 0.0754 	 -0.0328 	 -0.0886 	 0.0361 	 0.3398 	 0.6232 	 0.2895 	 -0.2169 	 -0.8274
4.7796 	 0.0758 	 -0.0294 	 -0.0824 	 0.0390 	 0.3375 	 0.6148 	 0.2840 	 -0.2369 	 -0.8531
4.7896 	 0.0762 	 -0.0260 	 -0.0763 	 0.0418 	 0.3351 	 0.6061 	 0.2793 	 -0.2511 	 -0.8762
4.7996 	 0.0766 	 -0.0227 	 -0.0703 	 0.0446 	 0.3325 	 0.5973 	 0.2752 	 -0.2625 	 -0.8878
4.8096 	 0.0771 	 -0.0194 	 -0.0643 	 0.0473 	 0.3298 	 0.5883 	 0.2691 	 -0.2738 	 -0.9016
4.8196 	 0.0775 	 -0.0161 	 -0.0585 	 0.0500 	 0.3271 	 0.5792 	 0.2655 	 -0.2820 	 -0.9117
4.8297 	 0.0781 	 -0.0128 	 -0.0527 	 0.0527 	 0.3242 	 0.5700 	 0.2570 	 -0.2951 	 -0.9247
4.8397 	 0.0786 	 -0.0096 	 -0.0470 	 0.0552 	 0.3211 	 0.5607 	 0.2482 	 -0.3091 	 -0.9382
4.8497 	 0.0792 	 -0.0064 	 -0.0415 	 0.0576 	 0.3180 	 0.5512 	 0.2393 	 -0.3239 	 -0.9522
4.8597 	 0.0797 	 -0.0032 	 -0.0360 	 0.0599 	 0.3147 	 0.5416 	 0.2243 	 -0.3364 	 -0.9688
4.8697 	 0.0804 	 -0.0001 	 -0.0306 	 0.0621 	 0.3112 	 0.5318 	 0.2152 	 -0.3512 	 -0.9841
4.8798 	 0.0810 	 0.0030 	 -0.0253 	 0.0642 	 0.3076 	 0.5219 	 0.2029 	 -0.3662 	 -0.9864
4.8898 	 0.0816 	 0.0061 	 -0.0202 	 0.0662 	 0.3039 	 0.5120 	 0.1941 	 -0.3795 	 -1.0004
4.8998 	 0.0823 	 0.0091 	 -0.0151 	 0.0681 	 0.3000 	 0.5019 	 0.1851 	 -0.3926 	 -1.0136
4.9098 	 0.0830 	 0.0121 	 -0.0101 	 0.0699 	 0.2960 	 0.4917 	 0.1736 	 -0.4082 	 -1.0204
4.9198 	 0.0837 	 0.0150 	 -0.0052 	 0.0716 	 0.2919 	 0.4814 	 0.1632 	 -0.4219 	 -1.0317
4.9299 	 0.0844 	 0.0179 	 -0.0005 	 0.0732 	 0.2876 	 0.4711 	 0.1503 	 -0.4340 	 -1.0364
4.9399 	 0.0852 	 0.0208 	 0.0042 	 0.0746 	 0.2832 	 0.4607 	 0.1393 	 -0.4481 	 -1.0451
4.9499 	 0.0859 	 0.0236 	 0.0088 	 0.0759 	 0.2786 	 0.4502 	 0.1236 	 -0.4624 	 -1.0432
4.9599 	 0.0867 	 0.0264 	 0.0132 	 0.0771 	 0.2739 	 0.4397 	 0.1147 	 -0.4740 	 -1.0485
4.9699 	 0.0875 	 0.0291 	 0.0176 	 0.0782 	 0.2691 	 0.4293 	 0.1016 	 -0.4802 	 -1.0390
4.9800 	 0.0883 	 0.0318 	 0.0218 	 0.0792 	 0.2643 	 0.4189 	 0.0906 	 -0.4830 	 -1.0209
4.9900 	 0.0891 	 0.0344 	 0.0260 	 0.0800 	 0.2594 	 0.4087 	 0.0808 	 -0.4892 	 -1.0133
