100-Body Run with i = 23 th particle. (Units in pc,M_solar,Myr, km s-1) 

time		 x 		 y 		 z 		 xdot 		 ydot 		 zdot 		 xddot 		 yddot 		 zddot
0.0000 	 0.4648 	 -0.9920 	 -0.5206 	 -0.0225 	 -0.0376 	 -0.0486 	 -0.0906 	 0.1992 	 0.0718
0.0100 	 0.4646 	 -0.9924 	 -0.5211 	 -0.0234 	 -0.0356 	 -0.0478 	 -0.0905 	 0.1991 	 0.0718
0.0200 	 0.4643 	 -0.9928 	 -0.5216 	 -0.0243 	 -0.0336 	 -0.0471 	 -0.0904 	 0.1990 	 0.0719
0.0301 	 0.4641 	 -0.9931 	 -0.5220 	 -0.0253 	 -0.0316 	 -0.0464 	 -0.0903 	 0.1989 	 0.0719
0.0401 	 0.4638 	 -0.9934 	 -0.5225 	 -0.0262 	 -0.0296 	 -0.0457 	 -0.0902 	 0.1988 	 0.0720
0.0501 	 0.4635 	 -0.9937 	 -0.5229 	 -0.0271 	 -0.0276 	 -0.0449 	 -0.0901 	 0.1987 	 0.0720
0.0601 	 0.4633 	 -0.9939 	 -0.5234 	 -0.0280 	 -0.0256 	 -0.0442 	 -0.0900 	 0.1986 	 0.0720
0.0701 	 0.4630 	 -0.9942 	 -0.5238 	 -0.0289 	 -0.0236 	 -0.0435 	 -0.0900 	 0.1986 	 0.0721
0.0802 	 0.4627 	 -0.9944 	 -0.5243 	 -0.0298 	 -0.0216 	 -0.0428 	 -0.0899 	 0.1985 	 0.0722
0.0902 	 0.4624 	 -0.9946 	 -0.5247 	 -0.0307 	 -0.0196 	 -0.0421 	 -0.0898 	 0.1985 	 0.0722
0.1002 	 0.4621 	 -0.9948 	 -0.5251 	 -0.0316 	 -0.0177 	 -0.0413 	 -0.0898 	 0.1984 	 0.0723
0.1102 	 0.4618 	 -0.9950 	 -0.5255 	 -0.0325 	 -0.0157 	 -0.0406 	 -0.0897 	 0.1984 	 0.0723
0.1202 	 0.4614 	 -0.9951 	 -0.5259 	 -0.0334 	 -0.0137 	 -0.0399 	 -0.0897 	 0.1984 	 0.0724
0.1303 	 0.4611 	 -0.9953 	 -0.5263 	 -0.0343 	 -0.0117 	 -0.0392 	 -0.0896 	 0.1983 	 0.0725
0.1403 	 0.4607 	 -0.9954 	 -0.5267 	 -0.0352 	 -0.0097 	 -0.0384 	 -0.0896 	 0.1983 	 0.0725
0.1503 	 0.4604 	 -0.9954 	 -0.5271 	 -0.0361 	 -0.0077 	 -0.0377 	 -0.0896 	 0.1983 	 0.0726
0.1603 	 0.4600 	 -0.9955 	 -0.5275 	 -0.0370 	 -0.0057 	 -0.0370 	 -0.0895 	 0.1983 	 0.0727
0.1703 	 0.4596 	 -0.9956 	 -0.5278 	 -0.0379 	 -0.0037 	 -0.0362 	 -0.0895 	 0.1984 	 0.0728
0.1804 	 0.4593 	 -0.9956 	 -0.5282 	 -0.0387 	 -0.0018 	 -0.0355 	 -0.0895 	 0.1984 	 0.0728
0.1904 	 0.4589 	 -0.9956 	 -0.5285 	 -0.0396 	 0.0002 	 -0.0348 	 -0.0894 	 0.1984 	 0.0729
0.2004 	 0.4585 	 -0.9956 	 -0.5289 	 -0.0405 	 0.0022 	 -0.0341 	 -0.0894 	 0.1985 	 0.0730
0.2104 	 0.4581 	 -0.9956 	 -0.5292 	 -0.0414 	 0.0042 	 -0.0333 	 -0.0894 	 0.1985 	 0.0731
0.2204 	 0.4576 	 -0.9955 	 -0.5295 	 -0.0423 	 0.0062 	 -0.0326 	 -0.0894 	 0.1986 	 0.0732
0.2305 	 0.4572 	 -0.9954 	 -0.5299 	 -0.0432 	 0.0082 	 -0.0319 	 -0.0894 	 0.1987 	 0.0733
0.2405 	 0.4568 	 -0.9953 	 -0.5302 	 -0.0441 	 0.0102 	 -0.0311 	 -0.0894 	 0.1987 	 0.0734
0.2505 	 0.4563 	 -0.9952 	 -0.5305 	 -0.0450 	 0.0122 	 -0.0304 	 -0.0894 	 0.1988 	 0.0735
0.2605 	 0.4559 	 -0.9951 	 -0.5308 	 -0.0459 	 0.0142 	 -0.0297 	 -0.0894 	 0.1989 	 0.0736
0.2705 	 0.4554 	 -0.9949 	 -0.5311 	 -0.0468 	 0.0162 	 -0.0289 	 -0.0894 	 0.1990 	 0.0737
0.2806 	 0.4549 	 -0.9948 	 -0.5314 	 -0.0477 	 0.0182 	 -0.0282 	 -0.0895 	 0.1992 	 0.0738
0.2906 	 0.4544 	 -0.9946 	 -0.5317 	 -0.0486 	 0.0201 	 -0.0274 	 -0.0895 	 0.1993 	 0.0739
0.3006 	 0.4540 	 -0.9944 	 -0.5319 	 -0.0495 	 0.0221 	 -0.0267 	 -0.0895 	 0.1994 	 0.0741
0.3106 	 0.4535 	 -0.9941 	 -0.5322 	 -0.0504 	 0.0241 	 -0.0260 	 -0.0896 	 0.1996 	 0.0742
0.3206 	 0.4529 	 -0.9939 	 -0.5324 	 -0.0513 	 0.0261 	 -0.0252 	 -0.0896 	 0.1997 	 0.0743
0.3307 	 0.4524 	 -0.9936 	 -0.5327 	 -0.0522 	 0.0281 	 -0.0245 	 -0.0896 	 0.1999 	 0.0744
0.3407 	 0.4519 	 -0.9933 	 -0.5329 	 -0.0531 	 0.0301 	 -0.0237 	 -0.0897 	 0.2001 	 0.0746
0.3507 	 0.4514 	 -0.9930 	 -0.5332 	 -0.0540 	 0.0322 	 -0.0230 	 -0.0897 	 0.2002 	 0.0747
0.3607 	 0.4508 	 -0.9927 	 -0.5334 	 -0.0549 	 0.0342 	 -0.0222 	 -0.0898 	 0.2004 	 0.0748
0.3707 	 0.4503 	 -0.9923 	 -0.5336 	 -0.0558 	 0.0362 	 -0.0215 	 -0.0899 	 0.2006 	 0.0750
0.3808 	 0.4497 	 -0.9919 	 -0.5338 	 -0.0567 	 0.0382 	 -0.0207 	 -0.0899 	 0.2008 	 0.0751
0.3908 	 0.4491 	 -0.9916 	 -0.5340 	 -0.0576 	 0.0402 	 -0.0200 	 -0.0900 	 0.2011 	 0.0753
0.4008 	 0.4485 	 -0.9911 	 -0.5342 	 -0.0585 	 0.0422 	 -0.0192 	 -0.0901 	 0.2013 	 0.0754
0.4108 	 0.4480 	 -0.9907 	 -0.5344 	 -0.0594 	 0.0442 	 -0.0184 	 -0.0901 	 0.2015 	 0.0756
0.4208 	 0.4474 	 -0.9903 	 -0.5346 	 -0.0603 	 0.0463 	 -0.0177 	 -0.0902 	 0.2018 	 0.0758
0.4309 	 0.4467 	 -0.9898 	 -0.5348 	 -0.0612 	 0.0483 	 -0.0169 	 -0.0903 	 0.2020 	 0.0759
0.4409 	 0.4461 	 -0.9893 	 -0.5349 	 -0.0621 	 0.0503 	 -0.0162 	 -0.0904 	 0.2023 	 0.0761
0.4509 	 0.4455 	 -0.9888 	 -0.5351 	 -0.0630 	 0.0523 	 -0.0154 	 -0.0905 	 0.2026 	 0.0763
0.4609 	 0.4449 	 -0.9882 	 -0.5352 	 -0.0639 	 0.0544 	 -0.0146 	 -0.0906 	 0.2029 	 0.0765
0.4709 	 0.4442 	 -0.9877 	 -0.5354 	 -0.0648 	 0.0564 	 -0.0139 	 -0.0907 	 0.2032 	 0.0767
0.4810 	 0.4436 	 -0.9871 	 -0.5355 	 -0.0657 	 0.0584 	 -0.0131 	 -0.0908 	 0.2035 	 0.0768
0.4910 	 0.4429 	 -0.9865 	 -0.5356 	 -0.0667 	 0.0605 	 -0.0123 	 -0.0910 	 0.2038 	 0.0770
0.5010 	 0.4422 	 -0.9859 	 -0.5358 	 -0.0676 	 0.0625 	 -0.0116 	 -0.0911 	 0.2041 	 0.0772
0.5110 	 0.4415 	 -0.9853 	 -0.5359 	 -0.0685 	 0.0646 	 -0.0108 	 -0.0912 	 0.2045 	 0.0774
0.5210 	 0.4409 	 -0.9846 	 -0.5360 	 -0.0694 	 0.0666 	 -0.0100 	 -0.0913 	 0.2048 	 0.0776
0.5311 	 0.4402 	 -0.9839 	 -0.5361 	 -0.0703 	 0.0687 	 -0.0092 	 -0.0915 	 0.2052 	 0.0779
0.5411 	 0.4394 	 -0.9832 	 -0.5362 	 -0.0712 	 0.0707 	 -0.0084 	 -0.0916 	 0.2055 	 0.0781
0.5511 	 0.4387 	 -0.9825 	 -0.5362 	 -0.0721 	 0.0728 	 -0.0077 	 -0.0918 	 0.2059 	 0.0783
0.5611 	 0.4380 	 -0.9818 	 -0.5363 	 -0.0731 	 0.0749 	 -0.0069 	 -0.0919 	 0.2063 	 0.0785
0.5711 	 0.4373 	 -0.9810 	 -0.5364 	 -0.0740 	 0.0769 	 -0.0061 	 -0.0921 	 0.2067 	 0.0788
0.5812 	 0.4365 	 -0.9802 	 -0.5364 	 -0.0749 	 0.0790 	 -0.0053 	 -0.0923 	 0.2071 	 0.0790
0.5912 	 0.4358 	 -0.9794 	 -0.5365 	 -0.0758 	 0.0811 	 -0.0045 	 -0.0924 	 0.2076 	 0.0793
0.6012 	 0.4350 	 -0.9786 	 -0.5365 	 -0.0768 	 0.0832 	 -0.0037 	 -0.0926 	 0.2080 	 0.0795
0.6112 	 0.4342 	 -0.9778 	 -0.5366 	 -0.0777 	 0.0852 	 -0.0029 	 -0.0928 	 0.2084 	 0.0798
0.6212 	 0.4334 	 -0.9769 	 -0.5366 	 -0.0786 	 0.0873 	 -0.0021 	 -0.0930 	 0.2089 	 0.0800
0.6313 	 0.4326 	 -0.9760 	 -0.5366 	 -0.0796 	 0.0894 	 -0.0013 	 -0.0932 	 0.2094 	 0.0803
0.6413 	 0.4318 	 -0.9751 	 -0.5366 	 -0.0805 	 0.0915 	 -0.0005 	 -0.0934 	 0.2099 	 0.0806
0.6513 	 0.4310 	 -0.9742 	 -0.5366 	 -0.0814 	 0.0936 	 0.0003 	 -0.0936 	 0.2104 	 0.0809
0.6613 	 0.4302 	 -0.9732 	 -0.5366 	 -0.0824 	 0.0957 	 0.0011 	 -0.0938 	 0.2109 	 0.0811
0.6713 	 0.4294 	 -0.9723 	 -0.5366 	 -0.0833 	 0.0979 	 0.0019 	 -0.0940 	 0.2114 	 0.0814
0.6814 	 0.4285 	 -0.9713 	 -0.5366 	 -0.0843 	 0.1000 	 0.0027 	 -0.0942 	 0.2119 	 0.0817
0.6914 	 0.4277 	 -0.9703 	 -0.5365 	 -0.0852 	 0.1021 	 0.0036 	 -0.0944 	 0.2125 	 0.0820
0.7014 	 0.4268 	 -0.9692 	 -0.5365 	 -0.0861 	 0.1042 	 0.0044 	 -0.0947 	 0.2130 	 0.0824
0.7114 	 0.4260 	 -0.9682 	 -0.5365 	 -0.0871 	 0.1064 	 0.0052 	 -0.0949 	 0.2136 	 0.0827
0.7214 	 0.4251 	 -0.9671 	 -0.5364 	 -0.0880 	 0.1085 	 0.0060 	 -0.0951 	 0.2142 	 0.0830
0.7315 	 0.4242 	 -0.9660 	 -0.5363 	 -0.0890 	 0.1107 	 0.0069 	 -0.0954 	 0.2148 	 0.0833
0.7415 	 0.4233 	 -0.9649 	 -0.5363 	 -0.0900 	 0.1128 	 0.0077 	 -0.0956 	 0.2154 	 0.0837
0.7515 	 0.4224 	 -0.9637 	 -0.5362 	 -0.0909 	 0.1150 	 0.0086 	 -0.0959 	 0.2160 	 0.0840
0.7615 	 0.4215 	 -0.9626 	 -0.5361 	 -0.0919 	 0.1171 	 0.0094 	 -0.0962 	 0.2166 	 0.0844
0.7715 	 0.4206 	 -0.9614 	 -0.5360 	 -0.0928 	 0.1193 	 0.0103 	 -0.0964 	 0.2173 	 0.0848
0.7816 	 0.4196 	 -0.9602 	 -0.5359 	 -0.0938 	 0.1215 	 0.0111 	 -0.0967 	 0.2180 	 0.0851
0.7916 	 0.4187 	 -0.9589 	 -0.5358 	 -0.0948 	 0.1237 	 0.0120 	 -0.0970 	 0.2186 	 0.0855
0.8016 	 0.4177 	 -0.9577 	 -0.5356 	 -0.0958 	 0.1259 	 0.0128 	 -0.0973 	 0.2193 	 0.0859
0.8116 	 0.4168 	 -0.9564 	 -0.5355 	 -0.0967 	 0.1281 	 0.0137 	 -0.0976 	 0.2200 	 0.0863
0.8216 	 0.4158 	 -0.9551 	 -0.5354 	 -0.0977 	 0.1303 	 0.0145 	 -0.0979 	 0.2207 	 0.0867
0.8317 	 0.4148 	 -0.9538 	 -0.5352 	 -0.0987 	 0.1325 	 0.0154 	 -0.0982 	 0.2215 	 0.0871
0.8417 	 0.4138 	 -0.9525 	 -0.5351 	 -0.0997 	 0.1347 	 0.0163 	 -0.0985 	 0.2222 	 0.0875
0.8517 	 0.4128 	 -0.9511 	 -0.5349 	 -0.1007 	 0.1370 	 0.0172 	 -0.0988 	 0.2230 	 0.0880
0.8617 	 0.4118 	 -0.9497 	 -0.5347 	 -0.1017 	 0.1392 	 0.0181 	 -0.0992 	 0.2238 	 0.0884
0.8717 	 0.4108 	 -0.9483 	 -0.5345 	 -0.1027 	 0.1414 	 0.0189 	 -0.0995 	 0.2246 	 0.0888
0.8818 	 0.4097 	 -0.9469 	 -0.5343 	 -0.1037 	 0.1437 	 0.0198 	 -0.0998 	 0.2254 	 0.0893
0.8918 	 0.4087 	 -0.9454 	 -0.5341 	 -0.1047 	 0.1460 	 0.0207 	 -0.1002 	 0.2262 	 0.0898
0.9018 	 0.4076 	 -0.9440 	 -0.5339 	 -0.1057 	 0.1482 	 0.0216 	 -0.1005 	 0.2270 	 0.0902
0.9118 	 0.4066 	 -0.9425 	 -0.5337 	 -0.1067 	 0.1505 	 0.0225 	 -0.1009 	 0.2279 	 0.0907
0.9218 	 0.4055 	 -0.9410 	 -0.5335 	 -0.1077 	 0.1528 	 0.0235 	 -0.1012 	 0.2288 	 0.0912
0.9319 	 0.4044 	 -0.9394 	 -0.5332 	 -0.1087 	 0.1551 	 0.0244 	 -0.1016 	 0.2297 	 0.0917
0.9419 	 0.4033 	 -0.9378 	 -0.5330 	 -0.1097 	 0.1574 	 0.0253 	 -0.1020 	 0.2306 	 0.0922
0.9519 	 0.4022 	 -0.9363 	 -0.5327 	 -0.1107 	 0.1597 	 0.0262 	 -0.1024 	 0.2315 	 0.0927
0.9619 	 0.4011 	 -0.9346 	 -0.5325 	 -0.1118 	 0.1620 	 0.0271 	 -0.1027 	 0.2324 	 0.0932
0.9719 	 0.4000 	 -0.9330 	 -0.5322 	 -0.1128 	 0.1644 	 0.0281 	 -0.1031 	 0.2334 	 0.0937
0.9820 	 0.3988 	 -0.9313 	 -0.5319 	 -0.1138 	 0.1667 	 0.0290 	 -0.1035 	 0.2344 	 0.0943
0.9920 	 0.3977 	 -0.9297 	 -0.5316 	 -0.1149 	 0.1691 	 0.0300 	 -0.1039 	 0.2354 	 0.0948
1.0020 	 0.3965 	 -0.9280 	 -0.5313 	 -0.1159 	 0.1714 	 0.0309 	 -0.1044 	 0.2364 	 0.0953
1.0120 	 0.3954 	 -0.9262 	 -0.5310 	 -0.1170 	 0.1738 	 0.0319 	 -0.1048 	 0.2374 	 0.0959
1.0220 	 0.3942 	 -0.9245 	 -0.5307 	 -0.1180 	 0.1762 	 0.0328 	 -0.1052 	 0.2385 	 0.0964
1.0321 	 0.3930 	 -0.9227 	 -0.5303 	 -0.1191 	 0.1786 	 0.0338 	 -0.1056 	 0.2395 	 0.0970
1.0421 	 0.3918 	 -0.9209 	 -0.5300 	 -0.1201 	 0.1810 	 0.0348 	 -0.1061 	 0.2406 	 0.0976
1.0521 	 0.3906 	 -0.9191 	 -0.5296 	 -0.1212 	 0.1834 	 0.0358 	 -0.1065 	 0.2417 	 0.0981
1.0621 	 0.3894 	 -0.9172 	 -0.5293 	 -0.1223 	 0.1858 	 0.0368 	 -0.1069 	 0.2429 	 0.0987
1.0721 	 0.3882 	 -0.9153 	 -0.5289 	 -0.1233 	 0.1883 	 0.0377 	 -0.1074 	 0.2440 	 0.0993
1.0822 	 0.3869 	 -0.9134 	 -0.5285 	 -0.1244 	 0.1907 	 0.0387 	 -0.1079 	 0.2452 	 0.0999
1.0922 	 0.3857 	 -0.9115 	 -0.5281 	 -0.1255 	 0.1932 	 0.0397 	 -0.1083 	 0.2464 	 0.1005
1.1022 	 0.3844 	 -0.9096 	 -0.5277 	 -0.1266 	 0.1957 	 0.0408 	 -0.1088 	 0.2476 	 0.1011
1.1122 	 0.3831 	 -0.9076 	 -0.5273 	 -0.1277 	 0.1982 	 0.0418 	 -0.1093 	 0.2489 	 0.1017
1.1222 	 0.3818 	 -0.9056 	 -0.5269 	 -0.1288 	 0.2007 	 0.0428 	 -0.1098 	 0.2501 	 0.1023
1.1323 	 0.3805 	 -0.9036 	 -0.5264 	 -0.1299 	 0.2032 	 0.0438 	 -0.1102 	 0.2514 	 0.1029
1.1423 	 0.3792 	 -0.9015 	 -0.5260 	 -0.1310 	 0.2057 	 0.0449 	 -0.1107 	 0.2528 	 0.1035
1.1523 	 0.3779 	 -0.8995 	 -0.5255 	 -0.1321 	 0.2082 	 0.0459 	 -0.1112 	 0.2541 	 0.1041
1.1623 	 0.3766 	 -0.8974 	 -0.5251 	 -0.1332 	 0.2108 	 0.0469 	 -0.1117 	 0.2555 	 0.1047
1.1723 	 0.3752 	 -0.8952 	 -0.5246 	 -0.1343 	 0.2134 	 0.0480 	 -0.1123 	 0.2569 	 0.1053
1.1824 	 0.3739 	 -0.8931 	 -0.5241 	 -0.1355 	 0.2159 	 0.0491 	 -0.1128 	 0.2583 	 0.1059
1.1924 	 0.3725 	 -0.8909 	 -0.5236 	 -0.1366 	 0.2185 	 0.0501 	 -0.1133 	 0.2598 	 0.1065
1.2024 	 0.3712 	 -0.8887 	 -0.5231 	 -0.1377 	 0.2211 	 0.0512 	 -0.1138 	 0.2613 	 0.1071
1.2124 	 0.3698 	 -0.8865 	 -0.5226 	 -0.1389 	 0.2238 	 0.0523 	 -0.1144 	 0.2628 	 0.1078
1.2224 	 0.3684 	 -0.8842 	 -0.5221 	 -0.1400 	 0.2264 	 0.0533 	 -0.1149 	 0.2644 	 0.1084
1.2325 	 0.3670 	 -0.8819 	 -0.5215 	 -0.1412 	 0.2291 	 0.0544 	 -0.1155 	 0.2660 	 0.1090
1.2425 	 0.3655 	 -0.8796 	 -0.5210 	 -0.1423 	 0.2317 	 0.0555 	 -0.1160 	 0.2676 	 0.1096
1.2525 	 0.3641 	 -0.8773 	 -0.5204 	 -0.1435 	 0.2344 	 0.0566 	 -0.1166 	 0.2692 	 0.1102
1.2625 	 0.3627 	 -0.8749 	 -0.5198 	 -0.1447 	 0.2371 	 0.0577 	 -0.1171 	 0.2709 	 0.1109
1.2725 	 0.3612 	 -0.8725 	 -0.5192 	 -0.1459 	 0.2399 	 0.0589 	 -0.1177 	 0.2727 	 0.1115
1.2826 	 0.3597 	 -0.8701 	 -0.5187 	 -0.1470 	 0.2426 	 0.0600 	 -0.1183 	 0.2745 	 0.1121
1.2926 	 0.3583 	 -0.8677 	 -0.5180 	 -0.1482 	 0.2454 	 0.0611 	 -0.1189 	 0.2763 	 0.1127
1.3026 	 0.3568 	 -0.8652 	 -0.5174 	 -0.1494 	 0.2481 	 0.0622 	 -0.1195 	 0.2781 	 0.1134
1.3126 	 0.3553 	 -0.8627 	 -0.5168 	 -0.1506 	 0.2509 	 0.0634 	 -0.1201 	 0.2800 	 0.1140
1.3226 	 0.3538 	 -0.8602 	 -0.5162 	 -0.1518 	 0.2537 	 0.0645 	 -0.1207 	 0.2819 	 0.1146
1.3327 	 0.3522 	 -0.8576 	 -0.5155 	 -0.1530 	 0.2566 	 0.0657 	 -0.1214 	 0.2839 	 0.1152
1.3427 	 0.3507 	 -0.8550 	 -0.5148 	 -0.1543 	 0.2594 	 0.0668 	 -0.1220 	 0.2860 	 0.1159
1.3527 	 0.3491 	 -0.8524 	 -0.5142 	 -0.1555 	 0.2623 	 0.0680 	 -0.1227 	 0.2880 	 0.1165
1.3627 	 0.3476 	 -0.8498 	 -0.5135 	 -0.1567 	 0.2652 	 0.0692 	 -0.1233 	 0.2901 	 0.1171
1.3727 	 0.3460 	 -0.8471 	 -0.5128 	 -0.1580 	 0.2681 	 0.0703 	 -0.1240 	 0.2923 	 0.1178
1.3828 	 0.3444 	 -0.8444 	 -0.5121 	 -0.1592 	 0.2711 	 0.0715 	 -0.1247 	 0.2945 	 0.1184
1.3928 	 0.3428 	 -0.8417 	 -0.5113 	 -0.1605 	 0.2740 	 0.0727 	 -0.1254 	 0.2968 	 0.1191
1.4028 	 0.3412 	 -0.8389 	 -0.5106 	 -0.1617 	 0.2770 	 0.0739 	 -0.1261 	 0.2991 	 0.1197
1.4128 	 0.3396 	 -0.8361 	 -0.5099 	 -0.1630 	 0.2800 	 0.0751 	 -0.1268 	 0.3015 	 0.1204
1.4228 	 0.3379 	 -0.8333 	 -0.5091 	 -0.1643 	 0.2831 	 0.0763 	 -0.1275 	 0.3039 	 0.1210
1.4329 	 0.3363 	 -0.8305 	 -0.5083 	 -0.1655 	 0.2861 	 0.0775 	 -0.1283 	 0.3064 	 0.1217
1.4429 	 0.3346 	 -0.8276 	 -0.5076 	 -0.1668 	 0.2892 	 0.0788 	 -0.1291 	 0.3090 	 0.1223
1.4529 	 0.3329 	 -0.8247 	 -0.5068 	 -0.1681 	 0.2923 	 0.0800 	 -0.1298 	 0.3116 	 0.1230
1.4629 	 0.3312 	 -0.8217 	 -0.5059 	 -0.1694 	 0.2954 	 0.0812 	 -0.1306 	 0.3142 	 0.1237
1.4729 	 0.3295 	 -0.8187 	 -0.5051 	 -0.1707 	 0.2986 	 0.0825 	 -0.1314 	 0.3170 	 0.1243
1.4830 	 0.3278 	 -0.8157 	 -0.5043 	 -0.1721 	 0.3018 	 0.0837 	 -0.1322 	 0.3198 	 0.1250
1.4930 	 0.3261 	 -0.8127 	 -0.5035 	 -0.1734 	 0.3050 	 0.0850 	 -0.1331 	 0.3226 	 0.1257
1.5030 	 0.3243 	 -0.8096 	 -0.5026 	 -0.1747 	 0.3083 	 0.0862 	 -0.1339 	 0.3256 	 0.1264
1.5130 	 0.3226 	 -0.8065 	 -0.5017 	 -0.1761 	 0.3115 	 0.0875 	 -0.1348 	 0.3286 	 0.1271
1.5230 	 0.3208 	 -0.8034 	 -0.5008 	 -0.1774 	 0.3148 	 0.0888 	 -0.1357 	 0.3317 	 0.1278
1.5331 	 0.3190 	 -0.8002 	 -0.4999 	 -0.1788 	 0.3182 	 0.0901 	 -0.1366 	 0.3348 	 0.1285
1.5431 	 0.3172 	 -0.7970 	 -0.4990 	 -0.1802 	 0.3216 	 0.0914 	 -0.1375 	 0.3380 	 0.1292
1.5531 	 0.3154 	 -0.7938 	 -0.4981 	 -0.1816 	 0.3250 	 0.0927 	 -0.1384 	 0.3413 	 0.1299
1.5631 	 0.3136 	 -0.7905 	 -0.4972 	 -0.1829 	 0.3284 	 0.0940 	 -0.1394 	 0.3447 	 0.1306
1.5731 	 0.3117 	 -0.7872 	 -0.4962 	 -0.1843 	 0.3319 	 0.0953 	 -0.1403 	 0.3482 	 0.1314
1.5832 	 0.3099 	 -0.7838 	 -0.4953 	 -0.1858 	 0.3354 	 0.0966 	 -0.1413 	 0.3518 	 0.1321
1.5932 	 0.3080 	 -0.7805 	 -0.4943 	 -0.1872 	 0.3389 	 0.0979 	 -0.1423 	 0.3554 	 0.1329
1.6032 	 0.3061 	 -0.7770 	 -0.4933 	 -0.1886 	 0.3425 	 0.0993 	 -0.1434 	 0.3592 	 0.1336
1.6132 	 0.3042 	 -0.7736 	 -0.4923 	 -0.1901 	 0.3461 	 0.1006 	 -0.1444 	 0.3630 	 0.1344
1.6232 	 0.3023 	 -0.7701 	 -0.4913 	 -0.1915 	 0.3498 	 0.1020 	 -0.1455 	 0.3669 	 0.1352
1.6333 	 0.3004 	 -0.7666 	 -0.4903 	 -0.1930 	 0.3535 	 0.1033 	 -0.1466 	 0.3709 	 0.1360
1.6433 	 0.2985 	 -0.7630 	 -0.4892 	 -0.1944 	 0.3572 	 0.1047 	 -0.1477 	 0.3751 	 0.1368
1.6533 	 0.2965 	 -0.7594 	 -0.4882 	 -0.1959 	 0.3610 	 0.1061 	 -0.1488 	 0.3793 	 0.1376
1.6633 	 0.2945 	 -0.7558 	 -0.4871 	 -0.1974 	 0.3648 	 0.1074 	 -0.1500 	 0.3836 	 0.1384
1.6733 	 0.2926 	 -0.7521 	 -0.4860 	 -0.1989 	 0.3687 	 0.1088 	 -0.1511 	 0.3880 	 0.1393
1.6834 	 0.2906 	 -0.7484 	 -0.4849 	 -0.2005 	 0.3726 	 0.1102 	 -0.1523 	 0.3926 	 0.1401
1.6934 	 0.2885 	 -0.7446 	 -0.4838 	 -0.2020 	 0.3765 	 0.1116 	 -0.1536 	 0.3973 	 0.1410
1.7034 	 0.2865 	 -0.7408 	 -0.4827 	 -0.2035 	 0.3805 	 0.1130 	 -0.1548 	 0.4020 	 0.1419
1.7134 	 0.2845 	 -0.7370 	 -0.4815 	 -0.2051 	 0.3846 	 0.1145 	 -0.1561 	 0.4069 	 0.1428
1.7234 	 0.2824 	 -0.7331 	 -0.4804 	 -0.2067 	 0.3887 	 0.1159 	 -0.1574 	 0.4119 	 0.1437
1.7335 	 0.2803 	 -0.7292 	 -0.4792 	 -0.2082 	 0.3929 	 0.1174 	 -0.1587 	 0.4171 	 0.1446
1.7435 	 0.2782 	 -0.7253 	 -0.4780 	 -0.2098 	 0.3971 	 0.1188 	 -0.1601 	 0.4224 	 0.1456
1.7535 	 0.2761 	 -0.7213 	 -0.4768 	 -0.2115 	 0.4013 	 0.1203 	 -0.1615 	 0.4278 	 0.1466
1.7635 	 0.2740 	 -0.7172 	 -0.4756 	 -0.2131 	 0.4056 	 0.1217 	 -0.1629 	 0.4334 	 0.1475
1.7735 	 0.2718 	 -0.7131 	 -0.4744 	 -0.2147 	 0.4100 	 0.1232 	 -0.1643 	 0.4390 	 0.1486
1.7836 	 0.2697 	 -0.7090 	 -0.4732 	 -0.2164 	 0.4144 	 0.1247 	 -0.1658 	 0.4449 	 0.1496
1.7936 	 0.2675 	 -0.7048 	 -0.4719 	 -0.2180 	 0.4189 	 0.1262 	 -0.1673 	 0.4509 	 0.1506
1.8036 	 0.2653 	 -0.7006 	 -0.4706 	 -0.2197 	 0.4235 	 0.1277 	 -0.1689 	 0.4571 	 0.1517
1.8136 	 0.2631 	 -0.6963 	 -0.4693 	 -0.2214 	 0.4281 	 0.1293 	 -0.1705 	 0.4634 	 0.1528
1.8236 	 0.2609 	 -0.6920 	 -0.4680 	 -0.2231 	 0.4328 	 0.1308 	 -0.1721 	 0.4699 	 0.1540
1.8337 	 0.2586 	 -0.6877 	 -0.4667 	 -0.2249 	 0.4375 	 0.1324 	 -0.1737 	 0.4765 	 0.1551
1.8437 	 0.2564 	 -0.6833 	 -0.4654 	 -0.2266 	 0.4423 	 0.1339 	 -0.1754 	 0.4834 	 0.1563
1.8537 	 0.2541 	 -0.6788 	 -0.4640 	 -0.2284 	 0.4472 	 0.1355 	 -0.1772 	 0.4904 	 0.1575
1.8637 	 0.2518 	 -0.6743 	 -0.4627 	 -0.2302 	 0.4521 	 0.1371 	 -0.1790 	 0.4976 	 0.1588
1.8737 	 0.2495 	 -0.6697 	 -0.4613 	 -0.2320 	 0.4572 	 0.1387 	 -0.1808 	 0.5051 	 0.1601
1.8838 	 0.2471 	 -0.6651 	 -0.4599 	 -0.2338 	 0.4623 	 0.1403 	 -0.1827 	 0.5127 	 0.1614
1.8938 	 0.2448 	 -0.6605 	 -0.4585 	 -0.2356 	 0.4674 	 0.1419 	 -0.1846 	 0.5205 	 0.1628
1.9038 	 0.2424 	 -0.6558 	 -0.4570 	 -0.2375 	 0.4727 	 0.1435 	 -0.1866 	 0.5286 	 0.1642
1.9138 	 0.2400 	 -0.6510 	 -0.4556 	 -0.2394 	 0.4780 	 0.1452 	 -0.1886 	 0.5369 	 0.1656
1.9238 	 0.2376 	 -0.6462 	 -0.4541 	 -0.2413 	 0.4835 	 0.1469 	 -0.1907 	 0.5455 	 0.1672
1.9339 	 0.2352 	 -0.6413 	 -0.4526 	 -0.2432 	 0.4890 	 0.1485 	 -0.1928 	 0.5543 	 0.1687
1.9439 	 0.2327 	 -0.6364 	 -0.4512 	 -0.2451 	 0.4946 	 0.1502 	 -0.1950 	 0.5634 	 0.1703
1.9539 	 0.2303 	 -0.6314 	 -0.4496 	 -0.2471 	 0.5003 	 0.1520 	 -0.1972 	 0.5727 	 0.1720
1.9639 	 0.2278 	 -0.6264 	 -0.4481 	 -0.2491 	 0.5060 	 0.1537 	 -0.1995 	 0.5823 	 0.1738
1.9739 	 0.2253 	 -0.6213 	 -0.4466 	 -0.2511 	 0.5119 	 0.1554 	 -0.2019 	 0.5923 	 0.1756
1.9840 	 0.2228 	 -0.6161 	 -0.4450 	 -0.2531 	 0.5179 	 0.1572 	 -0.2043 	 0.6025 	 0.1775
1.9940 	 0.2202 	 -0.6109 	 -0.4434 	 -0.2552 	 0.5240 	 0.1590 	 -0.2068 	 0.6131 	 0.1795
2.0040 	 0.2176 	 -0.6056 	 -0.4418 	 -0.2573 	 0.5302 	 0.1608 	 -0.2094 	 0.6240 	 0.1815
2.0140 	 0.2151 	 -0.6003 	 -0.4402 	 -0.2594 	 0.5365 	 0.1626 	 -0.2170 	 0.6350 	 0.1873
2.0240 	 0.2125 	 -0.5949 	 -0.4385 	 -0.2616 	 0.5429 	 0.1645 	 -0.2192 	 0.6467 	 0.1892
2.0341 	 0.2098 	 -0.5894 	 -0.4369 	 -0.2638 	 0.5495 	 0.1664 	 -0.2214 	 0.6588 	 0.1912
2.0441 	 0.2072 	 -0.5838 	 -0.4352 	 -0.2660 	 0.5561 	 0.1684 	 -0.2237 	 0.6714 	 0.1932
2.0541 	 0.2045 	 -0.5782 	 -0.4335 	 -0.2683 	 0.5629 	 0.1703 	 -0.2261 	 0.6844 	 0.1954
2.0641 	 0.2018 	 -0.5726 	 -0.4318 	 -0.2706 	 0.5698 	 0.1723 	 -0.2285 	 0.6978 	 0.1977
2.0741 	 0.1991 	 -0.5668 	 -0.4301 	 -0.2729 	 0.5769 	 0.1743 	 -0.2310 	 0.7118 	 0.2001
2.0842 	 0.1963 	 -0.5610 	 -0.4283 	 -0.2752 	 0.5841 	 0.1763 	 -0.2335 	 0.7263 	 0.2026
2.0942 	 0.1936 	 -0.5551 	 -0.4265 	 -0.2775 	 0.5915 	 0.1784 	 -0.2371 	 0.7468 	 0.2079
2.1042 	 0.1908 	 -0.5491 	 -0.4247 	 -0.2799 	 0.5991 	 0.1804 	 -0.2396 	 0.7618 	 0.2105
2.1142 	 0.1879 	 -0.5431 	 -0.4229 	 -0.2824 	 0.6068 	 0.1826 	 -0.2424 	 0.7896 	 0.2126
2.1242 	 0.1851 	 -0.5370 	 -0.4211 	 -0.2848 	 0.6148 	 0.1847 	 -0.2508 	 0.8063 	 0.2163
2.1343 	 0.1822 	 -0.5308 	 -0.4192 	 -0.2873 	 0.6230 	 0.1869 	 -0.2530 	 0.8215 	 0.2194
2.1443 	 0.1793 	 -0.5245 	 -0.4173 	 -0.2899 	 0.6313 	 0.1891 	 -0.2554 	 0.8375 	 0.2226
2.1543 	 0.1764 	 -0.5181 	 -0.4154 	 -0.2925 	 0.6398 	 0.1914 	 -0.2637 	 0.8562 	 0.2277
2.1643 	 0.1735 	 -0.5117 	 -0.4135 	 -0.2951 	 0.6484 	 0.1937 	 -0.2657 	 0.8738 	 0.2312
2.1743 	 0.1705 	 -0.5051 	 -0.4115 	 -0.2978 	 0.6573 	 0.1960 	 -0.2677 	 0.8925 	 0.2351
2.1844 	 0.1675 	 -0.4985 	 -0.4096 	 -0.3005 	 0.6664 	 0.1984 	 -0.2713 	 0.9179 	 0.2381
2.1944 	 0.1645 	 -0.4918 	 -0.4076 	 -0.3032 	 0.6757 	 0.2008 	 -0.2738 	 0.9440 	 0.2429
2.2044 	 0.1614 	 -0.4850 	 -0.4055 	 -0.3060 	 0.6853 	 0.2032 	 -0.2774 	 0.9688 	 0.2517
2.2144 	 0.1584 	 -0.4780 	 -0.4035 	 -0.3088 	 0.6951 	 0.2058 	 -0.2791 	 0.9893 	 0.2562
2.2244 	 0.1552 	 -0.4710 	 -0.4014 	 -0.3116 	 0.7051 	 0.2084 	 -0.2827 	 1.0230 	 0.2629
2.2345 	 0.1521 	 -0.4639 	 -0.3993 	 -0.3144 	 0.7156 	 0.2110 	 -0.2880 	 1.0750 	 0.2686
2.2445 	 0.1489 	 -0.4567 	 -0.3972 	 -0.3173 	 0.7267 	 0.2138 	 -0.2962 	 1.1260 	 0.2743
2.2545 	 0.1458 	 -0.4493 	 -0.3950 	 -0.3203 	 0.7381 	 0.2166 	 -0.2966 	 1.1554 	 0.2846
2.2645 	 0.1425 	 -0.4419 	 -0.3928 	 -0.3233 	 0.7498 	 0.2194 	 -0.2960 	 1.1786 	 0.2905
2.2745 	 0.1393 	 -0.4343 	 -0.3906 	 -0.3263 	 0.7618 	 0.2224 	 -0.2961 	 1.2005 	 0.2978
2.2846 	 0.1360 	 -0.4266 	 -0.3884 	 -0.3292 	 0.7739 	 0.2254 	 -0.2937 	 1.2253 	 0.3011
2.2946 	 0.1327 	 -0.4188 	 -0.3861 	 -0.3322 	 0.7863 	 0.2284 	 -0.2918 	 1.2383 	 0.3071
2.3046 	 0.1293 	 -0.4109 	 -0.3838 	 -0.3351 	 0.7987 	 0.2316 	 -0.2893 	 1.2498 	 0.3134
2.3146 	 0.1260 	 -0.4028 	 -0.3815 	 -0.3379 	 0.8114 	 0.2348 	 -0.2840 	 1.2679 	 0.3285
2.3246 	 0.1226 	 -0.3946 	 -0.3791 	 -0.3408 	 0.8241 	 0.2381 	 -0.2809 	 1.2755 	 0.3330
2.3347 	 0.1191 	 -0.3863 	 -0.3767 	 -0.3436 	 0.8369 	 0.2415 	 -0.2796 	 1.2936 	 0.3421
2.3447 	 0.1157 	 -0.3778 	 -0.3743 	 -0.3463 	 0.8499 	 0.2449 	 -0.2735 	 1.2916 	 0.3425
2.3547 	 0.1122 	 -0.3692 	 -0.3718 	 -0.3490 	 0.8628 	 0.2483 	 -0.2670 	 1.2895 	 0.3430
2.3647 	 0.1087 	 -0.3605 	 -0.3693 	 -0.3517 	 0.8758 	 0.2518 	 -0.2603 	 1.2904 	 0.3474
2.3747 	 0.1051 	 -0.3517 	 -0.3667 	 -0.3543 	 0.8887 	 0.2553 	 -0.2570 	 1.2892 	 0.3481
2.3848 	 0.1016 	 -0.3427 	 -0.3642 	 -0.3568 	 0.9016 	 0.2588 	 -0.2525 	 1.2868 	 0.3476
2.3948 	 0.0980 	 -0.3336 	 -0.3616 	 -0.3593 	 0.9145 	 0.2623 	 -0.2402 	 1.2816 	 0.3456
2.4048 	 0.0944 	 -0.3244 	 -0.3589 	 -0.3616 	 0.9273 	 0.2657 	 -0.2209 	 1.2790 	 0.3456
2.4148 	 0.0907 	 -0.3150 	 -0.3562 	 -0.3637 	 0.9401 	 0.2692 	 -0.2064 	 1.2784 	 0.3456
2.4248 	 0.0871 	 -0.3056 	 -0.3535 	 -0.3657 	 0.9529 	 0.2726 	 -0.1900 	 1.2755 	 0.3463
2.4349 	 0.0834 	 -0.2959 	 -0.3508 	 -0.3675 	 0.9657 	 0.2761 	 -0.1722 	 1.2671 	 0.3409
2.4449 	 0.0797 	 -0.2862 	 -0.3480 	 -0.3692 	 0.9783 	 0.2794 	 -0.1539 	 1.2575 	 0.3280
2.4549 	 0.0760 	 -0.2763 	 -0.3452 	 -0.3706 	 0.9909 	 0.2827 	 -0.1341 	 1.2508 	 0.3241
2.4649 	 0.0723 	 -0.2664 	 -0.3423 	 -0.3719 	 1.0034 	 0.2859 	 -0.1116 	 1.2391 	 0.3141
2.4749 	 0.0686 	 -0.2562 	 -0.3394 	 -0.3729 	 1.0157 	 0.2890 	 -0.0878 	 1.2261 	 0.3028
2.4850 	 0.0648 	 -0.2460 	 -0.3365 	 -0.3736 	 1.0279 	 0.2920 	 -0.0625 	 1.2116 	 0.2899
2.4950 	 0.0611 	 -0.2356 	 -0.3336 	 -0.3741 	 1.0400 	 0.2948 	 -0.0354 	 1.1995 	 0.2712
2.5050 	 0.0573 	 -0.2252 	 -0.3306 	 -0.3743 	 1.0519 	 0.2975 	 -0.0084 	 1.1824 	 0.2598
2.5150 	 0.0536 	 -0.2146 	 -0.3276 	 -0.3743 	 1.0637 	 0.3000 	 0.0209 	 1.1593 	 0.2407
2.5251 	 0.0498 	 -0.2038 	 -0.3246 	 -0.3739 	 1.0752 	 0.3023 	 0.0517 	 1.1334 	 0.2189
2.5351 	 0.0461 	 -0.1930 	 -0.3216 	 -0.3732 	 1.0864 	 0.3044 	 0.0784 	 1.1030 	 0.1947
2.5451 	 0.0424 	 -0.1821 	 -0.3185 	 -0.3723 	 1.0973 	 0.3062 	 0.1148 	 1.0692 	 0.1664
2.5551 	 0.0386 	 -0.1710 	 -0.3154 	 -0.3709 	 1.1078 	 0.3077 	 0.1552 	 1.0318 	 0.1287
2.5651 	 0.0349 	 -0.1599 	 -0.3124 	 -0.3692 	 1.1179 	 0.3088 	 0.1976 	 0.9848 	 0.0929
2.5752 	 0.0312 	 -0.1486 	 -0.3093 	 -0.3670 	 1.1275 	 0.3096 	 0.2435 	 0.9328 	 0.0610
2.5852 	 0.0276 	 -0.1373 	 -0.3062 	 -0.3643 	 1.1365 	 0.3100 	 0.2960 	 0.8627 	 0.0127
2.5952 	 0.0239 	 -0.1259 	 -0.3030 	 -0.3610 	 1.1448 	 0.3099 	 0.3554 	 0.7783 	 -0.0335
2.6052 	 0.0203 	 -0.1143 	 -0.2999 	 -0.3571 	 1.1521 	 0.3093 	 0.4229 	 0.6728 	 -0.0867
2.6152 	 0.0168 	 -0.1028 	 -0.2969 	 -0.3525 	 1.1582 	 0.3082 	 0.4980 	 0.5473 	 -0.1365
2.6253 	 0.0133 	 -0.0911 	 -0.2938 	 -0.3472 	 1.1629 	 0.3065 	 0.5706 	 0.3909 	 -0.1799
2.6353 	 0.0098 	 -0.0795 	 -0.2907 	 -0.3411 	 1.1658 	 0.3046 	 0.6353 	 0.1900 	 -0.2170
2.6453 	 0.0065 	 -0.0678 	 -0.2877 	 -0.3345 	 1.1666 	 0.3022 	 0.6832 	 -0.0284 	 -0.2421
2.6553 	 0.0031 	 -0.0561 	 -0.2847 	 -0.3275 	 1.1653 	 0.2997 	 0.7145 	 -0.2308 	 -0.2539
2.6653 	 -0.0001 	 -0.0445 	 -0.2817 	 -0.3202 	 1.1621 	 0.2972 	 0.7322 	 -0.3997 	 -0.2538
2.6754 	 -0.0033 	 -0.0328 	 -0.2787 	 -0.3129 	 1.1574 	 0.2947 	 0.7372 	 -0.5373 	 -0.2466
2.6854 	 -0.0064 	 -0.0213 	 -0.2758 	 -0.3055 	 1.1515 	 0.2923 	 0.7289 	 -0.6458 	 -0.2335
2.6954 	 -0.0094 	 -0.0098 	 -0.2728 	 -0.2983 	 1.1445 	 0.2900 	 0.7223 	 -0.7399 	 -0.2232
2.7054 	 -0.0124 	 0.0017 	 -0.2699 	 -0.2911 	 1.1367 	 0.2878 	 0.7151 	 -0.8203 	 -0.2149
2.7154 	 -0.0152 	 0.0130 	 -0.2671 	 -0.2839 	 1.1281 	 0.2857 	 0.7100 	 -0.8893 	 -0.2041
2.7255 	 -0.0180 	 0.0243 	 -0.2642 	 -0.2768 	 1.1189 	 0.2837 	 0.7033 	 -0.9499 	 -0.2017
2.7355 	 -0.0208 	 0.0354 	 -0.2614 	 -0.2698 	 1.1091 	 0.2817 	 0.6972 	 -1.0028 	 -0.2010
2.7455 	 -0.0235 	 0.0465 	 -0.2586 	 -0.2629 	 1.0988 	 0.2797 	 0.6918 	 -1.0494 	 -0.2014
2.7555 	 -0.0260 	 0.0574 	 -0.2558 	 -0.2560 	 1.0881 	 0.2776 	 0.6849 	 -1.0895 	 -0.2092
2.7655 	 -0.0286 	 0.0683 	 -0.2530 	 -0.2491 	 1.0770 	 0.2755 	 0.6832 	 -1.1237 	 -0.2073
2.7756 	 -0.0310 	 0.0790 	 -0.2503 	 -0.2423 	 1.0656 	 0.2735 	 0.6795 	 -1.1549 	 -0.2041
2.7856 	 -0.0334 	 0.0896 	 -0.2475 	 -0.2356 	 1.0539 	 0.2714 	 0.6694 	 -1.1828 	 -0.2120
2.7956 	 -0.0358 	 0.1001 	 -0.2448 	 -0.2289 	 1.0419 	 0.2692 	 0.6651 	 -1.2099 	 -0.2180
2.8056 	 -0.0380 	 0.1105 	 -0.2421 	 -0.2222 	 1.0297 	 0.2670 	 0.6611 	 -1.2345 	 -0.2241
2.8156 	 -0.0402 	 0.1208 	 -0.2395 	 -0.2156 	 1.0172 	 0.2647 	 0.6573 	 -1.2570 	 -0.2301
2.8257 	 -0.0423 	 0.1309 	 -0.2368 	 -0.2090 	 1.0045 	 0.2624 	 0.6577 	 -1.2747 	 -0.2367
2.8357 	 -0.0444 	 0.1409 	 -0.2342 	 -0.2024 	 0.9916 	 0.2600 	 0.6530 	 -1.2945 	 -0.2422
2.8457 	 -0.0464 	 0.1508 	 -0.2316 	 -0.1959 	 0.9786 	 0.2575 	 0.6460 	 -1.3061 	 -0.2457
2.8557 	 -0.0483 	 0.1605 	 -0.2291 	 -0.1895 	 0.9654 	 0.2551 	 0.6413 	 -1.3219 	 -0.2505
2.8657 	 -0.0502 	 0.1701 	 -0.2265 	 -0.1831 	 0.9521 	 0.2525 	 0.6368 	 -1.3366 	 -0.2554
2.8758 	 -0.0520 	 0.1796 	 -0.2240 	 -0.1767 	 0.9387 	 0.2499 	 0.6326 	 -1.3504 	 -0.2603
2.8858 	 -0.0537 	 0.1889 	 -0.2215 	 -0.1704 	 0.9251 	 0.2473 	 0.6286 	 -1.3633 	 -0.2652
2.8958 	 -0.0554 	 0.1981 	 -0.2190 	 -0.1642 	 0.9114 	 0.2447 	 0.6199 	 -1.3648 	 -0.2622
2.9058 	 -0.0570 	 0.2072 	 -0.2166 	 -0.1580 	 0.8977 	 0.2420 	 0.6057 	 -1.3594 	 -0.2623
2.9158 	 -0.0586 	 0.2161 	 -0.2142 	 -0.1520 	 0.8842 	 0.2394 	 0.5937 	 -1.3393 	 -0.2480
2.9259 	 -0.0601 	 0.2249 	 -0.2118 	 -0.1461 	 0.8708 	 0.2370 	 0.5841 	 -1.3368 	 -0.2470
2.9359 	 -0.0615 	 0.2336 	 -0.2094 	 -0.1403 	 0.8574 	 0.2345 	 0.5697 	 -1.3309 	 -0.2433
2.9459 	 -0.0629 	 0.2421 	 -0.2071 	 -0.1346 	 0.8441 	 0.2321 	 0.5594 	 -1.3260 	 -0.2440
2.9559 	 -0.0642 	 0.2505 	 -0.2048 	 -0.1291 	 0.8309 	 0.2296 	 0.5441 	 -1.3052 	 -0.2369
2.9659 	 -0.0655 	 0.2588 	 -0.2025 	 -0.1237 	 0.8179 	 0.2272 	 0.5338 	 -1.2904 	 -0.2314
2.9760 	 -0.0667 	 0.2669 	 -0.2002 	 -0.1184 	 0.8051 	 0.2250 	 0.5168 	 -1.2611 	 -0.2239
2.9860 	 -0.0679 	 0.2749 	 -0.1980 	 -0.1133 	 0.7925 	 0.2227 	 0.5040 	 -1.2408 	 -0.2182
2.9960 	 -0.0690 	 0.2828 	 -0.1958 	 -0.1083 	 0.7801 	 0.2205 	 0.4981 	 -1.2275 	 -0.2212
3.0060 	 -0.0700 	 0.2905 	 -0.1936 	 -0.1033 	 0.7679 	 0.2183 	 0.4891 	 -1.2194 	 -0.2200
3.0160 	 -0.0710 	 0.2982 	 -0.1914 	 -0.0985 	 0.7557 	 0.2161 	 0.4804 	 -1.2117 	 -0.2170
3.0261 	 -0.0720 	 0.3057 	 -0.1892 	 -0.0937 	 0.7436 	 0.2140 	 0.4711 	 -1.1971 	 -0.2143
3.0361 	 -0.0729 	 0.3131 	 -0.1871 	 -0.0890 	 0.7317 	 0.2118 	 0.4610 	 -1.1761 	 -0.2105
3.0461 	 -0.0738 	 0.3203 	 -0.1850 	 -0.0845 	 0.7199 	 0.2097 	 0.4515 	 -1.1610 	 -0.2081
3.0561 	 -0.0746 	 0.3275 	 -0.1829 	 -0.0800 	 0.7085 	 0.2077 	 0.4360 	 -1.1124 	 -0.2009
3.0661 	 -0.0754 	 0.3345 	 -0.1808 	 -0.0757 	 0.6975 	 0.2057 	 0.4267 	 -1.0924 	 -0.1991
3.0762 	 -0.0761 	 0.3415 	 -0.1788 	 -0.0715 	 0.6867 	 0.2037 	 0.4160 	 -1.0589 	 -0.1978
3.0862 	 -0.0768 	 0.3483 	 -0.1768 	 -0.0674 	 0.6763 	 0.2017 	 0.3955 	 -1.0236 	 -0.1937
3.0962 	 -0.0775 	 0.3550 	 -0.1747 	 -0.0635 	 0.6661 	 0.1998 	 0.3872 	 -1.0075 	 -0.1927
3.1062 	 -0.0781 	 0.3616 	 -0.1727 	 -0.0597 	 0.6561 	 0.1979 	 0.3794 	 -0.9924 	 -0.1917
3.1162 	 -0.0787 	 0.3682 	 -0.1708 	 -0.0559 	 0.6463 	 0.1960 	 0.3666 	 -0.9597 	 -0.1922
3.1263 	 -0.0792 	 0.3746 	 -0.1688 	 -0.0523 	 0.6368 	 0.1940 	 0.3590 	 -0.9440 	 -0.1915
3.1363 	 -0.0797 	 0.3809 	 -0.1669 	 -0.0487 	 0.6274 	 0.1921 	 0.3518 	 -0.9292 	 -0.1908
3.1463 	 -0.0802 	 0.3872 	 -0.1650 	 -0.0452 	 0.6182 	 0.1902 	 0.3450 	 -0.9154 	 -0.1901
3.1563 	 -0.0806 	 0.3933 	 -0.1631 	 -0.0418 	 0.6090 	 0.1883 	 0.3385 	 -0.9023 	 -0.1895
3.1663 	 -0.0810 	 0.3994 	 -0.1612 	 -0.0384 	 0.6001 	 0.1864 	 0.3323 	 -0.8900 	 -0.1888
3.1764 	 -0.0814 	 0.4053 	 -0.1593 	 -0.0352 	 0.5913 	 0.1845 	 0.3227 	 -0.8725 	 -0.1876
3.1864 	 -0.0817 	 0.4112 	 -0.1575 	 -0.0320 	 0.5826 	 0.1827 	 0.3168 	 -0.8609 	 -0.1867
3.1964 	 -0.0820 	 0.4170 	 -0.1557 	 -0.0288 	 0.5740 	 0.1808 	 0.3096 	 -0.8436 	 -0.1835
3.2064 	 -0.0823 	 0.4227 	 -0.1539 	 -0.0258 	 0.5657 	 0.1790 	 0.3037 	 -0.8247 	 -0.1818
3.2164 	 -0.0826 	 0.4284 	 -0.1521 	 -0.0227 	 0.5575 	 0.1771 	 0.2985 	 -0.8126 	 -0.1804
3.2265 	 -0.0828 	 0.4339 	 -0.1503 	 -0.0198 	 0.5494 	 0.1753 	 0.2955 	 -0.7997 	 -0.1814
3.2365 	 -0.0830 	 0.4394 	 -0.1486 	 -0.0168 	 0.5414 	 0.1735 	 0.2909 	 -0.7878 	 -0.1800
3.2465 	 -0.0831 	 0.4448 	 -0.1468 	 -0.0139 	 0.5336 	 0.1717 	 0.2865 	 -0.7764 	 -0.1786
3.2565 	 -0.0832 	 0.4501 	 -0.1451 	 -0.0111 	 0.5258 	 0.1699 	 0.2823 	 -0.7656 	 -0.1773
3.2665 	 -0.0833 	 0.4553 	 -0.1434 	 -0.0083 	 0.5182 	 0.1682 	 0.2783 	 -0.7553 	 -0.1760
3.2766 	 -0.0834 	 0.4605 	 -0.1418 	 -0.0055 	 0.5107 	 0.1664 	 0.2746 	 -0.7454 	 -0.1747
3.2866 	 -0.0834 	 0.4655 	 -0.1401 	 -0.0028 	 0.5033 	 0.1647 	 0.2710 	 -0.7361 	 -0.1735
3.2966 	 -0.0835 	 0.4705 	 -0.1385 	 -0.0001 	 0.4960 	 0.1629 	 0.2641 	 -0.7235 	 -0.1681
3.3066 	 -0.0834 	 0.4755 	 -0.1368 	 0.0026 	 0.4888 	 0.1613 	 0.2604 	 -0.7143 	 -0.1665
3.3166 	 -0.0834 	 0.4803 	 -0.1352 	 0.0051 	 0.4816 	 0.1596 	 0.2569 	 -0.7054 	 -0.1649
3.3267 	 -0.0833 	 0.4851 	 -0.1336 	 0.0077 	 0.4746 	 0.1580 	 0.2536 	 -0.6968 	 -0.1634
3.3367 	 -0.0832 	 0.4898 	 -0.1321 	 0.0102 	 0.4677 	 0.1563 	 0.2503 	 -0.6886 	 -0.1619
3.3467 	 -0.0831 	 0.4945 	 -0.1305 	 0.0127 	 0.4608 	 0.1547 	 0.2421 	 -0.6805 	 -0.1565
3.3567 	 -0.0830 	 0.4991 	 -0.1290 	 0.0151 	 0.4540 	 0.1532 	 0.2389 	 -0.6729 	 -0.1550
3.3667 	 -0.0828 	 0.5036 	 -0.1274 	 0.0175 	 0.4473 	 0.1516 	 0.2358 	 -0.6656 	 -0.1535
3.3768 	 -0.0826 	 0.5080 	 -0.1259 	 0.0198 	 0.4407 	 0.1501 	 0.2328 	 -0.6586 	 -0.1522
3.3868 	 -0.0824 	 0.5124 	 -0.1244 	 0.0222 	 0.4341 	 0.1486 	 0.2299 	 -0.6519 	 -0.1508
3.3968 	 -0.0822 	 0.5167 	 -0.1230 	 0.0245 	 0.4276 	 0.1471 	 0.2271 	 -0.6455 	 -0.1496
3.4068 	 -0.0819 	 0.5210 	 -0.1215 	 0.0267 	 0.4212 	 0.1456 	 0.2244 	 -0.6393 	 -0.1484
3.4168 	 -0.0817 	 0.5252 	 -0.1200 	 0.0290 	 0.4148 	 0.1441 	 0.2217 	 -0.6334 	 -0.1472
3.4269 	 -0.0814 	 0.5293 	 -0.1186 	 0.0312 	 0.4085 	 0.1426 	 0.2191 	 -0.6277 	 -0.1460
3.4369 	 -0.0810 	 0.5334 	 -0.1172 	 0.0333 	 0.4022 	 0.1412 	 0.2165 	 -0.6223 	 -0.1449
3.4469 	 -0.0807 	 0.5374 	 -0.1158 	 0.0355 	 0.3960 	 0.1397 	 0.2140 	 -0.6170 	 -0.1439
3.4569 	 -0.0803 	 0.5413 	 -0.1144 	 0.0376 	 0.3899 	 0.1383 	 0.2115 	 -0.6120 	 -0.1428
3.4669 	 -0.0799 	 0.5452 	 -0.1130 	 0.0397 	 0.3838 	 0.1369 	 0.2091 	 -0.6071 	 -0.1418
3.4770 	 -0.0795 	 0.5490 	 -0.1116 	 0.0418 	 0.3777 	 0.1354 	 0.2067 	 -0.6024 	 -0.1407
3.4870 	 -0.0791 	 0.5528 	 -0.1103 	 0.0439 	 0.3717 	 0.1340 	 0.2043 	 -0.5979 	 -0.1397
3.4970 	 -0.0787 	 0.5565 	 -0.1089 	 0.0459 	 0.3657 	 0.1326 	 0.2019 	 -0.5935 	 -0.1387
3.5070 	 -0.0782 	 0.5601 	 -0.1076 	 0.0479 	 0.3598 	 0.1313 	 0.1996 	 -0.5892 	 -0.1377
3.5170 	 -0.0777 	 0.5637 	 -0.1063 	 0.0499 	 0.3539 	 0.1299 	 0.1973 	 -0.5851 	 -0.1368
3.5271 	 -0.0772 	 0.5672 	 -0.1050 	 0.0519 	 0.3481 	 0.1285 	 0.1951 	 -0.5811 	 -0.1358
3.5371 	 -0.0767 	 0.5706 	 -0.1037 	 0.0538 	 0.3423 	 0.1272 	 0.1929 	 -0.5772 	 -0.1348
3.5471 	 -0.0761 	 0.5740 	 -0.1025 	 0.0557 	 0.3365 	 0.1258 	 0.1907 	 -0.5734 	 -0.1339
3.5571 	 -0.0755 	 0.5774 	 -0.1012 	 0.0576 	 0.3308 	 0.1245 	 0.1885 	 -0.5698 	 -0.1330
3.5671 	 -0.0749 	 0.5807 	 -0.1000 	 0.0595 	 0.3251 	 0.1231 	 0.1864 	 -0.5662 	 -0.1320
3.5772 	 -0.0743 	 0.5839 	 -0.0988 	 0.0614 	 0.3194 	 0.1218 	 0.1843 	 -0.5627 	 -0.1311
3.5872 	 -0.0737 	 0.5871 	 -0.0975 	 0.0632 	 0.3138 	 0.1205 	 0.1823 	 -0.5593 	 -0.1302
3.5972 	 -0.0731 	 0.5902 	 -0.0963 	 0.0650 	 0.3082 	 0.1192 	 0.1802 	 -0.5559 	 -0.1294
3.6072 	 -0.0724 	 0.5932 	 -0.0952 	 0.0668 	 0.3027 	 0.1179 	 0.1783 	 -0.5527 	 -0.1285
3.6172 	 -0.0717 	 0.5963 	 -0.0940 	 0.0686 	 0.2971 	 0.1166 	 0.1764 	 -0.5495 	 -0.1276
3.6273 	 -0.0710 	 0.5992 	 -0.0928 	 0.0704 	 0.2917 	 0.1154 	 0.1745 	 -0.5465 	 -0.1268
3.6373 	 -0.0703 	 0.6021 	 -0.0917 	 0.0721 	 0.2862 	 0.1141 	 0.1726 	 -0.5435 	 -0.1260
3.6473 	 -0.0696 	 0.6049 	 -0.0905 	 0.0738 	 0.2808 	 0.1128 	 0.1708 	 -0.5405 	 -0.1252
3.6573 	 -0.0688 	 0.6077 	 -0.0894 	 0.0755 	 0.2754 	 0.1116 	 0.1691 	 -0.5377 	 -0.1244
3.6673 	 -0.0681 	 0.6105 	 -0.0883 	 0.0772 	 0.2700 	 0.1103 	 0.1673 	 -0.5349 	 -0.1236
3.6774 	 -0.0673 	 0.6131 	 -0.0872 	 0.0789 	 0.2646 	 0.1091 	 0.1628 	 -0.5306 	 -0.1172
3.6874 	 -0.0665 	 0.6158 	 -0.0861 	 0.0805 	 0.2593 	 0.1080 	 0.1610 	 -0.5280 	 -0.1161
3.6974 	 -0.0657 	 0.6183 	 -0.0850 	 0.0821 	 0.2541 	 0.1068 	 0.1593 	 -0.5255 	 -0.1151
3.7074 	 -0.0649 	 0.6209 	 -0.0840 	 0.0837 	 0.2488 	 0.1056 	 0.1576 	 -0.5230 	 -0.1141
3.7174 	 -0.0640 	 0.6233 	 -0.0829 	 0.0853 	 0.2436 	 0.1045 	 0.1560 	 -0.5206 	 -0.1130
3.7275 	 -0.0631 	 0.6257 	 -0.0819 	 0.0868 	 0.2384 	 0.1034 	 0.1544 	 -0.5183 	 -0.1121
3.7375 	 -0.0623 	 0.6281 	 -0.0808 	 0.0884 	 0.2332 	 0.1023 	 0.1528 	 -0.5161 	 -0.1111
3.7475 	 -0.0614 	 0.6304 	 -0.0798 	 0.0899 	 0.2280 	 0.1012 	 0.1513 	 -0.5139 	 -0.1101
3.7575 	 -0.0605 	 0.6327 	 -0.0788 	 0.0914 	 0.2229 	 0.1001 	 0.1498 	 -0.5118 	 -0.1092
3.7675 	 -0.0595 	 0.6349 	 -0.0778 	 0.0929 	 0.2178 	 0.0990 	 0.1484 	 -0.5098 	 -0.1083
3.7776 	 -0.0586 	 0.6370 	 -0.0768 	 0.0944 	 0.2127 	 0.0979 	 0.1470 	 -0.5079 	 -0.1074
3.7876 	 -0.0577 	 0.6391 	 -0.0759 	 0.0958 	 0.2076 	 0.0968 	 0.1456 	 -0.5060 	 -0.1065
3.7976 	 -0.0567 	 0.6412 	 -0.0749 	 0.0973 	 0.2025 	 0.0958 	 0.1443 	 -0.5042 	 -0.1056
3.8076 	 -0.0557 	 0.6432 	 -0.0739 	 0.0987 	 0.1975 	 0.0947 	 0.1430 	 -0.5025 	 -0.1048
3.8176 	 -0.0547 	 0.6451 	 -0.0730 	 0.1001 	 0.1925 	 0.0937 	 0.1417 	 -0.5008 	 -0.1040
3.8277 	 -0.0537 	 0.6471 	 -0.0721 	 0.1016 	 0.1875 	 0.0926 	 0.1405 	 -0.4992 	 -0.1032
3.8377 	 -0.0527 	 0.6489 	 -0.0711 	 0.1030 	 0.1825 	 0.0916 	 0.1393 	 -0.4977 	 -0.1024
3.8477 	 -0.0516 	 0.6507 	 -0.0702 	 0.1044 	 0.1775 	 0.0906 	 0.1382 	 -0.4963 	 -0.1016
3.8577 	 -0.0506 	 0.6525 	 -0.0693 	 0.1057 	 0.1725 	 0.0895 	 0.1371 	 -0.4949 	 -0.1009
3.8677 	 -0.0495 	 0.6542 	 -0.0684 	 0.1071 	 0.1676 	 0.0885 	 0.1360 	 -0.4936 	 -0.1002
3.8778 	 -0.0484 	 0.6558 	 -0.0675 	 0.1085 	 0.1626 	 0.0875 	 0.1349 	 -0.4924 	 -0.0995
3.8878 	 -0.0473 	 0.6574 	 -0.0667 	 0.1098 	 0.1577 	 0.0865 	 0.1339 	 -0.4912 	 -0.0988
3.8978 	 -0.0462 	 0.6590 	 -0.0658 	 0.1111 	 0.1528 	 0.0856 	 0.1329 	 -0.4902 	 -0.0982
3.9078 	 -0.0451 	 0.6605 	 -0.0650 	 0.1125 	 0.1479 	 0.0846 	 0.1319 	 -0.4891 	 -0.0976
3.9178 	 -0.0440 	 0.6619 	 -0.0641 	 0.1138 	 0.1430 	 0.0836 	 0.1310 	 -0.4882 	 -0.0970
3.9279 	 -0.0428 	 0.6634 	 -0.0633 	 0.1151 	 0.1381 	 0.0826 	 0.1301 	 -0.4873 	 -0.0964
3.9379 	 -0.0417 	 0.6647 	 -0.0625 	 0.1164 	 0.1332 	 0.0817 	 0.1292 	 -0.4865 	 -0.0959
3.9479 	 -0.0405 	 0.6660 	 -0.0616 	 0.1177 	 0.1283 	 0.0807 	 0.1284 	 -0.4858 	 -0.0953
3.9579 	 -0.0393 	 0.6673 	 -0.0608 	 0.1190 	 0.1235 	 0.0798 	 0.1254 	 -0.4797 	 -0.0920
3.9679 	 -0.0381 	 0.6685 	 -0.0600 	 0.1202 	 0.1187 	 0.0788 	 0.1243 	 -0.4783 	 -0.0912
3.9780 	 -0.0369 	 0.6697 	 -0.0593 	 0.1215 	 0.1139 	 0.0779 	 0.1275 	 -0.4722 	 -0.0917
3.9880 	 -0.0357 	 0.6708 	 -0.0585 	 0.1227 	 0.1092 	 0.0770 	 0.1266 	 -0.4709 	 -0.0909
3.9980 	 -0.0345 	 0.6719 	 -0.0577 	 0.1240 	 0.1045 	 0.0761 	 0.1257 	 -0.4696 	 -0.0902
4.0080 	 -0.0332 	 0.6729 	 -0.0570 	 0.1253 	 0.0998 	 0.0752 	 0.1249 	 -0.4685 	 -0.0896
4.0180 	 -0.0319 	 0.6739 	 -0.0562 	 0.1265 	 0.0951 	 0.0743 	 0.1241 	 -0.4674 	 -0.0890
4.0281 	 -0.0307 	 0.6748 	 -0.0555 	 0.1277 	 0.0904 	 0.0734 	 0.1233 	 -0.4664 	 -0.0884
4.0381 	 -0.0294 	 0.6757 	 -0.0547 	 0.1290 	 0.0857 	 0.0725 	 0.1226 	 -0.4655 	 -0.0879
4.0481 	 -0.0281 	 0.6765 	 -0.0540 	 0.1302 	 0.0811 	 0.0717 	 0.1219 	 -0.4647 	 -0.0874
4.0581 	 -0.0268 	 0.6773 	 -0.0533 	 0.1314 	 0.0764 	 0.0708 	 0.1212 	 -0.4640 	 -0.0869
4.0681 	 -0.0254 	 0.6780 	 -0.0526 	 0.1326 	 0.0718 	 0.0699 	 0.1205 	 -0.4633 	 -0.0865
4.0782 	 -0.0241 	 0.6787 	 -0.0519 	 0.1338 	 0.0671 	 0.0691 	 0.1199 	 -0.4627 	 -0.0861
4.0882 	 -0.0228 	 0.6794 	 -0.0512 	 0.1350 	 0.0625 	 0.0682 	 0.1193 	 -0.4623 	 -0.0858
4.0982 	 -0.0214 	 0.6800 	 -0.0505 	 0.1362 	 0.0579 	 0.0673 	 0.1187 	 -0.4618 	 -0.0855
4.1082 	 -0.0200 	 0.6805 	 -0.0499 	 0.1374 	 0.0532 	 0.0665 	 0.1181 	 -0.4615 	 -0.0853
4.1182 	 -0.0187 	 0.6810 	 -0.0492 	 0.1386 	 0.0486 	 0.0656 	 0.1176 	 -0.4613 	 -0.0850
4.1283 	 -0.0173 	 0.6815 	 -0.0485 	 0.1398 	 0.0440 	 0.0648 	 0.1170 	 -0.4611 	 -0.0849
4.1383 	 -0.0159 	 0.6819 	 -0.0479 	 0.1409 	 0.0394 	 0.0639 	 0.1165 	 -0.4610 	 -0.0847
4.1483 	 -0.0144 	 0.6823 	 -0.0473 	 0.1421 	 0.0348 	 0.0631 	 0.1160 	 -0.4610 	 -0.0846
4.1583 	 -0.0130 	 0.6826 	 -0.0466 	 0.1433 	 0.0301 	 0.0622 	 0.1155 	 -0.4611 	 -0.0845
4.1683 	 -0.0116 	 0.6829 	 -0.0460 	 0.1444 	 0.0255 	 0.0614 	 0.1150 	 -0.4612 	 -0.0845
4.1784 	 -0.0101 	 0.6831 	 -0.0454 	 0.1456 	 0.0209 	 0.0605 	 0.1145 	 -0.4615 	 -0.0845
4.1884 	 -0.0086 	 0.6833 	 -0.0448 	 0.1467 	 0.0163 	 0.0597 	 0.1140 	 -0.4618 	 -0.0846
4.1984 	 -0.0072 	 0.6835 	 -0.0442 	 0.1478 	 0.0116 	 0.0588 	 0.1136 	 -0.4621 	 -0.0847
4.2084 	 -0.0057 	 0.6836 	 -0.0436 	 0.1489 	 0.0070 	 0.0580 	 0.1082 	 -0.4632 	 -0.0891
4.2184 	 -0.0042 	 0.6836 	 -0.0431 	 0.1500 	 0.0024 	 0.0571 	 0.1076 	 -0.4638 	 -0.0894
4.2285 	 -0.0027 	 0.6836 	 -0.0425 	 0.1511 	 -0.0023 	 0.0562 	 0.1070 	 -0.4645 	 -0.0898
4.2385 	 -0.0012 	 0.6836 	 -0.0419 	 0.1522 	 -0.0069 	 0.0553 	 0.1064 	 -0.4652 	 -0.0902
4.2485 	 0.0004 	 0.6835 	 -0.0414 	 0.1532 	 -0.0116 	 0.0544 	 0.1058 	 -0.4661 	 -0.0906
4.2585 	 0.0019 	 0.6833 	 -0.0408 	 0.1543 	 -0.0163 	 0.0535 	 0.1052 	 -0.4670 	 -0.0911
4.2685 	 0.0035 	 0.6831 	 -0.0403 	 0.1553 	 -0.0210 	 0.0525 	 0.1046 	 -0.4680 	 -0.0917
4.2786 	 0.0050 	 0.6829 	 -0.0398 	 0.1564 	 -0.0257 	 0.0516 	 0.1040 	 -0.4690 	 -0.0923
4.2886 	 0.0066 	 0.6826 	 -0.0393 	 0.1574 	 -0.0304 	 0.0507 	 0.1034 	 -0.4701 	 -0.0929
4.2986 	 0.0082 	 0.6823 	 -0.0388 	 0.1585 	 -0.0351 	 0.0498 	 0.1028 	 -0.4713 	 -0.0936
4.3086 	 0.0098 	 0.6819 	 -0.0383 	 0.1595 	 -0.0398 	 0.0488 	 0.1022 	 -0.4726 	 -0.0944
4.3186 	 0.0114 	 0.6815 	 -0.0378 	 0.1605 	 -0.0446 	 0.0479 	 0.1016 	 -0.4739 	 -0.0951
4.3287 	 0.0130 	 0.6810 	 -0.0373 	 0.1615 	 -0.0493 	 0.0469 	 0.1010 	 -0.4753 	 -0.0960
4.3387 	 0.0146 	 0.6805 	 -0.0368 	 0.1625 	 -0.0541 	 0.0459 	 0.1003 	 -0.4767 	 -0.0969
4.3487 	 0.0162 	 0.6799 	 -0.0364 	 0.1635 	 -0.0589 	 0.0450 	 0.0997 	 -0.4782 	 -0.0978
4.3587 	 0.0179 	 0.6793 	 -0.0359 	 0.1645 	 -0.0637 	 0.0440 	 0.0990 	 -0.4798 	 -0.0988
4.3687 	 0.0195 	 0.6787 	 -0.0355 	 0.1655 	 -0.0685 	 0.0430 	 0.0983 	 -0.4814 	 -0.0999
4.3788 	 0.0212 	 0.6780 	 -0.0351 	 0.1665 	 -0.0733 	 0.0420 	 0.0976 	 -0.4831 	 -0.1010
4.3888 	 0.0229 	 0.6772 	 -0.0347 	 0.1675 	 -0.0782 	 0.0410 	 0.0969 	 -0.4848 	 -0.1021
4.3988 	 0.0246 	 0.6764 	 -0.0343 	 0.1684 	 -0.0830 	 0.0399 	 0.0962 	 -0.4866 	 -0.1033
4.4088 	 0.0263 	 0.6755 	 -0.0339 	 0.1694 	 -0.0879 	 0.0389 	 0.0954 	 -0.4884 	 -0.1046
4.4188 	 0.0280 	 0.6746 	 -0.0335 	 0.1703 	 -0.0928 	 0.0378 	 0.0946 	 -0.4902 	 -0.1059
4.4289 	 0.0297 	 0.6737 	 -0.0331 	 0.1713 	 -0.0977 	 0.0368 	 0.0938 	 -0.4921 	 -0.1073
4.4389 	 0.0314 	 0.6727 	 -0.0328 	 0.1722 	 -0.1027 	 0.0357 	 0.0930 	 -0.4940 	 -0.1087
4.4489 	 0.0331 	 0.6716 	 -0.0324 	 0.1732 	 -0.1076 	 0.0346 	 0.0922 	 -0.4959 	 -0.1102
4.4589 	 0.0349 	 0.6705 	 -0.0321 	 0.1741 	 -0.1126 	 0.0335 	 0.0913 	 -0.4978 	 -0.1118
4.4689 	 0.0366 	 0.6694 	 -0.0317 	 0.1750 	 -0.1176 	 0.0323 	 0.0886 	 -0.5039 	 -0.1175
4.4790 	 0.0384 	 0.6682 	 -0.0314 	 0.1759 	 -0.1227 	 0.0312 	 0.0878 	 -0.5054 	 -0.1188
4.4890 	 0.0401 	 0.6669 	 -0.0311 	 0.1767 	 -0.1277 	 0.0300 	 0.0870 	 -0.5068 	 -0.1201
4.4990 	 0.0419 	 0.6656 	 -0.0308 	 0.1776 	 -0.1328 	 0.0287 	 0.0862 	 -0.5082 	 -0.1214
4.5090 	 0.0437 	 0.6642 	 -0.0305 	 0.1785 	 -0.1379 	 0.0275 	 0.0854 	 -0.5097 	 -0.1227
4.5190 	 0.0455 	 0.6628 	 -0.0303 	 0.1793 	 -0.1430 	 0.0263 	 0.0846 	 -0.5112 	 -0.1240
4.5291 	 0.0473 	 0.6614 	 -0.0300 	 0.1802 	 -0.1482 	 0.0250 	 0.0838 	 -0.5127 	 -0.1254
4.5391 	 0.0491 	 0.6599 	 -0.0298 	 0.1810 	 -0.1533 	 0.0238 	 0.0829 	 -0.5142 	 -0.1268
4.5491 	 0.0509 	 0.6583 	 -0.0295 	 0.1818 	 -0.1585 	 0.0225 	 0.0821 	 -0.5157 	 -0.1282
4.5591 	 0.0527 	 0.6567 	 -0.0293 	 0.1826 	 -0.1637 	 0.0212 	 0.0813 	 -0.5172 	 -0.1296
4.5691 	 0.0546 	 0.6550 	 -0.0291 	 0.1835 	 -0.1688 	 0.0199 	 0.0804 	 -0.5187 	 -0.1311
4.5792 	 0.0564 	 0.6533 	 -0.0289 	 0.1843 	 -0.1740 	 0.0186 	 0.0796 	 -0.5202 	 -0.1325
4.5892 	 0.0583 	 0.6515 	 -0.0287 	 0.1851 	 -0.1793 	 0.0172 	 0.0787 	 -0.5218 	 -0.1339
4.5992 	 0.0601 	 0.6497 	 -0.0286 	 0.1858 	 -0.1845 	 0.0159 	 0.0779 	 -0.5233 	 -0.1354
4.6092 	 0.0620 	 0.6478 	 -0.0284 	 0.1866 	 -0.1898 	 0.0145 	 0.0771 	 -0.5248 	 -0.1368
4.6192 	 0.0639 	 0.6459 	 -0.0283 	 0.1874 	 -0.1950 	 0.0131 	 0.0811 	 -0.5270 	 -0.1419
4.6293 	 0.0657 	 0.6439 	 -0.0281 	 0.1882 	 -0.2003 	 0.0117 	 0.0801 	 -0.5285 	 -0.1432
4.6393 	 0.0676 	 0.6419 	 -0.0280 	 0.1890 	 -0.2056 	 0.0103 	 0.0790 	 -0.5301 	 -0.1444
4.6493 	 0.0695 	 0.6398 	 -0.0279 	 0.1898 	 -0.2109 	 0.0088 	 0.0779 	 -0.5316 	 -0.1456
4.6593 	 0.0714 	 0.6377 	 -0.0279 	 0.1906 	 -0.2163 	 0.0073 	 0.0769 	 -0.5331 	 -0.1468
4.6693 	 0.0734 	 0.6355 	 -0.0278 	 0.1914 	 -0.2216 	 0.0059 	 0.0758 	 -0.5347 	 -0.1479
4.6794 	 0.0753 	 0.6332 	 -0.0277 	 0.1921 	 -0.2270 	 0.0044 	 0.0748 	 -0.5363 	 -0.1491
4.6894 	 0.0772 	 0.6309 	 -0.0277 	 0.1929 	 -0.2324 	 0.0029 	 0.0737 	 -0.5379 	 -0.1502
4.6994 	 0.0791 	 0.6286 	 -0.0277 	 0.1936 	 -0.2378 	 0.0014 	 0.0726 	 -0.5395 	 -0.1512
4.7094 	 0.0811 	 0.6262 	 -0.0277 	 0.1943 	 -0.2432 	 -0.0002 	 0.0716 	 -0.5412 	 -0.1522
4.7194 	 0.0830 	 0.6237 	 -0.0277 	 0.1950 	 -0.2486 	 -0.0017 	 0.0705 	 -0.5429 	 -0.1532
4.7295 	 0.0850 	 0.6212 	 -0.0277 	 0.1957 	 -0.2541 	 -0.0032 	 0.0694 	 -0.5446 	 -0.1541
4.7395 	 0.0870 	 0.6186 	 -0.0278 	 0.1964 	 -0.2595 	 -0.0048 	 0.0683 	 -0.5464 	 -0.1550
4.7495 	 0.0889 	 0.6160 	 -0.0278 	 0.1971 	 -0.2650 	 -0.0063 	 0.0672 	 -0.5483 	 -0.1559
4.7595 	 0.0909 	 0.6133 	 -0.0279 	 0.1978 	 -0.2705 	 -0.0079 	 0.0660 	 -0.5502 	 -0.1567
4.7695 	 0.0929 	 0.6106 	 -0.0280 	 0.1984 	 -0.2760 	 -0.0095 	 0.0649 	 -0.5522 	 -0.1575
4.7796 	 0.0949 	 0.6078 	 -0.0281 	 0.1991 	 -0.2816 	 -0.0111 	 0.0637 	 -0.5542 	 -0.1582
4.7896 	 0.0969 	 0.6049 	 -0.0282 	 0.1997 	 -0.2872 	 -0.0127 	 0.0674 	 -0.5589 	 -0.1617
4.7996 	 0.0989 	 0.6020 	 -0.0283 	 0.2004 	 -0.2928 	 -0.0143 	 0.0659 	 -0.5609 	 -0.1622
4.8096 	 0.1009 	 0.5990 	 -0.0285 	 0.2010 	 -0.2984 	 -0.0159 	 0.0645 	 -0.5630 	 -0.1626
4.8196 	 0.1029 	 0.5960 	 -0.0286 	 0.2017 	 -0.3041 	 -0.0176 	 0.0630 	 -0.5652 	 -0.1631
4.8297 	 0.1049 	 0.5929 	 -0.0288 	 0.2023 	 -0.3097 	 -0.0192 	 0.0614 	 -0.5675 	 -0.1635
4.8397 	 0.1070 	 0.5898 	 -0.0290 	 0.2029 	 -0.3154 	 -0.0208 	 0.0598 	 -0.5700 	 -0.1640
4.8497 	 0.1090 	 0.5866 	 -0.0292 	 0.2035 	 -0.3212 	 -0.0225 	 0.0582 	 -0.5726 	 -0.1643
4.8597 	 0.1110 	 0.5834 	 -0.0295 	 0.2041 	 -0.3269 	 -0.0241 	 0.0565 	 -0.5754 	 -0.1647
4.8697 	 0.1131 	 0.5801 	 -0.0297 	 0.2046 	 -0.3327 	 -0.0258 	 0.0547 	 -0.5783 	 -0.1651
4.8798 	 0.1151 	 0.5767 	 -0.0300 	 0.2052 	 -0.3385 	 -0.0274 	 0.0555 	 -0.5860 	 -0.1635
4.8898 	 0.1172 	 0.5733 	 -0.0303 	 0.2057 	 -0.3444 	 -0.0291 	 0.0532 	 -0.5887 	 -0.1641
4.8998 	 0.1193 	 0.5698 	 -0.0306 	 0.2063 	 -0.3503 	 -0.0307 	 0.0508 	 -0.5915 	 -0.1647
4.9098 	 0.1213 	 0.5663 	 -0.0309 	 0.2068 	 -0.3563 	 -0.0324 	 0.0484 	 -0.5944 	 -0.1654
4.9198 	 0.1234 	 0.5627 	 -0.0312 	 0.2072 	 -0.3622 	 -0.0340 	 0.0458 	 -0.5975 	 -0.1660
4.9299 	 0.1255 	 0.5590 	 -0.0316 	 0.2077 	 -0.3682 	 -0.0357 	 0.0432 	 -0.6007 	 -0.1667
4.9399 	 0.1276 	 0.5553 	 -0.0319 	 0.2081 	 -0.3743 	 -0.0373 	 0.0442 	 -0.6070 	 -0.1628
4.9499 	 0.1297 	 0.5515 	 -0.0323 	 0.2085 	 -0.3804 	 -0.0390 	 0.0417 	 -0.6110 	 -0.1632
4.9599 	 0.1318 	 0.5477 	 -0.0327 	 0.2089 	 -0.3865 	 -0.0406 	 0.0418 	 -0.6206 	 -0.1623
4.9699 	 0.1338 	 0.5438 	 -0.0331 	 0.2094 	 -0.3928 	 -0.0422 	 0.0388 	 -0.6245 	 -0.1627
4.9800 	 0.1359 	 0.5398 	 -0.0336 	 0.2097 	 -0.3991 	 -0.0439 	 0.0357 	 -0.6286 	 -0.1632
4.9900 	 0.1380 	 0.5358 	 -0.0340 	 0.2101 	 -0.4054 	 -0.0455 	 0.0325 	 -0.6329 	 -0.1637
