100-Body Run with i = 32 th particle. (Units in pc,M_solar,Myr, km s-1) 

time		 x 		 y 		 z 		 xdot 		 ydot 		 zdot 		 xddot 		 yddot 		 zddot
0.0000 	 -0.0165 	 -0.0134 	 0.1297 	 -0.0392 	 -0.0185 	 -0.0361 	 0.2745 	 0.0126 	 -0.2462
0.0100 	 -0.0169 	 -0.0136 	 0.1293 	 -0.0364 	 -0.0184 	 -0.0386 	 0.2772 	 0.0140 	 -0.2450
0.0200 	 -0.0172 	 -0.0138 	 0.1289 	 -0.0336 	 -0.0182 	 -0.0410 	 0.2799 	 0.0155 	 -0.2438
0.0301 	 -0.0176 	 -0.0139 	 0.1285 	 -0.0308 	 -0.0181 	 -0.0435 	 0.2826 	 0.0169 	 -0.2426
0.0401 	 -0.0178 	 -0.0141 	 0.1280 	 -0.0279 	 -0.0179 	 -0.0459 	 0.2852 	 0.0183 	 -0.2415
0.0501 	 -0.0181 	 -0.0143 	 0.1276 	 -0.0251 	 -0.0177 	 -0.0483 	 0.2879 	 0.0197 	 -0.2404
0.0601 	 -0.0184 	 -0.0145 	 0.1271 	 -0.0222 	 -0.0175 	 -0.0507 	 0.2905 	 0.0211 	 -0.2393
0.0701 	 -0.0186 	 -0.0146 	 0.1265 	 -0.0192 	 -0.0173 	 -0.0531 	 0.2931 	 0.0225 	 -0.2383
0.0802 	 -0.0187 	 -0.0148 	 0.1260 	 -0.0163 	 -0.0171 	 -0.0555 	 0.2957 	 0.0238 	 -0.2373
0.0902 	 -0.0189 	 -0.0150 	 0.1254 	 -0.0133 	 -0.0168 	 -0.0578 	 0.2983 	 0.0252 	 -0.2364
0.1002 	 -0.0190 	 -0.0152 	 0.1248 	 -0.0103 	 -0.0166 	 -0.0602 	 0.3009 	 0.0265 	 -0.2354
0.1102 	 -0.0191 	 -0.0153 	 0.1242 	 -0.0073 	 -0.0163 	 -0.0626 	 0.3034 	 0.0278 	 -0.2345
0.1202 	 -0.0192 	 -0.0155 	 0.1236 	 -0.0042 	 -0.0160 	 -0.0649 	 0.3059 	 0.0291 	 -0.2337
0.1303 	 -0.0192 	 -0.0156 	 0.1229 	 -0.0012 	 -0.0157 	 -0.0673 	 0.3085 	 0.0304 	 -0.2328
0.1403 	 -0.0192 	 -0.0158 	 0.1222 	 0.0019 	 -0.0154 	 -0.0696 	 0.3110 	 0.0317 	 -0.2320
0.1503 	 -0.0191 	 -0.0159 	 0.1215 	 0.0051 	 -0.0151 	 -0.0719 	 0.3135 	 0.0329 	 -0.2312
0.1603 	 -0.0191 	 -0.0161 	 0.1208 	 0.0082 	 -0.0147 	 -0.0742 	 0.3159 	 0.0342 	 -0.2305
0.1703 	 -0.0190 	 -0.0162 	 0.1200 	 0.0114 	 -0.0144 	 -0.0765 	 0.3184 	 0.0354 	 -0.2297
0.1804 	 -0.0188 	 -0.0164 	 0.1193 	 0.0146 	 -0.0140 	 -0.0788 	 0.3209 	 0.0366 	 -0.2290
0.1904 	 -0.0187 	 -0.0165 	 0.1185 	 0.0178 	 -0.0136 	 -0.0811 	 0.3233 	 0.0378 	 -0.2283
0.2004 	 -0.0185 	 -0.0167 	 0.1176 	 0.0211 	 -0.0133 	 -0.0834 	 0.3257 	 0.0390 	 -0.2276
0.2104 	 -0.0183 	 -0.0168 	 0.1168 	 0.0244 	 -0.0129 	 -0.0857 	 0.3281 	 0.0402 	 -0.2270
0.2204 	 -0.0180 	 -0.0169 	 0.1159 	 0.0277 	 -0.0125 	 -0.0879 	 0.3305 	 0.0413 	 -0.2264
0.2305 	 -0.0177 	 -0.0170 	 0.1150 	 0.0310 	 -0.0120 	 -0.0902 	 0.3329 	 0.0425 	 -0.2258
0.2405 	 -0.0174 	 -0.0172 	 0.1141 	 0.0343 	 -0.0116 	 -0.0925 	 0.3353 	 0.0436 	 -0.2252
0.2505 	 -0.0170 	 -0.0173 	 0.1132 	 0.0377 	 -0.0112 	 -0.0947 	 0.3376 	 0.0447 	 -0.2246
0.2605 	 -0.0166 	 -0.0174 	 0.1122 	 0.0411 	 -0.0107 	 -0.0970 	 0.3399 	 0.0457 	 -0.2241
0.2705 	 -0.0162 	 -0.0175 	 0.1112 	 0.0445 	 -0.0103 	 -0.0993 	 0.3450 	 0.0446 	 -0.2287
0.2806 	 -0.0157 	 -0.0176 	 0.1102 	 0.0480 	 -0.0098 	 -0.1015 	 0.3472 	 0.0457 	 -0.2280
0.2906 	 -0.0152 	 -0.0177 	 0.1092 	 0.0515 	 -0.0093 	 -0.1038 	 0.3493 	 0.0468 	 -0.2273
0.3006 	 -0.0147 	 -0.0178 	 0.1081 	 0.0550 	 -0.0089 	 -0.1061 	 0.3513 	 0.0479 	 -0.2266
0.3106 	 -0.0141 	 -0.0179 	 0.1071 	 0.0585 	 -0.0084 	 -0.1084 	 0.3533 	 0.0490 	 -0.2258
0.3206 	 -0.0135 	 -0.0179 	 0.1060 	 0.0621 	 -0.0079 	 -0.1106 	 0.3553 	 0.0500 	 -0.2251
0.3307 	 -0.0129 	 -0.0180 	 0.1048 	 0.0657 	 -0.0074 	 -0.1129 	 0.3572 	 0.0511 	 -0.2244
0.3407 	 -0.0122 	 -0.0181 	 0.1037 	 0.0692 	 -0.0069 	 -0.1151 	 0.3591 	 0.0520 	 -0.2237
0.3507 	 -0.0115 	 -0.0182 	 0.1025 	 0.0729 	 -0.0063 	 -0.1174 	 0.3609 	 0.0530 	 -0.2230
0.3607 	 -0.0107 	 -0.0182 	 0.1014 	 0.0765 	 -0.0058 	 -0.1196 	 0.3626 	 0.0539 	 -0.2223
0.3707 	 -0.0100 	 -0.0183 	 0.1001 	 0.0801 	 -0.0053 	 -0.1219 	 0.3647 	 0.0551 	 -0.2277
0.3808 	 -0.0091 	 -0.0183 	 0.0989 	 0.0838 	 -0.0047 	 -0.1241 	 0.3663 	 0.0559 	 -0.2266
0.3908 	 -0.0083 	 -0.0184 	 0.0977 	 0.0875 	 -0.0041 	 -0.1264 	 0.3677 	 0.0567 	 -0.2255
0.4008 	 -0.0074 	 -0.0184 	 0.0964 	 0.0912 	 -0.0036 	 -0.1287 	 0.3690 	 0.0574 	 -0.2243
0.4108 	 -0.0065 	 -0.0184 	 0.0951 	 0.0949 	 -0.0030 	 -0.1309 	 0.3741 	 0.0575 	 -0.2279
0.4208 	 -0.0055 	 -0.0185 	 0.0938 	 0.0986 	 -0.0024 	 -0.1332 	 0.3749 	 0.0581 	 -0.2263
0.4309 	 -0.0045 	 -0.0185 	 0.0924 	 0.1024 	 -0.0018 	 -0.1354 	 0.3754 	 0.0587 	 -0.2246
0.4409 	 -0.0034 	 -0.0185 	 0.0910 	 0.1062 	 -0.0013 	 -0.1377 	 0.3792 	 0.0573 	 -0.2276
0.4509 	 -0.0024 	 -0.0185 	 0.0896 	 0.1100 	 -0.0007 	 -0.1400 	 0.3804 	 0.0584 	 -0.2192
0.4609 	 -0.0012 	 -0.0185 	 0.0882 	 0.1138 	 -0.0001 	 -0.1422 	 0.3799 	 0.0588 	 -0.2172
0.4709 	 -0.0001 	 -0.0185 	 0.0868 	 0.1176 	 0.0005 	 -0.1443 	 0.3791 	 0.0591 	 -0.2150
0.4810 	 0.0011 	 -0.0185 	 0.0853 	 0.1214 	 0.0011 	 -0.1465 	 0.3789 	 0.0600 	 -0.2188
0.4910 	 0.0024 	 -0.0185 	 0.0839 	 0.1252 	 0.0017 	 -0.1487 	 0.3780 	 0.0597 	 -0.2223
0.5010 	 0.0036 	 -0.0185 	 0.0824 	 0.1289 	 0.0023 	 -0.1509 	 0.3757 	 0.0593 	 -0.2189
0.5110 	 0.0049 	 -0.0184 	 0.0808 	 0.1327 	 0.0029 	 -0.1531 	 0.3727 	 0.0588 	 -0.2155
0.5210 	 0.0063 	 -0.0184 	 0.0793 	 0.1364 	 0.0035 	 -0.1552 	 0.3688 	 0.0579 	 -0.2122
0.5311 	 0.0077 	 -0.0184 	 0.0777 	 0.1401 	 0.0040 	 -0.1573 	 0.3635 	 0.0565 	 -0.2094
0.5411 	 0.0091 	 -0.0183 	 0.0761 	 0.1437 	 0.0046 	 -0.1594 	 0.3556 	 0.0542 	 -0.2078
0.5511 	 0.0106 	 -0.0183 	 0.0745 	 0.1472 	 0.0051 	 -0.1615 	 0.3414 	 0.0488 	 -0.2083
0.5611 	 0.0120 	 -0.0182 	 0.0729 	 0.1505 	 0.0055 	 -0.1636 	 0.3184 	 0.0311 	 -0.2086
0.5711 	 0.0136 	 -0.0182 	 0.0713 	 0.1536 	 0.0057 	 -0.1656 	 0.2994 	 0.0156 	 -0.1904
0.5812 	 0.0151 	 -0.0181 	 0.0696 	 0.1565 	 0.0059 	 -0.1674 	 0.2884 	 0.0067 	 -0.1729
0.5912 	 0.0167 	 -0.0181 	 0.0679 	 0.1594 	 0.0059 	 -0.1691 	 0.2782 	 -0.0000 	 -0.1570
0.6012 	 0.0183 	 -0.0180 	 0.0662 	 0.1621 	 0.0059 	 -0.1706 	 0.2662 	 -0.0071 	 -0.1404
0.6112 	 0.0200 	 -0.0179 	 0.0645 	 0.1647 	 0.0057 	 -0.1719 	 0.2504 	 -0.0160 	 -0.1220
0.6212 	 0.0216 	 -0.0179 	 0.0628 	 0.1671 	 0.0055 	 -0.1730 	 0.2288 	 -0.0279 	 -0.1031
0.6313 	 0.0233 	 -0.0178 	 0.0610 	 0.1693 	 0.0052 	 -0.1740 	 0.2010 	 -0.0430 	 -0.0883
0.6413 	 0.0250 	 -0.0178 	 0.0593 	 0.1711 	 0.0047 	 -0.1748 	 0.1705 	 -0.0588 	 -0.0820
0.6513 	 0.0267 	 -0.0177 	 0.0575 	 0.1727 	 0.0040 	 -0.1756 	 0.1419 	 -0.0727 	 -0.0840
0.6613 	 0.0285 	 -0.0177 	 0.0558 	 0.1740 	 0.0032 	 -0.1765 	 0.1173 	 -0.0837 	 -0.0914
0.6713 	 0.0302 	 -0.0177 	 0.0540 	 0.1750 	 0.0023 	 -0.1775 	 0.0965 	 -0.0922 	 -0.1018
0.6814 	 0.0320 	 -0.0177 	 0.0522 	 0.1759 	 0.0014 	 -0.1786 	 0.0788 	 -0.0975 	 -0.1136
0.6914 	 0.0337 	 -0.0176 	 0.0504 	 0.1766 	 0.0004 	 -0.1798 	 0.0646 	 -0.1028 	 -0.1320
0.7014 	 0.0355 	 -0.0176 	 0.0486 	 0.1772 	 -0.0007 	 -0.1812 	 0.0510 	 -0.1068 	 -0.1441
0.7114 	 0.0373 	 -0.0177 	 0.0468 	 0.1777 	 -0.0018 	 -0.1827 	 0.0387 	 -0.1100 	 -0.1564
0.7214 	 0.0391 	 -0.0177 	 0.0449 	 0.1780 	 -0.0029 	 -0.1843 	 0.0274 	 -0.1126 	 -0.1689
0.7315 	 0.0409 	 -0.0177 	 0.0431 	 0.1782 	 -0.0040 	 -0.1860 	 0.0167 	 -0.1148 	 -0.1816
0.7415 	 0.0426 	 -0.0178 	 0.0412 	 0.1783 	 -0.0052 	 -0.1879 	 0.0065 	 -0.1167 	 -0.1945
0.7515 	 0.0444 	 -0.0178 	 0.0393 	 0.1784 	 -0.0063 	 -0.1900 	 0.0012 	 -0.1146 	 -0.2144
0.7615 	 0.0462 	 -0.0179 	 0.0374 	 0.1783 	 -0.0075 	 -0.1922 	 -0.0093 	 -0.1167 	 -0.2269
0.7715 	 0.0480 	 -0.0180 	 0.0355 	 0.1782 	 -0.0087 	 -0.1945 	 -0.0198 	 -0.1189 	 -0.2396
0.7816 	 0.0498 	 -0.0181 	 0.0335 	 0.1779 	 -0.0099 	 -0.1970 	 -0.0305 	 -0.1212 	 -0.2524
0.7916 	 0.0516 	 -0.0182 	 0.0315 	 0.1776 	 -0.0111 	 -0.1996 	 -0.0414 	 -0.1237 	 -0.2655
0.8016 	 0.0533 	 -0.0183 	 0.0295 	 0.1772 	 -0.0124 	 -0.2023 	 -0.0482 	 -0.1284 	 -0.2821
0.8116 	 0.0551 	 -0.0184 	 0.0275 	 0.1766 	 -0.0137 	 -0.2053 	 -0.0559 	 -0.1335 	 -0.3045
0.8216 	 0.0569 	 -0.0186 	 0.0254 	 0.1760 	 -0.0150 	 -0.2084 	 -0.0692 	 -0.1356 	 -0.3165
0.8317 	 0.0586 	 -0.0187 	 0.0233 	 0.1753 	 -0.0164 	 -0.2116 	 -0.0829 	 -0.1377 	 -0.3290
0.8417 	 0.0604 	 -0.0189 	 0.0211 	 0.1744 	 -0.0178 	 -0.2150 	 -0.0971 	 -0.1397 	 -0.3421
0.8517 	 0.0621 	 -0.0191 	 0.0190 	 0.1733 	 -0.0192 	 -0.2185 	 -0.1105 	 -0.1409 	 -0.3622
0.8617 	 0.0639 	 -0.0193 	 0.0168 	 0.1721 	 -0.0206 	 -0.2222 	 -0.1259 	 -0.1426 	 -0.3765
0.8717 	 0.0656 	 -0.0195 	 0.0145 	 0.1708 	 -0.0220 	 -0.2260 	 -0.1418 	 -0.1437 	 -0.3922
0.8818 	 0.0673 	 -0.0197 	 0.0122 	 0.1693 	 -0.0235 	 -0.2301 	 -0.1550 	 -0.1449 	 -0.4152
0.8918 	 0.0690 	 -0.0200 	 0.0099 	 0.1677 	 -0.0249 	 -0.2343 	 -0.1713 	 -0.1440 	 -0.4342
0.9018 	 0.0706 	 -0.0202 	 0.0075 	 0.1659 	 -0.0264 	 -0.2388 	 -0.1866 	 -0.1418 	 -0.4557
0.9118 	 0.0723 	 -0.0205 	 0.0051 	 0.1639 	 -0.0278 	 -0.2434 	 -0.1996 	 -0.1383 	 -0.4791
0.9218 	 0.0739 	 -0.0208 	 0.0026 	 0.1619 	 -0.0291 	 -0.2484 	 -0.2098 	 -0.1345 	 -0.5029
0.9319 	 0.0755 	 -0.0211 	 0.0001 	 0.1597 	 -0.0304 	 -0.2535 	 -0.2128 	 -0.1291 	 -0.5225
0.9419 	 0.0771 	 -0.0214 	 -0.0024 	 0.1576 	 -0.0317 	 -0.2589 	 -0.2208 	 -0.1269 	 -0.5437
0.9519 	 0.0787 	 -0.0217 	 -0.0051 	 0.1553 	 -0.0330 	 -0.2644 	 -0.2290 	 -0.1255 	 -0.5638
0.9619 	 0.0802 	 -0.0220 	 -0.0077 	 0.1530 	 -0.0342 	 -0.2702 	 -0.2377 	 -0.1247 	 -0.5837
0.9719 	 0.0818 	 -0.0224 	 -0.0105 	 0.1505 	 -0.0355 	 -0.2761 	 -0.2464 	 -0.1244 	 -0.6037
0.9820 	 0.0833 	 -0.0228 	 -0.0133 	 0.1480 	 -0.0367 	 -0.2823 	 -0.2547 	 -0.1246 	 -0.6240
0.9920 	 0.0847 	 -0.0231 	 -0.0161 	 0.1454 	 -0.0380 	 -0.2886 	 -0.2622 	 -0.1258 	 -0.6504
1.0020 	 0.0862 	 -0.0235 	 -0.0191 	 0.1428 	 -0.0393 	 -0.2952 	 -0.2682 	 -0.1277 	 -0.6692
1.0120 	 0.0876 	 -0.0239 	 -0.0220 	 0.1401 	 -0.0406 	 -0.3020 	 -0.2726 	 -0.1310 	 -0.6867
1.0220 	 0.0890 	 -0.0243 	 -0.0251 	 0.1373 	 -0.0419 	 -0.3090 	 -0.2755 	 -0.1360 	 -0.7016
1.0321 	 0.0903 	 -0.0248 	 -0.0282 	 0.1346 	 -0.0433 	 -0.3161 	 -0.2772 	 -0.1434 	 -0.7128
1.0421 	 0.0917 	 -0.0252 	 -0.0314 	 0.1318 	 -0.0448 	 -0.3232 	 -0.2744 	 -0.1495 	 -0.7166
1.0521 	 0.0930 	 -0.0256 	 -0.0347 	 0.1290 	 -0.0463 	 -0.3304 	 -0.2763 	 -0.1659 	 -0.7131
1.0621 	 0.0943 	 -0.0261 	 -0.0381 	 0.1262 	 -0.0481 	 -0.3375 	 -0.2803 	 -0.1892 	 -0.6924
1.0721 	 0.0955 	 -0.0266 	 -0.0415 	 0.1234 	 -0.0501 	 -0.3442 	 -0.2844 	 -0.2118 	 -0.6406
1.0822 	 0.0967 	 -0.0271 	 -0.0450 	 0.1206 	 -0.0523 	 -0.3503 	 -0.2816 	 -0.2159 	 -0.5761
1.0922 	 0.0979 	 -0.0277 	 -0.0485 	 0.1178 	 -0.0544 	 -0.3558 	 -0.2787 	 -0.2095 	 -0.5210
1.1022 	 0.0991 	 -0.0282 	 -0.0521 	 0.1150 	 -0.0565 	 -0.3607 	 -0.2781 	 -0.1972 	 -0.4698
1.1122 	 0.1002 	 -0.0288 	 -0.0557 	 0.1122 	 -0.0584 	 -0.3652 	 -0.2796 	 -0.1790 	 -0.4221
1.1222 	 0.1013 	 -0.0294 	 -0.0594 	 0.1093 	 -0.0600 	 -0.3693 	 -0.2855 	 -0.1567 	 -0.3844
1.1323 	 0.1024 	 -0.0300 	 -0.0631 	 0.1064 	 -0.0615 	 -0.3729 	 -0.2970 	 -0.1300 	 -0.3415
1.1423 	 0.1035 	 -0.0306 	 -0.0669 	 0.1034 	 -0.0626 	 -0.3761 	 -0.3138 	 -0.1008 	 -0.2875
1.1523 	 0.1045 	 -0.0312 	 -0.0706 	 0.1002 	 -0.0636 	 -0.3786 	 -0.3262 	 -0.0916 	 -0.2318
1.1623 	 0.1055 	 -0.0319 	 -0.0745 	 0.0969 	 -0.0645 	 -0.3808 	 -0.3341 	 -0.0841 	 -0.1949
1.1723 	 0.1064 	 -0.0325 	 -0.0783 	 0.0935 	 -0.0653 	 -0.3826 	 -0.3370 	 -0.0736 	 -0.1634
1.1824 	 0.1074 	 -0.0332 	 -0.0821 	 0.0901 	 -0.0659 	 -0.3840 	 -0.3359 	 -0.0622 	 -0.1329
1.1924 	 0.1082 	 -0.0339 	 -0.0860 	 0.0868 	 -0.0665 	 -0.3852 	 -0.3344 	 -0.0504 	 -0.0989
1.2024 	 0.1091 	 -0.0345 	 -0.0898 	 0.0834 	 -0.0670 	 -0.3860 	 -0.3375 	 -0.0368 	 -0.0605
1.2124 	 0.1099 	 -0.0352 	 -0.0937 	 0.0800 	 -0.0672 	 -0.3864 	 -0.3465 	 -0.0191 	 -0.0222
1.2224 	 0.1107 	 -0.0359 	 -0.0976 	 0.0764 	 -0.0673 	 -0.3865 	 -0.3578 	 0.0031 	 0.0096
1.2325 	 0.1114 	 -0.0366 	 -0.1014 	 0.0728 	 -0.0672 	 -0.3863 	 -0.3654 	 0.0267 	 0.0341
1.2425 	 0.1122 	 -0.0372 	 -0.1053 	 0.0691 	 -0.0668 	 -0.3858 	 -0.3664 	 0.0495 	 0.0547
1.2525 	 0.1128 	 -0.0379 	 -0.1092 	 0.0655 	 -0.0662 	 -0.3852 	 -0.3608 	 0.0644 	 0.0734
1.2625 	 0.1135 	 -0.0385 	 -0.1130 	 0.0619 	 -0.0655 	 -0.3843 	 -0.3533 	 0.0824 	 0.0994
1.2725 	 0.1141 	 -0.0392 	 -0.1169 	 0.0584 	 -0.0646 	 -0.3832 	 -0.3431 	 0.0961 	 0.1179
1.2826 	 0.1146 	 -0.0398 	 -0.1207 	 0.0550 	 -0.0636 	 -0.3819 	 -0.3328 	 0.1067 	 0.1282
1.2926 	 0.1152 	 -0.0405 	 -0.1245 	 0.0518 	 -0.0625 	 -0.3806 	 -0.3214 	 0.1149 	 0.1434
1.3026 	 0.1157 	 -0.0411 	 -0.1283 	 0.0486 	 -0.0613 	 -0.3791 	 -0.3102 	 0.1217 	 0.1499
1.3126 	 0.1162 	 -0.0417 	 -0.1321 	 0.0455 	 -0.0600 	 -0.3775 	 -0.2989 	 0.1277 	 0.1614
1.3226 	 0.1166 	 -0.0423 	 -0.1359 	 0.0426 	 -0.0587 	 -0.3759 	 -0.2835 	 0.1289 	 0.1681
1.3327 	 0.1170 	 -0.0429 	 -0.1397 	 0.0398 	 -0.0574 	 -0.3741 	 -0.2731 	 0.1346 	 0.1753
1.3427 	 0.1174 	 -0.0434 	 -0.1434 	 0.0371 	 -0.0560 	 -0.3724 	 -0.2628 	 0.1397 	 0.1810
1.3527 	 0.1178 	 -0.0440 	 -0.1471 	 0.0346 	 -0.0546 	 -0.3705 	 -0.2532 	 0.1434 	 0.1879
1.3627 	 0.1181 	 -0.0445 	 -0.1508 	 0.0321 	 -0.0532 	 -0.3686 	 -0.2426 	 0.1464 	 0.2050
1.3727 	 0.1184 	 -0.0451 	 -0.1545 	 0.0297 	 -0.0517 	 -0.3664 	 -0.2191 	 0.1576 	 0.2217
1.3828 	 0.1187 	 -0.0456 	 -0.1582 	 0.0277 	 -0.0500 	 -0.3642 	 -0.1907 	 0.1696 	 0.2299
1.3928 	 0.1190 	 -0.0461 	 -0.1618 	 0.0259 	 -0.0483 	 -0.3618 	 -0.1656 	 0.1783 	 0.2309
1.4028 	 0.1192 	 -0.0465 	 -0.1654 	 0.0244 	 -0.0464 	 -0.3595 	 -0.1426 	 0.1846 	 0.2283
1.4128 	 0.1194 	 -0.0470 	 -0.1690 	 0.0230 	 -0.0446 	 -0.3573 	 -0.1220 	 0.1901 	 0.2166
1.4228 	 0.1197 	 -0.0474 	 -0.1726 	 0.0219 	 -0.0426 	 -0.3552 	 -0.1023 	 0.1931 	 0.2075
1.4329 	 0.1199 	 -0.0479 	 -0.1761 	 0.0210 	 -0.0407 	 -0.3532 	 -0.0854 	 0.1943 	 0.1950
1.4429 	 0.1201 	 -0.0482 	 -0.1797 	 0.0202 	 -0.0388 	 -0.3513 	 -0.0716 	 0.1941 	 0.1810
1.4529 	 0.1203 	 -0.0486 	 -0.1832 	 0.0195 	 -0.0368 	 -0.3496 	 -0.0603 	 0.1932 	 0.1674
1.4629 	 0.1205 	 -0.0490 	 -0.1867 	 0.0190 	 -0.0349 	 -0.3479 	 -0.0496 	 0.1928 	 0.1559
1.4729 	 0.1207 	 -0.0493 	 -0.1901 	 0.0186 	 -0.0329 	 -0.3464 	 -0.0287 	 0.1972 	 0.1557
1.4830 	 0.1209 	 -0.0496 	 -0.1936 	 0.0183 	 -0.0310 	 -0.3446 	 -0.0308 	 0.1921 	 0.1972
1.4930 	 0.1210 	 -0.0499 	 -0.1970 	 0.0180 	 -0.0291 	 -0.3426 	 -0.0355 	 0.1865 	 0.1961
1.5030 	 0.1212 	 -0.0502 	 -0.2005 	 0.0176 	 -0.0272 	 -0.3406 	 -0.0365 	 0.1827 	 0.1942
1.5130 	 0.1214 	 -0.0505 	 -0.2039 	 0.0173 	 -0.0254 	 -0.3387 	 -0.0371 	 0.1792 	 0.1940
1.5230 	 0.1216 	 -0.0507 	 -0.2073 	 0.0169 	 -0.0236 	 -0.3367 	 -0.0379 	 0.1763 	 0.1953
1.5331 	 0.1217 	 -0.0510 	 -0.2106 	 0.0165 	 -0.0219 	 -0.3348 	 -0.0399 	 0.1744 	 0.1919
1.5431 	 0.1219 	 -0.0512 	 -0.2140 	 0.0161 	 -0.0201 	 -0.3328 	 -0.0409 	 0.1733 	 0.1962
1.5531 	 0.1220 	 -0.0514 	 -0.2173 	 0.0157 	 -0.0184 	 -0.3309 	 -0.0421 	 0.1731 	 0.2004
1.5631 	 0.1222 	 -0.0515 	 -0.2206 	 0.0152 	 -0.0167 	 -0.3288 	 -0.0451 	 0.1735 	 0.1984
1.5731 	 0.1224 	 -0.0517 	 -0.2239 	 0.0148 	 -0.0149 	 -0.3268 	 -0.0466 	 0.1747 	 0.2027
1.5832 	 0.1225 	 -0.0518 	 -0.2271 	 0.0143 	 -0.0132 	 -0.3248 	 -0.0485 	 0.1761 	 0.2068
1.5932 	 0.1226 	 -0.0520 	 -0.2304 	 0.0138 	 -0.0114 	 -0.3227 	 -0.0507 	 0.1780 	 0.2108
1.6032 	 0.1228 	 -0.0521 	 -0.2336 	 0.0133 	 -0.0096 	 -0.3205 	 -0.0532 	 0.1804 	 0.2151
1.6132 	 0.1229 	 -0.0522 	 -0.2368 	 0.0127 	 -0.0078 	 -0.3184 	 -0.0560 	 0.1839 	 0.2203
1.6232 	 0.1230 	 -0.0522 	 -0.2400 	 0.0122 	 -0.0059 	 -0.3162 	 -0.0600 	 0.1905 	 0.2219
1.6333 	 0.1232 	 -0.0523 	 -0.2431 	 0.0115 	 -0.0039 	 -0.3139 	 -0.0631 	 0.1981 	 0.2343
1.6433 	 0.1233 	 -0.0523 	 -0.2463 	 0.0109 	 -0.0019 	 -0.3115 	 -0.0607 	 0.2045 	 0.2498
1.6533 	 0.1234 	 -0.0523 	 -0.2494 	 0.0104 	 0.0001 	 -0.3089 	 -0.0556 	 0.2056 	 0.2682
1.6633 	 0.1235 	 -0.0523 	 -0.2525 	 0.0098 	 0.0022 	 -0.3062 	 -0.0513 	 0.2024 	 0.2699
1.6733 	 0.1236 	 -0.0523 	 -0.2555 	 0.0093 	 0.0042 	 -0.3036 	 -0.0436 	 0.1928 	 0.2635
1.6834 	 0.1237 	 -0.0522 	 -0.2586 	 0.0089 	 0.0061 	 -0.3009 	 -0.0427 	 0.1925 	 0.2683
1.6934 	 0.1237 	 -0.0521 	 -0.2616 	 0.0085 	 0.0080 	 -0.2982 	 -0.0421 	 0.1938 	 0.2726
1.7034 	 0.1238 	 -0.0521 	 -0.2645 	 0.0081 	 0.0100 	 -0.2954 	 -0.0417 	 0.1964 	 0.2771
1.7134 	 0.1239 	 -0.0519 	 -0.2675 	 0.0077 	 0.0120 	 -0.2926 	 -0.0412 	 0.1997 	 0.2820
1.7234 	 0.1240 	 -0.0518 	 -0.2704 	 0.0072 	 0.0140 	 -0.2898 	 -0.0443 	 0.1994 	 0.2790
1.7335 	 0.1241 	 -0.0517 	 -0.2733 	 0.0068 	 0.0160 	 -0.2870 	 -0.0402 	 0.2077 	 0.2824
1.7435 	 0.1241 	 -0.0515 	 -0.2761 	 0.0064 	 0.0181 	 -0.2842 	 -0.0386 	 0.2086 	 0.2909
1.7535 	 0.1242 	 -0.0513 	 -0.2790 	 0.0060 	 0.0202 	 -0.2812 	 -0.0433 	 0.2006 	 0.3014
1.7635 	 0.1242 	 -0.0511 	 -0.2818 	 0.0056 	 0.0221 	 -0.2782 	 -0.0486 	 0.1949 	 0.3075
1.7735 	 0.1243 	 -0.0509 	 -0.2846 	 0.0050 	 0.0241 	 -0.2751 	 -0.0545 	 0.1865 	 0.3053
1.7836 	 0.1243 	 -0.0506 	 -0.2873 	 0.0045 	 0.0259 	 -0.2720 	 -0.0561 	 0.1763 	 0.2993
1.7936 	 0.1244 	 -0.0503 	 -0.2900 	 0.0039 	 0.0276 	 -0.2691 	 -0.0555 	 0.1659 	 0.2957
1.8036 	 0.1244 	 -0.0501 	 -0.2927 	 0.0034 	 0.0292 	 -0.2661 	 -0.0557 	 0.1560 	 0.2950
1.8136 	 0.1245 	 -0.0498 	 -0.2953 	 0.0028 	 0.0307 	 -0.2632 	 -0.0574 	 0.1468 	 0.2961
1.8236 	 0.1245 	 -0.0494 	 -0.2980 	 0.0022 	 0.0322 	 -0.2602 	 -0.0557 	 0.1424 	 0.2974
1.8337 	 0.1245 	 -0.0491 	 -0.3006 	 0.0017 	 0.0335 	 -0.2572 	 -0.0597 	 0.1340 	 0.2941
1.8437 	 0.1245 	 -0.0488 	 -0.3031 	 0.0010 	 0.0348 	 -0.2542 	 -0.0643 	 0.1257 	 0.2981
1.8537 	 0.1245 	 -0.0484 	 -0.3056 	 0.0004 	 0.0361 	 -0.2512 	 -0.0695 	 0.1172 	 0.3040
1.8637 	 0.1245 	 -0.0481 	 -0.3081 	 -0.0004 	 0.0372 	 -0.2481 	 -0.0749 	 0.1081 	 0.3120
1.8737 	 0.1245 	 -0.0477 	 -0.3106 	 -0.0011 	 0.0382 	 -0.2450 	 -0.0802 	 0.0983 	 0.3221
1.8838 	 0.1245 	 -0.0473 	 -0.3131 	 -0.0020 	 0.0392 	 -0.2417 	 -0.0847 	 0.0874 	 0.3338
1.8938 	 0.1245 	 -0.0469 	 -0.3155 	 -0.0029 	 0.0400 	 -0.2383 	 -0.0915 	 0.0755 	 0.3415
1.9038 	 0.1244 	 -0.0465 	 -0.3178 	 -0.0038 	 0.0407 	 -0.2348 	 -0.0943 	 0.0625 	 0.3546
1.9138 	 0.1244 	 -0.0461 	 -0.3202 	 -0.0048 	 0.0412 	 -0.2312 	 -0.0973 	 0.0489 	 0.3672
1.9238 	 0.1243 	 -0.0457 	 -0.3225 	 -0.0057 	 0.0416 	 -0.2275 	 -0.1008 	 0.0350 	 0.3793
1.9339 	 0.1243 	 -0.0452 	 -0.3247 	 -0.0068 	 0.0419 	 -0.2236 	 -0.1051 	 0.0209 	 0.3908
1.9439 	 0.1242 	 -0.0448 	 -0.3269 	 -0.0079 	 0.0421 	 -0.2197 	 -0.1113 	 0.0057 	 0.3967
1.9539 	 0.1241 	 -0.0444 	 -0.3291 	 -0.0090 	 0.0420 	 -0.2156 	 -0.1175 	 -0.0088 	 0.4082
1.9639 	 0.1240 	 -0.0440 	 -0.3313 	 -0.0102 	 0.0419 	 -0.2115 	 -0.1255 	 -0.0244 	 0.4183
1.9739 	 0.1239 	 -0.0436 	 -0.3334 	 -0.0115 	 0.0415 	 -0.2073 	 -0.1372 	 -0.0425 	 0.4264
1.9840 	 0.1238 	 -0.0432 	 -0.3354 	 -0.0130 	 0.0410 	 -0.2030 	 -0.1578 	 -0.0656 	 0.4342
1.9940 	 0.1237 	 -0.0427 	 -0.3374 	 -0.0147 	 0.0402 	 -0.1985 	 -0.1817 	 -0.0828 	 0.4500
2.0040 	 0.1235 	 -0.0423 	 -0.3394 	 -0.0166 	 0.0393 	 -0.1939 	 -0.2016 	 -0.0987 	 0.4623
2.0140 	 0.1233 	 -0.0420 	 -0.3413 	 -0.0188 	 0.0383 	 -0.1893 	 -0.2185 	 -0.1110 	 0.4676
2.0240 	 0.1231 	 -0.0416 	 -0.3432 	 -0.0210 	 0.0371 	 -0.1845 	 -0.2323 	 -0.1225 	 0.4740
2.0341 	 0.1229 	 -0.0412 	 -0.3450 	 -0.0234 	 0.0358 	 -0.1798 	 -0.2438 	 -0.1333 	 0.4777
2.0441 	 0.1226 	 -0.0409 	 -0.3468 	 -0.0259 	 0.0344 	 -0.1750 	 -0.2534 	 -0.1433 	 0.4802
2.0541 	 0.1224 	 -0.0405 	 -0.3485 	 -0.0285 	 0.0330 	 -0.1701 	 -0.2617 	 -0.1527 	 0.4823
2.0641 	 0.1221 	 -0.0402 	 -0.3502 	 -0.0311 	 0.0314 	 -0.1653 	 -0.2690 	 -0.1618 	 0.4844
2.0741 	 0.1218 	 -0.0399 	 -0.3518 	 -0.0339 	 0.0297 	 -0.1604 	 -0.2758 	 -0.1708 	 0.4868
2.0842 	 0.1214 	 -0.0396 	 -0.3534 	 -0.0367 	 0.0280 	 -0.1555 	 -0.2779 	 -0.1833 	 0.4858
2.0942 	 0.1210 	 -0.0393 	 -0.3549 	 -0.0395 	 0.0260 	 -0.1507 	 -0.2870 	 -0.2010 	 0.4838
2.1042 	 0.1206 	 -0.0391 	 -0.3564 	 -0.0424 	 0.0240 	 -0.1458 	 -0.2882 	 -0.2080 	 0.4895
2.1142 	 0.1202 	 -0.0389 	 -0.3579 	 -0.0453 	 0.0218 	 -0.1409 	 -0.2933 	 -0.2187 	 0.4936
2.1242 	 0.1197 	 -0.0386 	 -0.3593 	 -0.0483 	 0.0196 	 -0.1359 	 -0.3017 	 -0.2290 	 0.4973
2.1343 	 0.1192 	 -0.0385 	 -0.3606 	 -0.0513 	 0.0172 	 -0.1309 	 -0.3081 	 -0.2406 	 0.5022
2.1443 	 0.1187 	 -0.0383 	 -0.3619 	 -0.0544 	 0.0148 	 -0.1258 	 -0.3157 	 -0.2525 	 0.5088
2.1543 	 0.1181 	 -0.0382 	 -0.3631 	 -0.0577 	 0.0122 	 -0.1207 	 -0.3249 	 -0.2647 	 0.5182
2.1643 	 0.1175 	 -0.0381 	 -0.3643 	 -0.0610 	 0.0095 	 -0.1154 	 -0.3365 	 -0.2757 	 0.5318
2.1743 	 0.1169 	 -0.0380 	 -0.3654 	 -0.0644 	 0.0067 	 -0.1100 	 -0.3494 	 -0.2819 	 0.5479
2.1844 	 0.1162 	 -0.0379 	 -0.3665 	 -0.0680 	 0.0038 	 -0.1044 	 -0.3613 	 -0.2833 	 0.5620
2.1944 	 0.1155 	 -0.0379 	 -0.3675 	 -0.0716 	 0.0010 	 -0.0988 	 -0.3714 	 -0.2833 	 0.5729
2.2044 	 0.1148 	 -0.0379 	 -0.3685 	 -0.0754 	 -0.0018 	 -0.0930 	 -0.3804 	 -0.2834 	 0.5823
2.2144 	 0.1140 	 -0.0379 	 -0.3694 	 -0.0793 	 -0.0047 	 -0.0871 	 -0.3902 	 -0.2831 	 0.5986
2.2244 	 0.1132 	 -0.0380 	 -0.3702 	 -0.0832 	 -0.0075 	 -0.0810 	 -0.3978 	 -0.2822 	 0.6127
2.2345 	 0.1123 	 -0.0381 	 -0.3710 	 -0.0872 	 -0.0103 	 -0.0748 	 -0.3997 	 -0.2813 	 0.6295
2.2445 	 0.1114 	 -0.0382 	 -0.3717 	 -0.0912 	 -0.0132 	 -0.0684 	 -0.3907 	 -0.2887 	 0.6588
2.2545 	 0.1105 	 -0.0384 	 -0.3724 	 -0.0950 	 -0.0162 	 -0.0617 	 -0.3843 	 -0.3055 	 0.6698
2.2645 	 0.1095 	 -0.0385 	 -0.3730 	 -0.0989 	 -0.0193 	 -0.0550 	 -0.3835 	 -0.3136 	 0.6777
2.2745 	 0.1085 	 -0.0387 	 -0.3735 	 -0.1027 	 -0.0225 	 -0.0482 	 -0.3855 	 -0.3205 	 0.6860
2.2846 	 0.1075 	 -0.0390 	 -0.3739 	 -0.1066 	 -0.0257 	 -0.0413 	 -0.3884 	 -0.3264 	 0.6958
2.2946 	 0.1064 	 -0.0393 	 -0.3743 	 -0.1105 	 -0.0290 	 -0.0342 	 -0.3916 	 -0.3311 	 0.7074
2.3046 	 0.1053 	 -0.0396 	 -0.3746 	 -0.1145 	 -0.0323 	 -0.0271 	 -0.3950 	 -0.3343 	 0.7201
2.3146 	 0.1041 	 -0.0399 	 -0.3748 	 -0.1184 	 -0.0357 	 -0.0198 	 -0.3985 	 -0.3331 	 0.7282
2.3246 	 0.1029 	 -0.0403 	 -0.3750 	 -0.1225 	 -0.0390 	 -0.0125 	 -0.4032 	 -0.3334 	 0.7421
2.3347 	 0.1016 	 -0.0407 	 -0.3751 	 -0.1266 	 -0.0424 	 -0.0049 	 -0.4122 	 -0.3367 	 0.7629
2.3447 	 0.1004 	 -0.0411 	 -0.3751 	 -0.1308 	 -0.0458 	 0.0028 	 -0.4227 	 -0.3347 	 0.7757
2.3547 	 0.0990 	 -0.0416 	 -0.3750 	 -0.1350 	 -0.0491 	 0.0106 	 -0.4286 	 -0.3257 	 0.7786
2.3647 	 0.0977 	 -0.0421 	 -0.3749 	 -0.1393 	 -0.0523 	 0.0184 	 -0.4340 	 -0.3191 	 0.7850
2.3747 	 0.0962 	 -0.0427 	 -0.3747 	 -0.1437 	 -0.0555 	 0.0263 	 -0.4394 	 -0.3121 	 0.7894
2.3848 	 0.0948 	 -0.0432 	 -0.3744 	 -0.1482 	 -0.0586 	 0.0342 	 -0.4503 	 -0.3074 	 0.7933
2.3948 	 0.0933 	 -0.0438 	 -0.3740 	 -0.1527 	 -0.0616 	 0.0422 	 -0.4542 	 -0.2997 	 0.7941
2.4048 	 0.0917 	 -0.0445 	 -0.3735 	 -0.1573 	 -0.0646 	 0.0501 	 -0.4578 	 -0.2919 	 0.7933
2.4148 	 0.0901 	 -0.0451 	 -0.3730 	 -0.1619 	 -0.0674 	 0.0581 	 -0.4609 	 -0.2840 	 0.7910
2.4248 	 0.0885 	 -0.0458 	 -0.3724 	 -0.1665 	 -0.0703 	 0.0660 	 -0.4635 	 -0.2758 	 0.7869
2.4349 	 0.0868 	 -0.0465 	 -0.3716 	 -0.1711 	 -0.0730 	 0.0738 	 -0.4655 	 -0.2671 	 0.7808
2.4449 	 0.0850 	 -0.0473 	 -0.3709 	 -0.1758 	 -0.0756 	 0.0816 	 -0.4669 	 -0.2580 	 0.7725
2.4549 	 0.0833 	 -0.0480 	 -0.3700 	 -0.1805 	 -0.0781 	 0.0893 	 -0.4675 	 -0.2477 	 0.7620
2.4649 	 0.0814 	 -0.0488 	 -0.3691 	 -0.1852 	 -0.0806 	 0.0968 	 -0.4668 	 -0.2375 	 0.7477
2.4749 	 0.0795 	 -0.0497 	 -0.3681 	 -0.1898 	 -0.0829 	 0.1042 	 -0.4644 	 -0.2270 	 0.7296
2.4850 	 0.0776 	 -0.0505 	 -0.3670 	 -0.1945 	 -0.0851 	 0.1114 	 -0.4590 	 -0.2168 	 0.7073
2.4950 	 0.0756 	 -0.0514 	 -0.3658 	 -0.1990 	 -0.0872 	 0.1184 	 -0.4509 	 -0.2053 	 0.6754
2.5050 	 0.0736 	 -0.0522 	 -0.3646 	 -0.2035 	 -0.0892 	 0.1250 	 -0.4367 	 -0.1973 	 0.6490
2.5150 	 0.0716 	 -0.0532 	 -0.3633 	 -0.2078 	 -0.0912 	 0.1314 	 -0.4190 	 -0.1902 	 0.6244
2.5251 	 0.0695 	 -0.0541 	 -0.3620 	 -0.2119 	 -0.0931 	 0.1375 	 -0.4054 	 -0.1933 	 0.5987
2.5351 	 0.0673 	 -0.0550 	 -0.3606 	 -0.2159 	 -0.0950 	 0.1434 	 -0.3841 	 -0.1864 	 0.5774
2.5451 	 0.0651 	 -0.0560 	 -0.3591 	 -0.2196 	 -0.0968 	 0.1491 	 -0.3607 	 -0.1789 	 0.5570
2.5551 	 0.0629 	 -0.0570 	 -0.3576 	 -0.2231 	 -0.0986 	 0.1546 	 -0.3351 	 -0.1707 	 0.5373
2.5651 	 0.0607 	 -0.0580 	 -0.3560 	 -0.2263 	 -0.1003 	 0.1598 	 -0.3067 	 -0.1620 	 0.5178
2.5752 	 0.0584 	 -0.0590 	 -0.3544 	 -0.2292 	 -0.1018 	 0.1649 	 -0.2728 	 -0.1491 	 0.4993
2.5852 	 0.0561 	 -0.0600 	 -0.3527 	 -0.2318 	 -0.1032 	 0.1700 	 -0.2412 	 -0.1414 	 0.4928
2.5952 	 0.0537 	 -0.0610 	 -0.3510 	 -0.2341 	 -0.1047 	 0.1748 	 -0.2117 	 -0.1401 	 0.4789
2.6052 	 0.0514 	 -0.0621 	 -0.3492 	 -0.2361 	 -0.1060 	 0.1795 	 -0.1808 	 -0.1346 	 0.4621
2.6152 	 0.0490 	 -0.0632 	 -0.3474 	 -0.2377 	 -0.1073 	 0.1841 	 -0.1475 	 -0.1265 	 0.4528
2.6253 	 0.0466 	 -0.0642 	 -0.3455 	 -0.2390 	 -0.1086 	 0.1886 	 -0.1148 	 -0.1157 	 0.4445
2.6353 	 0.0442 	 -0.0653 	 -0.3436 	 -0.2400 	 -0.1097 	 0.1930 	 -0.0821 	 -0.1015 	 0.4369
2.6453 	 0.0418 	 -0.0664 	 -0.3417 	 -0.2407 	 -0.1106 	 0.1974 	 -0.0487 	 -0.0809 	 0.4295
2.6553 	 0.0394 	 -0.0675 	 -0.3397 	 -0.2410 	 -0.1112 	 0.2016 	 -0.0109 	 -0.0515 	 0.4169
2.6653 	 0.0370 	 -0.0687 	 -0.3376 	 -0.2408 	 -0.1115 	 0.2057 	 0.0522 	 -0.0116 	 0.4048
2.6754 	 0.0346 	 -0.0698 	 -0.3355 	 -0.2399 	 -0.1115 	 0.2097 	 0.1284 	 0.0160 	 0.3876
2.6854 	 0.0322 	 -0.0709 	 -0.3334 	 -0.2382 	 -0.1112 	 0.2135 	 0.2078 	 0.0600 	 0.3819
2.6954 	 0.0298 	 -0.0720 	 -0.3313 	 -0.2358 	 -0.1104 	 0.2172 	 0.2672 	 0.0940 	 0.3554
2.7054 	 0.0275 	 -0.0731 	 -0.3291 	 -0.2329 	 -0.1093 	 0.2206 	 0.3094 	 0.1128 	 0.3306
2.7154 	 0.0252 	 -0.0742 	 -0.3268 	 -0.2296 	 -0.1081 	 0.2238 	 0.3411 	 0.1257 	 0.3092
2.7255 	 0.0229 	 -0.0753 	 -0.3246 	 -0.2261 	 -0.1068 	 0.2268 	 0.3678 	 0.1367 	 0.2908
2.7355 	 0.0206 	 -0.0763 	 -0.3223 	 -0.2223 	 -0.1054 	 0.2297 	 0.3918 	 0.1470 	 0.2741
2.7455 	 0.0184 	 -0.0774 	 -0.3200 	 -0.2182 	 -0.1039 	 0.2323 	 0.4141 	 0.1571 	 0.2583
2.7555 	 0.0163 	 -0.0784 	 -0.3176 	 -0.2140 	 -0.1022 	 0.2348 	 0.4350 	 0.1673 	 0.2427
2.7655 	 0.0141 	 -0.0794 	 -0.3153 	 -0.2095 	 -0.1005 	 0.2372 	 0.4497 	 0.1815 	 0.2303
2.7756 	 0.0121 	 -0.0804 	 -0.3129 	 -0.2049 	 -0.0986 	 0.2394 	 0.4680 	 0.1925 	 0.2149
2.7856 	 0.0100 	 -0.0814 	 -0.3105 	 -0.2002 	 -0.0967 	 0.2415 	 0.4842 	 0.1981 	 0.2067
2.7956 	 0.0080 	 -0.0824 	 -0.3081 	 -0.1952 	 -0.0946 	 0.2435 	 0.5029 	 0.2128 	 0.1873
2.8056 	 0.0061 	 -0.0833 	 -0.3056 	 -0.1901 	 -0.0924 	 0.2453 	 0.5234 	 0.2288 	 0.1638
2.8156 	 0.0042 	 -0.0842 	 -0.3031 	 -0.1847 	 -0.0900 	 0.2468 	 0.5407 	 0.2410 	 0.1307
2.8257 	 0.0024 	 -0.0851 	 -0.3007 	 -0.1792 	 -0.0876 	 0.2480 	 0.5630 	 0.2476 	 0.1055
2.8357 	 0.0007 	 -0.0860 	 -0.2982 	 -0.1735 	 -0.0851 	 0.2489 	 0.5790 	 0.2488 	 0.0803
2.8457 	 -0.0011 	 -0.0868 	 -0.2957 	 -0.1676 	 -0.0826 	 0.2496 	 0.5922 	 0.2508 	 0.0591
2.8557 	 -0.0027 	 -0.0876 	 -0.2932 	 -0.1616 	 -0.0801 	 0.2501 	 0.6034 	 0.2541 	 0.0391
2.8657 	 -0.0043 	 -0.0884 	 -0.2907 	 -0.1555 	 -0.0775 	 0.2504 	 0.6115 	 0.2581 	 0.0172
2.8758 	 -0.0058 	 -0.0892 	 -0.2882 	 -0.1494 	 -0.0749 	 0.2504 	 0.6188 	 0.2654 	 -0.0092
2.8858 	 -0.0073 	 -0.0899 	 -0.2856 	 -0.1431 	 -0.0722 	 0.2501 	 0.6332 	 0.2676 	 -0.0494
2.8958 	 -0.0087 	 -0.0906 	 -0.2831 	 -0.1367 	 -0.0695 	 0.2495 	 0.6559 	 0.2726 	 -0.0727
2.9058 	 -0.0100 	 -0.0913 	 -0.2806 	 -0.1300 	 -0.0668 	 0.2486 	 0.6734 	 0.2775 	 -0.0941
2.9158 	 -0.0113 	 -0.0920 	 -0.2782 	 -0.1232 	 -0.0640 	 0.2476 	 0.6877 	 0.2822 	 -0.1115
2.9259 	 -0.0125 	 -0.0926 	 -0.2757 	 -0.1162 	 -0.0611 	 0.2464 	 0.7000 	 0.2865 	 -0.1263
2.9359 	 -0.0136 	 -0.0932 	 -0.2732 	 -0.1091 	 -0.0582 	 0.2451 	 0.7111 	 0.2900 	 -0.1395
2.9459 	 -0.0147 	 -0.0938 	 -0.2708 	 -0.1020 	 -0.0553 	 0.2436 	 0.7216 	 0.2928 	 -0.1514
2.9559 	 -0.0157 	 -0.0943 	 -0.2683 	 -0.0947 	 -0.0523 	 0.2420 	 0.7315 	 0.2948 	 -0.1628
2.9659 	 -0.0166 	 -0.0948 	 -0.2659 	 -0.0873 	 -0.0493 	 0.2404 	 0.7439 	 0.3010 	 -0.1746
2.9760 	 -0.0174 	 -0.0953 	 -0.2635 	 -0.0798 	 -0.0463 	 0.2386 	 0.7461 	 0.3002 	 -0.1804
2.9860 	 -0.0182 	 -0.0957 	 -0.2611 	 -0.0723 	 -0.0433 	 0.2366 	 0.7559 	 0.3017 	 -0.1982
2.9960 	 -0.0189 	 -0.0962 	 -0.2588 	 -0.0647 	 -0.0403 	 0.2346 	 0.7538 	 0.2947 	 -0.2068
3.0060 	 -0.0195 	 -0.0965 	 -0.2564 	 -0.0572 	 -0.0374 	 0.2325 	 0.7583 	 0.2971 	 -0.2177
3.0160 	 -0.0200 	 -0.0969 	 -0.2541 	 -0.0495 	 -0.0344 	 0.2302 	 0.7622 	 0.3011 	 -0.2284
3.0261 	 -0.0205 	 -0.0972 	 -0.2518 	 -0.0419 	 -0.0314 	 0.2279 	 0.7651 	 0.3056 	 -0.2390
3.0361 	 -0.0208 	 -0.0975 	 -0.2496 	 -0.0342 	 -0.0283 	 0.2255 	 0.7684 	 0.3037 	 -0.2513
3.0461 	 -0.0212 	 -0.0978 	 -0.2473 	 -0.0265 	 -0.0252 	 0.2229 	 0.7710 	 0.3067 	 -0.2638
3.0561 	 -0.0214 	 -0.0980 	 -0.2451 	 -0.0187 	 -0.0221 	 0.2202 	 0.7740 	 0.3095 	 -0.2777
3.0661 	 -0.0215 	 -0.0982 	 -0.2429 	 -0.0110 	 -0.0190 	 0.2173 	 0.7776 	 0.3126 	 -0.2932
3.0762 	 -0.0216 	 -0.0984 	 -0.2407 	 -0.0032 	 -0.0159 	 0.2143 	 0.7816 	 0.3166 	 -0.3101
3.0862 	 -0.0216 	 -0.0986 	 -0.2386 	 0.0047 	 -0.0127 	 0.2111 	 0.7847 	 0.3225 	 -0.3283
3.0962 	 -0.0215 	 -0.0987 	 -0.2365 	 0.0126 	 -0.0094 	 0.2077 	 0.7853 	 0.3297 	 -0.3466
3.1062 	 -0.0213 	 -0.0987 	 -0.2345 	 0.0204 	 -0.0061 	 0.2041 	 0.7824 	 0.3362 	 -0.3636
3.1162 	 -0.0211 	 -0.0988 	 -0.2324 	 0.0282 	 -0.0027 	 0.2004 	 0.7766 	 0.3404 	 -0.3783
3.1263 	 -0.0208 	 -0.0988 	 -0.2304 	 0.0360 	 0.0008 	 0.1966 	 0.7686 	 0.3423 	 -0.3909
3.1363 	 -0.0204 	 -0.0988 	 -0.2285 	 0.0436 	 0.0042 	 0.1926 	 0.7580 	 0.3427 	 -0.4023
3.1463 	 -0.0199 	 -0.0987 	 -0.2266 	 0.0512 	 0.0076 	 0.1885 	 0.7446 	 0.3418 	 -0.4148
3.1563 	 -0.0193 	 -0.0986 	 -0.2247 	 0.0585 	 0.0110 	 0.1843 	 0.7332 	 0.3423 	 -0.4344
3.1663 	 -0.0187 	 -0.0985 	 -0.2229 	 0.0658 	 0.0145 	 0.1798 	 0.7187 	 0.3387 	 -0.4516
3.1764 	 -0.0180 	 -0.0983 	 -0.2211 	 0.0730 	 0.0178 	 0.1752 	 0.7062 	 0.3353 	 -0.4639
3.1864 	 -0.0173 	 -0.0981 	 -0.2194 	 0.0800 	 0.0212 	 0.1705 	 0.6937 	 0.3308 	 -0.4817
3.1964 	 -0.0164 	 -0.0979 	 -0.2177 	 0.0869 	 0.0245 	 0.1656 	 0.6816 	 0.3263 	 -0.4995
3.2064 	 -0.0155 	 -0.0976 	 -0.2161 	 0.0936 	 0.0277 	 0.1605 	 0.6626 	 0.3207 	 -0.5163
3.2164 	 -0.0146 	 -0.0974 	 -0.2145 	 0.1001 	 0.0309 	 0.1552 	 0.6497 	 0.3166 	 -0.5333
3.2265 	 -0.0135 	 -0.0970 	 -0.2129 	 0.1066 	 0.0340 	 0.1498 	 0.6368 	 0.3138 	 -0.5439
3.2365 	 -0.0124 	 -0.0967 	 -0.2115 	 0.1129 	 0.0372 	 0.1443 	 0.6240 	 0.3097 	 -0.5609
3.2465 	 -0.0113 	 -0.0963 	 -0.2101 	 0.1191 	 0.0402 	 0.1386 	 0.6113 	 0.3055 	 -0.5777
3.2565 	 -0.0100 	 -0.0959 	 -0.2087 	 0.1252 	 0.0433 	 0.1327 	 0.6043 	 0.2990 	 -0.5964
3.2665 	 -0.0087 	 -0.0954 	 -0.2074 	 0.1312 	 0.0463 	 0.1266 	 0.5902 	 0.2950 	 -0.6056
3.2766 	 -0.0074 	 -0.0949 	 -0.2062 	 0.1370 	 0.0492 	 0.1205 	 0.5764 	 0.2904 	 -0.6204
3.2866 	 -0.0060 	 -0.0944 	 -0.2050 	 0.1427 	 0.0521 	 0.1142 	 0.5627 	 0.2857 	 -0.6348
3.2966 	 -0.0045 	 -0.0939 	 -0.2039 	 0.1483 	 0.0549 	 0.1078 	 0.5513 	 0.2858 	 -0.6520
3.3066 	 -0.0030 	 -0.0933 	 -0.2028 	 0.1537 	 0.0578 	 0.1012 	 0.5359 	 0.2806 	 -0.6590
3.3166 	 -0.0015 	 -0.0927 	 -0.2018 	 0.1590 	 0.0605 	 0.0946 	 0.5205 	 0.2757 	 -0.6660
3.3267 	 0.0002 	 -0.0921 	 -0.2009 	 0.1642 	 0.0633 	 0.0878 	 0.5055 	 0.2702 	 -0.6795
3.3367 	 0.0018 	 -0.0915 	 -0.2001 	 0.1692 	 0.0660 	 0.0809 	 0.4902 	 0.2684 	 -0.7000
3.3467 	 0.0035 	 -0.0908 	 -0.1993 	 0.1740 	 0.0687 	 0.0738 	 0.4729 	 0.2661 	 -0.7181
3.3567 	 0.0053 	 -0.0901 	 -0.1986 	 0.1786 	 0.0713 	 0.0665 	 0.4529 	 0.2591 	 -0.7357
3.3667 	 0.0071 	 -0.0894 	 -0.1980 	 0.1830 	 0.0738 	 0.0591 	 0.4304 	 0.2502 	 -0.7561
3.3768 	 0.0090 	 -0.0886 	 -0.1974 	 0.1872 	 0.0763 	 0.0514 	 0.4049 	 0.2391 	 -0.7794
3.3868 	 0.0109 	 -0.0878 	 -0.1970 	 0.1911 	 0.0786 	 0.0434 	 0.3760 	 0.2252 	 -0.8055
3.3968 	 0.0128 	 -0.0870 	 -0.1966 	 0.1948 	 0.0808 	 0.0352 	 0.3434 	 0.2080 	 -0.8335
3.4068 	 0.0148 	 -0.0862 	 -0.1962 	 0.1980 	 0.0828 	 0.0267 	 0.3096 	 0.1868 	 -0.8685
3.4168 	 0.0168 	 -0.0854 	 -0.1960 	 0.2009 	 0.0845 	 0.0178 	 0.2716 	 0.1543 	 -0.9006
3.4269 	 0.0188 	 -0.0845 	 -0.1959 	 0.2035 	 0.0859 	 0.0087 	 0.2351 	 0.1165 	 -0.9258
3.4369 	 0.0208 	 -0.0837 	 -0.1959 	 0.2056 	 0.0868 	 -0.0007 	 0.2006 	 0.0834 	 -0.9536
3.4469 	 0.0229 	 -0.0828 	 -0.1959 	 0.2075 	 0.0875 	 -0.0104 	 0.1645 	 0.0441 	 -0.9684
3.4569 	 0.0250 	 -0.0819 	 -0.1961 	 0.2090 	 0.0877 	 -0.0201 	 0.1340 	 0.0031 	 -0.9759
3.4669 	 0.0271 	 -0.0810 	 -0.1963 	 0.2101 	 0.0876 	 -0.0298 	 0.0924 	 -0.0304 	 -0.9510
3.4770 	 0.0292 	 -0.0802 	 -0.1967 	 0.2108 	 0.0871 	 -0.0393 	 0.0481 	 -0.0528 	 -0.9464
3.4870 	 0.0313 	 -0.0793 	 -0.1971 	 0.2111 	 0.0865 	 -0.0488 	 0.0166 	 -0.0868 	 -0.9494
3.4970 	 0.0334 	 -0.0784 	 -0.1976 	 0.2112 	 0.0854 	 -0.0583 	 -0.0103 	 -0.1207 	 -0.9492
3.5070 	 0.0355 	 -0.0776 	 -0.1983 	 0.2109 	 0.0840 	 -0.0678 	 -0.0353 	 -0.1524 	 -0.9462
3.5170 	 0.0377 	 -0.0767 	 -0.1990 	 0.2105 	 0.0824 	 -0.0773 	 -0.0596 	 -0.1817 	 -0.9411
3.5271 	 0.0398 	 -0.0759 	 -0.1998 	 0.2097 	 0.0804 	 -0.0867 	 -0.0837 	 -0.2089 	 -0.9343
3.5371 	 0.0419 	 -0.0751 	 -0.2007 	 0.2088 	 0.0782 	 -0.0960 	 -0.1078 	 -0.2346 	 -0.9260
3.5471 	 0.0439 	 -0.0744 	 -0.2017 	 0.2076 	 0.0757 	 -0.1052 	 -0.1319 	 -0.2591 	 -0.9161
3.5571 	 0.0460 	 -0.0736 	 -0.2028 	 0.2061 	 0.0730 	 -0.1144 	 -0.1561 	 -0.2827 	 -0.9045
3.5671 	 0.0481 	 -0.0729 	 -0.2040 	 0.2044 	 0.0701 	 -0.1233 	 -0.1845 	 -0.3031 	 -0.8865
3.5772 	 0.0501 	 -0.0722 	 -0.2053 	 0.2024 	 0.0669 	 -0.1321 	 -0.2090 	 -0.3254 	 -0.8711
3.5872 	 0.0521 	 -0.0716 	 -0.2067 	 0.2003 	 0.0636 	 -0.1408 	 -0.2292 	 -0.3415 	 -0.8526
3.5972 	 0.0541 	 -0.0709 	 -0.2081 	 0.1978 	 0.0601 	 -0.1492 	 -0.2534 	 -0.3615 	 -0.8333
3.6072 	 0.0561 	 -0.0704 	 -0.2097 	 0.1952 	 0.0563 	 -0.1574 	 -0.2793 	 -0.3804 	 -0.8061
3.6172 	 0.0580 	 -0.0698 	 -0.2113 	 0.1923 	 0.0524 	 -0.1654 	 -0.3028 	 -0.4005 	 -0.7887
3.6273 	 0.0599 	 -0.0693 	 -0.2130 	 0.1891 	 0.0484 	 -0.1732 	 -0.3277 	 -0.4129 	 -0.7581
3.6373 	 0.0618 	 -0.0689 	 -0.2148 	 0.1857 	 0.0442 	 -0.1806 	 -0.3515 	 -0.4274 	 -0.7310
3.6473 	 0.0637 	 -0.0684 	 -0.2166 	 0.1821 	 0.0398 	 -0.1878 	 -0.3743 	 -0.4403 	 -0.7029
3.6573 	 0.0655 	 -0.0681 	 -0.2185 	 0.1782 	 0.0353 	 -0.1947 	 -0.3957 	 -0.4515 	 -0.6741
3.6673 	 0.0672 	 -0.0677 	 -0.2205 	 0.1741 	 0.0308 	 -0.2013 	 -0.4153 	 -0.4611 	 -0.6452
3.6774 	 0.0690 	 -0.0674 	 -0.2225 	 0.1699 	 0.0261 	 -0.2077 	 -0.4314 	 -0.4687 	 -0.6228
3.6874 	 0.0706 	 -0.0672 	 -0.2247 	 0.1655 	 0.0214 	 -0.2137 	 -0.4489 	 -0.4761 	 -0.5892
3.6974 	 0.0723 	 -0.0670 	 -0.2268 	 0.1609 	 0.0166 	 -0.2195 	 -0.4636 	 -0.4816 	 -0.5615
3.7074 	 0.0739 	 -0.0669 	 -0.2291 	 0.1562 	 0.0117 	 -0.2250 	 -0.4752 	 -0.4854 	 -0.5377
3.7174 	 0.0754 	 -0.0668 	 -0.2313 	 0.1514 	 0.0068 	 -0.2303 	 -0.4872 	 -0.4943 	 -0.5077
3.7275 	 0.0769 	 -0.0667 	 -0.2337 	 0.1464 	 0.0018 	 -0.2352 	 -0.4987 	 -0.4955 	 -0.4770
3.7375 	 0.0783 	 -0.0667 	 -0.2360 	 0.1414 	 -0.0031 	 -0.2398 	 -0.5081 	 -0.4957 	 -0.4469
3.7475 	 0.0797 	 -0.0668 	 -0.2385 	 0.1363 	 -0.0081 	 -0.2441 	 -0.5149 	 -0.4941 	 -0.4117
3.7575 	 0.0811 	 -0.0669 	 -0.2409 	 0.1311 	 -0.0130 	 -0.2481 	 -0.5214 	 -0.4946 	 -0.3906
3.7675 	 0.0824 	 -0.0671 	 -0.2434 	 0.1258 	 -0.0180 	 -0.2519 	 -0.5261 	 -0.4930 	 -0.3651
3.7776 	 0.0836 	 -0.0673 	 -0.2460 	 0.1206 	 -0.0229 	 -0.2554 	 -0.5280 	 -0.4873 	 -0.3466
3.7876 	 0.0848 	 -0.0675 	 -0.2486 	 0.1152 	 -0.0278 	 -0.2588 	 -0.5307 	 -0.4847 	 -0.3256
3.7976 	 0.0859 	 -0.0678 	 -0.2512 	 0.1099 	 -0.0326 	 -0.2620 	 -0.5329 	 -0.4822 	 -0.3057
3.8076 	 0.0870 	 -0.0682 	 -0.2538 	 0.1046 	 -0.0375 	 -0.2649 	 -0.5339 	 -0.4804 	 -0.2984
3.8176 	 0.0880 	 -0.0686 	 -0.2565 	 0.0992 	 -0.0423 	 -0.2678 	 -0.5350 	 -0.4779 	 -0.2778
3.8277 	 0.0890 	 -0.0690 	 -0.2592 	 0.0939 	 -0.0470 	 -0.2705 	 -0.5354 	 -0.4751 	 -0.2571
3.8377 	 0.0899 	 -0.0695 	 -0.2619 	 0.0885 	 -0.0518 	 -0.2730 	 -0.5352 	 -0.4722 	 -0.2364
3.8477 	 0.0907 	 -0.0701 	 -0.2646 	 0.0831 	 -0.0565 	 -0.2752 	 -0.5341 	 -0.4692 	 -0.2156
3.8577 	 0.0915 	 -0.0706 	 -0.2674 	 0.0778 	 -0.0612 	 -0.2773 	 -0.5254 	 -0.4684 	 -0.1947
3.8677 	 0.0923 	 -0.0713 	 -0.2702 	 0.0726 	 -0.0659 	 -0.2792 	 -0.5208 	 -0.4726 	 -0.1798
3.8778 	 0.0930 	 -0.0720 	 -0.2730 	 0.0674 	 -0.0706 	 -0.2809 	 -0.5159 	 -0.4708 	 -0.1599
3.8878 	 0.0936 	 -0.0727 	 -0.2758 	 0.0623 	 -0.0753 	 -0.2824 	 -0.5101 	 -0.4693 	 -0.1401
3.8978 	 0.0942 	 -0.0735 	 -0.2787 	 0.0572 	 -0.0800 	 -0.2837 	 -0.5033 	 -0.4676 	 -0.1204
3.9078 	 0.0948 	 -0.0743 	 -0.2815 	 0.0522 	 -0.0847 	 -0.2848 	 -0.4952 	 -0.4590 	 -0.1015
3.9178 	 0.0953 	 -0.0752 	 -0.2844 	 0.0472 	 -0.0893 	 -0.2857 	 -0.4909 	 -0.4595 	 -0.0817
3.9279 	 0.0957 	 -0.0761 	 -0.2872 	 0.0424 	 -0.0938 	 -0.2864 	 -0.4828 	 -0.4472 	 -0.0589
3.9379 	 0.0961 	 -0.0771 	 -0.2901 	 0.0376 	 -0.0982 	 -0.2869 	 -0.4769 	 -0.4427 	 -0.0407
3.9479 	 0.0965 	 -0.0781 	 -0.2930 	 0.0328 	 -0.1026 	 -0.2872 	 -0.4677 	 -0.4362 	 -0.0204
3.9579 	 0.0968 	 -0.0791 	 -0.2959 	 0.0282 	 -0.1070 	 -0.2872 	 -0.4603 	 -0.4269 	 0.0072
3.9679 	 0.0971 	 -0.0802 	 -0.2987 	 0.0236 	 -0.1112 	 -0.2870 	 -0.4525 	 -0.4157 	 0.0425
3.9780 	 0.0973 	 -0.0813 	 -0.3016 	 0.0191 	 -0.1153 	 -0.2864 	 -0.4440 	 -0.4045 	 0.0720
3.9880 	 0.0974 	 -0.0825 	 -0.3045 	 0.0147 	 -0.1193 	 -0.2855 	 -0.4348 	 -0.3922 	 0.1013
3.9980 	 0.0976 	 -0.0837 	 -0.3073 	 0.0104 	 -0.1231 	 -0.2844 	 -0.4251 	 -0.3788 	 0.1301
4.0080 	 0.0977 	 -0.0850 	 -0.3102 	 0.0062 	 -0.1269 	 -0.2829 	 -0.4093 	 -0.3618 	 0.1603
4.0180 	 0.0977 	 -0.0863 	 -0.3130 	 0.0022 	 -0.1304 	 -0.2812 	 -0.3971 	 -0.3399 	 0.1836
4.0281 	 0.0977 	 -0.0876 	 -0.3158 	 -0.0017 	 -0.1337 	 -0.2793 	 -0.3840 	 -0.3242 	 0.2044
4.0381 	 0.0977 	 -0.0889 	 -0.3186 	 -0.0055 	 -0.1368 	 -0.2771 	 -0.3704 	 -0.3055 	 0.2324
4.0481 	 0.0976 	 -0.0903 	 -0.3214 	 -0.0091 	 -0.1398 	 -0.2746 	 -0.3554 	 -0.2852 	 0.2618
4.0581 	 0.0975 	 -0.0917 	 -0.3241 	 -0.0126 	 -0.1425 	 -0.2718 	 -0.3388 	 -0.2621 	 0.2924
4.0681 	 0.0973 	 -0.0932 	 -0.3268 	 -0.0159 	 -0.1450 	 -0.2687 	 -0.3207 	 -0.2351 	 0.3220
4.0782 	 0.0972 	 -0.0946 	 -0.3295 	 -0.0190 	 -0.1472 	 -0.2654 	 -0.3014 	 -0.2057 	 0.3480
4.0882 	 0.0970 	 -0.0961 	 -0.3321 	 -0.0220 	 -0.1492 	 -0.2618 	 -0.2853 	 -0.1758 	 0.3660
4.0982 	 0.0967 	 -0.0976 	 -0.3347 	 -0.0247 	 -0.1508 	 -0.2581 	 -0.2618 	 -0.1465 	 0.3809
4.1082 	 0.0965 	 -0.0992 	 -0.3373 	 -0.0273 	 -0.1521 	 -0.2541 	 -0.2408 	 -0.1183 	 0.3998
4.1182 	 0.0962 	 -0.1007 	 -0.3398 	 -0.0296 	 -0.1531 	 -0.2500 	 -0.2198 	 -0.0906 	 0.4190
4.1283 	 0.0959 	 -0.1022 	 -0.3423 	 -0.0317 	 -0.1539 	 -0.2457 	 -0.1986 	 -0.0629 	 0.4391
4.1383 	 0.0955 	 -0.1038 	 -0.3447 	 -0.0336 	 -0.1544 	 -0.2412 	 -0.1767 	 -0.0355 	 0.4604
4.1483 	 0.0952 	 -0.1053 	 -0.3471 	 -0.0352 	 -0.1546 	 -0.2365 	 -0.1534 	 -0.0087 	 0.4815
4.1583 	 0.0948 	 -0.1069 	 -0.3495 	 -0.0366 	 -0.1546 	 -0.2316 	 -0.1288 	 0.0172 	 0.5008
4.1683 	 0.0945 	 -0.1084 	 -0.3518 	 -0.0378 	 -0.1543 	 -0.2265 	 -0.1036 	 0.0426 	 0.5169
4.1784 	 0.0941 	 -0.1100 	 -0.3540 	 -0.0387 	 -0.1537 	 -0.2212 	 -0.0784 	 0.0680 	 0.5301
4.1884 	 0.0937 	 -0.1115 	 -0.3562 	 -0.0394 	 -0.1529 	 -0.2159 	 -0.0535 	 0.0938 	 0.5410
4.1984 	 0.0933 	 -0.1130 	 -0.3583 	 -0.0398 	 -0.1519 	 -0.2104 	 -0.0281 	 0.1191 	 0.5564
4.2084 	 0.0929 	 -0.1145 	 -0.3604 	 -0.0399 	 -0.1505 	 -0.2048 	 -0.0027 	 0.1454 	 0.5631
4.2184 	 0.0925 	 -0.1160 	 -0.3624 	 -0.0398 	 -0.1489 	 -0.1991 	 0.0216 	 0.1693 	 0.5619
4.2285 	 0.0921 	 -0.1175 	 -0.3644 	 -0.0395 	 -0.1471 	 -0.1935 	 0.0464 	 0.1930 	 0.5657
4.2385 	 0.0917 	 -0.1190 	 -0.3663 	 -0.0389 	 -0.1451 	 -0.1878 	 0.0700 	 0.2149 	 0.5692
4.2485 	 0.0913 	 -0.1204 	 -0.3682 	 -0.0381 	 -0.1428 	 -0.1821 	 0.0921 	 0.2352 	 0.5735
4.2585 	 0.0909 	 -0.1218 	 -0.3700 	 -0.0370 	 -0.1404 	 -0.1763 	 0.1181 	 0.2557 	 0.5742
4.2685 	 0.0906 	 -0.1232 	 -0.3717 	 -0.0357 	 -0.1377 	 -0.1705 	 0.1380 	 0.2749 	 0.5811
4.2786 	 0.0902 	 -0.1246 	 -0.3734 	 -0.0343 	 -0.1349 	 -0.1647 	 0.1559 	 0.2946 	 0.5899
4.2886 	 0.0899 	 -0.1259 	 -0.3750 	 -0.0326 	 -0.1318 	 -0.1587 	 0.1716 	 0.3155 	 0.5997
4.2986 	 0.0896 	 -0.1272 	 -0.3766 	 -0.0308 	 -0.1285 	 -0.1527 	 0.1850 	 0.3371 	 0.6091
4.3086 	 0.0893 	 -0.1285 	 -0.3781 	 -0.0289 	 -0.1250 	 -0.1465 	 0.1962 	 0.3587 	 0.6171
4.3186 	 0.0890 	 -0.1297 	 -0.3795 	 -0.0269 	 -0.1213 	 -0.1403 	 0.2060 	 0.3793 	 0.6232
4.3287 	 0.0887 	 -0.1309 	 -0.3809 	 -0.0248 	 -0.1174 	 -0.1340 	 0.2138 	 0.3953 	 0.6375
4.3387 	 0.0885 	 -0.1321 	 -0.3822 	 -0.0226 	 -0.1134 	 -0.1276 	 0.2222 	 0.4104 	 0.6385
4.3487 	 0.0883 	 -0.1332 	 -0.3834 	 -0.0204 	 -0.1092 	 -0.1212 	 0.2287 	 0.4225 	 0.6391
4.3587 	 0.0881 	 -0.1343 	 -0.3846 	 -0.0180 	 -0.1049 	 -0.1148 	 0.2324 	 0.4325 	 0.6428
4.3687 	 0.0879 	 -0.1353 	 -0.3857 	 -0.0157 	 -0.1006 	 -0.1083 	 0.2298 	 0.4402 	 0.6541
4.3788 	 0.0878 	 -0.1363 	 -0.3868 	 -0.0134 	 -0.0961 	 -0.1017 	 0.2344 	 0.4524 	 0.6761
4.3888 	 0.0877 	 -0.1372 	 -0.3878 	 -0.0110 	 -0.0915 	 -0.0948 	 0.2552 	 0.4627 	 0.6987
4.3988 	 0.0876 	 -0.1381 	 -0.3887 	 -0.0083 	 -0.0868 	 -0.0877 	 0.2716 	 0.4716 	 0.7043
4.4088 	 0.0875 	 -0.1390 	 -0.3895 	 -0.0056 	 -0.0821 	 -0.0807 	 0.2790 	 0.4803 	 0.7063
4.4188 	 0.0875 	 -0.1398 	 -0.3903 	 -0.0027 	 -0.0772 	 -0.0736 	 0.2820 	 0.4896 	 0.7020
4.4289 	 0.0874 	 -0.1405 	 -0.3910 	 0.0001 	 -0.0723 	 -0.0666 	 0.2833 	 0.4968 	 0.7041
4.4389 	 0.0875 	 -0.1412 	 -0.3916 	 0.0029 	 -0.0673 	 -0.0595 	 0.2832 	 0.5032 	 0.7063
4.4489 	 0.0875 	 -0.1419 	 -0.3922 	 0.0058 	 -0.0622 	 -0.0524 	 0.2821 	 0.5090 	 0.7085
4.4589 	 0.0876 	 -0.1425 	 -0.3927 	 0.0086 	 -0.0571 	 -0.0453 	 0.2802 	 0.5143 	 0.7106
4.4689 	 0.0877 	 -0.1430 	 -0.3931 	 0.0114 	 -0.0519 	 -0.0382 	 0.2778 	 0.5194 	 0.7127
4.4790 	 0.0878 	 -0.1435 	 -0.3934 	 0.0141 	 -0.0467 	 -0.0310 	 0.2749 	 0.5243 	 0.7148
4.4890 	 0.0880 	 -0.1439 	 -0.3937 	 0.0169 	 -0.0414 	 -0.0239 	 0.2704 	 0.5300 	 0.7237
4.4990 	 0.0881 	 -0.1443 	 -0.3939 	 0.0196 	 -0.0360 	 -0.0166 	 0.2666 	 0.5352 	 0.7271
4.5090 	 0.0883 	 -0.1447 	 -0.3941 	 0.0222 	 -0.0307 	 -0.0094 	 0.2600 	 0.5353 	 0.7218
4.5190 	 0.0886 	 -0.1449 	 -0.3941 	 0.0248 	 -0.0253 	 -0.0021 	 0.2543 	 0.5403 	 0.7253
4.5291 	 0.0888 	 -0.1452 	 -0.3941 	 0.0273 	 -0.0199 	 0.0052 	 0.2471 	 0.5459 	 0.7296
4.5391 	 0.0891 	 -0.1453 	 -0.3940 	 0.0297 	 -0.0144 	 0.0125 	 0.2382 	 0.5521 	 0.7339
4.5491 	 0.0894 	 -0.1455 	 -0.3938 	 0.0321 	 -0.0088 	 0.0199 	 0.2312 	 0.5551 	 0.7415
4.5591 	 0.0898 	 -0.1455 	 -0.3936 	 0.0343 	 -0.0032 	 0.0274 	 0.2179 	 0.5628 	 0.7477
4.5691 	 0.0901 	 -0.1455 	 -0.3933 	 0.0364 	 0.0025 	 0.0349 	 0.2050 	 0.5723 	 0.7507
4.5792 	 0.0905 	 -0.1455 	 -0.3929 	 0.0384 	 0.0083 	 0.0424 	 0.1953 	 0.5772 	 0.7475
4.5892 	 0.0909 	 -0.1454 	 -0.3924 	 0.0403 	 0.0141 	 0.0499 	 0.1867 	 0.5816 	 0.7437
4.5992 	 0.0913 	 -0.1452 	 -0.3919 	 0.0422 	 0.0199 	 0.0573 	 0.1791 	 0.5855 	 0.7398
4.6092 	 0.0917 	 -0.1450 	 -0.3913 	 0.0439 	 0.0258 	 0.0647 	 0.1727 	 0.5885 	 0.7368
4.6192 	 0.0922 	 -0.1447 	 -0.3906 	 0.0456 	 0.0317 	 0.0721 	 0.1683 	 0.5895 	 0.7371
4.6293 	 0.0927 	 -0.1443 	 -0.3899 	 0.0473 	 0.0376 	 0.0795 	 0.1645 	 0.5906 	 0.7530
4.6393 	 0.0931 	 -0.1439 	 -0.3890 	 0.0489 	 0.0436 	 0.0872 	 0.1484 	 0.6105 	 0.7716
4.6493 	 0.0936 	 -0.1434 	 -0.3881 	 0.0503 	 0.0498 	 0.0949 	 0.1356 	 0.6251 	 0.7686
4.6593 	 0.0941 	 -0.1429 	 -0.3871 	 0.0516 	 0.0561 	 0.1026 	 0.1268 	 0.6340 	 0.7623
4.6693 	 0.0947 	 -0.1423 	 -0.3860 	 0.0529 	 0.0626 	 0.1102 	 0.1209 	 0.6447 	 0.7598
4.6794 	 0.0952 	 -0.1417 	 -0.3849 	 0.0540 	 0.0690 	 0.1178 	 0.1141 	 0.6498 	 0.7525
4.6894 	 0.0957 	 -0.1409 	 -0.3837 	 0.0552 	 0.0756 	 0.1253 	 0.1111 	 0.6579 	 0.7484
4.6994 	 0.0963 	 -0.1401 	 -0.3824 	 0.0562 	 0.0822 	 0.1327 	 0.1008 	 0.6566 	 0.7366
4.7094 	 0.0969 	 -0.1393 	 -0.3810 	 0.0572 	 0.0888 	 0.1400 	 0.0890 	 0.6595 	 0.7227
4.7194 	 0.0975 	 -0.1384 	 -0.3796 	 0.0580 	 0.0954 	 0.1472 	 0.0809 	 0.6616 	 0.7135
4.7295 	 0.0980 	 -0.1374 	 -0.3781 	 0.0588 	 0.1020 	 0.1543 	 0.0725 	 0.6632 	 0.7042
4.7395 	 0.0986 	 -0.1363 	 -0.3765 	 0.0595 	 0.1087 	 0.1613 	 0.0639 	 0.6642 	 0.6949
4.7495 	 0.0992 	 -0.1352 	 -0.3748 	 0.0601 	 0.1153 	 0.1682 	 0.0553 	 0.6644 	 0.6852
4.7595 	 0.0998 	 -0.1340 	 -0.3731 	 0.0606 	 0.1220 	 0.1751 	 0.0471 	 0.6636 	 0.6748
4.7695 	 0.1004 	 -0.1328 	 -0.3713 	 0.0610 	 0.1286 	 0.1818 	 0.0398 	 0.6615 	 0.6635
4.7796 	 0.1011 	 -0.1314 	 -0.3695 	 0.0614 	 0.1352 	 0.1884 	 0.0355 	 0.6613 	 0.6553
4.7896 	 0.1017 	 -0.1300 	 -0.3676 	 0.0617 	 0.1419 	 0.1949 	 0.0337 	 0.6604 	 0.6408
4.7996 	 0.1023 	 -0.1286 	 -0.3656 	 0.0621 	 0.1485 	 0.2012 	 0.0321 	 0.6509 	 0.6225
4.8096 	 0.1029 	 -0.1271 	 -0.3635 	 0.0624 	 0.1549 	 0.2073 	 0.0325 	 0.6385 	 0.6017
4.8196 	 0.1035 	 -0.1255 	 -0.3614 	 0.0627 	 0.1612 	 0.2132 	 0.0343 	 0.6228 	 0.5772
4.8297 	 0.1042 	 -0.1238 	 -0.3593 	 0.0631 	 0.1674 	 0.2189 	 0.0349 	 0.6030 	 0.5522
4.8397 	 0.1048 	 -0.1221 	 -0.3570 	 0.0634 	 0.1733 	 0.2243 	 0.0323 	 0.5777 	 0.5147
4.8497 	 0.1054 	 -0.1204 	 -0.3548 	 0.0637 	 0.1790 	 0.2292 	 0.0240 	 0.5491 	 0.4735
4.8597 	 0.1061 	 -0.1186 	 -0.3525 	 0.0639 	 0.1843 	 0.2337 	 0.0124 	 0.5163 	 0.4290
4.8697 	 0.1067 	 -0.1167 	 -0.3501 	 0.0639 	 0.1893 	 0.2378 	 -0.0041 	 0.4737 	 0.3845
4.8798 	 0.1074 	 -0.1148 	 -0.3477 	 0.0638 	 0.1938 	 0.2415 	 -0.0269 	 0.4275 	 0.3507
4.8898 	 0.1080 	 -0.1128 	 -0.3453 	 0.0634 	 0.1979 	 0.2449 	 -0.0536 	 0.3929 	 0.3313
4.8998 	 0.1086 	 -0.1108 	 -0.3428 	 0.0627 	 0.2016 	 0.2481 	 -0.0796 	 0.3555 	 0.3079
4.9098 	 0.1093 	 -0.1088 	 -0.3403 	 0.0618 	 0.2050 	 0.2511 	 -0.1060 	 0.3229 	 0.2837
4.9198 	 0.1099 	 -0.1067 	 -0.3378 	 0.0606 	 0.2080 	 0.2537 	 -0.1229 	 0.2791 	 0.2331
4.9299 	 0.1105 	 -0.1046 	 -0.3352 	 0.0593 	 0.2106 	 0.2559 	 -0.1274 	 0.2293 	 0.2181
4.9399 	 0.1111 	 -0.1025 	 -0.3326 	 0.0580 	 0.2127 	 0.2580 	 -0.1437 	 0.1916 	 0.2082
4.9499 	 0.1116 	 -0.1003 	 -0.3300 	 0.0565 	 0.2144 	 0.2601 	 -0.1620 	 0.1564 	 0.1973
4.9599 	 0.1122 	 -0.0982 	 -0.3274 	 0.0547 	 0.2158 	 0.2620 	 -0.1794 	 0.1224 	 0.1837
4.9699 	 0.1127 	 -0.0960 	 -0.3248 	 0.0529 	 0.2169 	 0.2638 	 -0.1939 	 0.0886 	 0.1674
4.9800 	 0.1132 	 -0.0938 	 -0.3221 	 0.0509 	 0.2176 	 0.2653 	 -0.2047 	 0.0552 	 0.1502
4.9900 	 0.1137 	 -0.0917 	 -0.3195 	 0.0488 	 0.2180 	 0.2668 	 -0.2127 	 0.0230 	 0.1342
