100-Body Run with i = 45 th particle. (Units in pc,M_solar,Myr, km s-1) 

time		 x 		 y 		 z 		 xdot 		 ydot 		 zdot 		 xddot 		 yddot 		 zddot
0.0000 	 -1.2262 	 -0.3276 	 -0.3871 	 0.0117 	 0.0151 	 0.0108 	 0.1966 	 -0.0084 	 0.0132
0.0100 	 -1.2261 	 -0.3275 	 -0.3870 	 0.0137 	 0.0151 	 0.0110 	 0.1966 	 -0.0084 	 0.0132
0.0200 	 -1.2259 	 -0.3273 	 -0.3869 	 0.0156 	 0.0150 	 0.0111 	 0.1967 	 -0.0084 	 0.0132
0.0301 	 -1.2257 	 -0.3272 	 -0.3868 	 0.0176 	 0.0149 	 0.0112 	 0.1968 	 -0.0083 	 0.0132
0.0401 	 -1.2256 	 -0.3270 	 -0.3867 	 0.0196 	 0.0148 	 0.0114 	 0.1969 	 -0.0083 	 0.0132
0.0501 	 -1.2254 	 -0.3269 	 -0.3866 	 0.0215 	 0.0147 	 0.0115 	 0.1970 	 -0.0083 	 0.0132
0.0601 	 -1.2251 	 -0.3267 	 -0.3864 	 0.0235 	 0.0146 	 0.0116 	 0.1971 	 -0.0083 	 0.0132
0.0701 	 -1.2249 	 -0.3266 	 -0.3863 	 0.0255 	 0.0146 	 0.0118 	 0.1972 	 -0.0082 	 0.0132
0.0802 	 -1.2246 	 -0.3264 	 -0.3862 	 0.0275 	 0.0145 	 0.0119 	 0.1973 	 -0.0082 	 0.0132
0.0902 	 -1.2243 	 -0.3263 	 -0.3861 	 0.0294 	 0.0144 	 0.0120 	 0.1974 	 -0.0082 	 0.0132
0.1002 	 -1.2240 	 -0.3261 	 -0.3860 	 0.0314 	 0.0143 	 0.0122 	 0.1975 	 -0.0082 	 0.0132
0.1102 	 -1.2237 	 -0.3260 	 -0.3858 	 0.0334 	 0.0142 	 0.0123 	 0.1976 	 -0.0081 	 0.0132
0.1202 	 -1.2234 	 -0.3259 	 -0.3857 	 0.0354 	 0.0141 	 0.0124 	 0.1978 	 -0.0081 	 0.0133
0.1303 	 -1.2230 	 -0.3257 	 -0.3856 	 0.0374 	 0.0141 	 0.0126 	 0.1979 	 -0.0081 	 0.0133
0.1403 	 -1.2226 	 -0.3256 	 -0.3855 	 0.0393 	 0.0140 	 0.0127 	 0.1981 	 -0.0080 	 0.0133
0.1503 	 -1.2222 	 -0.3254 	 -0.3853 	 0.0413 	 0.0139 	 0.0128 	 0.1982 	 -0.0080 	 0.0133
0.1603 	 -1.2218 	 -0.3253 	 -0.3852 	 0.0433 	 0.0138 	 0.0130 	 0.1984 	 -0.0080 	 0.0134
0.1703 	 -1.2213 	 -0.3252 	 -0.3851 	 0.0453 	 0.0137 	 0.0131 	 0.1986 	 -0.0079 	 0.0134
0.1804 	 -1.2209 	 -0.3250 	 -0.3850 	 0.0473 	 0.0137 	 0.0132 	 0.1988 	 -0.0079 	 0.0134
0.1904 	 -1.2204 	 -0.3249 	 -0.3848 	 0.0493 	 0.0136 	 0.0134 	 0.1989 	 -0.0078 	 0.0135
0.2004 	 -1.2199 	 -0.3248 	 -0.3847 	 0.0513 	 0.0135 	 0.0135 	 0.1991 	 -0.0078 	 0.0135
0.2104 	 -1.2194 	 -0.3246 	 -0.3846 	 0.0533 	 0.0134 	 0.0136 	 0.1993 	 -0.0078 	 0.0135
0.2204 	 -1.2188 	 -0.3245 	 -0.3844 	 0.0553 	 0.0133 	 0.0138 	 0.1996 	 -0.0077 	 0.0136
0.2305 	 -1.2183 	 -0.3244 	 -0.3843 	 0.0573 	 0.0133 	 0.0139 	 0.1998 	 -0.0077 	 0.0136
0.2405 	 -1.2177 	 -0.3242 	 -0.3841 	 0.0593 	 0.0132 	 0.0140 	 0.2000 	 -0.0076 	 0.0136
0.2505 	 -1.2171 	 -0.3241 	 -0.3840 	 0.0613 	 0.0131 	 0.0142 	 0.2002 	 -0.0076 	 0.0137
0.2605 	 -1.2164 	 -0.3240 	 -0.3839 	 0.0633 	 0.0130 	 0.0143 	 0.2005 	 -0.0075 	 0.0137
0.2705 	 -1.2158 	 -0.3238 	 -0.3837 	 0.0653 	 0.0130 	 0.0145 	 0.2007 	 -0.0075 	 0.0138
0.2806 	 -1.2151 	 -0.3237 	 -0.3836 	 0.0673 	 0.0129 	 0.0146 	 0.2010 	 -0.0074 	 0.0138
0.2906 	 -1.2144 	 -0.3236 	 -0.3834 	 0.0693 	 0.0128 	 0.0147 	 0.2013 	 -0.0074 	 0.0139
0.3006 	 -1.2137 	 -0.3234 	 -0.3833 	 0.0714 	 0.0127 	 0.0149 	 0.2015 	 -0.0073 	 0.0140
0.3106 	 -1.2130 	 -0.3233 	 -0.3831 	 0.0734 	 0.0127 	 0.0150 	 0.2018 	 -0.0073 	 0.0140
0.3206 	 -1.2123 	 -0.3232 	 -0.3830 	 0.0754 	 0.0126 	 0.0152 	 0.2021 	 -0.0072 	 0.0141
0.3307 	 -1.2115 	 -0.3231 	 -0.3828 	 0.0774 	 0.0125 	 0.0153 	 0.2024 	 -0.0072 	 0.0141
0.3407 	 -1.2107 	 -0.3229 	 -0.3827 	 0.0795 	 0.0125 	 0.0154 	 0.2027 	 -0.0071 	 0.0142
0.3507 	 -1.2099 	 -0.3228 	 -0.3825 	 0.0815 	 0.0124 	 0.0156 	 0.2030 	 -0.0071 	 0.0143
0.3607 	 -1.2091 	 -0.3227 	 -0.3823 	 0.0835 	 0.0123 	 0.0157 	 0.2033 	 -0.0070 	 0.0143
0.3707 	 -1.2082 	 -0.3226 	 -0.3822 	 0.0856 	 0.0122 	 0.0159 	 0.2037 	 -0.0070 	 0.0144
0.3808 	 -1.2074 	 -0.3224 	 -0.3820 	 0.0876 	 0.0122 	 0.0160 	 0.2040 	 -0.0069 	 0.0145
0.3908 	 -1.2065 	 -0.3223 	 -0.3819 	 0.0896 	 0.0121 	 0.0162 	 0.2043 	 -0.0068 	 0.0146
0.4008 	 -1.2056 	 -0.3222 	 -0.3817 	 0.0917 	 0.0120 	 0.0163 	 0.2047 	 -0.0068 	 0.0146
0.4108 	 -1.2046 	 -0.3221 	 -0.3815 	 0.0938 	 0.0120 	 0.0164 	 0.2051 	 -0.0067 	 0.0147
0.4208 	 -1.2037 	 -0.3220 	 -0.3814 	 0.0958 	 0.0119 	 0.0166 	 0.2054 	 -0.0066 	 0.0148
0.4309 	 -1.2027 	 -0.3218 	 -0.3812 	 0.0979 	 0.0118 	 0.0167 	 0.2058 	 -0.0066 	 0.0149
0.4409 	 -1.2017 	 -0.3217 	 -0.3810 	 0.0999 	 0.0118 	 0.0169 	 0.2062 	 -0.0065 	 0.0150
0.4509 	 -1.2007 	 -0.3216 	 -0.3809 	 0.1020 	 0.0117 	 0.0170 	 0.2066 	 -0.0064 	 0.0151
0.4609 	 -1.1997 	 -0.3215 	 -0.3807 	 0.1041 	 0.0116 	 0.0172 	 0.2070 	 -0.0063 	 0.0151
0.4709 	 -1.1986 	 -0.3214 	 -0.3805 	 0.1061 	 0.0116 	 0.0173 	 0.2074 	 -0.0063 	 0.0152
0.4810 	 -1.1976 	 -0.3213 	 -0.3804 	 0.1082 	 0.0115 	 0.0175 	 0.2078 	 -0.0062 	 0.0153
0.4910 	 -1.1965 	 -0.3211 	 -0.3802 	 0.1103 	 0.0115 	 0.0177 	 0.2083 	 -0.0061 	 0.0154
0.5010 	 -1.1954 	 -0.3210 	 -0.3800 	 0.1124 	 0.0114 	 0.0178 	 0.2087 	 -0.0060 	 0.0155
0.5110 	 -1.1942 	 -0.3209 	 -0.3798 	 0.1145 	 0.0113 	 0.0180 	 0.2092 	 -0.0059 	 0.0156
0.5210 	 -1.1931 	 -0.3208 	 -0.3796 	 0.1166 	 0.0113 	 0.0181 	 0.2096 	 -0.0059 	 0.0157
0.5311 	 -1.1919 	 -0.3207 	 -0.3795 	 0.1187 	 0.0112 	 0.0183 	 0.2101 	 -0.0058 	 0.0158
0.5411 	 -1.1907 	 -0.3206 	 -0.3793 	 0.1208 	 0.0112 	 0.0184 	 0.2106 	 -0.0057 	 0.0160
0.5511 	 -1.1895 	 -0.3205 	 -0.3791 	 0.1229 	 0.0111 	 0.0186 	 0.2111 	 -0.0056 	 0.0161
0.5611 	 -1.1882 	 -0.3204 	 -0.3789 	 0.1250 	 0.0110 	 0.0188 	 0.2116 	 -0.0055 	 0.0162
0.5711 	 -1.1870 	 -0.3202 	 -0.3787 	 0.1272 	 0.0110 	 0.0189 	 0.2121 	 -0.0054 	 0.0163
0.5812 	 -1.1857 	 -0.3201 	 -0.3785 	 0.1293 	 0.0109 	 0.0191 	 0.2126 	 -0.0053 	 0.0164
0.5912 	 -1.1844 	 -0.3200 	 -0.3783 	 0.1314 	 0.0109 	 0.0193 	 0.2132 	 -0.0052 	 0.0165
0.6012 	 -1.1830 	 -0.3199 	 -0.3781 	 0.1336 	 0.0108 	 0.0194 	 0.2137 	 -0.0051 	 0.0167
0.6112 	 -1.1817 	 -0.3198 	 -0.3779 	 0.1357 	 0.0108 	 0.0196 	 0.2143 	 -0.0050 	 0.0168
0.6212 	 -1.1803 	 -0.3197 	 -0.3777 	 0.1379 	 0.0107 	 0.0198 	 0.2186 	 -0.0090 	 0.0199
0.6313 	 -1.1789 	 -0.3196 	 -0.3775 	 0.1401 	 0.0106 	 0.0200 	 0.2192 	 -0.0088 	 0.0200
0.6413 	 -1.1775 	 -0.3195 	 -0.3773 	 0.1423 	 0.0105 	 0.0202 	 0.2197 	 -0.0086 	 0.0201
0.6513 	 -1.1761 	 -0.3194 	 -0.3771 	 0.1445 	 0.0104 	 0.0204 	 0.2202 	 -0.0084 	 0.0202
0.6613 	 -1.1746 	 -0.3193 	 -0.3769 	 0.1467 	 0.0104 	 0.0206 	 0.2208 	 -0.0083 	 0.0203
0.6713 	 -1.1731 	 -0.3192 	 -0.3767 	 0.1489 	 0.0103 	 0.0208 	 0.2213 	 -0.0081 	 0.0204
0.6814 	 -1.1716 	 -0.3191 	 -0.3765 	 0.1511 	 0.0102 	 0.0210 	 0.2219 	 -0.0079 	 0.0205
0.6914 	 -1.1701 	 -0.3190 	 -0.3763 	 0.1534 	 0.0101 	 0.0212 	 0.2225 	 -0.0077 	 0.0206
0.7014 	 -1.1686 	 -0.3189 	 -0.3761 	 0.1556 	 0.0100 	 0.0214 	 0.2231 	 -0.0075 	 0.0207
0.7114 	 -1.1670 	 -0.3188 	 -0.3759 	 0.1578 	 0.0100 	 0.0216 	 0.2237 	 -0.0073 	 0.0208
0.7214 	 -1.1654 	 -0.3187 	 -0.3757 	 0.1601 	 0.0099 	 0.0218 	 0.2243 	 -0.0071 	 0.0209
0.7315 	 -1.1638 	 -0.3186 	 -0.3754 	 0.1623 	 0.0098 	 0.0220 	 0.2249 	 -0.0069 	 0.0210
0.7415 	 -1.1621 	 -0.3185 	 -0.3752 	 0.1646 	 0.0098 	 0.0222 	 0.2256 	 -0.0067 	 0.0211
0.7515 	 -1.1605 	 -0.3184 	 -0.3750 	 0.1668 	 0.0097 	 0.0225 	 0.2262 	 -0.0064 	 0.0212
0.7615 	 -1.1588 	 -0.3183 	 -0.3748 	 0.1691 	 0.0096 	 0.0227 	 0.2269 	 -0.0062 	 0.0213
0.7715 	 -1.1571 	 -0.3182 	 -0.3745 	 0.1714 	 0.0096 	 0.0229 	 0.2276 	 -0.0060 	 0.0214
0.7816 	 -1.1554 	 -0.3181 	 -0.3743 	 0.1737 	 0.0095 	 0.0231 	 0.2282 	 -0.0057 	 0.0215
0.7916 	 -1.1536 	 -0.3180 	 -0.3741 	 0.1760 	 0.0094 	 0.0233 	 0.2289 	 -0.0055 	 0.0216
0.8016 	 -1.1518 	 -0.3179 	 -0.3738 	 0.1783 	 0.0094 	 0.0235 	 0.2296 	 -0.0053 	 0.0217
0.8116 	 -1.1500 	 -0.3178 	 -0.3736 	 0.1806 	 0.0093 	 0.0237 	 0.2303 	 -0.0050 	 0.0218
0.8216 	 -1.1482 	 -0.3177 	 -0.3734 	 0.1829 	 0.0093 	 0.0240 	 0.2311 	 -0.0048 	 0.0219
0.8317 	 -1.1464 	 -0.3176 	 -0.3731 	 0.1852 	 0.0092 	 0.0242 	 0.2318 	 -0.0045 	 0.0221
0.8417 	 -1.1445 	 -0.3175 	 -0.3729 	 0.1875 	 0.0092 	 0.0244 	 0.2326 	 -0.0042 	 0.0222
0.8517 	 -1.1426 	 -0.3174 	 -0.3726 	 0.1899 	 0.0092 	 0.0246 	 0.2333 	 -0.0040 	 0.0223
0.8617 	 -1.1407 	 -0.3173 	 -0.3724 	 0.1922 	 0.0091 	 0.0249 	 0.2341 	 -0.0037 	 0.0224
0.8717 	 -1.1388 	 -0.3172 	 -0.3721 	 0.1945 	 0.0091 	 0.0251 	 0.2349 	 -0.0034 	 0.0225
0.8818 	 -1.1368 	 -0.3172 	 -0.3719 	 0.1969 	 0.0091 	 0.0253 	 0.2357 	 -0.0031 	 0.0227
0.8918 	 -1.1348 	 -0.3171 	 -0.3716 	 0.1993 	 0.0090 	 0.0255 	 0.2365 	 -0.0028 	 0.0228
0.9018 	 -1.1328 	 -0.3170 	 -0.3714 	 0.2016 	 0.0090 	 0.0258 	 0.2373 	 -0.0025 	 0.0229
0.9118 	 -1.1308 	 -0.3169 	 -0.3711 	 0.2040 	 0.0090 	 0.0260 	 0.2381 	 -0.0022 	 0.0230
0.9218 	 -1.1287 	 -0.3168 	 -0.3708 	 0.2064 	 0.0090 	 0.0262 	 0.2390 	 -0.0019 	 0.0232
0.9319 	 -1.1266 	 -0.3167 	 -0.3706 	 0.2088 	 0.0089 	 0.0265 	 0.2398 	 -0.0016 	 0.0233
0.9419 	 -1.1245 	 -0.3166 	 -0.3703 	 0.2112 	 0.0089 	 0.0267 	 0.2407 	 -0.0013 	 0.0234
0.9519 	 -1.1224 	 -0.3165 	 -0.3701 	 0.2136 	 0.0089 	 0.0269 	 0.2416 	 -0.0009 	 0.0235
0.9619 	 -1.1203 	 -0.3164 	 -0.3698 	 0.2161 	 0.0089 	 0.0272 	 0.2425 	 -0.0006 	 0.0237
0.9719 	 -1.1181 	 -0.3163 	 -0.3695 	 0.2185 	 0.0089 	 0.0274 	 0.2434 	 -0.0003 	 0.0238
0.9820 	 -1.1159 	 -0.3163 	 -0.3692 	 0.2209 	 0.0089 	 0.0276 	 0.2443 	 0.0001 	 0.0240
0.9920 	 -1.1136 	 -0.3162 	 -0.3690 	 0.2234 	 0.0089 	 0.0279 	 0.2453 	 0.0004 	 0.0241
1.0020 	 -1.1114 	 -0.3161 	 -0.3687 	 0.2259 	 0.0089 	 0.0281 	 0.2462 	 0.0008 	 0.0242
1.0120 	 -1.1091 	 -0.3160 	 -0.3684 	 0.2283 	 0.0089 	 0.0284 	 0.2472 	 0.0012 	 0.0244
1.0220 	 -1.1068 	 -0.3159 	 -0.3681 	 0.2308 	 0.0089 	 0.0286 	 0.2482 	 0.0015 	 0.0245
1.0321 	 -1.1045 	 -0.3158 	 -0.3678 	 0.2333 	 0.0090 	 0.0289 	 0.2491 	 0.0019 	 0.0247
1.0421 	 -1.1021 	 -0.3157 	 -0.3675 	 0.2358 	 0.0090 	 0.0291 	 0.2501 	 0.0023 	 0.0248
1.0521 	 -1.0998 	 -0.3156 	 -0.3672 	 0.2383 	 0.0090 	 0.0294 	 0.2512 	 0.0027 	 0.0249
1.0621 	 -1.0974 	 -0.3155 	 -0.3669 	 0.2408 	 0.0090 	 0.0296 	 0.2522 	 0.0031 	 0.0251
1.0721 	 -1.0949 	 -0.3155 	 -0.3666 	 0.2434 	 0.0091 	 0.0299 	 0.2532 	 0.0035 	 0.0252
1.0822 	 -1.0925 	 -0.3154 	 -0.3663 	 0.2459 	 0.0091 	 0.0301 	 0.2543 	 0.0039 	 0.0254
1.0922 	 -1.0900 	 -0.3153 	 -0.3660 	 0.2485 	 0.0091 	 0.0304 	 0.2554 	 0.0043 	 0.0256
1.1022 	 -1.0875 	 -0.3152 	 -0.3657 	 0.2510 	 0.0092 	 0.0306 	 0.2564 	 0.0048 	 0.0257
1.1122 	 -1.0850 	 -0.3151 	 -0.3654 	 0.2536 	 0.0092 	 0.0309 	 0.2575 	 0.0052 	 0.0259
1.1222 	 -1.0824 	 -0.3150 	 -0.3651 	 0.2562 	 0.0093 	 0.0311 	 0.2586 	 0.0056 	 0.0260
1.1323 	 -1.0799 	 -0.3149 	 -0.3648 	 0.2588 	 0.0093 	 0.0314 	 0.2598 	 0.0061 	 0.0262
1.1423 	 -1.0772 	 -0.3148 	 -0.3645 	 0.2614 	 0.0094 	 0.0317 	 0.2609 	 0.0065 	 0.0264
1.1523 	 -1.0746 	 -0.3147 	 -0.3642 	 0.2640 	 0.0095 	 0.0319 	 0.2620 	 0.0070 	 0.0265
1.1623 	 -1.0720 	 -0.3146 	 -0.3638 	 0.2666 	 0.0095 	 0.0322 	 0.2632 	 0.0075 	 0.0267
1.1723 	 -1.0693 	 -0.3145 	 -0.3635 	 0.2693 	 0.0096 	 0.0325 	 0.2644 	 0.0079 	 0.0269
1.1824 	 -1.0666 	 -0.3144 	 -0.3632 	 0.2719 	 0.0097 	 0.0327 	 0.2656 	 0.0084 	 0.0271
1.1924 	 -1.0638 	 -0.3143 	 -0.3629 	 0.2746 	 0.0098 	 0.0330 	 0.2668 	 0.0089 	 0.0272
1.2024 	 -1.0611 	 -0.3142 	 -0.3625 	 0.2773 	 0.0099 	 0.0333 	 0.2680 	 0.0094 	 0.0274
1.2124 	 -1.0583 	 -0.3141 	 -0.3622 	 0.2800 	 0.0100 	 0.0336 	 0.2692 	 0.0099 	 0.0276
1.2224 	 -1.0554 	 -0.3140 	 -0.3619 	 0.2827 	 0.0101 	 0.0338 	 0.2705 	 0.0104 	 0.0278
1.2325 	 -1.0526 	 -0.3139 	 -0.3615 	 0.2854 	 0.0102 	 0.0341 	 0.2717 	 0.0110 	 0.0280
1.2425 	 -1.0497 	 -0.3138 	 -0.3612 	 0.2881 	 0.0103 	 0.0344 	 0.2730 	 0.0115 	 0.0282
1.2525 	 -1.0468 	 -0.3137 	 -0.3608 	 0.2909 	 0.0104 	 0.0347 	 0.2743 	 0.0120 	 0.0284
1.2625 	 -1.0439 	 -0.3136 	 -0.3605 	 0.2936 	 0.0105 	 0.0350 	 0.2756 	 0.0126 	 0.0286
1.2725 	 -1.0409 	 -0.3135 	 -0.3601 	 0.2964 	 0.0107 	 0.0353 	 0.2769 	 0.0131 	 0.0288
1.2826 	 -1.0380 	 -0.3134 	 -0.3598 	 0.2992 	 0.0108 	 0.0355 	 0.2783 	 0.0137 	 0.0290
1.2926 	 -1.0349 	 -0.3133 	 -0.3594 	 0.3020 	 0.0109 	 0.0358 	 0.2796 	 0.0143 	 0.0292
1.3026 	 -1.0319 	 -0.3132 	 -0.3591 	 0.3048 	 0.0111 	 0.0361 	 0.2810 	 0.0148 	 0.0295
1.3126 	 -1.0288 	 -0.3131 	 -0.3587 	 0.3076 	 0.0112 	 0.0364 	 0.2824 	 0.0154 	 0.0297
1.3226 	 -1.0257 	 -0.3130 	 -0.3583 	 0.3104 	 0.0114 	 0.0367 	 0.2838 	 0.0160 	 0.0299
1.3327 	 -1.0226 	 -0.3128 	 -0.3580 	 0.3133 	 0.0116 	 0.0370 	 0.2852 	 0.0167 	 0.0302
1.3427 	 -1.0195 	 -0.3127 	 -0.3576 	 0.3162 	 0.0117 	 0.0373 	 0.2867 	 0.0173 	 0.0304
1.3527 	 -1.0163 	 -0.3126 	 -0.3572 	 0.3190 	 0.0119 	 0.0376 	 0.2881 	 0.0179 	 0.0306
1.3627 	 -1.0131 	 -0.3125 	 -0.3568 	 0.3219 	 0.0121 	 0.0379 	 0.2896 	 0.0185 	 0.0309
1.3727 	 -1.0098 	 -0.3124 	 -0.3564 	 0.3248 	 0.0123 	 0.0383 	 0.2911 	 0.0192 	 0.0312
1.3828 	 -1.0066 	 -0.3122 	 -0.3561 	 0.3278 	 0.0125 	 0.0386 	 0.2927 	 0.0199 	 0.0314
1.3928 	 -1.0033 	 -0.3121 	 -0.3557 	 0.3307 	 0.0127 	 0.0389 	 0.2942 	 0.0205 	 0.0317
1.4028 	 -0.9999 	 -0.3120 	 -0.3553 	 0.3337 	 0.0129 	 0.0392 	 0.2958 	 0.0212 	 0.0319
1.4128 	 -0.9966 	 -0.3119 	 -0.3549 	 0.3366 	 0.0131 	 0.0395 	 0.2973 	 0.0219 	 0.0322
1.4228 	 -0.9932 	 -0.3117 	 -0.3545 	 0.3396 	 0.0133 	 0.0399 	 0.2989 	 0.0226 	 0.0325
1.4329 	 -0.9898 	 -0.3116 	 -0.3541 	 0.3426 	 0.0136 	 0.0402 	 0.3006 	 0.0233 	 0.0328
1.4429 	 -0.9863 	 -0.3114 	 -0.3537 	 0.3456 	 0.0138 	 0.0405 	 0.3022 	 0.0241 	 0.0331
1.4529 	 -0.9828 	 -0.3113 	 -0.3533 	 0.3487 	 0.0140 	 0.0408 	 0.3039 	 0.0248 	 0.0334
1.4629 	 -0.9793 	 -0.3112 	 -0.3529 	 0.3517 	 0.0143 	 0.0412 	 0.3056 	 0.0256 	 0.0337
1.4729 	 -0.9758 	 -0.3110 	 -0.3525 	 0.3548 	 0.0146 	 0.0415 	 0.3073 	 0.0264 	 0.0340
1.4830 	 -0.9722 	 -0.3109 	 -0.3520 	 0.3579 	 0.0148 	 0.0419 	 0.3091 	 0.0272 	 0.0343
1.4930 	 -0.9686 	 -0.3107 	 -0.3516 	 0.3610 	 0.0151 	 0.0422 	 0.3109 	 0.0280 	 0.0346
1.5030 	 -0.9650 	 -0.3106 	 -0.3512 	 0.3641 	 0.0154 	 0.0426 	 0.3127 	 0.0288 	 0.0349
1.5130 	 -0.9613 	 -0.3104 	 -0.3508 	 0.3673 	 0.0157 	 0.0429 	 0.3145 	 0.0296 	 0.0352
1.5230 	 -0.9576 	 -0.3103 	 -0.3503 	 0.3704 	 0.0160 	 0.0433 	 0.3164 	 0.0304 	 0.0356
1.5331 	 -0.9539 	 -0.3101 	 -0.3499 	 0.3736 	 0.0163 	 0.0436 	 0.3183 	 0.0313 	 0.0359
1.5431 	 -0.9501 	 -0.3099 	 -0.3495 	 0.3768 	 0.0166 	 0.0440 	 0.3202 	 0.0322 	 0.0363
1.5531 	 -0.9463 	 -0.3098 	 -0.3490 	 0.3800 	 0.0169 	 0.0443 	 0.3222 	 0.0331 	 0.0366
1.5631 	 -0.9425 	 -0.3096 	 -0.3486 	 0.3833 	 0.0173 	 0.0447 	 0.3242 	 0.0340 	 0.0370
1.5731 	 -0.9387 	 -0.3094 	 -0.3481 	 0.3865 	 0.0176 	 0.0451 	 0.3262 	 0.0349 	 0.0373
1.5832 	 -0.9348 	 -0.3092 	 -0.3477 	 0.3898 	 0.0180 	 0.0455 	 0.3283 	 0.0359 	 0.0377
1.5932 	 -0.9309 	 -0.3091 	 -0.3472 	 0.3931 	 0.0183 	 0.0458 	 0.3304 	 0.0368 	 0.0381
1.6032 	 -0.9269 	 -0.3089 	 -0.3467 	 0.3964 	 0.0187 	 0.0462 	 0.3325 	 0.0378 	 0.0384
1.6132 	 -0.9229 	 -0.3087 	 -0.3463 	 0.3998 	 0.0191 	 0.0466 	 0.3347 	 0.0388 	 0.0388
1.6232 	 -0.9189 	 -0.3085 	 -0.3458 	 0.4031 	 0.0195 	 0.0470 	 0.3369 	 0.0398 	 0.0392
1.6333 	 -0.9148 	 -0.3083 	 -0.3453 	 0.4065 	 0.0199 	 0.0474 	 0.3392 	 0.0408 	 0.0396
1.6433 	 -0.9107 	 -0.3081 	 -0.3449 	 0.4099 	 0.0203 	 0.0478 	 0.3415 	 0.0419 	 0.0400
1.6533 	 -0.9066 	 -0.3079 	 -0.3444 	 0.4134 	 0.0207 	 0.0482 	 0.3438 	 0.0430 	 0.0404
1.6633 	 -0.9025 	 -0.3077 	 -0.3439 	 0.4168 	 0.0212 	 0.0486 	 0.3462 	 0.0441 	 0.0408
1.6733 	 -0.8983 	 -0.3075 	 -0.3434 	 0.4203 	 0.0216 	 0.0490 	 0.3486 	 0.0452 	 0.0412
1.6834 	 -0.8940 	 -0.3072 	 -0.3429 	 0.4238 	 0.0221 	 0.0494 	 0.3511 	 0.0463 	 0.0416
1.6934 	 -0.8898 	 -0.3070 	 -0.3424 	 0.4273 	 0.0225 	 0.0498 	 0.3536 	 0.0475 	 0.0420
1.7034 	 -0.8855 	 -0.3068 	 -0.3419 	 0.4309 	 0.0230 	 0.0503 	 0.3561 	 0.0486 	 0.0424
1.7134 	 -0.8811 	 -0.3066 	 -0.3414 	 0.4345 	 0.0235 	 0.0507 	 0.3587 	 0.0498 	 0.0429
1.7234 	 -0.8768 	 -0.3063 	 -0.3409 	 0.4381 	 0.0240 	 0.0511 	 0.3614 	 0.0510 	 0.0433
1.7335 	 -0.8724 	 -0.3061 	 -0.3404 	 0.4417 	 0.0245 	 0.0516 	 0.3641 	 0.0523 	 0.0437
1.7435 	 -0.8679 	 -0.3058 	 -0.3399 	 0.4454 	 0.0251 	 0.0520 	 0.3669 	 0.0535 	 0.0441
1.7535 	 -0.8634 	 -0.3056 	 -0.3393 	 0.4491 	 0.0256 	 0.0524 	 0.3697 	 0.0548 	 0.0446
1.7635 	 -0.8589 	 -0.3053 	 -0.3388 	 0.4528 	 0.0262 	 0.0529 	 0.3725 	 0.0561 	 0.0450
1.7735 	 -0.8544 	 -0.3050 	 -0.3383 	 0.4565 	 0.0267 	 0.0534 	 0.3755 	 0.0575 	 0.0454
1.7836 	 -0.8498 	 -0.3048 	 -0.3377 	 0.4603 	 0.0273 	 0.0538 	 0.3784 	 0.0588 	 0.0459
1.7936 	 -0.8451 	 -0.3045 	 -0.3372 	 0.4641 	 0.0279 	 0.0543 	 0.3815 	 0.0602 	 0.0463
1.8036 	 -0.8405 	 -0.3042 	 -0.3367 	 0.4680 	 0.0285 	 0.0547 	 0.3846 	 0.0616 	 0.0467
1.8136 	 -0.8358 	 -0.3039 	 -0.3361 	 0.4718 	 0.0291 	 0.0552 	 0.3877 	 0.0630 	 0.0472
1.8236 	 -0.8310 	 -0.3036 	 -0.3355 	 0.4757 	 0.0298 	 0.0557 	 0.3910 	 0.0644 	 0.0476
1.8337 	 -0.8262 	 -0.3033 	 -0.3350 	 0.4797 	 0.0304 	 0.0562 	 0.3942 	 0.0659 	 0.0480
1.8437 	 -0.8214 	 -0.3030 	 -0.3344 	 0.4836 	 0.0311 	 0.0566 	 0.3976 	 0.0674 	 0.0485
1.8537 	 -0.8165 	 -0.3027 	 -0.3339 	 0.4876 	 0.0318 	 0.0571 	 0.4010 	 0.0689 	 0.0489
1.8637 	 -0.8116 	 -0.3024 	 -0.3333 	 0.4917 	 0.0325 	 0.0576 	 0.4045 	 0.0705 	 0.0493
1.8737 	 -0.8067 	 -0.3021 	 -0.3327 	 0.4957 	 0.0332 	 0.0581 	 0.4081 	 0.0720 	 0.0497
1.8838 	 -0.8017 	 -0.3017 	 -0.3321 	 0.4998 	 0.0339 	 0.0586 	 0.4117 	 0.0736 	 0.0501
1.8938 	 -0.7967 	 -0.3014 	 -0.3315 	 0.5040 	 0.0347 	 0.0591 	 0.4154 	 0.0752 	 0.0505
1.9038 	 -0.7916 	 -0.3010 	 -0.3309 	 0.5082 	 0.0354 	 0.0596 	 0.4192 	 0.0768 	 0.0508
1.9138 	 -0.7865 	 -0.3007 	 -0.3303 	 0.5124 	 0.0362 	 0.0601 	 0.4230 	 0.0785 	 0.0512
1.9238 	 -0.7813 	 -0.3003 	 -0.3297 	 0.5166 	 0.0370 	 0.0607 	 0.4270 	 0.0802 	 0.0515
1.9339 	 -0.7761 	 -0.2999 	 -0.3291 	 0.5209 	 0.0378 	 0.0612 	 0.4310 	 0.0819 	 0.0519
1.9439 	 -0.7709 	 -0.2995 	 -0.3285 	 0.5253 	 0.0387 	 0.0617 	 0.4351 	 0.0836 	 0.0522
1.9539 	 -0.7656 	 -0.2991 	 -0.3279 	 0.5297 	 0.0395 	 0.0622 	 0.4393 	 0.0854 	 0.0525
1.9639 	 -0.7603 	 -0.2987 	 -0.3272 	 0.5341 	 0.0404 	 0.0627 	 0.4436 	 0.0871 	 0.0528
1.9739 	 -0.7549 	 -0.2983 	 -0.3266 	 0.5385 	 0.0412 	 0.0633 	 0.4480 	 0.0889 	 0.0530
1.9840 	 -0.7495 	 -0.2979 	 -0.3260 	 0.5431 	 0.0421 	 0.0638 	 0.4525 	 0.0908 	 0.0532
1.9940 	 -0.7440 	 -0.2975 	 -0.3253 	 0.5476 	 0.0431 	 0.0643 	 0.4571 	 0.0926 	 0.0534
2.0040 	 -0.7385 	 -0.2971 	 -0.3247 	 0.5522 	 0.0440 	 0.0649 	 0.4618 	 0.0945 	 0.0536
2.0140 	 -0.7329 	 -0.2966 	 -0.3240 	 0.5569 	 0.0450 	 0.0654 	 0.4665 	 0.0963 	 0.0537
2.0240 	 -0.7273 	 -0.2962 	 -0.3234 	 0.5616 	 0.0459 	 0.0660 	 0.4714 	 0.0982 	 0.0538
2.0341 	 -0.7217 	 -0.2957 	 -0.3227 	 0.5663 	 0.0469 	 0.0665 	 0.4764 	 0.1002 	 0.0539
2.0441 	 -0.7160 	 -0.2952 	 -0.3220 	 0.5711 	 0.0479 	 0.0670 	 0.4815 	 0.1021 	 0.0539
2.0541 	 -0.7102 	 -0.2947 	 -0.3214 	 0.5760 	 0.0490 	 0.0676 	 0.4868 	 0.1041 	 0.0539
2.0641 	 -0.7044 	 -0.2942 	 -0.3207 	 0.5809 	 0.0500 	 0.0681 	 0.4921 	 0.1061 	 0.0539
2.0741 	 -0.6986 	 -0.2937 	 -0.3200 	 0.5858 	 0.0511 	 0.0687 	 0.4976 	 0.1081 	 0.0538
2.0842 	 -0.6927 	 -0.2932 	 -0.3193 	 0.5908 	 0.0522 	 0.0692 	 0.5032 	 0.1101 	 0.0537
2.0942 	 -0.6868 	 -0.2927 	 -0.3186 	 0.5959 	 0.0533 	 0.0697 	 0.5089 	 0.1122 	 0.0535
2.1042 	 -0.6808 	 -0.2921 	 -0.3179 	 0.6010 	 0.0544 	 0.0703 	 0.5148 	 0.1142 	 0.0533
2.1142 	 -0.6747 	 -0.2916 	 -0.3172 	 0.6062 	 0.0556 	 0.0708 	 0.5208 	 0.1163 	 0.0530
2.1242 	 -0.6686 	 -0.2910 	 -0.3165 	 0.6115 	 0.0568 	 0.0713 	 0.5269 	 0.1185 	 0.0527
2.1343 	 -0.6625 	 -0.2905 	 -0.3158 	 0.6168 	 0.0580 	 0.0719 	 0.5332 	 0.1206 	 0.0523
2.1443 	 -0.6562 	 -0.2899 	 -0.3151 	 0.6222 	 0.0592 	 0.0724 	 0.5397 	 0.1228 	 0.0519
2.1543 	 -0.6500 	 -0.2893 	 -0.3143 	 0.6276 	 0.0604 	 0.0729 	 0.5463 	 0.1250 	 0.0514
2.1643 	 -0.6437 	 -0.2887 	 -0.3136 	 0.6331 	 0.0617 	 0.0734 	 0.5530 	 0.1272 	 0.0509
2.1743 	 -0.6373 	 -0.2880 	 -0.3129 	 0.6387 	 0.0630 	 0.0739 	 0.5600 	 0.1294 	 0.0503
2.1844 	 -0.6309 	 -0.2874 	 -0.3121 	 0.6443 	 0.0643 	 0.0744 	 0.5671 	 0.1317 	 0.0496
2.1944 	 -0.6244 	 -0.2867 	 -0.3114 	 0.6501 	 0.0656 	 0.0749 	 0.5744 	 0.1341 	 0.0489
2.2044 	 -0.6178 	 -0.2861 	 -0.3106 	 0.6558 	 0.0670 	 0.0754 	 0.5818 	 0.1364 	 0.0481
2.2144 	 -0.6112 	 -0.2854 	 -0.3099 	 0.6617 	 0.0684 	 0.0759 	 0.5956 	 0.1370 	 0.0470
2.2244 	 -0.6046 	 -0.2847 	 -0.3091 	 0.6677 	 0.0697 	 0.0763 	 0.6028 	 0.1397 	 0.0461
2.2345 	 -0.5979 	 -0.2840 	 -0.3083 	 0.6739 	 0.0711 	 0.0768 	 0.6153 	 0.1401 	 0.0435
2.2445 	 -0.5911 	 -0.2833 	 -0.3076 	 0.6801 	 0.0726 	 0.0772 	 0.6223 	 0.1431 	 0.0425
2.2545 	 -0.5842 	 -0.2825 	 -0.3068 	 0.6864 	 0.0740 	 0.0776 	 0.6343 	 0.1467 	 0.0377
2.2645 	 -0.5773 	 -0.2818 	 -0.3060 	 0.6928 	 0.0755 	 0.0780 	 0.6415 	 0.1499 	 0.0368
2.2745 	 -0.5703 	 -0.2810 	 -0.3052 	 0.6992 	 0.0770 	 0.0783 	 0.6489 	 0.1532 	 0.0359
2.2846 	 -0.5633 	 -0.2803 	 -0.3044 	 0.7058 	 0.0786 	 0.0787 	 0.6566 	 0.1566 	 0.0349
2.2946 	 -0.5562 	 -0.2795 	 -0.3036 	 0.7124 	 0.0801 	 0.0790 	 0.6647 	 0.1601 	 0.0339
2.3046 	 -0.5490 	 -0.2786 	 -0.3029 	 0.7191 	 0.0818 	 0.0794 	 0.6731 	 0.1639 	 0.0329
2.3146 	 -0.5418 	 -0.2778 	 -0.3021 	 0.7259 	 0.0834 	 0.0797 	 0.6818 	 0.1678 	 0.0318
2.3246 	 -0.5345 	 -0.2770 	 -0.3013 	 0.7327 	 0.0851 	 0.0800 	 0.6909 	 0.1719 	 0.0306
2.3347 	 -0.5271 	 -0.2761 	 -0.3005 	 0.7397 	 0.0869 	 0.0803 	 0.7005 	 0.1762 	 0.0295
2.3447 	 -0.5197 	 -0.2752 	 -0.2996 	 0.7468 	 0.0887 	 0.0806 	 0.7105 	 0.1807 	 0.0282
2.3547 	 -0.5121 	 -0.2743 	 -0.2988 	 0.7540 	 0.0905 	 0.0809 	 0.7210 	 0.1855 	 0.0269
2.3647 	 -0.5046 	 -0.2734 	 -0.2980 	 0.7612 	 0.0924 	 0.0811 	 0.7319 	 0.1905 	 0.0256
2.3747 	 -0.4969 	 -0.2725 	 -0.2972 	 0.7686 	 0.0943 	 0.0814 	 0.7434 	 0.1958 	 0.0241
2.3848 	 -0.4891 	 -0.2715 	 -0.2964 	 0.7761 	 0.0963 	 0.0816 	 0.7555 	 0.2015 	 0.0226
2.3948 	 -0.4813 	 -0.2706 	 -0.2956 	 0.7838 	 0.0984 	 0.0818 	 0.7682 	 0.2074 	 0.0210
2.4048 	 -0.4734 	 -0.2696 	 -0.2948 	 0.7915 	 0.1005 	 0.0820 	 0.7815 	 0.2137 	 0.0193
2.4148 	 -0.4655 	 -0.2685 	 -0.2939 	 0.7994 	 0.1026 	 0.0822 	 0.7956 	 0.2204 	 0.0175
2.4248 	 -0.4574 	 -0.2675 	 -0.2931 	 0.8075 	 0.1049 	 0.0824 	 0.8161 	 0.2269 	 0.0157
2.4349 	 -0.4493 	 -0.2664 	 -0.2923 	 0.8158 	 0.1072 	 0.0825 	 0.8367 	 0.2329 	 0.0146
2.4449 	 -0.4411 	 -0.2654 	 -0.2915 	 0.8242 	 0.1096 	 0.0827 	 0.8510 	 0.2414 	 0.0121
2.4549 	 -0.4328 	 -0.2642 	 -0.2906 	 0.8328 	 0.1120 	 0.0828 	 0.8661 	 0.2504 	 0.0094
2.4649 	 -0.4244 	 -0.2631 	 -0.2898 	 0.8416 	 0.1146 	 0.0829 	 0.8822 	 0.2602 	 0.0066
2.4749 	 -0.4159 	 -0.2619 	 -0.2890 	 0.8505 	 0.1172 	 0.0829 	 0.8991 	 0.2706 	 0.0035
2.4850 	 -0.4073 	 -0.2608 	 -0.2881 	 0.8596 	 0.1200 	 0.0829 	 0.9172 	 0.2819 	 0.0003
2.4950 	 -0.3987 	 -0.2595 	 -0.2873 	 0.8689 	 0.1229 	 0.0829 	 0.9363 	 0.2941 	 -0.0032
2.5050 	 -0.3899 	 -0.2583 	 -0.2865 	 0.8784 	 0.1259 	 0.0829 	 0.9567 	 0.3073 	 -0.0070
2.5150 	 -0.3811 	 -0.2570 	 -0.2856 	 0.8881 	 0.1291 	 0.0828 	 0.9784 	 0.3216 	 -0.0110
2.5251 	 -0.3721 	 -0.2557 	 -0.2848 	 0.8980 	 0.1324 	 0.0827 	 1.0016 	 0.3371 	 -0.0154
2.5351 	 -0.3631 	 -0.2544 	 -0.2840 	 0.9082 	 0.1358 	 0.0825 	 1.0323 	 0.3549 	 -0.0207
2.5451 	 -0.3539 	 -0.2530 	 -0.2832 	 0.9186 	 0.1395 	 0.0822 	 1.0573 	 0.3733 	 -0.0257
2.5551 	 -0.3447 	 -0.2516 	 -0.2823 	 0.9294 	 0.1433 	 0.0820 	 1.0954 	 0.3987 	 -0.0310
2.5651 	 -0.3353 	 -0.2501 	 -0.2815 	 0.9405 	 0.1474 	 0.0817 	 1.1314 	 0.4257 	 -0.0308
2.5752 	 -0.3258 	 -0.2486 	 -0.2807 	 0.9521 	 0.1519 	 0.0813 	 1.1985 	 0.4674 	 -0.0436
2.5852 	 -0.3162 	 -0.2471 	 -0.2799 	 0.9643 	 0.1567 	 0.0808 	 1.2312 	 0.4937 	 -0.0504
2.5952 	 -0.3065 	 -0.2455 	 -0.2791 	 0.9769 	 0.1618 	 0.0803 	 1.2781 	 0.5245 	 -0.0620
2.6052 	 -0.2966 	 -0.2438 	 -0.2783 	 0.9900 	 0.1673 	 0.0796 	 1.3203 	 0.5597 	 -0.0732
2.6152 	 -0.2866 	 -0.2421 	 -0.2775 	 1.0033 	 0.1730 	 0.0788 	 1.3413 	 0.5842 	 -0.0847
2.6253 	 -0.2765 	 -0.2403 	 -0.2767 	 1.0167 	 0.1789 	 0.0779 	 1.3468 	 0.6044 	 -0.0848
2.6353 	 -0.2663 	 -0.2385 	 -0.2759 	 1.0302 	 0.1851 	 0.0770 	 1.3409 	 0.6177 	 -0.0905
2.6453 	 -0.2559 	 -0.2366 	 -0.2752 	 1.0436 	 0.1914 	 0.0762 	 1.3352 	 0.6367 	 -0.0913
2.6553 	 -0.2453 	 -0.2347 	 -0.2744 	 1.0570 	 0.1978 	 0.0752 	 1.3288 	 0.6523 	 -0.0968
2.6653 	 -0.2347 	 -0.2327 	 -0.2737 	 1.0703 	 0.2044 	 0.0742 	 1.3331 	 0.6729 	 -0.1060
2.6754 	 -0.2239 	 -0.2306 	 -0.2729 	 1.0836 	 0.2113 	 0.0731 	 1.3322 	 0.6912 	 -0.1020
2.6854 	 -0.2130 	 -0.2284 	 -0.2722 	 1.0969 	 0.2183 	 0.0721 	 1.3182 	 0.7079 	 -0.1097
2.6954 	 -0.2019 	 -0.2262 	 -0.2715 	 1.1100 	 0.2255 	 0.0709 	 1.3031 	 0.7256 	 -0.1178
2.7054 	 -0.1907 	 -0.2239 	 -0.2708 	 1.1230 	 0.2328 	 0.0697 	 1.2922 	 0.7469 	 -0.1275
2.7154 	 -0.1794 	 -0.2215 	 -0.2701 	 1.1358 	 0.2404 	 0.0684 	 1.2773 	 0.7701 	 -0.1351
2.7255 	 -0.1680 	 -0.2191 	 -0.2694 	 1.1485 	 0.2482 	 0.0670 	 1.2547 	 0.7895 	 -0.1442
2.7355 	 -0.1564 	 -0.2166 	 -0.2687 	 1.1610 	 0.2562 	 0.0655 	 1.2348 	 0.8110 	 -0.1566
2.7455 	 -0.1447 	 -0.2140 	 -0.2681 	 1.1732 	 0.2645 	 0.0639 	 1.2057 	 0.8322 	 -0.1658
2.7555 	 -0.1329 	 -0.2113 	 -0.2674 	 1.1852 	 0.2729 	 0.0622 	 1.1756 	 0.8572 	 -0.1712
2.7655 	 -0.1210 	 -0.2085 	 -0.2668 	 1.1968 	 0.2817 	 0.0605 	 1.1418 	 0.8825 	 -0.1782
2.7756 	 -0.1089 	 -0.2056 	 -0.2662 	 1.2080 	 0.2906 	 0.0587 	 1.1002 	 0.9055 	 -0.1907
2.7856 	 -0.0968 	 -0.2027 	 -0.2657 	 1.2188 	 0.2999 	 0.0567 	 1.0561 	 0.9324 	 -0.2040
2.7956 	 -0.0845 	 -0.1996 	 -0.2651 	 1.2292 	 0.3093 	 0.0546 	 1.0013 	 0.9546 	 -0.2177
2.8056 	 -0.0721 	 -0.1965 	 -0.2646 	 1.2389 	 0.3190 	 0.0523 	 0.9391 	 0.9768 	 -0.2321
2.8156 	 -0.0597 	 -0.1932 	 -0.2641 	 1.2480 	 0.3289 	 0.0499 	 0.8707 	 1.0051 	 -0.2454
2.8257 	 -0.0471 	 -0.1899 	 -0.2636 	 1.2563 	 0.3391 	 0.0474 	 0.7908 	 1.0261 	 -0.2606
2.8357 	 -0.0345 	 -0.1864 	 -0.2631 	 1.2638 	 0.3495 	 0.0447 	 0.7002 	 1.0440 	 -0.2762
2.8457 	 -0.0218 	 -0.1829 	 -0.2627 	 1.2703 	 0.3600 	 0.0419 	 0.5978 	 1.0566 	 -0.2919
2.8557 	 -0.0090 	 -0.1792 	 -0.2623 	 1.2757 	 0.3706 	 0.0389 	 0.4836 	 1.0610 	 -0.3068
2.8657 	 0.0038 	 -0.1754 	 -0.2619 	 1.2800 	 0.3813 	 0.0358 	 0.3603 	 1.0560 	 -0.3149
2.8758 	 0.0166 	 -0.1716 	 -0.2616 	 1.2829 	 0.3917 	 0.0326 	 0.2243 	 1.0321 	 -0.3154
2.8858 	 0.0295 	 -0.1676 	 -0.2612 	 1.2844 	 0.4019 	 0.0294 	 0.0713 	 0.9937 	 -0.3170
2.8958 	 0.0423 	 -0.1635 	 -0.2610 	 1.2843 	 0.4117 	 0.0262 	 -0.0796 	 0.9585 	 -0.3180
2.9058 	 0.0552 	 -0.1593 	 -0.2607 	 1.2828 	 0.4210 	 0.0230 	 -0.2198 	 0.9108 	 -0.3236
2.9158 	 0.0680 	 -0.1551 	 -0.2605 	 1.2800 	 0.4299 	 0.0197 	 -0.3491 	 0.8568 	 -0.3257
2.9259 	 0.0808 	 -0.1507 	 -0.2603 	 1.2759 	 0.4382 	 0.0165 	 -0.4689 	 0.7989 	 -0.3242
2.9359 	 0.0936 	 -0.1463 	 -0.2602 	 1.2706 	 0.4459 	 0.0133 	 -0.5805 	 0.7386 	 -0.3194
2.9459 	 0.1063 	 -0.1418 	 -0.2601 	 1.2643 	 0.4529 	 0.0101 	 -0.6818 	 0.6699 	 -0.3120
2.9559 	 0.1189 	 -0.1372 	 -0.2600 	 1.2570 	 0.4593 	 0.0070 	 -0.7696 	 0.6126 	 -0.2976
2.9659 	 0.1315 	 -0.1326 	 -0.2599 	 1.2488 	 0.4651 	 0.0041 	 -0.8515 	 0.5486 	 -0.2878
2.9760 	 0.1439 	 -0.1279 	 -0.2599 	 1.2399 	 0.4703 	 0.0013 	 -0.9218 	 0.4879 	 -0.2699
2.9860 	 0.1563 	 -0.1232 	 -0.2599 	 1.2304 	 0.4749 	 -0.0013 	 -0.9822 	 0.4331 	 -0.2520
2.9960 	 0.1686 	 -0.1184 	 -0.2599 	 1.2203 	 0.4790 	 -0.0038 	 -1.0350 	 0.3834 	 -0.2352
3.0060 	 0.1808 	 -0.1136 	 -0.2600 	 1.2097 	 0.4826 	 -0.0061 	 -1.0822 	 0.3379 	 -0.2202
3.0160 	 0.1928 	 -0.1087 	 -0.2600 	 1.1986 	 0.4858 	 -0.0082 	 -1.1244 	 0.2898 	 -0.2052
3.0261 	 0.2048 	 -0.1039 	 -0.2601 	 1.1871 	 0.4885 	 -0.0102 	 -1.1634 	 0.2504 	 -0.1941
3.0361 	 0.2166 	 -0.0989 	 -0.2602 	 1.1753 	 0.4908 	 -0.0121 	 -1.1957 	 0.2109 	 -0.1862
3.0461 	 0.2283 	 -0.0940 	 -0.2604 	 1.1632 	 0.4927 	 -0.0139 	 -1.2311 	 0.1767 	 -0.1786
3.0561 	 0.2399 	 -0.0891 	 -0.2605 	 1.1507 	 0.4944 	 -0.0157 	 -1.2645 	 0.1443 	 -0.1728
3.0661 	 0.2514 	 -0.0841 	 -0.2607 	 1.1378 	 0.4957 	 -0.0174 	 -1.2963 	 0.1161 	 -0.1730
3.0762 	 0.2627 	 -0.0791 	 -0.2609 	 1.1248 	 0.4967 	 -0.0191 	 -1.3199 	 0.0871 	 -0.1644
3.0862 	 0.2739 	 -0.0742 	 -0.2611 	 1.1114 	 0.4974 	 -0.0207 	 -1.3462 	 0.0585 	 -0.1606
3.0962 	 0.2850 	 -0.0692 	 -0.2613 	 1.0978 	 0.4979 	 -0.0223 	 -1.3710 	 0.0311 	 -0.1580
3.1062 	 0.2959 	 -0.0642 	 -0.2615 	 1.0840 	 0.4981 	 -0.0239 	 -1.3886 	 0.0089 	 -0.1607
3.1162 	 0.3067 	 -0.0592 	 -0.2618 	 1.0700 	 0.4980 	 -0.0256 	 -1.4044 	 -0.0149 	 -0.1559
3.1263 	 0.3174 	 -0.0542 	 -0.2620 	 1.0559 	 0.4978 	 -0.0271 	 -1.3989 	 -0.0333 	 -0.1568
3.1363 	 0.3279 	 -0.0492 	 -0.2623 	 1.0418 	 0.4973 	 -0.0287 	 -1.4106 	 -0.0540 	 -0.1571
3.1463 	 0.3382 	 -0.0442 	 -0.2626 	 1.0277 	 0.4967 	 -0.0302 	 -1.4054 	 -0.0724 	 -0.1443
3.1563 	 0.3485 	 -0.0393 	 -0.2629 	 1.0136 	 0.4959 	 -0.0316 	 -1.4008 	 -0.0915 	 -0.1407
3.1663 	 0.3586 	 -0.0343 	 -0.2632 	 0.9995 	 0.4949 	 -0.0330 	 -1.4011 	 -0.1070 	 -0.1347
3.1764 	 0.3685 	 -0.0294 	 -0.2636 	 0.9856 	 0.4937 	 -0.0343 	 -1.3930 	 -0.1218 	 -0.1293
3.1864 	 0.3783 	 -0.0244 	 -0.2639 	 0.9717 	 0.4925 	 -0.0356 	 -1.3824 	 -0.1349 	 -0.1233
3.1964 	 0.3880 	 -0.0195 	 -0.2643 	 0.9579 	 0.4910 	 -0.0368 	 -1.3693 	 -0.1465 	 -0.1180
3.2064 	 0.3975 	 -0.0146 	 -0.2647 	 0.9442 	 0.4895 	 -0.0380 	 -1.3601 	 -0.1581 	 -0.1158
3.2164 	 0.4069 	 -0.0097 	 -0.2650 	 0.9308 	 0.4879 	 -0.0392 	 -1.3174 	 -0.1620 	 -0.1152
3.2265 	 0.4162 	 -0.0048 	 -0.2654 	 0.9177 	 0.4863 	 -0.0403 	 -1.2894 	 -0.1658 	 -0.1124
3.2365 	 0.4253 	 0.0001 	 -0.2659 	 0.9050 	 0.4846 	 -0.0414 	 -1.2254 	 -0.1599 	 -0.1098
3.2465 	 0.4343 	 0.0049 	 -0.2663 	 0.8931 	 0.4830 	 -0.0425 	 -1.1666 	 -0.1528 	 -0.1034
3.2565 	 0.4432 	 0.0098 	 -0.2667 	 0.8815 	 0.4815 	 -0.0435 	 -1.1422 	 -0.1546 	 -0.1003
3.2665 	 0.4520 	 0.0146 	 -0.2671 	 0.8702 	 0.4800 	 -0.0445 	 -1.1072 	 -0.1550 	 -0.0946
3.2766 	 0.4606 	 0.0194 	 -0.2676 	 0.8592 	 0.4784 	 -0.0454 	 -1.0841 	 -0.1563 	 -0.0912
3.2866 	 0.4692 	 0.0242 	 -0.2681 	 0.8485 	 0.4768 	 -0.0463 	 -1.0566 	 -0.1601 	 -0.0903
3.2966 	 0.4776 	 0.0289 	 -0.2685 	 0.8379 	 0.4752 	 -0.0472 	 -1.0403 	 -0.1585 	 -0.0893
3.3066 	 0.4860 	 0.0337 	 -0.2690 	 0.8276 	 0.4736 	 -0.0481 	 -1.0202 	 -0.1602 	 -0.0863
3.3166 	 0.4942 	 0.0384 	 -0.2695 	 0.8176 	 0.4720 	 -0.0490 	 -0.9940 	 -0.1604 	 -0.0842
3.3267 	 0.5024 	 0.0431 	 -0.2700 	 0.8077 	 0.4704 	 -0.0498 	 -0.9747 	 -0.1616 	 -0.0818
3.3367 	 0.5104 	 0.0478 	 -0.2705 	 0.7980 	 0.4688 	 -0.0506 	 -0.9564 	 -0.1627 	 -0.0794
3.3467 	 0.5184 	 0.0525 	 -0.2710 	 0.7885 	 0.4672 	 -0.0514 	 -0.9392 	 -0.1638 	 -0.0770
3.3567 	 0.5262 	 0.0572 	 -0.2715 	 0.7792 	 0.4655 	 -0.0522 	 -0.9228 	 -0.1649 	 -0.0748
3.3667 	 0.5340 	 0.0619 	 -0.2720 	 0.7700 	 0.4639 	 -0.0529 	 -0.8944 	 -0.1667 	 -0.0693
3.3768 	 0.5417 	 0.0665 	 -0.2726 	 0.7612 	 0.4622 	 -0.0536 	 -0.8713 	 -0.1649 	 -0.0663
3.3868 	 0.5492 	 0.0711 	 -0.2731 	 0.7525 	 0.4605 	 -0.0542 	 -0.8541 	 -0.1648 	 -0.0639
3.3968 	 0.5567 	 0.0757 	 -0.2737 	 0.7441 	 0.4589 	 -0.0548 	 -0.8315 	 -0.1603 	 -0.0604
3.4068 	 0.5641 	 0.0803 	 -0.2742 	 0.7359 	 0.4573 	 -0.0554 	 -0.8144 	 -0.1594 	 -0.0581
3.4168 	 0.5715 	 0.0849 	 -0.2748 	 0.7278 	 0.4557 	 -0.0560 	 -0.7939 	 -0.1539 	 -0.0539
3.4269 	 0.5787 	 0.0895 	 -0.2753 	 0.7199 	 0.4542 	 -0.0565 	 -0.7776 	 -0.1523 	 -0.0514
3.4369 	 0.5859 	 0.0940 	 -0.2759 	 0.7122 	 0.4527 	 -0.0570 	 -0.7619 	 -0.1508 	 -0.0491
3.4469 	 0.5930 	 0.0985 	 -0.2765 	 0.7047 	 0.4512 	 -0.0575 	 -0.7410 	 -0.1484 	 -0.0437
3.4569 	 0.6000 	 0.1030 	 -0.2771 	 0.6973 	 0.4497 	 -0.0579 	 -0.7257 	 -0.1468 	 -0.0410
3.4669 	 0.6070 	 0.1075 	 -0.2776 	 0.6902 	 0.4483 	 -0.0583 	 -0.7048 	 -0.1415 	 -0.0378
3.4770 	 0.6139 	 0.1120 	 -0.2782 	 0.6832 	 0.4469 	 -0.0587 	 -0.6899 	 -0.1394 	 -0.0351
3.4870 	 0.6207 	 0.1165 	 -0.2788 	 0.6763 	 0.4455 	 -0.0590 	 -0.6757 	 -0.1375 	 -0.0326
3.4970 	 0.6274 	 0.1209 	 -0.2794 	 0.6696 	 0.4441 	 -0.0594 	 -0.6613 	 -0.1356 	 -0.0370
3.5070 	 0.6341 	 0.1254 	 -0.2800 	 0.6631 	 0.4427 	 -0.0598 	 -0.6483 	 -0.1337 	 -0.0352
3.5170 	 0.6407 	 0.1298 	 -0.2806 	 0.6567 	 0.4414 	 -0.0601 	 -0.6313 	 -0.1316 	 -0.0281
3.5271 	 0.6473 	 0.1342 	 -0.2812 	 0.6504 	 0.4401 	 -0.0603 	 -0.6188 	 -0.1297 	 -0.0258
3.5371 	 0.6537 	 0.1386 	 -0.2818 	 0.6443 	 0.4388 	 -0.0606 	 -0.6069 	 -0.1278 	 -0.0237
3.5471 	 0.6602 	 0.1430 	 -0.2824 	 0.6383 	 0.4375 	 -0.0608 	 -0.5956 	 -0.1260 	 -0.0219
3.5571 	 0.6665 	 0.1474 	 -0.2830 	 0.6323 	 0.4363 	 -0.0610 	 -0.5848 	 -0.1241 	 -0.0204
3.5671 	 0.6728 	 0.1518 	 -0.2836 	 0.6265 	 0.4351 	 -0.0612 	 -0.5746 	 -0.1223 	 -0.0193
3.5772 	 0.6791 	 0.1561 	 -0.2843 	 0.6208 	 0.4338 	 -0.0614 	 -0.5651 	 -0.1204 	 -0.0187
3.5872 	 0.6853 	 0.1605 	 -0.2849 	 0.6152 	 0.4326 	 -0.0616 	 -0.5564 	 -0.1185 	 -0.0186
3.5972 	 0.6914 	 0.1648 	 -0.2855 	 0.6097 	 0.4315 	 -0.0618 	 -0.5486 	 -0.1167 	 -0.0196
3.6072 	 0.6975 	 0.1691 	 -0.2861 	 0.6042 	 0.4303 	 -0.0620 	 -0.5425 	 -0.1152 	 -0.0220
3.6172 	 0.7035 	 0.1734 	 -0.2867 	 0.5988 	 0.4292 	 -0.0622 	 -0.5395 	 -0.1150 	 -0.0266
3.6273 	 0.7095 	 0.1777 	 -0.2874 	 0.5934 	 0.4280 	 -0.0625 	 -0.5350 	 -0.1196 	 -0.0327
3.6373 	 0.7154 	 0.1820 	 -0.2880 	 0.5880 	 0.4267 	 -0.0629 	 -0.5396 	 -0.1299 	 -0.0339
3.6473 	 0.7213 	 0.1863 	 -0.2886 	 0.5826 	 0.4254 	 -0.0632 	 -0.5391 	 -0.1394 	 -0.0293
3.6573 	 0.7271 	 0.1905 	 -0.2893 	 0.5773 	 0.4240 	 -0.0635 	 -0.5344 	 -0.1445 	 -0.0245
3.6673 	 0.7329 	 0.1948 	 -0.2899 	 0.5719 	 0.4225 	 -0.0637 	 -0.5286 	 -0.1471 	 -0.0212
3.6774 	 0.7386 	 0.1990 	 -0.2905 	 0.5667 	 0.4210 	 -0.0639 	 -0.5228 	 -0.1485 	 -0.0191
3.6874 	 0.7442 	 0.2032 	 -0.2912 	 0.5615 	 0.4195 	 -0.0641 	 -0.5174 	 -0.1496 	 -0.0179
3.6974 	 0.7498 	 0.2074 	 -0.2918 	 0.5563 	 0.4180 	 -0.0643 	 -0.5127 	 -0.1507 	 -0.0173
3.7074 	 0.7554 	 0.2116 	 -0.2925 	 0.5512 	 0.4165 	 -0.0644 	 -0.5089 	 -0.1523 	 -0.0170
3.7174 	 0.7609 	 0.2157 	 -0.2931 	 0.5461 	 0.4150 	 -0.0646 	 -0.5061 	 -0.1546 	 -0.0168
3.7275 	 0.7663 	 0.2199 	 -0.2938 	 0.5410 	 0.4134 	 -0.0648 	 -0.5041 	 -0.1580 	 -0.0162
3.7375 	 0.7717 	 0.2240 	 -0.2944 	 0.5360 	 0.4118 	 -0.0649 	 -0.5025 	 -0.1625 	 -0.0145
3.7475 	 0.7770 	 0.2281 	 -0.2951 	 0.5310 	 0.4101 	 -0.0651 	 -0.5006 	 -0.1675 	 -0.0115
3.7575 	 0.7823 	 0.2322 	 -0.2957 	 0.5260 	 0.4084 	 -0.0651 	 -0.4977 	 -0.1722 	 -0.0075
3.7675 	 0.7876 	 0.2363 	 -0.2964 	 0.5210 	 0.4067 	 -0.0652 	 -0.4936 	 -0.1761 	 -0.0032
3.7776 	 0.7928 	 0.2404 	 -0.2970 	 0.5161 	 0.4049 	 -0.0652 	 -0.4888 	 -0.1788 	 0.0009
3.7876 	 0.7979 	 0.2444 	 -0.2977 	 0.5112 	 0.4031 	 -0.0652 	 -0.4836 	 -0.1807 	 0.0045
3.7976 	 0.8030 	 0.2485 	 -0.2983 	 0.5064 	 0.4013 	 -0.0651 	 -0.4782 	 -0.1819 	 0.0075
3.8076 	 0.8081 	 0.2525 	 -0.2990 	 0.5016 	 0.3995 	 -0.0650 	 -0.4729 	 -0.1826 	 0.0100
3.8176 	 0.8131 	 0.2565 	 -0.2996 	 0.4969 	 0.3976 	 -0.0649 	 -0.4676 	 -0.1830 	 0.0121
3.8277 	 0.8180 	 0.2605 	 -0.3003 	 0.4922 	 0.3958 	 -0.0648 	 -0.4624 	 -0.1832 	 0.0139
3.8377 	 0.8229 	 0.2644 	 -0.3009 	 0.4876 	 0.3940 	 -0.0646 	 -0.4574 	 -0.1832 	 0.0153
3.8477 	 0.8278 	 0.2684 	 -0.3016 	 0.4831 	 0.3921 	 -0.0645 	 -0.4525 	 -0.1831 	 0.0166
3.8577 	 0.8326 	 0.2723 	 -0.3022 	 0.4786 	 0.3903 	 -0.0643 	 -0.4477 	 -0.1829 	 0.0176
3.8677 	 0.8374 	 0.2762 	 -0.3029 	 0.4741 	 0.3885 	 -0.0641 	 -0.4432 	 -0.1827 	 0.0185
3.8778 	 0.8421 	 0.2801 	 -0.3035 	 0.4697 	 0.3866 	 -0.0639 	 -0.4387 	 -0.1825 	 0.0193
3.8878 	 0.8468 	 0.2839 	 -0.3041 	 0.4653 	 0.3848 	 -0.0637 	 -0.4344 	 -0.1822 	 0.0200
3.8978 	 0.8515 	 0.2878 	 -0.3048 	 0.4610 	 0.3830 	 -0.0635 	 -0.4302 	 -0.1819 	 0.0205
3.9078 	 0.8560 	 0.2916 	 -0.3054 	 0.4567 	 0.3812 	 -0.0633 	 -0.4261 	 -0.1816 	 0.0210
3.9178 	 0.8606 	 0.2954 	 -0.3060 	 0.4524 	 0.3793 	 -0.0631 	 -0.4221 	 -0.1812 	 0.0215
3.9279 	 0.8651 	 0.2992 	 -0.3067 	 0.4482 	 0.3775 	 -0.0629 	 -0.4182 	 -0.1809 	 0.0219
3.9379 	 0.8696 	 0.3030 	 -0.3073 	 0.4441 	 0.3757 	 -0.0627 	 -0.4144 	 -0.1806 	 0.0222
3.9479 	 0.8740 	 0.3067 	 -0.3079 	 0.4399 	 0.3739 	 -0.0625 	 -0.4108 	 -0.1803 	 0.0225
3.9579 	 0.8784 	 0.3105 	 -0.3086 	 0.4358 	 0.3721 	 -0.0622 	 -0.4072 	 -0.1799 	 0.0228
3.9679 	 0.8828 	 0.3142 	 -0.3092 	 0.4318 	 0.3703 	 -0.0620 	 -0.4037 	 -0.1796 	 0.0230
3.9780 	 0.8871 	 0.3179 	 -0.3098 	 0.4277 	 0.3685 	 -0.0618 	 -0.4002 	 -0.1793 	 0.0232
3.9880 	 0.8913 	 0.3216 	 -0.3104 	 0.4237 	 0.3667 	 -0.0615 	 -0.3969 	 -0.1790 	 0.0234
3.9980 	 0.8955 	 0.3252 	 -0.3110 	 0.4198 	 0.3649 	 -0.0613 	 -0.3936 	 -0.1787 	 0.0235
4.0080 	 0.8997 	 0.3289 	 -0.3117 	 0.4159 	 0.3631 	 -0.0611 	 -0.3904 	 -0.1784 	 0.0237
4.0180 	 0.9039 	 0.3325 	 -0.3123 	 0.4120 	 0.3613 	 -0.0608 	 -0.3873 	 -0.1780 	 0.0238
4.0281 	 0.9080 	 0.3361 	 -0.3129 	 0.4081 	 0.3596 	 -0.0606 	 -0.3843 	 -0.1777 	 0.0239
4.0381 	 0.9121 	 0.3397 	 -0.3135 	 0.4043 	 0.3578 	 -0.0604 	 -0.3813 	 -0.1774 	 0.0240
4.0481 	 0.9161 	 0.3433 	 -0.3141 	 0.4005 	 0.3560 	 -0.0601 	 -0.3783 	 -0.1771 	 0.0241
4.0581 	 0.9201 	 0.3469 	 -0.3147 	 0.3967 	 0.3542 	 -0.0599 	 -0.3755 	 -0.1768 	 0.0242
4.0681 	 0.9240 	 0.3504 	 -0.3153 	 0.3929 	 0.3525 	 -0.0596 	 -0.3727 	 -0.1765 	 0.0243
4.0782 	 0.9280 	 0.3539 	 -0.3159 	 0.3892 	 0.3507 	 -0.0594 	 -0.3699 	 -0.1762 	 0.0244
4.0882 	 0.9318 	 0.3574 	 -0.3165 	 0.3855 	 0.3489 	 -0.0591 	 -0.3672 	 -0.1759 	 0.0244
4.0982 	 0.9357 	 0.3609 	 -0.3171 	 0.3818 	 0.3472 	 -0.0589 	 -0.3646 	 -0.1756 	 0.0245
4.1082 	 0.9395 	 0.3644 	 -0.3176 	 0.3782 	 0.3454 	 -0.0586 	 -0.3620 	 -0.1753 	 0.0246
4.1182 	 0.9433 	 0.3678 	 -0.3182 	 0.3746 	 0.3437 	 -0.0584 	 -0.3594 	 -0.1750 	 0.0246
4.1283 	 0.9470 	 0.3713 	 -0.3188 	 0.3710 	 0.3419 	 -0.0582 	 -0.3569 	 -0.1748 	 0.0247
4.1383 	 0.9507 	 0.3747 	 -0.3194 	 0.3674 	 0.3402 	 -0.0579 	 -0.3545 	 -0.1745 	 0.0248
4.1483 	 0.9544 	 0.3781 	 -0.3200 	 0.3639 	 0.3384 	 -0.0577 	 -0.3521 	 -0.1742 	 0.0248
4.1583 	 0.9580 	 0.3815 	 -0.3206 	 0.3604 	 0.3367 	 -0.0574 	 -0.3497 	 -0.1739 	 0.0249
4.1683 	 0.9616 	 0.3848 	 -0.3211 	 0.3569 	 0.3349 	 -0.0572 	 -0.3474 	 -0.1736 	 0.0250
4.1784 	 0.9651 	 0.3882 	 -0.3217 	 0.3534 	 0.3332 	 -0.0569 	 -0.3452 	 -0.1733 	 0.0250
4.1884 	 0.9687 	 0.3915 	 -0.3223 	 0.3500 	 0.3314 	 -0.0567 	 -0.3429 	 -0.1730 	 0.0251
4.1984 	 0.9722 	 0.3948 	 -0.3228 	 0.3465 	 0.3297 	 -0.0564 	 -0.3407 	 -0.1728 	 0.0252
4.2084 	 0.9756 	 0.3981 	 -0.3234 	 0.3431 	 0.3280 	 -0.0562 	 -0.3386 	 -0.1725 	 0.0252
4.2184 	 0.9790 	 0.4014 	 -0.3240 	 0.3398 	 0.3263 	 -0.0559 	 -0.3365 	 -0.1722 	 0.0253
4.2285 	 0.9824 	 0.4047 	 -0.3245 	 0.3364 	 0.3245 	 -0.0556 	 -0.3344 	 -0.1719 	 0.0254
4.2385 	 0.9858 	 0.4079 	 -0.3251 	 0.3331 	 0.3228 	 -0.0554 	 -0.3324 	 -0.1716 	 0.0254
4.2485 	 0.9891 	 0.4111 	 -0.3256 	 0.3297 	 0.3211 	 -0.0551 	 -0.3304 	 -0.1713 	 0.0255
4.2585 	 0.9924 	 0.4143 	 -0.3262 	 0.3264 	 0.3194 	 -0.0549 	 -0.3284 	 -0.1710 	 0.0256
4.2685 	 0.9956 	 0.4175 	 -0.3267 	 0.3232 	 0.3177 	 -0.0546 	 -0.3265 	 -0.1707 	 0.0257
4.2786 	 0.9989 	 0.4207 	 -0.3273 	 0.3199 	 0.3160 	 -0.0544 	 -0.3246 	 -0.1705 	 0.0258
4.2886 	 1.0021 	 0.4239 	 -0.3278 	 0.3167 	 0.3143 	 -0.0541 	 -0.3227 	 -0.1702 	 0.0259
4.2986 	 1.0052 	 0.4270 	 -0.3284 	 0.3134 	 0.3126 	 -0.0538 	 -0.3209 	 -0.1699 	 0.0260
4.3086 	 1.0083 	 0.4301 	 -0.3289 	 0.3102 	 0.3109 	 -0.0536 	 -0.3191 	 -0.1696 	 0.0261
4.3186 	 1.0114 	 0.4332 	 -0.3294 	 0.3070 	 0.3092 	 -0.0533 	 -0.3173 	 -0.1693 	 0.0262
4.3287 	 1.0145 	 0.4363 	 -0.3300 	 0.3039 	 0.3075 	 -0.0531 	 -0.3156 	 -0.1690 	 0.0263
4.3387 	 1.0175 	 0.4394 	 -0.3305 	 0.3007 	 0.3058 	 -0.0528 	 -0.3139 	 -0.1687 	 0.0264
4.3487 	 1.0205 	 0.4424 	 -0.3310 	 0.2976 	 0.3041 	 -0.0525 	 -0.3122 	 -0.1684 	 0.0265
4.3587 	 1.0235 	 0.4455 	 -0.3316 	 0.2945 	 0.3024 	 -0.0523 	 -0.3106 	 -0.1681 	 0.0266
4.3687 	 1.0264 	 0.4485 	 -0.3321 	 0.2913 	 0.3007 	 -0.0520 	 -0.3090 	 -0.1678 	 0.0267
4.3788 	 1.0293 	 0.4515 	 -0.3326 	 0.2883 	 0.2990 	 -0.0517 	 -0.3074 	 -0.1675 	 0.0268
4.3888 	 1.0322 	 0.4545 	 -0.3331 	 0.2852 	 0.2973 	 -0.0515 	 -0.3058 	 -0.1672 	 0.0269
4.3988 	 1.0350 	 0.4575 	 -0.3336 	 0.2821 	 0.2957 	 -0.0512 	 -0.3043 	 -0.1670 	 0.0270
4.4088 	 1.0378 	 0.4604 	 -0.3341 	 0.2791 	 0.2940 	 -0.0509 	 -0.3027 	 -0.1667 	 0.0271
4.4188 	 1.0406 	 0.4634 	 -0.3346 	 0.2761 	 0.2923 	 -0.0506 	 -0.3012 	 -0.1664 	 0.0272
4.4289 	 1.0434 	 0.4663 	 -0.3352 	 0.2731 	 0.2907 	 -0.0504 	 -0.2998 	 -0.1661 	 0.0273
4.4389 	 1.0461 	 0.4692 	 -0.3357 	 0.2701 	 0.2890 	 -0.0501 	 -0.2983 	 -0.1658 	 0.0274
4.4489 	 1.0488 	 0.4721 	 -0.3362 	 0.2671 	 0.2873 	 -0.0498 	 -0.2969 	 -0.1655 	 0.0275
4.4589 	 1.0514 	 0.4749 	 -0.3367 	 0.2641 	 0.2857 	 -0.0495 	 -0.2955 	 -0.1652 	 0.0276
4.4689 	 1.0541 	 0.4778 	 -0.3371 	 0.2612 	 0.2840 	 -0.0493 	 -0.2941 	 -0.1649 	 0.0278
4.4790 	 1.0567 	 0.4806 	 -0.3376 	 0.2582 	 0.2824 	 -0.0490 	 -0.2928 	 -0.1646 	 0.0279
4.4890 	 1.0593 	 0.4835 	 -0.3381 	 0.2553 	 0.2807 	 -0.0487 	 -0.2914 	 -0.1643 	 0.0280
4.4990 	 1.0618 	 0.4863 	 -0.3386 	 0.2524 	 0.2791 	 -0.0484 	 -0.2901 	 -0.1640 	 0.0281
4.5090 	 1.0643 	 0.4890 	 -0.3391 	 0.2495 	 0.2775 	 -0.0482 	 -0.2888 	 -0.1637 	 0.0282
4.5190 	 1.0668 	 0.4918 	 -0.3396 	 0.2466 	 0.2758 	 -0.0479 	 -0.2875 	 -0.1634 	 0.0283
4.5291 	 1.0693 	 0.4946 	 -0.3401 	 0.2437 	 0.2742 	 -0.0476 	 -0.2862 	 -0.1631 	 0.0284
4.5391 	 1.0717 	 0.4973 	 -0.3405 	 0.2408 	 0.2725 	 -0.0473 	 -0.2850 	 -0.1628 	 0.0285
4.5491 	 1.0741 	 0.5000 	 -0.3410 	 0.2380 	 0.2709 	 -0.0470 	 -0.2838 	 -0.1625 	 0.0286
4.5591 	 1.0765 	 0.5027 	 -0.3415 	 0.2352 	 0.2693 	 -0.0467 	 -0.2826 	 -0.1622 	 0.0287
4.5691 	 1.0788 	 0.5054 	 -0.3419 	 0.2323 	 0.2677 	 -0.0464 	 -0.2814 	 -0.1619 	 0.0288
4.5792 	 1.0811 	 0.5081 	 -0.3424 	 0.2295 	 0.2660 	 -0.0461 	 -0.2802 	 -0.1616 	 0.0289
4.5892 	 1.0834 	 0.5108 	 -0.3429 	 0.2267 	 0.2644 	 -0.0459 	 -0.2790 	 -0.1613 	 0.0290
4.5992 	 1.0857 	 0.5134 	 -0.3433 	 0.2239 	 0.2628 	 -0.0456 	 -0.2779 	 -0.1610 	 0.0290
4.6092 	 1.0879 	 0.5160 	 -0.3438 	 0.2212 	 0.2612 	 -0.0453 	 -0.2768 	 -0.1607 	 0.0291
4.6192 	 1.0901 	 0.5186 	 -0.3442 	 0.2184 	 0.2596 	 -0.0450 	 -0.2705 	 -0.1563 	 0.0299
4.6293 	 1.0923 	 0.5212 	 -0.3447 	 0.2157 	 0.2580 	 -0.0447 	 -0.2690 	 -0.1557 	 0.0300
4.6393 	 1.0944 	 0.5238 	 -0.3451 	 0.2130 	 0.2565 	 -0.0444 	 -0.2675 	 -0.1550 	 0.0301
4.6493 	 1.0965 	 0.5264 	 -0.3456 	 0.2103 	 0.2549 	 -0.0441 	 -0.2661 	 -0.1545 	 0.0302
4.6593 	 1.0986 	 0.5289 	 -0.3460 	 0.2077 	 0.2534 	 -0.0438 	 -0.2646 	 -0.1539 	 0.0303
4.6693 	 1.1007 	 0.5315 	 -0.3464 	 0.2050 	 0.2518 	 -0.0435 	 -0.2632 	 -0.1533 	 0.0304
4.6794 	 1.1027 	 0.5340 	 -0.3469 	 0.2024 	 0.2503 	 -0.0432 	 -0.2619 	 -0.1527 	 0.0305
4.6894 	 1.1047 	 0.5365 	 -0.3473 	 0.1998 	 0.2488 	 -0.0429 	 -0.2605 	 -0.1522 	 0.0306
4.6994 	 1.1067 	 0.5390 	 -0.3477 	 0.1972 	 0.2473 	 -0.0426 	 -0.2591 	 -0.1516 	 0.0307
4.7094 	 1.1087 	 0.5414 	 -0.3482 	 0.1946 	 0.2457 	 -0.0422 	 -0.2578 	 -0.1511 	 0.0307
4.7194 	 1.1106 	 0.5439 	 -0.3486 	 0.1920 	 0.2442 	 -0.0419 	 -0.2565 	 -0.1505 	 0.0308
4.7295 	 1.1125 	 0.5463 	 -0.3490 	 0.1894 	 0.2427 	 -0.0416 	 -0.2553 	 -0.1500 	 0.0309
4.7395 	 1.1144 	 0.5487 	 -0.3494 	 0.1869 	 0.2412 	 -0.0413 	 -0.2540 	 -0.1495 	 0.0309
4.7495 	 1.1163 	 0.5512 	 -0.3498 	 0.1844 	 0.2397 	 -0.0410 	 -0.2528 	 -0.1490 	 0.0310
4.7595 	 1.1181 	 0.5535 	 -0.3502 	 0.1818 	 0.2382 	 -0.0407 	 -0.2515 	 -0.1485 	 0.0310
4.7695 	 1.1199 	 0.5559 	 -0.3507 	 0.1793 	 0.2368 	 -0.0404 	 -0.2503 	 -0.1480 	 0.0311
4.7796 	 1.1217 	 0.5583 	 -0.3511 	 0.1768 	 0.2353 	 -0.0401 	 -0.2492 	 -0.1475 	 0.0311
4.7896 	 1.1235 	 0.5606 	 -0.3515 	 0.1743 	 0.2338 	 -0.0398 	 -0.2480 	 -0.1470 	 0.0312
4.7996 	 1.1252 	 0.5630 	 -0.3519 	 0.1718 	 0.2323 	 -0.0395 	 -0.2469 	 -0.1466 	 0.0312
4.8096 	 1.1269 	 0.5653 	 -0.3522 	 0.1694 	 0.2309 	 -0.0391 	 -0.2457 	 -0.1461 	 0.0312
4.8196 	 1.1286 	 0.5676 	 -0.3526 	 0.1669 	 0.2294 	 -0.0388 	 -0.2446 	 -0.1456 	 0.0312
4.8297 	 1.1303 	 0.5699 	 -0.3530 	 0.1645 	 0.2280 	 -0.0385 	 -0.2391 	 -0.1403 	 0.0298
4.8397 	 1.1319 	 0.5722 	 -0.3534 	 0.1621 	 0.2266 	 -0.0382 	 -0.2377 	 -0.1395 	 0.0297
4.8497 	 1.1335 	 0.5744 	 -0.3538 	 0.1597 	 0.2252 	 -0.0379 	 -0.2363 	 -0.1388 	 0.0296
4.8597 	 1.1351 	 0.5767 	 -0.3542 	 0.1574 	 0.2238 	 -0.0376 	 -0.2350 	 -0.1380 	 0.0295
4.8697 	 1.1367 	 0.5789 	 -0.3545 	 0.1550 	 0.2224 	 -0.0373 	 -0.2336 	 -0.1373 	 0.0294
4.8798 	 1.1382 	 0.5811 	 -0.3549 	 0.1527 	 0.2211 	 -0.0370 	 -0.2323 	 -0.1366 	 0.0293
4.8898 	 1.1397 	 0.5834 	 -0.3553 	 0.1504 	 0.2197 	 -0.0368 	 -0.2310 	 -0.1359 	 0.0292
4.8998 	 1.1412 	 0.5855 	 -0.3557 	 0.1481 	 0.2183 	 -0.0365 	 -0.2298 	 -0.1352 	 0.0291
4.9098 	 1.1427 	 0.5877 	 -0.3560 	 0.1458 	 0.2170 	 -0.0362 	 -0.2285 	 -0.1345 	 0.0290
4.9198 	 1.1441 	 0.5899 	 -0.3564 	 0.1435 	 0.2156 	 -0.0359 	 -0.2273 	 -0.1338 	 0.0289
4.9299 	 1.1456 	 0.5920 	 -0.3567 	 0.1412 	 0.2143 	 -0.0356 	 -0.2261 	 -0.1332 	 0.0288
4.9399 	 1.1470 	 0.5942 	 -0.3571 	 0.1390 	 0.2130 	 -0.0353 	 -0.2249 	 -0.1325 	 0.0287
4.9499 	 1.1484 	 0.5963 	 -0.3574 	 0.1367 	 0.2116 	 -0.0350 	 -0.2238 	 -0.1319 	 0.0286
4.9599 	 1.1497 	 0.5984 	 -0.3578 	 0.1345 	 0.2103 	 -0.0347 	 -0.2226 	 -0.1312 	 0.0285
4.9699 	 1.1511 	 0.6005 	 -0.3581 	 0.1322 	 0.2090 	 -0.0344 	 -0.2215 	 -0.1306 	 0.0284
4.9800 	 1.1524 	 0.6026 	 -0.3585 	 0.1300 	 0.2077 	 -0.0342 	 -0.2204 	 -0.1300 	 0.0284
4.9900 	 1.1537 	 0.6047 	 -0.3588 	 0.1278 	 0.2064 	 -0.0339 	 -0.2193 	 -0.1294 	 0.0283
