100-Body Run with i = 87 th particle. (Units in pc,M_solar,Myr, km s-1) 

time		 x 		 y 		 z 		 xdot 		 ydot 		 zdot 		 xddot 		 yddot 		 zddot
0.0000 	 0.1949 	 -0.0262 	 -1.0637 	 -0.0099 	 -0.0298 	 -0.0098 	 -0.1657 	 -0.0220 	 0.3176
0.0100 	 0.1948 	 -0.0265 	 -1.0637 	 -0.0116 	 -0.0300 	 -0.0066 	 -0.1656 	 -0.0217 	 0.3177
0.0200 	 0.1947 	 -0.0268 	 -1.0638 	 -0.0132 	 -0.0302 	 -0.0034 	 -0.1655 	 -0.0214 	 0.3178
0.0301 	 0.1945 	 -0.0271 	 -1.0638 	 -0.0149 	 -0.0304 	 -0.0002 	 -0.1654 	 -0.0211 	 0.3178
0.0401 	 0.1944 	 -0.0274 	 -1.0638 	 -0.0165 	 -0.0306 	 0.0029 	 -0.1652 	 -0.0207 	 0.3179
0.0501 	 0.1942 	 -0.0277 	 -1.0638 	 -0.0182 	 -0.0308 	 0.0061 	 -0.1651 	 -0.0204 	 0.3181
0.0601 	 0.1940 	 -0.0280 	 -1.0637 	 -0.0198 	 -0.0310 	 0.0093 	 -0.1649 	 -0.0201 	 0.3182
0.0701 	 0.1938 	 -0.0283 	 -1.0636 	 -0.0215 	 -0.0312 	 0.0125 	 -0.1648 	 -0.0197 	 0.3184
0.0802 	 0.1936 	 -0.0287 	 -1.0634 	 -0.0231 	 -0.0314 	 0.0157 	 -0.1646 	 -0.0194 	 0.3186
0.0902 	 0.1933 	 -0.0290 	 -1.0633 	 -0.0248 	 -0.0316 	 0.0189 	 -0.1644 	 -0.0191 	 0.3188
0.1002 	 0.1931 	 -0.0293 	 -1.0630 	 -0.0264 	 -0.0318 	 0.0221 	 -0.1643 	 -0.0187 	 0.3191
0.1102 	 0.1928 	 -0.0296 	 -1.0628 	 -0.0281 	 -0.0320 	 0.0253 	 -0.1641 	 -0.0184 	 0.3193
0.1202 	 0.1925 	 -0.0299 	 -1.0625 	 -0.0297 	 -0.0322 	 0.0285 	 -0.1639 	 -0.0180 	 0.3196
0.1303 	 0.1922 	 -0.0303 	 -1.0622 	 -0.0314 	 -0.0324 	 0.0317 	 -0.1637 	 -0.0177 	 0.3199
0.1403 	 0.1919 	 -0.0306 	 -1.0619 	 -0.0330 	 -0.0325 	 0.0349 	 -0.1635 	 -0.0173 	 0.3203
0.1503 	 0.1916 	 -0.0309 	 -1.0615 	 -0.0346 	 -0.0327 	 0.0381 	 -0.1633 	 -0.0170 	 0.3206
0.1603 	 0.1912 	 -0.0312 	 -1.0611 	 -0.0363 	 -0.0329 	 0.0413 	 -0.1630 	 -0.0166 	 0.3210
0.1703 	 0.1908 	 -0.0316 	 -1.0607 	 -0.0379 	 -0.0331 	 0.0445 	 -0.1628 	 -0.0162 	 0.3214
0.1804 	 0.1904 	 -0.0319 	 -1.0603 	 -0.0395 	 -0.0332 	 0.0478 	 -0.1626 	 -0.0159 	 0.3218
0.1904 	 0.1900 	 -0.0322 	 -1.0598 	 -0.0412 	 -0.0334 	 0.0510 	 -0.1623 	 -0.0155 	 0.3223
0.2004 	 0.1896 	 -0.0326 	 -1.0592 	 -0.0428 	 -0.0335 	 0.0542 	 -0.1620 	 -0.0151 	 0.3227
0.2104 	 0.1892 	 -0.0329 	 -1.0587 	 -0.0444 	 -0.0337 	 0.0575 	 -0.1618 	 -0.0147 	 0.3232
0.2204 	 0.1887 	 -0.0332 	 -1.0581 	 -0.0460 	 -0.0338 	 0.0607 	 -0.1615 	 -0.0144 	 0.3237
0.2305 	 0.1883 	 -0.0336 	 -1.0575 	 -0.0476 	 -0.0340 	 0.0639 	 -0.1612 	 -0.0140 	 0.3243
0.2405 	 0.1878 	 -0.0339 	 -1.0568 	 -0.0493 	 -0.0341 	 0.0672 	 -0.1609 	 -0.0136 	 0.3248
0.2505 	 0.1873 	 -0.0343 	 -1.0561 	 -0.0509 	 -0.0342 	 0.0705 	 -0.1606 	 -0.0132 	 0.3254
0.2605 	 0.1868 	 -0.0346 	 -1.0554 	 -0.0525 	 -0.0344 	 0.0737 	 -0.1603 	 -0.0128 	 0.3260
0.2705 	 0.1862 	 -0.0350 	 -1.0546 	 -0.0541 	 -0.0345 	 0.0770 	 -0.1600 	 -0.0124 	 0.3267
0.2806 	 0.1857 	 -0.0353 	 -1.0538 	 -0.0557 	 -0.0346 	 0.0803 	 -0.1597 	 -0.0120 	 0.3273
0.2906 	 0.1851 	 -0.0356 	 -1.0530 	 -0.0573 	 -0.0347 	 0.0835 	 -0.1593 	 -0.0116 	 0.3280
0.3006 	 0.1845 	 -0.0360 	 -1.0522 	 -0.0589 	 -0.0348 	 0.0868 	 -0.1590 	 -0.0112 	 0.3287
0.3106 	 0.1839 	 -0.0363 	 -1.0513 	 -0.0605 	 -0.0350 	 0.0901 	 -0.1586 	 -0.0107 	 0.3294
0.3206 	 0.1833 	 -0.0367 	 -1.0504 	 -0.0621 	 -0.0351 	 0.0934 	 -0.1583 	 -0.0103 	 0.3302
0.3307 	 0.1827 	 -0.0370 	 -1.0494 	 -0.0636 	 -0.0352 	 0.0967 	 -0.1579 	 -0.0099 	 0.3309
0.3407 	 0.1820 	 -0.0374 	 -1.0484 	 -0.0652 	 -0.0353 	 0.1001 	 -0.1575 	 -0.0094 	 0.3317
0.3507 	 0.1814 	 -0.0378 	 -1.0474 	 -0.0668 	 -0.0354 	 0.1034 	 -0.1572 	 -0.0090 	 0.3325
0.3607 	 0.1807 	 -0.0381 	 -1.0463 	 -0.0684 	 -0.0354 	 0.1067 	 -0.1568 	 -0.0085 	 0.3334
0.3707 	 0.1800 	 -0.0385 	 -1.0453 	 -0.0699 	 -0.0355 	 0.1101 	 -0.1564 	 -0.0081 	 0.3343
0.3808 	 0.1793 	 -0.0388 	 -1.0441 	 -0.0715 	 -0.0356 	 0.1134 	 -0.1559 	 -0.0076 	 0.3352
0.3908 	 0.1786 	 -0.0392 	 -1.0430 	 -0.0731 	 -0.0357 	 0.1168 	 -0.1555 	 -0.0072 	 0.3361
0.4008 	 0.1778 	 -0.0395 	 -1.0418 	 -0.0746 	 -0.0357 	 0.1202 	 -0.1551 	 -0.0067 	 0.3370
0.4108 	 0.1771 	 -0.0399 	 -1.0406 	 -0.0762 	 -0.0358 	 0.1235 	 -0.1546 	 -0.0062 	 0.3380
0.4208 	 0.1763 	 -0.0403 	 -1.0393 	 -0.0777 	 -0.0359 	 0.1269 	 -0.1542 	 -0.0057 	 0.3390
0.4309 	 0.1755 	 -0.0406 	 -1.0380 	 -0.0793 	 -0.0359 	 0.1303 	 -0.1537 	 -0.0052 	 0.3400
0.4409 	 0.1747 	 -0.0410 	 -1.0367 	 -0.0808 	 -0.0360 	 0.1338 	 -0.1532 	 -0.0047 	 0.3410
0.4509 	 0.1739 	 -0.0413 	 -1.0354 	 -0.0823 	 -0.0360 	 0.1372 	 -0.1528 	 -0.0042 	 0.3421
0.4609 	 0.1731 	 -0.0417 	 -1.0340 	 -0.0839 	 -0.0361 	 0.1406 	 -0.1523 	 -0.0037 	 0.3432
0.4709 	 0.1722 	 -0.0421 	 -1.0325 	 -0.0854 	 -0.0361 	 0.1441 	 -0.1518 	 -0.0032 	 0.3443
0.4810 	 0.1714 	 -0.0424 	 -1.0311 	 -0.0869 	 -0.0361 	 0.1475 	 -0.1513 	 -0.0027 	 0.3454
0.4910 	 0.1705 	 -0.0428 	 -1.0296 	 -0.0884 	 -0.0361 	 0.1510 	 -0.1507 	 -0.0022 	 0.3466
0.5010 	 0.1696 	 -0.0431 	 -1.0281 	 -0.0899 	 -0.0362 	 0.1545 	 -0.1502 	 -0.0016 	 0.3478
0.5110 	 0.1687 	 -0.0435 	 -1.0265 	 -0.0914 	 -0.0362 	 0.1579 	 -0.1497 	 -0.0011 	 0.3490
0.5210 	 0.1678 	 -0.0439 	 -1.0249 	 -0.0929 	 -0.0362 	 0.1614 	 -0.1491 	 -0.0005 	 0.3503
0.5311 	 0.1668 	 -0.0442 	 -1.0233 	 -0.0944 	 -0.0362 	 0.1650 	 -0.1485 	 0.0001 	 0.3515
0.5411 	 0.1659 	 -0.0446 	 -1.0216 	 -0.0959 	 -0.0362 	 0.1685 	 -0.1480 	 0.0006 	 0.3528
0.5511 	 0.1649 	 -0.0450 	 -1.0199 	 -0.0974 	 -0.0362 	 0.1720 	 -0.1474 	 0.0012 	 0.3542
0.5611 	 0.1639 	 -0.0453 	 -1.0181 	 -0.0988 	 -0.0362 	 0.1756 	 -0.1468 	 0.0018 	 0.3555
0.5711 	 0.1629 	 -0.0457 	 -1.0164 	 -0.1003 	 -0.0361 	 0.1792 	 -0.1462 	 0.0024 	 0.3569
0.5812 	 0.1619 	 -0.0460 	 -1.0145 	 -0.1018 	 -0.0361 	 0.1827 	 -0.1455 	 0.0030 	 0.3583
0.5912 	 0.1609 	 -0.0464 	 -1.0127 	 -0.1032 	 -0.0361 	 0.1863 	 -0.1449 	 0.0037 	 0.3597
0.6012 	 0.1598 	 -0.0468 	 -1.0108 	 -0.1047 	 -0.0360 	 0.1900 	 -0.1442 	 0.0043 	 0.3612
0.6112 	 0.1588 	 -0.0471 	 -1.0089 	 -0.1061 	 -0.0360 	 0.1936 	 -0.1436 	 0.0049 	 0.3627
0.6212 	 0.1577 	 -0.0475 	 -1.0069 	 -0.1076 	 -0.0359 	 0.1972 	 -0.1429 	 0.0056 	 0.3642
0.6313 	 0.1566 	 -0.0478 	 -1.0049 	 -0.1090 	 -0.0359 	 0.2009 	 -0.1422 	 0.0063 	 0.3657
0.6413 	 0.1555 	 -0.0482 	 -1.0029 	 -0.1104 	 -0.0358 	 0.2045 	 -0.1415 	 0.0069 	 0.3673
0.6513 	 0.1544 	 -0.0486 	 -1.0008 	 -0.1118 	 -0.0357 	 0.2082 	 -0.1408 	 0.0076 	 0.3689
0.6613 	 0.1533 	 -0.0489 	 -0.9987 	 -0.1132 	 -0.0357 	 0.2119 	 -0.1401 	 0.0083 	 0.3705
0.6713 	 0.1521 	 -0.0493 	 -0.9966 	 -0.1146 	 -0.0356 	 0.2157 	 -0.1394 	 0.0091 	 0.3722
0.6814 	 0.1510 	 -0.0496 	 -0.9944 	 -0.1160 	 -0.0355 	 0.2194 	 -0.1386 	 0.0098 	 0.3739
0.6914 	 0.1498 	 -0.0500 	 -0.9922 	 -0.1174 	 -0.0354 	 0.2232 	 -0.1379 	 0.0105 	 0.3756
0.7014 	 0.1486 	 -0.0503 	 -0.9899 	 -0.1188 	 -0.0353 	 0.2269 	 -0.1371 	 0.0113 	 0.3774
0.7114 	 0.1474 	 -0.0507 	 -0.9876 	 -0.1202 	 -0.0352 	 0.2307 	 -0.1363 	 0.0121 	 0.3792
0.7214 	 0.1462 	 -0.0510 	 -0.9853 	 -0.1215 	 -0.0350 	 0.2345 	 -0.1355 	 0.0129 	 0.3810
0.7315 	 0.1450 	 -0.0514 	 -0.9829 	 -0.1229 	 -0.0349 	 0.2384 	 -0.1347 	 0.0137 	 0.3828
0.7415 	 0.1438 	 -0.0517 	 -0.9805 	 -0.1242 	 -0.0348 	 0.2422 	 -0.1339 	 0.0145 	 0.3847
0.7515 	 0.1425 	 -0.0521 	 -0.9781 	 -0.1256 	 -0.0346 	 0.2461 	 -0.1331 	 0.0154 	 0.3866
0.7615 	 0.1412 	 -0.0524 	 -0.9756 	 -0.1269 	 -0.0344 	 0.2499 	 -0.1322 	 0.0162 	 0.3886
0.7715 	 0.1400 	 -0.0528 	 -0.9731 	 -0.1282 	 -0.0343 	 0.2539 	 -0.1313 	 0.0171 	 0.3906
0.7816 	 0.1387 	 -0.0531 	 -0.9705 	 -0.1295 	 -0.0341 	 0.2578 	 -0.1304 	 0.0180 	 0.3926
0.7916 	 0.1374 	 -0.0535 	 -0.9679 	 -0.1308 	 -0.0339 	 0.2617 	 -0.1295 	 0.0190 	 0.3947
0.8016 	 0.1361 	 -0.0538 	 -0.9653 	 -0.1321 	 -0.0337 	 0.2657 	 -0.1306 	 0.0259 	 0.3979
0.8116 	 0.1347 	 -0.0541 	 -0.9626 	 -0.1334 	 -0.0334 	 0.2697 	 -0.1296 	 0.0266 	 0.4000
0.8216 	 0.1334 	 -0.0545 	 -0.9599 	 -0.1347 	 -0.0332 	 0.2737 	 -0.1285 	 0.0273 	 0.4021
0.8317 	 0.1320 	 -0.0548 	 -0.9571 	 -0.1360 	 -0.0329 	 0.2777 	 -0.1275 	 0.0280 	 0.4042
0.8417 	 0.1307 	 -0.0551 	 -0.9543 	 -0.1373 	 -0.0326 	 0.2818 	 -0.1264 	 0.0287 	 0.4064
0.8517 	 0.1293 	 -0.0555 	 -0.9515 	 -0.1385 	 -0.0323 	 0.2859 	 -0.1252 	 0.0295 	 0.4087
0.8617 	 0.1279 	 -0.0558 	 -0.9486 	 -0.1398 	 -0.0320 	 0.2900 	 -0.1241 	 0.0303 	 0.4109
0.8717 	 0.1265 	 -0.0561 	 -0.9456 	 -0.1410 	 -0.0317 	 0.2941 	 -0.1229 	 0.0311 	 0.4133
0.8818 	 0.1251 	 -0.0564 	 -0.9427 	 -0.1422 	 -0.0314 	 0.2983 	 -0.1218 	 0.0319 	 0.4157
0.8918 	 0.1236 	 -0.0567 	 -0.9397 	 -0.1435 	 -0.0311 	 0.3025 	 -0.1206 	 0.0327 	 0.4181
0.9018 	 0.1222 	 -0.0570 	 -0.9366 	 -0.1447 	 -0.0307 	 0.3067 	 -0.1193 	 0.0335 	 0.4206
0.9118 	 0.1207 	 -0.0573 	 -0.9335 	 -0.1458 	 -0.0304 	 0.3109 	 -0.1181 	 0.0344 	 0.4231
0.9218 	 0.1193 	 -0.0576 	 -0.9304 	 -0.1470 	 -0.0301 	 0.3151 	 -0.1168 	 0.0352 	 0.4257
0.9319 	 0.1178 	 -0.0579 	 -0.9272 	 -0.1482 	 -0.0297 	 0.3194 	 -0.1155 	 0.0361 	 0.4283
0.9419 	 0.1163 	 -0.0582 	 -0.9240 	 -0.1493 	 -0.0293 	 0.3237 	 -0.1142 	 0.0371 	 0.4311
0.9519 	 0.1148 	 -0.0585 	 -0.9207 	 -0.1505 	 -0.0290 	 0.3281 	 -0.1128 	 0.0380 	 0.4338
0.9619 	 0.1133 	 -0.0588 	 -0.9174 	 -0.1516 	 -0.0286 	 0.3324 	 -0.1114 	 0.0390 	 0.4367
0.9719 	 0.1117 	 -0.0591 	 -0.9141 	 -0.1527 	 -0.0282 	 0.3368 	 -0.1100 	 0.0400 	 0.4396
0.9820 	 0.1102 	 -0.0594 	 -0.9107 	 -0.1538 	 -0.0278 	 0.3412 	 -0.1085 	 0.0410 	 0.4426
0.9920 	 0.1087 	 -0.0597 	 -0.9072 	 -0.1549 	 -0.0274 	 0.3457 	 -0.1070 	 0.0420 	 0.4457
1.0020 	 0.1071 	 -0.0599 	 -0.9037 	 -0.1559 	 -0.0269 	 0.3502 	 -0.1055 	 0.0431 	 0.4489
1.0120 	 0.1055 	 -0.0602 	 -0.9002 	 -0.1570 	 -0.0265 	 0.3547 	 -0.1039 	 0.0442 	 0.4521
1.0220 	 0.1040 	 -0.0605 	 -0.8966 	 -0.1580 	 -0.0260 	 0.3592 	 -0.1023 	 0.0453 	 0.4555
1.0321 	 0.1024 	 -0.0607 	 -0.8930 	 -0.1590 	 -0.0256 	 0.3638 	 -0.1006 	 0.0465 	 0.4589
1.0421 	 0.1008 	 -0.0610 	 -0.8893 	 -0.1600 	 -0.0251 	 0.3684 	 -0.0988 	 0.0477 	 0.4625
1.0521 	 0.0992 	 -0.0612 	 -0.8856 	 -0.1610 	 -0.0246 	 0.3731 	 -0.0971 	 0.0489 	 0.4661
1.0621 	 0.0975 	 -0.0615 	 -0.8819 	 -0.1620 	 -0.0241 	 0.3778 	 -0.0952 	 0.0501 	 0.4699
1.0721 	 0.0959 	 -0.0617 	 -0.8781 	 -0.1629 	 -0.0236 	 0.3825 	 -0.0933 	 0.0514 	 0.4739
1.0822 	 0.0943 	 -0.0619 	 -0.8742 	 -0.1639 	 -0.0231 	 0.3873 	 -0.0913 	 0.0528 	 0.4779
1.0922 	 0.0926 	 -0.0622 	 -0.8703 	 -0.1648 	 -0.0226 	 0.3921 	 -0.0893 	 0.0542 	 0.4821
1.1022 	 0.0910 	 -0.0624 	 -0.8663 	 -0.1656 	 -0.0220 	 0.3969 	 -0.0872 	 0.0556 	 0.4865
1.1122 	 0.0893 	 -0.0626 	 -0.8623 	 -0.1665 	 -0.0215 	 0.4018 	 -0.0849 	 0.0570 	 0.4910
1.1222 	 0.0876 	 -0.0628 	 -0.8583 	 -0.1673 	 -0.0209 	 0.4068 	 -0.0826 	 0.0585 	 0.4957
1.1323 	 0.0860 	 -0.0630 	 -0.8542 	 -0.1682 	 -0.0203 	 0.4117 	 -0.0802 	 0.0601 	 0.5005
1.1423 	 0.0843 	 -0.0632 	 -0.8500 	 -0.1690 	 -0.0197 	 0.4168 	 -0.0776 	 0.0617 	 0.5056
1.1523 	 0.0826 	 -0.0634 	 -0.8458 	 -0.1697 	 -0.0190 	 0.4219 	 -0.0750 	 0.0634 	 0.5109
1.1623 	 0.0809 	 -0.0636 	 -0.8416 	 -0.1705 	 -0.0184 	 0.4270 	 -0.0722 	 0.0651 	 0.5163
1.1723 	 0.0792 	 -0.0638 	 -0.8373 	 -0.1712 	 -0.0177 	 0.4322 	 -0.0692 	 0.0668 	 0.5220
1.1824 	 0.0774 	 -0.0640 	 -0.8329 	 -0.1718 	 -0.0171 	 0.4375 	 -0.0661 	 0.0686 	 0.5279
1.1924 	 0.0757 	 -0.0641 	 -0.8285 	 -0.1725 	 -0.0164 	 0.4428 	 -0.0628 	 0.0705 	 0.5341
1.2024 	 0.0740 	 -0.0643 	 -0.8240 	 -0.1731 	 -0.0156 	 0.4482 	 -0.0593 	 0.0724 	 0.5405
1.2124 	 0.0723 	 -0.0645 	 -0.8195 	 -0.1737 	 -0.0149 	 0.4536 	 -0.0556 	 0.0743 	 0.5472
1.2224 	 0.0705 	 -0.0646 	 -0.8149 	 -0.1742 	 -0.0142 	 0.4592 	 -0.0517 	 0.0763 	 0.5542
1.2325 	 0.0688 	 -0.0647 	 -0.8103 	 -0.1747 	 -0.0134 	 0.4647 	 -0.0476 	 0.0783 	 0.5615
1.2425 	 0.0670 	 -0.0649 	 -0.8056 	 -0.1752 	 -0.0126 	 0.4704 	 -0.0431 	 0.0803 	 0.5690
1.2525 	 0.0652 	 -0.0650 	 -0.8009 	 -0.1756 	 -0.0118 	 0.4761 	 -0.0385 	 0.0823 	 0.5769
1.2625 	 0.0635 	 -0.0651 	 -0.7961 	 -0.1759 	 -0.0109 	 0.4819 	 -0.0340 	 0.0840 	 0.5784
1.2725 	 0.0617 	 -0.0652 	 -0.7912 	 -0.1763 	 -0.0101 	 0.4878 	 -0.0288 	 0.0860 	 0.5865
1.2826 	 0.0600 	 -0.0653 	 -0.7863 	 -0.1765 	 -0.0092 	 0.4937 	 -0.0234 	 0.0879 	 0.5950
1.2926 	 0.0582 	 -0.0654 	 -0.7813 	 -0.1767 	 -0.0083 	 0.4997 	 -0.0176 	 0.0898 	 0.6039
1.3026 	 0.0564 	 -0.0655 	 -0.7763 	 -0.1769 	 -0.0074 	 0.5058 	 -0.0172 	 0.0916 	 0.6106
1.3126 	 0.0546 	 -0.0655 	 -0.7712 	 -0.1770 	 -0.0065 	 0.5119 	 -0.0105 	 0.0933 	 0.6204
1.3226 	 0.0529 	 -0.0656 	 -0.7660 	 -0.1771 	 -0.0056 	 0.5182 	 -0.0034 	 0.0949 	 0.6306
1.3327 	 0.0511 	 -0.0657 	 -0.7608 	 -0.1771 	 -0.0046 	 0.5246 	 0.0039 	 0.0963 	 0.6414
1.3427 	 0.0493 	 -0.0657 	 -0.7555 	 -0.1770 	 -0.0036 	 0.5311 	 0.0115 	 0.0977 	 0.6526
1.3527 	 0.0475 	 -0.0657 	 -0.7502 	 -0.1769 	 -0.0026 	 0.5377 	 0.0193 	 0.0989 	 0.6644
1.3627 	 0.0458 	 -0.0657 	 -0.7448 	 -0.1766 	 -0.0016 	 0.5444 	 0.0274 	 0.1001 	 0.6769
1.3727 	 0.0440 	 -0.0658 	 -0.7393 	 -0.1763 	 -0.0006 	 0.5512 	 0.0358 	 0.1012 	 0.6900
1.3828 	 0.0422 	 -0.0658 	 -0.7337 	 -0.1759 	 0.0004 	 0.5582 	 0.0445 	 0.1022 	 0.7039
1.3928 	 0.0405 	 -0.0658 	 -0.7281 	 -0.1754 	 0.0014 	 0.5653 	 0.0536 	 0.1031 	 0.7187
1.4028 	 0.0387 	 -0.0657 	 -0.7224 	 -0.1748 	 0.0025 	 0.5726 	 0.0630 	 0.1040 	 0.7343
1.4128 	 0.0370 	 -0.0657 	 -0.7166 	 -0.1741 	 0.0035 	 0.5801 	 0.0756 	 0.1071 	 0.7683
1.4228 	 0.0352 	 -0.0657 	 -0.7107 	 -0.1733 	 0.0046 	 0.5879 	 0.0865 	 0.1086 	 0.7873
1.4329 	 0.0335 	 -0.0656 	 -0.7048 	 -0.1724 	 0.0057 	 0.5959 	 0.0967 	 0.1087 	 0.8001
1.4429 	 0.0318 	 -0.0655 	 -0.6988 	 -0.1714 	 0.0068 	 0.6040 	 0.1074 	 0.1087 	 0.8139
1.4529 	 0.0301 	 -0.0655 	 -0.6927 	 -0.1702 	 0.0079 	 0.6123 	 0.1214 	 0.1101 	 0.8396
1.4629 	 0.0284 	 -0.0654 	 -0.6865 	 -0.1690 	 0.0090 	 0.6208 	 0.1348 	 0.1106 	 0.8646
1.4729 	 0.0267 	 -0.0653 	 -0.6803 	 -0.1675 	 0.0101 	 0.6295 	 0.1463 	 0.1099 	 0.8755
1.4830 	 0.0250 	 -0.0652 	 -0.6739 	 -0.1660 	 0.0112 	 0.6383 	 0.1584 	 0.1093 	 0.8872
1.4930 	 0.0234 	 -0.0651 	 -0.6675 	 -0.1644 	 0.0123 	 0.6473 	 0.1711 	 0.1085 	 0.8996
1.5030 	 0.0217 	 -0.0649 	 -0.6609 	 -0.1626 	 0.0134 	 0.6564 	 0.1862 	 0.1082 	 0.9182
1.5130 	 0.0201 	 -0.0648 	 -0.6543 	 -0.1606 	 0.0144 	 0.6657 	 0.2031 	 0.1070 	 0.9427
1.5230 	 0.0185 	 -0.0647 	 -0.6476 	 -0.1585 	 0.0155 	 0.6752 	 0.2171 	 0.1060 	 0.9535
1.5331 	 0.0169 	 -0.0645 	 -0.6408 	 -0.1563 	 0.0166 	 0.6848 	 0.2318 	 0.1048 	 0.9650
1.5431 	 0.0154 	 -0.0643 	 -0.6339 	 -0.1539 	 0.0176 	 0.6945 	 0.2474 	 0.1036 	 0.9772
1.5531 	 0.0138 	 -0.0641 	 -0.6269 	 -0.1513 	 0.0186 	 0.7044 	 0.2676 	 0.1031 	 1.0019
1.5631 	 0.0123 	 -0.0639 	 -0.6198 	 -0.1485 	 0.0197 	 0.7146 	 0.2934 	 0.1031 	 1.0411
1.5731 	 0.0109 	 -0.0637 	 -0.6126 	 -0.1455 	 0.0207 	 0.7251 	 0.3114 	 0.1016 	 1.0521
1.5832 	 0.0094 	 -0.0635 	 -0.6052 	 -0.1422 	 0.0217 	 0.7358 	 0.3322 	 0.1004 	 1.0673
1.5932 	 0.0080 	 -0.0633 	 -0.5978 	 -0.1389 	 0.0227 	 0.7465 	 0.3456 	 0.0939 	 1.0722
1.6032 	 0.0066 	 -0.0631 	 -0.5903 	 -0.1353 	 0.0236 	 0.7573 	 0.3648 	 0.0909 	 1.0799
1.6132 	 0.0053 	 -0.0628 	 -0.5826 	 -0.1315 	 0.0245 	 0.7682 	 0.3861 	 0.0878 	 1.0857
1.6232 	 0.0040 	 -0.0626 	 -0.5749 	 -0.1276 	 0.0254 	 0.7791 	 0.4050 	 0.0861 	 1.0855
1.6333 	 0.0028 	 -0.0623 	 -0.5670 	 -0.1234 	 0.0262 	 0.7900 	 0.4238 	 0.0846 	 1.0902
1.6433 	 0.0015 	 -0.0621 	 -0.5590 	 -0.1191 	 0.0270 	 0.8009 	 0.4442 	 0.0822 	 1.0868
1.6533 	 0.0004 	 -0.0618 	 -0.5510 	 -0.1145 	 0.0279 	 0.8118 	 0.4653 	 0.0786 	 1.0886
1.6633 	 -0.0007 	 -0.0615 	 -0.5428 	 -0.1097 	 0.0286 	 0.8227 	 0.4877 	 0.0760 	 1.0867
1.6733 	 -0.0018 	 -0.0612 	 -0.5345 	 -0.1047 	 0.0294 	 0.8335 	 0.5106 	 0.0729 	 1.0822
1.6834 	 -0.0028 	 -0.0609 	 -0.5261 	 -0.0995 	 0.0301 	 0.8443 	 0.5311 	 0.0693 	 1.0690
1.6934 	 -0.0038 	 -0.0606 	 -0.5176 	 -0.0941 	 0.0308 	 0.8550 	 0.5543 	 0.0658 	 1.0661
1.7034 	 -0.0047 	 -0.0603 	 -0.5089 	 -0.0884 	 0.0314 	 0.8656 	 0.5708 	 0.0584 	 1.0528
1.7134 	 -0.0056 	 -0.0600 	 -0.5002 	 -0.0826 	 0.0319 	 0.8761 	 0.5883 	 0.0545 	 1.0337
1.7234 	 -0.0064 	 -0.0597 	 -0.4914 	 -0.0766 	 0.0325 	 0.8864 	 0.6065 	 0.0506 	 1.0196
1.7335 	 -0.0071 	 -0.0593 	 -0.4825 	 -0.0705 	 0.0330 	 0.8965 	 0.6218 	 0.0467 	 0.9990
1.7435 	 -0.0078 	 -0.0590 	 -0.4734 	 -0.0642 	 0.0334 	 0.9064 	 0.6380 	 0.0435 	 0.9842
1.7535 	 -0.0084 	 -0.0587 	 -0.4643 	 -0.0577 	 0.0338 	 0.9162 	 0.6524 	 0.0347 	 0.9707
1.7635 	 -0.0090 	 -0.0583 	 -0.4551 	 -0.0511 	 0.0342 	 0.9259 	 0.6674 	 0.0323 	 0.9515
1.7735 	 -0.0094 	 -0.0580 	 -0.4457 	 -0.0443 	 0.0345 	 0.9353 	 0.6806 	 0.0296 	 0.9251
1.7836 	 -0.0098 	 -0.0576 	 -0.4363 	 -0.0375 	 0.0347 	 0.9444 	 0.6938 	 0.0271 	 0.8978
1.7936 	 -0.0102 	 -0.0573 	 -0.4268 	 -0.0304 	 0.0350 	 0.9532 	 0.7070 	 0.0247 	 0.8694
1.8036 	 -0.0104 	 -0.0569 	 -0.4172 	 -0.0233 	 0.0352 	 0.9618 	 0.7215 	 0.0227 	 0.8456
1.8136 	 -0.0106 	 -0.0566 	 -0.4075 	 -0.0160 	 0.0355 	 0.9703 	 0.7351 	 0.0221 	 0.8299
1.8236 	 -0.0108 	 -0.0562 	 -0.3978 	 -0.0086 	 0.0357 	 0.9784 	 0.7469 	 0.0203 	 0.7925
1.8337 	 -0.0108 	 -0.0559 	 -0.3879 	 -0.0010 	 0.0359 	 0.9862 	 0.7597 	 0.0200 	 0.7648
1.8437 	 -0.0108 	 -0.0555 	 -0.3780 	 0.0066 	 0.0361 	 0.9936 	 0.7689 	 0.0185 	 0.7207
1.8537 	 -0.0107 	 -0.0551 	 -0.3680 	 0.0144 	 0.0363 	 1.0006 	 0.7765 	 0.0173 	 0.6753
1.8637 	 -0.0105 	 -0.0548 	 -0.3580 	 0.0222 	 0.0364 	 1.0072 	 0.7826 	 0.0164 	 0.6291
1.8737 	 -0.0102 	 -0.0544 	 -0.3478 	 0.0301 	 0.0366 	 1.0133 	 0.7898 	 0.0187 	 0.5857
1.8838 	 -0.0099 	 -0.0540 	 -0.3377 	 0.0380 	 0.0368 	 1.0189 	 0.7934 	 0.0175 	 0.5427
1.8938 	 -0.0095 	 -0.0537 	 -0.3274 	 0.0460 	 0.0370 	 1.0242 	 0.7961 	 0.0202 	 0.5042
1.9038 	 -0.0090 	 -0.0533 	 -0.3171 	 0.0540 	 0.0372 	 1.0290 	 0.7945 	 0.0192 	 0.4525
1.9138 	 -0.0084 	 -0.0529 	 -0.3068 	 0.0619 	 0.0374 	 1.0332 	 0.7914 	 0.0186 	 0.4012
1.9238 	 -0.0077 	 -0.0526 	 -0.2964 	 0.0698 	 0.0375 	 1.0370 	 0.7869 	 0.0183 	 0.3506
1.9339 	 -0.0070 	 -0.0522 	 -0.2860 	 0.0777 	 0.0377 	 1.0403 	 0.7784 	 0.0189 	 0.3066
1.9439 	 -0.0062 	 -0.0518 	 -0.2756 	 0.0854 	 0.0379 	 1.0432 	 0.7644 	 0.0225 	 0.2704
1.9539 	 -0.0053 	 -0.0514 	 -0.2651 	 0.0930 	 0.0382 	 1.0457 	 0.7565 	 0.0233 	 0.2249
1.9639 	 -0.0043 	 -0.0510 	 -0.2546 	 0.1006 	 0.0384 	 1.0477 	 0.7506 	 0.0249 	 0.1908
1.9739 	 -0.0033 	 -0.0506 	 -0.2441 	 0.1081 	 0.0387 	 1.0494 	 0.7404 	 0.0293 	 0.1481
1.9840 	 -0.0021 	 -0.0503 	 -0.2336 	 0.1154 	 0.0390 	 1.0507 	 0.7280 	 0.0308 	 0.1034
1.9940 	 -0.0010 	 -0.0499 	 -0.2231 	 0.1227 	 0.0393 	 1.0514 	 0.7179 	 0.0329 	 0.0528
2.0040 	 0.0003 	 -0.0495 	 -0.2125 	 0.1298 	 0.0396 	 1.0517 	 0.7053 	 0.0340 	 0.0124
2.0140 	 0.0016 	 -0.0491 	 -0.2020 	 0.1368 	 0.0400 	 1.0516 	 0.6926 	 0.0371 	 -0.0430
2.0240 	 0.0030 	 -0.0487 	 -0.1915 	 0.1437 	 0.0404 	 1.0509 	 0.6779 	 0.0403 	 -0.0991
2.0341 	 0.0045 	 -0.0483 	 -0.1810 	 0.1504 	 0.0408 	 1.0497 	 0.6583 	 0.0433 	 -0.1474
2.0441 	 0.0061 	 -0.0478 	 -0.1704 	 0.1569 	 0.0412 	 1.0479 	 0.6423 	 0.0505 	 -0.1993
2.0541 	 0.0077 	 -0.0474 	 -0.1600 	 0.1632 	 0.0417 	 1.0457 	 0.6250 	 0.0564 	 -0.2419
2.0641 	 0.0093 	 -0.0470 	 -0.1495 	 0.1694 	 0.0423 	 1.0430 	 0.6088 	 0.0598 	 -0.2857
2.0741 	 0.0111 	 -0.0466 	 -0.1391 	 0.1754 	 0.0430 	 1.0400 	 0.5895 	 0.0670 	 -0.3155
2.0842 	 0.0128 	 -0.0462 	 -0.1287 	 0.1812 	 0.0437 	 1.0367 	 0.5723 	 0.0674 	 -0.3614
2.0942 	 0.0147 	 -0.0457 	 -0.1183 	 0.1868 	 0.0443 	 1.0328 	 0.5555 	 0.0682 	 -0.4095
2.1042 	 0.0166 	 -0.0453 	 -0.1080 	 0.1923 	 0.0450 	 1.0284 	 0.5358 	 0.0683 	 -0.4607
2.1142 	 0.0185 	 -0.0448 	 -0.0977 	 0.1976 	 0.0457 	 1.0236 	 0.5129 	 0.0673 	 -0.5062
2.1242 	 0.0205 	 -0.0443 	 -0.0874 	 0.2026 	 0.0464 	 1.0183 	 0.4851 	 0.0635 	 -0.5557
2.1343 	 0.0226 	 -0.0439 	 -0.0773 	 0.2073 	 0.0469 	 1.0126 	 0.4535 	 0.0526 	 -0.5902
2.1443 	 0.0247 	 -0.0434 	 -0.0672 	 0.2117 	 0.0474 	 1.0065 	 0.4265 	 0.0471 	 -0.6261
2.1543 	 0.0268 	 -0.0429 	 -0.0571 	 0.2158 	 0.0479 	 1.0000 	 0.4016 	 0.0441 	 -0.6600
2.1643 	 0.0290 	 -0.0424 	 -0.0471 	 0.2197 	 0.0483 	 0.9932 	 0.3768 	 0.0438 	 -0.6940
2.1743 	 0.0312 	 -0.0420 	 -0.0372 	 0.2234 	 0.0488 	 0.9861 	 0.3495 	 0.0476 	 -0.7212
2.1844 	 0.0335 	 -0.0415 	 -0.0274 	 0.2267 	 0.0493 	 0.9787 	 0.3259 	 0.0513 	 -0.7538
2.1944 	 0.0358 	 -0.0410 	 -0.0176 	 0.2299 	 0.0498 	 0.9710 	 0.3059 	 0.0517 	 -0.7902
2.2044 	 0.0381 	 -0.0405 	 -0.0079 	 0.2329 	 0.0503 	 0.9630 	 0.2855 	 0.0430 	 -0.8206
2.2144 	 0.0404 	 -0.0400 	 0.0017 	 0.2356 	 0.0506 	 0.9546 	 0.2625 	 0.0299 	 -0.8460
2.2244 	 0.0428 	 -0.0395 	 0.0112 	 0.2381 	 0.0509 	 0.9462 	 0.2330 	 0.0200 	 -0.8466
2.2345 	 0.0452 	 -0.0389 	 0.0207 	 0.2403 	 0.0510 	 0.9376 	 0.2019 	 0.0107 	 -0.8646
2.2445 	 0.0476 	 -0.0384 	 0.0300 	 0.2422 	 0.0511 	 0.9289 	 0.1762 	 0.0007 	 -0.8718
2.2545 	 0.0501 	 -0.0379 	 0.0393 	 0.2438 	 0.0511 	 0.9201 	 0.1477 	 -0.0031 	 -0.8822
2.2645 	 0.0525 	 -0.0374 	 0.0485 	 0.2451 	 0.0511 	 0.9112 	 0.1183 	 -0.0053 	 -0.8833
2.2745 	 0.0550 	 -0.0369 	 0.0575 	 0.2462 	 0.0510 	 0.9023 	 0.0918 	 -0.0081 	 -0.9040
2.2846 	 0.0574 	 -0.0364 	 0.0665 	 0.2470 	 0.0509 	 0.8932 	 0.0668 	 -0.0106 	 -0.9068
2.2946 	 0.0599 	 -0.0359 	 0.0754 	 0.2475 	 0.0508 	 0.8840 	 0.0449 	 -0.0131 	 -0.9169
2.3046 	 0.0624 	 -0.0354 	 0.0843 	 0.2479 	 0.0506 	 0.8749 	 0.0240 	 -0.0145 	 -0.9112
2.3146 	 0.0649 	 -0.0349 	 0.0930 	 0.2480 	 0.0505 	 0.8658 	 0.0063 	 -0.0169 	 -0.9102
2.3246 	 0.0674 	 -0.0344 	 0.1016 	 0.2480 	 0.0503 	 0.8567 	 -0.0089 	 -0.0197 	 -0.8864
2.3347 	 0.0699 	 -0.0339 	 0.1101 	 0.2478 	 0.0501 	 0.8479 	 -0.0214 	 -0.0221 	 -0.8708
2.3447 	 0.0723 	 -0.0334 	 0.1186 	 0.2476 	 0.0499 	 0.8393 	 -0.0303 	 -0.0203 	 -0.8544
2.3547 	 0.0748 	 -0.0329 	 0.1270 	 0.2472 	 0.0497 	 0.8308 	 -0.0386 	 -0.0224 	 -0.8398
2.3647 	 0.0773 	 -0.0324 	 0.1352 	 0.2468 	 0.0494 	 0.8224 	 -0.0474 	 -0.0235 	 -0.8315
2.3747 	 0.0798 	 -0.0319 	 0.1434 	 0.2463 	 0.0492 	 0.8141 	 -0.0561 	 -0.0242 	 -0.8240
2.3848 	 0.0822 	 -0.0314 	 0.1516 	 0.2457 	 0.0490 	 0.8058 	 -0.0647 	 -0.0251 	 -0.8237
2.3948 	 0.0847 	 -0.0309 	 0.1596 	 0.2450 	 0.0487 	 0.7976 	 -0.0745 	 -0.0284 	 -0.8057
2.4048 	 0.0871 	 -0.0304 	 0.1675 	 0.2442 	 0.0484 	 0.7896 	 -0.0833 	 -0.0284 	 -0.7926
2.4148 	 0.0896 	 -0.0299 	 0.1754 	 0.2433 	 0.0481 	 0.7817 	 -0.0932 	 -0.0276 	 -0.7872
2.4248 	 0.0920 	 -0.0294 	 0.1832 	 0.2423 	 0.0479 	 0.7739 	 -0.1057 	 -0.0242 	 -0.7779
2.4349 	 0.0944 	 -0.0290 	 0.1909 	 0.2412 	 0.0477 	 0.7661 	 -0.1185 	 -0.0206 	 -0.7703
2.4449 	 0.0968 	 -0.0285 	 0.1986 	 0.2399 	 0.0475 	 0.7584 	 -0.1324 	 -0.0189 	 -0.7592
2.4549 	 0.0992 	 -0.0280 	 0.2061 	 0.2385 	 0.0473 	 0.7508 	 -0.1458 	 -0.0200 	 -0.7621
2.4649 	 0.1016 	 -0.0275 	 0.2136 	 0.2370 	 0.0470 	 0.7432 	 -0.1581 	 -0.0254 	 -0.7601
2.4749 	 0.1040 	 -0.0271 	 0.2210 	 0.2353 	 0.0467 	 0.7356 	 -0.1749 	 -0.0336 	 -0.7500
2.4850 	 0.1063 	 -0.0266 	 0.2284 	 0.2335 	 0.0464 	 0.7281 	 -0.1874 	 -0.0418 	 -0.7493
2.4950 	 0.1087 	 -0.0261 	 0.2356 	 0.2316 	 0.0459 	 0.7206 	 -0.1997 	 -0.0500 	 -0.7477
2.5050 	 0.1110 	 -0.0257 	 0.2428 	 0.2295 	 0.0454 	 0.7131 	 -0.2176 	 -0.0607 	 -0.7459
2.5150 	 0.1133 	 -0.0252 	 0.2499 	 0.2273 	 0.0447 	 0.7057 	 -0.2295 	 -0.0673 	 -0.7450
2.5251 	 0.1155 	 -0.0248 	 0.2569 	 0.2249 	 0.0440 	 0.6982 	 -0.2410 	 -0.0710 	 -0.7388
2.5351 	 0.1178 	 -0.0243 	 0.2639 	 0.2224 	 0.0433 	 0.6908 	 -0.2524 	 -0.0758 	 -0.7386
2.5451 	 0.1200 	 -0.0239 	 0.2708 	 0.2199 	 0.0425 	 0.6834 	 -0.2632 	 -0.0801 	 -0.7397
2.5551 	 0.1222 	 -0.0235 	 0.2776 	 0.2172 	 0.0417 	 0.6760 	 -0.2733 	 -0.0839 	 -0.7420
2.5651 	 0.1243 	 -0.0231 	 0.2843 	 0.2144 	 0.0408 	 0.6686 	 -0.2816 	 -0.0873 	 -0.7372
2.5752 	 0.1265 	 -0.0227 	 0.2910 	 0.2115 	 0.0399 	 0.6612 	 -0.2878 	 -0.0904 	 -0.7332
2.5852 	 0.1286 	 -0.0223 	 0.2976 	 0.2086 	 0.0390 	 0.6539 	 -0.2945 	 -0.0932 	 -0.7350
2.5952 	 0.1307 	 -0.0219 	 0.3041 	 0.2056 	 0.0381 	 0.6465 	 -0.3003 	 -0.0957 	 -0.7374
2.6052 	 0.1327 	 -0.0215 	 0.3105 	 0.2026 	 0.0371 	 0.6391 	 -0.3051 	 -0.0979 	 -0.7402
2.6152 	 0.1347 	 -0.0212 	 0.3169 	 0.1995 	 0.0361 	 0.6317 	 -0.3092 	 -0.0999 	 -0.7433
2.6253 	 0.1367 	 -0.0208 	 0.3232 	 0.1964 	 0.0351 	 0.6242 	 -0.3124 	 -0.1017 	 -0.7466
2.6353 	 0.1387 	 -0.0204 	 0.3294 	 0.1933 	 0.0341 	 0.6167 	 -0.3124 	 -0.1035 	 -0.7425
2.6453 	 0.1406 	 -0.0201 	 0.3356 	 0.1901 	 0.0330 	 0.6093 	 -0.3139 	 -0.1050 	 -0.7445
2.6553 	 0.1425 	 -0.0198 	 0.3416 	 0.1870 	 0.0320 	 0.6018 	 -0.3148 	 -0.1064 	 -0.7466
2.6653 	 0.1443 	 -0.0195 	 0.3476 	 0.1838 	 0.0309 	 0.5943 	 -0.3152 	 -0.1076 	 -0.7486
2.6754 	 0.1462 	 -0.0192 	 0.3535 	 0.1807 	 0.0298 	 0.5868 	 -0.3151 	 -0.1088 	 -0.7506
2.6854 	 0.1479 	 -0.0189 	 0.3594 	 0.1775 	 0.0287 	 0.5793 	 -0.3129 	 -0.1098 	 -0.7454
2.6954 	 0.1497 	 -0.0186 	 0.3651 	 0.1744 	 0.0276 	 0.5718 	 -0.3116 	 -0.1107 	 -0.7454
2.7054 	 0.1514 	 -0.0183 	 0.3708 	 0.1713 	 0.0265 	 0.5644 	 -0.3101 	 -0.1116 	 -0.7454
2.7154 	 0.1531 	 -0.0181 	 0.3765 	 0.1682 	 0.0254 	 0.5569 	 -0.3056 	 -0.1128 	 -0.7393
2.7255 	 0.1548 	 -0.0178 	 0.3820 	 0.1651 	 0.0242 	 0.5495 	 -0.3035 	 -0.1135 	 -0.7387
2.7355 	 0.1565 	 -0.0176 	 0.3875 	 0.1621 	 0.0231 	 0.5421 	 -0.3013 	 -0.1142 	 -0.7382
2.7455 	 0.1581 	 -0.0174 	 0.3929 	 0.1591 	 0.0219 	 0.5347 	 -0.2990 	 -0.1148 	 -0.7376
2.7555 	 0.1596 	 -0.0171 	 0.3982 	 0.1561 	 0.0208 	 0.5274 	 -0.2965 	 -0.1153 	 -0.7370
2.7655 	 0.1612 	 -0.0169 	 0.4034 	 0.1532 	 0.0196 	 0.5200 	 -0.2940 	 -0.1157 	 -0.7363
2.7756 	 0.1627 	 -0.0167 	 0.4086 	 0.1502 	 0.0185 	 0.5126 	 -0.2876 	 -0.1142 	 -0.7307
2.7856 	 0.1642 	 -0.0166 	 0.4137 	 0.1474 	 0.0173 	 0.5053 	 -0.2848 	 -0.1144 	 -0.7293
2.7956 	 0.1657 	 -0.0164 	 0.4187 	 0.1445 	 0.0162 	 0.4980 	 -0.2820 	 -0.1146 	 -0.7278
2.8056 	 0.1671 	 -0.0162 	 0.4237 	 0.1417 	 0.0150 	 0.4907 	 -0.2761 	 -0.1148 	 -0.7132
2.8156 	 0.1685 	 -0.0161 	 0.4286 	 0.1390 	 0.0139 	 0.4836 	 -0.2730 	 -0.1148 	 -0.7094
2.8257 	 0.1699 	 -0.0160 	 0.4334 	 0.1363 	 0.0127 	 0.4765 	 -0.2700 	 -0.1148 	 -0.7056
2.8357 	 0.1712 	 -0.0158 	 0.4381 	 0.1336 	 0.0116 	 0.4695 	 -0.2671 	 -0.1146 	 -0.7018
2.8457 	 0.1726 	 -0.0157 	 0.4428 	 0.1309 	 0.0104 	 0.4625 	 -0.2643 	 -0.1144 	 -0.6980
2.8557 	 0.1739 	 -0.0156 	 0.4474 	 0.1283 	 0.0093 	 0.4555 	 -0.2616 	 -0.1141 	 -0.6942
2.8657 	 0.1751 	 -0.0155 	 0.4519 	 0.1257 	 0.0081 	 0.4486 	 -0.2586 	 -0.1151 	 -0.6834
2.8758 	 0.1764 	 -0.0155 	 0.4564 	 0.1231 	 0.0070 	 0.4418 	 -0.2561 	 -0.1149 	 -0.6785
2.8858 	 0.1776 	 -0.0154 	 0.4608 	 0.1205 	 0.0058 	 0.4350 	 -0.2537 	 -0.1147 	 -0.6737
2.8958 	 0.1788 	 -0.0154 	 0.4651 	 0.1180 	 0.0047 	 0.4283 	 -0.2515 	 -0.1143 	 -0.6690
2.9058 	 0.1800 	 -0.0153 	 0.4693 	 0.1155 	 0.0035 	 0.4216 	 -0.2494 	 -0.1139 	 -0.6645
2.9158 	 0.1811 	 -0.0153 	 0.4735 	 0.1130 	 0.0024 	 0.4150 	 -0.2474 	 -0.1134 	 -0.6600
2.9259 	 0.1822 	 -0.0153 	 0.4777 	 0.1105 	 0.0013 	 0.4084 	 -0.2455 	 -0.1129 	 -0.6556
2.9359 	 0.1833 	 -0.0153 	 0.4817 	 0.1081 	 0.0001 	 0.4018 	 -0.2438 	 -0.1123 	 -0.6513
2.9459 	 0.1844 	 -0.0153 	 0.4857 	 0.1056 	 -0.0010 	 0.3953 	 -0.2422 	 -0.1117 	 -0.6471
2.9559 	 0.1854 	 -0.0153 	 0.4896 	 0.1032 	 -0.0021 	 0.3889 	 -0.2407 	 -0.1110 	 -0.6430
2.9659 	 0.1865 	 -0.0153 	 0.4935 	 0.1008 	 -0.0032 	 0.3825 	 -0.2385 	 -0.1098 	 -0.6321
2.9760 	 0.1875 	 -0.0153 	 0.4973 	 0.0984 	 -0.0043 	 0.3762 	 -0.2372 	 -0.1090 	 -0.6272
2.9860 	 0.1884 	 -0.0154 	 0.5010 	 0.0961 	 -0.0054 	 0.3699 	 -0.2360 	 -0.1081 	 -0.6224
2.9960 	 0.1894 	 -0.0154 	 0.5047 	 0.0937 	 -0.0065 	 0.3637 	 -0.2349 	 -0.1072 	 -0.6178
3.0060 	 0.1903 	 -0.0155 	 0.5083 	 0.0914 	 -0.0075 	 0.3575 	 -0.2310 	 -0.1063 	 -0.6071
3.0160 	 0.1912 	 -0.0156 	 0.5119 	 0.0891 	 -0.0086 	 0.3515 	 -0.2297 	 -0.1054 	 -0.6018
3.0261 	 0.1921 	 -0.0157 	 0.5154 	 0.0868 	 -0.0096 	 0.3455 	 -0.2286 	 -0.1044 	 -0.5967
3.0361 	 0.1930 	 -0.0158 	 0.5188 	 0.0845 	 -0.0107 	 0.3395 	 -0.2276 	 -0.1034 	 -0.5918
3.0461 	 0.1938 	 -0.0159 	 0.5222 	 0.0822 	 -0.0117 	 0.3336 	 -0.2267 	 -0.1023 	 -0.5870
3.0561 	 0.1946 	 -0.0160 	 0.5255 	 0.0799 	 -0.0127 	 0.3278 	 -0.2259 	 -0.1013 	 -0.5824
3.0661 	 0.1954 	 -0.0162 	 0.5288 	 0.0777 	 -0.0137 	 0.3219 	 -0.2252 	 -0.1002 	 -0.5780
3.0762 	 0.1962 	 -0.0163 	 0.5320 	 0.0754 	 -0.0147 	 0.3162 	 -0.2246 	 -0.0991 	 -0.5737
3.0862 	 0.1969 	 -0.0165 	 0.5351 	 0.0732 	 -0.0157 	 0.3105 	 -0.2241 	 -0.0979 	 -0.5695
3.0962 	 0.1976 	 -0.0166 	 0.5382 	 0.0709 	 -0.0167 	 0.3048 	 -0.2236 	 -0.0968 	 -0.5655
3.1062 	 0.1983 	 -0.0168 	 0.5412 	 0.0687 	 -0.0177 	 0.2991 	 -0.2233 	 -0.0957 	 -0.5616
3.1162 	 0.1990 	 -0.0170 	 0.5442 	 0.0665 	 -0.0186 	 0.2935 	 -0.2230 	 -0.0945 	 -0.5578
3.1263 	 0.1997 	 -0.0172 	 0.5471 	 0.0642 	 -0.0196 	 0.2879 	 -0.2228 	 -0.0934 	 -0.5541
3.1363 	 0.2003 	 -0.0174 	 0.5499 	 0.0620 	 -0.0205 	 0.2824 	 -0.2226 	 -0.0922 	 -0.5505
3.1463 	 0.2009 	 -0.0176 	 0.5527 	 0.0598 	 -0.0214 	 0.2769 	 -0.2225 	 -0.0910 	 -0.5471
3.1563 	 0.2015 	 -0.0178 	 0.5555 	 0.0575 	 -0.0223 	 0.2714 	 -0.2224 	 -0.0899 	 -0.5437
3.1663 	 0.2021 	 -0.0180 	 0.5582 	 0.0553 	 -0.0232 	 0.2660 	 -0.2224 	 -0.0887 	 -0.5404
3.1764 	 0.2026 	 -0.0183 	 0.5608 	 0.0531 	 -0.0241 	 0.2606 	 -0.2224 	 -0.0876 	 -0.5372
3.1864 	 0.2031 	 -0.0185 	 0.5634 	 0.0509 	 -0.0250 	 0.2552 	 -0.2225 	 -0.0864 	 -0.5341
3.1964 	 0.2036 	 -0.0188 	 0.5659 	 0.0486 	 -0.0258 	 0.2499 	 -0.2191 	 -0.0853 	 -0.5255
3.2064 	 0.2041 	 -0.0190 	 0.5684 	 0.0464 	 -0.0267 	 0.2447 	 -0.2189 	 -0.0841 	 -0.5218
3.2164 	 0.2045 	 -0.0193 	 0.5708 	 0.0442 	 -0.0275 	 0.2395 	 -0.2187 	 -0.0830 	 -0.5183
3.2265 	 0.2050 	 -0.0196 	 0.5732 	 0.0421 	 -0.0283 	 0.2343 	 -0.2186 	 -0.0819 	 -0.5148
3.2365 	 0.2054 	 -0.0199 	 0.5755 	 0.0399 	 -0.0292 	 0.2291 	 -0.2185 	 -0.0808 	 -0.5114
3.2465 	 0.2058 	 -0.0202 	 0.5778 	 0.0377 	 -0.0300 	 0.2240 	 -0.2185 	 -0.0797 	 -0.5081
3.2565 	 0.2061 	 -0.0205 	 0.5800 	 0.0355 	 -0.0308 	 0.2190 	 -0.2185 	 -0.0786 	 -0.5049
3.2665 	 0.2065 	 -0.0208 	 0.5822 	 0.0333 	 -0.0315 	 0.2139 	 -0.2185 	 -0.0775 	 -0.5018
3.2766 	 0.2068 	 -0.0211 	 0.5843 	 0.0311 	 -0.0323 	 0.2089 	 -0.2186 	 -0.0765 	 -0.4987
3.2866 	 0.2071 	 -0.0214 	 0.5864 	 0.0289 	 -0.0331 	 0.2039 	 -0.2187 	 -0.0755 	 -0.4956
3.2966 	 0.2074 	 -0.0218 	 0.5884 	 0.0267 	 -0.0338 	 0.1990 	 -0.2189 	 -0.0745 	 -0.4927
3.3066 	 0.2076 	 -0.0221 	 0.5904 	 0.0245 	 -0.0346 	 0.1940 	 -0.2190 	 -0.0736 	 -0.4898
3.3166 	 0.2079 	 -0.0224 	 0.5923 	 0.0223 	 -0.0353 	 0.1892 	 -0.2192 	 -0.0726 	 -0.4869
3.3267 	 0.2081 	 -0.0228 	 0.5942 	 0.0201 	 -0.0360 	 0.1843 	 -0.2194 	 -0.0717 	 -0.4841
3.3367 	 0.2083 	 -0.0232 	 0.5960 	 0.0179 	 -0.0367 	 0.1795 	 -0.2197 	 -0.0709 	 -0.4813
3.3467 	 0.2085 	 -0.0235 	 0.5978 	 0.0157 	 -0.0374 	 0.1746 	 -0.2199 	 -0.0701 	 -0.4786
3.3567 	 0.2086 	 -0.0239 	 0.5995 	 0.0135 	 -0.0381 	 0.1699 	 -0.2202 	 -0.0693 	 -0.4760
3.3667 	 0.2087 	 -0.0243 	 0.6012 	 0.0113 	 -0.0388 	 0.1651 	 -0.2205 	 -0.0685 	 -0.4733
3.3768 	 0.2088 	 -0.0247 	 0.6028 	 0.0091 	 -0.0395 	 0.1604 	 -0.2208 	 -0.0678 	 -0.4707
3.3868 	 0.2089 	 -0.0251 	 0.6044 	 0.0069 	 -0.0402 	 0.1557 	 -0.2235 	 -0.0678 	 -0.4625
3.3968 	 0.2090 	 -0.0255 	 0.6059 	 0.0046 	 -0.0409 	 0.1511 	 -0.2236 	 -0.0672 	 -0.4607
3.4068 	 0.2090 	 -0.0259 	 0.6074 	 0.0024 	 -0.0415 	 0.1464 	 -0.2238 	 -0.0665 	 -0.4589
3.4168 	 0.2090 	 -0.0263 	 0.6088 	 0.0002 	 -0.0422 	 0.1419 	 -0.2240 	 -0.0659 	 -0.4571
3.4269 	 0.2090 	 -0.0268 	 0.6102 	 -0.0021 	 -0.0429 	 0.1373 	 -0.2203 	 -0.0650 	 -0.4501
3.4369 	 0.2090 	 -0.0272 	 0.6116 	 -0.0043 	 -0.0435 	 0.1328 	 -0.2203 	 -0.0645 	 -0.4480
3.4469 	 0.2089 	 -0.0276 	 0.6129 	 -0.0065 	 -0.0441 	 0.1283 	 -0.2202 	 -0.0640 	 -0.4459
3.4569 	 0.2088 	 -0.0281 	 0.6142 	 -0.0087 	 -0.0448 	 0.1239 	 -0.2202 	 -0.0636 	 -0.4439
3.4669 	 0.2087 	 -0.0285 	 0.6154 	 -0.0109 	 -0.0454 	 0.1194 	 -0.2203 	 -0.0632 	 -0.4420
3.4770 	 0.2086 	 -0.0290 	 0.6166 	 -0.0131 	 -0.0461 	 0.1150 	 -0.2203 	 -0.0629 	 -0.4401
3.4870 	 0.2085 	 -0.0295 	 0.6177 	 -0.0153 	 -0.0467 	 0.1106 	 -0.2205 	 -0.0626 	 -0.4383
3.4970 	 0.2083 	 -0.0299 	 0.6188 	 -0.0175 	 -0.0473 	 0.1062 	 -0.2206 	 -0.0624 	 -0.4365
3.5070 	 0.2081 	 -0.0304 	 0.6198 	 -0.0197 	 -0.0479 	 0.1019 	 -0.2208 	 -0.0622 	 -0.4347
3.5170 	 0.2079 	 -0.0309 	 0.6208 	 -0.0220 	 -0.0486 	 0.0975 	 -0.2210 	 -0.0621 	 -0.4330
3.5271 	 0.2077 	 -0.0314 	 0.6218 	 -0.0242 	 -0.0492 	 0.0932 	 -0.2213 	 -0.0620 	 -0.4313
3.5371 	 0.2074 	 -0.0319 	 0.6227 	 -0.0264 	 -0.0498 	 0.0889 	 -0.2217 	 -0.0619 	 -0.4297
3.5471 	 0.2072 	 -0.0324 	 0.6236 	 -0.0286 	 -0.0504 	 0.0846 	 -0.2221 	 -0.0619 	 -0.4281
3.5571 	 0.2069 	 -0.0329 	 0.6244 	 -0.0308 	 -0.0510 	 0.0803 	 -0.2225 	 -0.0620 	 -0.4265
3.5671 	 0.2065 	 -0.0334 	 0.6252 	 -0.0331 	 -0.0517 	 0.0760 	 -0.2230 	 -0.0621 	 -0.4249
3.5772 	 0.2062 	 -0.0339 	 0.6259 	 -0.0353 	 -0.0523 	 0.0718 	 -0.2281 	 -0.0635 	 -0.4276
3.5872 	 0.2058 	 -0.0344 	 0.6266 	 -0.0376 	 -0.0529 	 0.0675 	 -0.2284 	 -0.0636 	 -0.4256
3.5972 	 0.2054 	 -0.0350 	 0.6273 	 -0.0399 	 -0.0536 	 0.0632 	 -0.2287 	 -0.0636 	 -0.4236
3.6072 	 0.2050 	 -0.0355 	 0.6279 	 -0.0422 	 -0.0542 	 0.0590 	 -0.2291 	 -0.0637 	 -0.4217
3.6172 	 0.2046 	 -0.0361 	 0.6284 	 -0.0445 	 -0.0548 	 0.0548 	 -0.2296 	 -0.0638 	 -0.4197
3.6273 	 0.2041 	 -0.0366 	 0.6290 	 -0.0468 	 -0.0555 	 0.0506 	 -0.2302 	 -0.0639 	 -0.4178
3.6373 	 0.2037 	 -0.0372 	 0.6295 	 -0.0491 	 -0.0561 	 0.0464 	 -0.2308 	 -0.0640 	 -0.4158
3.6473 	 0.2032 	 -0.0377 	 0.6299 	 -0.0514 	 -0.0568 	 0.0423 	 -0.2316 	 -0.0642 	 -0.4139
3.6573 	 0.2026 	 -0.0383 	 0.6303 	 -0.0537 	 -0.0574 	 0.0381 	 -0.2324 	 -0.0642 	 -0.4119
3.6673 	 0.2021 	 -0.0389 	 0.6307 	 -0.0561 	 -0.0580 	 0.0340 	 -0.2332 	 -0.0643 	 -0.4100
3.6774 	 0.2015 	 -0.0395 	 0.6310 	 -0.0584 	 -0.0587 	 0.0299 	 -0.2342 	 -0.0644 	 -0.4082
3.6874 	 0.2009 	 -0.0401 	 0.6313 	 -0.0608 	 -0.0593 	 0.0258 	 -0.2353 	 -0.0644 	 -0.4063
3.6974 	 0.2003 	 -0.0407 	 0.6315 	 -0.0631 	 -0.0600 	 0.0218 	 -0.2365 	 -0.0644 	 -0.4045
3.7074 	 0.1996 	 -0.0413 	 0.6317 	 -0.0655 	 -0.0606 	 0.0177 	 -0.2377 	 -0.0643 	 -0.4027
3.7174 	 0.1990 	 -0.0419 	 0.6319 	 -0.0679 	 -0.0613 	 0.0137 	 -0.2409 	 -0.0649 	 -0.3954
3.7275 	 0.1983 	 -0.0425 	 0.6320 	 -0.0703 	 -0.0619 	 0.0098 	 -0.2377 	 -0.0641 	 -0.3896
3.7375 	 0.1976 	 -0.0431 	 0.6321 	 -0.0727 	 -0.0626 	 0.0059 	 -0.2388 	 -0.0638 	 -0.3886
3.7475 	 0.1968 	 -0.0438 	 0.6321 	 -0.0751 	 -0.0632 	 0.0020 	 -0.2401 	 -0.0635 	 -0.3876
3.7575 	 0.1961 	 -0.0444 	 0.6321 	 -0.0775 	 -0.0638 	 -0.0018 	 -0.2414 	 -0.0631 	 -0.3868
3.7675 	 0.1953 	 -0.0450 	 0.6321 	 -0.0799 	 -0.0645 	 -0.0057 	 -0.2427 	 -0.0627 	 -0.3860
3.7776 	 0.1945 	 -0.0457 	 0.6320 	 -0.0824 	 -0.0651 	 -0.0096 	 -0.2442 	 -0.0623 	 -0.3854
3.7876 	 0.1936 	 -0.0463 	 0.6319 	 -0.0848 	 -0.0657 	 -0.0134 	 -0.2456 	 -0.0618 	 -0.3849
3.7976 	 0.1928 	 -0.0470 	 0.6317 	 -0.0873 	 -0.0663 	 -0.0173 	 -0.2489 	 -0.0664 	 -0.3878
3.8076 	 0.1919 	 -0.0477 	 0.6315 	 -0.0898 	 -0.0670 	 -0.0212 	 -0.2504 	 -0.0656 	 -0.3875
3.8176 	 0.1910 	 -0.0483 	 0.6313 	 -0.0923 	 -0.0677 	 -0.0251 	 -0.2519 	 -0.0647 	 -0.3873
3.8277 	 0.1900 	 -0.0490 	 0.6310 	 -0.0948 	 -0.0683 	 -0.0289 	 -0.2535 	 -0.0639 	 -0.3872
3.8377 	 0.1891 	 -0.0497 	 0.6307 	 -0.0974 	 -0.0689 	 -0.0328 	 -0.2551 	 -0.0630 	 -0.3872
3.8477 	 0.1881 	 -0.0504 	 0.6304 	 -0.1000 	 -0.0696 	 -0.0367 	 -0.2610 	 -0.0633 	 -0.3919
3.8577 	 0.1871 	 -0.0511 	 0.6300 	 -0.1026 	 -0.0702 	 -0.0407 	 -0.2662 	 -0.0662 	 -0.3944
3.8677 	 0.1860 	 -0.0518 	 0.6295 	 -0.1053 	 -0.0709 	 -0.0446 	 -0.2672 	 -0.0649 	 -0.3940
3.8778 	 0.1849 	 -0.0525 	 0.6291 	 -0.1080 	 -0.0715 	 -0.0486 	 -0.2682 	 -0.0637 	 -0.3937
3.8878 	 0.1839 	 -0.0532 	 0.6286 	 -0.1107 	 -0.0721 	 -0.0525 	 -0.2689 	 -0.0603 	 -0.3871
3.8978 	 0.1827 	 -0.0540 	 0.6280 	 -0.1134 	 -0.0727 	 -0.0563 	 -0.2698 	 -0.0589 	 -0.3867
3.9078 	 0.1816 	 -0.0547 	 0.6274 	 -0.1161 	 -0.0733 	 -0.0602 	 -0.2708 	 -0.0575 	 -0.3863
3.9178 	 0.1804 	 -0.0554 	 0.6268 	 -0.1188 	 -0.0739 	 -0.0641 	 -0.2717 	 -0.0562 	 -0.3861
3.9279 	 0.1792 	 -0.0562 	 0.6262 	 -0.1215 	 -0.0744 	 -0.0679 	 -0.2725 	 -0.0548 	 -0.3860
3.9379 	 0.1780 	 -0.0569 	 0.6255 	 -0.1242 	 -0.0750 	 -0.0718 	 -0.2734 	 -0.0534 	 -0.3861
3.9479 	 0.1767 	 -0.0577 	 0.6247 	 -0.1270 	 -0.0755 	 -0.0757 	 -0.2741 	 -0.0519 	 -0.3863
3.9579 	 0.1754 	 -0.0584 	 0.6239 	 -0.1297 	 -0.0760 	 -0.0795 	 -0.2748 	 -0.0505 	 -0.3866
3.9679 	 0.1741 	 -0.0592 	 0.6231 	 -0.1325 	 -0.0765 	 -0.0834 	 -0.2755 	 -0.0491 	 -0.3871
3.9780 	 0.1728 	 -0.0600 	 0.6223 	 -0.1353 	 -0.0770 	 -0.0873 	 -0.2760 	 -0.0477 	 -0.3877
3.9880 	 0.1714 	 -0.0608 	 0.6214 	 -0.1380 	 -0.0775 	 -0.0912 	 -0.2765 	 -0.0462 	 -0.3884
3.9980 	 0.1700 	 -0.0615 	 0.6204 	 -0.1408 	 -0.0779 	 -0.0951 	 -0.2768 	 -0.0448 	 -0.3893
4.0080 	 0.1686 	 -0.0623 	 0.6195 	 -0.1436 	 -0.0784 	 -0.0990 	 -0.2770 	 -0.0434 	 -0.3903
4.0180 	 0.1671 	 -0.0631 	 0.6185 	 -0.1463 	 -0.0788 	 -0.1029 	 -0.2771 	 -0.0419 	 -0.3914
4.0281 	 0.1656 	 -0.0639 	 0.6174 	 -0.1491 	 -0.0792 	 -0.1068 	 -0.2769 	 -0.0404 	 -0.3926
4.0381 	 0.1641 	 -0.0647 	 0.6163 	 -0.1519 	 -0.0796 	 -0.1108 	 -0.2766 	 -0.0390 	 -0.3939
4.0481 	 0.1626 	 -0.0655 	 0.6152 	 -0.1547 	 -0.0800 	 -0.1147 	 -0.2761 	 -0.0375 	 -0.3953
4.0581 	 0.1610 	 -0.0663 	 0.6140 	 -0.1574 	 -0.0804 	 -0.1187 	 -0.2755 	 -0.0360 	 -0.3967
4.0681 	 0.1594 	 -0.0671 	 0.6128 	 -0.1602 	 -0.0807 	 -0.1227 	 -0.2692 	 -0.0328 	 -0.3872
4.0782 	 0.1578 	 -0.0679 	 0.6116 	 -0.1629 	 -0.0810 	 -0.1266 	 -0.2680 	 -0.0314 	 -0.3881
4.0882 	 0.1562 	 -0.0687 	 0.6103 	 -0.1655 	 -0.0814 	 -0.1304 	 -0.2667 	 -0.0300 	 -0.3889
4.0982 	 0.1545 	 -0.0695 	 0.6089 	 -0.1682 	 -0.0816 	 -0.1343 	 -0.2652 	 -0.0286 	 -0.3897
4.1082 	 0.1528 	 -0.0704 	 0.6076 	 -0.1709 	 -0.0819 	 -0.1383 	 -0.2636 	 -0.0273 	 -0.3903
4.1182 	 0.1511 	 -0.0712 	 0.6062 	 -0.1735 	 -0.0822 	 -0.1422 	 -0.2619 	 -0.0259 	 -0.3909
4.1283 	 0.1493 	 -0.0720 	 0.6047 	 -0.1761 	 -0.0824 	 -0.1461 	 -0.2601 	 -0.0246 	 -0.3913
4.1383 	 0.1476 	 -0.0728 	 0.6032 	 -0.1787 	 -0.0827 	 -0.1500 	 -0.2582 	 -0.0233 	 -0.3917
4.1483 	 0.1458 	 -0.0737 	 0.6017 	 -0.1813 	 -0.0829 	 -0.1539 	 -0.2564 	 -0.0220 	 -0.3920
4.1583 	 0.1439 	 -0.0745 	 0.6002 	 -0.1838 	 -0.0831 	 -0.1579 	 -0.2545 	 -0.0208 	 -0.3922
4.1683 	 0.1421 	 -0.0753 	 0.5986 	 -0.1864 	 -0.0833 	 -0.1618 	 -0.2525 	 -0.0196 	 -0.3924
4.1784 	 0.1402 	 -0.0762 	 0.5969 	 -0.1889 	 -0.0835 	 -0.1657 	 -0.2506 	 -0.0183 	 -0.3925
4.1884 	 0.1383 	 -0.0770 	 0.5952 	 -0.1914 	 -0.0837 	 -0.1697 	 -0.2488 	 -0.0171 	 -0.3926
4.1984 	 0.1364 	 -0.0778 	 0.5935 	 -0.1939 	 -0.0839 	 -0.1736 	 -0.2470 	 -0.0159 	 -0.3928
4.2084 	 0.1344 	 -0.0787 	 0.5918 	 -0.1964 	 -0.0840 	 -0.1775 	 -0.2452 	 -0.0147 	 -0.3931
4.2184 	 0.1324 	 -0.0795 	 0.5900 	 -0.1988 	 -0.0842 	 -0.1815 	 -0.2435 	 -0.0136 	 -0.3934
4.2285 	 0.1304 	 -0.0804 	 0.5881 	 -0.2012 	 -0.0843 	 -0.1854 	 -0.2419 	 -0.0124 	 -0.3938
4.2385 	 0.1284 	 -0.0812 	 0.5862 	 -0.2036 	 -0.0844 	 -0.1894 	 -0.2403 	 -0.0112 	 -0.3945
4.2485 	 0.1263 	 -0.0821 	 0.5843 	 -0.2060 	 -0.0845 	 -0.1933 	 -0.2389 	 -0.0099 	 -0.3953
4.2585 	 0.1243 	 -0.0829 	 0.5824 	 -0.2084 	 -0.0846 	 -0.1973 	 -0.2376 	 -0.0087 	 -0.3965
4.2685 	 0.1222 	 -0.0838 	 0.5804 	 -0.2108 	 -0.0847 	 -0.2013 	 -0.2363 	 -0.0074 	 -0.3981
4.2786 	 0.1200 	 -0.0846 	 0.5783 	 -0.2132 	 -0.0848 	 -0.2053 	 -0.2352 	 -0.0061 	 -0.4001
4.2886 	 0.1179 	 -0.0855 	 0.5763 	 -0.2155 	 -0.0848 	 -0.2093 	 -0.2340 	 -0.0047 	 -0.4028
4.2986 	 0.1157 	 -0.0863 	 0.5741 	 -0.2179 	 -0.0848 	 -0.2133 	 -0.2328 	 -0.0032 	 -0.4062
4.3086 	 0.1135 	 -0.0872 	 0.5720 	 -0.2202 	 -0.0849 	 -0.2174 	 -0.2312 	 -0.0016 	 -0.4104
4.3186 	 0.1113 	 -0.0880 	 0.5698 	 -0.2225 	 -0.0849 	 -0.2216 	 -0.2291 	 0.0000 	 -0.4155
4.3287 	 0.1091 	 -0.0889 	 0.5675 	 -0.2248 	 -0.0849 	 -0.2258 	 -0.2261 	 0.0017 	 -0.4211
4.3387 	 0.1068 	 -0.0897 	 0.5653 	 -0.2270 	 -0.0848 	 -0.2300 	 -0.2221 	 0.0034 	 -0.4269
4.3487 	 0.1045 	 -0.0906 	 0.5629 	 -0.2292 	 -0.0848 	 -0.2343 	 -0.2172 	 0.0050 	 -0.4324
4.3587 	 0.1022 	 -0.0914 	 0.5606 	 -0.2314 	 -0.0847 	 -0.2387 	 -0.2118 	 0.0065 	 -0.4372
4.3687 	 0.0999 	 -0.0923 	 0.5581 	 -0.2335 	 -0.0847 	 -0.2431 	 -0.2061 	 0.0078 	 -0.4412
4.3788 	 0.0975 	 -0.0931 	 0.5557 	 -0.2355 	 -0.0846 	 -0.2475 	 -0.2034 	 0.0082 	 -0.4498
4.3888 	 0.0952 	 -0.0939 	 0.5532 	 -0.2375 	 -0.0845 	 -0.2520 	 -0.1978 	 0.0094 	 -0.4517
4.3988 	 0.0928 	 -0.0948 	 0.5506 	 -0.2395 	 -0.0844 	 -0.2566 	 -0.1924 	 0.0106 	 -0.4533
4.4088 	 0.0904 	 -0.0956 	 0.5480 	 -0.2414 	 -0.0843 	 -0.2611 	 -0.1873 	 0.0118 	 -0.4546
4.4188 	 0.0879 	 -0.0965 	 0.5454 	 -0.2432 	 -0.0842 	 -0.2657 	 -0.1824 	 0.0129 	 -0.4557
4.4289 	 0.0855 	 -0.0973 	 0.5427 	 -0.2450 	 -0.0840 	 -0.2703 	 -0.1778 	 0.0140 	 -0.4568
4.4389 	 0.0830 	 -0.0982 	 0.5400 	 -0.2468 	 -0.0839 	 -0.2748 	 -0.1734 	 0.0151 	 -0.4579
4.4489 	 0.0805 	 -0.0990 	 0.5372 	 -0.2485 	 -0.0837 	 -0.2794 	 -0.1691 	 0.0162 	 -0.4590
4.4589 	 0.0780 	 -0.0998 	 0.5344 	 -0.2502 	 -0.0836 	 -0.2840 	 -0.1649 	 0.0173 	 -0.4601
4.4689 	 0.0755 	 -0.1007 	 0.5315 	 -0.2518 	 -0.0834 	 -0.2887 	 -0.1608 	 0.0184 	 -0.4614
4.4790 	 0.0730 	 -0.1015 	 0.5286 	 -0.2534 	 -0.0832 	 -0.2933 	 -0.1568 	 0.0195 	 -0.4627
4.4890 	 0.0704 	 -0.1023 	 0.5256 	 -0.2550 	 -0.0830 	 -0.2979 	 -0.1528 	 0.0205 	 -0.4642
4.4990 	 0.0679 	 -0.1032 	 0.5226 	 -0.2565 	 -0.0828 	 -0.3026 	 -0.1488 	 0.0216 	 -0.4658
4.5090 	 0.0653 	 -0.1040 	 0.5196 	 -0.2579 	 -0.0826 	 -0.3073 	 -0.1449 	 0.0227 	 -0.4675
4.5190 	 0.0627 	 -0.1048 	 0.5165 	 -0.2594 	 -0.0823 	 -0.3120 	 -0.1410 	 0.0237 	 -0.4693
4.5291 	 0.0601 	 -0.1057 	 0.5133 	 -0.2608 	 -0.0821 	 -0.3167 	 -0.1370 	 0.0247 	 -0.4713
4.5391 	 0.0575 	 -0.1065 	 0.5101 	 -0.2621 	 -0.0818 	 -0.3214 	 -0.1331 	 0.0257 	 -0.4735
4.5491 	 0.0549 	 -0.1073 	 0.5069 	 -0.2634 	 -0.0816 	 -0.3262 	 -0.1292 	 0.0267 	 -0.4758
4.5591 	 0.0522 	 -0.1081 	 0.5036 	 -0.2647 	 -0.0813 	 -0.3310 	 -0.1208 	 0.0292 	 -0.4835
4.5691 	 0.0496 	 -0.1089 	 0.5003 	 -0.2659 	 -0.0810 	 -0.3358 	 -0.1165 	 0.0303 	 -0.4867
4.5792 	 0.0469 	 -0.1097 	 0.4969 	 -0.2670 	 -0.0807 	 -0.3407 	 -0.1122 	 0.0313 	 -0.4900
4.5892 	 0.0442 	 -0.1105 	 0.4934 	 -0.2681 	 -0.0804 	 -0.3457 	 -0.1081 	 0.0310 	 -0.4989
4.5992 	 0.0415 	 -0.1113 	 0.4899 	 -0.2692 	 -0.0801 	 -0.3507 	 -0.1037 	 0.0322 	 -0.5012
4.6092 	 0.0388 	 -0.1121 	 0.4864 	 -0.2702 	 -0.0797 	 -0.3558 	 -0.0993 	 0.0333 	 -0.5036
4.6192 	 0.0361 	 -0.1129 	 0.4828 	 -0.2712 	 -0.0794 	 -0.3608 	 -0.0949 	 0.0344 	 -0.5061
4.6293 	 0.0334 	 -0.1137 	 0.4792 	 -0.2721 	 -0.0790 	 -0.3659 	 -0.0904 	 0.0356 	 -0.5086
4.6393 	 0.0306 	 -0.1145 	 0.4755 	 -0.2730 	 -0.0787 	 -0.3710 	 -0.0860 	 0.0366 	 -0.5112
4.6493 	 0.0279 	 -0.1153 	 0.4717 	 -0.2739 	 -0.0783 	 -0.3761 	 -0.0872 	 0.0351 	 -0.5142
4.6593 	 0.0252 	 -0.1161 	 0.4679 	 -0.2747 	 -0.0780 	 -0.3813 	 -0.0825 	 0.0363 	 -0.5168
4.6693 	 0.0224 	 -0.1169 	 0.4641 	 -0.2756 	 -0.0776 	 -0.3864 	 -0.0830 	 0.0336 	 -0.5126
4.6794 	 0.0196 	 -0.1177 	 0.4602 	 -0.2764 	 -0.0773 	 -0.3916 	 -0.0777 	 0.0365 	 -0.5210
4.6894 	 0.0169 	 -0.1184 	 0.4562 	 -0.2771 	 -0.0769 	 -0.3968 	 -0.0721 	 0.0383 	 -0.5237
4.6994 	 0.0141 	 -0.1192 	 0.4522 	 -0.2778 	 -0.0765 	 -0.4021 	 -0.0664 	 0.0401 	 -0.5265
4.7094 	 0.0113 	 -0.1200 	 0.4482 	 -0.2785 	 -0.0761 	 -0.4074 	 -0.0650 	 0.0447 	 -0.5359
4.7194 	 0.0085 	 -0.1207 	 0.4441 	 -0.2791 	 -0.0756 	 -0.4128 	 -0.0583 	 0.0463 	 -0.5380
4.7295 	 0.0057 	 -0.1215 	 0.4399 	 -0.2797 	 -0.0752 	 -0.4182 	 -0.0514 	 0.0479 	 -0.5402
4.7395 	 0.0029 	 -0.1222 	 0.4357 	 -0.2801 	 -0.0747 	 -0.4236 	 -0.0444 	 0.0495 	 -0.5424
4.7495 	 0.0001 	 -0.1230 	 0.4314 	 -0.2805 	 -0.0742 	 -0.4291 	 -0.0372 	 0.0511 	 -0.5447
4.7595 	 -0.0027 	 -0.1237 	 0.4271 	 -0.2809 	 -0.0737 	 -0.4345 	 -0.0298 	 0.0527 	 -0.5469
4.7695 	 -0.0055 	 -0.1244 	 0.4227 	 -0.2811 	 -0.0731 	 -0.4400 	 -0.0223 	 0.0543 	 -0.5492
4.7796 	 -0.0084 	 -0.1252 	 0.4183 	 -0.2813 	 -0.0726 	 -0.4455 	 -0.0143 	 0.0551 	 -0.5578
4.7896 	 -0.0112 	 -0.1259 	 0.4138 	 -0.2814 	 -0.0720 	 -0.4512 	 -0.0064 	 0.0568 	 -0.5604
4.7996 	 -0.0140 	 -0.1266 	 0.4092 	 -0.2815 	 -0.0714 	 -0.4568 	 0.0017 	 0.0584 	 -0.5630
4.8096 	 -0.0168 	 -0.1273 	 0.4046 	 -0.2814 	 -0.0708 	 -0.4624 	 0.0100 	 0.0601 	 -0.5656
4.8196 	 -0.0196 	 -0.1280 	 0.4000 	 -0.2813 	 -0.0702 	 -0.4681 	 0.0185 	 0.0618 	 -0.5681
4.8297 	 -0.0224 	 -0.1287 	 0.3952 	 -0.2810 	 -0.0696 	 -0.4738 	 0.0273 	 0.0635 	 -0.5705
4.8397 	 -0.0253 	 -0.1294 	 0.3905 	 -0.2807 	 -0.0690 	 -0.4795 	 0.0363 	 0.0653 	 -0.5729
4.8497 	 -0.0281 	 -0.1301 	 0.3856 	 -0.2803 	 -0.0683 	 -0.4853 	 0.0506 	 0.0700 	 -0.5782
4.8597 	 -0.0309 	 -0.1308 	 0.3807 	 -0.2797 	 -0.0676 	 -0.4912 	 0.0624 	 0.0714 	 -0.5869
4.8697 	 -0.0337 	 -0.1315 	 0.3758 	 -0.2790 	 -0.0668 	 -0.4971 	 0.0724 	 0.0733 	 -0.5895
4.8798 	 -0.0365 	 -0.1321 	 0.3708 	 -0.2782 	 -0.0661 	 -0.5030 	 0.0855 	 0.0744 	 -0.5973
4.8898 	 -0.0393 	 -0.1328 	 0.3657 	 -0.2773 	 -0.0653 	 -0.5090 	 0.0982 	 0.0785 	 -0.6042
4.8998 	 -0.0420 	 -0.1334 	 0.3606 	 -0.2763 	 -0.0645 	 -0.5150 	 0.1068 	 0.0794 	 -0.5982
4.9098 	 -0.0448 	 -0.1341 	 0.3554 	 -0.2751 	 -0.0637 	 -0.5211 	 0.1186 	 0.0828 	 -0.6026
4.9198 	 -0.0475 	 -0.1347 	 0.3501 	 -0.2739 	 -0.0629 	 -0.5271 	 0.1285 	 0.0836 	 -0.6001
4.9299 	 -0.0503 	 -0.1354 	 0.3448 	 -0.2726 	 -0.0621 	 -0.5331 	 0.1388 	 0.0839 	 -0.5960
4.9399 	 -0.0530 	 -0.1360 	 0.3395 	 -0.2711 	 -0.0612 	 -0.5390 	 0.1504 	 0.0840 	 -0.5893
4.9499 	 -0.0557 	 -0.1366 	 0.3340 	 -0.2695 	 -0.0604 	 -0.5449 	 0.1647 	 0.0856 	 -0.5792
4.9599 	 -0.0584 	 -0.1372 	 0.3285 	 -0.2678 	 -0.0595 	 -0.5507 	 0.1822 	 0.0918 	 -0.5689
4.9699 	 -0.0611 	 -0.1378 	 0.3230 	 -0.2659 	 -0.0585 	 -0.5563 	 0.1996 	 0.1015 	 -0.5633
4.9800 	 -0.0637 	 -0.1384 	 0.3174 	 -0.2638 	 -0.0574 	 -0.5620 	 0.2168 	 0.1138 	 -0.5672
4.9900 	 -0.0664 	 -0.1389 	 0.3117 	 -0.2616 	 -0.0562 	 -0.5677 	 0.2301 	 0.1221 	 -0.5680
