100-Body Run with i = 75 th particle. (Units in pc,M_solar,Myr, km s-1) 

time		 x 		 y 		 z 		 xdot 		 ydot 		 zdot 		 xddot 		 yddot 		 zddot
0.0000 	 -0.0143 	 -0.0075 	 0.1005 	 -0.0001 	 -0.0027 	 -0.0012 	 0.2689 	 -0.0327 	 -0.1097
0.0100 	 -0.0143 	 -0.0075 	 0.1005 	 0.0026 	 -0.0030 	 -0.0023 	 0.2686 	 -0.0323 	 -0.1100
0.0200 	 -0.0142 	 -0.0075 	 0.1005 	 0.0053 	 -0.0034 	 -0.0034 	 0.2682 	 -0.0320 	 -0.1102
0.0301 	 -0.0142 	 -0.0076 	 0.1004 	 0.0080 	 -0.0037 	 -0.0045 	 0.2677 	 -0.0316 	 -0.1105
0.0401 	 -0.0141 	 -0.0076 	 0.1004 	 0.0107 	 -0.0040 	 -0.0056 	 0.2672 	 -0.0313 	 -0.1108
0.0501 	 -0.0140 	 -0.0076 	 0.1003 	 0.0133 	 -0.0043 	 -0.0067 	 0.2666 	 -0.0310 	 -0.1112
0.0601 	 -0.0138 	 -0.0077 	 0.1003 	 0.0160 	 -0.0046 	 -0.0078 	 0.2660 	 -0.0307 	 -0.1116
0.0701 	 -0.0136 	 -0.0077 	 0.1002 	 0.0187 	 -0.0049 	 -0.0089 	 0.2653 	 -0.0305 	 -0.1120
0.0802 	 -0.0134 	 -0.0078 	 0.1001 	 0.0213 	 -0.0052 	 -0.0101 	 0.2645 	 -0.0302 	 -0.1126
0.0902 	 -0.0132 	 -0.0078 	 0.1000 	 0.0240 	 -0.0055 	 -0.0112 	 0.2637 	 -0.0300 	 -0.1131
0.1002 	 -0.0130 	 -0.0079 	 0.0998 	 0.0266 	 -0.0058 	 -0.0123 	 0.2628 	 -0.0298 	 -0.1137
0.1102 	 -0.0127 	 -0.0080 	 0.0997 	 0.0292 	 -0.0061 	 -0.0135 	 0.2619 	 -0.0296 	 -0.1143
0.1202 	 -0.0124 	 -0.0080 	 0.0996 	 0.0319 	 -0.0064 	 -0.0146 	 0.2609 	 -0.0294 	 -0.1150
0.1303 	 -0.0120 	 -0.0081 	 0.0994 	 0.0345 	 -0.0067 	 -0.0158 	 0.2598 	 -0.0293 	 -0.1158
0.1403 	 -0.0117 	 -0.0081 	 0.0993 	 0.0371 	 -0.0070 	 -0.0170 	 0.2586 	 -0.0291 	 -0.1166
0.1503 	 -0.0113 	 -0.0082 	 0.0991 	 0.0396 	 -0.0073 	 -0.0181 	 0.2603 	 -0.0316 	 -0.1225
0.1603 	 -0.0109 	 -0.0083 	 0.0989 	 0.0423 	 -0.0076 	 -0.0194 	 0.2590 	 -0.0314 	 -0.1234
0.1703 	 -0.0105 	 -0.0084 	 0.0987 	 0.0448 	 -0.0079 	 -0.0206 	 0.2575 	 -0.0313 	 -0.1242
0.1804 	 -0.0100 	 -0.0085 	 0.0985 	 0.0474 	 -0.0082 	 -0.0219 	 0.2560 	 -0.0311 	 -0.1252
0.1904 	 -0.0095 	 -0.0085 	 0.0983 	 0.0500 	 -0.0086 	 -0.0231 	 0.2544 	 -0.0310 	 -0.1261
0.2004 	 -0.0090 	 -0.0086 	 0.0980 	 0.0525 	 -0.0089 	 -0.0244 	 0.2527 	 -0.0308 	 -0.1272
0.2104 	 -0.0085 	 -0.0087 	 0.0978 	 0.0550 	 -0.0092 	 -0.0257 	 0.2509 	 -0.0307 	 -0.1283
0.2204 	 -0.0079 	 -0.0088 	 0.0975 	 0.0575 	 -0.0095 	 -0.0270 	 0.2490 	 -0.0305 	 -0.1294
0.2305 	 -0.0073 	 -0.0089 	 0.0972 	 0.0600 	 -0.0098 	 -0.0283 	 0.2470 	 -0.0304 	 -0.1306
0.2405 	 -0.0067 	 -0.0090 	 0.0969 	 0.0625 	 -0.0101 	 -0.0296 	 0.2448 	 -0.0303 	 -0.1319
0.2505 	 -0.0061 	 -0.0091 	 0.0966 	 0.0649 	 -0.0104 	 -0.0309 	 0.2426 	 -0.0301 	 -0.1332
0.2605 	 -0.0054 	 -0.0092 	 0.0963 	 0.0673 	 -0.0107 	 -0.0322 	 0.2402 	 -0.0300 	 -0.1346
0.2705 	 -0.0047 	 -0.0093 	 0.0960 	 0.0697 	 -0.0110 	 -0.0336 	 0.2377 	 -0.0298 	 -0.1360
0.2806 	 -0.0040 	 -0.0094 	 0.0956 	 0.0721 	 -0.0113 	 -0.0350 	 0.2350 	 -0.0297 	 -0.1376
0.2906 	 -0.0033 	 -0.0095 	 0.0953 	 0.0744 	 -0.0116 	 -0.0364 	 0.2322 	 -0.0295 	 -0.1391
0.3006 	 -0.0025 	 -0.0097 	 0.0949 	 0.0768 	 -0.0119 	 -0.0378 	 0.2292 	 -0.0294 	 -0.1408
0.3106 	 -0.0017 	 -0.0098 	 0.0945 	 0.0790 	 -0.0122 	 -0.0392 	 0.2259 	 -0.0292 	 -0.1425
0.3206 	 -0.0009 	 -0.0099 	 0.0941 	 0.0813 	 -0.0125 	 -0.0407 	 0.2227 	 -0.0288 	 -0.1504
0.3307 	 -0.0001 	 -0.0100 	 0.0937 	 0.0835 	 -0.0127 	 -0.0422 	 0.2189 	 -0.0285 	 -0.1520
0.3407 	 0.0008 	 -0.0102 	 0.0933 	 0.0857 	 -0.0130 	 -0.0437 	 0.2147 	 -0.0283 	 -0.1536
0.3507 	 0.0016 	 -0.0103 	 0.0928 	 0.0878 	 -0.0133 	 -0.0453 	 0.2101 	 -0.0280 	 -0.1553
0.3607 	 0.0025 	 -0.0104 	 0.0924 	 0.0899 	 -0.0136 	 -0.0468 	 0.2049 	 -0.0277 	 -0.1570
0.3707 	 0.0034 	 -0.0106 	 0.0919 	 0.0919 	 -0.0139 	 -0.0484 	 0.2028 	 -0.0280 	 -0.1636
0.3808 	 0.0044 	 -0.0107 	 0.0914 	 0.0939 	 -0.0142 	 -0.0501 	 0.1955 	 -0.0276 	 -0.1654
0.3908 	 0.0053 	 -0.0109 	 0.0909 	 0.0959 	 -0.0144 	 -0.0518 	 0.1867 	 -0.0274 	 -0.1676
0.4008 	 0.0063 	 -0.0110 	 0.0904 	 0.0977 	 -0.0147 	 -0.0535 	 0.1761 	 -0.0276 	 -0.1706
0.4108 	 0.0073 	 -0.0111 	 0.0898 	 0.0994 	 -0.0150 	 -0.0552 	 0.1670 	 -0.0309 	 -0.1802
0.4208 	 0.0083 	 -0.0113 	 0.0893 	 0.1010 	 -0.0153 	 -0.0570 	 0.1535 	 -0.0339 	 -0.1872
0.4309 	 0.0093 	 -0.0115 	 0.0887 	 0.1025 	 -0.0157 	 -0.0590 	 0.1415 	 -0.0385 	 -0.1961
0.4409 	 0.0103 	 -0.0116 	 0.0881 	 0.1038 	 -0.0161 	 -0.0610 	 0.1320 	 -0.0435 	 -0.2049
0.4509 	 0.0114 	 -0.0118 	 0.0875 	 0.1051 	 -0.0165 	 -0.0630 	 0.1252 	 -0.0474 	 -0.2064
0.4609 	 0.0124 	 -0.0119 	 0.0868 	 0.1063 	 -0.0170 	 -0.0651 	 0.1176 	 -0.0512 	 -0.2131
0.4709 	 0.0135 	 -0.0121 	 0.0862 	 0.1075 	 -0.0176 	 -0.0673 	 0.1105 	 -0.0537 	 -0.2252
0.4810 	 0.0146 	 -0.0123 	 0.0855 	 0.1085 	 -0.0181 	 -0.0696 	 0.1017 	 -0.0568 	 -0.2305
0.4910 	 0.0157 	 -0.0125 	 0.0848 	 0.1095 	 -0.0187 	 -0.0719 	 0.0925 	 -0.0601 	 -0.2420
0.5010 	 0.0168 	 -0.0127 	 0.0840 	 0.1104 	 -0.0193 	 -0.0744 	 0.0816 	 -0.0633 	 -0.2474
0.5110 	 0.0179 	 -0.0129 	 0.0833 	 0.1111 	 -0.0200 	 -0.0769 	 0.0696 	 -0.0666 	 -0.2534
0.5210 	 0.0190 	 -0.0131 	 0.0825 	 0.1118 	 -0.0207 	 -0.0794 	 0.0568 	 -0.0702 	 -0.2605
0.5311 	 0.0201 	 -0.0133 	 0.0817 	 0.1123 	 -0.0214 	 -0.0821 	 0.0432 	 -0.0739 	 -0.2688
0.5411 	 0.0213 	 -0.0135 	 0.0808 	 0.1126 	 -0.0221 	 -0.0848 	 0.0291 	 -0.0777 	 -0.2785
0.5511 	 0.0224 	 -0.0137 	 0.0800 	 0.1129 	 -0.0229 	 -0.0877 	 0.0147 	 -0.0813 	 -0.2896
0.5611 	 0.0235 	 -0.0140 	 0.0791 	 0.1129 	 -0.0238 	 -0.0907 	 0.0021 	 -0.0878 	 -0.3072
0.5711 	 0.0246 	 -0.0142 	 0.0782 	 0.1129 	 -0.0247 	 -0.0938 	 -0.0123 	 -0.0901 	 -0.3207
0.5812 	 0.0258 	 -0.0145 	 0.0772 	 0.1127 	 -0.0256 	 -0.0971 	 -0.0263 	 -0.0915 	 -0.3352
0.5912 	 0.0269 	 -0.0147 	 0.0762 	 0.1124 	 -0.0265 	 -0.1005 	 -0.0397 	 -0.0916 	 -0.3508
0.6012 	 0.0280 	 -0.0150 	 0.0752 	 0.1119 	 -0.0274 	 -0.1041 	 -0.0523 	 -0.0905 	 -0.3675
0.6112 	 0.0291 	 -0.0153 	 0.0741 	 0.1113 	 -0.0283 	 -0.1079 	 -0.0628 	 -0.0884 	 -0.3855
0.6212 	 0.0303 	 -0.0156 	 0.0730 	 0.1107 	 -0.0292 	 -0.1118 	 -0.0700 	 -0.0871 	 -0.4036
0.6313 	 0.0314 	 -0.0159 	 0.0719 	 0.1099 	 -0.0300 	 -0.1160 	 -0.0751 	 -0.0868 	 -0.4125
0.6413 	 0.0325 	 -0.0162 	 0.0707 	 0.1092 	 -0.0309 	 -0.1201 	 -0.0792 	 -0.0906 	 -0.4226
0.6513 	 0.0335 	 -0.0165 	 0.0695 	 0.1083 	 -0.0319 	 -0.1244 	 -0.0841 	 -0.0958 	 -0.4273
0.6613 	 0.0346 	 -0.0168 	 0.0682 	 0.1075 	 -0.0329 	 -0.1287 	 -0.0893 	 -0.1012 	 -0.4270
0.6713 	 0.0357 	 -0.0171 	 0.0669 	 0.1066 	 -0.0339 	 -0.1330 	 -0.0932 	 -0.1060 	 -0.4223
0.6814 	 0.0368 	 -0.0175 	 0.0655 	 0.1056 	 -0.0350 	 -0.1371 	 -0.0940 	 -0.1095 	 -0.4149
0.6914 	 0.0378 	 -0.0178 	 0.0641 	 0.1047 	 -0.0361 	 -0.1413 	 -0.0913 	 -0.1113 	 -0.4080
0.7014 	 0.0389 	 -0.0182 	 0.0627 	 0.1038 	 -0.0372 	 -0.1453 	 -0.0860 	 -0.1118 	 -0.4096
0.7114 	 0.0399 	 -0.0186 	 0.0612 	 0.1030 	 -0.0383 	 -0.1494 	 -0.0792 	 -0.1112 	 -0.4131
0.7214 	 0.0409 	 -0.0190 	 0.0597 	 0.1022 	 -0.0394 	 -0.1536 	 -0.0735 	 -0.1099 	 -0.4119
0.7315 	 0.0419 	 -0.0194 	 0.0582 	 0.1015 	 -0.0405 	 -0.1577 	 -0.0681 	 -0.1080 	 -0.4123
0.7415 	 0.0430 	 -0.0198 	 0.0566 	 0.1008 	 -0.0416 	 -0.1618 	 -0.0632 	 -0.1058 	 -0.4140
0.7515 	 0.0440 	 -0.0202 	 0.0549 	 0.1002 	 -0.0426 	 -0.1660 	 -0.0542 	 -0.0990 	 -0.4177
0.7615 	 0.0450 	 -0.0206 	 0.0532 	 0.0997 	 -0.0436 	 -0.1702 	 -0.0509 	 -0.0967 	 -0.4214
0.7715 	 0.0460 	 -0.0211 	 0.0515 	 0.0992 	 -0.0446 	 -0.1744 	 -0.0482 	 -0.0941 	 -0.4260
0.7816 	 0.0470 	 -0.0215 	 0.0497 	 0.0987 	 -0.0455 	 -0.1788 	 -0.0459 	 -0.0915 	 -0.4375
0.7916 	 0.0479 	 -0.0220 	 0.0479 	 0.0983 	 -0.0464 	 -0.1832 	 -0.0450 	 -0.0888 	 -0.4434
0.8016 	 0.0489 	 -0.0225 	 0.0461 	 0.0978 	 -0.0473 	 -0.1877 	 -0.0453 	 -0.0860 	 -0.4507
0.8116 	 0.0499 	 -0.0229 	 0.0442 	 0.0974 	 -0.0481 	 -0.1922 	 -0.0473 	 -0.0833 	 -0.4602
0.8216 	 0.0509 	 -0.0234 	 0.0422 	 0.0969 	 -0.0490 	 -0.1970 	 -0.0477 	 -0.0826 	 -0.4775
0.8317 	 0.0518 	 -0.0239 	 0.0402 	 0.0964 	 -0.0498 	 -0.2019 	 -0.0501 	 -0.0815 	 -0.5095
0.8417 	 0.0528 	 -0.0244 	 0.0382 	 0.0959 	 -0.0506 	 -0.2071 	 -0.0518 	 -0.0748 	 -0.5417
0.8517 	 0.0538 	 -0.0249 	 0.0361 	 0.0954 	 -0.0513 	 -0.2127 	 -0.0436 	 -0.0631 	 -0.5738
0.8617 	 0.0547 	 -0.0254 	 0.0339 	 0.0950 	 -0.0519 	 -0.2186 	 -0.0299 	 -0.0483 	 -0.5986
0.8717 	 0.0557 	 -0.0260 	 0.0317 	 0.0948 	 -0.0523 	 -0.2247 	 -0.0165 	 -0.0355 	 -0.6145
0.8818 	 0.0566 	 -0.0265 	 0.0294 	 0.0947 	 -0.0526 	 -0.2309 	 -0.0062 	 -0.0252 	 -0.6320
0.8918 	 0.0576 	 -0.0270 	 0.0270 	 0.0947 	 -0.0528 	 -0.2373 	 -0.0011 	 -0.0172 	 -0.6425
0.9018 	 0.0585 	 -0.0275 	 0.0246 	 0.0947 	 -0.0529 	 -0.2438 	 0.0018 	 -0.0098 	 -0.6544
0.9118 	 0.0595 	 -0.0281 	 0.0222 	 0.0947 	 -0.0530 	 -0.2505 	 0.0059 	 -0.0030 	 -0.6733
0.9218 	 0.0604 	 -0.0286 	 0.0196 	 0.0948 	 -0.0530 	 -0.2573 	 0.0066 	 0.0048 	 -0.6894
0.9319 	 0.0614 	 -0.0291 	 0.0170 	 0.0948 	 -0.0529 	 -0.2643 	 0.0079 	 0.0133 	 -0.7086
0.9419 	 0.0623 	 -0.0297 	 0.0143 	 0.0949 	 -0.0527 	 -0.2715 	 0.0108 	 0.0223 	 -0.7307
0.9519 	 0.0633 	 -0.0302 	 0.0116 	 0.0951 	 -0.0524 	 -0.2789 	 0.0214 	 0.0337 	 -0.7520
0.9619 	 0.0642 	 -0.0307 	 0.0087 	 0.0954 	 -0.0520 	 -0.2866 	 0.0288 	 0.0422 	 -0.7765
0.9719 	 0.0652 	 -0.0312 	 0.0058 	 0.0957 	 -0.0516 	 -0.2945 	 0.0378 	 0.0496 	 -0.8003
0.9820 	 0.0661 	 -0.0318 	 0.0028 	 0.0961 	 -0.0511 	 -0.3026 	 0.0477 	 0.0557 	 -0.8240
0.9920 	 0.0671 	 -0.0323 	 -0.0003 	 0.0967 	 -0.0505 	 -0.3110 	 0.0600 	 0.0611 	 -0.8480
1.0020 	 0.0681 	 -0.0328 	 -0.0034 	 0.0973 	 -0.0498 	 -0.3196 	 0.0770 	 0.0663 	 -0.8699
1.0120 	 0.0691 	 -0.0333 	 -0.0067 	 0.0982 	 -0.0491 	 -0.3285 	 0.0975 	 0.0712 	 -0.8913
1.0220 	 0.0701 	 -0.0337 	 -0.0100 	 0.0993 	 -0.0484 	 -0.3374 	 0.1187 	 0.0758 	 -0.8990
1.0321 	 0.0711 	 -0.0342 	 -0.0134 	 0.1006 	 -0.0476 	 -0.3465 	 0.1399 	 0.0802 	 -0.9012
1.0421 	 0.0721 	 -0.0347 	 -0.0169 	 0.1021 	 -0.0468 	 -0.3555 	 0.1614 	 0.0845 	 -0.8986
1.0521 	 0.0731 	 -0.0352 	 -0.0205 	 0.1038 	 -0.0459 	 -0.3645 	 0.1838 	 0.0886 	 -0.8911
1.0621 	 0.0742 	 -0.0356 	 -0.0242 	 0.1058 	 -0.0450 	 -0.3733 	 0.2077 	 0.0927 	 -0.8777
1.0721 	 0.0752 	 -0.0361 	 -0.0280 	 0.1080 	 -0.0441 	 -0.3820 	 0.2369 	 0.1013 	 -0.8551
1.0822 	 0.0763 	 -0.0365 	 -0.0319 	 0.1105 	 -0.0430 	 -0.3904 	 0.2621 	 0.1044 	 -0.8239
1.0922 	 0.0774 	 -0.0369 	 -0.0358 	 0.1133 	 -0.0420 	 -0.3985 	 0.2843 	 0.1070 	 -0.7808
1.1022 	 0.0786 	 -0.0373 	 -0.0399 	 0.1162 	 -0.0409 	 -0.4061 	 0.2991 	 0.1089 	 -0.7280
1.1122 	 0.0798 	 -0.0377 	 -0.0440 	 0.1192 	 -0.0398 	 -0.4131 	 0.3051 	 0.1108 	 -0.6709
1.1222 	 0.0810 	 -0.0381 	 -0.0482 	 0.1223 	 -0.0387 	 -0.4195 	 0.3037 	 0.1142 	 -0.6128
1.1323 	 0.0822 	 -0.0385 	 -0.0524 	 0.1253 	 -0.0375 	 -0.4254 	 0.2961 	 0.1197 	 -0.5603
1.1423 	 0.0835 	 -0.0389 	 -0.0567 	 0.1282 	 -0.0363 	 -0.4307 	 0.2827 	 0.1272 	 -0.5004
1.1523 	 0.0848 	 -0.0392 	 -0.0610 	 0.1309 	 -0.0349 	 -0.4354 	 0.2618 	 0.1350 	 -0.4394
1.1623 	 0.0861 	 -0.0396 	 -0.0654 	 0.1334 	 -0.0336 	 -0.4395 	 0.2312 	 0.1408 	 -0.3761
1.1723 	 0.0875 	 -0.0399 	 -0.0698 	 0.1356 	 -0.0321 	 -0.4429 	 0.2006 	 0.1440 	 -0.3052
1.1824 	 0.0888 	 -0.0402 	 -0.0743 	 0.1375 	 -0.0307 	 -0.4457 	 0.1853 	 0.1451 	 -0.2450
1.1924 	 0.0902 	 -0.0405 	 -0.0787 	 0.1393 	 -0.0292 	 -0.4479 	 0.1708 	 0.1472 	 -0.1982
1.2024 	 0.0916 	 -0.0408 	 -0.0832 	 0.1409 	 -0.0277 	 -0.4497 	 0.1529 	 0.1506 	 -0.1541
1.2124 	 0.0930 	 -0.0411 	 -0.0878 	 0.1423 	 -0.0262 	 -0.4510 	 0.1304 	 0.1552 	 -0.1093
1.2224 	 0.0945 	 -0.0413 	 -0.0923 	 0.1435 	 -0.0246 	 -0.4518 	 0.1031 	 0.1609 	 -0.0649
1.2325 	 0.0959 	 -0.0416 	 -0.0968 	 0.1444 	 -0.0230 	 -0.4523 	 0.0729 	 0.1671 	 -0.0232
1.2425 	 0.0974 	 -0.0418 	 -0.1013 	 0.1449 	 -0.0213 	 -0.4523 	 0.0432 	 0.1725 	 0.0157
1.2525 	 0.0988 	 -0.0420 	 -0.1059 	 0.1452 	 -0.0196 	 -0.4519 	 0.0156 	 0.1706 	 0.0570
1.2625 	 0.1003 	 -0.0422 	 -0.1104 	 0.1453 	 -0.0178 	 -0.4512 	 -0.0087 	 0.1717 	 0.0906
1.2725 	 0.1017 	 -0.0424 	 -0.1149 	 0.1451 	 -0.0161 	 -0.4501 	 -0.0292 	 0.1695 	 0.1206
1.2826 	 0.1032 	 -0.0425 	 -0.1194 	 0.1447 	 -0.0145 	 -0.4488 	 -0.0462 	 0.1651 	 0.1402
1.2926 	 0.1046 	 -0.0427 	 -0.1239 	 0.1442 	 -0.0128 	 -0.4473 	 -0.0587 	 0.1592 	 0.1629
1.3026 	 0.1061 	 -0.0428 	 -0.1284 	 0.1435 	 -0.0113 	 -0.4456 	 -0.0682 	 0.1528 	 0.1760
1.3126 	 0.1075 	 -0.0429 	 -0.1328 	 0.1428 	 -0.0098 	 -0.4437 	 -0.0757 	 0.1460 	 0.1940
1.3226 	 0.1089 	 -0.0430 	 -0.1373 	 0.1420 	 -0.0083 	 -0.4417 	 -0.0825 	 0.1384 	 0.2102
1.3327 	 0.1103 	 -0.0431 	 -0.1417 	 0.1412 	 -0.0070 	 -0.4395 	 -0.0857 	 0.1258 	 0.2233
1.3427 	 0.1118 	 -0.0431 	 -0.1461 	 0.1403 	 -0.0058 	 -0.4372 	 -0.0956 	 0.1154 	 0.2393
1.3527 	 0.1132 	 -0.0432 	 -0.1504 	 0.1393 	 -0.0047 	 -0.4347 	 -0.1101 	 0.1008 	 0.2597
1.3627 	 0.1145 	 -0.0432 	 -0.1548 	 0.1381 	 -0.0038 	 -0.4319 	 -0.1268 	 0.0874 	 0.2908
1.3727 	 0.1159 	 -0.0432 	 -0.1591 	 0.1368 	 -0.0029 	 -0.4288 	 -0.1324 	 0.0874 	 0.3221
1.3828 	 0.1173 	 -0.0433 	 -0.1634 	 0.1354 	 -0.0021 	 -0.4255 	 -0.1405 	 0.0857 	 0.3372
1.3928 	 0.1186 	 -0.0433 	 -0.1676 	 0.1339 	 -0.0012 	 -0.4221 	 -0.1504 	 0.0826 	 0.3474
1.4028 	 0.1200 	 -0.0433 	 -0.1718 	 0.1324 	 -0.0004 	 -0.4186 	 -0.1611 	 0.0802 	 0.3495
1.4128 	 0.1213 	 -0.0433 	 -0.1760 	 0.1307 	 0.0004 	 -0.4151 	 -0.1699 	 0.0776 	 0.3570
1.4228 	 0.1226 	 -0.0433 	 -0.1801 	 0.1290 	 0.0011 	 -0.4114 	 -0.1778 	 0.0755 	 0.3628
1.4329 	 0.1239 	 -0.0433 	 -0.1843 	 0.1272 	 0.0019 	 -0.4078 	 -0.1849 	 0.0737 	 0.3670
1.4429 	 0.1251 	 -0.0433 	 -0.1883 	 0.1253 	 0.0026 	 -0.4041 	 -0.1917 	 0.0719 	 0.3696
1.4529 	 0.1264 	 -0.0432 	 -0.1924 	 0.1233 	 0.0033 	 -0.4004 	 -0.1991 	 0.0693 	 0.3713
1.4629 	 0.1276 	 -0.0432 	 -0.1963 	 0.1213 	 0.0040 	 -0.3966 	 -0.2113 	 0.0617 	 0.3766
1.4729 	 0.1288 	 -0.0431 	 -0.2003 	 0.1191 	 0.0046 	 -0.3927 	 -0.2176 	 0.0605 	 0.4227
1.4830 	 0.1300 	 -0.0431 	 -0.2042 	 0.1169 	 0.0052 	 -0.3884 	 -0.2130 	 0.0718 	 0.4290
1.4930 	 0.1312 	 -0.0430 	 -0.2081 	 0.1148 	 0.0060 	 -0.3841 	 -0.2145 	 0.0765 	 0.4275
1.5030 	 0.1323 	 -0.0430 	 -0.2119 	 0.1126 	 0.0068 	 -0.3798 	 -0.2171 	 0.0802 	 0.4245
1.5130 	 0.1334 	 -0.0429 	 -0.2157 	 0.1104 	 0.0076 	 -0.3756 	 -0.2200 	 0.0836 	 0.4198
1.5230 	 0.1345 	 -0.0428 	 -0.2194 	 0.1082 	 0.0084 	 -0.3714 	 -0.2244 	 0.0872 	 0.4070
1.5331 	 0.1356 	 -0.0427 	 -0.2231 	 0.1060 	 0.0093 	 -0.3674 	 -0.2282 	 0.0905 	 0.3983
1.5431 	 0.1366 	 -0.0426 	 -0.2268 	 0.1036 	 0.0103 	 -0.3634 	 -0.2344 	 0.0931 	 0.3871
1.5531 	 0.1377 	 -0.0425 	 -0.2304 	 0.1012 	 0.0112 	 -0.3596 	 -0.2455 	 0.0940 	 0.3691
1.5631 	 0.1387 	 -0.0424 	 -0.2340 	 0.0987 	 0.0121 	 -0.3560 	 -0.2572 	 0.0940 	 0.3591
1.5731 	 0.1396 	 -0.0423 	 -0.2376 	 0.0961 	 0.0131 	 -0.3524 	 -0.2706 	 0.0929 	 0.3507
1.5832 	 0.1406 	 -0.0421 	 -0.2411 	 0.0933 	 0.0140 	 -0.3490 	 -0.2854 	 0.0909 	 0.3438
1.5932 	 0.1415 	 -0.0420 	 -0.2445 	 0.0904 	 0.0149 	 -0.3455 	 -0.3018 	 0.0880 	 0.3389
1.6032 	 0.1424 	 -0.0418 	 -0.2480 	 0.0872 	 0.0158 	 -0.3422 	 -0.3211 	 0.0858 	 0.3305
1.6132 	 0.1432 	 -0.0417 	 -0.2514 	 0.0840 	 0.0166 	 -0.3389 	 -0.3319 	 0.0828 	 0.3230
1.6232 	 0.1441 	 -0.0415 	 -0.2548 	 0.0806 	 0.0174 	 -0.3356 	 -0.3512 	 0.0787 	 0.3298
1.6333 	 0.1449 	 -0.0413 	 -0.2581 	 0.0770 	 0.0182 	 -0.3323 	 -0.3642 	 0.0757 	 0.3238
1.6433 	 0.1456 	 -0.0412 	 -0.2614 	 0.0733 	 0.0189 	 -0.3290 	 -0.3710 	 0.0676 	 0.3337
1.6533 	 0.1463 	 -0.0410 	 -0.2647 	 0.0695 	 0.0196 	 -0.3256 	 -0.3799 	 0.0611 	 0.3435
1.6633 	 0.1470 	 -0.0408 	 -0.2680 	 0.0657 	 0.0201 	 -0.3222 	 -0.3878 	 0.0506 	 0.3452
1.6733 	 0.1476 	 -0.0406 	 -0.2712 	 0.0617 	 0.0206 	 -0.3187 	 -0.3987 	 0.0456 	 0.3499
1.6834 	 0.1482 	 -0.0403 	 -0.2744 	 0.0577 	 0.0210 	 -0.3152 	 -0.4100 	 0.0420 	 0.3474
1.6934 	 0.1488 	 -0.0401 	 -0.2775 	 0.0535 	 0.0214 	 -0.3117 	 -0.4227 	 0.0394 	 0.3513
1.7034 	 0.1493 	 -0.0399 	 -0.2806 	 0.0492 	 0.0218 	 -0.3082 	 -0.4358 	 0.0379 	 0.3560
1.7134 	 0.1498 	 -0.0397 	 -0.2837 	 0.0448 	 0.0222 	 -0.3046 	 -0.4484 	 0.0372 	 0.3555
1.7234 	 0.1502 	 -0.0395 	 -0.2867 	 0.0402 	 0.0226 	 -0.3010 	 -0.4597 	 0.0412 	 0.3664
1.7335 	 0.1506 	 -0.0392 	 -0.2897 	 0.0356 	 0.0230 	 -0.2973 	 -0.4722 	 0.0403 	 0.3774
1.7435 	 0.1509 	 -0.0390 	 -0.2927 	 0.0308 	 0.0235 	 -0.2933 	 -0.4797 	 0.0456 	 0.4162
1.7535 	 0.1512 	 -0.0388 	 -0.2956 	 0.0259 	 0.0237 	 -0.2890 	 -0.4910 	 0.0110 	 0.4446
1.7635 	 0.1514 	 -0.0385 	 -0.2985 	 0.0209 	 0.0237 	 -0.2845 	 -0.5044 	 -0.0068 	 0.4485
1.7735 	 0.1516 	 -0.0383 	 -0.3013 	 0.0158 	 0.0236 	 -0.2800 	 -0.5173 	 -0.0209 	 0.4501
1.7836 	 0.1518 	 -0.0381 	 -0.3041 	 0.0106 	 0.0233 	 -0.2755 	 -0.5287 	 -0.0336 	 0.4509
1.7936 	 0.1518 	 -0.0378 	 -0.3068 	 0.0052 	 0.0229 	 -0.2709 	 -0.5393 	 -0.0533 	 0.4473
1.8036 	 0.1519 	 -0.0376 	 -0.3095 	 -0.0002 	 0.0223 	 -0.2665 	 -0.5444 	 -0.0638 	 0.4486
1.8136 	 0.1518 	 -0.0374 	 -0.3121 	 -0.0057 	 0.0216 	 -0.2620 	 -0.5465 	 -0.0736 	 0.4441
1.8236 	 0.1517 	 -0.0372 	 -0.3147 	 -0.0112 	 0.0208 	 -0.2575 	 -0.5469 	 -0.0827 	 0.4456
1.8337 	 0.1516 	 -0.0370 	 -0.3173 	 -0.0166 	 0.0200 	 -0.2530 	 -0.5466 	 -0.0912 	 0.4481
1.8437 	 0.1514 	 -0.0368 	 -0.3198 	 -0.0221 	 0.0190 	 -0.2485 	 -0.5460 	 -0.0993 	 0.4515
1.8537 	 0.1512 	 -0.0366 	 -0.3223 	 -0.0276 	 0.0180 	 -0.2440 	 -0.5452 	 -0.1072 	 0.4559
1.8637 	 0.1509 	 -0.0364 	 -0.3247 	 -0.0330 	 0.0169 	 -0.2394 	 -0.5441 	 -0.1150 	 0.4610
1.8737 	 0.1505 	 -0.0363 	 -0.3271 	 -0.0385 	 0.0157 	 -0.2347 	 -0.5424 	 -0.1229 	 0.4666
1.8838 	 0.1501 	 -0.0361 	 -0.3294 	 -0.0439 	 0.0144 	 -0.2300 	 -0.5402 	 -0.1308 	 0.4724
1.8938 	 0.1496 	 -0.0360 	 -0.3317 	 -0.0493 	 0.0131 	 -0.2253 	 -0.5407 	 -0.1387 	 0.4737
1.9038 	 0.1491 	 -0.0358 	 -0.3339 	 -0.0547 	 0.0116 	 -0.2205 	 -0.5367 	 -0.1467 	 0.4802
1.9138 	 0.1485 	 -0.0357 	 -0.3361 	 -0.0601 	 0.0101 	 -0.2157 	 -0.5323 	 -0.1547 	 0.4863
1.9238 	 0.1479 	 -0.0356 	 -0.3382 	 -0.0654 	 0.0085 	 -0.2108 	 -0.5277 	 -0.1626 	 0.4923
1.9339 	 0.1472 	 -0.0356 	 -0.3403 	 -0.0707 	 0.0069 	 -0.2059 	 -0.5244 	 -0.1713 	 0.4929
1.9439 	 0.1465 	 -0.0355 	 -0.3424 	 -0.0759 	 0.0051 	 -0.2009 	 -0.5193 	 -0.1785 	 0.4999
1.9539 	 0.1457 	 -0.0355 	 -0.3444 	 -0.0811 	 0.0033 	 -0.1959 	 -0.5141 	 -0.1853 	 0.5070
1.9639 	 0.1449 	 -0.0354 	 -0.3463 	 -0.0862 	 0.0014 	 -0.1907 	 -0.5038 	 -0.1867 	 0.5134
1.9739 	 0.1440 	 -0.0354 	 -0.3482 	 -0.0912 	 -0.0005 	 -0.1856 	 -0.4980 	 -0.1921 	 0.5205
1.9840 	 0.1430 	 -0.0354 	 -0.3500 	 -0.0961 	 -0.0024 	 -0.1803 	 -0.4897 	 -0.1985 	 0.5215
1.9940 	 0.1420 	 -0.0355 	 -0.3518 	 -0.1010 	 -0.0044 	 -0.1751 	 -0.4835 	 -0.2033 	 0.5276
2.0040 	 0.1410 	 -0.0355 	 -0.3535 	 -0.1058 	 -0.0065 	 -0.1698 	 -0.4775 	 -0.2077 	 0.5265
2.0140 	 0.1399 	 -0.0356 	 -0.3552 	 -0.1106 	 -0.0086 	 -0.1645 	 -0.4714 	 -0.2119 	 0.5316
2.0240 	 0.1388 	 -0.0357 	 -0.3568 	 -0.1153 	 -0.0107 	 -0.1592 	 -0.4653 	 -0.2160 	 0.5368
2.0341 	 0.1376 	 -0.0358 	 -0.3584 	 -0.1199 	 -0.0129 	 -0.1538 	 -0.4593 	 -0.2200 	 0.5422
2.0441 	 0.1364 	 -0.0360 	 -0.3599 	 -0.1245 	 -0.0152 	 -0.1483 	 -0.4545 	 -0.2229 	 0.5541
2.0541 	 0.1351 	 -0.0361 	 -0.3614 	 -0.1290 	 -0.0174 	 -0.1427 	 -0.4482 	 -0.2272 	 0.5603
2.0641 	 0.1338 	 -0.0363 	 -0.3628 	 -0.1335 	 -0.0197 	 -0.1370 	 -0.4418 	 -0.2317 	 0.5673
2.0741 	 0.1324 	 -0.0365 	 -0.3641 	 -0.1378 	 -0.0221 	 -0.1314 	 -0.4303 	 -0.2396 	 0.5712
2.0842 	 0.1310 	 -0.0368 	 -0.3654 	 -0.1420 	 -0.0245 	 -0.1256 	 -0.4152 	 -0.2477 	 0.5789
2.0942 	 0.1296 	 -0.0370 	 -0.3666 	 -0.1462 	 -0.0270 	 -0.1197 	 -0.4133 	 -0.2540 	 0.5803
2.1042 	 0.1281 	 -0.0373 	 -0.3678 	 -0.1503 	 -0.0296 	 -0.1139 	 -0.4035 	 -0.2580 	 0.5910
2.1142 	 0.1266 	 -0.0376 	 -0.3689 	 -0.1543 	 -0.0322 	 -0.1080 	 -0.3940 	 -0.2616 	 0.5964
2.1242 	 0.1250 	 -0.0379 	 -0.3700 	 -0.1582 	 -0.0348 	 -0.1019 	 -0.3834 	 -0.2645 	 0.6104
2.1343 	 0.1234 	 -0.0383 	 -0.3709 	 -0.1620 	 -0.0375 	 -0.0956 	 -0.3755 	 -0.2637 	 0.6404
2.1443 	 0.1218 	 -0.0387 	 -0.3719 	 -0.1657 	 -0.0401 	 -0.0891 	 -0.3650 	 -0.2591 	 0.6587
2.1543 	 0.1201 	 -0.0391 	 -0.3727 	 -0.1693 	 -0.0426 	 -0.0825 	 -0.3540 	 -0.2500 	 0.6727
2.1643 	 0.1184 	 -0.0395 	 -0.3735 	 -0.1728 	 -0.0451 	 -0.0757 	 -0.3421 	 -0.2400 	 0.6813
2.1743 	 0.1166 	 -0.0400 	 -0.3742 	 -0.1761 	 -0.0474 	 -0.0688 	 -0.3294 	 -0.2308 	 0.6863
2.1844 	 0.1149 	 -0.0405 	 -0.3749 	 -0.1794 	 -0.0497 	 -0.0619 	 -0.3161 	 -0.2224 	 0.6891
2.1944 	 0.1130 	 -0.0410 	 -0.3755 	 -0.1825 	 -0.0519 	 -0.0550 	 -0.3028 	 -0.2146 	 0.6908
2.2044 	 0.1112 	 -0.0415 	 -0.3760 	 -0.1854 	 -0.0540 	 -0.0481 	 -0.2896 	 -0.2069 	 0.6926
2.2144 	 0.1093 	 -0.0421 	 -0.3764 	 -0.1883 	 -0.0560 	 -0.0411 	 -0.2762 	 -0.1983 	 0.6965
2.2244 	 0.1074 	 -0.0427 	 -0.3768 	 -0.1910 	 -0.0580 	 -0.0341 	 -0.2599 	 -0.1888 	 0.6999
2.2345 	 0.1055 	 -0.0433 	 -0.3771 	 -0.1934 	 -0.0599 	 -0.0270 	 -0.2363 	 -0.1849 	 0.7207
2.2445 	 0.1036 	 -0.0439 	 -0.3774 	 -0.1957 	 -0.0617 	 -0.0198 	 -0.2108 	 -0.1960 	 0.7273
2.2545 	 0.1016 	 -0.0445 	 -0.3775 	 -0.1977 	 -0.0637 	 -0.0124 	 -0.1931 	 -0.1991 	 0.7297
2.2645 	 0.0996 	 -0.0451 	 -0.3776 	 -0.1996 	 -0.0657 	 -0.0051 	 -0.1781 	 -0.2007 	 0.7317
2.2745 	 0.0976 	 -0.0458 	 -0.3776 	 -0.2013 	 -0.0677 	 0.0023 	 -0.1643 	 -0.2006 	 0.7417
2.2846 	 0.0956 	 -0.0465 	 -0.3776 	 -0.2029 	 -0.0697 	 0.0097 	 -0.1506 	 -0.1992 	 0.7470
2.2946 	 0.0935 	 -0.0472 	 -0.3774 	 -0.2043 	 -0.0717 	 0.0172 	 -0.1369 	 -0.1954 	 0.7541
2.3046 	 0.0915 	 -0.0479 	 -0.3772 	 -0.2056 	 -0.0736 	 0.0248 	 -0.1234 	 -0.1891 	 0.7617
2.3146 	 0.0894 	 -0.0487 	 -0.3769 	 -0.2068 	 -0.0755 	 0.0325 	 -0.1123 	 -0.1828 	 0.7650
2.3246 	 0.0873 	 -0.0494 	 -0.3766 	 -0.2079 	 -0.0773 	 0.0402 	 -0.1049 	 -0.1739 	 0.7728
2.3347 	 0.0852 	 -0.0502 	 -0.3761 	 -0.2089 	 -0.0790 	 0.0480 	 -0.0933 	 -0.1615 	 0.7831
2.3447 	 0.0831 	 -0.0510 	 -0.3756 	 -0.2098 	 -0.0805 	 0.0559 	 -0.0815 	 -0.1486 	 0.7858
2.3547 	 0.0810 	 -0.0518 	 -0.3750 	 -0.2105 	 -0.0819 	 0.0638 	 -0.0714 	 -0.1319 	 0.7810
2.3647 	 0.0789 	 -0.0527 	 -0.3743 	 -0.2112 	 -0.0832 	 0.0716 	 -0.0664 	 -0.1196 	 0.7809
2.3747 	 0.0768 	 -0.0535 	 -0.3736 	 -0.2118 	 -0.0843 	 0.0794 	 -0.0546 	 -0.1037 	 0.7775
2.3848 	 0.0747 	 -0.0544 	 -0.3727 	 -0.2123 	 -0.0853 	 0.0872 	 -0.0422 	 -0.0871 	 0.7720
2.3948 	 0.0725 	 -0.0552 	 -0.3718 	 -0.2126 	 -0.0861 	 0.0949 	 -0.0290 	 -0.0698 	 0.7641
2.4048 	 0.0704 	 -0.0561 	 -0.3708 	 -0.2129 	 -0.0867 	 0.1025 	 -0.0143 	 -0.0519 	 0.7534
2.4148 	 0.0683 	 -0.0570 	 -0.3698 	 -0.2129 	 -0.0871 	 0.1099 	 0.0021 	 -0.0334 	 0.7395
2.4248 	 0.0662 	 -0.0578 	 -0.3686 	 -0.2128 	 -0.0873 	 0.1173 	 0.0208 	 -0.0145 	 0.7222
2.4349 	 0.0640 	 -0.0587 	 -0.3674 	 -0.2125 	 -0.0874 	 0.1244 	 0.0418 	 0.0044 	 0.7008
2.4449 	 0.0619 	 -0.0596 	 -0.3661 	 -0.2120 	 -0.0873 	 0.1313 	 0.0644 	 0.0234 	 0.6812
2.4549 	 0.0598 	 -0.0604 	 -0.3648 	 -0.2112 	 -0.0869 	 0.1380 	 0.0903 	 0.0401 	 0.6504
2.4649 	 0.0577 	 -0.0613 	 -0.3634 	 -0.2102 	 -0.0865 	 0.1443 	 0.1158 	 0.0496 	 0.6097
2.4749 	 0.0556 	 -0.0622 	 -0.3619 	 -0.2089 	 -0.0860 	 0.1502 	 0.1408 	 0.0567 	 0.5701
2.4850 	 0.0535 	 -0.0630 	 -0.3604 	 -0.2073 	 -0.0854 	 0.1558 	 0.1708 	 0.0647 	 0.5364
2.4950 	 0.0514 	 -0.0639 	 -0.3588 	 -0.2055 	 -0.0847 	 0.1610 	 0.2052 	 0.0746 	 0.5062
2.5050 	 0.0494 	 -0.0647 	 -0.3572 	 -0.2032 	 -0.0839 	 0.1659 	 0.2454 	 0.0823 	 0.4693
2.5150 	 0.0473 	 -0.0656 	 -0.3555 	 -0.2005 	 -0.0830 	 0.1704 	 0.2837 	 0.0883 	 0.4295
2.5251 	 0.0453 	 -0.0664 	 -0.3537 	 -0.1975 	 -0.0821 	 0.1745 	 0.3146 	 0.0910 	 0.3966
2.5351 	 0.0434 	 -0.0672 	 -0.3520 	 -0.1942 	 -0.0812 	 0.1784 	 0.3455 	 0.1000 	 0.3688
2.5451 	 0.0415 	 -0.0680 	 -0.3502 	 -0.1906 	 -0.0802 	 0.1819 	 0.3739 	 0.1032 	 0.3474
2.5551 	 0.0396 	 -0.0688 	 -0.3483 	 -0.1868 	 -0.0791 	 0.1853 	 0.3990 	 0.1069 	 0.3361
2.5651 	 0.0377 	 -0.0696 	 -0.3465 	 -0.1826 	 -0.0780 	 0.1886 	 0.4242 	 0.1066 	 0.3239
2.5752 	 0.0359 	 -0.0704 	 -0.3445 	 -0.1783 	 -0.0770 	 0.1919 	 0.4416 	 0.1042 	 0.3249
2.5852 	 0.0341 	 -0.0712 	 -0.3426 	 -0.1738 	 -0.0759 	 0.1951 	 0.4588 	 0.1039 	 0.3230
2.5952 	 0.0324 	 -0.0719 	 -0.3406 	 -0.1691 	 -0.0749 	 0.1983 	 0.4694 	 0.1105 	 0.3199
2.6052 	 0.0308 	 -0.0727 	 -0.3386 	 -0.1644 	 -0.0738 	 0.2016 	 0.4741 	 0.1138 	 0.3214
2.6152 	 0.0291 	 -0.0734 	 -0.3366 	 -0.1596 	 -0.0726 	 0.2048 	 0.4746 	 0.1198 	 0.3218
2.6253 	 0.0276 	 -0.0741 	 -0.3345 	 -0.1549 	 -0.0714 	 0.2080 	 0.4720 	 0.1290 	 0.3195
2.6353 	 0.0260 	 -0.0748 	 -0.3324 	 -0.1502 	 -0.0700 	 0.2112 	 0.4667 	 0.1416 	 0.3129
2.6453 	 0.0245 	 -0.0755 	 -0.3303 	 -0.1456 	 -0.0685 	 0.2142 	 0.4528 	 0.1814 	 0.2943
2.6553 	 0.0231 	 -0.0762 	 -0.3281 	 -0.1408 	 -0.0664 	 0.2171 	 0.4846 	 0.2169 	 0.2773
2.6653 	 0.0217 	 -0.0768 	 -0.3259 	 -0.1359 	 -0.0641 	 0.2198 	 0.4907 	 0.2323 	 0.2664
2.6754 	 0.0204 	 -0.0775 	 -0.3237 	 -0.1310 	 -0.0617 	 0.2224 	 0.5044 	 0.2537 	 0.2579
2.6854 	 0.0191 	 -0.0781 	 -0.3215 	 -0.1258 	 -0.0591 	 0.2249 	 0.5244 	 0.2635 	 0.2320
2.6954 	 0.0179 	 -0.0787 	 -0.3192 	 -0.1205 	 -0.0565 	 0.2271 	 0.5314 	 0.2640 	 0.2060
2.7054 	 0.0167 	 -0.0792 	 -0.3169 	 -0.1152 	 -0.0538 	 0.2290 	 0.5300 	 0.2637 	 0.1768
2.7154 	 0.0156 	 -0.0797 	 -0.3146 	 -0.1099 	 -0.0512 	 0.2307 	 0.5273 	 0.2647 	 0.1549
2.7255 	 0.0145 	 -0.0802 	 -0.3123 	 -0.1046 	 -0.0485 	 0.2321 	 0.5233 	 0.2665 	 0.1333
2.7355 	 0.0135 	 -0.0807 	 -0.3100 	 -0.0994 	 -0.0458 	 0.2334 	 0.5181 	 0.2690 	 0.1109
2.7455 	 0.0125 	 -0.0811 	 -0.3076 	 -0.0942 	 -0.0431 	 0.2344 	 0.5119 	 0.2717 	 0.0863
2.7555 	 0.0116 	 -0.0816 	 -0.3053 	 -0.0892 	 -0.0404 	 0.2351 	 0.4999 	 0.2769 	 0.0620
2.7655 	 0.0107 	 -0.0820 	 -0.3029 	 -0.0842 	 -0.0376 	 0.2356 	 0.4928 	 0.2753 	 0.0330
2.7756 	 0.0099 	 -0.0823 	 -0.3006 	 -0.0793 	 -0.0349 	 0.2358 	 0.4849 	 0.2629 	 0.0137
2.7856 	 0.0091 	 -0.0827 	 -0.2982 	 -0.0745 	 -0.0323 	 0.2358 	 0.4790 	 0.2569 	 -0.0107
2.7956 	 0.0084 	 -0.0830 	 -0.2958 	 -0.0697 	 -0.0297 	 0.2356 	 0.4726 	 0.2506 	 -0.0314
2.8056 	 0.0077 	 -0.0833 	 -0.2935 	 -0.0650 	 -0.0272 	 0.2353 	 0.4673 	 0.2466 	 -0.0443
2.8156 	 0.0071 	 -0.0835 	 -0.2911 	 -0.0604 	 -0.0248 	 0.2347 	 0.4593 	 0.2403 	 -0.0609
2.8257 	 0.0065 	 -0.0837 	 -0.2888 	 -0.0558 	 -0.0224 	 0.2340 	 0.4451 	 0.2334 	 -0.0787
2.8357 	 0.0060 	 -0.0840 	 -0.2864 	 -0.0514 	 -0.0201 	 0.2332 	 0.4351 	 0.2274 	 -0.0924
2.8457 	 0.0055 	 -0.0842 	 -0.2841 	 -0.0471 	 -0.0178 	 0.2322 	 0.4242 	 0.2220 	 -0.1060
2.8557 	 0.0050 	 -0.0843 	 -0.2818 	 -0.0429 	 -0.0156 	 0.2311 	 0.4119 	 0.2167 	 -0.1218
2.8657 	 0.0046 	 -0.0845 	 -0.2795 	 -0.0388 	 -0.0135 	 0.2297 	 0.4014 	 0.2146 	 -0.1398
2.8758 	 0.0042 	 -0.0846 	 -0.2772 	 -0.0348 	 -0.0114 	 0.2282 	 0.3967 	 0.2083 	 -0.1629
2.8858 	 0.0039 	 -0.0847 	 -0.2749 	 -0.0309 	 -0.0093 	 0.2265 	 0.3968 	 0.2024 	 -0.1880
2.8958 	 0.0036 	 -0.0848 	 -0.2727 	 -0.0269 	 -0.0073 	 0.2245 	 0.3972 	 0.1970 	 -0.2069
2.9058 	 0.0034 	 -0.0848 	 -0.2704 	 -0.0229 	 -0.0054 	 0.2223 	 0.3961 	 0.1915 	 -0.2216
2.9158 	 0.0032 	 -0.0849 	 -0.2682 	 -0.0190 	 -0.0035 	 0.2201 	 0.3938 	 0.1858 	 -0.2337
2.9259 	 0.0030 	 -0.0849 	 -0.2660 	 -0.0150 	 -0.0017 	 0.2177 	 0.3906 	 0.1797 	 -0.2439
2.9359 	 0.0029 	 -0.0849 	 -0.2638 	 -0.0111 	 0.0001 	 0.2152 	 0.3870 	 0.1729 	 -0.2529
2.9459 	 0.0028 	 -0.0849 	 -0.2617 	 -0.0073 	 0.0018 	 0.2126 	 0.3860 	 0.1701 	 -0.2616
2.9559 	 0.0027 	 -0.0849 	 -0.2596 	 -0.0034 	 0.0035 	 0.2099 	 0.3811 	 0.1601 	 -0.2692
2.9659 	 0.0027 	 -0.0848 	 -0.2575 	 0.0004 	 0.0050 	 0.2073 	 0.3758 	 0.1504 	 -0.2710
2.9760 	 0.0027 	 -0.0848 	 -0.2554 	 0.0041 	 0.0065 	 0.2045 	 0.3699 	 0.1397 	 -0.2798
2.9860 	 0.0028 	 -0.0847 	 -0.2534 	 0.0078 	 0.0078 	 0.2016 	 0.3661 	 0.1313 	 -0.2943
2.9960 	 0.0029 	 -0.0846 	 -0.2514 	 0.0114 	 0.0091 	 0.1986 	 0.3547 	 0.1221 	 -0.3039
3.0060 	 0.0030 	 -0.0845 	 -0.2494 	 0.0150 	 0.0103 	 0.1955 	 0.3499 	 0.1174 	 -0.3137
3.0160 	 0.0032 	 -0.0844 	 -0.2475 	 0.0184 	 0.0114 	 0.1923 	 0.3440 	 0.1091 	 -0.3212
3.0261 	 0.0034 	 -0.0843 	 -0.2456 	 0.0218 	 0.0125 	 0.1891 	 0.3345 	 0.1061 	 -0.3288
3.0361 	 0.0036 	 -0.0842 	 -0.2437 	 0.0251 	 0.0136 	 0.1858 	 0.3298 	 0.1065 	 -0.3364
3.0461 	 0.0039 	 -0.0840 	 -0.2418 	 0.0284 	 0.0146 	 0.1823 	 0.3238 	 0.1059 	 -0.3441
3.0561 	 0.0042 	 -0.0839 	 -0.2400 	 0.0316 	 0.0156 	 0.1788 	 0.3181 	 0.0964 	 -0.3543
3.0661 	 0.0045 	 -0.0837 	 -0.2383 	 0.0348 	 0.0166 	 0.1752 	 0.3108 	 0.0911 	 -0.3663
3.0762 	 0.0049 	 -0.0835 	 -0.2365 	 0.0379 	 0.0174 	 0.1715 	 0.3037 	 0.0846 	 -0.3821
3.0862 	 0.0053 	 -0.0834 	 -0.2348 	 0.0409 	 0.0183 	 0.1676 	 0.2975 	 0.0779 	 -0.4028
3.0962 	 0.0057 	 -0.0832 	 -0.2332 	 0.0438 	 0.0190 	 0.1634 	 0.2934 	 0.0736 	 -0.4287
3.1062 	 0.0062 	 -0.0830 	 -0.2315 	 0.0468 	 0.0197 	 0.1590 	 0.2895 	 0.0749 	 -0.4541
3.1162 	 0.0066 	 -0.0828 	 -0.2300 	 0.0496 	 0.0205 	 0.1543 	 0.2813 	 0.0782 	 -0.4703
3.1263 	 0.0072 	 -0.0826 	 -0.2285 	 0.0524 	 0.0213 	 0.1496 	 0.2705 	 0.0795 	 -0.4799
3.1363 	 0.0077 	 -0.0824 	 -0.2270 	 0.0551 	 0.0221 	 0.1447 	 0.2636 	 0.0811 	 -0.4939
3.1463 	 0.0083 	 -0.0821 	 -0.2256 	 0.0577 	 0.0229 	 0.1397 	 0.2553 	 0.0774 	 -0.5042
3.1563 	 0.0088 	 -0.0819 	 -0.2242 	 0.0602 	 0.0237 	 0.1346 	 0.2478 	 0.0715 	 -0.5157
3.1663 	 0.0095 	 -0.0817 	 -0.2229 	 0.0626 	 0.0244 	 0.1293 	 0.2402 	 0.0643 	 -0.5278
3.1764 	 0.0101 	 -0.0814 	 -0.2216 	 0.0650 	 0.0250 	 0.1240 	 0.2336 	 0.0584 	 -0.5326
3.1864 	 0.0108 	 -0.0812 	 -0.2204 	 0.0673 	 0.0255 	 0.1187 	 0.2250 	 0.0514 	 -0.5428
3.1964 	 0.0114 	 -0.0809 	 -0.2192 	 0.0695 	 0.0260 	 0.1132 	 0.2155 	 0.0451 	 -0.5515
3.2064 	 0.0122 	 -0.0806 	 -0.2181 	 0.0716 	 0.0264 	 0.1076 	 0.2042 	 0.0398 	 -0.5568
3.2164 	 0.0129 	 -0.0804 	 -0.2171 	 0.0736 	 0.0268 	 0.1020 	 0.1843 	 0.0342 	 -0.5528
3.2265 	 0.0136 	 -0.0801 	 -0.2161 	 0.0752 	 0.0270 	 0.0965 	 0.1464 	 0.0109 	 -0.5465
3.2365 	 0.0144 	 -0.0798 	 -0.2151 	 0.0766 	 0.0270 	 0.0910 	 0.1227 	 -0.0101 	 -0.5607
3.2465 	 0.0152 	 -0.0796 	 -0.2142 	 0.0778 	 0.0269 	 0.0853 	 0.1159 	 -0.0248 	 -0.5736
3.2565 	 0.0159 	 -0.0793 	 -0.2134 	 0.0789 	 0.0266 	 0.0795 	 0.1048 	 -0.0352 	 -0.5818
3.2665 	 0.0167 	 -0.0790 	 -0.2126 	 0.0799 	 0.0261 	 0.0736 	 0.0944 	 -0.0452 	 -0.5881
3.2766 	 0.0175 	 -0.0788 	 -0.2119 	 0.0808 	 0.0257 	 0.0677 	 0.0865 	 -0.0496 	 -0.5891
3.2866 	 0.0184 	 -0.0785 	 -0.2113 	 0.0816 	 0.0251 	 0.0618 	 0.0770 	 -0.0602 	 -0.5915
3.2966 	 0.0192 	 -0.0783 	 -0.2107 	 0.0824 	 0.0245 	 0.0559 	 0.0680 	 -0.0705 	 -0.5925
3.3066 	 0.0200 	 -0.0780 	 -0.2102 	 0.0830 	 0.0238 	 0.0499 	 0.0598 	 -0.0768 	 -0.5976
3.3166 	 0.0208 	 -0.0778 	 -0.2097 	 0.0836 	 0.0229 	 0.0439 	 0.0506 	 -0.0868 	 -0.5960
3.3267 	 0.0217 	 -0.0776 	 -0.2093 	 0.0840 	 0.0220 	 0.0380 	 0.0440 	 -0.0898 	 -0.5908
3.3367 	 0.0225 	 -0.0774 	 -0.2089 	 0.0844 	 0.0211 	 0.0321 	 0.0311 	 -0.0987 	 -0.5775
3.3467 	 0.0234 	 -0.0771 	 -0.2086 	 0.0847 	 0.0201 	 0.0264 	 0.0169 	 -0.1084 	 -0.5695
3.3567 	 0.0242 	 -0.0769 	 -0.2084 	 0.0847 	 0.0189 	 0.0207 	 0.0017 	 -0.1175 	 -0.5616
3.3667 	 0.0251 	 -0.0768 	 -0.2082 	 0.0847 	 0.0177 	 0.0151 	 -0.0132 	 -0.1251 	 -0.5549
3.3768 	 0.0259 	 -0.0766 	 -0.2081 	 0.0844 	 0.0164 	 0.0096 	 -0.0316 	 -0.1337 	 -0.5460
3.3868 	 0.0268 	 -0.0764 	 -0.2080 	 0.0841 	 0.0150 	 0.0042 	 -0.0441 	 -0.1386 	 -0.5430
3.3968 	 0.0276 	 -0.0763 	 -0.2080 	 0.0836 	 0.0136 	 -0.0013 	 -0.0531 	 -0.1421 	 -0.5498
3.4068 	 0.0284 	 -0.0762 	 -0.2081 	 0.0830 	 0.0122 	 -0.0069 	 -0.0626 	 -0.1452 	 -0.5539
3.4168 	 0.0293 	 -0.0760 	 -0.2082 	 0.0823 	 0.0107 	 -0.0125 	 -0.0726 	 -0.1541 	 -0.5647
3.4269 	 0.0301 	 -0.0759 	 -0.2083 	 0.0816 	 0.0092 	 -0.0182 	 -0.0770 	 -0.1575 	 -0.5818
3.4369 	 0.0309 	 -0.0759 	 -0.2085 	 0.0808 	 0.0075 	 -0.0241 	 -0.0769 	 -0.1668 	 -0.5992
3.4469 	 0.0317 	 -0.0758 	 -0.2088 	 0.0800 	 0.0058 	 -0.0301 	 -0.0773 	 -0.1851 	 -0.6033
3.4569 	 0.0325 	 -0.0758 	 -0.2091 	 0.0793 	 0.0038 	 -0.0362 	 -0.0762 	 -0.1966 	 -0.6067
3.4669 	 0.0333 	 -0.0757 	 -0.2095 	 0.0785 	 0.0018 	 -0.0423 	 -0.0752 	 -0.2063 	 -0.6085
3.4770 	 0.0341 	 -0.0757 	 -0.2100 	 0.0777 	 -0.0003 	 -0.0484 	 -0.0746 	 -0.2145 	 -0.6100
3.4870 	 0.0349 	 -0.0757 	 -0.2105 	 0.0770 	 -0.0024 	 -0.0545 	 -0.0739 	 -0.2158 	 -0.6077
3.4970 	 0.0356 	 -0.0758 	 -0.2111 	 0.0763 	 -0.0046 	 -0.0606 	 -0.0742 	 -0.2213 	 -0.6108
3.5070 	 0.0364 	 -0.0758 	 -0.2117 	 0.0755 	 -0.0069 	 -0.0667 	 -0.0749 	 -0.2265 	 -0.6169
3.5170 	 0.0371 	 -0.0759 	 -0.2124 	 0.0748 	 -0.0092 	 -0.0730 	 -0.0750 	 -0.2322 	 -0.6271
3.5271 	 0.0379 	 -0.0760 	 -0.2132 	 0.0740 	 -0.0115 	 -0.0793 	 -0.0727 	 -0.2392 	 -0.6423
3.5371 	 0.0386 	 -0.0761 	 -0.2140 	 0.0733 	 -0.0140 	 -0.0858 	 -0.0656 	 -0.2474 	 -0.6625
3.5471 	 0.0394 	 -0.0763 	 -0.2149 	 0.0727 	 -0.0165 	 -0.0926 	 -0.0487 	 -0.2581 	 -0.6853
3.5571 	 0.0401 	 -0.0765 	 -0.2159 	 0.0724 	 -0.0191 	 -0.0995 	 -0.0243 	 -0.2718 	 -0.6977
3.5671 	 0.0408 	 -0.0767 	 -0.2169 	 0.0722 	 -0.0219 	 -0.1065 	 -0.0027 	 -0.2842 	 -0.6961
3.5772 	 0.0415 	 -0.0769 	 -0.2180 	 0.0723 	 -0.0248 	 -0.1135 	 0.0144 	 -0.2945 	 -0.6859
3.5872 	 0.0423 	 -0.0772 	 -0.2192 	 0.0725 	 -0.0278 	 -0.1203 	 0.0254 	 -0.3000 	 -0.6668
3.5972 	 0.0430 	 -0.0775 	 -0.2204 	 0.0729 	 -0.0308 	 -0.1269 	 0.0440 	 -0.3003 	 -0.6549
3.6072 	 0.0437 	 -0.0778 	 -0.2217 	 0.0733 	 -0.0338 	 -0.1333 	 0.0525 	 -0.2983 	 -0.6363
3.6172 	 0.0445 	 -0.0781 	 -0.2231 	 0.0739 	 -0.0368 	 -0.1396 	 0.0540 	 -0.2950 	 -0.6140
3.6273 	 0.0452 	 -0.0785 	 -0.2245 	 0.0744 	 -0.0397 	 -0.1456 	 0.0509 	 -0.2910 	 -0.5867
3.6373 	 0.0459 	 -0.0789 	 -0.2260 	 0.0749 	 -0.0426 	 -0.1513 	 0.0443 	 -0.2848 	 -0.5485
3.6473 	 0.0467 	 -0.0794 	 -0.2275 	 0.0753 	 -0.0454 	 -0.1567 	 0.0385 	 -0.2753 	 -0.5138
3.6573 	 0.0475 	 -0.0798 	 -0.2291 	 0.0757 	 -0.0481 	 -0.1616 	 0.0336 	 -0.2615 	 -0.4784
3.6673 	 0.0482 	 -0.0803 	 -0.2308 	 0.0760 	 -0.0507 	 -0.1662 	 0.0300 	 -0.2417 	 -0.4398
3.6774 	 0.0490 	 -0.0809 	 -0.2324 	 0.0763 	 -0.0530 	 -0.1705 	 0.0318 	 -0.2263 	 -0.4169
3.6874 	 0.0497 	 -0.0814 	 -0.2342 	 0.0766 	 -0.0552 	 -0.1746 	 0.0370 	 -0.2168 	 -0.3949
3.6974 	 0.0505 	 -0.0820 	 -0.2359 	 0.0770 	 -0.0574 	 -0.1785 	 0.0389 	 -0.2109 	 -0.3783
3.7074 	 0.0513 	 -0.0826 	 -0.2378 	 0.0774 	 -0.0595 	 -0.1823 	 0.0368 	 -0.2036 	 -0.3748
3.7174 	 0.0521 	 -0.0832 	 -0.2396 	 0.0777 	 -0.0614 	 -0.1859 	 0.0246 	 -0.1881 	 -0.3580
3.7275 	 0.0528 	 -0.0838 	 -0.2415 	 0.0779 	 -0.0632 	 -0.1894 	 0.0129 	 -0.1741 	 -0.3397
3.7375 	 0.0536 	 -0.0844 	 -0.2434 	 0.0780 	 -0.0649 	 -0.1927 	 0.0033 	 -0.1651 	 -0.3115
3.7475 	 0.0544 	 -0.0851 	 -0.2453 	 0.0780 	 -0.0665 	 -0.1957 	 0.0028 	 -0.1535 	 -0.2858
3.7575 	 0.0552 	 -0.0858 	 -0.2473 	 0.0781 	 -0.0680 	 -0.1984 	 0.0045 	 -0.1439 	 -0.2644
3.7675 	 0.0560 	 -0.0864 	 -0.2493 	 0.0781 	 -0.0694 	 -0.2010 	 0.0062 	 -0.1355 	 -0.2468
3.7776 	 0.0568 	 -0.0871 	 -0.2513 	 0.0782 	 -0.0707 	 -0.2033 	 0.0077 	 -0.1270 	 -0.2253
3.7876 	 0.0575 	 -0.0879 	 -0.2534 	 0.0783 	 -0.0720 	 -0.2055 	 0.0093 	 -0.1214 	 -0.2179
3.7976 	 0.0583 	 -0.0886 	 -0.2555 	 0.0784 	 -0.0731 	 -0.2077 	 0.0119 	 -0.1099 	 -0.2114
3.8076 	 0.0591 	 -0.0893 	 -0.2575 	 0.0785 	 -0.0742 	 -0.2097 	 0.0138 	 -0.1018 	 -0.2003
3.8176 	 0.0599 	 -0.0901 	 -0.2597 	 0.0787 	 -0.0751 	 -0.2117 	 0.0174 	 -0.0917 	 -0.1935
3.8277 	 0.0607 	 -0.0908 	 -0.2618 	 0.0789 	 -0.0760 	 -0.2136 	 0.0215 	 -0.0815 	 -0.1789
3.8377 	 0.0615 	 -0.0916 	 -0.2639 	 0.0791 	 -0.0768 	 -0.2153 	 0.0267 	 -0.0687 	 -0.1626
3.8477 	 0.0623 	 -0.0924 	 -0.2661 	 0.0794 	 -0.0774 	 -0.2169 	 0.0330 	 -0.0531 	 -0.1460
3.8577 	 0.0631 	 -0.0931 	 -0.2683 	 0.0798 	 -0.0778 	 -0.2182 	 0.0411 	 -0.0354 	 -0.1310
3.8677 	 0.0639 	 -0.0939 	 -0.2705 	 0.0802 	 -0.0781 	 -0.2195 	 0.0512 	 -0.0180 	 -0.1192
3.8778 	 0.0647 	 -0.0947 	 -0.2727 	 0.0809 	 -0.0782 	 -0.2206 	 0.0699 	 -0.0062 	 -0.1109
3.8878 	 0.0655 	 -0.0955 	 -0.2749 	 0.0816 	 -0.0782 	 -0.2217 	 0.0798 	 -0.0028 	 -0.1068
3.8978 	 0.0663 	 -0.0963 	 -0.2771 	 0.0825 	 -0.0782 	 -0.2228 	 0.0888 	 0.0010 	 -0.1033
3.9078 	 0.0671 	 -0.0971 	 -0.2794 	 0.0834 	 -0.0782 	 -0.2238 	 0.0909 	 0.0037 	 -0.0989
3.9178 	 0.0680 	 -0.0978 	 -0.2816 	 0.0843 	 -0.0782 	 -0.2248 	 0.0884 	 0.0079 	 -0.0926
3.9279 	 0.0688 	 -0.0986 	 -0.2839 	 0.0852 	 -0.0781 	 -0.2257 	 0.0860 	 0.0093 	 -0.0940
3.9379 	 0.0697 	 -0.0994 	 -0.2861 	 0.0860 	 -0.0779 	 -0.2266 	 0.0801 	 0.0225 	 -0.0838
3.9479 	 0.0706 	 -0.1002 	 -0.2884 	 0.0868 	 -0.0776 	 -0.2274 	 0.0727 	 0.0301 	 -0.0691
3.9579 	 0.0714 	 -0.1010 	 -0.2907 	 0.0874 	 -0.0773 	 -0.2279 	 0.0644 	 0.0384 	 -0.0441
3.9679 	 0.0723 	 -0.1017 	 -0.2930 	 0.0881 	 -0.0768 	 -0.2283 	 0.0581 	 0.0515 	 -0.0215
3.9780 	 0.0732 	 -0.1025 	 -0.2953 	 0.0886 	 -0.0763 	 -0.2284 	 0.0534 	 0.0575 	 0.0011
3.9880 	 0.0741 	 -0.1033 	 -0.2975 	 0.0891 	 -0.0757 	 -0.2283 	 0.0517 	 0.0623 	 0.0155
3.9980 	 0.0750 	 -0.1040 	 -0.2998 	 0.0896 	 -0.0750 	 -0.2280 	 0.0483 	 0.0714 	 0.0393
4.0080 	 0.0759 	 -0.1048 	 -0.3021 	 0.0901 	 -0.0742 	 -0.2276 	 0.0451 	 0.0815 	 0.0545
4.0180 	 0.0768 	 -0.1055 	 -0.3044 	 0.0906 	 -0.0734 	 -0.2270 	 0.0429 	 0.0931 	 0.0673
4.0281 	 0.0777 	 -0.1062 	 -0.3067 	 0.0910 	 -0.0724 	 -0.2262 	 0.0478 	 0.1054 	 0.0743
4.0381 	 0.0786 	 -0.1070 	 -0.3089 	 0.0915 	 -0.0712 	 -0.2255 	 0.0517 	 0.1199 	 0.0746
4.0481 	 0.0795 	 -0.1077 	 -0.3112 	 0.0920 	 -0.0700 	 -0.2247 	 0.0562 	 0.1295 	 0.0875
4.0581 	 0.0805 	 -0.1084 	 -0.3134 	 0.0926 	 -0.0686 	 -0.2237 	 0.0608 	 0.1393 	 0.1068
4.0681 	 0.0814 	 -0.1090 	 -0.3157 	 0.0932 	 -0.0672 	 -0.2225 	 0.0599 	 0.1533 	 0.1316
4.0782 	 0.0823 	 -0.1097 	 -0.3179 	 0.0938 	 -0.0656 	 -0.2211 	 0.0520 	 0.1678 	 0.1526
4.0882 	 0.0833 	 -0.1104 	 -0.3201 	 0.0942 	 -0.0638 	 -0.2195 	 0.0384 	 0.1793 	 0.1660
4.0982 	 0.0842 	 -0.1110 	 -0.3223 	 0.0946 	 -0.0620 	 -0.2177 	 0.0272 	 0.1893 	 0.1850
4.1082 	 0.0852 	 -0.1116 	 -0.3245 	 0.0948 	 -0.0600 	 -0.2158 	 0.0136 	 0.2005 	 0.2026
4.1182 	 0.0861 	 -0.1122 	 -0.3266 	 0.0948 	 -0.0579 	 -0.2137 	 0.0013 	 0.2131 	 0.2114
4.1283 	 0.0871 	 -0.1128 	 -0.3287 	 0.0948 	 -0.0558 	 -0.2115 	 -0.0133 	 0.2255 	 0.2230
4.1383 	 0.0880 	 -0.1133 	 -0.3308 	 0.0946 	 -0.0534 	 -0.2092 	 -0.0276 	 0.2368 	 0.2334
4.1483 	 0.0889 	 -0.1138 	 -0.3329 	 0.0942 	 -0.0510 	 -0.2068 	 -0.0409 	 0.2460 	 0.2436
4.1583 	 0.0899 	 -0.1143 	 -0.3350 	 0.0938 	 -0.0485 	 -0.2044 	 -0.0524 	 0.2523 	 0.2538
4.1683 	 0.0908 	 -0.1148 	 -0.3370 	 0.0932 	 -0.0460 	 -0.2018 	 -0.0613 	 0.2552 	 0.2690
4.1784 	 0.0918 	 -0.1152 	 -0.3390 	 0.0925 	 -0.0434 	 -0.1990 	 -0.0690 	 0.2576 	 0.2754
4.1884 	 0.0927 	 -0.1157 	 -0.3410 	 0.0918 	 -0.0408 	 -0.1962 	 -0.0759 	 0.2596 	 0.2795
4.1984 	 0.0936 	 -0.1161 	 -0.3430 	 0.0910 	 -0.0382 	 -0.1934 	 -0.0822 	 0.2615 	 0.2817
4.2084 	 0.0945 	 -0.1164 	 -0.3449 	 0.0902 	 -0.0356 	 -0.1906 	 -0.0878 	 0.2623 	 0.2820
4.2184 	 0.0954 	 -0.1168 	 -0.3468 	 0.0892 	 -0.0329 	 -0.1878 	 -0.0928 	 0.2607 	 0.2808
4.2285 	 0.0963 	 -0.1171 	 -0.3487 	 0.0883 	 -0.0304 	 -0.1850 	 -0.0975 	 0.2557 	 0.2791
4.2385 	 0.0972 	 -0.1174 	 -0.3505 	 0.0873 	 -0.0278 	 -0.1822 	 -0.1020 	 0.2476 	 0.2782
4.2485 	 0.0980 	 -0.1176 	 -0.3523 	 0.0862 	 -0.0254 	 -0.1794 	 -0.1066 	 0.2376 	 0.2789
4.2585 	 0.0989 	 -0.1179 	 -0.3541 	 0.0852 	 -0.0231 	 -0.1766 	 -0.1060 	 0.2280 	 0.2770
4.2685 	 0.0997 	 -0.1181 	 -0.3558 	 0.0841 	 -0.0208 	 -0.1738 	 -0.1101 	 0.2172 	 0.2808
4.2786 	 0.1006 	 -0.1183 	 -0.3576 	 0.0830 	 -0.0187 	 -0.1710 	 -0.1148 	 0.2066 	 0.2868
4.2886 	 0.1014 	 -0.1185 	 -0.3593 	 0.0818 	 -0.0167 	 -0.1680 	 -0.1230 	 0.1985 	 0.3003
4.2986 	 0.1022 	 -0.1186 	 -0.3609 	 0.0805 	 -0.0147 	 -0.1650 	 -0.1290 	 0.1896 	 0.3102
4.3086 	 0.1030 	 -0.1188 	 -0.3626 	 0.0792 	 -0.0129 	 -0.1618 	 -0.1367 	 0.1830 	 0.3267
4.3186 	 0.1038 	 -0.1189 	 -0.3642 	 0.0778 	 -0.0111 	 -0.1584 	 -0.1444 	 0.1767 	 0.3363
4.3287 	 0.1046 	 -0.1190 	 -0.3657 	 0.0763 	 -0.0093 	 -0.1550 	 -0.1528 	 0.1704 	 0.3451
4.3387 	 0.1053 	 -0.1191 	 -0.3673 	 0.0747 	 -0.0077 	 -0.1515 	 -0.1591 	 0.1570 	 0.3527
4.3487 	 0.1061 	 -0.1192 	 -0.3688 	 0.0731 	 -0.0061 	 -0.1479 	 -0.1684 	 0.1477 	 0.3618
4.3587 	 0.1068 	 -0.1192 	 -0.3702 	 0.0713 	 -0.0047 	 -0.1442 	 -0.1804 	 0.1378 	 0.3781
4.3687 	 0.1075 	 -0.1193 	 -0.3717 	 0.0694 	 -0.0034 	 -0.1404 	 -0.1908 	 0.1262 	 0.3908
4.3788 	 0.1082 	 -0.1193 	 -0.3731 	 0.0675 	 -0.0022 	 -0.1364 	 -0.2011 	 0.1137 	 0.4075
4.3888 	 0.1089 	 -0.1193 	 -0.3744 	 0.0654 	 -0.0011 	 -0.1322 	 -0.2094 	 0.1007 	 0.4294
4.3988 	 0.1095 	 -0.1193 	 -0.3757 	 0.0633 	 -0.0002 	 -0.1278 	 -0.2138 	 0.0866 	 0.4491
4.4088 	 0.1101 	 -0.1193 	 -0.3770 	 0.0612 	 0.0007 	 -0.1232 	 -0.2147 	 0.0801 	 0.4697
4.4188 	 0.1107 	 -0.1193 	 -0.3782 	 0.0590 	 0.0014 	 -0.1184 	 -0.2198 	 0.0763 	 0.4853
4.4289 	 0.1113 	 -0.1193 	 -0.3793 	 0.0567 	 0.0022 	 -0.1134 	 -0.2311 	 0.0743 	 0.4995
4.4389 	 0.1119 	 -0.1192 	 -0.3804 	 0.0543 	 0.0029 	 -0.1083 	 -0.2501 	 0.0753 	 0.5163
4.4489 	 0.1124 	 -0.1192 	 -0.3815 	 0.0517 	 0.0037 	 -0.1030 	 -0.2740 	 0.0782 	 0.5452
4.4589 	 0.1129 	 -0.1192 	 -0.3825 	 0.0489 	 0.0045 	 -0.0974 	 -0.2870 	 0.0768 	 0.5785
4.4689 	 0.1134 	 -0.1191 	 -0.3835 	 0.0460 	 0.0053 	 -0.0915 	 -0.2942 	 0.0754 	 0.6100
4.4790 	 0.1138 	 -0.1191 	 -0.3843 	 0.0430 	 0.0060 	 -0.0852 	 -0.2995 	 0.0740 	 0.6308
4.4890 	 0.1142 	 -0.1190 	 -0.3852 	 0.0400 	 0.0067 	 -0.0788 	 -0.3043 	 0.0737 	 0.6492
4.4990 	 0.1146 	 -0.1189 	 -0.3859 	 0.0369 	 0.0075 	 -0.0722 	 -0.3085 	 0.0745 	 0.6663
4.5090 	 0.1150 	 -0.1189 	 -0.3866 	 0.0338 	 0.0082 	 -0.0656 	 -0.3116 	 0.0787 	 0.6691
4.5190 	 0.1153 	 -0.1188 	 -0.3872 	 0.0307 	 0.0090 	 -0.0588 	 -0.3143 	 0.0814 	 0.6832
4.5291 	 0.1156 	 -0.1187 	 -0.3878 	 0.0275 	 0.0099 	 -0.0519 	 -0.3164 	 0.0846 	 0.6965
4.5391 	 0.1158 	 -0.1186 	 -0.3883 	 0.0243 	 0.0107 	 -0.0448 	 -0.3208 	 0.0825 	 0.7069
4.5491 	 0.1161 	 -0.1185 	 -0.3887 	 0.0211 	 0.0116 	 -0.0377 	 -0.3195 	 0.0820 	 0.7224
4.5591 	 0.1163 	 -0.1183 	 -0.3890 	 0.0179 	 0.0124 	 -0.0303 	 -0.3255 	 0.0898 	 0.7420
4.5691 	 0.1164 	 -0.1182 	 -0.3893 	 0.0146 	 0.0134 	 -0.0228 	 -0.3263 	 0.0934 	 0.7502
4.5792 	 0.1166 	 -0.1181 	 -0.3895 	 0.0113 	 0.0143 	 -0.0153 	 -0.3268 	 0.0971 	 0.7580
4.5892 	 0.1167 	 -0.1179 	 -0.3896 	 0.0080 	 0.0153 	 -0.0076 	 -0.3271 	 0.1008 	 0.7657
4.5992 	 0.1167 	 -0.1178 	 -0.3896 	 0.0048 	 0.0163 	 0.0001 	 -0.3274 	 0.1047 	 0.7734
4.6092 	 0.1168 	 -0.1176 	 -0.3896 	 0.0015 	 0.0174 	 0.0079 	 -0.3275 	 0.1089 	 0.7816
4.6192 	 0.1168 	 -0.1174 	 -0.3895 	 -0.0018 	 0.0185 	 0.0157 	 -0.3274 	 0.1137 	 0.7905
4.6293 	 0.1167 	 -0.1172 	 -0.3893 	 -0.0051 	 0.0197 	 0.0237 	 -0.3266 	 0.1195 	 0.8001
4.6393 	 0.1167 	 -0.1170 	 -0.3890 	 -0.0083 	 0.0209 	 0.0318 	 -0.3234 	 0.1307 	 0.8145
4.6493 	 0.1166 	 -0.1168 	 -0.3886 	 -0.0116 	 0.0223 	 0.0400 	 -0.3206 	 0.1387 	 0.8230
4.6593 	 0.1164 	 -0.1166 	 -0.3882 	 -0.0148 	 0.0237 	 0.0483 	 -0.3122 	 0.1497 	 0.8268
4.6693 	 0.1163 	 -0.1163 	 -0.3877 	 -0.0179 	 0.0253 	 0.0566 	 -0.3078 	 0.1580 	 0.8331
4.6794 	 0.1161 	 -0.1161 	 -0.3871 	 -0.0209 	 0.0269 	 0.0650 	 -0.3028 	 0.1659 	 0.8384
4.6894 	 0.1158 	 -0.1158 	 -0.3864 	 -0.0239 	 0.0286 	 0.0734 	 -0.2981 	 0.1740 	 0.8491
4.6994 	 0.1156 	 -0.1155 	 -0.3856 	 -0.0269 	 0.0304 	 0.0819 	 -0.2918 	 0.1807 	 0.8518
4.7094 	 0.1153 	 -0.1152 	 -0.3847 	 -0.0298 	 0.0322 	 0.0905 	 -0.2848 	 0.1871 	 0.8544
4.7194 	 0.1150 	 -0.1148 	 -0.3838 	 -0.0326 	 0.0341 	 0.0990 	 -0.2818 	 0.1939 	 0.8508
4.7295 	 0.1146 	 -0.1145 	 -0.3827 	 -0.0354 	 0.0361 	 0.1075 	 -0.2743 	 0.1998 	 0.8524
4.7395 	 0.1143 	 -0.1141 	 -0.3816 	 -0.0381 	 0.0381 	 0.1160 	 -0.2691 	 0.2010 	 0.8497
4.7495 	 0.1139 	 -0.1137 	 -0.3804 	 -0.0408 	 0.0401 	 0.1246 	 -0.2601 	 0.2062 	 0.8512
4.7595 	 0.1135 	 -0.1133 	 -0.3791 	 -0.0434 	 0.0422 	 0.1331 	 -0.2480 	 0.2171 	 0.8539
4.7695 	 0.1130 	 -0.1129 	 -0.3777 	 -0.0458 	 0.0444 	 0.1417 	 -0.2355 	 0.2247 	 0.8590
4.7796 	 0.1125 	 -0.1124 	 -0.3763 	 -0.0481 	 0.0467 	 0.1503 	 -0.2221 	 0.2288 	 0.8572
4.7896 	 0.1121 	 -0.1119 	 -0.3747 	 -0.0502 	 0.0490 	 0.1589 	 -0.2056 	 0.2322 	 0.8523
4.7996 	 0.1115 	 -0.1114 	 -0.3731 	 -0.0522 	 0.0514 	 0.1674 	 -0.1851 	 0.2324 	 0.8431
4.8096 	 0.1110 	 -0.1109 	 -0.3714 	 -0.0539 	 0.0537 	 0.1758 	 -0.1609 	 0.2268 	 0.8310
4.8196 	 0.1105 	 -0.1104 	 -0.3696 	 -0.0554 	 0.0559 	 0.1840 	 -0.1342 	 0.2164 	 0.8183
4.8297 	 0.1099 	 -0.1098 	 -0.3677 	 -0.0566 	 0.0580 	 0.1922 	 -0.1067 	 0.2047 	 0.8095
4.8397 	 0.1093 	 -0.1092 	 -0.3657 	 -0.0575 	 0.0600 	 0.2001 	 -0.0797 	 0.1890 	 0.7855
4.8497 	 0.1087 	 -0.1086 	 -0.3637 	 -0.0582 	 0.0618 	 0.2079 	 -0.0447 	 0.1761 	 0.7592
4.8597 	 0.1082 	 -0.1080 	 -0.3616 	 -0.0584 	 0.0635 	 0.2153 	 -0.0063 	 0.1553 	 0.7190
4.8697 	 0.1076 	 -0.1073 	 -0.3594 	 -0.0583 	 0.0649 	 0.2222 	 0.0207 	 0.1302 	 0.6623
4.8798 	 0.1070 	 -0.1067 	 -0.3571 	 -0.0581 	 0.0661 	 0.2286 	 0.0305 	 0.1275 	 0.6098
4.8898 	 0.1064 	 -0.1060 	 -0.3548 	 -0.0577 	 0.0674 	 0.2345 	 0.0372 	 0.1303 	 0.5735
4.8998 	 0.1058 	 -0.1053 	 -0.3524 	 -0.0573 	 0.0688 	 0.2401 	 0.0450 	 0.1351 	 0.5483
4.9098 	 0.1053 	 -0.1046 	 -0.3500 	 -0.0568 	 0.0701 	 0.2454 	 0.0540 	 0.1354 	 0.5176
4.9198 	 0.1047 	 -0.1039 	 -0.3475 	 -0.0562 	 0.0714 	 0.2505 	 0.0607 	 0.1251 	 0.4909
4.9299 	 0.1041 	 -0.1032 	 -0.3450 	 -0.0554 	 0.0727 	 0.2548 	 0.0876 	 0.1265 	 0.4126
4.9399 	 0.1036 	 -0.1025 	 -0.3424 	 -0.0545 	 0.0740 	 0.2589 	 0.0912 	 0.1249 	 0.3975
4.9499 	 0.1031 	 -0.1017 	 -0.3398 	 -0.0536 	 0.0752 	 0.2628 	 0.0938 	 0.1277 	 0.3789
4.9599 	 0.1025 	 -0.1010 	 -0.3371 	 -0.0526 	 0.0765 	 0.2665 	 0.0965 	 0.1304 	 0.3585
4.9699 	 0.1020 	 -0.1002 	 -0.3344 	 -0.0517 	 0.0778 	 0.2699 	 0.1004 	 0.1319 	 0.3352
4.9800 	 0.1015 	 -0.0994 	 -0.3317 	 -0.0506 	 0.0791 	 0.2732 	 0.1072 	 0.1306 	 0.3106
4.9900 	 0.1010 	 -0.0986 	 -0.3290 	 -0.0495 	 0.0804 	 0.2762 	 0.1168 	 0.1265 	 0.2877
