100-Body Run with i = 96 th particle. (Units in pc,M_solar,Myr, km s-1) 

time		 x 		 y 		 z 		 xdot 		 ydot 		 zdot 		 xddot 		 yddot 		 zddot
0.0000 	 0.0446 	 -0.1266 	 0.3438 	 0.0046 	 0.0080 	 -0.0047 	 -0.0763 	 0.3983 	 -0.5560
0.0100 	 0.0446 	 -0.1265 	 0.3437 	 0.0038 	 0.0120 	 -0.0103 	 -0.0768 	 0.3978 	 -0.5563
0.0200 	 0.0446 	 -0.1264 	 0.3436 	 0.0030 	 0.0160 	 -0.0159 	 -0.0774 	 0.3973 	 -0.5567
0.0301 	 0.0447 	 -0.1262 	 0.3434 	 0.0023 	 0.0200 	 -0.0215 	 -0.0778 	 0.3968 	 -0.5572
0.0401 	 0.0447 	 -0.1260 	 0.3432 	 0.0015 	 0.0240 	 -0.0270 	 -0.0783 	 0.3962 	 -0.5577
0.0501 	 0.0447 	 -0.1257 	 0.3429 	 0.0007 	 0.0279 	 -0.0326 	 -0.0787 	 0.3956 	 -0.5584
0.0601 	 0.0447 	 -0.1254 	 0.3425 	 -0.0001 	 0.0319 	 -0.0382 	 -0.0791 	 0.3950 	 -0.5592
0.0701 	 0.0447 	 -0.1251 	 0.3421 	 -0.0009 	 0.0358 	 -0.0438 	 -0.0794 	 0.3943 	 -0.5600
0.0802 	 0.0447 	 -0.1247 	 0.3416 	 -0.0017 	 0.0398 	 -0.0495 	 -0.0797 	 0.3935 	 -0.5610
0.0902 	 0.0447 	 -0.1243 	 0.3411 	 -0.0025 	 0.0437 	 -0.0551 	 -0.0800 	 0.3928 	 -0.5620
0.1002 	 0.0446 	 -0.1238 	 0.3405 	 -0.0033 	 0.0477 	 -0.0607 	 -0.0803 	 0.3919 	 -0.5632
0.1102 	 0.0446 	 -0.1233 	 0.3399 	 -0.0041 	 0.0516 	 -0.0664 	 -0.0805 	 0.3911 	 -0.5644
0.1202 	 0.0446 	 -0.1228 	 0.3392 	 -0.0049 	 0.0555 	 -0.0720 	 -0.0807 	 0.3902 	 -0.5658
0.1303 	 0.0445 	 -0.1222 	 0.3385 	 -0.0057 	 0.0594 	 -0.0777 	 -0.0808 	 0.3892 	 -0.5673
0.1403 	 0.0444 	 -0.1216 	 0.3376 	 -0.0065 	 0.0633 	 -0.0834 	 -0.0809 	 0.3882 	 -0.5689
0.1503 	 0.0444 	 -0.1210 	 0.3368 	 -0.0073 	 0.0672 	 -0.0891 	 -0.0810 	 0.3872 	 -0.5705
0.1603 	 0.0443 	 -0.1203 	 0.3359 	 -0.0081 	 0.0710 	 -0.0948 	 -0.0811 	 0.3861 	 -0.5723
0.1703 	 0.0442 	 -0.1195 	 0.3349 	 -0.0090 	 0.0749 	 -0.1006 	 -0.0811 	 0.3849 	 -0.5743
0.1804 	 0.0441 	 -0.1188 	 0.3338 	 -0.0098 	 0.0788 	 -0.1063 	 -0.0811 	 0.3837 	 -0.5763
0.1904 	 0.0440 	 -0.1180 	 0.3327 	 -0.0106 	 0.0826 	 -0.1121 	 -0.0810 	 0.3825 	 -0.5785
0.2004 	 0.0439 	 -0.1171 	 0.3316 	 -0.0114 	 0.0864 	 -0.1179 	 -0.0809 	 0.3812 	 -0.5807
0.2104 	 0.0438 	 -0.1162 	 0.3304 	 -0.0122 	 0.0903 	 -0.1238 	 -0.0813 	 0.3815 	 -0.5891
0.2204 	 0.0437 	 -0.1153 	 0.3291 	 -0.0130 	 0.0941 	 -0.1297 	 -0.0811 	 0.3800 	 -0.5915
0.2305 	 0.0435 	 -0.1143 	 0.3278 	 -0.0138 	 0.0979 	 -0.1357 	 -0.0808 	 0.3785 	 -0.5939
0.2405 	 0.0434 	 -0.1133 	 0.3264 	 -0.0146 	 0.1017 	 -0.1416 	 -0.0805 	 0.3768 	 -0.5965
0.2505 	 0.0432 	 -0.1123 	 0.3249 	 -0.0154 	 0.1054 	 -0.1476 	 -0.0802 	 0.3752 	 -0.5992
0.2605 	 0.0431 	 -0.1112 	 0.3234 	 -0.0162 	 0.1092 	 -0.1537 	 -0.0798 	 0.3734 	 -0.6021
0.2705 	 0.0429 	 -0.1101 	 0.3219 	 -0.0170 	 0.1129 	 -0.1597 	 -0.0793 	 0.3716 	 -0.6051
0.2806 	 0.0427 	 -0.1090 	 0.3202 	 -0.0178 	 0.1166 	 -0.1658 	 -0.0788 	 0.3696 	 -0.6083
0.2906 	 0.0425 	 -0.1078 	 0.3185 	 -0.0186 	 0.1203 	 -0.1719 	 -0.0783 	 0.3677 	 -0.6116
0.3006 	 0.0424 	 -0.1065 	 0.3168 	 -0.0194 	 0.1240 	 -0.1780 	 -0.0777 	 0.3656 	 -0.6150
0.3106 	 0.0422 	 -0.1053 	 0.3150 	 -0.0202 	 0.1276 	 -0.1842 	 -0.0770 	 0.3634 	 -0.6187
0.3206 	 0.0420 	 -0.1040 	 0.3131 	 -0.0209 	 0.1313 	 -0.1904 	 -0.0763 	 0.3611 	 -0.6225
0.3307 	 0.0417 	 -0.1027 	 0.3112 	 -0.0217 	 0.1349 	 -0.1967 	 -0.0755 	 0.3588 	 -0.6264
0.3407 	 0.0415 	 -0.1013 	 0.3092 	 -0.0225 	 0.1385 	 -0.2030 	 -0.0747 	 0.3563 	 -0.6306
0.3507 	 0.0413 	 -0.0999 	 0.3071 	 -0.0232 	 0.1420 	 -0.2093 	 -0.0738 	 0.3538 	 -0.6350
0.3607 	 0.0411 	 -0.0984 	 0.3050 	 -0.0239 	 0.1455 	 -0.2157 	 -0.0728 	 0.3511 	 -0.6395
0.3707 	 0.0408 	 -0.0970 	 0.3028 	 -0.0247 	 0.1491 	 -0.2222 	 -0.0720 	 0.3498 	 -0.6504
0.3808 	 0.0406 	 -0.0955 	 0.3005 	 -0.0254 	 0.1525 	 -0.2287 	 -0.0711 	 0.3484 	 -0.6611
0.3908 	 0.0403 	 -0.0939 	 0.2982 	 -0.0261 	 0.1560 	 -0.2354 	 -0.0698 	 0.3451 	 -0.6656
0.4008 	 0.0400 	 -0.0923 	 0.2958 	 -0.0268 	 0.1595 	 -0.2420 	 -0.0684 	 0.3417 	 -0.6702
0.4108 	 0.0398 	 -0.0907 	 0.2933 	 -0.0274 	 0.1629 	 -0.2488 	 -0.0670 	 0.3381 	 -0.6751
0.4208 	 0.0395 	 -0.0891 	 0.2908 	 -0.0281 	 0.1662 	 -0.2556 	 -0.0654 	 0.3344 	 -0.6801
0.4309 	 0.0392 	 -0.0874 	 0.2882 	 -0.0288 	 0.1696 	 -0.2624 	 -0.0638 	 0.3305 	 -0.6854
0.4409 	 0.0389 	 -0.0857 	 0.2855 	 -0.0294 	 0.1729 	 -0.2693 	 -0.0620 	 0.3264 	 -0.6909
0.4509 	 0.0386 	 -0.0839 	 0.2828 	 -0.0300 	 0.1761 	 -0.2763 	 -0.0601 	 0.3221 	 -0.6967
0.4609 	 0.0383 	 -0.0821 	 0.2800 	 -0.0306 	 0.1793 	 -0.2833 	 -0.0581 	 0.3177 	 -0.7028
0.4709 	 0.0380 	 -0.0803 	 0.2771 	 -0.0312 	 0.1825 	 -0.2903 	 -0.0560 	 0.3130 	 -0.7091
0.4810 	 0.0377 	 -0.0785 	 0.2742 	 -0.0317 	 0.1856 	 -0.2975 	 -0.0537 	 0.3091 	 -0.7220
0.4910 	 0.0374 	 -0.0766 	 0.2712 	 -0.0322 	 0.1887 	 -0.3048 	 -0.0513 	 0.3039 	 -0.7283
0.5010 	 0.0370 	 -0.0747 	 0.2681 	 -0.0327 	 0.1917 	 -0.3121 	 -0.0487 	 0.2983 	 -0.7350
0.5110 	 0.0367 	 -0.0728 	 0.2649 	 -0.0332 	 0.1946 	 -0.3195 	 -0.0460 	 0.2925 	 -0.7420
0.5210 	 0.0364 	 -0.0708 	 0.2617 	 -0.0337 	 0.1975 	 -0.3270 	 -0.0431 	 0.2864 	 -0.7494
0.5311 	 0.0360 	 -0.0688 	 0.2584 	 -0.0341 	 0.2004 	 -0.3345 	 -0.0400 	 0.2800 	 -0.7570
0.5411 	 0.0357 	 -0.0668 	 0.2550 	 -0.0345 	 0.2031 	 -0.3421 	 -0.0370 	 0.2744 	 -0.7711
0.5511 	 0.0353 	 -0.0647 	 0.2515 	 -0.0348 	 0.2059 	 -0.3499 	 -0.0334 	 0.2671 	 -0.7788
0.5611 	 0.0350 	 -0.0627 	 0.2480 	 -0.0351 	 0.2085 	 -0.3578 	 -0.0296 	 0.2593 	 -0.7869
0.5711 	 0.0346 	 -0.0606 	 0.2443 	 -0.0354 	 0.2111 	 -0.3657 	 -0.0256 	 0.2511 	 -0.7954
0.5812 	 0.0343 	 -0.0584 	 0.2406 	 -0.0356 	 0.2135 	 -0.3737 	 -0.0212 	 0.2434 	 -0.8106
0.5912 	 0.0339 	 -0.0563 	 0.2368 	 -0.0358 	 0.2159 	 -0.3819 	 -0.0164 	 0.2349 	 -0.8255
0.6012 	 0.0336 	 -0.0541 	 0.2330 	 -0.0360 	 0.2182 	 -0.3902 	 -0.0115 	 0.2249 	 -0.8337
0.6112 	 0.0332 	 -0.0519 	 0.2290 	 -0.0361 	 0.2204 	 -0.3986 	 -0.0063 	 0.2143 	 -0.8423
0.6212 	 0.0328 	 -0.0497 	 0.2250 	 -0.0361 	 0.2225 	 -0.4071 	 -0.0007 	 0.2030 	 -0.8514
0.6313 	 0.0325 	 -0.0475 	 0.2209 	 -0.0361 	 0.2245 	 -0.4157 	 0.0053 	 0.1910 	 -0.8608
0.6413 	 0.0321 	 -0.0452 	 0.2167 	 -0.0360 	 0.2263 	 -0.4243 	 0.0118 	 0.1781 	 -0.8708
0.6513 	 0.0318 	 -0.0429 	 0.2124 	 -0.0358 	 0.2281 	 -0.4331 	 0.0188 	 0.1644 	 -0.8813
0.6613 	 0.0314 	 -0.0406 	 0.2080 	 -0.0356 	 0.2296 	 -0.4420 	 0.0266 	 0.1496 	 -0.8924
0.6713 	 0.0310 	 -0.0383 	 0.2035 	 -0.0353 	 0.2311 	 -0.4511 	 0.0368 	 0.1333 	 -0.9158
0.6814 	 0.0307 	 -0.0360 	 0.1989 	 -0.0349 	 0.2323 	 -0.4603 	 0.0465 	 0.1161 	 -0.9266
0.6914 	 0.0303 	 -0.0337 	 0.1943 	 -0.0343 	 0.2334 	 -0.4697 	 0.0579 	 0.0975 	 -0.9380
0.7014 	 0.0300 	 -0.0313 	 0.1895 	 -0.0337 	 0.2343 	 -0.4792 	 0.0737 	 0.0777 	 -0.9557
0.7114 	 0.0297 	 -0.0290 	 0.1847 	 -0.0329 	 0.2349 	 -0.4888 	 0.0923 	 0.0547 	 -0.9738
0.7214 	 0.0294 	 -0.0266 	 0.1797 	 -0.0318 	 0.2353 	 -0.4987 	 0.1142 	 0.0288 	 -0.9919
0.7315 	 0.0290 	 -0.0243 	 0.1747 	 -0.0306 	 0.2355 	 -0.5087 	 0.1382 	 -0.0066 	 -1.0021
0.7415 	 0.0287 	 -0.0219 	 0.1695 	 -0.0291 	 0.2352 	 -0.5187 	 0.1557 	 -0.0454 	 -1.0056
0.7515 	 0.0285 	 -0.0195 	 0.1643 	 -0.0275 	 0.2346 	 -0.5288 	 0.1683 	 -0.0763 	 -1.0066
0.7615 	 0.0282 	 -0.0172 	 0.1589 	 -0.0257 	 0.2337 	 -0.5389 	 0.1823 	 -0.1020 	 -1.0201
0.7715 	 0.0279 	 -0.0149 	 0.1535 	 -0.0238 	 0.2325 	 -0.5492 	 0.1970 	 -0.1272 	 -1.0252
0.7816 	 0.0277 	 -0.0125 	 0.1479 	 -0.0218 	 0.2312 	 -0.5595 	 0.2108 	 -0.1497 	 -1.0242
0.7916 	 0.0275 	 -0.0102 	 0.1423 	 -0.0196 	 0.2295 	 -0.5697 	 0.2251 	 -0.1722 	 -1.0231
0.8016 	 0.0273 	 -0.0079 	 0.1365 	 -0.0172 	 0.2277 	 -0.5800 	 0.2399 	 -0.1950 	 -1.0217
0.8116 	 0.0272 	 -0.0057 	 0.1306 	 -0.0147 	 0.2257 	 -0.5902 	 0.2593 	 -0.2149 	 -1.0217
0.8216 	 0.0270 	 -0.0034 	 0.1247 	 -0.0121 	 0.2234 	 -0.6004 	 0.2744 	 -0.2393 	 -1.0189
0.8317 	 0.0269 	 -0.0012 	 0.1186 	 -0.0092 	 0.2209 	 -0.6106 	 0.2899 	 -0.2644 	 -1.0153
0.8417 	 0.0268 	 0.0010 	 0.1124 	 -0.0062 	 0.2181 	 -0.6208 	 0.3076 	 -0.2910 	 -1.0220
0.8517 	 0.0268 	 0.0032 	 0.1062 	 -0.0031 	 0.2150 	 -0.6310 	 0.3237 	 -0.3173 	 -1.0139
0.8617 	 0.0268 	 0.0053 	 0.0998 	 0.0003 	 0.2117 	 -0.6412 	 0.3402 	 -0.3443 	 -1.0046
0.8717 	 0.0268 	 0.0074 	 0.0933 	 0.0037 	 0.2081 	 -0.6512 	 0.3570 	 -0.3717 	 -0.9938
0.8818 	 0.0269 	 0.0095 	 0.0868 	 0.0074 	 0.2043 	 -0.6611 	 0.3749 	 -0.4000 	 -0.9867
0.8918 	 0.0270 	 0.0115 	 0.0801 	 0.0113 	 0.2001 	 -0.6709 	 0.3921 	 -0.4280 	 -0.9716
0.9018 	 0.0271 	 0.0135 	 0.0733 	 0.0153 	 0.1957 	 -0.6806 	 0.4125 	 -0.4554 	 -0.9602
0.9118 	 0.0273 	 0.0154 	 0.0664 	 0.0195 	 0.1910 	 -0.6902 	 0.4330 	 -0.4857 	 -0.9446
0.9218 	 0.0275 	 0.0173 	 0.0595 	 0.0240 	 0.1860 	 -0.6995 	 0.4504 	 -0.5166 	 -0.9274
0.9319 	 0.0277 	 0.0192 	 0.0524 	 0.0285 	 0.1806 	 -0.7087 	 0.4673 	 -0.5434 	 -0.9094
0.9419 	 0.0281 	 0.0209 	 0.0453 	 0.0333 	 0.1751 	 -0.7177 	 0.4821 	 -0.5693 	 -0.8825
0.9519 	 0.0284 	 0.0227 	 0.0380 	 0.0382 	 0.1692 	 -0.7264 	 0.4967 	 -0.5948 	 -0.8542
0.9619 	 0.0288 	 0.0243 	 0.0307 	 0.0433 	 0.1631 	 -0.7348 	 0.5191 	 -0.6198 	 -0.8267
0.9719 	 0.0293 	 0.0259 	 0.0233 	 0.0486 	 0.1568 	 -0.7430 	 0.5319 	 -0.6443 	 -0.7941
0.9820 	 0.0298 	 0.0275 	 0.0158 	 0.0539 	 0.1502 	 -0.7507 	 0.5443 	 -0.6684 	 -0.7597
0.9920 	 0.0304 	 0.0289 	 0.0083 	 0.0595 	 0.1434 	 -0.7582 	 0.5559 	 -0.6919 	 -0.7235
1.0020 	 0.0310 	 0.0303 	 0.0006 	 0.0651 	 0.1364 	 -0.7652 	 0.5668 	 -0.7150 	 -0.6853
1.0120 	 0.0317 	 0.0317 	 -0.0071 	 0.0708 	 0.1291 	 -0.7719 	 0.5767 	 -0.7373 	 -0.6451
1.0220 	 0.0324 	 0.0329 	 -0.0148 	 0.0766 	 0.1216 	 -0.7782 	 0.5857 	 -0.7597 	 -0.6077
1.0321 	 0.0332 	 0.0341 	 -0.0226 	 0.0825 	 0.1139 	 -0.7841 	 0.5926 	 -0.7796 	 -0.5614
1.0421 	 0.0341 	 0.0352 	 -0.0305 	 0.0885 	 0.1060 	 -0.7894 	 0.6022 	 -0.7944 	 -0.5114
1.0521 	 0.0350 	 0.0362 	 -0.0385 	 0.0946 	 0.0979 	 -0.7943 	 0.6046 	 -0.8113 	 -0.4608
1.0621 	 0.0360 	 0.0372 	 -0.0464 	 0.1006 	 0.0897 	 -0.7987 	 0.6050 	 -0.8260 	 -0.4080
1.0721 	 0.0370 	 0.0380 	 -0.0545 	 0.1067 	 0.0814 	 -0.8025 	 0.6037 	 -0.8374 	 -0.3525
1.0822 	 0.0381 	 0.0388 	 -0.0625 	 0.1127 	 0.0730 	 -0.8057 	 0.6030 	 -0.8440 	 -0.2914
1.0922 	 0.0393 	 0.0395 	 -0.0706 	 0.1188 	 0.0645 	 -0.8083 	 0.6050 	 -0.8490 	 -0.2125
1.1022 	 0.0405 	 0.0401 	 -0.0787 	 0.1248 	 0.0559 	 -0.8100 	 0.5927 	 -0.8658 	 -0.1326
1.1122 	 0.0418 	 0.0406 	 -0.0868 	 0.1306 	 0.0472 	 -0.8109 	 0.5683 	 -0.8732 	 -0.0538
1.1222 	 0.0431 	 0.0410 	 -0.0950 	 0.1362 	 0.0384 	 -0.8110 	 0.5403 	 -0.8701 	 0.0394
1.1323 	 0.0445 	 0.0414 	 -0.1031 	 0.1415 	 0.0297 	 -0.8101 	 0.5291 	 -0.8673 	 0.1374
1.1423 	 0.0459 	 0.0416 	 -0.1112 	 0.1468 	 0.0211 	 -0.8083 	 0.5188 	 -0.8630 	 0.2207
1.1523 	 0.0474 	 0.0418 	 -0.1193 	 0.1519 	 0.0124 	 -0.8057 	 0.5030 	 -0.8593 	 0.2966
1.1623 	 0.0490 	 0.0419 	 -0.1273 	 0.1568 	 0.0038 	 -0.8024 	 0.4844 	 -0.8575 	 0.3638
1.1723 	 0.0506 	 0.0419 	 -0.1353 	 0.1616 	 -0.0048 	 -0.7984 	 0.4649 	 -0.8560 	 0.4232
1.1824 	 0.0522 	 0.0418 	 -0.1433 	 0.1662 	 -0.0133 	 -0.7939 	 0.4447 	 -0.8538 	 0.4770
1.1924 	 0.0539 	 0.0416 	 -0.1513 	 0.1705 	 -0.0219 	 -0.7889 	 0.4236 	 -0.8505 	 0.5270
1.2024 	 0.0556 	 0.0413 	 -0.1591 	 0.1746 	 -0.0304 	 -0.7834 	 0.4017 	 -0.8459 	 0.5746
1.2124 	 0.0574 	 0.0410 	 -0.1670 	 0.1786 	 -0.0388 	 -0.7774 	 0.3787 	 -0.8405 	 0.6151
1.2224 	 0.0592 	 0.0406 	 -0.1747 	 0.1822 	 -0.0472 	 -0.7710 	 0.3546 	 -0.8307 	 0.6620
1.2325 	 0.0610 	 0.0401 	 -0.1824 	 0.1857 	 -0.0554 	 -0.7641 	 0.3296 	 -0.8167 	 0.7073
1.2425 	 0.0629 	 0.0395 	 -0.1900 	 0.1888 	 -0.0635 	 -0.7569 	 0.3048 	 -0.7994 	 0.7445
1.2525 	 0.0648 	 0.0388 	 -0.1976 	 0.1918 	 -0.0714 	 -0.7492 	 0.2800 	 -0.7777 	 0.7822
1.2625 	 0.0668 	 0.0380 	 -0.2050 	 0.1945 	 -0.0791 	 -0.7412 	 0.2569 	 -0.7555 	 0.8138
1.2725 	 0.0687 	 0.0372 	 -0.2124 	 0.1969 	 -0.0866 	 -0.7330 	 0.2358 	 -0.7354 	 0.8349
1.2826 	 0.0707 	 0.0363 	 -0.2197 	 0.1992 	 -0.0939 	 -0.7245 	 0.2169 	 -0.7154 	 0.8593
1.2926 	 0.0727 	 0.0353 	 -0.2269 	 0.2013 	 -0.1009 	 -0.7157 	 0.1995 	 -0.6967 	 0.8809
1.3026 	 0.0747 	 0.0343 	 -0.2341 	 0.2032 	 -0.1078 	 -0.7069 	 0.1828 	 -0.6794 	 0.8948
1.3126 	 0.0768 	 0.0332 	 -0.2411 	 0.2049 	 -0.1146 	 -0.6978 	 0.1674 	 -0.6626 	 0.9135
1.3226 	 0.0788 	 0.0320 	 -0.2480 	 0.2065 	 -0.1211 	 -0.6886 	 0.1528 	 -0.6469 	 0.9304
1.3327 	 0.0809 	 0.0307 	 -0.2549 	 0.2080 	 -0.1275 	 -0.6792 	 0.1387 	 -0.6322 	 0.9459
1.3427 	 0.0830 	 0.0294 	 -0.2617 	 0.2093 	 -0.1338 	 -0.6696 	 0.1251 	 -0.6186 	 0.9605
1.3527 	 0.0851 	 0.0280 	 -0.2683 	 0.2105 	 -0.1400 	 -0.6599 	 0.1124 	 -0.6114 	 0.9757
1.3627 	 0.0872 	 0.0266 	 -0.2749 	 0.2116 	 -0.1460 	 -0.6501 	 0.0990 	 -0.5981 	 0.9896
1.3727 	 0.0894 	 0.0251 	 -0.2813 	 0.2125 	 -0.1520 	 -0.6401 	 0.0855 	 -0.5848 	 1.0035
1.3828 	 0.0915 	 0.0236 	 -0.2877 	 0.2133 	 -0.1578 	 -0.6300 	 0.0753 	 -0.5751 	 1.0171
1.3928 	 0.0936 	 0.0220 	 -0.2940 	 0.2140 	 -0.1635 	 -0.6197 	 0.0602 	 -0.5595 	 1.0298
1.4028 	 0.0958 	 0.0203 	 -0.3001 	 0.2145 	 -0.1690 	 -0.6094 	 0.0441 	 -0.5442 	 1.0355
1.4128 	 0.0979 	 0.0186 	 -0.3062 	 0.2149 	 -0.1744 	 -0.5989 	 0.0284 	 -0.5276 	 1.0462
1.4228 	 0.1001 	 0.0168 	 -0.3121 	 0.2151 	 -0.1796 	 -0.5885 	 0.0115 	 -0.5124 	 1.0499
1.4329 	 0.1022 	 0.0150 	 -0.3180 	 0.2151 	 -0.1846 	 -0.5779 	 -0.0045 	 -0.4962 	 1.0593
1.4429 	 0.1044 	 0.0131 	 -0.3237 	 0.2150 	 -0.1895 	 -0.5673 	 -0.0204 	 -0.4794 	 1.0608
1.4529 	 0.1065 	 0.0112 	 -0.3293 	 0.2147 	 -0.1942 	 -0.5567 	 -0.0379 	 -0.4623 	 1.0628
1.4629 	 0.1087 	 0.0092 	 -0.3349 	 0.2142 	 -0.1988 	 -0.5460 	 -0.0553 	 -0.4464 	 1.0638
1.4729 	 0.1108 	 0.0072 	 -0.3403 	 0.2136 	 -0.2032 	 -0.5354 	 -0.0732 	 -0.4309 	 1.0643
1.4830 	 0.1130 	 0.0051 	 -0.3456 	 0.2128 	 -0.2074 	 -0.5247 	 -0.0860 	 -0.4111 	 1.0541
1.4930 	 0.1151 	 0.0030 	 -0.3508 	 0.2118 	 -0.2115 	 -0.5142 	 -0.1039 	 -0.3951 	 1.0542
1.5030 	 0.1172 	 0.0009 	 -0.3559 	 0.2107 	 -0.2154 	 -0.5035 	 -0.1230 	 -0.3809 	 1.0690
1.5130 	 0.1193 	 -0.0013 	 -0.3609 	 0.2094 	 -0.2191 	 -0.4928 	 -0.1355 	 -0.3673 	 1.0625
1.5230 	 0.1214 	 -0.0035 	 -0.3658 	 0.2080 	 -0.2227 	 -0.4821 	 -0.1502 	 -0.3492 	 1.0749
1.5331 	 0.1235 	 -0.0057 	 -0.3705 	 0.2064 	 -0.2261 	 -0.4713 	 -0.1621 	 -0.3282 	 1.0861
1.5431 	 0.1255 	 -0.0080 	 -0.3752 	 0.2047 	 -0.2293 	 -0.4603 	 -0.1714 	 -0.3096 	 1.0882
1.5531 	 0.1276 	 -0.0103 	 -0.3798 	 0.2030 	 -0.2323 	 -0.4495 	 -0.1746 	 -0.2916 	 1.0804
1.5631 	 0.1296 	 -0.0127 	 -0.3842 	 0.2012 	 -0.2351 	 -0.4387 	 -0.1820 	 -0.2710 	 1.0744
1.5731 	 0.1316 	 -0.0150 	 -0.3886 	 0.1993 	 -0.2377 	 -0.4280 	 -0.1933 	 -0.2494 	 1.0666
1.5832 	 0.1336 	 -0.0174 	 -0.3928 	 0.1973 	 -0.2401 	 -0.4173 	 -0.2064 	 -0.2259 	 1.0598
1.5932 	 0.1356 	 -0.0198 	 -0.3969 	 0.1952 	 -0.2422 	 -0.4067 	 -0.2219 	 -0.1995 	 1.0645
1.6032 	 0.1375 	 -0.0223 	 -0.4009 	 0.1929 	 -0.2441 	 -0.3959 	 -0.2364 	 -0.1729 	 1.0795
1.6132 	 0.1394 	 -0.0247 	 -0.4049 	 0.1905 	 -0.2457 	 -0.3851 	 -0.2458 	 -0.1521 	 1.0920
1.6232 	 0.1413 	 -0.0272 	 -0.4087 	 0.1880 	 -0.2471 	 -0.3740 	 -0.2536 	 -0.1324 	 1.1115
1.6333 	 0.1432 	 -0.0297 	 -0.4124 	 0.1854 	 -0.2484 	 -0.3628 	 -0.2516 	 -0.1112 	 1.1229
1.6433 	 0.1450 	 -0.0322 	 -0.4159 	 0.1829 	 -0.2494 	 -0.3515 	 -0.2541 	 -0.0922 	 1.1285
1.6533 	 0.1469 	 -0.0347 	 -0.4194 	 0.1803 	 -0.2502 	 -0.3402 	 -0.2613 	 -0.0708 	 1.1292
1.6633 	 0.1487 	 -0.0372 	 -0.4228 	 0.1776 	 -0.2508 	 -0.3289 	 -0.2728 	 -0.0481 	 1.1280
1.6733 	 0.1504 	 -0.0397 	 -0.4260 	 0.1748 	 -0.2512 	 -0.3176 	 -0.2871 	 -0.0254 	 1.1195
1.6834 	 0.1522 	 -0.0422 	 -0.4291 	 0.1719 	 -0.2513 	 -0.3064 	 -0.3033 	 -0.0032 	 1.1161
1.6934 	 0.1539 	 -0.0447 	 -0.4321 	 0.1687 	 -0.2512 	 -0.2953 	 -0.3204 	 0.0191 	 1.1132
1.7034 	 0.1555 	 -0.0473 	 -0.4350 	 0.1655 	 -0.2509 	 -0.2841 	 -0.3383 	 0.0420 	 1.1104
1.7134 	 0.1572 	 -0.0498 	 -0.4378 	 0.1620 	 -0.2504 	 -0.2730 	 -0.3565 	 0.0652 	 1.1069
1.7234 	 0.1588 	 -0.0523 	 -0.4405 	 0.1583 	 -0.2496 	 -0.2619 	 -0.3744 	 0.0880 	 1.1025
1.7335 	 0.1604 	 -0.0548 	 -0.4431 	 0.1545 	 -0.2486 	 -0.2509 	 -0.3961 	 0.1058 	 1.0980
1.7435 	 0.1619 	 -0.0573 	 -0.4455 	 0.1504 	 -0.2475 	 -0.2399 	 -0.4108 	 0.1263 	 1.0928
1.7535 	 0.1634 	 -0.0597 	 -0.4479 	 0.1462 	 -0.2461 	 -0.2290 	 -0.4240 	 0.1452 	 1.0878
1.7635 	 0.1648 	 -0.0622 	 -0.4501 	 0.1419 	 -0.2446 	 -0.2181 	 -0.4361 	 0.1629 	 1.0832
1.7735 	 0.1662 	 -0.0646 	 -0.4523 	 0.1375 	 -0.2429 	 -0.2073 	 -0.4474 	 0.1794 	 1.0790
1.7836 	 0.1676 	 -0.0671 	 -0.4543 	 0.1329 	 -0.2410 	 -0.1966 	 -0.4599 	 0.1944 	 1.0700
1.7936 	 0.1689 	 -0.0695 	 -0.4562 	 0.1283 	 -0.2390 	 -0.1859 	 -0.4746 	 0.2098 	 1.0636
1.8036 	 0.1701 	 -0.0718 	 -0.4580 	 0.1235 	 -0.2368 	 -0.1752 	 -0.4836 	 0.2241 	 1.0620
1.8136 	 0.1713 	 -0.0742 	 -0.4597 	 0.1186 	 -0.2345 	 -0.1646 	 -0.4925 	 0.2377 	 1.0606
1.8236 	 0.1725 	 -0.0765 	 -0.4613 	 0.1136 	 -0.2320 	 -0.1539 	 -0.5011 	 0.2509 	 1.0595
1.8337 	 0.1736 	 -0.0789 	 -0.4628 	 0.1086 	 -0.2295 	 -0.1434 	 -0.5065 	 0.2613 	 1.0525
1.8437 	 0.1747 	 -0.0811 	 -0.4642 	 0.1035 	 -0.2268 	 -0.1328 	 -0.5142 	 0.2732 	 1.0507
1.8537 	 0.1757 	 -0.0834 	 -0.4655 	 0.0982 	 -0.2240 	 -0.1223 	 -0.5252 	 0.2816 	 1.0521
1.8637 	 0.1767 	 -0.0856 	 -0.4666 	 0.0929 	 -0.2211 	 -0.1118 	 -0.5316 	 0.2928 	 1.0425
1.8737 	 0.1776 	 -0.0878 	 -0.4677 	 0.0876 	 -0.2182 	 -0.1014 	 -0.5380 	 0.3047 	 1.0389
1.8838 	 0.1784 	 -0.0900 	 -0.4687 	 0.0822 	 -0.2150 	 -0.0910 	 -0.5441 	 0.3165 	 1.0348
1.8938 	 0.1792 	 -0.0921 	 -0.4695 	 0.0767 	 -0.2118 	 -0.0807 	 -0.5451 	 0.3313 	 1.0267
1.9038 	 0.1799 	 -0.0942 	 -0.4703 	 0.0712 	 -0.2084 	 -0.0704 	 -0.5499 	 0.3431 	 1.0210
1.9138 	 0.1806 	 -0.0963 	 -0.4709 	 0.0657 	 -0.2050 	 -0.0602 	 -0.5518 	 0.3498 	 1.0099
1.9238 	 0.1813 	 -0.0983 	 -0.4715 	 0.0602 	 -0.2014 	 -0.0502 	 -0.5513 	 0.3572 	 0.9971
1.9339 	 0.1818 	 -0.1003 	 -0.4719 	 0.0546 	 -0.1978 	 -0.0403 	 -0.5535 	 0.3663 	 0.9888
1.9439 	 0.1824 	 -0.1023 	 -0.4723 	 0.0491 	 -0.1941 	 -0.0304 	 -0.5553 	 0.3748 	 0.9810
1.9539 	 0.1828 	 -0.1042 	 -0.4725 	 0.0435 	 -0.1903 	 -0.0206 	 -0.5571 	 0.3830 	 0.9739
1.9639 	 0.1832 	 -0.1061 	 -0.4727 	 0.0379 	 -0.1864 	 -0.0109 	 -0.5591 	 0.3936 	 0.9730
1.9739 	 0.1836 	 -0.1080 	 -0.4728 	 0.0323 	 -0.1824 	 -0.0012 	 -0.5612 	 0.3995 	 0.9605
1.9840 	 0.1839 	 -0.1098 	 -0.4727 	 0.0267 	 -0.1784 	 0.0084 	 -0.5637 	 0.4060 	 0.9472
1.9940 	 0.1841 	 -0.1115 	 -0.4726 	 0.0210 	 -0.1743 	 0.0179 	 -0.5664 	 0.4132 	 0.9404
2.0040 	 0.1843 	 -0.1133 	 -0.4724 	 0.0153 	 -0.1701 	 0.0273 	 -0.5695 	 0.4205 	 0.9342
2.0140 	 0.1844 	 -0.1150 	 -0.4721 	 0.0096 	 -0.1659 	 0.0366 	 -0.5665 	 0.4289 	 0.9279
2.0240 	 0.1845 	 -0.1166 	 -0.4716 	 0.0039 	 -0.1615 	 0.0459 	 -0.5718 	 0.4378 	 0.9286
2.0341 	 0.1845 	 -0.1182 	 -0.4711 	 -0.0018 	 -0.1571 	 0.0552 	 -0.5754 	 0.4455 	 0.9236
2.0441 	 0.1845 	 -0.1197 	 -0.4705 	 -0.0076 	 -0.1526 	 0.0644 	 -0.5802 	 0.4538 	 0.9251
2.0541 	 0.1843 	 -0.1212 	 -0.4698 	 -0.0135 	 -0.1480 	 0.0736 	 -0.5840 	 0.4617 	 0.9203
2.0641 	 0.1842 	 -0.1227 	 -0.4691 	 -0.0193 	 -0.1433 	 0.0828 	 -0.5881 	 0.4696 	 0.9159
2.0741 	 0.1840 	 -0.1241 	 -0.4682 	 -0.0252 	 -0.1386 	 0.0920 	 -0.5923 	 0.4776 	 0.9117
2.0842 	 0.1837 	 -0.1255 	 -0.4672 	 -0.0312 	 -0.1338 	 0.1011 	 -0.5977 	 0.4863 	 0.9141
2.0942 	 0.1833 	 -0.1268 	 -0.4662 	 -0.0372 	 -0.1289 	 0.1103 	 -0.6021 	 0.4943 	 0.9099
2.1042 	 0.1829 	 -0.1281 	 -0.4650 	 -0.0433 	 -0.1239 	 0.1194 	 -0.6086 	 0.5038 	 0.9115
2.1142 	 0.1825 	 -0.1293 	 -0.4638 	 -0.0495 	 -0.1188 	 0.1285 	 -0.6176 	 0.5035 	 0.9009
2.1242 	 0.1819 	 -0.1304 	 -0.4624 	 -0.0557 	 -0.1137 	 0.1375 	 -0.6211 	 0.5121 	 0.8960
2.1343 	 0.1813 	 -0.1316 	 -0.4610 	 -0.0619 	 -0.1085 	 0.1464 	 -0.6219 	 0.5193 	 0.8849
2.1443 	 0.1807 	 -0.1326 	 -0.4595 	 -0.0681 	 -0.1033 	 0.1553 	 -0.6253 	 0.5278 	 0.8798
2.1543 	 0.1800 	 -0.1336 	 -0.4579 	 -0.0744 	 -0.0980 	 0.1640 	 -0.6286 	 0.5364 	 0.8751
2.1643 	 0.1792 	 -0.1346 	 -0.4562 	 -0.0807 	 -0.0925 	 0.1728 	 -0.6325 	 0.5458 	 0.8764
2.1743 	 0.1784 	 -0.1355 	 -0.4544 	 -0.0871 	 -0.0870 	 0.1816 	 -0.6373 	 0.5554 	 0.8775
2.1844 	 0.1775 	 -0.1363 	 -0.4526 	 -0.0935 	 -0.0814 	 0.1904 	 -0.6403 	 0.5636 	 0.8723
2.1944 	 0.1765 	 -0.1371 	 -0.4506 	 -0.0999 	 -0.0757 	 0.1991 	 -0.6433 	 0.5716 	 0.8675
2.2044 	 0.1755 	 -0.1378 	 -0.4486 	 -0.1064 	 -0.0700 	 0.2078 	 -0.6461 	 0.5795 	 0.8629
2.2144 	 0.1744 	 -0.1385 	 -0.4465 	 -0.1129 	 -0.0641 	 0.2164 	 -0.6487 	 0.5873 	 0.8586
2.2244 	 0.1732 	 -0.1391 	 -0.4442 	 -0.1194 	 -0.0582 	 0.2250 	 -0.6511 	 0.5949 	 0.8545
2.2345 	 0.1720 	 -0.1397 	 -0.4419 	 -0.1259 	 -0.0522 	 0.2335 	 -0.6548 	 0.6037 	 0.8562
2.2445 	 0.1707 	 -0.1402 	 -0.4396 	 -0.1325 	 -0.0461 	 0.2421 	 -0.6564 	 0.6104 	 0.8509
2.2545 	 0.1693 	 -0.1406 	 -0.4371 	 -0.1391 	 -0.0400 	 0.2506 	 -0.6578 	 0.6168 	 0.8454
2.2645 	 0.1679 	 -0.1410 	 -0.4345 	 -0.1457 	 -0.0337 	 0.2591 	 -0.6606 	 0.6242 	 0.8515
2.2745 	 0.1664 	 -0.1413 	 -0.4319 	 -0.1523 	 -0.0275 	 0.2676 	 -0.6616 	 0.6295 	 0.8454
2.2846 	 0.1648 	 -0.1415 	 -0.4292 	 -0.1589 	 -0.0211 	 0.2761 	 -0.6626 	 0.6345 	 0.8390
2.2946 	 0.1632 	 -0.1417 	 -0.4264 	 -0.1656 	 -0.0148 	 0.2845 	 -0.6682 	 0.6364 	 0.8400
2.3046 	 0.1615 	 -0.1418 	 -0.4235 	 -0.1723 	 -0.0084 	 0.2929 	 -0.6683 	 0.6417 	 0.8310
2.3146 	 0.1598 	 -0.1419 	 -0.4205 	 -0.1790 	 -0.0019 	 0.3012 	 -0.6691 	 0.6456 	 0.8288
2.3246 	 0.1579 	 -0.1419 	 -0.4174 	 -0.1857 	 0.0046 	 0.3095 	 -0.6696 	 0.6506 	 0.8196
2.3347 	 0.1560 	 -0.1418 	 -0.4143 	 -0.1924 	 0.0111 	 0.3176 	 -0.6701 	 0.6555 	 0.8097
2.3447 	 0.1541 	 -0.1416 	 -0.4111 	 -0.1992 	 0.0177 	 0.3257 	 -0.6708 	 0.6605 	 0.7990
2.3547 	 0.1520 	 -0.1414 	 -0.4078 	 -0.2059 	 0.0244 	 0.3336 	 -0.6721 	 0.6695 	 0.7832
2.3647 	 0.1499 	 -0.1411 	 -0.4044 	 -0.2126 	 0.0311 	 0.3414 	 -0.6750 	 0.6760 	 0.7772
2.3747 	 0.1478 	 -0.1408 	 -0.4009 	 -0.2194 	 0.0379 	 0.3491 	 -0.6818 	 0.6798 	 0.7662
2.3848 	 0.1455 	 -0.1404 	 -0.3974 	 -0.2262 	 0.0447 	 0.3568 	 -0.6814 	 0.6841 	 0.7518
2.3948 	 0.1432 	 -0.1399 	 -0.3938 	 -0.2331 	 0.0516 	 0.3642 	 -0.6809 	 0.6882 	 0.7364
2.4048 	 0.1409 	 -0.1394 	 -0.3901 	 -0.2399 	 0.0585 	 0.3715 	 -0.6801 	 0.6923 	 0.7202
2.4148 	 0.1384 	 -0.1387 	 -0.3863 	 -0.2468 	 0.0655 	 0.3787 	 -0.6856 	 0.6972 	 0.7094
2.4248 	 0.1359 	 -0.1380 	 -0.3825 	 -0.2536 	 0.0725 	 0.3857 	 -0.6820 	 0.7009 	 0.6897
2.4349 	 0.1334 	 -0.1373 	 -0.3786 	 -0.2604 	 0.0795 	 0.3925 	 -0.6776 	 0.7044 	 0.6687
2.4449 	 0.1307 	 -0.1364 	 -0.3746 	 -0.2672 	 0.0866 	 0.3991 	 -0.6805 	 0.6934 	 0.6390
2.4549 	 0.1280 	 -0.1355 	 -0.3706 	 -0.2740 	 0.0936 	 0.4053 	 -0.6737 	 0.6968 	 0.6084
2.4649 	 0.1252 	 -0.1346 	 -0.3665 	 -0.2807 	 0.1006 	 0.4113 	 -0.6660 	 0.6984 	 0.5824
2.4749 	 0.1224 	 -0.1335 	 -0.3624 	 -0.2873 	 0.1076 	 0.4170 	 -0.6570 	 0.6995 	 0.5544
2.4850 	 0.1195 	 -0.1324 	 -0.3582 	 -0.2939 	 0.1146 	 0.4224 	 -0.6482 	 0.7020 	 0.5295
2.4950 	 0.1165 	 -0.1312 	 -0.3539 	 -0.3003 	 0.1216 	 0.4275 	 -0.6362 	 0.7016 	 0.4954
2.5050 	 0.1134 	 -0.1300 	 -0.3496 	 -0.3066 	 0.1286 	 0.4323 	 -0.6232 	 0.7003 	 0.4586
2.5150 	 0.1103 	 -0.1287 	 -0.3453 	 -0.3128 	 0.1356 	 0.4367 	 -0.6096 	 0.6981 	 0.4192
2.5251 	 0.1072 	 -0.1273 	 -0.3409 	 -0.3188 	 0.1426 	 0.4407 	 -0.5953 	 0.6946 	 0.3775
2.5351 	 0.1040 	 -0.1258 	 -0.3364 	 -0.3247 	 0.1496 	 0.4443 	 -0.5804 	 0.6899 	 0.3338
2.5451 	 0.1007 	 -0.1243 	 -0.3320 	 -0.3304 	 0.1564 	 0.4474 	 -0.5644 	 0.6837 	 0.2883
2.5551 	 0.0973 	 -0.1227 	 -0.3275 	 -0.3360 	 0.1633 	 0.4500 	 -0.5471 	 0.6759 	 0.2412
2.5651 	 0.0939 	 -0.1210 	 -0.3229 	 -0.3414 	 0.1700 	 0.4522 	 -0.5282 	 0.6685 	 0.1980
2.5752 	 0.0905 	 -0.1193 	 -0.3184 	 -0.3466 	 0.1766 	 0.4539 	 -0.5074 	 0.6571 	 0.1450
2.5852 	 0.0870 	 -0.1175 	 -0.3138 	 -0.3516 	 0.1832 	 0.4552 	 -0.4875 	 0.6470 	 0.0940
2.5952 	 0.0834 	 -0.1156 	 -0.3093 	 -0.3563 	 0.1896 	 0.4558 	 -0.4660 	 0.6384 	 0.0355
2.6052 	 0.0799 	 -0.1137 	 -0.3047 	 -0.3609 	 0.1960 	 0.4559 	 -0.4409 	 0.6277 	 -0.0169
2.6152 	 0.0762 	 -0.1117 	 -0.3001 	 -0.3651 	 0.2023 	 0.4554 	 -0.4107 	 0.6211 	 -0.0741
2.6253 	 0.0725 	 -0.1096 	 -0.2956 	 -0.3691 	 0.2084 	 0.4544 	 -0.3804 	 0.6073 	 -0.1281
2.6353 	 0.0688 	 -0.1075 	 -0.2910 	 -0.3728 	 0.2144 	 0.4529 	 -0.3471 	 0.5946 	 -0.1735
2.6453 	 0.0651 	 -0.1053 	 -0.2865 	 -0.3760 	 0.2203 	 0.4509 	 -0.3094 	 0.5765 	 -0.2225
2.6553 	 0.0613 	 -0.1031 	 -0.2820 	 -0.3789 	 0.2260 	 0.4484 	 -0.2684 	 0.5559 	 -0.2696
2.6653 	 0.0575 	 -0.1008 	 -0.2775 	 -0.3814 	 0.2314 	 0.4455 	 -0.2267 	 0.5280 	 -0.3187
2.6754 	 0.0537 	 -0.0984 	 -0.2731 	 -0.3835 	 0.2365 	 0.4420 	 -0.1850 	 0.5020 	 -0.3685
2.6854 	 0.0498 	 -0.0960 	 -0.2687 	 -0.3851 	 0.2414 	 0.4381 	 -0.1382 	 0.4734 	 -0.4116
2.6954 	 0.0459 	 -0.0936 	 -0.2643 	 -0.3863 	 0.2460 	 0.4338 	 -0.0914 	 0.4414 	 -0.4517
2.7054 	 0.0421 	 -0.0911 	 -0.2600 	 -0.3870 	 0.2503 	 0.4291 	 -0.0452 	 0.4079 	 -0.4827
2.7154 	 0.0382 	 -0.0886 	 -0.2557 	 -0.3872 	 0.2542 	 0.4241 	 -0.0030 	 0.3691 	 -0.5170
2.7255 	 0.0343 	 -0.0860 	 -0.2515 	 -0.3870 	 0.2577 	 0.4187 	 0.0342 	 0.3267 	 -0.5428
2.7355 	 0.0304 	 -0.0834 	 -0.2473 	 -0.3865 	 0.2607 	 0.4132 	 0.0676 	 0.2875 	 -0.5693
2.7455 	 0.0266 	 -0.0808 	 -0.2432 	 -0.3857 	 0.2634 	 0.4073 	 0.1044 	 0.2437 	 -0.5973
2.7555 	 0.0227 	 -0.0781 	 -0.2392 	 -0.3844 	 0.2656 	 0.4012 	 0.1424 	 0.1985 	 -0.6183
2.7655 	 0.0189 	 -0.0755 	 -0.2352 	 -0.3828 	 0.2674 	 0.3949 	 0.1817 	 0.1437 	 -0.6434
2.7756 	 0.0150 	 -0.0728 	 -0.2313 	 -0.3808 	 0.2685 	 0.3883 	 0.2249 	 0.0940 	 -0.6671
2.7856 	 0.0112 	 -0.0701 	 -0.2274 	 -0.3783 	 0.2692 	 0.3815 	 0.2717 	 0.0453 	 -0.6865
2.7956 	 0.0075 	 -0.0674 	 -0.2236 	 -0.3753 	 0.2695 	 0.3746 	 0.3205 	 -0.0003 	 -0.7014
2.8056 	 0.0037 	 -0.0647 	 -0.2199 	 -0.3719 	 0.2692 	 0.3675 	 0.3665 	 -0.0452 	 -0.7198
2.8156 	 0.0000 	 -0.0620 	 -0.2162 	 -0.3680 	 0.2686 	 0.3602 	 0.4104 	 -0.0943 	 -0.7342
2.8257 	 -0.0037 	 -0.0593 	 -0.2127 	 -0.3637 	 0.2673 	 0.3526 	 0.4561 	 -0.1439 	 -0.7787
2.8357 	 -0.0073 	 -0.0567 	 -0.2092 	 -0.3588 	 0.2658 	 0.3447 	 0.5020 	 -0.1748 	 -0.7953
2.8457 	 -0.0108 	 -0.0540 	 -0.2058 	 -0.3536 	 0.2638 	 0.3367 	 0.5425 	 -0.2058 	 -0.7934
2.8557 	 -0.0144 	 -0.0514 	 -0.2024 	 -0.3480 	 0.2616 	 0.3288 	 0.5732 	 -0.2371 	 -0.7972
2.8657 	 -0.0178 	 -0.0488 	 -0.1992 	 -0.3421 	 0.2591 	 0.3208 	 0.6079 	 -0.2664 	 -0.7984
2.8758 	 -0.0212 	 -0.0462 	 -0.1960 	 -0.3359 	 0.2563 	 0.3128 	 0.6414 	 -0.2944 	 -0.8000
2.8858 	 -0.0245 	 -0.0436 	 -0.1929 	 -0.3293 	 0.2532 	 0.3047 	 0.6733 	 -0.3210 	 -0.8029
2.8958 	 -0.0278 	 -0.0411 	 -0.1899 	 -0.3224 	 0.2499 	 0.2967 	 0.7034 	 -0.3460 	 -0.8072
2.9058 	 -0.0310 	 -0.0386 	 -0.1870 	 -0.3152 	 0.2463 	 0.2885 	 0.7310 	 -0.3690 	 -0.8127
2.9158 	 -0.0341 	 -0.0362 	 -0.1841 	 -0.3077 	 0.2425 	 0.2804 	 0.7564 	 -0.3898 	 -0.8187
2.9259 	 -0.0372 	 -0.0338 	 -0.1813 	 -0.3000 	 0.2385 	 0.2721 	 0.7797 	 -0.4087 	 -0.8248
2.9359 	 -0.0401 	 -0.0314 	 -0.1787 	 -0.2921 	 0.2343 	 0.2638 	 0.8013 	 -0.4258 	 -0.8309
2.9459 	 -0.0430 	 -0.0291 	 -0.1761 	 -0.2839 	 0.2300 	 0.2555 	 0.8250 	 -0.4375 	 -0.8384
2.9559 	 -0.0458 	 -0.0268 	 -0.1735 	 -0.2756 	 0.2255 	 0.2470 	 0.8370 	 -0.4541 	 -0.8432
2.9659 	 -0.0485 	 -0.0245 	 -0.1711 	 -0.2671 	 0.2209 	 0.2386 	 0.8475 	 -0.4702 	 -0.8461
2.9760 	 -0.0512 	 -0.0224 	 -0.1688 	 -0.2586 	 0.2161 	 0.2301 	 0.8620 	 -0.4844 	 -0.8508
2.9860 	 -0.0537 	 -0.0202 	 -0.1665 	 -0.2499 	 0.2112 	 0.2215 	 0.8761 	 -0.4981 	 -0.8554
2.9960 	 -0.0562 	 -0.0181 	 -0.1643 	 -0.2410 	 0.2061 	 0.2129 	 0.8867 	 -0.5160 	 -0.8564
3.0060 	 -0.0586 	 -0.0161 	 -0.1622 	 -0.2321 	 0.2009 	 0.2043 	 0.8998 	 -0.5302 	 -0.8594
3.0160 	 -0.0608 	 -0.0141 	 -0.1602 	 -0.2230 	 0.1955 	 0.1957 	 0.9127 	 -0.5446 	 -0.8609
3.0261 	 -0.0630 	 -0.0122 	 -0.1583 	 -0.2138 	 0.1900 	 0.1871 	 0.9248 	 -0.5591 	 -0.8597
3.0361 	 -0.0651 	 -0.0103 	 -0.1565 	 -0.2045 	 0.1843 	 0.1785 	 0.9349 	 -0.5724 	 -0.8555
3.0461 	 -0.0671 	 -0.0085 	 -0.1547 	 -0.1951 	 0.1785 	 0.1700 	 0.9405 	 -0.5813 	 -0.8442
3.0561 	 -0.0690 	 -0.0067 	 -0.1531 	 -0.1856 	 0.1726 	 0.1615 	 0.9457 	 -0.5884 	 -0.8404
3.0661 	 -0.0708 	 -0.0050 	 -0.1515 	 -0.1761 	 0.1667 	 0.1531 	 0.9486 	 -0.5913 	 -0.8334
3.0762 	 -0.0726 	 -0.0034 	 -0.1500 	 -0.1666 	 0.1608 	 0.1448 	 0.9512 	 -0.5928 	 -0.8222
3.0862 	 -0.0742 	 -0.0018 	 -0.1486 	 -0.1570 	 0.1548 	 0.1366 	 0.9527 	 -0.5948 	 -0.8177
3.0962 	 -0.0757 	 -0.0003 	 -0.1473 	 -0.1475 	 0.1489 	 0.1285 	 0.9575 	 -0.5947 	 -0.8110
3.1062 	 -0.0771 	 0.0012 	 -0.1460 	 -0.1379 	 0.1429 	 0.1203 	 0.9598 	 -0.5975 	 -0.8099
3.1162 	 -0.0785 	 0.0026 	 -0.1449 	 -0.1283 	 0.1369 	 0.1122 	 0.9617 	 -0.6002 	 -0.8092
3.1263 	 -0.0797 	 0.0039 	 -0.1438 	 -0.1186 	 0.1309 	 0.1041 	 0.9548 	 -0.6005 	 -0.8006
3.1363 	 -0.0808 	 0.0052 	 -0.1428 	 -0.1091 	 0.1248 	 0.0961 	 0.9544 	 -0.6028 	 -0.7989
3.1463 	 -0.0819 	 0.0064 	 -0.1418 	 -0.0995 	 0.1188 	 0.0881 	 0.9537 	 -0.6051 	 -0.7973
3.1563 	 -0.0828 	 0.0076 	 -0.1410 	 -0.0899 	 0.1127 	 0.0801 	 0.9528 	 -0.6076 	 -0.7958
3.1663 	 -0.0837 	 0.0087 	 -0.1402 	 -0.0804 	 0.1066 	 0.0722 	 0.9516 	 -0.6103 	 -0.7944
3.1764 	 -0.0845 	 0.0097 	 -0.1396 	 -0.0709 	 0.1005 	 0.0643 	 0.9480 	 -0.6114 	 -0.7864
3.1864 	 -0.0851 	 0.0107 	 -0.1390 	 -0.0614 	 0.0944 	 0.0564 	 0.9462 	 -0.6143 	 -0.7841
3.1964 	 -0.0857 	 0.0116 	 -0.1384 	 -0.0519 	 0.0882 	 0.0486 	 0.9443 	 -0.6174 	 -0.7819
3.2064 	 -0.0862 	 0.0125 	 -0.1380 	 -0.0425 	 0.0820 	 0.0407 	 0.9423 	 -0.6209 	 -0.7797
3.2164 	 -0.0865 	 0.0133 	 -0.1376 	 -0.0331 	 0.0757 	 0.0329 	 0.9401 	 -0.6247 	 -0.7775
3.2265 	 -0.0868 	 0.0140 	 -0.1373 	 -0.0237 	 0.0695 	 0.0252 	 0.9320 	 -0.6322 	 -0.7729
3.2365 	 -0.0870 	 0.0146 	 -0.1371 	 -0.0144 	 0.0631 	 0.0174 	 0.9333 	 -0.6303 	 -0.7731
3.2465 	 -0.0871 	 0.0153 	 -0.1370 	 -0.0050 	 0.0568 	 0.0097 	 0.9299 	 -0.6340 	 -0.7694
3.2565 	 -0.0871 	 0.0158 	 -0.1369 	 0.0043 	 0.0504 	 0.0020 	 0.9264 	 -0.6378 	 -0.7657
3.2665 	 -0.0870 	 0.0163 	 -0.1369 	 0.0135 	 0.0440 	 -0.0056 	 0.9230 	 -0.6417 	 -0.7621
3.2766 	 -0.0868 	 0.0167 	 -0.1370 	 0.0227 	 0.0376 	 -0.0132 	 0.9127 	 -0.6410 	 -0.7585
3.2866 	 -0.0866 	 0.0170 	 -0.1372 	 0.0319 	 0.0311 	 -0.0208 	 0.9084 	 -0.6444 	 -0.7547
3.2966 	 -0.0862 	 0.0173 	 -0.1374 	 0.0409 	 0.0247 	 -0.0284 	 0.9077 	 -0.6445 	 -0.7549
3.3066 	 -0.0857 	 0.0175 	 -0.1378 	 0.0500 	 0.0182 	 -0.0359 	 0.9033 	 -0.6482 	 -0.7508
3.3166 	 -0.0852 	 0.0177 	 -0.1382 	 0.0590 	 0.0117 	 -0.0434 	 0.8990 	 -0.6518 	 -0.7470
3.3267 	 -0.0846 	 0.0177 	 -0.1386 	 0.0680 	 0.0051 	 -0.0509 	 0.8971 	 -0.6579 	 -0.7485
3.3367 	 -0.0838 	 0.0178 	 -0.1392 	 0.0770 	 -0.0015 	 -0.0584 	 0.8930 	 -0.6610 	 -0.7448
3.3467 	 -0.0830 	 0.0177 	 -0.1398 	 0.0859 	 -0.0081 	 -0.0658 	 0.8889 	 -0.6639 	 -0.7414
3.3567 	 -0.0821 	 0.0176 	 -0.1405 	 0.0948 	 -0.0148 	 -0.0732 	 0.8822 	 -0.6616 	 -0.7349
3.3667 	 -0.0811 	 0.0174 	 -0.1413 	 0.1036 	 -0.0214 	 -0.0806 	 0.8765 	 -0.6586 	 -0.7280
3.3768 	 -0.0800 	 0.0172 	 -0.1421 	 0.1124 	 -0.0280 	 -0.0878 	 0.8769 	 -0.6628 	 -0.7273
3.3868 	 -0.0789 	 0.0169 	 -0.1430 	 0.1212 	 -0.0347 	 -0.0951 	 0.8714 	 -0.6634 	 -0.7230
3.3968 	 -0.0776 	 0.0165 	 -0.1440 	 0.1298 	 -0.0413 	 -0.1023 	 0.8612 	 -0.6644 	 -0.7145
3.4068 	 -0.0763 	 0.0160 	 -0.1451 	 0.1384 	 -0.0480 	 -0.1095 	 0.8554 	 -0.6651 	 -0.7104
3.4168 	 -0.0748 	 0.0155 	 -0.1462 	 0.1470 	 -0.0547 	 -0.1166 	 0.8495 	 -0.6657 	 -0.7066
3.4269 	 -0.0733 	 0.0149 	 -0.1474 	 0.1555 	 -0.0613 	 -0.1236 	 0.8436 	 -0.6664 	 -0.7031
3.4369 	 -0.0717 	 0.0143 	 -0.1487 	 0.1639 	 -0.0680 	 -0.1307 	 0.8378 	 -0.6672 	 -0.7000
3.4469 	 -0.0700 	 0.0136 	 -0.1500 	 0.1723 	 -0.0747 	 -0.1377 	 0.8347 	 -0.6690 	 -0.7023
3.4569 	 -0.0683 	 0.0128 	 -0.1514 	 0.1806 	 -0.0814 	 -0.1447 	 0.8291 	 -0.6690 	 -0.6991
3.4669 	 -0.0664 	 0.0119 	 -0.1529 	 0.1889 	 -0.0881 	 -0.1517 	 0.8234 	 -0.6733 	 -0.6991
3.4770 	 -0.0645 	 0.0110 	 -0.1545 	 0.1971 	 -0.0949 	 -0.1587 	 0.8127 	 -0.6804 	 -0.6985
3.4870 	 -0.0625 	 0.0100 	 -0.1561 	 0.2052 	 -0.1017 	 -0.1657 	 0.8071 	 -0.6859 	 -0.7020
3.4970 	 -0.0604 	 0.0090 	 -0.1578 	 0.2133 	 -0.1086 	 -0.1727 	 0.7994 	 -0.6888 	 -0.6998
3.5070 	 -0.0582 	 0.0079 	 -0.1596 	 0.2213 	 -0.1155 	 -0.1797 	 0.7939 	 -0.6920 	 -0.7029
3.5170 	 -0.0559 	 0.0067 	 -0.1614 	 0.2292 	 -0.1225 	 -0.1868 	 0.7853 	 -0.6951 	 -0.6997
3.5271 	 -0.0536 	 0.0054 	 -0.1633 	 0.2370 	 -0.1295 	 -0.1938 	 0.7767 	 -0.6982 	 -0.6966
3.5371 	 -0.0512 	 0.0041 	 -0.1653 	 0.2447 	 -0.1365 	 -0.2007 	 0.7680 	 -0.7013 	 -0.6936
3.5471 	 -0.0487 	 0.0027 	 -0.1673 	 0.2524 	 -0.1435 	 -0.2077 	 0.7590 	 -0.7045 	 -0.6907
3.5571 	 -0.0461 	 0.0012 	 -0.1695 	 0.2599 	 -0.1506 	 -0.2146 	 0.7498 	 -0.7078 	 -0.6879
3.5671 	 -0.0435 	 -0.0004 	 -0.1716 	 0.2674 	 -0.1577 	 -0.2214 	 0.7429 	 -0.7047 	 -0.6831
3.5772 	 -0.0408 	 -0.0020 	 -0.1739 	 0.2748 	 -0.1647 	 -0.2283 	 0.7335 	 -0.7071 	 -0.6799
3.5872 	 -0.0380 	 -0.0037 	 -0.1762 	 0.2821 	 -0.1718 	 -0.2351 	 0.7236 	 -0.7095 	 -0.6767
3.5972 	 -0.0351 	 -0.0054 	 -0.1786 	 0.2893 	 -0.1789 	 -0.2418 	 0.7133 	 -0.7119 	 -0.6731
3.6072 	 -0.0322 	 -0.0072 	 -0.1811 	 0.2964 	 -0.1861 	 -0.2486 	 0.7041 	 -0.7174 	 -0.6738
3.6172 	 -0.0292 	 -0.0091 	 -0.1836 	 0.3034 	 -0.1933 	 -0.2553 	 0.6928 	 -0.7194 	 -0.6686
3.6273 	 -0.0261 	 -0.0111 	 -0.1862 	 0.3103 	 -0.2005 	 -0.2620 	 0.6813 	 -0.7214 	 -0.6627
3.6373 	 -0.0230 	 -0.0132 	 -0.1888 	 0.3171 	 -0.2078 	 -0.2686 	 0.6701 	 -0.7233 	 -0.6623
3.6473 	 -0.0198 	 -0.0153 	 -0.1916 	 0.3237 	 -0.2150 	 -0.2752 	 0.6582 	 -0.7254 	 -0.6541
3.6573 	 -0.0165 	 -0.0175 	 -0.1943 	 0.3303 	 -0.2223 	 -0.2817 	 0.6462 	 -0.7279 	 -0.6450
3.6673 	 -0.0131 	 -0.0197 	 -0.1972 	 0.3367 	 -0.2296 	 -0.2881 	 0.6330 	 -0.7292 	 -0.6285
3.6774 	 -0.0097 	 -0.0221 	 -0.2001 	 0.3430 	 -0.2369 	 -0.2943 	 0.6206 	 -0.7322 	 -0.6169
3.6874 	 -0.0063 	 -0.0245 	 -0.2031 	 0.3491 	 -0.2443 	 -0.3004 	 0.6101 	 -0.7379 	 -0.6092
3.6974 	 -0.0027 	 -0.0270 	 -0.2061 	 0.3552 	 -0.2517 	 -0.3065 	 0.5959 	 -0.7408 	 -0.5939
3.7074 	 0.0009 	 -0.0295 	 -0.2092 	 0.3611 	 -0.2591 	 -0.3124 	 0.5814 	 -0.7426 	 -0.5841
3.7174 	 0.0045 	 -0.0322 	 -0.2124 	 0.3668 	 -0.2666 	 -0.3182 	 0.5645 	 -0.7454 	 -0.5660
3.7275 	 0.0082 	 -0.0349 	 -0.2156 	 0.3724 	 -0.2741 	 -0.3237 	 0.5452 	 -0.7480 	 -0.5451
3.7375 	 0.0120 	 -0.0377 	 -0.2189 	 0.3778 	 -0.2816 	 -0.3291 	 0.5253 	 -0.7494 	 -0.5252
3.7475 	 0.0158 	 -0.0405 	 -0.2222 	 0.3829 	 -0.2891 	 -0.3342 	 0.4982 	 -0.7485 	 -0.4950
3.7575 	 0.0196 	 -0.0434 	 -0.2256 	 0.3877 	 -0.2966 	 -0.3390 	 0.4689 	 -0.7468 	 -0.4620
3.7675 	 0.0235 	 -0.0465 	 -0.2290 	 0.3923 	 -0.3040 	 -0.3435 	 0.4356 	 -0.7324 	 -0.4281
3.7776 	 0.0275 	 -0.0495 	 -0.2325 	 0.3964 	 -0.3113 	 -0.3476 	 0.3954 	 -0.7173 	 -0.3951
3.7876 	 0.0315 	 -0.0527 	 -0.2360 	 0.4002 	 -0.3183 	 -0.3514 	 0.3569 	 -0.6882 	 -0.3721
3.7976 	 0.0355 	 -0.0559 	 -0.2395 	 0.4036 	 -0.3251 	 -0.3550 	 0.3159 	 -0.6488 	 -0.3413
3.8076 	 0.0396 	 -0.0592 	 -0.2431 	 0.4065 	 -0.3313 	 -0.3583 	 0.2789 	 -0.6065 	 -0.3200
3.8176 	 0.0437 	 -0.0626 	 -0.2467 	 0.4092 	 -0.3372 	 -0.3614 	 0.2443 	 -0.5671 	 -0.3096
3.8277 	 0.0478 	 -0.0660 	 -0.2503 	 0.4114 	 -0.3427 	 -0.3644 	 0.2073 	 -0.5315 	 -0.2920
3.8377 	 0.0519 	 -0.0694 	 -0.2540 	 0.4133 	 -0.3479 	 -0.3673 	 0.1683 	 -0.4983 	 -0.2780
3.8477 	 0.0560 	 -0.0729 	 -0.2577 	 0.4148 	 -0.3527 	 -0.3700 	 0.1242 	 -0.4607 	 -0.2540
3.8577 	 0.0602 	 -0.0765 	 -0.2614 	 0.4158 	 -0.3571 	 -0.3724 	 0.0743 	 -0.4173 	 -0.2259
3.8677 	 0.0644 	 -0.0801 	 -0.2651 	 0.4162 	 -0.3610 	 -0.3745 	 0.0167 	 -0.3643 	 -0.1963
3.8778 	 0.0685 	 -0.0837 	 -0.2689 	 0.4161 	 -0.3644 	 -0.3763 	 -0.0430 	 -0.3038 	 -0.1709
3.8878 	 0.0727 	 -0.0874 	 -0.2727 	 0.4153 	 -0.3671 	 -0.3779 	 -0.1184 	 -0.2327 	 -0.1487
3.8978 	 0.0769 	 -0.0911 	 -0.2765 	 0.4137 	 -0.3690 	 -0.3793 	 -0.2000 	 -0.1431 	 -0.1274
3.9078 	 0.0810 	 -0.0948 	 -0.2803 	 0.4115 	 -0.3700 	 -0.3806 	 -0.2537 	 -0.0572 	 -0.1176
3.9178 	 0.0851 	 -0.0985 	 -0.2841 	 0.4086 	 -0.3702 	 -0.3817 	 -0.3125 	 0.0137 	 -0.1046
3.9279 	 0.0892 	 -0.1022 	 -0.2879 	 0.4052 	 -0.3698 	 -0.3828 	 -0.3698 	 0.0664 	 -0.1059
3.9379 	 0.0932 	 -0.1059 	 -0.2918 	 0.4012 	 -0.3689 	 -0.3838 	 -0.4233 	 0.1196 	 -0.0948
3.9479 	 0.0972 	 -0.1096 	 -0.2956 	 0.3967 	 -0.3674 	 -0.3846 	 -0.4761 	 0.1634 	 -0.0769
3.9579 	 0.1012 	 -0.1132 	 -0.2995 	 0.3917 	 -0.3656 	 -0.3853 	 -0.5276 	 0.2076 	 -0.0525
3.9679 	 0.1051 	 -0.1169 	 -0.3033 	 0.3862 	 -0.3633 	 -0.3857 	 -0.5754 	 0.2531 	 -0.0219
3.9780 	 0.1089 	 -0.1205 	 -0.3072 	 0.3802 	 -0.3605 	 -0.3857 	 -0.6158 	 0.2979 	 0.0123
3.9880 	 0.1127 	 -0.1241 	 -0.3111 	 0.3739 	 -0.3573 	 -0.3854 	 -0.6478 	 0.3380 	 0.0397
3.9980 	 0.1164 	 -0.1277 	 -0.3149 	 0.3673 	 -0.3537 	 -0.3849 	 -0.6683 	 0.3762 	 0.0665
4.0080 	 0.1200 	 -0.1312 	 -0.3188 	 0.3605 	 -0.3498 	 -0.3841 	 -0.6899 	 0.4178 	 0.1025
4.0180 	 0.1236 	 -0.1347 	 -0.3226 	 0.3535 	 -0.3454 	 -0.3829 	 -0.7082 	 0.4505 	 0.1311
4.0281 	 0.1271 	 -0.1381 	 -0.3264 	 0.3463 	 -0.3408 	 -0.3815 	 -0.7216 	 0.4801 	 0.1587
4.0381 	 0.1306 	 -0.1415 	 -0.3303 	 0.3390 	 -0.3358 	 -0.3797 	 -0.7312 	 0.5053 	 0.1831
4.0481 	 0.1339 	 -0.1448 	 -0.3341 	 0.3316 	 -0.3306 	 -0.3778 	 -0.7383 	 0.5325 	 0.1991
4.0581 	 0.1372 	 -0.1481 	 -0.3378 	 0.3242 	 -0.3252 	 -0.3757 	 -0.7467 	 0.5523 	 0.2165
4.0681 	 0.1404 	 -0.1514 	 -0.3416 	 0.3167 	 -0.3195 	 -0.3735 	 -0.7522 	 0.5698 	 0.2261
4.0782 	 0.1435 	 -0.1545 	 -0.3453 	 0.3091 	 -0.3137 	 -0.3713 	 -0.7626 	 0.5862 	 0.2341
4.0882 	 0.1466 	 -0.1576 	 -0.3490 	 0.3014 	 -0.3078 	 -0.3688 	 -0.7723 	 0.6018 	 0.2482
4.0982 	 0.1496 	 -0.1607 	 -0.3527 	 0.2936 	 -0.3017 	 -0.3662 	 -0.7817 	 0.6172 	 0.2687
4.1082 	 0.1525 	 -0.1637 	 -0.3564 	 0.2858 	 -0.2954 	 -0.3635 	 -0.7922 	 0.6315 	 0.2831
4.1182 	 0.1553 	 -0.1666 	 -0.3600 	 0.2777 	 -0.2890 	 -0.3606 	 -0.8070 	 0.6467 	 0.2942
4.1283 	 0.1581 	 -0.1695 	 -0.3636 	 0.2696 	 -0.2825 	 -0.3576 	 -0.8169 	 0.6603 	 0.3098
4.1383 	 0.1607 	 -0.1723 	 -0.3672 	 0.2614 	 -0.2758 	 -0.3544 	 -0.8266 	 0.6741 	 0.3259
4.1483 	 0.1633 	 -0.1750 	 -0.3707 	 0.2530 	 -0.2690 	 -0.3510 	 -0.8357 	 0.6883 	 0.3425
4.1583 	 0.1658 	 -0.1777 	 -0.3742 	 0.2446 	 -0.2620 	 -0.3475 	 -0.8440 	 0.7026 	 0.3597
4.1683 	 0.1682 	 -0.1803 	 -0.3776 	 0.2361 	 -0.2549 	 -0.3438 	 -0.8510 	 0.7169 	 0.3776
4.1784 	 0.1705 	 -0.1828 	 -0.3811 	 0.2276 	 -0.2476 	 -0.3399 	 -0.8564 	 0.7307 	 0.3960
4.1884 	 0.1728 	 -0.1852 	 -0.3845 	 0.2190 	 -0.2402 	 -0.3359 	 -0.8549 	 0.7436 	 0.4110
4.1984 	 0.1749 	 -0.1876 	 -0.3878 	 0.2104 	 -0.2327 	 -0.3317 	 -0.8564 	 0.7558 	 0.4288
4.2084 	 0.1770 	 -0.1899 	 -0.3911 	 0.2018 	 -0.2251 	 -0.3273 	 -0.8568 	 0.7670 	 0.4467
4.2184 	 0.1789 	 -0.1921 	 -0.3944 	 0.1932 	 -0.2174 	 -0.3227 	 -0.8565 	 0.7772 	 0.4647
4.2285 	 0.1808 	 -0.1942 	 -0.3976 	 0.1847 	 -0.2095 	 -0.3180 	 -0.8553 	 0.7864 	 0.4827
4.2385 	 0.1827 	 -0.1963 	 -0.4007 	 0.1761 	 -0.2016 	 -0.3131 	 -0.8494 	 0.7885 	 0.4988
4.2485 	 0.1844 	 -0.1983 	 -0.4038 	 0.1676 	 -0.1937 	 -0.3080 	 -0.8462 	 0.7946 	 0.5162
4.2585 	 0.1860 	 -0.2002 	 -0.4069 	 0.1592 	 -0.1857 	 -0.3027 	 -0.8426 	 0.8000 	 0.5334
4.2685 	 0.1876 	 -0.2020 	 -0.4099 	 0.1507 	 -0.1777 	 -0.2973 	 -0.8405 	 0.8060 	 0.5443
4.2786 	 0.1890 	 -0.2037 	 -0.4129 	 0.1423 	 -0.1696 	 -0.2918 	 -0.8363 	 0.8101 	 0.5608
4.2886 	 0.1904 	 -0.2054 	 -0.4158 	 0.1340 	 -0.1615 	 -0.2861 	 -0.8323 	 0.8092 	 0.5718
4.2986 	 0.1917 	 -0.2070 	 -0.4186 	 0.1257 	 -0.1533 	 -0.2802 	 -0.8292 	 0.8121 	 0.5922
4.3086 	 0.1929 	 -0.2085 	 -0.4214 	 0.1174 	 -0.1452 	 -0.2742 	 -0.8243 	 0.8138 	 0.6061
4.3186 	 0.1941 	 -0.2099 	 -0.4241 	 0.1091 	 -0.1370 	 -0.2681 	 -0.8194 	 0.8150 	 0.6196
4.3287 	 0.1951 	 -0.2112 	 -0.4267 	 0.1009 	 -0.1289 	 -0.2618 	 -0.8145 	 0.8160 	 0.6327
4.3387 	 0.1961 	 -0.2125 	 -0.4293 	 0.0928 	 -0.1207 	 -0.2554 	 -0.8094 	 0.8166 	 0.6455
4.3487 	 0.1970 	 -0.2136 	 -0.4319 	 0.0847 	 -0.1125 	 -0.2489 	 -0.8021 	 0.8138 	 0.6526
4.3587 	 0.1978 	 -0.2147 	 -0.4343 	 0.0767 	 -0.1043 	 -0.2423 	 -0.7968 	 0.8135 	 0.6644
4.3687 	 0.1985 	 -0.2157 	 -0.4367 	 0.0688 	 -0.0962 	 -0.2356 	 -0.7914 	 0.8130 	 0.6760
4.3788 	 0.1992 	 -0.2167 	 -0.4390 	 0.0609 	 -0.0881 	 -0.2287 	 -0.7859 	 0.8123 	 0.6874
4.3888 	 0.1997 	 -0.2175 	 -0.4413 	 0.0530 	 -0.0799 	 -0.2218 	 -0.7804 	 0.8113 	 0.6986
4.3988 	 0.2002 	 -0.2183 	 -0.4435 	 0.0452 	 -0.0718 	 -0.2148 	 -0.7726 	 0.8074 	 0.7040
4.4088 	 0.2006 	 -0.2189 	 -0.4456 	 0.0375 	 -0.0637 	 -0.2076 	 -0.7667 	 0.8056 	 0.7141
4.4188 	 0.2010 	 -0.2195 	 -0.4476 	 0.0299 	 -0.0557 	 -0.2005 	 -0.7578 	 0.8027 	 0.7171
4.4289 	 0.2012 	 -0.2200 	 -0.4496 	 0.0223 	 -0.0476 	 -0.1933 	 -0.7514 	 0.8004 	 0.7256
4.4389 	 0.2014 	 -0.2205 	 -0.4515 	 0.0149 	 -0.0397 	 -0.1860 	 -0.7409 	 0.7909 	 0.7233
4.4489 	 0.2015 	 -0.2208 	 -0.4533 	 0.0075 	 -0.0318 	 -0.1788 	 -0.7349 	 0.7819 	 0.7279
4.4589 	 0.2016 	 -0.2211 	 -0.4551 	 0.0001 	 -0.0240 	 -0.1714 	 -0.7288 	 0.7778 	 0.7349
4.4689 	 0.2015 	 -0.2213 	 -0.4568 	 -0.0071 	 -0.0162 	 -0.1640 	 -0.7228 	 0.7738 	 0.7420
4.4790 	 0.2014 	 -0.2214 	 -0.4584 	 -0.0144 	 -0.0085 	 -0.1566 	 -0.7168 	 0.7699 	 0.7492
4.4890 	 0.2013 	 -0.2215 	 -0.4599 	 -0.0215 	 -0.0008 	 -0.1490 	 -0.7109 	 0.7661 	 0.7565
4.4990 	 0.2010 	 -0.2215 	 -0.4614 	 -0.0286 	 0.0069 	 -0.1414 	 -0.7050 	 0.7624 	 0.7640
4.5090 	 0.2007 	 -0.2214 	 -0.4628 	 -0.0356 	 0.0145 	 -0.1337 	 -0.6969 	 0.7563 	 0.7769
4.5190 	 0.2003 	 -0.2212 	 -0.4641 	 -0.0426 	 0.0221 	 -0.1259 	 -0.6911 	 0.7532 	 0.7841
4.5291 	 0.1998 	 -0.2209 	 -0.4653 	 -0.0495 	 0.0296 	 -0.1180 	 -0.6853 	 0.7502 	 0.7914
4.5391 	 0.1993 	 -0.2206 	 -0.4664 	 -0.0563 	 0.0371 	 -0.1100 	 -0.6819 	 0.7493 	 0.8033
4.5491 	 0.1987 	 -0.2202 	 -0.4675 	 -0.0631 	 0.0446 	 -0.1019 	 -0.6753 	 0.7462 	 0.8099
4.5591 	 0.1980 	 -0.2197 	 -0.4685 	 -0.0699 	 0.0521 	 -0.0937 	 -0.6686 	 0.7433 	 0.8165
4.5691 	 0.1973 	 -0.2191 	 -0.4694 	 -0.0765 	 0.0595 	 -0.0855 	 -0.6618 	 0.7405 	 0.8231
4.5792 	 0.1965 	 -0.2185 	 -0.4702 	 -0.0831 	 0.0669 	 -0.0773 	 -0.6549 	 0.7379 	 0.8297
4.5892 	 0.1956 	 -0.2178 	 -0.4709 	 -0.0897 	 0.0743 	 -0.0689 	 -0.6499 	 0.7378 	 0.8413
4.5992 	 0.1947 	 -0.2170 	 -0.4716 	 -0.0962 	 0.0817 	 -0.0604 	 -0.6424 	 0.7352 	 0.8474
4.6092 	 0.1937 	 -0.2162 	 -0.4721 	 -0.1026 	 0.0890 	 -0.0519 	 -0.6365 	 0.7270 	 0.8491
4.6192 	 0.1927 	 -0.2152 	 -0.4726 	 -0.1089 	 0.0963 	 -0.0434 	 -0.6257 	 0.7280 	 0.8523
4.6293 	 0.1915 	 -0.2142 	 -0.4730 	 -0.1151 	 0.1036 	 -0.0348 	 -0.6190 	 0.7246 	 0.8586
4.6393 	 0.1903 	 -0.2131 	 -0.4733 	 -0.1213 	 0.1109 	 -0.0261 	 -0.6163 	 0.7297 	 0.8727
4.6493 	 0.1891 	 -0.2120 	 -0.4735 	 -0.1275 	 0.1182 	 -0.0174 	 -0.6093 	 0.7264 	 0.8790
4.6593 	 0.1878 	 -0.2108 	 -0.4736 	 -0.1335 	 0.1255 	 -0.0085 	 -0.6024 	 0.7233 	 0.8855
4.6693 	 0.1864 	 -0.2095 	 -0.4737 	 -0.1395 	 0.1327 	 0.0004 	 -0.5954 	 0.7204 	 0.8923
4.6794 	 0.1850 	 -0.2081 	 -0.4736 	 -0.1455 	 0.1399 	 0.0093 	 -0.5902 	 0.7143 	 0.8866
4.6894 	 0.1835 	 -0.2067 	 -0.4735 	 -0.1514 	 0.1470 	 0.0183 	 -0.5851 	 0.7118 	 0.8909
4.6994 	 0.1820 	 -0.2052 	 -0.4733 	 -0.1572 	 0.1542 	 0.0272 	 -0.5788 	 0.7079 	 0.8892
4.7094 	 0.1804 	 -0.2036 	 -0.4729 	 -0.1630 	 0.1612 	 0.0361 	 -0.5732 	 0.7078 	 0.8990
4.7194 	 0.1787 	 -0.2019 	 -0.4725 	 -0.1687 	 0.1683 	 0.0452 	 -0.5654 	 0.7045 	 0.9100
4.7295 	 0.1770 	 -0.2002 	 -0.4720 	 -0.1743 	 0.1754 	 0.0543 	 -0.5572 	 0.7012 	 0.9152
4.7395 	 0.1752 	 -0.1984 	 -0.4714 	 -0.1798 	 0.1824 	 0.0635 	 -0.5488 	 0.6979 	 0.9209
4.7495 	 0.1734 	 -0.1966 	 -0.4708 	 -0.1853 	 0.1894 	 0.0728 	 -0.5428 	 0.6955 	 0.9263
4.7595 	 0.1715 	 -0.1946 	 -0.4700 	 -0.1907 	 0.1963 	 0.0821 	 -0.5322 	 0.6897 	 0.9265
4.7695 	 0.1696 	 -0.1926 	 -0.4691 	 -0.1960 	 0.2032 	 0.0914 	 -0.5227 	 0.6861 	 0.9323
4.7796 	 0.1676 	 -0.1906 	 -0.4682 	 -0.2012 	 0.2101 	 0.1008 	 -0.5133 	 0.6863 	 0.9434
4.7896 	 0.1655 	 -0.1884 	 -0.4671 	 -0.2063 	 0.2169 	 0.1103 	 -0.5043 	 0.6834 	 0.9536
4.7996 	 0.1634 	 -0.1862 	 -0.4659 	 -0.2113 	 0.2238 	 0.1199 	 -0.4930 	 0.6787 	 0.9581
4.8096 	 0.1613 	 -0.1839 	 -0.4647 	 -0.2162 	 0.2305 	 0.1295 	 -0.4811 	 0.6737 	 0.9628
4.8196 	 0.1591 	 -0.1816 	 -0.4634 	 -0.2209 	 0.2373 	 0.1392 	 -0.4685 	 0.6687 	 0.9677
4.8297 	 0.1569 	 -0.1792 	 -0.4619 	 -0.2255 	 0.2439 	 0.1489 	 -0.4552 	 0.6634 	 0.9727
4.8397 	 0.1546 	 -0.1767 	 -0.4604 	 -0.2300 	 0.2506 	 0.1587 	 -0.4410 	 0.6579 	 0.9778
4.8497 	 0.1523 	 -0.1742 	 -0.4587 	 -0.2344 	 0.2571 	 0.1684 	 -0.4330 	 0.6466 	 0.9746
4.8597 	 0.1499 	 -0.1716 	 -0.4570 	 -0.2387 	 0.2636 	 0.1783 	 -0.4156 	 0.6453 	 0.9824
4.8697 	 0.1475 	 -0.1689 	 -0.4552 	 -0.2428 	 0.2700 	 0.1881 	 -0.3981 	 0.6373 	 0.9873
4.8798 	 0.1450 	 -0.1661 	 -0.4532 	 -0.2467 	 0.2763 	 0.1980 	 -0.3795 	 0.6284 	 0.9920
4.8898 	 0.1425 	 -0.1633 	 -0.4512 	 -0.2504 	 0.2826 	 0.2080 	 -0.3602 	 0.6170 	 0.9974
4.8998 	 0.1400 	 -0.1605 	 -0.4491 	 -0.2539 	 0.2887 	 0.2181 	 -0.3390 	 0.6057 	 1.0027
4.9098 	 0.1374 	 -0.1576 	 -0.4468 	 -0.2572 	 0.2947 	 0.2282 	 -0.3180 	 0.5936 	 1.0129
4.9198 	 0.1349 	 -0.1546 	 -0.4445 	 -0.2602 	 0.3006 	 0.2384 	 -0.2946 	 0.5786 	 1.0174
4.9299 	 0.1322 	 -0.1515 	 -0.4420 	 -0.2631 	 0.3063 	 0.2486 	 -0.2705 	 0.5621 	 1.0225
4.9399 	 0.1296 	 -0.1484 	 -0.4395 	 -0.2656 	 0.3120 	 0.2589 	 -0.2456 	 0.5558 	 1.0371
4.9499 	 0.1269 	 -0.1453 	 -0.4368 	 -0.2680 	 0.3174 	 0.2693 	 -0.2190 	 0.5366 	 1.0416
4.9599 	 0.1242 	 -0.1421 	 -0.4341 	 -0.2700 	 0.3227 	 0.2798 	 -0.1907 	 0.5160 	 1.0458
4.9699 	 0.1215 	 -0.1388 	 -0.4312 	 -0.2718 	 0.3278 	 0.2903 	 -0.1589 	 0.4884 	 1.0519
4.9800 	 0.1188 	 -0.1355 	 -0.4283 	 -0.2732 	 0.3325 	 0.3008 	 -0.1246 	 0.4637 	 1.0519
4.9900 	 0.1160 	 -0.1322 	 -0.4252 	 -0.2743 	 0.3370 	 0.3113 	 -0.0873 	 0.4350 	 1.0458
