100-Body Run with i = 8 th particle. (Units in pc,M_solar,Myr, km s-1) 

time		 x 		 y 		 z 		 xdot 		 ydot 		 zdot 		 xddot 		 yddot 		 zddot
0.0000 	 -1.1413 	 -1.1766 	 1.1621 	 0.0158 	 0.0398 	 0.0213 	 0.0530 	 0.0485 	 -0.0530
0.0100 	 -1.1412 	 -1.1762 	 1.1624 	 0.0163 	 0.0403 	 0.0207 	 0.0530 	 0.0485 	 -0.0530
0.0200 	 -1.1410 	 -1.1758 	 1.1626 	 0.0169 	 0.0408 	 0.0202 	 0.0531 	 0.0485 	 -0.0530
0.0301 	 -1.1408 	 -1.1754 	 1.1628 	 0.0174 	 0.0413 	 0.0197 	 0.0531 	 0.0485 	 -0.0530
0.0401 	 -1.1406 	 -1.1749 	 1.1630 	 0.0179 	 0.0418 	 0.0191 	 0.0531 	 0.0485 	 -0.0531
0.0501 	 -1.1405 	 -1.1745 	 1.1631 	 0.0185 	 0.0423 	 0.0186 	 0.0531 	 0.0485 	 -0.0531
0.0601 	 -1.1403 	 -1.1741 	 1.1633 	 0.0190 	 0.0428 	 0.0181 	 0.0531 	 0.0485 	 -0.0531
0.0701 	 -1.1401 	 -1.1737 	 1.1635 	 0.0195 	 0.0432 	 0.0175 	 0.0531 	 0.0485 	 -0.0531
0.0802 	 -1.1399 	 -1.1732 	 1.1637 	 0.0201 	 0.0437 	 0.0170 	 0.0531 	 0.0485 	 -0.0532
0.0902 	 -1.1397 	 -1.1728 	 1.1638 	 0.0206 	 0.0442 	 0.0165 	 0.0531 	 0.0485 	 -0.0532
0.1002 	 -1.1395 	 -1.1723 	 1.1640 	 0.0211 	 0.0447 	 0.0159 	 0.0531 	 0.0485 	 -0.0532
0.1102 	 -1.1392 	 -1.1719 	 1.1642 	 0.0217 	 0.0452 	 0.0154 	 0.0531 	 0.0485 	 -0.0532
0.1202 	 -1.1390 	 -1.1714 	 1.1643 	 0.0222 	 0.0457 	 0.0149 	 0.0531 	 0.0485 	 -0.0533
0.1303 	 -1.1388 	 -1.1710 	 1.1645 	 0.0227 	 0.0462 	 0.0143 	 0.0531 	 0.0485 	 -0.0533
0.1403 	 -1.1386 	 -1.1705 	 1.1646 	 0.0233 	 0.0466 	 0.0138 	 0.0531 	 0.0485 	 -0.0533
0.1503 	 -1.1383 	 -1.1700 	 1.1647 	 0.0238 	 0.0471 	 0.0133 	 0.0532 	 0.0485 	 -0.0534
0.1603 	 -1.1381 	 -1.1696 	 1.1649 	 0.0243 	 0.0476 	 0.0127 	 0.0532 	 0.0485 	 -0.0534
0.1703 	 -1.1379 	 -1.1691 	 1.1650 	 0.0249 	 0.0481 	 0.0122 	 0.0532 	 0.0485 	 -0.0534
0.1804 	 -1.1376 	 -1.1686 	 1.1651 	 0.0254 	 0.0486 	 0.0117 	 0.0532 	 0.0485 	 -0.0535
0.1904 	 -1.1373 	 -1.1681 	 1.1652 	 0.0259 	 0.0491 	 0.0111 	 0.0532 	 0.0485 	 -0.0535
0.2004 	 -1.1371 	 -1.1676 	 1.1653 	 0.0265 	 0.0496 	 0.0106 	 0.0532 	 0.0485 	 -0.0535
0.2104 	 -1.1368 	 -1.1671 	 1.1654 	 0.0270 	 0.0500 	 0.0100 	 0.0532 	 0.0485 	 -0.0536
0.2204 	 -1.1365 	 -1.1666 	 1.1655 	 0.0275 	 0.0505 	 0.0095 	 0.0532 	 0.0485 	 -0.0536
0.2305 	 -1.1363 	 -1.1661 	 1.1656 	 0.0281 	 0.0510 	 0.0090 	 0.0533 	 0.0485 	 -0.0536
0.2405 	 -1.1360 	 -1.1656 	 1.1657 	 0.0286 	 0.0515 	 0.0084 	 0.0533 	 0.0485 	 -0.0537
0.2505 	 -1.1357 	 -1.1651 	 1.1658 	 0.0291 	 0.0520 	 0.0079 	 0.0533 	 0.0485 	 -0.0537
0.2605 	 -1.1354 	 -1.1646 	 1.1659 	 0.0297 	 0.0525 	 0.0074 	 0.0533 	 0.0485 	 -0.0538
0.2705 	 -1.1351 	 -1.1640 	 1.1659 	 0.0302 	 0.0530 	 0.0068 	 0.0533 	 0.0485 	 -0.0538
0.2806 	 -1.1348 	 -1.1635 	 1.1660 	 0.0307 	 0.0534 	 0.0063 	 0.0533 	 0.0485 	 -0.0538
0.2906 	 -1.1345 	 -1.1630 	 1.1661 	 0.0313 	 0.0539 	 0.0057 	 0.0533 	 0.0485 	 -0.0539
0.3006 	 -1.1342 	 -1.1624 	 1.1661 	 0.0318 	 0.0544 	 0.0052 	 0.0534 	 0.0485 	 -0.0539
0.3106 	 -1.1338 	 -1.1619 	 1.1662 	 0.0323 	 0.0549 	 0.0047 	 0.0534 	 0.0485 	 -0.0540
0.3206 	 -1.1335 	 -1.1613 	 1.1662 	 0.0329 	 0.0554 	 0.0041 	 0.0534 	 0.0485 	 -0.0540
0.3307 	 -1.1332 	 -1.1608 	 1.1663 	 0.0334 	 0.0559 	 0.0036 	 0.0534 	 0.0485 	 -0.0540
0.3407 	 -1.1328 	 -1.1602 	 1.1663 	 0.0339 	 0.0564 	 0.0030 	 0.0534 	 0.0485 	 -0.0541
0.3507 	 -1.1325 	 -1.1596 	 1.1663 	 0.0345 	 0.0569 	 0.0025 	 0.0534 	 0.0485 	 -0.0541
0.3607 	 -1.1322 	 -1.1591 	 1.1663 	 0.0350 	 0.0573 	 0.0020 	 0.0535 	 0.0486 	 -0.0542
0.3707 	 -1.1318 	 -1.1585 	 1.1664 	 0.0355 	 0.0578 	 0.0014 	 0.0535 	 0.0486 	 -0.0542
0.3808 	 -1.1314 	 -1.1579 	 1.1664 	 0.0361 	 0.0583 	 0.0009 	 0.0535 	 0.0486 	 -0.0543
0.3908 	 -1.1311 	 -1.1573 	 1.1664 	 0.0366 	 0.0588 	 0.0003 	 0.0535 	 0.0486 	 -0.0543
0.4008 	 -1.1307 	 -1.1567 	 1.1664 	 0.0372 	 0.0593 	 -0.0002 	 0.0535 	 0.0486 	 -0.0544
0.4108 	 -1.1303 	 -1.1561 	 1.1664 	 0.0377 	 0.0598 	 -0.0008 	 0.0535 	 0.0486 	 -0.0544
0.4208 	 -1.1300 	 -1.1555 	 1.1664 	 0.0382 	 0.0603 	 -0.0013 	 0.0536 	 0.0486 	 -0.0545
0.4309 	 -1.1296 	 -1.1549 	 1.1663 	 0.0388 	 0.0607 	 -0.0019 	 0.0536 	 0.0486 	 -0.0545
0.4409 	 -1.1292 	 -1.1543 	 1.1663 	 0.0393 	 0.0612 	 -0.0024 	 0.0536 	 0.0486 	 -0.0546
0.4509 	 -1.1288 	 -1.1537 	 1.1663 	 0.0398 	 0.0617 	 -0.0030 	 0.0536 	 0.0486 	 -0.0546
0.4609 	 -1.1284 	 -1.1531 	 1.1663 	 0.0404 	 0.0622 	 -0.0035 	 0.0536 	 0.0486 	 -0.0547
0.4709 	 -1.1280 	 -1.1524 	 1.1662 	 0.0409 	 0.0627 	 -0.0040 	 0.0537 	 0.0486 	 -0.0547
0.4810 	 -1.1276 	 -1.1518 	 1.1662 	 0.0414 	 0.0632 	 -0.0046 	 0.0537 	 0.0486 	 -0.0548
0.4910 	 -1.1271 	 -1.1512 	 1.1661 	 0.0420 	 0.0637 	 -0.0051 	 0.0537 	 0.0486 	 -0.0548
0.5010 	 -1.1267 	 -1.1505 	 1.1661 	 0.0425 	 0.0642 	 -0.0057 	 0.0537 	 0.0486 	 -0.0549
0.5110 	 -1.1263 	 -1.1499 	 1.1660 	 0.0431 	 0.0646 	 -0.0062 	 0.0538 	 0.0486 	 -0.0550
0.5210 	 -1.1259 	 -1.1492 	 1.1660 	 0.0436 	 0.0651 	 -0.0068 	 0.0538 	 0.0487 	 -0.0550
0.5311 	 -1.1254 	 -1.1486 	 1.1659 	 0.0441 	 0.0656 	 -0.0073 	 0.0538 	 0.0487 	 -0.0551
0.5411 	 -1.1250 	 -1.1479 	 1.1658 	 0.0447 	 0.0661 	 -0.0079 	 0.0538 	 0.0487 	 -0.0551
0.5511 	 -1.1245 	 -1.1473 	 1.1657 	 0.0452 	 0.0666 	 -0.0085 	 0.0538 	 0.0487 	 -0.0552
0.5611 	 -1.1241 	 -1.1466 	 1.1656 	 0.0458 	 0.0671 	 -0.0090 	 0.0539 	 0.0487 	 -0.0553
0.5711 	 -1.1236 	 -1.1459 	 1.1655 	 0.0463 	 0.0676 	 -0.0096 	 0.0539 	 0.0487 	 -0.0553
0.5812 	 -1.1231 	 -1.1452 	 1.1654 	 0.0468 	 0.0681 	 -0.0101 	 0.0539 	 0.0487 	 -0.0554
0.5912 	 -1.1227 	 -1.1445 	 1.1653 	 0.0474 	 0.0685 	 -0.0107 	 0.0539 	 0.0487 	 -0.0554
0.6012 	 -1.1222 	 -1.1439 	 1.1652 	 0.0479 	 0.0690 	 -0.0112 	 0.0540 	 0.0487 	 -0.0555
0.6112 	 -1.1217 	 -1.1432 	 1.1651 	 0.0485 	 0.0695 	 -0.0118 	 0.0540 	 0.0487 	 -0.0556
0.6212 	 -1.1212 	 -1.1425 	 1.1650 	 0.0490 	 0.0700 	 -0.0123 	 0.0540 	 0.0487 	 -0.0556
0.6313 	 -1.1207 	 -1.1418 	 1.1649 	 0.0495 	 0.0705 	 -0.0129 	 0.0540 	 0.0487 	 -0.0557
0.6413 	 -1.1202 	 -1.1411 	 1.1647 	 0.0501 	 0.0710 	 -0.0135 	 0.0541 	 0.0488 	 -0.0558
0.6513 	 -1.1197 	 -1.1403 	 1.1646 	 0.0506 	 0.0715 	 -0.0140 	 0.0541 	 0.0488 	 -0.0558
0.6613 	 -1.1192 	 -1.1396 	 1.1645 	 0.0512 	 0.0720 	 -0.0146 	 0.0541 	 0.0488 	 -0.0559
0.6713 	 -1.1187 	 -1.1389 	 1.1643 	 0.0517 	 0.0724 	 -0.0151 	 0.0541 	 0.0488 	 -0.0560
0.6814 	 -1.1182 	 -1.1382 	 1.1642 	 0.0523 	 0.0729 	 -0.0157 	 0.0542 	 0.0488 	 -0.0560
0.6914 	 -1.1176 	 -1.1374 	 1.1640 	 0.0528 	 0.0734 	 -0.0163 	 0.0542 	 0.0488 	 -0.0561
0.7014 	 -1.1171 	 -1.1367 	 1.1638 	 0.0533 	 0.0739 	 -0.0168 	 0.0542 	 0.0488 	 -0.0562
0.7114 	 -1.1166 	 -1.1360 	 1.1637 	 0.0539 	 0.0744 	 -0.0174 	 0.0543 	 0.0488 	 -0.0562
0.7214 	 -1.1160 	 -1.1352 	 1.1635 	 0.0544 	 0.0749 	 -0.0179 	 0.0543 	 0.0488 	 -0.0563
0.7315 	 -1.1155 	 -1.1345 	 1.1633 	 0.0550 	 0.0754 	 -0.0185 	 0.0543 	 0.0488 	 -0.0564
0.7415 	 -1.1149 	 -1.1337 	 1.1631 	 0.0555 	 0.0759 	 -0.0191 	 0.0543 	 0.0488 	 -0.0565
0.7515 	 -1.1144 	 -1.1329 	 1.1629 	 0.0561 	 0.0764 	 -0.0196 	 0.0544 	 0.0489 	 -0.0565
0.7615 	 -1.1138 	 -1.1322 	 1.1627 	 0.0566 	 0.0769 	 -0.0202 	 0.0544 	 0.0489 	 -0.0566
0.7715 	 -1.1132 	 -1.1314 	 1.1625 	 0.0571 	 0.0773 	 -0.0208 	 0.0544 	 0.0489 	 -0.0567
0.7816 	 -1.1127 	 -1.1306 	 1.1623 	 0.0577 	 0.0778 	 -0.0213 	 0.0545 	 0.0489 	 -0.0568
0.7916 	 -1.1121 	 -1.1298 	 1.1621 	 0.0582 	 0.0783 	 -0.0219 	 0.0545 	 0.0489 	 -0.0568
0.8016 	 -1.1115 	 -1.1290 	 1.1619 	 0.0588 	 0.0788 	 -0.0225 	 0.0545 	 0.0489 	 -0.0569
0.8116 	 -1.1109 	 -1.1283 	 1.1616 	 0.0593 	 0.0793 	 -0.0231 	 0.0546 	 0.0489 	 -0.0570
0.8216 	 -1.1103 	 -1.1275 	 1.1614 	 0.0599 	 0.0798 	 -0.0236 	 0.0546 	 0.0489 	 -0.0571
0.8317 	 -1.1097 	 -1.1267 	 1.1612 	 0.0604 	 0.0803 	 -0.0242 	 0.0546 	 0.0489 	 -0.0571
0.8417 	 -1.1091 	 -1.1258 	 1.1609 	 0.0610 	 0.0808 	 -0.0248 	 0.0547 	 0.0490 	 -0.0572
0.8517 	 -1.1085 	 -1.1250 	 1.1607 	 0.0615 	 0.0813 	 -0.0253 	 0.0547 	 0.0490 	 -0.0573
0.8617 	 -1.1079 	 -1.1242 	 1.1604 	 0.0621 	 0.0818 	 -0.0259 	 0.0547 	 0.0490 	 -0.0574
0.8717 	 -1.1072 	 -1.1234 	 1.1601 	 0.0626 	 0.0822 	 -0.0265 	 0.0548 	 0.0490 	 -0.0575
0.8818 	 -1.1066 	 -1.1226 	 1.1599 	 0.0632 	 0.0827 	 -0.0271 	 0.0548 	 0.0490 	 -0.0575
0.8918 	 -1.1060 	 -1.1217 	 1.1596 	 0.0637 	 0.0832 	 -0.0276 	 0.0548 	 0.0490 	 -0.0576
0.9018 	 -1.1053 	 -1.1209 	 1.1593 	 0.0643 	 0.0837 	 -0.0282 	 0.0549 	 0.0490 	 -0.0577
0.9118 	 -1.1047 	 -1.1201 	 1.1590 	 0.0648 	 0.0842 	 -0.0288 	 0.0549 	 0.0490 	 -0.0578
0.9218 	 -1.1040 	 -1.1192 	 1.1587 	 0.0654 	 0.0847 	 -0.0294 	 0.0550 	 0.0491 	 -0.0579
0.9319 	 -1.1034 	 -1.1184 	 1.1584 	 0.0659 	 0.0852 	 -0.0300 	 0.0550 	 0.0491 	 -0.0579
0.9419 	 -1.1027 	 -1.1175 	 1.1581 	 0.0665 	 0.0857 	 -0.0305 	 0.0550 	 0.0491 	 -0.0580
0.9519 	 -1.1020 	 -1.1166 	 1.1578 	 0.0670 	 0.0862 	 -0.0311 	 0.0551 	 0.0491 	 -0.0581
0.9619 	 -1.1014 	 -1.1158 	 1.1575 	 0.0676 	 0.0867 	 -0.0317 	 0.0551 	 0.0491 	 -0.0582
0.9719 	 -1.1007 	 -1.1149 	 1.1572 	 0.0681 	 0.0872 	 -0.0323 	 0.0552 	 0.0491 	 -0.0583
0.9820 	 -1.1000 	 -1.1140 	 1.1569 	 0.0687 	 0.0877 	 -0.0329 	 0.0552 	 0.0492 	 -0.0584
0.9920 	 -1.0993 	 -1.1132 	 1.1565 	 0.0692 	 0.0881 	 -0.0335 	 0.0552 	 0.0492 	 -0.0584
1.0020 	 -1.0986 	 -1.1123 	 1.1562 	 0.0698 	 0.0886 	 -0.0340 	 0.0553 	 0.0492 	 -0.0585
1.0120 	 -1.0979 	 -1.1114 	 1.1559 	 0.0703 	 0.0891 	 -0.0346 	 0.0553 	 0.0492 	 -0.0586
1.0220 	 -1.0972 	 -1.1105 	 1.1555 	 0.0709 	 0.0896 	 -0.0352 	 0.0554 	 0.0492 	 -0.0587
1.0321 	 -1.0965 	 -1.1096 	 1.1551 	 0.0715 	 0.0901 	 -0.0358 	 0.0554 	 0.0493 	 -0.0588
1.0421 	 -1.0958 	 -1.1087 	 1.1548 	 0.0720 	 0.0906 	 -0.0364 	 0.0555 	 0.0493 	 -0.0589
1.0521 	 -1.0950 	 -1.1078 	 1.1544 	 0.0726 	 0.0911 	 -0.0370 	 0.0555 	 0.0493 	 -0.0590
1.0621 	 -1.0943 	 -1.1068 	 1.1540 	 0.0731 	 0.0916 	 -0.0376 	 0.0556 	 0.0493 	 -0.0591
1.0721 	 -1.0936 	 -1.1059 	 1.1537 	 0.0737 	 0.0921 	 -0.0382 	 0.0556 	 0.0494 	 -0.0591
1.0822 	 -1.0928 	 -1.1050 	 1.1533 	 0.0742 	 0.0926 	 -0.0388 	 0.0557 	 0.0494 	 -0.0592
1.0922 	 -1.0921 	 -1.1041 	 1.1529 	 0.0748 	 0.0931 	 -0.0394 	 0.0557 	 0.0494 	 -0.0593
1.1022 	 -1.0913 	 -1.1031 	 1.1525 	 0.0753 	 0.0936 	 -0.0400 	 0.0558 	 0.0494 	 -0.0594
1.1122 	 -1.0906 	 -1.1022 	 1.1521 	 0.0759 	 0.0941 	 -0.0406 	 0.0558 	 0.0495 	 -0.0595
1.1222 	 -1.0898 	 -1.1013 	 1.1517 	 0.0765 	 0.0946 	 -0.0412 	 0.0559 	 0.0495 	 -0.0596
1.1323 	 -1.0891 	 -1.1003 	 1.1513 	 0.0770 	 0.0951 	 -0.0417 	 0.0559 	 0.0495 	 -0.0597
1.1423 	 -1.0883 	 -1.0993 	 1.1508 	 0.0776 	 0.0956 	 -0.0423 	 0.0560 	 0.0496 	 -0.0598
1.1523 	 -1.0875 	 -1.0984 	 1.1504 	 0.0781 	 0.0961 	 -0.0429 	 0.0560 	 0.0496 	 -0.0599
1.1623 	 -1.0867 	 -1.0974 	 1.1500 	 0.0787 	 0.0966 	 -0.0435 	 0.0561 	 0.0496 	 -0.0600
1.1723 	 -1.0859 	 -1.0965 	 1.1495 	 0.0793 	 0.0971 	 -0.0441 	 0.0561 	 0.0497 	 -0.0601
1.1824 	 -1.0851 	 -1.0955 	 1.1491 	 0.0798 	 0.0976 	 -0.0448 	 0.0562 	 0.0497 	 -0.0602
1.1924 	 -1.0843 	 -1.0945 	 1.1486 	 0.0804 	 0.0981 	 -0.0454 	 0.0563 	 0.0497 	 -0.0603
1.2024 	 -1.0835 	 -1.0935 	 1.1482 	 0.0810 	 0.0985 	 -0.0460 	 0.0563 	 0.0498 	 -0.0603
1.2124 	 -1.0827 	 -1.0925 	 1.1477 	 0.0815 	 0.0990 	 -0.0466 	 0.0564 	 0.0498 	 -0.0604
1.2224 	 -1.0819 	 -1.0915 	 1.1473 	 0.0821 	 0.0995 	 -0.0472 	 0.0564 	 0.0499 	 -0.0605
1.2325 	 -1.0811 	 -1.0905 	 1.1468 	 0.0827 	 0.1000 	 -0.0478 	 0.0565 	 0.0499 	 -0.0606
1.2425 	 -1.0802 	 -1.0895 	 1.1463 	 0.0832 	 0.1005 	 -0.0484 	 0.0566 	 0.0499 	 -0.0607
1.2525 	 -1.0794 	 -1.0885 	 1.1458 	 0.0838 	 0.1010 	 -0.0490 	 0.0566 	 0.0500 	 -0.0608
1.2625 	 -1.0785 	 -1.0875 	 1.1453 	 0.0844 	 0.1016 	 -0.0496 	 0.0567 	 0.0500 	 -0.0609
1.2725 	 -1.0777 	 -1.0865 	 1.1448 	 0.0849 	 0.1021 	 -0.0502 	 0.0568 	 0.0501 	 -0.0610
1.2826 	 -1.0768 	 -1.0855 	 1.1443 	 0.0855 	 0.1026 	 -0.0508 	 0.0568 	 0.0501 	 -0.0611
1.2926 	 -1.0760 	 -1.0844 	 1.1438 	 0.0861 	 0.1031 	 -0.0514 	 0.0569 	 0.0502 	 -0.0612
1.3026 	 -1.0751 	 -1.0834 	 1.1433 	 0.0866 	 0.1036 	 -0.0521 	 0.0570 	 0.0502 	 -0.0613
1.3126 	 -1.0742 	 -1.0823 	 1.1428 	 0.0872 	 0.1041 	 -0.0527 	 0.0571 	 0.0503 	 -0.0614
1.3226 	 -1.0734 	 -1.0813 	 1.1422 	 0.0878 	 0.1046 	 -0.0533 	 0.0571 	 0.0504 	 -0.0615
1.3327 	 -1.0725 	 -1.0803 	 1.1417 	 0.0884 	 0.1051 	 -0.0539 	 0.0572 	 0.0504 	 -0.0616
1.3427 	 -1.0716 	 -1.0792 	 1.1411 	 0.0889 	 0.1056 	 -0.0545 	 0.0573 	 0.0505 	 -0.0618
1.3527 	 -1.0707 	 -1.0781 	 1.1406 	 0.0895 	 0.1061 	 -0.0551 	 0.0573 	 0.0505 	 -0.0619
1.3627 	 -1.0698 	 -1.0771 	 1.1400 	 0.0901 	 0.1066 	 -0.0558 	 0.0574 	 0.0506 	 -0.0620
1.3727 	 -1.0689 	 -1.0760 	 1.1395 	 0.0907 	 0.1071 	 -0.0564 	 0.0575 	 0.0507 	 -0.0621
1.3828 	 -1.0680 	 -1.0749 	 1.1389 	 0.0912 	 0.1076 	 -0.0570 	 0.0576 	 0.0507 	 -0.0622
1.3928 	 -1.0671 	 -1.0738 	 1.1383 	 0.0918 	 0.1081 	 -0.0576 	 0.0577 	 0.0508 	 -0.0623
1.4028 	 -1.0661 	 -1.0728 	 1.1378 	 0.0924 	 0.1086 	 -0.0583 	 0.0577 	 0.0508 	 -0.0624
1.4128 	 -1.0652 	 -1.0717 	 1.1372 	 0.0930 	 0.1091 	 -0.0589 	 0.0578 	 0.0509 	 -0.0625
1.4228 	 -1.0643 	 -1.0706 	 1.1366 	 0.0935 	 0.1096 	 -0.0595 	 0.0579 	 0.0510 	 -0.0626
1.4329 	 -1.0633 	 -1.0695 	 1.1360 	 0.0941 	 0.1102 	 -0.0601 	 0.0580 	 0.0511 	 -0.0627
1.4429 	 -1.0624 	 -1.0684 	 1.1354 	 0.0947 	 0.1107 	 -0.0608 	 0.0581 	 0.0511 	 -0.0628
1.4529 	 -1.0614 	 -1.0673 	 1.1348 	 0.0953 	 0.1112 	 -0.0614 	 0.0582 	 0.0512 	 -0.0629
1.4629 	 -1.0605 	 -1.0661 	 1.1341 	 0.0959 	 0.1117 	 -0.0620 	 0.0582 	 0.0513 	 -0.0631
1.4729 	 -1.0595 	 -1.0650 	 1.1335 	 0.0965 	 0.1122 	 -0.0627 	 0.0583 	 0.0513 	 -0.0632
1.4830 	 -1.0586 	 -1.0639 	 1.1329 	 0.0970 	 0.1127 	 -0.0633 	 0.0584 	 0.0514 	 -0.0633
1.4930 	 -1.0576 	 -1.0628 	 1.1322 	 0.0976 	 0.1132 	 -0.0639 	 0.0585 	 0.0515 	 -0.0634
1.5030 	 -1.0566 	 -1.0616 	 1.1316 	 0.0982 	 0.1138 	 -0.0646 	 0.0586 	 0.0516 	 -0.0635
1.5130 	 -1.0556 	 -1.0605 	 1.1310 	 0.0988 	 0.1143 	 -0.0652 	 0.0587 	 0.0516 	 -0.0636
1.5230 	 -1.0546 	 -1.0593 	 1.1303 	 0.0994 	 0.1148 	 -0.0658 	 0.0588 	 0.0517 	 -0.0637
1.5331 	 -1.0536 	 -1.0582 	 1.1296 	 0.1000 	 0.1153 	 -0.0665 	 0.0589 	 0.0518 	 -0.0639
1.5431 	 -1.0526 	 -1.0570 	 1.1290 	 0.1006 	 0.1158 	 -0.0671 	 0.0590 	 0.0519 	 -0.0640
1.5531 	 -1.0516 	 -1.0559 	 1.1283 	 0.1012 	 0.1163 	 -0.0678 	 0.0591 	 0.0520 	 -0.0641
1.5631 	 -1.0506 	 -1.0547 	 1.1276 	 0.1018 	 0.1169 	 -0.0684 	 0.0592 	 0.0520 	 -0.0642
1.5731 	 -1.0496 	 -1.0535 	 1.1269 	 0.1023 	 0.1174 	 -0.0690 	 0.0592 	 0.0521 	 -0.0643
1.5832 	 -1.0485 	 -1.0523 	 1.1262 	 0.1029 	 0.1179 	 -0.0697 	 0.0593 	 0.0522 	 -0.0645
1.5932 	 -1.0475 	 -1.0511 	 1.1255 	 0.1035 	 0.1184 	 -0.0703 	 0.0594 	 0.0523 	 -0.0646
1.6032 	 -1.0465 	 -1.0500 	 1.1248 	 0.1041 	 0.1190 	 -0.0710 	 0.0595 	 0.0524 	 -0.0647
1.6132 	 -1.0454 	 -1.0488 	 1.1241 	 0.1047 	 0.1195 	 -0.0716 	 0.0596 	 0.0525 	 -0.0648
1.6232 	 -1.0444 	 -1.0476 	 1.1234 	 0.1053 	 0.1200 	 -0.0723 	 0.0597 	 0.0525 	 -0.0649
1.6333 	 -1.0433 	 -1.0464 	 1.1226 	 0.1059 	 0.1205 	 -0.0729 	 0.0598 	 0.0526 	 -0.0651
1.6433 	 -1.0422 	 -1.0451 	 1.1219 	 0.1065 	 0.1211 	 -0.0736 	 0.0599 	 0.0527 	 -0.0652
1.6533 	 -1.0412 	 -1.0439 	 1.1212 	 0.1071 	 0.1216 	 -0.0742 	 0.0600 	 0.0528 	 -0.0653
1.6633 	 -1.0401 	 -1.0427 	 1.1204 	 0.1077 	 0.1221 	 -0.0749 	 0.0601 	 0.0529 	 -0.0654
1.6733 	 -1.0390 	 -1.0415 	 1.1197 	 0.1083 	 0.1227 	 -0.0756 	 0.0602 	 0.0530 	 -0.0656
1.6834 	 -1.0379 	 -1.0403 	 1.1189 	 0.1089 	 0.1232 	 -0.0762 	 0.0604 	 0.0531 	 -0.0657
1.6934 	 -1.0368 	 -1.0390 	 1.1181 	 0.1095 	 0.1237 	 -0.0769 	 0.0605 	 0.0532 	 -0.0658
1.7034 	 -1.0357 	 -1.0378 	 1.1174 	 0.1101 	 0.1243 	 -0.0775 	 0.0606 	 0.0533 	 -0.0660
1.7134 	 -1.0346 	 -1.0365 	 1.1166 	 0.1108 	 0.1248 	 -0.0782 	 0.0607 	 0.0534 	 -0.0661
1.7234 	 -1.0335 	 -1.0353 	 1.1158 	 0.1114 	 0.1253 	 -0.0789 	 0.0608 	 0.0534 	 -0.0662
1.7335 	 -1.0324 	 -1.0340 	 1.1150 	 0.1120 	 0.1259 	 -0.0795 	 0.0609 	 0.0535 	 -0.0663
1.7435 	 -1.0313 	 -1.0328 	 1.1142 	 0.1126 	 0.1264 	 -0.0802 	 0.0610 	 0.0536 	 -0.0665
1.7535 	 -1.0301 	 -1.0315 	 1.1134 	 0.1132 	 0.1269 	 -0.0808 	 0.0611 	 0.0537 	 -0.0666
1.7635 	 -1.0290 	 -1.0302 	 1.1126 	 0.1138 	 0.1275 	 -0.0815 	 0.0612 	 0.0538 	 -0.0667
1.7735 	 -1.0279 	 -1.0289 	 1.1118 	 0.1144 	 0.1280 	 -0.0822 	 0.0613 	 0.0539 	 -0.0669
1.7836 	 -1.0267 	 -1.0276 	 1.1109 	 0.1150 	 0.1286 	 -0.0829 	 0.0614 	 0.0540 	 -0.0670
1.7936 	 -1.0255 	 -1.0264 	 1.1101 	 0.1157 	 0.1291 	 -0.0835 	 0.0616 	 0.0541 	 -0.0671
1.8036 	 -1.0244 	 -1.0251 	 1.1093 	 0.1163 	 0.1296 	 -0.0842 	 0.0617 	 0.0542 	 -0.0673
1.8136 	 -1.0232 	 -1.0238 	 1.1084 	 0.1169 	 0.1302 	 -0.0849 	 0.0618 	 0.0543 	 -0.0674
1.8236 	 -1.0220 	 -1.0224 	 1.1076 	 0.1175 	 0.1307 	 -0.0856 	 0.0619 	 0.0544 	 -0.0675
1.8337 	 -1.0209 	 -1.0211 	 1.1067 	 0.1181 	 0.1313 	 -0.0862 	 0.0620 	 0.0545 	 -0.0677
1.8437 	 -1.0197 	 -1.0198 	 1.1058 	 0.1188 	 0.1318 	 -0.0869 	 0.0621 	 0.0546 	 -0.0678
1.8537 	 -1.0185 	 -1.0185 	 1.1050 	 0.1194 	 0.1324 	 -0.0876 	 0.0623 	 0.0547 	 -0.0680
1.8637 	 -1.0173 	 -1.0172 	 1.1041 	 0.1200 	 0.1329 	 -0.0883 	 0.0624 	 0.0548 	 -0.0681
1.8737 	 -1.0161 	 -1.0158 	 1.1032 	 0.1206 	 0.1335 	 -0.0890 	 0.0625 	 0.0549 	 -0.0682
1.8838 	 -1.0149 	 -1.0145 	 1.1023 	 0.1213 	 0.1340 	 -0.0896 	 0.0626 	 0.0550 	 -0.0684
1.8938 	 -1.0136 	 -1.0131 	 1.1014 	 0.1219 	 0.1346 	 -0.0903 	 0.0627 	 0.0551 	 -0.0685
1.9038 	 -1.0124 	 -1.0118 	 1.1005 	 0.1225 	 0.1351 	 -0.0910 	 0.0629 	 0.0552 	 -0.0686
1.9138 	 -1.0112 	 -1.0104 	 1.0996 	 0.1231 	 0.1357 	 -0.0917 	 0.0630 	 0.0553 	 -0.0688
1.9238 	 -1.0100 	 -1.0091 	 1.0987 	 0.1238 	 0.1362 	 -0.0924 	 0.0631 	 0.0554 	 -0.0689
1.9339 	 -1.0087 	 -1.0077 	 1.0977 	 0.1244 	 0.1368 	 -0.0931 	 0.0633 	 0.0555 	 -0.0691
1.9439 	 -1.0075 	 -1.0063 	 1.0968 	 0.1250 	 0.1373 	 -0.0938 	 0.0634 	 0.0556 	 -0.0692
1.9539 	 -1.0062 	 -1.0050 	 1.0958 	 0.1257 	 0.1379 	 -0.0945 	 0.0635 	 0.0557 	 -0.0694
1.9639 	 -1.0049 	 -1.0036 	 1.0949 	 0.1263 	 0.1385 	 -0.0952 	 0.0636 	 0.0558 	 -0.0695
1.9739 	 -1.0037 	 -1.0022 	 1.0939 	 0.1270 	 0.1390 	 -0.0959 	 0.0638 	 0.0559 	 -0.0696
1.9840 	 -1.0024 	 -1.0008 	 1.0930 	 0.1276 	 0.1396 	 -0.0966 	 0.0639 	 0.0560 	 -0.0698
1.9940 	 -1.0011 	 -0.9994 	 1.0920 	 0.1282 	 0.1401 	 -0.0973 	 0.0640 	 0.0561 	 -0.0699
2.0040 	 -0.9998 	 -0.9980 	 1.0910 	 0.1289 	 0.1407 	 -0.0980 	 0.0642 	 0.0563 	 -0.0701
2.0140 	 -0.9985 	 -0.9966 	 1.0900 	 0.1295 	 0.1413 	 -0.0987 	 0.0643 	 0.0564 	 -0.0702
2.0240 	 -0.9972 	 -0.9951 	 1.0890 	 0.1302 	 0.1418 	 -0.0994 	 0.0645 	 0.0565 	 -0.0704
2.0341 	 -0.9959 	 -0.9937 	 1.0880 	 0.1308 	 0.1424 	 -0.1001 	 0.0646 	 0.0566 	 -0.0705
2.0441 	 -0.9946 	 -0.9923 	 1.0870 	 0.1315 	 0.1430 	 -0.1008 	 0.0647 	 0.0567 	 -0.0707
2.0541 	 -0.9933 	 -0.9909 	 1.0860 	 0.1321 	 0.1435 	 -0.1015 	 0.0649 	 0.0568 	 -0.0708
2.0641 	 -0.9920 	 -0.9894 	 1.0850 	 0.1328 	 0.1441 	 -0.1022 	 0.0650 	 0.0569 	 -0.0710
2.0741 	 -0.9906 	 -0.9880 	 1.0840 	 0.1334 	 0.1447 	 -0.1029 	 0.0652 	 0.0570 	 -0.0711
2.0842 	 -0.9893 	 -0.9865 	 1.0829 	 0.1341 	 0.1452 	 -0.1036 	 0.0653 	 0.0571 	 -0.0713
2.0942 	 -0.9879 	 -0.9851 	 1.0819 	 0.1347 	 0.1458 	 -0.1043 	 0.0655 	 0.0572 	 -0.0715
2.1042 	 -0.9866 	 -0.9836 	 1.0809 	 0.1354 	 0.1464 	 -0.1051 	 0.0656 	 0.0573 	 -0.0716
2.1142 	 -0.9852 	 -0.9821 	 1.0798 	 0.1360 	 0.1470 	 -0.1058 	 0.0658 	 0.0575 	 -0.0718
2.1242 	 -0.9839 	 -0.9806 	 1.0787 	 0.1367 	 0.1475 	 -0.1065 	 0.0659 	 0.0576 	 -0.0719
2.1343 	 -0.9825 	 -0.9792 	 1.0777 	 0.1374 	 0.1481 	 -0.1072 	 0.0661 	 0.0577 	 -0.0721
2.1443 	 -0.9811 	 -0.9777 	 1.0766 	 0.1380 	 0.1487 	 -0.1079 	 0.0662 	 0.0578 	 -0.0723
2.1543 	 -0.9797 	 -0.9762 	 1.0755 	 0.1387 	 0.1493 	 -0.1087 	 0.0664 	 0.0579 	 -0.0724
2.1643 	 -0.9783 	 -0.9747 	 1.0744 	 0.1393 	 0.1499 	 -0.1094 	 0.0665 	 0.0580 	 -0.0726
2.1743 	 -0.9769 	 -0.9732 	 1.0733 	 0.1400 	 0.1504 	 -0.1101 	 0.0667 	 0.0582 	 -0.0727
2.1844 	 -0.9755 	 -0.9717 	 1.0722 	 0.1407 	 0.1510 	 -0.1109 	 0.0668 	 0.0583 	 -0.0729
2.1944 	 -0.9741 	 -0.9702 	 1.0711 	 0.1414 	 0.1516 	 -0.1116 	 0.0670 	 0.0584 	 -0.0731
2.2044 	 -0.9727 	 -0.9686 	 1.0700 	 0.1420 	 0.1522 	 -0.1123 	 0.0672 	 0.0585 	 -0.0732
2.2144 	 -0.9713 	 -0.9671 	 1.0688 	 0.1427 	 0.1528 	 -0.1131 	 0.0673 	 0.0586 	 -0.0734
2.2244 	 -0.9698 	 -0.9656 	 1.0677 	 0.1434 	 0.1534 	 -0.1138 	 0.0675 	 0.0587 	 -0.0736
2.2345 	 -0.9684 	 -0.9640 	 1.0666 	 0.1441 	 0.1540 	 -0.1145 	 0.0677 	 0.0589 	 -0.0738
2.2445 	 -0.9669 	 -0.9625 	 1.0654 	 0.1447 	 0.1545 	 -0.1153 	 0.0678 	 0.0590 	 -0.0739
2.2545 	 -0.9655 	 -0.9609 	 1.0642 	 0.1454 	 0.1551 	 -0.1160 	 0.0680 	 0.0591 	 -0.0741
2.2645 	 -0.9640 	 -0.9594 	 1.0631 	 0.1461 	 0.1557 	 -0.1168 	 0.0682 	 0.0592 	 -0.0743
2.2745 	 -0.9626 	 -0.9578 	 1.0619 	 0.1468 	 0.1563 	 -0.1175 	 0.0683 	 0.0594 	 -0.0745
2.2846 	 -0.9611 	 -0.9562 	 1.0607 	 0.1475 	 0.1569 	 -0.1182 	 0.0685 	 0.0595 	 -0.0746
2.2946 	 -0.9596 	 -0.9547 	 1.0595 	 0.1482 	 0.1575 	 -0.1190 	 0.0687 	 0.0596 	 -0.0748
2.3046 	 -0.9581 	 -0.9531 	 1.0583 	 0.1488 	 0.1581 	 -0.1197 	 0.0689 	 0.0597 	 -0.0750
2.3146 	 -0.9566 	 -0.9515 	 1.0571 	 0.1495 	 0.1587 	 -0.1205 	 0.0690 	 0.0599 	 -0.0752
2.3246 	 -0.9551 	 -0.9499 	 1.0559 	 0.1502 	 0.1593 	 -0.1213 	 0.0692 	 0.0600 	 -0.0754
2.3347 	 -0.9536 	 -0.9483 	 1.0547 	 0.1509 	 0.1599 	 -0.1220 	 0.0694 	 0.0601 	 -0.0755
2.3447 	 -0.9521 	 -0.9467 	 1.0535 	 0.1516 	 0.1605 	 -0.1228 	 0.0696 	 0.0603 	 -0.0757
2.3547 	 -0.9506 	 -0.9451 	 1.0522 	 0.1523 	 0.1611 	 -0.1235 	 0.0698 	 0.0604 	 -0.0759
2.3647 	 -0.9490 	 -0.9435 	 1.0510 	 0.1530 	 0.1617 	 -0.1243 	 0.0699 	 0.0605 	 -0.0761
2.3747 	 -0.9475 	 -0.9418 	 1.0498 	 0.1537 	 0.1623 	 -0.1250 	 0.0701 	 0.0607 	 -0.0763
2.3848 	 -0.9460 	 -0.9402 	 1.0485 	 0.1544 	 0.1629 	 -0.1258 	 0.0703 	 0.0608 	 -0.0765
2.3948 	 -0.9444 	 -0.9386 	 1.0472 	 0.1551 	 0.1636 	 -0.1266 	 0.0705 	 0.0609 	 -0.0767
2.4048 	 -0.9429 	 -0.9369 	 1.0460 	 0.1558 	 0.1642 	 -0.1274 	 0.0707 	 0.0611 	 -0.0769
2.4148 	 -0.9413 	 -0.9353 	 1.0447 	 0.1565 	 0.1648 	 -0.1281 	 0.0709 	 0.0612 	 -0.0771
2.4248 	 -0.9397 	 -0.9336 	 1.0434 	 0.1573 	 0.1654 	 -0.1289 	 0.0711 	 0.0614 	 -0.0773
2.4349 	 -0.9381 	 -0.9320 	 1.0421 	 0.1580 	 0.1660 	 -0.1297 	 0.0713 	 0.0615 	 -0.0775
2.4449 	 -0.9366 	 -0.9303 	 1.0408 	 0.1587 	 0.1666 	 -0.1304 	 0.0715 	 0.0617 	 -0.0777
2.4549 	 -0.9350 	 -0.9286 	 1.0395 	 0.1594 	 0.1672 	 -0.1312 	 0.0717 	 0.0618 	 -0.0779
2.4649 	 -0.9334 	 -0.9270 	 1.0382 	 0.1601 	 0.1679 	 -0.1320 	 0.0719 	 0.0620 	 -0.0781
2.4749 	 -0.9318 	 -0.9253 	 1.0368 	 0.1608 	 0.1685 	 -0.1328 	 0.0721 	 0.0621 	 -0.0783
2.4850 	 -0.9301 	 -0.9236 	 1.0355 	 0.1616 	 0.1691 	 -0.1336 	 0.0723 	 0.0623 	 -0.0785
2.4950 	 -0.9285 	 -0.9219 	 1.0342 	 0.1623 	 0.1697 	 -0.1344 	 0.0725 	 0.0624 	 -0.0787
2.5050 	 -0.9269 	 -0.9202 	 1.0328 	 0.1630 	 0.1704 	 -0.1352 	 0.0727 	 0.0626 	 -0.0789
2.5150 	 -0.9253 	 -0.9185 	 1.0315 	 0.1637 	 0.1710 	 -0.1359 	 0.0729 	 0.0627 	 -0.0791
2.5251 	 -0.9236 	 -0.9168 	 1.0301 	 0.1645 	 0.1716 	 -0.1367 	 0.0731 	 0.0629 	 -0.0794
2.5351 	 -0.9220 	 -0.9150 	 1.0287 	 0.1652 	 0.1723 	 -0.1375 	 0.0733 	 0.0631 	 -0.0796
2.5451 	 -0.9203 	 -0.9133 	 1.0273 	 0.1659 	 0.1729 	 -0.1383 	 0.0735 	 0.0632 	 -0.0798
2.5551 	 -0.9186 	 -0.9116 	 1.0259 	 0.1667 	 0.1735 	 -0.1391 	 0.0737 	 0.0634 	 -0.0800
2.5651 	 -0.9170 	 -0.9098 	 1.0245 	 0.1674 	 0.1742 	 -0.1399 	 0.0740 	 0.0636 	 -0.0802
2.5752 	 -0.9153 	 -0.9081 	 1.0231 	 0.1682 	 0.1748 	 -0.1407 	 0.0742 	 0.0637 	 -0.0805
2.5852 	 -0.9136 	 -0.9063 	 1.0217 	 0.1689 	 0.1754 	 -0.1416 	 0.0744 	 0.0639 	 -0.0807
2.5952 	 -0.9119 	 -0.9046 	 1.0203 	 0.1697 	 0.1761 	 -0.1424 	 0.0746 	 0.0641 	 -0.0809
2.6052 	 -0.9102 	 -0.9028 	 1.0189 	 0.1704 	 0.1767 	 -0.1432 	 0.0749 	 0.0643 	 -0.0812
2.6152 	 -0.9085 	 -0.9010 	 1.0174 	 0.1712 	 0.1774 	 -0.1440 	 0.0751 	 0.0644 	 -0.0814
2.6253 	 -0.9068 	 -0.8992 	 1.0160 	 0.1719 	 0.1780 	 -0.1448 	 0.0753 	 0.0646 	 -0.0816
2.6353 	 -0.9050 	 -0.8975 	 1.0145 	 0.1727 	 0.1787 	 -0.1456 	 0.0755 	 0.0648 	 -0.0819
2.6453 	 -0.9033 	 -0.8957 	 1.0131 	 0.1734 	 0.1793 	 -0.1464 	 0.0758 	 0.0650 	 -0.0821
2.6553 	 -0.9016 	 -0.8939 	 1.0116 	 0.1742 	 0.1800 	 -0.1473 	 0.0760 	 0.0652 	 -0.0824
2.6653 	 -0.8998 	 -0.8921 	 1.0101 	 0.1749 	 0.1806 	 -0.1481 	 0.0762 	 0.0654 	 -0.0826
2.6754 	 -0.8980 	 -0.8902 	 1.0086 	 0.1757 	 0.1813 	 -0.1489 	 0.0765 	 0.0656 	 -0.0829
2.6854 	 -0.8963 	 -0.8884 	 1.0071 	 0.1765 	 0.1819 	 -0.1498 	 0.0767 	 0.0658 	 -0.0831
2.6954 	 -0.8945 	 -0.8866 	 1.0056 	 0.1772 	 0.1826 	 -0.1506 	 0.0770 	 0.0660 	 -0.0834
2.7054 	 -0.8927 	 -0.8848 	 1.0041 	 0.1780 	 0.1833 	 -0.1514 	 0.0772 	 0.0662 	 -0.0837
2.7154 	 -0.8909 	 -0.8829 	 1.0026 	 0.1788 	 0.1839 	 -0.1523 	 0.0774 	 0.0664 	 -0.0839
2.7255 	 -0.8891 	 -0.8811 	 1.0011 	 0.1796 	 0.1846 	 -0.1531 	 0.0777 	 0.0666 	 -0.0842
2.7355 	 -0.8873 	 -0.8792 	 0.9995 	 0.1804 	 0.1852 	 -0.1540 	 0.0779 	 0.0668 	 -0.0845
2.7455 	 -0.8855 	 -0.8774 	 0.9980 	 0.1811 	 0.1859 	 -0.1548 	 0.0782 	 0.0670 	 -0.0847
2.7555 	 -0.8837 	 -0.8755 	 0.9964 	 0.1819 	 0.1866 	 -0.1557 	 0.0785 	 0.0672 	 -0.0850
2.7655 	 -0.8819 	 -0.8736 	 0.9949 	 0.1827 	 0.1873 	 -0.1565 	 0.0787 	 0.0675 	 -0.0853
2.7756 	 -0.8801 	 -0.8717 	 0.9933 	 0.1835 	 0.1879 	 -0.1574 	 0.0790 	 0.0677 	 -0.0856
2.7856 	 -0.8782 	 -0.8699 	 0.9917 	 0.1843 	 0.1886 	 -0.1582 	 0.0792 	 0.0679 	 -0.0859
2.7956 	 -0.8764 	 -0.8680 	 0.9901 	 0.1851 	 0.1893 	 -0.1591 	 0.0795 	 0.0681 	 -0.0862
2.8056 	 -0.8745 	 -0.8661 	 0.9885 	 0.1859 	 0.1900 	 -0.1599 	 0.0798 	 0.0684 	 -0.0865
2.8156 	 -0.8726 	 -0.8642 	 0.9869 	 0.1867 	 0.1907 	 -0.1608 	 0.0800 	 0.0686 	 -0.0868
2.8257 	 -0.8708 	 -0.8622 	 0.9853 	 0.1875 	 0.1914 	 -0.1617 	 0.0803 	 0.0688 	 -0.0871
2.8357 	 -0.8689 	 -0.8603 	 0.9837 	 0.1883 	 0.1921 	 -0.1626 	 0.0806 	 0.0691 	 -0.0874
2.8457 	 -0.8670 	 -0.8584 	 0.9820 	 0.1891 	 0.1927 	 -0.1634 	 0.0809 	 0.0693 	 -0.0877
2.8557 	 -0.8651 	 -0.8565 	 0.9804 	 0.1899 	 0.1934 	 -0.1643 	 0.0811 	 0.0696 	 -0.0880
2.8657 	 -0.8632 	 -0.8545 	 0.9787 	 0.1907 	 0.1941 	 -0.1652 	 0.0814 	 0.0698 	 -0.0883
2.8758 	 -0.8613 	 -0.8526 	 0.9771 	 0.1915 	 0.1948 	 -0.1661 	 0.0817 	 0.0701 	 -0.0887
2.8858 	 -0.8593 	 -0.8506 	 0.9754 	 0.1924 	 0.1955 	 -0.1670 	 0.0820 	 0.0703 	 -0.0890
2.8958 	 -0.8574 	 -0.8487 	 0.9737 	 0.1932 	 0.1963 	 -0.1679 	 0.0823 	 0.0706 	 -0.0893
2.9058 	 -0.8555 	 -0.8467 	 0.9720 	 0.1940 	 0.1970 	 -0.1688 	 0.0826 	 0.0708 	 -0.0897
2.9158 	 -0.8535 	 -0.8447 	 0.9704 	 0.1948 	 0.1977 	 -0.1697 	 0.0829 	 0.0711 	 -0.0900
2.9259 	 -0.8516 	 -0.8427 	 0.9686 	 0.1957 	 0.1984 	 -0.1706 	 0.0832 	 0.0714 	 -0.0904
2.9359 	 -0.8496 	 -0.8407 	 0.9669 	 0.1965 	 0.1991 	 -0.1715 	 0.0835 	 0.0716 	 -0.0907
2.9459 	 -0.8476 	 -0.8387 	 0.9652 	 0.1973 	 0.1998 	 -0.1724 	 0.0838 	 0.0719 	 -0.0911
2.9559 	 -0.8456 	 -0.8367 	 0.9635 	 0.1982 	 0.2005 	 -0.1733 	 0.0841 	 0.0722 	 -0.0914
2.9659 	 -0.8437 	 -0.8347 	 0.9617 	 0.1990 	 0.2013 	 -0.1742 	 0.0844 	 0.0725 	 -0.0918
2.9760 	 -0.8417 	 -0.8327 	 0.9600 	 0.1999 	 0.2020 	 -0.1751 	 0.0848 	 0.0728 	 -0.0922
2.9860 	 -0.8397 	 -0.8307 	 0.9582 	 0.2007 	 0.2027 	 -0.1761 	 0.0851 	 0.0731 	 -0.0926
2.9960 	 -0.8376 	 -0.8286 	 0.9565 	 0.2016 	 0.2035 	 -0.1770 	 0.0854 	 0.0734 	 -0.0930
3.0060 	 -0.8356 	 -0.8266 	 0.9547 	 0.2024 	 0.2042 	 -0.1779 	 0.0857 	 0.0737 	 -0.0933
3.0160 	 -0.8336 	 -0.8245 	 0.9529 	 0.2033 	 0.2049 	 -0.1789 	 0.0861 	 0.0740 	 -0.0937
3.0261 	 -0.8315 	 -0.8225 	 0.9511 	 0.2042 	 0.2057 	 -0.1798 	 0.0864 	 0.0743 	 -0.0941
3.0361 	 -0.8295 	 -0.8204 	 0.9493 	 0.2050 	 0.2064 	 -0.1808 	 0.0868 	 0.0746 	 -0.0946
3.0461 	 -0.8274 	 -0.8183 	 0.9475 	 0.2059 	 0.2072 	 -0.1817 	 0.0871 	 0.0749 	 -0.0950
3.0561 	 -0.8254 	 -0.8163 	 0.9457 	 0.2068 	 0.2079 	 -0.1827 	 0.0875 	 0.0752 	 -0.0954
3.0661 	 -0.8233 	 -0.8142 	 0.9438 	 0.2077 	 0.2087 	 -0.1836 	 0.0878 	 0.0755 	 -0.0958
3.0762 	 -0.8212 	 -0.8121 	 0.9420 	 0.2085 	 0.2094 	 -0.1846 	 0.0882 	 0.0758 	 -0.0962
3.0862 	 -0.8191 	 -0.8100 	 0.9401 	 0.2094 	 0.2102 	 -0.1855 	 0.0885 	 0.0762 	 -0.0967
3.0962 	 -0.8170 	 -0.8079 	 0.9383 	 0.2103 	 0.2110 	 -0.1865 	 0.0889 	 0.0765 	 -0.0971
3.1062 	 -0.8149 	 -0.8058 	 0.9364 	 0.2112 	 0.2117 	 -0.1875 	 0.0893 	 0.0768 	 -0.0976
3.1162 	 -0.8128 	 -0.8036 	 0.9345 	 0.2121 	 0.2125 	 -0.1885 	 0.0897 	 0.0772 	 -0.0980
3.1263 	 -0.8106 	 -0.8015 	 0.9326 	 0.2130 	 0.2133 	 -0.1895 	 0.0901 	 0.0775 	 -0.0985
3.1363 	 -0.8085 	 -0.7994 	 0.9307 	 0.2139 	 0.2141 	 -0.1904 	 0.0904 	 0.0779 	 -0.0990
3.1463 	 -0.8064 	 -0.7972 	 0.9288 	 0.2148 	 0.2148 	 -0.1914 	 0.0908 	 0.0782 	 -0.0994
3.1563 	 -0.8042 	 -0.7950 	 0.9269 	 0.2157 	 0.2156 	 -0.1924 	 0.0912 	 0.0786 	 -0.0999
3.1663 	 -0.8020 	 -0.7929 	 0.9249 	 0.2166 	 0.2164 	 -0.1934 	 0.0916 	 0.0789 	 -0.1004
3.1764 	 -0.7999 	 -0.7907 	 0.9230 	 0.2176 	 0.2172 	 -0.1945 	 0.0920 	 0.0793 	 -0.1009
3.1864 	 -0.7977 	 -0.7885 	 0.9210 	 0.2185 	 0.2180 	 -0.1955 	 0.0925 	 0.0797 	 -0.1014
3.1964 	 -0.7955 	 -0.7863 	 0.9191 	 0.2194 	 0.2188 	 -0.1965 	 0.0929 	 0.0800 	 -0.1019
3.2064 	 -0.7933 	 -0.7841 	 0.9171 	 0.2204 	 0.2196 	 -0.1975 	 0.0933 	 0.0804 	 -0.1024
3.2164 	 -0.7911 	 -0.7819 	 0.9151 	 0.2213 	 0.2204 	 -0.1985 	 0.0937 	 0.0808 	 -0.1029
3.2265 	 -0.7888 	 -0.7797 	 0.9131 	 0.2222 	 0.2212 	 -0.1996 	 0.0942 	 0.0812 	 -0.1035
3.2365 	 -0.7866 	 -0.7775 	 0.9111 	 0.2232 	 0.2220 	 -0.2006 	 0.0946 	 0.0816 	 -0.1040
3.2465 	 -0.7844 	 -0.7753 	 0.9091 	 0.2241 	 0.2229 	 -0.2017 	 0.0950 	 0.0820 	 -0.1046
3.2565 	 -0.7821 	 -0.7730 	 0.9071 	 0.2251 	 0.2237 	 -0.2027 	 0.0955 	 0.0824 	 -0.1051
3.2665 	 -0.7799 	 -0.7708 	 0.9050 	 0.2260 	 0.2245 	 -0.2038 	 0.0959 	 0.0828 	 -0.1057
3.2766 	 -0.7776 	 -0.7685 	 0.9030 	 0.2270 	 0.2253 	 -0.2048 	 0.0964 	 0.0832 	 -0.1062
3.2866 	 -0.7753 	 -0.7663 	 0.9009 	 0.2280 	 0.2262 	 -0.2059 	 0.0969 	 0.0836 	 -0.1068
3.2966 	 -0.7730 	 -0.7640 	 0.8989 	 0.2289 	 0.2270 	 -0.2070 	 0.0974 	 0.0841 	 -0.1074
3.3066 	 -0.7707 	 -0.7617 	 0.8968 	 0.2299 	 0.2279 	 -0.2080 	 0.0978 	 0.0845 	 -0.1080
3.3166 	 -0.7684 	 -0.7594 	 0.8947 	 0.2309 	 0.2287 	 -0.2091 	 0.0983 	 0.0849 	 -0.1086
3.3267 	 -0.7661 	 -0.7571 	 0.8926 	 0.2319 	 0.2296 	 -0.2102 	 0.0988 	 0.0854 	 -0.1092
3.3367 	 -0.7638 	 -0.7548 	 0.8905 	 0.2329 	 0.2304 	 -0.2113 	 0.0993 	 0.0858 	 -0.1098
3.3467 	 -0.7614 	 -0.7525 	 0.8884 	 0.2339 	 0.2313 	 -0.2124 	 0.0998 	 0.0863 	 -0.1104
3.3567 	 -0.7591 	 -0.7502 	 0.8862 	 0.2349 	 0.2322 	 -0.2135 	 0.1004 	 0.0867 	 -0.1110
3.3667 	 -0.7567 	 -0.7479 	 0.8841 	 0.2359 	 0.2330 	 -0.2146 	 0.1009 	 0.0872 	 -0.1117
3.3768 	 -0.7543 	 -0.7455 	 0.8819 	 0.2369 	 0.2339 	 -0.2158 	 0.1014 	 0.0877 	 -0.1123
3.3868 	 -0.7520 	 -0.7432 	 0.8798 	 0.2379 	 0.2348 	 -0.2169 	 0.1020 	 0.0882 	 -0.1130
3.3968 	 -0.7496 	 -0.7408 	 0.8776 	 0.2390 	 0.2357 	 -0.2180 	 0.1025 	 0.0886 	 -0.1136
3.4068 	 -0.7472 	 -0.7385 	 0.8754 	 0.2400 	 0.2366 	 -0.2192 	 0.1031 	 0.0891 	 -0.1143
3.4168 	 -0.7448 	 -0.7361 	 0.8732 	 0.2410 	 0.2375 	 -0.2203 	 0.1036 	 0.0896 	 -0.1150
3.4269 	 -0.7423 	 -0.7337 	 0.8710 	 0.2421 	 0.2384 	 -0.2215 	 0.1042 	 0.0902 	 -0.1157
3.4369 	 -0.7399 	 -0.7313 	 0.8687 	 0.2431 	 0.2393 	 -0.2226 	 0.1048 	 0.0907 	 -0.1164
3.4469 	 -0.7375 	 -0.7289 	 0.8665 	 0.2442 	 0.2402 	 -0.2238 	 0.1054 	 0.0912 	 -0.1171
3.4569 	 -0.7350 	 -0.7265 	 0.8643 	 0.2452 	 0.2411 	 -0.2250 	 0.1060 	 0.0917 	 -0.1178
3.4669 	 -0.7326 	 -0.7241 	 0.8620 	 0.2463 	 0.2420 	 -0.2262 	 0.1066 	 0.0923 	 -0.1185
3.4770 	 -0.7301 	 -0.7216 	 0.8597 	 0.2474 	 0.2429 	 -0.2274 	 0.1072 	 0.0928 	 -0.1193
3.4870 	 -0.7276 	 -0.7192 	 0.8574 	 0.2484 	 0.2439 	 -0.2286 	 0.1078 	 0.0934 	 -0.1200
3.4970 	 -0.7251 	 -0.7168 	 0.8551 	 0.2495 	 0.2448 	 -0.2298 	 0.1085 	 0.0939 	 -0.1208
3.5070 	 -0.7226 	 -0.7143 	 0.8528 	 0.2506 	 0.2458 	 -0.2310 	 0.1091 	 0.0945 	 -0.1215
3.5170 	 -0.7201 	 -0.7118 	 0.8505 	 0.2517 	 0.2467 	 -0.2322 	 0.1098 	 0.0951 	 -0.1223
3.5271 	 -0.7176 	 -0.7094 	 0.8482 	 0.2528 	 0.2477 	 -0.2334 	 0.1105 	 0.0957 	 -0.1231
3.5371 	 -0.7150 	 -0.7069 	 0.8458 	 0.2539 	 0.2486 	 -0.2347 	 0.1111 	 0.0963 	 -0.1239
3.5471 	 -0.7125 	 -0.7044 	 0.8435 	 0.2550 	 0.2496 	 -0.2359 	 0.1118 	 0.0969 	 -0.1247
3.5571 	 -0.7099 	 -0.7019 	 0.8411 	 0.2562 	 0.2506 	 -0.2372 	 0.1125 	 0.0975 	 -0.1255
3.5671 	 -0.7073 	 -0.6994 	 0.8387 	 0.2573 	 0.2515 	 -0.2384 	 0.1133 	 0.0981 	 -0.1264
3.5772 	 -0.7048 	 -0.6968 	 0.8363 	 0.2584 	 0.2525 	 -0.2397 	 0.1140 	 0.0988 	 -0.1272
3.5872 	 -0.7022 	 -0.6943 	 0.8339 	 0.2596 	 0.2535 	 -0.2410 	 0.1147 	 0.0994 	 -0.1281
3.5972 	 -0.6996 	 -0.6918 	 0.8315 	 0.2607 	 0.2545 	 -0.2423 	 0.1155 	 0.1001 	 -0.1290
3.6072 	 -0.6969 	 -0.6892 	 0.8291 	 0.2619 	 0.2555 	 -0.2436 	 0.1163 	 0.1008 	 -0.1298
3.6172 	 -0.6943 	 -0.6866 	 0.8266 	 0.2631 	 0.2565 	 -0.2449 	 0.1170 	 0.1015 	 -0.1307
3.6273 	 -0.6917 	 -0.6841 	 0.8242 	 0.2642 	 0.2576 	 -0.2462 	 0.1178 	 0.1021 	 -0.1317
3.6373 	 -0.6890 	 -0.6815 	 0.8217 	 0.2654 	 0.2586 	 -0.2475 	 0.1186 	 0.1029 	 -0.1326
3.6473 	 -0.6863 	 -0.6789 	 0.8192 	 0.2666 	 0.2596 	 -0.2488 	 0.1195 	 0.1036 	 -0.1335
3.6573 	 -0.6837 	 -0.6763 	 0.8167 	 0.2678 	 0.2607 	 -0.2502 	 0.1203 	 0.1043 	 -0.1345
3.6673 	 -0.6810 	 -0.6736 	 0.8142 	 0.2690 	 0.2617 	 -0.2515 	 0.1211 	 0.1050 	 -0.1354
3.6774 	 -0.6783 	 -0.6710 	 0.8117 	 0.2702 	 0.2628 	 -0.2529 	 0.1220 	 0.1058 	 -0.1364
3.6874 	 -0.6756 	 -0.6684 	 0.8091 	 0.2715 	 0.2638 	 -0.2543 	 0.1229 	 0.1066 	 -0.1374
3.6974 	 -0.6728 	 -0.6657 	 0.8066 	 0.2727 	 0.2649 	 -0.2557 	 0.1238 	 0.1074 	 -0.1384
3.7074 	 -0.6701 	 -0.6631 	 0.8040 	 0.2739 	 0.2660 	 -0.2570 	 0.1247 	 0.1082 	 -0.1394
3.7174 	 -0.6673 	 -0.6604 	 0.8014 	 0.2752 	 0.2671 	 -0.2584 	 0.1256 	 0.1090 	 -0.1405
3.7275 	 -0.6646 	 -0.6577 	 0.7988 	 0.2765 	 0.2682 	 -0.2599 	 0.1266 	 0.1098 	 -0.1415
3.7375 	 -0.6618 	 -0.6550 	 0.7962 	 0.2777 	 0.2693 	 -0.2613 	 0.1276 	 0.1106 	 -0.1426
3.7475 	 -0.6590 	 -0.6523 	 0.7936 	 0.2790 	 0.2704 	 -0.2627 	 0.1285 	 0.1115 	 -0.1437
3.7575 	 -0.6562 	 -0.6496 	 0.7909 	 0.2803 	 0.2715 	 -0.2642 	 0.1296 	 0.1124 	 -0.1448
3.7675 	 -0.6534 	 -0.6469 	 0.7883 	 0.2816 	 0.2726 	 -0.2656 	 0.1306 	 0.1132 	 -0.1459
3.7776 	 -0.6506 	 -0.6441 	 0.7856 	 0.2829 	 0.2738 	 -0.2671 	 0.1316 	 0.1141 	 -0.1470
3.7876 	 -0.6477 	 -0.6414 	 0.7829 	 0.2843 	 0.2749 	 -0.2686 	 0.1327 	 0.1151 	 -0.1482
3.7976 	 -0.6449 	 -0.6386 	 0.7802 	 0.2856 	 0.2761 	 -0.2701 	 0.1338 	 0.1160 	 -0.1493
3.8076 	 -0.6420 	 -0.6359 	 0.7775 	 0.2869 	 0.2772 	 -0.2716 	 0.1349 	 0.1170 	 -0.1505
3.8176 	 -0.6391 	 -0.6331 	 0.7748 	 0.2883 	 0.2784 	 -0.2731 	 0.1360 	 0.1179 	 -0.1517
3.8277 	 -0.6362 	 -0.6303 	 0.7720 	 0.2897 	 0.2796 	 -0.2746 	 0.1372 	 0.1189 	 -0.1529
3.8377 	 -0.6333 	 -0.6275 	 0.7693 	 0.2910 	 0.2808 	 -0.2761 	 0.1384 	 0.1199 	 -0.1542
3.8477 	 -0.6304 	 -0.6247 	 0.7665 	 0.2924 	 0.2820 	 -0.2777 	 0.1396 	 0.1210 	 -0.1554
3.8577 	 -0.6275 	 -0.6218 	 0.7637 	 0.2938 	 0.2832 	 -0.2792 	 0.1408 	 0.1220 	 -0.1567
3.8677 	 -0.6245 	 -0.6190 	 0.7609 	 0.2953 	 0.2845 	 -0.2808 	 0.1421 	 0.1231 	 -0.1580
3.8778 	 -0.6215 	 -0.6161 	 0.7581 	 0.2967 	 0.2857 	 -0.2824 	 0.1434 	 0.1242 	 -0.1593
3.8878 	 -0.6186 	 -0.6133 	 0.7553 	 0.2981 	 0.2869 	 -0.2840 	 0.1447 	 0.1253 	 -0.1607
3.8978 	 -0.6156 	 -0.6104 	 0.7524 	 0.2996 	 0.2882 	 -0.2856 	 0.1461 	 0.1265 	 -0.1620
3.9078 	 -0.6126 	 -0.6075 	 0.7495 	 0.3011 	 0.2895 	 -0.2873 	 0.1475 	 0.1276 	 -0.1634
3.9178 	 -0.6095 	 -0.6046 	 0.7466 	 0.3025 	 0.2908 	 -0.2889 	 0.1489 	 0.1288 	 -0.1648
3.9279 	 -0.6065 	 -0.6017 	 0.7437 	 0.3040 	 0.2921 	 -0.2906 	 0.1503 	 0.1300 	 -0.1662
3.9379 	 -0.6034 	 -0.5987 	 0.7408 	 0.3056 	 0.2934 	 -0.2922 	 0.1518 	 0.1313 	 -0.1677
3.9479 	 -0.6004 	 -0.5958 	 0.7379 	 0.3071 	 0.2947 	 -0.2939 	 0.1533 	 0.1325 	 -0.1692
3.9579 	 -0.5973 	 -0.5928 	 0.7349 	 0.3086 	 0.2960 	 -0.2956 	 0.1549 	 0.1338 	 -0.1707
3.9679 	 -0.5942 	 -0.5898 	 0.7320 	 0.3102 	 0.2974 	 -0.2973 	 0.1565 	 0.1351 	 -0.1722
3.9780 	 -0.5911 	 -0.5869 	 0.7290 	 0.3118 	 0.2987 	 -0.2991 	 0.1581 	 0.1365 	 -0.1737
3.9880 	 -0.5879 	 -0.5839 	 0.7260 	 0.3134 	 0.3001 	 -0.3008 	 0.1598 	 0.1378 	 -0.1753
3.9980 	 -0.5848 	 -0.5808 	 0.7229 	 0.3150 	 0.3015 	 -0.3026 	 0.1615 	 0.1392 	 -0.1769
4.0080 	 -0.5816 	 -0.5778 	 0.7199 	 0.3166 	 0.3029 	 -0.3044 	 0.1632 	 0.1407 	 -0.1786
4.0180 	 -0.5784 	 -0.5748 	 0.7168 	 0.3182 	 0.3043 	 -0.3062 	 0.1650 	 0.1421 	 -0.1802
4.0281 	 -0.5752 	 -0.5717 	 0.7138 	 0.3199 	 0.3058 	 -0.3080 	 0.1669 	 0.1436 	 -0.1819
4.0381 	 -0.5720 	 -0.5686 	 0.7107 	 0.3216 	 0.3072 	 -0.3098 	 0.1688 	 0.1451 	 -0.1837
4.0481 	 -0.5688 	 -0.5656 	 0.7076 	 0.3233 	 0.3087 	 -0.3117 	 0.1707 	 0.1467 	 -0.1854
4.0581 	 -0.5656 	 -0.5625 	 0.7044 	 0.3250 	 0.3101 	 -0.3135 	 0.1727 	 0.1483 	 -0.1872
4.0681 	 -0.5623 	 -0.5593 	 0.7013 	 0.3267 	 0.3116 	 -0.3154 	 0.1748 	 0.1499 	 -0.1890
4.0782 	 -0.5590 	 -0.5562 	 0.6981 	 0.3285 	 0.3131 	 -0.3173 	 0.1769 	 0.1515 	 -0.1909
4.0882 	 -0.5557 	 -0.5531 	 0.6949 	 0.3303 	 0.3147 	 -0.3192 	 0.1790 	 0.1532 	 -0.1928
4.0982 	 -0.5524 	 -0.5499 	 0.6917 	 0.3321 	 0.3162 	 -0.3212 	 0.1813 	 0.1550 	 -0.1948
4.1082 	 -0.5490 	 -0.5467 	 0.6885 	 0.3339 	 0.3178 	 -0.3231 	 0.1836 	 0.1567 	 -0.1967
4.1182 	 -0.5457 	 -0.5435 	 0.6852 	 0.3358 	 0.3194 	 -0.3251 	 0.1859 	 0.1585 	 -0.1988
4.1283 	 -0.5423 	 -0.5403 	 0.6820 	 0.3377 	 0.3209 	 -0.3271 	 0.1884 	 0.1603 	 -0.2009
4.1383 	 -0.5389 	 -0.5371 	 0.6787 	 0.3396 	 0.3226 	 -0.3292 	 0.1909 	 0.1622 	 -0.2030
4.1483 	 -0.5355 	 -0.5339 	 0.6754 	 0.3415 	 0.3242 	 -0.3312 	 0.1935 	 0.1641 	 -0.2052
4.1583 	 -0.5321 	 -0.5306 	 0.6720 	 0.3434 	 0.3259 	 -0.3333 	 0.1961 	 0.1660 	 -0.2074
4.1683 	 -0.5286 	 -0.5273 	 0.6687 	 0.3454 	 0.3275 	 -0.3354 	 0.1989 	 0.1680 	 -0.2097
4.1784 	 -0.5252 	 -0.5240 	 0.6653 	 0.3474 	 0.3292 	 -0.3375 	 0.2017 	 0.1700 	 -0.2120
4.1884 	 -0.5217 	 -0.5207 	 0.6619 	 0.3494 	 0.3309 	 -0.3396 	 0.2047 	 0.1721 	 -0.2145
4.1984 	 -0.5182 	 -0.5174 	 0.6585 	 0.3515 	 0.3327 	 -0.3418 	 0.2077 	 0.1741 	 -0.2169
4.2084 	 -0.5146 	 -0.5141 	 0.6551 	 0.3536 	 0.3344 	 -0.3440 	 0.2108 	 0.1762 	 -0.2195
4.2184 	 -0.5111 	 -0.5107 	 0.6516 	 0.3557 	 0.3362 	 -0.3462 	 0.2141 	 0.1783 	 -0.2221
4.2285 	 -0.5075 	 -0.5073 	 0.6481 	 0.3579 	 0.3380 	 -0.3484 	 0.2154 	 0.1863 	 -0.2262
4.2385 	 -0.5039 	 -0.5039 	 0.6446 	 0.3601 	 0.3399 	 -0.3507 	 0.2226 	 0.1884 	 -0.2325
4.2485 	 -0.5003 	 -0.5005 	 0.6411 	 0.3624 	 0.3418 	 -0.3531 	 0.2253 	 0.1899 	 -0.2342
4.2585 	 -0.4966 	 -0.4971 	 0.6376 	 0.3646 	 0.3437 	 -0.3554 	 0.2280 	 0.1914 	 -0.2359
4.2685 	 -0.4930 	 -0.4936 	 0.6340 	 0.3669 	 0.3456 	 -0.3578 	 0.2308 	 0.1929 	 -0.2377
4.2786 	 -0.4893 	 -0.4902 	 0.6304 	 0.3692 	 0.3476 	 -0.3602 	 0.2336 	 0.1944 	 -0.2395
4.2886 	 -0.4856 	 -0.4867 	 0.6268 	 0.3716 	 0.3495 	 -0.3626 	 0.2365 	 0.1960 	 -0.2413
4.2986 	 -0.4818 	 -0.4832 	 0.6231 	 0.3740 	 0.3515 	 -0.3650 	 0.2394 	 0.1975 	 -0.2431
4.3086 	 -0.4781 	 -0.4796 	 0.6195 	 0.3764 	 0.3535 	 -0.3675 	 0.2423 	 0.1991 	 -0.2449
4.3186 	 -0.4743 	 -0.4761 	 0.6158 	 0.3789 	 0.3555 	 -0.3699 	 0.2496 	 0.2051 	 -0.2459
4.3287 	 -0.4705 	 -0.4725 	 0.6120 	 0.3814 	 0.3575 	 -0.3724 	 0.2521 	 0.2062 	 -0.2478
4.3387 	 -0.4667 	 -0.4689 	 0.6083 	 0.3839 	 0.3596 	 -0.3749 	 0.2547 	 0.2073 	 -0.2498
4.3487 	 -0.4628 	 -0.4653 	 0.6045 	 0.3865 	 0.3617 	 -0.3774 	 0.2573 	 0.2084 	 -0.2519
4.3587 	 -0.4589 	 -0.4617 	 0.6007 	 0.3891 	 0.3638 	 -0.3799 	 0.2599 	 0.2095 	 -0.2541
4.3687 	 -0.4550 	 -0.4580 	 0.5969 	 0.3917 	 0.3659 	 -0.3825 	 0.2626 	 0.2106 	 -0.2564
4.3788 	 -0.4511 	 -0.4543 	 0.5931 	 0.3943 	 0.3680 	 -0.3851 	 0.2653 	 0.2118 	 -0.2588
4.3888 	 -0.4471 	 -0.4506 	 0.5892 	 0.3970 	 0.3702 	 -0.3877 	 0.2695 	 0.2157 	 -0.2655
4.3988 	 -0.4431 	 -0.4469 	 0.5853 	 0.3997 	 0.3723 	 -0.3904 	 0.2718 	 0.2160 	 -0.2668
4.4088 	 -0.4391 	 -0.4432 	 0.5814 	 0.4025 	 0.3745 	 -0.3931 	 0.2740 	 0.2162 	 -0.2680
4.4188 	 -0.4350 	 -0.4394 	 0.5774 	 0.4052 	 0.3767 	 -0.3958 	 0.2762 	 0.2164 	 -0.2693
4.4289 	 -0.4310 	 -0.4356 	 0.5734 	 0.4080 	 0.3788 	 -0.3985 	 0.2783 	 0.2165 	 -0.2706
4.4389 	 -0.4269 	 -0.4318 	 0.5694 	 0.4108 	 0.3810 	 -0.4012 	 0.2805 	 0.2166 	 -0.2719
4.4489 	 -0.4227 	 -0.4280 	 0.5654 	 0.4136 	 0.3832 	 -0.4039 	 0.2825 	 0.2166 	 -0.2733
4.4589 	 -0.4186 	 -0.4241 	 0.5613 	 0.4165 	 0.3853 	 -0.4067 	 0.2845 	 0.2165 	 -0.2746
4.4689 	 -0.4144 	 -0.4203 	 0.5573 	 0.4193 	 0.3875 	 -0.4094 	 0.2864 	 0.2165 	 -0.2760
4.4790 	 -0.4102 	 -0.4164 	 0.5531 	 0.4222 	 0.3897 	 -0.4122 	 0.2881 	 0.2164 	 -0.2774
4.4890 	 -0.4059 	 -0.4125 	 0.5490 	 0.4251 	 0.3918 	 -0.4150 	 0.2898 	 0.2164 	 -0.2789
4.4990 	 -0.4016 	 -0.4085 	 0.5448 	 0.4280 	 0.3940 	 -0.4178 	 0.2913 	 0.2164 	 -0.2804
4.5090 	 -0.3973 	 -0.4046 	 0.5406 	 0.4309 	 0.3962 	 -0.4206 	 0.2926 	 0.2166 	 -0.2820
4.5190 	 -0.3930 	 -0.4006 	 0.5364 	 0.4339 	 0.3984 	 -0.4234 	 0.2937 	 0.2170 	 -0.2837
4.5291 	 -0.3887 	 -0.3966 	 0.5321 	 0.4368 	 0.4006 	 -0.4263 	 0.2951 	 0.2194 	 -0.2902
4.5391 	 -0.3843 	 -0.3925 	 0.5278 	 0.4398 	 0.4028 	 -0.4292 	 0.3003 	 0.2231 	 -0.2885
4.5491 	 -0.3798 	 -0.3885 	 0.5235 	 0.4428 	 0.4050 	 -0.4321 	 0.3004 	 0.2234 	 -0.2887
4.5591 	 -0.3754 	 -0.3844 	 0.5192 	 0.4458 	 0.4073 	 -0.4350 	 0.3005 	 0.2239 	 -0.2889
4.5691 	 -0.3709 	 -0.3803 	 0.5148 	 0.4488 	 0.4095 	 -0.4379 	 0.3004 	 0.2248 	 -0.2893
4.5792 	 -0.3664 	 -0.3762 	 0.5104 	 0.4519 	 0.4118 	 -0.4408 	 0.3003 	 0.2260 	 -0.2898
4.5892 	 -0.3618 	 -0.3721 	 0.5060 	 0.4549 	 0.4140 	 -0.4437 	 0.3041 	 0.2307 	 -0.2940
4.5992 	 -0.3573 	 -0.3679 	 0.5015 	 0.4579 	 0.4164 	 -0.4467 	 0.3032 	 0.2320 	 -0.2941
4.6092 	 -0.3527 	 -0.3637 	 0.4970 	 0.4609 	 0.4187 	 -0.4496 	 0.3021 	 0.2336 	 -0.2943
4.6192 	 -0.3480 	 -0.3595 	 0.4925 	 0.4640 	 0.4210 	 -0.4526 	 0.3009 	 0.2354 	 -0.2944
4.6293 	 -0.3434 	 -0.3553 	 0.4880 	 0.4670 	 0.4234 	 -0.4555 	 0.2994 	 0.2375 	 -0.2943
4.6393 	 -0.3387 	 -0.3511 	 0.4834 	 0.4700 	 0.4258 	 -0.4585 	 0.3001 	 0.2413 	 -0.3020
4.6493 	 -0.3340 	 -0.3468 	 0.4788 	 0.4729 	 0.4282 	 -0.4615 	 0.2971 	 0.2429 	 -0.3013
4.6593 	 -0.3292 	 -0.3425 	 0.4741 	 0.4759 	 0.4307 	 -0.4645 	 0.2936 	 0.2441 	 -0.2997
4.6693 	 -0.3244 	 -0.3381 	 0.4695 	 0.4789 	 0.4331 	 -0.4675 	 0.2946 	 0.2473 	 -0.2968
4.6794 	 -0.3196 	 -0.3338 	 0.4648 	 0.4818 	 0.4356 	 -0.4705 	 0.2903 	 0.2452 	 -0.2930
4.6894 	 -0.3148 	 -0.3294 	 0.4600 	 0.4847 	 0.4380 	 -0.4734 	 0.2872 	 0.2413 	 -0.2892
4.6994 	 -0.3099 	 -0.3250 	 0.4553 	 0.4876 	 0.4404 	 -0.4763 	 0.2856 	 0.2366 	 -0.2867
4.7094 	 -0.3050 	 -0.3206 	 0.4505 	 0.4904 	 0.4428 	 -0.4792 	 0.2853 	 0.2320 	 -0.2857
4.7194 	 -0.3001 	 -0.3161 	 0.4457 	 0.4933 	 0.4451 	 -0.4820 	 0.2856 	 0.2280 	 -0.2860
4.7295 	 -0.2951 	 -0.3117 	 0.4408 	 0.4961 	 0.4474 	 -0.4849 	 0.2865 	 0.2247 	 -0.2872
4.7395 	 -0.2901 	 -0.3072 	 0.4360 	 0.4991 	 0.4496 	 -0.4878 	 0.2920 	 0.2232 	 -0.2921
4.7495 	 -0.2851 	 -0.3027 	 0.4311 	 0.5020 	 0.4518 	 -0.4907 	 0.2924 	 0.2206 	 -0.2933
4.7595 	 -0.2801 	 -0.2981 	 0.4261 	 0.5049 	 0.4540 	 -0.4937 	 0.2929 	 0.2182 	 -0.2947
4.7695 	 -0.2750 	 -0.2936 	 0.4212 	 0.5079 	 0.4562 	 -0.4966 	 0.2938 	 0.2162 	 -0.2963
4.7796 	 -0.2699 	 -0.2890 	 0.4162 	 0.5108 	 0.4584 	 -0.4996 	 0.2951 	 0.2143 	 -0.2982
4.7896 	 -0.2647 	 -0.2844 	 0.4111 	 0.5138 	 0.4605 	 -0.5026 	 0.2967 	 0.2127 	 -0.3004
4.7996 	 -0.2596 	 -0.2797 	 0.4061 	 0.5168 	 0.4626 	 -0.5056 	 0.2987 	 0.2113 	 -0.3029
4.8096 	 -0.2544 	 -0.2751 	 0.4010 	 0.5198 	 0.4647 	 -0.5087 	 0.3011 	 0.2100 	 -0.3058
4.8196 	 -0.2492 	 -0.2704 	 0.3959 	 0.5228 	 0.4668 	 -0.5118 	 0.3038 	 0.2089 	 -0.3091
4.8297 	 -0.2439 	 -0.2657 	 0.3908 	 0.5259 	 0.4689 	 -0.5149 	 0.3068 	 0.2079 	 -0.3128
4.8397 	 -0.2386 	 -0.2610 	 0.3856 	 0.5289 	 0.4710 	 -0.5180 	 0.3100 	 0.2071 	 -0.3170
4.8497 	 -0.2333 	 -0.2563 	 0.3804 	 0.5321 	 0.4731 	 -0.5212 	 0.3135 	 0.2064 	 -0.3216
4.8597 	 -0.2280 	 -0.2516 	 0.3751 	 0.5352 	 0.4752 	 -0.5245 	 0.3197 	 0.2106 	 -0.3311
4.8697 	 -0.2226 	 -0.2468 	 0.3699 	 0.5385 	 0.4773 	 -0.5279 	 0.3241 	 0.2110 	 -0.3373
4.8798 	 -0.2172 	 -0.2420 	 0.3646 	 0.5417 	 0.4794 	 -0.5313 	 0.3287 	 0.2113 	 -0.3439
4.8898 	 -0.2117 	 -0.2372 	 0.3592 	 0.5451 	 0.4815 	 -0.5348 	 0.3334 	 0.2117 	 -0.3509
4.8998 	 -0.2063 	 -0.2323 	 0.3538 	 0.5484 	 0.4836 	 -0.5383 	 0.3404 	 0.2177 	 -0.3578
4.9098 	 -0.2007 	 -0.2275 	 0.3484 	 0.5519 	 0.4858 	 -0.5419 	 0.3450 	 0.2172 	 -0.3653
4.9198 	 -0.1952 	 -0.2226 	 0.3430 	 0.5553 	 0.4880 	 -0.5456 	 0.3475 	 0.2138 	 -0.3786
4.9299 	 -0.1896 	 -0.2177 	 0.3375 	 0.5588 	 0.4901 	 -0.5495 	 0.3524 	 0.2132 	 -0.3870
4.9399 	 -0.1840 	 -0.2128 	 0.3320 	 0.5624 	 0.4923 	 -0.5534 	 0.3601 	 0.2170 	 -0.3978
4.9499 	 -0.1783 	 -0.2078 	 0.3264 	 0.5660 	 0.4944 	 -0.5574 	 0.3643 	 0.2152 	 -0.4064
4.9599 	 -0.1726 	 -0.2029 	 0.3208 	 0.5697 	 0.4966 	 -0.5616 	 0.3686 	 0.2132 	 -0.4152
4.9699 	 -0.1669 	 -0.1979 	 0.3151 	 0.5734 	 0.4987 	 -0.5658 	 0.3728 	 0.2111 	 -0.4245
4.9800 	 -0.1612 	 -0.1929 	 0.3095 	 0.5772 	 0.5008 	 -0.5701 	 0.3798 	 0.2110 	 -0.4396
4.9900 	 -0.1554 	 -0.1879 	 0.3037 	 0.5810 	 0.5029 	 -0.5745 	 0.3846 	 0.2093 	 -0.4511
