100-Body Run with i = 53 th particle. (Units in pc,M_solar,Myr, km s-1) 

time		 x 		 y 		 z 		 xdot 		 ydot 		 zdot 		 xddot 		 yddot 		 zddot
0.0000 	 1.1066 	 0.0695 	 -1.2312 	 -0.0115 	 -0.0256 	 -0.0267 	 -0.1154 	 0.0091 	 0.0680
0.0100 	 1.1064 	 0.0693 	 -1.2314 	 -0.0127 	 -0.0255 	 -0.0261 	 -0.1154 	 0.0091 	 0.0680
0.0200 	 1.1063 	 0.0690 	 -1.2317 	 -0.0138 	 -0.0254 	 -0.0254 	 -0.1154 	 0.0092 	 0.0681
0.0301 	 1.1062 	 0.0688 	 -1.2319 	 -0.0150 	 -0.0254 	 -0.0247 	 -0.1153 	 0.0092 	 0.0681
0.0401 	 1.1060 	 0.0685 	 -1.2322 	 -0.0162 	 -0.0253 	 -0.0240 	 -0.1153 	 0.0093 	 0.0682
0.0501 	 1.1058 	 0.0683 	 -1.2324 	 -0.0173 	 -0.0252 	 -0.0233 	 -0.1153 	 0.0094 	 0.0683
0.0601 	 1.1057 	 0.0680 	 -1.2326 	 -0.0185 	 -0.0251 	 -0.0226 	 -0.1153 	 0.0094 	 0.0683
0.0701 	 1.1055 	 0.0678 	 -1.2329 	 -0.0196 	 -0.0250 	 -0.0220 	 -0.1153 	 0.0095 	 0.0684
0.0802 	 1.1053 	 0.0675 	 -1.2331 	 -0.0208 	 -0.0249 	 -0.0213 	 -0.1152 	 0.0095 	 0.0685
0.0902 	 1.1050 	 0.0673 	 -1.2333 	 -0.0219 	 -0.0248 	 -0.0206 	 -0.1152 	 0.0096 	 0.0686
0.1002 	 1.1048 	 0.0670 	 -1.2335 	 -0.0231 	 -0.0247 	 -0.0199 	 -0.1152 	 0.0096 	 0.0686
0.1102 	 1.1046 	 0.0668 	 -1.2337 	 -0.0242 	 -0.0246 	 -0.0192 	 -0.1152 	 0.0097 	 0.0687
0.1202 	 1.1043 	 0.0665 	 -1.2339 	 -0.0254 	 -0.0245 	 -0.0185 	 -0.1152 	 0.0098 	 0.0688
0.1303 	 1.1041 	 0.0663 	 -1.2341 	 -0.0265 	 -0.0244 	 -0.0178 	 -0.1152 	 0.0098 	 0.0689
0.1403 	 1.1038 	 0.0660 	 -1.2342 	 -0.0277 	 -0.0243 	 -0.0171 	 -0.1152 	 0.0099 	 0.0690
0.1503 	 1.1035 	 0.0658 	 -1.2344 	 -0.0289 	 -0.0242 	 -0.0165 	 -0.1152 	 0.0099 	 0.0691
0.1603 	 1.1032 	 0.0655 	 -1.2346 	 -0.0300 	 -0.0241 	 -0.0158 	 -0.1152 	 0.0100 	 0.0692
0.1703 	 1.1029 	 0.0653 	 -1.2347 	 -0.0312 	 -0.0240 	 -0.0151 	 -0.1152 	 0.0100 	 0.0693
0.1804 	 1.1026 	 0.0651 	 -1.2349 	 -0.0323 	 -0.0239 	 -0.0144 	 -0.1152 	 0.0101 	 0.0694
0.1904 	 1.1023 	 0.0648 	 -1.2350 	 -0.0335 	 -0.0238 	 -0.0137 	 -0.1152 	 0.0101 	 0.0695
0.2004 	 1.1019 	 0.0646 	 -1.2351 	 -0.0346 	 -0.0237 	 -0.0130 	 -0.1152 	 0.0102 	 0.0696
0.2104 	 1.1016 	 0.0643 	 -1.2353 	 -0.0358 	 -0.0236 	 -0.0123 	 -0.1152 	 0.0102 	 0.0697
0.2204 	 1.1012 	 0.0641 	 -1.2354 	 -0.0369 	 -0.0235 	 -0.0116 	 -0.1152 	 0.0103 	 0.0698
0.2305 	 1.1008 	 0.0639 	 -1.2355 	 -0.0381 	 -0.0234 	 -0.0109 	 -0.1152 	 0.0103 	 0.0699
0.2405 	 1.1005 	 0.0636 	 -1.2356 	 -0.0392 	 -0.0233 	 -0.0102 	 -0.1152 	 0.0104 	 0.0700
0.2505 	 1.1001 	 0.0634 	 -1.2357 	 -0.0404 	 -0.0232 	 -0.0095 	 -0.1152 	 0.0104 	 0.0701
0.2605 	 1.0996 	 0.0632 	 -1.2358 	 -0.0416 	 -0.0231 	 -0.0088 	 -0.1153 	 0.0105 	 0.0702
0.2705 	 1.0992 	 0.0629 	 -1.2359 	 -0.0427 	 -0.0230 	 -0.0081 	 -0.1153 	 0.0105 	 0.0703
0.2806 	 1.0988 	 0.0627 	 -1.2360 	 -0.0439 	 -0.0229 	 -0.0074 	 -0.1153 	 0.0106 	 0.0705
0.2906 	 1.0983 	 0.0625 	 -1.2360 	 -0.0450 	 -0.0228 	 -0.0067 	 -0.1153 	 0.0106 	 0.0706
0.3006 	 1.0979 	 0.0623 	 -1.2361 	 -0.0462 	 -0.0227 	 -0.0060 	 -0.1153 	 0.0107 	 0.0707
0.3106 	 1.0974 	 0.0620 	 -1.2361 	 -0.0473 	 -0.0225 	 -0.0052 	 -0.1153 	 0.0107 	 0.0709
0.3206 	 1.0969 	 0.0618 	 -1.2362 	 -0.0485 	 -0.0224 	 -0.0045 	 -0.1154 	 0.0108 	 0.0710
0.3307 	 1.0964 	 0.0616 	 -1.2362 	 -0.0496 	 -0.0223 	 -0.0038 	 -0.1154 	 0.0108 	 0.0711
0.3407 	 1.0959 	 0.0614 	 -1.2363 	 -0.0508 	 -0.0222 	 -0.0031 	 -0.1154 	 0.0109 	 0.0713
0.3507 	 1.0954 	 0.0611 	 -1.2363 	 -0.0520 	 -0.0221 	 -0.0024 	 -0.1154 	 0.0109 	 0.0714
0.3607 	 1.0949 	 0.0609 	 -1.2363 	 -0.0531 	 -0.0220 	 -0.0017 	 -0.1155 	 0.0109 	 0.0715
0.3707 	 1.0944 	 0.0607 	 -1.2363 	 -0.0543 	 -0.0219 	 -0.0010 	 -0.1155 	 0.0110 	 0.0717
0.3808 	 1.0938 	 0.0605 	 -1.2363 	 -0.0554 	 -0.0218 	 -0.0002 	 -0.1155 	 0.0110 	 0.0718
0.3908 	 1.0933 	 0.0603 	 -1.2363 	 -0.0566 	 -0.0217 	 0.0005 	 -0.1156 	 0.0111 	 0.0720
0.4008 	 1.0927 	 0.0600 	 -1.2363 	 -0.0577 	 -0.0216 	 0.0012 	 -0.1156 	 0.0111 	 0.0721
0.4108 	 1.0921 	 0.0598 	 -1.2363 	 -0.0589 	 -0.0215 	 0.0019 	 -0.1156 	 0.0112 	 0.0723
0.4208 	 1.0915 	 0.0596 	 -1.2363 	 -0.0601 	 -0.0213 	 0.0027 	 -0.1157 	 0.0112 	 0.0725
0.4309 	 1.0909 	 0.0594 	 -1.2363 	 -0.0612 	 -0.0212 	 0.0034 	 -0.1157 	 0.0112 	 0.0726
0.4409 	 1.0903 	 0.0592 	 -1.2362 	 -0.0624 	 -0.0211 	 0.0041 	 -0.1157 	 0.0113 	 0.0728
0.4509 	 1.0896 	 0.0590 	 -1.2362 	 -0.0635 	 -0.0210 	 0.0048 	 -0.1158 	 0.0113 	 0.0730
0.4609 	 1.0890 	 0.0588 	 -1.2361 	 -0.0647 	 -0.0209 	 0.0056 	 -0.1158 	 0.0114 	 0.0731
0.4709 	 1.0883 	 0.0586 	 -1.2361 	 -0.0659 	 -0.0208 	 0.0063 	 -0.1159 	 0.0114 	 0.0733
0.4810 	 1.0877 	 0.0584 	 -1.2360 	 -0.0670 	 -0.0207 	 0.0070 	 -0.1159 	 0.0115 	 0.0735
0.4910 	 1.0870 	 0.0581 	 -1.2359 	 -0.0682 	 -0.0205 	 0.0078 	 -0.1159 	 0.0115 	 0.0737
0.5010 	 1.0863 	 0.0579 	 -1.2358 	 -0.0693 	 -0.0204 	 0.0085 	 -0.1160 	 0.0115 	 0.0738
0.5110 	 1.0856 	 0.0577 	 -1.2358 	 -0.0705 	 -0.0203 	 0.0093 	 -0.1160 	 0.0116 	 0.0740
0.5210 	 1.0849 	 0.0575 	 -1.2357 	 -0.0717 	 -0.0202 	 0.0100 	 -0.1161 	 0.0116 	 0.0742
0.5311 	 1.0842 	 0.0573 	 -1.2356 	 -0.0728 	 -0.0201 	 0.0107 	 -0.1161 	 0.0117 	 0.0744
0.5411 	 1.0834 	 0.0571 	 -1.2354 	 -0.0740 	 -0.0200 	 0.0115 	 -0.1162 	 0.0117 	 0.0746
0.5511 	 1.0827 	 0.0569 	 -1.2353 	 -0.0752 	 -0.0198 	 0.0122 	 -0.1162 	 0.0117 	 0.0748
0.5611 	 1.0819 	 0.0567 	 -1.2352 	 -0.0763 	 -0.0197 	 0.0130 	 -0.1163 	 0.0118 	 0.0750
0.5711 	 1.0812 	 0.0565 	 -1.2351 	 -0.0775 	 -0.0196 	 0.0137 	 -0.1163 	 0.0118 	 0.0752
0.5812 	 1.0804 	 0.0563 	 -1.2349 	 -0.0787 	 -0.0195 	 0.0145 	 -0.1164 	 0.0118 	 0.0754
0.5912 	 1.0796 	 0.0561 	 -1.2348 	 -0.0798 	 -0.0194 	 0.0152 	 -0.1165 	 0.0119 	 0.0756
0.6012 	 1.0788 	 0.0560 	 -1.2346 	 -0.0810 	 -0.0193 	 0.0160 	 -0.1165 	 0.0119 	 0.0758
0.6112 	 1.0780 	 0.0558 	 -1.2345 	 -0.0822 	 -0.0191 	 0.0168 	 -0.1166 	 0.0120 	 0.0760
0.6212 	 1.0771 	 0.0556 	 -1.2343 	 -0.0833 	 -0.0190 	 0.0175 	 -0.1166 	 0.0120 	 0.0762
0.6313 	 1.0763 	 0.0554 	 -1.2341 	 -0.0845 	 -0.0189 	 0.0183 	 -0.1167 	 0.0120 	 0.0764
0.6413 	 1.0754 	 0.0552 	 -1.2339 	 -0.0857 	 -0.0188 	 0.0191 	 -0.1168 	 0.0121 	 0.0767
0.6513 	 1.0746 	 0.0550 	 -1.2337 	 -0.0868 	 -0.0187 	 0.0198 	 -0.1168 	 0.0121 	 0.0769
0.6613 	 1.0737 	 0.0548 	 -1.2335 	 -0.0880 	 -0.0185 	 0.0206 	 -0.1169 	 0.0121 	 0.0771
0.6713 	 1.0728 	 0.0546 	 -1.2333 	 -0.0892 	 -0.0184 	 0.0214 	 -0.1169 	 0.0122 	 0.0774
0.6814 	 1.0719 	 0.0544 	 -1.2331 	 -0.0903 	 -0.0183 	 0.0222 	 -0.1170 	 0.0122 	 0.0776
0.6914 	 1.0710 	 0.0543 	 -1.2329 	 -0.0915 	 -0.0182 	 0.0229 	 -0.1171 	 0.0122 	 0.0778
0.7014 	 1.0701 	 0.0541 	 -1.2326 	 -0.0927 	 -0.0180 	 0.0237 	 -0.1172 	 0.0123 	 0.0781
0.7114 	 1.0691 	 0.0539 	 -1.2324 	 -0.0939 	 -0.0179 	 0.0245 	 -0.1172 	 0.0123 	 0.0783
0.7214 	 1.0682 	 0.0537 	 -1.2321 	 -0.0950 	 -0.0178 	 0.0253 	 -0.1173 	 0.0123 	 0.0786
0.7315 	 1.0672 	 0.0535 	 -1.2319 	 -0.0962 	 -0.0177 	 0.0261 	 -0.1174 	 0.0124 	 0.0788
0.7415 	 1.0663 	 0.0534 	 -1.2316 	 -0.0974 	 -0.0175 	 0.0269 	 -0.1174 	 0.0124 	 0.0791
0.7515 	 1.0653 	 0.0532 	 -1.2313 	 -0.0986 	 -0.0174 	 0.0277 	 -0.1175 	 0.0124 	 0.0793
0.7615 	 1.0643 	 0.0530 	 -1.2311 	 -0.0998 	 -0.0173 	 0.0285 	 -0.1176 	 0.0125 	 0.0796
0.7715 	 1.0633 	 0.0528 	 -1.2308 	 -0.1009 	 -0.0172 	 0.0293 	 -0.1177 	 0.0125 	 0.0798
0.7816 	 1.0623 	 0.0527 	 -1.2305 	 -0.1021 	 -0.0170 	 0.0301 	 -0.1178 	 0.0125 	 0.0801
0.7916 	 1.0612 	 0.0525 	 -1.2302 	 -0.1033 	 -0.0169 	 0.0309 	 -0.1178 	 0.0126 	 0.0804
0.8016 	 1.0602 	 0.0523 	 -1.2299 	 -0.1045 	 -0.0168 	 0.0317 	 -0.1179 	 0.0126 	 0.0807
0.8116 	 1.0592 	 0.0522 	 -1.2295 	 -0.1057 	 -0.0167 	 0.0325 	 -0.1180 	 0.0126 	 0.0809
0.8216 	 1.0581 	 0.0520 	 -1.2292 	 -0.1068 	 -0.0165 	 0.0333 	 -0.1181 	 0.0127 	 0.0812
0.8317 	 1.0570 	 0.0518 	 -1.2289 	 -0.1080 	 -0.0164 	 0.0341 	 -0.1182 	 0.0127 	 0.0815
0.8417 	 1.0559 	 0.0517 	 -1.2285 	 -0.1092 	 -0.0163 	 0.0349 	 -0.1183 	 0.0127 	 0.0818
0.8517 	 1.0548 	 0.0515 	 -1.2282 	 -0.1104 	 -0.0162 	 0.0357 	 -0.1184 	 0.0127 	 0.0821
0.8617 	 1.0537 	 0.0513 	 -1.2278 	 -0.1116 	 -0.0160 	 0.0366 	 -0.1184 	 0.0128 	 0.0824
0.8717 	 1.0526 	 0.0512 	 -1.2274 	 -0.1128 	 -0.0159 	 0.0374 	 -0.1185 	 0.0128 	 0.0827
0.8818 	 1.0514 	 0.0510 	 -1.2271 	 -0.1140 	 -0.0158 	 0.0382 	 -0.1186 	 0.0128 	 0.0830
0.8918 	 1.0503 	 0.0509 	 -1.2267 	 -0.1151 	 -0.0156 	 0.0391 	 -0.1187 	 0.0129 	 0.0833
0.9018 	 1.0491 	 0.0507 	 -1.2263 	 -0.1163 	 -0.0155 	 0.0399 	 -0.1188 	 0.0129 	 0.0836
0.9118 	 1.0480 	 0.0506 	 -1.2259 	 -0.1175 	 -0.0154 	 0.0407 	 -0.1189 	 0.0129 	 0.0839
0.9218 	 1.0468 	 0.0504 	 -1.2255 	 -0.1187 	 -0.0153 	 0.0416 	 -0.1191 	 0.0129 	 0.0843
0.9319 	 1.0456 	 0.0503 	 -1.2250 	 -0.1199 	 -0.0151 	 0.0424 	 -0.1192 	 0.0130 	 0.0846
0.9419 	 1.0444 	 0.0501 	 -1.2246 	 -0.1211 	 -0.0150 	 0.0433 	 -0.1193 	 0.0130 	 0.0849
0.9519 	 1.0432 	 0.0500 	 -1.2242 	 -0.1223 	 -0.0149 	 0.0441 	 -0.1194 	 0.0130 	 0.0852
0.9619 	 1.0419 	 0.0498 	 -1.2237 	 -0.1235 	 -0.0147 	 0.0450 	 -0.1195 	 0.0130 	 0.0856
0.9719 	 1.0407 	 0.0497 	 -1.2233 	 -0.1247 	 -0.0146 	 0.0458 	 -0.1196 	 0.0131 	 0.0859
0.9820 	 1.0394 	 0.0495 	 -1.2228 	 -0.1259 	 -0.0145 	 0.0467 	 -0.1197 	 0.0131 	 0.0863
0.9920 	 1.0382 	 0.0494 	 -1.2223 	 -0.1271 	 -0.0143 	 0.0476 	 -0.1199 	 0.0131 	 0.0866
1.0020 	 1.0369 	 0.0492 	 -1.2219 	 -0.1283 	 -0.0142 	 0.0484 	 -0.1200 	 0.0131 	 0.0870
1.0120 	 1.0356 	 0.0491 	 -1.2214 	 -0.1295 	 -0.0141 	 0.0493 	 -0.1201 	 0.0132 	 0.0874
1.0220 	 1.0343 	 0.0489 	 -1.2209 	 -0.1307 	 -0.0139 	 0.0502 	 -0.1203 	 0.0132 	 0.0877
1.0321 	 1.0330 	 0.0488 	 -1.2204 	 -0.1319 	 -0.0138 	 0.0511 	 -0.1204 	 0.0132 	 0.0881
1.0421 	 1.0316 	 0.0487 	 -1.2198 	 -0.1331 	 -0.0137 	 0.0519 	 -0.1206 	 0.0132 	 0.0885
1.0521 	 1.0303 	 0.0485 	 -1.2193 	 -0.1343 	 -0.0136 	 0.0528 	 -0.1207 	 0.0132 	 0.0889
1.0621 	 1.0290 	 0.0484 	 -1.2188 	 -0.1355 	 -0.0134 	 0.0537 	 -0.1209 	 0.0133 	 0.0893
1.0721 	 1.0276 	 0.0483 	 -1.2182 	 -0.1367 	 -0.0133 	 0.0546 	 -0.1210 	 0.0133 	 0.0897
1.0822 	 1.0262 	 0.0481 	 -1.2177 	 -0.1380 	 -0.0132 	 0.0555 	 -0.1212 	 0.0133 	 0.0901
1.0922 	 1.0248 	 0.0480 	 -1.2171 	 -0.1392 	 -0.0130 	 0.0564 	 -0.1214 	 0.0133 	 0.0905
1.1022 	 1.0234 	 0.0479 	 -1.2166 	 -0.1404 	 -0.0129 	 0.0573 	 -0.1216 	 0.0133 	 0.0909
1.1122 	 1.0220 	 0.0477 	 -1.2160 	 -0.1416 	 -0.0128 	 0.0583 	 -0.1217 	 0.0133 	 0.0913
1.1222 	 1.0206 	 0.0476 	 -1.2154 	 -0.1428 	 -0.0126 	 0.0592 	 -0.1219 	 0.0133 	 0.0917
1.1323 	 1.0192 	 0.0475 	 -1.2148 	 -0.1441 	 -0.0125 	 0.0601 	 -0.1221 	 0.0134 	 0.0922
1.1423 	 1.0177 	 0.0474 	 -1.2142 	 -0.1453 	 -0.0124 	 0.0610 	 -0.1223 	 0.0134 	 0.0926
1.1523 	 1.0162 	 0.0472 	 -1.2136 	 -0.1465 	 -0.0122 	 0.0619 	 -0.1226 	 0.0134 	 0.0931
1.1623 	 1.0148 	 0.0471 	 -1.2129 	 -0.1477 	 -0.0121 	 0.0629 	 -0.1228 	 0.0134 	 0.0935
1.1723 	 1.0133 	 0.0470 	 -1.2123 	 -0.1490 	 -0.0119 	 0.0638 	 -0.1230 	 0.0134 	 0.0940
1.1824 	 1.0118 	 0.0469 	 -1.2117 	 -0.1502 	 -0.0118 	 0.0648 	 -0.1232 	 0.0134 	 0.0945
1.1924 	 1.0103 	 0.0468 	 -1.2110 	 -0.1514 	 -0.0117 	 0.0657 	 -0.1235 	 0.0134 	 0.0949
1.2024 	 1.0087 	 0.0466 	 -1.2103 	 -0.1527 	 -0.0115 	 0.0667 	 -0.1237 	 0.0134 	 0.0954
1.2124 	 1.0072 	 0.0465 	 -1.2097 	 -0.1539 	 -0.0114 	 0.0676 	 -0.1240 	 0.0134 	 0.0959
1.2224 	 1.0057 	 0.0464 	 -1.2090 	 -0.1552 	 -0.0113 	 0.0686 	 -0.1242 	 0.0134 	 0.0964
1.2325 	 1.0041 	 0.0463 	 -1.2083 	 -0.1564 	 -0.0111 	 0.0696 	 -0.1245 	 0.0134 	 0.0969
1.2425 	 1.0025 	 0.0462 	 -1.2076 	 -0.1577 	 -0.0110 	 0.0705 	 -0.1248 	 0.0134 	 0.0975
1.2525 	 1.0009 	 0.0461 	 -1.2069 	 -0.1589 	 -0.0109 	 0.0715 	 -0.1251 	 0.0134 	 0.0980
1.2625 	 0.9993 	 0.0460 	 -1.2062 	 -0.1602 	 -0.0107 	 0.0725 	 -0.1254 	 0.0134 	 0.0985
1.2725 	 0.9977 	 0.0459 	 -1.2054 	 -0.1614 	 -0.0106 	 0.0735 	 -0.1257 	 0.0133 	 0.0991
1.2826 	 0.9961 	 0.0458 	 -1.2047 	 -0.1627 	 -0.0105 	 0.0745 	 -0.1260 	 0.0133 	 0.0996
1.2926 	 0.9945 	 0.0457 	 -1.2039 	 -0.1639 	 -0.0103 	 0.0755 	 -0.1263 	 0.0133 	 0.1002
1.3026 	 0.9928 	 0.0456 	 -1.2032 	 -0.1652 	 -0.0102 	 0.0765 	 -0.1266 	 0.0133 	 0.1008
1.3126 	 0.9912 	 0.0455 	 -1.2024 	 -0.1665 	 -0.0101 	 0.0775 	 -0.1270 	 0.0133 	 0.1013
1.3226 	 0.9895 	 0.0454 	 -1.2016 	 -0.1678 	 -0.0099 	 0.0785 	 -0.1273 	 0.0132 	 0.1019
1.3327 	 0.9878 	 0.0453 	 -1.2008 	 -0.1690 	 -0.0098 	 0.0795 	 -0.1277 	 0.0132 	 0.1025
1.3427 	 0.9861 	 0.0452 	 -1.2000 	 -0.1703 	 -0.0097 	 0.0806 	 -0.1281 	 0.0132 	 0.1031
1.3527 	 0.9844 	 0.0451 	 -1.1992 	 -0.1716 	 -0.0095 	 0.0816 	 -0.1284 	 0.0132 	 0.1037
1.3627 	 0.9827 	 0.0450 	 -1.1984 	 -0.1729 	 -0.0094 	 0.0827 	 -0.1288 	 0.0131 	 0.1043
1.3727 	 0.9809 	 0.0449 	 -1.1976 	 -0.1742 	 -0.0093 	 0.0837 	 -0.1292 	 0.0131 	 0.1050
1.3828 	 0.9792 	 0.0448 	 -1.1967 	 -0.1755 	 -0.0092 	 0.0848 	 -0.1296 	 0.0130 	 0.1056
1.3928 	 0.9774 	 0.0447 	 -1.1959 	 -0.1768 	 -0.0090 	 0.0858 	 -0.1300 	 0.0130 	 0.1063
1.4028 	 0.9756 	 0.0446 	 -1.1950 	 -0.1781 	 -0.0089 	 0.0869 	 -0.1304 	 0.0130 	 0.1069
1.4128 	 0.9738 	 0.0445 	 -1.1941 	 -0.1794 	 -0.0088 	 0.0880 	 -0.1309 	 0.0129 	 0.1076
1.4228 	 0.9720 	 0.0444 	 -1.1932 	 -0.1807 	 -0.0086 	 0.0890 	 -0.1313 	 0.0129 	 0.1082
1.4329 	 0.9702 	 0.0443 	 -1.1923 	 -0.1820 	 -0.0085 	 0.0901 	 -0.1317 	 0.0128 	 0.1089
1.4429 	 0.9684 	 0.0443 	 -1.1914 	 -0.1833 	 -0.0084 	 0.0912 	 -0.1322 	 0.0128 	 0.1096
1.4529 	 0.9665 	 0.0442 	 -1.1905 	 -0.1847 	 -0.0082 	 0.0923 	 -0.1326 	 0.0127 	 0.1103
1.4629 	 0.9647 	 0.0441 	 -1.1896 	 -0.1860 	 -0.0081 	 0.0934 	 -0.1331 	 0.0126 	 0.1110
1.4729 	 0.9628 	 0.0440 	 -1.1886 	 -0.1873 	 -0.0080 	 0.0946 	 -0.1336 	 0.0126 	 0.1117
1.4830 	 0.9609 	 0.0439 	 -1.1877 	 -0.1887 	 -0.0079 	 0.0957 	 -0.1341 	 0.0125 	 0.1124
1.4930 	 0.9590 	 0.0438 	 -1.1867 	 -0.1900 	 -0.0077 	 0.0968 	 -0.1346 	 0.0124 	 0.1132
1.5030 	 0.9571 	 0.0438 	 -1.1857 	 -0.1914 	 -0.0076 	 0.0979 	 -0.1351 	 0.0124 	 0.1139
1.5130 	 0.9552 	 0.0437 	 -1.1848 	 -0.1927 	 -0.0075 	 0.0991 	 -0.1356 	 0.0123 	 0.1146
1.5230 	 0.9533 	 0.0436 	 -1.1838 	 -0.1941 	 -0.0074 	 0.1002 	 -0.1361 	 0.0122 	 0.1154
1.5331 	 0.9513 	 0.0435 	 -1.1827 	 -0.1955 	 -0.0073 	 0.1014 	 -0.1367 	 0.0121 	 0.1162
1.5431 	 0.9493 	 0.0435 	 -1.1817 	 -0.1968 	 -0.0071 	 0.1026 	 -0.1372 	 0.0120 	 0.1169
1.5531 	 0.9474 	 0.0434 	 -1.1807 	 -0.1982 	 -0.0070 	 0.1037 	 -0.1378 	 0.0119 	 0.1177
1.5631 	 0.9454 	 0.0433 	 -1.1796 	 -0.1996 	 -0.0069 	 0.1049 	 -0.1383 	 0.0119 	 0.1185
1.5731 	 0.9434 	 0.0433 	 -1.1786 	 -0.2010 	 -0.0068 	 0.1061 	 -0.1389 	 0.0118 	 0.1193
1.5832 	 0.9413 	 0.0432 	 -1.1775 	 -0.2024 	 -0.0067 	 0.1073 	 -0.1395 	 0.0117 	 0.1201
1.5932 	 0.9393 	 0.0431 	 -1.1764 	 -0.2038 	 -0.0065 	 0.1085 	 -0.1401 	 0.0116 	 0.1209
1.6032 	 0.9373 	 0.0431 	 -1.1753 	 -0.2052 	 -0.0064 	 0.1097 	 -0.1407 	 0.0114 	 0.1217
1.6132 	 0.9352 	 0.0430 	 -1.1742 	 -0.2066 	 -0.0063 	 0.1110 	 -0.1413 	 0.0113 	 0.1225
1.6232 	 0.9331 	 0.0429 	 -1.1731 	 -0.2080 	 -0.0062 	 0.1122 	 -0.1419 	 0.0112 	 0.1234
1.6333 	 0.9310 	 0.0429 	 -1.1720 	 -0.2094 	 -0.0061 	 0.1134 	 -0.1426 	 0.0111 	 0.1242
1.6433 	 0.9289 	 0.0428 	 -1.1708 	 -0.2109 	 -0.0060 	 0.1147 	 -0.1432 	 0.0110 	 0.1251
1.6533 	 0.9268 	 0.0428 	 -1.1697 	 -0.2123 	 -0.0059 	 0.1159 	 -0.1439 	 0.0109 	 0.1259
1.6633 	 0.9247 	 0.0427 	 -1.1685 	 -0.2138 	 -0.0058 	 0.1172 	 -0.1445 	 0.0107 	 0.1268
1.6733 	 0.9225 	 0.0426 	 -1.1673 	 -0.2152 	 -0.0057 	 0.1185 	 -0.1452 	 0.0106 	 0.1277
1.6834 	 0.9204 	 0.0426 	 -1.1662 	 -0.2167 	 -0.0055 	 0.1198 	 -0.1459 	 0.0105 	 0.1286
1.6934 	 0.9182 	 0.0425 	 -1.1649 	 -0.2181 	 -0.0054 	 0.1211 	 -0.1466 	 0.0103 	 0.1294
1.7034 	 0.9160 	 0.0425 	 -1.1637 	 -0.2196 	 -0.0053 	 0.1224 	 -0.1473 	 0.0102 	 0.1303
1.7134 	 0.9138 	 0.0424 	 -1.1625 	 -0.2211 	 -0.0052 	 0.1237 	 -0.1480 	 0.0100 	 0.1313
1.7234 	 0.9115 	 0.0424 	 -1.1612 	 -0.2226 	 -0.0051 	 0.1250 	 -0.1488 	 0.0099 	 0.1322
1.7335 	 0.9093 	 0.0423 	 -1.1600 	 -0.2241 	 -0.0050 	 0.1263 	 -0.1495 	 0.0097 	 0.1331
1.7435 	 0.9071 	 0.0423 	 -1.1587 	 -0.2256 	 -0.0049 	 0.1277 	 -0.1503 	 0.0096 	 0.1340
1.7535 	 0.9048 	 0.0422 	 -1.1574 	 -0.2271 	 -0.0048 	 0.1290 	 -0.1511 	 0.0094 	 0.1350
1.7635 	 0.9025 	 0.0422 	 -1.1561 	 -0.2286 	 -0.0048 	 0.1304 	 -0.1519 	 0.0092 	 0.1359
1.7735 	 0.9002 	 0.0421 	 -1.1548 	 -0.2301 	 -0.0047 	 0.1317 	 -0.1527 	 0.0091 	 0.1369
1.7836 	 0.8979 	 0.0421 	 -1.1535 	 -0.2317 	 -0.0046 	 0.1331 	 -0.1535 	 0.0089 	 0.1379
1.7936 	 0.8956 	 0.0420 	 -1.1521 	 -0.2332 	 -0.0045 	 0.1345 	 -0.1543 	 0.0087 	 0.1389
1.8036 	 0.8932 	 0.0420 	 -1.1508 	 -0.2347 	 -0.0044 	 0.1359 	 -0.1551 	 0.0085 	 0.1399
1.8136 	 0.8909 	 0.0420 	 -1.1494 	 -0.2363 	 -0.0043 	 0.1373 	 -0.1560 	 0.0083 	 0.1409
1.8236 	 0.8885 	 0.0419 	 -1.1480 	 -0.2379 	 -0.0042 	 0.1387 	 -0.1569 	 0.0081 	 0.1419
1.8337 	 0.8861 	 0.0419 	 -1.1466 	 -0.2395 	 -0.0042 	 0.1401 	 -0.1578 	 0.0079 	 0.1429
1.8437 	 0.8837 	 0.0418 	 -1.1452 	 -0.2410 	 -0.0041 	 0.1416 	 -0.1587 	 0.0077 	 0.1439
1.8537 	 0.8813 	 0.0418 	 -1.1438 	 -0.2426 	 -0.0040 	 0.1430 	 -0.1596 	 0.0075 	 0.1450
1.8637 	 0.8788 	 0.0417 	 -1.1424 	 -0.2442 	 -0.0039 	 0.1445 	 -0.1605 	 0.0073 	 0.1460
1.8737 	 0.8764 	 0.0417 	 -1.1409 	 -0.2458 	 -0.0038 	 0.1460 	 -0.1615 	 0.0071 	 0.1471
1.8838 	 0.8739 	 0.0417 	 -1.1394 	 -0.2475 	 -0.0038 	 0.1474 	 -0.1624 	 0.0069 	 0.1482
1.8938 	 0.8714 	 0.0416 	 -1.1380 	 -0.2491 	 -0.0037 	 0.1489 	 -0.1634 	 0.0067 	 0.1493
1.9038 	 0.8689 	 0.0416 	 -1.1365 	 -0.2507 	 -0.0036 	 0.1504 	 -0.1644 	 0.0065 	 0.1504
1.9138 	 0.8664 	 0.0416 	 -1.1349 	 -0.2524 	 -0.0036 	 0.1519 	 -0.1654 	 0.0062 	 0.1515
1.9238 	 0.8638 	 0.0415 	 -1.1334 	 -0.2541 	 -0.0035 	 0.1535 	 -0.1664 	 0.0060 	 0.1526
1.9339 	 0.8613 	 0.0415 	 -1.1319 	 -0.2557 	 -0.0035 	 0.1550 	 -0.1675 	 0.0058 	 0.1537
1.9439 	 0.8587 	 0.0415 	 -1.1303 	 -0.2574 	 -0.0034 	 0.1565 	 -0.1685 	 0.0055 	 0.1549
1.9539 	 0.8561 	 0.0414 	 -1.1287 	 -0.2591 	 -0.0034 	 0.1581 	 -0.1696 	 0.0053 	 0.1560
1.9639 	 0.8535 	 0.0414 	 -1.1271 	 -0.2608 	 -0.0033 	 0.1597 	 -0.1707 	 0.0050 	 0.1572
1.9739 	 0.8509 	 0.0414 	 -1.1255 	 -0.2625 	 -0.0032 	 0.1612 	 -0.1718 	 0.0048 	 0.1584
1.9840 	 0.8483 	 0.0413 	 -1.1239 	 -0.2643 	 -0.0032 	 0.1628 	 -0.1730 	 0.0045 	 0.1596
1.9940 	 0.8456 	 0.0413 	 -1.1223 	 -0.2660 	 -0.0032 	 0.1644 	 -0.1741 	 0.0043 	 0.1608
2.0040 	 0.8429 	 0.0413 	 -1.1206 	 -0.2677 	 -0.0031 	 0.1661 	 -0.1753 	 0.0040 	 0.1620
2.0140 	 0.8402 	 0.0412 	 -1.1189 	 -0.2695 	 -0.0031 	 0.1677 	 -0.1765 	 0.0037 	 0.1633
2.0240 	 0.8375 	 0.0412 	 -1.1173 	 -0.2713 	 -0.0030 	 0.1693 	 -0.1777 	 0.0034 	 0.1645
2.0341 	 0.8348 	 0.0412 	 -1.1155 	 -0.2731 	 -0.0030 	 0.1710 	 -0.1789 	 0.0032 	 0.1658
2.0441 	 0.8321 	 0.0411 	 -1.1138 	 -0.2749 	 -0.0030 	 0.1727 	 -0.1802 	 0.0029 	 0.1671
2.0541 	 0.8293 	 0.0411 	 -1.1121 	 -0.2767 	 -0.0030 	 0.1743 	 -0.1814 	 0.0026 	 0.1684
2.0641 	 0.8265 	 0.0411 	 -1.1103 	 -0.2785 	 -0.0029 	 0.1760 	 -0.1827 	 0.0023 	 0.1697
2.0741 	 0.8237 	 0.0410 	 -1.1086 	 -0.2803 	 -0.0029 	 0.1777 	 -0.1840 	 0.0020 	 0.1710
2.0842 	 0.8209 	 0.0410 	 -1.1068 	 -0.2822 	 -0.0029 	 0.1795 	 -0.1853 	 0.0017 	 0.1724
2.0942 	 0.8181 	 0.0410 	 -1.1050 	 -0.2841 	 -0.0029 	 0.1812 	 -0.1867 	 0.0014 	 0.1737
2.1042 	 0.8152 	 0.0410 	 -1.1031 	 -0.2859 	 -0.0029 	 0.1829 	 -0.1880 	 0.0011 	 0.1751
2.1142 	 0.8123 	 0.0409 	 -1.1013 	 -0.2878 	 -0.0029 	 0.1847 	 -0.1894 	 0.0008 	 0.1765
2.1242 	 0.8094 	 0.0409 	 -1.0994 	 -0.2897 	 -0.0028 	 0.1865 	 -0.1908 	 0.0005 	 0.1779
2.1343 	 0.8065 	 0.0409 	 -1.0976 	 -0.2917 	 -0.0028 	 0.1883 	 -0.1923 	 0.0001 	 0.1793
2.1443 	 0.8036 	 0.0408 	 -1.0957 	 -0.2936 	 -0.0028 	 0.1901 	 -0.1937 	 -0.0002 	 0.1808
2.1543 	 0.8006 	 0.0408 	 -1.0938 	 -0.2955 	 -0.0028 	 0.1919 	 -0.1952 	 -0.0005 	 0.1822
2.1643 	 0.7977 	 0.0408 	 -1.0918 	 -0.2975 	 -0.0029 	 0.1937 	 -0.1967 	 -0.0009 	 0.1837
2.1743 	 0.7947 	 0.0408 	 -1.0899 	 -0.2995 	 -0.0029 	 0.1956 	 -0.1983 	 -0.0012 	 0.1852
2.1844 	 0.7917 	 0.0407 	 -1.0879 	 -0.3015 	 -0.0029 	 0.1974 	 -0.1998 	 -0.0016 	 0.1867
2.1944 	 0.7886 	 0.0407 	 -1.0859 	 -0.3035 	 -0.0029 	 0.1993 	 -0.2014 	 -0.0019 	 0.1882
2.2044 	 0.7856 	 0.0407 	 -1.0839 	 -0.3055 	 -0.0029 	 0.2012 	 -0.2030 	 -0.0023 	 0.1898
2.2144 	 0.7825 	 0.0406 	 -1.0819 	 -0.3075 	 -0.0029 	 0.2031 	 -0.2046 	 -0.0027 	 0.1913
2.2244 	 0.7794 	 0.0406 	 -1.0798 	 -0.3096 	 -0.0030 	 0.2050 	 -0.2063 	 -0.0031 	 0.1929
2.2345 	 0.7763 	 0.0406 	 -1.0778 	 -0.3117 	 -0.0030 	 0.2070 	 -0.2080 	 -0.0035 	 0.1945
2.2445 	 0.7732 	 0.0406 	 -1.0757 	 -0.3138 	 -0.0030 	 0.2089 	 -0.2097 	 -0.0039 	 0.1961
2.2545 	 0.7700 	 0.0405 	 -1.0736 	 -0.3159 	 -0.0031 	 0.2109 	 -0.2115 	 -0.0043 	 0.1978
2.2645 	 0.7669 	 0.0405 	 -1.0715 	 -0.3180 	 -0.0031 	 0.2129 	 -0.2132 	 -0.0047 	 0.1994
2.2745 	 0.7637 	 0.0405 	 -1.0693 	 -0.3202 	 -0.0032 	 0.2149 	 -0.2151 	 -0.0051 	 0.2011
2.2846 	 0.7604 	 0.0404 	 -1.0672 	 -0.3223 	 -0.0032 	 0.2169 	 -0.2169 	 -0.0055 	 0.2028
2.2946 	 0.7572 	 0.0404 	 -1.0650 	 -0.3245 	 -0.0033 	 0.2190 	 -0.2188 	 -0.0060 	 0.2045
2.3046 	 0.7539 	 0.0404 	 -1.0628 	 -0.3267 	 -0.0033 	 0.2210 	 -0.2207 	 -0.0064 	 0.2062
2.3146 	 0.7506 	 0.0403 	 -1.0605 	 -0.3289 	 -0.0034 	 0.2231 	 -0.2227 	 -0.0069 	 0.2080
2.3246 	 0.7473 	 0.0403 	 -1.0583 	 -0.3312 	 -0.0035 	 0.2252 	 -0.2247 	 -0.0074 	 0.2098
2.3347 	 0.7440 	 0.0403 	 -1.0560 	 -0.3334 	 -0.0036 	 0.2273 	 -0.2267 	 -0.0079 	 0.2116
2.3447 	 0.7407 	 0.0402 	 -1.0537 	 -0.3357 	 -0.0036 	 0.2294 	 -0.2288 	 -0.0084 	 0.2134
2.3547 	 0.7373 	 0.0402 	 -1.0514 	 -0.3380 	 -0.0037 	 0.2316 	 -0.2309 	 -0.0089 	 0.2153
2.3647 	 0.7339 	 0.0401 	 -1.0491 	 -0.3403 	 -0.0038 	 0.2338 	 -0.2331 	 -0.0094 	 0.2171
2.3747 	 0.7305 	 0.0401 	 -1.0467 	 -0.3427 	 -0.0039 	 0.2359 	 -0.2353 	 -0.0100 	 0.2190
2.3848 	 0.7270 	 0.0401 	 -1.0444 	 -0.3451 	 -0.0040 	 0.2381 	 -0.2375 	 -0.0105 	 0.2210
2.3948 	 0.7235 	 0.0400 	 -1.0420 	 -0.3474 	 -0.0041 	 0.2404 	 -0.2398 	 -0.0111 	 0.2229
2.4048 	 0.7201 	 0.0400 	 -1.0396 	 -0.3499 	 -0.0042 	 0.2426 	 -0.2422 	 -0.0117 	 0.2249
2.4148 	 0.7165 	 0.0399 	 -1.0371 	 -0.3523 	 -0.0044 	 0.2449 	 -0.2446 	 -0.0123 	 0.2269
2.4248 	 0.7130 	 0.0399 	 -1.0346 	 -0.3548 	 -0.0045 	 0.2472 	 -0.2470 	 -0.0129 	 0.2289
2.4349 	 0.7094 	 0.0399 	 -1.0322 	 -0.3572 	 -0.0046 	 0.2495 	 -0.2495 	 -0.0136 	 0.2310
2.4449 	 0.7058 	 0.0398 	 -1.0296 	 -0.3598 	 -0.0048 	 0.2518 	 -0.2520 	 -0.0142 	 0.2331
2.4549 	 0.7022 	 0.0398 	 -1.0271 	 -0.3623 	 -0.0049 	 0.2541 	 -0.2546 	 -0.0149 	 0.2352
2.4649 	 0.6986 	 0.0397 	 -1.0246 	 -0.3649 	 -0.0051 	 0.2565 	 -0.2573 	 -0.0156 	 0.2373
2.4749 	 0.6949 	 0.0397 	 -1.0220 	 -0.3675 	 -0.0052 	 0.2589 	 -0.2600 	 -0.0163 	 0.2395
2.4850 	 0.6912 	 0.0396 	 -1.0194 	 -0.3701 	 -0.0054 	 0.2613 	 -0.2628 	 -0.0171 	 0.2418
2.4950 	 0.6875 	 0.0395 	 -1.0167 	 -0.3727 	 -0.0056 	 0.2637 	 -0.2656 	 -0.0178 	 0.2440
2.5050 	 0.6837 	 0.0395 	 -1.0141 	 -0.3754 	 -0.0057 	 0.2662 	 -0.2684 	 -0.0186 	 0.2463
2.5150 	 0.6800 	 0.0394 	 -1.0114 	 -0.3781 	 -0.0059 	 0.2687 	 -0.2714 	 -0.0194 	 0.2486
2.5251 	 0.6762 	 0.0394 	 -1.0087 	 -0.3808 	 -0.0061 	 0.2712 	 -0.2744 	 -0.0202 	 0.2510
2.5351 	 0.6723 	 0.0393 	 -1.0060 	 -0.3836 	 -0.0063 	 0.2737 	 -0.2774 	 -0.0211 	 0.2534
2.5451 	 0.6685 	 0.0392 	 -1.0032 	 -0.3864 	 -0.0066 	 0.2763 	 -0.2805 	 -0.0219 	 0.2559
2.5551 	 0.6646 	 0.0392 	 -1.0004 	 -0.3892 	 -0.0068 	 0.2788 	 -0.2837 	 -0.0228 	 0.2584
2.5651 	 0.6607 	 0.0391 	 -0.9976 	 -0.3921 	 -0.0070 	 0.2814 	 -0.2869 	 -0.0237 	 0.2610
2.5752 	 0.6567 	 0.0390 	 -0.9948 	 -0.3950 	 -0.0073 	 0.2841 	 -0.2902 	 -0.0247 	 0.2636
2.5852 	 0.6528 	 0.0390 	 -0.9919 	 -0.3979 	 -0.0075 	 0.2867 	 -0.2935 	 -0.0256 	 0.2663
2.5952 	 0.6488 	 0.0389 	 -0.9890 	 -0.4009 	 -0.0078 	 0.2894 	 -0.2969 	 -0.0266 	 0.2690
2.6052 	 0.6447 	 0.0388 	 -0.9861 	 -0.4038 	 -0.0080 	 0.2921 	 -0.3004 	 -0.0276 	 0.2718
2.6152 	 0.6407 	 0.0387 	 -0.9832 	 -0.4069 	 -0.0083 	 0.2948 	 -0.3039 	 -0.0287 	 0.2746
2.6253 	 0.6366 	 0.0386 	 -0.9802 	 -0.4099 	 -0.0086 	 0.2976 	 -0.3075 	 -0.0298 	 0.2775
2.6353 	 0.6324 	 0.0386 	 -0.9772 	 -0.4130 	 -0.0089 	 0.3004 	 -0.3111 	 -0.0309 	 0.2805
2.6453 	 0.6283 	 0.0385 	 -0.9742 	 -0.4162 	 -0.0092 	 0.3032 	 -0.3148 	 -0.0320 	 0.2836
2.6553 	 0.6241 	 0.0384 	 -0.9711 	 -0.4194 	 -0.0096 	 0.3061 	 -0.3240 	 -0.0345 	 0.2889
2.6653 	 0.6199 	 0.0383 	 -0.9681 	 -0.4227 	 -0.0099 	 0.3090 	 -0.3272 	 -0.0356 	 0.2919
2.6754 	 0.6156 	 0.0382 	 -0.9650 	 -0.4260 	 -0.0103 	 0.3120 	 -0.3306 	 -0.0367 	 0.2950
2.6854 	 0.6114 	 0.0381 	 -0.9618 	 -0.4293 	 -0.0107 	 0.3149 	 -0.3397 	 -0.0395 	 0.2965
2.6954 	 0.6070 	 0.0380 	 -0.9586 	 -0.4327 	 -0.0111 	 0.3179 	 -0.3428 	 -0.0406 	 0.2997
2.7054 	 0.6027 	 0.0378 	 -0.9554 	 -0.4362 	 -0.0115 	 0.3209 	 -0.3460 	 -0.0417 	 0.3031
2.7154 	 0.5983 	 0.0377 	 -0.9522 	 -0.4397 	 -0.0119 	 0.3240 	 -0.3493 	 -0.0428 	 0.3066
2.7255 	 0.5939 	 0.0376 	 -0.9489 	 -0.4432 	 -0.0123 	 0.3271 	 -0.3526 	 -0.0440 	 0.3102
2.7355 	 0.5894 	 0.0375 	 -0.9457 	 -0.4468 	 -0.0128 	 0.3302 	 -0.3622 	 -0.0458 	 0.3136
2.7455 	 0.5849 	 0.0373 	 -0.9423 	 -0.4504 	 -0.0133 	 0.3334 	 -0.3713 	 -0.0480 	 0.3187
2.7555 	 0.5804 	 0.0372 	 -0.9390 	 -0.4541 	 -0.0137 	 0.3366 	 -0.3741 	 -0.0492 	 0.3227
2.7655 	 0.5758 	 0.0371 	 -0.9356 	 -0.4579 	 -0.0142 	 0.3398 	 -0.3819 	 -0.0470 	 0.3284
2.7756 	 0.5712 	 0.0369 	 -0.9322 	 -0.4618 	 -0.0147 	 0.3431 	 -0.3843 	 -0.0485 	 0.3327
2.7856 	 0.5666 	 0.0368 	 -0.9287 	 -0.4656 	 -0.0152 	 0.3465 	 -0.3867 	 -0.0502 	 0.3371
2.7956 	 0.5619 	 0.0366 	 -0.9252 	 -0.4695 	 -0.0157 	 0.3499 	 -0.3893 	 -0.0519 	 0.3416
2.8056 	 0.5571 	 0.0365 	 -0.9217 	 -0.4734 	 -0.0163 	 0.3533 	 -0.3919 	 -0.0536 	 0.3464
2.8156 	 0.5524 	 0.0363 	 -0.9181 	 -0.4774 	 -0.0168 	 0.3568 	 -0.3945 	 -0.0554 	 0.3513
2.8257 	 0.5476 	 0.0361 	 -0.9145 	 -0.4813 	 -0.0174 	 0.3604 	 -0.3972 	 -0.0573 	 0.3563
2.8357 	 0.5427 	 0.0359 	 -0.9109 	 -0.4853 	 -0.0179 	 0.3640 	 -0.4000 	 -0.0592 	 0.3616
2.8457 	 0.5379 	 0.0358 	 -0.9073 	 -0.4893 	 -0.0186 	 0.3676 	 -0.4029 	 -0.0612 	 0.3670
2.8557 	 0.5329 	 0.0356 	 -0.9035 	 -0.4934 	 -0.0192 	 0.3713 	 -0.4058 	 -0.0633 	 0.3726
2.8657 	 0.5280 	 0.0354 	 -0.8998 	 -0.4975 	 -0.0198 	 0.3751 	 -0.4088 	 -0.0655 	 0.3785
2.8758 	 0.5230 	 0.0352 	 -0.8960 	 -0.5016 	 -0.0205 	 0.3789 	 -0.4119 	 -0.0677 	 0.3845
2.8858 	 0.5179 	 0.0350 	 -0.8922 	 -0.5057 	 -0.0212 	 0.3828 	 -0.4151 	 -0.0701 	 0.3907
2.8958 	 0.5128 	 0.0348 	 -0.8884 	 -0.5099 	 -0.0219 	 0.3867 	 -0.4183 	 -0.0725 	 0.3971
2.9058 	 0.5077 	 0.0345 	 -0.8845 	 -0.5141 	 -0.0226 	 0.3908 	 -0.4216 	 -0.0750 	 0.4038
2.9158 	 0.5025 	 0.0343 	 -0.8805 	 -0.5184 	 -0.0234 	 0.3948 	 -0.4250 	 -0.0776 	 0.4107
2.9259 	 0.4973 	 0.0341 	 -0.8766 	 -0.5226 	 -0.0242 	 0.3990 	 -0.4246 	 -0.0785 	 0.4227
2.9359 	 0.4921 	 0.0338 	 -0.8725 	 -0.5269 	 -0.0250 	 0.4033 	 -0.4282 	 -0.0812 	 0.4303
2.9459 	 0.4868 	 0.0336 	 -0.8685 	 -0.5312 	 -0.0258 	 0.4076 	 -0.4318 	 -0.0841 	 0.4383
2.9559 	 0.4814 	 0.0333 	 -0.8644 	 -0.5355 	 -0.0267 	 0.4121 	 -0.4355 	 -0.0870 	 0.4464
2.9659 	 0.4760 	 0.0330 	 -0.8602 	 -0.5399 	 -0.0276 	 0.4166 	 -0.4394 	 -0.0901 	 0.4549
2.9760 	 0.4706 	 0.0327 	 -0.8560 	 -0.5444 	 -0.0285 	 0.4212 	 -0.4434 	 -0.0933 	 0.4636
2.9860 	 0.4651 	 0.0325 	 -0.8518 	 -0.5488 	 -0.0294 	 0.4259 	 -0.4475 	 -0.0966 	 0.4727
2.9960 	 0.4596 	 0.0322 	 -0.8475 	 -0.5533 	 -0.0304 	 0.4306 	 -0.4517 	 -0.1000 	 0.4820
3.0060 	 0.4540 	 0.0318 	 -0.8431 	 -0.5579 	 -0.0314 	 0.4355 	 -0.4561 	 -0.1036 	 0.4916
3.0160 	 0.4484 	 0.0315 	 -0.8388 	 -0.5625 	 -0.0325 	 0.4405 	 -0.4606 	 -0.1073 	 0.5015
3.0261 	 0.4427 	 0.0312 	 -0.8343 	 -0.5671 	 -0.0336 	 0.4456 	 -0.4654 	 -0.1112 	 0.5117
3.0361 	 0.4370 	 0.0309 	 -0.8298 	 -0.5718 	 -0.0347 	 0.4508 	 -0.4703 	 -0.1152 	 0.5222
3.0461 	 0.4313 	 0.0305 	 -0.8253 	 -0.5765 	 -0.0359 	 0.4561 	 -0.4766 	 -0.1252 	 0.5348
3.0561 	 0.4255 	 0.0301 	 -0.8207 	 -0.5813 	 -0.0372 	 0.4615 	 -0.4818 	 -0.1292 	 0.5457
3.0661 	 0.4196 	 0.0298 	 -0.8160 	 -0.5862 	 -0.0385 	 0.4670 	 -0.4872 	 -0.1335 	 0.5571
3.0762 	 0.4137 	 0.0294 	 -0.8113 	 -0.5911 	 -0.0399 	 0.4726 	 -0.4928 	 -0.1379 	 0.5689
3.0862 	 0.4078 	 0.0290 	 -0.8066 	 -0.5961 	 -0.0413 	 0.4784 	 -0.4988 	 -0.1426 	 0.5811
3.0962 	 0.4018 	 0.0285 	 -0.8017 	 -0.6011 	 -0.0428 	 0.4843 	 -0.5051 	 -0.1476 	 0.5937
3.1062 	 0.3957 	 0.0281 	 -0.7969 	 -0.6062 	 -0.0443 	 0.4903 	 -0.5117 	 -0.1528 	 0.6068
3.1162 	 0.3896 	 0.0276 	 -0.7919 	 -0.6114 	 -0.0458 	 0.4964 	 -0.5186 	 -0.1583 	 0.6204
3.1263 	 0.3835 	 0.0272 	 -0.7869 	 -0.6166 	 -0.0474 	 0.5027 	 -0.5260 	 -0.1641 	 0.6345
3.1363 	 0.3773 	 0.0267 	 -0.7818 	 -0.6219 	 -0.0491 	 0.5092 	 -0.5435 	 -0.1739 	 0.6562
3.1463 	 0.3710 	 0.0262 	 -0.7767 	 -0.6274 	 -0.0509 	 0.5158 	 -0.5459 	 -0.1789 	 0.6646
3.1563 	 0.3647 	 0.0257 	 -0.7715 	 -0.6329 	 -0.0527 	 0.5225 	 -0.5525 	 -0.1851 	 0.6786
3.1663 	 0.3583 	 0.0251 	 -0.7662 	 -0.6385 	 -0.0546 	 0.5294 	 -0.5729 	 -0.1977 	 0.7029
3.1764 	 0.3519 	 0.0246 	 -0.7609 	 -0.6443 	 -0.0566 	 0.5365 	 -0.5804 	 -0.1991 	 0.7172
3.1864 	 0.3454 	 0.0240 	 -0.7555 	 -0.6502 	 -0.0586 	 0.5438 	 -0.5883 	 -0.2087 	 0.7336
3.1964 	 0.3389 	 0.0234 	 -0.7500 	 -0.6561 	 -0.0608 	 0.5513 	 -0.5983 	 -0.2182 	 0.7554
3.2064 	 0.3323 	 0.0228 	 -0.7444 	 -0.6621 	 -0.0630 	 0.5589 	 -0.6005 	 -0.2246 	 0.7679
3.2164 	 0.3256 	 0.0221 	 -0.7388 	 -0.6682 	 -0.0653 	 0.5667 	 -0.6118 	 -0.2360 	 0.7868
3.2265 	 0.3189 	 0.0215 	 -0.7331 	 -0.6743 	 -0.0677 	 0.5747 	 -0.6127 	 -0.2423 	 0.7999
3.2365 	 0.3121 	 0.0208 	 -0.7273 	 -0.6805 	 -0.0702 	 0.5828 	 -0.6242 	 -0.2504 	 0.8254
3.2465 	 0.3053 	 0.0201 	 -0.7214 	 -0.6868 	 -0.0727 	 0.5911 	 -0.6231 	 -0.2570 	 0.8368
3.2565 	 0.2983 	 0.0193 	 -0.7154 	 -0.6930 	 -0.0753 	 0.5996 	 -0.6227 	 -0.2634 	 0.8538
3.2665 	 0.2914 	 0.0186 	 -0.7094 	 -0.6993 	 -0.0780 	 0.6082 	 -0.6230 	 -0.2670 	 0.8691
3.2766 	 0.2843 	 0.0178 	 -0.7032 	 -0.7055 	 -0.0807 	 0.6170 	 -0.6239 	 -0.2723 	 0.8865
3.2866 	 0.2772 	 0.0169 	 -0.6970 	 -0.7117 	 -0.0835 	 0.6259 	 -0.6253 	 -0.2873 	 0.9018
3.2966 	 0.2701 	 0.0161 	 -0.6907 	 -0.7180 	 -0.0864 	 0.6350 	 -0.6231 	 -0.2952 	 0.9173
3.3066 	 0.2628 	 0.0152 	 -0.6843 	 -0.7242 	 -0.0894 	 0.6443 	 -0.6206 	 -0.3090 	 0.9361
3.3166 	 0.2556 	 0.0143 	 -0.6778 	 -0.7304 	 -0.0926 	 0.6537 	 -0.6145 	 -0.3172 	 0.9436
3.3267 	 0.2482 	 0.0133 	 -0.6712 	 -0.7366 	 -0.0958 	 0.6632 	 -0.6111 	 -0.3302 	 0.9509
3.3367 	 0.2408 	 0.0124 	 -0.6645 	 -0.7427 	 -0.0992 	 0.6728 	 -0.6057 	 -0.3356 	 0.9642
3.3467 	 0.2333 	 0.0114 	 -0.6577 	 -0.7487 	 -0.1026 	 0.6825 	 -0.5991 	 -0.3468 	 0.9773
3.3567 	 0.2258 	 0.0103 	 -0.6508 	 -0.7546 	 -0.1061 	 0.6924 	 -0.5915 	 -0.3580 	 0.9905
3.3667 	 0.2182 	 0.0092 	 -0.6438 	 -0.7605 	 -0.1097 	 0.7023 	 -0.5797 	 -0.3674 	 0.9982
3.3768 	 0.2105 	 0.0081 	 -0.6367 	 -0.7663 	 -0.1135 	 0.7124 	 -0.5716 	 -0.3807 	 1.0160
3.3868 	 0.2028 	 0.0070 	 -0.6295 	 -0.7720 	 -0.1174 	 0.7228 	 -0.5684 	 -0.3994 	 1.0530
3.3968 	 0.1951 	 0.0058 	 -0.6222 	 -0.7776 	 -0.1215 	 0.7334 	 -0.5514 	 -0.4126 	 1.0573
3.4068 	 0.1873 	 0.0045 	 -0.6148 	 -0.7830 	 -0.1256 	 0.7440 	 -0.5315 	 -0.4205 	 1.0572
3.4168 	 0.1794 	 0.0032 	 -0.6073 	 -0.7883 	 -0.1299 	 0.7546 	 -0.5105 	 -0.4287 	 1.0576
3.4269 	 0.1715 	 0.0019 	 -0.5997 	 -0.7933 	 -0.1342 	 0.7652 	 -0.4885 	 -0.4372 	 1.0588
3.4369 	 0.1635 	 0.0006 	 -0.5920 	 -0.7981 	 -0.1387 	 0.7759 	 -0.4695 	 -0.4462 	 1.0851
3.4469 	 0.1555 	 -0.0009 	 -0.5842 	 -0.8027 	 -0.1432 	 0.7869 	 -0.4576 	 -0.4631 	 1.1263
3.4569 	 0.1474 	 -0.0023 	 -0.5762 	 -0.8071 	 -0.1479 	 0.7982 	 -0.4260 	 -0.4698 	 1.1181
3.4669 	 0.1393 	 -0.0038 	 -0.5682 	 -0.8112 	 -0.1526 	 0.8093 	 -0.3909 	 -0.4754 	 1.1033
3.4770 	 0.1312 	 -0.0054 	 -0.5600 	 -0.8150 	 -0.1574 	 0.8203 	 -0.3560 	 -0.4814 	 1.0926
3.4870 	 0.1230 	 -0.0070 	 -0.5517 	 -0.8184 	 -0.1623 	 0.8312 	 -0.3172 	 -0.4876 	 1.0749
3.4970 	 0.1148 	 -0.0086 	 -0.5433 	 -0.8213 	 -0.1672 	 0.8418 	 -0.2769 	 -0.4945 	 1.0565
3.5070 	 0.1065 	 -0.0103 	 -0.5349 	 -0.8239 	 -0.1722 	 0.8524 	 -0.2371 	 -0.5024 	 1.0418
3.5170 	 0.0982 	 -0.0121 	 -0.5263 	 -0.8261 	 -0.1773 	 0.8627 	 -0.1921 	 -0.5123 	 1.0182
3.5271 	 0.0900 	 -0.0139 	 -0.5176 	 -0.8278 	 -0.1825 	 0.8728 	 -0.1440 	 -0.5289 	 0.9878
3.5371 	 0.0817 	 -0.0157 	 -0.5088 	 -0.8289 	 -0.1878 	 0.8825 	 -0.0939 	 -0.5356 	 0.9542
3.5471 	 0.0734 	 -0.0176 	 -0.4999 	 -0.8296 	 -0.1932 	 0.8919 	 -0.0444 	 -0.5360 	 0.9229
3.5571 	 0.0650 	 -0.0196 	 -0.4909 	 -0.8298 	 -0.1985 	 0.9010 	 0.0045 	 -0.5348 	 0.8968
3.5671 	 0.0567 	 -0.0216 	 -0.4818 	 -0.8295 	 -0.2039 	 0.9099 	 0.0539 	 -0.5339 	 0.8734
3.5772 	 0.0484 	 -0.0237 	 -0.4727 	 -0.8288 	 -0.2092 	 0.9185 	 0.1044 	 -0.5304 	 0.8449
3.5872 	 0.0401 	 -0.0258 	 -0.4634 	 -0.8275 	 -0.2145 	 0.9268 	 0.1505 	 -0.5321 	 0.8253
3.5972 	 0.0318 	 -0.0280 	 -0.4541 	 -0.8257 	 -0.2199 	 0.9350 	 0.2034 	 -0.5312 	 0.8057
3.6072 	 0.0236 	 -0.0302 	 -0.4447 	 -0.8234 	 -0.2252 	 0.9430 	 0.2603 	 -0.5285 	 0.7763
3.6172 	 0.0153 	 -0.0325 	 -0.4352 	 -0.8205 	 -0.2305 	 0.9506 	 0.3207 	 -0.5231 	 0.7419
3.6273 	 0.0071 	 -0.0348 	 -0.4256 	 -0.8170 	 -0.2357 	 0.9578 	 0.3849 	 -0.5135 	 0.7017
3.6373 	 -0.0010 	 -0.0372 	 -0.4160 	 -0.8128 	 -0.2407 	 0.9646 	 0.4532 	 -0.4989 	 0.6564
3.6473 	 -0.0091 	 -0.0397 	 -0.4063 	 -0.8079 	 -0.2456 	 0.9710 	 0.5216 	 -0.4858 	 0.6067
3.6573 	 -0.0172 	 -0.0422 	 -0.3966 	 -0.8023 	 -0.2504 	 0.9768 	 0.5972 	 -0.4694 	 0.5603
3.6673 	 -0.0252 	 -0.0447 	 -0.3867 	 -0.7959 	 -0.2551 	 0.9822 	 0.6715 	 -0.4531 	 0.5151
3.6774 	 -0.0332 	 -0.0473 	 -0.3769 	 -0.7888 	 -0.2595 	 0.9871 	 0.7406 	 -0.4348 	 0.4742
3.6874 	 -0.0410 	 -0.0499 	 -0.3670 	 -0.7811 	 -0.2638 	 0.9916 	 0.8016 	 -0.4100 	 0.4323
3.6974 	 -0.0488 	 -0.0525 	 -0.3570 	 -0.7727 	 -0.2678 	 0.9958 	 0.8636 	 -0.3893 	 0.3858
3.7074 	 -0.0565 	 -0.0552 	 -0.3470 	 -0.7638 	 -0.2716 	 0.9994 	 0.9248 	 -0.3660 	 0.3298
3.7174 	 -0.0641 	 -0.0580 	 -0.3370 	 -0.7542 	 -0.2751 	 1.0024 	 0.9820 	 -0.3415 	 0.2706
3.7275 	 -0.0716 	 -0.0608 	 -0.3269 	 -0.7441 	 -0.2784 	 1.0048 	 1.0349 	 -0.3163 	 0.2088
3.7375 	 -0.0790 	 -0.0636 	 -0.3169 	 -0.7335 	 -0.2814 	 1.0065 	 1.0827 	 -0.2907 	 0.1454
3.7475 	 -0.0863 	 -0.0664 	 -0.3068 	 -0.7225 	 -0.2842 	 1.0078 	 1.1142 	 -0.2595 	 0.0993
3.7575 	 -0.0935 	 -0.0693 	 -0.2967 	 -0.7111 	 -0.2867 	 1.0085 	 1.1497 	 -0.2335 	 0.0446
3.7675 	 -0.1006 	 -0.0721 	 -0.2866 	 -0.6995 	 -0.2889 	 1.0086 	 1.1822 	 -0.2135 	 -0.0168
3.7776 	 -0.1075 	 -0.0750 	 -0.2765 	 -0.6875 	 -0.2909 	 1.0082 	 1.1979 	 -0.1860 	 -0.0658
3.7876 	 -0.1143 	 -0.0780 	 -0.2664 	 -0.6754 	 -0.2926 	 1.0072 	 1.2138 	 -0.1612 	 -0.1208
3.7976 	 -0.1210 	 -0.0809 	 -0.2563 	 -0.6632 	 -0.2941 	 1.0058 	 1.2250 	 -0.1376 	 -0.1727
3.8076 	 -0.1276 	 -0.0839 	 -0.2462 	 -0.6509 	 -0.2954 	 1.0038 	 1.2295 	 -0.1136 	 -0.2145
3.8176 	 -0.1341 	 -0.0868 	 -0.2362 	 -0.6386 	 -0.2964 	 1.0015 	 1.2335 	 -0.0924 	 -0.2584
3.8277 	 -0.1404 	 -0.0898 	 -0.2261 	 -0.6262 	 -0.2972 	 0.9987 	 1.2321 	 -0.0716 	 -0.2927
3.8377 	 -0.1466 	 -0.0928 	 -0.2161 	 -0.6139 	 -0.2979 	 0.9956 	 1.2250 	 -0.0571 	 -0.3257
3.8477 	 -0.1527 	 -0.0958 	 -0.2062 	 -0.6017 	 -0.2984 	 0.9922 	 1.2227 	 -0.0382 	 -0.3572
3.8577 	 -0.1587 	 -0.0988 	 -0.1963 	 -0.5894 	 -0.2987 	 0.9884 	 1.2198 	 -0.0203 	 -0.3861
3.8677 	 -0.1645 	 -0.1018 	 -0.1864 	 -0.5772 	 -0.2988 	 0.9845 	 1.2137 	 -0.0059 	 -0.4065
3.8778 	 -0.1703 	 -0.1047 	 -0.1765 	 -0.5651 	 -0.2988 	 0.9803 	 1.2098 	 0.0099 	 -0.4302
3.8878 	 -0.1759 	 -0.1077 	 -0.1667 	 -0.5530 	 -0.2986 	 0.9759 	 1.2037 	 0.0271 	 -0.4467
3.8978 	 -0.1813 	 -0.1107 	 -0.1570 	 -0.5410 	 -0.2982 	 0.9713 	 1.1996 	 0.0425 	 -0.4672
3.9078 	 -0.1867 	 -0.1137 	 -0.1473 	 -0.5290 	 -0.2977 	 0.9665 	 1.1957 	 0.0573 	 -0.4863
3.9178 	 -0.1919 	 -0.1167 	 -0.1376 	 -0.5170 	 -0.2971 	 0.9616 	 1.1937 	 0.0722 	 -0.4986
3.9279 	 -0.1971 	 -0.1197 	 -0.1280 	 -0.5051 	 -0.2963 	 0.9565 	 1.1901 	 0.0859 	 -0.5170
3.9379 	 -0.2021 	 -0.1226 	 -0.1184 	 -0.4932 	 -0.2954 	 0.9512 	 1.1814 	 0.0989 	 -0.5304
3.9479 	 -0.2070 	 -0.1256 	 -0.1089 	 -0.4814 	 -0.2943 	 0.9459 	 1.1719 	 0.1117 	 -0.5423
3.9579 	 -0.2117 	 -0.1285 	 -0.0995 	 -0.4696 	 -0.2931 	 0.9403 	 1.1669 	 0.1239 	 -0.5567
3.9679 	 -0.2164 	 -0.1315 	 -0.0901 	 -0.4580 	 -0.2918 	 0.9348 	 1.1516 	 0.1358 	 -0.5606
3.9780 	 -0.2209 	 -0.1344 	 -0.0808 	 -0.4465 	 -0.2904 	 0.9291 	 1.1400 	 0.1473 	 -0.5671
3.9880 	 -0.2253 	 -0.1373 	 -0.0715 	 -0.4351 	 -0.2889 	 0.9234 	 1.1283 	 0.1577 	 -0.5731
3.9980 	 -0.2296 	 -0.1402 	 -0.0623 	 -0.4240 	 -0.2873 	 0.9177 	 1.1057 	 0.1685 	 -0.5622
4.0080 	 -0.2338 	 -0.1430 	 -0.0531 	 -0.4130 	 -0.2855 	 0.9121 	 1.0746 	 0.1751 	 -0.5521
4.0180 	 -0.2379 	 -0.1459 	 -0.0440 	 -0.4024 	 -0.2837 	 0.9066 	 1.0469 	 0.1861 	 -0.5470
4.0281 	 -0.2419 	 -0.1487 	 -0.0349 	 -0.3920 	 -0.2818 	 0.9011 	 1.0175 	 0.1915 	 -0.5364
4.0381 	 -0.2458 	 -0.1515 	 -0.0259 	 -0.3819 	 -0.2799 	 0.8957 	 0.9972 	 0.1976 	 -0.5316
4.0481 	 -0.2495 	 -0.1543 	 -0.0170 	 -0.3720 	 -0.2779 	 0.8904 	 0.9825 	 0.2040 	 -0.5304
4.0581 	 -0.2532 	 -0.1571 	 -0.0081 	 -0.3621 	 -0.2759 	 0.8852 	 0.9722 	 0.2032 	 -0.5178
4.0681 	 -0.2568 	 -0.1599 	 0.0008 	 -0.3524 	 -0.2738 	 0.8800 	 0.9558 	 0.2057 	 -0.5058
4.0782 	 -0.2603 	 -0.1626 	 0.0096 	 -0.3429 	 -0.2717 	 0.8750 	 0.9419 	 0.2106 	 -0.5042
4.0882 	 -0.2637 	 -0.1653 	 0.0183 	 -0.3336 	 -0.2696 	 0.8700 	 0.9194 	 0.2110 	 -0.4942
4.0982 	 -0.2670 	 -0.1680 	 0.0270 	 -0.3245 	 -0.2675 	 0.8651 	 0.8804 	 0.2094 	 -0.4708
4.1082 	 -0.2702 	 -0.1707 	 0.0356 	 -0.3158 	 -0.2654 	 0.8604 	 0.8644 	 0.2116 	 -0.4655
4.1182 	 -0.2733 	 -0.1733 	 0.0442 	 -0.3072 	 -0.2632 	 0.8558 	 0.8494 	 0.2137 	 -0.4607
4.1283 	 -0.2763 	 -0.1759 	 0.0528 	 -0.2988 	 -0.2611 	 0.8512 	 0.8256 	 0.2127 	 -0.4476
4.1383 	 -0.2793 	 -0.1785 	 0.0613 	 -0.2906 	 -0.2590 	 0.8468 	 0.8110 	 0.2140 	 -0.4425
4.1483 	 -0.2822 	 -0.1811 	 0.0698 	 -0.2826 	 -0.2568 	 0.8424 	 0.7914 	 0.2129 	 -0.4343
4.1583 	 -0.2849 	 -0.1837 	 0.0782 	 -0.2748 	 -0.2547 	 0.8381 	 0.7671 	 0.2089 	 -0.4222
4.1683 	 -0.2877 	 -0.1862 	 0.0866 	 -0.2672 	 -0.2526 	 0.8339 	 0.7431 	 0.2054 	 -0.4090
4.1784 	 -0.2903 	 -0.1888 	 0.0949 	 -0.2599 	 -0.2506 	 0.8298 	 0.7279 	 0.2048 	 -0.4025
4.1884 	 -0.2929 	 -0.1913 	 0.1032 	 -0.2526 	 -0.2485 	 0.8258 	 0.7135 	 0.2041 	 -0.3965
4.1984 	 -0.2954 	 -0.1937 	 0.1114 	 -0.2456 	 -0.2465 	 0.8219 	 0.7000 	 0.2035 	 -0.3909
4.2084 	 -0.2978 	 -0.1962 	 0.1197 	 -0.2386 	 -0.2445 	 0.8180 	 0.6870 	 0.2029 	 -0.3858
4.2184 	 -0.3001 	 -0.1986 	 0.1278 	 -0.2318 	 -0.2424 	 0.8142 	 0.6747 	 0.2023 	 -0.3810
4.2285 	 -0.3024 	 -0.2010 	 0.1360 	 -0.2251 	 -0.2404 	 0.8104 	 0.6565 	 0.2011 	 -0.3750
4.2385 	 -0.3047 	 -0.2034 	 0.1441 	 -0.2186 	 -0.2384 	 0.8066 	 0.6448 	 0.2003 	 -0.3705
4.2485 	 -0.3068 	 -0.2058 	 0.1521 	 -0.2122 	 -0.2364 	 0.8030 	 0.6335 	 0.1996 	 -0.3661
4.2585 	 -0.3089 	 -0.2082 	 0.1602 	 -0.2059 	 -0.2344 	 0.7993 	 0.6227 	 0.1988 	 -0.3620
4.2685 	 -0.3109 	 -0.2105 	 0.1682 	 -0.1997 	 -0.2324 	 0.7957 	 0.6122 	 0.1980 	 -0.3579
4.2786 	 -0.3129 	 -0.2128 	 0.1761 	 -0.1936 	 -0.2304 	 0.7921 	 0.6021 	 0.1973 	 -0.3540
4.2886 	 -0.3148 	 -0.2151 	 0.1840 	 -0.1877 	 -0.2285 	 0.7886 	 0.5922 	 0.1965 	 -0.3501
4.2986 	 -0.3167 	 -0.2174 	 0.1919 	 -0.1818 	 -0.2265 	 0.7851 	 0.5827 	 0.1957 	 -0.3463
4.3086 	 -0.3185 	 -0.2197 	 0.1998 	 -0.1760 	 -0.2245 	 0.7817 	 0.5677 	 0.1925 	 -0.3400
4.3186 	 -0.3202 	 -0.2219 	 0.2076 	 -0.1704 	 -0.2226 	 0.7783 	 0.5578 	 0.1913 	 -0.3355
4.3287 	 -0.3219 	 -0.2241 	 0.2154 	 -0.1648 	 -0.2207 	 0.7750 	 0.5486 	 0.1934 	 -0.3226
4.3387 	 -0.3235 	 -0.2263 	 0.2231 	 -0.1594 	 -0.2188 	 0.7718 	 0.5360 	 0.1883 	 -0.3160
4.3487 	 -0.3251 	 -0.2285 	 0.2308 	 -0.1540 	 -0.2169 	 0.7686 	 0.5270 	 0.1861 	 -0.3125
4.3587 	 -0.3266 	 -0.2307 	 0.2385 	 -0.1488 	 -0.2150 	 0.7655 	 0.5183 	 0.1840 	 -0.3091
4.3687 	 -0.3281 	 -0.2328 	 0.2462 	 -0.1437 	 -0.2132 	 0.7624 	 0.5099 	 0.1818 	 -0.3057
4.3788 	 -0.3295 	 -0.2350 	 0.2538 	 -0.1386 	 -0.2114 	 0.7594 	 0.4972 	 0.1773 	 -0.2985
4.3888 	 -0.3308 	 -0.2371 	 0.2614 	 -0.1337 	 -0.2097 	 0.7564 	 0.4871 	 0.1720 	 -0.2901
4.3988 	 -0.3322 	 -0.2392 	 0.2690 	 -0.1288 	 -0.2079 	 0.7535 	 0.4793 	 0.1705 	 -0.2875
4.4088 	 -0.3334 	 -0.2412 	 0.2765 	 -0.1241 	 -0.2062 	 0.7507 	 0.4718 	 0.1690 	 -0.2851
4.4188 	 -0.3346 	 -0.2433 	 0.2840 	 -0.1194 	 -0.2046 	 0.7478 	 0.4647 	 0.1678 	 -0.2829
4.4289 	 -0.3358 	 -0.2453 	 0.2915 	 -0.1148 	 -0.2029 	 0.7450 	 0.4578 	 0.1666 	 -0.2809
4.4389 	 -0.3369 	 -0.2474 	 0.2989 	 -0.1102 	 -0.2012 	 0.7422 	 0.4512 	 0.1656 	 -0.2792
4.4489 	 -0.3380 	 -0.2494 	 0.3064 	 -0.1057 	 -0.1996 	 0.7394 	 0.4448 	 0.1647 	 -0.2778
4.4589 	 -0.3391 	 -0.2514 	 0.3137 	 -0.1013 	 -0.1979 	 0.7367 	 0.4338 	 0.1606 	 -0.2724
4.4689 	 -0.3401 	 -0.2533 	 0.3211 	 -0.0970 	 -0.1963 	 0.7339 	 0.4271 	 0.1594 	 -0.2706
4.4790 	 -0.3410 	 -0.2553 	 0.3285 	 -0.0928 	 -0.1948 	 0.7312 	 0.4206 	 0.1583 	 -0.2690
4.4890 	 -0.3419 	 -0.2572 	 0.3358 	 -0.0886 	 -0.1932 	 0.7286 	 0.4143 	 0.1574 	 -0.2677
4.4990 	 -0.3428 	 -0.2592 	 0.3431 	 -0.0845 	 -0.1916 	 0.7259 	 0.4082 	 0.1566 	 -0.2667
4.5090 	 -0.3436 	 -0.2611 	 0.3503 	 -0.0804 	 -0.1900 	 0.7232 	 0.4066 	 0.1574 	 -0.2614
4.5190 	 -0.3444 	 -0.2630 	 0.3576 	 -0.0763 	 -0.1885 	 0.7206 	 0.4008 	 0.1569 	 -0.2611
4.5291 	 -0.3451 	 -0.2649 	 0.3648 	 -0.0724 	 -0.1869 	 0.7180 	 0.3953 	 0.1563 	 -0.2611
4.5391 	 -0.3458 	 -0.2667 	 0.3719 	 -0.0684 	 -0.1853 	 0.7154 	 0.3900 	 0.1559 	 -0.2614
4.5491 	 -0.3465 	 -0.2686 	 0.3791 	 -0.0645 	 -0.1838 	 0.7127 	 0.3850 	 0.1554 	 -0.2620
4.5591 	 -0.3471 	 -0.2704 	 0.3862 	 -0.0607 	 -0.1822 	 0.7101 	 0.3802 	 0.1549 	 -0.2629
4.5691 	 -0.3477 	 -0.2722 	 0.3933 	 -0.0569 	 -0.1807 	 0.7075 	 0.3758 	 0.1544 	 -0.2641
4.5792 	 -0.3483 	 -0.2740 	 0.4004 	 -0.0532 	 -0.1791 	 0.7048 	 0.3717 	 0.1538 	 -0.2655
4.5892 	 -0.3488 	 -0.2758 	 0.4074 	 -0.0495 	 -0.1776 	 0.7021 	 0.3680 	 0.1530 	 -0.2671
4.5992 	 -0.3493 	 -0.2776 	 0.4145 	 -0.0458 	 -0.1760 	 0.6995 	 0.3648 	 0.1520 	 -0.2691
4.6092 	 -0.3497 	 -0.2793 	 0.4215 	 -0.0422 	 -0.1745 	 0.6968 	 0.3620 	 0.1509 	 -0.2712
4.6192 	 -0.3501 	 -0.2811 	 0.4284 	 -0.0385 	 -0.1730 	 0.6940 	 0.3597 	 0.1494 	 -0.2736
4.6293 	 -0.3505 	 -0.2828 	 0.4354 	 -0.0349 	 -0.1715 	 0.6913 	 0.3581 	 0.1478 	 -0.2763
4.6393 	 -0.3508 	 -0.2845 	 0.4423 	 -0.0314 	 -0.1701 	 0.6885 	 0.3570 	 0.1460 	 -0.2795
4.6493 	 -0.3511 	 -0.2862 	 0.4492 	 -0.0277 	 -0.1686 	 0.6857 	 0.3624 	 0.1468 	 -0.2831
4.6593 	 -0.3514 	 -0.2879 	 0.4560 	 -0.0241 	 -0.1671 	 0.6828 	 0.3626 	 0.1453 	 -0.2881
4.6693 	 -0.3516 	 -0.2896 	 0.4629 	 -0.0205 	 -0.1657 	 0.6799 	 0.3632 	 0.1449 	 -0.2944
4.6794 	 -0.3518 	 -0.2912 	 0.4697 	 -0.0168 	 -0.1642 	 0.6769 	 0.3635 	 0.1461 	 -0.3015
4.6894 	 -0.3519 	 -0.2929 	 0.4764 	 -0.0132 	 -0.1627 	 0.6739 	 0.3628 	 0.1491 	 -0.3085
4.6994 	 -0.3520 	 -0.2945 	 0.4832 	 -0.0096 	 -0.1612 	 0.6707 	 0.3606 	 0.1529 	 -0.3141
4.7094 	 -0.3521 	 -0.2961 	 0.4899 	 -0.0060 	 -0.1597 	 0.6676 	 0.3573 	 0.1567 	 -0.3180
4.7194 	 -0.3522 	 -0.2977 	 0.4965 	 -0.0024 	 -0.1581 	 0.6644 	 0.3535 	 0.1598 	 -0.3204
4.7295 	 -0.3522 	 -0.2993 	 0.5032 	 0.0011 	 -0.1565 	 0.6612 	 0.3444 	 0.1590 	 -0.3186
4.7395 	 -0.3521 	 -0.3008 	 0.5098 	 0.0045 	 -0.1549 	 0.6580 	 0.3433 	 0.1636 	 -0.3147
4.7495 	 -0.3521 	 -0.3024 	 0.5164 	 0.0079 	 -0.1533 	 0.6548 	 0.3384 	 0.1644 	 -0.3151
4.7595 	 -0.3520 	 -0.3039 	 0.5229 	 0.0113 	 -0.1516 	 0.6517 	 0.3337 	 0.1649 	 -0.3152
4.7695 	 -0.3519 	 -0.3054 	 0.5294 	 0.0146 	 -0.1499 	 0.6485 	 0.3291 	 0.1652 	 -0.3151
4.7796 	 -0.3517 	 -0.3069 	 0.5359 	 0.0179 	 -0.1483 	 0.6454 	 0.3246 	 0.1654 	 -0.3149
4.7896 	 -0.3515 	 -0.3084 	 0.5424 	 0.0211 	 -0.1466 	 0.6422 	 0.3203 	 0.1654 	 -0.3145
4.7996 	 -0.3513 	 -0.3098 	 0.5488 	 0.0243 	 -0.1450 	 0.6391 	 0.3178 	 0.1668 	 -0.3082
4.8096 	 -0.3510 	 -0.3113 	 0.5552 	 0.0275 	 -0.1433 	 0.6360 	 0.3136 	 0.1667 	 -0.3080
4.8196 	 -0.3507 	 -0.3127 	 0.5615 	 0.0306 	 -0.1416 	 0.6329 	 0.3094 	 0.1666 	 -0.3078
4.8297 	 -0.3504 	 -0.3141 	 0.5678 	 0.0337 	 -0.1400 	 0.6298 	 0.3053 	 0.1665 	 -0.3075
4.8397 	 -0.3500 	 -0.3155 	 0.5741 	 0.0367 	 -0.1383 	 0.6267 	 0.3014 	 0.1664 	 -0.3073
4.8497 	 -0.3497 	 -0.3169 	 0.5804 	 0.0397 	 -0.1367 	 0.6237 	 0.2923 	 0.1634 	 -0.3039
4.8597 	 -0.3492 	 -0.3182 	 0.5866 	 0.0426 	 -0.1350 	 0.6206 	 0.2883 	 0.1632 	 -0.3034
4.8697 	 -0.3488 	 -0.3196 	 0.5928 	 0.0455 	 -0.1334 	 0.6176 	 0.2844 	 0.1631 	 -0.3028
4.8798 	 -0.3483 	 -0.3209 	 0.5990 	 0.0482 	 -0.1318 	 0.6146 	 0.2761 	 0.1603 	 -0.2980
4.8898 	 -0.3478 	 -0.3222 	 0.6052 	 0.0510 	 -0.1302 	 0.6116 	 0.2720 	 0.1599 	 -0.2971
4.8998 	 -0.3473 	 -0.3235 	 0.6113 	 0.0537 	 -0.1286 	 0.6087 	 0.2664 	 0.1576 	 -0.2902
4.9098 	 -0.3468 	 -0.3248 	 0.6174 	 0.0563 	 -0.1270 	 0.6058 	 0.2621 	 0.1570 	 -0.2880
4.9198 	 -0.3462 	 -0.3261 	 0.6234 	 0.0589 	 -0.1254 	 0.6029 	 0.2578 	 0.1564 	 -0.2860
4.9299 	 -0.3456 	 -0.3273 	 0.6294 	 0.0615 	 -0.1239 	 0.6000 	 0.2490 	 0.1514 	 -0.2850
4.9399 	 -0.3450 	 -0.3286 	 0.6354 	 0.0640 	 -0.1224 	 0.5972 	 0.2494 	 0.1542 	 -0.2805
4.9499 	 -0.3443 	 -0.3298 	 0.6414 	 0.0664 	 -0.1208 	 0.5944 	 0.2449 	 0.1534 	 -0.2791
4.9599 	 -0.3436 	 -0.3310 	 0.6473 	 0.0689 	 -0.1193 	 0.5916 	 0.2404 	 0.1527 	 -0.2778
4.9699 	 -0.3429 	 -0.3322 	 0.6533 	 0.0712 	 -0.1178 	 0.5888 	 0.2360 	 0.1519 	 -0.2766
4.9800 	 -0.3422 	 -0.3333 	 0.6591 	 0.0736 	 -0.1163 	 0.5860 	 0.2289 	 0.1491 	 -0.2701
4.9900 	 -0.3415 	 -0.3345 	 0.6650 	 0.0759 	 -0.1148 	 0.5833 	 0.2240 	 0.1479 	 -0.2678
