100-Body Run with i = 94 th particle. (Units in pc,M_solar,Myr, km s-1) 

time		 x 		 y 		 z 		 xdot 		 ydot 		 zdot 		 xddot 		 yddot 		 zddot
0.0000 	 -1.0243 	 0.1941 	 -1.6289 	 -0.0175 	 -0.0131 	 0.0001 	 0.0839 	 -0.0238 	 0.0881
0.0100 	 -1.0245 	 0.1939 	 -1.6289 	 -0.0166 	 -0.0133 	 0.0010 	 0.0839 	 -0.0238 	 0.0881
0.0200 	 -1.0247 	 0.1938 	 -1.6289 	 -0.0158 	 -0.0136 	 0.0018 	 0.0839 	 -0.0238 	 0.0881
0.0301 	 -1.0248 	 0.1937 	 -1.6289 	 -0.0149 	 -0.0138 	 0.0027 	 0.0839 	 -0.0237 	 0.0881
0.0401 	 -1.0250 	 0.1935 	 -1.6289 	 -0.0141 	 -0.0140 	 0.0036 	 0.0839 	 -0.0237 	 0.0880
0.0501 	 -1.0251 	 0.1934 	 -1.6288 	 -0.0132 	 -0.0143 	 0.0045 	 0.0839 	 -0.0237 	 0.0880
0.0601 	 -1.0252 	 0.1932 	 -1.6288 	 -0.0124 	 -0.0145 	 0.0054 	 0.0839 	 -0.0237 	 0.0880
0.0701 	 -1.0254 	 0.1931 	 -1.6287 	 -0.0116 	 -0.0147 	 0.0062 	 0.0839 	 -0.0236 	 0.0880
0.0802 	 -1.0255 	 0.1929 	 -1.6286 	 -0.0107 	 -0.0150 	 0.0071 	 0.0838 	 -0.0236 	 0.0880
0.0902 	 -1.0256 	 0.1928 	 -1.6286 	 -0.0099 	 -0.0152 	 0.0080 	 0.0838 	 -0.0236 	 0.0880
0.1002 	 -1.0257 	 0.1926 	 -1.6285 	 -0.0090 	 -0.0155 	 0.0089 	 0.0838 	 -0.0236 	 0.0880
0.1102 	 -1.0258 	 0.1925 	 -1.6284 	 -0.0082 	 -0.0157 	 0.0098 	 0.0838 	 -0.0235 	 0.0880
0.1202 	 -1.0258 	 0.1923 	 -1.6283 	 -0.0074 	 -0.0159 	 0.0107 	 0.0838 	 -0.0235 	 0.0880
0.1303 	 -1.0259 	 0.1922 	 -1.6282 	 -0.0065 	 -0.0162 	 0.0115 	 0.0838 	 -0.0235 	 0.0880
0.1403 	 -1.0260 	 0.1920 	 -1.6281 	 -0.0057 	 -0.0164 	 0.0124 	 0.0838 	 -0.0235 	 0.0880
0.1503 	 -1.0260 	 0.1918 	 -1.6279 	 -0.0048 	 -0.0166 	 0.0133 	 0.0838 	 -0.0234 	 0.0880
0.1603 	 -1.0261 	 0.1917 	 -1.6278 	 -0.0040 	 -0.0169 	 0.0142 	 0.0838 	 -0.0234 	 0.0881
0.1703 	 -1.0261 	 0.1915 	 -1.6276 	 -0.0032 	 -0.0171 	 0.0151 	 0.0838 	 -0.0234 	 0.0881
0.1804 	 -1.0261 	 0.1913 	 -1.6275 	 -0.0023 	 -0.0173 	 0.0159 	 0.0838 	 -0.0234 	 0.0881
0.1904 	 -1.0261 	 0.1912 	 -1.6273 	 -0.0015 	 -0.0176 	 0.0168 	 0.0838 	 -0.0234 	 0.0881
0.2004 	 -1.0262 	 0.1910 	 -1.6271 	 -0.0007 	 -0.0178 	 0.0177 	 0.0838 	 -0.0233 	 0.0881
0.2104 	 -1.0262 	 0.1908 	 -1.6270 	 0.0002 	 -0.0180 	 0.0186 	 0.0838 	 -0.0233 	 0.0881
0.2204 	 -1.0261 	 0.1906 	 -1.6268 	 0.0010 	 -0.0183 	 0.0195 	 0.0838 	 -0.0233 	 0.0881
0.2305 	 -1.0261 	 0.1904 	 -1.6266 	 0.0019 	 -0.0185 	 0.0204 	 0.0838 	 -0.0233 	 0.0881
0.2405 	 -1.0261 	 0.1902 	 -1.6264 	 0.0027 	 -0.0187 	 0.0212 	 0.0838 	 -0.0232 	 0.0882
0.2505 	 -1.0261 	 0.1901 	 -1.6262 	 0.0035 	 -0.0190 	 0.0221 	 0.0838 	 -0.0232 	 0.0882
0.2605 	 -1.0260 	 0.1899 	 -1.6259 	 0.0044 	 -0.0192 	 0.0230 	 0.0838 	 -0.0232 	 0.0882
0.2705 	 -1.0260 	 0.1897 	 -1.6257 	 0.0052 	 -0.0194 	 0.0239 	 0.0838 	 -0.0232 	 0.0882
0.2806 	 -1.0259 	 0.1895 	 -1.6254 	 0.0061 	 -0.0197 	 0.0248 	 0.0838 	 -0.0231 	 0.0882
0.2906 	 -1.0259 	 0.1893 	 -1.6252 	 0.0069 	 -0.0199 	 0.0257 	 0.0838 	 -0.0231 	 0.0883
0.3006 	 -1.0258 	 0.1891 	 -1.6249 	 0.0077 	 -0.0201 	 0.0265 	 0.0838 	 -0.0231 	 0.0883
0.3106 	 -1.0257 	 0.1889 	 -1.6247 	 0.0086 	 -0.0204 	 0.0274 	 0.0838 	 -0.0231 	 0.0883
0.3206 	 -1.0256 	 0.1887 	 -1.6244 	 0.0094 	 -0.0206 	 0.0283 	 0.0838 	 -0.0230 	 0.0883
0.3307 	 -1.0255 	 0.1885 	 -1.6241 	 0.0103 	 -0.0208 	 0.0292 	 0.0838 	 -0.0230 	 0.0884
0.3407 	 -1.0254 	 0.1882 	 -1.6238 	 0.0111 	 -0.0210 	 0.0301 	 0.0838 	 -0.0230 	 0.0884
0.3507 	 -1.0253 	 0.1880 	 -1.6235 	 0.0119 	 -0.0213 	 0.0310 	 0.0838 	 -0.0230 	 0.0884
0.3607 	 -1.0252 	 0.1878 	 -1.6232 	 0.0128 	 -0.0215 	 0.0319 	 0.0838 	 -0.0229 	 0.0885
0.3707 	 -1.0250 	 0.1876 	 -1.6229 	 0.0136 	 -0.0217 	 0.0327 	 0.0838 	 -0.0229 	 0.0885
0.3808 	 -1.0249 	 0.1874 	 -1.6225 	 0.0145 	 -0.0220 	 0.0336 	 0.0838 	 -0.0229 	 0.0885
0.3908 	 -1.0248 	 0.1872 	 -1.6222 	 0.0153 	 -0.0222 	 0.0345 	 0.0838 	 -0.0229 	 0.0886
0.4008 	 -1.0246 	 0.1869 	 -1.6218 	 0.0161 	 -0.0224 	 0.0354 	 0.0838 	 -0.0228 	 0.0886
0.4108 	 -1.0244 	 0.1867 	 -1.6215 	 0.0170 	 -0.0227 	 0.0363 	 0.0838 	 -0.0228 	 0.0887
0.4208 	 -1.0243 	 0.1865 	 -1.6211 	 0.0178 	 -0.0229 	 0.0372 	 0.0838 	 -0.0228 	 0.0887
0.4309 	 -1.0241 	 0.1863 	 -1.6207 	 0.0187 	 -0.0231 	 0.0381 	 0.0838 	 -0.0228 	 0.0887
0.4409 	 -1.0239 	 0.1860 	 -1.6203 	 0.0195 	 -0.0233 	 0.0390 	 0.0838 	 -0.0228 	 0.0888
0.4509 	 -1.0237 	 0.1858 	 -1.6199 	 0.0203 	 -0.0236 	 0.0399 	 0.0838 	 -0.0227 	 0.0888
0.4609 	 -1.0235 	 0.1856 	 -1.6195 	 0.0212 	 -0.0238 	 0.0407 	 0.0838 	 -0.0227 	 0.0889
0.4709 	 -1.0233 	 0.1853 	 -1.6191 	 0.0220 	 -0.0240 	 0.0416 	 0.0838 	 -0.0227 	 0.0889
0.4810 	 -1.0230 	 0.1851 	 -1.6187 	 0.0229 	 -0.0243 	 0.0425 	 0.0838 	 -0.0227 	 0.0890
0.4910 	 -1.0228 	 0.1848 	 -1.6183 	 0.0237 	 -0.0245 	 0.0434 	 0.0838 	 -0.0226 	 0.0890
0.5010 	 -1.0226 	 0.1846 	 -1.6178 	 0.0245 	 -0.0247 	 0.0443 	 0.0838 	 -0.0226 	 0.0891
0.5110 	 -1.0223 	 0.1843 	 -1.6174 	 0.0254 	 -0.0249 	 0.0452 	 0.0838 	 -0.0226 	 0.0891
0.5210 	 -1.0221 	 0.1841 	 -1.6169 	 0.0262 	 -0.0252 	 0.0461 	 0.0839 	 -0.0226 	 0.0892
0.5311 	 -1.0218 	 0.1838 	 -1.6165 	 0.0271 	 -0.0254 	 0.0470 	 0.0839 	 -0.0225 	 0.0892
0.5411 	 -1.0215 	 0.1836 	 -1.6160 	 0.0279 	 -0.0256 	 0.0479 	 0.0839 	 -0.0225 	 0.0893
0.5511 	 -1.0212 	 0.1833 	 -1.6155 	 0.0287 	 -0.0258 	 0.0488 	 0.0839 	 -0.0225 	 0.0894
0.5611 	 -1.0209 	 0.1831 	 -1.6150 	 0.0296 	 -0.0261 	 0.0497 	 0.0839 	 -0.0225 	 0.0894
0.5711 	 -1.0206 	 0.1828 	 -1.6145 	 0.0304 	 -0.0263 	 0.0506 	 0.0839 	 -0.0224 	 0.0895
0.5812 	 -1.0203 	 0.1825 	 -1.6140 	 0.0313 	 -0.0265 	 0.0515 	 0.0839 	 -0.0224 	 0.0895
0.5912 	 -1.0200 	 0.1823 	 -1.6135 	 0.0321 	 -0.0267 	 0.0524 	 0.0839 	 -0.0224 	 0.0896
0.6012 	 -1.0197 	 0.1820 	 -1.6129 	 0.0329 	 -0.0270 	 0.0533 	 0.0839 	 -0.0224 	 0.0897
0.6112 	 -1.0193 	 0.1817 	 -1.6124 	 0.0338 	 -0.0272 	 0.0542 	 0.0840 	 -0.0223 	 0.0897
0.6212 	 -1.0190 	 0.1814 	 -1.6119 	 0.0346 	 -0.0274 	 0.0551 	 0.0840 	 -0.0223 	 0.0898
0.6313 	 -1.0187 	 0.1812 	 -1.6113 	 0.0355 	 -0.0276 	 0.0560 	 0.0840 	 -0.0223 	 0.0899
0.6413 	 -1.0183 	 0.1809 	 -1.6107 	 0.0363 	 -0.0279 	 0.0569 	 0.0840 	 -0.0223 	 0.0900
0.6513 	 -1.0179 	 0.1806 	 -1.6102 	 0.0371 	 -0.0281 	 0.0578 	 0.0840 	 -0.0222 	 0.0900
0.6613 	 -1.0175 	 0.1803 	 -1.6096 	 0.0380 	 -0.0283 	 0.0587 	 0.0840 	 -0.0222 	 0.0901
0.6713 	 -1.0172 	 0.1800 	 -1.6090 	 0.0388 	 -0.0285 	 0.0596 	 0.0841 	 -0.0222 	 0.0902
0.6814 	 -1.0168 	 0.1798 	 -1.6084 	 0.0397 	 -0.0287 	 0.0605 	 0.0841 	 -0.0222 	 0.0903
0.6914 	 -1.0164 	 0.1795 	 -1.6078 	 0.0405 	 -0.0290 	 0.0614 	 0.0841 	 -0.0221 	 0.0903
0.7014 	 -1.0160 	 0.1792 	 -1.6072 	 0.0414 	 -0.0292 	 0.0623 	 0.0841 	 -0.0221 	 0.0904
0.7114 	 -1.0155 	 0.1789 	 -1.6065 	 0.0422 	 -0.0294 	 0.0632 	 0.0841 	 -0.0221 	 0.0905
0.7214 	 -1.0151 	 0.1786 	 -1.6059 	 0.0430 	 -0.0296 	 0.0641 	 0.0841 	 -0.0221 	 0.0906
0.7315 	 -1.0147 	 0.1783 	 -1.6052 	 0.0439 	 -0.0298 	 0.0650 	 0.0842 	 -0.0220 	 0.0907
0.7415 	 -1.0142 	 0.1780 	 -1.6046 	 0.0447 	 -0.0301 	 0.0659 	 0.0842 	 -0.0220 	 0.0908
0.7515 	 -1.0138 	 0.1777 	 -1.6039 	 0.0456 	 -0.0303 	 0.0668 	 0.0842 	 -0.0220 	 0.0909
0.7615 	 -1.0133 	 0.1774 	 -1.6032 	 0.0464 	 -0.0305 	 0.0677 	 0.0842 	 -0.0220 	 0.0910
0.7715 	 -1.0129 	 0.1771 	 -1.6026 	 0.0473 	 -0.0307 	 0.0687 	 0.0843 	 -0.0219 	 0.0911
0.7816 	 -1.0124 	 0.1768 	 -1.6019 	 0.0481 	 -0.0309 	 0.0696 	 0.0843 	 -0.0219 	 0.0912
0.7916 	 -1.0119 	 0.1765 	 -1.6012 	 0.0490 	 -0.0312 	 0.0705 	 0.0843 	 -0.0219 	 0.0913
0.8016 	 -1.0114 	 0.1761 	 -1.6005 	 0.0498 	 -0.0314 	 0.0714 	 0.0843 	 -0.0219 	 0.0914
0.8116 	 -1.0109 	 0.1758 	 -1.5997 	 0.0506 	 -0.0316 	 0.0723 	 0.0844 	 -0.0218 	 0.0915
0.8216 	 -1.0104 	 0.1755 	 -1.5990 	 0.0515 	 -0.0318 	 0.0732 	 0.0844 	 -0.0218 	 0.0916
0.8317 	 -1.0099 	 0.1752 	 -1.5983 	 0.0523 	 -0.0320 	 0.0741 	 0.0844 	 -0.0218 	 0.0917
0.8417 	 -1.0093 	 0.1749 	 -1.5975 	 0.0532 	 -0.0323 	 0.0751 	 0.0844 	 -0.0218 	 0.0918
0.8517 	 -1.0088 	 0.1745 	 -1.5968 	 0.0540 	 -0.0325 	 0.0760 	 0.0845 	 -0.0217 	 0.0919
0.8617 	 -1.0082 	 0.1742 	 -1.5960 	 0.0549 	 -0.0327 	 0.0769 	 0.0845 	 -0.0217 	 0.0920
0.8717 	 -1.0077 	 0.1739 	 -1.5952 	 0.0557 	 -0.0329 	 0.0778 	 0.0845 	 -0.0217 	 0.0921
0.8818 	 -1.0071 	 0.1736 	 -1.5944 	 0.0566 	 -0.0331 	 0.0788 	 0.0846 	 -0.0217 	 0.0922
0.8918 	 -1.0066 	 0.1732 	 -1.5936 	 0.0574 	 -0.0333 	 0.0797 	 0.0846 	 -0.0216 	 0.0923
0.9018 	 -1.0060 	 0.1729 	 -1.5928 	 0.0583 	 -0.0336 	 0.0806 	 0.0846 	 -0.0216 	 0.0925
0.9118 	 -1.0054 	 0.1726 	 -1.5920 	 0.0591 	 -0.0338 	 0.0815 	 0.0847 	 -0.0216 	 0.0926
0.9218 	 -1.0048 	 0.1722 	 -1.5912 	 0.0600 	 -0.0340 	 0.0825 	 0.0847 	 -0.0216 	 0.0927
0.9319 	 -1.0042 	 0.1719 	 -1.5904 	 0.0608 	 -0.0342 	 0.0834 	 0.0848 	 -0.0215 	 0.0928
0.9419 	 -1.0036 	 0.1715 	 -1.5895 	 0.0617 	 -0.0344 	 0.0843 	 0.0848 	 -0.0215 	 0.0929
0.9519 	 -1.0030 	 0.1712 	 -1.5887 	 0.0625 	 -0.0346 	 0.0852 	 0.0848 	 -0.0215 	 0.0931
0.9619 	 -1.0023 	 0.1708 	 -1.5878 	 0.0634 	 -0.0349 	 0.0862 	 0.0849 	 -0.0214 	 0.0932
0.9719 	 -1.0017 	 0.1705 	 -1.5870 	 0.0642 	 -0.0351 	 0.0871 	 0.0849 	 -0.0214 	 0.0933
0.9820 	 -1.0010 	 0.1701 	 -1.5861 	 0.0651 	 -0.0353 	 0.0881 	 0.0850 	 -0.0214 	 0.0935
0.9920 	 -1.0004 	 0.1698 	 -1.5852 	 0.0659 	 -0.0355 	 0.0890 	 0.0850 	 -0.0214 	 0.0936
1.0020 	 -0.9997 	 0.1694 	 -1.5843 	 0.0668 	 -0.0357 	 0.0899 	 0.0851 	 -0.0213 	 0.0937
1.0120 	 -0.9990 	 0.1691 	 -1.5834 	 0.0676 	 -0.0359 	 0.0909 	 0.0851 	 -0.0213 	 0.0939
1.0220 	 -0.9984 	 0.1687 	 -1.5825 	 0.0685 	 -0.0361 	 0.0918 	 0.0852 	 -0.0213 	 0.0940
1.0321 	 -0.9977 	 0.1683 	 -1.5816 	 0.0693 	 -0.0364 	 0.0928 	 0.0852 	 -0.0213 	 0.0942
1.0421 	 -0.9970 	 0.1680 	 -1.5806 	 0.0702 	 -0.0366 	 0.0937 	 0.0853 	 -0.0212 	 0.0943
1.0521 	 -0.9963 	 0.1676 	 -1.5797 	 0.0710 	 -0.0368 	 0.0946 	 0.0853 	 -0.0212 	 0.0945
1.0621 	 -0.9955 	 0.1672 	 -1.5787 	 0.0719 	 -0.0370 	 0.0956 	 0.0854 	 -0.0212 	 0.0946
1.0721 	 -0.9948 	 0.1669 	 -1.5778 	 0.0727 	 -0.0372 	 0.0965 	 0.0855 	 -0.0212 	 0.0948
1.0822 	 -0.9941 	 0.1665 	 -1.5768 	 0.0736 	 -0.0374 	 0.0975 	 0.0855 	 -0.0212 	 0.0949
1.0922 	 -0.9933 	 0.1661 	 -1.5758 	 0.0745 	 -0.0376 	 0.0984 	 0.0856 	 -0.0211 	 0.0951
1.1022 	 -0.9926 	 0.1657 	 -1.5748 	 0.0753 	 -0.0378 	 0.0994 	 0.0857 	 -0.0211 	 0.0952
1.1122 	 -0.9918 	 0.1654 	 -1.5738 	 0.0762 	 -0.0381 	 0.1003 	 0.0857 	 -0.0211 	 0.0954
1.1222 	 -0.9911 	 0.1650 	 -1.5728 	 0.0770 	 -0.0383 	 0.1013 	 0.0858 	 -0.0211 	 0.0955
1.1323 	 -0.9903 	 0.1646 	 -1.5718 	 0.0779 	 -0.0385 	 0.1023 	 0.0859 	 -0.0210 	 0.0957
1.1423 	 -0.9895 	 0.1642 	 -1.5708 	 0.0788 	 -0.0387 	 0.1032 	 0.0860 	 -0.0210 	 0.0959
1.1523 	 -0.9887 	 0.1638 	 -1.5697 	 0.0796 	 -0.0389 	 0.1042 	 0.0860 	 -0.0210 	 0.0960
1.1623 	 -0.9879 	 0.1634 	 -1.5687 	 0.0805 	 -0.0391 	 0.1051 	 0.0861 	 -0.0210 	 0.0962
1.1723 	 -0.9871 	 0.1630 	 -1.5676 	 0.0813 	 -0.0393 	 0.1061 	 0.0862 	 -0.0209 	 0.0963
1.1824 	 -0.9863 	 0.1626 	 -1.5665 	 0.0822 	 -0.0395 	 0.1071 	 0.0863 	 -0.0209 	 0.0965
1.1924 	 -0.9855 	 0.1622 	 -1.5655 	 0.0831 	 -0.0397 	 0.1080 	 0.0864 	 -0.0209 	 0.0967
1.2024 	 -0.9846 	 0.1618 	 -1.5644 	 0.0839 	 -0.0399 	 0.1090 	 0.0865 	 -0.0209 	 0.0968
1.2124 	 -0.9838 	 0.1614 	 -1.5633 	 0.0848 	 -0.0402 	 0.1100 	 0.0866 	 -0.0209 	 0.0970
1.2224 	 -0.9829 	 0.1610 	 -1.5622 	 0.0857 	 -0.0404 	 0.1110 	 0.0866 	 -0.0208 	 0.0972
1.2325 	 -0.9821 	 0.1606 	 -1.5611 	 0.0865 	 -0.0406 	 0.1119 	 0.0867 	 -0.0208 	 0.0974
1.2425 	 -0.9812 	 0.1602 	 -1.5599 	 0.0874 	 -0.0408 	 0.1129 	 0.0868 	 -0.0208 	 0.0975
1.2525 	 -0.9803 	 0.1598 	 -1.5588 	 0.0883 	 -0.0410 	 0.1139 	 0.0869 	 -0.0208 	 0.0977
1.2625 	 -0.9794 	 0.1594 	 -1.5577 	 0.0892 	 -0.0412 	 0.1149 	 0.0870 	 -0.0208 	 0.0979
1.2725 	 -0.9785 	 0.1590 	 -1.5565 	 0.0900 	 -0.0414 	 0.1159 	 0.0872 	 -0.0208 	 0.0981
1.2826 	 -0.9776 	 0.1586 	 -1.5553 	 0.0909 	 -0.0416 	 0.1168 	 0.0873 	 -0.0207 	 0.0982
1.2926 	 -0.9767 	 0.1581 	 -1.5542 	 0.0918 	 -0.0418 	 0.1178 	 0.0874 	 -0.0207 	 0.0984
1.3026 	 -0.9758 	 0.1577 	 -1.5530 	 0.0927 	 -0.0420 	 0.1188 	 0.0875 	 -0.0207 	 0.0986
1.3126 	 -0.9748 	 0.1573 	 -1.5518 	 0.0935 	 -0.0422 	 0.1198 	 0.0876 	 -0.0207 	 0.0988
1.3226 	 -0.9739 	 0.1569 	 -1.5506 	 0.0944 	 -0.0424 	 0.1208 	 0.0877 	 -0.0207 	 0.0990
1.3327 	 -0.9729 	 0.1565 	 -1.5494 	 0.0953 	 -0.0427 	 0.1218 	 0.0879 	 -0.0207 	 0.0992
1.3427 	 -0.9720 	 0.1560 	 -1.5481 	 0.0962 	 -0.0429 	 0.1228 	 0.0880 	 -0.0207 	 0.0993
1.3527 	 -0.9710 	 0.1556 	 -1.5469 	 0.0970 	 -0.0431 	 0.1238 	 0.0881 	 -0.0206 	 0.0995
1.3627 	 -0.9700 	 0.1552 	 -1.5456 	 0.0979 	 -0.0433 	 0.1248 	 0.0882 	 -0.0206 	 0.0997
1.3727 	 -0.9691 	 0.1547 	 -1.5444 	 0.0988 	 -0.0435 	 0.1258 	 0.0884 	 -0.0206 	 0.0999
1.3828 	 -0.9681 	 0.1543 	 -1.5431 	 0.0997 	 -0.0437 	 0.1268 	 0.0885 	 -0.0206 	 0.1001
1.3928 	 -0.9671 	 0.1539 	 -1.5419 	 0.1006 	 -0.0439 	 0.1278 	 0.0886 	 -0.0206 	 0.1003
1.4028 	 -0.9660 	 0.1534 	 -1.5406 	 0.1015 	 -0.0441 	 0.1288 	 0.0888 	 -0.0206 	 0.1005
1.4128 	 -0.9650 	 0.1530 	 -1.5393 	 0.1024 	 -0.0443 	 0.1298 	 0.0889 	 -0.0206 	 0.1007
1.4228 	 -0.9640 	 0.1525 	 -1.5380 	 0.1033 	 -0.0445 	 0.1308 	 0.0891 	 -0.0206 	 0.1009
1.4329 	 -0.9630 	 0.1521 	 -1.5366 	 0.1042 	 -0.0447 	 0.1318 	 0.0892 	 -0.0206 	 0.1011
1.4429 	 -0.9619 	 0.1516 	 -1.5353 	 0.1051 	 -0.0449 	 0.1328 	 0.0894 	 -0.0206 	 0.1013
1.4529 	 -0.9609 	 0.1512 	 -1.5340 	 0.1059 	 -0.0451 	 0.1338 	 0.0895 	 -0.0206 	 0.1015
1.4629 	 -0.9598 	 0.1507 	 -1.5326 	 0.1068 	 -0.0453 	 0.1349 	 0.0897 	 -0.0206 	 0.1017
1.4729 	 -0.9587 	 0.1503 	 -1.5313 	 0.1077 	 -0.0455 	 0.1359 	 0.0899 	 -0.0206 	 0.1019
1.4830 	 -0.9576 	 0.1498 	 -1.5299 	 0.1086 	 -0.0457 	 0.1369 	 0.0900 	 -0.0206 	 0.1021
1.4930 	 -0.9565 	 0.1494 	 -1.5285 	 0.1095 	 -0.0460 	 0.1379 	 0.0902 	 -0.0206 	 0.1024
1.5030 	 -0.9554 	 0.1489 	 -1.5272 	 0.1105 	 -0.0462 	 0.1390 	 0.0904 	 -0.0206 	 0.1026
1.5130 	 -0.9543 	 0.1484 	 -1.5258 	 0.1114 	 -0.0464 	 0.1400 	 0.0905 	 -0.0206 	 0.1028
1.5230 	 -0.9532 	 0.1480 	 -1.5243 	 0.1123 	 -0.0466 	 0.1410 	 0.0907 	 -0.0206 	 0.1030
1.5331 	 -0.9521 	 0.1475 	 -1.5229 	 0.1132 	 -0.0468 	 0.1420 	 0.0909 	 -0.0206 	 0.1032
1.5431 	 -0.9509 	 0.1470 	 -1.5215 	 0.1141 	 -0.0470 	 0.1431 	 0.0911 	 -0.0206 	 0.1035
1.5531 	 -0.9498 	 0.1466 	 -1.5201 	 0.1150 	 -0.0472 	 0.1441 	 0.0913 	 -0.0206 	 0.1037
1.5631 	 -0.9486 	 0.1461 	 -1.5186 	 0.1159 	 -0.0474 	 0.1452 	 0.0915 	 -0.0206 	 0.1039
1.5731 	 -0.9475 	 0.1456 	 -1.5172 	 0.1168 	 -0.0476 	 0.1462 	 0.0917 	 -0.0206 	 0.1041
1.5832 	 -0.9463 	 0.1451 	 -1.5157 	 0.1178 	 -0.0478 	 0.1472 	 0.0918 	 -0.0206 	 0.1044
1.5932 	 -0.9451 	 0.1446 	 -1.5142 	 0.1187 	 -0.0480 	 0.1483 	 0.0920 	 -0.0206 	 0.1046
1.6032 	 -0.9439 	 0.1442 	 -1.5127 	 0.1196 	 -0.0482 	 0.1493 	 0.0923 	 -0.0206 	 0.1048
1.6132 	 -0.9427 	 0.1437 	 -1.5112 	 0.1205 	 -0.0484 	 0.1504 	 0.0925 	 -0.0206 	 0.1051
1.6232 	 -0.9415 	 0.1432 	 -1.5097 	 0.1215 	 -0.0486 	 0.1514 	 0.0927 	 -0.0206 	 0.1053
1.6333 	 -0.9403 	 0.1427 	 -1.5082 	 0.1224 	 -0.0488 	 0.1525 	 0.0929 	 -0.0206 	 0.1056
1.6433 	 -0.9390 	 0.1422 	 -1.5066 	 0.1233 	 -0.0490 	 0.1536 	 0.0931 	 -0.0206 	 0.1058
1.6533 	 -0.9378 	 0.1417 	 -1.5051 	 0.1242 	 -0.0493 	 0.1546 	 0.0933 	 -0.0206 	 0.1061
1.6633 	 -0.9365 	 0.1412 	 -1.5035 	 0.1252 	 -0.0495 	 0.1557 	 0.0936 	 -0.0206 	 0.1063
1.6733 	 -0.9353 	 0.1407 	 -1.5020 	 0.1261 	 -0.0497 	 0.1568 	 0.0938 	 -0.0207 	 0.1066
1.6834 	 -0.9340 	 0.1402 	 -1.5004 	 0.1271 	 -0.0499 	 0.1578 	 0.0940 	 -0.0207 	 0.1068
1.6934 	 -0.9327 	 0.1397 	 -1.4988 	 0.1280 	 -0.0501 	 0.1589 	 0.0943 	 -0.0207 	 0.1071
1.7034 	 -0.9315 	 0.1392 	 -1.4972 	 0.1290 	 -0.0503 	 0.1600 	 0.0945 	 -0.0207 	 0.1074
1.7134 	 -0.9302 	 0.1387 	 -1.4956 	 0.1299 	 -0.0505 	 0.1611 	 0.0947 	 -0.0207 	 0.1076
1.7234 	 -0.9289 	 0.1382 	 -1.4940 	 0.1309 	 -0.0507 	 0.1621 	 0.0950 	 -0.0207 	 0.1079
1.7335 	 -0.9275 	 0.1377 	 -1.4924 	 0.1318 	 -0.0509 	 0.1632 	 0.0952 	 -0.0207 	 0.1082
1.7435 	 -0.9262 	 0.1372 	 -1.4907 	 0.1328 	 -0.0511 	 0.1643 	 0.0955 	 -0.0208 	 0.1085
1.7535 	 -0.9249 	 0.1367 	 -1.4891 	 0.1337 	 -0.0513 	 0.1654 	 0.0958 	 -0.0208 	 0.1087
1.7635 	 -0.9235 	 0.1362 	 -1.4874 	 0.1347 	 -0.0515 	 0.1665 	 0.0960 	 -0.0208 	 0.1090
1.7735 	 -0.9222 	 0.1356 	 -1.4857 	 0.1356 	 -0.0517 	 0.1676 	 0.0963 	 -0.0208 	 0.1093
1.7836 	 -0.9208 	 0.1351 	 -1.4840 	 0.1366 	 -0.0520 	 0.1687 	 0.0966 	 -0.0208 	 0.1096
1.7936 	 -0.9194 	 0.1346 	 -1.4823 	 0.1376 	 -0.0522 	 0.1698 	 0.0969 	 -0.0209 	 0.1099
1.8036 	 -0.9181 	 0.1341 	 -1.4806 	 0.1386 	 -0.0524 	 0.1709 	 0.0971 	 -0.0209 	 0.1102
1.8136 	 -0.9167 	 0.1336 	 -1.4789 	 0.1395 	 -0.0526 	 0.1720 	 0.0974 	 -0.0209 	 0.1105
1.8236 	 -0.9153 	 0.1330 	 -1.4772 	 0.1405 	 -0.0528 	 0.1731 	 0.0977 	 -0.0209 	 0.1108
1.8337 	 -0.9138 	 0.1325 	 -1.4755 	 0.1415 	 -0.0530 	 0.1742 	 0.0980 	 -0.0209 	 0.1111
1.8437 	 -0.9124 	 0.1320 	 -1.4737 	 0.1425 	 -0.0532 	 0.1753 	 0.0983 	 -0.0210 	 0.1114
1.8537 	 -0.9110 	 0.1314 	 -1.4719 	 0.1435 	 -0.0534 	 0.1764 	 0.0986 	 -0.0210 	 0.1117
1.8637 	 -0.9096 	 0.1309 	 -1.4702 	 0.1444 	 -0.0536 	 0.1776 	 0.0990 	 -0.0210 	 0.1121
1.8737 	 -0.9081 	 0.1304 	 -1.4684 	 0.1454 	 -0.0538 	 0.1787 	 0.0993 	 -0.0211 	 0.1124
1.8838 	 -0.9066 	 0.1298 	 -1.4666 	 0.1464 	 -0.0541 	 0.1798 	 0.0996 	 -0.0211 	 0.1127
1.8938 	 -0.9052 	 0.1293 	 -1.4648 	 0.1474 	 -0.0543 	 0.1809 	 0.0999 	 -0.0211 	 0.1131
1.9038 	 -0.9037 	 0.1287 	 -1.4630 	 0.1484 	 -0.0545 	 0.1821 	 0.1003 	 -0.0211 	 0.1134
1.9138 	 -0.9022 	 0.1282 	 -1.4611 	 0.1494 	 -0.0547 	 0.1832 	 0.1006 	 -0.0212 	 0.1137
1.9238 	 -0.9007 	 0.1276 	 -1.4593 	 0.1505 	 -0.0549 	 0.1843 	 0.1010 	 -0.0212 	 0.1141
1.9339 	 -0.8992 	 0.1271 	 -1.4574 	 0.1515 	 -0.0551 	 0.1855 	 0.1013 	 -0.0212 	 0.1144
1.9439 	 -0.8977 	 0.1265 	 -1.4556 	 0.1525 	 -0.0553 	 0.1866 	 0.1017 	 -0.0213 	 0.1148
1.9539 	 -0.8961 	 0.1260 	 -1.4537 	 0.1535 	 -0.0555 	 0.1878 	 0.1020 	 -0.0213 	 0.1152
1.9639 	 -0.8946 	 0.1254 	 -1.4518 	 0.1545 	 -0.0558 	 0.1889 	 0.1024 	 -0.0213 	 0.1155
1.9739 	 -0.8930 	 0.1249 	 -1.4499 	 0.1556 	 -0.0560 	 0.1901 	 0.1028 	 -0.0214 	 0.1159
1.9840 	 -0.8915 	 0.1243 	 -1.4480 	 0.1566 	 -0.0562 	 0.1913 	 0.1032 	 -0.0214 	 0.1163
1.9940 	 -0.8899 	 0.1237 	 -1.4461 	 0.1576 	 -0.0564 	 0.1924 	 0.1035 	 -0.0215 	 0.1167
2.0040 	 -0.8883 	 0.1232 	 -1.4441 	 0.1587 	 -0.0566 	 0.1936 	 0.1039 	 -0.0215 	 0.1171
2.0140 	 -0.8867 	 0.1226 	 -1.4422 	 0.1597 	 -0.0568 	 0.1948 	 0.1043 	 -0.0216 	 0.1175
2.0240 	 -0.8851 	 0.1220 	 -1.4402 	 0.1608 	 -0.0570 	 0.1960 	 0.1047 	 -0.0216 	 0.1179
2.0341 	 -0.8835 	 0.1215 	 -1.4383 	 0.1618 	 -0.0573 	 0.1971 	 0.1051 	 -0.0216 	 0.1183
2.0441 	 -0.8819 	 0.1209 	 -1.4363 	 0.1629 	 -0.0575 	 0.1983 	 0.1056 	 -0.0217 	 0.1187
2.0541 	 -0.8802 	 0.1203 	 -1.4343 	 0.1639 	 -0.0577 	 0.1995 	 0.1060 	 -0.0217 	 0.1191
2.0641 	 -0.8786 	 0.1197 	 -1.4323 	 0.1650 	 -0.0579 	 0.2007 	 0.1064 	 -0.0218 	 0.1195
2.0741 	 -0.8769 	 0.1191 	 -1.4303 	 0.1661 	 -0.0581 	 0.2019 	 0.1068 	 -0.0218 	 0.1200
2.0842 	 -0.8752 	 0.1186 	 -1.4282 	 0.1671 	 -0.0583 	 0.2031 	 0.1073 	 -0.0219 	 0.1204
2.0942 	 -0.8736 	 0.1180 	 -1.4262 	 0.1682 	 -0.0586 	 0.2043 	 0.1077 	 -0.0220 	 0.1208
2.1042 	 -0.8719 	 0.1174 	 -1.4242 	 0.1693 	 -0.0588 	 0.2055 	 0.1082 	 -0.0220 	 0.1213
2.1142 	 -0.8702 	 0.1168 	 -1.4221 	 0.1704 	 -0.0590 	 0.2068 	 0.1087 	 -0.0221 	 0.1218
2.1242 	 -0.8685 	 0.1162 	 -1.4200 	 0.1715 	 -0.0592 	 0.2080 	 0.1091 	 -0.0221 	 0.1222
2.1343 	 -0.8667 	 0.1156 	 -1.4179 	 0.1726 	 -0.0595 	 0.2092 	 0.1096 	 -0.0222 	 0.1227
2.1443 	 -0.8650 	 0.1150 	 -1.4158 	 0.1737 	 -0.0597 	 0.2104 	 0.1101 	 -0.0223 	 0.1232
2.1543 	 -0.8633 	 0.1144 	 -1.4137 	 0.1748 	 -0.0599 	 0.2117 	 0.1106 	 -0.0223 	 0.1237
2.1643 	 -0.8615 	 0.1138 	 -1.4116 	 0.1759 	 -0.0601 	 0.2129 	 0.1110 	 -0.0224 	 0.1242
2.1743 	 -0.8597 	 0.1132 	 -1.4094 	 0.1770 	 -0.0603 	 0.2142 	 0.1115 	 -0.0225 	 0.1247
2.1844 	 -0.8580 	 0.1126 	 -1.4073 	 0.1781 	 -0.0606 	 0.2154 	 0.1121 	 -0.0226 	 0.1252
2.1944 	 -0.8562 	 0.1120 	 -1.4051 	 0.1792 	 -0.0608 	 0.2167 	 0.1126 	 -0.0226 	 0.1257
2.2044 	 -0.8544 	 0.1114 	 -1.4029 	 0.1804 	 -0.0610 	 0.2179 	 0.1131 	 -0.0227 	 0.1262
2.2144 	 -0.8525 	 0.1108 	 -1.4007 	 0.1815 	 -0.0613 	 0.2192 	 0.1136 	 -0.0228 	 0.1267
2.2244 	 -0.8507 	 0.1102 	 -1.3985 	 0.1826 	 -0.0615 	 0.2205 	 0.1142 	 -0.0229 	 0.1273
2.2345 	 -0.8489 	 0.1095 	 -1.3963 	 0.1838 	 -0.0617 	 0.2218 	 0.1147 	 -0.0229 	 0.1278
2.2445 	 -0.8470 	 0.1089 	 -1.3941 	 0.1849 	 -0.0619 	 0.2230 	 0.1152 	 -0.0230 	 0.1284
2.2545 	 -0.8452 	 0.1083 	 -1.3919 	 0.1861 	 -0.0622 	 0.2243 	 0.1158 	 -0.0231 	 0.1289
2.2645 	 -0.8433 	 0.1077 	 -1.3896 	 0.1873 	 -0.0624 	 0.2256 	 0.1164 	 -0.0232 	 0.1295
2.2745 	 -0.8414 	 0.1070 	 -1.3873 	 0.1884 	 -0.0626 	 0.2269 	 0.1169 	 -0.0233 	 0.1301
2.2846 	 -0.8395 	 0.1064 	 -1.3851 	 0.1896 	 -0.0629 	 0.2282 	 0.1175 	 -0.0234 	 0.1307
2.2946 	 -0.8376 	 0.1058 	 -1.3828 	 0.1908 	 -0.0631 	 0.2295 	 0.1181 	 -0.0235 	 0.1313
2.3046 	 -0.8357 	 0.1052 	 -1.3805 	 0.1920 	 -0.0633 	 0.2309 	 0.1187 	 -0.0236 	 0.1319
2.3146 	 -0.8338 	 0.1045 	 -1.3781 	 0.1932 	 -0.0636 	 0.2322 	 0.1193 	 -0.0237 	 0.1325
2.3246 	 -0.8318 	 0.1039 	 -1.3758 	 0.1944 	 -0.0638 	 0.2335 	 0.1199 	 -0.0238 	 0.1331
2.3347 	 -0.8299 	 0.1032 	 -1.3735 	 0.1956 	 -0.0641 	 0.2349 	 0.1205 	 -0.0239 	 0.1337
2.3447 	 -0.8279 	 0.1026 	 -1.3711 	 0.1968 	 -0.0643 	 0.2362 	 0.1211 	 -0.0240 	 0.1343
2.3547 	 -0.8259 	 0.1019 	 -1.3687 	 0.1980 	 -0.0645 	 0.2375 	 0.1218 	 -0.0241 	 0.1350
2.3647 	 -0.8240 	 0.1013 	 -1.3663 	 0.1992 	 -0.0648 	 0.2389 	 0.1224 	 -0.0242 	 0.1356
2.3747 	 -0.8219 	 0.1006 	 -1.3639 	 0.2004 	 -0.0650 	 0.2403 	 0.1231 	 -0.0243 	 0.1363
2.3848 	 -0.8199 	 0.1000 	 -1.3615 	 0.2017 	 -0.0653 	 0.2416 	 0.1237 	 -0.0244 	 0.1370
2.3948 	 -0.8179 	 0.0993 	 -1.3591 	 0.2029 	 -0.0655 	 0.2430 	 0.1244 	 -0.0245 	 0.1377
2.4048 	 -0.8159 	 0.0987 	 -1.3567 	 0.2042 	 -0.0658 	 0.2444 	 0.1250 	 -0.0247 	 0.1384
2.4148 	 -0.8138 	 0.0980 	 -1.3542 	 0.2054 	 -0.0660 	 0.2458 	 0.1257 	 -0.0248 	 0.1391
2.4248 	 -0.8118 	 0.0974 	 -1.3517 	 0.2067 	 -0.0663 	 0.2472 	 0.1264 	 -0.0249 	 0.1398
2.4349 	 -0.8097 	 0.0967 	 -1.3492 	 0.2080 	 -0.0665 	 0.2486 	 0.1271 	 -0.0250 	 0.1405
2.4449 	 -0.8076 	 0.0960 	 -1.3467 	 0.2092 	 -0.0668 	 0.2500 	 0.1278 	 -0.0251 	 0.1412
2.4549 	 -0.8055 	 0.0954 	 -1.3442 	 0.2105 	 -0.0670 	 0.2514 	 0.1285 	 -0.0253 	 0.1419
2.4649 	 -0.8034 	 0.0947 	 -1.3417 	 0.2118 	 -0.0673 	 0.2528 	 0.1292 	 -0.0254 	 0.1427
2.4749 	 -0.8012 	 0.0940 	 -1.3392 	 0.2131 	 -0.0675 	 0.2543 	 0.1300 	 -0.0255 	 0.1434
2.4850 	 -0.7991 	 0.0933 	 -1.3366 	 0.2144 	 -0.0678 	 0.2557 	 0.1307 	 -0.0257 	 0.1442
2.4950 	 -0.7969 	 0.0927 	 -1.3340 	 0.2157 	 -0.0680 	 0.2572 	 0.1315 	 -0.0258 	 0.1450
2.5050 	 -0.7948 	 0.0920 	 -1.3315 	 0.2171 	 -0.0683 	 0.2586 	 0.1322 	 -0.0259 	 0.1457
2.5150 	 -0.7926 	 0.0913 	 -1.3289 	 0.2184 	 -0.0686 	 0.2601 	 0.1330 	 -0.0261 	 0.1465
2.5251 	 -0.7904 	 0.0906 	 -1.3262 	 0.2197 	 -0.0688 	 0.2616 	 0.1337 	 -0.0262 	 0.1473
2.5351 	 -0.7882 	 0.0899 	 -1.3236 	 0.2211 	 -0.0691 	 0.2630 	 0.1345 	 -0.0263 	 0.1481
2.5451 	 -0.7860 	 0.0892 	 -1.3210 	 0.2224 	 -0.0693 	 0.2645 	 0.1353 	 -0.0265 	 0.1489
2.5551 	 -0.7837 	 0.0885 	 -1.3183 	 0.2238 	 -0.0696 	 0.2660 	 0.1361 	 -0.0266 	 0.1498
2.5651 	 -0.7815 	 0.0878 	 -1.3156 	 0.2251 	 -0.0699 	 0.2675 	 0.1369 	 -0.0267 	 0.1506
2.5752 	 -0.7792 	 0.0871 	 -1.3130 	 0.2265 	 -0.0701 	 0.2690 	 0.1377 	 -0.0269 	 0.1515
2.5852 	 -0.7769 	 0.0864 	 -1.3103 	 0.2279 	 -0.0704 	 0.2706 	 0.1385 	 -0.0270 	 0.1523
2.5952 	 -0.7746 	 0.0857 	 -1.3075 	 0.2293 	 -0.0707 	 0.2721 	 0.1394 	 -0.0272 	 0.1532
2.6052 	 -0.7723 	 0.0850 	 -1.3048 	 0.2307 	 -0.0710 	 0.2736 	 0.1402 	 -0.0273 	 0.1540
2.6152 	 -0.7700 	 0.0843 	 -1.3020 	 0.2321 	 -0.0712 	 0.2752 	 0.1411 	 -0.0275 	 0.1549
2.6253 	 -0.7677 	 0.0836 	 -1.2993 	 0.2335 	 -0.0715 	 0.2767 	 0.1419 	 -0.0276 	 0.1558
2.6353 	 -0.7653 	 0.0828 	 -1.2965 	 0.2350 	 -0.0718 	 0.2783 	 0.1428 	 -0.0278 	 0.1567
2.6453 	 -0.7630 	 0.0821 	 -1.2937 	 0.2364 	 -0.0721 	 0.2799 	 0.1437 	 -0.0279 	 0.1576
2.6553 	 -0.7606 	 0.0814 	 -1.2909 	 0.2378 	 -0.0723 	 0.2815 	 0.1445 	 -0.0281 	 0.1586
2.6653 	 -0.7582 	 0.0807 	 -1.2881 	 0.2393 	 -0.0726 	 0.2831 	 0.1454 	 -0.0283 	 0.1595
2.6754 	 -0.7558 	 0.0799 	 -1.2852 	 0.2407 	 -0.0729 	 0.2847 	 0.1464 	 -0.0284 	 0.1604
2.6854 	 -0.7534 	 0.0792 	 -1.2824 	 0.2422 	 -0.0732 	 0.2863 	 0.1473 	 -0.0286 	 0.1614
2.6954 	 -0.7510 	 0.0785 	 -1.2795 	 0.2437 	 -0.0735 	 0.2879 	 0.1482 	 -0.0288 	 0.1624
2.7054 	 -0.7485 	 0.0777 	 -1.2766 	 0.2452 	 -0.0738 	 0.2895 	 0.1491 	 -0.0289 	 0.1633
2.7154 	 -0.7460 	 0.0770 	 -1.2737 	 0.2467 	 -0.0741 	 0.2912 	 0.1501 	 -0.0291 	 0.1643
2.7255 	 -0.7436 	 0.0763 	 -1.2708 	 0.2482 	 -0.0744 	 0.2928 	 0.1510 	 -0.0293 	 0.1653
2.7355 	 -0.7411 	 0.0755 	 -1.2678 	 0.2497 	 -0.0747 	 0.2945 	 0.1520 	 -0.0295 	 0.1663
2.7455 	 -0.7386 	 0.0748 	 -1.2649 	 0.2512 	 -0.0750 	 0.2961 	 0.1530 	 -0.0296 	 0.1673
2.7555 	 -0.7360 	 0.0740 	 -1.2619 	 0.2528 	 -0.0752 	 0.2978 	 0.1540 	 -0.0298 	 0.1684
2.7655 	 -0.7335 	 0.0733 	 -1.2589 	 0.2543 	 -0.0755 	 0.2995 	 0.1550 	 -0.0300 	 0.1694
2.7756 	 -0.7309 	 0.0725 	 -1.2559 	 0.2559 	 -0.0759 	 0.3012 	 0.1560 	 -0.0302 	 0.1705
2.7856 	 -0.7284 	 0.0717 	 -1.2529 	 0.2575 	 -0.0762 	 0.3029 	 0.1571 	 -0.0304 	 0.1716
2.7956 	 -0.7258 	 0.0710 	 -1.2498 	 0.2590 	 -0.0765 	 0.3047 	 0.1581 	 -0.0306 	 0.1727
2.8056 	 -0.7232 	 0.0702 	 -1.2467 	 0.2606 	 -0.0768 	 0.3064 	 0.1592 	 -0.0308 	 0.1738
2.8156 	 -0.7206 	 0.0694 	 -1.2437 	 0.2622 	 -0.0771 	 0.3081 	 0.1603 	 -0.0310 	 0.1749
2.8257 	 -0.7179 	 0.0687 	 -1.2406 	 0.2638 	 -0.0774 	 0.3099 	 0.1614 	 -0.0312 	 0.1760
2.8357 	 -0.7153 	 0.0679 	 -1.2375 	 0.2655 	 -0.0777 	 0.3117 	 0.1625 	 -0.0314 	 0.1772
2.8457 	 -0.7126 	 0.0671 	 -1.2343 	 0.2671 	 -0.0780 	 0.3135 	 0.1636 	 -0.0317 	 0.1783
2.8557 	 -0.7099 	 0.0663 	 -1.2312 	 0.2687 	 -0.0783 	 0.3152 	 0.1648 	 -0.0319 	 0.1795
2.8657 	 -0.7072 	 0.0655 	 -1.2280 	 0.2704 	 -0.0787 	 0.3171 	 0.1660 	 -0.0321 	 0.1807
2.8758 	 -0.7045 	 0.0647 	 -1.2248 	 0.2721 	 -0.0790 	 0.3189 	 0.1671 	 -0.0324 	 0.1819
2.8858 	 -0.7018 	 0.0639 	 -1.2216 	 0.2737 	 -0.0793 	 0.3207 	 0.1684 	 -0.0326 	 0.1831
2.8958 	 -0.6990 	 0.0632 	 -1.2184 	 0.2754 	 -0.0796 	 0.3225 	 0.1696 	 -0.0329 	 0.1844
2.9058 	 -0.6962 	 0.0624 	 -1.2152 	 0.2771 	 -0.0800 	 0.3244 	 0.1708 	 -0.0331 	 0.1857
2.9158 	 -0.6935 	 0.0615 	 -1.2119 	 0.2789 	 -0.0803 	 0.3263 	 0.1721 	 -0.0334 	 0.1870
2.9259 	 -0.6907 	 0.0607 	 -1.2086 	 0.2806 	 -0.0806 	 0.3281 	 0.1734 	 -0.0337 	 0.1883
2.9359 	 -0.6878 	 0.0599 	 -1.2053 	 0.2823 	 -0.0810 	 0.3300 	 0.1747 	 -0.0339 	 0.1896
2.9459 	 -0.6850 	 0.0591 	 -1.2020 	 0.2841 	 -0.0813 	 0.3319 	 0.1761 	 -0.0342 	 0.1909
2.9559 	 -0.6821 	 0.0583 	 -1.1987 	 0.2859 	 -0.0817 	 0.3339 	 0.1774 	 -0.0345 	 0.1923
2.9659 	 -0.6793 	 0.0575 	 -1.1953 	 0.2876 	 -0.0820 	 0.3358 	 0.1788 	 -0.0348 	 0.1937
2.9760 	 -0.6764 	 0.0567 	 -1.1919 	 0.2894 	 -0.0824 	 0.3377 	 0.1802 	 -0.0351 	 0.1951
2.9860 	 -0.6735 	 0.0558 	 -1.1885 	 0.2913 	 -0.0827 	 0.3397 	 0.1817 	 -0.0355 	 0.1965
2.9960 	 -0.6705 	 0.0550 	 -1.1851 	 0.2931 	 -0.0831 	 0.3417 	 0.1831 	 -0.0358 	 0.1980
3.0060 	 -0.6676 	 0.0542 	 -1.1817 	 0.2949 	 -0.0834 	 0.3437 	 0.1846 	 -0.0361 	 0.1995
3.0160 	 -0.6646 	 0.0533 	 -1.1782 	 0.2968 	 -0.0838 	 0.3457 	 0.1862 	 -0.0365 	 0.2010
3.0261 	 -0.6616 	 0.0525 	 -1.1748 	 0.2987 	 -0.0842 	 0.3477 	 0.1877 	 -0.0369 	 0.2025
3.0361 	 -0.6586 	 0.0516 	 -1.1713 	 0.3005 	 -0.0845 	 0.3497 	 0.1893 	 -0.0372 	 0.2041
3.0461 	 -0.6556 	 0.0508 	 -1.1678 	 0.3025 	 -0.0849 	 0.3518 	 0.1909 	 -0.0376 	 0.2056
3.0561 	 -0.6526 	 0.0499 	 -1.1642 	 0.3044 	 -0.0853 	 0.3539 	 0.1926 	 -0.0380 	 0.2072
3.0661 	 -0.6495 	 0.0491 	 -1.1607 	 0.3063 	 -0.0857 	 0.3559 	 0.1942 	 -0.0384 	 0.2089
3.0762 	 -0.6464 	 0.0482 	 -1.1571 	 0.3083 	 -0.0861 	 0.3580 	 0.1959 	 -0.0388 	 0.2105
3.0862 	 -0.6433 	 0.0474 	 -1.1535 	 0.3102 	 -0.0864 	 0.3602 	 0.1977 	 -0.0393 	 0.2122
3.0962 	 -0.6402 	 0.0465 	 -1.1499 	 0.3122 	 -0.0868 	 0.3623 	 0.1995 	 -0.0397 	 0.2139
3.1062 	 -0.6371 	 0.0456 	 -1.1462 	 0.3142 	 -0.0872 	 0.3644 	 0.2013 	 -0.0402 	 0.2157
3.1162 	 -0.6339 	 0.0447 	 -1.1426 	 0.3163 	 -0.0876 	 0.3666 	 0.2031 	 -0.0406 	 0.2175
3.1263 	 -0.6308 	 0.0439 	 -1.1389 	 0.3183 	 -0.0881 	 0.3688 	 0.2050 	 -0.0411 	 0.2193
3.1363 	 -0.6276 	 0.0430 	 -1.1352 	 0.3204 	 -0.0885 	 0.3710 	 0.2070 	 -0.0416 	 0.2211
3.1463 	 -0.6243 	 0.0421 	 -1.1314 	 0.3225 	 -0.0889 	 0.3732 	 0.2089 	 -0.0421 	 0.2230
3.1563 	 -0.6211 	 0.0412 	 -1.1277 	 0.3246 	 -0.0893 	 0.3755 	 0.2110 	 -0.0427 	 0.2249
3.1663 	 -0.6178 	 0.0403 	 -1.1239 	 0.3267 	 -0.0897 	 0.3777 	 0.2130 	 -0.0432 	 0.2268
3.1764 	 -0.6145 	 0.0394 	 -1.1201 	 0.3288 	 -0.0902 	 0.3800 	 0.2151 	 -0.0438 	 0.2288
3.1864 	 -0.6112 	 0.0385 	 -1.1163 	 0.3310 	 -0.0906 	 0.3823 	 0.2172 	 -0.0443 	 0.2308
3.1964 	 -0.6079 	 0.0376 	 -1.1125 	 0.3332 	 -0.0911 	 0.3846 	 0.2194 	 -0.0449 	 0.2328
3.2064 	 -0.6046 	 0.0367 	 -1.1086 	 0.3354 	 -0.0915 	 0.3870 	 0.2217 	 -0.0456 	 0.2349
3.2164 	 -0.6012 	 0.0357 	 -1.1047 	 0.3376 	 -0.0920 	 0.3894 	 0.2239 	 -0.0462 	 0.2370
3.2265 	 -0.5978 	 0.0348 	 -1.1008 	 0.3399 	 -0.0924 	 0.3917 	 0.2263 	 -0.0468 	 0.2391
3.2365 	 -0.5944 	 0.0339 	 -1.0969 	 0.3422 	 -0.0929 	 0.3941 	 0.2287 	 -0.0475 	 0.2413
3.2465 	 -0.5909 	 0.0330 	 -1.0929 	 0.3445 	 -0.0934 	 0.3966 	 0.2311 	 -0.0482 	 0.2435
3.2565 	 -0.5875 	 0.0320 	 -1.0889 	 0.3468 	 -0.0939 	 0.3990 	 0.2336 	 -0.0489 	 0.2457
3.2665 	 -0.5840 	 0.0311 	 -1.0849 	 0.3491 	 -0.0944 	 0.4015 	 0.2361 	 -0.0497 	 0.2480
3.2766 	 -0.5805 	 0.0301 	 -1.0809 	 0.3515 	 -0.0949 	 0.4040 	 0.2387 	 -0.0504 	 0.2503
3.2866 	 -0.5769 	 0.0292 	 -1.0768 	 0.3539 	 -0.0954 	 0.4065 	 0.2414 	 -0.0512 	 0.2527
3.2966 	 -0.5734 	 0.0282 	 -1.0727 	 0.3564 	 -0.0959 	 0.4091 	 0.2441 	 -0.0520 	 0.2551
3.3066 	 -0.5698 	 0.0273 	 -1.0686 	 0.3588 	 -0.0964 	 0.4116 	 0.2468 	 -0.0528 	 0.2575
3.3166 	 -0.5662 	 0.0263 	 -1.0645 	 0.3613 	 -0.0970 	 0.4142 	 0.2496 	 -0.0537 	 0.2600
3.3267 	 -0.5626 	 0.0253 	 -1.0603 	 0.3638 	 -0.0975 	 0.4168 	 0.2525 	 -0.0546 	 0.2625
3.3367 	 -0.5589 	 0.0243 	 -1.0561 	 0.3664 	 -0.0981 	 0.4195 	 0.2555 	 -0.0555 	 0.2651
3.3467 	 -0.5552 	 0.0233 	 -1.0519 	 0.3689 	 -0.0986 	 0.4222 	 0.2585 	 -0.0564 	 0.2677
3.3567 	 -0.5515 	 0.0224 	 -1.0477 	 0.3715 	 -0.0992 	 0.4248 	 0.2616 	 -0.0574 	 0.2704
3.3667 	 -0.5478 	 0.0214 	 -1.0434 	 0.3742 	 -0.0998 	 0.4276 	 0.2647 	 -0.0583 	 0.2731
3.3768 	 -0.5440 	 0.0204 	 -1.0391 	 0.3769 	 -0.1004 	 0.4303 	 0.2679 	 -0.0593 	 0.2758
3.3868 	 -0.5402 	 0.0194 	 -1.0348 	 0.3796 	 -0.1010 	 0.4331 	 0.2712 	 -0.0604 	 0.2786
3.3968 	 -0.5364 	 0.0183 	 -1.0304 	 0.3823 	 -0.1016 	 0.4359 	 0.2745 	 -0.0614 	 0.2814
3.4068 	 -0.5326 	 0.0173 	 -1.0260 	 0.3851 	 -0.1022 	 0.4387 	 0.2779 	 -0.0625 	 0.2843
3.4168 	 -0.5287 	 0.0163 	 -1.0216 	 0.3879 	 -0.1028 	 0.4416 	 0.2814 	 -0.0636 	 0.2872
3.4269 	 -0.5248 	 0.0153 	 -1.0172 	 0.3907 	 -0.1035 	 0.4445 	 0.2850 	 -0.0647 	 0.2902
3.4369 	 -0.5209 	 0.0142 	 -1.0127 	 0.3936 	 -0.1041 	 0.4474 	 0.2886 	 -0.0659 	 0.2932
3.4469 	 -0.5169 	 0.0132 	 -1.0082 	 0.3965 	 -0.1048 	 0.4504 	 0.2923 	 -0.0671 	 0.2963
3.4569 	 -0.5129 	 0.0121 	 -1.0037 	 0.3994 	 -0.1055 	 0.4534 	 0.2961 	 -0.0683 	 0.2994
3.4669 	 -0.5089 	 0.0111 	 -0.9991 	 0.4024 	 -0.1062 	 0.4564 	 0.2999 	 -0.0695 	 0.3026
3.4770 	 -0.5048 	 0.0100 	 -0.9945 	 0.4054 	 -0.1069 	 0.4594 	 0.3038 	 -0.0708 	 0.3059
3.4870 	 -0.5008 	 0.0089 	 -0.9899 	 0.4085 	 -0.1076 	 0.4625 	 0.3078 	 -0.0721 	 0.3092
3.4970 	 -0.4967 	 0.0078 	 -0.9853 	 0.4116 	 -0.1083 	 0.4656 	 0.3119 	 -0.0734 	 0.3126
3.5070 	 -0.4925 	 0.0067 	 -0.9806 	 0.4148 	 -0.1090 	 0.4688 	 0.3161 	 -0.0747 	 0.3160
3.5170 	 -0.4883 	 0.0056 	 -0.9759 	 0.4179 	 -0.1098 	 0.4719 	 0.3203 	 -0.0760 	 0.3195
3.5271 	 -0.4841 	 0.0045 	 -0.9711 	 0.4212 	 -0.1106 	 0.4752 	 0.3246 	 -0.0774 	 0.3231
3.5371 	 -0.4799 	 0.0034 	 -0.9663 	 0.4244 	 -0.1114 	 0.4784 	 0.3290 	 -0.0788 	 0.3268
3.5471 	 -0.4756 	 0.0023 	 -0.9615 	 0.4278 	 -0.1121 	 0.4817 	 0.3335 	 -0.0802 	 0.3305
3.5571 	 -0.4713 	 0.0012 	 -0.9567 	 0.4311 	 -0.1130 	 0.4850 	 0.3381 	 -0.0817 	 0.3343
3.5671 	 -0.4670 	 0.0000 	 -0.9518 	 0.4345 	 -0.1138 	 0.4884 	 0.3428 	 -0.0831 	 0.3382
3.5772 	 -0.4626 	 -0.0011 	 -0.9469 	 0.4380 	 -0.1146 	 0.4918 	 0.3475 	 -0.0846 	 0.3422
3.5872 	 -0.4582 	 -0.0023 	 -0.9420 	 0.4415 	 -0.1155 	 0.4953 	 0.3524 	 -0.0861 	 0.3463
3.5972 	 -0.4538 	 -0.0034 	 -0.9370 	 0.4451 	 -0.1163 	 0.4988 	 0.3574 	 -0.0876 	 0.3506
3.6072 	 -0.4493 	 -0.0046 	 -0.9320 	 0.4487 	 -0.1172 	 0.5023 	 0.3624 	 -0.0892 	 0.3549
3.6172 	 -0.4448 	 -0.0058 	 -0.9269 	 0.4523 	 -0.1181 	 0.5059 	 0.3676 	 -0.0907 	 0.3593
3.6273 	 -0.4402 	 -0.0070 	 -0.9218 	 0.4560 	 -0.1191 	 0.5095 	 0.3729 	 -0.0923 	 0.3638
3.6373 	 -0.4356 	 -0.0081 	 -0.9167 	 0.4598 	 -0.1200 	 0.5132 	 0.3783 	 -0.0939 	 0.3685
3.6473 	 -0.4310 	 -0.0094 	 -0.9115 	 0.4636 	 -0.1209 	 0.5169 	 0.3839 	 -0.0955 	 0.3733
3.6573 	 -0.4264 	 -0.0106 	 -0.9063 	 0.4675 	 -0.1219 	 0.5207 	 0.3896 	 -0.0972 	 0.3782
3.6673 	 -0.4216 	 -0.0118 	 -0.9011 	 0.4714 	 -0.1229 	 0.5245 	 0.3955 	 -0.0989 	 0.3833
3.6774 	 -0.4169 	 -0.0130 	 -0.8958 	 0.4754 	 -0.1239 	 0.5283 	 0.4015 	 -0.1006 	 0.3885
3.6874 	 -0.4121 	 -0.0143 	 -0.8905 	 0.4795 	 -0.1249 	 0.5323 	 0.4077 	 -0.1024 	 0.3939
3.6974 	 -0.4073 	 -0.0155 	 -0.8852 	 0.4836 	 -0.1259 	 0.5362 	 0.4141 	 -0.1041 	 0.3994
3.7074 	 -0.4024 	 -0.0168 	 -0.8798 	 0.4878 	 -0.1270 	 0.5403 	 0.4207 	 -0.1060 	 0.4051
3.7174 	 -0.3975 	 -0.0181 	 -0.8743 	 0.4920 	 -0.1281 	 0.5443 	 0.4275 	 -0.1079 	 0.4109
3.7275 	 -0.3926 	 -0.0194 	 -0.8689 	 0.4963 	 -0.1291 	 0.5485 	 0.4346 	 -0.1098 	 0.4169
3.7375 	 -0.3876 	 -0.0207 	 -0.8633 	 0.5007 	 -0.1303 	 0.5527 	 0.4419 	 -0.1118 	 0.4231
3.7475 	 -0.3825 	 -0.0220 	 -0.8578 	 0.5052 	 -0.1314 	 0.5570 	 0.4496 	 -0.1138 	 0.4295
3.7575 	 -0.3774 	 -0.0233 	 -0.8522 	 0.5097 	 -0.1325 	 0.5613 	 0.4575 	 -0.1159 	 0.4360
3.7675 	 -0.3723 	 -0.0246 	 -0.8465 	 0.5144 	 -0.1337 	 0.5657 	 0.4657 	 -0.1181 	 0.4428
3.7776 	 -0.3671 	 -0.0260 	 -0.8408 	 0.5191 	 -0.1349 	 0.5702 	 0.4743 	 -0.1204 	 0.4497
3.7876 	 -0.3619 	 -0.0273 	 -0.8351 	 0.5239 	 -0.1361 	 0.5747 	 0.4832 	 -0.1228 	 0.4568
3.7976 	 -0.3566 	 -0.0287 	 -0.8293 	 0.5288 	 -0.1374 	 0.5793 	 0.4925 	 -0.1253 	 0.4641
3.8076 	 -0.3513 	 -0.0301 	 -0.8235 	 0.5338 	 -0.1386 	 0.5840 	 0.5064 	 -0.1321 	 0.4737
3.8176 	 -0.3459 	 -0.0315 	 -0.8176 	 0.5389 	 -0.1400 	 0.5888 	 0.5213 	 -0.1361 	 0.4830
3.8277 	 -0.3405 	 -0.0329 	 -0.8117 	 0.5442 	 -0.1414 	 0.5937 	 0.5304 	 -0.1381 	 0.4901
3.8377 	 -0.3350 	 -0.0343 	 -0.8057 	 0.5496 	 -0.1428 	 0.5987 	 0.5400 	 -0.1401 	 0.4975
3.8477 	 -0.3295 	 -0.0358 	 -0.7997 	 0.5550 	 -0.1442 	 0.6037 	 0.5500 	 -0.1422 	 0.5051
3.8577 	 -0.3239 	 -0.0372 	 -0.7936 	 0.5606 	 -0.1456 	 0.6088 	 0.5652 	 -0.1431 	 0.5165
3.8677 	 -0.3183 	 -0.0387 	 -0.7875 	 0.5663 	 -0.1470 	 0.6140 	 0.5757 	 -0.1455 	 0.5242
3.8778 	 -0.3126 	 -0.0402 	 -0.7813 	 0.5722 	 -0.1485 	 0.6193 	 0.5868 	 -0.1480 	 0.5321
3.8878 	 -0.3068 	 -0.0417 	 -0.7751 	 0.5781 	 -0.1500 	 0.6247 	 0.6039 	 -0.1523 	 0.5423
3.8978 	 -0.3010 	 -0.0432 	 -0.7688 	 0.5842 	 -0.1516 	 0.6302 	 0.6153 	 -0.1548 	 0.5502
3.9078 	 -0.2951 	 -0.0447 	 -0.7625 	 0.5905 	 -0.1531 	 0.6357 	 0.6386 	 -0.1604 	 0.5617
3.9178 	 -0.2891 	 -0.0462 	 -0.7561 	 0.5969 	 -0.1547 	 0.6414 	 0.6525 	 -0.1624 	 0.5749
3.9279 	 -0.2831 	 -0.0478 	 -0.7496 	 0.6036 	 -0.1564 	 0.6473 	 0.6794 	 -0.1683 	 0.5869
3.9379 	 -0.2770 	 -0.0494 	 -0.7431 	 0.6105 	 -0.1581 	 0.6532 	 0.6881 	 -0.1701 	 0.5944
3.9479 	 -0.2709 	 -0.0510 	 -0.7365 	 0.6174 	 -0.1598 	 0.6592 	 0.6972 	 -0.1719 	 0.6024
3.9579 	 -0.2647 	 -0.0526 	 -0.7299 	 0.6245 	 -0.1615 	 0.6653 	 0.7068 	 -0.1737 	 0.6109
3.9679 	 -0.2584 	 -0.0542 	 -0.7232 	 0.6316 	 -0.1633 	 0.6714 	 0.7223 	 -0.1778 	 0.6216
3.9780 	 -0.2520 	 -0.0558 	 -0.7164 	 0.6389 	 -0.1651 	 0.6777 	 0.7322 	 -0.1793 	 0.6309
3.9880 	 -0.2456 	 -0.0575 	 -0.7096 	 0.6464 	 -0.1669 	 0.6841 	 0.7520 	 -0.1840 	 0.6440
3.9980 	 -0.2391 	 -0.0592 	 -0.7027 	 0.6539 	 -0.1688 	 0.6906 	 0.7612 	 -0.1850 	 0.6532
4.0080 	 -0.2325 	 -0.0609 	 -0.6958 	 0.6616 	 -0.1706 	 0.6972 	 0.7739 	 -0.1866 	 0.6686
4.0180 	 -0.2258 	 -0.0626 	 -0.6887 	 0.6694 	 -0.1725 	 0.7039 	 0.7837 	 -0.1873 	 0.6789
4.0281 	 -0.2191 	 -0.0643 	 -0.6817 	 0.6774 	 -0.1744 	 0.7108 	 0.7991 	 -0.1894 	 0.6899
4.0381 	 -0.2122 	 -0.0661 	 -0.6745 	 0.6854 	 -0.1763 	 0.7178 	 0.8114 	 -0.1904 	 0.7075
4.0481 	 -0.2053 	 -0.0679 	 -0.6673 	 0.6936 	 -0.1782 	 0.7250 	 0.8217 	 -0.1898 	 0.7205
4.0581 	 -0.1983 	 -0.0697 	 -0.6600 	 0.7019 	 -0.1801 	 0.7323 	 0.8329 	 -0.1889 	 0.7348
4.0681 	 -0.1912 	 -0.0715 	 -0.6526 	 0.7103 	 -0.1820 	 0.7397 	 0.8468 	 -0.1900 	 0.7547
4.0782 	 -0.1841 	 -0.0733 	 -0.6451 	 0.7190 	 -0.1839 	 0.7475 	 0.8822 	 -0.1905 	 0.7944
4.0882 	 -0.1768 	 -0.0752 	 -0.6376 	 0.7280 	 -0.1858 	 0.7557 	 0.9048 	 -0.1884 	 0.8235
4.0982 	 -0.1695 	 -0.0770 	 -0.6300 	 0.7373 	 -0.1877 	 0.7642 	 0.9266 	 -0.1851 	 0.8528
4.1082 	 -0.1621 	 -0.0789 	 -0.6223 	 0.7466 	 -0.1895 	 0.7727 	 0.9345 	 -0.1810 	 0.8657
4.1182 	 -0.1545 	 -0.0808 	 -0.6145 	 0.7560 	 -0.1913 	 0.7815 	 0.9402 	 -0.1755 	 0.8768
4.1283 	 -0.1469 	 -0.0828 	 -0.6066 	 0.7654 	 -0.1930 	 0.7903 	 0.9393 	 -0.1675 	 0.8830
4.1383 	 -0.1392 	 -0.0847 	 -0.5987 	 0.7748 	 -0.1947 	 0.7992 	 0.9342 	 -0.1587 	 0.8850
4.1483 	 -0.1314 	 -0.0867 	 -0.5906 	 0.7841 	 -0.1962 	 0.8081 	 0.9332 	 -0.1487 	 0.8990
4.1583 	 -0.1235 	 -0.0886 	 -0.5825 	 0.7935 	 -0.1977 	 0.8172 	 0.9308 	 -0.1375 	 0.9088
4.1683 	 -0.1155 	 -0.0906 	 -0.5742 	 0.8028 	 -0.1990 	 0.8263 	 0.9241 	 -0.1258 	 0.9127
4.1784 	 -0.1074 	 -0.0926 	 -0.5659 	 0.8120 	 -0.2002 	 0.8354 	 0.9159 	 -0.1130 	 0.9161
4.1884 	 -0.0992 	 -0.0946 	 -0.5575 	 0.8211 	 -0.2012 	 0.8446 	 0.9055 	 -0.0994 	 0.9074
4.1984 	 -0.0909 	 -0.0967 	 -0.5490 	 0.8301 	 -0.2022 	 0.8537 	 0.8986 	 -0.0818 	 0.9154
4.2084 	 -0.0826 	 -0.0987 	 -0.5404 	 0.8391 	 -0.2029 	 0.8628 	 0.8849 	 -0.0687 	 0.9117
4.2184 	 -0.0741 	 -0.1007 	 -0.5317 	 0.8479 	 -0.2035 	 0.8721 	 0.8773 	 -0.0547 	 0.9237
4.2285 	 -0.0656 	 -0.1028 	 -0.5229 	 0.8566 	 -0.2040 	 0.8813 	 0.8629 	 -0.0391 	 0.9241
4.2385 	 -0.0570 	 -0.1048 	 -0.5140 	 0.8652 	 -0.2043 	 0.8905 	 0.8457 	 -0.0239 	 0.9181
4.2485 	 -0.0482 	 -0.1069 	 -0.5051 	 0.8736 	 -0.2045 	 0.8997 	 0.8281 	 -0.0079 	 0.9125
4.2585 	 -0.0395 	 -0.1089 	 -0.4960 	 0.8818 	 -0.2045 	 0.9089 	 0.8111 	 0.0099 	 0.9125
4.2685 	 -0.0306 	 -0.1110 	 -0.4869 	 0.8898 	 -0.2043 	 0.9180 	 0.7921 	 0.0273 	 0.9063
4.2786 	 -0.0216 	 -0.1130 	 -0.4776 	 0.8977 	 -0.2039 	 0.9270 	 0.7726 	 0.0456 	 0.9001
4.2886 	 -0.0126 	 -0.1150 	 -0.4683 	 0.9053 	 -0.2034 	 0.9360 	 0.7524 	 0.0649 	 0.8937
4.2986 	 -0.0035 	 -0.1171 	 -0.4589 	 0.9127 	 -0.2026 	 0.9450 	 0.7294 	 0.0873 	 0.8934
4.3086 	 0.0057 	 -0.1191 	 -0.4493 	 0.9199 	 -0.2016 	 0.9539 	 0.7076 	 0.1094 	 0.8864
4.3186 	 0.0150 	 -0.1211 	 -0.4397 	 0.9269 	 -0.2004 	 0.9628 	 0.6867 	 0.1364 	 0.8889
4.3287 	 0.0243 	 -0.1231 	 -0.4300 	 0.9337 	 -0.1989 	 0.9717 	 0.6635 	 0.1643 	 0.8830
4.3387 	 0.0337 	 -0.1251 	 -0.4203 	 0.9402 	 -0.1971 	 0.9804 	 0.6373 	 0.1956 	 0.8661
4.3487 	 0.0431 	 -0.1271 	 -0.4104 	 0.9464 	 -0.1950 	 0.9890 	 0.6080 	 0.2275 	 0.8375
4.3587 	 0.0526 	 -0.1290 	 -0.4004 	 0.9523 	 -0.1925 	 0.9972 	 0.5629 	 0.2792 	 0.7853
4.3687 	 0.0622 	 -0.1309 	 -0.3904 	 0.9578 	 -0.1895 	 1.0046 	 0.5230 	 0.3098 	 0.6976
4.3788 	 0.0718 	 -0.1328 	 -0.3803 	 0.9627 	 -0.1862 	 1.0111 	 0.4601 	 0.3522 	 0.5836
4.3888 	 0.0815 	 -0.1346 	 -0.3702 	 0.9667 	 -0.1824 	 1.0162 	 0.3209 	 0.4112 	 0.4305
4.3988 	 0.0912 	 -0.1365 	 -0.3600 	 0.9690 	 -0.1780 	 1.0199 	 0.1242 	 0.4686 	 0.3081
4.4088 	 0.1009 	 -0.1382 	 -0.3497 	 0.9692 	 -0.1731 	 1.0225 	 -0.0672 	 0.5116 	 0.2367
4.4188 	 0.1106 	 -0.1399 	 -0.3395 	 0.9677 	 -0.1678 	 1.0246 	 -0.2208 	 0.5356 	 0.1823
4.4289 	 0.1203 	 -0.1416 	 -0.3292 	 0.9649 	 -0.1624 	 1.0262 	 -0.3423 	 0.5483 	 0.1382
4.4389 	 0.1299 	 -0.1432 	 -0.3189 	 0.9610 	 -0.1568 	 1.0274 	 -0.4408 	 0.5511 	 0.1041
4.4489 	 0.1395 	 -0.1447 	 -0.3086 	 0.9561 	 -0.1513 	 1.0283 	 -0.5295 	 0.5465 	 0.0595
4.4589 	 0.1491 	 -0.1462 	 -0.2983 	 0.9504 	 -0.1459 	 1.0286 	 -0.5993 	 0.5394 	 0.0114
4.4689 	 0.1586 	 -0.1476 	 -0.2880 	 0.9441 	 -0.1405 	 1.0285 	 -0.6622 	 0.5432 	 -0.0306
4.4790 	 0.1680 	 -0.1490 	 -0.2777 	 0.9372 	 -0.1350 	 1.0280 	 -0.7129 	 0.5457 	 -0.0731
4.4890 	 0.1773 	 -0.1503 	 -0.2674 	 0.9298 	 -0.1295 	 1.0270 	 -0.7576 	 0.5474 	 -0.1120
4.4990 	 0.1866 	 -0.1516 	 -0.2571 	 0.9220 	 -0.1241 	 1.0257 	 -0.7977 	 0.5483 	 -0.1486
4.5090 	 0.1958 	 -0.1528 	 -0.2469 	 0.9139 	 -0.1186 	 1.0241 	 -0.8339 	 0.5485 	 -0.1833
4.5190 	 0.2049 	 -0.1540 	 -0.2366 	 0.9053 	 -0.1131 	 1.0221 	 -0.8662 	 0.5537 	 -0.2136
4.5291 	 0.2140 	 -0.1551 	 -0.2264 	 0.8965 	 -0.1075 	 1.0198 	 -0.8966 	 0.5573 	 -0.2438
4.5391 	 0.2229 	 -0.1561 	 -0.2162 	 0.8874 	 -0.1019 	 1.0172 	 -0.9303 	 0.5587 	 -0.2738
4.5491 	 0.2317 	 -0.1571 	 -0.2060 	 0.8779 	 -0.0963 	 1.0143 	 -0.9580 	 0.5553 	 -0.3055
4.5591 	 0.2405 	 -0.1581 	 -0.1958 	 0.8682 	 -0.0908 	 1.0111 	 -0.9880 	 0.5459 	 -0.3308
4.5691 	 0.2491 	 -0.1590 	 -0.1857 	 0.8581 	 -0.0854 	 1.0076 	 -1.0130 	 0.5406 	 -0.3632
4.5792 	 0.2577 	 -0.1598 	 -0.1757 	 0.8479 	 -0.0800 	 1.0039 	 -1.0346 	 0.5347 	 -0.3886
4.5892 	 0.2661 	 -0.1606 	 -0.1656 	 0.8374 	 -0.0747 	 0.9998 	 -1.0569 	 0.5290 	 -0.4195
4.5992 	 0.2745 	 -0.1613 	 -0.1556 	 0.8267 	 -0.0694 	 0.9954 	 -1.0782 	 0.5234 	 -0.4507
4.6092 	 0.2827 	 -0.1620 	 -0.1457 	 0.8158 	 -0.0642 	 0.9908 	 -1.0986 	 0.5179 	 -0.4822
4.6192 	 0.2908 	 -0.1626 	 -0.1358 	 0.8047 	 -0.0590 	 0.9858 	 -1.1178 	 0.5126 	 -0.5138
4.6293 	 0.2988 	 -0.1631 	 -0.1259 	 0.7934 	 -0.0539 	 0.9805 	 -1.1306 	 0.5023 	 -0.5421
4.6393 	 0.3067 	 -0.1637 	 -0.1161 	 0.7820 	 -0.0489 	 0.9749 	 -1.1460 	 0.4967 	 -0.5720
4.6493 	 0.3145 	 -0.1641 	 -0.1064 	 0.7705 	 -0.0440 	 0.9690 	 -1.1598 	 0.4916 	 -0.6009
4.6593 	 0.3222 	 -0.1645 	 -0.0967 	 0.7588 	 -0.0391 	 0.9629 	 -1.1719 	 0.4867 	 -0.6288
4.6693 	 0.3297 	 -0.1649 	 -0.0871 	 0.7470 	 -0.0342 	 0.9565 	 -1.1767 	 0.4802 	 -0.6504
4.6794 	 0.3371 	 -0.1652 	 -0.0775 	 0.7353 	 -0.0295 	 0.9499 	 -1.1783 	 0.4714 	 -0.6599
4.6894 	 0.3444 	 -0.1655 	 -0.0681 	 0.7234 	 -0.0248 	 0.9432 	 -1.1788 	 0.4650 	 -0.6763
4.6994 	 0.3516 	 -0.1657 	 -0.0586 	 0.7116 	 -0.0201 	 0.9364 	 -1.1703 	 0.4610 	 -0.6813
4.7094 	 0.3587 	 -0.1659 	 -0.0493 	 0.7000 	 -0.0155 	 0.9296 	 -1.1611 	 0.4538 	 -0.6860
4.7194 	 0.3656 	 -0.1660 	 -0.0400 	 0.6884 	 -0.0110 	 0.9227 	 -1.1450 	 0.4448 	 -0.6830
4.7295 	 0.3725 	 -0.1661 	 -0.0308 	 0.6771 	 -0.0067 	 0.9160 	 -1.1085 	 0.4298 	 -0.6580
4.7395 	 0.3792 	 -0.1662 	 -0.0217 	 0.6662 	 -0.0024 	 0.9095 	 -1.0700 	 0.4133 	 -0.6322
4.7495 	 0.3858 	 -0.1662 	 -0.0126 	 0.6556 	 0.0016 	 0.9032 	 -1.0505 	 0.4022 	 -0.6265
4.7595 	 0.3924 	 -0.1661 	 -0.0035 	 0.6452 	 0.0056 	 0.8970 	 -1.0252 	 0.3916 	 -0.6237
4.7695 	 0.3988 	 -0.1661 	 0.0054 	 0.6351 	 0.0095 	 0.8908 	 -0.9991 	 0.3797 	 -0.6145
4.7796 	 0.4051 	 -0.1659 	 0.0143 	 0.6252 	 0.0132 	 0.8846 	 -0.9836 	 0.3699 	 -0.6124
4.7896 	 0.4113 	 -0.1658 	 0.0231 	 0.6154 	 0.0169 	 0.8785 	 -0.9633 	 0.3566 	 -0.6099
4.7996 	 0.4174 	 -0.1656 	 0.0319 	 0.6058 	 0.0204 	 0.8724 	 -0.9488 	 0.3470 	 -0.6086
4.8096 	 0.4234 	 -0.1654 	 0.0406 	 0.5964 	 0.0238 	 0.8663 	 -0.9351 	 0.3376 	 -0.6076
4.8196 	 0.4294 	 -0.1651 	 0.0493 	 0.5873 	 0.0271 	 0.8603 	 -0.8940 	 0.3184 	 -0.5894
4.8297 	 0.4352 	 -0.1648 	 0.0579 	 0.5785 	 0.0302 	 0.8545 	 -0.8654 	 0.3030 	 -0.5778
4.8397 	 0.4410 	 -0.1645 	 0.0664 	 0.5699 	 0.0332 	 0.8487 	 -0.8472 	 0.2924 	 -0.5722
4.8497 	 0.4466 	 -0.1642 	 0.0749 	 0.5615 	 0.0361 	 0.8430 	 -0.8258 	 0.2812 	 -0.5609
4.8597 	 0.4522 	 -0.1638 	 0.0833 	 0.5534 	 0.0388 	 0.8375 	 -0.7966 	 0.2675 	 -0.5516
4.8697 	 0.4577 	 -0.1634 	 0.0917 	 0.5455 	 0.0414 	 0.8320 	 -0.7791 	 0.2576 	 -0.5450
4.8798 	 0.4632 	 -0.1630 	 0.1000 	 0.5378 	 0.0440 	 0.8265 	 -0.7626 	 0.2482 	 -0.5387
4.8898 	 0.4685 	 -0.1625 	 0.1082 	 0.5302 	 0.0464 	 0.8212 	 -0.7425 	 0.2389 	 -0.5275
4.8998 	 0.4738 	 -0.1620 	 0.1164 	 0.5229 	 0.0487 	 0.8160 	 -0.7214 	 0.2271 	 -0.5179
4.9098 	 0.4790 	 -0.1615 	 0.1246 	 0.5157 	 0.0510 	 0.8108 	 -0.7061 	 0.2187 	 -0.5109
4.9198 	 0.4841 	 -0.1610 	 0.1327 	 0.5087 	 0.0531 	 0.8057 	 -0.6915 	 0.2108 	 -0.5040
4.9299 	 0.4892 	 -0.1605 	 0.1407 	 0.5019 	 0.0552 	 0.8007 	 -0.6719 	 0.2003 	 -0.4956
4.9399 	 0.4942 	 -0.1599 	 0.1487 	 0.4952 	 0.0572 	 0.7958 	 -0.6530 	 0.1922 	 -0.4848
4.9499 	 0.4991 	 -0.1593 	 0.1567 	 0.4888 	 0.0590 	 0.7910 	 -0.6390 	 0.1850 	 -0.4774
4.9599 	 0.5040 	 -0.1587 	 0.1646 	 0.4824 	 0.0609 	 0.7862 	 -0.6256 	 0.1781 	 -0.4703
4.9699 	 0.5088 	 -0.1581 	 0.1724 	 0.4762 	 0.0626 	 0.7815 	 -0.6129 	 0.1716 	 -0.4634
4.9800 	 0.5135 	 -0.1575 	 0.1802 	 0.4701 	 0.0643 	 0.7769 	 -0.6008 	 0.1654 	 -0.4568
4.9900 	 0.5182 	 -0.1568 	 0.1880 	 0.4642 	 0.0659 	 0.7724 	 -0.5893 	 0.1595 	 -0.4504
