100-Body Run with i = 97 th particle. (Units in pc,M_solar,Myr, km s-1) 

time		 x 		 y 		 z 		 xdot 		 ydot 		 zdot 		 xddot 		 yddot 		 zddot
0.0000 	 0.0102 	 -0.0001 	 -0.5232 	 0.0088 	 0.0023 	 0.0119 	 0.1734 	 -0.0893 	 0.4425
0.0100 	 0.0103 	 -0.0001 	 -0.5230 	 0.0105 	 0.0014 	 0.0163 	 0.1733 	 -0.0891 	 0.4428
0.0200 	 0.0104 	 -0.0001 	 -0.5228 	 0.0123 	 0.0005 	 0.0208 	 0.1732 	 -0.0890 	 0.4431
0.0301 	 0.0106 	 -0.0001 	 -0.5226 	 0.0140 	 -0.0004 	 0.0252 	 0.1731 	 -0.0888 	 0.4435
0.0401 	 0.0107 	 -0.0001 	 -0.5223 	 0.0157 	 -0.0013 	 0.0296 	 0.1730 	 -0.0887 	 0.4440
0.0501 	 0.0109 	 -0.0001 	 -0.5220 	 0.0175 	 -0.0022 	 0.0341 	 0.1729 	 -0.0886 	 0.4445
0.0601 	 0.0111 	 -0.0001 	 -0.5216 	 0.0192 	 -0.0031 	 0.0386 	 0.1729 	 -0.0885 	 0.4451
0.0701 	 0.0113 	 -0.0002 	 -0.5212 	 0.0209 	 -0.0040 	 0.0430 	 0.1728 	 -0.0884 	 0.4458
0.0802 	 0.0115 	 -0.0002 	 -0.5208 	 0.0226 	 -0.0048 	 0.0475 	 0.1728 	 -0.0883 	 0.4465
0.0902 	 0.0117 	 -0.0003 	 -0.5203 	 0.0244 	 -0.0057 	 0.0520 	 0.1728 	 -0.0882 	 0.4473
0.1002 	 0.0120 	 -0.0003 	 -0.5197 	 0.0261 	 -0.0066 	 0.0565 	 0.1728 	 -0.0881 	 0.4482
0.1102 	 0.0122 	 -0.0004 	 -0.5192 	 0.0278 	 -0.0075 	 0.0610 	 0.1728 	 -0.0880 	 0.4491
0.1202 	 0.0125 	 -0.0005 	 -0.5185 	 0.0296 	 -0.0084 	 0.0655 	 0.1728 	 -0.0879 	 0.4501
0.1303 	 0.0128 	 -0.0006 	 -0.5178 	 0.0313 	 -0.0093 	 0.0700 	 0.1729 	 -0.0879 	 0.4511
0.1403 	 0.0132 	 -0.0007 	 -0.5171 	 0.0330 	 -0.0101 	 0.0745 	 0.1730 	 -0.0878 	 0.4523
0.1503 	 0.0135 	 -0.0008 	 -0.5163 	 0.0348 	 -0.0110 	 0.0790 	 0.1730 	 -0.0878 	 0.4535
0.1603 	 0.0139 	 -0.0009 	 -0.5155 	 0.0365 	 -0.0119 	 0.0836 	 0.1771 	 -0.0904 	 0.4590
0.1703 	 0.0142 	 -0.0010 	 -0.5147 	 0.0383 	 -0.0128 	 0.0882 	 0.1771 	 -0.0903 	 0.4603
0.1804 	 0.0146 	 -0.0011 	 -0.5138 	 0.0401 	 -0.0137 	 0.0928 	 0.1771 	 -0.0902 	 0.4616
0.1904 	 0.0150 	 -0.0013 	 -0.5128 	 0.0418 	 -0.0146 	 0.0974 	 0.1771 	 -0.0901 	 0.4630
0.2004 	 0.0155 	 -0.0014 	 -0.5118 	 0.0436 	 -0.0155 	 0.1021 	 0.1771 	 -0.0900 	 0.4644
0.2104 	 0.0159 	 -0.0016 	 -0.5108 	 0.0454 	 -0.0164 	 0.1068 	 0.1772 	 -0.0900 	 0.4660
0.2204 	 0.0164 	 -0.0018 	 -0.5097 	 0.0472 	 -0.0173 	 0.1114 	 0.1772 	 -0.0899 	 0.4676
0.2305 	 0.0168 	 -0.0019 	 -0.5085 	 0.0490 	 -0.0183 	 0.1162 	 0.1794 	 -0.0945 	 0.4727
0.2405 	 0.0173 	 -0.0021 	 -0.5073 	 0.0508 	 -0.0192 	 0.1209 	 0.1794 	 -0.0943 	 0.4743
0.2505 	 0.0179 	 -0.0023 	 -0.5061 	 0.0526 	 -0.0201 	 0.1257 	 0.1793 	 -0.0940 	 0.4760
0.2605 	 0.0184 	 -0.0025 	 -0.5048 	 0.0543 	 -0.0211 	 0.1304 	 0.1793 	 -0.0938 	 0.4778
0.2705 	 0.0190 	 -0.0027 	 -0.5035 	 0.0561 	 -0.0220 	 0.1352 	 0.1793 	 -0.0935 	 0.4797
0.2806 	 0.0195 	 -0.0030 	 -0.5021 	 0.0579 	 -0.0230 	 0.1401 	 0.1793 	 -0.0933 	 0.4817
0.2906 	 0.0201 	 -0.0032 	 -0.5007 	 0.0597 	 -0.0239 	 0.1449 	 0.1793 	 -0.0930 	 0.4837
0.3006 	 0.0207 	 -0.0034 	 -0.4992 	 0.0615 	 -0.0248 	 0.1497 	 0.1793 	 -0.0927 	 0.4859
0.3106 	 0.0213 	 -0.0037 	 -0.4977 	 0.0633 	 -0.0258 	 0.1546 	 0.1793 	 -0.0925 	 0.4881
0.3206 	 0.0220 	 -0.0040 	 -0.4961 	 0.0651 	 -0.0267 	 0.1595 	 0.1793 	 -0.0922 	 0.4904
0.3307 	 0.0227 	 -0.0042 	 -0.4945 	 0.0669 	 -0.0276 	 0.1645 	 0.1793 	 -0.0919 	 0.4928
0.3407 	 0.0233 	 -0.0045 	 -0.4928 	 0.0687 	 -0.0285 	 0.1694 	 0.1793 	 -0.0916 	 0.4953
0.3507 	 0.0240 	 -0.0048 	 -0.4911 	 0.0705 	 -0.0294 	 0.1744 	 0.1794 	 -0.0913 	 0.4980
0.3607 	 0.0247 	 -0.0051 	 -0.4893 	 0.0723 	 -0.0303 	 0.1794 	 0.1794 	 -0.0910 	 0.5007
0.3707 	 0.0255 	 -0.0054 	 -0.4875 	 0.0741 	 -0.0313 	 0.1844 	 0.1794 	 -0.0907 	 0.5035
0.3808 	 0.0262 	 -0.0057 	 -0.4856 	 0.0759 	 -0.0322 	 0.1895 	 0.1795 	 -0.0904 	 0.5065
0.3908 	 0.0270 	 -0.0061 	 -0.4837 	 0.0777 	 -0.0331 	 0.1946 	 0.1857 	 -0.0918 	 0.5101
0.4008 	 0.0278 	 -0.0064 	 -0.4817 	 0.0796 	 -0.0340 	 0.1997 	 0.1908 	 -0.0889 	 0.5211
0.4108 	 0.0286 	 -0.0067 	 -0.4797 	 0.0815 	 -0.0349 	 0.2050 	 0.1902 	 -0.0886 	 0.5241
0.4208 	 0.0294 	 -0.0071 	 -0.4776 	 0.0834 	 -0.0357 	 0.2102 	 0.1896 	 -0.0883 	 0.5272
0.4309 	 0.0303 	 -0.0075 	 -0.4755 	 0.0853 	 -0.0366 	 0.2155 	 0.1889 	 -0.0881 	 0.5305
0.4409 	 0.0311 	 -0.0078 	 -0.4733 	 0.0872 	 -0.0375 	 0.2209 	 0.1882 	 -0.0878 	 0.5338
0.4509 	 0.0320 	 -0.0082 	 -0.4711 	 0.0891 	 -0.0384 	 0.2262 	 0.1875 	 -0.0875 	 0.5373
0.4609 	 0.0329 	 -0.0086 	 -0.4688 	 0.0910 	 -0.0393 	 0.2316 	 0.1868 	 -0.0872 	 0.5410
0.4709 	 0.0338 	 -0.0090 	 -0.4664 	 0.0928 	 -0.0401 	 0.2371 	 0.1860 	 -0.0869 	 0.5448
0.4810 	 0.0348 	 -0.0094 	 -0.4640 	 0.0947 	 -0.0410 	 0.2425 	 0.1852 	 -0.0866 	 0.5488
0.4910 	 0.0357 	 -0.0098 	 -0.4616 	 0.0966 	 -0.0419 	 0.2481 	 0.1844 	 -0.0863 	 0.5529
0.5010 	 0.0367 	 -0.0102 	 -0.4590 	 0.0984 	 -0.0427 	 0.2536 	 0.1835 	 -0.0860 	 0.5572
0.5110 	 0.0377 	 -0.0107 	 -0.4565 	 0.1002 	 -0.0436 	 0.2592 	 0.1826 	 -0.0857 	 0.5617
0.5210 	 0.0387 	 -0.0111 	 -0.4538 	 0.1021 	 -0.0445 	 0.2649 	 0.1816 	 -0.0854 	 0.5664
0.5311 	 0.0398 	 -0.0116 	 -0.4512 	 0.1039 	 -0.0453 	 0.2706 	 0.1806 	 -0.0851 	 0.5713
0.5411 	 0.0408 	 -0.0120 	 -0.4484 	 0.1057 	 -0.0462 	 0.2763 	 0.1796 	 -0.0848 	 0.5764
0.5511 	 0.0419 	 -0.0125 	 -0.4456 	 0.1075 	 -0.0470 	 0.2821 	 0.1785 	 -0.0845 	 0.5817
0.5611 	 0.0430 	 -0.0130 	 -0.4428 	 0.1093 	 -0.0479 	 0.2880 	 0.1773 	 -0.0842 	 0.5872
0.5711 	 0.0441 	 -0.0134 	 -0.4399 	 0.1110 	 -0.0487 	 0.2939 	 0.1761 	 -0.0839 	 0.5930
0.5812 	 0.0452 	 -0.0139 	 -0.4369 	 0.1128 	 -0.0495 	 0.2999 	 0.1764 	 -0.0892 	 0.6011
0.5912 	 0.0463 	 -0.0144 	 -0.4338 	 0.1145 	 -0.0504 	 0.3059 	 0.1749 	 -0.0884 	 0.6073
0.6012 	 0.0475 	 -0.0150 	 -0.4307 	 0.1163 	 -0.0513 	 0.3120 	 0.1733 	 -0.0876 	 0.6137
0.6112 	 0.0487 	 -0.0155 	 -0.4276 	 0.1180 	 -0.0522 	 0.3182 	 0.1717 	 -0.0867 	 0.6204
0.6212 	 0.0498 	 -0.0160 	 -0.4244 	 0.1197 	 -0.0531 	 0.3245 	 0.1699 	 -0.0857 	 0.6274
0.6313 	 0.0511 	 -0.0165 	 -0.4211 	 0.1214 	 -0.0539 	 0.3308 	 0.1680 	 -0.0848 	 0.6347
0.6413 	 0.0523 	 -0.0171 	 -0.4177 	 0.1231 	 -0.0548 	 0.3372 	 0.1661 	 -0.0837 	 0.6424
0.6513 	 0.0535 	 -0.0176 	 -0.4143 	 0.1248 	 -0.0556 	 0.3437 	 0.1640 	 -0.0827 	 0.6505
0.6613 	 0.0548 	 -0.0182 	 -0.4109 	 0.1264 	 -0.0564 	 0.3502 	 0.1636 	 -0.0806 	 0.6651
0.6713 	 0.0561 	 -0.0188 	 -0.4073 	 0.1280 	 -0.0572 	 0.3570 	 0.1613 	 -0.0794 	 0.6742
0.6814 	 0.0573 	 -0.0193 	 -0.4037 	 0.1296 	 -0.0580 	 0.3638 	 0.1589 	 -0.0781 	 0.6837
0.6914 	 0.0587 	 -0.0199 	 -0.4000 	 0.1312 	 -0.0588 	 0.3707 	 0.1563 	 -0.0768 	 0.6937
0.7014 	 0.0600 	 -0.0205 	 -0.3963 	 0.1328 	 -0.0595 	 0.3777 	 0.1536 	 -0.0754 	 0.7042
0.7114 	 0.0613 	 -0.0211 	 -0.3925 	 0.1343 	 -0.0603 	 0.3848 	 0.1507 	 -0.0740 	 0.7153
0.7214 	 0.0627 	 -0.0217 	 -0.3886 	 0.1358 	 -0.0610 	 0.3920 	 0.1522 	 -0.0747 	 0.7295
0.7315 	 0.0640 	 -0.0223 	 -0.3846 	 0.1373 	 -0.0618 	 0.3994 	 0.1481 	 -0.0727 	 0.7414
0.7415 	 0.0654 	 -0.0230 	 -0.3806 	 0.1388 	 -0.0625 	 0.4069 	 0.1437 	 -0.0706 	 0.7540
0.7515 	 0.0668 	 -0.0236 	 -0.3764 	 0.1402 	 -0.0632 	 0.4145 	 0.1385 	 -0.0680 	 0.7797
0.7615 	 0.0682 	 -0.0242 	 -0.3722 	 0.1416 	 -0.0639 	 0.4225 	 0.1318 	 -0.0658 	 0.8097
0.7715 	 0.0696 	 -0.0249 	 -0.3680 	 0.1428 	 -0.0645 	 0.4307 	 0.1260 	 -0.0633 	 0.8264
0.7816 	 0.0711 	 -0.0255 	 -0.3636 	 0.1441 	 -0.0651 	 0.4391 	 0.1203 	 -0.0604 	 0.8427
0.7916 	 0.0725 	 -0.0262 	 -0.3592 	 0.1453 	 -0.0657 	 0.4476 	 0.1141 	 -0.0574 	 0.8591
0.8016 	 0.0740 	 -0.0268 	 -0.3546 	 0.1464 	 -0.0663 	 0.4564 	 0.1061 	 -0.0543 	 0.8921
0.8116 	 0.0755 	 -0.0275 	 -0.3500 	 0.1474 	 -0.0668 	 0.4654 	 0.0999 	 -0.0509 	 0.8991
0.8216 	 0.0770 	 -0.0282 	 -0.3453 	 0.1484 	 -0.0673 	 0.4744 	 0.0932 	 -0.0472 	 0.9064
0.8317 	 0.0784 	 -0.0289 	 -0.3405 	 0.1493 	 -0.0678 	 0.4835 	 0.0860 	 -0.0432 	 0.9141
0.8417 	 0.0799 	 -0.0295 	 -0.3356 	 0.1501 	 -0.0682 	 0.4928 	 0.0771 	 -0.0391 	 0.9332
0.8517 	 0.0814 	 -0.0302 	 -0.3306 	 0.1508 	 -0.0685 	 0.5022 	 0.0692 	 -0.0345 	 0.9391
0.8617 	 0.0830 	 -0.0309 	 -0.3256 	 0.1514 	 -0.0689 	 0.5117 	 0.0591 	 -0.0289 	 0.9566
0.8717 	 0.0845 	 -0.0316 	 -0.3204 	 0.1520 	 -0.0691 	 0.5213 	 0.0498 	 -0.0237 	 0.9657
0.8818 	 0.0860 	 -0.0323 	 -0.3151 	 0.1524 	 -0.0693 	 0.5311 	 0.0399 	 -0.0177 	 0.9728
0.8918 	 0.0875 	 -0.0330 	 -0.3097 	 0.1528 	 -0.0695 	 0.5408 	 0.0303 	 -0.0120 	 0.9732
0.9018 	 0.0891 	 -0.0337 	 -0.3043 	 0.1530 	 -0.0696 	 0.5506 	 0.0202 	 -0.0060 	 0.9733
0.9118 	 0.0906 	 -0.0344 	 -0.2987 	 0.1532 	 -0.0696 	 0.5603 	 0.0126 	 0.0040 	 0.9774
0.9218 	 0.0921 	 -0.0351 	 -0.2930 	 0.1533 	 -0.0695 	 0.5701 	 0.0007 	 0.0100 	 0.9761
0.9319 	 0.0937 	 -0.0358 	 -0.2873 	 0.1532 	 -0.0694 	 0.5799 	 -0.0118 	 0.0164 	 0.9743
0.9419 	 0.0952 	 -0.0365 	 -0.2814 	 0.1530 	 -0.0692 	 0.5897 	 -0.0261 	 0.0233 	 0.9776
0.9519 	 0.0967 	 -0.0372 	 -0.2755 	 0.1527 	 -0.0689 	 0.5995 	 -0.0384 	 0.0302 	 0.9798
0.9619 	 0.0983 	 -0.0378 	 -0.2694 	 0.1522 	 -0.0686 	 0.6093 	 -0.0523 	 0.0374 	 0.9752
0.9719 	 0.0998 	 -0.0385 	 -0.2633 	 0.1516 	 -0.0682 	 0.6190 	 -0.0668 	 0.0448 	 0.9700
0.9820 	 0.1013 	 -0.0392 	 -0.2570 	 0.1509 	 -0.0677 	 0.6287 	 -0.0819 	 0.0526 	 0.9640
0.9920 	 0.1028 	 -0.0399 	 -0.2507 	 0.1500 	 -0.0671 	 0.6384 	 -0.0974 	 0.0605 	 0.9573
1.0020 	 0.1043 	 -0.0406 	 -0.2442 	 0.1489 	 -0.0665 	 0.6479 	 -0.1135 	 0.0687 	 0.9498
1.0120 	 0.1058 	 -0.0412 	 -0.2377 	 0.1477 	 -0.0657 	 0.6574 	 -0.1301 	 0.0771 	 0.9416
1.0220 	 0.1073 	 -0.0419 	 -0.2310 	 0.1463 	 -0.0649 	 0.6668 	 -0.1474 	 0.0857 	 0.9325
1.0321 	 0.1087 	 -0.0425 	 -0.2243 	 0.1448 	 -0.0640 	 0.6761 	 -0.1667 	 0.0950 	 0.9282
1.0421 	 0.1102 	 -0.0432 	 -0.2175 	 0.1430 	 -0.0630 	 0.6853 	 -0.1857 	 0.1042 	 0.9154
1.0521 	 0.1116 	 -0.0438 	 -0.2106 	 0.1410 	 -0.0619 	 0.6944 	 -0.2062 	 0.1139 	 0.9013
1.0621 	 0.1130 	 -0.0444 	 -0.2036 	 0.1389 	 -0.0607 	 0.7034 	 -0.2284 	 0.1241 	 0.8858
1.0721 	 0.1144 	 -0.0450 	 -0.1965 	 0.1365 	 -0.0594 	 0.7122 	 -0.2530 	 0.1349 	 0.8687
1.0822 	 0.1157 	 -0.0456 	 -0.1893 	 0.1338 	 -0.0580 	 0.7208 	 -0.2812 	 0.1468 	 0.8550
1.0922 	 0.1171 	 -0.0462 	 -0.1820 	 0.1308 	 -0.0565 	 0.7293 	 -0.3112 	 0.1591 	 0.8322
1.1022 	 0.1183 	 -0.0467 	 -0.1747 	 0.1275 	 -0.0548 	 0.7375 	 -0.3443 	 0.1729 	 0.8065
1.1122 	 0.1196 	 -0.0473 	 -0.1673 	 0.1239 	 -0.0530 	 0.7455 	 -0.3782 	 0.1913 	 0.7806
1.1222 	 0.1208 	 -0.0478 	 -0.1598 	 0.1199 	 -0.0510 	 0.7531 	 -0.4196 	 0.2110 	 0.7428
1.1323 	 0.1220 	 -0.0483 	 -0.1522 	 0.1155 	 -0.0487 	 0.7604 	 -0.4634 	 0.2391 	 0.6979
1.1423 	 0.1231 	 -0.0488 	 -0.1445 	 0.1106 	 -0.0462 	 0.7671 	 -0.5145 	 0.2666 	 0.6360
1.1523 	 0.1242 	 -0.0492 	 -0.1368 	 0.1052 	 -0.0434 	 0.7730 	 -0.5644 	 0.2947 	 0.5583
1.1623 	 0.1252 	 -0.0496 	 -0.1290 	 0.0994 	 -0.0403 	 0.7782 	 -0.6049 	 0.3179 	 0.4671
1.1723 	 0.1262 	 -0.0500 	 -0.1212 	 0.0931 	 -0.0370 	 0.7824 	 -0.6334 	 0.3338 	 0.3722
1.1824 	 0.1271 	 -0.0504 	 -0.1134 	 0.0867 	 -0.0336 	 0.7857 	 -0.6562 	 0.3451 	 0.2778
1.1924 	 0.1279 	 -0.0507 	 -0.1055 	 0.0800 	 -0.0301 	 0.7879 	 -0.6769 	 0.3539 	 0.1781
1.2024 	 0.1287 	 -0.0510 	 -0.0976 	 0.0731 	 -0.0265 	 0.7892 	 -0.6917 	 0.3586 	 0.0689
1.2124 	 0.1294 	 -0.0512 	 -0.0897 	 0.0662 	 -0.0230 	 0.7893 	 -0.6960 	 0.3558 	 -0.0461
1.2224 	 0.1300 	 -0.0514 	 -0.0818 	 0.0592 	 -0.0194 	 0.7883 	 -0.6903 	 0.3448 	 -0.1561
1.2325 	 0.1306 	 -0.0516 	 -0.0739 	 0.0523 	 -0.0161 	 0.7863 	 -0.6823 	 0.3303 	 -0.2526
1.2425 	 0.1311 	 -0.0517 	 -0.0660 	 0.0456 	 -0.0129 	 0.7832 	 -0.6700 	 0.3077 	 -0.3526
1.2525 	 0.1315 	 -0.0519 	 -0.0582 	 0.0389 	 -0.0099 	 0.7792 	 -0.6538 	 0.2885 	 -0.4449
1.2625 	 0.1319 	 -0.0519 	 -0.0504 	 0.0325 	 -0.0071 	 0.7743 	 -0.6347 	 0.2672 	 -0.5291
1.2725 	 0.1322 	 -0.0520 	 -0.0427 	 0.0262 	 -0.0045 	 0.7686 	 -0.6136 	 0.2459 	 -0.6048
1.2826 	 0.1324 	 -0.0520 	 -0.0350 	 0.0202 	 -0.0022 	 0.7622 	 -0.5928 	 0.2264 	 -0.6717
1.2926 	 0.1326 	 -0.0521 	 -0.0274 	 0.0143 	 0.0000 	 0.7552 	 -0.5756 	 0.2092 	 -0.7336
1.3026 	 0.1327 	 -0.0520 	 -0.0199 	 0.0086 	 0.0020 	 0.7475 	 -0.5620 	 0.1945 	 -0.7952
1.3126 	 0.1327 	 -0.0520 	 -0.0124 	 0.0031 	 0.0039 	 0.7393 	 -0.5499 	 0.1834 	 -0.8589
1.3226 	 0.1327 	 -0.0520 	 -0.0051 	 -0.0024 	 0.0057 	 0.7303 	 -0.5376 	 0.1776 	 -0.9249
1.3327 	 0.1327 	 -0.0519 	 0.0022 	 -0.0077 	 0.0075 	 0.7207 	 -0.5231 	 0.1767 	 -0.9932
1.3427 	 0.1326 	 -0.0518 	 0.0094 	 -0.0129 	 0.0093 	 0.7104 	 -0.5014 	 0.1747 	 -1.0597
1.3527 	 0.1324 	 -0.0517 	 0.0164 	 -0.0178 	 0.0110 	 0.6995 	 -0.4764 	 0.1703 	 -1.1101
1.3627 	 0.1322 	 -0.0516 	 0.0234 	 -0.0224 	 0.0127 	 0.6882 	 -0.4579 	 0.1663 	 -1.1490
1.3727 	 0.1320 	 -0.0515 	 0.0302 	 -0.0269 	 0.0143 	 0.6765 	 -0.4452 	 0.1627 	 -1.1851
1.3828 	 0.1317 	 -0.0513 	 0.0369 	 -0.0314 	 0.0159 	 0.6645 	 -0.4342 	 0.1591 	 -1.2212
1.3928 	 0.1314 	 -0.0511 	 0.0435 	 -0.0356 	 0.0175 	 0.6520 	 -0.4227 	 0.1553 	 -1.2551
1.4028 	 0.1310 	 -0.0510 	 0.0500 	 -0.0398 	 0.0190 	 0.6393 	 -0.4116 	 0.1508 	 -1.2849
1.4128 	 0.1306 	 -0.0508 	 0.0563 	 -0.0439 	 0.0205 	 0.6263 	 -0.4018 	 0.1451 	 -1.3113
1.4228 	 0.1301 	 -0.0505 	 0.0626 	 -0.0479 	 0.0219 	 0.6130 	 -0.3933 	 0.1385 	 -1.3352
1.4329 	 0.1296 	 -0.0503 	 0.0686 	 -0.0518 	 0.0233 	 0.5996 	 -0.3858 	 0.1313 	 -1.3573
1.4429 	 0.1291 	 -0.0501 	 0.0746 	 -0.0556 	 0.0246 	 0.5859 	 -0.3776 	 0.1229 	 -1.3714
1.4529 	 0.1285 	 -0.0498 	 0.0804 	 -0.0594 	 0.0258 	 0.5720 	 -0.3708 	 0.1149 	 -1.3828
1.4629 	 0.1279 	 -0.0496 	 0.0860 	 -0.0630 	 0.0269 	 0.5582 	 -0.3635 	 0.1062 	 -1.3844
1.4729 	 0.1272 	 -0.0493 	 0.0916 	 -0.0666 	 0.0279 	 0.5443 	 -0.3557 	 0.0989 	 -1.3978
1.4830 	 0.1265 	 -0.0490 	 0.0969 	 -0.0702 	 0.0289 	 0.5302 	 -0.3468 	 0.0919 	 -1.4101
1.4930 	 0.1258 	 -0.0487 	 0.1022 	 -0.0736 	 0.0297 	 0.5160 	 -0.3371 	 0.0845 	 -1.4139
1.5030 	 0.1251 	 -0.0484 	 0.1073 	 -0.0769 	 0.0306 	 0.5019 	 -0.3265 	 0.0783 	 -1.4072
1.5130 	 0.1243 	 -0.0481 	 0.1122 	 -0.0801 	 0.0313 	 0.4878 	 -0.3172 	 0.0723 	 -1.4034
1.5230 	 0.1235 	 -0.0478 	 0.1171 	 -0.0833 	 0.0320 	 0.4738 	 -0.3082 	 0.0675 	 -1.4047
1.5331 	 0.1226 	 -0.0475 	 0.1217 	 -0.0863 	 0.0327 	 0.4597 	 -0.2998 	 0.0632 	 -1.4054
1.5431 	 0.1217 	 -0.0471 	 0.1263 	 -0.0893 	 0.0333 	 0.4456 	 -0.2922 	 0.0603 	 -1.3993
1.5531 	 0.1208 	 -0.0468 	 0.1307 	 -0.0922 	 0.0339 	 0.4316 	 -0.2851 	 0.0573 	 -1.3978
1.5631 	 0.1199 	 -0.0464 	 0.1349 	 -0.0950 	 0.0344 	 0.4177 	 -0.2789 	 0.0543 	 -1.3895
1.5731 	 0.1189 	 -0.0461 	 0.1390 	 -0.0978 	 0.0350 	 0.4037 	 -0.2727 	 0.0520 	 -1.3878
1.5832 	 0.1179 	 -0.0457 	 0.1430 	 -0.1005 	 0.0355 	 0.3899 	 -0.2671 	 0.0498 	 -1.3802
1.5932 	 0.1169 	 -0.0454 	 0.1468 	 -0.1031 	 0.0360 	 0.3760 	 -0.2579 	 0.0510 	 -1.3735
1.6032 	 0.1159 	 -0.0450 	 0.1505 	 -0.1057 	 0.0365 	 0.3623 	 -0.2520 	 0.0499 	 -1.3717
1.6132 	 0.1148 	 -0.0447 	 0.1541 	 -0.1081 	 0.0369 	 0.3485 	 -0.2448 	 0.0471 	 -1.3763
1.6232 	 0.1137 	 -0.0443 	 0.1575 	 -0.1106 	 0.0374 	 0.3348 	 -0.2409 	 0.0460 	 -1.3553
1.6333 	 0.1126 	 -0.0439 	 0.1608 	 -0.1130 	 0.0379 	 0.3212 	 -0.2362 	 0.0452 	 -1.3456
1.6433 	 0.1114 	 -0.0435 	 0.1640 	 -0.1153 	 0.0383 	 0.3077 	 -0.2315 	 0.0446 	 -1.3417
1.6533 	 0.1103 	 -0.0431 	 0.1670 	 -0.1176 	 0.0388 	 0.2944 	 -0.2268 	 0.0439 	 -1.3310
1.6633 	 0.1091 	 -0.0428 	 0.1699 	 -0.1199 	 0.0392 	 0.2811 	 -0.2223 	 0.0434 	 -1.3136
1.6733 	 0.1079 	 -0.0424 	 0.1726 	 -0.1221 	 0.0396 	 0.2680 	 -0.2175 	 0.0427 	 -1.3026
1.6834 	 0.1066 	 -0.0420 	 0.1752 	 -0.1242 	 0.0401 	 0.2550 	 -0.2089 	 0.0426 	 -1.2853
1.6934 	 0.1054 	 -0.0416 	 0.1777 	 -0.1263 	 0.0405 	 0.2422 	 -0.2020 	 0.0422 	 -1.2799
1.7034 	 0.1041 	 -0.0411 	 0.1801 	 -0.1282 	 0.0409 	 0.2294 	 -0.1948 	 0.0420 	 -1.2750
1.7134 	 0.1028 	 -0.0407 	 0.1823 	 -0.1302 	 0.0413 	 0.2166 	 -0.1871 	 0.0418 	 -1.2706
1.7234 	 0.1015 	 -0.0403 	 0.1844 	 -0.1320 	 0.0418 	 0.2039 	 -0.1850 	 0.0470 	 -1.2710
1.7335 	 0.1002 	 -0.0399 	 0.1864 	 -0.1338 	 0.0422 	 0.1912 	 -0.1732 	 0.0485 	 -1.2534
1.7435 	 0.0988 	 -0.0395 	 0.1883 	 -0.1355 	 0.0427 	 0.1786 	 -0.1632 	 0.0482 	 -1.2460
1.7535 	 0.0974 	 -0.0390 	 0.1900 	 -0.1370 	 0.0432 	 0.1662 	 -0.1481 	 0.0454 	 -1.2352
1.7635 	 0.0961 	 -0.0386 	 0.1916 	 -0.1385 	 0.0436 	 0.1539 	 -0.1378 	 0.0450 	 -1.2277
1.7735 	 0.0947 	 -0.0382 	 0.1931 	 -0.1398 	 0.0441 	 0.1416 	 -0.1278 	 0.0448 	 -1.2200
1.7836 	 0.0933 	 -0.0377 	 0.1944 	 -0.1410 	 0.0445 	 0.1294 	 -0.1181 	 0.0445 	 -1.2122
1.7936 	 0.0918 	 -0.0373 	 0.1957 	 -0.1422 	 0.0450 	 0.1173 	 -0.1069 	 0.0482 	 -1.2083
1.8036 	 0.0904 	 -0.0368 	 0.1968 	 -0.1432 	 0.0455 	 0.1052 	 -0.0986 	 0.0475 	 -1.2004
1.8136 	 0.0890 	 -0.0364 	 0.1978 	 -0.1441 	 0.0460 	 0.0932 	 -0.0897 	 0.0473 	 -1.1991
1.8236 	 0.0875 	 -0.0359 	 0.1987 	 -0.1450 	 0.0464 	 0.0812 	 -0.0815 	 0.0463 	 -1.1973
1.8337 	 0.0861 	 -0.0354 	 0.1994 	 -0.1458 	 0.0469 	 0.0693 	 -0.0745 	 0.0431 	 -1.1827
1.8437 	 0.0846 	 -0.0350 	 0.2000 	 -0.1465 	 0.0473 	 0.0575 	 -0.0684 	 0.0419 	 -1.1746
1.8537 	 0.0831 	 -0.0345 	 0.2006 	 -0.1472 	 0.0477 	 0.0458 	 -0.0626 	 0.0405 	 -1.1671
1.8637 	 0.0817 	 -0.0340 	 0.2010 	 -0.1477 	 0.0481 	 0.0341 	 -0.0568 	 0.0391 	 -1.1601
1.8737 	 0.0802 	 -0.0335 	 0.2012 	 -0.1483 	 0.0485 	 0.0225 	 -0.0511 	 0.0376 	 -1.1536
1.8838 	 0.0787 	 -0.0330 	 0.2014 	 -0.1488 	 0.0489 	 0.0110 	 -0.0454 	 0.0359 	 -1.1476
1.8938 	 0.0772 	 -0.0325 	 0.2015 	 -0.1492 	 0.0492 	 -0.0005 	 -0.0446 	 0.0367 	 -1.1450
1.9038 	 0.0757 	 -0.0320 	 0.2014 	 -0.1496 	 0.0496 	 -0.0119 	 -0.0387 	 0.0349 	 -1.1394
1.9138 	 0.0742 	 -0.0315 	 0.2012 	 -0.1500 	 0.0499 	 -0.0233 	 -0.0329 	 0.0329 	 -1.1341
1.9238 	 0.0727 	 -0.0310 	 0.2009 	 -0.1503 	 0.0502 	 -0.0346 	 -0.0271 	 0.0308 	 -1.1290
1.9339 	 0.0712 	 -0.0305 	 0.2005 	 -0.1505 	 0.0505 	 -0.0459 	 -0.0214 	 0.0287 	 -1.1241
1.9439 	 0.0697 	 -0.0300 	 0.2000 	 -0.1507 	 0.0508 	 -0.0571 	 -0.0128 	 0.0289 	 -1.1145
1.9539 	 0.0682 	 -0.0295 	 0.1994 	 -0.1508 	 0.0511 	 -0.0683 	 -0.0077 	 0.0264 	 -1.1108
1.9639 	 0.0667 	 -0.0290 	 0.1987 	 -0.1509 	 0.0513 	 -0.0794 	 -0.0026 	 0.0238 	 -1.1075
1.9739 	 0.0651 	 -0.0285 	 0.1978 	 -0.1509 	 0.0516 	 -0.0905 	 0.0026 	 0.0213 	 -1.1097
1.9840 	 0.0636 	 -0.0280 	 0.1968 	 -0.1508 	 0.0518 	 -0.1016 	 0.0070 	 0.0187 	 -1.0996
1.9940 	 0.0621 	 -0.0275 	 0.1958 	 -0.1507 	 0.0519 	 -0.1126 	 0.0119 	 0.0159 	 -1.0962
2.0040 	 0.0606 	 -0.0269 	 0.1946 	 -0.1506 	 0.0521 	 -0.1236 	 0.0161 	 0.0126 	 -1.0989
2.0140 	 0.0591 	 -0.0264 	 0.1933 	 -0.1504 	 0.0522 	 -0.1346 	 0.0215 	 0.0095 	 -1.0949
2.0240 	 0.0576 	 -0.0259 	 0.1919 	 -0.1501 	 0.0523 	 -0.1456 	 0.0271 	 0.0064 	 -1.0913
2.0341 	 0.0561 	 -0.0254 	 0.1904 	 -0.1498 	 0.0523 	 -0.1564 	 0.0319 	 0.0034 	 -1.0748
2.0441 	 0.0546 	 -0.0248 	 0.1888 	 -0.1495 	 0.0523 	 -0.1671 	 0.0381 	 0.0001 	 -1.0711
2.0541 	 0.0531 	 -0.0243 	 0.1870 	 -0.1491 	 0.0523 	 -0.1778 	 0.0446 	 -0.0033 	 -1.0675
2.0641 	 0.0516 	 -0.0238 	 0.1852 	 -0.1486 	 0.0523 	 -0.1885 	 0.0509 	 -0.0085 	 -1.0699
2.0741 	 0.0501 	 -0.0233 	 0.1832 	 -0.1481 	 0.0522 	 -0.1992 	 0.0582 	 -0.0118 	 -1.0656
2.0842 	 0.0486 	 -0.0227 	 0.1812 	 -0.1474 	 0.0520 	 -0.2098 	 0.0652 	 -0.0149 	 -1.0545
2.0942 	 0.0472 	 -0.0222 	 0.1790 	 -0.1467 	 0.0519 	 -0.2204 	 0.0731 	 -0.0184 	 -1.0494
2.1042 	 0.0457 	 -0.0217 	 0.1768 	 -0.1460 	 0.0517 	 -0.2308 	 0.0812 	 -0.0219 	 -1.0439
2.1142 	 0.0442 	 -0.0212 	 0.1744 	 -0.1451 	 0.0514 	 -0.2413 	 0.0895 	 -0.0255 	 -1.0378
2.1242 	 0.0428 	 -0.0207 	 0.1719 	 -0.1442 	 0.0512 	 -0.2516 	 0.0985 	 -0.0299 	 -1.0375
2.1343 	 0.0414 	 -0.0202 	 0.1694 	 -0.1432 	 0.0508 	 -0.2620 	 0.1073 	 -0.0336 	 -1.0291
2.1443 	 0.0399 	 -0.0197 	 0.1667 	 -0.1420 	 0.0505 	 -0.2723 	 0.1200 	 -0.0412 	 -1.0158
2.1543 	 0.0385 	 -0.0192 	 0.1639 	 -0.1408 	 0.0500 	 -0.2824 	 0.1308 	 -0.0486 	 -1.0107
2.1643 	 0.0371 	 -0.0187 	 0.1610 	 -0.1394 	 0.0495 	 -0.2925 	 0.1405 	 -0.0537 	 -0.9993
2.1743 	 0.0357 	 -0.0182 	 0.1581 	 -0.1379 	 0.0489 	 -0.3025 	 0.1506 	 -0.0596 	 -0.9877
2.1844 	 0.0343 	 -0.0177 	 0.1550 	 -0.1364 	 0.0483 	 -0.3123 	 0.1608 	 -0.0662 	 -0.9765
2.1944 	 0.0330 	 -0.0172 	 0.1518 	 -0.1347 	 0.0476 	 -0.3220 	 0.1712 	 -0.0734 	 -0.9658
2.2044 	 0.0316 	 -0.0167 	 0.1485 	 -0.1330 	 0.0468 	 -0.3317 	 0.1814 	 -0.0808 	 -0.9560
2.2144 	 0.0303 	 -0.0163 	 0.1452 	 -0.1311 	 0.0460 	 -0.3412 	 0.1914 	 -0.0882 	 -0.9470
2.2244 	 0.0290 	 -0.0158 	 0.1417 	 -0.1291 	 0.0451 	 -0.3506 	 0.2012 	 -0.0955 	 -0.9386
2.2345 	 0.0277 	 -0.0154 	 0.1381 	 -0.1271 	 0.0441 	 -0.3600 	 0.2108 	 -0.1027 	 -0.9307
2.2445 	 0.0265 	 -0.0149 	 0.1345 	 -0.1249 	 0.0430 	 -0.3693 	 0.2202 	 -0.1096 	 -0.9233
2.2545 	 0.0252 	 -0.0145 	 0.1307 	 -0.1226 	 0.0419 	 -0.3785 	 0.2289 	 -0.1164 	 -0.9097
2.2645 	 0.0240 	 -0.0141 	 0.1269 	 -0.1203 	 0.0407 	 -0.3876 	 0.2381 	 -0.1232 	 -0.9025
2.2745 	 0.0228 	 -0.0137 	 0.1230 	 -0.1179 	 0.0394 	 -0.3966 	 0.2473 	 -0.1298 	 -0.8953
2.2846 	 0.0217 	 -0.0133 	 0.1189 	 -0.1153 	 0.0381 	 -0.4055 	 0.2566 	 -0.1364 	 -0.8880
2.2946 	 0.0205 	 -0.0129 	 0.1148 	 -0.1127 	 0.0367 	 -0.4144 	 0.2658 	 -0.1429 	 -0.8801
2.3046 	 0.0194 	 -0.0126 	 0.1106 	 -0.1100 	 0.0352 	 -0.4232 	 0.2744 	 -0.1489 	 -0.8716
2.3146 	 0.0183 	 -0.0122 	 0.1064 	 -0.1072 	 0.0337 	 -0.4319 	 0.2837 	 -0.1546 	 -0.8682
2.3246 	 0.0172 	 -0.0119 	 0.1020 	 -0.1044 	 0.0321 	 -0.4405 	 0.2889 	 -0.1591 	 -0.8588
2.3347 	 0.0162 	 -0.0116 	 0.0975 	 -0.1014 	 0.0305 	 -0.4491 	 0.2931 	 -0.1637 	 -0.8574
2.3447 	 0.0152 	 -0.0113 	 0.0930 	 -0.0985 	 0.0288 	 -0.4577 	 0.2973 	 -0.1689 	 -0.8646
2.3547 	 0.0142 	 -0.0110 	 0.0884 	 -0.0955 	 0.0272 	 -0.4664 	 0.3004 	 -0.1681 	 -0.8615
2.3647 	 0.0133 	 -0.0107 	 0.0836 	 -0.0925 	 0.0255 	 -0.4751 	 0.3038 	 -0.1727 	 -0.8700
2.3747 	 0.0124 	 -0.0105 	 0.0788 	 -0.0894 	 0.0237 	 -0.4838 	 0.3056 	 -0.1761 	 -0.8675
2.3848 	 0.0115 	 -0.0103 	 0.0739 	 -0.0863 	 0.0219 	 -0.4925 	 0.3077 	 -0.1799 	 -0.8667
2.3948 	 0.0107 	 -0.0100 	 0.0690 	 -0.0832 	 0.0201 	 -0.5012 	 0.3111 	 -0.1844 	 -0.8736
2.4048 	 0.0098 	 -0.0098 	 0.0639 	 -0.0801 	 0.0182 	 -0.5100 	 0.3123 	 -0.1919 	 -0.8853
2.4148 	 0.0091 	 -0.0097 	 0.0587 	 -0.0770 	 0.0162 	 -0.5190 	 0.3185 	 -0.1990 	 -0.9031
2.4248 	 0.0083 	 -0.0095 	 0.0535 	 -0.0737 	 0.0142 	 -0.5281 	 0.3228 	 -0.2031 	 -0.9026
2.4349 	 0.0076 	 -0.0094 	 0.0482 	 -0.0705 	 0.0122 	 -0.5371 	 0.3289 	 -0.2092 	 -0.9157
2.4449 	 0.0069 	 -0.0093 	 0.0427 	 -0.0672 	 0.0100 	 -0.5464 	 0.3363 	 -0.2154 	 -0.9341
2.4549 	 0.0062 	 -0.0092 	 0.0372 	 -0.0638 	 0.0079 	 -0.5558 	 0.3440 	 -0.2225 	 -0.9519
2.4649 	 0.0056 	 -0.0091 	 0.0316 	 -0.0603 	 0.0056 	 -0.5654 	 0.3519 	 -0.2303 	 -0.9677
2.4749 	 0.0050 	 -0.0091 	 0.0259 	 -0.0567 	 0.0032 	 -0.5752 	 0.3547 	 -0.2427 	 -0.9839
2.4850 	 0.0045 	 -0.0091 	 0.0201 	 -0.0531 	 0.0008 	 -0.5850 	 0.3619 	 -0.2484 	 -0.9820
2.4950 	 0.0040 	 -0.0091 	 0.0142 	 -0.0495 	 -0.0017 	 -0.5948 	 0.3674 	 -0.2522 	 -0.9737
2.5050 	 0.0035 	 -0.0091 	 0.0081 	 -0.0458 	 -0.0043 	 -0.6046 	 0.3737 	 -0.2588 	 -0.9695
2.5150 	 0.0030 	 -0.0091 	 0.0020 	 -0.0421 	 -0.0069 	 -0.6142 	 0.3718 	 -0.2619 	 -0.9510
2.5251 	 0.0026 	 -0.0092 	 -0.0042 	 -0.0383 	 -0.0096 	 -0.6237 	 0.3776 	 -0.2646 	 -0.9408
2.5351 	 0.0023 	 -0.0093 	 -0.0105 	 -0.0345 	 -0.0122 	 -0.6330 	 0.3799 	 -0.2723 	 -0.9277
2.5451 	 0.0019 	 -0.0095 	 -0.0168 	 -0.0307 	 -0.0150 	 -0.6423 	 0.3855 	 -0.2758 	 -0.9169
2.5551 	 0.0017 	 -0.0096 	 -0.0233 	 -0.0268 	 -0.0178 	 -0.6514 	 0.3911 	 -0.2794 	 -0.9058
2.5651 	 0.0014 	 -0.0098 	 -0.0299 	 -0.0228 	 -0.0206 	 -0.6604 	 0.3964 	 -0.2831 	 -0.8945
2.5752 	 0.0012 	 -0.0101 	 -0.0366 	 -0.0188 	 -0.0234 	 -0.6693 	 0.4002 	 -0.2864 	 -0.8897
2.5852 	 0.0010 	 -0.0103 	 -0.0433 	 -0.0148 	 -0.0263 	 -0.6783 	 0.4027 	 -0.2888 	 -0.8869
2.5952 	 0.0009 	 -0.0106 	 -0.0502 	 -0.0108 	 -0.0293 	 -0.6871 	 0.4001 	 -0.2964 	 -0.8852
2.6052 	 0.0008 	 -0.0109 	 -0.0571 	 -0.0068 	 -0.0322 	 -0.6959 	 0.4030 	 -0.3008 	 -0.8786
2.6152 	 0.0008 	 -0.0112 	 -0.0641 	 -0.0027 	 -0.0353 	 -0.7048 	 0.4024 	 -0.3042 	 -0.8864
2.6253 	 0.0008 	 -0.0116 	 -0.0712 	 0.0013 	 -0.0384 	 -0.7137 	 0.4009 	 -0.3125 	 -0.8866
2.6353 	 0.0008 	 -0.0120 	 -0.0784 	 0.0053 	 -0.0415 	 -0.7226 	 0.4042 	 -0.3122 	 -0.9015
2.6453 	 0.0009 	 -0.0124 	 -0.0857 	 0.0094 	 -0.0447 	 -0.7317 	 0.4071 	 -0.3181 	 -0.9007
2.6553 	 0.0010 	 -0.0129 	 -0.0931 	 0.0135 	 -0.0479 	 -0.7407 	 0.4111 	 -0.3250 	 -0.9043
2.6653 	 0.0011 	 -0.0134 	 -0.1005 	 0.0176 	 -0.0512 	 -0.7498 	 0.4140 	 -0.3320 	 -0.9015
2.6754 	 0.0013 	 -0.0139 	 -0.1081 	 0.0218 	 -0.0545 	 -0.7588 	 0.4146 	 -0.3360 	 -0.9039
2.6854 	 0.0016 	 -0.0145 	 -0.1157 	 0.0259 	 -0.0579 	 -0.7679 	 0.4169 	 -0.3439 	 -0.9013
2.6954 	 0.0019 	 -0.0151 	 -0.1235 	 0.0301 	 -0.0614 	 -0.7769 	 0.4187 	 -0.3528 	 -0.8982
2.7054 	 0.0022 	 -0.0157 	 -0.1313 	 0.0343 	 -0.0650 	 -0.7859 	 0.4198 	 -0.3628 	 -0.8942
2.7154 	 0.0025 	 -0.0164 	 -0.1392 	 0.0385 	 -0.0687 	 -0.7949 	 0.4236 	 -0.3758 	 -0.8994
2.7255 	 0.0030 	 -0.0171 	 -0.1472 	 0.0428 	 -0.0725 	 -0.8038 	 0.4238 	 -0.3837 	 -0.8856
2.7355 	 0.0034 	 -0.0178 	 -0.1553 	 0.0470 	 -0.0764 	 -0.8127 	 0.4153 	 -0.3980 	 -0.8776
2.7455 	 0.0039 	 -0.0186 	 -0.1635 	 0.0511 	 -0.0805 	 -0.8214 	 0.4076 	 -0.4197 	 -0.8675
2.7555 	 0.0044 	 -0.0195 	 -0.1718 	 0.0552 	 -0.0848 	 -0.8300 	 0.4001 	 -0.4396 	 -0.8491
2.7655 	 0.0050 	 -0.0203 	 -0.1802 	 0.0591 	 -0.0893 	 -0.8384 	 0.3901 	 -0.4630 	 -0.8324
2.7756 	 0.0056 	 -0.0212 	 -0.1886 	 0.0630 	 -0.0941 	 -0.8466 	 0.3773 	 -0.4928 	 -0.8061
2.7856 	 0.0063 	 -0.0222 	 -0.1971 	 0.0667 	 -0.0992 	 -0.8545 	 0.3631 	 -0.5173 	 -0.7667
2.7956 	 0.0069 	 -0.0232 	 -0.2057 	 0.0703 	 -0.1045 	 -0.8620 	 0.3480 	 -0.5396 	 -0.7200
2.8056 	 0.0077 	 -0.0243 	 -0.2144 	 0.0737 	 -0.1100 	 -0.8689 	 0.3319 	 -0.5601 	 -0.6675
2.8156 	 0.0084 	 -0.0254 	 -0.2231 	 0.0769 	 -0.1158 	 -0.8753 	 0.3126 	 -0.5846 	 -0.6133
2.8257 	 0.0092 	 -0.0266 	 -0.2319 	 0.0800 	 -0.1217 	 -0.8811 	 0.2973 	 -0.5981 	 -0.5462
2.8357 	 0.0100 	 -0.0279 	 -0.2408 	 0.0829 	 -0.1277 	 -0.8863 	 0.2878 	 -0.6090 	 -0.4742
2.8457 	 0.0109 	 -0.0292 	 -0.2497 	 0.0857 	 -0.1339 	 -0.8906 	 0.2826 	 -0.6189 	 -0.3995
2.8557 	 0.0117 	 -0.0306 	 -0.2586 	 0.0885 	 -0.1401 	 -0.8943 	 0.2734 	 -0.6273 	 -0.3239
2.8657 	 0.0126 	 -0.0320 	 -0.2676 	 0.0913 	 -0.1465 	 -0.8971 	 0.2699 	 -0.6328 	 -0.2410
2.8758 	 0.0136 	 -0.0335 	 -0.2766 	 0.0939 	 -0.1528 	 -0.8991 	 0.2664 	 -0.6336 	 -0.1512
2.8858 	 0.0145 	 -0.0351 	 -0.2856 	 0.0966 	 -0.1591 	 -0.9001 	 0.2607 	 -0.6249 	 -0.0544
2.8958 	 0.0155 	 -0.0367 	 -0.2946 	 0.0992 	 -0.1653 	 -0.9002 	 0.2545 	 -0.5971 	 0.0424
2.9058 	 0.0165 	 -0.0384 	 -0.3036 	 0.1016 	 -0.1711 	 -0.8993 	 0.2399 	 -0.5649 	 0.1280
2.9158 	 0.0175 	 -0.0401 	 -0.3126 	 0.1040 	 -0.1766 	 -0.8976 	 0.2302 	 -0.5325 	 0.2155
2.9259 	 0.0186 	 -0.0419 	 -0.3216 	 0.1063 	 -0.1818 	 -0.8951 	 0.2307 	 -0.5060 	 0.2828
2.9359 	 0.0197 	 -0.0438 	 -0.3306 	 0.1086 	 -0.1867 	 -0.8920 	 0.2307 	 -0.4830 	 0.3381
2.9459 	 0.0208 	 -0.0456 	 -0.3395 	 0.1109 	 -0.1915 	 -0.8884 	 0.2303 	 -0.4631 	 0.3834
2.9559 	 0.0219 	 -0.0476 	 -0.3484 	 0.1132 	 -0.1960 	 -0.8843 	 0.2293 	 -0.4462 	 0.4247
2.9659 	 0.0230 	 -0.0496 	 -0.3572 	 0.1155 	 -0.2004 	 -0.8798 	 0.2278 	 -0.4313 	 0.4655
2.9760 	 0.0242 	 -0.0516 	 -0.3660 	 0.1178 	 -0.2047 	 -0.8750 	 0.2256 	 -0.4167 	 0.5079
2.9860 	 0.0254 	 -0.0537 	 -0.3748 	 0.1200 	 -0.2088 	 -0.8697 	 0.2223 	 -0.4002 	 0.5525
2.9960 	 0.0266 	 -0.0558 	 -0.3834 	 0.1223 	 -0.2127 	 -0.8639 	 0.2148 	 -0.3788 	 0.5918
3.0060 	 0.0278 	 -0.0579 	 -0.3921 	 0.1244 	 -0.2163 	 -0.8578 	 0.2074 	 -0.3556 	 0.6367
3.0160 	 0.0291 	 -0.0601 	 -0.4006 	 0.1264 	 -0.2198 	 -0.8513 	 0.2036 	 -0.3352 	 0.6700
3.0261 	 0.0304 	 -0.0623 	 -0.4091 	 0.1284 	 -0.2230 	 -0.8443 	 0.1950 	 -0.3085 	 0.7079
3.0361 	 0.0317 	 -0.0646 	 -0.4175 	 0.1304 	 -0.2260 	 -0.8371 	 0.1864 	 -0.2814 	 0.7425
3.0461 	 0.0330 	 -0.0669 	 -0.4259 	 0.1322 	 -0.2287 	 -0.8295 	 0.1779 	 -0.2546 	 0.7755
3.0561 	 0.0343 	 -0.0692 	 -0.4342 	 0.1339 	 -0.2311 	 -0.8216 	 0.1634 	 -0.2302 	 0.8066
3.0661 	 0.0357 	 -0.0715 	 -0.4424 	 0.1354 	 -0.2333 	 -0.8133 	 0.1525 	 -0.2053 	 0.8326
3.0762 	 0.0370 	 -0.0738 	 -0.4505 	 0.1369 	 -0.2352 	 -0.8048 	 0.1427 	 -0.1744 	 0.8651
3.0862 	 0.0384 	 -0.0762 	 -0.4585 	 0.1383 	 -0.2368 	 -0.7960 	 0.1289 	 -0.1448 	 0.8922
3.0962 	 0.0398 	 -0.0786 	 -0.4664 	 0.1395 	 -0.2381 	 -0.7869 	 0.1149 	 -0.1115 	 0.9226
3.1062 	 0.0412 	 -0.0810 	 -0.4742 	 0.1406 	 -0.2391 	 -0.7775 	 0.0993 	 -0.0819 	 0.9527
3.1162 	 0.0426 	 -0.0834 	 -0.4820 	 0.1415 	 -0.2398 	 -0.7678 	 0.0852 	 -0.0573 	 0.9768
3.1263 	 0.0440 	 -0.0858 	 -0.4896 	 0.1423 	 -0.2402 	 -0.7579 	 0.0706 	 -0.0358 	 1.0066
3.1363 	 0.0455 	 -0.0882 	 -0.4972 	 0.1429 	 -0.2405 	 -0.7477 	 0.0577 	 -0.0168 	 1.0361
3.1463 	 0.0469 	 -0.0906 	 -0.5046 	 0.1435 	 -0.2406 	 -0.7371 	 0.0466 	 0.0002 	 1.0639
3.1563 	 0.0484 	 -0.0930 	 -0.5119 	 0.1439 	 -0.2405 	 -0.7264 	 0.0369 	 0.0158 	 1.0893
3.1663 	 0.0498 	 -0.0954 	 -0.5192 	 0.1442 	 -0.2402 	 -0.7153 	 0.0326 	 0.0321 	 1.1086
3.1764 	 0.0512 	 -0.0978 	 -0.5263 	 0.1445 	 -0.2399 	 -0.7042 	 0.0255 	 0.0438 	 1.1236
3.1864 	 0.0527 	 -0.1002 	 -0.5333 	 0.1447 	 -0.2394 	 -0.6928 	 0.0106 	 0.0550 	 1.1372
3.1964 	 0.0541 	 -0.1026 	 -0.5402 	 0.1447 	 -0.2388 	 -0.6814 	 -0.0001 	 0.0631 	 1.1469
3.2064 	 0.0556 	 -0.1050 	 -0.5469 	 0.1447 	 -0.2381 	 -0.6698 	 -0.0110 	 0.0726 	 1.1608
3.2164 	 0.0570 	 -0.1074 	 -0.5536 	 0.1446 	 -0.2373 	 -0.6581 	 -0.0156 	 0.0837 	 1.1731
3.2265 	 0.0585 	 -0.1098 	 -0.5601 	 0.1444 	 -0.2364 	 -0.6464 	 -0.0262 	 0.0902 	 1.1787
3.2365 	 0.0599 	 -0.1121 	 -0.5665 	 0.1440 	 -0.2355 	 -0.6345 	 -0.0366 	 0.1035 	 1.1967
3.2465 	 0.0614 	 -0.1145 	 -0.5728 	 0.1437 	 -0.2344 	 -0.6224 	 -0.0408 	 0.1190 	 1.2133
3.2565 	 0.0628 	 -0.1168 	 -0.5790 	 0.1432 	 -0.2331 	 -0.6102 	 -0.0442 	 0.1361 	 1.2293
3.2665 	 0.0642 	 -0.1192 	 -0.5851 	 0.1428 	 -0.2316 	 -0.5978 	 -0.0472 	 0.1588 	 1.2411
3.2766 	 0.0657 	 -0.1215 	 -0.5910 	 0.1423 	 -0.2299 	 -0.5853 	 -0.0504 	 0.1736 	 1.2458
3.2866 	 0.0671 	 -0.1238 	 -0.5968 	 0.1418 	 -0.2281 	 -0.5729 	 -0.0513 	 0.1867 	 1.2351
3.2966 	 0.0685 	 -0.1260 	 -0.6025 	 0.1412 	 -0.2262 	 -0.5605 	 -0.0544 	 0.2013 	 1.2420
3.3066 	 0.0699 	 -0.1283 	 -0.6080 	 0.1407 	 -0.2241 	 -0.5480 	 -0.0570 	 0.2147 	 1.2489
3.3166 	 0.0713 	 -0.1305 	 -0.6135 	 0.1401 	 -0.2219 	 -0.5355 	 -0.0561 	 0.2306 	 1.2466
3.3267 	 0.0727 	 -0.1327 	 -0.6188 	 0.1395 	 -0.2195 	 -0.5230 	 -0.0576 	 0.2328 	 1.2350
3.3367 	 0.0741 	 -0.1349 	 -0.6239 	 0.1390 	 -0.2172 	 -0.5107 	 -0.0587 	 0.2385 	 1.2257
3.3467 	 0.0755 	 -0.1371 	 -0.6290 	 0.1384 	 -0.2148 	 -0.4985 	 -0.0607 	 0.2428 	 1.2158
3.3567 	 0.0769 	 -0.1392 	 -0.6339 	 0.1377 	 -0.2123 	 -0.4863 	 -0.0654 	 0.2475 	 1.2189
3.3667 	 0.0783 	 -0.1413 	 -0.6387 	 0.1371 	 -0.2098 	 -0.4741 	 -0.0710 	 0.2513 	 1.2223
3.3768 	 0.0796 	 -0.1434 	 -0.6434 	 0.1363 	 -0.2073 	 -0.4618 	 -0.0772 	 0.2543 	 1.2256
3.3868 	 0.0810 	 -0.1455 	 -0.6480 	 0.1355 	 -0.2048 	 -0.4496 	 -0.0801 	 0.2534 	 1.2250
3.3968 	 0.0824 	 -0.1475 	 -0.6524 	 0.1347 	 -0.2022 	 -0.4373 	 -0.0858 	 0.2523 	 1.2178
3.4068 	 0.0837 	 -0.1495 	 -0.6568 	 0.1338 	 -0.1997 	 -0.4251 	 -0.0922 	 0.2536 	 1.2188
3.4168 	 0.0850 	 -0.1515 	 -0.6610 	 0.1329 	 -0.1971 	 -0.4129 	 -0.0984 	 0.2547 	 1.2199
3.4269 	 0.0864 	 -0.1535 	 -0.6650 	 0.1318 	 -0.1946 	 -0.4006 	 -0.1048 	 0.2551 	 1.2145
3.4369 	 0.0877 	 -0.1554 	 -0.6690 	 0.1308 	 -0.1920 	 -0.3884 	 -0.1035 	 0.2593 	 1.2184
3.4469 	 0.0890 	 -0.1573 	 -0.6728 	 0.1298 	 -0.1894 	 -0.3763 	 -0.1084 	 0.2582 	 1.2048
3.4569 	 0.0903 	 -0.1592 	 -0.6765 	 0.1286 	 -0.1868 	 -0.3643 	 -0.1177 	 0.2538 	 1.1970
3.4669 	 0.0916 	 -0.1611 	 -0.6801 	 0.1274 	 -0.1843 	 -0.3524 	 -0.1213 	 0.2525 	 1.1826
3.4770 	 0.0928 	 -0.1629 	 -0.6836 	 0.1262 	 -0.1818 	 -0.3406 	 -0.1254 	 0.2527 	 1.1740
3.4870 	 0.0941 	 -0.1647 	 -0.6869 	 0.1249 	 -0.1792 	 -0.3289 	 -0.1288 	 0.2528 	 1.1651
3.4970 	 0.0953 	 -0.1665 	 -0.6902 	 0.1236 	 -0.1767 	 -0.3172 	 -0.1319 	 0.2530 	 1.1563
3.5070 	 0.0966 	 -0.1683 	 -0.6933 	 0.1223 	 -0.1742 	 -0.3057 	 -0.1349 	 0.2527 	 1.1477
3.5170 	 0.0978 	 -0.1700 	 -0.6963 	 0.1209 	 -0.1716 	 -0.2942 	 -0.1385 	 0.2543 	 1.1441
3.5271 	 0.0990 	 -0.1717 	 -0.6992 	 0.1195 	 -0.1691 	 -0.2828 	 -0.1416 	 0.2555 	 1.1406
3.5371 	 0.1002 	 -0.1734 	 -0.7020 	 0.1181 	 -0.1665 	 -0.2714 	 -0.1445 	 0.2570 	 1.1374
3.5471 	 0.1014 	 -0.1751 	 -0.7046 	 0.1166 	 -0.1639 	 -0.2600 	 -0.1474 	 0.2586 	 1.1343
3.5571 	 0.1025 	 -0.1767 	 -0.7072 	 0.1151 	 -0.1613 	 -0.2486 	 -0.1502 	 0.2604 	 1.1315
3.5671 	 0.1037 	 -0.1783 	 -0.7096 	 0.1136 	 -0.1587 	 -0.2373 	 -0.1530 	 0.2624 	 1.1288
3.5772 	 0.1048 	 -0.1799 	 -0.7119 	 0.1121 	 -0.1561 	 -0.2261 	 -0.1531 	 0.2615 	 1.1132
3.5872 	 0.1059 	 -0.1814 	 -0.7142 	 0.1105 	 -0.1535 	 -0.2149 	 -0.1597 	 0.2583 	 1.1085
3.5972 	 0.1070 	 -0.1829 	 -0.7162 	 0.1089 	 -0.1509 	 -0.2039 	 -0.1622 	 0.2595 	 1.1049
3.6072 	 0.1081 	 -0.1844 	 -0.7182 	 0.1072 	 -0.1483 	 -0.1928 	 -0.1650 	 0.2601 	 1.0950
3.6172 	 0.1092 	 -0.1859 	 -0.7201 	 0.1056 	 -0.1457 	 -0.1819 	 -0.1676 	 0.2614 	 1.0914
3.6273 	 0.1102 	 -0.1874 	 -0.7219 	 0.1039 	 -0.1430 	 -0.1709 	 -0.1704 	 0.2627 	 1.0882
3.6373 	 0.1112 	 -0.1888 	 -0.7235 	 0.1022 	 -0.1404 	 -0.1601 	 -0.1733 	 0.2640 	 1.0853
3.6473 	 0.1123 	 -0.1902 	 -0.7251 	 0.1004 	 -0.1378 	 -0.1492 	 -0.1754 	 0.2635 	 1.0765
3.6573 	 0.1133 	 -0.1915 	 -0.7265 	 0.0986 	 -0.1351 	 -0.1384 	 -0.1783 	 0.2645 	 1.0730
3.6673 	 0.1142 	 -0.1929 	 -0.7279 	 0.0968 	 -0.1324 	 -0.1277 	 -0.1813 	 0.2655 	 1.0699
3.6774 	 0.1152 	 -0.1942 	 -0.7291 	 0.0950 	 -0.1298 	 -0.1170 	 -0.1845 	 0.2666 	 1.0672
3.6874 	 0.1161 	 -0.1955 	 -0.7302 	 0.0931 	 -0.1271 	 -0.1063 	 -0.1853 	 0.2653 	 1.0589
3.6974 	 0.1171 	 -0.1967 	 -0.7312 	 0.0913 	 -0.1244 	 -0.0957 	 -0.1872 	 0.2652 	 1.0493
3.7074 	 0.1180 	 -0.1980 	 -0.7321 	 0.0894 	 -0.1218 	 -0.0852 	 -0.1901 	 0.2660 	 1.0459
3.7174 	 0.1189 	 -0.1992 	 -0.7329 	 0.0875 	 -0.1191 	 -0.0748 	 -0.1933 	 0.2662 	 1.0359
3.7275 	 0.1197 	 -0.2004 	 -0.7336 	 0.0855 	 -0.1165 	 -0.0645 	 -0.1956 	 0.2663 	 1.0259
3.7375 	 0.1206 	 -0.2015 	 -0.7342 	 0.0835 	 -0.1138 	 -0.0542 	 -0.1990 	 0.2674 	 1.0222
3.7475 	 0.1214 	 -0.2026 	 -0.7347 	 0.0815 	 -0.1111 	 -0.0440 	 -0.2025 	 0.2687 	 1.0190
3.7575 	 0.1222 	 -0.2037 	 -0.7351 	 0.0795 	 -0.1084 	 -0.0338 	 -0.2063 	 0.2701 	 1.0161
3.7675 	 0.1230 	 -0.2048 	 -0.7354 	 0.0774 	 -0.1057 	 -0.0236 	 -0.2102 	 0.2717 	 1.0136
3.7776 	 0.1237 	 -0.2059 	 -0.7356 	 0.0753 	 -0.1029 	 -0.0135 	 -0.2143 	 0.2735 	 1.0115
3.7876 	 0.1245 	 -0.2069 	 -0.7357 	 0.0731 	 -0.1002 	 -0.0034 	 -0.2185 	 0.2755 	 1.0097
3.7976 	 0.1252 	 -0.2079 	 -0.7356 	 0.0709 	 -0.0974 	 0.0068 	 -0.2214 	 0.2764 	 1.0083
3.8076 	 0.1259 	 -0.2088 	 -0.7355 	 0.0687 	 -0.0946 	 0.0169 	 -0.2261 	 0.2803 	 1.0122
3.8176 	 0.1266 	 -0.2098 	 -0.7353 	 0.0664 	 -0.0918 	 0.0270 	 -0.2307 	 0.2827 	 1.0102
3.8277 	 0.1272 	 -0.2107 	 -0.7350 	 0.0641 	 -0.0889 	 0.0371 	 -0.2287 	 0.2903 	 1.0031
3.8377 	 0.1279 	 -0.2115 	 -0.7346 	 0.0618 	 -0.0860 	 0.0471 	 -0.2300 	 0.2904 	 0.9968
3.8477 	 0.1285 	 -0.2124 	 -0.7340 	 0.0595 	 -0.0831 	 0.0571 	 -0.2348 	 0.2939 	 0.9950
3.8577 	 0.1291 	 -0.2132 	 -0.7334 	 0.0571 	 -0.0801 	 0.0671 	 -0.2399 	 0.2978 	 0.9934
3.8677 	 0.1296 	 -0.2140 	 -0.7327 	 0.0546 	 -0.0771 	 0.0770 	 -0.2452 	 0.3021 	 0.9919
3.8778 	 0.1302 	 -0.2148 	 -0.7319 	 0.0522 	 -0.0741 	 0.0870 	 -0.2483 	 0.3077 	 0.9967
3.8878 	 0.1307 	 -0.2155 	 -0.7310 	 0.0497 	 -0.0710 	 0.0970 	 -0.2552 	 0.3144 	 1.0010
3.8978 	 0.1312 	 -0.2162 	 -0.7299 	 0.0471 	 -0.0678 	 0.1071 	 -0.2608 	 0.3198 	 0.9986
3.9078 	 0.1316 	 -0.2168 	 -0.7288 	 0.0444 	 -0.0645 	 0.1170 	 -0.2656 	 0.3245 	 0.9894
3.9178 	 0.1320 	 -0.2175 	 -0.7276 	 0.0417 	 -0.0613 	 0.1269 	 -0.2712 	 0.3306 	 0.9859
3.9279 	 0.1324 	 -0.2181 	 -0.7263 	 0.0390 	 -0.0579 	 0.1368 	 -0.2767 	 0.3370 	 0.9822
3.9379 	 0.1328 	 -0.2186 	 -0.7248 	 0.0362 	 -0.0545 	 0.1466 	 -0.2827 	 0.3454 	 0.9844
3.9479 	 0.1332 	 -0.2192 	 -0.7233 	 0.0333 	 -0.0510 	 0.1566 	 -0.2889 	 0.3566 	 0.9975
3.9579 	 0.1335 	 -0.2197 	 -0.7217 	 0.0304 	 -0.0474 	 0.1665 	 -0.2931 	 0.3632 	 0.9914
3.9679 	 0.1338 	 -0.2201 	 -0.7200 	 0.0275 	 -0.0437 	 0.1764 	 -0.2990 	 0.3689 	 0.9853
3.9780 	 0.1340 	 -0.2205 	 -0.7182 	 0.0244 	 -0.0400 	 0.1863 	 -0.3028 	 0.3767 	 0.9846
3.9880 	 0.1343 	 -0.2209 	 -0.7163 	 0.0213 	 -0.0361 	 0.1962 	 -0.3111 	 0.3865 	 0.9840
3.9980 	 0.1345 	 -0.2213 	 -0.7142 	 0.0182 	 -0.0322 	 0.2060 	 -0.3095 	 0.3902 	 0.9707
4.0080 	 0.1346 	 -0.2216 	 -0.7121 	 0.0151 	 -0.0283 	 0.2157 	 -0.3095 	 0.3953 	 0.9629
4.0180 	 0.1348 	 -0.2218 	 -0.7099 	 0.0120 	 -0.0243 	 0.2253 	 -0.3096 	 0.4021 	 0.9613
4.0281 	 0.1349 	 -0.2220 	 -0.7076 	 0.0089 	 -0.0203 	 0.2349 	 -0.3093 	 0.4087 	 0.9598
4.0381 	 0.1350 	 -0.2222 	 -0.7052 	 0.0058 	 -0.0161 	 0.2445 	 -0.3099 	 0.4165 	 0.9643
4.0481 	 0.1350 	 -0.2224 	 -0.7027 	 0.0027 	 -0.0120 	 0.2541 	 -0.3090 	 0.4199 	 0.9568
4.0581 	 0.1350 	 -0.2225 	 -0.7001 	 -0.0004 	 -0.0077 	 0.2637 	 -0.3084 	 0.4227 	 0.9503
4.0681 	 0.1350 	 -0.2225 	 -0.6974 	 -0.0035 	 -0.0035 	 0.2732 	 -0.3092 	 0.4287 	 0.9565
4.0782 	 0.1349 	 -0.2225 	 -0.6946 	 -0.0066 	 0.0008 	 0.2829 	 -0.3118 	 0.4312 	 0.9624
4.0882 	 0.1349 	 -0.2225 	 -0.6918 	 -0.0097 	 0.0052 	 0.2925 	 -0.3104 	 0.4319 	 0.9576
4.0982 	 0.1347 	 -0.2224 	 -0.6888 	 -0.0128 	 0.0095 	 0.3021 	 -0.3079 	 0.4305 	 0.9479
4.1082 	 0.1346 	 -0.2223 	 -0.6857 	 -0.0159 	 0.0138 	 0.3116 	 -0.3056 	 0.4310 	 0.9452
4.1182 	 0.1344 	 -0.2222 	 -0.6825 	 -0.0189 	 0.0181 	 0.3210 	 -0.3028 	 0.4316 	 0.9436
4.1283 	 0.1342 	 -0.2219 	 -0.6793 	 -0.0219 	 0.0225 	 0.3305 	 -0.2997 	 0.4326 	 0.9427
4.1383 	 0.1340 	 -0.2217 	 -0.6759 	 -0.0249 	 0.0268 	 0.3399 	 -0.2968 	 0.4347 	 0.9490
4.1483 	 0.1337 	 -0.2214 	 -0.6725 	 -0.0279 	 0.0312 	 0.3495 	 -0.2947 	 0.4406 	 0.9615
4.1583 	 0.1334 	 -0.2211 	 -0.6689 	 -0.0308 	 0.0356 	 0.3591 	 -0.2909 	 0.4426 	 0.9617
4.1683 	 0.1331 	 -0.2207 	 -0.6653 	 -0.0337 	 0.0401 	 0.3688 	 -0.2869 	 0.4451 	 0.9622
4.1784 	 0.1327 	 -0.2203 	 -0.6615 	 -0.0366 	 0.0445 	 0.3784 	 -0.2827 	 0.4480 	 0.9628
4.1884 	 0.1324 	 -0.2198 	 -0.6577 	 -0.0394 	 0.0490 	 0.3881 	 -0.2784 	 0.4514 	 0.9633
4.1984 	 0.1320 	 -0.2193 	 -0.6537 	 -0.0422 	 0.0536 	 0.3977 	 -0.2740 	 0.4550 	 0.9636
4.2084 	 0.1315 	 -0.2187 	 -0.6497 	 -0.0449 	 0.0582 	 0.4074 	 -0.2693 	 0.4587 	 0.9636
4.2184 	 0.1311 	 -0.2181 	 -0.6456 	 -0.0476 	 0.0628 	 0.4170 	 -0.2643 	 0.4621 	 0.9633
4.2285 	 0.1306 	 -0.2175 	 -0.6413 	 -0.0502 	 0.0674 	 0.4267 	 -0.2604 	 0.4662 	 0.9673
4.2385 	 0.1301 	 -0.2168 	 -0.6370 	 -0.0528 	 0.0721 	 0.4364 	 -0.2542 	 0.4675 	 0.9658
4.2485 	 0.1295 	 -0.2160 	 -0.6326 	 -0.0553 	 0.0768 	 0.4460 	 -0.2465 	 0.4665 	 0.9591
4.2585 	 0.1289 	 -0.2152 	 -0.6281 	 -0.0577 	 0.0815 	 0.4557 	 -0.2409 	 0.4692 	 0.9654
4.2685 	 0.1284 	 -0.2144 	 -0.6235 	 -0.0601 	 0.0862 	 0.4654 	 -0.2353 	 0.4715 	 0.9724
4.2786 	 0.1277 	 -0.2135 	 -0.6188 	 -0.0624 	 0.0909 	 0.4752 	 -0.2297 	 0.4738 	 0.9798
4.2886 	 0.1271 	 -0.2126 	 -0.6139 	 -0.0647 	 0.0957 	 0.4850 	 -0.2233 	 0.4777 	 0.9874
4.2986 	 0.1264 	 -0.2116 	 -0.6090 	 -0.0669 	 0.1005 	 0.4949 	 -0.2170 	 0.4778 	 0.9898
4.3086 	 0.1258 	 -0.2106 	 -0.6040 	 -0.0691 	 0.1053 	 0.5049 	 -0.2115 	 0.4808 	 0.9981
4.3186 	 0.1251 	 -0.2095 	 -0.5989 	 -0.0711 	 0.1101 	 0.5149 	 -0.2052 	 0.4815 	 1.0010
4.3287 	 0.1243 	 -0.2084 	 -0.5937 	 -0.0732 	 0.1149 	 0.5250 	 -0.2004 	 0.4870 	 1.0160
4.3387 	 0.1236 	 -0.2072 	 -0.5884 	 -0.0752 	 0.1198 	 0.5352 	 -0.1941 	 0.4892 	 1.0249
4.3487 	 0.1228 	 -0.2059 	 -0.5830 	 -0.0771 	 0.1247 	 0.5454 	 -0.1874 	 0.4906 	 1.0276
4.3587 	 0.1221 	 -0.2047 	 -0.5775 	 -0.0789 	 0.1297 	 0.5558 	 -0.1806 	 0.4924 	 1.0305
4.3687 	 0.1213 	 -0.2034 	 -0.5718 	 -0.0807 	 0.1346 	 0.5661 	 -0.1738 	 0.4946 	 1.0336
4.3788 	 0.1204 	 -0.2020 	 -0.5661 	 -0.0824 	 0.1396 	 0.5765 	 -0.1677 	 0.4994 	 1.0427
4.3888 	 0.1196 	 -0.2006 	 -0.5603 	 -0.0840 	 0.1446 	 0.5869 	 -0.1608 	 0.5021 	 1.0452
4.3988 	 0.1188 	 -0.1991 	 -0.5544 	 -0.0856 	 0.1496 	 0.5974 	 -0.1550 	 0.5004 	 1.0434
4.4088 	 0.1179 	 -0.1976 	 -0.5483 	 -0.0871 	 0.1547 	 0.6079 	 -0.1482 	 0.5034 	 1.0457
4.4188 	 0.1170 	 -0.1960 	 -0.5422 	 -0.0886 	 0.1597 	 0.6184 	 -0.1423 	 0.5094 	 1.0534
4.4289 	 0.1161 	 -0.1944 	 -0.5359 	 -0.0900 	 0.1648 	 0.6290 	 -0.1362 	 0.5141 	 1.0599
4.4389 	 0.1152 	 -0.1927 	 -0.5296 	 -0.0913 	 0.1700 	 0.6396 	 -0.1290 	 0.5185 	 1.0587
4.4489 	 0.1143 	 -0.1909 	 -0.5231 	 -0.0926 	 0.1752 	 0.6502 	 -0.1207 	 0.5238 	 1.0626
4.4589 	 0.1134 	 -0.1892 	 -0.5165 	 -0.0937 	 0.1805 	 0.6608 	 -0.1130 	 0.5295 	 1.0587
4.4689 	 0.1124 	 -0.1873 	 -0.5099 	 -0.0948 	 0.1859 	 0.6714 	 -0.1016 	 0.5353 	 1.0591
4.4790 	 0.1115 	 -0.1854 	 -0.5031 	 -0.0958 	 0.1912 	 0.6820 	 -0.0923 	 0.5413 	 1.0530
4.4890 	 0.1105 	 -0.1835 	 -0.4962 	 -0.0967 	 0.1967 	 0.6925 	 -0.0823 	 0.5466 	 1.0461
4.4990 	 0.1095 	 -0.1815 	 -0.4892 	 -0.0974 	 0.2022 	 0.7030 	 -0.0730 	 0.5549 	 1.0512
4.5090 	 0.1085 	 -0.1794 	 -0.4821 	 -0.0981 	 0.2078 	 0.7136 	 -0.0649 	 0.5641 	 1.0541
4.5190 	 0.1075 	 -0.1773 	 -0.4749 	 -0.0987 	 0.2135 	 0.7241 	 -0.0538 	 0.5687 	 1.0454
4.5291 	 0.1066 	 -0.1752 	 -0.4676 	 -0.0992 	 0.2193 	 0.7346 	 -0.0415 	 0.5797 	 1.0461
4.5391 	 0.1056 	 -0.1729 	 -0.4602 	 -0.0996 	 0.2251 	 0.7450 	 -0.0309 	 0.5900 	 1.0402
4.5491 	 0.1046 	 -0.1707 	 -0.4527 	 -0.0998 	 0.2311 	 0.7554 	 -0.0203 	 0.5990 	 1.0257
4.5591 	 0.1036 	 -0.1683 	 -0.4451 	 -0.1000 	 0.2371 	 0.7656 	 -0.0109 	 0.6096 	 1.0088
4.5691 	 0.1026 	 -0.1659 	 -0.4373 	 -0.1001 	 0.2433 	 0.7756 	 -0.0005 	 0.6225 	 0.9996
4.5792 	 0.1016 	 -0.1634 	 -0.4295 	 -0.1000 	 0.2496 	 0.7856 	 0.0040 	 0.6403 	 0.9882
4.5892 	 0.1006 	 -0.1609 	 -0.4216 	 -0.1000 	 0.2561 	 0.7953 	 0.0071 	 0.6602 	 0.9665
4.5992 	 0.0996 	 -0.1583 	 -0.4136 	 -0.0999 	 0.2629 	 0.8048 	 0.0080 	 0.6866 	 0.9265
4.6092 	 0.0986 	 -0.1556 	 -0.4055 	 -0.0998 	 0.2698 	 0.8137 	 0.0233 	 0.6937 	 0.8496
4.6192 	 0.0976 	 -0.1529 	 -0.3973 	 -0.0994 	 0.2768 	 0.8220 	 0.0423 	 0.7016 	 0.7895
4.6293 	 0.0966 	 -0.1501 	 -0.3890 	 -0.0989 	 0.2839 	 0.8295 	 0.0539 	 0.7144 	 0.7089
4.6393 	 0.0956 	 -0.1472 	 -0.3807 	 -0.0983 	 0.2910 	 0.8361 	 0.0750 	 0.7049 	 0.6163
4.6493 	 0.0946 	 -0.1442 	 -0.3722 	 -0.0975 	 0.2980 	 0.8419 	 0.0910 	 0.6918 	 0.5455
4.6593 	 0.0936 	 -0.1412 	 -0.3638 	 -0.0965 	 0.3049 	 0.8471 	 0.1023 	 0.6859 	 0.4729
4.6693 	 0.0927 	 -0.1381 	 -0.3553 	 -0.0954 	 0.3118 	 0.8515 	 0.1150 	 0.6789 	 0.4022
4.6794 	 0.0917 	 -0.1350 	 -0.3467 	 -0.0942 	 0.3185 	 0.8550 	 0.1293 	 0.6624 	 0.3135
4.6894 	 0.0908 	 -0.1318 	 -0.3381 	 -0.0928 	 0.3250 	 0.8577 	 0.1473 	 0.6387 	 0.2234
4.6994 	 0.0899 	 -0.1285 	 -0.3295 	 -0.0912 	 0.3313 	 0.8595 	 0.1664 	 0.6084 	 0.1352
4.7094 	 0.0889 	 -0.1251 	 -0.3209 	 -0.0894 	 0.3372 	 0.8605 	 0.1857 	 0.5758 	 0.0537
4.7194 	 0.0881 	 -0.1217 	 -0.3123 	 -0.0875 	 0.3428 	 0.8606 	 0.2017 	 0.5344 	 -0.0290
4.7295 	 0.0872 	 -0.1183 	 -0.3037 	 -0.0854 	 0.3479 	 0.8599 	 0.2219 	 0.4897 	 -0.1126
4.7395 	 0.0864 	 -0.1147 	 -0.2951 	 -0.0830 	 0.3526 	 0.8584 	 0.2391 	 0.4347 	 -0.1851
4.7495 	 0.0855 	 -0.1112 	 -0.2865 	 -0.0806 	 0.3566 	 0.8562 	 0.2558 	 0.3746 	 -0.2436
4.7595 	 0.0847 	 -0.1076 	 -0.2779 	 -0.0779 	 0.3601 	 0.8536 	 0.2701 	 0.3207 	 -0.2754
4.7695 	 0.0840 	 -0.1040 	 -0.2694 	 -0.0752 	 0.3630 	 0.8507 	 0.2803 	 0.2647 	 -0.3085
4.7796 	 0.0832 	 -0.1003 	 -0.2609 	 -0.0723 	 0.3654 	 0.8475 	 0.2899 	 0.2140 	 -0.3358
4.7896 	 0.0825 	 -0.0967 	 -0.2524 	 -0.0694 	 0.3674 	 0.8440 	 0.2968 	 0.1680 	 -0.3614
4.7996 	 0.0818 	 -0.0930 	 -0.2440 	 -0.0664 	 0.3688 	 0.8402 	 0.2998 	 0.1249 	 -0.3898
4.8096 	 0.0812 	 -0.0893 	 -0.2356 	 -0.0634 	 0.3699 	 0.8361 	 0.3016 	 0.0831 	 -0.4264
4.8196 	 0.0806 	 -0.0856 	 -0.2272 	 -0.0603 	 0.3705 	 0.8316 	 0.3105 	 0.0461 	 -0.4660
4.8297 	 0.0800 	 -0.0818 	 -0.2189 	 -0.0572 	 0.3709 	 0.8268 	 0.3169 	 0.0234 	 -0.4959
4.8397 	 0.0794 	 -0.0781 	 -0.2106 	 -0.0540 	 0.3710 	 0.8217 	 0.3139 	 0.0011 	 -0.5268
4.8497 	 0.0789 	 -0.0744 	 -0.2024 	 -0.0509 	 0.3709 	 0.8163 	 0.3028 	 -0.0151 	 -0.5544
4.8597 	 0.0784 	 -0.0707 	 -0.1943 	 -0.0480 	 0.3707 	 0.8106 	 0.2872 	 -0.0196 	 -0.5848
4.8697 	 0.0779 	 -0.0670 	 -0.1862 	 -0.0451 	 0.3705 	 0.8045 	 0.2886 	 -0.0317 	 -0.6340
4.8798 	 0.0775 	 -0.0633 	 -0.1782 	 -0.0422 	 0.3701 	 0.7980 	 0.2971 	 -0.0445 	 -0.6594
4.8898 	 0.0771 	 -0.0596 	 -0.1702 	 -0.0392 	 0.3696 	 0.7913 	 0.3004 	 -0.0610 	 -0.6870
4.8998 	 0.0767 	 -0.0559 	 -0.1623 	 -0.0361 	 0.3688 	 0.7842 	 0.2995 	 -0.0842 	 -0.7132
4.9098 	 0.0764 	 -0.0522 	 -0.1545 	 -0.0332 	 0.3679 	 0.7770 	 0.2976 	 -0.1115 	 -0.7279
4.9198 	 0.0761 	 -0.0485 	 -0.1467 	 -0.0302 	 0.3666 	 0.7696 	 0.2933 	 -0.1385 	 -0.7442
4.9299 	 0.0758 	 -0.0448 	 -0.1391 	 -0.0273 	 0.3651 	 0.7621 	 0.2904 	 -0.1606 	 -0.7552
4.9399 	 0.0755 	 -0.0412 	 -0.1315 	 -0.0244 	 0.3634 	 0.7544 	 0.2826 	 -0.1865 	 -0.7714
4.9499 	 0.0753 	 -0.0376 	 -0.1240 	 -0.0216 	 0.3614 	 0.7466 	 0.2755 	 -0.2094 	 -0.7902
4.9599 	 0.0751 	 -0.0339 	 -0.1165 	 -0.0189 	 0.3592 	 0.7386 	 0.2707 	 -0.2270 	 -0.8094
4.9699 	 0.0749 	 -0.0304 	 -0.1092 	 -0.0162 	 0.3568 	 0.7304 	 0.2659 	 -0.2400 	 -0.8183
4.9800 	 0.0747 	 -0.0268 	 -0.1019 	 -0.0135 	 0.3544 	 0.7222 	 0.2623 	 -0.2537 	 -0.8288
4.9900 	 0.0746 	 -0.0233 	 -0.0947 	 -0.0110 	 0.3517 	 0.7139 	 0.2548 	 -0.2727 	 -0.8352
