100-Body Run with i = 14 th particle. (Units in pc,M_solar,Myr, km s-1) 

time		 x 		 y 		 z 		 xdot 		 ydot 		 zdot 		 xddot 		 yddot 		 zddot
0.0000 	 -0.7764 	 -0.1233 	 -0.8020 	 -0.0128 	 -0.0179 	 -0.0066 	 0.2087 	 -0.0111 	 0.0969
0.0100 	 -0.7765 	 -0.1235 	 -0.8021 	 -0.0107 	 -0.0180 	 -0.0057 	 0.2087 	 -0.0111 	 0.0969
0.0200 	 -0.7766 	 -0.1237 	 -0.8021 	 -0.0086 	 -0.0181 	 -0.0047 	 0.2087 	 -0.0110 	 0.0970
0.0301 	 -0.7767 	 -0.1239 	 -0.8022 	 -0.0065 	 -0.0182 	 -0.0037 	 0.2087 	 -0.0110 	 0.0970
0.0401 	 -0.7767 	 -0.1241 	 -0.8022 	 -0.0044 	 -0.0183 	 -0.0028 	 0.2087 	 -0.0109 	 0.0971
0.0501 	 -0.7767 	 -0.1243 	 -0.8022 	 -0.0024 	 -0.0184 	 -0.0018 	 0.2087 	 -0.0109 	 0.0971
0.0601 	 -0.7768 	 -0.1244 	 -0.8022 	 -0.0003 	 -0.0186 	 -0.0008 	 0.2088 	 -0.0108 	 0.0972
0.0701 	 -0.7767 	 -0.1246 	 -0.8023 	 0.0018 	 -0.0187 	 0.0002 	 0.2088 	 -0.0108 	 0.0973
0.0802 	 -0.7767 	 -0.1248 	 -0.8022 	 0.0039 	 -0.0188 	 0.0011 	 0.2088 	 -0.0107 	 0.0973
0.0902 	 -0.7767 	 -0.1250 	 -0.8022 	 0.0060 	 -0.0189 	 0.0021 	 0.2089 	 -0.0107 	 0.0974
0.1002 	 -0.7766 	 -0.1252 	 -0.8022 	 0.0081 	 -0.0190 	 0.0031 	 0.2089 	 -0.0106 	 0.0975
0.1102 	 -0.7765 	 -0.1254 	 -0.8022 	 0.0102 	 -0.0191 	 0.0041 	 0.2090 	 -0.0106 	 0.0976
0.1202 	 -0.7764 	 -0.1256 	 -0.8021 	 0.0123 	 -0.0192 	 0.0051 	 0.2091 	 -0.0105 	 0.0977
0.1303 	 -0.7763 	 -0.1258 	 -0.8021 	 0.0144 	 -0.0193 	 0.0060 	 0.2092 	 -0.0105 	 0.0979
0.1403 	 -0.7761 	 -0.1260 	 -0.8020 	 0.0165 	 -0.0194 	 0.0070 	 0.2093 	 -0.0104 	 0.0980
0.1503 	 -0.7759 	 -0.1262 	 -0.8019 	 0.0186 	 -0.0195 	 0.0080 	 0.2093 	 -0.0103 	 0.0981
0.1603 	 -0.7757 	 -0.1264 	 -0.8018 	 0.0207 	 -0.0196 	 0.0090 	 0.2095 	 -0.0103 	 0.0982
0.1703 	 -0.7755 	 -0.1265 	 -0.8017 	 0.0228 	 -0.0197 	 0.0100 	 0.2096 	 -0.0102 	 0.0984
0.1804 	 -0.7753 	 -0.1267 	 -0.8016 	 0.0249 	 -0.0198 	 0.0110 	 0.2097 	 -0.0102 	 0.0985
0.1904 	 -0.7750 	 -0.1269 	 -0.8015 	 0.0270 	 -0.0199 	 0.0119 	 0.2098 	 -0.0101 	 0.0987
0.2004 	 -0.7747 	 -0.1271 	 -0.8014 	 0.0291 	 -0.0200 	 0.0129 	 0.2100 	 -0.0101 	 0.0989
0.2104 	 -0.7744 	 -0.1273 	 -0.8013 	 0.0312 	 -0.0201 	 0.0139 	 0.2101 	 -0.0100 	 0.0991
0.2204 	 -0.7741 	 -0.1276 	 -0.8011 	 0.0333 	 -0.0202 	 0.0149 	 0.2102 	 -0.0100 	 0.0992
0.2305 	 -0.7738 	 -0.1278 	 -0.8010 	 0.0354 	 -0.0203 	 0.0159 	 0.2104 	 -0.0099 	 0.0994
0.2405 	 -0.7734 	 -0.1280 	 -0.8008 	 0.0375 	 -0.0204 	 0.0169 	 0.2106 	 -0.0099 	 0.0996
0.2505 	 -0.7730 	 -0.1282 	 -0.8006 	 0.0396 	 -0.0205 	 0.0179 	 0.2108 	 -0.0098 	 0.0999
0.2605 	 -0.7726 	 -0.1284 	 -0.8004 	 0.0417 	 -0.0206 	 0.0189 	 0.2109 	 -0.0098 	 0.1001
0.2705 	 -0.7722 	 -0.1286 	 -0.8003 	 0.0439 	 -0.0207 	 0.0199 	 0.2111 	 -0.0097 	 0.1003
0.2806 	 -0.7717 	 -0.1288 	 -0.8000 	 0.0460 	 -0.0208 	 0.0209 	 0.2113 	 -0.0097 	 0.1005
0.2906 	 -0.7713 	 -0.1290 	 -0.7998 	 0.0481 	 -0.0209 	 0.0219 	 0.2116 	 -0.0096 	 0.1008
0.3006 	 -0.7708 	 -0.1292 	 -0.7996 	 0.0502 	 -0.0210 	 0.0229 	 0.2118 	 -0.0096 	 0.1010
0.3106 	 -0.7703 	 -0.1294 	 -0.7994 	 0.0523 	 -0.0211 	 0.0240 	 0.2120 	 -0.0095 	 0.1013
0.3206 	 -0.7697 	 -0.1296 	 -0.7991 	 0.0545 	 -0.0212 	 0.0250 	 0.2122 	 -0.0095 	 0.1016
0.3307 	 -0.7692 	 -0.1298 	 -0.7989 	 0.0566 	 -0.0213 	 0.0260 	 0.2125 	 -0.0094 	 0.1018
0.3407 	 -0.7686 	 -0.1301 	 -0.7986 	 0.0587 	 -0.0214 	 0.0270 	 0.2128 	 -0.0093 	 0.1021
0.3507 	 -0.7680 	 -0.1303 	 -0.7983 	 0.0609 	 -0.0215 	 0.0280 	 0.2130 	 -0.0093 	 0.1024
0.3607 	 -0.7674 	 -0.1305 	 -0.7980 	 0.0630 	 -0.0216 	 0.0291 	 0.2133 	 -0.0092 	 0.1027
0.3707 	 -0.7667 	 -0.1307 	 -0.7977 	 0.0651 	 -0.0217 	 0.0301 	 0.2136 	 -0.0092 	 0.1030
0.3808 	 -0.7661 	 -0.1309 	 -0.7974 	 0.0673 	 -0.0218 	 0.0311 	 0.2139 	 -0.0091 	 0.1034
0.3908 	 -0.7654 	 -0.1311 	 -0.7971 	 0.0694 	 -0.0218 	 0.0322 	 0.2142 	 -0.0091 	 0.1037
0.4008 	 -0.7647 	 -0.1314 	 -0.7968 	 0.0716 	 -0.0219 	 0.0332 	 0.2145 	 -0.0090 	 0.1040
0.4108 	 -0.7639 	 -0.1316 	 -0.7965 	 0.0737 	 -0.0220 	 0.0342 	 0.2148 	 -0.0089 	 0.1044
0.4208 	 -0.7632 	 -0.1318 	 -0.7961 	 0.0759 	 -0.0221 	 0.0353 	 0.2151 	 -0.0089 	 0.1047
0.4309 	 -0.7624 	 -0.1320 	 -0.7958 	 0.0780 	 -0.0222 	 0.0363 	 0.2155 	 -0.0088 	 0.1051
0.4409 	 -0.7616 	 -0.1322 	 -0.7954 	 0.0802 	 -0.0223 	 0.0374 	 0.2158 	 -0.0087 	 0.1055
0.4509 	 -0.7608 	 -0.1325 	 -0.7950 	 0.0823 	 -0.0224 	 0.0385 	 0.2162 	 -0.0087 	 0.1059
0.4609 	 -0.7600 	 -0.1327 	 -0.7946 	 0.0845 	 -0.0225 	 0.0395 	 0.2166 	 -0.0086 	 0.1063
0.4709 	 -0.7591 	 -0.1329 	 -0.7942 	 0.0867 	 -0.0225 	 0.0406 	 0.2169 	 -0.0086 	 0.1067
0.4810 	 -0.7582 	 -0.1331 	 -0.7938 	 0.0889 	 -0.0226 	 0.0417 	 0.2173 	 -0.0085 	 0.1071
0.4910 	 -0.7573 	 -0.1334 	 -0.7934 	 0.0910 	 -0.0227 	 0.0427 	 0.2177 	 -0.0084 	 0.1076
0.5010 	 -0.7564 	 -0.1336 	 -0.7929 	 0.0932 	 -0.0228 	 0.0438 	 0.2181 	 -0.0083 	 0.1080
0.5110 	 -0.7555 	 -0.1338 	 -0.7925 	 0.0954 	 -0.0229 	 0.0449 	 0.2186 	 -0.0083 	 0.1085
0.5210 	 -0.7545 	 -0.1341 	 -0.7920 	 0.0976 	 -0.0230 	 0.0460 	 0.2190 	 -0.0082 	 0.1089
0.5311 	 -0.7535 	 -0.1343 	 -0.7916 	 0.0998 	 -0.0231 	 0.0471 	 0.2194 	 -0.0081 	 0.1094
0.5411 	 -0.7525 	 -0.1345 	 -0.7911 	 0.1020 	 -0.0231 	 0.0482 	 0.2199 	 -0.0081 	 0.1099
0.5511 	 -0.7515 	 -0.1347 	 -0.7906 	 0.1042 	 -0.0232 	 0.0493 	 0.2204 	 -0.0080 	 0.1104
0.5611 	 -0.7504 	 -0.1350 	 -0.7901 	 0.1064 	 -0.0233 	 0.0504 	 0.2208 	 -0.0079 	 0.1109
0.5711 	 -0.7493 	 -0.1352 	 -0.7896 	 0.1086 	 -0.0234 	 0.0515 	 0.2213 	 -0.0078 	 0.1114
0.5812 	 -0.7482 	 -0.1355 	 -0.7891 	 0.1109 	 -0.0234 	 0.0526 	 0.2218 	 -0.0077 	 0.1120
0.5912 	 -0.7471 	 -0.1357 	 -0.7885 	 0.1131 	 -0.0235 	 0.0538 	 0.2223 	 -0.0076 	 0.1125
0.6012 	 -0.7460 	 -0.1359 	 -0.7880 	 0.1153 	 -0.0236 	 0.0549 	 0.2229 	 -0.0076 	 0.1131
0.6112 	 -0.7448 	 -0.1362 	 -0.7874 	 0.1175 	 -0.0237 	 0.0560 	 0.2234 	 -0.0075 	 0.1136
0.6212 	 -0.7436 	 -0.1364 	 -0.7869 	 0.1198 	 -0.0238 	 0.0572 	 0.2240 	 -0.0074 	 0.1142
0.6313 	 -0.7424 	 -0.1366 	 -0.7863 	 0.1220 	 -0.0238 	 0.0583 	 0.2245 	 -0.0073 	 0.1148
0.6413 	 -0.7412 	 -0.1369 	 -0.7857 	 0.1243 	 -0.0239 	 0.0595 	 0.2251 	 -0.0072 	 0.1154
0.6513 	 -0.7399 	 -0.1371 	 -0.7851 	 0.1265 	 -0.0240 	 0.0606 	 0.2257 	 -0.0071 	 0.1161
0.6613 	 -0.7386 	 -0.1374 	 -0.7845 	 0.1288 	 -0.0240 	 0.0618 	 0.2263 	 -0.0070 	 0.1167
0.6713 	 -0.7373 	 -0.1376 	 -0.7839 	 0.1311 	 -0.0241 	 0.0630 	 0.2269 	 -0.0069 	 0.1174
0.6814 	 -0.7360 	 -0.1378 	 -0.7832 	 0.1334 	 -0.0242 	 0.0641 	 0.2275 	 -0.0068 	 0.1180
0.6914 	 -0.7347 	 -0.1381 	 -0.7826 	 0.1356 	 -0.0242 	 0.0653 	 0.2282 	 -0.0067 	 0.1187
0.7014 	 -0.7333 	 -0.1383 	 -0.7819 	 0.1379 	 -0.0243 	 0.0665 	 0.2288 	 -0.0065 	 0.1194
0.7114 	 -0.7319 	 -0.1386 	 -0.7812 	 0.1402 	 -0.0244 	 0.0677 	 0.2295 	 -0.0064 	 0.1201
0.7214 	 -0.7305 	 -0.1388 	 -0.7806 	 0.1425 	 -0.0244 	 0.0689 	 0.2302 	 -0.0063 	 0.1209
0.7315 	 -0.7290 	 -0.1391 	 -0.7799 	 0.1448 	 -0.0245 	 0.0701 	 0.2309 	 -0.0062 	 0.1216
0.7415 	 -0.7276 	 -0.1393 	 -0.7792 	 0.1472 	 -0.0246 	 0.0714 	 0.2316 	 -0.0061 	 0.1224
0.7515 	 -0.7261 	 -0.1395 	 -0.7784 	 0.1495 	 -0.0246 	 0.0726 	 0.2323 	 -0.0059 	 0.1231
0.7615 	 -0.7246 	 -0.1398 	 -0.7777 	 0.1518 	 -0.0247 	 0.0738 	 0.2330 	 -0.0058 	 0.1239
0.7715 	 -0.7230 	 -0.1400 	 -0.7770 	 0.1542 	 -0.0247 	 0.0751 	 0.2338 	 -0.0056 	 0.1247
0.7816 	 -0.7215 	 -0.1403 	 -0.7762 	 0.1565 	 -0.0248 	 0.0763 	 0.2346 	 -0.0055 	 0.1256
0.7916 	 -0.7199 	 -0.1405 	 -0.7754 	 0.1589 	 -0.0248 	 0.0776 	 0.2354 	 -0.0054 	 0.1264
0.8016 	 -0.7183 	 -0.1408 	 -0.7746 	 0.1612 	 -0.0249 	 0.0789 	 0.2362 	 -0.0052 	 0.1273
0.8116 	 -0.7167 	 -0.1410 	 -0.7738 	 0.1636 	 -0.0250 	 0.0801 	 0.2370 	 -0.0050 	 0.1282
0.8216 	 -0.7150 	 -0.1413 	 -0.7730 	 0.1660 	 -0.0250 	 0.0814 	 0.2378 	 -0.0049 	 0.1291
0.8317 	 -0.7134 	 -0.1415 	 -0.7722 	 0.1684 	 -0.0251 	 0.0827 	 0.2387 	 -0.0047 	 0.1300
0.8417 	 -0.7117 	 -0.1418 	 -0.7714 	 0.1707 	 -0.0251 	 0.0840 	 0.2396 	 -0.0045 	 0.1309
0.8517 	 -0.7099 	 -0.1420 	 -0.7705 	 0.1732 	 -0.0251 	 0.0854 	 0.2405 	 -0.0044 	 0.1319
0.8617 	 -0.7082 	 -0.1423 	 -0.7697 	 0.1756 	 -0.0252 	 0.0867 	 0.2414 	 -0.0042 	 0.1328
0.8717 	 -0.7064 	 -0.1425 	 -0.7688 	 0.1780 	 -0.0252 	 0.0880 	 0.2423 	 -0.0040 	 0.1338
0.8818 	 -0.7046 	 -0.1428 	 -0.7679 	 0.1804 	 -0.0253 	 0.0894 	 0.2433 	 -0.0038 	 0.1348
0.8918 	 -0.7028 	 -0.1431 	 -0.7670 	 0.1829 	 -0.0253 	 0.0907 	 0.2442 	 -0.0036 	 0.1359
0.9018 	 -0.7010 	 -0.1433 	 -0.7661 	 0.1854 	 -0.0253 	 0.0920 	 0.2495 	 -0.0025 	 0.1323
0.9118 	 -0.6991 	 -0.1436 	 -0.7652 	 0.1879 	 -0.0254 	 0.0934 	 0.2505 	 -0.0023 	 0.1335
0.9218 	 -0.6972 	 -0.1438 	 -0.7642 	 0.1904 	 -0.0254 	 0.0947 	 0.2514 	 -0.0021 	 0.1347
0.9319 	 -0.6953 	 -0.1441 	 -0.7633 	 0.1929 	 -0.0254 	 0.0961 	 0.2524 	 -0.0019 	 0.1359
0.9419 	 -0.6933 	 -0.1443 	 -0.7623 	 0.1954 	 -0.0254 	 0.0974 	 0.2534 	 -0.0016 	 0.1371
0.9519 	 -0.6913 	 -0.1446 	 -0.7613 	 0.1980 	 -0.0254 	 0.0988 	 0.2545 	 -0.0014 	 0.1384
0.9619 	 -0.6894 	 -0.1448 	 -0.7603 	 0.2005 	 -0.0254 	 0.1002 	 0.2555 	 -0.0012 	 0.1397
0.9719 	 -0.6873 	 -0.1451 	 -0.7593 	 0.2031 	 -0.0255 	 0.1016 	 0.2566 	 -0.0009 	 0.1410
0.9820 	 -0.6853 	 -0.1453 	 -0.7583 	 0.2057 	 -0.0255 	 0.1030 	 0.2577 	 -0.0006 	 0.1423
0.9920 	 -0.6832 	 -0.1456 	 -0.7572 	 0.2083 	 -0.0255 	 0.1045 	 0.2588 	 -0.0004 	 0.1436
1.0020 	 -0.6811 	 -0.1459 	 -0.7562 	 0.2109 	 -0.0255 	 0.1059 	 0.2599 	 -0.0001 	 0.1450
1.0120 	 -0.6790 	 -0.1461 	 -0.7551 	 0.2135 	 -0.0255 	 0.1074 	 0.2611 	 0.0002 	 0.1464
1.0220 	 -0.6768 	 -0.1464 	 -0.7540 	 0.2161 	 -0.0255 	 0.1089 	 0.2623 	 0.0005 	 0.1478
1.0321 	 -0.6747 	 -0.1466 	 -0.7529 	 0.2187 	 -0.0255 	 0.1103 	 0.2635 	 0.0008 	 0.1493
1.0421 	 -0.6724 	 -0.1469 	 -0.7518 	 0.2214 	 -0.0254 	 0.1119 	 0.2647 	 0.0011 	 0.1507
1.0521 	 -0.6702 	 -0.1471 	 -0.7507 	 0.2240 	 -0.0254 	 0.1134 	 0.2660 	 0.0014 	 0.1522
1.0621 	 -0.6680 	 -0.1474 	 -0.7495 	 0.2267 	 -0.0254 	 0.1149 	 0.2673 	 0.0017 	 0.1537
1.0721 	 -0.6657 	 -0.1476 	 -0.7484 	 0.2294 	 -0.0254 	 0.1164 	 0.2686 	 0.0020 	 0.1553
1.0822 	 -0.6634 	 -0.1479 	 -0.7472 	 0.2321 	 -0.0254 	 0.1180 	 0.2700 	 0.0024 	 0.1568
1.0922 	 -0.6610 	 -0.1481 	 -0.7460 	 0.2348 	 -0.0254 	 0.1196 	 0.2713 	 0.0027 	 0.1584
1.1022 	 -0.6587 	 -0.1484 	 -0.7448 	 0.2375 	 -0.0253 	 0.1212 	 0.2727 	 0.0030 	 0.1600
1.1122 	 -0.6563 	 -0.1487 	 -0.7436 	 0.2403 	 -0.0253 	 0.1228 	 0.2742 	 0.0034 	 0.1616
1.1222 	 -0.6538 	 -0.1489 	 -0.7424 	 0.2430 	 -0.0253 	 0.1244 	 0.2757 	 0.0038 	 0.1633
1.1323 	 -0.6514 	 -0.1492 	 -0.7411 	 0.2458 	 -0.0252 	 0.1261 	 0.2771 	 0.0041 	 0.1650
1.1423 	 -0.6489 	 -0.1494 	 -0.7398 	 0.2486 	 -0.0252 	 0.1277 	 0.2787 	 0.0045 	 0.1667
1.1523 	 -0.6464 	 -0.1497 	 -0.7385 	 0.2514 	 -0.0251 	 0.1294 	 0.2802 	 0.0049 	 0.1684
1.1623 	 -0.6439 	 -0.1499 	 -0.7372 	 0.2542 	 -0.0251 	 0.1311 	 0.2818 	 0.0053 	 0.1702
1.1723 	 -0.6413 	 -0.1502 	 -0.7359 	 0.2570 	 -0.0250 	 0.1328 	 0.2835 	 0.0057 	 0.1719
1.1824 	 -0.6387 	 -0.1504 	 -0.7346 	 0.2599 	 -0.0250 	 0.1346 	 0.2851 	 0.0061 	 0.1737
1.1924 	 -0.6361 	 -0.1507 	 -0.7332 	 0.2627 	 -0.0249 	 0.1363 	 0.2868 	 0.0066 	 0.1756
1.2024 	 -0.6335 	 -0.1509 	 -0.7318 	 0.2656 	 -0.0248 	 0.1381 	 0.2885 	 0.0070 	 0.1774
1.2124 	 -0.6308 	 -0.1512 	 -0.7304 	 0.2685 	 -0.0248 	 0.1399 	 0.2903 	 0.0074 	 0.1793
1.2224 	 -0.6281 	 -0.1514 	 -0.7290 	 0.2714 	 -0.0247 	 0.1417 	 0.2921 	 0.0079 	 0.1812
1.2325 	 -0.6253 	 -0.1517 	 -0.7276 	 0.2744 	 -0.0246 	 0.1435 	 0.2940 	 0.0084 	 0.1831
1.2425 	 -0.6226 	 -0.1519 	 -0.7262 	 0.2773 	 -0.0245 	 0.1453 	 0.2958 	 0.0088 	 0.1851
1.2525 	 -0.6198 	 -0.1522 	 -0.7247 	 0.2803 	 -0.0244 	 0.1472 	 0.2978 	 0.0093 	 0.1871
1.2625 	 -0.6170 	 -0.1524 	 -0.7232 	 0.2833 	 -0.0243 	 0.1491 	 0.2997 	 0.0098 	 0.1891
1.2725 	 -0.6141 	 -0.1526 	 -0.7217 	 0.2863 	 -0.0242 	 0.1510 	 0.3017 	 0.0103 	 0.1911
1.2826 	 -0.6112 	 -0.1529 	 -0.7202 	 0.2893 	 -0.0241 	 0.1529 	 0.3038 	 0.0108 	 0.1932
1.2926 	 -0.6083 	 -0.1531 	 -0.7186 	 0.2924 	 -0.0240 	 0.1549 	 0.3059 	 0.0113 	 0.1953
1.3026 	 -0.6054 	 -0.1534 	 -0.7171 	 0.2955 	 -0.0239 	 0.1568 	 0.3080 	 0.0119 	 0.1974
1.3126 	 -0.6024 	 -0.1536 	 -0.7155 	 0.2986 	 -0.0238 	 0.1588 	 0.3102 	 0.0124 	 0.1996
1.3226 	 -0.5994 	 -0.1538 	 -0.7139 	 0.3017 	 -0.0236 	 0.1608 	 0.3125 	 0.0130 	 0.2018
1.3327 	 -0.5963 	 -0.1541 	 -0.7123 	 0.3048 	 -0.0235 	 0.1629 	 0.3148 	 0.0136 	 0.2040
1.3427 	 -0.5933 	 -0.1543 	 -0.7106 	 0.3080 	 -0.0234 	 0.1649 	 0.3171 	 0.0141 	 0.2063
1.3527 	 -0.5902 	 -0.1545 	 -0.7090 	 0.3112 	 -0.0232 	 0.1670 	 0.3195 	 0.0147 	 0.2086
1.3627 	 -0.5870 	 -0.1548 	 -0.7073 	 0.3144 	 -0.0231 	 0.1691 	 0.3220 	 0.0153 	 0.2109
1.3727 	 -0.5839 	 -0.1550 	 -0.7056 	 0.3176 	 -0.0229 	 0.1712 	 0.3245 	 0.0160 	 0.2133
1.3828 	 -0.5807 	 -0.1552 	 -0.7039 	 0.3209 	 -0.0228 	 0.1734 	 0.3271 	 0.0166 	 0.2157
1.3928 	 -0.5774 	 -0.1555 	 -0.7021 	 0.3242 	 -0.0226 	 0.1755 	 0.3298 	 0.0173 	 0.2182
1.4028 	 -0.5742 	 -0.1557 	 -0.7003 	 0.3275 	 -0.0224 	 0.1777 	 0.3325 	 0.0179 	 0.2207
1.4128 	 -0.5709 	 -0.1559 	 -0.6985 	 0.3309 	 -0.0222 	 0.1800 	 0.3352 	 0.0186 	 0.2233
1.4228 	 -0.5675 	 -0.1561 	 -0.6967 	 0.3342 	 -0.0220 	 0.1822 	 0.3381 	 0.0193 	 0.2258
1.4329 	 -0.5642 	 -0.1564 	 -0.6949 	 0.3376 	 -0.0218 	 0.1845 	 0.3410 	 0.0200 	 0.2285
1.4429 	 -0.5608 	 -0.1566 	 -0.6930 	 0.3411 	 -0.0216 	 0.1868 	 0.3440 	 0.0208 	 0.2312
1.4529 	 -0.5573 	 -0.1568 	 -0.6912 	 0.3445 	 -0.0214 	 0.1891 	 0.3471 	 0.0215 	 0.2339
1.4629 	 -0.5539 	 -0.1570 	 -0.6892 	 0.3480 	 -0.0212 	 0.1915 	 0.3502 	 0.0223 	 0.2367
1.4729 	 -0.5504 	 -0.1572 	 -0.6873 	 0.3515 	 -0.0210 	 0.1939 	 0.3534 	 0.0231 	 0.2396
1.4830 	 -0.5468 	 -0.1574 	 -0.6854 	 0.3551 	 -0.0207 	 0.1963 	 0.3567 	 0.0239 	 0.2425
1.4930 	 -0.5433 	 -0.1576 	 -0.6834 	 0.3587 	 -0.0205 	 0.1987 	 0.3601 	 0.0247 	 0.2455
1.5030 	 -0.5396 	 -0.1578 	 -0.6814 	 0.3623 	 -0.0203 	 0.2012 	 0.3607 	 0.0224 	 0.2532
1.5130 	 -0.5360 	 -0.1580 	 -0.6793 	 0.3660 	 -0.0201 	 0.2038 	 0.3684 	 0.0199 	 0.2594
1.5230 	 -0.5323 	 -0.1582 	 -0.6773 	 0.3697 	 -0.0198 	 0.2064 	 0.3720 	 0.0211 	 0.2624
1.5331 	 -0.5286 	 -0.1584 	 -0.6752 	 0.3734 	 -0.0196 	 0.2091 	 0.3757 	 0.0223 	 0.2654
1.5431 	 -0.5248 	 -0.1586 	 -0.6731 	 0.3772 	 -0.0194 	 0.2117 	 0.3794 	 0.0235 	 0.2684
1.5531 	 -0.5210 	 -0.1588 	 -0.6710 	 0.3810 	 -0.0192 	 0.2144 	 0.3833 	 0.0248 	 0.2716
1.5631 	 -0.5172 	 -0.1590 	 -0.6688 	 0.3849 	 -0.0189 	 0.2172 	 0.3873 	 0.0261 	 0.2748
1.5731 	 -0.5133 	 -0.1592 	 -0.6666 	 0.3888 	 -0.0186 	 0.2199 	 0.3913 	 0.0274 	 0.2781
1.5832 	 -0.5094 	 -0.1594 	 -0.6644 	 0.3927 	 -0.0184 	 0.2227 	 0.3955 	 0.0287 	 0.2815
1.5932 	 -0.5054 	 -0.1596 	 -0.6621 	 0.3967 	 -0.0181 	 0.2256 	 0.3998 	 0.0301 	 0.2850
1.6032 	 -0.5014 	 -0.1597 	 -0.6599 	 0.4008 	 -0.0178 	 0.2285 	 0.4042 	 0.0315 	 0.2885
1.6132 	 -0.4974 	 -0.1599 	 -0.6576 	 0.4048 	 -0.0174 	 0.2314 	 0.4087 	 0.0329 	 0.2922
1.6232 	 -0.4933 	 -0.1601 	 -0.6552 	 0.4089 	 -0.0171 	 0.2343 	 0.4134 	 0.0343 	 0.2959
1.6333 	 -0.4892 	 -0.1603 	 -0.6529 	 0.4131 	 -0.0167 	 0.2373 	 0.4181 	 0.0358 	 0.2998
1.6433 	 -0.4851 	 -0.1604 	 -0.6505 	 0.4173 	 -0.0164 	 0.2403 	 0.4230 	 0.0374 	 0.3037
1.6533 	 -0.4808 	 -0.1606 	 -0.6481 	 0.4216 	 -0.0160 	 0.2434 	 0.4281 	 0.0389 	 0.3078
1.6633 	 -0.4766 	 -0.1607 	 -0.6456 	 0.4259 	 -0.0156 	 0.2465 	 0.4332 	 0.0405 	 0.3120
1.6733 	 -0.4723 	 -0.1609 	 -0.6431 	 0.4303 	 -0.0152 	 0.2496 	 0.4386 	 0.0421 	 0.3163
1.6834 	 -0.4680 	 -0.1611 	 -0.6406 	 0.4347 	 -0.0147 	 0.2528 	 0.4440 	 0.0438 	 0.3207
1.6934 	 -0.4636 	 -0.1612 	 -0.6381 	 0.4392 	 -0.0143 	 0.2561 	 0.4497 	 0.0455 	 0.3253
1.7034 	 -0.4592 	 -0.1613 	 -0.6355 	 0.4437 	 -0.0138 	 0.2593 	 0.4555 	 0.0473 	 0.3300
1.7134 	 -0.4547 	 -0.1615 	 -0.6329 	 0.4483 	 -0.0134 	 0.2627 	 0.4614 	 0.0491 	 0.3349
1.7234 	 -0.4502 	 -0.1616 	 -0.6302 	 0.4530 	 -0.0129 	 0.2661 	 0.4676 	 0.0509 	 0.3399
1.7335 	 -0.4456 	 -0.1617 	 -0.6275 	 0.4577 	 -0.0123 	 0.2695 	 0.4739 	 0.0528 	 0.3451
1.7435 	 -0.4410 	 -0.1619 	 -0.6248 	 0.4625 	 -0.0118 	 0.2730 	 0.4805 	 0.0548 	 0.3504
1.7535 	 -0.4364 	 -0.1620 	 -0.6221 	 0.4673 	 -0.0112 	 0.2765 	 0.4873 	 0.0567 	 0.3560
1.7635 	 -0.4317 	 -0.1621 	 -0.6193 	 0.4722 	 -0.0107 	 0.2801 	 0.4942 	 0.0588 	 0.3618
1.7735 	 -0.4269 	 -0.1622 	 -0.6164 	 0.4772 	 -0.0101 	 0.2838 	 0.5015 	 0.0608 	 0.3677
1.7836 	 -0.4221 	 -0.1623 	 -0.6136 	 0.4823 	 -0.0094 	 0.2875 	 0.5090 	 0.0630 	 0.3739
1.7936 	 -0.4172 	 -0.1624 	 -0.6107 	 0.4874 	 -0.0088 	 0.2913 	 0.5167 	 0.0651 	 0.3804
1.8036 	 -0.4123 	 -0.1625 	 -0.6077 	 0.4926 	 -0.0081 	 0.2951 	 0.5248 	 0.0674 	 0.3871
1.8136 	 -0.4074 	 -0.1625 	 -0.6048 	 0.4980 	 -0.0074 	 0.2990 	 0.5360 	 0.0703 	 0.3977
1.8236 	 -0.4023 	 -0.1626 	 -0.6017 	 0.5034 	 -0.0067 	 0.3031 	 0.5435 	 0.0723 	 0.4034
1.8337 	 -0.3973 	 -0.1627 	 -0.5987 	 0.5088 	 -0.0060 	 0.3071 	 0.5511 	 0.0744 	 0.4093
1.8437 	 -0.3921 	 -0.1627 	 -0.5956 	 0.5144 	 -0.0052 	 0.3113 	 0.5590 	 0.0765 	 0.4154
1.8537 	 -0.3870 	 -0.1628 	 -0.5924 	 0.5200 	 -0.0045 	 0.3155 	 0.5672 	 0.0786 	 0.4216
1.8637 	 -0.3817 	 -0.1628 	 -0.5893 	 0.5258 	 -0.0037 	 0.3197 	 0.5756 	 0.0808 	 0.4280
1.8737 	 -0.3764 	 -0.1628 	 -0.5860 	 0.5316 	 -0.0028 	 0.3240 	 0.5844 	 0.0830 	 0.4346
1.8838 	 -0.3711 	 -0.1629 	 -0.5828 	 0.5375 	 -0.0020 	 0.3284 	 0.5934 	 0.0852 	 0.4414
1.8938 	 -0.3657 	 -0.1629 	 -0.5795 	 0.5435 	 -0.0011 	 0.3329 	 0.6027 	 0.0875 	 0.4483
1.9038 	 -0.3602 	 -0.1629 	 -0.5761 	 0.5496 	 -0.0003 	 0.3374 	 0.6153 	 0.0880 	 0.4594
1.9138 	 -0.3546 	 -0.1629 	 -0.5727 	 0.5558 	 0.0006 	 0.3421 	 0.6270 	 0.0878 	 0.4705
1.9238 	 -0.3490 	 -0.1629 	 -0.5692 	 0.5621 	 0.0015 	 0.3468 	 0.6362 	 0.0909 	 0.4763
1.9339 	 -0.3434 	 -0.1629 	 -0.5657 	 0.5686 	 0.0025 	 0.3516 	 0.6457 	 0.0941 	 0.4823
1.9439 	 -0.3376 	 -0.1628 	 -0.5622 	 0.5751 	 0.0034 	 0.3565 	 0.6557 	 0.0976 	 0.4885
1.9539 	 -0.3318 	 -0.1628 	 -0.5586 	 0.5817 	 0.0044 	 0.3614 	 0.6715 	 0.1019 	 0.4926
1.9639 	 -0.3260 	 -0.1627 	 -0.5550 	 0.5885 	 0.0055 	 0.3664 	 0.6782 	 0.1028 	 0.5039
1.9739 	 -0.3201 	 -0.1627 	 -0.5513 	 0.5954 	 0.0065 	 0.3715 	 0.6891 	 0.1070 	 0.5106
1.9840 	 -0.3141 	 -0.1626 	 -0.5475 	 0.6023 	 0.0076 	 0.3766 	 0.7004 	 0.1114 	 0.5176
1.9940 	 -0.3080 	 -0.1625 	 -0.5437 	 0.6094 	 0.0087 	 0.3818 	 0.7123 	 0.1160 	 0.5247
2.0040 	 -0.3018 	 -0.1624 	 -0.5399 	 0.6166 	 0.0099 	 0.3871 	 0.7248 	 0.1209 	 0.5321
2.0140 	 -0.2956 	 -0.1623 	 -0.5360 	 0.6239 	 0.0112 	 0.3925 	 0.7380 	 0.1260 	 0.5398
2.0240 	 -0.2893 	 -0.1622 	 -0.5320 	 0.6314 	 0.0124 	 0.3980 	 0.7518 	 0.1314 	 0.5479
2.0341 	 -0.2830 	 -0.1621 	 -0.5280 	 0.6390 	 0.0138 	 0.4035 	 0.7663 	 0.1370 	 0.5562
2.0441 	 -0.2765 	 -0.1619 	 -0.5239 	 0.6468 	 0.0152 	 0.4091 	 0.7816 	 0.1427 	 0.5648
2.0541 	 -0.2700 	 -0.1618 	 -0.5198 	 0.6547 	 0.0167 	 0.4148 	 0.8018 	 0.1488 	 0.5783
2.0641 	 -0.2634 	 -0.1616 	 -0.5156 	 0.6628 	 0.0182 	 0.4206 	 0.8181 	 0.1549 	 0.5870
2.0741 	 -0.2567 	 -0.1614 	 -0.5113 	 0.6711 	 0.0198 	 0.4266 	 0.8568 	 0.1668 	 0.6036
2.0842 	 -0.2500 	 -0.1612 	 -0.5070 	 0.6799 	 0.0215 	 0.4327 	 0.8960 	 0.1806 	 0.6189
2.0942 	 -0.2431 	 -0.1610 	 -0.5027 	 0.6891 	 0.0234 	 0.4390 	 0.9295 	 0.1936 	 0.6298
2.1042 	 -0.2361 	 -0.1607 	 -0.4982 	 0.6985 	 0.0254 	 0.4453 	 0.9424 	 0.2027 	 0.6342
2.1142 	 -0.2291 	 -0.1605 	 -0.4937 	 0.7081 	 0.0275 	 0.4517 	 0.9740 	 0.2190 	 0.6479
2.1242 	 -0.2220 	 -0.1602 	 -0.4892 	 0.7178 	 0.0297 	 0.4582 	 0.9719 	 0.2280 	 0.6444
2.1343 	 -0.2147 	 -0.1599 	 -0.4846 	 0.7276 	 0.0321 	 0.4647 	 0.9783 	 0.2423 	 0.6499
2.1443 	 -0.2074 	 -0.1595 	 -0.4799 	 0.7374 	 0.0346 	 0.4713 	 0.9804 	 0.2538 	 0.6517
2.1543 	 -0.1999 	 -0.1592 	 -0.4751 	 0.7473 	 0.0372 	 0.4778 	 0.9787 	 0.2631 	 0.6504
2.1643 	 -0.1924 	 -0.1588 	 -0.4703 	 0.7571 	 0.0399 	 0.4843 	 0.9774 	 0.2725 	 0.6501
2.1743 	 -0.1848 	 -0.1584 	 -0.4654 	 0.7669 	 0.0427 	 0.4909 	 0.9826 	 0.2840 	 0.6589
2.1844 	 -0.1770 	 -0.1579 	 -0.4605 	 0.7767 	 0.0455 	 0.4975 	 0.9797 	 0.2933 	 0.6576
2.1944 	 -0.1692 	 -0.1575 	 -0.4554 	 0.7866 	 0.0485 	 0.5041 	 0.9796 	 0.3047 	 0.6609
2.2044 	 -0.1613 	 -0.1570 	 -0.4504 	 0.7964 	 0.0516 	 0.5107 	 0.9768 	 0.3098 	 0.6620
2.2144 	 -0.1532 	 -0.1564 	 -0.4452 	 0.8061 	 0.0548 	 0.5174 	 0.9728 	 0.3210 	 0.6599
2.2244 	 -0.1451 	 -0.1559 	 -0.4400 	 0.8159 	 0.0580 	 0.5240 	 0.9687 	 0.3327 	 0.6579
2.2345 	 -0.1369 	 -0.1553 	 -0.4347 	 0.8256 	 0.0615 	 0.5306 	 0.9708 	 0.3470 	 0.6647
2.2445 	 -0.1286 	 -0.1546 	 -0.4294 	 0.8353 	 0.0650 	 0.5373 	 0.9683 	 0.3555 	 0.6609
2.2545 	 -0.1201 	 -0.1540 	 -0.4239 	 0.8450 	 0.0686 	 0.5439 	 0.9606 	 0.3701 	 0.6564
2.2645 	 -0.1116 	 -0.1533 	 -0.4185 	 0.8546 	 0.0724 	 0.5505 	 0.9599 	 0.3860 	 0.6536
2.2745 	 -0.1030 	 -0.1525 	 -0.4129 	 0.8642 	 0.0764 	 0.5570 	 0.9485 	 0.4018 	 0.6462
2.2846 	 -0.0943 	 -0.1517 	 -0.4073 	 0.8737 	 0.0805 	 0.5635 	 0.9418 	 0.4223 	 0.6463
2.2946 	 -0.0855 	 -0.1509 	 -0.4016 	 0.8830 	 0.0848 	 0.5699 	 0.9287 	 0.4407 	 0.6402
2.3046 	 -0.0766 	 -0.1500 	 -0.3959 	 0.8923 	 0.0893 	 0.5763 	 0.9144 	 0.4577 	 0.6314
2.3146 	 -0.0676 	 -0.1491 	 -0.3901 	 0.9013 	 0.0940 	 0.5826 	 0.8946 	 0.4775 	 0.6157
2.3246 	 -0.0586 	 -0.1481 	 -0.3842 	 0.9102 	 0.0989 	 0.5886 	 0.8725 	 0.4989 	 0.5981
2.3347 	 -0.0494 	 -0.1471 	 -0.3783 	 0.9188 	 0.1040 	 0.5945 	 0.8476 	 0.5222 	 0.5781
2.3447 	 -0.0401 	 -0.1461 	 -0.3723 	 0.9272 	 0.1094 	 0.6002 	 0.8217 	 0.5507 	 0.5666
2.3547 	 -0.0308 	 -0.1449 	 -0.3663 	 0.9352 	 0.1150 	 0.6058 	 0.7918 	 0.5822 	 0.5394
2.3647 	 -0.0214 	 -0.1437 	 -0.3602 	 0.9430 	 0.1210 	 0.6110 	 0.7539 	 0.6110 	 0.5069
2.3747 	 -0.0119 	 -0.1425 	 -0.3540 	 0.9503 	 0.1273 	 0.6159 	 0.7096 	 0.6411 	 0.4698
2.3848 	 -0.0024 	 -0.1412 	 -0.3478 	 0.9572 	 0.1339 	 0.6204 	 0.6577 	 0.6718 	 0.4276
2.3948 	 0.0073 	 -0.1398 	 -0.3416 	 0.9635 	 0.1407 	 0.6245 	 0.5965 	 0.7021 	 0.3800
2.4048 	 0.0169 	 -0.1384 	 -0.3353 	 0.9691 	 0.1479 	 0.6280 	 0.5294 	 0.7331 	 0.3321
2.4148 	 0.0267 	 -0.1369 	 -0.3290 	 0.9740 	 0.1554 	 0.6311 	 0.4462 	 0.7599 	 0.2800
2.4248 	 0.0364 	 -0.1353 	 -0.3227 	 0.9781 	 0.1632 	 0.6337 	 0.3540 	 0.7824 	 0.2207
2.4349 	 0.0463 	 -0.1336 	 -0.3163 	 0.9811 	 0.1711 	 0.6355 	 0.2457 	 0.7916 	 0.1555
2.4449 	 0.0561 	 -0.1318 	 -0.3099 	 0.9830 	 0.1790 	 0.6367 	 0.1275 	 0.7921 	 0.0850
2.4549 	 0.0660 	 -0.1300 	 -0.3035 	 0.9836 	 0.1869 	 0.6373 	 0.0016 	 0.7752 	 0.0221
2.4649 	 0.0758 	 -0.1281 	 -0.2972 	 0.9830 	 0.1945 	 0.6372 	 -0.1255 	 0.7444 	 -0.0359
2.4749 	 0.0856 	 -0.1261 	 -0.2908 	 0.9811 	 0.2018 	 0.6366 	 -0.2480 	 0.7019 	 -0.0865
2.4850 	 0.0955 	 -0.1240 	 -0.2844 	 0.9780 	 0.2086 	 0.6355 	 -0.3614 	 0.6515 	 -0.1288
2.4950 	 0.1052 	 -0.1219 	 -0.2780 	 0.9739 	 0.2148 	 0.6340 	 -0.4641 	 0.5968 	 -0.1639
2.5050 	 0.1150 	 -0.1197 	 -0.2717 	 0.9688 	 0.2205 	 0.6322 	 -0.5550 	 0.5370 	 -0.1945
2.5150 	 0.1246 	 -0.1175 	 -0.2654 	 0.9628 	 0.2256 	 0.6301 	 -0.6459 	 0.4837 	 -0.2244
2.5251 	 0.1343 	 -0.1152 	 -0.2591 	 0.9558 	 0.2302 	 0.6277 	 -0.7297 	 0.4449 	 -0.2558
2.5351 	 0.1438 	 -0.1129 	 -0.2528 	 0.9482 	 0.2345 	 0.6250 	 -0.7955 	 0.4113 	 -0.2838
2.5451 	 0.1533 	 -0.1105 	 -0.2466 	 0.9399 	 0.2385 	 0.6221 	 -0.8524 	 0.3860 	 -0.3044
2.5551 	 0.1626 	 -0.1081 	 -0.2403 	 0.9311 	 0.2422 	 0.6189 	 -0.9057 	 0.3532 	 -0.3305
2.5651 	 0.1719 	 -0.1057 	 -0.2342 	 0.9218 	 0.2456 	 0.6154 	 -0.9582 	 0.3233 	 -0.3582
2.5752 	 0.1811 	 -0.1032 	 -0.2280 	 0.9119 	 0.2487 	 0.6117 	 -1.0102 	 0.3040 	 -0.3850
2.5852 	 0.1902 	 -0.1007 	 -0.2219 	 0.9016 	 0.2517 	 0.6077 	 -1.0539 	 0.2878 	 -0.4079
2.5952 	 0.1992 	 -0.0982 	 -0.2158 	 0.8908 	 0.2545 	 0.6036 	 -1.0939 	 0.2689 	 -0.4196
2.6052 	 0.2080 	 -0.0956 	 -0.2098 	 0.8797 	 0.2571 	 0.5993 	 -1.1273 	 0.2489 	 -0.4354
2.6152 	 0.2168 	 -0.0930 	 -0.2038 	 0.8682 	 0.2595 	 0.5948 	 -1.1566 	 0.2299 	 -0.4495
2.6253 	 0.2254 	 -0.0904 	 -0.1979 	 0.8565 	 0.2617 	 0.5903 	 -1.1827 	 0.2118 	 -0.4626
2.6353 	 0.2340 	 -0.0878 	 -0.1920 	 0.8445 	 0.2637 	 0.5856 	 -1.2063 	 0.1946 	 -0.4750
2.6453 	 0.2424 	 -0.0851 	 -0.1861 	 0.8324 	 0.2656 	 0.5808 	 -1.2277 	 0.1781 	 -0.4869
2.6553 	 0.2506 	 -0.0824 	 -0.1804 	 0.8199 	 0.2673 	 0.5758 	 -1.2474 	 0.1624 	 -0.4985
2.6653 	 0.2588 	 -0.0798 	 -0.1746 	 0.8074 	 0.2688 	 0.5708 	 -1.2657 	 0.1472 	 -0.5098
2.6754 	 0.2668 	 -0.0771 	 -0.1689 	 0.7946 	 0.2702 	 0.5656 	 -1.2827 	 0.1327 	 -0.5209
2.6854 	 0.2747 	 -0.0743 	 -0.1633 	 0.7817 	 0.2715 	 0.5603 	 -1.2985 	 0.1186 	 -0.5319
2.6954 	 0.2825 	 -0.0716 	 -0.1577 	 0.7686 	 0.2726 	 0.5549 	 -1.3134 	 0.1049 	 -0.5427
2.7054 	 0.2901 	 -0.0689 	 -0.1522 	 0.7553 	 0.2736 	 0.5495 	 -1.3274 	 0.0916 	 -0.5533
2.7154 	 0.2976 	 -0.0661 	 -0.1467 	 0.7420 	 0.2745 	 0.5439 	 -1.3405 	 0.0786 	 -0.5638
2.7255 	 0.3050 	 -0.0634 	 -0.1413 	 0.7285 	 0.2752 	 0.5382 	 -1.3530 	 0.0660 	 -0.5741
2.7355 	 0.3122 	 -0.0606 	 -0.1359 	 0.7148 	 0.2758 	 0.5324 	 -1.3686 	 0.0581 	 -0.5740
2.7455 	 0.3193 	 -0.0579 	 -0.1306 	 0.7011 	 0.2763 	 0.5266 	 -1.3794 	 0.0466 	 -0.5832
2.7555 	 0.3263 	 -0.0551 	 -0.1253 	 0.6872 	 0.2767 	 0.5208 	 -1.3759 	 0.0355 	 -0.5767
2.7655 	 0.3331 	 -0.0523 	 -0.1201 	 0.6735 	 0.2770 	 0.5150 	 -1.3739 	 0.0254 	 -0.5720
2.7756 	 0.3398 	 -0.0495 	 -0.1150 	 0.6597 	 0.2773 	 0.5093 	 -1.3720 	 0.0194 	 -0.5647
2.7856 	 0.3463 	 -0.0468 	 -0.1099 	 0.6460 	 0.2774 	 0.5037 	 -1.3545 	 0.0081 	 -0.5522
2.7956 	 0.3527 	 -0.0440 	 -0.1049 	 0.6325 	 0.2774 	 0.4982 	 -1.3494 	 -0.0022 	 -0.5497
2.8056 	 0.3590 	 -0.0412 	 -0.1000 	 0.6190 	 0.2774 	 0.4928 	 -1.3383 	 -0.0110 	 -0.5429
2.8156 	 0.3651 	 -0.0384 	 -0.0950 	 0.6056 	 0.2772 	 0.4873 	 -1.3250 	 -0.0196 	 -0.5378
2.8257 	 0.3711 	 -0.0356 	 -0.0902 	 0.5924 	 0.2770 	 0.4819 	 -1.3061 	 -0.0309 	 -0.5271
2.8357 	 0.3770 	 -0.0329 	 -0.0854 	 0.5794 	 0.2766 	 0.4767 	 -1.2775 	 -0.0365 	 -0.5132
2.8457 	 0.3827 	 -0.0301 	 -0.0806 	 0.5670 	 0.2763 	 0.4717 	 -1.2082 	 -0.0363 	 -0.4809
2.8557 	 0.3883 	 -0.0273 	 -0.0759 	 0.5552 	 0.2759 	 0.4670 	 -1.1578 	 -0.0389 	 -0.4544
2.8657 	 0.3939 	 -0.0246 	 -0.0713 	 0.5437 	 0.2755 	 0.4625 	 -1.1271 	 -0.0429 	 -0.4398
2.8758 	 0.3992 	 -0.0218 	 -0.0667 	 0.5325 	 0.2750 	 0.4582 	 -1.1031 	 -0.0491 	 -0.4375
2.8858 	 0.4045 	 -0.0191 	 -0.0621 	 0.5216 	 0.2745 	 0.4538 	 -1.0842 	 -0.0549 	 -0.4321
2.8958 	 0.4097 	 -0.0163 	 -0.0576 	 0.5108 	 0.2739 	 0.4495 	 -1.0666 	 -0.0606 	 -0.4277
2.9058 	 0.4148 	 -0.0136 	 -0.0531 	 0.5002 	 0.2733 	 0.4452 	 -1.0560 	 -0.0674 	 -0.4234
2.9158 	 0.4197 	 -0.0108 	 -0.0486 	 0.4897 	 0.2726 	 0.4410 	 -1.0398 	 -0.0729 	 -0.4210
2.9259 	 0.4246 	 -0.0081 	 -0.0442 	 0.4794 	 0.2718 	 0.4368 	 -1.0243 	 -0.0784 	 -0.4193
2.9359 	 0.4293 	 -0.0054 	 -0.0399 	 0.4692 	 0.2710 	 0.4326 	 -1.0036 	 -0.0827 	 -0.4144
2.9459 	 0.4340 	 -0.0027 	 -0.0356 	 0.4592 	 0.2702 	 0.4285 	 -0.9883 	 -0.0875 	 -0.4133
2.9559 	 0.4385 	 0.0000 	 -0.0313 	 0.4494 	 0.2692 	 0.4243 	 -0.9783 	 -0.0943 	 -0.4162
2.9659 	 0.4430 	 0.0027 	 -0.0271 	 0.4397 	 0.2683 	 0.4202 	 -0.9636 	 -0.0987 	 -0.4160
2.9760 	 0.4473 	 0.0054 	 -0.0229 	 0.4301 	 0.2673 	 0.4160 	 -0.9433 	 -0.1006 	 -0.4156
2.9860 	 0.4516 	 0.0081 	 -0.0187 	 0.4207 	 0.2662 	 0.4118 	 -0.9289 	 -0.1043 	 -0.4160
2.9960 	 0.4558 	 0.0107 	 -0.0146 	 0.4115 	 0.2652 	 0.4077 	 -0.9149 	 -0.1079 	 -0.4167
3.0060 	 0.4599 	 0.0134 	 -0.0106 	 0.4024 	 0.2641 	 0.4035 	 -0.9014 	 -0.1113 	 -0.4177
3.0160 	 0.4638 	 0.0160 	 -0.0065 	 0.3934 	 0.2630 	 0.3993 	 -0.8882 	 -0.1145 	 -0.4189
3.0261 	 0.4677 	 0.0187 	 -0.0026 	 0.3846 	 0.2618 	 0.3951 	 -0.8753 	 -0.1175 	 -0.4203
3.0361 	 0.4716 	 0.0213 	 0.0014 	 0.3759 	 0.2606 	 0.3909 	 -0.8628 	 -0.1204 	 -0.4218
3.0461 	 0.4753 	 0.0239 	 0.0053 	 0.3673 	 0.2594 	 0.3866 	 -0.8506 	 -0.1231 	 -0.4234
3.0561 	 0.4789 	 0.0265 	 0.0091 	 0.3588 	 0.2581 	 0.3824 	 -0.8386 	 -0.1257 	 -0.4251
3.0661 	 0.4825 	 0.0291 	 0.0129 	 0.3505 	 0.2569 	 0.3781 	 -0.8270 	 -0.1281 	 -0.4268
3.0762 	 0.4859 	 0.0316 	 0.0167 	 0.3423 	 0.2556 	 0.3738 	 -0.8088 	 -0.1292 	 -0.4263
3.0862 	 0.4893 	 0.0342 	 0.0204 	 0.3343 	 0.2543 	 0.3696 	 -0.7967 	 -0.1308 	 -0.4276
3.0962 	 0.4926 	 0.0367 	 0.0241 	 0.3263 	 0.2530 	 0.3653 	 -0.7850 	 -0.1323 	 -0.4288
3.1062 	 0.4959 	 0.0392 	 0.0277 	 0.3185 	 0.2516 	 0.3610 	 -0.7735 	 -0.1336 	 -0.4300
3.1162 	 0.4990 	 0.0418 	 0.0313 	 0.3108 	 0.2503 	 0.3567 	 -0.7624 	 -0.1348 	 -0.4312
3.1263 	 0.5021 	 0.0443 	 0.0349 	 0.3032 	 0.2489 	 0.3523 	 -0.7517 	 -0.1358 	 -0.4323
3.1363 	 0.5051 	 0.0467 	 0.0384 	 0.2958 	 0.2476 	 0.3480 	 -0.7370 	 -0.1337 	 -0.4295
3.1463 	 0.5080 	 0.0492 	 0.0419 	 0.2885 	 0.2462 	 0.3437 	 -0.7212 	 -0.1335 	 -0.4255
3.1563 	 0.5109 	 0.0517 	 0.0453 	 0.2814 	 0.2449 	 0.3395 	 -0.7019 	 -0.1315 	 -0.4271
3.1663 	 0.5137 	 0.0541 	 0.0487 	 0.2744 	 0.2436 	 0.3352 	 -0.6857 	 -0.1314 	 -0.4218
3.1764 	 0.5164 	 0.0566 	 0.0520 	 0.2676 	 0.2423 	 0.3310 	 -0.6742 	 -0.1312 	 -0.4203
3.1864 	 0.5190 	 0.0590 	 0.0553 	 0.2609 	 0.2409 	 0.3268 	 -0.6631 	 -0.1310 	 -0.4187
3.1964 	 0.5216 	 0.0614 	 0.0586 	 0.2543 	 0.2396 	 0.3226 	 -0.6525 	 -0.1307 	 -0.4171
3.2064 	 0.5241 	 0.0638 	 0.0618 	 0.2478 	 0.2383 	 0.3184 	 -0.6424 	 -0.1303 	 -0.4154
3.2164 	 0.5266 	 0.0662 	 0.0649 	 0.2414 	 0.2370 	 0.3143 	 -0.6327 	 -0.1300 	 -0.4137
3.2265 	 0.5290 	 0.0685 	 0.0681 	 0.2351 	 0.2357 	 0.3101 	 -0.6234 	 -0.1296 	 -0.4120
3.2365 	 0.5313 	 0.0709 	 0.0712 	 0.2289 	 0.2344 	 0.3060 	 -0.6145 	 -0.1292 	 -0.4103
3.2465 	 0.5336 	 0.0732 	 0.0742 	 0.2228 	 0.2331 	 0.3019 	 -0.6059 	 -0.1288 	 -0.4085
3.2565 	 0.5358 	 0.0756 	 0.0772 	 0.2168 	 0.2318 	 0.2978 	 -0.5978 	 -0.1284 	 -0.4068
3.2665 	 0.5379 	 0.0779 	 0.0802 	 0.2108 	 0.2306 	 0.2938 	 -0.5899 	 -0.1281 	 -0.4051
3.2766 	 0.5400 	 0.0802 	 0.0831 	 0.2050 	 0.2293 	 0.2897 	 -0.5776 	 -0.1250 	 -0.3997
3.2866 	 0.5420 	 0.0825 	 0.0860 	 0.1992 	 0.2280 	 0.2857 	 -0.5698 	 -0.1243 	 -0.3974
3.2966 	 0.5440 	 0.0848 	 0.0888 	 0.1935 	 0.2268 	 0.2818 	 -0.5627 	 -0.1248 	 -0.3887
3.3066 	 0.5459 	 0.0870 	 0.0916 	 0.1879 	 0.2255 	 0.2779 	 -0.5557 	 -0.1242 	 -0.3861
3.3166 	 0.5477 	 0.0893 	 0.0944 	 0.1824 	 0.2243 	 0.2740 	 -0.5489 	 -0.1237 	 -0.3835
3.3267 	 0.5495 	 0.0915 	 0.0971 	 0.1769 	 0.2231 	 0.2702 	 -0.5424 	 -0.1232 	 -0.3809
3.3367 	 0.5513 	 0.0937 	 0.0998 	 0.1715 	 0.2218 	 0.2664 	 -0.5362 	 -0.1227 	 -0.3784
3.3467 	 0.5530 	 0.0960 	 0.1025 	 0.1662 	 0.2206 	 0.2626 	 -0.5302 	 -0.1223 	 -0.3759
3.3567 	 0.5546 	 0.0982 	 0.1051 	 0.1609 	 0.2194 	 0.2589 	 -0.5244 	 -0.1220 	 -0.3735
3.3667 	 0.5562 	 0.1004 	 0.1076 	 0.1557 	 0.2182 	 0.2551 	 -0.5189 	 -0.1216 	 -0.3711
3.3768 	 0.5577 	 0.1025 	 0.1102 	 0.1505 	 0.2169 	 0.2514 	 -0.5136 	 -0.1214 	 -0.3688
3.3868 	 0.5592 	 0.1047 	 0.1127 	 0.1454 	 0.2157 	 0.2478 	 -0.5084 	 -0.1211 	 -0.3665
3.3968 	 0.5607 	 0.1069 	 0.1151 	 0.1403 	 0.2145 	 0.2441 	 -0.5035 	 -0.1209 	 -0.3643
3.4068 	 0.5620 	 0.1090 	 0.1176 	 0.1353 	 0.2133 	 0.2405 	 -0.4987 	 -0.1208 	 -0.3622
3.4168 	 0.5634 	 0.1111 	 0.1200 	 0.1303 	 0.2121 	 0.2368 	 -0.4941 	 -0.1207 	 -0.3601
3.4269 	 0.5646 	 0.1133 	 0.1223 	 0.1254 	 0.2109 	 0.2332 	 -0.4896 	 -0.1206 	 -0.3581
3.4369 	 0.5659 	 0.1154 	 0.1246 	 0.1205 	 0.2097 	 0.2297 	 -0.4853 	 -0.1206 	 -0.3561
3.4469 	 0.5671 	 0.1175 	 0.1269 	 0.1157 	 0.2085 	 0.2261 	 -0.4811 	 -0.1206 	 -0.3542
3.4569 	 0.5682 	 0.1195 	 0.1292 	 0.1109 	 0.2073 	 0.2226 	 -0.4771 	 -0.1206 	 -0.3524
3.4669 	 0.5693 	 0.1216 	 0.1314 	 0.1061 	 0.2060 	 0.2190 	 -0.4731 	 -0.1206 	 -0.3506
3.4770 	 0.5703 	 0.1237 	 0.1336 	 0.1014 	 0.2048 	 0.2156 	 -0.4708 	 -0.1213 	 -0.3423
3.4870 	 0.5713 	 0.1257 	 0.1357 	 0.0967 	 0.2036 	 0.2122 	 -0.4672 	 -0.1215 	 -0.3403
3.4970 	 0.5723 	 0.1277 	 0.1378 	 0.0920 	 0.2024 	 0.2088 	 -0.4646 	 -0.1215 	 -0.3316
3.5070 	 0.5732 	 0.1298 	 0.1399 	 0.0874 	 0.2012 	 0.2055 	 -0.4614 	 -0.1217 	 -0.3293
3.5170 	 0.5740 	 0.1318 	 0.1419 	 0.0828 	 0.2000 	 0.2022 	 -0.4582 	 -0.1220 	 -0.3271
3.5271 	 0.5748 	 0.1338 	 0.1439 	 0.0782 	 0.1987 	 0.1990 	 -0.4552 	 -0.1222 	 -0.3250
3.5371 	 0.5756 	 0.1358 	 0.1459 	 0.0736 	 0.1975 	 0.1957 	 -0.4522 	 -0.1225 	 -0.3229
3.5471 	 0.5763 	 0.1377 	 0.1479 	 0.0691 	 0.1963 	 0.1925 	 -0.4494 	 -0.1229 	 -0.3210
3.5571 	 0.5770 	 0.1397 	 0.1498 	 0.0646 	 0.1950 	 0.1893 	 -0.4466 	 -0.1232 	 -0.3191
3.5671 	 0.5776 	 0.1416 	 0.1517 	 0.0602 	 0.1938 	 0.1861 	 -0.4439 	 -0.1235 	 -0.3173
3.5772 	 0.5782 	 0.1436 	 0.1535 	 0.0557 	 0.1926 	 0.1829 	 -0.4413 	 -0.1239 	 -0.3156
3.5872 	 0.5787 	 0.1455 	 0.1553 	 0.0513 	 0.1913 	 0.1798 	 -0.4388 	 -0.1243 	 -0.3140
3.5972 	 0.5792 	 0.1474 	 0.1571 	 0.0469 	 0.1901 	 0.1766 	 -0.4363 	 -0.1247 	 -0.3124
3.6072 	 0.5796 	 0.1493 	 0.1589 	 0.0426 	 0.1888 	 0.1735 	 -0.4340 	 -0.1251 	 -0.3109
3.6172 	 0.5801 	 0.1512 	 0.1606 	 0.0382 	 0.1876 	 0.1704 	 -0.4317 	 -0.1256 	 -0.3095
3.6273 	 0.5804 	 0.1531 	 0.1623 	 0.0339 	 0.1863 	 0.1673 	 -0.4294 	 -0.1261 	 -0.3082
3.6373 	 0.5807 	 0.1549 	 0.1639 	 0.0296 	 0.1850 	 0.1642 	 -0.4273 	 -0.1265 	 -0.3069
3.6473 	 0.5810 	 0.1568 	 0.1656 	 0.0254 	 0.1838 	 0.1611 	 -0.4252 	 -0.1270 	 -0.3057
3.6573 	 0.5812 	 0.1586 	 0.1672 	 0.0211 	 0.1825 	 0.1581 	 -0.4232 	 -0.1276 	 -0.3045
3.6673 	 0.5814 	 0.1604 	 0.1687 	 0.0169 	 0.1812 	 0.1550 	 -0.4212 	 -0.1281 	 -0.3034
3.6774 	 0.5816 	 0.1622 	 0.1703 	 0.0127 	 0.1799 	 0.1520 	 -0.4193 	 -0.1286 	 -0.3024
3.6874 	 0.5817 	 0.1640 	 0.1718 	 0.0085 	 0.1786 	 0.1490 	 -0.4175 	 -0.1292 	 -0.3015
3.6974 	 0.5818 	 0.1658 	 0.1733 	 0.0043 	 0.1773 	 0.1460 	 -0.4158 	 -0.1298 	 -0.3006
3.7074 	 0.5818 	 0.1676 	 0.1747 	 0.0002 	 0.1760 	 0.1430 	 -0.4141 	 -0.1304 	 -0.2997
3.7174 	 0.5818 	 0.1694 	 0.1761 	 -0.0040 	 0.1747 	 0.1400 	 -0.4124 	 -0.1310 	 -0.2990
3.7275 	 0.5817 	 0.1711 	 0.1775 	 -0.0081 	 0.1734 	 0.1370 	 -0.4108 	 -0.1316 	 -0.2983
3.7375 	 0.5816 	 0.1728 	 0.1789 	 -0.0122 	 0.1721 	 0.1340 	 -0.4093 	 -0.1323 	 -0.2976
3.7475 	 0.5814 	 0.1745 	 0.1802 	 -0.0163 	 0.1708 	 0.1310 	 -0.4078 	 -0.1329 	 -0.2970
3.7575 	 0.5813 	 0.1763 	 0.1815 	 -0.0204 	 0.1694 	 0.1280 	 -0.4064 	 -0.1336 	 -0.2965
3.7675 	 0.5810 	 0.1779 	 0.1828 	 -0.0245 	 0.1681 	 0.1251 	 -0.4051 	 -0.1343 	 -0.2960
3.7776 	 0.5808 	 0.1796 	 0.1840 	 -0.0285 	 0.1667 	 0.1221 	 -0.4038 	 -0.1350 	 -0.2956
3.7876 	 0.5805 	 0.1813 	 0.1852 	 -0.0325 	 0.1654 	 0.1191 	 -0.4025 	 -0.1358 	 -0.2952
3.7976 	 0.5801 	 0.1829 	 0.1864 	 -0.0366 	 0.1640 	 0.1162 	 -0.4013 	 -0.1365 	 -0.2949
3.8076 	 0.5797 	 0.1846 	 0.1875 	 -0.0406 	 0.1626 	 0.1132 	 -0.4002 	 -0.1373 	 -0.2946
3.8176 	 0.5793 	 0.1862 	 0.1887 	 -0.0446 	 0.1613 	 0.1103 	 -0.3991 	 -0.1381 	 -0.2944
3.8277 	 0.5788 	 0.1878 	 0.1897 	 -0.0486 	 0.1599 	 0.1073 	 -0.3981 	 -0.1390 	 -0.2942
3.8377 	 0.5783 	 0.1894 	 0.1908 	 -0.0526 	 0.1585 	 0.1044 	 -0.3971 	 -0.1398 	 -0.2941
3.8477 	 0.5778 	 0.1910 	 0.1918 	 -0.0565 	 0.1571 	 0.1014 	 -0.3962 	 -0.1407 	 -0.2940
3.8577 	 0.5772 	 0.1925 	 0.1928 	 -0.0605 	 0.1557 	 0.0985 	 -0.3953 	 -0.1416 	 -0.2940
3.8677 	 0.5766 	 0.1941 	 0.1938 	 -0.0645 	 0.1542 	 0.0955 	 -0.3945 	 -0.1425 	 -0.2941
3.8778 	 0.5759 	 0.1956 	 0.1948 	 -0.0684 	 0.1528 	 0.0926 	 -0.3938 	 -0.1435 	 -0.2942
3.8878 	 0.5752 	 0.1972 	 0.1957 	 -0.0724 	 0.1514 	 0.0896 	 -0.3931 	 -0.1444 	 -0.2943
3.8978 	 0.5745 	 0.1987 	 0.1965 	 -0.0763 	 0.1499 	 0.0867 	 -0.3924 	 -0.1454 	 -0.2945
3.9078 	 0.5737 	 0.2002 	 0.1974 	 -0.0802 	 0.1484 	 0.0837 	 -0.3918 	 -0.1465 	 -0.2948
3.9178 	 0.5729 	 0.2016 	 0.1982 	 -0.0842 	 0.1470 	 0.0808 	 -0.3913 	 -0.1475 	 -0.2951
3.9279 	 0.5720 	 0.2031 	 0.1990 	 -0.0881 	 0.1455 	 0.0778 	 -0.3908 	 -0.1486 	 -0.2955
3.9379 	 0.5711 	 0.2046 	 0.1998 	 -0.0920 	 0.1440 	 0.0749 	 -0.3903 	 -0.1498 	 -0.2959
3.9479 	 0.5701 	 0.2060 	 0.2005 	 -0.0959 	 0.1425 	 0.0719 	 -0.3899 	 -0.1509 	 -0.2963
3.9579 	 0.5692 	 0.2074 	 0.2012 	 -0.0998 	 0.1410 	 0.0689 	 -0.3896 	 -0.1521 	 -0.2968
3.9679 	 0.5681 	 0.2088 	 0.2019 	 -0.1037 	 0.1394 	 0.0660 	 -0.3893 	 -0.1534 	 -0.2974
3.9780 	 0.5671 	 0.2102 	 0.2025 	 -0.1076 	 0.1379 	 0.0630 	 -0.3891 	 -0.1546 	 -0.2980
3.9880 	 0.5660 	 0.2116 	 0.2032 	 -0.1115 	 0.1363 	 0.0600 	 -0.3889 	 -0.1559 	 -0.2987
3.9980 	 0.5649 	 0.2129 	 0.2038 	 -0.1154 	 0.1348 	 0.0570 	 -0.3888 	 -0.1573 	 -0.2994
4.0080 	 0.5637 	 0.2143 	 0.2043 	 -0.1193 	 0.1332 	 0.0540 	 -0.3887 	 -0.1587 	 -0.3002
4.0180 	 0.5625 	 0.2156 	 0.2048 	 -0.1232 	 0.1316 	 0.0510 	 -0.3887 	 -0.1601 	 -0.3010
4.0281 	 0.5612 	 0.2169 	 0.2053 	 -0.1271 	 0.1300 	 0.0479 	 -0.3887 	 -0.1616 	 -0.3019
4.0381 	 0.5599 	 0.2182 	 0.2058 	 -0.1310 	 0.1284 	 0.0449 	 -0.3888 	 -0.1631 	 -0.3028
4.0481 	 0.5586 	 0.2195 	 0.2062 	 -0.1349 	 0.1267 	 0.0419 	 -0.3889 	 -0.1647 	 -0.3038
4.0581 	 0.5572 	 0.2208 	 0.2066 	 -0.1388 	 0.1251 	 0.0388 	 -0.3891 	 -0.1663 	 -0.3049
4.0681 	 0.5558 	 0.2220 	 0.2070 	 -0.1427 	 0.1234 	 0.0358 	 -0.3893 	 -0.1679 	 -0.3060
4.0782 	 0.5544 	 0.2232 	 0.2073 	 -0.1466 	 0.1217 	 0.0327 	 -0.3896 	 -0.1696 	 -0.3071
4.0882 	 0.5529 	 0.2244 	 0.2077 	 -0.1505 	 0.1200 	 0.0296 	 -0.3900 	 -0.1714 	 -0.3083
4.0982 	 0.5513 	 0.2256 	 0.2079 	 -0.1544 	 0.1183 	 0.0265 	 -0.3937 	 -0.1723 	 -0.3148
4.1082 	 0.5498 	 0.2268 	 0.2082 	 -0.1584 	 0.1165 	 0.0233 	 -0.3939 	 -0.1742 	 -0.3159
4.1182 	 0.5482 	 0.2280 	 0.2084 	 -0.1623 	 0.1148 	 0.0201 	 -0.3943 	 -0.1762 	 -0.3169
4.1283 	 0.5465 	 0.2291 	 0.2086 	 -0.1663 	 0.1130 	 0.0170 	 -0.3947 	 -0.1782 	 -0.3181
4.1383 	 0.5448 	 0.2302 	 0.2087 	 -0.1702 	 0.1112 	 0.0138 	 -0.3951 	 -0.1803 	 -0.3193
4.1483 	 0.5431 	 0.2313 	 0.2089 	 -0.1742 	 0.1094 	 0.0106 	 -0.3956 	 -0.1824 	 -0.3205
4.1583 	 0.5413 	 0.2324 	 0.2090 	 -0.1781 	 0.1075 	 0.0073 	 -0.3961 	 -0.1846 	 -0.3218
4.1683 	 0.5395 	 0.2335 	 0.2090 	 -0.1821 	 0.1057 	 0.0041 	 -0.3967 	 -0.1869 	 -0.3232
4.1784 	 0.5377 	 0.2345 	 0.2090 	 -0.1861 	 0.1038 	 0.0009 	 -0.3973 	 -0.1892 	 -0.3246
4.1884 	 0.5358 	 0.2356 	 0.2090 	 -0.1901 	 0.1019 	 -0.0024 	 -0.3980 	 -0.1916 	 -0.3261
4.1984 	 0.5339 	 0.2366 	 0.2090 	 -0.1941 	 0.1000 	 -0.0057 	 -0.3988 	 -0.1940 	 -0.3276
4.2084 	 0.5319 	 0.2376 	 0.2089 	 -0.1981 	 0.0980 	 -0.0090 	 -0.3996 	 -0.1965 	 -0.3292
4.2184 	 0.5299 	 0.2385 	 0.2088 	 -0.2021 	 0.0960 	 -0.0123 	 -0.4004 	 -0.1991 	 -0.3309
4.2285 	 0.5279 	 0.2395 	 0.2087 	 -0.2061 	 0.0940 	 -0.0156 	 -0.4013 	 -0.2017 	 -0.3326
4.2385 	 0.5258 	 0.2404 	 0.2085 	 -0.2101 	 0.0920 	 -0.0189 	 -0.4023 	 -0.2044 	 -0.3344
4.2485 	 0.5237 	 0.2413 	 0.2083 	 -0.2142 	 0.0899 	 -0.0223 	 -0.4033 	 -0.2072 	 -0.3362
4.2585 	 0.5215 	 0.2422 	 0.2081 	 -0.2182 	 0.0878 	 -0.0257 	 -0.4043 	 -0.2100 	 -0.3381
4.2685 	 0.5193 	 0.2431 	 0.2078 	 -0.2223 	 0.0857 	 -0.0291 	 -0.4054 	 -0.2129 	 -0.3401
4.2786 	 0.5170 	 0.2440 	 0.2075 	 -0.2263 	 0.0836 	 -0.0325 	 -0.4066 	 -0.2159 	 -0.3422
4.2886 	 0.5148 	 0.2448 	 0.2071 	 -0.2304 	 0.0814 	 -0.0359 	 -0.4078 	 -0.2189 	 -0.3443
4.2986 	 0.5124 	 0.2456 	 0.2068 	 -0.2345 	 0.0792 	 -0.0394 	 -0.4090 	 -0.2220 	 -0.3465
4.3086 	 0.5101 	 0.2464 	 0.2063 	 -0.2386 	 0.0769 	 -0.0429 	 -0.4103 	 -0.2252 	 -0.3487
4.3186 	 0.5076 	 0.2471 	 0.2059 	 -0.2427 	 0.0747 	 -0.0464 	 -0.4116 	 -0.2285 	 -0.3511
4.3287 	 0.5052 	 0.2479 	 0.2054 	 -0.2468 	 0.0724 	 -0.0499 	 -0.4130 	 -0.2318 	 -0.3535
4.3387 	 0.5027 	 0.2486 	 0.2049 	 -0.2510 	 0.0700 	 -0.0535 	 -0.4145 	 -0.2352 	 -0.3560
4.3487 	 0.5002 	 0.2493 	 0.2043 	 -0.2552 	 0.0676 	 -0.0570 	 -0.4159 	 -0.2387 	 -0.3586
4.3587 	 0.4976 	 0.2499 	 0.2038 	 -0.2593 	 0.0652 	 -0.0606 	 -0.4174 	 -0.2423 	 -0.3612
4.3687 	 0.4950 	 0.2506 	 0.2031 	 -0.2635 	 0.0628 	 -0.0643 	 -0.4233 	 -0.2484 	 -0.3676
4.3788 	 0.4923 	 0.2512 	 0.2025 	 -0.2678 	 0.0603 	 -0.0680 	 -0.4245 	 -0.2519 	 -0.3700
4.3888 	 0.4896 	 0.2518 	 0.2018 	 -0.2720 	 0.0577 	 -0.0717 	 -0.4258 	 -0.2555 	 -0.3725
4.3988 	 0.4868 	 0.2523 	 0.2010 	 -0.2763 	 0.0552 	 -0.0754 	 -0.4270 	 -0.2592 	 -0.3751
4.4088 	 0.4841 	 0.2529 	 0.2002 	 -0.2806 	 0.0525 	 -0.0792 	 -0.4283 	 -0.2630 	 -0.3778
4.4188 	 0.4812 	 0.2534 	 0.1994 	 -0.2849 	 0.0499 	 -0.0830 	 -0.4296 	 -0.2669 	 -0.3806
4.4289 	 0.4783 	 0.2539 	 0.1986 	 -0.2892 	 0.0472 	 -0.0868 	 -0.4309 	 -0.2709 	 -0.3835
4.4389 	 0.4754 	 0.2543 	 0.1977 	 -0.2935 	 0.0445 	 -0.0907 	 -0.4322 	 -0.2750 	 -0.3865
4.4489 	 0.4725 	 0.2548 	 0.1968 	 -0.2979 	 0.0417 	 -0.0946 	 -0.4335 	 -0.2792 	 -0.3896
4.4589 	 0.4695 	 0.2552 	 0.1958 	 -0.3022 	 0.0389 	 -0.0985 	 -0.4348 	 -0.2835 	 -0.3929
4.4689 	 0.4664 	 0.2556 	 0.1948 	 -0.3066 	 0.0360 	 -0.1025 	 -0.4361 	 -0.2880 	 -0.3962
4.4790 	 0.4633 	 0.2559 	 0.1937 	 -0.3110 	 0.0331 	 -0.1065 	 -0.4374 	 -0.2925 	 -0.3997
4.4890 	 0.4602 	 0.2562 	 0.1927 	 -0.3153 	 0.0301 	 -0.1105 	 -0.4387 	 -0.2972 	 -0.4033
4.4990 	 0.4570 	 0.2565 	 0.1915 	 -0.3197 	 0.0271 	 -0.1145 	 -0.4400 	 -0.3020 	 -0.4070
4.5090 	 0.4538 	 0.2568 	 0.1904 	 -0.3242 	 0.0241 	 -0.1186 	 -0.4412 	 -0.3069 	 -0.4109
4.5190 	 0.4505 	 0.2570 	 0.1892 	 -0.3286 	 0.0210 	 -0.1228 	 -0.4425 	 -0.3120 	 -0.4148
4.5291 	 0.4472 	 0.2572 	 0.1879 	 -0.3330 	 0.0178 	 -0.1269 	 -0.4437 	 -0.3172 	 -0.4189
4.5391 	 0.4438 	 0.2573 	 0.1866 	 -0.3375 	 0.0146 	 -0.1312 	 -0.4449 	 -0.3226 	 -0.4232
4.5491 	 0.4404 	 0.2575 	 0.1853 	 -0.3419 	 0.0114 	 -0.1354 	 -0.4461 	 -0.3281 	 -0.4275
4.5591 	 0.4370 	 0.2576 	 0.1839 	 -0.3464 	 0.0080 	 -0.1397 	 -0.4472 	 -0.3338 	 -0.4320
4.5691 	 0.4335 	 0.2576 	 0.1825 	 -0.3509 	 0.0047 	 -0.1441 	 -0.4483 	 -0.3397 	 -0.4367
4.5792 	 0.4299 	 0.2577 	 0.1810 	 -0.3554 	 0.0012 	 -0.1485 	 -0.4493 	 -0.3457 	 -0.4415
4.5892 	 0.4264 	 0.2577 	 0.1795 	 -0.3599 	 -0.0023 	 -0.1529 	 -0.4503 	 -0.3519 	 -0.4464
4.5992 	 0.4227 	 0.2576 	 0.1779 	 -0.3644 	 -0.0058 	 -0.1574 	 -0.4512 	 -0.3583 	 -0.4515
4.6092 	 0.4191 	 0.2575 	 0.1763 	 -0.3690 	 -0.0094 	 -0.1620 	 -0.4521 	 -0.3649 	 -0.4567
4.6192 	 0.4153 	 0.2574 	 0.1747 	 -0.3735 	 -0.0131 	 -0.1666 	 -0.4529 	 -0.3716 	 -0.4621
4.6293 	 0.4116 	 0.2573 	 0.1730 	 -0.3780 	 -0.0169 	 -0.1713 	 -0.4556 	 -0.3807 	 -0.4734
4.6393 	 0.4078 	 0.2571 	 0.1713 	 -0.3826 	 -0.0207 	 -0.1760 	 -0.4558 	 -0.3874 	 -0.4778
4.6493 	 0.4039 	 0.2569 	 0.1695 	 -0.3872 	 -0.0247 	 -0.1808 	 -0.4559 	 -0.3943 	 -0.4822
4.6593 	 0.4000 	 0.2566 	 0.1676 	 -0.3917 	 -0.0286 	 -0.1857 	 -0.4565 	 -0.4001 	 -0.4927
4.6693 	 0.3961 	 0.2563 	 0.1658 	 -0.3963 	 -0.0327 	 -0.1907 	 -0.4562 	 -0.4073 	 -0.4969
4.6794 	 0.3921 	 0.2559 	 0.1638 	 -0.4009 	 -0.0368 	 -0.1957 	 -0.4559 	 -0.4147 	 -0.5011
4.6894 	 0.3880 	 0.2555 	 0.1618 	 -0.4054 	 -0.0410 	 -0.2007 	 -0.4555 	 -0.4223 	 -0.5054
4.6994 	 0.3839 	 0.2551 	 0.1598 	 -0.4100 	 -0.0453 	 -0.2058 	 -0.4550 	 -0.4301 	 -0.5098
4.7094 	 0.3798 	 0.2546 	 0.1577 	 -0.4146 	 -0.0496 	 -0.2109 	 -0.4545 	 -0.4381 	 -0.5143
4.7194 	 0.3756 	 0.2541 	 0.1556 	 -0.4191 	 -0.0541 	 -0.2161 	 -0.4604 	 -0.4539 	 -0.5255
4.7295 	 0.3714 	 0.2536 	 0.1534 	 -0.4237 	 -0.0586 	 -0.2214 	 -0.4589 	 -0.4615 	 -0.5294
4.7395 	 0.3671 	 0.2529 	 0.1511 	 -0.4283 	 -0.0633 	 -0.2267 	 -0.4574 	 -0.4693 	 -0.5333
4.7495 	 0.3628 	 0.2523 	 0.1488 	 -0.4329 	 -0.0681 	 -0.2321 	 -0.4590 	 -0.4811 	 -0.5400
4.7595 	 0.3585 	 0.2516 	 0.1465 	 -0.4375 	 -0.0729 	 -0.2376 	 -0.4612 	 -0.4919 	 -0.5463
4.7695 	 0.3540 	 0.2508 	 0.1441 	 -0.4421 	 -0.0779 	 -0.2431 	 -0.4584 	 -0.4991 	 -0.5495
4.7796 	 0.3496 	 0.2500 	 0.1416 	 -0.4467 	 -0.0829 	 -0.2486 	 -0.4555 	 -0.5064 	 -0.5527
4.7896 	 0.3451 	 0.2492 	 0.1391 	 -0.4513 	 -0.0881 	 -0.2541 	 -0.4526 	 -0.5139 	 -0.5560
4.7996 	 0.3406 	 0.2483 	 0.1365 	 -0.4558 	 -0.0932 	 -0.2597 	 -0.4495 	 -0.5214 	 -0.5593
4.8096 	 0.3360 	 0.2473 	 0.1339 	 -0.4603 	 -0.0985 	 -0.2653 	 -0.4464 	 -0.5291 	 -0.5627
4.8196 	 0.3313 	 0.2463 	 0.1312 	 -0.4647 	 -0.1039 	 -0.2710 	 -0.4432 	 -0.5371 	 -0.5641
4.8297 	 0.3267 	 0.2452 	 0.1285 	 -0.4692 	 -0.1093 	 -0.2767 	 -0.4389 	 -0.5440 	 -0.5666
4.8397 	 0.3219 	 0.2441 	 0.1257 	 -0.4736 	 -0.1148 	 -0.2823 	 -0.4366 	 -0.5546 	 -0.5638
4.8497 	 0.3172 	 0.2429 	 0.1228 	 -0.4779 	 -0.1204 	 -0.2880 	 -0.4339 	 -0.5627 	 -0.5724
4.8597 	 0.3124 	 0.2417 	 0.1199 	 -0.4822 	 -0.1261 	 -0.2937 	 -0.4295 	 -0.5703 	 -0.5746
4.8697 	 0.3075 	 0.2404 	 0.1169 	 -0.4865 	 -0.1318 	 -0.2995 	 -0.4280 	 -0.5820 	 -0.5809
4.8798 	 0.3026 	 0.2390 	 0.1139 	 -0.4908 	 -0.1377 	 -0.3054 	 -0.4256 	 -0.5851 	 -0.5851
4.8898 	 0.2977 	 0.2376 	 0.1108 	 -0.4951 	 -0.1436 	 -0.3112 	 -0.4201 	 -0.5938 	 -0.5871
4.8998 	 0.2927 	 0.2362 	 0.1076 	 -0.4992 	 -0.1496 	 -0.3171 	 -0.4144 	 -0.6027 	 -0.5891
4.9098 	 0.2877 	 0.2346 	 0.1044 	 -0.5034 	 -0.1557 	 -0.3230 	 -0.4085 	 -0.6120 	 -0.5911
4.9198 	 0.2826 	 0.2330 	 0.1012 	 -0.5074 	 -0.1618 	 -0.3290 	 -0.4024 	 -0.6215 	 -0.5930
4.9299 	 0.2775 	 0.2314 	 0.0978 	 -0.5114 	 -0.1681 	 -0.3349 	 -0.3988 	 -0.6414 	 -0.6004
4.9399 	 0.2723 	 0.2297 	 0.0945 	 -0.5154 	 -0.1746 	 -0.3410 	 -0.3914 	 -0.6503 	 -0.6008
4.9499 	 0.2672 	 0.2279 	 0.0910 	 -0.5193 	 -0.1812 	 -0.3470 	 -0.3874 	 -0.6680 	 -0.6081
4.9599 	 0.2619 	 0.2260 	 0.0875 	 -0.5231 	 -0.1880 	 -0.3531 	 -0.3794 	 -0.6762 	 -0.6072
4.9699 	 0.2567 	 0.2241 	 0.0839 	 -0.5269 	 -0.1948 	 -0.3592 	 -0.3763 	 -0.6855 	 -0.6021
4.9800 	 0.2514 	 0.2221 	 0.0803 	 -0.5307 	 -0.2017 	 -0.3652 	 -0.3685 	 -0.6935 	 -0.6011
4.9900 	 0.2460 	 0.2201 	 0.0766 	 -0.5343 	 -0.2087 	 -0.3712 	 -0.3594 	 -0.6975 	 -0.6047
