100-Body Run with i = 25 th particle. (Units in pc,M_solar,Myr, km s-1) 

time		 x 		 y 		 z 		 xdot 		 ydot 		 zdot 		 xddot 		 yddot 		 zddot
0.0000 	 0.3997 	 0.1967 	 0.9084 	 0.0429 	 0.0339 	 0.0548 	 -0.1299 	 -0.0727 	 -0.2454
0.0100 	 0.4001 	 0.1971 	 0.9089 	 0.0416 	 0.0331 	 0.0524 	 -0.1296 	 -0.0726 	 -0.2450
0.0200 	 0.4005 	 0.1974 	 0.9094 	 0.0403 	 0.0324 	 0.0499 	 -0.1293 	 -0.0725 	 -0.2446
0.0301 	 0.4009 	 0.1977 	 0.9099 	 0.0390 	 0.0317 	 0.0475 	 -0.1290 	 -0.0723 	 -0.2443
0.0401 	 0.4013 	 0.1980 	 0.9104 	 0.0377 	 0.0310 	 0.0450 	 -0.1288 	 -0.0722 	 -0.2439
0.0501 	 0.4017 	 0.1984 	 0.9108 	 0.0364 	 0.0302 	 0.0426 	 -0.1285 	 -0.0721 	 -0.2436
0.0601 	 0.4020 	 0.1986 	 0.9112 	 0.0351 	 0.0295 	 0.0402 	 -0.1282 	 -0.0720 	 -0.2432
0.0701 	 0.4024 	 0.1989 	 0.9116 	 0.0338 	 0.0288 	 0.0377 	 -0.1279 	 -0.0719 	 -0.2429
0.0802 	 0.4027 	 0.1992 	 0.9120 	 0.0325 	 0.0281 	 0.0353 	 -0.1276 	 -0.0718 	 -0.2426
0.0902 	 0.4030 	 0.1995 	 0.9123 	 0.0313 	 0.0274 	 0.0329 	 -0.1273 	 -0.0716 	 -0.2423
0.1002 	 0.4033 	 0.1998 	 0.9126 	 0.0300 	 0.0266 	 0.0304 	 -0.1270 	 -0.0715 	 -0.2420
0.1102 	 0.4036 	 0.2000 	 0.9129 	 0.0287 	 0.0259 	 0.0280 	 -0.1267 	 -0.0714 	 -0.2417
0.1202 	 0.4039 	 0.2003 	 0.9132 	 0.0274 	 0.0252 	 0.0256 	 -0.1264 	 -0.0713 	 -0.2415
0.1303 	 0.4042 	 0.2005 	 0.9134 	 0.0262 	 0.0245 	 0.0232 	 -0.1261 	 -0.0712 	 -0.2412
0.1403 	 0.4044 	 0.2008 	 0.9137 	 0.0249 	 0.0238 	 0.0208 	 -0.1258 	 -0.0710 	 -0.2410
0.1503 	 0.4047 	 0.2010 	 0.9138 	 0.0237 	 0.0231 	 0.0183 	 -0.1255 	 -0.0709 	 -0.2408
0.1603 	 0.4049 	 0.2012 	 0.9140 	 0.0224 	 0.0224 	 0.0159 	 -0.1252 	 -0.0708 	 -0.2406
0.1703 	 0.4051 	 0.2015 	 0.9142 	 0.0212 	 0.0216 	 0.0135 	 -0.1249 	 -0.0707 	 -0.2404
0.1804 	 0.4053 	 0.2017 	 0.9143 	 0.0199 	 0.0209 	 0.0111 	 -0.1246 	 -0.0706 	 -0.2402
0.1904 	 0.4055 	 0.2019 	 0.9144 	 0.0187 	 0.0202 	 0.0087 	 -0.1243 	 -0.0704 	 -0.2400
0.2004 	 0.4057 	 0.2021 	 0.9145 	 0.0174 	 0.0195 	 0.0063 	 -0.1240 	 -0.0703 	 -0.2398
0.2104 	 0.4059 	 0.2023 	 0.9145 	 0.0162 	 0.0188 	 0.0039 	 -0.1237 	 -0.0702 	 -0.2397
0.2204 	 0.4060 	 0.2025 	 0.9145 	 0.0149 	 0.0181 	 0.0015 	 -0.1234 	 -0.0701 	 -0.2396
0.2305 	 0.4062 	 0.2026 	 0.9145 	 0.0137 	 0.0174 	 -0.0009 	 -0.1231 	 -0.0699 	 -0.2394
0.2405 	 0.4063 	 0.2028 	 0.9145 	 0.0125 	 0.0167 	 -0.0033 	 -0.1228 	 -0.0698 	 -0.2393
0.2505 	 0.4064 	 0.2030 	 0.9145 	 0.0112 	 0.0160 	 -0.0057 	 -0.1224 	 -0.0697 	 -0.2392
0.2605 	 0.4065 	 0.2031 	 0.9144 	 0.0100 	 0.0153 	 -0.0081 	 -0.1221 	 -0.0696 	 -0.2391
0.2705 	 0.4066 	 0.2033 	 0.9143 	 0.0088 	 0.0146 	 -0.0105 	 -0.1218 	 -0.0694 	 -0.2390
0.2806 	 0.4067 	 0.2034 	 0.9142 	 0.0076 	 0.0139 	 -0.0129 	 -0.1215 	 -0.0693 	 -0.2390
0.2906 	 0.4068 	 0.2036 	 0.9141 	 0.0064 	 0.0132 	 -0.0153 	 -0.1212 	 -0.0692 	 -0.2389
0.3006 	 0.4068 	 0.2037 	 0.9139 	 0.0051 	 0.0125 	 -0.0177 	 -0.1208 	 -0.0690 	 -0.2389
0.3106 	 0.4069 	 0.2038 	 0.9137 	 0.0039 	 0.0119 	 -0.0201 	 -0.1205 	 -0.0689 	 -0.2388
0.3206 	 0.4069 	 0.2039 	 0.9135 	 0.0027 	 0.0112 	 -0.0225 	 -0.1202 	 -0.0688 	 -0.2388
0.3307 	 0.4069 	 0.2040 	 0.9133 	 0.0015 	 0.0105 	 -0.0249 	 -0.1198 	 -0.0687 	 -0.2388
0.3407 	 0.4069 	 0.2041 	 0.9130 	 0.0003 	 0.0098 	 -0.0272 	 -0.1195 	 -0.0685 	 -0.2388
0.3507 	 0.4069 	 0.2042 	 0.9127 	 -0.0009 	 0.0091 	 -0.0296 	 -0.1192 	 -0.0684 	 -0.2388
0.3607 	 0.4069 	 0.2043 	 0.9124 	 -0.0021 	 0.0084 	 -0.0320 	 -0.1188 	 -0.0683 	 -0.2388
0.3707 	 0.4069 	 0.2044 	 0.9121 	 -0.0033 	 0.0077 	 -0.0344 	 -0.1185 	 -0.0682 	 -0.2388
0.3808 	 0.4069 	 0.2045 	 0.9117 	 -0.0044 	 0.0071 	 -0.0368 	 -0.1182 	 -0.0680 	 -0.2389
0.3908 	 0.4068 	 0.2045 	 0.9113 	 -0.0056 	 0.0064 	 -0.0392 	 -0.1178 	 -0.0679 	 -0.2389
0.4008 	 0.4067 	 0.2046 	 0.9109 	 -0.0068 	 0.0057 	 -0.0416 	 -0.1175 	 -0.0678 	 -0.2390
0.4108 	 0.4067 	 0.2047 	 0.9105 	 -0.0080 	 0.0050 	 -0.0440 	 -0.1171 	 -0.0676 	 -0.2390
0.4208 	 0.4066 	 0.2047 	 0.9100 	 -0.0091 	 0.0043 	 -0.0464 	 -0.1168 	 -0.0675 	 -0.2391
0.4309 	 0.4065 	 0.2047 	 0.9096 	 -0.0103 	 0.0037 	 -0.0488 	 -0.1164 	 -0.0674 	 -0.2392
0.4409 	 0.4064 	 0.2048 	 0.9091 	 -0.0115 	 0.0030 	 -0.0512 	 -0.1161 	 -0.0673 	 -0.2393
0.4509 	 0.4063 	 0.2048 	 0.9085 	 -0.0126 	 0.0023 	 -0.0536 	 -0.1158 	 -0.0671 	 -0.2394
0.4609 	 0.4061 	 0.2048 	 0.9080 	 -0.0138 	 0.0016 	 -0.0560 	 -0.1154 	 -0.0670 	 -0.2395
0.4709 	 0.4060 	 0.2048 	 0.9074 	 -0.0150 	 0.0010 	 -0.0584 	 -0.1150 	 -0.0669 	 -0.2396
0.4810 	 0.4058 	 0.2048 	 0.9068 	 -0.0161 	 0.0003 	 -0.0608 	 -0.1147 	 -0.0668 	 -0.2398
0.4910 	 0.4057 	 0.2048 	 0.9062 	 -0.0173 	 -0.0004 	 -0.0632 	 -0.1143 	 -0.0666 	 -0.2399
0.5010 	 0.4055 	 0.2048 	 0.9056 	 -0.0184 	 -0.0010 	 -0.0656 	 -0.1140 	 -0.0665 	 -0.2401
0.5110 	 0.4053 	 0.2048 	 0.9049 	 -0.0195 	 -0.0017 	 -0.0680 	 -0.1136 	 -0.0664 	 -0.2402
0.5210 	 0.4051 	 0.2048 	 0.9042 	 -0.0207 	 -0.0024 	 -0.0704 	 -0.1133 	 -0.0663 	 -0.2404
0.5311 	 0.4049 	 0.2048 	 0.9035 	 -0.0218 	 -0.0030 	 -0.0728 	 -0.1129 	 -0.0661 	 -0.2406
0.5411 	 0.4047 	 0.2047 	 0.9027 	 -0.0229 	 -0.0037 	 -0.0752 	 -0.1125 	 -0.0660 	 -0.2408
0.5511 	 0.4044 	 0.2047 	 0.9020 	 -0.0241 	 -0.0044 	 -0.0776 	 -0.1122 	 -0.0659 	 -0.2410
0.5611 	 0.4042 	 0.2047 	 0.9012 	 -0.0252 	 -0.0050 	 -0.0801 	 -0.1118 	 -0.0658 	 -0.2412
0.5711 	 0.4039 	 0.2046 	 0.9004 	 -0.0263 	 -0.0057 	 -0.0825 	 -0.1114 	 -0.0656 	 -0.2414
0.5812 	 0.4036 	 0.2045 	 0.8995 	 -0.0274 	 -0.0063 	 -0.0849 	 -0.1111 	 -0.0655 	 -0.2416
0.5912 	 0.4034 	 0.2045 	 0.8987 	 -0.0285 	 -0.0070 	 -0.0873 	 -0.1107 	 -0.0654 	 -0.2418
0.6012 	 0.4031 	 0.2044 	 0.8978 	 -0.0296 	 -0.0076 	 -0.0897 	 -0.1103 	 -0.0653 	 -0.2421
0.6112 	 0.4028 	 0.2043 	 0.8969 	 -0.0307 	 -0.0083 	 -0.0922 	 -0.1100 	 -0.0652 	 -0.2423
0.6212 	 0.4025 	 0.2042 	 0.8959 	 -0.0318 	 -0.0089 	 -0.0946 	 -0.1096 	 -0.0651 	 -0.2426
0.6313 	 0.4021 	 0.2041 	 0.8950 	 -0.0329 	 -0.0096 	 -0.0970 	 -0.1092 	 -0.0649 	 -0.2429
0.6413 	 0.4018 	 0.2040 	 0.8940 	 -0.0340 	 -0.0102 	 -0.0995 	 -0.1089 	 -0.0648 	 -0.2431
0.6513 	 0.4014 	 0.2039 	 0.8930 	 -0.0351 	 -0.0109 	 -0.1019 	 -0.1085 	 -0.0647 	 -0.2434
0.6613 	 0.4011 	 0.2038 	 0.8919 	 -0.0362 	 -0.0115 	 -0.1043 	 -0.1081 	 -0.0646 	 -0.2437
0.6713 	 0.4007 	 0.2037 	 0.8909 	 -0.0373 	 -0.0122 	 -0.1068 	 -0.1077 	 -0.0645 	 -0.2440
0.6814 	 0.4003 	 0.2036 	 0.8898 	 -0.0384 	 -0.0128 	 -0.1092 	 -0.1074 	 -0.0644 	 -0.2443
0.6914 	 0.4000 	 0.2034 	 0.8887 	 -0.0394 	 -0.0135 	 -0.1117 	 -0.1070 	 -0.0643 	 -0.2446
0.7014 	 0.3996 	 0.2033 	 0.8876 	 -0.0405 	 -0.0141 	 -0.1141 	 -0.1066 	 -0.0642 	 -0.2450
0.7114 	 0.3991 	 0.2032 	 0.8864 	 -0.0416 	 -0.0148 	 -0.1166 	 -0.1063 	 -0.0641 	 -0.2453
0.7214 	 0.3987 	 0.2030 	 0.8852 	 -0.0426 	 -0.0154 	 -0.1191 	 -0.1059 	 -0.0640 	 -0.2457
0.7315 	 0.3983 	 0.2029 	 0.8840 	 -0.0437 	 -0.0160 	 -0.1215 	 -0.1055 	 -0.0639 	 -0.2460
0.7415 	 0.3978 	 0.2027 	 0.8828 	 -0.0448 	 -0.0167 	 -0.1240 	 -0.1052 	 -0.0638 	 -0.2464
0.7515 	 0.3974 	 0.2025 	 0.8815 	 -0.0458 	 -0.0173 	 -0.1265 	 -0.1048 	 -0.0637 	 -0.2468
0.7615 	 0.3969 	 0.2023 	 0.8803 	 -0.0469 	 -0.0180 	 -0.1289 	 -0.1044 	 -0.0637 	 -0.2471
0.7715 	 0.3965 	 0.2022 	 0.8790 	 -0.0479 	 -0.0186 	 -0.1314 	 -0.1041 	 -0.0636 	 -0.2475
0.7816 	 0.3960 	 0.2020 	 0.8776 	 -0.0489 	 -0.0192 	 -0.1339 	 -0.1037 	 -0.0635 	 -0.2479
0.7916 	 0.3955 	 0.2018 	 0.8763 	 -0.0500 	 -0.0199 	 -0.1364 	 -0.1034 	 -0.0634 	 -0.2483
0.8016 	 0.3950 	 0.2016 	 0.8749 	 -0.0510 	 -0.0205 	 -0.1389 	 -0.1030 	 -0.0634 	 -0.2488
0.8116 	 0.3944 	 0.2014 	 0.8735 	 -0.0520 	 -0.0211 	 -0.1414 	 -0.1027 	 -0.0633 	 -0.2492
0.8216 	 0.3939 	 0.2012 	 0.8721 	 -0.0531 	 -0.0218 	 -0.1439 	 -0.1023 	 -0.0632 	 -0.2496
0.8317 	 0.3934 	 0.2009 	 0.8706 	 -0.0541 	 -0.0224 	 -0.1464 	 -0.1020 	 -0.0632 	 -0.2501
0.8417 	 0.3928 	 0.2007 	 0.8691 	 -0.0551 	 -0.0230 	 -0.1489 	 -0.1016 	 -0.0631 	 -0.2505
0.8517 	 0.3923 	 0.2005 	 0.8676 	 -0.0561 	 -0.0237 	 -0.1514 	 -0.1013 	 -0.0631 	 -0.2510
0.8617 	 0.3917 	 0.2002 	 0.8661 	 -0.0571 	 -0.0243 	 -0.1539 	 -0.1010 	 -0.0630 	 -0.2515
0.8717 	 0.3911 	 0.2000 	 0.8645 	 -0.0581 	 -0.0249 	 -0.1564 	 -0.1006 	 -0.0630 	 -0.2520
0.8818 	 0.3905 	 0.1997 	 0.8630 	 -0.0592 	 -0.0256 	 -0.1589 	 -0.1003 	 -0.0630 	 -0.2525
0.8918 	 0.3900 	 0.1995 	 0.8613 	 -0.0602 	 -0.0262 	 -0.1615 	 -0.1000 	 -0.0629 	 -0.2530
0.9018 	 0.3893 	 0.1992 	 0.8597 	 -0.0612 	 -0.0268 	 -0.1640 	 -0.0997 	 -0.0629 	 -0.2535
0.9118 	 0.3887 	 0.1989 	 0.8581 	 -0.0622 	 -0.0275 	 -0.1666 	 -0.0994 	 -0.0629 	 -0.2540
0.9218 	 0.3881 	 0.1987 	 0.8564 	 -0.0632 	 -0.0281 	 -0.1691 	 -0.0991 	 -0.0629 	 -0.2546
0.9319 	 0.3875 	 0.1984 	 0.8547 	 -0.0641 	 -0.0287 	 -0.1717 	 -0.0988 	 -0.0629 	 -0.2551
0.9419 	 0.3868 	 0.1981 	 0.8529 	 -0.0651 	 -0.0294 	 -0.1742 	 -0.0986 	 -0.0629 	 -0.2557
0.9519 	 0.3862 	 0.1978 	 0.8512 	 -0.0661 	 -0.0300 	 -0.1768 	 -0.0983 	 -0.0629 	 -0.2563
0.9619 	 0.3855 	 0.1975 	 0.8494 	 -0.0671 	 -0.0306 	 -0.1794 	 -0.0980 	 -0.0629 	 -0.2569
0.9719 	 0.3848 	 0.1972 	 0.8476 	 -0.0681 	 -0.0312 	 -0.1819 	 -0.0978 	 -0.0630 	 -0.2575
0.9820 	 0.3841 	 0.1969 	 0.8458 	 -0.0691 	 -0.0319 	 -0.1845 	 -0.0976 	 -0.0630 	 -0.2581
0.9920 	 0.3834 	 0.1965 	 0.8439 	 -0.0700 	 -0.0325 	 -0.1871 	 -0.0973 	 -0.0630 	 -0.2587
1.0020 	 0.3827 	 0.1962 	 0.8420 	 -0.0710 	 -0.0331 	 -0.1897 	 -0.0971 	 -0.0631 	 -0.2594
1.0120 	 0.3820 	 0.1959 	 0.8401 	 -0.0720 	 -0.0338 	 -0.1923 	 -0.0969 	 -0.0631 	 -0.2601
1.0220 	 0.3813 	 0.1955 	 0.8381 	 -0.0730 	 -0.0344 	 -0.1949 	 -0.0967 	 -0.0632 	 -0.2607
1.0321 	 0.3805 	 0.1952 	 0.8362 	 -0.0739 	 -0.0350 	 -0.1975 	 -0.0966 	 -0.0633 	 -0.2614
1.0421 	 0.3798 	 0.1948 	 0.8342 	 -0.0749 	 -0.0357 	 -0.2002 	 -0.0964 	 -0.0634 	 -0.2622
1.0521 	 0.3790 	 0.1945 	 0.8322 	 -0.0759 	 -0.0363 	 -0.2028 	 -0.0963 	 -0.0635 	 -0.2629
1.0621 	 0.3783 	 0.1941 	 0.8301 	 -0.0768 	 -0.0369 	 -0.2054 	 -0.0961 	 -0.0636 	 -0.2636
1.0721 	 0.3775 	 0.1937 	 0.8281 	 -0.0778 	 -0.0376 	 -0.2081 	 -0.0960 	 -0.0637 	 -0.2644
1.0822 	 0.3767 	 0.1933 	 0.8260 	 -0.0787 	 -0.0382 	 -0.2107 	 -0.0959 	 -0.0638 	 -0.2652
1.0922 	 0.3759 	 0.1930 	 0.8238 	 -0.0797 	 -0.0389 	 -0.2134 	 -0.0959 	 -0.0639 	 -0.2660
1.1022 	 0.3751 	 0.1926 	 0.8217 	 -0.0807 	 -0.0395 	 -0.2161 	 -0.0958 	 -0.0641 	 -0.2668
1.1122 	 0.3743 	 0.1922 	 0.8195 	 -0.0816 	 -0.0401 	 -0.2187 	 -0.0958 	 -0.0642 	 -0.2677
1.1222 	 0.3735 	 0.1918 	 0.8173 	 -0.0826 	 -0.0408 	 -0.2214 	 -0.0957 	 -0.0644 	 -0.2686
1.1323 	 0.3727 	 0.1913 	 0.8151 	 -0.0835 	 -0.0414 	 -0.2241 	 -0.0957 	 -0.0646 	 -0.2694
1.1423 	 0.3718 	 0.1909 	 0.8128 	 -0.0845 	 -0.0421 	 -0.2268 	 -0.0958 	 -0.0648 	 -0.2704
1.1523 	 0.3710 	 0.1905 	 0.8105 	 -0.0855 	 -0.0427 	 -0.2295 	 -0.0958 	 -0.0650 	 -0.2713
1.1623 	 0.3701 	 0.1901 	 0.8082 	 -0.0864 	 -0.0434 	 -0.2323 	 -0.0959 	 -0.0652 	 -0.2723
1.1723 	 0.3692 	 0.1896 	 0.8059 	 -0.0874 	 -0.0440 	 -0.2350 	 -0.0959 	 -0.0654 	 -0.2733
1.1824 	 0.3683 	 0.1892 	 0.8035 	 -0.0883 	 -0.0447 	 -0.2377 	 -0.0961 	 -0.0656 	 -0.2743
1.1924 	 0.3675 	 0.1887 	 0.8011 	 -0.0893 	 -0.0454 	 -0.2405 	 -0.0962 	 -0.0659 	 -0.2753
1.2024 	 0.3666 	 0.1883 	 0.7987 	 -0.0903 	 -0.0460 	 -0.2432 	 -0.0963 	 -0.0661 	 -0.2764
1.2124 	 0.3656 	 0.1878 	 0.7962 	 -0.0912 	 -0.0467 	 -0.2460 	 -0.0965 	 -0.0664 	 -0.2775
1.2224 	 0.3647 	 0.1873 	 0.7937 	 -0.0922 	 -0.0473 	 -0.2488 	 -0.0967 	 -0.0667 	 -0.2786
1.2325 	 0.3638 	 0.1869 	 0.7912 	 -0.0932 	 -0.0480 	 -0.2516 	 -0.0969 	 -0.0670 	 -0.2798
1.2425 	 0.3629 	 0.1864 	 0.7887 	 -0.0942 	 -0.0487 	 -0.2544 	 -0.0972 	 -0.0673 	 -0.2809
1.2525 	 0.3619 	 0.1859 	 0.7861 	 -0.0951 	 -0.0494 	 -0.2572 	 -0.0974 	 -0.0676 	 -0.2822
1.2625 	 0.3610 	 0.1854 	 0.7835 	 -0.0961 	 -0.0500 	 -0.2601 	 -0.0977 	 -0.0679 	 -0.2834
1.2725 	 0.3600 	 0.1849 	 0.7809 	 -0.0971 	 -0.0507 	 -0.2629 	 -0.0981 	 -0.0683 	 -0.2847
1.2826 	 0.3590 	 0.1844 	 0.7783 	 -0.0981 	 -0.0514 	 -0.2658 	 -0.0984 	 -0.0686 	 -0.2860
1.2926 	 0.3580 	 0.1839 	 0.7756 	 -0.0991 	 -0.0521 	 -0.2686 	 -0.0988 	 -0.0690 	 -0.2874
1.3026 	 0.3570 	 0.1833 	 0.7729 	 -0.1000 	 -0.0528 	 -0.2715 	 -0.0992 	 -0.0694 	 -0.2888
1.3126 	 0.3560 	 0.1828 	 0.7702 	 -0.1010 	 -0.0535 	 -0.2744 	 -0.0996 	 -0.0697 	 -0.2902
1.3226 	 0.3550 	 0.1823 	 0.7674 	 -0.1020 	 -0.0542 	 -0.2773 	 -0.1000 	 -0.0702 	 -0.2917
1.3327 	 0.3540 	 0.1817 	 0.7646 	 -0.1030 	 -0.0549 	 -0.2803 	 -0.1005 	 -0.0706 	 -0.2932
1.3427 	 0.3529 	 0.1812 	 0.7618 	 -0.1041 	 -0.0556 	 -0.2832 	 -0.1010 	 -0.0710 	 -0.2947
1.3527 	 0.3519 	 0.1806 	 0.7589 	 -0.1051 	 -0.0563 	 -0.2862 	 -0.1015 	 -0.0714 	 -0.2963
1.3627 	 0.3508 	 0.1800 	 0.7560 	 -0.1061 	 -0.0570 	 -0.2892 	 -0.1021 	 -0.0719 	 -0.2980
1.3727 	 0.3498 	 0.1795 	 0.7531 	 -0.1071 	 -0.0578 	 -0.2922 	 -0.1027 	 -0.0724 	 -0.2996
1.3828 	 0.3487 	 0.1789 	 0.7502 	 -0.1082 	 -0.0585 	 -0.2952 	 -0.1033 	 -0.0729 	 -0.3014
1.3928 	 0.3476 	 0.1783 	 0.7472 	 -0.1092 	 -0.0592 	 -0.2982 	 -0.1039 	 -0.0734 	 -0.3032
1.4028 	 0.3465 	 0.1777 	 0.7442 	 -0.1102 	 -0.0600 	 -0.3012 	 -0.1046 	 -0.0739 	 -0.3050
1.4128 	 0.3454 	 0.1771 	 0.7412 	 -0.1113 	 -0.0607 	 -0.3043 	 -0.1053 	 -0.0745 	 -0.3069
1.4228 	 0.3443 	 0.1765 	 0.7381 	 -0.1123 	 -0.0615 	 -0.3074 	 -0.1061 	 -0.0750 	 -0.3088
1.4329 	 0.3431 	 0.1758 	 0.7350 	 -0.1134 	 -0.0622 	 -0.3105 	 -0.1068 	 -0.0756 	 -0.3108
1.4429 	 0.3420 	 0.1752 	 0.7319 	 -0.1145 	 -0.0630 	 -0.3136 	 -0.1076 	 -0.0762 	 -0.3129
1.4529 	 0.3408 	 0.1746 	 0.7287 	 -0.1156 	 -0.0637 	 -0.3168 	 -0.1084 	 -0.0768 	 -0.3150
1.4629 	 0.3397 	 0.1739 	 0.7255 	 -0.1167 	 -0.0645 	 -0.3199 	 -0.1093 	 -0.0774 	 -0.3172
1.4729 	 0.3385 	 0.1733 	 0.7223 	 -0.1178 	 -0.0653 	 -0.3231 	 -0.1102 	 -0.0780 	 -0.3194
1.4830 	 0.3373 	 0.1726 	 0.7191 	 -0.1189 	 -0.0661 	 -0.3263 	 -0.1111 	 -0.0787 	 -0.3217
1.4930 	 0.3361 	 0.1720 	 0.7158 	 -0.1200 	 -0.0669 	 -0.3296 	 -0.1121 	 -0.0794 	 -0.3241
1.5030 	 0.3349 	 0.1713 	 0.7125 	 -0.1211 	 -0.0677 	 -0.3328 	 -0.1131 	 -0.0801 	 -0.3265
1.5130 	 0.3337 	 0.1706 	 0.7091 	 -0.1223 	 -0.0685 	 -0.3361 	 -0.1141 	 -0.0808 	 -0.3290
1.5230 	 0.3325 	 0.1699 	 0.7057 	 -0.1234 	 -0.0693 	 -0.3394 	 -0.1152 	 -0.0816 	 -0.3316
1.5331 	 0.3312 	 0.1692 	 0.7023 	 -0.1246 	 -0.0701 	 -0.3428 	 -0.1163 	 -0.0823 	 -0.3342
1.5431 	 0.3300 	 0.1685 	 0.6989 	 -0.1257 	 -0.0709 	 -0.3461 	 -0.1174 	 -0.0831 	 -0.3370
1.5531 	 0.3287 	 0.1678 	 0.6954 	 -0.1269 	 -0.0718 	 -0.3495 	 -0.1186 	 -0.0839 	 -0.3398
1.5631 	 0.3274 	 0.1671 	 0.6919 	 -0.1281 	 -0.0726 	 -0.3529 	 -0.1198 	 -0.0848 	 -0.3427
1.5731 	 0.3261 	 0.1663 	 0.6883 	 -0.1293 	 -0.0735 	 -0.3564 	 -0.1211 	 -0.0856 	 -0.3457
1.5832 	 0.3248 	 0.1656 	 0.6847 	 -0.1305 	 -0.0743 	 -0.3599 	 -0.1224 	 -0.0865 	 -0.3487
1.5932 	 0.3235 	 0.1649 	 0.6811 	 -0.1318 	 -0.0752 	 -0.3634 	 -0.1238 	 -0.0874 	 -0.3519
1.6032 	 0.3222 	 0.1641 	 0.6774 	 -0.1330 	 -0.0761 	 -0.3669 	 -0.1252 	 -0.0884 	 -0.3551
1.6132 	 0.3208 	 0.1633 	 0.6737 	 -0.1343 	 -0.0770 	 -0.3705 	 -0.1266 	 -0.0893 	 -0.3584
1.6232 	 0.3195 	 0.1626 	 0.6700 	 -0.1356 	 -0.0779 	 -0.3741 	 -0.1281 	 -0.0904 	 -0.3619
1.6333 	 0.3181 	 0.1618 	 0.6662 	 -0.1368 	 -0.0788 	 -0.3777 	 -0.1297 	 -0.0914 	 -0.3654
1.6433 	 0.3168 	 0.1610 	 0.6624 	 -0.1382 	 -0.0797 	 -0.3814 	 -0.1312 	 -0.0925 	 -0.3690
1.6533 	 0.3154 	 0.1602 	 0.6586 	 -0.1395 	 -0.0806 	 -0.3851 	 -0.1329 	 -0.0936 	 -0.3728
1.6633 	 0.3140 	 0.1594 	 0.6547 	 -0.1408 	 -0.0816 	 -0.3889 	 -0.1346 	 -0.0947 	 -0.3766
1.6733 	 0.3125 	 0.1585 	 0.6508 	 -0.1422 	 -0.0825 	 -0.3927 	 -0.1364 	 -0.0959 	 -0.3806
1.6834 	 0.3111 	 0.1577 	 0.6468 	 -0.1436 	 -0.0835 	 -0.3965 	 -0.1382 	 -0.0971 	 -0.3847
1.6934 	 0.3097 	 0.1569 	 0.6429 	 -0.1449 	 -0.0845 	 -0.4004 	 -0.1400 	 -0.0984 	 -0.3889
1.7034 	 0.3082 	 0.1560 	 0.6388 	 -0.1464 	 -0.0855 	 -0.4043 	 -0.1420 	 -0.0997 	 -0.3932
1.7134 	 0.3067 	 0.1552 	 0.6348 	 -0.1478 	 -0.0865 	 -0.4083 	 -0.1440 	 -0.1011 	 -0.3977
1.7234 	 0.3052 	 0.1543 	 0.6306 	 -0.1492 	 -0.0875 	 -0.4123 	 -0.1461 	 -0.1025 	 -0.4023
1.7335 	 0.3037 	 0.1534 	 0.6265 	 -0.1507 	 -0.0885 	 -0.4163 	 -0.1482 	 -0.1040 	 -0.4070
1.7435 	 0.3022 	 0.1525 	 0.6223 	 -0.1522 	 -0.0896 	 -0.4204 	 -0.1504 	 -0.1055 	 -0.4119
1.7535 	 0.3007 	 0.1516 	 0.6181 	 -0.1537 	 -0.0906 	 -0.4246 	 -0.1527 	 -0.1071 	 -0.4169
1.7635 	 0.2991 	 0.1507 	 0.6138 	 -0.1553 	 -0.0917 	 -0.4288 	 -0.1551 	 -0.1087 	 -0.4221
1.7735 	 0.2976 	 0.1498 	 0.6095 	 -0.1568 	 -0.0928 	 -0.4331 	 -0.1575 	 -0.1105 	 -0.4275
1.7836 	 0.2960 	 0.1488 	 0.6051 	 -0.1584 	 -0.0939 	 -0.4374 	 -0.1601 	 -0.1123 	 -0.4330
1.7936 	 0.2944 	 0.1479 	 0.6007 	 -0.1600 	 -0.0951 	 -0.4417 	 -0.1627 	 -0.1142 	 -0.4387
1.8036 	 0.2928 	 0.1469 	 0.5963 	 -0.1617 	 -0.0962 	 -0.4462 	 -0.1654 	 -0.1161 	 -0.4446
1.8136 	 0.2912 	 0.1460 	 0.5918 	 -0.1634 	 -0.0974 	 -0.4506 	 -0.1683 	 -0.1182 	 -0.4506
1.8236 	 0.2895 	 0.1450 	 0.5872 	 -0.1651 	 -0.0986 	 -0.4552 	 -0.1712 	 -0.1203 	 -0.4569
1.8337 	 0.2879 	 0.1440 	 0.5826 	 -0.1668 	 -0.0998 	 -0.4598 	 -0.1743 	 -0.1226 	 -0.4634
1.8437 	 0.2862 	 0.1430 	 0.5780 	 -0.1686 	 -0.1011 	 -0.4645 	 -0.1775 	 -0.1250 	 -0.4701
1.8537 	 0.2845 	 0.1420 	 0.5733 	 -0.1704 	 -0.1023 	 -0.4692 	 -0.1808 	 -0.1275 	 -0.4770
1.8637 	 0.2828 	 0.1409 	 0.5686 	 -0.1722 	 -0.1036 	 -0.4740 	 -0.1842 	 -0.1301 	 -0.4842
1.8737 	 0.2810 	 0.1399 	 0.5638 	 -0.1741 	 -0.1050 	 -0.4790 	 -0.1900 	 -0.1354 	 -0.4963
1.8838 	 0.2793 	 0.1388 	 0.5590 	 -0.1760 	 -0.1063 	 -0.4840 	 -0.1934 	 -0.1378 	 -0.5031
1.8938 	 0.2775 	 0.1377 	 0.5541 	 -0.1779 	 -0.1077 	 -0.4890 	 -0.1968 	 -0.1404 	 -0.5100
1.9038 	 0.2757 	 0.1367 	 0.5492 	 -0.1799 	 -0.1091 	 -0.4942 	 -0.2004 	 -0.1431 	 -0.5172
1.9138 	 0.2739 	 0.1356 	 0.5442 	 -0.1820 	 -0.1106 	 -0.4994 	 -0.2042 	 -0.1460 	 -0.5247
1.9238 	 0.2721 	 0.1344 	 0.5392 	 -0.1840 	 -0.1121 	 -0.5047 	 -0.2081 	 -0.1490 	 -0.5325
1.9339 	 0.2702 	 0.1333 	 0.5341 	 -0.1861 	 -0.1136 	 -0.5101 	 -0.2140 	 -0.1545 	 -0.5452
1.9439 	 0.2683 	 0.1322 	 0.5290 	 -0.1883 	 -0.1152 	 -0.5156 	 -0.2208 	 -0.1598 	 -0.5573
1.9539 	 0.2664 	 0.1310 	 0.5238 	 -0.1905 	 -0.1168 	 -0.5213 	 -0.2246 	 -0.1625 	 -0.5643
1.9639 	 0.2645 	 0.1298 	 0.5185 	 -0.1928 	 -0.1184 	 -0.5269 	 -0.2284 	 -0.1654 	 -0.5716
1.9739 	 0.2626 	 0.1286 	 0.5132 	 -0.1951 	 -0.1201 	 -0.5327 	 -0.2325 	 -0.1685 	 -0.5792
1.9840 	 0.2606 	 0.1274 	 0.5079 	 -0.1975 	 -0.1218 	 -0.5386 	 -0.2367 	 -0.1717 	 -0.5870
1.9940 	 0.2586 	 0.1262 	 0.5024 	 -0.1999 	 -0.1235 	 -0.5445 	 -0.2410 	 -0.1751 	 -0.5952
2.0040 	 0.2566 	 0.1249 	 0.4969 	 -0.2023 	 -0.1253 	 -0.5505 	 -0.2456 	 -0.1787 	 -0.6037
2.0140 	 0.2546 	 0.1237 	 0.4914 	 -0.2048 	 -0.1271 	 -0.5566 	 -0.2541 	 -0.1857 	 -0.6162
2.0240 	 0.2525 	 0.1224 	 0.4858 	 -0.2074 	 -0.1290 	 -0.5628 	 -0.2608 	 -0.1916 	 -0.6301
2.0341 	 0.2504 	 0.1211 	 0.4801 	 -0.2100 	 -0.1310 	 -0.5692 	 -0.2652 	 -0.1952 	 -0.6387
2.0441 	 0.2483 	 0.1198 	 0.4744 	 -0.2127 	 -0.1329 	 -0.5756 	 -0.2698 	 -0.1990 	 -0.6478
2.0541 	 0.2461 	 0.1184 	 0.4686 	 -0.2154 	 -0.1350 	 -0.5822 	 -0.2758 	 -0.2050 	 -0.6617
2.0641 	 0.2440 	 0.1171 	 0.4627 	 -0.2182 	 -0.1370 	 -0.5889 	 -0.2805 	 -0.2088 	 -0.6701
2.0741 	 0.2418 	 0.1157 	 0.4568 	 -0.2211 	 -0.1391 	 -0.5957 	 -0.2884 	 -0.2152 	 -0.6840
2.0842 	 0.2395 	 0.1143 	 0.4508 	 -0.2240 	 -0.1413 	 -0.6026 	 -0.2934 	 -0.2193 	 -0.6929
2.0942 	 0.2373 	 0.1129 	 0.4447 	 -0.2270 	 -0.1435 	 -0.6096 	 -0.3015 	 -0.2245 	 -0.7062
2.1042 	 0.2350 	 0.1114 	 0.4386 	 -0.2300 	 -0.1458 	 -0.6167 	 -0.3061 	 -0.2290 	 -0.7145
2.1142 	 0.2327 	 0.1099 	 0.4323 	 -0.2331 	 -0.1482 	 -0.6240 	 -0.3123 	 -0.2383 	 -0.7337
2.1242 	 0.2303 	 0.1084 	 0.4260 	 -0.2363 	 -0.1506 	 -0.6314 	 -0.3201 	 -0.2397 	 -0.7443
2.1343 	 0.2279 	 0.1069 	 0.4197 	 -0.2395 	 -0.1530 	 -0.6388 	 -0.3244 	 -0.2440 	 -0.7498
2.1443 	 0.2255 	 0.1054 	 0.4132 	 -0.2428 	 -0.1555 	 -0.6464 	 -0.3339 	 -0.2496 	 -0.7578
2.1543 	 0.2231 	 0.1038 	 0.4067 	 -0.2462 	 -0.1580 	 -0.6540 	 -0.3378 	 -0.2543 	 -0.7632
2.1643 	 0.2206 	 0.1022 	 0.4001 	 -0.2496 	 -0.1606 	 -0.6617 	 -0.3417 	 -0.2592 	 -0.7688
2.1743 	 0.2181 	 0.1006 	 0.3935 	 -0.2530 	 -0.1632 	 -0.6694 	 -0.3459 	 -0.2644 	 -0.7746
2.1844 	 0.2155 	 0.0989 	 0.3867 	 -0.2565 	 -0.1659 	 -0.6772 	 -0.3515 	 -0.2718 	 -0.7859
2.1944 	 0.2129 	 0.0973 	 0.3799 	 -0.2601 	 -0.1686 	 -0.6851 	 -0.3555 	 -0.2770 	 -0.7901
2.2044 	 0.2103 	 0.0955 	 0.3730 	 -0.2636 	 -0.1714 	 -0.6931 	 -0.3617 	 -0.2844 	 -0.7999
2.2144 	 0.2076 	 0.0938 	 0.3660 	 -0.2673 	 -0.1743 	 -0.7011 	 -0.3656 	 -0.2901 	 -0.8038
2.2244 	 0.2049 	 0.0921 	 0.3589 	 -0.2710 	 -0.1772 	 -0.7092 	 -0.3716 	 -0.2977 	 -0.8117
2.2345 	 0.2022 	 0.0903 	 0.3518 	 -0.2747 	 -0.1803 	 -0.7174 	 -0.3748 	 -0.3033 	 -0.8134
2.2445 	 0.1994 	 0.0884 	 0.3446 	 -0.2785 	 -0.1833 	 -0.7255 	 -0.3780 	 -0.3090 	 -0.8149
2.2545 	 0.1966 	 0.0866 	 0.3373 	 -0.2823 	 -0.1865 	 -0.7337 	 -0.3850 	 -0.3178 	 -0.8183
2.2645 	 0.1938 	 0.0847 	 0.3299 	 -0.2862 	 -0.1897 	 -0.7419 	 -0.3872 	 -0.3233 	 -0.8186
2.2745 	 0.1909 	 0.0828 	 0.3224 	 -0.2901 	 -0.1930 	 -0.7501 	 -0.3891 	 -0.3289 	 -0.8185
2.2846 	 0.1880 	 0.0808 	 0.3148 	 -0.2940 	 -0.1963 	 -0.7583 	 -0.3908 	 -0.3346 	 -0.8179
2.2946 	 0.1850 	 0.0789 	 0.3072 	 -0.2979 	 -0.1997 	 -0.7665 	 -0.3922 	 -0.3403 	 -0.8168
2.3046 	 0.1820 	 0.0768 	 0.2995 	 -0.3019 	 -0.2031 	 -0.7747 	 -0.3931 	 -0.3461 	 -0.8152
2.3146 	 0.1789 	 0.0748 	 0.2917 	 -0.3058 	 -0.2066 	 -0.7828 	 -0.3937 	 -0.3519 	 -0.8130
2.3246 	 0.1759 	 0.0727 	 0.2838 	 -0.3098 	 -0.2102 	 -0.7910 	 -0.3953 	 -0.3579 	 -0.8160
2.3347 	 0.1727 	 0.0706 	 0.2758 	 -0.3137 	 -0.2138 	 -0.7992 	 -0.3945 	 -0.3633 	 -0.8121
2.3447 	 0.1696 	 0.0684 	 0.2678 	 -0.3177 	 -0.2174 	 -0.8073 	 -0.3931 	 -0.3685 	 -0.8077
2.3547 	 0.1664 	 0.0662 	 0.2596 	 -0.3216 	 -0.2212 	 -0.8154 	 -0.3904 	 -0.3772 	 -0.8116
2.3647 	 0.1631 	 0.0640 	 0.2514 	 -0.3255 	 -0.2250 	 -0.8235 	 -0.3923 	 -0.3799 	 -0.8068
2.3747 	 0.1598 	 0.0617 	 0.2431 	 -0.3294 	 -0.2288 	 -0.8316 	 -0.3874 	 -0.3824 	 -0.7979
2.3848 	 0.1565 	 0.0594 	 0.2348 	 -0.3333 	 -0.2326 	 -0.8396 	 -0.3813 	 -0.3868 	 -0.7943
2.3948 	 0.1532 	 0.0570 	 0.2263 	 -0.3370 	 -0.2365 	 -0.8475 	 -0.3745 	 -0.3876 	 -0.7848
2.4048 	 0.1498 	 0.0547 	 0.2178 	 -0.3408 	 -0.2404 	 -0.8553 	 -0.3669 	 -0.3874 	 -0.7754
2.4148 	 0.1463 	 0.0522 	 0.2092 	 -0.3444 	 -0.2443 	 -0.8631 	 -0.3575 	 -0.3871 	 -0.7711
2.4248 	 0.1429 	 0.0498 	 0.2005 	 -0.3479 	 -0.2482 	 -0.8707 	 -0.3473 	 -0.3856 	 -0.7666
2.4349 	 0.1394 	 0.0473 	 0.1917 	 -0.3513 	 -0.2520 	 -0.8784 	 -0.3374 	 -0.3823 	 -0.7622
2.4449 	 0.1358 	 0.0447 	 0.1829 	 -0.3547 	 -0.2558 	 -0.8860 	 -0.3246 	 -0.3720 	 -0.7569
2.4549 	 0.1323 	 0.0421 	 0.1740 	 -0.3578 	 -0.2594 	 -0.8935 	 -0.3117 	 -0.3627 	 -0.7484
2.4649 	 0.1287 	 0.0395 	 0.1650 	 -0.3609 	 -0.2630 	 -0.9011 	 -0.2993 	 -0.3533 	 -0.7493
2.4749 	 0.1250 	 0.0369 	 0.1559 	 -0.3638 	 -0.2665 	 -0.9086 	 -0.2852 	 -0.3423 	 -0.7481
2.4850 	 0.1214 	 0.0342 	 0.1468 	 -0.3666 	 -0.2699 	 -0.9161 	 -0.2711 	 -0.3317 	 -0.7510
2.4950 	 0.1177 	 0.0314 	 0.1375 	 -0.3693 	 -0.2732 	 -0.9236 	 -0.2573 	 -0.3221 	 -0.7580
2.5050 	 0.1140 	 0.0287 	 0.1283 	 -0.3718 	 -0.2764 	 -0.9313 	 -0.2437 	 -0.3138 	 -0.7687
2.5150 	 0.1102 	 0.0259 	 0.1189 	 -0.3742 	 -0.2795 	 -0.9391 	 -0.2312 	 -0.3125 	 -0.7996
2.5251 	 0.1065 	 0.0231 	 0.1094 	 -0.3764 	 -0.2826 	 -0.9473 	 -0.2240 	 -0.3129 	 -0.8405
2.5351 	 0.1027 	 0.0202 	 0.0999 	 -0.3786 	 -0.2857 	 -0.9558 	 -0.2091 	 -0.3053 	 -0.8488
2.5451 	 0.0989 	 0.0174 	 0.0903 	 -0.3806 	 -0.2887 	 -0.9643 	 -0.1952 	 -0.2999 	 -0.8650
2.5551 	 0.0951 	 0.0145 	 0.0806 	 -0.3825 	 -0.2917 	 -0.9730 	 -0.1816 	 -0.2928 	 -0.8708
2.5651 	 0.0912 	 0.0115 	 0.0708 	 -0.3843 	 -0.2947 	 -0.9818 	 -0.1712 	 -0.2952 	 -0.8930
2.5752 	 0.0874 	 0.0086 	 0.0609 	 -0.3860 	 -0.2976 	 -0.9909 	 -0.1583 	 -0.2967 	 -0.9340
2.5852 	 0.0835 	 0.0056 	 0.0509 	 -0.3875 	 -0.3006 	 -1.0006 	 -0.1473 	 -0.3003 	 -0.9886
2.5952 	 0.0796 	 0.0025 	 0.0408 	 -0.3889 	 -0.3036 	 -1.0105 	 -0.1259 	 -0.2916 	 -0.9875
2.6052 	 0.0757 	 -0.0005 	 0.0307 	 -0.3900 	 -0.3065 	 -1.0204 	 -0.1033 	 -0.2838 	 -0.9910
2.6152 	 0.0718 	 -0.0036 	 0.0204 	 -0.3909 	 -0.3093 	 -1.0303 	 -0.0787 	 -0.2741 	 -0.9845
2.6253 	 0.0679 	 -0.0067 	 0.0100 	 -0.3916 	 -0.3120 	 -1.0401 	 -0.0547 	 -0.2618 	 -0.9741
2.6353 	 0.0639 	 -0.0099 	 -0.0005 	 -0.3920 	 -0.3145 	 -1.0498 	 -0.0330 	 -0.2467 	 -0.9647
2.6453 	 0.0600 	 -0.0130 	 -0.0110 	 -0.3922 	 -0.3169 	 -1.0594 	 -0.0125 	 -0.2311 	 -0.9586
2.6553 	 0.0561 	 -0.0162 	 -0.0217 	 -0.3922 	 -0.3191 	 -1.0690 	 0.0093 	 -0.2109 	 -0.9720
2.6653 	 0.0521 	 -0.0194 	 -0.0324 	 -0.3921 	 -0.3212 	 -1.0787 	 0.0249 	 -0.2009 	 -0.9660
2.6754 	 0.0482 	 -0.0226 	 -0.0433 	 -0.3918 	 -0.3231 	 -1.0885 	 0.0412 	 -0.1900 	 -0.9726
2.6854 	 0.0443 	 -0.0259 	 -0.0543 	 -0.3912 	 -0.3250 	 -1.0983 	 0.0638 	 -0.1768 	 -0.9820
2.6954 	 0.0404 	 -0.0292 	 -0.0653 	 -0.3905 	 -0.3267 	 -1.1082 	 0.0885 	 -0.1627 	 -1.0008
2.7054 	 0.0365 	 -0.0324 	 -0.0765 	 -0.3894 	 -0.3282 	 -1.1182 	 0.1145 	 -0.1493 	 -1.0013
2.7154 	 0.0326 	 -0.0357 	 -0.0877 	 -0.3882 	 -0.3296 	 -1.1283 	 0.1418 	 -0.1359 	 -1.0013
2.7255 	 0.0287 	 -0.0390 	 -0.0991 	 -0.3866 	 -0.3309 	 -1.1383 	 0.1700 	 -0.1227 	 -1.0006
2.7355 	 0.0248 	 -0.0424 	 -0.1105 	 -0.3847 	 -0.3321 	 -1.1484 	 0.1998 	 -0.1070 	 -1.0166
2.7455 	 0.0210 	 -0.0457 	 -0.1221 	 -0.3826 	 -0.3331 	 -1.1586 	 0.2284 	 -0.0932 	 -1.0112
2.7555 	 0.0172 	 -0.0490 	 -0.1338 	 -0.3802 	 -0.3340 	 -1.1687 	 0.2558 	 -0.0834 	 -1.0087
2.7655 	 0.0134 	 -0.0524 	 -0.1455 	 -0.3775 	 -0.3347 	 -1.1788 	 0.2815 	 -0.0688 	 -1.0030
2.7756 	 0.0096 	 -0.0557 	 -0.1574 	 -0.3745 	 -0.3354 	 -1.1888 	 0.3111 	 -0.0637 	 -0.9946
2.7856 	 0.0059 	 -0.0591 	 -0.1693 	 -0.3712 	 -0.3359 	 -1.1987 	 0.3433 	 -0.0441 	 -0.9755
2.7956 	 0.0022 	 -0.0625 	 -0.1814 	 -0.3676 	 -0.3363 	 -1.2083 	 0.3777 	 -0.0191 	 -0.9434
2.8056 	 -0.0015 	 -0.0658 	 -0.1935 	 -0.3636 	 -0.3363 	 -1.2175 	 0.4234 	 0.0117 	 -0.8909
2.8156 	 -0.0051 	 -0.0692 	 -0.2058 	 -0.3590 	 -0.3360 	 -1.2261 	 0.4919 	 0.0484 	 -0.8246
2.8257 	 -0.0087 	 -0.0726 	 -0.2181 	 -0.3537 	 -0.3353 	 -1.2340 	 0.5667 	 0.0785 	 -0.7459
2.8357 	 -0.0122 	 -0.0759 	 -0.2305 	 -0.3476 	 -0.3345 	 -1.2410 	 0.6736 	 0.0995 	 -0.6379
2.8457 	 -0.0156 	 -0.0793 	 -0.2430 	 -0.3404 	 -0.3333 	 -1.2467 	 0.7558 	 0.1407 	 -0.5034
2.8557 	 -0.0190 	 -0.0826 	 -0.2555 	 -0.3324 	 -0.3317 	 -1.2510 	 0.8289 	 0.1750 	 -0.3528
2.8657 	 -0.0223 	 -0.0859 	 -0.2680 	 -0.3239 	 -0.3298 	 -1.2539 	 0.8783 	 0.2037 	 -0.2167
2.8758 	 -0.0255 	 -0.0892 	 -0.2806 	 -0.3149 	 -0.3276 	 -1.2554 	 0.9227 	 0.2306 	 -0.0883
2.8858 	 -0.0286 	 -0.0925 	 -0.2932 	 -0.3055 	 -0.3252 	 -1.2557 	 0.9465 	 0.2520 	 0.0436
2.8958 	 -0.0316 	 -0.0957 	 -0.3058 	 -0.2959 	 -0.3226 	 -1.2546 	 0.9542 	 0.2713 	 0.1623
2.9058 	 -0.0345 	 -0.0989 	 -0.3183 	 -0.2864 	 -0.3198 	 -1.2525 	 0.9550 	 0.2848 	 0.2595
2.9158 	 -0.0374 	 -0.1021 	 -0.3309 	 -0.2768 	 -0.3169 	 -1.2495 	 0.9551 	 0.2909 	 0.3341
2.9259 	 -0.0401 	 -0.1053 	 -0.3434 	 -0.2672 	 -0.3139 	 -1.2458 	 0.9591 	 0.2964 	 0.3972
2.9359 	 -0.0427 	 -0.1084 	 -0.3558 	 -0.2576 	 -0.3109 	 -1.2415 	 0.9672 	 0.3034 	 0.4648
2.9459 	 -0.0452 	 -0.1115 	 -0.3682 	 -0.2478 	 -0.3078 	 -1.2365 	 0.9756 	 0.3130 	 0.5307
2.9559 	 -0.0477 	 -0.1146 	 -0.3806 	 -0.2380 	 -0.3046 	 -1.2308 	 0.9819 	 0.3247 	 0.5943
2.9659 	 -0.0500 	 -0.1176 	 -0.3929 	 -0.2282 	 -0.3014 	 -1.2246 	 0.9789 	 0.3278 	 0.6505
2.9760 	 -0.0523 	 -0.1206 	 -0.4051 	 -0.2184 	 -0.2981 	 -1.2178 	 0.9752 	 0.3311 	 0.7061
2.9860 	 -0.0544 	 -0.1236 	 -0.4173 	 -0.2087 	 -0.2947 	 -1.2105 	 0.9716 	 0.3375 	 0.7550
2.9960 	 -0.0564 	 -0.1265 	 -0.4294 	 -0.1990 	 -0.2913 	 -1.2027 	 0.9637 	 0.3454 	 0.8019
3.0060 	 -0.0584 	 -0.1294 	 -0.4414 	 -0.1894 	 -0.2878 	 -1.1944 	 0.9567 	 0.3565 	 0.8509
3.0160 	 -0.0602 	 -0.1323 	 -0.4533 	 -0.1798 	 -0.2842 	 -1.1857 	 0.9474 	 0.3673 	 0.8969
3.0261 	 -0.0620 	 -0.1351 	 -0.4651 	 -0.1704 	 -0.2805 	 -1.1765 	 0.9406 	 0.3783 	 0.9354
3.0361 	 -0.0636 	 -0.1379 	 -0.4769 	 -0.1610 	 -0.2766 	 -1.1669 	 0.9279 	 0.3867 	 0.9763
3.0461 	 -0.0652 	 -0.1407 	 -0.4885 	 -0.1518 	 -0.2727 	 -1.1570 	 0.9064 	 0.3938 	 0.9966
3.0561 	 -0.0667 	 -0.1434 	 -0.5001 	 -0.1428 	 -0.2687 	 -1.1468 	 0.8955 	 0.4040 	 1.0279
3.0661 	 -0.0681 	 -0.1461 	 -0.5115 	 -0.1339 	 -0.2646 	 -1.1364 	 0.8775 	 0.4093 	 1.0539
3.0762 	 -0.0694 	 -0.1487 	 -0.5228 	 -0.1252 	 -0.2605 	 -1.1257 	 0.8550 	 0.4098 	 1.0728
3.0862 	 -0.0706 	 -0.1513 	 -0.5341 	 -0.1168 	 -0.2564 	 -1.1148 	 0.8369 	 0.4115 	 1.0980
3.0962 	 -0.0717 	 -0.1538 	 -0.5452 	 -0.1084 	 -0.2523 	 -1.1037 	 0.8214 	 0.4142 	 1.1191
3.1062 	 -0.0728 	 -0.1563 	 -0.5562 	 -0.1003 	 -0.2481 	 -1.0924 	 0.8032 	 0.4138 	 1.1411
3.1162 	 -0.0737 	 -0.1588 	 -0.5671 	 -0.0924 	 -0.2440 	 -1.0809 	 0.7838 	 0.4073 	 1.1426
3.1263 	 -0.0746 	 -0.1612 	 -0.5778 	 -0.0846 	 -0.2400 	 -1.0695 	 0.7631 	 0.4013 	 1.1519
3.1363 	 -0.0754 	 -0.1636 	 -0.5885 	 -0.0771 	 -0.2360 	 -1.0578 	 0.7420 	 0.3924 	 1.1643
3.1463 	 -0.0762 	 -0.1660 	 -0.5990 	 -0.0697 	 -0.2321 	 -1.0462 	 0.7210 	 0.3846 	 1.1569
3.1563 	 -0.0768 	 -0.1683 	 -0.6095 	 -0.0626 	 -0.2282 	 -1.0346 	 0.7026 	 0.3793 	 1.1596
3.1663 	 -0.0774 	 -0.1705 	 -0.6198 	 -0.0556 	 -0.2245 	 -1.0230 	 0.6846 	 0.3736 	 1.1607
3.1764 	 -0.0779 	 -0.1728 	 -0.6300 	 -0.0489 	 -0.2208 	 -1.0114 	 0.6641 	 0.3645 	 1.1460
3.1864 	 -0.0784 	 -0.1750 	 -0.6401 	 -0.0424 	 -0.2172 	 -1.0001 	 0.6396 	 0.3506 	 1.1105
3.1964 	 -0.0788 	 -0.1771 	 -0.6500 	 -0.0361 	 -0.2137 	 -0.9891 	 0.6206 	 0.3415 	 1.0931
3.2064 	 -0.0791 	 -0.1792 	 -0.6599 	 -0.0299 	 -0.2103 	 -0.9782 	 0.6049 	 0.3352 	 1.0886
3.2164 	 -0.0794 	 -0.1813 	 -0.6696 	 -0.0239 	 -0.2070 	 -0.9673 	 0.5901 	 0.3292 	 1.0852
3.2265 	 -0.0796 	 -0.1834 	 -0.6793 	 -0.0181 	 -0.2037 	 -0.9566 	 0.5777 	 0.3250 	 1.0722
3.2365 	 -0.0798 	 -0.1854 	 -0.6888 	 -0.0124 	 -0.2005 	 -0.9459 	 0.5589 	 0.3149 	 1.0564
3.2465 	 -0.0798 	 -0.1874 	 -0.6982 	 -0.0069 	 -0.1975 	 -0.9354 	 0.5365 	 0.3015 	 1.0425
3.2565 	 -0.0799 	 -0.1894 	 -0.7075 	 -0.0016 	 -0.1945 	 -0.9250 	 0.5221 	 0.2947 	 1.0374
3.2665 	 -0.0799 	 -0.1913 	 -0.7168 	 0.0035 	 -0.1916 	 -0.9148 	 0.5026 	 0.2852 	 1.0128
3.2766 	 -0.0798 	 -0.1932 	 -0.7259 	 0.0085 	 -0.1888 	 -0.9047 	 0.4871 	 0.2780 	 0.9995
3.2866 	 -0.0797 	 -0.1951 	 -0.7349 	 0.0133 	 -0.1860 	 -0.8947 	 0.4770 	 0.2747 	 0.9862
3.2966 	 -0.0796 	 -0.1969 	 -0.7438 	 0.0180 	 -0.1833 	 -0.8849 	 0.4634 	 0.2694 	 0.9787
3.3066 	 -0.0794 	 -0.1988 	 -0.7526 	 0.0226 	 -0.1806 	 -0.8751 	 0.4505 	 0.2646 	 0.9720
3.3166 	 -0.0791 	 -0.2006 	 -0.7613 	 0.0270 	 -0.1780 	 -0.8654 	 0.4334 	 0.2584 	 0.9529
3.3267 	 -0.0788 	 -0.2023 	 -0.7700 	 0.0313 	 -0.1754 	 -0.8559 	 0.4209 	 0.2543 	 0.9451
3.3367 	 -0.0785 	 -0.2041 	 -0.7785 	 0.0354 	 -0.1729 	 -0.8465 	 0.4089 	 0.2505 	 0.9380
3.3467 	 -0.0781 	 -0.2058 	 -0.7869 	 0.0395 	 -0.1704 	 -0.8371 	 0.3975 	 0.2471 	 0.9315
3.3567 	 -0.0777 	 -0.2075 	 -0.7953 	 0.0434 	 -0.1679 	 -0.8278 	 0.3865 	 0.2439 	 0.9255
3.3667 	 -0.0772 	 -0.2092 	 -0.8035 	 0.0472 	 -0.1655 	 -0.8186 	 0.3759 	 0.2409 	 0.9200
3.3768 	 -0.0767 	 -0.2108 	 -0.8117 	 0.0509 	 -0.1631 	 -0.8094 	 0.3658 	 0.2381 	 0.9149
3.3868 	 -0.0762 	 -0.2124 	 -0.8197 	 0.0546 	 -0.1607 	 -0.8002 	 0.3560 	 0.2354 	 0.9102
3.3968 	 -0.0757 	 -0.2140 	 -0.8277 	 0.0581 	 -0.1584 	 -0.7912 	 0.3444 	 0.2318 	 0.8995
3.4068 	 -0.0751 	 -0.2156 	 -0.8356 	 0.0615 	 -0.1561 	 -0.7822 	 0.3350 	 0.2291 	 0.8944
3.4168 	 -0.0744 	 -0.2172 	 -0.8434 	 0.0648 	 -0.1538 	 -0.7732 	 0.3261 	 0.2265 	 0.8897
3.4269 	 -0.0738 	 -0.2187 	 -0.8511 	 0.0680 	 -0.1516 	 -0.7644 	 0.3113 	 0.2169 	 0.8672
3.4369 	 -0.0731 	 -0.2202 	 -0.8587 	 0.0710 	 -0.1494 	 -0.7558 	 0.2985 	 0.2100 	 0.8559
3.4469 	 -0.0723 	 -0.2217 	 -0.8662 	 0.0740 	 -0.1473 	 -0.7473 	 0.2898 	 0.2064 	 0.8487
3.4569 	 -0.0716 	 -0.2232 	 -0.8737 	 0.0769 	 -0.1453 	 -0.7388 	 0.2874 	 0.2008 	 0.8409
3.4669 	 -0.0708 	 -0.2246 	 -0.8810 	 0.0797 	 -0.1433 	 -0.7304 	 0.2792 	 0.1977 	 0.8345
3.4770 	 -0.0700 	 -0.2260 	 -0.8883 	 0.0825 	 -0.1413 	 -0.7221 	 0.2714 	 0.1946 	 0.8284
3.4870 	 -0.0691 	 -0.2274 	 -0.8955 	 0.0851 	 -0.1394 	 -0.7138 	 0.2645 	 0.1896 	 0.8160
3.4970 	 -0.0683 	 -0.2288 	 -0.9026 	 0.0878 	 -0.1375 	 -0.7057 	 0.2580 	 0.1833 	 0.8035
3.5070 	 -0.0674 	 -0.2302 	 -0.9097 	 0.0903 	 -0.1357 	 -0.6977 	 0.2492 	 0.1787 	 0.7898
3.5170 	 -0.0665 	 -0.2315 	 -0.9166 	 0.0928 	 -0.1339 	 -0.6899 	 0.2427 	 0.1754 	 0.7822
3.5271 	 -0.0655 	 -0.2329 	 -0.9235 	 0.0952 	 -0.1322 	 -0.6821 	 0.2366 	 0.1723 	 0.7750
3.5371 	 -0.0646 	 -0.2342 	 -0.9303 	 0.0975 	 -0.1305 	 -0.6744 	 0.2286 	 0.1693 	 0.7616
3.5471 	 -0.0636 	 -0.2355 	 -0.9370 	 0.0998 	 -0.1288 	 -0.6668 	 0.2228 	 0.1665 	 0.7542
3.5571 	 -0.0626 	 -0.2368 	 -0.9436 	 0.1020 	 -0.1272 	 -0.6592 	 0.2174 	 0.1639 	 0.7473
3.5671 	 -0.0615 	 -0.2380 	 -0.9502 	 0.1041 	 -0.1255 	 -0.6518 	 0.2122 	 0.1614 	 0.7407
3.5772 	 -0.0605 	 -0.2393 	 -0.9567 	 0.1062 	 -0.1239 	 -0.6444 	 0.2073 	 0.1590 	 0.7345
3.5872 	 -0.0594 	 -0.2405 	 -0.9631 	 0.1083 	 -0.1224 	 -0.6371 	 0.2015 	 0.1531 	 0.7228
3.5972 	 -0.0583 	 -0.2417 	 -0.9695 	 0.1103 	 -0.1208 	 -0.6299 	 0.1970 	 0.1505 	 0.7165
3.6072 	 -0.0572 	 -0.2429 	 -0.9757 	 0.1122 	 -0.1194 	 -0.6228 	 0.1899 	 0.1477 	 0.7043
3.6172 	 -0.0561 	 -0.2441 	 -0.9820 	 0.1141 	 -0.1179 	 -0.6157 	 0.1853 	 0.1452 	 0.6974
3.6273 	 -0.0549 	 -0.2453 	 -0.9881 	 0.1159 	 -0.1164 	 -0.6088 	 0.1810 	 0.1428 	 0.6909
3.6373 	 -0.0537 	 -0.2465 	 -0.9942 	 0.1177 	 -0.1150 	 -0.6019 	 0.1769 	 0.1405 	 0.6847
3.6473 	 -0.0525 	 -0.2476 	 -1.0002 	 0.1195 	 -0.1136 	 -0.5951 	 0.1731 	 0.1383 	 0.6789
3.6573 	 -0.0513 	 -0.2487 	 -1.0061 	 0.1212 	 -0.1123 	 -0.5883 	 0.1695 	 0.1362 	 0.6734
3.6673 	 -0.0501 	 -0.2499 	 -1.0119 	 0.1229 	 -0.1109 	 -0.5816 	 0.1661 	 0.1342 	 0.6683
3.6774 	 -0.0489 	 -0.2510 	 -1.0177 	 0.1245 	 -0.1096 	 -0.5749 	 0.1629 	 0.1322 	 0.6634
3.6874 	 -0.0476 	 -0.2521 	 -1.0235 	 0.1261 	 -0.1083 	 -0.5683 	 0.1571 	 0.1258 	 0.6541
3.6974 	 -0.0463 	 -0.2531 	 -1.0291 	 0.1277 	 -0.1070 	 -0.5618 	 0.1540 	 0.1236 	 0.6491
3.7074 	 -0.0451 	 -0.2542 	 -1.0347 	 0.1292 	 -0.1058 	 -0.5553 	 0.1511 	 0.1215 	 0.6442
3.7174 	 -0.0438 	 -0.2553 	 -1.0403 	 0.1307 	 -0.1046 	 -0.5489 	 0.1483 	 0.1195 	 0.6396
3.7275 	 -0.0424 	 -0.2563 	 -1.0457 	 0.1322 	 -0.1034 	 -0.5425 	 0.1433 	 0.1165 	 0.6292
3.7375 	 -0.0411 	 -0.2573 	 -1.0511 	 0.1336 	 -0.1023 	 -0.5362 	 0.1394 	 0.1134 	 0.6177
3.7475 	 -0.0398 	 -0.2583 	 -1.0565 	 0.1350 	 -0.1011 	 -0.5301 	 0.1368 	 0.1114 	 0.6121
3.7575 	 -0.0384 	 -0.2594 	 -1.0617 	 0.1363 	 -0.1000 	 -0.5240 	 0.1343 	 0.1096 	 0.6068
3.7675 	 -0.0370 	 -0.2604 	 -1.0670 	 0.1377 	 -0.0989 	 -0.5179 	 0.1319 	 0.1079 	 0.6016
3.7776 	 -0.0356 	 -0.2613 	 -1.0721 	 0.1390 	 -0.0979 	 -0.5119 	 0.1297 	 0.1062 	 0.5967
3.7876 	 -0.0343 	 -0.2623 	 -1.0772 	 0.1403 	 -0.0968 	 -0.5059 	 0.1275 	 0.1047 	 0.5919
3.7976 	 -0.0328 	 -0.2633 	 -1.0823 	 0.1415 	 -0.0958 	 -0.5000 	 0.1255 	 0.1032 	 0.5874
3.8076 	 -0.0314 	 -0.2642 	 -1.0872 	 0.1428 	 -0.0947 	 -0.4942 	 0.1235 	 0.1019 	 0.5829
3.8176 	 -0.0300 	 -0.2652 	 -1.0922 	 0.1440 	 -0.0937 	 -0.4883 	 0.1217 	 0.1006 	 0.5787
3.8277 	 -0.0285 	 -0.2661 	 -1.0970 	 0.1452 	 -0.0927 	 -0.4826 	 0.1206 	 0.1001 	 0.5678
3.8377 	 -0.0271 	 -0.2670 	 -1.1018 	 0.1464 	 -0.0917 	 -0.4770 	 0.1189 	 0.0989 	 0.5631
3.8477 	 -0.0256 	 -0.2679 	 -1.1066 	 0.1476 	 -0.0907 	 -0.4713 	 0.1173 	 0.0978 	 0.5586
3.8577 	 -0.0241 	 -0.2689 	 -1.1113 	 0.1488 	 -0.0898 	 -0.4658 	 0.1156 	 0.0968 	 0.5542
3.8677 	 -0.0226 	 -0.2697 	 -1.1159 	 0.1499 	 -0.0888 	 -0.4602 	 0.1141 	 0.0958 	 0.5500
3.8778 	 -0.0211 	 -0.2706 	 -1.1205 	 0.1510 	 -0.0878 	 -0.4548 	 0.1101 	 0.0939 	 0.5397
3.8878 	 -0.0196 	 -0.2715 	 -1.1250 	 0.1521 	 -0.0869 	 -0.4494 	 0.1084 	 0.0930 	 0.5352
3.8978 	 -0.0181 	 -0.2724 	 -1.1295 	 0.1532 	 -0.0860 	 -0.4441 	 0.1067 	 0.0921 	 0.5309
3.9078 	 -0.0165 	 -0.2732 	 -1.1339 	 0.1543 	 -0.0851 	 -0.4387 	 0.1054 	 0.0923 	 0.5330
3.9178 	 -0.0150 	 -0.2741 	 -1.1383 	 0.1553 	 -0.0841 	 -0.4334 	 0.1034 	 0.0904 	 0.5226
3.9279 	 -0.0134 	 -0.2749 	 -1.1426 	 0.1563 	 -0.0832 	 -0.4282 	 0.1018 	 0.0897 	 0.5187
3.9379 	 -0.0118 	 -0.2757 	 -1.1469 	 0.1574 	 -0.0823 	 -0.4231 	 0.1002 	 0.0890 	 0.5149
3.9479 	 -0.0103 	 -0.2766 	 -1.1511 	 0.1584 	 -0.0815 	 -0.4179 	 0.0986 	 0.0883 	 0.5112
3.9579 	 -0.0087 	 -0.2774 	 -1.1553 	 0.1593 	 -0.0806 	 -0.4128 	 0.0970 	 0.0877 	 0.5076
3.9679 	 -0.0071 	 -0.2782 	 -1.1594 	 0.1603 	 -0.0797 	 -0.4078 	 0.0994 	 0.0900 	 0.5007
3.9780 	 -0.0054 	 -0.2790 	 -1.1634 	 0.1613 	 -0.0788 	 -0.4028 	 0.0975 	 0.0894 	 0.4976
3.9880 	 -0.0038 	 -0.2798 	 -1.1674 	 0.1623 	 -0.0779 	 -0.3978 	 0.0956 	 0.0887 	 0.4946
3.9980 	 -0.0022 	 -0.2805 	 -1.1714 	 0.1632 	 -0.0770 	 -0.3929 	 0.0937 	 0.0881 	 0.4917
4.0080 	 -0.0006 	 -0.2813 	 -1.1753 	 0.1642 	 -0.0761 	 -0.3879 	 0.0918 	 0.0875 	 0.4889
4.0180 	 0.0011 	 -0.2821 	 -1.1792 	 0.1651 	 -0.0752 	 -0.3831 	 0.0898 	 0.0870 	 0.4861
4.0281 	 0.0028 	 -0.2828 	 -1.1830 	 0.1660 	 -0.0744 	 -0.3782 	 0.0879 	 0.0865 	 0.4835
4.0381 	 0.0044 	 -0.2836 	 -1.1868 	 0.1668 	 -0.0735 	 -0.3734 	 0.0859 	 0.0860 	 0.4809
4.0481 	 0.0061 	 -0.2843 	 -1.1905 	 0.1677 	 -0.0727 	 -0.3686 	 0.0838 	 0.0856 	 0.4784
4.0581 	 0.0078 	 -0.2850 	 -1.1942 	 0.1685 	 -0.0718 	 -0.3638 	 0.0818 	 0.0851 	 0.4760
4.0681 	 0.0095 	 -0.2857 	 -1.1978 	 0.1693 	 -0.0709 	 -0.3590 	 0.0797 	 0.0848 	 0.4737
4.0782 	 0.0112 	 -0.2864 	 -1.2013 	 0.1701 	 -0.0701 	 -0.3543 	 0.0776 	 0.0844 	 0.4714
4.0882 	 0.0129 	 -0.2871 	 -1.2049 	 0.1709 	 -0.0693 	 -0.3496 	 0.0755 	 0.0841 	 0.4693
4.0982 	 0.0146 	 -0.2878 	 -1.2084 	 0.1716 	 -0.0684 	 -0.3449 	 0.0733 	 0.0838 	 0.4671
4.1082 	 0.0163 	 -0.2885 	 -1.2118 	 0.1724 	 -0.0676 	 -0.3402 	 0.0712 	 0.0835 	 0.4650
4.1182 	 0.0181 	 -0.2892 	 -1.2152 	 0.1731 	 -0.0667 	 -0.3356 	 0.0690 	 0.0833 	 0.4630
4.1283 	 0.0198 	 -0.2898 	 -1.2185 	 0.1737 	 -0.0659 	 -0.3309 	 0.0668 	 0.0831 	 0.4610
4.1383 	 0.0215 	 -0.2905 	 -1.2218 	 0.1744 	 -0.0651 	 -0.3263 	 0.0645 	 0.0829 	 0.4591
4.1483 	 0.0233 	 -0.2911 	 -1.2250 	 0.1750 	 -0.0642 	 -0.3217 	 0.0623 	 0.0828 	 0.4572
4.1583 	 0.0250 	 -0.2918 	 -1.2282 	 0.1756 	 -0.0634 	 -0.3172 	 0.0600 	 0.0826 	 0.4554
4.1683 	 0.0268 	 -0.2924 	 -1.2314 	 0.1762 	 -0.0626 	 -0.3126 	 0.0577 	 0.0826 	 0.4536
4.1784 	 0.0286 	 -0.2930 	 -1.2345 	 0.1768 	 -0.0618 	 -0.3081 	 0.0555 	 0.0825 	 0.4518
4.1884 	 0.0303 	 -0.2937 	 -1.2376 	 0.1773 	 -0.0609 	 -0.3036 	 0.0532 	 0.0825 	 0.4501
4.1984 	 0.0321 	 -0.2943 	 -1.2406 	 0.1779 	 -0.0601 	 -0.2990 	 0.0509 	 0.0824 	 0.4484
4.2084 	 0.0339 	 -0.2949 	 -1.2436 	 0.1784 	 -0.0593 	 -0.2946 	 0.0486 	 0.0825 	 0.4467
4.2184 	 0.0357 	 -0.2954 	 -1.2465 	 0.1788 	 -0.0585 	 -0.2901 	 0.0438 	 0.0768 	 0.4462
4.2285 	 0.0375 	 -0.2960 	 -1.2494 	 0.1793 	 -0.0577 	 -0.2856 	 0.0416 	 0.0771 	 0.4447
4.2385 	 0.0393 	 -0.2966 	 -1.2522 	 0.1797 	 -0.0569 	 -0.2812 	 0.0395 	 0.0774 	 0.4431
4.2485 	 0.0411 	 -0.2972 	 -1.2550 	 0.1801 	 -0.0561 	 -0.2768 	 0.0373 	 0.0777 	 0.4416
4.2585 	 0.0429 	 -0.2977 	 -1.2578 	 0.1804 	 -0.0554 	 -0.2723 	 0.0351 	 0.0781 	 0.4401
4.2685 	 0.0447 	 -0.2983 	 -1.2605 	 0.1808 	 -0.0546 	 -0.2679 	 0.0330 	 0.0784 	 0.4386
4.2786 	 0.0465 	 -0.2988 	 -1.2631 	 0.1811 	 -0.0538 	 -0.2635 	 0.0309 	 0.0788 	 0.4371
4.2886 	 0.0483 	 -0.2994 	 -1.2658 	 0.1814 	 -0.0530 	 -0.2592 	 0.0288 	 0.0791 	 0.4356
4.2986 	 0.0502 	 -0.2999 	 -1.2683 	 0.1817 	 -0.0522 	 -0.2548 	 0.0268 	 0.0795 	 0.4342
4.3086 	 0.0520 	 -0.3004 	 -1.2709 	 0.1819 	 -0.0514 	 -0.2505 	 0.0248 	 0.0799 	 0.4328
4.3186 	 0.0538 	 -0.3009 	 -1.2734 	 0.1821 	 -0.0506 	 -0.2461 	 0.0228 	 0.0803 	 0.4313
4.3287 	 0.0556 	 -0.3014 	 -1.2758 	 0.1824 	 -0.0498 	 -0.2418 	 0.0209 	 0.0807 	 0.4299
4.3387 	 0.0575 	 -0.3019 	 -1.2782 	 0.1826 	 -0.0490 	 -0.2375 	 0.0190 	 0.0811 	 0.4285
4.3487 	 0.0593 	 -0.3024 	 -1.2806 	 0.1827 	 -0.0482 	 -0.2332 	 0.0171 	 0.0815 	 0.4272
4.3587 	 0.0611 	 -0.3029 	 -1.2829 	 0.1829 	 -0.0474 	 -0.2290 	 0.0153 	 0.0819 	 0.4258
4.3687 	 0.0630 	 -0.3033 	 -1.2851 	 0.1831 	 -0.0465 	 -0.2247 	 0.0135 	 0.0823 	 0.4245
4.3788 	 0.0648 	 -0.3038 	 -1.2874 	 0.1832 	 -0.0457 	 -0.2205 	 0.0118 	 0.0827 	 0.4232
4.3888 	 0.0666 	 -0.3043 	 -1.2896 	 0.1833 	 -0.0449 	 -0.2162 	 0.0102 	 0.0831 	 0.4219
4.3988 	 0.0685 	 -0.3047 	 -1.2917 	 0.1834 	 -0.0440 	 -0.2120 	 0.0085 	 0.0835 	 0.4207
4.4088 	 0.0703 	 -0.3051 	 -1.2938 	 0.1835 	 -0.0432 	 -0.2078 	 0.0069 	 0.0840 	 0.4195
4.4188 	 0.0721 	 -0.3056 	 -1.2959 	 0.1835 	 -0.0424 	 -0.2036 	 0.0054 	 0.0844 	 0.4183
4.4289 	 0.0740 	 -0.3060 	 -1.2979 	 0.1836 	 -0.0415 	 -0.1994 	 0.0039 	 0.0848 	 0.4171
4.4389 	 0.0758 	 -0.3064 	 -1.2999 	 0.1836 	 -0.0407 	 -0.1952 	 0.0025 	 0.0853 	 0.4160
4.4489 	 0.0777 	 -0.3068 	 -1.3018 	 0.1836 	 -0.0398 	 -0.1911 	 0.0010 	 0.0857 	 0.4149
4.4589 	 0.0795 	 -0.3072 	 -1.3037 	 0.1836 	 -0.0389 	 -0.1869 	 -0.0003 	 0.0862 	 0.4138
4.4689 	 0.0813 	 -0.3076 	 -1.3056 	 0.1836 	 -0.0381 	 -0.1828 	 0.0011 	 0.0909 	 0.4086
4.4790 	 0.0832 	 -0.3080 	 -1.3074 	 0.1836 	 -0.0372 	 -0.1787 	 0.0008 	 0.0923 	 0.4136
4.4890 	 0.0850 	 -0.3083 	 -1.3091 	 0.1836 	 -0.0362 	 -0.1746 	 -0.0003 	 0.0929 	 0.4123
4.4990 	 0.0869 	 -0.3087 	 -1.3109 	 0.1836 	 -0.0353 	 -0.1704 	 -0.0015 	 0.0934 	 0.4110
4.5090 	 0.0887 	 -0.3090 	 -1.3125 	 0.1836 	 -0.0344 	 -0.1663 	 -0.0026 	 0.0939 	 0.4097
4.5190 	 0.0905 	 -0.3094 	 -1.3142 	 0.1836 	 -0.0334 	 -0.1622 	 -0.0036 	 0.0945 	 0.4085
4.5291 	 0.0924 	 -0.3097 	 -1.3158 	 0.1835 	 -0.0325 	 -0.1581 	 -0.0047 	 0.0950 	 0.4073
4.5391 	 0.0942 	 -0.3100 	 -1.3174 	 0.1835 	 -0.0315 	 -0.1541 	 -0.0057 	 0.0955 	 0.4061
4.5491 	 0.0961 	 -0.3103 	 -1.3189 	 0.1834 	 -0.0305 	 -0.1500 	 -0.0066 	 0.0961 	 0.4049
4.5591 	 0.0979 	 -0.3106 	 -1.3204 	 0.1833 	 -0.0296 	 -0.1459 	 -0.0076 	 0.0966 	 0.4038
4.5691 	 0.0997 	 -0.3109 	 -1.3218 	 0.1833 	 -0.0286 	 -0.1419 	 -0.0085 	 0.0971 	 0.4027
4.5792 	 0.1016 	 -0.3112 	 -1.3232 	 0.1832 	 -0.0276 	 -0.1379 	 -0.0094 	 0.0977 	 0.4016
4.5892 	 0.1034 	 -0.3115 	 -1.3246 	 0.1831 	 -0.0267 	 -0.1339 	 -0.0102 	 0.0982 	 0.4005
4.5992 	 0.1052 	 -0.3118 	 -1.3259 	 0.1830 	 -0.0257 	 -0.1298 	 -0.0111 	 0.0987 	 0.3995
4.6092 	 0.1071 	 -0.3120 	 -1.3272 	 0.1829 	 -0.0247 	 -0.1258 	 -0.0119 	 0.0992 	 0.3985
4.6192 	 0.1089 	 -0.3122 	 -1.3284 	 0.1827 	 -0.0237 	 -0.1219 	 -0.0127 	 0.0997 	 0.3975
4.6293 	 0.1107 	 -0.3125 	 -1.3296 	 0.1826 	 -0.0227 	 -0.1179 	 -0.0135 	 0.1002 	 0.3966
4.6393 	 0.1126 	 -0.3127 	 -1.3308 	 0.1825 	 -0.0217 	 -0.1139 	 -0.0143 	 0.1007 	 0.3957
4.6493 	 0.1144 	 -0.3129 	 -1.3319 	 0.1823 	 -0.0207 	 -0.1100 	 -0.0151 	 0.1012 	 0.3948
4.6593 	 0.1162 	 -0.3131 	 -1.3330 	 0.1822 	 -0.0196 	 -0.1060 	 -0.0158 	 0.1017 	 0.3940
4.6693 	 0.1180 	 -0.3133 	 -1.3340 	 0.1820 	 -0.0186 	 -0.1021 	 -0.0166 	 0.1022 	 0.3932
4.6794 	 0.1199 	 -0.3135 	 -1.3350 	 0.1818 	 -0.0176 	 -0.0981 	 -0.0173 	 0.1026 	 0.3924
4.6894 	 0.1217 	 -0.3137 	 -1.3360 	 0.1816 	 -0.0166 	 -0.0942 	 -0.0180 	 0.1031 	 0.3916
4.6994 	 0.1235 	 -0.3138 	 -1.3369 	 0.1815 	 -0.0155 	 -0.0903 	 -0.0187 	 0.1035 	 0.3909
4.7094 	 0.1253 	 -0.3140 	 -1.3378 	 0.1813 	 -0.0145 	 -0.0864 	 -0.0195 	 0.1039 	 0.3902
4.7194 	 0.1271 	 -0.3141 	 -1.3386 	 0.1811 	 -0.0134 	 -0.0825 	 -0.0202 	 0.1044 	 0.3896
4.7295 	 0.1289 	 -0.3142 	 -1.3395 	 0.1809 	 -0.0124 	 -0.0786 	 -0.0209 	 0.1048 	 0.3890
4.7395 	 0.1308 	 -0.3144 	 -1.3402 	 0.1807 	 -0.0113 	 -0.0747 	 -0.0216 	 0.1052 	 0.3884
4.7495 	 0.1326 	 -0.3145 	 -1.3410 	 0.1804 	 -0.0103 	 -0.0708 	 -0.0223 	 0.1056 	 0.3879
4.7595 	 0.1344 	 -0.3146 	 -1.3416 	 0.1802 	 -0.0092 	 -0.0669 	 -0.0230 	 0.1060 	 0.3874
4.7695 	 0.1362 	 -0.3147 	 -1.3423 	 0.1800 	 -0.0082 	 -0.0630 	 -0.0237 	 0.1063 	 0.3869
4.7796 	 0.1380 	 -0.3147 	 -1.3429 	 0.1797 	 -0.0071 	 -0.0591 	 -0.0217 	 0.1037 	 0.3812
4.7896 	 0.1398 	 -0.3148 	 -1.3435 	 0.1795 	 -0.0061 	 -0.0553 	 -0.0221 	 0.1037 	 0.3802
4.7996 	 0.1416 	 -0.3148 	 -1.3440 	 0.1793 	 -0.0050 	 -0.0515 	 -0.0225 	 0.1038 	 0.3794
4.8096 	 0.1434 	 -0.3149 	 -1.3445 	 0.1791 	 -0.0040 	 -0.0477 	 -0.0229 	 0.1038 	 0.3785
4.8196 	 0.1452 	 -0.3149 	 -1.3450 	 0.1788 	 -0.0029 	 -0.0439 	 -0.0233 	 0.1039 	 0.3778
4.8297 	 0.1470 	 -0.3150 	 -1.3454 	 0.1786 	 -0.0019 	 -0.0402 	 -0.0236 	 0.1039 	 0.3770
4.8397 	 0.1487 	 -0.3150 	 -1.3458 	 0.1784 	 -0.0009 	 -0.0364 	 -0.0240 	 0.1040 	 0.3764
4.8497 	 0.1505 	 -0.3150 	 -1.3461 	 0.1781 	 0.0002 	 -0.0326 	 -0.0244 	 0.1041 	 0.3757
4.8597 	 0.1523 	 -0.3150 	 -1.3464 	 0.1779 	 0.0012 	 -0.0288 	 -0.0249 	 0.1041 	 0.3752
4.8697 	 0.1541 	 -0.3149 	 -1.3467 	 0.1776 	 0.0023 	 -0.0251 	 -0.0253 	 0.1042 	 0.3746
4.8798 	 0.1559 	 -0.3149 	 -1.3469 	 0.1774 	 0.0033 	 -0.0214 	 -0.0258 	 0.1036 	 0.3678
4.8898 	 0.1576 	 -0.3149 	 -1.3471 	 0.1771 	 0.0043 	 -0.0177 	 -0.0262 	 0.1036 	 0.3673
4.8998 	 0.1594 	 -0.3148 	 -1.3473 	 0.1768 	 0.0054 	 -0.0140 	 -0.0266 	 0.1037 	 0.3668
4.9098 	 0.1612 	 -0.3148 	 -1.3474 	 0.1766 	 0.0064 	 -0.0104 	 -0.0270 	 0.1037 	 0.3664
4.9198 	 0.1630 	 -0.3147 	 -1.3475 	 0.1763 	 0.0075 	 -0.0067 	 -0.0274 	 0.1038 	 0.3660
4.9299 	 0.1647 	 -0.3146 	 -1.3475 	 0.1760 	 0.0085 	 -0.0030 	 -0.0271 	 0.1052 	 0.3718
4.9399 	 0.1665 	 -0.3145 	 -1.3476 	 0.1758 	 0.0096 	 0.0007 	 -0.0276 	 0.1052 	 0.3713
4.9499 	 0.1682 	 -0.3144 	 -1.3475 	 0.1755 	 0.0106 	 0.0044 	 -0.0281 	 0.1052 	 0.3708
4.9599 	 0.1700 	 -0.3143 	 -1.3475 	 0.1752 	 0.0117 	 0.0081 	 -0.0286 	 0.1053 	 0.3703
4.9699 	 0.1718 	 -0.3142 	 -1.3474 	 0.1749 	 0.0127 	 0.0118 	 -0.0291 	 0.1053 	 0.3699
4.9800 	 0.1735 	 -0.3141 	 -1.3472 	 0.1746 	 0.0138 	 0.0156 	 -0.0296 	 0.1053 	 0.3695
4.9900 	 0.1753 	 -0.3139 	 -1.3471 	 0.1743 	 0.0148 	 0.0193 	 -0.0301 	 0.1053 	 0.3691
