100-Body Run with i = 68 th particle. (Units in pc,M_solar,Myr, km s-1) 

time		 x 		 y 		 z 		 xdot 		 ydot 		 zdot 		 xddot 		 yddot 		 zddot
0.0000 	 0.4606 	 0.3685 	 0.0489 	 -0.0257 	 -0.0222 	 -0.0391 	 -0.2895 	 -0.2847 	 -0.0594
0.0100 	 0.4603 	 0.3682 	 0.0485 	 -0.0286 	 -0.0250 	 -0.0397 	 -0.2897 	 -0.2851 	 -0.0594
0.0200 	 0.4600 	 0.3680 	 0.0481 	 -0.0316 	 -0.0279 	 -0.0403 	 -0.2900 	 -0.2855 	 -0.0594
0.0301 	 0.4597 	 0.3677 	 0.0477 	 -0.0345 	 -0.0307 	 -0.0409 	 -0.2903 	 -0.2860 	 -0.0595
0.0401 	 0.4593 	 0.3673 	 0.0473 	 -0.0374 	 -0.0336 	 -0.0415 	 -0.2907 	 -0.2865 	 -0.0595
0.0501 	 0.4589 	 0.3670 	 0.0469 	 -0.0403 	 -0.0365 	 -0.0421 	 -0.2912 	 -0.2871 	 -0.0596
0.0601 	 0.4585 	 0.3666 	 0.0464 	 -0.0432 	 -0.0394 	 -0.0427 	 -0.2917 	 -0.2877 	 -0.0597
0.0701 	 0.4581 	 0.3662 	 0.0460 	 -0.0461 	 -0.0422 	 -0.0433 	 -0.2922 	 -0.2884 	 -0.0598
0.0802 	 0.4576 	 0.3658 	 0.0456 	 -0.0491 	 -0.0451 	 -0.0439 	 -0.2928 	 -0.2891 	 -0.0599
0.0902 	 0.4571 	 0.3653 	 0.0451 	 -0.0520 	 -0.0480 	 -0.0445 	 -0.2935 	 -0.2899 	 -0.0600
0.1002 	 0.4565 	 0.3648 	 0.0447 	 -0.0549 	 -0.0509 	 -0.0451 	 -0.2942 	 -0.2908 	 -0.0602
0.1102 	 0.4560 	 0.3643 	 0.0442 	 -0.0579 	 -0.0539 	 -0.0457 	 -0.2949 	 -0.2917 	 -0.0603
0.1202 	 0.4554 	 0.3637 	 0.0438 	 -0.0609 	 -0.0568 	 -0.0463 	 -0.2958 	 -0.2927 	 -0.0605
0.1303 	 0.4548 	 0.3631 	 0.0433 	 -0.0638 	 -0.0597 	 -0.0469 	 -0.2966 	 -0.2937 	 -0.0607
0.1403 	 0.4541 	 0.3625 	 0.0428 	 -0.0668 	 -0.0627 	 -0.0475 	 -0.2976 	 -0.2948 	 -0.0609
0.1503 	 0.4534 	 0.3619 	 0.0423 	 -0.0698 	 -0.0656 	 -0.0481 	 -0.2985 	 -0.2960 	 -0.0611
0.1603 	 0.4527 	 0.3612 	 0.0419 	 -0.0728 	 -0.0686 	 -0.0487 	 -0.2996 	 -0.2972 	 -0.0614
0.1703 	 0.4520 	 0.3605 	 0.0414 	 -0.0758 	 -0.0716 	 -0.0493 	 -0.3007 	 -0.2985 	 -0.0616
0.1804 	 0.4512 	 0.3598 	 0.0409 	 -0.0788 	 -0.0746 	 -0.0500 	 -0.3019 	 -0.2998 	 -0.0619
0.1904 	 0.4504 	 0.3590 	 0.0404 	 -0.0818 	 -0.0776 	 -0.0506 	 -0.3031 	 -0.3013 	 -0.0622
0.2004 	 0.4495 	 0.3582 	 0.0399 	 -0.0849 	 -0.0806 	 -0.0512 	 -0.3044 	 -0.3028 	 -0.0625
0.2104 	 0.4487 	 0.3574 	 0.0393 	 -0.0879 	 -0.0837 	 -0.0518 	 -0.3058 	 -0.3043 	 -0.0628
0.2204 	 0.4478 	 0.3565 	 0.0388 	 -0.0910 	 -0.0867 	 -0.0525 	 -0.3072 	 -0.3060 	 -0.0631
0.2305 	 0.4468 	 0.3557 	 0.0383 	 -0.0941 	 -0.0898 	 -0.0531 	 -0.3087 	 -0.3077 	 -0.0635
0.2405 	 0.4459 	 0.3547 	 0.0378 	 -0.0972 	 -0.0929 	 -0.0537 	 -0.3103 	 -0.3095 	 -0.0639
0.2505 	 0.4449 	 0.3538 	 0.0372 	 -0.1003 	 -0.0960 	 -0.0544 	 -0.3119 	 -0.3114 	 -0.0643
0.2605 	 0.4439 	 0.3528 	 0.0367 	 -0.1034 	 -0.0991 	 -0.0550 	 -0.3137 	 -0.3133 	 -0.0647
0.2705 	 0.4428 	 0.3518 	 0.0361 	 -0.1066 	 -0.1023 	 -0.0557 	 -0.3155 	 -0.3154 	 -0.0651
0.2806 	 0.4417 	 0.3508 	 0.0356 	 -0.1098 	 -0.1055 	 -0.0563 	 -0.3173 	 -0.3175 	 -0.0655
0.2906 	 0.4406 	 0.3497 	 0.0350 	 -0.1130 	 -0.1086 	 -0.0570 	 -0.3193 	 -0.3197 	 -0.0660
0.3006 	 0.4395 	 0.3486 	 0.0344 	 -0.1162 	 -0.1119 	 -0.0577 	 -0.3214 	 -0.3220 	 -0.0665
0.3106 	 0.4383 	 0.3474 	 0.0338 	 -0.1194 	 -0.1151 	 -0.0583 	 -0.3235 	 -0.3244 	 -0.0670
0.3206 	 0.4371 	 0.3463 	 0.0332 	 -0.1227 	 -0.1184 	 -0.0590 	 -0.3257 	 -0.3269 	 -0.0676
0.3307 	 0.4358 	 0.3451 	 0.0326 	 -0.1259 	 -0.1217 	 -0.0597 	 -0.3280 	 -0.3295 	 -0.0681
0.3407 	 0.4346 	 0.3438 	 0.0320 	 -0.1292 	 -0.1250 	 -0.0604 	 -0.3305 	 -0.3323 	 -0.0687
0.3507 	 0.4333 	 0.3426 	 0.0314 	 -0.1326 	 -0.1283 	 -0.0611 	 -0.3330 	 -0.3351 	 -0.0693
0.3607 	 0.4319 	 0.3413 	 0.0308 	 -0.1359 	 -0.1317 	 -0.0617 	 -0.3356 	 -0.3380 	 -0.0700
0.3707 	 0.4305 	 0.3399 	 0.0302 	 -0.1393 	 -0.1351 	 -0.0625 	 -0.3383 	 -0.3410 	 -0.0706
0.3808 	 0.4291 	 0.3386 	 0.0296 	 -0.1427 	 -0.1385 	 -0.0632 	 -0.3411 	 -0.3442 	 -0.0713
0.3908 	 0.4277 	 0.3372 	 0.0289 	 -0.1461 	 -0.1420 	 -0.0639 	 -0.3441 	 -0.3475 	 -0.0720
0.4008 	 0.4262 	 0.3357 	 0.0283 	 -0.1496 	 -0.1455 	 -0.0646 	 -0.3472 	 -0.3509 	 -0.0728
0.4108 	 0.4247 	 0.3342 	 0.0276 	 -0.1531 	 -0.1490 	 -0.0653 	 -0.3504 	 -0.3545 	 -0.0735
0.4208 	 0.4231 	 0.3327 	 0.0270 	 -0.1566 	 -0.1526 	 -0.0661 	 -0.3537 	 -0.3582 	 -0.0743
0.4309 	 0.4215 	 0.3312 	 0.0263 	 -0.1602 	 -0.1562 	 -0.0668 	 -0.3571 	 -0.3620 	 -0.0752
0.4409 	 0.4199 	 0.3296 	 0.0256 	 -0.1638 	 -0.1598 	 -0.0676 	 -0.3607 	 -0.3660 	 -0.0760
0.4509 	 0.4183 	 0.3280 	 0.0250 	 -0.1674 	 -0.1635 	 -0.0684 	 -0.3645 	 -0.3702 	 -0.0769
0.4609 	 0.4166 	 0.3263 	 0.0243 	 -0.1711 	 -0.1673 	 -0.0691 	 -0.3684 	 -0.3745 	 -0.0779
0.4709 	 0.4148 	 0.3246 	 0.0236 	 -0.1748 	 -0.1710 	 -0.0699 	 -0.3724 	 -0.3790 	 -0.0788
0.4810 	 0.4131 	 0.3229 	 0.0229 	 -0.1785 	 -0.1749 	 -0.0707 	 -0.3766 	 -0.3836 	 -0.0798
0.4910 	 0.4112 	 0.3211 	 0.0222 	 -0.1823 	 -0.1787 	 -0.0715 	 -0.3810 	 -0.3885 	 -0.0809
0.5010 	 0.4094 	 0.3193 	 0.0214 	 -0.1862 	 -0.1826 	 -0.0723 	 -0.3856 	 -0.3935 	 -0.0820
0.5110 	 0.4075 	 0.3175 	 0.0207 	 -0.1900 	 -0.1866 	 -0.0732 	 -0.3903 	 -0.3988 	 -0.0831
0.5210 	 0.4056 	 0.3156 	 0.0200 	 -0.1940 	 -0.1906 	 -0.0740 	 -0.3953 	 -0.4043 	 -0.0843
0.5311 	 0.4036 	 0.3136 	 0.0192 	 -0.1980 	 -0.1947 	 -0.0748 	 -0.4005 	 -0.4100 	 -0.0855
0.5411 	 0.4016 	 0.3117 	 0.0185 	 -0.2020 	 -0.1989 	 -0.0757 	 -0.4058 	 -0.4159 	 -0.0868
0.5511 	 0.3996 	 0.3097 	 0.0177 	 -0.2061 	 -0.2031 	 -0.0766 	 -0.4120 	 -0.4248 	 -0.0938
0.5611 	 0.3975 	 0.3076 	 0.0169 	 -0.2103 	 -0.2073 	 -0.0775 	 -0.4179 	 -0.4311 	 -0.0950
0.5711 	 0.3954 	 0.3055 	 0.0162 	 -0.2145 	 -0.2117 	 -0.0785 	 -0.4240 	 -0.4378 	 -0.0962
0.5812 	 0.3932 	 0.3034 	 0.0154 	 -0.2188 	 -0.2161 	 -0.0795 	 -0.4303 	 -0.4447 	 -0.0974
0.5912 	 0.3910 	 0.3012 	 0.0146 	 -0.2231 	 -0.2206 	 -0.0804 	 -0.4370 	 -0.4519 	 -0.0987
0.6012 	 0.3887 	 0.2989 	 0.0137 	 -0.2275 	 -0.2252 	 -0.0814 	 -0.4439 	 -0.4595 	 -0.1001
0.6112 	 0.3864 	 0.2967 	 0.0129 	 -0.2320 	 -0.2298 	 -0.0825 	 -0.4512 	 -0.4673 	 -0.1015
0.6212 	 0.3841 	 0.2943 	 0.0121 	 -0.2366 	 -0.2345 	 -0.0835 	 -0.4587 	 -0.4756 	 -0.1030
0.6313 	 0.3817 	 0.2920 	 0.0113 	 -0.2412 	 -0.2394 	 -0.0845 	 -0.4667 	 -0.4842 	 -0.1046
0.6413 	 0.3792 	 0.2895 	 0.0104 	 -0.2459 	 -0.2442 	 -0.0856 	 -0.4750 	 -0.4932 	 -0.1062
0.6513 	 0.3767 	 0.2871 	 0.0095 	 -0.2507 	 -0.2492 	 -0.0867 	 -0.4865 	 -0.5073 	 -0.1112
0.6613 	 0.3742 	 0.2845 	 0.0087 	 -0.2556 	 -0.2544 	 -0.0878 	 -0.4955 	 -0.5169 	 -0.1128
0.6713 	 0.3716 	 0.2820 	 0.0078 	 -0.2606 	 -0.2596 	 -0.0889 	 -0.5048 	 -0.5270 	 -0.1144
0.6814 	 0.3690 	 0.2793 	 0.0069 	 -0.2658 	 -0.2649 	 -0.0901 	 -0.5147 	 -0.5375 	 -0.1162
0.6914 	 0.3663 	 0.2766 	 0.0060 	 -0.2710 	 -0.2704 	 -0.0912 	 -0.5250 	 -0.5486 	 -0.1180
0.7014 	 0.3636 	 0.2739 	 0.0051 	 -0.2763 	 -0.2759 	 -0.0924 	 -0.5358 	 -0.5603 	 -0.1199
0.7114 	 0.3608 	 0.2711 	 0.0041 	 -0.2817 	 -0.2816 	 -0.0936 	 -0.5473 	 -0.5725 	 -0.1220
0.7214 	 0.3579 	 0.2683 	 0.0032 	 -0.2873 	 -0.2874 	 -0.0949 	 -0.5683 	 -0.5938 	 -0.1266
0.7315 	 0.3550 	 0.2654 	 0.0022 	 -0.2930 	 -0.2934 	 -0.0962 	 -0.5848 	 -0.6109 	 -0.1280
0.7415 	 0.3520 	 0.2624 	 0.0013 	 -0.2990 	 -0.2996 	 -0.0975 	 -0.6056 	 -0.6324 	 -0.1326
0.7515 	 0.3490 	 0.2594 	 0.0003 	 -0.3051 	 -0.3061 	 -0.0988 	 -0.6305 	 -0.6576 	 -0.1353
0.7615 	 0.3459 	 0.2563 	 -0.0007 	 -0.3115 	 -0.3128 	 -0.1002 	 -0.6494 	 -0.6785 	 -0.1412
0.7715 	 0.3428 	 0.2531 	 -0.0017 	 -0.3182 	 -0.3197 	 -0.1016 	 -0.6733 	 -0.7031 	 -0.1404
0.7816 	 0.3395 	 0.2498 	 -0.0028 	 -0.3250 	 -0.3268 	 -0.1030 	 -0.6923 	 -0.7234 	 -0.1412
0.7916 	 0.3363 	 0.2465 	 -0.0038 	 -0.3320 	 -0.3342 	 -0.1044 	 -0.7194 	 -0.7517 	 -0.1443
0.8016 	 0.3329 	 0.2431 	 -0.0049 	 -0.3394 	 -0.3419 	 -0.1059 	 -0.7482 	 -0.7819 	 -0.1487
0.8116 	 0.3294 	 0.2397 	 -0.0059 	 -0.3470 	 -0.3498 	 -0.1074 	 -0.7704 	 -0.8063 	 -0.1487
0.8216 	 0.3259 	 0.2361 	 -0.0070 	 -0.3547 	 -0.3580 	 -0.1089 	 -0.7785 	 -0.8170 	 -0.1513
0.8317 	 0.3223 	 0.2325 	 -0.0081 	 -0.3626 	 -0.3662 	 -0.1105 	 -0.7856 	 -0.8273 	 -0.1587
0.8417 	 0.3187 	 0.2288 	 -0.0092 	 -0.3705 	 -0.3745 	 -0.1121 	 -0.7890 	 -0.8337 	 -0.1627
0.8517 	 0.3149 	 0.2250 	 -0.0104 	 -0.3784 	 -0.3829 	 -0.1137 	 -0.7925 	 -0.8405 	 -0.1670
0.8617 	 0.3111 	 0.2211 	 -0.0115 	 -0.3864 	 -0.3914 	 -0.1154 	 -0.7963 	 -0.8478 	 -0.1717
0.8717 	 0.3072 	 0.2172 	 -0.0127 	 -0.3944 	 -0.4000 	 -0.1172 	 -0.8091 	 -0.8724 	 -0.1885
0.8818 	 0.3032 	 0.2131 	 -0.0139 	 -0.4026 	 -0.4088 	 -0.1191 	 -0.8163 	 -0.8813 	 -0.1891
0.8918 	 0.2991 	 0.2090 	 -0.0151 	 -0.4108 	 -0.4177 	 -0.1211 	 -0.8214 	 -0.8896 	 -0.1965
0.9018 	 0.2949 	 0.2047 	 -0.0163 	 -0.4190 	 -0.4266 	 -0.1231 	 -0.8233 	 -0.8942 	 -0.2000
0.9118 	 0.2907 	 0.2004 	 -0.0175 	 -0.4273 	 -0.4356 	 -0.1251 	 -0.8283 	 -0.9026 	 -0.2080
0.9218 	 0.2864 	 0.1960 	 -0.0188 	 -0.4356 	 -0.4447 	 -0.1272 	 -0.8297 	 -0.9071 	 -0.2111
0.9319 	 0.2820 	 0.1915 	 -0.0201 	 -0.4439 	 -0.4538 	 -0.1294 	 -0.8342 	 -0.9186 	 -0.2239
0.9419 	 0.2775 	 0.1869 	 -0.0214 	 -0.4523 	 -0.4631 	 -0.1316 	 -0.8388 	 -0.9253 	 -0.2224
0.9519 	 0.2729 	 0.1822 	 -0.0227 	 -0.4607 	 -0.4724 	 -0.1339 	 -0.8394 	 -0.9290 	 -0.2256
0.9619 	 0.2683 	 0.1774 	 -0.0241 	 -0.4691 	 -0.4817 	 -0.1361 	 -0.8400 	 -0.9327 	 -0.2289
0.9719 	 0.2635 	 0.1726 	 -0.0254 	 -0.4776 	 -0.4910 	 -0.1384 	 -0.8406 	 -0.9367 	 -0.2326
0.9820 	 0.2587 	 0.1676 	 -0.0268 	 -0.4860 	 -0.5005 	 -0.1408 	 -0.8411 	 -0.9407 	 -0.2365
0.9920 	 0.2538 	 0.1625 	 -0.0283 	 -0.4944 	 -0.5099 	 -0.1431 	 -0.8444 	 -0.9470 	 -0.2365
1.0020 	 0.2488 	 0.1574 	 -0.0297 	 -0.5029 	 -0.5194 	 -0.1455 	 -0.8458 	 -0.9557 	 -0.2448
1.0120 	 0.2437 	 0.1521 	 -0.0312 	 -0.5114 	 -0.5290 	 -0.1480 	 -0.8448 	 -0.9584 	 -0.2498
1.0220 	 0.2385 	 0.1468 	 -0.0327 	 -0.5198 	 -0.5386 	 -0.1506 	 -0.8434 	 -0.9611 	 -0.2552
1.0321 	 0.2333 	 0.1413 	 -0.0342 	 -0.5283 	 -0.5483 	 -0.1531 	 -0.8418 	 -0.9638 	 -0.2610
1.0421 	 0.2279 	 0.1358 	 -0.0357 	 -0.5367 	 -0.5580 	 -0.1558 	 -0.8398 	 -0.9664 	 -0.2673
1.0521 	 0.2225 	 0.1301 	 -0.0373 	 -0.5451 	 -0.5677 	 -0.1585 	 -0.8372 	 -0.9688 	 -0.2740
1.0621 	 0.2170 	 0.1244 	 -0.0389 	 -0.5535 	 -0.5774 	 -0.1613 	 -0.8361 	 -0.9735 	 -0.2861
1.0721 	 0.2114 	 0.1186 	 -0.0406 	 -0.5618 	 -0.5871 	 -0.1642 	 -0.8317 	 -0.9750 	 -0.2927
1.0822 	 0.2058 	 0.1126 	 -0.0422 	 -0.5701 	 -0.5969 	 -0.1672 	 -0.8264 	 -0.9762 	 -0.2997
1.0922 	 0.2000 	 0.1066 	 -0.0439 	 -0.5784 	 -0.6067 	 -0.1702 	 -0.8201 	 -0.9769 	 -0.3072
1.1022 	 0.1942 	 0.1005 	 -0.0456 	 -0.5866 	 -0.6165 	 -0.1733 	 -0.8123 	 -0.9770 	 -0.3151
1.1122 	 0.1882 	 0.0943 	 -0.0474 	 -0.5947 	 -0.6263 	 -0.1765 	 -0.8029 	 -0.9764 	 -0.3234
1.1222 	 0.1822 	 0.0879 	 -0.0492 	 -0.6027 	 -0.6361 	 -0.1798 	 -0.7914 	 -0.9747 	 -0.3320
1.1323 	 0.1762 	 0.0815 	 -0.0510 	 -0.6105 	 -0.6458 	 -0.1832 	 -0.7773 	 -0.9718 	 -0.3409
1.1423 	 0.1700 	 0.0750 	 -0.0528 	 -0.6182 	 -0.6555 	 -0.1866 	 -0.7600 	 -0.9674 	 -0.3498
1.1523 	 0.1638 	 0.0684 	 -0.0547 	 -0.6257 	 -0.6652 	 -0.1902 	 -0.7387 	 -0.9610 	 -0.3584
1.1623 	 0.1575 	 0.0617 	 -0.0566 	 -0.6330 	 -0.6748 	 -0.1939 	 -0.7136 	 -0.9535 	 -0.3715
1.1723 	 0.1511 	 0.0549 	 -0.0586 	 -0.6400 	 -0.6843 	 -0.1976 	 -0.6811 	 -0.9414 	 -0.3769
1.1824 	 0.1447 	 0.0480 	 -0.0606 	 -0.6467 	 -0.6936 	 -0.2014 	 -0.6414 	 -0.9257 	 -0.3806
1.1924 	 0.1381 	 0.0410 	 -0.0626 	 -0.6528 	 -0.7028 	 -0.2052 	 -0.5930 	 -0.9055 	 -0.3819
1.2024 	 0.1316 	 0.0339 	 -0.0647 	 -0.6585 	 -0.7118 	 -0.2090 	 -0.5343 	 -0.8795 	 -0.3804
1.2124 	 0.1249 	 0.0267 	 -0.0668 	 -0.6635 	 -0.7204 	 -0.2128 	 -0.4650 	 -0.8468 	 -0.3699
1.2224 	 0.1183 	 0.0194 	 -0.0690 	 -0.6678 	 -0.7287 	 -0.2165 	 -0.3807 	 -0.8028 	 -0.3634
1.2325 	 0.1116 	 0.0121 	 -0.0712 	 -0.6711 	 -0.7365 	 -0.2201 	 -0.2823 	 -0.7454 	 -0.3549
1.2425 	 0.1048 	 0.0047 	 -0.0734 	 -0.6734 	 -0.7436 	 -0.2236 	 -0.1703 	 -0.6708 	 -0.3451
1.2525 	 0.0981 	 -0.0028 	 -0.0756 	 -0.6745 	 -0.7498 	 -0.2270 	 -0.0471 	 -0.5766 	 -0.3346
1.2625 	 0.0913 	 -0.0103 	 -0.0779 	 -0.6743 	 -0.7551 	 -0.2303 	 0.0816 	 -0.4615 	 -0.3231
1.2725 	 0.0846 	 -0.0179 	 -0.0803 	 -0.6729 	 -0.7590 	 -0.2335 	 0.2052 	 -0.3274 	 -0.3092
1.2826 	 0.0779 	 -0.0255 	 -0.0826 	 -0.6702 	 -0.7616 	 -0.2365 	 0.3105 	 -0.1898 	 -0.2932
1.2926 	 0.0712 	 -0.0332 	 -0.0850 	 -0.6667 	 -0.7628 	 -0.2393 	 0.3897 	 -0.0507 	 -0.2729
1.3026 	 0.0645 	 -0.0408 	 -0.0874 	 -0.6625 	 -0.7627 	 -0.2420 	 0.4507 	 0.0739 	 -0.2541
1.3126 	 0.0579 	 -0.0485 	 -0.0898 	 -0.6577 	 -0.7614 	 -0.2444 	 0.5039 	 0.1833 	 -0.2378
1.3226 	 0.0513 	 -0.0561 	 -0.0923 	 -0.6524 	 -0.7590 	 -0.2467 	 0.5549 	 0.2776 	 -0.2265
1.3327 	 0.0448 	 -0.0637 	 -0.0948 	 -0.6466 	 -0.7558 	 -0.2489 	 0.6007 	 0.3568 	 -0.2048
1.3427 	 0.0384 	 -0.0712 	 -0.0973 	 -0.6404 	 -0.7519 	 -0.2508 	 0.6403 	 0.4246 	 -0.1826
1.3527 	 0.0320 	 -0.0787 	 -0.0998 	 -0.6338 	 -0.7474 	 -0.2526 	 0.6747 	 0.4838 	 -0.1614
1.3627 	 0.0257 	 -0.0862 	 -0.1024 	 -0.6269 	 -0.7422 	 -0.2541 	 0.7057 	 0.5371 	 -0.1477
1.3727 	 0.0194 	 -0.0936 	 -0.1049 	 -0.6197 	 -0.7366 	 -0.2555 	 0.7324 	 0.5839 	 -0.1296
1.3828 	 0.0132 	 -0.1009 	 -0.1075 	 -0.6122 	 -0.7306 	 -0.2567 	 0.7564 	 0.6256 	 -0.1140
1.3928 	 0.0072 	 -0.1082 	 -0.1101 	 -0.6045 	 -0.7241 	 -0.2578 	 0.7779 	 0.6627 	 -0.1009
1.4028 	 0.0011 	 -0.1155 	 -0.1126 	 -0.5966 	 -0.7173 	 -0.2588 	 0.7972 	 0.6956 	 -0.0901
1.4128 	 -0.0048 	 -0.1226 	 -0.1152 	 -0.5885 	 -0.7102 	 -0.2596 	 0.8194 	 0.7230 	 -0.0833
1.4228 	 -0.0107 	 -0.1297 	 -0.1178 	 -0.5802 	 -0.7028 	 -0.2604 	 0.8347 	 0.7498 	 -0.0755
1.4329 	 -0.0164 	 -0.1367 	 -0.1205 	 -0.5718 	 -0.6952 	 -0.2612 	 0.8485 	 0.7741 	 -0.0688
1.4429 	 -0.0221 	 -0.1436 	 -0.1231 	 -0.5632 	 -0.6873 	 -0.2618 	 0.8612 	 0.7963 	 -0.0630
1.4529 	 -0.0277 	 -0.1505 	 -0.1257 	 -0.5545 	 -0.6792 	 -0.2624 	 0.8727 	 0.8167 	 -0.0579
1.4629 	 -0.0332 	 -0.1572 	 -0.1283 	 -0.5457 	 -0.6709 	 -0.2630 	 0.8834 	 0.8357 	 -0.0534
1.4729 	 -0.0387 	 -0.1639 	 -0.1310 	 -0.5368 	 -0.6625 	 -0.2635 	 0.8931 	 0.8534 	 -0.0494
1.4830 	 -0.0440 	 -0.1705 	 -0.1336 	 -0.5278 	 -0.6538 	 -0.2640 	 0.9042 	 0.8723 	 -0.0513
1.4930 	 -0.0492 	 -0.1770 	 -0.1363 	 -0.5187 	 -0.6450 	 -0.2645 	 0.9124 	 0.8880 	 -0.0477
1.5030 	 -0.0544 	 -0.1834 	 -0.1389 	 -0.5096 	 -0.6361 	 -0.2650 	 0.9186 	 0.8984 	 -0.0461
1.5130 	 -0.0594 	 -0.1898 	 -0.1416 	 -0.5003 	 -0.6270 	 -0.2654 	 0.9258 	 0.9140 	 -0.0425
1.5230 	 -0.0644 	 -0.1960 	 -0.1442 	 -0.4910 	 -0.6178 	 -0.2658 	 0.9274 	 0.9198 	 -0.0459
1.5331 	 -0.0693 	 -0.2021 	 -0.1469 	 -0.4817 	 -0.6085 	 -0.2663 	 0.9336 	 0.9337 	 -0.0420
1.5431 	 -0.0741 	 -0.2082 	 -0.1496 	 -0.4723 	 -0.5991 	 -0.2667 	 0.9375 	 0.9409 	 -0.0410
1.5531 	 -0.0787 	 -0.2141 	 -0.1522 	 -0.4629 	 -0.5896 	 -0.2671 	 0.9422 	 0.9531 	 -0.0377
1.5631 	 -0.0833 	 -0.2200 	 -0.1549 	 -0.4534 	 -0.5800 	 -0.2675 	 0.9492 	 0.9679 	 -0.0389
1.5731 	 -0.0878 	 -0.2258 	 -0.1576 	 -0.4439 	 -0.5703 	 -0.2679 	 0.9529 	 0.9791 	 -0.0351
1.5832 	 -0.0922 	 -0.2314 	 -0.1603 	 -0.4343 	 -0.5604 	 -0.2682 	 0.9561 	 0.9898 	 -0.0315
1.5932 	 -0.0965 	 -0.2370 	 -0.1630 	 -0.4247 	 -0.5504 	 -0.2685 	 0.9556 	 0.9968 	 -0.0329
1.6032 	 -0.1007 	 -0.2425 	 -0.1657 	 -0.4152 	 -0.5404 	 -0.2688 	 0.9544 	 1.0021 	 -0.0254
1.6132 	 -0.1049 	 -0.2478 	 -0.1684 	 -0.4056 	 -0.5303 	 -0.2691 	 0.9492 	 1.0037 	 -0.0321
1.6232 	 -0.1089 	 -0.2531 	 -0.1711 	 -0.3961 	 -0.5203 	 -0.2694 	 0.9497 	 1.0108 	 -0.0299
1.6333 	 -0.1128 	 -0.2582 	 -0.1738 	 -0.3866 	 -0.5101 	 -0.2696 	 0.9417 	 1.0103 	 -0.0201
1.6433 	 -0.1166 	 -0.2633 	 -0.1765 	 -0.3772 	 -0.5000 	 -0.2698 	 0.9329 	 1.0091 	 -0.0174
1.6533 	 -0.1204 	 -0.2683 	 -0.1792 	 -0.3679 	 -0.4899 	 -0.2700 	 0.9276 	 1.0101 	 -0.0193
1.6633 	 -0.1240 	 -0.2731 	 -0.1819 	 -0.3586 	 -0.4798 	 -0.2702 	 0.9177 	 1.0067 	 -0.0101
1.6733 	 -0.1275 	 -0.2779 	 -0.1846 	 -0.3495 	 -0.4697 	 -0.2702 	 0.9068 	 1.0028 	 -0.0083
1.6834 	 -0.1310 	 -0.2825 	 -0.1873 	 -0.3405 	 -0.4597 	 -0.2703 	 0.8958 	 0.9869 	 -0.0057
1.6934 	 -0.1344 	 -0.2871 	 -0.1900 	 -0.3315 	 -0.4499 	 -0.2703 	 0.8835 	 0.9790 	 -0.0042
1.7034 	 -0.1376 	 -0.2916 	 -0.1927 	 -0.3227 	 -0.4401 	 -0.2704 	 0.8788 	 0.9766 	 -0.0104
1.7134 	 -0.1408 	 -0.2959 	 -0.1954 	 -0.3139 	 -0.4303 	 -0.2705 	 0.8747 	 0.9760 	 -0.0083
1.7234 	 -0.1439 	 -0.3002 	 -0.1981 	 -0.3052 	 -0.4206 	 -0.2706 	 0.8642 	 0.9669 	 -0.0131
1.7335 	 -0.1470 	 -0.3043 	 -0.2008 	 -0.2966 	 -0.4109 	 -0.2707 	 0.8495 	 0.9554 	 -0.0138
1.7435 	 -0.1499 	 -0.3084 	 -0.2036 	 -0.2881 	 -0.4014 	 -0.2709 	 0.8404 	 0.9498 	 -0.0106
1.7535 	 -0.1527 	 -0.3124 	 -0.2063 	 -0.2799 	 -0.3920 	 -0.2709 	 0.8122 	 0.9270 	 -0.0031
1.7635 	 -0.1555 	 -0.3163 	 -0.2090 	 -0.2718 	 -0.3827 	 -0.2709 	 0.8025 	 0.9208 	 0.0007
1.7735 	 -0.1582 	 -0.3201 	 -0.2117 	 -0.2638 	 -0.3736 	 -0.2710 	 0.7808 	 0.8999 	 -0.0004
1.7836 	 -0.1608 	 -0.3238 	 -0.2144 	 -0.2561 	 -0.3646 	 -0.2710 	 0.7708 	 0.8919 	 0.0001
1.7936 	 -0.1633 	 -0.3274 	 -0.2171 	 -0.2484 	 -0.3558 	 -0.2709 	 0.7588 	 0.8733 	 0.0002
1.8036 	 -0.1658 	 -0.3309 	 -0.2198 	 -0.2408 	 -0.3470 	 -0.2709 	 0.7525 	 0.8718 	 0.0028
1.8136 	 -0.1681 	 -0.3343 	 -0.2226 	 -0.2333 	 -0.3383 	 -0.2709 	 0.7416 	 0.8668 	 0.0073
1.8236 	 -0.1704 	 -0.3377 	 -0.2253 	 -0.2260 	 -0.3297 	 -0.2708 	 0.7213 	 0.8523 	 0.0117
1.8337 	 -0.1727 	 -0.3409 	 -0.2280 	 -0.2189 	 -0.3212 	 -0.2707 	 0.7085 	 0.8460 	 0.0162
1.8437 	 -0.1748 	 -0.3441 	 -0.2307 	 -0.2118 	 -0.3127 	 -0.2705 	 0.7001 	 0.8442 	 0.0199
1.8537 	 -0.1769 	 -0.3472 	 -0.2334 	 -0.2049 	 -0.3044 	 -0.2703 	 0.6689 	 0.8245 	 0.0150
1.8637 	 -0.1789 	 -0.3502 	 -0.2361 	 -0.1983 	 -0.2961 	 -0.2701 	 0.6560 	 0.8166 	 0.0175
1.8737 	 -0.1809 	 -0.3531 	 -0.2388 	 -0.1918 	 -0.2880 	 -0.2699 	 0.6387 	 0.8064 	 0.0192
1.8838 	 -0.1828 	 -0.3560 	 -0.2415 	 -0.1854 	 -0.2800 	 -0.2698 	 0.6307 	 0.7992 	 0.0157
1.8938 	 -0.1846 	 -0.3587 	 -0.2442 	 -0.1791 	 -0.2720 	 -0.2696 	 0.6236 	 0.7947 	 0.0178
1.9038 	 -0.1864 	 -0.3614 	 -0.2469 	 -0.1729 	 -0.2641 	 -0.2694 	 0.6169 	 0.7904 	 0.0196
1.9138 	 -0.1881 	 -0.3640 	 -0.2496 	 -0.1668 	 -0.2562 	 -0.2692 	 0.6082 	 0.7891 	 0.0166
1.9238 	 -0.1897 	 -0.3666 	 -0.2523 	 -0.1607 	 -0.2482 	 -0.2691 	 0.6069 	 0.7883 	 0.0166
1.9339 	 -0.1913 	 -0.3690 	 -0.2550 	 -0.1546 	 -0.2404 	 -0.2689 	 0.6016 	 0.7837 	 0.0191
1.9439 	 -0.1928 	 -0.3714 	 -0.2577 	 -0.1486 	 -0.2325 	 -0.2687 	 0.5967 	 0.7793 	 0.0215
1.9539 	 -0.1943 	 -0.3737 	 -0.2604 	 -0.1426 	 -0.2247 	 -0.2685 	 0.5922 	 0.7751 	 0.0237
1.9639 	 -0.1957 	 -0.3759 	 -0.2631 	 -0.1367 	 -0.2170 	 -0.2682 	 0.5880 	 0.7710 	 0.0259
1.9739 	 -0.1970 	 -0.3780 	 -0.2658 	 -0.1309 	 -0.2093 	 -0.2679 	 0.5841 	 0.7671 	 0.0279
1.9840 	 -0.1983 	 -0.3801 	 -0.2685 	 -0.1250 	 -0.2016 	 -0.2676 	 0.5806 	 0.7635 	 0.0300
1.9940 	 -0.1995 	 -0.3821 	 -0.2711 	 -0.1192 	 -0.1940 	 -0.2673 	 0.5774 	 0.7600 	 0.0320
2.0040 	 -0.2007 	 -0.3840 	 -0.2738 	 -0.1135 	 -0.1864 	 -0.2670 	 0.5745 	 0.7567 	 0.0341
2.0140 	 -0.2018 	 -0.3858 	 -0.2765 	 -0.1077 	 -0.1788 	 -0.2667 	 0.5718 	 0.7536 	 0.0362
2.0240 	 -0.2028 	 -0.3875 	 -0.2792 	 -0.1020 	 -0.1713 	 -0.2663 	 0.5695 	 0.7507 	 0.0385
2.0341 	 -0.2038 	 -0.3892 	 -0.2818 	 -0.0963 	 -0.1638 	 -0.2659 	 0.5674 	 0.7480 	 0.0409
2.0441 	 -0.2048 	 -0.3908 	 -0.2845 	 -0.0906 	 -0.1563 	 -0.2655 	 0.5624 	 0.7403 	 0.0417
2.0541 	 -0.2056 	 -0.3924 	 -0.2871 	 -0.0850 	 -0.1489 	 -0.2650 	 0.5606 	 0.7376 	 0.0440
2.0641 	 -0.2065 	 -0.3938 	 -0.2898 	 -0.0794 	 -0.1415 	 -0.2646 	 0.5591 	 0.7352 	 0.0466
2.0741 	 -0.2072 	 -0.3952 	 -0.2925 	 -0.0738 	 -0.1342 	 -0.2641 	 0.5580 	 0.7332 	 0.0494
2.0842 	 -0.2079 	 -0.3965 	 -0.2951 	 -0.0682 	 -0.1268 	 -0.2636 	 0.5573 	 0.7315 	 0.0525
2.0942 	 -0.2086 	 -0.3977 	 -0.2977 	 -0.0626 	 -0.1195 	 -0.2630 	 0.5570 	 0.7302 	 0.0558
2.1042 	 -0.2092 	 -0.3989 	 -0.3004 	 -0.0570 	 -0.1122 	 -0.2625 	 0.5528 	 0.7241 	 0.0585
2.1142 	 -0.2097 	 -0.4000 	 -0.3030 	 -0.0515 	 -0.1050 	 -0.2619 	 0.5524 	 0.7226 	 0.0620
2.1242 	 -0.2102 	 -0.4010 	 -0.3056 	 -0.0460 	 -0.0978 	 -0.2612 	 0.5480 	 0.7159 	 0.0640
2.1343 	 -0.2107 	 -0.4019 	 -0.3082 	 -0.0405 	 -0.0906 	 -0.2606 	 0.5479 	 0.7144 	 0.0676
2.1443 	 -0.2110 	 -0.4028 	 -0.3108 	 -0.0350 	 -0.0834 	 -0.2599 	 0.5483 	 0.7134 	 0.0715
2.1543 	 -0.2114 	 -0.4036 	 -0.3134 	 -0.0295 	 -0.0763 	 -0.2592 	 0.5551 	 0.7113 	 0.0740
2.1643 	 -0.2116 	 -0.4043 	 -0.3160 	 -0.0240 	 -0.0692 	 -0.2584 	 0.5560 	 0.7117 	 0.0786
2.1743 	 -0.2118 	 -0.4050 	 -0.3186 	 -0.0184 	 -0.0620 	 -0.2576 	 0.5574 	 0.7127 	 0.0833
2.1844 	 -0.2120 	 -0.4056 	 -0.3212 	 -0.0128 	 -0.0549 	 -0.2567 	 0.5573 	 0.7143 	 0.0880
2.1944 	 -0.2121 	 -0.4061 	 -0.3238 	 -0.0072 	 -0.0477 	 -0.2558 	 0.5584 	 0.7152 	 0.0924
2.2044 	 -0.2121 	 -0.4065 	 -0.3263 	 -0.0016 	 -0.0405 	 -0.2549 	 0.5599 	 0.7165 	 0.0968
2.2144 	 -0.2121 	 -0.4069 	 -0.3289 	 0.0040 	 -0.0334 	 -0.2539 	 0.5556 	 0.7201 	 0.1017
2.2244 	 -0.2121 	 -0.4072 	 -0.3314 	 0.0096 	 -0.0261 	 -0.2528 	 0.5584 	 0.7220 	 0.1065
2.2345 	 -0.2119 	 -0.4074 	 -0.3339 	 0.0152 	 -0.0189 	 -0.2517 	 0.5615 	 0.7243 	 0.1113
2.2445 	 -0.2118 	 -0.4076 	 -0.3364 	 0.0208 	 -0.0116 	 -0.2506 	 0.5649 	 0.7268 	 0.1162
2.2545 	 -0.2115 	 -0.4077 	 -0.3390 	 0.0265 	 -0.0043 	 -0.2494 	 0.5686 	 0.7297 	 0.1211
2.2645 	 -0.2112 	 -0.4077 	 -0.3414 	 0.0322 	 0.0030 	 -0.2482 	 0.5726 	 0.7328 	 0.1262
2.2745 	 -0.2109 	 -0.4076 	 -0.3439 	 0.0380 	 0.0104 	 -0.2469 	 0.5767 	 0.7362 	 0.1313
2.2846 	 -0.2105 	 -0.4075 	 -0.3464 	 0.0438 	 0.0177 	 -0.2456 	 0.5823 	 0.7365 	 0.1317
2.2946 	 -0.2100 	 -0.4073 	 -0.3488 	 0.0497 	 0.0251 	 -0.2442 	 0.5868 	 0.7409 	 0.1376
2.3046 	 -0.2095 	 -0.4070 	 -0.3513 	 0.0556 	 0.0326 	 -0.2428 	 0.5914 	 0.7456 	 0.1436
2.3146 	 -0.2089 	 -0.4066 	 -0.3537 	 0.0615 	 0.0401 	 -0.2414 	 0.5962 	 0.7504 	 0.1497
2.3246 	 -0.2082 	 -0.4062 	 -0.3561 	 0.0675 	 0.0476 	 -0.2398 	 0.6012 	 0.7555 	 0.1558
2.3347 	 -0.2075 	 -0.4056 	 -0.3585 	 0.0736 	 0.0552 	 -0.2382 	 0.6063 	 0.7609 	 0.1620
2.3447 	 -0.2068 	 -0.4051 	 -0.3609 	 0.0797 	 0.0629 	 -0.2366 	 0.6115 	 0.7664 	 0.1682
2.3547 	 -0.2059 	 -0.4044 	 -0.3633 	 0.0858 	 0.0706 	 -0.2349 	 0.6169 	 0.7722 	 0.1745
2.3647 	 -0.2050 	 -0.4036 	 -0.3656 	 0.0920 	 0.0783 	 -0.2331 	 0.6225 	 0.7782 	 0.1809
2.3747 	 -0.2041 	 -0.4028 	 -0.3679 	 0.0983 	 0.0862 	 -0.2312 	 0.6282 	 0.7845 	 0.1873
2.3848 	 -0.2031 	 -0.4019 	 -0.3702 	 0.1046 	 0.0941 	 -0.2293 	 0.6341 	 0.7910 	 0.1938
2.3948 	 -0.2020 	 -0.4009 	 -0.3725 	 0.1110 	 0.1020 	 -0.2273 	 0.6401 	 0.7978 	 0.2005
2.4048 	 -0.2009 	 -0.3999 	 -0.3748 	 0.1174 	 0.1101 	 -0.2253 	 0.6463 	 0.8048 	 0.2072
2.4148 	 -0.1996 	 -0.3987 	 -0.3770 	 0.1240 	 0.1182 	 -0.2232 	 0.6612 	 0.8214 	 0.2143
2.4248 	 -0.1984 	 -0.3975 	 -0.3793 	 0.1306 	 0.1264 	 -0.2210 	 0.6672 	 0.8286 	 0.2214
2.4349 	 -0.1970 	 -0.3962 	 -0.3815 	 0.1374 	 0.1348 	 -0.2188 	 0.6810 	 0.8458 	 0.2299
2.4449 	 -0.1956 	 -0.3948 	 -0.3836 	 0.1442 	 0.1434 	 -0.2164 	 0.6956 	 0.8620 	 0.2378
2.4549 	 -0.1941 	 -0.3933 	 -0.3858 	 0.1513 	 0.1520 	 -0.2140 	 0.7051 	 0.8740 	 0.2456
2.4649 	 -0.1926 	 -0.3917 	 -0.3879 	 0.1584 	 0.1609 	 -0.2115 	 0.7179 	 0.8907 	 0.2539
2.4749 	 -0.1910 	 -0.3901 	 -0.3900 	 0.1656 	 0.1699 	 -0.2089 	 0.7300 	 0.9070 	 0.2638
2.4850 	 -0.1893 	 -0.3883 	 -0.3921 	 0.1730 	 0.1791 	 -0.2062 	 0.7457 	 0.9277 	 0.2749
2.4950 	 -0.1875 	 -0.3865 	 -0.3942 	 0.1806 	 0.1885 	 -0.2034 	 0.7532 	 0.9380 	 0.2847
2.5050 	 -0.1856 	 -0.3846 	 -0.3962 	 0.1881 	 0.1979 	 -0.2005 	 0.7522 	 0.9396 	 0.2914
2.5150 	 -0.1837 	 -0.3825 	 -0.3982 	 0.1958 	 0.2074 	 -0.1975 	 0.7778 	 0.9741 	 0.3040
2.5251 	 -0.1817 	 -0.3804 	 -0.4002 	 0.2036 	 0.2173 	 -0.1944 	 0.7900 	 0.9925 	 0.3132
2.5351 	 -0.1796 	 -0.3782 	 -0.4021 	 0.2116 	 0.2273 	 -0.1912 	 0.8010 	 1.0104 	 0.3240
2.5451 	 -0.1775 	 -0.3759 	 -0.4040 	 0.2196 	 0.2375 	 -0.1880 	 0.8047 	 1.0175 	 0.3331
2.5551 	 -0.1752 	 -0.3734 	 -0.4059 	 0.2277 	 0.2477 	 -0.1846 	 0.8049 	 1.0192 	 0.3412
2.5651 	 -0.1729 	 -0.3709 	 -0.4077 	 0.2358 	 0.2579 	 -0.1811 	 0.8122 	 1.0288 	 0.3545
2.5752 	 -0.1705 	 -0.3683 	 -0.4095 	 0.2439 	 0.2682 	 -0.1775 	 0.8119 	 1.0301 	 0.3623
2.5852 	 -0.1680 	 -0.3655 	 -0.4112 	 0.2521 	 0.2786 	 -0.1738 	 0.8117 	 1.0316 	 0.3702
2.5952 	 -0.1655 	 -0.3627 	 -0.4130 	 0.2602 	 0.2889 	 -0.1701 	 0.8117 	 1.0335 	 0.3784
2.6052 	 -0.1628 	 -0.3597 	 -0.4146 	 0.2683 	 0.2992 	 -0.1662 	 0.8140 	 1.0318 	 0.3912
2.6152 	 -0.1601 	 -0.3567 	 -0.4163 	 0.2765 	 0.3096 	 -0.1622 	 0.8144 	 1.0346 	 0.3996
2.6253 	 -0.1573 	 -0.3535 	 -0.4179 	 0.2847 	 0.3200 	 -0.1582 	 0.8150 	 1.0378 	 0.4083
2.6353 	 -0.1544 	 -0.3503 	 -0.4195 	 0.2929 	 0.3305 	 -0.1540 	 0.8265 	 1.0532 	 0.4199
2.6453 	 -0.1514 	 -0.3469 	 -0.4210 	 0.3012 	 0.3411 	 -0.1498 	 0.8257 	 1.0545 	 0.4291
2.6553 	 -0.1483 	 -0.3434 	 -0.4225 	 0.3095 	 0.3516 	 -0.1454 	 0.8251 	 1.0561 	 0.4387
2.6653 	 -0.1452 	 -0.3398 	 -0.4239 	 0.3177 	 0.3622 	 -0.1410 	 0.8247 	 1.0579 	 0.4487
2.6754 	 -0.1420 	 -0.3362 	 -0.4253 	 0.3260 	 0.3729 	 -0.1364 	 0.8359 	 1.0720 	 0.4586
2.6854 	 -0.1387 	 -0.3324 	 -0.4266 	 0.3344 	 0.3836 	 -0.1318 	 0.8325 	 1.0724 	 0.4700
2.6954 	 -0.1353 	 -0.3285 	 -0.4279 	 0.3427 	 0.3943 	 -0.1270 	 0.8297 	 1.0716 	 0.4809
2.7054 	 -0.1318 	 -0.3245 	 -0.4292 	 0.3510 	 0.4051 	 -0.1222 	 0.8270 	 1.0708 	 0.4924
2.7154 	 -0.1282 	 -0.3204 	 -0.4304 	 0.3593 	 0.4158 	 -0.1172 	 0.8290 	 1.0742 	 0.5057
2.7255 	 -0.1246 	 -0.3161 	 -0.4315 	 0.3676 	 0.4266 	 -0.1120 	 0.8257 	 1.0730 	 0.5182
2.7355 	 -0.1209 	 -0.3118 	 -0.4326 	 0.3758 	 0.4373 	 -0.1068 	 0.8223 	 1.0719 	 0.5314
2.7455 	 -0.1171 	 -0.3074 	 -0.4337 	 0.3841 	 0.4481 	 -0.1014 	 0.8207 	 1.0749 	 0.5492
2.7555 	 -0.1132 	 -0.3028 	 -0.4347 	 0.3923 	 0.4588 	 -0.0958 	 0.8187 	 1.0767 	 0.5676
2.7655 	 -0.1092 	 -0.2982 	 -0.4356 	 0.4005 	 0.4696 	 -0.0900 	 0.8140 	 1.0737 	 0.5809
2.7756 	 -0.1051 	 -0.2934 	 -0.4365 	 0.4086 	 0.4803 	 -0.0842 	 0.8078 	 1.0644 	 0.5919
2.7856 	 -0.1010 	 -0.2886 	 -0.4373 	 0.4166 	 0.4909 	 -0.0782 	 0.7997 	 1.0549 	 0.6051
2.7956 	 -0.0968 	 -0.2836 	 -0.4380 	 0.4246 	 0.5015 	 -0.0720 	 0.7936 	 1.0505 	 0.6201
2.8056 	 -0.0925 	 -0.2785 	 -0.4387 	 0.4325 	 0.5120 	 -0.0657 	 0.7869 	 1.0461 	 0.6357
2.8156 	 -0.0881 	 -0.2733 	 -0.4393 	 0.4404 	 0.5224 	 -0.0593 	 0.7794 	 1.0416 	 0.6518
2.8257 	 -0.0837 	 -0.2680 	 -0.4399 	 0.4482 	 0.5329 	 -0.0527 	 0.7711 	 1.0370 	 0.6682
2.8357 	 -0.0791 	 -0.2626 	 -0.4404 	 0.4559 	 0.5433 	 -0.0459 	 0.7647 	 1.0362 	 0.6868
2.8457 	 -0.0745 	 -0.2571 	 -0.4408 	 0.4635 	 0.5536 	 -0.0389 	 0.7535 	 1.0292 	 0.7023
2.8557 	 -0.0699 	 -0.2516 	 -0.4412 	 0.4710 	 0.5639 	 -0.0318 	 0.7414 	 1.0216 	 0.7174
2.8657 	 -0.0651 	 -0.2459 	 -0.4415 	 0.4783 	 0.5741 	 -0.0246 	 0.7274 	 1.0135 	 0.7330
2.8758 	 -0.0603 	 -0.2400 	 -0.4417 	 0.4855 	 0.5842 	 -0.0171 	 0.7138 	 1.0046 	 0.7472
2.8858 	 -0.0554 	 -0.2341 	 -0.4418 	 0.4926 	 0.5942 	 -0.0096 	 0.6996 	 0.9947 	 0.7606
2.8958 	 -0.0504 	 -0.2281 	 -0.4419 	 0.4996 	 0.6041 	 -0.0019 	 0.6900 	 0.9925 	 0.7690
2.9058 	 -0.0454 	 -0.2220 	 -0.4418 	 0.5064 	 0.6140 	 0.0058 	 0.6739 	 0.9805 	 0.7821
2.9158 	 -0.0403 	 -0.2158 	 -0.4417 	 0.5131 	 0.6238 	 0.0137 	 0.6590 	 0.9691 	 0.7998
2.9259 	 -0.0351 	 -0.2095 	 -0.4416 	 0.5196 	 0.6334 	 0.0218 	 0.6403 	 0.9533 	 0.8106
2.9359 	 -0.0298 	 -0.2031 	 -0.4413 	 0.5259 	 0.6429 	 0.0300 	 0.6201 	 0.9356 	 0.8203
2.9459 	 -0.0245 	 -0.1967 	 -0.4410 	 0.5320 	 0.6522 	 0.0383 	 0.5992 	 0.9165 	 0.8343
2.9559 	 -0.0192 	 -0.1901 	 -0.4405 	 0.5379 	 0.6612 	 0.0467 	 0.5746 	 0.8932 	 0.8401
2.9659 	 -0.0138 	 -0.1834 	 -0.4400 	 0.5435 	 0.6701 	 0.0552 	 0.5482 	 0.8681 	 0.8492
2.9760 	 -0.0083 	 -0.1767 	 -0.4394 	 0.5489 	 0.6786 	 0.0637 	 0.5176 	 0.8365 	 0.8494
2.9860 	 -0.0028 	 -0.1698 	 -0.4387 	 0.5539 	 0.6868 	 0.0722 	 0.4837 	 0.7994 	 0.8470
2.9960 	 0.0028 	 -0.1629 	 -0.4380 	 0.5586 	 0.6946 	 0.0806 	 0.4503 	 0.7577 	 0.8379
3.0060 	 0.0084 	 -0.1559 	 -0.4371 	 0.5629 	 0.7020 	 0.0890 	 0.4131 	 0.7107 	 0.8370
3.0160 	 0.0141 	 -0.1488 	 -0.4362 	 0.5669 	 0.7089 	 0.0974 	 0.3740 	 0.6621 	 0.8376
3.0261 	 0.0198 	 -0.1417 	 -0.4352 	 0.5704 	 0.7152 	 0.1057 	 0.3300 	 0.6008 	 0.8262
3.0361 	 0.0255 	 -0.1345 	 -0.4341 	 0.5734 	 0.7208 	 0.1140 	 0.2777 	 0.5268 	 0.8182
3.0461 	 0.0313 	 -0.1273 	 -0.4329 	 0.5759 	 0.7257 	 0.1221 	 0.2216 	 0.4461 	 0.8141
3.0561 	 0.0370 	 -0.1200 	 -0.4316 	 0.5778 	 0.7297 	 0.1302 	 0.1554 	 0.3496 	 0.8004
3.0661 	 0.0428 	 -0.1126 	 -0.4303 	 0.5790 	 0.7327 	 0.1382 	 0.0779 	 0.2487 	 0.7877
3.0762 	 0.0486 	 -0.1053 	 -0.4289 	 0.5794 	 0.7347 	 0.1460 	 -0.0067 	 0.1552 	 0.7679
3.0862 	 0.0544 	 -0.0979 	 -0.4274 	 0.5789 	 0.7359 	 0.1536 	 -0.0782 	 0.0756 	 0.7426
3.0962 	 0.0602 	 -0.0905 	 -0.4258 	 0.5778 	 0.7362 	 0.1609 	 -0.1380 	 0.0013 	 0.7261
3.1062 	 0.0660 	 -0.0832 	 -0.4241 	 0.5762 	 0.7359 	 0.1681 	 -0.1884 	 -0.0650 	 0.7130
3.1162 	 0.0718 	 -0.0758 	 -0.4224 	 0.5741 	 0.7350 	 0.1752 	 -0.2316 	 -0.1239 	 0.7017
3.1263 	 0.0775 	 -0.0684 	 -0.4206 	 0.5716 	 0.7334 	 0.1823 	 -0.2677 	 -0.1768 	 0.6967
3.1363 	 0.0832 	 -0.0611 	 -0.4188 	 0.5687 	 0.7314 	 0.1892 	 -0.3012 	 -0.2249 	 0.6853
3.1463 	 0.0889 	 -0.0538 	 -0.4168 	 0.5656 	 0.7290 	 0.1960 	 -0.3307 	 -0.2694 	 0.6741
3.1563 	 0.0946 	 -0.0465 	 -0.4148 	 0.5621 	 0.7260 	 0.2027 	 -0.3537 	 -0.3114 	 0.6574
3.1663 	 0.1002 	 -0.0392 	 -0.4128 	 0.5585 	 0.7227 	 0.2092 	 -0.3700 	 -0.3512 	 0.6501
3.1764 	 0.1058 	 -0.0320 	 -0.4106 	 0.5547 	 0.7189 	 0.2158 	 -0.3990 	 -0.4020 	 0.6538
3.1864 	 0.1113 	 -0.0248 	 -0.4085 	 0.5505 	 0.7147 	 0.2223 	 -0.4418 	 -0.4477 	 0.6455
3.1964 	 0.1168 	 -0.0177 	 -0.4062 	 0.5459 	 0.7100 	 0.2286 	 -0.4664 	 -0.4779 	 0.6180
3.2064 	 0.1222 	 -0.0106 	 -0.4039 	 0.5411 	 0.7050 	 0.2347 	 -0.4910 	 -0.5102 	 0.6015
3.2164 	 0.1276 	 -0.0036 	 -0.4015 	 0.5361 	 0.6998 	 0.2406 	 -0.5101 	 -0.5364 	 0.5741
3.2265 	 0.1330 	 0.0034 	 -0.3990 	 0.5309 	 0.6943 	 0.2463 	 -0.5270 	 -0.5683 	 0.5506
3.2365 	 0.1383 	 0.0103 	 -0.3966 	 0.5255 	 0.6884 	 0.2517 	 -0.5421 	 -0.6002 	 0.5267
3.2465 	 0.1435 	 0.0172 	 -0.3940 	 0.5200 	 0.6823 	 0.2569 	 -0.5524 	 -0.6294 	 0.5080
3.2565 	 0.1487 	 0.0240 	 -0.3914 	 0.5144 	 0.6758 	 0.2619 	 -0.5664 	 -0.6632 	 0.4858
3.2665 	 0.1538 	 0.0307 	 -0.3888 	 0.5087 	 0.6690 	 0.2666 	 -0.5825 	 -0.6981 	 0.4654
3.2766 	 0.1589 	 0.0374 	 -0.3861 	 0.5028 	 0.6618 	 0.2712 	 -0.6008 	 -0.7307 	 0.4468
3.2866 	 0.1639 	 0.0440 	 -0.3833 	 0.4967 	 0.6544 	 0.2756 	 -0.6183 	 -0.7534 	 0.4270
3.2966 	 0.1688 	 0.0505 	 -0.3805 	 0.4904 	 0.6467 	 0.2797 	 -0.6357 	 -0.7804 	 0.4043
3.3066 	 0.1737 	 0.0570 	 -0.3777 	 0.4839 	 0.6387 	 0.2837 	 -0.6522 	 -0.8068 	 0.3779
3.3166 	 0.1785 	 0.0633 	 -0.3749 	 0.4773 	 0.6305 	 0.2873 	 -0.6688 	 -0.8331 	 0.3480
3.3267 	 0.1833 	 0.0696 	 -0.3720 	 0.4705 	 0.6220 	 0.2906 	 -0.6865 	 -0.8588 	 0.3156
3.3367 	 0.1880 	 0.0758 	 -0.3690 	 0.4635 	 0.6133 	 0.2936 	 -0.7061 	 -0.8825 	 0.2831
3.3467 	 0.1926 	 0.0819 	 -0.3661 	 0.4564 	 0.6044 	 0.2963 	 -0.7188 	 -0.8950 	 0.2479
3.3567 	 0.1971 	 0.0879 	 -0.3631 	 0.4491 	 0.5953 	 0.2986 	 -0.7374 	 -0.9119 	 0.2203
3.3667 	 0.2016 	 0.0938 	 -0.3601 	 0.4416 	 0.5861 	 0.3007 	 -0.7502 	 -0.9181 	 0.2000
3.3768 	 0.2060 	 0.0996 	 -0.3571 	 0.4340 	 0.5769 	 0.3026 	 -0.7608 	 -0.9285 	 0.1772
3.3868 	 0.2103 	 0.1054 	 -0.3540 	 0.4264 	 0.5675 	 0.3043 	 -0.7711 	 -0.9371 	 0.1604
3.3968 	 0.2145 	 0.1110 	 -0.3510 	 0.4186 	 0.5581 	 0.3058 	 -0.7798 	 -0.9475 	 0.1472
3.4068 	 0.2187 	 0.1166 	 -0.3479 	 0.4107 	 0.5485 	 0.3072 	 -0.7882 	 -0.9609 	 0.1317
3.4168 	 0.2227 	 0.1220 	 -0.3448 	 0.4028 	 0.5389 	 0.3085 	 -0.7927 	 -0.9688 	 0.1224
3.4269 	 0.2267 	 0.1274 	 -0.3417 	 0.3949 	 0.5291 	 0.3097 	 -0.7928 	 -0.9758 	 0.1121
3.4369 	 0.2306 	 0.1326 	 -0.3386 	 0.3869 	 0.5193 	 0.3107 	 -0.7966 	 -0.9843 	 0.1003
3.4469 	 0.2345 	 0.1378 	 -0.3355 	 0.3789 	 0.5094 	 0.3117 	 -0.8002 	 -0.9917 	 0.0889
3.4569 	 0.2382 	 0.1428 	 -0.3324 	 0.3709 	 0.4995 	 0.3125 	 -0.7981 	 -0.9952 	 0.0814
3.4669 	 0.2419 	 0.1478 	 -0.3292 	 0.3629 	 0.4895 	 0.3133 	 -0.7972 	 -0.9971 	 0.0663
3.4770 	 0.2455 	 0.1526 	 -0.3261 	 0.3549 	 0.4795 	 0.3139 	 -0.7955 	 -0.9979 	 0.0599
3.4870 	 0.2490 	 0.1574 	 -0.3230 	 0.3469 	 0.4694 	 0.3145 	 -0.7970 	 -1.0014 	 0.0499
3.4970 	 0.2525 	 0.1620 	 -0.3198 	 0.3389 	 0.4594 	 0.3149 	 -0.7984 	 -1.0045 	 0.0402
3.5070 	 0.2558 	 0.1666 	 -0.3166 	 0.3310 	 0.4494 	 0.3153 	 -0.7975 	 -0.9959 	 0.0363
3.5170 	 0.2591 	 0.1710 	 -0.3135 	 0.3230 	 0.4394 	 0.3156 	 -0.7985 	 -0.9972 	 0.0278
3.5271 	 0.2623 	 0.1754 	 -0.3103 	 0.3150 	 0.4294 	 0.3158 	 -0.7961 	 -0.9917 	 0.0166
3.5371 	 0.2654 	 0.1796 	 -0.3072 	 0.3070 	 0.4195 	 0.3159 	 -0.7963 	 -0.9913 	 0.0079
3.5471 	 0.2684 	 0.1838 	 -0.3040 	 0.2990 	 0.4096 	 0.3160 	 -0.7994 	 -0.9861 	 0.0007
3.5571 	 0.2714 	 0.1879 	 -0.3008 	 0.2910 	 0.3997 	 0.3160 	 -0.7992 	 -0.9864 	 -0.0077
3.5671 	 0.2743 	 0.1918 	 -0.2977 	 0.2830 	 0.3899 	 0.3159 	 -0.7956 	 -0.9811 	 -0.0144
3.5772 	 0.2771 	 0.1957 	 -0.2945 	 0.2750 	 0.3800 	 0.3157 	 -0.7950 	 -0.9809 	 -0.0225
3.5872 	 0.2798 	 0.1994 	 -0.2913 	 0.2671 	 0.3702 	 0.3154 	 -0.7874 	 -0.9706 	 -0.0249
3.5972 	 0.2824 	 0.2031 	 -0.2882 	 0.2592 	 0.3605 	 0.3152 	 -0.7858 	 -0.9692 	 -0.0318
3.6072 	 0.2850 	 0.2067 	 -0.2850 	 0.2514 	 0.3509 	 0.3148 	 -0.7804 	 -0.9621 	 -0.0318
3.6172 	 0.2875 	 0.2101 	 -0.2819 	 0.2436 	 0.3413 	 0.3145 	 -0.7692 	 -0.9516 	 -0.0330
3.6273 	 0.2899 	 0.2135 	 -0.2787 	 0.2359 	 0.3318 	 0.3141 	 -0.7702 	 -0.9422 	 -0.0377
3.6373 	 0.2922 	 0.2168 	 -0.2756 	 0.2282 	 0.3223 	 0.3137 	 -0.7670 	 -0.9379 	 -0.0428
3.6473 	 0.2944 	 0.2200 	 -0.2724 	 0.2206 	 0.3130 	 0.3133 	 -0.7537 	 -0.9184 	 -0.0449
3.6573 	 0.2966 	 0.2230 	 -0.2693 	 0.2131 	 0.3039 	 0.3128 	 -0.7427 	 -0.8994 	 -0.0414
3.6673 	 0.2987 	 0.2260 	 -0.2662 	 0.2057 	 0.2950 	 0.3124 	 -0.7262 	 -0.8790 	 -0.0476
3.6774 	 0.3007 	 0.2290 	 -0.2630 	 0.1985 	 0.2863 	 0.3119 	 -0.7176 	 -0.8687 	 -0.0521
3.6874 	 0.3027 	 0.2318 	 -0.2599 	 0.1913 	 0.2776 	 0.3114 	 -0.7093 	 -0.8649 	 -0.0561
3.6974 	 0.3046 	 0.2345 	 -0.2568 	 0.1842 	 0.2689 	 0.3108 	 -0.7011 	 -0.8557 	 -0.0609
3.7074 	 0.3064 	 0.2372 	 -0.2537 	 0.1774 	 0.2606 	 0.3101 	 -0.6736 	 -0.8190 	 -0.0655
3.7174 	 0.3081 	 0.2397 	 -0.2506 	 0.1707 	 0.2524 	 0.3095 	 -0.6681 	 -0.8129 	 -0.0705
3.7275 	 0.3098 	 0.2422 	 -0.2475 	 0.1640 	 0.2443 	 0.3088 	 -0.6522 	 -0.8017 	 -0.0715
3.7375 	 0.3114 	 0.2446 	 -0.2444 	 0.1576 	 0.2364 	 0.3080 	 -0.6389 	 -0.7861 	 -0.0762
3.7475 	 0.3130 	 0.2470 	 -0.2413 	 0.1512 	 0.2285 	 0.3072 	 -0.6257 	 -0.7703 	 -0.0799
3.7575 	 0.3144 	 0.2492 	 -0.2382 	 0.1450 	 0.2208 	 0.3064 	 -0.6165 	 -0.7594 	 -0.0832
3.7675 	 0.3159 	 0.2514 	 -0.2352 	 0.1389 	 0.2133 	 0.3056 	 -0.6032 	 -0.7432 	 -0.0867
3.7776 	 0.3172 	 0.2535 	 -0.2321 	 0.1329 	 0.2060 	 0.3047 	 -0.5931 	 -0.7329 	 -0.0910
3.7876 	 0.3185 	 0.2555 	 -0.2291 	 0.1270 	 0.1987 	 0.3038 	 -0.5843 	 -0.7221 	 -0.0936
3.7976 	 0.3198 	 0.2575 	 -0.2260 	 0.1212 	 0.1915 	 0.3028 	 -0.5751 	 -0.7113 	 -0.0971
3.8076 	 0.3210 	 0.2594 	 -0.2230 	 0.1155 	 0.1844 	 0.3018 	 -0.5699 	 -0.7060 	 -0.1011
3.8176 	 0.3221 	 0.2612 	 -0.2200 	 0.1098 	 0.1773 	 0.3008 	 -0.5650 	 -0.7010 	 -0.1050
3.8277 	 0.3232 	 0.2629 	 -0.2170 	 0.1042 	 0.1703 	 0.2997 	 -0.5602 	 -0.6963 	 -0.1089
3.8377 	 0.3242 	 0.2646 	 -0.2140 	 0.0986 	 0.1634 	 0.2986 	 -0.5557 	 -0.6920 	 -0.1128
3.8477 	 0.3251 	 0.2662 	 -0.2110 	 0.0930 	 0.1565 	 0.2974 	 -0.5515 	 -0.6880 	 -0.1167
3.8577 	 0.3260 	 0.2677 	 -0.2080 	 0.0875 	 0.1496 	 0.2962 	 -0.5474 	 -0.6843 	 -0.1206
3.8677 	 0.3269 	 0.2692 	 -0.2050 	 0.0821 	 0.1428 	 0.2950 	 -0.5400 	 -0.6756 	 -0.1235
3.8778 	 0.3277 	 0.2706 	 -0.2021 	 0.0767 	 0.1360 	 0.2938 	 -0.5362 	 -0.6722 	 -0.1272
3.8878 	 0.3284 	 0.2719 	 -0.1992 	 0.0713 	 0.1293 	 0.2925 	 -0.5326 	 -0.6691 	 -0.1309
3.8978 	 0.3291 	 0.2732 	 -0.1962 	 0.0660 	 0.1227 	 0.2912 	 -0.5255 	 -0.6610 	 -0.1336
3.9078 	 0.3297 	 0.2744 	 -0.1933 	 0.0608 	 0.1160 	 0.2898 	 -0.5222 	 -0.6583 	 -0.1372
3.9178 	 0.3303 	 0.2755 	 -0.1904 	 0.0556 	 0.1095 	 0.2884 	 -0.5191 	 -0.6559 	 -0.1407
3.9279 	 0.3309 	 0.2766 	 -0.1875 	 0.0504 	 0.1029 	 0.2870 	 -0.5176 	 -0.6588 	 -0.1468
3.9379 	 0.3313 	 0.2776 	 -0.1847 	 0.0452 	 0.0963 	 0.2855 	 -0.5147 	 -0.6563 	 -0.1500
3.9479 	 0.3318 	 0.2785 	 -0.1818 	 0.0400 	 0.0897 	 0.2839 	 -0.5120 	 -0.6541 	 -0.1530
3.9579 	 0.3321 	 0.2794 	 -0.1790 	 0.0349 	 0.0832 	 0.2824 	 -0.5095 	 -0.6521 	 -0.1561
3.9679 	 0.3325 	 0.2802 	 -0.1762 	 0.0298 	 0.0766 	 0.2808 	 -0.5071 	 -0.6504 	 -0.1591
3.9780 	 0.3327 	 0.2809 	 -0.1734 	 0.0248 	 0.0701 	 0.2792 	 -0.5049 	 -0.6489 	 -0.1622
3.9880 	 0.3330 	 0.2816 	 -0.1706 	 0.0197 	 0.0636 	 0.2776 	 -0.5029 	 -0.6477 	 -0.1652
3.9980 	 0.3331 	 0.2822 	 -0.1678 	 0.0147 	 0.0571 	 0.2759 	 -0.5011 	 -0.6467 	 -0.1682
4.0080 	 0.3333 	 0.2827 	 -0.1650 	 0.0097 	 0.0507 	 0.2742 	 -0.4994 	 -0.6459 	 -0.1712
4.0180 	 0.3333 	 0.2832 	 -0.1623 	 0.0047 	 0.0442 	 0.2725 	 -0.4979 	 -0.6453 	 -0.1742
4.0281 	 0.3334 	 0.2836 	 -0.1596 	 -0.0003 	 0.0377 	 0.2707 	 -0.4966 	 -0.6450 	 -0.1772
4.0381 	 0.3333 	 0.2839 	 -0.1569 	 -0.0053 	 0.0313 	 0.2689 	 -0.4954 	 -0.6448 	 -0.1801
4.0481 	 0.3332 	 0.2842 	 -0.1542 	 -0.0102 	 0.0248 	 0.2671 	 -0.4944 	 -0.6449 	 -0.1831
4.0581 	 0.3331 	 0.2844 	 -0.1515 	 -0.0152 	 0.0183 	 0.2652 	 -0.4935 	 -0.6452 	 -0.1861
4.0681 	 0.3329 	 0.2846 	 -0.1489 	 -0.0201 	 0.0119 	 0.2634 	 -0.4929 	 -0.6456 	 -0.1891
4.0782 	 0.3327 	 0.2847 	 -0.1462 	 -0.0251 	 0.0054 	 0.2615 	 -0.4923 	 -0.6463 	 -0.1921
4.0882 	 0.3324 	 0.2847 	 -0.1436 	 -0.0300 	 -0.0011 	 0.2595 	 -0.4920 	 -0.6471 	 -0.1951
4.0982 	 0.3321 	 0.2847 	 -0.1410 	 -0.0349 	 -0.0076 	 0.2576 	 -0.4885 	 -0.6490 	 -0.1929
4.1082 	 0.3317 	 0.2846 	 -0.1385 	 -0.0398 	 -0.0141 	 0.2556 	 -0.4886 	 -0.6502 	 -0.1962
4.1182 	 0.3313 	 0.2844 	 -0.1359 	 -0.0447 	 -0.0206 	 0.2537 	 -0.4895 	 -0.6571 	 -0.1964
4.1283 	 0.3308 	 0.2841 	 -0.1334 	 -0.0496 	 -0.0272 	 0.2517 	 -0.4900 	 -0.6587 	 -0.1997
4.1383 	 0.3303 	 0.2838 	 -0.1309 	 -0.0545 	 -0.0338 	 0.2497 	 -0.4906 	 -0.6605 	 -0.2030
4.1483 	 0.3298 	 0.2835 	 -0.1284 	 -0.0594 	 -0.0404 	 0.2476 	 -0.4915 	 -0.6625 	 -0.2064
4.1583 	 0.3291 	 0.2830 	 -0.1259 	 -0.0644 	 -0.0471 	 0.2455 	 -0.4925 	 -0.6646 	 -0.2098
4.1683 	 0.3285 	 0.2825 	 -0.1235 	 -0.0693 	 -0.0538 	 0.2434 	 -0.4936 	 -0.6670 	 -0.2133
4.1784 	 0.3277 	 0.2819 	 -0.1210 	 -0.0743 	 -0.0605 	 0.2413 	 -0.4950 	 -0.6696 	 -0.2168
4.1884 	 0.3270 	 0.2813 	 -0.1186 	 -0.0792 	 -0.0672 	 0.2391 	 -0.4965 	 -0.6723 	 -0.2204
4.1984 	 0.3262 	 0.2806 	 -0.1162 	 -0.0842 	 -0.0739 	 0.2368 	 -0.4982 	 -0.6753 	 -0.2241
4.2084 	 0.3253 	 0.2798 	 -0.1139 	 -0.0892 	 -0.0807 	 0.2346 	 -0.5000 	 -0.6786 	 -0.2279
4.2184 	 0.3244 	 0.2790 	 -0.1115 	 -0.0942 	 -0.0875 	 0.2323 	 -0.5021 	 -0.6821 	 -0.2318
4.2285 	 0.3234 	 0.2781 	 -0.1092 	 -0.0993 	 -0.0945 	 0.2299 	 -0.5164 	 -0.7002 	 -0.2368
4.2385 	 0.3224 	 0.2771 	 -0.1069 	 -0.1046 	 -0.1015 	 0.2275 	 -0.5258 	 -0.7130 	 -0.2440
4.2485 	 0.3213 	 0.2760 	 -0.1047 	 -0.1098 	 -0.1087 	 0.2250 	 -0.5275 	 -0.7161 	 -0.2483
4.2585 	 0.3202 	 0.2749 	 -0.1024 	 -0.1151 	 -0.1159 	 0.2225 	 -0.5294 	 -0.7194 	 -0.2527
4.2685 	 0.3190 	 0.2737 	 -0.1002 	 -0.1205 	 -0.1232 	 0.2200 	 -0.5357 	 -0.7275 	 -0.2581
4.2786 	 0.3178 	 0.2724 	 -0.0980 	 -0.1259 	 -0.1305 	 0.2174 	 -0.5407 	 -0.7355 	 -0.2658
4.2886 	 0.3165 	 0.2711 	 -0.0959 	 -0.1313 	 -0.1379 	 0.2147 	 -0.5420 	 -0.7383 	 -0.2702
4.2986 	 0.3151 	 0.2697 	 -0.0937 	 -0.1367 	 -0.1453 	 0.2119 	 -0.5435 	 -0.7414 	 -0.2747
4.3086 	 0.3137 	 0.2682 	 -0.0916 	 -0.1422 	 -0.1527 	 0.2092 	 -0.5451 	 -0.7447 	 -0.2794
4.3186 	 0.3123 	 0.2666 	 -0.0895 	 -0.1477 	 -0.1603 	 0.2063 	 -0.5540 	 -0.7578 	 -0.2868
4.3287 	 0.3108 	 0.2650 	 -0.0875 	 -0.1533 	 -0.1679 	 0.2034 	 -0.5593 	 -0.7646 	 -0.2949
4.3387 	 0.3092 	 0.2633 	 -0.0855 	 -0.1589 	 -0.1756 	 0.2004 	 -0.5606 	 -0.7681 	 -0.3000
4.3487 	 0.3076 	 0.2615 	 -0.0835 	 -0.1645 	 -0.1833 	 0.1974 	 -0.5659 	 -0.7760 	 -0.3041
4.3587 	 0.3059 	 0.2596 	 -0.0815 	 -0.1702 	 -0.1911 	 0.1943 	 -0.5668 	 -0.7791 	 -0.3102
4.3687 	 0.3042 	 0.2576 	 -0.0796 	 -0.1759 	 -0.1989 	 0.1912 	 -0.5649 	 -0.7773 	 -0.3134
4.3788 	 0.3024 	 0.2556 	 -0.0777 	 -0.1816 	 -0.2067 	 0.1880 	 -0.5655 	 -0.7802 	 -0.3196
4.3888 	 0.3005 	 0.2535 	 -0.0758 	 -0.1873 	 -0.2146 	 0.1847 	 -0.5701 	 -0.7917 	 -0.3317
4.3988 	 0.2986 	 0.2513 	 -0.0740 	 -0.1930 	 -0.2226 	 0.1814 	 -0.5703 	 -0.7941 	 -0.3374
4.4088 	 0.2967 	 0.2490 	 -0.0722 	 -0.1987 	 -0.2306 	 0.1780 	 -0.5727 	 -0.8020 	 -0.3446
4.4188 	 0.2946 	 0.2467 	 -0.0704 	 -0.2044 	 -0.2386 	 0.1745 	 -0.5727 	 -0.8042 	 -0.3508
4.4289 	 0.2926 	 0.2442 	 -0.0687 	 -0.2102 	 -0.2467 	 0.1709 	 -0.5772 	 -0.8103 	 -0.3570
4.4389 	 0.2904 	 0.2417 	 -0.0670 	 -0.2161 	 -0.2549 	 0.1673 	 -0.5823 	 -0.8136 	 -0.3636
4.4489 	 0.2882 	 0.2391 	 -0.0653 	 -0.2219 	 -0.2630 	 0.1636 	 -0.5808 	 -0.8161 	 -0.3708
4.4589 	 0.2860 	 0.2365 	 -0.0637 	 -0.2277 	 -0.2712 	 0.1599 	 -0.5794 	 -0.8189 	 -0.3783
4.4689 	 0.2837 	 0.2337 	 -0.0621 	 -0.2335 	 -0.2795 	 0.1561 	 -0.5804 	 -0.8274 	 -0.3886
4.4790 	 0.2813 	 0.2309 	 -0.0606 	 -0.2393 	 -0.2878 	 0.1521 	 -0.5788 	 -0.8304 	 -0.3964
4.4890 	 0.2789 	 0.2279 	 -0.0591 	 -0.2451 	 -0.2961 	 0.1481 	 -0.5775 	 -0.8340 	 -0.4046
4.4990 	 0.2764 	 0.2249 	 -0.0576 	 -0.2509 	 -0.3045 	 0.1440 	 -0.5807 	 -0.8430 	 -0.4140
4.5090 	 0.2739 	 0.2218 	 -0.0562 	 -0.2567 	 -0.3130 	 0.1398 	 -0.5813 	 -0.8539 	 -0.4250
4.5190 	 0.2713 	 0.2186 	 -0.0548 	 -0.2625 	 -0.3215 	 0.1355 	 -0.5808 	 -0.8591 	 -0.4370
4.5291 	 0.2686 	 0.2154 	 -0.0535 	 -0.2684 	 -0.3302 	 0.1310 	 -0.5812 	 -0.8695 	 -0.4541
4.5391 	 0.2659 	 0.2120 	 -0.0522 	 -0.2742 	 -0.3390 	 0.1264 	 -0.5869 	 -0.8812 	 -0.4734
4.5491 	 0.2631 	 0.2086 	 -0.0509 	 -0.2801 	 -0.3479 	 0.1215 	 -0.5912 	 -0.8945 	 -0.4941
4.5591 	 0.2603 	 0.2051 	 -0.0497 	 -0.2860 	 -0.3568 	 0.1165 	 -0.5847 	 -0.8921 	 -0.5097
4.5691 	 0.2574 	 0.2014 	 -0.0486 	 -0.2918 	 -0.3658 	 0.1113 	 -0.5797 	 -0.8935 	 -0.5276
4.5792 	 0.2544 	 0.1977 	 -0.0475 	 -0.2976 	 -0.3747 	 0.1060 	 -0.5717 	 -0.8908 	 -0.5401
4.5892 	 0.2514 	 0.1939 	 -0.0465 	 -0.3033 	 -0.3836 	 0.1005 	 -0.5635 	 -0.8884 	 -0.5519
4.5992 	 0.2483 	 0.1900 	 -0.0455 	 -0.3089 	 -0.3925 	 0.0949 	 -0.5550 	 -0.8864 	 -0.5632
4.6092 	 0.2452 	 0.1861 	 -0.0446 	 -0.3144 	 -0.4014 	 0.0892 	 -0.5489 	 -0.8886 	 -0.5783
4.6192 	 0.2420 	 0.1820 	 -0.0437 	 -0.3199 	 -0.4104 	 0.0833 	 -0.5423 	 -0.8909 	 -0.5928
4.6293 	 0.2388 	 0.1778 	 -0.0429 	 -0.3253 	 -0.4193 	 0.0773 	 -0.5350 	 -0.8930 	 -0.6077
4.6393 	 0.2355 	 0.1736 	 -0.0422 	 -0.3306 	 -0.4283 	 0.0711 	 -0.5254 	 -0.8912 	 -0.6183
4.6493 	 0.2322 	 0.1693 	 -0.0415 	 -0.3358 	 -0.4372 	 0.0649 	 -0.5156 	 -0.8895 	 -0.6291
4.6593 	 0.2288 	 0.1648 	 -0.0409 	 -0.3410 	 -0.4461 	 0.0585 	 -0.5081 	 -0.8915 	 -0.6361
4.6693 	 0.2253 	 0.1603 	 -0.0403 	 -0.3460 	 -0.4550 	 0.0521 	 -0.4974 	 -0.8891 	 -0.6484
4.6794 	 0.2219 	 0.1557 	 -0.0398 	 -0.3509 	 -0.4639 	 0.0455 	 -0.4887 	 -0.8906 	 -0.6656
4.6894 	 0.2183 	 0.1510 	 -0.0394 	 -0.3558 	 -0.4729 	 0.0387 	 -0.4792 	 -0.8913 	 -0.6827
4.6994 	 0.2147 	 0.1462 	 -0.0391 	 -0.3605 	 -0.4818 	 0.0318 	 -0.4678 	 -0.8927 	 -0.6968
4.7094 	 0.2111 	 0.1414 	 -0.0388 	 -0.3652 	 -0.4908 	 0.0247 	 -0.4610 	 -0.8986 	 -0.7223
4.7194 	 0.2074 	 0.1364 	 -0.0386 	 -0.3698 	 -0.4998 	 0.0174 	 -0.4519 	 -0.8987 	 -0.7420
4.7295 	 0.2037 	 0.1313 	 -0.0384 	 -0.3742 	 -0.5087 	 0.0099 	 -0.4386 	 -0.8900 	 -0.7518
4.7395 	 0.1999 	 0.1262 	 -0.0384 	 -0.3785 	 -0.5176 	 0.0023 	 -0.4253 	 -0.8808 	 -0.7617
4.7495 	 0.1961 	 0.1210 	 -0.0384 	 -0.3827 	 -0.5264 	 -0.0053 	 -0.4092 	 -0.8720 	 -0.7654
4.7595 	 0.1922 	 0.1157 	 -0.0385 	 -0.3868 	 -0.5351 	 -0.0131 	 -0.3968 	 -0.8656 	 -0.7795
4.7695 	 0.1883 	 0.1102 	 -0.0386 	 -0.3907 	 -0.5438 	 -0.0209 	 -0.3880 	 -0.8631 	 -0.7903
4.7796 	 0.1844 	 0.1048 	 -0.0389 	 -0.3945 	 -0.5524 	 -0.0289 	 -0.3774 	 -0.8591 	 -0.8084
4.7896 	 0.1804 	 0.0992 	 -0.0392 	 -0.3982 	 -0.5610 	 -0.0371 	 -0.3637 	 -0.8464 	 -0.8160
4.7996 	 0.1764 	 0.0935 	 -0.0396 	 -0.4018 	 -0.5694 	 -0.0453 	 -0.3509 	 -0.8358 	 -0.8286
4.8096 	 0.1724 	 0.0878 	 -0.0401 	 -0.4053 	 -0.5777 	 -0.0536 	 -0.3397 	 -0.8231 	 -0.8317
4.8196 	 0.1683 	 0.0819 	 -0.0407 	 -0.4087 	 -0.5859 	 -0.0621 	 -0.3268 	 -0.8112 	 -0.8495
4.8297 	 0.1642 	 0.0760 	 -0.0414 	 -0.4119 	 -0.5940 	 -0.0707 	 -0.3120 	 -0.7946 	 -0.8608
4.8397 	 0.1601 	 0.0700 	 -0.0421 	 -0.4149 	 -0.6018 	 -0.0793 	 -0.2958 	 -0.7727 	 -0.8664
4.8497 	 0.1559 	 0.0640 	 -0.0430 	 -0.4178 	 -0.6095 	 -0.0880 	 -0.2791 	 -0.7488 	 -0.8716
4.8597 	 0.1517 	 0.0578 	 -0.0439 	 -0.4205 	 -0.6168 	 -0.0968 	 -0.2617 	 -0.7224 	 -0.8764
4.8697 	 0.1475 	 0.0516 	 -0.0449 	 -0.4230 	 -0.6239 	 -0.1056 	 -0.2434 	 -0.6934 	 -0.8810
4.8798 	 0.1432 	 0.0453 	 -0.0460 	 -0.4254 	 -0.6307 	 -0.1144 	 -0.2240 	 -0.6595 	 -0.8794
4.8898 	 0.1389 	 0.0390 	 -0.0472 	 -0.4275 	 -0.6372 	 -0.1233 	 -0.2019 	 -0.6256 	 -0.8896
4.8998 	 0.1346 	 0.0326 	 -0.0485 	 -0.4295 	 -0.6432 	 -0.1322 	 -0.1857 	 -0.5843 	 -0.8959
4.9098 	 0.1303 	 0.0261 	 -0.0498 	 -0.4312 	 -0.6489 	 -0.1412 	 -0.1626 	 -0.5436 	 -0.9006
4.9198 	 0.1260 	 0.0196 	 -0.0513 	 -0.4327 	 -0.6541 	 -0.1503 	 -0.1374 	 -0.5014 	 -0.9064
4.9299 	 0.1217 	 0.0130 	 -0.0529 	 -0.4340 	 -0.6589 	 -0.1594 	 -0.1101 	 -0.4584 	 -0.9134
4.9399 	 0.1173 	 0.0064 	 -0.0545 	 -0.4349 	 -0.6633 	 -0.1686 	 -0.0811 	 -0.4177 	 -0.9269
4.9499 	 0.1129 	 -0.0003 	 -0.0562 	 -0.4356 	 -0.6673 	 -0.1779 	 -0.0516 	 -0.3749 	 -0.9343
4.9599 	 0.1086 	 -0.0070 	 -0.0581 	 -0.4359 	 -0.6708 	 -0.1873 	 -0.0219 	 -0.3326 	 -0.9415
4.9699 	 0.1042 	 -0.0138 	 -0.0600 	 -0.4360 	 -0.6739 	 -0.1968 	 0.0073 	 -0.2903 	 -0.9480
4.9800 	 0.0998 	 -0.0205 	 -0.0620 	 -0.4358 	 -0.6766 	 -0.2063 	 0.0316 	 -0.2496 	 -0.9499
4.9900 	 0.0955 	 -0.0273 	 -0.0641 	 -0.4353 	 -0.6789 	 -0.2158 	 0.0607 	 -0.2031 	 -0.9540
