100-Body Run with i = 50 th particle. (Units in pc,M_solar,Myr, km s-1) 

time		 x 		 y 		 z 		 xdot 		 ydot 		 zdot 		 xddot 		 yddot 		 zddot
0.0000 	 -0.3047 	 -0.8848 	 -0.3435 	 0.0038 	 0.0311 	 0.0123 	 0.0984 	 0.2164 	 0.0320
0.0100 	 -0.3047 	 -0.8845 	 -0.3434 	 0.0047 	 0.0332 	 0.0126 	 0.0985 	 0.2165 	 0.0320
0.0200 	 -0.3046 	 -0.8841 	 -0.3432 	 0.0057 	 0.0354 	 0.0129 	 0.0986 	 0.2165 	 0.0321
0.0301 	 -0.3046 	 -0.8838 	 -0.3431 	 0.0067 	 0.0376 	 0.0132 	 0.0987 	 0.2166 	 0.0321
0.0401 	 -0.3045 	 -0.8834 	 -0.3430 	 0.0077 	 0.0398 	 0.0136 	 0.0988 	 0.2167 	 0.0321
0.0501 	 -0.3044 	 -0.8830 	 -0.3428 	 0.0087 	 0.0419 	 0.0139 	 0.0989 	 0.2168 	 0.0322
0.0601 	 -0.3043 	 -0.8825 	 -0.3427 	 0.0097 	 0.0441 	 0.0142 	 0.0990 	 0.2169 	 0.0322
0.0701 	 -0.3042 	 -0.8821 	 -0.3426 	 0.0107 	 0.0463 	 0.0145 	 0.0991 	 0.2170 	 0.0323
0.0802 	 -0.3041 	 -0.8816 	 -0.3424 	 0.0117 	 0.0484 	 0.0148 	 0.0992 	 0.2171 	 0.0324
0.0902 	 -0.3040 	 -0.8811 	 -0.3423 	 0.0127 	 0.0506 	 0.0152 	 0.0993 	 0.2173 	 0.0324
0.1002 	 -0.3039 	 -0.8806 	 -0.3421 	 0.0137 	 0.0528 	 0.0155 	 0.0994 	 0.2175 	 0.0325
0.1102 	 -0.3037 	 -0.8801 	 -0.3419 	 0.0147 	 0.0550 	 0.0158 	 0.0996 	 0.2177 	 0.0326
0.1202 	 -0.3036 	 -0.8795 	 -0.3418 	 0.0157 	 0.0572 	 0.0161 	 0.0997 	 0.2179 	 0.0326
0.1303 	 -0.3034 	 -0.8789 	 -0.3416 	 0.0167 	 0.0594 	 0.0165 	 0.0999 	 0.2181 	 0.0327
0.1403 	 -0.3032 	 -0.8783 	 -0.3415 	 0.0177 	 0.0615 	 0.0168 	 0.1000 	 0.2183 	 0.0328
0.1503 	 -0.3031 	 -0.8777 	 -0.3413 	 0.0187 	 0.0637 	 0.0171 	 0.1002 	 0.2186 	 0.0329
0.1603 	 -0.3029 	 -0.8770 	 -0.3411 	 0.0197 	 0.0659 	 0.0175 	 0.1003 	 0.2188 	 0.0330
0.1703 	 -0.3027 	 -0.8764 	 -0.3409 	 0.0207 	 0.0681 	 0.0178 	 0.1005 	 0.2191 	 0.0330
0.1804 	 -0.3025 	 -0.8757 	 -0.3408 	 0.0217 	 0.0703 	 0.0181 	 0.1007 	 0.2194 	 0.0331
0.1904 	 -0.3022 	 -0.8749 	 -0.3406 	 0.0227 	 0.0725 	 0.0185 	 0.1008 	 0.2197 	 0.0332
0.2004 	 -0.3020 	 -0.8742 	 -0.3404 	 0.0237 	 0.0747 	 0.0188 	 0.1010 	 0.2200 	 0.0333
0.2104 	 -0.3018 	 -0.8734 	 -0.3402 	 0.0247 	 0.0769 	 0.0191 	 0.1012 	 0.2204 	 0.0335
0.2204 	 -0.3015 	 -0.8727 	 -0.3400 	 0.0257 	 0.0791 	 0.0195 	 0.1014 	 0.2208 	 0.0336
0.2305 	 -0.3012 	 -0.8719 	 -0.3398 	 0.0267 	 0.0813 	 0.0198 	 0.1016 	 0.2211 	 0.0337
0.2405 	 -0.3010 	 -0.8710 	 -0.3396 	 0.0278 	 0.0836 	 0.0201 	 0.1018 	 0.2215 	 0.0338
0.2505 	 -0.3007 	 -0.8702 	 -0.3394 	 0.0288 	 0.0858 	 0.0205 	 0.1020 	 0.2219 	 0.0339
0.2605 	 -0.3004 	 -0.8693 	 -0.3392 	 0.0298 	 0.0880 	 0.0208 	 0.1023 	 0.2224 	 0.0340
0.2705 	 -0.3001 	 -0.8684 	 -0.3390 	 0.0308 	 0.0902 	 0.0212 	 0.1025 	 0.2228 	 0.0342
0.2806 	 -0.2998 	 -0.8675 	 -0.3388 	 0.0319 	 0.0925 	 0.0215 	 0.1027 	 0.2233 	 0.0343
0.2906 	 -0.2994 	 -0.8666 	 -0.3386 	 0.0329 	 0.0947 	 0.0218 	 0.1030 	 0.2237 	 0.0344
0.3006 	 -0.2991 	 -0.8656 	 -0.3383 	 0.0339 	 0.0970 	 0.0222 	 0.1032 	 0.2242 	 0.0346
0.3106 	 -0.2988 	 -0.8646 	 -0.3381 	 0.0350 	 0.0992 	 0.0225 	 0.1035 	 0.2248 	 0.0347
0.3206 	 -0.2984 	 -0.8636 	 -0.3379 	 0.0360 	 0.1015 	 0.0229 	 0.1037 	 0.2253 	 0.0349
0.3307 	 -0.2980 	 -0.8626 	 -0.3377 	 0.0370 	 0.1037 	 0.0232 	 0.1040 	 0.2258 	 0.0350
0.3407 	 -0.2977 	 -0.8615 	 -0.3374 	 0.0381 	 0.1060 	 0.0236 	 0.1043 	 0.2264 	 0.0352
0.3507 	 -0.2973 	 -0.8605 	 -0.3372 	 0.0391 	 0.1083 	 0.0239 	 0.1046 	 0.2270 	 0.0354
0.3607 	 -0.2969 	 -0.8594 	 -0.3369 	 0.0402 	 0.1105 	 0.0243 	 0.1049 	 0.2276 	 0.0355
0.3707 	 -0.2965 	 -0.8583 	 -0.3367 	 0.0412 	 0.1128 	 0.0247 	 0.1052 	 0.2282 	 0.0357
0.3808 	 -0.2961 	 -0.8571 	 -0.3364 	 0.0423 	 0.1151 	 0.0250 	 0.1055 	 0.2289 	 0.0359
0.3908 	 -0.2956 	 -0.8559 	 -0.3362 	 0.0433 	 0.1174 	 0.0254 	 0.1058 	 0.2295 	 0.0360
0.4008 	 -0.2952 	 -0.8548 	 -0.3359 	 0.0444 	 0.1197 	 0.0257 	 0.1061 	 0.2302 	 0.0362
0.4108 	 -0.2947 	 -0.8535 	 -0.3357 	 0.0455 	 0.1220 	 0.0261 	 0.1065 	 0.2309 	 0.0364
0.4208 	 -0.2943 	 -0.8523 	 -0.3354 	 0.0465 	 0.1244 	 0.0264 	 0.1039 	 0.2355 	 0.0325
0.4309 	 -0.2938 	 -0.8511 	 -0.3351 	 0.0476 	 0.1267 	 0.0268 	 0.1043 	 0.2362 	 0.0327
0.4409 	 -0.2933 	 -0.8498 	 -0.3349 	 0.0486 	 0.1291 	 0.0271 	 0.1047 	 0.2369 	 0.0330
0.4509 	 -0.2928 	 -0.8485 	 -0.3346 	 0.0497 	 0.1315 	 0.0274 	 0.1051 	 0.2376 	 0.0332
0.4609 	 -0.2923 	 -0.8471 	 -0.3343 	 0.0507 	 0.1339 	 0.0278 	 0.1055 	 0.2384 	 0.0335
0.4709 	 -0.2918 	 -0.8458 	 -0.3340 	 0.0518 	 0.1363 	 0.0281 	 0.1059 	 0.2392 	 0.0337
0.4810 	 -0.2913 	 -0.8444 	 -0.3338 	 0.0528 	 0.1387 	 0.0284 	 0.1064 	 0.2400 	 0.0340
0.4910 	 -0.2908 	 -0.8430 	 -0.3335 	 0.0539 	 0.1411 	 0.0288 	 0.1068 	 0.2408 	 0.0343
0.5010 	 -0.2902 	 -0.8416 	 -0.3332 	 0.0550 	 0.1435 	 0.0291 	 0.1073 	 0.2417 	 0.0346
0.5110 	 -0.2897 	 -0.8401 	 -0.3329 	 0.0561 	 0.1459 	 0.0295 	 0.1077 	 0.2425 	 0.0349
0.5210 	 -0.2891 	 -0.8387 	 -0.3326 	 0.0571 	 0.1483 	 0.0298 	 0.1082 	 0.2434 	 0.0352
0.5311 	 -0.2885 	 -0.8372 	 -0.3323 	 0.0582 	 0.1508 	 0.0302 	 0.1087 	 0.2443 	 0.0355
0.5411 	 -0.2879 	 -0.8356 	 -0.3320 	 0.0593 	 0.1532 	 0.0305 	 0.1092 	 0.2453 	 0.0358
0.5511 	 -0.2873 	 -0.8341 	 -0.3317 	 0.0604 	 0.1557 	 0.0309 	 0.1097 	 0.2462 	 0.0361
0.5611 	 -0.2867 	 -0.8325 	 -0.3314 	 0.0615 	 0.1582 	 0.0312 	 0.1102 	 0.2472 	 0.0365
0.5711 	 -0.2861 	 -0.8309 	 -0.3311 	 0.0626 	 0.1607 	 0.0316 	 0.1107 	 0.2482 	 0.0368
0.5812 	 -0.2855 	 -0.8293 	 -0.3307 	 0.0637 	 0.1631 	 0.0320 	 0.1113 	 0.2492 	 0.0371
0.5912 	 -0.2848 	 -0.8276 	 -0.3304 	 0.0649 	 0.1657 	 0.0324 	 0.1118 	 0.2503 	 0.0375
0.6012 	 -0.2842 	 -0.8260 	 -0.3301 	 0.0660 	 0.1682 	 0.0327 	 0.1124 	 0.2514 	 0.0378
0.6112 	 -0.2835 	 -0.8243 	 -0.3298 	 0.0671 	 0.1707 	 0.0331 	 0.1130 	 0.2525 	 0.0382
0.6212 	 -0.2828 	 -0.8226 	 -0.3294 	 0.0682 	 0.1732 	 0.0335 	 0.1136 	 0.2536 	 0.0386
0.6313 	 -0.2821 	 -0.8208 	 -0.3291 	 0.0694 	 0.1758 	 0.0339 	 0.1142 	 0.2548 	 0.0390
0.6413 	 -0.2814 	 -0.8190 	 -0.3287 	 0.0705 	 0.1783 	 0.0343 	 0.1148 	 0.2560 	 0.0394
0.6513 	 -0.2807 	 -0.8172 	 -0.3284 	 0.0717 	 0.1809 	 0.0347 	 0.1170 	 0.2541 	 0.0451
0.6613 	 -0.2800 	 -0.8154 	 -0.3281 	 0.0729 	 0.1834 	 0.0352 	 0.1176 	 0.2554 	 0.0454
0.6713 	 -0.2792 	 -0.8136 	 -0.3277 	 0.0741 	 0.1860 	 0.0356 	 0.1182 	 0.2568 	 0.0457
0.6814 	 -0.2785 	 -0.8117 	 -0.3273 	 0.0752 	 0.1886 	 0.0361 	 0.1189 	 0.2581 	 0.0460
0.6914 	 -0.2777 	 -0.8098 	 -0.3270 	 0.0764 	 0.1912 	 0.0366 	 0.1195 	 0.2595 	 0.0463
0.7014 	 -0.2770 	 -0.8078 	 -0.3266 	 0.0776 	 0.1938 	 0.0370 	 0.1202 	 0.2609 	 0.0466
0.7114 	 -0.2762 	 -0.8059 	 -0.3262 	 0.0788 	 0.1964 	 0.0375 	 0.1209 	 0.2623 	 0.0470
0.7214 	 -0.2754 	 -0.8039 	 -0.3259 	 0.0801 	 0.1990 	 0.0380 	 0.1216 	 0.2638 	 0.0473
0.7315 	 -0.2746 	 -0.8019 	 -0.3255 	 0.0813 	 0.2017 	 0.0384 	 0.1223 	 0.2653 	 0.0476
0.7415 	 -0.2738 	 -0.7999 	 -0.3251 	 0.0825 	 0.2043 	 0.0389 	 0.1230 	 0.2669 	 0.0480
0.7515 	 -0.2729 	 -0.7978 	 -0.3247 	 0.0837 	 0.2070 	 0.0394 	 0.1238 	 0.2685 	 0.0484
0.7615 	 -0.2721 	 -0.7957 	 -0.3243 	 0.0850 	 0.2097 	 0.0399 	 0.1246 	 0.2701 	 0.0487
0.7715 	 -0.2712 	 -0.7936 	 -0.3239 	 0.0862 	 0.2124 	 0.0404 	 0.1254 	 0.2717 	 0.0491
0.7816 	 -0.2704 	 -0.7915 	 -0.3235 	 0.0875 	 0.2152 	 0.0409 	 0.1262 	 0.2734 	 0.0495
0.7916 	 -0.2695 	 -0.7893 	 -0.3231 	 0.0888 	 0.2179 	 0.0414 	 0.1270 	 0.2752 	 0.0499
0.8016 	 -0.2686 	 -0.7871 	 -0.3227 	 0.0900 	 0.2207 	 0.0419 	 0.1278 	 0.2770 	 0.0503
0.8116 	 -0.2677 	 -0.7849 	 -0.3222 	 0.0913 	 0.2235 	 0.0424 	 0.1287 	 0.2788 	 0.0507
0.8216 	 -0.2667 	 -0.7826 	 -0.3218 	 0.0926 	 0.2263 	 0.0429 	 0.1296 	 0.2806 	 0.0512
0.8317 	 -0.2658 	 -0.7803 	 -0.3214 	 0.0939 	 0.2291 	 0.0434 	 0.1305 	 0.2825 	 0.0516
0.8417 	 -0.2649 	 -0.7780 	 -0.3209 	 0.0952 	 0.2319 	 0.0439 	 0.1315 	 0.2845 	 0.0520
0.8517 	 -0.2639 	 -0.7757 	 -0.3205 	 0.0966 	 0.2348 	 0.0444 	 0.1324 	 0.2865 	 0.0525
0.8617 	 -0.2629 	 -0.7733 	 -0.3200 	 0.0979 	 0.2377 	 0.0450 	 0.1334 	 0.2885 	 0.0530
0.8717 	 -0.2619 	 -0.7709 	 -0.3196 	 0.0992 	 0.2406 	 0.0455 	 0.1344 	 0.2906 	 0.0534
0.8818 	 -0.2609 	 -0.7685 	 -0.3191 	 0.1006 	 0.2435 	 0.0460 	 0.1354 	 0.2927 	 0.0539
0.8918 	 -0.2599 	 -0.7660 	 -0.3187 	 0.1020 	 0.2464 	 0.0466 	 0.1365 	 0.2949 	 0.0544
0.9018 	 -0.2589 	 -0.7636 	 -0.3182 	 0.1033 	 0.2494 	 0.0471 	 0.1375 	 0.2971 	 0.0549
0.9118 	 -0.2579 	 -0.7610 	 -0.3177 	 0.1047 	 0.2524 	 0.0477 	 0.1386 	 0.2994 	 0.0554
0.9218 	 -0.2568 	 -0.7585 	 -0.3172 	 0.1061 	 0.2554 	 0.0482 	 0.1398 	 0.3017 	 0.0559
0.9319 	 -0.2557 	 -0.7559 	 -0.3168 	 0.1075 	 0.2584 	 0.0488 	 0.1409 	 0.3041 	 0.0565
0.9419 	 -0.2546 	 -0.7533 	 -0.3163 	 0.1089 	 0.2615 	 0.0494 	 0.1421 	 0.3065 	 0.0570
0.9519 	 -0.2535 	 -0.7507 	 -0.3158 	 0.1104 	 0.2646 	 0.0500 	 0.1433 	 0.3090 	 0.0576
0.9619 	 -0.2524 	 -0.7480 	 -0.3153 	 0.1118 	 0.2677 	 0.0505 	 0.1445 	 0.3116 	 0.0581
0.9719 	 -0.2513 	 -0.7453 	 -0.3148 	 0.1133 	 0.2708 	 0.0511 	 0.1458 	 0.3142 	 0.0587
0.9820 	 -0.2502 	 -0.7426 	 -0.3142 	 0.1147 	 0.2740 	 0.0517 	 0.1471 	 0.3168 	 0.0592
0.9920 	 -0.2490 	 -0.7398 	 -0.3137 	 0.1162 	 0.2772 	 0.0523 	 0.1484 	 0.3196 	 0.0598
1.0020 	 -0.2478 	 -0.7370 	 -0.3132 	 0.1177 	 0.2804 	 0.0529 	 0.1498 	 0.3224 	 0.0604
1.0120 	 -0.2466 	 -0.7342 	 -0.3127 	 0.1192 	 0.2836 	 0.0535 	 0.1511 	 0.3252 	 0.0610
1.0220 	 -0.2454 	 -0.7314 	 -0.3121 	 0.1207 	 0.2869 	 0.0541 	 0.1525 	 0.3281 	 0.0616
1.0321 	 -0.2442 	 -0.7285 	 -0.3116 	 0.1223 	 0.2902 	 0.0547 	 0.1540 	 0.3311 	 0.0622
1.0421 	 -0.2430 	 -0.7255 	 -0.3110 	 0.1238 	 0.2936 	 0.0554 	 0.1555 	 0.3342 	 0.0628
1.0521 	 -0.2417 	 -0.7226 	 -0.3105 	 0.1254 	 0.2969 	 0.0560 	 0.1570 	 0.3373 	 0.0635
1.0621 	 -0.2405 	 -0.7196 	 -0.3099 	 0.1270 	 0.3003 	 0.0566 	 0.1585 	 0.3405 	 0.0641
1.0721 	 -0.2392 	 -0.7166 	 -0.3093 	 0.1286 	 0.3037 	 0.0573 	 0.1601 	 0.3438 	 0.0647
1.0822 	 -0.2379 	 -0.7135 	 -0.3088 	 0.1302 	 0.3072 	 0.0579 	 0.1617 	 0.3471 	 0.0654
1.0922 	 -0.2366 	 -0.7104 	 -0.3082 	 0.1318 	 0.3107 	 0.0586 	 0.1633 	 0.3505 	 0.0660
1.1022 	 -0.2353 	 -0.7073 	 -0.3076 	 0.1334 	 0.3142 	 0.0593 	 0.1650 	 0.3540 	 0.0667
1.1122 	 -0.2339 	 -0.7041 	 -0.3070 	 0.1351 	 0.3178 	 0.0599 	 0.1667 	 0.3576 	 0.0674
1.1222 	 -0.2326 	 -0.7009 	 -0.3064 	 0.1368 	 0.3214 	 0.0606 	 0.1684 	 0.3612 	 0.0680
1.1323 	 -0.2312 	 -0.6977 	 -0.3058 	 0.1385 	 0.3250 	 0.0613 	 0.1702 	 0.3650 	 0.0687
1.1423 	 -0.2298 	 -0.6944 	 -0.3051 	 0.1402 	 0.3287 	 0.0620 	 0.1720 	 0.3688 	 0.0694
1.1523 	 -0.2284 	 -0.6911 	 -0.3045 	 0.1419 	 0.3324 	 0.0627 	 0.1739 	 0.3727 	 0.0701
1.1623 	 -0.2269 	 -0.6877 	 -0.3039 	 0.1437 	 0.3362 	 0.0634 	 0.1758 	 0.3767 	 0.0708
1.1723 	 -0.2255 	 -0.6843 	 -0.3033 	 0.1454 	 0.3400 	 0.0641 	 0.1777 	 0.3808 	 0.0715
1.1824 	 -0.2240 	 -0.6809 	 -0.3026 	 0.1472 	 0.3438 	 0.0648 	 0.1796 	 0.3849 	 0.0722
1.1924 	 -0.2225 	 -0.6775 	 -0.3020 	 0.1490 	 0.3477 	 0.0656 	 0.1817 	 0.3892 	 0.0729
1.2024 	 -0.2210 	 -0.6739 	 -0.3013 	 0.1509 	 0.3516 	 0.0663 	 0.1837 	 0.3936 	 0.0736
1.2124 	 -0.2195 	 -0.6704 	 -0.3006 	 0.1527 	 0.3556 	 0.0670 	 0.1858 	 0.3980 	 0.0743
1.2224 	 -0.2180 	 -0.6668 	 -0.3000 	 0.1546 	 0.3596 	 0.0678 	 0.1879 	 0.4026 	 0.0750
1.2325 	 -0.2164 	 -0.6632 	 -0.2993 	 0.1565 	 0.3636 	 0.0685 	 0.1901 	 0.4073 	 0.0758
1.2425 	 -0.2148 	 -0.6595 	 -0.2986 	 0.1584 	 0.3677 	 0.0693 	 0.1923 	 0.4121 	 0.0765
1.2525 	 -0.2132 	 -0.6558 	 -0.2979 	 0.1603 	 0.3719 	 0.0701 	 0.1946 	 0.4170 	 0.0772
1.2625 	 -0.2116 	 -0.6521 	 -0.2972 	 0.1623 	 0.3761 	 0.0708 	 0.1969 	 0.4220 	 0.0780
1.2725 	 -0.2100 	 -0.6483 	 -0.2965 	 0.1643 	 0.3804 	 0.0716 	 0.1993 	 0.4271 	 0.0787
1.2826 	 -0.2083 	 -0.6445 	 -0.2957 	 0.1663 	 0.3847 	 0.0724 	 0.2017 	 0.4324 	 0.0795
1.2926 	 -0.2067 	 -0.6406 	 -0.2950 	 0.1683 	 0.3890 	 0.0732 	 0.2042 	 0.4378 	 0.0802
1.3026 	 -0.2050 	 -0.6367 	 -0.2943 	 0.1704 	 0.3934 	 0.0740 	 0.2067 	 0.4433 	 0.0810
1.3126 	 -0.2032 	 -0.6327 	 -0.2935 	 0.1725 	 0.3979 	 0.0748 	 0.2093 	 0.4489 	 0.0817
1.3226 	 -0.2015 	 -0.6287 	 -0.2928 	 0.1746 	 0.4024 	 0.0757 	 0.2120 	 0.4548 	 0.0825
1.3327 	 -0.1997 	 -0.6246 	 -0.2920 	 0.1767 	 0.4070 	 0.0765 	 0.2147 	 0.4607 	 0.0832
1.3427 	 -0.1980 	 -0.6205 	 -0.2912 	 0.1789 	 0.4117 	 0.0773 	 0.2175 	 0.4668 	 0.0839
1.3527 	 -0.1962 	 -0.6164 	 -0.2905 	 0.1811 	 0.4164 	 0.0782 	 0.2203 	 0.4731 	 0.0847
1.3627 	 -0.1943 	 -0.6122 	 -0.2897 	 0.1833 	 0.4211 	 0.0790 	 0.2233 	 0.4795 	 0.0854
1.3727 	 -0.1925 	 -0.6079 	 -0.2889 	 0.1856 	 0.4260 	 0.0799 	 0.2263 	 0.4862 	 0.0861
1.3828 	 -0.1906 	 -0.6036 	 -0.2881 	 0.1878 	 0.4309 	 0.0808 	 0.2343 	 0.4968 	 0.0883
1.3928 	 -0.1887 	 -0.5993 	 -0.2873 	 0.1902 	 0.4359 	 0.0817 	 0.2373 	 0.5039 	 0.0890
1.4028 	 -0.1868 	 -0.5949 	 -0.2864 	 0.1926 	 0.4410 	 0.0825 	 0.2405 	 0.5111 	 0.0897
1.4128 	 -0.1849 	 -0.5905 	 -0.2856 	 0.1950 	 0.4462 	 0.0834 	 0.2438 	 0.5185 	 0.0904
1.4228 	 -0.1829 	 -0.5860 	 -0.2848 	 0.1975 	 0.4514 	 0.0844 	 0.2471 	 0.5262 	 0.0911
1.4329 	 -0.1809 	 -0.5814 	 -0.2839 	 0.2000 	 0.4567 	 0.0853 	 0.2506 	 0.5342 	 0.0917
1.4429 	 -0.1789 	 -0.5768 	 -0.2831 	 0.2025 	 0.4621 	 0.0862 	 0.2543 	 0.5424 	 0.0924
1.4529 	 -0.1768 	 -0.5722 	 -0.2822 	 0.2051 	 0.4676 	 0.0871 	 0.2580 	 0.5510 	 0.0931
1.4629 	 -0.1748 	 -0.5674 	 -0.2813 	 0.2077 	 0.4731 	 0.0881 	 0.2619 	 0.5598 	 0.0938
1.4729 	 -0.1727 	 -0.5627 	 -0.2804 	 0.2103 	 0.4788 	 0.0890 	 0.2659 	 0.5690 	 0.0945
1.4830 	 -0.1706 	 -0.5579 	 -0.2795 	 0.2130 	 0.4845 	 0.0900 	 0.2700 	 0.5785 	 0.0953
1.4930 	 -0.1684 	 -0.5530 	 -0.2786 	 0.2157 	 0.4904 	 0.0909 	 0.2743 	 0.5884 	 0.0960
1.5030 	 -0.1662 	 -0.5480 	 -0.2777 	 0.2185 	 0.4964 	 0.0919 	 0.2801 	 0.6032 	 0.0985
1.5130 	 -0.1640 	 -0.5430 	 -0.2768 	 0.2214 	 0.5025 	 0.0929 	 0.2842 	 0.6123 	 0.0987
1.5230 	 -0.1618 	 -0.5380 	 -0.2758 	 0.2242 	 0.5086 	 0.0939 	 0.2884 	 0.6218 	 0.0988
1.5331 	 -0.1595 	 -0.5328 	 -0.2749 	 0.2271 	 0.5149 	 0.0949 	 0.2928 	 0.6316 	 0.0990
1.5431 	 -0.1572 	 -0.5276 	 -0.2739 	 0.2301 	 0.5213 	 0.0958 	 0.2934 	 0.6368 	 0.0979
1.5531 	 -0.1549 	 -0.5224 	 -0.2730 	 0.2330 	 0.5277 	 0.0968 	 0.2982 	 0.6472 	 0.0980
1.5631 	 -0.1526 	 -0.5171 	 -0.2720 	 0.2360 	 0.5342 	 0.0978 	 0.3031 	 0.6580 	 0.0981
1.5731 	 -0.1502 	 -0.5117 	 -0.2710 	 0.2391 	 0.5409 	 0.0988 	 0.3082 	 0.6693 	 0.0981
1.5832 	 -0.1478 	 -0.5062 	 -0.2700 	 0.2422 	 0.5476 	 0.0998 	 0.3135 	 0.6810 	 0.0982
1.5932 	 -0.1453 	 -0.5007 	 -0.2690 	 0.2454 	 0.5545 	 0.1008 	 0.3190 	 0.6933 	 0.0982
1.6032 	 -0.1429 	 -0.4951 	 -0.2680 	 0.2486 	 0.5615 	 0.1017 	 0.3247 	 0.7061 	 0.0983
1.6132 	 -0.1404 	 -0.4894 	 -0.2670 	 0.2519 	 0.5687 	 0.1027 	 0.3307 	 0.7196 	 0.0983
1.6232 	 -0.1378 	 -0.4837 	 -0.2659 	 0.2552 	 0.5760 	 0.1037 	 0.3369 	 0.7337 	 0.0983
1.6333 	 -0.1352 	 -0.4779 	 -0.2649 	 0.2586 	 0.5834 	 0.1047 	 0.3434 	 0.7486 	 0.0983
1.6433 	 -0.1326 	 -0.4720 	 -0.2638 	 0.2621 	 0.5910 	 0.1057 	 0.3518 	 0.7684 	 0.0998
1.6533 	 -0.1300 	 -0.4661 	 -0.2628 	 0.2657 	 0.5988 	 0.1067 	 0.3580 	 0.7828 	 0.0991
1.6633 	 -0.1273 	 -0.4600 	 -0.2617 	 0.2693 	 0.6067 	 0.1077 	 0.3644 	 0.7978 	 0.0982
1.6733 	 -0.1246 	 -0.4539 	 -0.2606 	 0.2730 	 0.6148 	 0.1087 	 0.3716 	 0.8194 	 0.0983
1.6834 	 -0.1218 	 -0.4477 	 -0.2595 	 0.2767 	 0.6231 	 0.1096 	 0.3781 	 0.8343 	 0.0968
1.6934 	 -0.1190 	 -0.4414 	 -0.2584 	 0.2806 	 0.6315 	 0.1106 	 0.3849 	 0.8498 	 0.0953
1.7034 	 -0.1162 	 -0.4350 	 -0.2573 	 0.2845 	 0.6401 	 0.1116 	 0.3920 	 0.8660 	 0.0935
1.7134 	 -0.1133 	 -0.4286 	 -0.2562 	 0.2885 	 0.6489 	 0.1125 	 0.4026 	 0.8875 	 0.0923
1.7234 	 -0.1104 	 -0.4220 	 -0.2551 	 0.2925 	 0.6579 	 0.1134 	 0.4097 	 0.9045 	 0.0902
1.7335 	 -0.1075 	 -0.4154 	 -0.2539 	 0.2967 	 0.6670 	 0.1143 	 0.4171 	 0.9222 	 0.0878
1.7435 	 -0.1045 	 -0.4087 	 -0.2528 	 0.3009 	 0.6764 	 0.1152 	 0.4278 	 0.9461 	 0.0853
1.7535 	 -0.1014 	 -0.4018 	 -0.2516 	 0.3052 	 0.6860 	 0.1160 	 0.4438 	 0.9800 	 0.0784
1.7635 	 -0.0984 	 -0.3949 	 -0.2504 	 0.3097 	 0.6959 	 0.1168 	 0.4539 	 1.0016 	 0.0770
1.7735 	 -0.0952 	 -0.3879 	 -0.2493 	 0.3144 	 0.7061 	 0.1175 	 0.4724 	 1.0360 	 0.0774
1.7836 	 -0.0921 	 -0.3808 	 -0.2481 	 0.3191 	 0.7166 	 0.1183 	 0.4811 	 1.0537 	 0.0720
1.7936 	 -0.0888 	 -0.3735 	 -0.2469 	 0.3241 	 0.7274 	 0.1190 	 0.5097 	 1.1077 	 0.0730
1.8036 	 -0.0856 	 -0.3662 	 -0.2457 	 0.3292 	 0.7385 	 0.1197 	 0.5222 	 1.1276 	 0.0641
1.8136 	 -0.0822 	 -0.3587 	 -0.2445 	 0.3345 	 0.7500 	 0.1203 	 0.5327 	 1.1440 	 0.0563
1.8236 	 -0.0789 	 -0.3512 	 -0.2433 	 0.3399 	 0.7615 	 0.1209 	 0.5368 	 1.1537 	 0.0548
1.8337 	 -0.0754 	 -0.3435 	 -0.2421 	 0.3453 	 0.7731 	 0.1214 	 0.5444 	 1.1644 	 0.0444
1.8437 	 -0.0719 	 -0.3357 	 -0.2409 	 0.3509 	 0.7849 	 0.1218 	 0.5561 	 1.1817 	 0.0404
1.8537 	 -0.0684 	 -0.3277 	 -0.2396 	 0.3565 	 0.7967 	 0.1221 	 0.5542 	 1.1754 	 0.0290
1.8637 	 -0.0648 	 -0.3197 	 -0.2384 	 0.3620 	 0.8085 	 0.1224 	 0.5493 	 1.1683 	 0.0232
1.8737 	 -0.0611 	 -0.3115 	 -0.2372 	 0.3675 	 0.8201 	 0.1226 	 0.5470 	 1.1568 	 0.0194
1.8838 	 -0.0574 	 -0.3033 	 -0.2360 	 0.3730 	 0.8317 	 0.1227 	 0.5488 	 1.1483 	 0.0121
1.8938 	 -0.0537 	 -0.2949 	 -0.2347 	 0.3785 	 0.8431 	 0.1228 	 0.5471 	 1.1303 	 0.0051
1.9038 	 -0.0499 	 -0.2864 	 -0.2335 	 0.3839 	 0.8543 	 0.1228 	 0.5463 	 1.1134 	 -0.0010
1.9138 	 -0.0460 	 -0.2777 	 -0.2323 	 0.3894 	 0.8654 	 0.1228 	 0.5460 	 1.0973 	 -0.0063
1.9238 	 -0.0421 	 -0.2690 	 -0.2310 	 0.3949 	 0.8763 	 0.1227 	 0.5457 	 1.0816 	 -0.0112
1.9339 	 -0.0381 	 -0.2602 	 -0.2298 	 0.4003 	 0.8871 	 0.1226 	 0.5453 	 1.0661 	 -0.0156
1.9439 	 -0.0340 	 -0.2512 	 -0.2286 	 0.4058 	 0.8978 	 0.1224 	 0.5483 	 1.0610 	 -0.0166
1.9539 	 -0.0299 	 -0.2422 	 -0.2274 	 0.4113 	 0.9083 	 0.1222 	 0.5499 	 1.0489 	 -0.0194
1.9639 	 -0.0258 	 -0.2330 	 -0.2261 	 0.4168 	 0.9187 	 0.1220 	 0.5472 	 1.0296 	 -0.0245
1.9739 	 -0.0216 	 -0.2238 	 -0.2249 	 0.4223 	 0.9290 	 0.1217 	 0.5449 	 1.0132 	 -0.0258
1.9840 	 -0.0173 	 -0.2144 	 -0.2237 	 0.4277 	 0.9390 	 0.1215 	 0.5414 	 0.9952 	 -0.0318
1.9940 	 -0.0130 	 -0.2050 	 -0.2225 	 0.4331 	 0.9489 	 0.1211 	 0.5383 	 0.9718 	 -0.0320
2.0040 	 -0.0086 	 -0.1954 	 -0.2213 	 0.4385 	 0.9585 	 0.1208 	 0.5326 	 0.9434 	 -0.0384
2.0140 	 -0.0042 	 -0.1858 	 -0.2201 	 0.4438 	 0.9678 	 0.1204 	 0.5259 	 0.9127 	 -0.0449
2.0240 	 0.0003 	 -0.1760 	 -0.2188 	 0.4490 	 0.9768 	 0.1199 	 0.5173 	 0.8834 	 -0.0467
2.0341 	 0.0048 	 -0.1662 	 -0.2176 	 0.4542 	 0.9854 	 0.1194 	 0.5086 	 0.8455 	 -0.0548
2.0441 	 0.0094 	 -0.1563 	 -0.2165 	 0.4592 	 0.9937 	 0.1189 	 0.4959 	 0.8023 	 -0.0568
2.0541 	 0.0140 	 -0.1463 	 -0.2153 	 0.4641 	 1.0015 	 0.1182 	 0.4801 	 0.7570 	 -0.0754
2.0641 	 0.0187 	 -0.1362 	 -0.2141 	 0.4688 	 1.0088 	 0.1174 	 0.4663 	 0.7086 	 -0.0769
2.0741 	 0.0234 	 -0.1261 	 -0.2129 	 0.4734 	 1.0157 	 0.1166 	 0.4495 	 0.6535 	 -0.0860
2.0842 	 0.0281 	 -0.1159 	 -0.2118 	 0.4778 	 1.0219 	 0.1157 	 0.4298 	 0.5934 	 -0.0964
2.0942 	 0.0329 	 -0.1056 	 -0.2106 	 0.4820 	 1.0275 	 0.1147 	 0.4094 	 0.5287 	 -0.1145
2.1042 	 0.0378 	 -0.0953 	 -0.2095 	 0.4860 	 1.0325 	 0.1135 	 0.3825 	 0.4570 	 -0.1292
2.1142 	 0.0427 	 -0.0849 	 -0.2083 	 0.4897 	 1.0367 	 0.1121 	 0.3597 	 0.3860 	 -0.1392
2.1242 	 0.0476 	 -0.0745 	 -0.2072 	 0.4932 	 1.0402 	 0.1106 	 0.3276 	 0.3071 	 -0.1566
2.1343 	 0.0526 	 -0.0641 	 -0.2061 	 0.4963 	 1.0428 	 0.1090 	 0.2837 	 0.2158 	 -0.1789
2.1443 	 0.0576 	 -0.0536 	 -0.2050 	 0.4989 	 1.0445 	 0.1070 	 0.2313 	 0.1173 	 -0.2034
2.1543 	 0.0626 	 -0.0431 	 -0.2040 	 0.5009 	 1.0452 	 0.1049 	 0.1705 	 0.0115 	 -0.2274
2.1643 	 0.0676 	 -0.0327 	 -0.2029 	 0.5022 	 1.0447 	 0.1025 	 0.0988 	 -0.1004 	 -0.2443
2.1743 	 0.0726 	 -0.0222 	 -0.2019 	 0.5029 	 1.0432 	 0.1000 	 0.0321 	 -0.2150 	 -0.2543
2.1844 	 0.0777 	 -0.0118 	 -0.2009 	 0.5029 	 1.0405 	 0.0975 	 -0.0264 	 -0.3292 	 -0.2533
2.1944 	 0.0827 	 -0.0014 	 -0.2000 	 0.5023 	 1.0366 	 0.0950 	 -0.0783 	 -0.4313 	 -0.2481
2.2044 	 0.0877 	 0.0090 	 -0.1990 	 0.5013 	 1.0319 	 0.0925 	 -0.1261 	 -0.5190 	 -0.2373
2.2144 	 0.0927 	 0.0193 	 -0.1981 	 0.4998 	 1.0263 	 0.0902 	 -0.1684 	 -0.6014 	 -0.2314
2.2244 	 0.0977 	 0.0296 	 -0.1972 	 0.4980 	 1.0199 	 0.0879 	 -0.2071 	 -0.6756 	 -0.2256
2.2345 	 0.1027 	 0.0397 	 -0.1963 	 0.4957 	 1.0128 	 0.0856 	 -0.2418 	 -0.7408 	 -0.2334
2.2445 	 0.1077 	 0.0499 	 -0.1955 	 0.4931 	 1.0050 	 0.0833 	 -0.2743 	 -0.8006 	 -0.2292
2.2545 	 0.1126 	 0.0599 	 -0.1947 	 0.4903 	 0.9967 	 0.0810 	 -0.2986 	 -0.8578 	 -0.2271
2.2645 	 0.1175 	 0.0698 	 -0.1939 	 0.4871 	 0.9879 	 0.0787 	 -0.3259 	 -0.9066 	 -0.2235
2.2745 	 0.1224 	 0.0797 	 -0.1931 	 0.4837 	 0.9786 	 0.0765 	 -0.3519 	 -0.9480 	 -0.2261
2.2846 	 0.1272 	 0.0894 	 -0.1923 	 0.4801 	 0.9689 	 0.0742 	 -0.3751 	 -0.9871 	 -0.2239
2.2946 	 0.1320 	 0.0991 	 -0.1916 	 0.4762 	 0.9588 	 0.0720 	 -0.3965 	 -1.0221 	 -0.2218
2.3046 	 0.1367 	 0.1086 	 -0.1909 	 0.4722 	 0.9484 	 0.0698 	 -0.4161 	 -1.0535 	 -0.2197
2.3146 	 0.1414 	 0.1181 	 -0.1902 	 0.4679 	 0.9377 	 0.0676 	 -0.4316 	 -1.0746 	 -0.2178
2.3246 	 0.1461 	 0.1274 	 -0.1895 	 0.4635 	 0.9268 	 0.0654 	 -0.4472 	 -1.0946 	 -0.2220
2.3347 	 0.1507 	 0.1367 	 -0.1889 	 0.4590 	 0.9158 	 0.0632 	 -0.4592 	 -1.1101 	 -0.2227
2.3447 	 0.1553 	 0.1458 	 -0.1883 	 0.4543 	 0.9046 	 0.0609 	 -0.4728 	 -1.1226 	 -0.2239
2.3547 	 0.1598 	 0.1548 	 -0.1877 	 0.4495 	 0.8933 	 0.0587 	 -0.4801 	 -1.1383 	 -0.2260
2.3647 	 0.1643 	 0.1637 	 -0.1871 	 0.4446 	 0.8818 	 0.0564 	 -0.4917 	 -1.1531 	 -0.2246
2.3747 	 0.1687 	 0.1725 	 -0.1865 	 0.4397 	 0.8702 	 0.0542 	 -0.5018 	 -1.1630 	 -0.2290
2.3848 	 0.1731 	 0.1811 	 -0.1860 	 0.4346 	 0.8585 	 0.0519 	 -0.5117 	 -1.1746 	 -0.2287
2.3948 	 0.1774 	 0.1897 	 -0.1855 	 0.4294 	 0.8467 	 0.0496 	 -0.5193 	 -1.1817 	 -0.2338
2.4048 	 0.1817 	 0.1981 	 -0.1850 	 0.4242 	 0.8348 	 0.0472 	 -0.5275 	 -1.1907 	 -0.2344
2.4148 	 0.1859 	 0.2064 	 -0.1846 	 0.4188 	 0.8228 	 0.0449 	 -0.5352 	 -1.1989 	 -0.2349
2.4248 	 0.1901 	 0.2146 	 -0.1841 	 0.4134 	 0.8108 	 0.0425 	 -0.5424 	 -1.2066 	 -0.2354
2.4349 	 0.1942 	 0.2226 	 -0.1837 	 0.4080 	 0.7986 	 0.0402 	 -0.5491 	 -1.2137 	 -0.2360
2.4449 	 0.1983 	 0.2306 	 -0.1833 	 0.4024 	 0.7864 	 0.0378 	 -0.5552 	 -1.2172 	 -0.2282
2.4549 	 0.2023 	 0.2384 	 -0.1830 	 0.3968 	 0.7742 	 0.0355 	 -0.5610 	 -1.2228 	 -0.2290
2.4649 	 0.2062 	 0.2461 	 -0.1826 	 0.3912 	 0.7620 	 0.0333 	 -0.5665 	 -1.2204 	 -0.2287
2.4749 	 0.2101 	 0.2537 	 -0.1823 	 0.3855 	 0.7498 	 0.0310 	 -0.5676 	 -1.2108 	 -0.2278
2.4850 	 0.2140 	 0.2611 	 -0.1820 	 0.3798 	 0.7377 	 0.0287 	 -0.5685 	 -1.2089 	 -0.2299
2.4950 	 0.2177 	 0.2685 	 -0.1817 	 0.3741 	 0.7256 	 0.0264 	 -0.5642 	 -1.1895 	 -0.2203
2.5050 	 0.2215 	 0.2757 	 -0.1815 	 0.3685 	 0.7139 	 0.0243 	 -0.5562 	 -1.1593 	 -0.2013
2.5150 	 0.2251 	 0.2828 	 -0.1812 	 0.3630 	 0.7024 	 0.0223 	 -0.5414 	 -1.1193 	 -0.1825
2.5251 	 0.2287 	 0.2897 	 -0.1810 	 0.3576 	 0.6913 	 0.0205 	 -0.5299 	 -1.0903 	 -0.1682
2.5351 	 0.2323 	 0.2966 	 -0.1808 	 0.3524 	 0.6806 	 0.0190 	 -0.5114 	 -1.0525 	 -0.1570
2.5451 	 0.2358 	 0.3034 	 -0.1806 	 0.3473 	 0.6702 	 0.0174 	 -0.5015 	 -1.0294 	 -0.1481
2.5551 	 0.2393 	 0.3101 	 -0.1805 	 0.3424 	 0.6600 	 0.0160 	 -0.4888 	 -1.0014 	 -0.1428
2.5651 	 0.2427 	 0.3166 	 -0.1803 	 0.3375 	 0.6501 	 0.0145 	 -0.4771 	 -0.9779 	 -0.1369
2.5752 	 0.2460 	 0.3231 	 -0.1802 	 0.3328 	 0.6404 	 0.0132 	 -0.4696 	 -0.9589 	 -0.1337
2.5852 	 0.2493 	 0.3294 	 -0.1800 	 0.3281 	 0.6309 	 0.0118 	 -0.4611 	 -0.9360 	 -0.1359
2.5952 	 0.2526 	 0.3357 	 -0.1799 	 0.3235 	 0.6216 	 0.0105 	 -0.4559 	 -0.9221 	 -0.1322
2.6052 	 0.2558 	 0.3419 	 -0.1798 	 0.3190 	 0.6124 	 0.0092 	 -0.4499 	 -0.9028 	 -0.1270
2.6152 	 0.2590 	 0.3480 	 -0.1797 	 0.3146 	 0.6035 	 0.0080 	 -0.4379 	 -0.8773 	 -0.1215
2.6253 	 0.2621 	 0.3540 	 -0.1797 	 0.3102 	 0.5948 	 0.0068 	 -0.4320 	 -0.8628 	 -0.1179
2.6353 	 0.2652 	 0.3599 	 -0.1796 	 0.3059 	 0.5862 	 0.0056 	 -0.4263 	 -0.8490 	 -0.1146
2.6453 	 0.2682 	 0.3658 	 -0.1796 	 0.3017 	 0.5778 	 0.0045 	 -0.4209 	 -0.8359 	 -0.1118
2.6553 	 0.2713 	 0.3715 	 -0.1795 	 0.2975 	 0.5695 	 0.0033 	 -0.4157 	 -0.8235 	 -0.1094
2.6653 	 0.2742 	 0.3772 	 -0.1795 	 0.2933 	 0.5613 	 0.0023 	 -0.4108 	 -0.8119 	 -0.1075
2.6754 	 0.2771 	 0.3827 	 -0.1795 	 0.2892 	 0.5532 	 0.0012 	 -0.4062 	 -0.8009 	 -0.1059
2.6854 	 0.2800 	 0.3883 	 -0.1795 	 0.2852 	 0.5452 	 0.0001 	 -0.4019 	 -0.7908 	 -0.1048
2.6954 	 0.2828 	 0.3937 	 -0.1795 	 0.2812 	 0.5374 	 -0.0009 	 -0.3979 	 -0.7814 	 -0.1040
2.7054 	 0.2856 	 0.3990 	 -0.1795 	 0.2772 	 0.5296 	 -0.0019 	 -0.3942 	 -0.7727 	 -0.1035
2.7154 	 0.2884 	 0.4043 	 -0.1795 	 0.2733 	 0.5219 	 -0.0030 	 -0.3910 	 -0.7648 	 -0.1033
2.7255 	 0.2911 	 0.4095 	 -0.1795 	 0.2694 	 0.5142 	 -0.0040 	 -0.3881 	 -0.7576 	 -0.1031
2.7355 	 0.2938 	 0.4146 	 -0.1796 	 0.2655 	 0.5067 	 -0.0050 	 -0.3857 	 -0.7510 	 -0.1030
2.7455 	 0.2964 	 0.4196 	 -0.1796 	 0.2616 	 0.4992 	 -0.0061 	 -0.3836 	 -0.7451 	 -0.1028
2.7555 	 0.2990 	 0.4246 	 -0.1797 	 0.2578 	 0.4917 	 -0.0071 	 -0.3818 	 -0.7396 	 -0.1024
2.7655 	 0.3016 	 0.4295 	 -0.1798 	 0.2540 	 0.4844 	 -0.0081 	 -0.3803 	 -0.7344 	 -0.1019
2.7756 	 0.3041 	 0.4343 	 -0.1799 	 0.2502 	 0.4770 	 -0.0091 	 -0.3789 	 -0.7295 	 -0.1011
2.7856 	 0.3066 	 0.4390 	 -0.1800 	 0.2464 	 0.4697 	 -0.0102 	 -0.3776 	 -0.7248 	 -0.1002
2.7956 	 0.3091 	 0.4437 	 -0.1801 	 0.2426 	 0.4625 	 -0.0112 	 -0.3764 	 -0.7202 	 -0.0992
2.8056 	 0.3115 	 0.4483 	 -0.1802 	 0.2388 	 0.4553 	 -0.0122 	 -0.3777 	 -0.7126 	 -0.1030
2.8156 	 0.3139 	 0.4528 	 -0.1803 	 0.2351 	 0.4482 	 -0.0132 	 -0.3730 	 -0.7014 	 -0.0995
2.8257 	 0.3162 	 0.4573 	 -0.1805 	 0.2314 	 0.4412 	 -0.0142 	 -0.3707 	 -0.6958 	 -0.0977
2.8357 	 0.3185 	 0.4617 	 -0.1806 	 0.2277 	 0.4343 	 -0.0151 	 -0.3684 	 -0.6904 	 -0.0960
2.8457 	 0.3208 	 0.4660 	 -0.1808 	 0.2240 	 0.4274 	 -0.0161 	 -0.3661 	 -0.6852 	 -0.0944
2.8557 	 0.3230 	 0.4703 	 -0.1809 	 0.2203 	 0.4206 	 -0.0170 	 -0.3637 	 -0.6803 	 -0.0931
2.8657 	 0.3252 	 0.4744 	 -0.1811 	 0.2167 	 0.4138 	 -0.0179 	 -0.3614 	 -0.6756 	 -0.0918
2.8758 	 0.3273 	 0.4785 	 -0.1813 	 0.2131 	 0.4071 	 -0.0189 	 -0.3557 	 -0.6659 	 -0.0940
2.8858 	 0.3294 	 0.4826 	 -0.1815 	 0.2095 	 0.4004 	 -0.0198 	 -0.3561 	 -0.6652 	 -0.0961
2.8958 	 0.3315 	 0.4866 	 -0.1817 	 0.2060 	 0.3937 	 -0.0208 	 -0.3531 	 -0.6599 	 -0.0953
2.9058 	 0.3336 	 0.4905 	 -0.1819 	 0.2025 	 0.3872 	 -0.0218 	 -0.3502 	 -0.6547 	 -0.0945
2.9158 	 0.3356 	 0.4943 	 -0.1821 	 0.1990 	 0.3806 	 -0.0227 	 -0.3474 	 -0.6498 	 -0.0938
2.9259 	 0.3376 	 0.4981 	 -0.1824 	 0.1955 	 0.3741 	 -0.0236 	 -0.3446 	 -0.6452 	 -0.0931
2.9359 	 0.3395 	 0.5018 	 -0.1826 	 0.1921 	 0.3677 	 -0.0246 	 -0.3419 	 -0.6407 	 -0.0925
2.9459 	 0.3414 	 0.5055 	 -0.1828 	 0.1886 	 0.3613 	 -0.0255 	 -0.3392 	 -0.6365 	 -0.0918
2.9559 	 0.3433 	 0.5091 	 -0.1831 	 0.1853 	 0.3549 	 -0.0264 	 -0.3367 	 -0.6325 	 -0.0912
2.9659 	 0.3451 	 0.5126 	 -0.1834 	 0.1819 	 0.3486 	 -0.0273 	 -0.3342 	 -0.6288 	 -0.0906
2.9760 	 0.3469 	 0.5161 	 -0.1837 	 0.1786 	 0.3423 	 -0.0282 	 -0.3318 	 -0.6252 	 -0.0899
2.9860 	 0.3487 	 0.5195 	 -0.1839 	 0.1753 	 0.3361 	 -0.0291 	 -0.3294 	 -0.6218 	 -0.0893
2.9960 	 0.3504 	 0.5228 	 -0.1842 	 0.1720 	 0.3299 	 -0.0300 	 -0.3272 	 -0.6186 	 -0.0887
3.0060 	 0.3521 	 0.5261 	 -0.1845 	 0.1687 	 0.3237 	 -0.0309 	 -0.3250 	 -0.6156 	 -0.0881
3.0160 	 0.3538 	 0.5293 	 -0.1849 	 0.1654 	 0.3175 	 -0.0318 	 -0.3228 	 -0.6127 	 -0.0874
3.0261 	 0.3555 	 0.5324 	 -0.1852 	 0.1622 	 0.3114 	 -0.0326 	 -0.3207 	 -0.6101 	 -0.0868
3.0361 	 0.3571 	 0.5355 	 -0.1855 	 0.1590 	 0.3053 	 -0.0335 	 -0.3153 	 -0.6022 	 -0.0843
3.0461 	 0.3586 	 0.5385 	 -0.1858 	 0.1559 	 0.2993 	 -0.0343 	 -0.3125 	 -0.5985 	 -0.0833
3.0561 	 0.3602 	 0.5415 	 -0.1862 	 0.1528 	 0.2933 	 -0.0352 	 -0.3098 	 -0.5950 	 -0.0823
3.0661 	 0.3617 	 0.5444 	 -0.1866 	 0.1497 	 0.2874 	 -0.0360 	 -0.3072 	 -0.5918 	 -0.0814
3.0762 	 0.3632 	 0.5473 	 -0.1869 	 0.1466 	 0.2815 	 -0.0368 	 -0.3047 	 -0.5888 	 -0.0805
3.0862 	 0.3646 	 0.5501 	 -0.1873 	 0.1436 	 0.2756 	 -0.0376 	 -0.3023 	 -0.5859 	 -0.0796
3.0962 	 0.3661 	 0.5528 	 -0.1877 	 0.1405 	 0.2697 	 -0.0384 	 -0.3000 	 -0.5833 	 -0.0787
3.1062 	 0.3675 	 0.5555 	 -0.1881 	 0.1376 	 0.2639 	 -0.0392 	 -0.2978 	 -0.5808 	 -0.0778
3.1162 	 0.3688 	 0.5581 	 -0.1885 	 0.1346 	 0.2581 	 -0.0400 	 -0.2957 	 -0.5784 	 -0.0770
3.1263 	 0.3702 	 0.5606 	 -0.1889 	 0.1316 	 0.2523 	 -0.0407 	 -0.2937 	 -0.5762 	 -0.0761
3.1363 	 0.3715 	 0.5631 	 -0.1893 	 0.1287 	 0.2465 	 -0.0415 	 -0.2918 	 -0.5740 	 -0.0753
3.1463 	 0.3727 	 0.5656 	 -0.1897 	 0.1258 	 0.2408 	 -0.0422 	 -0.2899 	 -0.5720 	 -0.0744
3.1563 	 0.3740 	 0.5680 	 -0.1901 	 0.1229 	 0.2351 	 -0.0430 	 -0.2881 	 -0.5701 	 -0.0736
3.1663 	 0.3752 	 0.5703 	 -0.1906 	 0.1200 	 0.2294 	 -0.0437 	 -0.2864 	 -0.5683 	 -0.0727
3.1764 	 0.3764 	 0.5726 	 -0.1910 	 0.1171 	 0.2237 	 -0.0444 	 -0.2847 	 -0.5666 	 -0.0718
3.1864 	 0.3776 	 0.5748 	 -0.1914 	 0.1143 	 0.2180 	 -0.0452 	 -0.2832 	 -0.5649 	 -0.0710
3.1964 	 0.3787 	 0.5769 	 -0.1919 	 0.1115 	 0.2124 	 -0.0459 	 -0.2817 	 -0.5633 	 -0.0701
3.2064 	 0.3798 	 0.5790 	 -0.1924 	 0.1087 	 0.2067 	 -0.0466 	 -0.2802 	 -0.5618 	 -0.0692
3.2164 	 0.3809 	 0.5811 	 -0.1928 	 0.1059 	 0.2011 	 -0.0472 	 -0.2751 	 -0.5561 	 -0.0645
3.2265 	 0.3819 	 0.5831 	 -0.1933 	 0.1031 	 0.1956 	 -0.0479 	 -0.2734 	 -0.5541 	 -0.0633
3.2365 	 0.3829 	 0.5850 	 -0.1938 	 0.1004 	 0.1900 	 -0.0485 	 -0.2717 	 -0.5521 	 -0.0621
3.2465 	 0.3839 	 0.5869 	 -0.1943 	 0.0977 	 0.1845 	 -0.0491 	 -0.2702 	 -0.5502 	 -0.0609
3.2565 	 0.3849 	 0.5887 	 -0.1948 	 0.0950 	 0.1790 	 -0.0497 	 -0.2687 	 -0.5482 	 -0.0597
3.2665 	 0.3858 	 0.5905 	 -0.1953 	 0.0923 	 0.1735 	 -0.0503 	 -0.2673 	 -0.5464 	 -0.0586
3.2766 	 0.3867 	 0.5922 	 -0.1958 	 0.0896 	 0.1680 	 -0.0509 	 -0.2660 	 -0.5445 	 -0.0574
3.2866 	 0.3876 	 0.5938 	 -0.1963 	 0.0870 	 0.1626 	 -0.0515 	 -0.2647 	 -0.5427 	 -0.0563
3.2966 	 0.3885 	 0.5954 	 -0.1968 	 0.0843 	 0.1572 	 -0.0520 	 -0.2635 	 -0.5409 	 -0.0551
3.3066 	 0.3893 	 0.5970 	 -0.1973 	 0.0817 	 0.1517 	 -0.0526 	 -0.2624 	 -0.5391 	 -0.0540
3.3166 	 0.3901 	 0.5985 	 -0.1979 	 0.0790 	 0.1464 	 -0.0531 	 -0.2613 	 -0.5374 	 -0.0529
3.3267 	 0.3909 	 0.5999 	 -0.1984 	 0.0764 	 0.1410 	 -0.0536 	 -0.2603 	 -0.5357 	 -0.0518
3.3367 	 0.3916 	 0.6013 	 -0.1989 	 0.0738 	 0.1356 	 -0.0542 	 -0.2594 	 -0.5340 	 -0.0507
3.3467 	 0.3924 	 0.6026 	 -0.1995 	 0.0712 	 0.1303 	 -0.0547 	 -0.2586 	 -0.5324 	 -0.0497
3.3567 	 0.3931 	 0.6039 	 -0.2000 	 0.0686 	 0.1250 	 -0.0551 	 -0.2578 	 -0.5308 	 -0.0486
3.3667 	 0.3937 	 0.6051 	 -0.2006 	 0.0661 	 0.1196 	 -0.0556 	 -0.2570 	 -0.5292 	 -0.0476
3.3768 	 0.3944 	 0.6063 	 -0.2012 	 0.0635 	 0.1143 	 -0.0561 	 -0.2564 	 -0.5277 	 -0.0466
3.3868 	 0.3950 	 0.6074 	 -0.2017 	 0.0609 	 0.1091 	 -0.0566 	 -0.2557 	 -0.5262 	 -0.0456
3.3968 	 0.3956 	 0.6085 	 -0.2023 	 0.0584 	 0.1038 	 -0.0570 	 -0.2552 	 -0.5248 	 -0.0446
3.4068 	 0.3962 	 0.6095 	 -0.2029 	 0.0558 	 0.0985 	 -0.0575 	 -0.2547 	 -0.5234 	 -0.0436
3.4168 	 0.3967 	 0.6105 	 -0.2034 	 0.0533 	 0.0933 	 -0.0579 	 -0.2542 	 -0.5220 	 -0.0426
3.4269 	 0.3973 	 0.6114 	 -0.2040 	 0.0507 	 0.0881 	 -0.0583 	 -0.2538 	 -0.5207 	 -0.0416
3.4369 	 0.3978 	 0.6122 	 -0.2046 	 0.0482 	 0.0829 	 -0.0587 	 -0.2534 	 -0.5194 	 -0.0407
3.4469 	 0.3982 	 0.6130 	 -0.2052 	 0.0456 	 0.0777 	 -0.0591 	 -0.2531 	 -0.5181 	 -0.0397
3.4569 	 0.3987 	 0.6138 	 -0.2058 	 0.0431 	 0.0725 	 -0.0595 	 -0.2528 	 -0.5169 	 -0.0388
3.4669 	 0.3991 	 0.6145 	 -0.2064 	 0.0406 	 0.0673 	 -0.0599 	 -0.2562 	 -0.5200 	 -0.0350
3.4770 	 0.3995 	 0.6151 	 -0.2070 	 0.0380 	 0.0621 	 -0.0602 	 -0.2558 	 -0.5185 	 -0.0342
3.4870 	 0.3998 	 0.6157 	 -0.2076 	 0.0354 	 0.0569 	 -0.0606 	 -0.2554 	 -0.5170 	 -0.0334
3.4970 	 0.4002 	 0.6163 	 -0.2082 	 0.0329 	 0.0517 	 -0.0609 	 -0.2550 	 -0.5156 	 -0.0326
3.5070 	 0.4005 	 0.6168 	 -0.2088 	 0.0303 	 0.0466 	 -0.0612 	 -0.2546 	 -0.5141 	 -0.0319
3.5170 	 0.4008 	 0.6172 	 -0.2094 	 0.0278 	 0.0414 	 -0.0616 	 -0.2543 	 -0.5127 	 -0.0311
3.5271 	 0.4011 	 0.6176 	 -0.2101 	 0.0252 	 0.0363 	 -0.0619 	 -0.2540 	 -0.5114 	 -0.0304
3.5371 	 0.4013 	 0.6179 	 -0.2107 	 0.0227 	 0.0312 	 -0.0622 	 -0.2537 	 -0.5100 	 -0.0297
3.5471 	 0.4015 	 0.6182 	 -0.2113 	 0.0202 	 0.0261 	 -0.0625 	 -0.2535 	 -0.5087 	 -0.0290
3.5571 	 0.4017 	 0.6185 	 -0.2119 	 0.0176 	 0.0210 	 -0.0627 	 -0.2532 	 -0.5075 	 -0.0284
3.5671 	 0.4019 	 0.6186 	 -0.2126 	 0.0151 	 0.0159 	 -0.0630 	 -0.2576 	 -0.5091 	 -0.0308
3.5772 	 0.4020 	 0.6188 	 -0.2132 	 0.0125 	 0.0108 	 -0.0633 	 -0.2570 	 -0.5076 	 -0.0300
3.5872 	 0.4021 	 0.6189 	 -0.2138 	 0.0099 	 0.0057 	 -0.0636 	 -0.2565 	 -0.5061 	 -0.0292
3.5972 	 0.4022 	 0.6189 	 -0.2145 	 0.0074 	 0.0007 	 -0.0639 	 -0.2560 	 -0.5047 	 -0.0284
3.6072 	 0.4023 	 0.6189 	 -0.2151 	 0.0048 	 -0.0044 	 -0.0642 	 -0.2555 	 -0.5033 	 -0.0276
3.6172 	 0.4023 	 0.6188 	 -0.2158 	 0.0022 	 -0.0094 	 -0.0645 	 -0.2550 	 -0.5019 	 -0.0268
3.6273 	 0.4023 	 0.6187 	 -0.2164 	 -0.0003 	 -0.0144 	 -0.0647 	 -0.2545 	 -0.5005 	 -0.0260
3.6373 	 0.4023 	 0.6185 	 -0.2170 	 -0.0029 	 -0.0194 	 -0.0650 	 -0.2540 	 -0.4993 	 -0.0253
3.6473 	 0.4023 	 0.6183 	 -0.2177 	 -0.0054 	 -0.0244 	 -0.0652 	 -0.2551 	 -0.5039 	 -0.0253
3.6573 	 0.4022 	 0.6180 	 -0.2184 	 -0.0080 	 -0.0295 	 -0.0655 	 -0.2544 	 -0.5022 	 -0.0244
3.6673 	 0.4021 	 0.6177 	 -0.2190 	 -0.0105 	 -0.0345 	 -0.0657 	 -0.2538 	 -0.5006 	 -0.0236
3.6774 	 0.4020 	 0.6173 	 -0.2197 	 -0.0130 	 -0.0395 	 -0.0660 	 -0.2531 	 -0.4989 	 -0.0227
3.6874 	 0.4018 	 0.6169 	 -0.2203 	 -0.0156 	 -0.0445 	 -0.0662 	 -0.2524 	 -0.4973 	 -0.0218
3.6974 	 0.4017 	 0.6164 	 -0.2210 	 -0.0181 	 -0.0495 	 -0.0664 	 -0.2518 	 -0.4957 	 -0.0210
3.7074 	 0.4015 	 0.6159 	 -0.2217 	 -0.0206 	 -0.0544 	 -0.0666 	 -0.2511 	 -0.4942 	 -0.0201
3.7174 	 0.4013 	 0.6154 	 -0.2223 	 -0.0231 	 -0.0594 	 -0.0668 	 -0.2505 	 -0.4927 	 -0.0192
3.7275 	 0.4010 	 0.6147 	 -0.2230 	 -0.0256 	 -0.0643 	 -0.0670 	 -0.2498 	 -0.4912 	 -0.0184
3.7375 	 0.4007 	 0.6141 	 -0.2237 	 -0.0281 	 -0.0692 	 -0.0672 	 -0.2492 	 -0.4898 	 -0.0175
3.7475 	 0.4004 	 0.6133 	 -0.2244 	 -0.0306 	 -0.0741 	 -0.0673 	 -0.2485 	 -0.4884 	 -0.0167
3.7575 	 0.4001 	 0.6126 	 -0.2250 	 -0.0331 	 -0.0790 	 -0.0675 	 -0.2478 	 -0.4870 	 -0.0158
3.7675 	 0.3998 	 0.6118 	 -0.2257 	 -0.0356 	 -0.0839 	 -0.0677 	 -0.2472 	 -0.4857 	 -0.0150
3.7776 	 0.3994 	 0.6109 	 -0.2264 	 -0.0381 	 -0.0887 	 -0.0678 	 -0.2465 	 -0.4844 	 -0.0141
3.7876 	 0.3990 	 0.6100 	 -0.2271 	 -0.0405 	 -0.0936 	 -0.0679 	 -0.2458 	 -0.4832 	 -0.0132
3.7976 	 0.3986 	 0.6090 	 -0.2277 	 -0.0430 	 -0.0984 	 -0.0681 	 -0.2451 	 -0.4820 	 -0.0124
3.8076 	 0.3982 	 0.6080 	 -0.2284 	 -0.0455 	 -0.1033 	 -0.0682 	 -0.2445 	 -0.4808 	 -0.0115
3.8176 	 0.3977 	 0.6070 	 -0.2291 	 -0.0479 	 -0.1081 	 -0.0683 	 -0.2438 	 -0.4798 	 -0.0106
3.8277 	 0.3972 	 0.6058 	 -0.2298 	 -0.0503 	 -0.1129 	 -0.0684 	 -0.2431 	 -0.4787 	 -0.0097
3.8377 	 0.3967 	 0.6047 	 -0.2305 	 -0.0528 	 -0.1177 	 -0.0685 	 -0.2424 	 -0.4777 	 -0.0087
3.8477 	 0.3961 	 0.6035 	 -0.2312 	 -0.0552 	 -0.1224 	 -0.0686 	 -0.2417 	 -0.4768 	 -0.0078
3.8577 	 0.3956 	 0.6022 	 -0.2319 	 -0.0576 	 -0.1272 	 -0.0687 	 -0.2411 	 -0.4759 	 -0.0069
3.8677 	 0.3950 	 0.6009 	 -0.2325 	 -0.0600 	 -0.1320 	 -0.0687 	 -0.2404 	 -0.4751 	 -0.0059
3.8778 	 0.3944 	 0.5996 	 -0.2332 	 -0.0624 	 -0.1367 	 -0.0688 	 -0.2397 	 -0.4744 	 -0.0049
3.8878 	 0.3937 	 0.5982 	 -0.2339 	 -0.0648 	 -0.1415 	 -0.0688 	 -0.2391 	 -0.4737 	 -0.0039
3.8978 	 0.3931 	 0.5968 	 -0.2346 	 -0.0672 	 -0.1462 	 -0.0688 	 -0.2384 	 -0.4731 	 -0.0028
3.9078 	 0.3924 	 0.5953 	 -0.2353 	 -0.0696 	 -0.1510 	 -0.0689 	 -0.2378 	 -0.4725 	 -0.0018
3.9178 	 0.3917 	 0.5937 	 -0.2360 	 -0.0720 	 -0.1557 	 -0.0689 	 -0.2371 	 -0.4721 	 -0.0007
3.9279 	 0.3909 	 0.5922 	 -0.2367 	 -0.0744 	 -0.1604 	 -0.0689 	 -0.2365 	 -0.4717 	 0.0004
3.9379 	 0.3902 	 0.5905 	 -0.2374 	 -0.0767 	 -0.1652 	 -0.0689 	 -0.2359 	 -0.4714 	 0.0016
3.9479 	 0.3894 	 0.5888 	 -0.2381 	 -0.0791 	 -0.1699 	 -0.0689 	 -0.2353 	 -0.4711 	 0.0028
3.9579 	 0.3886 	 0.5871 	 -0.2388 	 -0.0814 	 -0.1746 	 -0.0688 	 -0.2328 	 -0.4714 	 -0.0022
3.9679 	 0.3878 	 0.5853 	 -0.2394 	 -0.0838 	 -0.1793 	 -0.0688 	 -0.2322 	 -0.4715 	 -0.0014
3.9780 	 0.3869 	 0.5835 	 -0.2401 	 -0.0861 	 -0.1840 	 -0.0689 	 -0.2317 	 -0.4717 	 -0.0005
3.9880 	 0.3860 	 0.5817 	 -0.2408 	 -0.0884 	 -0.1888 	 -0.0689 	 -0.2311 	 -0.4720 	 0.0005
3.9980 	 0.3852 	 0.5797 	 -0.2415 	 -0.0907 	 -0.1935 	 -0.0688 	 -0.2306 	 -0.4724 	 0.0015
4.0080 	 0.3842 	 0.5778 	 -0.2422 	 -0.0930 	 -0.1982 	 -0.0688 	 -0.2301 	 -0.4729 	 0.0025
4.0180 	 0.3833 	 0.5758 	 -0.2429 	 -0.0953 	 -0.2030 	 -0.0688 	 -0.2297 	 -0.4736 	 0.0035
4.0281 	 0.3823 	 0.5737 	 -0.2436 	 -0.0976 	 -0.2077 	 -0.0688 	 -0.2293 	 -0.4743 	 0.0046
4.0381 	 0.3813 	 0.5716 	 -0.2443 	 -0.0999 	 -0.2125 	 -0.0687 	 -0.2248 	 -0.4704 	 0.0058
4.0481 	 0.3803 	 0.5695 	 -0.2450 	 -0.1022 	 -0.2172 	 -0.0686 	 -0.2244 	 -0.4711 	 0.0070
4.0581 	 0.3793 	 0.5673 	 -0.2456 	 -0.1044 	 -0.2219 	 -0.0686 	 -0.2240 	 -0.4719 	 0.0082
4.0681 	 0.3782 	 0.5650 	 -0.2463 	 -0.1066 	 -0.2267 	 -0.0684 	 -0.2205 	 -0.4763 	 0.0143
4.0782 	 0.3771 	 0.5627 	 -0.2470 	 -0.1089 	 -0.2315 	 -0.0683 	 -0.2201 	 -0.4777 	 0.0159
4.0882 	 0.3760 	 0.5604 	 -0.2477 	 -0.1111 	 -0.2363 	 -0.0681 	 -0.2198 	 -0.4792 	 0.0176
4.0982 	 0.3749 	 0.5580 	 -0.2484 	 -0.1133 	 -0.2411 	 -0.0679 	 -0.2196 	 -0.4809 	 0.0193
4.1082 	 0.3738 	 0.5555 	 -0.2491 	 -0.1155 	 -0.2459 	 -0.0677 	 -0.2195 	 -0.4828 	 0.0210
4.1182 	 0.3726 	 0.5530 	 -0.2497 	 -0.1177 	 -0.2507 	 -0.0675 	 -0.2194 	 -0.4848 	 0.0228
4.1283 	 0.3714 	 0.5505 	 -0.2504 	 -0.1199 	 -0.2556 	 -0.0673 	 -0.2195 	 -0.4870 	 0.0246
4.1383 	 0.3702 	 0.5479 	 -0.2511 	 -0.1221 	 -0.2605 	 -0.0670 	 -0.2197 	 -0.4893 	 0.0264
4.1483 	 0.3690 	 0.5453 	 -0.2518 	 -0.1243 	 -0.2654 	 -0.0667 	 -0.2200 	 -0.4918 	 0.0282
4.1583 	 0.3677 	 0.5426 	 -0.2524 	 -0.1265 	 -0.2704 	 -0.0665 	 -0.2204 	 -0.4944 	 0.0301
4.1683 	 0.3664 	 0.5399 	 -0.2531 	 -0.1287 	 -0.2753 	 -0.0661 	 -0.2209 	 -0.4972 	 0.0320
4.1784 	 0.3651 	 0.5371 	 -0.2537 	 -0.1309 	 -0.2803 	 -0.0658 	 -0.2215 	 -0.5002 	 0.0339
4.1884 	 0.3638 	 0.5343 	 -0.2544 	 -0.1331 	 -0.2853 	 -0.0655 	 -0.2223 	 -0.5034 	 0.0358
4.1984 	 0.3625 	 0.5314 	 -0.2551 	 -0.1353 	 -0.2904 	 -0.0651 	 -0.2231 	 -0.5067 	 0.0377
4.2084 	 0.3611 	 0.5284 	 -0.2557 	 -0.1376 	 -0.2955 	 -0.0647 	 -0.2242 	 -0.5102 	 0.0397
4.2184 	 0.3597 	 0.5254 	 -0.2564 	 -0.1398 	 -0.3006 	 -0.0643 	 -0.2253 	 -0.5139 	 0.0416
4.2285 	 0.3583 	 0.5224 	 -0.2570 	 -0.1421 	 -0.3058 	 -0.0639 	 -0.2266 	 -0.5178 	 0.0436
4.2385 	 0.3569 	 0.5193 	 -0.2576 	 -0.1444 	 -0.3110 	 -0.0634 	 -0.2280 	 -0.5219 	 0.0456
4.2485 	 0.3554 	 0.5162 	 -0.2583 	 -0.1467 	 -0.3163 	 -0.0630 	 -0.2296 	 -0.5262 	 0.0475
4.2585 	 0.3539 	 0.5130 	 -0.2589 	 -0.1490 	 -0.3216 	 -0.0625 	 -0.2313 	 -0.5307 	 0.0495
4.2685 	 0.3524 	 0.5097 	 -0.2595 	 -0.1513 	 -0.3269 	 -0.0620 	 -0.2332 	 -0.5354 	 0.0515
4.2786 	 0.3509 	 0.5064 	 -0.2601 	 -0.1537 	 -0.3323 	 -0.0614 	 -0.2352 	 -0.5403 	 0.0534
4.2886 	 0.3493 	 0.5031 	 -0.2608 	 -0.1560 	 -0.3377 	 -0.0609 	 -0.2373 	 -0.5455 	 0.0554
4.2986 	 0.3478 	 0.4997 	 -0.2614 	 -0.1584 	 -0.3432 	 -0.0603 	 -0.2396 	 -0.5510 	 0.0574
4.3086 	 0.3462 	 0.4962 	 -0.2620 	 -0.1608 	 -0.3488 	 -0.0597 	 -0.2421 	 -0.5567 	 0.0593
4.3186 	 0.3445 	 0.4927 	 -0.2626 	 -0.1633 	 -0.3544 	 -0.0591 	 -0.2447 	 -0.5627 	 0.0613
4.3287 	 0.3429 	 0.4891 	 -0.2631 	 -0.1657 	 -0.3600 	 -0.0585 	 -0.2475 	 -0.5690 	 0.0633
4.3387 	 0.3412 	 0.4855 	 -0.2637 	 -0.1682 	 -0.3658 	 -0.0579 	 -0.2504 	 -0.5757 	 0.0652
4.3487 	 0.3395 	 0.4818 	 -0.2643 	 -0.1707 	 -0.3716 	 -0.0572 	 -0.2535 	 -0.5827 	 0.0672
4.3587 	 0.3378 	 0.4780 	 -0.2649 	 -0.1733 	 -0.3775 	 -0.0565 	 -0.2568 	 -0.5901 	 0.0691
4.3687 	 0.3360 	 0.4742 	 -0.2654 	 -0.1759 	 -0.3834 	 -0.0558 	 -0.2602 	 -0.5979 	 0.0711
4.3788 	 0.3343 	 0.4703 	 -0.2660 	 -0.1785 	 -0.3894 	 -0.0551 	 -0.2659 	 -0.6115 	 0.0729
4.3888 	 0.3325 	 0.4664 	 -0.2665 	 -0.1812 	 -0.3956 	 -0.0544 	 -0.2688 	 -0.6182 	 0.0750
4.3988 	 0.3306 	 0.4624 	 -0.2671 	 -0.1839 	 -0.4018 	 -0.0536 	 -0.2718 	 -0.6252 	 0.0771
4.4088 	 0.3288 	 0.4583 	 -0.2676 	 -0.1866 	 -0.4081 	 -0.0528 	 -0.2749 	 -0.6325 	 0.0792
4.4188 	 0.3269 	 0.4542 	 -0.2681 	 -0.1894 	 -0.4145 	 -0.0520 	 -0.2781 	 -0.6402 	 0.0814
4.4289 	 0.3250 	 0.4500 	 -0.2687 	 -0.1923 	 -0.4210 	 -0.0512 	 -0.2873 	 -0.6496 	 0.0830
4.4389 	 0.3230 	 0.4458 	 -0.2692 	 -0.1952 	 -0.4275 	 -0.0503 	 -0.2903 	 -0.6577 	 0.0852
4.4489 	 0.3211 	 0.4415 	 -0.2697 	 -0.1981 	 -0.4342 	 -0.0495 	 -0.2945 	 -0.6716 	 0.0865
4.4589 	 0.3191 	 0.4371 	 -0.2702 	 -0.2011 	 -0.4410 	 -0.0486 	 -0.2973 	 -0.6791 	 0.0892
4.4689 	 0.3170 	 0.4326 	 -0.2706 	 -0.2041 	 -0.4478 	 -0.0477 	 -0.3001 	 -0.6870 	 0.0920
4.4790 	 0.3150 	 0.4281 	 -0.2711 	 -0.2071 	 -0.4548 	 -0.0468 	 -0.3031 	 -0.6953 	 0.0949
4.4890 	 0.3129 	 0.4235 	 -0.2716 	 -0.2101 	 -0.4618 	 -0.0458 	 -0.3061 	 -0.7040 	 0.0978
4.4990 	 0.3108 	 0.4188 	 -0.2720 	 -0.2132 	 -0.4689 	 -0.0448 	 -0.3091 	 -0.7131 	 0.1008
4.5090 	 0.3086 	 0.4141 	 -0.2725 	 -0.2163 	 -0.4761 	 -0.0438 	 -0.3122 	 -0.7226 	 0.1038
4.5190 	 0.3064 	 0.4093 	 -0.2729 	 -0.2195 	 -0.4833 	 -0.0427 	 -0.3154 	 -0.7325 	 0.1069
4.5291 	 0.3042 	 0.4044 	 -0.2733 	 -0.2226 	 -0.4907 	 -0.0416 	 -0.3186 	 -0.7429 	 0.1100
4.5391 	 0.3020 	 0.3995 	 -0.2737 	 -0.2259 	 -0.4982 	 -0.0405 	 -0.3217 	 -0.7538 	 0.1133
4.5491 	 0.2997 	 0.3944 	 -0.2741 	 -0.2291 	 -0.5058 	 -0.0394 	 -0.3290 	 -0.7698 	 0.1176
4.5591 	 0.2974 	 0.3893 	 -0.2745 	 -0.2324 	 -0.5136 	 -0.0382 	 -0.3311 	 -0.7805 	 0.1208
4.5691 	 0.2950 	 0.3841 	 -0.2749 	 -0.2357 	 -0.5215 	 -0.0369 	 -0.3331 	 -0.7915 	 0.1241
4.5792 	 0.2927 	 0.3789 	 -0.2753 	 -0.2391 	 -0.5295 	 -0.0357 	 -0.3347 	 -0.8027 	 0.1275
4.5892 	 0.2902 	 0.3735 	 -0.2756 	 -0.2424 	 -0.5376 	 -0.0344 	 -0.3359 	 -0.8139 	 0.1312
4.5992 	 0.2878 	 0.3681 	 -0.2760 	 -0.2458 	 -0.5458 	 -0.0331 	 -0.3369 	 -0.8250 	 0.1350
4.6092 	 0.2853 	 0.3626 	 -0.2763 	 -0.2492 	 -0.5541 	 -0.0317 	 -0.3377 	 -0.8356 	 0.1387
4.6192 	 0.2828 	 0.3570 	 -0.2766 	 -0.2526 	 -0.5625 	 -0.0303 	 -0.3389 	 -0.8457 	 0.1422
4.6293 	 0.2803 	 0.3513 	 -0.2769 	 -0.2560 	 -0.5711 	 -0.0288 	 -0.3411 	 -0.8557 	 0.1453
4.6393 	 0.2777 	 0.3456 	 -0.2772 	 -0.2594 	 -0.5797 	 -0.0274 	 -0.3383 	 -0.8691 	 0.1484
4.6493 	 0.2751 	 0.3397 	 -0.2774 	 -0.2628 	 -0.5885 	 -0.0259 	 -0.3460 	 -0.8854 	 0.1538
4.6593 	 0.2724 	 0.3338 	 -0.2777 	 -0.2663 	 -0.5975 	 -0.0243 	 -0.3539 	 -0.9034 	 0.1572
4.6693 	 0.2697 	 0.3277 	 -0.2779 	 -0.2699 	 -0.6066 	 -0.0227 	 -0.3624 	 -0.9226 	 0.1607
4.6794 	 0.2670 	 0.3216 	 -0.2781 	 -0.2736 	 -0.6159 	 -0.0211 	 -0.3716 	 -0.9423 	 0.1632
4.6894 	 0.2642 	 0.3154 	 -0.2784 	 -0.2773 	 -0.6255 	 -0.0194 	 -0.3774 	 -0.9590 	 0.1631
4.6994 	 0.2614 	 0.3091 	 -0.2785 	 -0.2812 	 -0.6352 	 -0.0178 	 -0.3902 	 -0.9936 	 0.1650
4.7094 	 0.2586 	 0.3027 	 -0.2787 	 -0.2851 	 -0.6453 	 -0.0161 	 -0.4030 	 -1.0312 	 0.1726
4.7194 	 0.2557 	 0.2961 	 -0.2789 	 -0.2892 	 -0.6559 	 -0.0144 	 -0.4147 	 -1.0639 	 0.1684
4.7295 	 0.2528 	 0.2895 	 -0.2790 	 -0.2935 	 -0.6668 	 -0.0128 	 -0.4287 	 -1.1083 	 0.1621
4.7395 	 0.2498 	 0.2828 	 -0.2791 	 -0.2978 	 -0.6780 	 -0.0112 	 -0.4338 	 -1.1259 	 0.1591
4.7495 	 0.2468 	 0.2759 	 -0.2792 	 -0.3022 	 -0.6895 	 -0.0096 	 -0.4478 	 -1.1656 	 0.1525
4.7595 	 0.2438 	 0.2690 	 -0.2793 	 -0.3067 	 -0.7012 	 -0.0081 	 -0.4533 	 -1.1849 	 0.1494
4.7695 	 0.2407 	 0.2619 	 -0.2794 	 -0.3113 	 -0.7132 	 -0.0066 	 -0.4641 	 -1.2142 	 0.1451
4.7796 	 0.2376 	 0.2547 	 -0.2794 	 -0.3159 	 -0.7254 	 -0.0052 	 -0.4656 	 -1.2240 	 0.1422
4.7896 	 0.2344 	 0.2473 	 -0.2795 	 -0.3207 	 -0.7379 	 -0.0038 	 -0.4721 	 -1.2466 	 0.1389
4.7996 	 0.2311 	 0.2399 	 -0.2795 	 -0.3254 	 -0.7504 	 -0.0024 	 -0.4744 	 -1.2559 	 0.1354
4.8096 	 0.2278 	 0.2323 	 -0.2795 	 -0.3302 	 -0.7630 	 -0.0011 	 -0.4729 	 -1.2583 	 0.1319
4.8196 	 0.2245 	 0.2246 	 -0.2795 	 -0.3349 	 -0.7756 	 0.0002 	 -0.4694 	 -1.2547 	 0.1300
4.8297 	 0.2211 	 0.2167 	 -0.2795 	 -0.3396 	 -0.7882 	 0.0015 	 -0.4663 	 -1.2557 	 0.1304
4.8397 	 0.2177 	 0.2088 	 -0.2795 	 -0.3442 	 -0.8008 	 0.0028 	 -0.4625 	 -1.2508 	 0.1277
4.8497 	 0.2142 	 0.2007 	 -0.2795 	 -0.3488 	 -0.8133 	 0.0041 	 -0.4571 	 -1.2451 	 0.1309
4.8597 	 0.2107 	 0.1925 	 -0.2794 	 -0.3534 	 -0.8258 	 0.0054 	 -0.4541 	 -1.2445 	 0.1252
4.8697 	 0.2072 	 0.1841 	 -0.2794 	 -0.3579 	 -0.8382 	 0.0066 	 -0.4523 	 -1.2412 	 0.1259
4.8798 	 0.2035 	 0.1757 	 -0.2793 	 -0.3625 	 -0.8506 	 0.0079 	 -0.4519 	 -1.2379 	 0.1200
4.8898 	 0.1999 	 0.1671 	 -0.2792 	 -0.3670 	 -0.8630 	 0.0091 	 -0.4468 	 -1.2351 	 0.1184
4.8998 	 0.1962 	 0.1584 	 -0.2791 	 -0.3714 	 -0.8753 	 0.0102 	 -0.4427 	 -1.2257 	 0.1124
4.9098 	 0.1924 	 0.1496 	 -0.2790 	 -0.3759 	 -0.8876 	 0.0113 	 -0.4403 	 -1.2164 	 0.1010
4.9198 	 0.1887 	 0.1406 	 -0.2789 	 -0.3802 	 -0.8997 	 0.0122 	 -0.4382 	 -1.2103 	 0.0945
4.9299 	 0.1848 	 0.1315 	 -0.2788 	 -0.3846 	 -0.9118 	 0.0132 	 -0.4332 	 -1.1981 	 0.0882
4.9399 	 0.1809 	 0.1223 	 -0.2786 	 -0.3889 	 -0.9237 	 0.0140 	 -0.4277 	 -1.1846 	 0.0814
4.9499 	 0.1770 	 0.1130 	 -0.2785 	 -0.3932 	 -0.9355 	 0.0148 	 -0.4218 	 -1.1698 	 0.0742
4.9599 	 0.1731 	 0.1036 	 -0.2783 	 -0.3974 	 -0.9471 	 0.0155 	 -0.4154 	 -1.1535 	 0.0665
4.9699 	 0.1691 	 0.0940 	 -0.2782 	 -0.4015 	 -0.9586 	 0.0161 	 -0.4083 	 -1.1356 	 0.0583
4.9800 	 0.1650 	 0.0844 	 -0.2780 	 -0.4056 	 -0.9699 	 0.0167 	 -0.4005 	 -1.1162 	 0.0497
4.9900 	 0.1609 	 0.0746 	 -0.2778 	 -0.4095 	 -0.9810 	 0.0171 	 -0.3905 	 -1.0973 	 0.0465
