100-Body Run with i = 60 th particle. (Units in pc,M_solar,Myr, km s-1) 

time		 x 		 y 		 z 		 xdot 		 ydot 		 zdot 		 xddot 		 yddot 		 zddot
0.0000 	 0.3670 	 0.7895 	 -0.0593 	 0.0282 	 0.0136 	 0.0193 	 -0.0645 	 -0.2698 	 -0.0155
0.0100 	 0.3673 	 0.7897 	 -0.0591 	 0.0275 	 0.0109 	 0.0191 	 -0.0646 	 -0.2697 	 -0.0156
0.0200 	 0.3675 	 0.7898 	 -0.0589 	 0.0269 	 0.0082 	 0.0190 	 -0.0647 	 -0.2698 	 -0.0158
0.0301 	 0.3678 	 0.7898 	 -0.0587 	 0.0262 	 0.0055 	 0.0188 	 -0.0648 	 -0.2698 	 -0.0159
0.0401 	 0.3681 	 0.7899 	 -0.0585 	 0.0256 	 0.0027 	 0.0187 	 -0.0628 	 -0.2749 	 -0.0127
0.0501 	 0.3683 	 0.7899 	 -0.0583 	 0.0250 	 -0.0000 	 0.0185 	 -0.0630 	 -0.2750 	 -0.0128
0.0601 	 0.3686 	 0.7899 	 -0.0581 	 0.0243 	 -0.0028 	 0.0184 	 -0.0631 	 -0.2751 	 -0.0129
0.0701 	 0.3688 	 0.7898 	 -0.0579 	 0.0237 	 -0.0055 	 0.0183 	 -0.0633 	 -0.2752 	 -0.0130
0.0802 	 0.3690 	 0.7898 	 -0.0578 	 0.0231 	 -0.0083 	 0.0182 	 -0.0634 	 -0.2753 	 -0.0131
0.0902 	 0.3693 	 0.7897 	 -0.0576 	 0.0224 	 -0.0110 	 0.0180 	 -0.0636 	 -0.2754 	 -0.0132
0.1002 	 0.3695 	 0.7895 	 -0.0574 	 0.0218 	 -0.0138 	 0.0179 	 -0.0638 	 -0.2756 	 -0.0133
0.1102 	 0.3697 	 0.7894 	 -0.0572 	 0.0211 	 -0.0166 	 0.0178 	 -0.0640 	 -0.2758 	 -0.0135
0.1202 	 0.3699 	 0.7892 	 -0.0570 	 0.0205 	 -0.0193 	 0.0176 	 -0.0642 	 -0.2760 	 -0.0136
0.1303 	 0.3701 	 0.7890 	 -0.0569 	 0.0199 	 -0.0221 	 0.0175 	 -0.0644 	 -0.2763 	 -0.0137
0.1403 	 0.3703 	 0.7888 	 -0.0567 	 0.0192 	 -0.0249 	 0.0173 	 -0.0646 	 -0.2765 	 -0.0138
0.1503 	 0.3705 	 0.7885 	 -0.0565 	 0.0186 	 -0.0276 	 0.0172 	 -0.0649 	 -0.2768 	 -0.0139
0.1603 	 0.3707 	 0.7882 	 -0.0564 	 0.0179 	 -0.0304 	 0.0171 	 -0.0651 	 -0.2771 	 -0.0141
0.1703 	 0.3708 	 0.7879 	 -0.0562 	 0.0173 	 -0.0332 	 0.0169 	 -0.0654 	 -0.2774 	 -0.0142
0.1804 	 0.3710 	 0.7875 	 -0.0560 	 0.0166 	 -0.0360 	 0.0168 	 -0.0656 	 -0.2778 	 -0.0143
0.1904 	 0.3712 	 0.7872 	 -0.0558 	 0.0159 	 -0.0388 	 0.0166 	 -0.0659 	 -0.2782 	 -0.0144
0.2004 	 0.3713 	 0.7868 	 -0.0557 	 0.0153 	 -0.0415 	 0.0165 	 -0.0662 	 -0.2785 	 -0.0145
0.2104 	 0.3715 	 0.7863 	 -0.0555 	 0.0146 	 -0.0443 	 0.0163 	 -0.0665 	 -0.2790 	 -0.0147
0.2204 	 0.3716 	 0.7859 	 -0.0554 	 0.0139 	 -0.0471 	 0.0162 	 -0.0668 	 -0.2794 	 -0.0148
0.2305 	 0.3718 	 0.7854 	 -0.0552 	 0.0133 	 -0.0499 	 0.0160 	 -0.0671 	 -0.2799 	 -0.0149
0.2405 	 0.3719 	 0.7849 	 -0.0550 	 0.0126 	 -0.0527 	 0.0159 	 -0.0675 	 -0.2803 	 -0.0151
0.2505 	 0.3720 	 0.7843 	 -0.0549 	 0.0119 	 -0.0556 	 0.0157 	 -0.0678 	 -0.2808 	 -0.0152
0.2605 	 0.3721 	 0.7838 	 -0.0547 	 0.0112 	 -0.0584 	 0.0156 	 -0.0682 	 -0.2814 	 -0.0153
0.2705 	 0.3722 	 0.7832 	 -0.0546 	 0.0106 	 -0.0612 	 0.0154 	 -0.0685 	 -0.2819 	 -0.0155
0.2806 	 0.3723 	 0.7825 	 -0.0544 	 0.0099 	 -0.0640 	 0.0153 	 -0.0689 	 -0.2825 	 -0.0156
0.2906 	 0.3724 	 0.7819 	 -0.0543 	 0.0092 	 -0.0669 	 0.0151 	 -0.0693 	 -0.2831 	 -0.0157
0.3006 	 0.3725 	 0.7812 	 -0.0541 	 0.0085 	 -0.0697 	 0.0150 	 -0.0697 	 -0.2837 	 -0.0159
0.3106 	 0.3726 	 0.7805 	 -0.0540 	 0.0078 	 -0.0725 	 0.0148 	 -0.0701 	 -0.2843 	 -0.0160
0.3206 	 0.3727 	 0.7797 	 -0.0538 	 0.0071 	 -0.0754 	 0.0146 	 -0.0706 	 -0.2850 	 -0.0161
0.3307 	 0.3728 	 0.7790 	 -0.0537 	 0.0064 	 -0.0782 	 0.0145 	 -0.0710 	 -0.2857 	 -0.0163
0.3407 	 0.3728 	 0.7782 	 -0.0535 	 0.0056 	 -0.0811 	 0.0143 	 -0.0715 	 -0.2864 	 -0.0164
0.3507 	 0.3729 	 0.7773 	 -0.0534 	 0.0049 	 -0.0840 	 0.0142 	 -0.0719 	 -0.2872 	 -0.0166
0.3607 	 0.3729 	 0.7765 	 -0.0532 	 0.0042 	 -0.0869 	 0.0140 	 -0.0724 	 -0.2879 	 -0.0167
0.3707 	 0.3729 	 0.7756 	 -0.0531 	 0.0035 	 -0.0898 	 0.0138 	 -0.0729 	 -0.2887 	 -0.0169
0.3808 	 0.3730 	 0.7747 	 -0.0530 	 0.0027 	 -0.0927 	 0.0136 	 -0.0734 	 -0.2895 	 -0.0170
0.3908 	 0.3730 	 0.7737 	 -0.0528 	 0.0020 	 -0.0956 	 0.0135 	 -0.0740 	 -0.2904 	 -0.0172
0.4008 	 0.3730 	 0.7728 	 -0.0527 	 0.0013 	 -0.0985 	 0.0133 	 -0.0745 	 -0.2912 	 -0.0173
0.4108 	 0.3730 	 0.7718 	 -0.0526 	 0.0005 	 -0.1014 	 0.0131 	 -0.0751 	 -0.2921 	 -0.0175
0.4208 	 0.3730 	 0.7707 	 -0.0524 	 -0.0002 	 -0.1043 	 0.0130 	 -0.0756 	 -0.2931 	 -0.0176
0.4309 	 0.3730 	 0.7697 	 -0.0523 	 -0.0010 	 -0.1073 	 0.0128 	 -0.0762 	 -0.2940 	 -0.0178
0.4409 	 0.3730 	 0.7686 	 -0.0522 	 -0.0018 	 -0.1102 	 0.0126 	 -0.0768 	 -0.2950 	 -0.0180
0.4509 	 0.3730 	 0.7675 	 -0.0520 	 -0.0025 	 -0.1132 	 0.0124 	 -0.0775 	 -0.2960 	 -0.0181
0.4609 	 0.3730 	 0.7663 	 -0.0519 	 -0.0033 	 -0.1162 	 0.0122 	 -0.0781 	 -0.2970 	 -0.0183
0.4709 	 0.3729 	 0.7651 	 -0.0518 	 -0.0041 	 -0.1191 	 0.0121 	 -0.0787 	 -0.2981 	 -0.0185
0.4810 	 0.3729 	 0.7639 	 -0.0517 	 -0.0049 	 -0.1221 	 0.0119 	 -0.0794 	 -0.2992 	 -0.0187
0.4910 	 0.3728 	 0.7627 	 -0.0516 	 -0.0057 	 -0.1251 	 0.0117 	 -0.0801 	 -0.3003 	 -0.0188
0.5010 	 0.3728 	 0.7614 	 -0.0514 	 -0.0065 	 -0.1281 	 0.0115 	 -0.0808 	 -0.3015 	 -0.0190
0.5110 	 0.3727 	 0.7601 	 -0.0513 	 -0.0073 	 -0.1312 	 0.0113 	 -0.0815 	 -0.3027 	 -0.0192
0.5210 	 0.3726 	 0.7588 	 -0.0512 	 -0.0081 	 -0.1342 	 0.0111 	 -0.0823 	 -0.3039 	 -0.0194
0.5311 	 0.3725 	 0.7574 	 -0.0511 	 -0.0090 	 -0.1373 	 0.0109 	 -0.0830 	 -0.3051 	 -0.0196
0.5411 	 0.3724 	 0.7561 	 -0.0510 	 -0.0098 	 -0.1403 	 0.0107 	 -0.0838 	 -0.3064 	 -0.0198
0.5511 	 0.3723 	 0.7546 	 -0.0509 	 -0.0106 	 -0.1434 	 0.0105 	 -0.0846 	 -0.3077 	 -0.0200
0.5611 	 0.3722 	 0.7532 	 -0.0508 	 -0.0115 	 -0.1465 	 0.0103 	 -0.0854 	 -0.3090 	 -0.0202
0.5711 	 0.3721 	 0.7517 	 -0.0507 	 -0.0124 	 -0.1496 	 0.0101 	 -0.0862 	 -0.3104 	 -0.0204
0.5812 	 0.3720 	 0.7502 	 -0.0506 	 -0.0132 	 -0.1527 	 0.0099 	 -0.0871 	 -0.3118 	 -0.0206
0.5912 	 0.3718 	 0.7486 	 -0.0505 	 -0.0141 	 -0.1558 	 0.0097 	 -0.0879 	 -0.3133 	 -0.0208
0.6012 	 0.3717 	 0.7471 	 -0.0504 	 -0.0150 	 -0.1590 	 0.0095 	 -0.0888 	 -0.3148 	 -0.0211
0.6112 	 0.3715 	 0.7454 	 -0.0503 	 -0.0159 	 -0.1622 	 0.0093 	 -0.0898 	 -0.3163 	 -0.0213
0.6212 	 0.3714 	 0.7438 	 -0.0502 	 -0.0168 	 -0.1653 	 0.0091 	 -0.0907 	 -0.3178 	 -0.0215
0.6313 	 0.3712 	 0.7421 	 -0.0501 	 -0.0177 	 -0.1685 	 0.0088 	 -0.0917 	 -0.3194 	 -0.0218
0.6413 	 0.3710 	 0.7404 	 -0.0500 	 -0.0186 	 -0.1717 	 0.0086 	 -0.0926 	 -0.3211 	 -0.0220
0.6513 	 0.3708 	 0.7387 	 -0.0499 	 -0.0196 	 -0.1750 	 0.0084 	 -0.0936 	 -0.3227 	 -0.0223
0.6613 	 0.3706 	 0.7369 	 -0.0499 	 -0.0205 	 -0.1782 	 0.0082 	 -0.0947 	 -0.3244 	 -0.0225
0.6713 	 0.3704 	 0.7351 	 -0.0498 	 -0.0215 	 -0.1815 	 0.0079 	 -0.0957 	 -0.3262 	 -0.0228
0.6814 	 0.3702 	 0.7333 	 -0.0497 	 -0.0224 	 -0.1847 	 0.0077 	 -0.0968 	 -0.3280 	 -0.0231
0.6914 	 0.3700 	 0.7314 	 -0.0496 	 -0.0234 	 -0.1880 	 0.0075 	 -0.0979 	 -0.3298 	 -0.0233
0.7014 	 0.3697 	 0.7295 	 -0.0495 	 -0.0244 	 -0.1913 	 0.0072 	 -0.0990 	 -0.3317 	 -0.0236
0.7114 	 0.3695 	 0.7276 	 -0.0495 	 -0.0254 	 -0.1947 	 0.0070 	 -0.1002 	 -0.3336 	 -0.0239
0.7214 	 0.3692 	 0.7256 	 -0.0494 	 -0.0264 	 -0.1980 	 0.0068 	 -0.1014 	 -0.3356 	 -0.0242
0.7315 	 0.3689 	 0.7236 	 -0.0493 	 -0.0274 	 -0.2014 	 0.0065 	 -0.1026 	 -0.3376 	 -0.0245
0.7415 	 0.3687 	 0.7216 	 -0.0493 	 -0.0284 	 -0.2048 	 0.0063 	 -0.1038 	 -0.3396 	 -0.0249
0.7515 	 0.3684 	 0.7195 	 -0.0492 	 -0.0295 	 -0.2082 	 0.0060 	 -0.1051 	 -0.3417 	 -0.0252
0.7615 	 0.3681 	 0.7174 	 -0.0492 	 -0.0306 	 -0.2116 	 0.0058 	 -0.1064 	 -0.3439 	 -0.0255
0.7715 	 0.3678 	 0.7153 	 -0.0491 	 -0.0316 	 -0.2151 	 0.0055 	 -0.1077 	 -0.3461 	 -0.0259
0.7816 	 0.3674 	 0.7131 	 -0.0490 	 -0.0327 	 -0.2186 	 0.0053 	 -0.1091 	 -0.3483 	 -0.0263
0.7916 	 0.3671 	 0.7109 	 -0.0490 	 -0.0338 	 -0.2221 	 0.0050 	 -0.1105 	 -0.3506 	 -0.0266
0.8016 	 0.3668 	 0.7086 	 -0.0489 	 -0.0349 	 -0.2256 	 0.0047 	 -0.1119 	 -0.3530 	 -0.0270
0.8116 	 0.3664 	 0.7064 	 -0.0489 	 -0.0361 	 -0.2292 	 0.0044 	 -0.1133 	 -0.3554 	 -0.0274
0.8216 	 0.3660 	 0.7041 	 -0.0489 	 -0.0372 	 -0.2327 	 0.0042 	 -0.1148 	 -0.3578 	 -0.0279
0.8317 	 0.3657 	 0.7017 	 -0.0488 	 -0.0384 	 -0.2363 	 0.0039 	 -0.1163 	 -0.3603 	 -0.0283
0.8417 	 0.3653 	 0.6993 	 -0.0488 	 -0.0395 	 -0.2399 	 0.0036 	 -0.1179 	 -0.3629 	 -0.0287
0.8517 	 0.3649 	 0.6969 	 -0.0487 	 -0.0407 	 -0.2436 	 0.0033 	 -0.1195 	 -0.3655 	 -0.0292
0.8617 	 0.3645 	 0.6944 	 -0.0487 	 -0.0419 	 -0.2473 	 0.0030 	 -0.1211 	 -0.3682 	 -0.0297
0.8717 	 0.3640 	 0.6919 	 -0.0487 	 -0.0431 	 -0.2510 	 0.0027 	 -0.1228 	 -0.3709 	 -0.0302
0.8818 	 0.3636 	 0.6894 	 -0.0487 	 -0.0444 	 -0.2547 	 0.0024 	 -0.1245 	 -0.3737 	 -0.0307
0.8918 	 0.3631 	 0.6868 	 -0.0486 	 -0.0456 	 -0.2585 	 0.0021 	 -0.1262 	 -0.3766 	 -0.0312
0.9018 	 0.3627 	 0.6842 	 -0.0486 	 -0.0469 	 -0.2623 	 0.0018 	 -0.1280 	 -0.3795 	 -0.0318
0.9118 	 0.3622 	 0.6816 	 -0.0486 	 -0.0482 	 -0.2661 	 0.0015 	 -0.1298 	 -0.3825 	 -0.0324
0.9218 	 0.3617 	 0.6789 	 -0.0486 	 -0.0495 	 -0.2699 	 0.0011 	 -0.1316 	 -0.3855 	 -0.0330
0.9319 	 0.3612 	 0.6762 	 -0.0486 	 -0.0508 	 -0.2738 	 0.0008 	 -0.1335 	 -0.3887 	 -0.0336
0.9419 	 0.3607 	 0.6734 	 -0.0486 	 -0.0522 	 -0.2777 	 0.0005 	 -0.1354 	 -0.3918 	 -0.0343
0.9519 	 0.3602 	 0.6706 	 -0.0486 	 -0.0536 	 -0.2816 	 0.0001 	 -0.1374 	 -0.3951 	 -0.0349
0.9619 	 0.3596 	 0.6678 	 -0.0486 	 -0.0549 	 -0.2856 	 -0.0002 	 -0.1394 	 -0.3984 	 -0.0357
0.9719 	 0.3591 	 0.6649 	 -0.0486 	 -0.0563 	 -0.2896 	 -0.0006 	 -0.1414 	 -0.4018 	 -0.0364
0.9820 	 0.3585 	 0.6620 	 -0.0486 	 -0.0578 	 -0.2937 	 -0.0010 	 -0.1435 	 -0.4053 	 -0.0371
0.9920 	 0.3579 	 0.6590 	 -0.0486 	 -0.0592 	 -0.2978 	 -0.0013 	 -0.1457 	 -0.4089 	 -0.0379
1.0020 	 0.3573 	 0.6560 	 -0.0486 	 -0.0607 	 -0.3019 	 -0.0017 	 -0.1478 	 -0.4125 	 -0.0388
1.0120 	 0.3567 	 0.6529 	 -0.0486 	 -0.0622 	 -0.3060 	 -0.0021 	 -0.1501 	 -0.4162 	 -0.0396
1.0220 	 0.3561 	 0.6499 	 -0.0487 	 -0.0637 	 -0.3102 	 -0.0025 	 -0.1523 	 -0.4200 	 -0.0405
1.0321 	 0.3554 	 0.6467 	 -0.0487 	 -0.0652 	 -0.3144 	 -0.0029 	 -0.1546 	 -0.4239 	 -0.0414
1.0421 	 0.3548 	 0.6436 	 -0.0487 	 -0.0668 	 -0.3187 	 -0.0034 	 -0.1570 	 -0.4278 	 -0.0424
1.0521 	 0.3541 	 0.6403 	 -0.0487 	 -0.0684 	 -0.3230 	 -0.0038 	 -0.1594 	 -0.4318 	 -0.0434
1.0621 	 0.3534 	 0.6371 	 -0.0488 	 -0.0700 	 -0.3274 	 -0.0042 	 -0.1619 	 -0.4359 	 -0.0444
1.0721 	 0.3527 	 0.6338 	 -0.0488 	 -0.0716 	 -0.3318 	 -0.0047 	 -0.1644 	 -0.4401 	 -0.0455
1.0822 	 0.3519 	 0.6304 	 -0.0489 	 -0.0733 	 -0.3362 	 -0.0051 	 -0.1669 	 -0.4444 	 -0.0466
1.0922 	 0.3512 	 0.6270 	 -0.0489 	 -0.0750 	 -0.3407 	 -0.0056 	 -0.1695 	 -0.4488 	 -0.0478
1.1022 	 0.3504 	 0.6236 	 -0.0490 	 -0.0767 	 -0.3452 	 -0.0061 	 -0.1722 	 -0.4532 	 -0.0490
1.1122 	 0.3497 	 0.6201 	 -0.0491 	 -0.0784 	 -0.3497 	 -0.0066 	 -0.1749 	 -0.4578 	 -0.0502
1.1222 	 0.3489 	 0.6166 	 -0.0491 	 -0.0802 	 -0.3544 	 -0.0071 	 -0.1777 	 -0.4624 	 -0.0515
1.1323 	 0.3481 	 0.6130 	 -0.0492 	 -0.0820 	 -0.3590 	 -0.0076 	 -0.1805 	 -0.4672 	 -0.0529
1.1423 	 0.3472 	 0.6094 	 -0.0493 	 -0.0838 	 -0.3637 	 -0.0082 	 -0.1834 	 -0.4720 	 -0.0542
1.1523 	 0.3464 	 0.6057 	 -0.0494 	 -0.0857 	 -0.3685 	 -0.0087 	 -0.1863 	 -0.4769 	 -0.0557
1.1623 	 0.3455 	 0.6020 	 -0.0495 	 -0.0875 	 -0.3733 	 -0.0093 	 -0.1893 	 -0.4819 	 -0.0571
1.1723 	 0.3446 	 0.5983 	 -0.0495 	 -0.0895 	 -0.3781 	 -0.0099 	 -0.1923 	 -0.4870 	 -0.0587
1.1824 	 0.3437 	 0.5944 	 -0.0496 	 -0.0914 	 -0.3830 	 -0.0104 	 -0.1955 	 -0.4922 	 -0.0602
1.1924 	 0.3428 	 0.5906 	 -0.0498 	 -0.0934 	 -0.3880 	 -0.0111 	 -0.1986 	 -0.4976 	 -0.0619
1.2024 	 0.3418 	 0.5867 	 -0.0499 	 -0.0954 	 -0.3930 	 -0.0117 	 -0.2019 	 -0.5030 	 -0.0635
1.2124 	 0.3409 	 0.5827 	 -0.0500 	 -0.0974 	 -0.3981 	 -0.0123 	 -0.2052 	 -0.5085 	 -0.0653
1.2224 	 0.3399 	 0.5787 	 -0.0501 	 -0.0995 	 -0.4032 	 -0.0130 	 -0.2086 	 -0.5141 	 -0.0670
1.2325 	 0.3389 	 0.5746 	 -0.0503 	 -0.1016 	 -0.4084 	 -0.0137 	 -0.2121 	 -0.5199 	 -0.0689
1.2425 	 0.3379 	 0.5705 	 -0.0504 	 -0.1037 	 -0.4136 	 -0.0144 	 -0.2156 	 -0.5258 	 -0.0708
1.2525 	 0.3368 	 0.5663 	 -0.0505 	 -0.1059 	 -0.4189 	 -0.0151 	 -0.2192 	 -0.5317 	 -0.0727
1.2625 	 0.3357 	 0.5621 	 -0.0507 	 -0.1081 	 -0.4243 	 -0.0158 	 -0.2229 	 -0.5379 	 -0.0747
1.2725 	 0.3346 	 0.5578 	 -0.0509 	 -0.1104 	 -0.4297 	 -0.0166 	 -0.2267 	 -0.5441 	 -0.0767
1.2826 	 0.3335 	 0.5535 	 -0.0510 	 -0.1127 	 -0.4352 	 -0.0174 	 -0.2306 	 -0.5505 	 -0.0788
1.2926 	 0.3324 	 0.5491 	 -0.0512 	 -0.1150 	 -0.4407 	 -0.0182 	 -0.2346 	 -0.5570 	 -0.0810
1.3026 	 0.3312 	 0.5447 	 -0.0514 	 -0.1174 	 -0.4463 	 -0.0190 	 -0.2386 	 -0.5637 	 -0.0832
1.3126 	 0.3300 	 0.5402 	 -0.0516 	 -0.1198 	 -0.4520 	 -0.0198 	 -0.2428 	 -0.5705 	 -0.0854
1.3226 	 0.3288 	 0.5356 	 -0.0518 	 -0.1222 	 -0.4578 	 -0.0207 	 -0.2471 	 -0.5774 	 -0.0877
1.3327 	 0.3276 	 0.5310 	 -0.0520 	 -0.1247 	 -0.4636 	 -0.0216 	 -0.2497 	 -0.5783 	 -0.0909
1.3427 	 0.3263 	 0.5263 	 -0.0522 	 -0.1273 	 -0.4694 	 -0.0225 	 -0.2540 	 -0.5853 	 -0.0933
1.3527 	 0.3250 	 0.5216 	 -0.0525 	 -0.1298 	 -0.4753 	 -0.0235 	 -0.2585 	 -0.5924 	 -0.0957
1.3627 	 0.3237 	 0.5168 	 -0.0527 	 -0.1324 	 -0.4813 	 -0.0244 	 -0.2631 	 -0.5997 	 -0.0982
1.3727 	 0.3224 	 0.5119 	 -0.0529 	 -0.1351 	 -0.4873 	 -0.0254 	 -0.2678 	 -0.6072 	 -0.1008
1.3828 	 0.3210 	 0.5070 	 -0.0532 	 -0.1378 	 -0.4935 	 -0.0265 	 -0.2726 	 -0.6149 	 -0.1034
1.3928 	 0.3196 	 0.5020 	 -0.0535 	 -0.1406 	 -0.4997 	 -0.0275 	 -0.2776 	 -0.6229 	 -0.1060
1.4028 	 0.3182 	 0.4970 	 -0.0538 	 -0.1434 	 -0.5059 	 -0.0286 	 -0.2827 	 -0.6310 	 -0.1087
1.4128 	 0.3167 	 0.4919 	 -0.0540 	 -0.1462 	 -0.5123 	 -0.0297 	 -0.2880 	 -0.6394 	 -0.1114
1.4228 	 0.3153 	 0.4867 	 -0.0543 	 -0.1491 	 -0.5187 	 -0.0308 	 -0.2935 	 -0.6481 	 -0.1142
1.4329 	 0.3137 	 0.4815 	 -0.0547 	 -0.1521 	 -0.5253 	 -0.0320 	 -0.2992 	 -0.6570 	 -0.1170
1.4429 	 0.3122 	 0.4762 	 -0.0550 	 -0.1552 	 -0.5320 	 -0.0332 	 -0.3084 	 -0.6706 	 -0.1199
1.4529 	 0.3106 	 0.4708 	 -0.0553 	 -0.1583 	 -0.5387 	 -0.0344 	 -0.3138 	 -0.6791 	 -0.1228
1.4629 	 0.3090 	 0.4654 	 -0.0557 	 -0.1615 	 -0.5456 	 -0.0356 	 -0.3235 	 -0.6924 	 -0.1249
1.4729 	 0.3074 	 0.4599 	 -0.0560 	 -0.1648 	 -0.5526 	 -0.0369 	 -0.3288 	 -0.7010 	 -0.1279
1.4830 	 0.3057 	 0.4543 	 -0.0564 	 -0.1681 	 -0.5597 	 -0.0382 	 -0.3343 	 -0.7099 	 -0.1310
1.4930 	 0.3040 	 0.4487 	 -0.0568 	 -0.1715 	 -0.5668 	 -0.0395 	 -0.3400 	 -0.7192 	 -0.1342
1.5030 	 0.3023 	 0.4430 	 -0.0572 	 -0.1749 	 -0.5741 	 -0.0409 	 -0.3458 	 -0.7288 	 -0.1375
1.5130 	 0.3005 	 0.4372 	 -0.0576 	 -0.1784 	 -0.5814 	 -0.0423 	 -0.3519 	 -0.7389 	 -0.1409
1.5230 	 0.2987 	 0.4313 	 -0.0581 	 -0.1820 	 -0.5889 	 -0.0437 	 -0.3582 	 -0.7493 	 -0.1444
1.5331 	 0.2969 	 0.4254 	 -0.0585 	 -0.1856 	 -0.5964 	 -0.0452 	 -0.3647 	 -0.7602 	 -0.1481
1.5431 	 0.2950 	 0.4194 	 -0.0590 	 -0.1893 	 -0.6041 	 -0.0467 	 -0.3714 	 -0.7716 	 -0.1520
1.5531 	 0.2931 	 0.4133 	 -0.0594 	 -0.1930 	 -0.6119 	 -0.0482 	 -0.3785 	 -0.7835 	 -0.1559
1.5631 	 0.2911 	 0.4071 	 -0.0599 	 -0.1968 	 -0.6198 	 -0.0498 	 -0.3858 	 -0.7959 	 -0.1601
1.5731 	 0.2891 	 0.4009 	 -0.0604 	 -0.2008 	 -0.6279 	 -0.0514 	 -0.3934 	 -0.8089 	 -0.1644
1.5832 	 0.2871 	 0.3945 	 -0.0610 	 -0.2047 	 -0.6360 	 -0.0531 	 -0.4014 	 -0.8224 	 -0.1690
1.5932 	 0.2850 	 0.3881 	 -0.0615 	 -0.2088 	 -0.6443 	 -0.0548 	 -0.4098 	 -0.8367 	 -0.1738
1.6032 	 0.2829 	 0.3816 	 -0.0621 	 -0.2129 	 -0.6528 	 -0.0566 	 -0.4185 	 -0.8516 	 -0.1788
1.6132 	 0.2808 	 0.3750 	 -0.0626 	 -0.2172 	 -0.6614 	 -0.0584 	 -0.4277 	 -0.8672 	 -0.1840
1.6232 	 0.2786 	 0.3684 	 -0.0632 	 -0.2215 	 -0.6702 	 -0.0602 	 -0.4405 	 -0.8884 	 -0.1887
1.6333 	 0.2763 	 0.3616 	 -0.0638 	 -0.2260 	 -0.6792 	 -0.0622 	 -0.4503 	 -0.9051 	 -0.1946
1.6433 	 0.2740 	 0.3547 	 -0.0645 	 -0.2306 	 -0.6884 	 -0.0641 	 -0.4605 	 -0.9226 	 -0.2009
1.6533 	 0.2717 	 0.3478 	 -0.0651 	 -0.2353 	 -0.6978 	 -0.0662 	 -0.4796 	 -0.9565 	 -0.2057
1.6633 	 0.2693 	 0.3408 	 -0.0658 	 -0.2402 	 -0.7075 	 -0.0683 	 -0.4923 	 -0.9787 	 -0.2124
1.6733 	 0.2669 	 0.3336 	 -0.0665 	 -0.2452 	 -0.7174 	 -0.0704 	 -0.5072 	 -1.0070 	 -0.2220
1.6834 	 0.2644 	 0.3264 	 -0.0672 	 -0.2504 	 -0.7278 	 -0.0728 	 -0.5293 	 -1.0542 	 -0.2331
1.6934 	 0.2619 	 0.3190 	 -0.0680 	 -0.2558 	 -0.7386 	 -0.0752 	 -0.5481 	 -1.0848 	 -0.2469
1.7034 	 0.2593 	 0.3116 	 -0.0687 	 -0.2614 	 -0.7496 	 -0.0777 	 -0.5642 	 -1.1130 	 -0.2615
1.7134 	 0.2566 	 0.3040 	 -0.0695 	 -0.2671 	 -0.7608 	 -0.0804 	 -0.5723 	 -1.1231 	 -0.2716
1.7234 	 0.2539 	 0.2963 	 -0.0703 	 -0.2729 	 -0.7721 	 -0.0832 	 -0.5875 	 -1.1532 	 -0.2893
1.7335 	 0.2512 	 0.2885 	 -0.0712 	 -0.2788 	 -0.7838 	 -0.0862 	 -0.6015 	 -1.1783 	 -0.3104
1.7435 	 0.2483 	 0.2806 	 -0.0721 	 -0.2849 	 -0.7957 	 -0.0893 	 -0.6077 	 -1.1797 	 -0.3115
1.7535 	 0.2455 	 0.2726 	 -0.0730 	 -0.2910 	 -0.8075 	 -0.0924 	 -0.6157 	 -1.1806 	 -0.3151
1.7635 	 0.2425 	 0.2644 	 -0.0739 	 -0.2972 	 -0.8193 	 -0.0956 	 -0.6220 	 -1.1802 	 -0.3167
1.7735 	 0.2395 	 0.2562 	 -0.0749 	 -0.3035 	 -0.8312 	 -0.0988 	 -0.6305 	 -1.1865 	 -0.3267
1.7836 	 0.2364 	 0.2478 	 -0.0759 	 -0.3098 	 -0.8430 	 -0.1021 	 -0.6338 	 -1.1780 	 -0.3321
1.7936 	 0.2333 	 0.2393 	 -0.0769 	 -0.3162 	 -0.8548 	 -0.1055 	 -0.6392 	 -1.1728 	 -0.3338
1.8036 	 0.2301 	 0.2307 	 -0.0780 	 -0.3226 	 -0.8666 	 -0.1089 	 -0.6434 	 -1.1663 	 -0.3444
1.8136 	 0.2268 	 0.2219 	 -0.0791 	 -0.3291 	 -0.8782 	 -0.1124 	 -0.6488 	 -1.1580 	 -0.3545
1.8236 	 0.2235 	 0.2131 	 -0.0803 	 -0.3356 	 -0.8897 	 -0.1159 	 -0.6514 	 -1.1445 	 -0.3593
1.8337 	 0.2201 	 0.2041 	 -0.0814 	 -0.3422 	 -0.9011 	 -0.1196 	 -0.6538 	 -1.1300 	 -0.3642
1.8437 	 0.2166 	 0.1950 	 -0.0827 	 -0.3487 	 -0.9124 	 -0.1232 	 -0.6562 	 -1.1143 	 -0.3692
1.8537 	 0.2131 	 0.1858 	 -0.0839 	 -0.3553 	 -0.9235 	 -0.1270 	 -0.6584 	 -1.0975 	 -0.3742
1.8637 	 0.2095 	 0.1765 	 -0.0852 	 -0.3619 	 -0.9344 	 -0.1307 	 -0.6604 	 -1.0794 	 -0.3792
1.8737 	 0.2059 	 0.1671 	 -0.0865 	 -0.3686 	 -0.9451 	 -0.1346 	 -0.6647 	 -1.0626 	 -0.3873
1.8838 	 0.2021 	 0.1576 	 -0.0879 	 -0.3752 	 -0.9556 	 -0.1385 	 -0.6655 	 -1.0435 	 -0.3964
1.8938 	 0.1983 	 0.1479 	 -0.0893 	 -0.3819 	 -0.9660 	 -0.1425 	 -0.6698 	 -1.0194 	 -0.3956
1.9038 	 0.1945 	 0.1382 	 -0.0908 	 -0.3886 	 -0.9761 	 -0.1465 	 -0.6684 	 -1.0003 	 -0.4091
1.9138 	 0.1906 	 0.1284 	 -0.0922 	 -0.3953 	 -0.9860 	 -0.1507 	 -0.6667 	 -0.9758 	 -0.4161
1.9238 	 0.1866 	 0.1184 	 -0.0938 	 -0.4020 	 -0.9956 	 -0.1548 	 -0.6623 	 -0.9453 	 -0.4170
1.9339 	 0.1825 	 0.1084 	 -0.0953 	 -0.4086 	 -1.0049 	 -0.1590 	 -0.6564 	 -0.9102 	 -0.4113
1.9439 	 0.1784 	 0.0983 	 -0.0970 	 -0.4151 	 -1.0139 	 -0.1631 	 -0.6504 	 -0.8755 	 -0.4113
1.9539 	 0.1742 	 0.0881 	 -0.0986 	 -0.4216 	 -1.0225 	 -0.1672 	 -0.6493 	 -0.8461 	 -0.4161
1.9639 	 0.1699 	 0.0778 	 -0.1003 	 -0.4281 	 -1.0307 	 -0.1714 	 -0.6387 	 -0.8045 	 -0.4197
1.9739 	 0.1656 	 0.0674 	 -0.1020 	 -0.4344 	 -1.0386 	 -0.1756 	 -0.6297 	 -0.7584 	 -0.4124
1.9840 	 0.1612 	 0.0570 	 -0.1038 	 -0.4406 	 -1.0459 	 -0.1797 	 -0.6169 	 -0.7050 	 -0.4110
1.9940 	 0.1568 	 0.0465 	 -0.1056 	 -0.4468 	 -1.0527 	 -0.1838 	 -0.6031 	 -0.6470 	 -0.4107
2.0040 	 0.1523 	 0.0359 	 -0.1075 	 -0.4527 	 -1.0588 	 -0.1879 	 -0.5884 	 -0.5842 	 -0.4116
2.0140 	 0.1477 	 0.0253 	 -0.1094 	 -0.4585 	 -1.0644 	 -0.1921 	 -0.5728 	 -0.5168 	 -0.4137
2.0240 	 0.1431 	 0.0146 	 -0.1114 	 -0.4642 	 -1.0692 	 -0.1962 	 -0.5561 	 -0.4446 	 -0.4165
2.0341 	 0.1384 	 0.0039 	 -0.1133 	 -0.4697 	 -1.0733 	 -0.2004 	 -0.5381 	 -0.3675 	 -0.4193
2.0441 	 0.1337 	 -0.0069 	 -0.1154 	 -0.4750 	 -1.0765 	 -0.2046 	 -0.5188 	 -0.2846 	 -0.4204
2.0541 	 0.1289 	 -0.0177 	 -0.1174 	 -0.4801 	 -1.0789 	 -0.2088 	 -0.5011 	 -0.1961 	 -0.4120
2.0641 	 0.1240 	 -0.0285 	 -0.1196 	 -0.4850 	 -1.0804 	 -0.2129 	 -0.4691 	 -0.0953 	 -0.3996
2.0741 	 0.1192 	 -0.0394 	 -0.1217 	 -0.4894 	 -1.0809 	 -0.2168 	 -0.4237 	 0.0047 	 -0.4016
2.0842 	 0.1142 	 -0.0502 	 -0.1239 	 -0.4934 	 -1.0803 	 -0.2208 	 -0.3728 	 0.0949 	 -0.4011
2.0942 	 0.1093 	 -0.0610 	 -0.1261 	 -0.4969 	 -1.0789 	 -0.2249 	 -0.3234 	 0.1889 	 -0.3995
2.1042 	 0.1043 	 -0.0718 	 -0.1284 	 -0.4999 	 -1.0766 	 -0.2288 	 -0.2711 	 0.2751 	 -0.3978
2.1142 	 0.0993 	 -0.0826 	 -0.1307 	 -0.5023 	 -1.0734 	 -0.2328 	 -0.2188 	 0.3652 	 -0.3978
2.1242 	 0.0942 	 -0.0933 	 -0.1331 	 -0.5043 	 -1.0693 	 -0.2369 	 -0.1666 	 0.4505 	 -0.4048
2.1343 	 0.0892 	 -0.1040 	 -0.1355 	 -0.5057 	 -1.0644 	 -0.2409 	 -0.1155 	 0.5303 	 -0.4100
2.1443 	 0.0841 	 -0.1146 	 -0.1379 	 -0.5066 	 -1.0587 	 -0.2450 	 -0.0623 	 0.5970 	 -0.4063
2.1543 	 0.0790 	 -0.1252 	 -0.1404 	 -0.5070 	 -1.0524 	 -0.2491 	 -0.0166 	 0.6587 	 -0.4006
2.1643 	 0.0739 	 -0.1357 	 -0.1429 	 -0.5069 	 -1.0455 	 -0.2531 	 0.0246 	 0.7127 	 -0.3939
2.1743 	 0.0689 	 -0.1462 	 -0.1455 	 -0.5065 	 -1.0382 	 -0.2570 	 0.0558 	 0.7549 	 -0.3919
2.1844 	 0.0638 	 -0.1565 	 -0.1480 	 -0.5058 	 -1.0304 	 -0.2609 	 0.0872 	 0.7971 	 -0.3846
2.1944 	 0.0587 	 -0.1668 	 -0.1507 	 -0.5048 	 -1.0222 	 -0.2648 	 0.1199 	 0.8382 	 -0.3809
2.2044 	 0.0537 	 -0.1770 	 -0.1534 	 -0.5034 	 -1.0136 	 -0.2685 	 0.1503 	 0.8737 	 -0.3746
2.2144 	 0.0486 	 -0.1871 	 -0.1561 	 -0.5018 	 -1.0047 	 -0.2722 	 0.1762 	 0.9089 	 -0.3697
2.2244 	 0.0436 	 -0.1971 	 -0.1588 	 -0.4999 	 -0.9954 	 -0.2759 	 0.1988 	 0.9446 	 -0.3604
2.2345 	 0.0386 	 -0.2071 	 -0.1616 	 -0.4979 	 -0.9858 	 -0.2795 	 0.2125 	 0.9752 	 -0.3592
2.2445 	 0.0336 	 -0.2169 	 -0.1644 	 -0.4957 	 -0.9759 	 -0.2831 	 0.2322 	 1.0062 	 -0.3510
2.2545 	 0.0287 	 -0.2266 	 -0.1673 	 -0.4932 	 -0.9656 	 -0.2866 	 0.2504 	 1.0354 	 -0.3428
2.2645 	 0.0238 	 -0.2362 	 -0.1702 	 -0.4907 	 -0.9551 	 -0.2900 	 0.2619 	 1.0626 	 -0.3362
2.2745 	 0.0189 	 -0.2458 	 -0.1731 	 -0.4879 	 -0.9443 	 -0.2933 	 0.2768 	 1.0861 	 -0.3333
2.2846 	 0.0140 	 -0.2552 	 -0.1760 	 -0.4851 	 -0.9334 	 -0.2966 	 0.2904 	 1.1065 	 -0.3318
2.2946 	 0.0091 	 -0.2645 	 -0.1790 	 -0.4821 	 -0.9222 	 -0.2999 	 0.3053 	 1.1288 	 -0.3249
2.3046 	 0.0043 	 -0.2736 	 -0.1820 	 -0.4790 	 -0.9107 	 -0.3032 	 0.3196 	 1.1500 	 -0.3176
2.3146 	 -0.0005 	 -0.2827 	 -0.1851 	 -0.4757 	 -0.8991 	 -0.3063 	 0.3272 	 1.1608 	 -0.3140
2.3246 	 -0.0052 	 -0.2917 	 -0.1882 	 -0.4724 	 -0.8875 	 -0.3095 	 0.3336 	 1.1673 	 -0.3124
2.3347 	 -0.0099 	 -0.3005 	 -0.1913 	 -0.4690 	 -0.8757 	 -0.3126 	 0.3446 	 1.1824 	 -0.3058
2.3447 	 -0.0146 	 -0.3092 	 -0.1944 	 -0.4655 	 -0.8638 	 -0.3156 	 0.3539 	 1.1929 	 -0.3044
2.3547 	 -0.0193 	 -0.3178 	 -0.1976 	 -0.4620 	 -0.8518 	 -0.3187 	 0.3638 	 1.2026 	 -0.3034
2.3647 	 -0.0239 	 -0.3263 	 -0.2008 	 -0.4582 	 -0.8398 	 -0.3217 	 0.3750 	 1.2140 	 -0.3038
2.3747 	 -0.0284 	 -0.3346 	 -0.2041 	 -0.4544 	 -0.8275 	 -0.3248 	 0.3856 	 1.2296 	 -0.2986
2.3848 	 -0.0330 	 -0.3429 	 -0.2073 	 -0.4505 	 -0.8151 	 -0.3277 	 0.3968 	 1.2466 	 -0.2922
2.3948 	 -0.0375 	 -0.3510 	 -0.2106 	 -0.4465 	 -0.8025 	 -0.3306 	 0.4087 	 1.2644 	 -0.2839
2.4048 	 -0.0419 	 -0.3589 	 -0.2140 	 -0.4423 	 -0.7898 	 -0.3334 	 0.4195 	 1.2690 	 -0.2720
2.4148 	 -0.0463 	 -0.3668 	 -0.2173 	 -0.4381 	 -0.7770 	 -0.3361 	 0.4312 	 1.2849 	 -0.2597
2.4248 	 -0.0507 	 -0.3745 	 -0.2207 	 -0.4337 	 -0.7641 	 -0.3386 	 0.4372 	 1.2924 	 -0.2476
2.4349 	 -0.0550 	 -0.3821 	 -0.2241 	 -0.4293 	 -0.7511 	 -0.3410 	 0.4404 	 1.3047 	 -0.2362
2.4449 	 -0.0593 	 -0.3896 	 -0.2275 	 -0.4249 	 -0.7380 	 -0.3434 	 0.4465 	 1.3018 	 -0.2299
2.4549 	 -0.0635 	 -0.3969 	 -0.2310 	 -0.4204 	 -0.7250 	 -0.3456 	 0.4502 	 1.3008 	 -0.2242
2.4649 	 -0.0677 	 -0.4041 	 -0.2345 	 -0.4159 	 -0.7120 	 -0.3478 	 0.4540 	 1.2942 	 -0.2072
2.4749 	 -0.0719 	 -0.4112 	 -0.2379 	 -0.4113 	 -0.6990 	 -0.3498 	 0.4577 	 1.2955 	 -0.2003
2.4850 	 -0.0760 	 -0.4181 	 -0.2415 	 -0.4067 	 -0.6861 	 -0.3517 	 0.4558 	 1.2741 	 -0.1817
2.4950 	 -0.0800 	 -0.4249 	 -0.2450 	 -0.4022 	 -0.6736 	 -0.3534 	 0.4467 	 1.2365 	 -0.1643
2.5050 	 -0.0840 	 -0.4316 	 -0.2485 	 -0.3977 	 -0.6612 	 -0.3550 	 0.4479 	 1.2257 	 -0.1530
2.5150 	 -0.0880 	 -0.4382 	 -0.2521 	 -0.3932 	 -0.6490 	 -0.3565 	 0.4489 	 1.2152 	 -0.1405
2.5251 	 -0.0919 	 -0.4446 	 -0.2557 	 -0.3887 	 -0.6369 	 -0.3579 	 0.4474 	 1.1981 	 -0.1276
2.5351 	 -0.0958 	 -0.4509 	 -0.2593 	 -0.3843 	 -0.6250 	 -0.3591 	 0.4368 	 1.1631 	 -0.1117
2.5451 	 -0.0996 	 -0.4571 	 -0.2629 	 -0.3800 	 -0.6136 	 -0.3601 	 0.4188 	 1.1199 	 -0.0966
2.5551 	 -0.1034 	 -0.4632 	 -0.2665 	 -0.3758 	 -0.6025 	 -0.3610 	 0.4163 	 1.1026 	 -0.0867
2.5651 	 -0.1071 	 -0.4692 	 -0.2701 	 -0.3717 	 -0.5916 	 -0.3618 	 0.4135 	 1.0853 	 -0.0773
2.5752 	 -0.1109 	 -0.4751 	 -0.2737 	 -0.3676 	 -0.5808 	 -0.3626 	 0.4083 	 1.0624 	 -0.0677
2.5852 	 -0.1145 	 -0.4809 	 -0.2774 	 -0.3635 	 -0.5702 	 -0.3632 	 0.4079 	 1.0511 	 -0.0593
2.5952 	 -0.1181 	 -0.4865 	 -0.2810 	 -0.3594 	 -0.5598 	 -0.3638 	 0.4007 	 1.0285 	 -0.0503
2.6052 	 -0.1217 	 -0.4921 	 -0.2847 	 -0.3555 	 -0.5496 	 -0.3642 	 0.3981 	 1.0102 	 -0.0437
2.6152 	 -0.1253 	 -0.4975 	 -0.2883 	 -0.3515 	 -0.5396 	 -0.3646 	 0.3951 	 0.9922 	 -0.0363
2.6253 	 -0.1288 	 -0.5029 	 -0.2920 	 -0.3475 	 -0.5298 	 -0.3649 	 0.3901 	 0.9656 	 -0.0285
2.6353 	 -0.1322 	 -0.5081 	 -0.2956 	 -0.3436 	 -0.5202 	 -0.3652 	 0.3882 	 0.9505 	 -0.0218
2.6453 	 -0.1356 	 -0.5133 	 -0.2993 	 -0.3398 	 -0.5107 	 -0.3654 	 0.3864 	 0.9365 	 -0.0154
2.6553 	 -0.1390 	 -0.5184 	 -0.3030 	 -0.3359 	 -0.5014 	 -0.3655 	 0.3849 	 0.9235 	 -0.0093
2.6653 	 -0.1424 	 -0.5234 	 -0.3066 	 -0.3320 	 -0.4922 	 -0.3656 	 0.3835 	 0.9113 	 -0.0035
2.6754 	 -0.1457 	 -0.5282 	 -0.3103 	 -0.3282 	 -0.4831 	 -0.3656 	 0.3823 	 0.8998 	 0.0022
2.6854 	 -0.1490 	 -0.5330 	 -0.3139 	 -0.3244 	 -0.4742 	 -0.3655 	 0.3811 	 0.8890 	 0.0076
2.6954 	 -0.1522 	 -0.5377 	 -0.3176 	 -0.3206 	 -0.4653 	 -0.3654 	 0.3799 	 0.8787 	 0.0128
2.7054 	 -0.1554 	 -0.5424 	 -0.3213 	 -0.3168 	 -0.4566 	 -0.3653 	 0.3747 	 0.8637 	 0.0167
2.7154 	 -0.1585 	 -0.5469 	 -0.3249 	 -0.3131 	 -0.4480 	 -0.3651 	 0.3733 	 0.8538 	 0.0215
2.7255 	 -0.1617 	 -0.5513 	 -0.3286 	 -0.3093 	 -0.4395 	 -0.3649 	 0.3718 	 0.8443 	 0.0261
2.7355 	 -0.1647 	 -0.5557 	 -0.3322 	 -0.3056 	 -0.4311 	 -0.3646 	 0.3704 	 0.8351 	 0.0305
2.7455 	 -0.1678 	 -0.5600 	 -0.3359 	 -0.3019 	 -0.4228 	 -0.3642 	 0.3689 	 0.8261 	 0.0348
2.7555 	 -0.1708 	 -0.5642 	 -0.3395 	 -0.2982 	 -0.4145 	 -0.3639 	 0.3675 	 0.8173 	 0.0389
2.7655 	 -0.1738 	 -0.5683 	 -0.3432 	 -0.2945 	 -0.4064 	 -0.3635 	 0.3660 	 0.8087 	 0.0428
2.7756 	 -0.1767 	 -0.5723 	 -0.3468 	 -0.2909 	 -0.3983 	 -0.3630 	 0.3644 	 0.8004 	 0.0466
2.7856 	 -0.1796 	 -0.5763 	 -0.3505 	 -0.2872 	 -0.3903 	 -0.3625 	 0.3629 	 0.7921 	 0.0502
2.7956 	 -0.1824 	 -0.5801 	 -0.3541 	 -0.2836 	 -0.3824 	 -0.3620 	 0.3613 	 0.7841 	 0.0536
2.8056 	 -0.1853 	 -0.5839 	 -0.3577 	 -0.2800 	 -0.3746 	 -0.3615 	 0.3598 	 0.7762 	 0.0569
2.8156 	 -0.1881 	 -0.5877 	 -0.3613 	 -0.2764 	 -0.3669 	 -0.3609 	 0.3560 	 0.7616 	 0.0585
2.8257 	 -0.1908 	 -0.5913 	 -0.3649 	 -0.2729 	 -0.3593 	 -0.3603 	 0.3538 	 0.7529 	 0.0612
2.8357 	 -0.1935 	 -0.5949 	 -0.3686 	 -0.2693 	 -0.3518 	 -0.3597 	 0.3516 	 0.7445 	 0.0638
2.8457 	 -0.1962 	 -0.5983 	 -0.3722 	 -0.2658 	 -0.3444 	 -0.3590 	 0.3493 	 0.7362 	 0.0663
2.8557 	 -0.1989 	 -0.6018 	 -0.3757 	 -0.2623 	 -0.3371 	 -0.3583 	 0.3471 	 0.7282 	 0.0688
2.8657 	 -0.2015 	 -0.6051 	 -0.3793 	 -0.2589 	 -0.3298 	 -0.3576 	 0.3448 	 0.7205 	 0.0711
2.8758 	 -0.2040 	 -0.6084 	 -0.3829 	 -0.2554 	 -0.3226 	 -0.3569 	 0.3426 	 0.7129 	 0.0734
2.8858 	 -0.2066 	 -0.6116 	 -0.3865 	 -0.2520 	 -0.3156 	 -0.3562 	 0.3371 	 0.6991 	 0.0754
2.8958 	 -0.2091 	 -0.6147 	 -0.3901 	 -0.2487 	 -0.3086 	 -0.3554 	 0.3317 	 0.6843 	 0.0782
2.9058 	 -0.2116 	 -0.6178 	 -0.3936 	 -0.2453 	 -0.3018 	 -0.3546 	 0.3284 	 0.6749 	 0.0801
2.9158 	 -0.2140 	 -0.6207 	 -0.3972 	 -0.2421 	 -0.2951 	 -0.3538 	 0.3217 	 0.6613 	 0.0785
2.9259 	 -0.2164 	 -0.6237 	 -0.4007 	 -0.2389 	 -0.2885 	 -0.3530 	 0.3180 	 0.6516 	 0.0796
2.9359 	 -0.2188 	 -0.6265 	 -0.4042 	 -0.2357 	 -0.2821 	 -0.3522 	 0.3145 	 0.6422 	 0.0807
2.9459 	 -0.2211 	 -0.6293 	 -0.4078 	 -0.2326 	 -0.2757 	 -0.3514 	 0.3111 	 0.6332 	 0.0817
2.9559 	 -0.2235 	 -0.6321 	 -0.4113 	 -0.2295 	 -0.2694 	 -0.3506 	 0.3078 	 0.6246 	 0.0829
2.9659 	 -0.2257 	 -0.6347 	 -0.4148 	 -0.2264 	 -0.2632 	 -0.3497 	 0.3047 	 0.6162 	 0.0840
2.9760 	 -0.2280 	 -0.6373 	 -0.4183 	 -0.2234 	 -0.2570 	 -0.3489 	 0.3018 	 0.6082 	 0.0852
2.9860 	 -0.2302 	 -0.6399 	 -0.4218 	 -0.2204 	 -0.2510 	 -0.3480 	 0.2989 	 0.6004 	 0.0864
2.9960 	 -0.2324 	 -0.6424 	 -0.4253 	 -0.2174 	 -0.2450 	 -0.3471 	 0.2962 	 0.5929 	 0.0876
3.0060 	 -0.2346 	 -0.6448 	 -0.4287 	 -0.2144 	 -0.2391 	 -0.3463 	 0.2936 	 0.5857 	 0.0889
3.0160 	 -0.2367 	 -0.6471 	 -0.4322 	 -0.2115 	 -0.2333 	 -0.3454 	 0.2878 	 0.5743 	 0.0907
3.0261 	 -0.2388 	 -0.6495 	 -0.4357 	 -0.2086 	 -0.2276 	 -0.3444 	 0.2860 	 0.5683 	 0.0921
3.0361 	 -0.2409 	 -0.6517 	 -0.4391 	 -0.2058 	 -0.2219 	 -0.3435 	 0.2844 	 0.5626 	 0.0935
3.0461 	 -0.2429 	 -0.6539 	 -0.4425 	 -0.2029 	 -0.2163 	 -0.3426 	 0.2828 	 0.5571 	 0.0950
3.0561 	 -0.2450 	 -0.6560 	 -0.4460 	 -0.2001 	 -0.2107 	 -0.3416 	 0.2814 	 0.5519 	 0.0966
3.0661 	 -0.2469 	 -0.6581 	 -0.4494 	 -0.1973 	 -0.2052 	 -0.3406 	 0.2801 	 0.5468 	 0.0982
3.0762 	 -0.2489 	 -0.6602 	 -0.4528 	 -0.1945 	 -0.1998 	 -0.3396 	 0.2789 	 0.5420 	 0.0999
3.0862 	 -0.2508 	 -0.6621 	 -0.4562 	 -0.1917 	 -0.1944 	 -0.3386 	 0.2778 	 0.5374 	 0.1016
3.0962 	 -0.2528 	 -0.6641 	 -0.4596 	 -0.1889 	 -0.1890 	 -0.3376 	 0.2768 	 0.5329 	 0.1034
3.1062 	 -0.2546 	 -0.6659 	 -0.4630 	 -0.1862 	 -0.1837 	 -0.3366 	 0.2759 	 0.5287 	 0.1052
3.1162 	 -0.2565 	 -0.6677 	 -0.4663 	 -0.1834 	 -0.1784 	 -0.3355 	 0.2751 	 0.5246 	 0.1071
3.1263 	 -0.2583 	 -0.6695 	 -0.4697 	 -0.1807 	 -0.1732 	 -0.3344 	 0.2743 	 0.5206 	 0.1091
3.1363 	 -0.2601 	 -0.6712 	 -0.4730 	 -0.1779 	 -0.1680 	 -0.3333 	 0.2736 	 0.5169 	 0.1112
3.1463 	 -0.2619 	 -0.6729 	 -0.4764 	 -0.1752 	 -0.1628 	 -0.3322 	 0.2730 	 0.5133 	 0.1133
3.1563 	 -0.2636 	 -0.6745 	 -0.4797 	 -0.1724 	 -0.1577 	 -0.3310 	 0.2725 	 0.5098 	 0.1155
3.1663 	 -0.2653 	 -0.6760 	 -0.4830 	 -0.1697 	 -0.1526 	 -0.3299 	 0.2721 	 0.5065 	 0.1177
3.1764 	 -0.2670 	 -0.6775 	 -0.4863 	 -0.1670 	 -0.1475 	 -0.3287 	 0.2717 	 0.5034 	 0.1201
3.1864 	 -0.2687 	 -0.6790 	 -0.4896 	 -0.1643 	 -0.1425 	 -0.3275 	 0.2714 	 0.5003 	 0.1224
3.1964 	 -0.2703 	 -0.6804 	 -0.4929 	 -0.1615 	 -0.1375 	 -0.3262 	 0.2711 	 0.4974 	 0.1249
3.2064 	 -0.2719 	 -0.6817 	 -0.4961 	 -0.1588 	 -0.1325 	 -0.3250 	 0.2709 	 0.4946 	 0.1274
3.2164 	 -0.2735 	 -0.6830 	 -0.4994 	 -0.1561 	 -0.1276 	 -0.3237 	 0.2708 	 0.4920 	 0.1300
3.2265 	 -0.2750 	 -0.6843 	 -0.5026 	 -0.1534 	 -0.1227 	 -0.3224 	 0.2707 	 0.4894 	 0.1326
3.2365 	 -0.2766 	 -0.6855 	 -0.5058 	 -0.1507 	 -0.1178 	 -0.3210 	 0.2707 	 0.4870 	 0.1353
3.2465 	 -0.2781 	 -0.6867 	 -0.5090 	 -0.1480 	 -0.1129 	 -0.3196 	 0.2707 	 0.4847 	 0.1381
3.2565 	 -0.2795 	 -0.6878 	 -0.5122 	 -0.1453 	 -0.1081 	 -0.3182 	 0.2708 	 0.4825 	 0.1409
3.2665 	 -0.2810 	 -0.6888 	 -0.5154 	 -0.1425 	 -0.1032 	 -0.3168 	 0.2734 	 0.4847 	 0.1478
3.2766 	 -0.2824 	 -0.6898 	 -0.5186 	 -0.1398 	 -0.0984 	 -0.3153 	 0.2734 	 0.4823 	 0.1505
3.2866 	 -0.2838 	 -0.6908 	 -0.5217 	 -0.1371 	 -0.0936 	 -0.3138 	 0.2734 	 0.4801 	 0.1532
3.2966 	 -0.2851 	 -0.6917 	 -0.5249 	 -0.1343 	 -0.0888 	 -0.3122 	 0.2735 	 0.4780 	 0.1560
3.3066 	 -0.2865 	 -0.6926 	 -0.5280 	 -0.1316 	 -0.0840 	 -0.3107 	 0.2737 	 0.4760 	 0.1587
3.3166 	 -0.2878 	 -0.6934 	 -0.5311 	 -0.1288 	 -0.0792 	 -0.3091 	 0.2739 	 0.4741 	 0.1615
3.3267 	 -0.2890 	 -0.6942 	 -0.5342 	 -0.1261 	 -0.0745 	 -0.3074 	 0.2742 	 0.4724 	 0.1643
3.3367 	 -0.2903 	 -0.6949 	 -0.5373 	 -0.1234 	 -0.0698 	 -0.3058 	 0.2745 	 0.4707 	 0.1671
3.3467 	 -0.2915 	 -0.6956 	 -0.5403 	 -0.1206 	 -0.0651 	 -0.3041 	 0.2749 	 0.4692 	 0.1699
3.3567 	 -0.2927 	 -0.6962 	 -0.5433 	 -0.1178 	 -0.0604 	 -0.3024 	 0.2754 	 0.4678 	 0.1727
3.3667 	 -0.2939 	 -0.6968 	 -0.5464 	 -0.1151 	 -0.0557 	 -0.3006 	 0.2759 	 0.4665 	 0.1754
3.3768 	 -0.2950 	 -0.6973 	 -0.5494 	 -0.1123 	 -0.0510 	 -0.2989 	 0.2765 	 0.4653 	 0.1782
3.3868 	 -0.2961 	 -0.6978 	 -0.5524 	 -0.1095 	 -0.0464 	 -0.2971 	 0.2771 	 0.4642 	 0.1809
3.3968 	 -0.2972 	 -0.6982 	 -0.5553 	 -0.1068 	 -0.0417 	 -0.2952 	 0.2778 	 0.4632 	 0.1837
3.4068 	 -0.2983 	 -0.6986 	 -0.5583 	 -0.1040 	 -0.0371 	 -0.2934 	 0.2785 	 0.4622 	 0.1864
3.4168 	 -0.2993 	 -0.6990 	 -0.5612 	 -0.1012 	 -0.0325 	 -0.2915 	 0.2793 	 0.4614 	 0.1890
3.4269 	 -0.3003 	 -0.6993 	 -0.5641 	 -0.0984 	 -0.0278 	 -0.2896 	 0.2802 	 0.4606 	 0.1916
3.4369 	 -0.3013 	 -0.6995 	 -0.5670 	 -0.0956 	 -0.0232 	 -0.2877 	 0.2810 	 0.4600 	 0.1942
3.4469 	 -0.3022 	 -0.6997 	 -0.5699 	 -0.0927 	 -0.0186 	 -0.2857 	 0.2820 	 0.4593 	 0.1967
3.4569 	 -0.3031 	 -0.6999 	 -0.5727 	 -0.0899 	 -0.0140 	 -0.2837 	 0.2829 	 0.4587 	 0.1992
3.4669 	 -0.3040 	 -0.7000 	 -0.5756 	 -0.0871 	 -0.0094 	 -0.2817 	 0.2839 	 0.4582 	 0.2016
3.4770 	 -0.3049 	 -0.7001 	 -0.5784 	 -0.0842 	 -0.0048 	 -0.2797 	 0.2850 	 0.4577 	 0.2040
3.4870 	 -0.3057 	 -0.7001 	 -0.5812 	 -0.0814 	 -0.0003 	 -0.2776 	 0.2860 	 0.4573 	 0.2063
3.4970 	 -0.3065 	 -0.7001 	 -0.5839 	 -0.0785 	 0.0043 	 -0.2755 	 0.2871 	 0.4568 	 0.2086
3.5070 	 -0.3073 	 -0.7000 	 -0.5867 	 -0.0756 	 0.0089 	 -0.2734 	 0.2883 	 0.4564 	 0.2108
3.5170 	 -0.3080 	 -0.6999 	 -0.5894 	 -0.0727 	 0.0135 	 -0.2713 	 0.2935 	 0.4597 	 0.2142
3.5271 	 -0.3087 	 -0.6998 	 -0.5921 	 -0.0697 	 0.0181 	 -0.2691 	 0.2941 	 0.4588 	 0.2161
3.5371 	 -0.3094 	 -0.6996 	 -0.5948 	 -0.0668 	 0.0227 	 -0.2670 	 0.2947 	 0.4578 	 0.2179
3.5471 	 -0.3101 	 -0.6993 	 -0.5975 	 -0.0638 	 0.0273 	 -0.2648 	 0.2954 	 0.4569 	 0.2197
3.5571 	 -0.3107 	 -0.6990 	 -0.6001 	 -0.0609 	 0.0319 	 -0.2626 	 0.2960 	 0.4559 	 0.2215
3.5671 	 -0.3113 	 -0.6987 	 -0.6027 	 -0.0579 	 0.0364 	 -0.2603 	 0.2965 	 0.4549 	 0.2232
3.5772 	 -0.3119 	 -0.6983 	 -0.6053 	 -0.0549 	 0.0410 	 -0.2581 	 0.2971 	 0.4539 	 0.2249
3.5872 	 -0.3124 	 -0.6978 	 -0.6079 	 -0.0519 	 0.0455 	 -0.2558 	 0.2977 	 0.4528 	 0.2266
3.5972 	 -0.3129 	 -0.6974 	 -0.6105 	 -0.0490 	 0.0500 	 -0.2536 	 0.2983 	 0.4517 	 0.2282
3.6072 	 -0.3134 	 -0.6968 	 -0.6130 	 -0.0460 	 0.0546 	 -0.2513 	 0.2988 	 0.4506 	 0.2298
3.6172 	 -0.3138 	 -0.6963 	 -0.6155 	 -0.0430 	 0.0591 	 -0.2490 	 0.2994 	 0.4495 	 0.2314
3.6273 	 -0.3142 	 -0.6957 	 -0.6180 	 -0.0400 	 0.0636 	 -0.2466 	 0.2999 	 0.4483 	 0.2330
3.6373 	 -0.3146 	 -0.6950 	 -0.6204 	 -0.0370 	 0.0681 	 -0.2443 	 0.3004 	 0.4471 	 0.2345
3.6473 	 -0.3150 	 -0.6943 	 -0.6229 	 -0.0339 	 0.0725 	 -0.2419 	 0.3009 	 0.4458 	 0.2360
3.6573 	 -0.3153 	 -0.6935 	 -0.6253 	 -0.0309 	 0.0770 	 -0.2396 	 0.3014 	 0.4445 	 0.2375
3.6673 	 -0.3156 	 -0.6928 	 -0.6277 	 -0.0279 	 0.0814 	 -0.2372 	 0.3019 	 0.4432 	 0.2389
3.6774 	 -0.3159 	 -0.6919 	 -0.6300 	 -0.0249 	 0.0859 	 -0.2347 	 0.3034 	 0.4449 	 0.2453
3.6874 	 -0.3161 	 -0.6910 	 -0.6324 	 -0.0218 	 0.0904 	 -0.2323 	 0.3038 	 0.4432 	 0.2464
3.6974 	 -0.3163 	 -0.6901 	 -0.6347 	 -0.0188 	 0.0948 	 -0.2298 	 0.3042 	 0.4414 	 0.2475
3.7074 	 -0.3165 	 -0.6891 	 -0.6370 	 -0.0157 	 0.0992 	 -0.2273 	 0.3045 	 0.4396 	 0.2485
3.7174 	 -0.3166 	 -0.6881 	 -0.6392 	 -0.0127 	 0.1036 	 -0.2248 	 0.3049 	 0.4378 	 0.2495
3.7275 	 -0.3167 	 -0.6871 	 -0.6415 	 -0.0096 	 0.1080 	 -0.2223 	 0.3053 	 0.4360 	 0.2505
3.7375 	 -0.3168 	 -0.6860 	 -0.6437 	 -0.0066 	 0.1123 	 -0.2198 	 0.3057 	 0.4341 	 0.2514
3.7475 	 -0.3169 	 -0.6848 	 -0.6459 	 -0.0035 	 0.1167 	 -0.2173 	 0.3060 	 0.4322 	 0.2524
3.7575 	 -0.3169 	 -0.6836 	 -0.6481 	 -0.0004 	 0.1210 	 -0.2147 	 0.3064 	 0.4304 	 0.2532
3.7675 	 -0.3169 	 -0.6824 	 -0.6502 	 0.0026 	 0.1253 	 -0.2122 	 0.3068 	 0.4285 	 0.2541
3.7776 	 -0.3168 	 -0.6811 	 -0.6523 	 0.0057 	 0.1296 	 -0.2096 	 0.3036 	 0.4211 	 0.2555
3.7876 	 -0.3167 	 -0.6798 	 -0.6544 	 0.0088 	 0.1338 	 -0.2071 	 0.3037 	 0.4187 	 0.2562
3.7976 	 -0.3166 	 -0.6784 	 -0.6565 	 0.0118 	 0.1380 	 -0.2045 	 0.3038 	 0.4164 	 0.2569
3.8076 	 -0.3165 	 -0.6770 	 -0.6585 	 0.0148 	 0.1421 	 -0.2019 	 0.3038 	 0.4140 	 0.2576
3.8176 	 -0.3163 	 -0.6756 	 -0.6605 	 0.0179 	 0.1463 	 -0.1993 	 0.3039 	 0.4117 	 0.2582
3.8277 	 -0.3161 	 -0.6741 	 -0.6625 	 0.0209 	 0.1504 	 -0.1967 	 0.3040 	 0.4094 	 0.2588
3.8377 	 -0.3159 	 -0.6726 	 -0.6644 	 0.0240 	 0.1545 	 -0.1942 	 0.3040 	 0.4071 	 0.2593
3.8477 	 -0.3157 	 -0.6710 	 -0.6664 	 0.0270 	 0.1585 	 -0.1916 	 0.3044 	 0.4062 	 0.2534
3.8577 	 -0.3154 	 -0.6694 	 -0.6683 	 0.0301 	 0.1626 	 -0.1890 	 0.3045 	 0.4041 	 0.2535
3.8677 	 -0.3151 	 -0.6677 	 -0.6702 	 0.0331 	 0.1666 	 -0.1865 	 0.3025 	 0.3987 	 0.2486
3.8778 	 -0.3147 	 -0.6660 	 -0.6720 	 0.0362 	 0.1706 	 -0.1840 	 0.3023 	 0.3962 	 0.2481
3.8878 	 -0.3143 	 -0.6643 	 -0.6739 	 0.0392 	 0.1746 	 -0.1815 	 0.3021 	 0.3937 	 0.2475
3.8978 	 -0.3139 	 -0.6626 	 -0.6757 	 0.0422 	 0.1785 	 -0.1790 	 0.3020 	 0.3913 	 0.2470
3.9078 	 -0.3135 	 -0.6607 	 -0.6774 	 0.0452 	 0.1824 	 -0.1766 	 0.3019 	 0.3889 	 0.2465
3.9178 	 -0.3130 	 -0.6589 	 -0.6792 	 0.0483 	 0.1863 	 -0.1741 	 0.3018 	 0.3866 	 0.2461
3.9279 	 -0.3125 	 -0.6570 	 -0.6809 	 0.0513 	 0.1902 	 -0.1716 	 0.3017 	 0.3844 	 0.2456
3.9379 	 -0.3120 	 -0.6551 	 -0.6826 	 0.0543 	 0.1940 	 -0.1692 	 0.3017 	 0.3822 	 0.2452
3.9479 	 -0.3114 	 -0.6531 	 -0.6843 	 0.0573 	 0.1978 	 -0.1667 	 0.3016 	 0.3800 	 0.2447
3.9579 	 -0.3109 	 -0.6511 	 -0.6860 	 0.0604 	 0.2016 	 -0.1643 	 0.3017 	 0.3780 	 0.2443
3.9679 	 -0.3102 	 -0.6491 	 -0.6876 	 0.0634 	 0.2054 	 -0.1618 	 0.3017 	 0.3760 	 0.2439
3.9780 	 -0.3096 	 -0.6470 	 -0.6892 	 0.0664 	 0.2091 	 -0.1594 	 0.3018 	 0.3740 	 0.2436
3.9880 	 -0.3089 	 -0.6449 	 -0.6908 	 0.0694 	 0.2129 	 -0.1570 	 0.3021 	 0.3734 	 0.2368
3.9980 	 -0.3082 	 -0.6427 	 -0.6924 	 0.0725 	 0.2166 	 -0.1546 	 0.3023 	 0.3719 	 0.2361
4.0080 	 -0.3074 	 -0.6405 	 -0.6939 	 0.0755 	 0.2203 	 -0.1522 	 0.3026 	 0.3704 	 0.2354
4.0180 	 -0.3067 	 -0.6383 	 -0.6954 	 0.0785 	 0.2240 	 -0.1499 	 0.3029 	 0.3690 	 0.2347
4.0281 	 -0.3059 	 -0.6361 	 -0.6969 	 0.0816 	 0.2277 	 -0.1475 	 0.3033 	 0.3677 	 0.2341
4.0381 	 -0.3050 	 -0.6338 	 -0.6984 	 0.0846 	 0.2314 	 -0.1452 	 0.3037 	 0.3665 	 0.2335
4.0481 	 -0.3042 	 -0.6314 	 -0.6998 	 0.0876 	 0.2351 	 -0.1428 	 0.3042 	 0.3654 	 0.2329
4.0581 	 -0.3033 	 -0.6290 	 -0.7012 	 0.0907 	 0.2387 	 -0.1405 	 0.3047 	 0.3645 	 0.2324
4.0681 	 -0.3024 	 -0.6266 	 -0.7026 	 0.0938 	 0.2424 	 -0.1382 	 0.3053 	 0.3636 	 0.2319
4.0782 	 -0.3014 	 -0.6242 	 -0.7040 	 0.0968 	 0.2460 	 -0.1359 	 0.3060 	 0.3628 	 0.2314
4.0882 	 -0.3004 	 -0.6217 	 -0.7054 	 0.0999 	 0.2497 	 -0.1335 	 0.3068 	 0.3621 	 0.2310
4.0982 	 -0.2994 	 -0.6192 	 -0.7067 	 0.1030 	 0.2533 	 -0.1312 	 0.3076 	 0.3615 	 0.2306
4.1082 	 -0.2984 	 -0.6166 	 -0.7080 	 0.1060 	 0.2569 	 -0.1289 	 0.3085 	 0.3610 	 0.2302
4.1182 	 -0.2973 	 -0.6140 	 -0.7093 	 0.1091 	 0.2605 	 -0.1266 	 0.3095 	 0.3606 	 0.2299
4.1283 	 -0.2962 	 -0.6114 	 -0.7105 	 0.1123 	 0.2641 	 -0.1243 	 0.3106 	 0.3603 	 0.2296
4.1383 	 -0.2950 	 -0.6087 	 -0.7118 	 0.1154 	 0.2677 	 -0.1220 	 0.3117 	 0.3601 	 0.2293
4.1483 	 -0.2939 	 -0.6060 	 -0.7130 	 0.1185 	 0.2713 	 -0.1197 	 0.3130 	 0.3600 	 0.2291
4.1583 	 -0.2927 	 -0.6033 	 -0.7142 	 0.1217 	 0.2750 	 -0.1174 	 0.3180 	 0.3646 	 0.2279
4.1683 	 -0.2914 	 -0.6005 	 -0.7153 	 0.1249 	 0.2786 	 -0.1152 	 0.3190 	 0.3641 	 0.2279
4.1784 	 -0.2902 	 -0.5977 	 -0.7165 	 0.1281 	 0.2823 	 -0.1129 	 0.3201 	 0.3638 	 0.2279
4.1884 	 -0.2889 	 -0.5949 	 -0.7176 	 0.1313 	 0.2859 	 -0.1106 	 0.3212 	 0.3635 	 0.2279
4.1984 	 -0.2875 	 -0.5920 	 -0.7187 	 0.1345 	 0.2896 	 -0.1083 	 0.3225 	 0.3634 	 0.2280
4.2084 	 -0.2862 	 -0.5891 	 -0.7198 	 0.1377 	 0.2932 	 -0.1060 	 0.3238 	 0.3633 	 0.2282
4.2184 	 -0.2848 	 -0.5861 	 -0.7208 	 0.1410 	 0.2969 	 -0.1037 	 0.3252 	 0.3633 	 0.2283
4.2285 	 -0.2833 	 -0.5831 	 -0.7218 	 0.1443 	 0.3005 	 -0.1014 	 0.3266 	 0.3635 	 0.2286
4.2385 	 -0.2819 	 -0.5801 	 -0.7228 	 0.1475 	 0.3041 	 -0.0992 	 0.3282 	 0.3637 	 0.2289
4.2485 	 -0.2804 	 -0.5770 	 -0.7238 	 0.1508 	 0.3078 	 -0.0969 	 0.3299 	 0.3641 	 0.2292
4.2585 	 -0.2788 	 -0.5739 	 -0.7248 	 0.1542 	 0.3114 	 -0.0946 	 0.3316 	 0.3646 	 0.2295
4.2685 	 -0.2773 	 -0.5708 	 -0.7257 	 0.1575 	 0.3151 	 -0.0923 	 0.3335 	 0.3652 	 0.2300
4.2786 	 -0.2757 	 -0.5676 	 -0.7266 	 0.1608 	 0.3188 	 -0.0899 	 0.3354 	 0.3659 	 0.2304
4.2886 	 -0.2741 	 -0.5644 	 -0.7275 	 0.1642 	 0.3224 	 -0.0876 	 0.3375 	 0.3667 	 0.2309
4.2986 	 -0.2724 	 -0.5612 	 -0.7284 	 0.1676 	 0.3261 	 -0.0853 	 0.3431 	 0.3719 	 0.2311
4.3086 	 -0.2707 	 -0.5579 	 -0.7292 	 0.1711 	 0.3299 	 -0.0830 	 0.3447 	 0.3722 	 0.2318
4.3186 	 -0.2690 	 -0.5545 	 -0.7301 	 0.1745 	 0.3336 	 -0.0807 	 0.3464 	 0.3725 	 0.2326
4.3287 	 -0.2672 	 -0.5512 	 -0.7309 	 0.1780 	 0.3373 	 -0.0783 	 0.3482 	 0.3729 	 0.2334
4.3387 	 -0.2654 	 -0.5478 	 -0.7316 	 0.1815 	 0.3411 	 -0.0760 	 0.3523 	 0.3722 	 0.2285
4.3487 	 -0.2636 	 -0.5443 	 -0.7324 	 0.1851 	 0.3448 	 -0.0737 	 0.3540 	 0.3729 	 0.2300
4.3587 	 -0.2617 	 -0.5409 	 -0.7331 	 0.1886 	 0.3485 	 -0.0714 	 0.3557 	 0.3738 	 0.2317
4.3687 	 -0.2598 	 -0.5374 	 -0.7338 	 0.1922 	 0.3523 	 -0.0691 	 0.3575 	 0.3747 	 0.2334
4.3788 	 -0.2578 	 -0.5338 	 -0.7345 	 0.1958 	 0.3561 	 -0.0667 	 0.3593 	 0.3757 	 0.2353
4.3888 	 -0.2559 	 -0.5302 	 -0.7351 	 0.1994 	 0.3598 	 -0.0644 	 0.3613 	 0.3767 	 0.2372
4.3988 	 -0.2538 	 -0.5266 	 -0.7358 	 0.2030 	 0.3636 	 -0.0620 	 0.3632 	 0.3779 	 0.2392
4.4088 	 -0.2518 	 -0.5229 	 -0.7364 	 0.2067 	 0.3674 	 -0.0595 	 0.3633 	 0.3827 	 0.2470
4.4188 	 -0.2497 	 -0.5192 	 -0.7370 	 0.2103 	 0.3713 	 -0.0570 	 0.3678 	 0.3897 	 0.2479
4.4289 	 -0.2476 	 -0.5155 	 -0.7375 	 0.2140 	 0.3752 	 -0.0545 	 0.3696 	 0.3910 	 0.2509
4.4389 	 -0.2454 	 -0.5117 	 -0.7381 	 0.2177 	 0.3791 	 -0.0520 	 0.3715 	 0.3922 	 0.2540
4.4489 	 -0.2432 	 -0.5079 	 -0.7386 	 0.2214 	 0.3831 	 -0.0494 	 0.3734 	 0.3936 	 0.2573
4.4589 	 -0.2410 	 -0.5040 	 -0.7390 	 0.2252 	 0.3870 	 -0.0468 	 0.3754 	 0.3949 	 0.2607
4.4689 	 -0.2387 	 -0.5001 	 -0.7395 	 0.2290 	 0.3910 	 -0.0442 	 0.3775 	 0.3964 	 0.2642
4.4790 	 -0.2364 	 -0.4962 	 -0.7399 	 0.2328 	 0.3949 	 -0.0416 	 0.3796 	 0.3978 	 0.2678
4.4890 	 -0.2340 	 -0.4922 	 -0.7403 	 0.2366 	 0.3989 	 -0.0388 	 0.3819 	 0.3993 	 0.2716
4.4990 	 -0.2316 	 -0.4882 	 -0.7407 	 0.2404 	 0.4029 	 -0.0361 	 0.3842 	 0.4008 	 0.2756
4.5090 	 -0.2292 	 -0.4842 	 -0.7411 	 0.2443 	 0.4070 	 -0.0333 	 0.3865 	 0.4024 	 0.2797
4.5190 	 -0.2268 	 -0.4801 	 -0.7414 	 0.2482 	 0.4111 	 -0.0305 	 0.3912 	 0.4094 	 0.2846
4.5291 	 -0.2242 	 -0.4759 	 -0.7417 	 0.2521 	 0.4152 	 -0.0276 	 0.3935 	 0.4105 	 0.2890
4.5391 	 -0.2217 	 -0.4717 	 -0.7419 	 0.2561 	 0.4193 	 -0.0247 	 0.3958 	 0.4115 	 0.2935
4.5491 	 -0.2191 	 -0.4675 	 -0.7422 	 0.2600 	 0.4234 	 -0.0217 	 0.3981 	 0.4126 	 0.2983
4.5591 	 -0.2165 	 -0.4632 	 -0.7424 	 0.2640 	 0.4276 	 -0.0187 	 0.4006 	 0.4136 	 0.3032
4.5691 	 -0.2138 	 -0.4589 	 -0.7425 	 0.2681 	 0.4317 	 -0.0157 	 0.4031 	 0.4146 	 0.3084
4.5792 	 -0.2111 	 -0.4546 	 -0.7427 	 0.2721 	 0.4359 	 -0.0125 	 0.4057 	 0.4156 	 0.3137
4.5892 	 -0.2084 	 -0.4502 	 -0.7428 	 0.2762 	 0.4400 	 -0.0094 	 0.4083 	 0.4165 	 0.3192
4.5992 	 -0.2056 	 -0.4458 	 -0.7429 	 0.2803 	 0.4442 	 -0.0061 	 0.4110 	 0.4173 	 0.3250
4.6092 	 -0.2028 	 -0.4413 	 -0.7429 	 0.2844 	 0.4484 	 -0.0029 	 0.4137 	 0.4181 	 0.3309
4.6192 	 -0.1999 	 -0.4368 	 -0.7429 	 0.2886 	 0.4526 	 0.0005 	 0.4165 	 0.4188 	 0.3371
4.6293 	 -0.1970 	 -0.4322 	 -0.7429 	 0.2928 	 0.4568 	 0.0039 	 0.4192 	 0.4193 	 0.3436
4.6393 	 -0.1940 	 -0.4276 	 -0.7428 	 0.2970 	 0.4610 	 0.0074 	 0.4220 	 0.4198 	 0.3503
4.6493 	 -0.1910 	 -0.4230 	 -0.7428 	 0.3012 	 0.4652 	 0.0109 	 0.4248 	 0.4201 	 0.3572
4.6593 	 -0.1880 	 -0.4183 	 -0.7426 	 0.3055 	 0.4694 	 0.0145 	 0.4328 	 0.4227 	 0.3616
4.6693 	 -0.1849 	 -0.4136 	 -0.7425 	 0.3099 	 0.4736 	 0.0182 	 0.4352 	 0.4224 	 0.3693
4.6794 	 -0.1818 	 -0.4088 	 -0.7423 	 0.3142 	 0.4779 	 0.0219 	 0.4376 	 0.4220 	 0.3772
4.6894 	 -0.1786 	 -0.4040 	 -0.7420 	 0.3186 	 0.4821 	 0.0257 	 0.4398 	 0.4214 	 0.3854
4.6994 	 -0.1754 	 -0.3992 	 -0.7417 	 0.3231 	 0.4863 	 0.0296 	 0.4420 	 0.4206 	 0.3939
4.7094 	 -0.1721 	 -0.3943 	 -0.7414 	 0.3275 	 0.4905 	 0.0336 	 0.4440 	 0.4195 	 0.4026
4.7194 	 -0.1688 	 -0.3893 	 -0.7411 	 0.3320 	 0.4948 	 0.0377 	 0.4480 	 0.4218 	 0.4076
4.7295 	 -0.1655 	 -0.3844 	 -0.7407 	 0.3365 	 0.4990 	 0.0418 	 0.4494 	 0.4199 	 0.4172
4.7395 	 -0.1621 	 -0.3793 	 -0.7402 	 0.3410 	 0.5032 	 0.0460 	 0.4506 	 0.4178 	 0.4271
4.7495 	 -0.1586 	 -0.3743 	 -0.7398 	 0.3455 	 0.5073 	 0.0504 	 0.4516 	 0.4156 	 0.4373
4.7595 	 -0.1552 	 -0.3692 	 -0.7392 	 0.3500 	 0.5115 	 0.0548 	 0.4525 	 0.4132 	 0.4476
4.7695 	 -0.1516 	 -0.3640 	 -0.7387 	 0.3546 	 0.5156 	 0.0593 	 0.4532 	 0.4107 	 0.4581
4.7796 	 -0.1480 	 -0.3588 	 -0.7380 	 0.3592 	 0.5198 	 0.0640 	 0.4641 	 0.4137 	 0.4670
4.7896 	 -0.1444 	 -0.3536 	 -0.7374 	 0.3638 	 0.5239 	 0.0687 	 0.4639 	 0.4107 	 0.4779
4.7996 	 -0.1408 	 -0.3483 	 -0.7367 	 0.3685 	 0.5280 	 0.0735 	 0.4635 	 0.4077 	 0.4892
4.8096 	 -0.1370 	 -0.3430 	 -0.7359 	 0.3731 	 0.5321 	 0.0785 	 0.4652 	 0.4090 	 0.5041
4.8196 	 -0.1333 	 -0.3377 	 -0.7351 	 0.3778 	 0.5362 	 0.0836 	 0.4644 	 0.4055 	 0.5153
4.8297 	 -0.1295 	 -0.3323 	 -0.7342 	 0.3824 	 0.5402 	 0.0889 	 0.4635 	 0.4021 	 0.5269
4.8397 	 -0.1256 	 -0.3268 	 -0.7333 	 0.3871 	 0.5442 	 0.0942 	 0.4627 	 0.3988 	 0.5389
4.8497 	 -0.1217 	 -0.3214 	 -0.7323 	 0.3917 	 0.5482 	 0.0997 	 0.4657 	 0.3977 	 0.5553
4.8597 	 -0.1178 	 -0.3159 	 -0.7313 	 0.3964 	 0.5522 	 0.1053 	 0.4645 	 0.3944 	 0.5680
4.8697 	 -0.1138 	 -0.3103 	 -0.7302 	 0.4011 	 0.5562 	 0.1111 	 0.4657 	 0.3966 	 0.5820
4.8798 	 -0.1097 	 -0.3047 	 -0.7291 	 0.4057 	 0.5601 	 0.1170 	 0.4643 	 0.3930 	 0.5958
4.8898 	 -0.1056 	 -0.2991 	 -0.7279 	 0.4104 	 0.5641 	 0.1230 	 0.4630 	 0.3893 	 0.6102
4.8998 	 -0.1015 	 -0.2934 	 -0.7266 	 0.4150 	 0.5679 	 0.1292 	 0.4618 	 0.3858 	 0.6253
4.9098 	 -0.0973 	 -0.2877 	 -0.7253 	 0.4197 	 0.5718 	 0.1356 	 0.4642 	 0.3851 	 0.6447
4.9198 	 -0.0931 	 -0.2820 	 -0.7239 	 0.4243 	 0.5757 	 0.1421 	 0.4625 	 0.3809 	 0.6604
4.9299 	 -0.0888 	 -0.2762 	 -0.7224 	 0.4289 	 0.5794 	 0.1488 	 0.4608 	 0.3767 	 0.6768
4.9399 	 -0.0845 	 -0.2703 	 -0.7209 	 0.4335 	 0.5832 	 0.1557 	 0.4591 	 0.3724 	 0.6940
4.9499 	 -0.0801 	 -0.2645 	 -0.7193 	 0.4381 	 0.5869 	 0.1627 	 0.4575 	 0.3681 	 0.7120
4.9599 	 -0.0757 	 -0.2586 	 -0.7176 	 0.4427 	 0.5906 	 0.1700 	 0.4616 	 0.3677 	 0.7403
4.9699 	 -0.0713 	 -0.2526 	 -0.7159 	 0.4474 	 0.5943 	 0.1776 	 0.4644 	 0.3660 	 0.7682
4.9800 	 -0.0668 	 -0.2467 	 -0.7141 	 0.4521 	 0.5979 	 0.1855 	 0.4689 	 0.3656 	 0.8003
4.9900 	 -0.0622 	 -0.2407 	 -0.7122 	 0.4567 	 0.6016 	 0.1936 	 0.4660 	 0.3608 	 0.8213
