100-Body Run with i = 93 th particle. (Units in pc,M_solar,Myr, km s-1) 

time		 x 		 y 		 z 		 xdot 		 ydot 		 zdot 		 xddot 		 yddot 		 zddot
0.0000 	 -0.1561 	 -1.0384 	 0.0790 	 -0.0509 	 -0.0300 	 -0.0627 	 0.0533 	 0.1851 	 -0.0758
0.0100 	 -0.1566 	 -1.0387 	 0.0784 	 -0.0504 	 -0.0282 	 -0.0634 	 0.0534 	 0.1850 	 -0.0756
0.0200 	 -0.1571 	 -1.0389 	 0.0777 	 -0.0498 	 -0.0263 	 -0.0642 	 0.0535 	 0.1850 	 -0.0755
0.0301 	 -0.1576 	 -1.0392 	 0.0771 	 -0.0493 	 -0.0245 	 -0.0649 	 0.0536 	 0.1850 	 -0.0754
0.0401 	 -0.1581 	 -1.0394 	 0.0764 	 -0.0487 	 -0.0226 	 -0.0657 	 0.0537 	 0.1851 	 -0.0753
0.0501 	 -0.1586 	 -1.0396 	 0.0758 	 -0.0482 	 -0.0208 	 -0.0665 	 0.0538 	 0.1851 	 -0.0751
0.0601 	 -0.1591 	 -1.0398 	 0.0751 	 -0.0477 	 -0.0189 	 -0.0672 	 0.0539 	 0.1851 	 -0.0750
0.0701 	 -0.1595 	 -1.0400 	 0.0744 	 -0.0471 	 -0.0171 	 -0.0680 	 0.0540 	 0.1852 	 -0.0749
0.0802 	 -0.1600 	 -1.0402 	 0.0737 	 -0.0466 	 -0.0152 	 -0.0687 	 0.0541 	 0.1853 	 -0.0748
0.0902 	 -0.1605 	 -1.0403 	 0.0730 	 -0.0460 	 -0.0133 	 -0.0695 	 0.0542 	 0.1854 	 -0.0747
0.1002 	 -0.1609 	 -1.0404 	 0.0723 	 -0.0455 	 -0.0115 	 -0.0702 	 0.0543 	 0.1854 	 -0.0746
0.1102 	 -0.1614 	 -1.0406 	 0.0716 	 -0.0450 	 -0.0096 	 -0.0710 	 0.0544 	 0.1856 	 -0.0745
0.1202 	 -0.1618 	 -1.0406 	 0.0709 	 -0.0444 	 -0.0078 	 -0.0717 	 0.0545 	 0.1857 	 -0.0744
0.1303 	 -0.1623 	 -1.0407 	 0.0702 	 -0.0439 	 -0.0059 	 -0.0724 	 0.0546 	 0.1858 	 -0.0743
0.1403 	 -0.1627 	 -1.0408 	 0.0695 	 -0.0433 	 -0.0040 	 -0.0732 	 0.0547 	 0.1860 	 -0.0742
0.1503 	 -0.1631 	 -1.0408 	 0.0687 	 -0.0428 	 -0.0022 	 -0.0739 	 0.0548 	 0.1861 	 -0.0741
0.1603 	 -0.1636 	 -1.0408 	 0.0680 	 -0.0422 	 -0.0003 	 -0.0747 	 0.0549 	 0.1863 	 -0.0740
0.1703 	 -0.1640 	 -1.0408 	 0.0672 	 -0.0417 	 0.0016 	 -0.0754 	 0.0551 	 0.1865 	 -0.0739
0.1804 	 -0.1644 	 -1.0408 	 0.0665 	 -0.0411 	 0.0034 	 -0.0762 	 0.0552 	 0.1867 	 -0.0738
0.1904 	 -0.1648 	 -1.0407 	 0.0657 	 -0.0406 	 0.0053 	 -0.0769 	 0.0553 	 0.1869 	 -0.0737
0.2004 	 -0.1652 	 -1.0407 	 0.0649 	 -0.0400 	 0.0072 	 -0.0776 	 0.0554 	 0.1871 	 -0.0737
0.2104 	 -0.1656 	 -1.0406 	 0.0642 	 -0.0395 	 0.0090 	 -0.0784 	 0.0555 	 0.1873 	 -0.0736
0.2204 	 -0.1660 	 -1.0405 	 0.0634 	 -0.0389 	 0.0109 	 -0.0791 	 0.0557 	 0.1876 	 -0.0735
0.2305 	 -0.1664 	 -1.0404 	 0.0626 	 -0.0383 	 0.0128 	 -0.0798 	 0.0558 	 0.1878 	 -0.0734
0.2405 	 -0.1668 	 -1.0402 	 0.0618 	 -0.0378 	 0.0147 	 -0.0806 	 0.0559 	 0.1881 	 -0.0734
0.2505 	 -0.1672 	 -1.0401 	 0.0610 	 -0.0372 	 0.0166 	 -0.0813 	 0.0561 	 0.1884 	 -0.0733
0.2605 	 -0.1675 	 -1.0399 	 0.0601 	 -0.0367 	 0.0185 	 -0.0820 	 0.0562 	 0.1887 	 -0.0732
0.2705 	 -0.1679 	 -1.0397 	 0.0593 	 -0.0361 	 0.0204 	 -0.0828 	 0.0563 	 0.1890 	 -0.0731
0.2806 	 -0.1682 	 -1.0395 	 0.0585 	 -0.0355 	 0.0222 	 -0.0835 	 0.0565 	 0.1893 	 -0.0731
0.2906 	 -0.1686 	 -1.0393 	 0.0576 	 -0.0350 	 0.0241 	 -0.0842 	 0.0566 	 0.1897 	 -0.0730
0.3006 	 -0.1690 	 -1.0390 	 0.0568 	 -0.0344 	 0.0260 	 -0.0850 	 0.0567 	 0.1900 	 -0.0730
0.3106 	 -0.1693 	 -1.0387 	 0.0559 	 -0.0338 	 0.0280 	 -0.0857 	 0.0569 	 0.1904 	 -0.0729
0.3206 	 -0.1696 	 -1.0384 	 0.0551 	 -0.0332 	 0.0299 	 -0.0864 	 0.0570 	 0.1908 	 -0.0729
0.3307 	 -0.1700 	 -1.0381 	 0.0542 	 -0.0327 	 0.0318 	 -0.0872 	 0.0572 	 0.1912 	 -0.0728
0.3407 	 -0.1703 	 -1.0378 	 0.0533 	 -0.0321 	 0.0337 	 -0.0879 	 0.0573 	 0.1916 	 -0.0728
0.3507 	 -0.1706 	 -1.0375 	 0.0524 	 -0.0315 	 0.0356 	 -0.0886 	 0.0574 	 0.1920 	 -0.0727
0.3607 	 -0.1709 	 -1.0371 	 0.0516 	 -0.0310 	 0.0375 	 -0.0893 	 0.0576 	 0.1924 	 -0.0727
0.3707 	 -0.1712 	 -1.0367 	 0.0507 	 -0.0304 	 0.0395 	 -0.0901 	 0.0578 	 0.1929 	 -0.0726
0.3808 	 -0.1715 	 -1.0363 	 0.0497 	 -0.0298 	 0.0414 	 -0.0908 	 0.0579 	 0.1934 	 -0.0726
0.3908 	 -0.1718 	 -1.0359 	 0.0488 	 -0.0292 	 0.0433 	 -0.0915 	 0.0581 	 0.1938 	 -0.0725
0.4008 	 -0.1721 	 -1.0354 	 0.0479 	 -0.0286 	 0.0453 	 -0.0923 	 0.0582 	 0.1943 	 -0.0725
0.4108 	 -0.1724 	 -1.0350 	 0.0470 	 -0.0280 	 0.0472 	 -0.0930 	 0.0584 	 0.1948 	 -0.0725
0.4208 	 -0.1727 	 -1.0345 	 0.0461 	 -0.0275 	 0.0492 	 -0.0937 	 0.0585 	 0.1954 	 -0.0724
0.4309 	 -0.1729 	 -1.0340 	 0.0451 	 -0.0269 	 0.0512 	 -0.0944 	 0.0587 	 0.1959 	 -0.0724
0.4409 	 -0.1732 	 -1.0335 	 0.0442 	 -0.0263 	 0.0531 	 -0.0952 	 0.0589 	 0.1965 	 -0.0724
0.4509 	 -0.1735 	 -1.0329 	 0.0432 	 -0.0257 	 0.0551 	 -0.0959 	 0.0591 	 0.1970 	 -0.0724
0.4609 	 -0.1737 	 -1.0324 	 0.0422 	 -0.0251 	 0.0571 	 -0.0966 	 0.0592 	 0.1976 	 -0.0723
0.4709 	 -0.1740 	 -1.0318 	 0.0413 	 -0.0245 	 0.0591 	 -0.0973 	 0.0594 	 0.1982 	 -0.0723
0.4810 	 -0.1742 	 -1.0312 	 0.0403 	 -0.0239 	 0.0610 	 -0.0981 	 0.0596 	 0.1988 	 -0.0723
0.4910 	 -0.1745 	 -1.0306 	 0.0393 	 -0.0233 	 0.0630 	 -0.0988 	 0.0598 	 0.1994 	 -0.0723
0.5010 	 -0.1747 	 -1.0299 	 0.0383 	 -0.0227 	 0.0650 	 -0.0995 	 0.0600 	 0.2001 	 -0.0722
0.5110 	 -0.1749 	 -1.0292 	 0.0373 	 -0.0221 	 0.0670 	 -0.1002 	 0.0601 	 0.2007 	 -0.0722
0.5210 	 -0.1751 	 -1.0286 	 0.0363 	 -0.0215 	 0.0691 	 -0.1010 	 0.0603 	 0.2014 	 -0.0722
0.5311 	 -0.1753 	 -1.0279 	 0.0353 	 -0.0209 	 0.0711 	 -0.1017 	 0.0605 	 0.2021 	 -0.0722
0.5411 	 -0.1755 	 -1.0271 	 0.0343 	 -0.0203 	 0.0731 	 -0.1024 	 0.0607 	 0.2028 	 -0.0722
0.5511 	 -0.1757 	 -1.0264 	 0.0332 	 -0.0197 	 0.0751 	 -0.1031 	 0.0609 	 0.2035 	 -0.0722
0.5611 	 -0.1759 	 -1.0256 	 0.0322 	 -0.0191 	 0.0772 	 -0.1039 	 0.0611 	 0.2043 	 -0.0722
0.5711 	 -0.1761 	 -1.0249 	 0.0311 	 -0.0185 	 0.0792 	 -0.1046 	 0.0613 	 0.2050 	 -0.0722
0.5812 	 -0.1763 	 -1.0240 	 0.0301 	 -0.0178 	 0.0813 	 -0.1053 	 0.0616 	 0.2058 	 -0.0722
0.5912 	 -0.1765 	 -1.0232 	 0.0290 	 -0.0172 	 0.0834 	 -0.1060 	 0.0618 	 0.2066 	 -0.0722
0.6012 	 -0.1767 	 -1.0224 	 0.0280 	 -0.0166 	 0.0854 	 -0.1067 	 0.0620 	 0.2074 	 -0.0722
0.6112 	 -0.1768 	 -1.0215 	 0.0269 	 -0.0160 	 0.0875 	 -0.1075 	 0.0622 	 0.2082 	 -0.0722
0.6212 	 -0.1770 	 -1.0206 	 0.0258 	 -0.0154 	 0.0896 	 -0.1082 	 0.0624 	 0.2090 	 -0.0722
0.6313 	 -0.1771 	 -1.0197 	 0.0247 	 -0.0147 	 0.0917 	 -0.1089 	 0.0627 	 0.2099 	 -0.0722
0.6413 	 -0.1773 	 -1.0188 	 0.0236 	 -0.0141 	 0.0938 	 -0.1096 	 0.0629 	 0.2108 	 -0.0722
0.6513 	 -0.1774 	 -1.0178 	 0.0225 	 -0.0135 	 0.0960 	 -0.1104 	 0.0616 	 0.2147 	 -0.0775
0.6613 	 -0.1775 	 -1.0169 	 0.0214 	 -0.0129 	 0.0981 	 -0.1112 	 0.0619 	 0.2156 	 -0.0774
0.6713 	 -0.1777 	 -1.0159 	 0.0203 	 -0.0122 	 0.1003 	 -0.1120 	 0.0621 	 0.2165 	 -0.0773
0.6814 	 -0.1778 	 -1.0149 	 0.0192 	 -0.0116 	 0.1025 	 -0.1127 	 0.0624 	 0.2174 	 -0.0772
0.6914 	 -0.1779 	 -1.0138 	 0.0180 	 -0.0110 	 0.1046 	 -0.1135 	 0.0627 	 0.2183 	 -0.0771
0.7014 	 -0.1780 	 -1.0128 	 0.0169 	 -0.0104 	 0.1068 	 -0.1143 	 0.0630 	 0.2192 	 -0.0770
0.7114 	 -0.1781 	 -1.0117 	 0.0158 	 -0.0097 	 0.1090 	 -0.1150 	 0.0633 	 0.2202 	 -0.0769
0.7214 	 -0.1782 	 -1.0106 	 0.0146 	 -0.0091 	 0.1112 	 -0.1158 	 0.0637 	 0.2212 	 -0.0768
0.7315 	 -0.1783 	 -1.0094 	 0.0134 	 -0.0085 	 0.1135 	 -0.1166 	 0.0640 	 0.2222 	 -0.0767
0.7415 	 -0.1784 	 -1.0083 	 0.0123 	 -0.0078 	 0.1157 	 -0.1174 	 0.0643 	 0.2232 	 -0.0766
0.7515 	 -0.1784 	 -1.0071 	 0.0111 	 -0.0072 	 0.1179 	 -0.1181 	 0.0646 	 0.2242 	 -0.0765
0.7615 	 -0.1785 	 -1.0059 	 0.0099 	 -0.0065 	 0.1202 	 -0.1189 	 0.0650 	 0.2253 	 -0.0764
0.7715 	 -0.1786 	 -1.0047 	 0.0087 	 -0.0059 	 0.1225 	 -0.1196 	 0.0653 	 0.2263 	 -0.0763
0.7816 	 -0.1786 	 -1.0035 	 0.0075 	 -0.0052 	 0.1247 	 -0.1204 	 0.0656 	 0.2274 	 -0.0762
0.7916 	 -0.1787 	 -1.0022 	 0.0063 	 -0.0046 	 0.1270 	 -0.1212 	 0.0660 	 0.2285 	 -0.0761
0.8016 	 -0.1787 	 -1.0009 	 0.0051 	 -0.0039 	 0.1293 	 -0.1219 	 0.0663 	 0.2296 	 -0.0760
0.8116 	 -0.1788 	 -0.9996 	 0.0038 	 -0.0032 	 0.1316 	 -0.1227 	 0.0667 	 0.2308 	 -0.0759
0.8216 	 -0.1788 	 -0.9983 	 0.0026 	 -0.0026 	 0.1339 	 -0.1235 	 0.0671 	 0.2319 	 -0.0758
0.8317 	 -0.1788 	 -0.9969 	 0.0014 	 -0.0019 	 0.1363 	 -0.1242 	 0.0674 	 0.2331 	 -0.0757
0.8417 	 -0.1788 	 -0.9956 	 0.0001 	 -0.0012 	 0.1386 	 -0.1250 	 0.0678 	 0.2343 	 -0.0756
0.8517 	 -0.1788 	 -0.9942 	 -0.0011 	 -0.0005 	 0.1410 	 -0.1257 	 0.0682 	 0.2355 	 -0.0754
0.8617 	 -0.1788 	 -0.9927 	 -0.0024 	 0.0002 	 0.1433 	 -0.1265 	 0.0686 	 0.2368 	 -0.0753
0.8717 	 -0.1788 	 -0.9913 	 -0.0037 	 0.0009 	 0.1457 	 -0.1272 	 0.0690 	 0.2380 	 -0.0752
0.8818 	 -0.1788 	 -0.9898 	 -0.0049 	 0.0016 	 0.1481 	 -0.1280 	 0.0694 	 0.2393 	 -0.0751
0.8918 	 -0.1788 	 -0.9883 	 -0.0062 	 0.0022 	 0.1505 	 -0.1287 	 0.0698 	 0.2406 	 -0.0750
0.9018 	 -0.1788 	 -0.9868 	 -0.0075 	 0.0030 	 0.1529 	 -0.1295 	 0.0702 	 0.2419 	 -0.0749
0.9118 	 -0.1787 	 -0.9853 	 -0.0088 	 0.0037 	 0.1553 	 -0.1302 	 0.0707 	 0.2433 	 -0.0748
0.9218 	 -0.1787 	 -0.9837 	 -0.0101 	 0.0044 	 0.1578 	 -0.1310 	 0.0711 	 0.2446 	 -0.0747
0.9319 	 -0.1787 	 -0.9821 	 -0.0115 	 0.0051 	 0.1602 	 -0.1317 	 0.0715 	 0.2460 	 -0.0746
0.9419 	 -0.1786 	 -0.9805 	 -0.0128 	 0.0058 	 0.1627 	 -0.1325 	 0.0720 	 0.2474 	 -0.0745
0.9519 	 -0.1785 	 -0.9788 	 -0.0141 	 0.0065 	 0.1652 	 -0.1332 	 0.0724 	 0.2488 	 -0.0744
0.9619 	 -0.1785 	 -0.9772 	 -0.0154 	 0.0073 	 0.1677 	 -0.1340 	 0.0729 	 0.2503 	 -0.0742
0.9719 	 -0.1784 	 -0.9755 	 -0.0168 	 0.0080 	 0.1702 	 -0.1347 	 0.0733 	 0.2517 	 -0.0741
0.9820 	 -0.1783 	 -0.9738 	 -0.0181 	 0.0087 	 0.1728 	 -0.1355 	 0.0738 	 0.2532 	 -0.0740
0.9920 	 -0.1782 	 -0.9720 	 -0.0195 	 0.0095 	 0.1753 	 -0.1362 	 0.0743 	 0.2547 	 -0.0739
1.0020 	 -0.1781 	 -0.9702 	 -0.0209 	 0.0102 	 0.1779 	 -0.1369 	 0.0747 	 0.2562 	 -0.0737
1.0120 	 -0.1780 	 -0.9684 	 -0.0223 	 0.0110 	 0.1804 	 -0.1377 	 0.0752 	 0.2578 	 -0.0736
1.0220 	 -0.1779 	 -0.9666 	 -0.0236 	 0.0117 	 0.1830 	 -0.1384 	 0.0757 	 0.2593 	 -0.0735
1.0321 	 -0.1778 	 -0.9648 	 -0.0250 	 0.0125 	 0.1856 	 -0.1392 	 0.0762 	 0.2609 	 -0.0734
1.0421 	 -0.1776 	 -0.9629 	 -0.0264 	 0.0132 	 0.1883 	 -0.1399 	 0.0767 	 0.2625 	 -0.0732
1.0521 	 -0.1775 	 -0.9610 	 -0.0278 	 0.0140 	 0.1909 	 -0.1406 	 0.0772 	 0.2642 	 -0.0731
1.0621 	 -0.1774 	 -0.9591 	 -0.0292 	 0.0148 	 0.1935 	 -0.1414 	 0.0777 	 0.2658 	 -0.0729
1.0721 	 -0.1772 	 -0.9571 	 -0.0307 	 0.0156 	 0.1962 	 -0.1421 	 0.0782 	 0.2675 	 -0.0728
1.0822 	 -0.1771 	 -0.9552 	 -0.0321 	 0.0164 	 0.1989 	 -0.1428 	 0.0788 	 0.2692 	 -0.0726
1.0922 	 -0.1769 	 -0.9531 	 -0.0335 	 0.0172 	 0.2016 	 -0.1435 	 0.0793 	 0.2709 	 -0.0725
1.1022 	 -0.1767 	 -0.9511 	 -0.0350 	 0.0179 	 0.2043 	 -0.1443 	 0.0798 	 0.2726 	 -0.0723
1.1122 	 -0.1765 	 -0.9490 	 -0.0364 	 0.0188 	 0.2071 	 -0.1450 	 0.0804 	 0.2743 	 -0.0721
1.1222 	 -0.1763 	 -0.9470 	 -0.0379 	 0.0196 	 0.2098 	 -0.1457 	 0.0809 	 0.2761 	 -0.0720
1.1323 	 -0.1761 	 -0.9448 	 -0.0393 	 0.0204 	 0.2126 	 -0.1464 	 0.0814 	 0.2779 	 -0.0718
1.1423 	 -0.1759 	 -0.9427 	 -0.0408 	 0.0212 	 0.2154 	 -0.1472 	 0.0820 	 0.2797 	 -0.0716
1.1523 	 -0.1757 	 -0.9405 	 -0.0423 	 0.0220 	 0.2182 	 -0.1479 	 0.0825 	 0.2815 	 -0.0714
1.1623 	 -0.1755 	 -0.9383 	 -0.0438 	 0.0228 	 0.2210 	 -0.1486 	 0.0831 	 0.2834 	 -0.0712
1.1723 	 -0.1753 	 -0.9361 	 -0.0453 	 0.0237 	 0.2239 	 -0.1493 	 0.0837 	 0.2853 	 -0.0710
1.1824 	 -0.1750 	 -0.9338 	 -0.0468 	 0.0245 	 0.2268 	 -0.1500 	 0.0842 	 0.2872 	 -0.0708
1.1924 	 -0.1748 	 -0.9316 	 -0.0483 	 0.0254 	 0.2296 	 -0.1507 	 0.0848 	 0.2891 	 -0.0706
1.2024 	 -0.1745 	 -0.9292 	 -0.0498 	 0.0262 	 0.2326 	 -0.1514 	 0.0854 	 0.2910 	 -0.0704
1.2124 	 -0.1742 	 -0.9269 	 -0.0513 	 0.0271 	 0.2355 	 -0.1521 	 0.0859 	 0.2930 	 -0.0702
1.2224 	 -0.1740 	 -0.9245 	 -0.0528 	 0.0279 	 0.2384 	 -0.1528 	 0.0865 	 0.2950 	 -0.0700
1.2325 	 -0.1737 	 -0.9221 	 -0.0544 	 0.0288 	 0.2414 	 -0.1535 	 0.0871 	 0.2970 	 -0.0697
1.2425 	 -0.1734 	 -0.9197 	 -0.0559 	 0.0297 	 0.2444 	 -0.1542 	 0.0877 	 0.2991 	 -0.0695
1.2525 	 -0.1731 	 -0.9172 	 -0.0575 	 0.0306 	 0.2474 	 -0.1549 	 0.0883 	 0.3011 	 -0.0692
1.2625 	 -0.1728 	 -0.9147 	 -0.0590 	 0.0315 	 0.2504 	 -0.1556 	 0.0889 	 0.3032 	 -0.0690
1.2725 	 -0.1724 	 -0.9122 	 -0.0606 	 0.0324 	 0.2535 	 -0.1563 	 0.0895 	 0.3053 	 -0.0687
1.2826 	 -0.1721 	 -0.9096 	 -0.0621 	 0.0333 	 0.2565 	 -0.1570 	 0.0901 	 0.3075 	 -0.0685
1.2926 	 -0.1718 	 -0.9071 	 -0.0637 	 0.0342 	 0.2596 	 -0.1577 	 0.0907 	 0.3096 	 -0.0682
1.3026 	 -0.1714 	 -0.9044 	 -0.0653 	 0.0351 	 0.2627 	 -0.1584 	 0.0913 	 0.3118 	 -0.0679
1.3126 	 -0.1711 	 -0.9018 	 -0.0669 	 0.0360 	 0.2659 	 -0.1590 	 0.0919 	 0.3141 	 -0.0676
1.3226 	 -0.1707 	 -0.8991 	 -0.0685 	 0.0369 	 0.2690 	 -0.1597 	 0.0926 	 0.3163 	 -0.0673
1.3327 	 -0.1703 	 -0.8964 	 -0.0701 	 0.0378 	 0.2722 	 -0.1604 	 0.0932 	 0.3186 	 -0.0671
1.3427 	 -0.1700 	 -0.8937 	 -0.0717 	 0.0388 	 0.2754 	 -0.1611 	 0.0938 	 0.3209 	 -0.0668
1.3527 	 -0.1696 	 -0.8909 	 -0.0733 	 0.0397 	 0.2786 	 -0.1617 	 0.0945 	 0.3233 	 -0.0665
1.3627 	 -0.1692 	 -0.8881 	 -0.0749 	 0.0407 	 0.2819 	 -0.1624 	 0.0951 	 0.3256 	 -0.0662
1.3727 	 -0.1687 	 -0.8852 	 -0.0766 	 0.0416 	 0.2852 	 -0.1630 	 0.0958 	 0.3280 	 -0.0659
1.3828 	 -0.1683 	 -0.8824 	 -0.0782 	 0.0426 	 0.2885 	 -0.1637 	 0.0965 	 0.3305 	 -0.0655
1.3928 	 -0.1679 	 -0.8795 	 -0.0799 	 0.0436 	 0.2918 	 -0.1644 	 0.0971 	 0.3330 	 -0.0652
1.4028 	 -0.1675 	 -0.8765 	 -0.0815 	 0.0445 	 0.2951 	 -0.1650 	 0.0978 	 0.3355 	 -0.0649
1.4128 	 -0.1670 	 -0.8735 	 -0.0832 	 0.0455 	 0.2985 	 -0.1657 	 0.0985 	 0.3381 	 -0.0646
1.4228 	 -0.1665 	 -0.8705 	 -0.0848 	 0.0465 	 0.3019 	 -0.1663 	 0.0992 	 0.3407 	 -0.0643
1.4329 	 -0.1661 	 -0.8675 	 -0.0865 	 0.0475 	 0.3053 	 -0.1670 	 0.0999 	 0.3433 	 -0.0639
1.4429 	 -0.1656 	 -0.8644 	 -0.0882 	 0.0485 	 0.3088 	 -0.1676 	 0.1007 	 0.3460 	 -0.0636
1.4529 	 -0.1651 	 -0.8613 	 -0.0899 	 0.0495 	 0.3123 	 -0.1682 	 0.1014 	 0.3487 	 -0.0633
1.4629 	 -0.1646 	 -0.8581 	 -0.0915 	 0.0505 	 0.3158 	 -0.1689 	 0.1021 	 0.3515 	 -0.0630
1.4729 	 -0.1641 	 -0.8550 	 -0.0932 	 0.0516 	 0.3193 	 -0.1695 	 0.1029 	 0.3543 	 -0.0627
1.4830 	 -0.1636 	 -0.8518 	 -0.0949 	 0.0526 	 0.3229 	 -0.1701 	 0.1036 	 0.3572 	 -0.0623
1.4930 	 -0.1630 	 -0.8485 	 -0.0966 	 0.0537 	 0.3265 	 -0.1707 	 0.1044 	 0.3602 	 -0.0620
1.5030 	 -0.1625 	 -0.8452 	 -0.0984 	 0.0547 	 0.3301 	 -0.1714 	 0.1052 	 0.3632 	 -0.0617
1.5130 	 -0.1619 	 -0.8419 	 -0.1001 	 0.0558 	 0.3338 	 -0.1720 	 0.1060 	 0.3662 	 -0.0614
1.5230 	 -0.1614 	 -0.8385 	 -0.1018 	 0.0568 	 0.3374 	 -0.1726 	 0.1068 	 0.3693 	 -0.0610
1.5331 	 -0.1608 	 -0.8351 	 -0.1035 	 0.0579 	 0.3412 	 -0.1732 	 0.1076 	 0.3725 	 -0.0607
1.5431 	 -0.1602 	 -0.8317 	 -0.1053 	 0.0590 	 0.3449 	 -0.1738 	 0.1085 	 0.3758 	 -0.0604
1.5531 	 -0.1596 	 -0.8282 	 -0.1070 	 0.0601 	 0.3487 	 -0.1744 	 0.1093 	 0.3791 	 -0.0601
1.5631 	 -0.1590 	 -0.8247 	 -0.1088 	 0.0612 	 0.3525 	 -0.1750 	 0.1102 	 0.3825 	 -0.0598
1.5731 	 -0.1584 	 -0.8211 	 -0.1105 	 0.0623 	 0.3564 	 -0.1756 	 0.1111 	 0.3860 	 -0.0595
1.5832 	 -0.1578 	 -0.8176 	 -0.1123 	 0.0634 	 0.3602 	 -0.1762 	 0.1120 	 0.3895 	 -0.0593
1.5932 	 -0.1571 	 -0.8139 	 -0.1141 	 0.0645 	 0.3642 	 -0.1768 	 0.1129 	 0.3932 	 -0.0590
1.6032 	 -0.1565 	 -0.8103 	 -0.1158 	 0.0657 	 0.3681 	 -0.1774 	 0.1138 	 0.3969 	 -0.0587
1.6132 	 -0.1558 	 -0.8065 	 -0.1176 	 0.0668 	 0.3721 	 -0.1780 	 0.1148 	 0.4007 	 -0.0585
1.6232 	 -0.1551 	 -0.8028 	 -0.1194 	 0.0680 	 0.3762 	 -0.1786 	 0.1157 	 0.4046 	 -0.0582
1.6333 	 -0.1544 	 -0.7990 	 -0.1212 	 0.0691 	 0.3802 	 -0.1791 	 0.1167 	 0.4086 	 -0.0580
1.6433 	 -0.1537 	 -0.7952 	 -0.1230 	 0.0703 	 0.3843 	 -0.1797 	 0.1177 	 0.4128 	 -0.0577
1.6533 	 -0.1530 	 -0.7913 	 -0.1248 	 0.0715 	 0.3885 	 -0.1803 	 0.1187 	 0.4170 	 -0.0575
1.6633 	 -0.1523 	 -0.7874 	 -0.1266 	 0.0727 	 0.3927 	 -0.1809 	 0.1198 	 0.4213 	 -0.0573
1.6733 	 -0.1516 	 -0.7834 	 -0.1284 	 0.0739 	 0.3969 	 -0.1814 	 0.1208 	 0.4257 	 -0.0572
1.6834 	 -0.1508 	 -0.7794 	 -0.1302 	 0.0751 	 0.4012 	 -0.1820 	 0.1219 	 0.4303 	 -0.0570
1.6934 	 -0.1501 	 -0.7754 	 -0.1321 	 0.0763 	 0.4056 	 -0.1826 	 0.1230 	 0.4350 	 -0.0569
1.7034 	 -0.1493 	 -0.7713 	 -0.1339 	 0.0776 	 0.4099 	 -0.1832 	 0.1241 	 0.4398 	 -0.0567
1.7134 	 -0.1485 	 -0.7672 	 -0.1357 	 0.0788 	 0.4144 	 -0.1837 	 0.1253 	 0.4448 	 -0.0566
1.7234 	 -0.1477 	 -0.7630 	 -0.1376 	 0.0801 	 0.4189 	 -0.1843 	 0.1264 	 0.4498 	 -0.0565
1.7335 	 -0.1469 	 -0.7588 	 -0.1394 	 0.0814 	 0.4234 	 -0.1849 	 0.1276 	 0.4551 	 -0.0565
1.7435 	 -0.1461 	 -0.7545 	 -0.1413 	 0.0826 	 0.4280 	 -0.1854 	 0.1288 	 0.4605 	 -0.0565
1.7535 	 -0.1453 	 -0.7502 	 -0.1431 	 0.0839 	 0.4326 	 -0.1860 	 0.1300 	 0.4660 	 -0.0565
1.7635 	 -0.1444 	 -0.7458 	 -0.1450 	 0.0852 	 0.4373 	 -0.1866 	 0.1312 	 0.4717 	 -0.0565
1.7735 	 -0.1435 	 -0.7414 	 -0.1469 	 0.0866 	 0.4421 	 -0.1871 	 0.1325 	 0.4776 	 -0.0566
1.7836 	 -0.1427 	 -0.7370 	 -0.1488 	 0.0879 	 0.4469 	 -0.1877 	 0.1338 	 0.4837 	 -0.0567
1.7936 	 -0.1418 	 -0.7325 	 -0.1506 	 0.0892 	 0.4518 	 -0.1883 	 0.1348 	 0.4954 	 -0.0578
1.8036 	 -0.1409 	 -0.7279 	 -0.1525 	 0.0906 	 0.4568 	 -0.1888 	 0.1361 	 0.5009 	 -0.0578
1.8136 	 -0.1400 	 -0.7233 	 -0.1544 	 0.0920 	 0.4619 	 -0.1894 	 0.1374 	 0.5065 	 -0.0580
1.8236 	 -0.1390 	 -0.7187 	 -0.1563 	 0.0934 	 0.4670 	 -0.1900 	 0.1388 	 0.5123 	 -0.0581
1.8337 	 -0.1381 	 -0.7140 	 -0.1582 	 0.0948 	 0.4721 	 -0.1906 	 0.1402 	 0.5183 	 -0.0583
1.8437 	 -0.1371 	 -0.7092 	 -0.1602 	 0.0962 	 0.4774 	 -0.1912 	 0.1417 	 0.5245 	 -0.0585
1.8537 	 -0.1362 	 -0.7044 	 -0.1621 	 0.0976 	 0.4826 	 -0.1918 	 0.1432 	 0.5308 	 -0.0588
1.8637 	 -0.1352 	 -0.6995 	 -0.1640 	 0.0990 	 0.4880 	 -0.1924 	 0.1447 	 0.5374 	 -0.0591
1.8737 	 -0.1342 	 -0.6946 	 -0.1659 	 0.1005 	 0.4934 	 -0.1929 	 0.1463 	 0.5441 	 -0.0595
1.8838 	 -0.1332 	 -0.6897 	 -0.1679 	 0.1020 	 0.4989 	 -0.1935 	 0.1481 	 0.5568 	 -0.0612
1.8938 	 -0.1321 	 -0.6846 	 -0.1698 	 0.1035 	 0.5045 	 -0.1942 	 0.1496 	 0.5627 	 -0.0615
1.9038 	 -0.1311 	 -0.6795 	 -0.1718 	 0.1050 	 0.5102 	 -0.1948 	 0.1512 	 0.5688 	 -0.0619
1.9138 	 -0.1300 	 -0.6744 	 -0.1737 	 0.1065 	 0.5159 	 -0.1954 	 0.1528 	 0.5750 	 -0.0623
1.9238 	 -0.1290 	 -0.6692 	 -0.1757 	 0.1080 	 0.5217 	 -0.1960 	 0.1546 	 0.5814 	 -0.0626
1.9339 	 -0.1279 	 -0.6639 	 -0.1776 	 0.1096 	 0.5276 	 -0.1967 	 0.1564 	 0.5880 	 -0.0631
1.9439 	 -0.1268 	 -0.6586 	 -0.1796 	 0.1111 	 0.5334 	 -0.1973 	 0.1567 	 0.5882 	 -0.0627
1.9539 	 -0.1256 	 -0.6533 	 -0.1816 	 0.1127 	 0.5394 	 -0.1979 	 0.1586 	 0.5947 	 -0.0632
1.9639 	 -0.1245 	 -0.6478 	 -0.1836 	 0.1143 	 0.5454 	 -0.1986 	 0.1605 	 0.6015 	 -0.0638
1.9739 	 -0.1234 	 -0.6423 	 -0.1856 	 0.1159 	 0.5514 	 -0.1992 	 0.1625 	 0.6084 	 -0.0644
1.9840 	 -0.1222 	 -0.6368 	 -0.1876 	 0.1176 	 0.5575 	 -0.1998 	 0.1646 	 0.6156 	 -0.0650
1.9940 	 -0.1210 	 -0.6312 	 -0.1896 	 0.1192 	 0.5638 	 -0.2005 	 0.1668 	 0.6231 	 -0.0657
2.0040 	 -0.1198 	 -0.6255 	 -0.1916 	 0.1209 	 0.5700 	 -0.2012 	 0.1691 	 0.6307 	 -0.0664
2.0140 	 -0.1186 	 -0.6197 	 -0.1936 	 0.1226 	 0.5764 	 -0.2018 	 0.1764 	 0.6390 	 -0.0707
2.0240 	 -0.1173 	 -0.6139 	 -0.1956 	 0.1244 	 0.5828 	 -0.2025 	 0.1785 	 0.6472 	 -0.0711
2.0341 	 -0.1161 	 -0.6080 	 -0.1977 	 0.1262 	 0.5894 	 -0.2033 	 0.1806 	 0.6557 	 -0.0715
2.0441 	 -0.1148 	 -0.6021 	 -0.1997 	 0.1280 	 0.5960 	 -0.2040 	 0.1829 	 0.6645 	 -0.0719
2.0541 	 -0.1135 	 -0.5961 	 -0.2018 	 0.1299 	 0.6027 	 -0.2047 	 0.1854 	 0.6736 	 -0.0723
2.0641 	 -0.1122 	 -0.5900 	 -0.2038 	 0.1318 	 0.6095 	 -0.2054 	 0.1880 	 0.6831 	 -0.0727
2.0741 	 -0.1109 	 -0.5839 	 -0.2059 	 0.1337 	 0.6164 	 -0.2062 	 0.1908 	 0.6930 	 -0.0731
2.0842 	 -0.1095 	 -0.5777 	 -0.2079 	 0.1356 	 0.6234 	 -0.2069 	 0.1938 	 0.7032 	 -0.0735
2.0942 	 -0.1082 	 -0.5714 	 -0.2100 	 0.1375 	 0.6305 	 -0.2076 	 0.1970 	 0.7139 	 -0.0739
2.1042 	 -0.1068 	 -0.5650 	 -0.2121 	 0.1395 	 0.6377 	 -0.2084 	 0.2005 	 0.7251 	 -0.0742
2.1142 	 -0.1054 	 -0.5586 	 -0.2142 	 0.1416 	 0.6450 	 -0.2091 	 0.2042 	 0.7368 	 -0.0744
2.1242 	 -0.1039 	 -0.5521 	 -0.2163 	 0.1436 	 0.6524 	 -0.2099 	 0.2082 	 0.7490 	 -0.0746
2.1343 	 -0.1025 	 -0.5455 	 -0.2184 	 0.1458 	 0.6601 	 -0.2106 	 0.2157 	 0.7666 	 -0.0746
2.1443 	 -0.1010 	 -0.5389 	 -0.2205 	 0.1479 	 0.6678 	 -0.2114 	 0.2199 	 0.7792 	 -0.0746
2.1543 	 -0.0995 	 -0.5322 	 -0.2226 	 0.1502 	 0.6757 	 -0.2121 	 0.2245 	 0.7926 	 -0.0744
2.1643 	 -0.0980 	 -0.5253 	 -0.2248 	 0.1524 	 0.6837 	 -0.2129 	 0.2295 	 0.8068 	 -0.0742
2.1743 	 -0.0965 	 -0.5185 	 -0.2269 	 0.1547 	 0.6919 	 -0.2136 	 0.2328 	 0.8306 	 -0.0734
2.1844 	 -0.0949 	 -0.5115 	 -0.2290 	 0.1571 	 0.7003 	 -0.2143 	 0.2342 	 0.8484 	 -0.0741
2.1944 	 -0.0933 	 -0.5044 	 -0.2312 	 0.1595 	 0.7089 	 -0.2151 	 0.2412 	 0.8622 	 -0.0739
2.2044 	 -0.0917 	 -0.4973 	 -0.2334 	 0.1619 	 0.7176 	 -0.2158 	 0.2470 	 0.8871 	 -0.0791
2.2144 	 -0.0901 	 -0.4900 	 -0.2355 	 0.1644 	 0.7266 	 -0.2166 	 0.2554 	 0.9018 	 -0.0782
2.2244 	 -0.0884 	 -0.4827 	 -0.2377 	 0.1670 	 0.7357 	 -0.2174 	 0.2646 	 0.9176 	 -0.0772
2.2345 	 -0.0867 	 -0.4753 	 -0.2399 	 0.1697 	 0.7450 	 -0.2182 	 0.2746 	 0.9344 	 -0.0762
2.2445 	 -0.0850 	 -0.4678 	 -0.2421 	 0.1725 	 0.7544 	 -0.2189 	 0.2855 	 0.9525 	 -0.0751
2.2545 	 -0.0833 	 -0.4602 	 -0.2443 	 0.1755 	 0.7641 	 -0.2197 	 0.3005 	 0.9769 	 -0.0724
2.2645 	 -0.0815 	 -0.4525 	 -0.2465 	 0.1785 	 0.7740 	 -0.2204 	 0.3129 	 0.9969 	 -0.0715
2.2745 	 -0.0797 	 -0.4447 	 -0.2487 	 0.1818 	 0.7841 	 -0.2211 	 0.3343 	 1.0333 	 -0.0757
2.2846 	 -0.0778 	 -0.4368 	 -0.2509 	 0.1852 	 0.7946 	 -0.2219 	 0.3472 	 1.0618 	 -0.0797
2.2946 	 -0.0760 	 -0.4287 	 -0.2531 	 0.1888 	 0.8054 	 -0.2227 	 0.3689 	 1.0965 	 -0.0825
2.3046 	 -0.0741 	 -0.4206 	 -0.2554 	 0.1926 	 0.8167 	 -0.2236 	 0.3967 	 1.1510 	 -0.0813
2.3146 	 -0.0721 	 -0.4124 	 -0.2576 	 0.1967 	 0.8286 	 -0.2244 	 0.4238 	 1.2069 	 -0.0808
2.3246 	 -0.0701 	 -0.4040 	 -0.2599 	 0.2012 	 0.8409 	 -0.2252 	 0.4517 	 1.2509 	 -0.0794
2.3347 	 -0.0681 	 -0.3955 	 -0.2621 	 0.2057 	 0.8535 	 -0.2260 	 0.4609 	 1.2583 	 -0.0736
2.3447 	 -0.0660 	 -0.3869 	 -0.2644 	 0.2104 	 0.8661 	 -0.2267 	 0.4700 	 1.2573 	 -0.0634
2.3547 	 -0.0639 	 -0.3782 	 -0.2667 	 0.2151 	 0.8786 	 -0.2272 	 0.4750 	 1.2502 	 -0.0542
2.3647 	 -0.0617 	 -0.3693 	 -0.2689 	 0.2199 	 0.8912 	 -0.2277 	 0.4836 	 1.2466 	 -0.0438
2.3747 	 -0.0595 	 -0.3603 	 -0.2712 	 0.2248 	 0.9036 	 -0.2281 	 0.4882 	 1.2362 	 -0.0333
2.3848 	 -0.0572 	 -0.3512 	 -0.2735 	 0.2297 	 0.9159 	 -0.2284 	 0.4923 	 1.2238 	 -0.0229
2.3948 	 -0.0548 	 -0.3419 	 -0.2758 	 0.2347 	 0.9281 	 -0.2286 	 0.4957 	 1.2101 	 -0.0138
2.4048 	 -0.0525 	 -0.3326 	 -0.2781 	 0.2397 	 0.9402 	 -0.2287 	 0.5031 	 1.2102 	 0.0025
2.4148 	 -0.0500 	 -0.3231 	 -0.2804 	 0.2447 	 0.9523 	 -0.2286 	 0.5056 	 1.1946 	 0.0067
2.4248 	 -0.0476 	 -0.3135 	 -0.2827 	 0.2498 	 0.9642 	 -0.2285 	 0.5032 	 1.1809 	 0.0106
2.4349 	 -0.0450 	 -0.3038 	 -0.2850 	 0.2548 	 0.9760 	 -0.2284 	 0.5082 	 1.1674 	 0.0151
2.4449 	 -0.0425 	 -0.2939 	 -0.2873 	 0.2599 	 0.9876 	 -0.2282 	 0.5139 	 1.1542 	 0.0202
2.4549 	 -0.0398 	 -0.2840 	 -0.2895 	 0.2651 	 0.9991 	 -0.2279 	 0.5236 	 1.1410 	 0.0317
2.4649 	 -0.0371 	 -0.2739 	 -0.2918 	 0.2704 	 1.0104 	 -0.2276 	 0.5305 	 1.1275 	 0.0384
2.4749 	 -0.0344 	 -0.2637 	 -0.2941 	 0.2758 	 1.0217 	 -0.2272 	 0.5355 	 1.1167 	 0.0436
2.4850 	 -0.0316 	 -0.2534 	 -0.2964 	 0.2812 	 1.0328 	 -0.2267 	 0.5509 	 1.1074 	 0.0492
2.4950 	 -0.0288 	 -0.2430 	 -0.2986 	 0.2867 	 1.0438 	 -0.2262 	 0.5573 	 1.0870 	 0.0523
2.5050 	 -0.0259 	 -0.2325 	 -0.3009 	 0.2923 	 1.0546 	 -0.2257 	 0.5649 	 1.0700 	 0.0604
2.5150 	 -0.0229 	 -0.2219 	 -0.3032 	 0.2980 	 1.0652 	 -0.2250 	 0.5726 	 1.0519 	 0.0687
2.5251 	 -0.0199 	 -0.2112 	 -0.3054 	 0.3038 	 1.0757 	 -0.2243 	 0.5820 	 1.0352 	 0.0739
2.5351 	 -0.0168 	 -0.2004 	 -0.3077 	 0.3097 	 1.0860 	 -0.2235 	 0.5893 	 1.0122 	 0.0848
2.5451 	 -0.0137 	 -0.1894 	 -0.3099 	 0.3156 	 1.0960 	 -0.2226 	 0.5967 	 0.9870 	 0.0966
2.5551 	 -0.0105 	 -0.1784 	 -0.3121 	 0.3217 	 1.1057 	 -0.2216 	 0.6039 	 0.9590 	 0.1095
2.5651 	 -0.0072 	 -0.1673 	 -0.3143 	 0.3277 	 1.1152 	 -0.2204 	 0.6114 	 0.9326 	 0.1230
2.5752 	 -0.0039 	 -0.1560 	 -0.3165 	 0.3339 	 1.1244 	 -0.2191 	 0.6126 	 0.8935 	 0.1359
2.5852 	 -0.0006 	 -0.1447 	 -0.3187 	 0.3401 	 1.1332 	 -0.2176 	 0.6168 	 0.8516 	 0.1599
2.5952 	 0.0029 	 -0.1333 	 -0.3209 	 0.3462 	 1.1414 	 -0.2159 	 0.6162 	 0.7984 	 0.1794
2.6052 	 0.0064 	 -0.1219 	 -0.3230 	 0.3524 	 1.1491 	 -0.2140 	 0.6115 	 0.7334 	 0.1988
2.6152 	 0.0099 	 -0.1103 	 -0.3252 	 0.3585 	 1.1561 	 -0.2119 	 0.6044 	 0.6526 	 0.2164
2.6253 	 0.0136 	 -0.0987 	 -0.3273 	 0.3645 	 1.1622 	 -0.2096 	 0.6007 	 0.5576 	 0.2332
2.6353 	 0.0173 	 -0.0870 	 -0.3294 	 0.3706 	 1.1671 	 -0.2072 	 0.6019 	 0.4217 	 0.2609
2.6453 	 0.0210 	 -0.0753 	 -0.3314 	 0.3766 	 1.1702 	 -0.2043 	 0.5867 	 0.1597 	 0.3271
2.6553 	 0.0248 	 -0.0636 	 -0.3335 	 0.3818 	 1.1701 	 -0.2009 	 0.4608 	 -0.1742 	 0.3438
2.6653 	 0.0286 	 -0.0519 	 -0.3355 	 0.3856 	 1.1670 	 -0.1974 	 0.3116 	 -0.4172 	 0.3608
2.6754 	 0.0325 	 -0.0402 	 -0.3374 	 0.3882 	 1.1620 	 -0.1937 	 0.2027 	 -0.5618 	 0.3783
2.6854 	 0.0364 	 -0.0286 	 -0.3393 	 0.3898 	 1.1558 	 -0.1899 	 0.1181 	 -0.6803 	 0.3811
2.6954 	 0.0403 	 -0.0171 	 -0.3412 	 0.3906 	 1.1483 	 -0.1861 	 0.0578 	 -0.8091 	 0.3748
2.7054 	 0.0442 	 -0.0056 	 -0.3431 	 0.3910 	 1.1398 	 -0.1823 	 0.0229 	 -0.8961 	 0.3858
2.7154 	 0.0482 	 0.0058 	 -0.3449 	 0.3911 	 1.1304 	 -0.1784 	 -0.0103 	 -0.9625 	 0.3959
2.7255 	 0.0521 	 0.0170 	 -0.3467 	 0.3908 	 1.1206 	 -0.1744 	 -0.0447 	 -1.0122 	 0.4063
2.7355 	 0.0560 	 0.0282 	 -0.3484 	 0.3902 	 1.1102 	 -0.1703 	 -0.0723 	 -1.0577 	 0.4130
2.7455 	 0.0599 	 0.0393 	 -0.3501 	 0.3894 	 1.0994 	 -0.1661 	 -0.0969 	 -1.0968 	 0.4180
2.7555 	 0.0638 	 0.0502 	 -0.3517 	 0.3883 	 1.0882 	 -0.1619 	 -0.1187 	 -1.1309 	 0.4216
2.7655 	 0.0677 	 0.0611 	 -0.3533 	 0.3870 	 1.0767 	 -0.1577 	 -0.1382 	 -1.1613 	 0.4244
2.7756 	 0.0715 	 0.0718 	 -0.3549 	 0.3855 	 1.0650 	 -0.1534 	 -0.1527 	 -1.1848 	 0.4274
2.7856 	 0.0754 	 0.0824 	 -0.3564 	 0.3839 	 1.0530 	 -0.1491 	 -0.1677 	 -1.2065 	 0.4302
2.7956 	 0.0792 	 0.0929 	 -0.3579 	 0.3822 	 1.0408 	 -0.1448 	 -0.1844 	 -1.2319 	 0.4311
2.8056 	 0.0830 	 0.1033 	 -0.3593 	 0.3802 	 1.0283 	 -0.1405 	 -0.2008 	 -1.2555 	 0.4309
2.8156 	 0.0868 	 0.1135 	 -0.3607 	 0.3781 	 1.0156 	 -0.1361 	 -0.2167 	 -1.2766 	 0.4294
2.8257 	 0.0906 	 0.1236 	 -0.3620 	 0.3759 	 1.0027 	 -0.1319 	 -0.2349 	 -1.2884 	 0.4224
2.8357 	 0.0944 	 0.1336 	 -0.3633 	 0.3735 	 0.9898 	 -0.1277 	 -0.2491 	 -1.3037 	 0.4170
2.8457 	 0.0981 	 0.1435 	 -0.3646 	 0.3709 	 0.9766 	 -0.1235 	 -0.2619 	 -1.3166 	 0.4112
2.8557 	 0.1018 	 0.1532 	 -0.3658 	 0.3682 	 0.9634 	 -0.1194 	 -0.2731 	 -1.3276 	 0.4052
2.8657 	 0.1055 	 0.1628 	 -0.3670 	 0.3654 	 0.9500 	 -0.1154 	 -0.2825 	 -1.3386 	 0.4052
2.8758 	 0.1091 	 0.1722 	 -0.3681 	 0.3626 	 0.9366 	 -0.1114 	 -0.2897 	 -1.3466 	 0.3935
2.8858 	 0.1128 	 0.1815 	 -0.3692 	 0.3596 	 0.9231 	 -0.1075 	 -0.2951 	 -1.3503 	 0.3913
2.8958 	 0.1163 	 0.1907 	 -0.3703 	 0.3567 	 0.9096 	 -0.1036 	 -0.3024 	 -1.3454 	 0.3847
2.9058 	 0.1199 	 0.1998 	 -0.3713 	 0.3536 	 0.8961 	 -0.0998 	 -0.3078 	 -1.3495 	 0.3730
2.9158 	 0.1234 	 0.2087 	 -0.3723 	 0.3505 	 0.8825 	 -0.0961 	 -0.3146 	 -1.3561 	 0.3691
2.9259 	 0.1269 	 0.2175 	 -0.3732 	 0.3473 	 0.8689 	 -0.0924 	 -0.3211 	 -1.3631 	 0.3657
2.9359 	 0.1304 	 0.2261 	 -0.3741 	 0.3440 	 0.8552 	 -0.0887 	 -0.3274 	 -1.3707 	 0.3627
2.9459 	 0.1338 	 0.2346 	 -0.3750 	 0.3407 	 0.8415 	 -0.0851 	 -0.3312 	 -1.3690 	 0.3524
2.9559 	 0.1372 	 0.2430 	 -0.3758 	 0.3374 	 0.8277 	 -0.0816 	 -0.3376 	 -1.3768 	 0.3492
2.9659 	 0.1406 	 0.2512 	 -0.3766 	 0.3340 	 0.8139 	 -0.0781 	 -0.3447 	 -1.3856 	 0.3460
2.9760 	 0.1439 	 0.2593 	 -0.3774 	 0.3305 	 0.8000 	 -0.0747 	 -0.3471 	 -1.3815 	 0.3449
2.9860 	 0.1472 	 0.2672 	 -0.3781 	 0.3270 	 0.7862 	 -0.0712 	 -0.3522 	 -1.3750 	 0.3394
2.9960 	 0.1505 	 0.2750 	 -0.3788 	 0.3236 	 0.7727 	 -0.0680 	 -0.3363 	 -1.3273 	 0.3149
3.0060 	 0.1537 	 0.2827 	 -0.3795 	 0.3202 	 0.7595 	 -0.0648 	 -0.3357 	 -1.2904 	 0.3021
3.0160 	 0.1569 	 0.2903 	 -0.3801 	 0.3169 	 0.7468 	 -0.0619 	 -0.3267 	 -1.2460 	 0.2909
3.0261 	 0.1600 	 0.2977 	 -0.3807 	 0.3137 	 0.7346 	 -0.0590 	 -0.3051 	 -1.1765 	 0.2753
3.0361 	 0.1632 	 0.3050 	 -0.3813 	 0.3106 	 0.7230 	 -0.0563 	 -0.3005 	 -1.1517 	 0.2614
3.0461 	 0.1663 	 0.3122 	 -0.3818 	 0.3077 	 0.7117 	 -0.0538 	 -0.2921 	 -1.1193 	 0.2488
3.0561 	 0.1693 	 0.3192 	 -0.3824 	 0.3048 	 0.7005 	 -0.0513 	 -0.2865 	 -1.0936 	 0.2418
3.0661 	 0.1724 	 0.3262 	 -0.3829 	 0.3020 	 0.6898 	 -0.0489 	 -0.2782 	 -1.0668 	 0.2403
3.0762 	 0.1754 	 0.3331 	 -0.3833 	 0.2992 	 0.6792 	 -0.0465 	 -0.2721 	 -1.0414 	 0.2349
3.0862 	 0.1784 	 0.3398 	 -0.3838 	 0.2965 	 0.6689 	 -0.0442 	 -0.2684 	 -1.0231 	 0.2284
3.0962 	 0.1813 	 0.3465 	 -0.3842 	 0.2938 	 0.6587 	 -0.0420 	 -0.2699 	 -1.0025 	 0.2199
3.1062 	 0.1843 	 0.3530 	 -0.3846 	 0.2911 	 0.6487 	 -0.0398 	 -0.2680 	 -0.9876 	 0.2140
3.1162 	 0.1872 	 0.3595 	 -0.3850 	 0.2885 	 0.6389 	 -0.0377 	 -0.2666 	 -0.9748 	 0.2084
3.1263 	 0.1900 	 0.3658 	 -0.3854 	 0.2858 	 0.6292 	 -0.0356 	 -0.2658 	 -0.9641 	 0.2034
3.1363 	 0.1929 	 0.3721 	 -0.3857 	 0.2831 	 0.6196 	 -0.0336 	 -0.2653 	 -0.9556 	 0.1992
3.1463 	 0.1957 	 0.3782 	 -0.3861 	 0.2805 	 0.6101 	 -0.0316 	 -0.2634 	 -0.9424 	 0.1970
3.1563 	 0.1985 	 0.3843 	 -0.3864 	 0.2778 	 0.6006 	 -0.0296 	 -0.2619 	 -0.9363 	 0.1950
3.1663 	 0.2013 	 0.3903 	 -0.3867 	 0.2752 	 0.5913 	 -0.0277 	 -0.2597 	 -0.9306 	 0.1940
3.1764 	 0.2040 	 0.3962 	 -0.3869 	 0.2726 	 0.5820 	 -0.0258 	 -0.2570 	 -0.9247 	 0.1937
3.1864 	 0.2067 	 0.4019 	 -0.3872 	 0.2701 	 0.5728 	 -0.0238 	 -0.2540 	 -0.9183 	 0.1936
3.1964 	 0.2094 	 0.4076 	 -0.3874 	 0.2676 	 0.5636 	 -0.0219 	 -0.2475 	 -0.9047 	 0.1918
3.2064 	 0.2121 	 0.4132 	 -0.3876 	 0.2651 	 0.5546 	 -0.0200 	 -0.2438 	 -0.8960 	 0.1912
3.2164 	 0.2148 	 0.4188 	 -0.3878 	 0.2626 	 0.5457 	 -0.0181 	 -0.2481 	 -0.8882 	 0.1908
3.2265 	 0.2174 	 0.4242 	 -0.3880 	 0.2602 	 0.5369 	 -0.0162 	 -0.2453 	 -0.8789 	 0.1897
3.2365 	 0.2200 	 0.4295 	 -0.3881 	 0.2577 	 0.5281 	 -0.0143 	 -0.2415 	 -0.8638 	 0.1863
3.2465 	 0.2225 	 0.4348 	 -0.3883 	 0.2553 	 0.5195 	 -0.0124 	 -0.2385 	 -0.8477 	 0.1858
3.2565 	 0.2251 	 0.4399 	 -0.3884 	 0.2530 	 0.5111 	 -0.0105 	 -0.2361 	 -0.8375 	 0.1845
3.2665 	 0.2276 	 0.4450 	 -0.3885 	 0.2506 	 0.5027 	 -0.0087 	 -0.2339 	 -0.8277 	 0.1831
3.2766 	 0.2301 	 0.4500 	 -0.3886 	 0.2483 	 0.4945 	 -0.0069 	 -0.2319 	 -0.8183 	 0.1817
3.2866 	 0.2326 	 0.4549 	 -0.3886 	 0.2459 	 0.4863 	 -0.0051 	 -0.2311 	 -0.8155 	 0.1803
3.2966 	 0.2350 	 0.4597 	 -0.3887 	 0.2436 	 0.4782 	 -0.0033 	 -0.2293 	 -0.8065 	 0.1789
3.3066 	 0.2375 	 0.4645 	 -0.3887 	 0.2413 	 0.4701 	 -0.0015 	 -0.2277 	 -0.7979 	 0.1775
3.3166 	 0.2399 	 0.4692 	 -0.3887 	 0.2391 	 0.4622 	 0.0003 	 -0.2262 	 -0.7897 	 0.1761
3.3267 	 0.2423 	 0.4738 	 -0.3887 	 0.2368 	 0.4543 	 0.0021 	 -0.2246 	 -0.7750 	 0.1746
3.3367 	 0.2446 	 0.4783 	 -0.3887 	 0.2346 	 0.4466 	 0.0038 	 -0.2232 	 -0.7667 	 0.1734
3.3467 	 0.2470 	 0.4827 	 -0.3886 	 0.2323 	 0.4389 	 0.0055 	 -0.2168 	 -0.7589 	 0.1682
3.3567 	 0.2493 	 0.4871 	 -0.3885 	 0.2302 	 0.4314 	 0.0072 	 -0.2155 	 -0.7511 	 0.1668
3.3667 	 0.2516 	 0.4914 	 -0.3885 	 0.2280 	 0.4239 	 0.0089 	 -0.2142 	 -0.7437 	 0.1656
3.3768 	 0.2538 	 0.4956 	 -0.3884 	 0.2259 	 0.4165 	 0.0105 	 -0.2122 	 -0.7263 	 0.1606
3.3868 	 0.2561 	 0.4997 	 -0.3882 	 0.2238 	 0.4093 	 0.0121 	 -0.2111 	 -0.7188 	 0.1595
3.3968 	 0.2583 	 0.5038 	 -0.3881 	 0.2217 	 0.4021 	 0.0137 	 -0.2102 	 -0.7116 	 0.1585
3.4068 	 0.2605 	 0.5078 	 -0.3880 	 0.2196 	 0.3950 	 0.0153 	 -0.2092 	 -0.7046 	 0.1575
3.4168 	 0.2627 	 0.5117 	 -0.3878 	 0.2175 	 0.3881 	 0.0169 	 -0.2062 	 -0.6905 	 0.1561
3.4269 	 0.2649 	 0.5155 	 -0.3876 	 0.2154 	 0.3812 	 0.0184 	 -0.2050 	 -0.6822 	 0.1551
3.4369 	 0.2670 	 0.5193 	 -0.3874 	 0.2134 	 0.3744 	 0.0200 	 -0.2017 	 -0.6682 	 0.1563
3.4469 	 0.2692 	 0.5230 	 -0.3872 	 0.2114 	 0.3677 	 0.0215 	 -0.2003 	 -0.6595 	 0.1556
3.4569 	 0.2713 	 0.5267 	 -0.3870 	 0.2094 	 0.3612 	 0.0231 	 -0.1991 	 -0.6512 	 0.1548
3.4669 	 0.2734 	 0.5303 	 -0.3868 	 0.2074 	 0.3547 	 0.0246 	 -0.1979 	 -0.6432 	 0.1540
3.4770 	 0.2754 	 0.5338 	 -0.3865 	 0.2054 	 0.3483 	 0.0262 	 -0.1969 	 -0.6355 	 0.1531
3.4870 	 0.2775 	 0.5373 	 -0.3862 	 0.2034 	 0.3420 	 0.0277 	 -0.1959 	 -0.6281 	 0.1523
3.4970 	 0.2795 	 0.5407 	 -0.3860 	 0.2015 	 0.3357 	 0.0292 	 -0.1949 	 -0.6211 	 0.1514
3.5070 	 0.2815 	 0.5440 	 -0.3857 	 0.1995 	 0.3295 	 0.0307 	 -0.1941 	 -0.6143 	 0.1505
3.5170 	 0.2835 	 0.5473 	 -0.3853 	 0.1976 	 0.3234 	 0.0323 	 -0.1933 	 -0.6077 	 0.1496
3.5271 	 0.2855 	 0.5505 	 -0.3850 	 0.1956 	 0.3173 	 0.0337 	 -0.1925 	 -0.6014 	 0.1487
3.5371 	 0.2874 	 0.5536 	 -0.3847 	 0.1937 	 0.3113 	 0.0352 	 -0.1918 	 -0.5953 	 0.1478
3.5471 	 0.2894 	 0.5567 	 -0.3843 	 0.1918 	 0.3054 	 0.0367 	 -0.1912 	 -0.5895 	 0.1469
3.5571 	 0.2913 	 0.5597 	 -0.3839 	 0.1899 	 0.2995 	 0.0382 	 -0.1905 	 -0.5838 	 0.1460
3.5671 	 0.2932 	 0.5627 	 -0.3835 	 0.1880 	 0.2937 	 0.0396 	 -0.1899 	 -0.5784 	 0.1450
3.5772 	 0.2950 	 0.5656 	 -0.3831 	 0.1861 	 0.2879 	 0.0411 	 -0.1893 	 -0.5732 	 0.1441
3.5872 	 0.2969 	 0.5685 	 -0.3827 	 0.1842 	 0.2822 	 0.0425 	 -0.1887 	 -0.5681 	 0.1431
3.5972 	 0.2987 	 0.5713 	 -0.3823 	 0.1823 	 0.2765 	 0.0440 	 -0.1882 	 -0.5632 	 0.1422
3.6072 	 0.3005 	 0.5740 	 -0.3818 	 0.1804 	 0.2709 	 0.0454 	 -0.1876 	 -0.5585 	 0.1412
3.6172 	 0.3023 	 0.5767 	 -0.3814 	 0.1785 	 0.2653 	 0.0468 	 -0.1871 	 -0.5540 	 0.1402
3.6273 	 0.3041 	 0.5793 	 -0.3809 	 0.1767 	 0.2598 	 0.0482 	 -0.1865 	 -0.5496 	 0.1393
3.6373 	 0.3059 	 0.5819 	 -0.3804 	 0.1748 	 0.2543 	 0.0496 	 -0.1860 	 -0.5453 	 0.1383
3.6473 	 0.3076 	 0.5844 	 -0.3799 	 0.1729 	 0.2489 	 0.0510 	 -0.1855 	 -0.5413 	 0.1374
3.6573 	 0.3094 	 0.5869 	 -0.3794 	 0.1711 	 0.2435 	 0.0523 	 -0.1850 	 -0.5373 	 0.1364
3.6673 	 0.3111 	 0.5893 	 -0.3789 	 0.1692 	 0.2381 	 0.0537 	 -0.1845 	 -0.5335 	 0.1354
3.6774 	 0.3127 	 0.5917 	 -0.3783 	 0.1674 	 0.2328 	 0.0550 	 -0.1839 	 -0.5298 	 0.1345
3.6874 	 0.3144 	 0.5940 	 -0.3778 	 0.1655 	 0.2275 	 0.0564 	 -0.1834 	 -0.5263 	 0.1335
3.6974 	 0.3161 	 0.5962 	 -0.3772 	 0.1637 	 0.2222 	 0.0577 	 -0.1829 	 -0.5229 	 0.1326
3.7074 	 0.3177 	 0.5984 	 -0.3766 	 0.1619 	 0.2170 	 0.0590 	 -0.1824 	 -0.5196 	 0.1317
3.7174 	 0.3193 	 0.6006 	 -0.3760 	 0.1601 	 0.2118 	 0.0604 	 -0.1819 	 -0.5164 	 0.1308
3.7275 	 0.3209 	 0.6027 	 -0.3754 	 0.1582 	 0.2067 	 0.0617 	 -0.1813 	 -0.5133 	 0.1299
3.7375 	 0.3225 	 0.6047 	 -0.3748 	 0.1564 	 0.2015 	 0.0630 	 -0.1808 	 -0.5104 	 0.1290
3.7475 	 0.3240 	 0.6067 	 -0.3741 	 0.1546 	 0.1964 	 0.0642 	 -0.1803 	 -0.5075 	 0.1281
3.7575 	 0.3256 	 0.6087 	 -0.3735 	 0.1528 	 0.1914 	 0.0655 	 -0.1798 	 -0.5048 	 0.1272
3.7675 	 0.3271 	 0.6106 	 -0.3728 	 0.1510 	 0.1863 	 0.0668 	 -0.1792 	 -0.5022 	 0.1263
3.7776 	 0.3286 	 0.6124 	 -0.3721 	 0.1492 	 0.1813 	 0.0681 	 -0.1787 	 -0.4997 	 0.1255
3.7876 	 0.3301 	 0.6142 	 -0.3715 	 0.1474 	 0.1763 	 0.0693 	 -0.1782 	 -0.4973 	 0.1246
3.7976 	 0.3316 	 0.6159 	 -0.3708 	 0.1456 	 0.1713 	 0.0706 	 -0.1777 	 -0.4951 	 0.1238
3.8076 	 0.3330 	 0.6176 	 -0.3700 	 0.1439 	 0.1664 	 0.0718 	 -0.1772 	 -0.4929 	 0.1230
3.8176 	 0.3344 	 0.6193 	 -0.3693 	 0.1421 	 0.1615 	 0.0730 	 -0.1767 	 -0.4908 	 0.1222
3.8277 	 0.3359 	 0.6209 	 -0.3686 	 0.1403 	 0.1566 	 0.0742 	 -0.1762 	 -0.4888 	 0.1214
3.8377 	 0.3373 	 0.6224 	 -0.3678 	 0.1386 	 0.1517 	 0.0754 	 -0.1758 	 -0.4870 	 0.1206
3.8477 	 0.3386 	 0.6239 	 -0.3671 	 0.1368 	 0.1468 	 0.0767 	 -0.1753 	 -0.4852 	 0.1199
3.8577 	 0.3400 	 0.6253 	 -0.3663 	 0.1350 	 0.1419 	 0.0779 	 -0.1749 	 -0.4835 	 0.1191
3.8677 	 0.3413 	 0.6267 	 -0.3655 	 0.1333 	 0.1371 	 0.0790 	 -0.1745 	 -0.4820 	 0.1184
3.8778 	 0.3427 	 0.6281 	 -0.3647 	 0.1315 	 0.1323 	 0.0802 	 -0.1741 	 -0.4805 	 0.1176
3.8878 	 0.3440 	 0.6294 	 -0.3639 	 0.1298 	 0.1275 	 0.0814 	 -0.1737 	 -0.4791 	 0.1169
3.8978 	 0.3453 	 0.6306 	 -0.3631 	 0.1281 	 0.1227 	 0.0826 	 -0.1734 	 -0.4779 	 0.1162
3.9078 	 0.3465 	 0.6319 	 -0.3622 	 0.1263 	 0.1179 	 0.0837 	 -0.1731 	 -0.4767 	 0.1155
3.9178 	 0.3478 	 0.6330 	 -0.3614 	 0.1246 	 0.1131 	 0.0849 	 -0.1728 	 -0.4756 	 0.1147
3.9279 	 0.3490 	 0.6341 	 -0.3605 	 0.1229 	 0.1084 	 0.0860 	 -0.1726 	 -0.4746 	 0.1140
3.9379 	 0.3503 	 0.6352 	 -0.3597 	 0.1211 	 0.1036 	 0.0872 	 -0.1724 	 -0.4737 	 0.1133
3.9479 	 0.3515 	 0.6362 	 -0.3588 	 0.1194 	 0.0989 	 0.0883 	 -0.1680 	 -0.4678 	 0.1107
3.9579 	 0.3527 	 0.6372 	 -0.3579 	 0.1178 	 0.0942 	 0.0894 	 -0.1676 	 -0.4665 	 0.1098
3.9679 	 0.3538 	 0.6381 	 -0.3570 	 0.1161 	 0.0896 	 0.0905 	 -0.1672 	 -0.4653 	 0.1090
3.9780 	 0.3550 	 0.6390 	 -0.3561 	 0.1144 	 0.0849 	 0.0916 	 -0.1668 	 -0.4642 	 0.1081
3.9880 	 0.3561 	 0.6398 	 -0.3552 	 0.1127 	 0.0803 	 0.0927 	 -0.1665 	 -0.4631 	 0.1073
3.9980 	 0.3572 	 0.6406 	 -0.3542 	 0.1111 	 0.0756 	 0.0937 	 -0.1662 	 -0.4622 	 0.1065
4.0080 	 0.3583 	 0.6413 	 -0.3533 	 0.1094 	 0.0710 	 0.0948 	 -0.1660 	 -0.4613 	 0.1057
4.0180 	 0.3594 	 0.6420 	 -0.3523 	 0.1077 	 0.0664 	 0.0958 	 -0.1659 	 -0.4605 	 0.1048
4.0281 	 0.3605 	 0.6426 	 -0.3514 	 0.1061 	 0.0618 	 0.0969 	 -0.1658 	 -0.4597 	 0.1040
4.0381 	 0.3616 	 0.6432 	 -0.3504 	 0.1044 	 0.0572 	 0.0979 	 -0.1658 	 -0.4590 	 0.1032
4.0481 	 0.3626 	 0.6438 	 -0.3494 	 0.1028 	 0.0526 	 0.0990 	 -0.1658 	 -0.4584 	 0.1024
4.0581 	 0.3636 	 0.6443 	 -0.3484 	 0.1011 	 0.0480 	 0.1000 	 -0.1659 	 -0.4579 	 0.1015
4.0681 	 0.3646 	 0.6447 	 -0.3474 	 0.0994 	 0.0434 	 0.1010 	 -0.1660 	 -0.4574 	 0.1007
4.0782 	 0.3656 	 0.6452 	 -0.3464 	 0.0978 	 0.0388 	 0.1020 	 -0.1662 	 -0.4569 	 0.0998
4.0882 	 0.3666 	 0.6455 	 -0.3454 	 0.0961 	 0.0342 	 0.1030 	 -0.1664 	 -0.4565 	 0.0990
4.0982 	 0.3675 	 0.6458 	 -0.3443 	 0.0944 	 0.0297 	 0.1040 	 -0.1667 	 -0.4562 	 0.0981
4.1082 	 0.3685 	 0.6461 	 -0.3433 	 0.0928 	 0.0251 	 0.1050 	 -0.1670 	 -0.4559 	 0.0973
4.1182 	 0.3694 	 0.6463 	 -0.3422 	 0.0911 	 0.0205 	 0.1059 	 -0.1668 	 -0.4501 	 0.0932
4.1283 	 0.3703 	 0.6465 	 -0.3412 	 0.0894 	 0.0160 	 0.1069 	 -0.1672 	 -0.4498 	 0.0923
4.1383 	 0.3712 	 0.6467 	 -0.3401 	 0.0877 	 0.0115 	 0.1078 	 -0.1677 	 -0.4496 	 0.0913
4.1483 	 0.3721 	 0.6468 	 -0.3390 	 0.0861 	 0.0070 	 0.1087 	 -0.1682 	 -0.4494 	 0.0904
4.1583 	 0.3729 	 0.6468 	 -0.3379 	 0.0844 	 0.0025 	 0.1096 	 -0.1687 	 -0.4493 	 0.0894
4.1683 	 0.3737 	 0.6468 	 -0.3368 	 0.0827 	 -0.0020 	 0.1105 	 -0.1693 	 -0.4492 	 0.0885
4.1784 	 0.3746 	 0.6468 	 -0.3357 	 0.0810 	 -0.0065 	 0.1114 	 -0.1699 	 -0.4491 	 0.0875
4.1884 	 0.3754 	 0.6467 	 -0.3346 	 0.0793 	 -0.0110 	 0.1122 	 -0.1705 	 -0.4492 	 0.0866
4.1984 	 0.3762 	 0.6465 	 -0.3334 	 0.0776 	 -0.0155 	 0.1131 	 -0.1712 	 -0.4492 	 0.0857
4.2084 	 0.3769 	 0.6464 	 -0.3323 	 0.0758 	 -0.0200 	 0.1139 	 -0.1720 	 -0.4493 	 0.0847
4.2184 	 0.3777 	 0.6461 	 -0.3312 	 0.0741 	 -0.0245 	 0.1148 	 -0.1727 	 -0.4495 	 0.0838
4.2285 	 0.3784 	 0.6459 	 -0.3300 	 0.0724 	 -0.0290 	 0.1156 	 -0.1735 	 -0.4497 	 0.0828
4.2385 	 0.3791 	 0.6456 	 -0.3288 	 0.0706 	 -0.0335 	 0.1164 	 -0.1744 	 -0.4500 	 0.0819
4.2485 	 0.3798 	 0.6452 	 -0.3277 	 0.0689 	 -0.0380 	 0.1173 	 -0.1753 	 -0.4503 	 0.0810
4.2585 	 0.3805 	 0.6448 	 -0.3265 	 0.0671 	 -0.0425 	 0.1181 	 -0.1762 	 -0.4506 	 0.0801
4.2685 	 0.3812 	 0.6444 	 -0.3253 	 0.0654 	 -0.0470 	 0.1189 	 -0.1771 	 -0.4511 	 0.0792
4.2786 	 0.3818 	 0.6439 	 -0.3241 	 0.0636 	 -0.0516 	 0.1197 	 -0.1781 	 -0.4516 	 0.0783
4.2886 	 0.3824 	 0.6433 	 -0.3229 	 0.0618 	 -0.0561 	 0.1204 	 -0.1791 	 -0.4521 	 0.0774
4.2986 	 0.3831 	 0.6427 	 -0.3217 	 0.0600 	 -0.0606 	 0.1212 	 -0.1802 	 -0.4527 	 0.0765
4.3086 	 0.3836 	 0.6421 	 -0.3205 	 0.0582 	 -0.0652 	 0.1220 	 -0.1788 	 -0.4577 	 0.0799
4.3186 	 0.3842 	 0.6414 	 -0.3192 	 0.0564 	 -0.0698 	 0.1228 	 -0.1798 	 -0.4588 	 0.0794
4.3287 	 0.3848 	 0.6407 	 -0.3180 	 0.0546 	 -0.0744 	 0.1236 	 -0.1807 	 -0.4601 	 0.0789
4.3387 	 0.3853 	 0.6399 	 -0.3168 	 0.0528 	 -0.0790 	 0.1244 	 -0.1818 	 -0.4614 	 0.0784
4.3487 	 0.3858 	 0.6391 	 -0.3155 	 0.0509 	 -0.0836 	 0.1251 	 -0.1829 	 -0.4628 	 0.0779
4.3587 	 0.3863 	 0.6383 	 -0.3143 	 0.0491 	 -0.0883 	 0.1259 	 -0.1840 	 -0.4642 	 0.0775
4.3687 	 0.3868 	 0.6374 	 -0.3130 	 0.0472 	 -0.0929 	 0.1267 	 -0.1852 	 -0.4657 	 0.0770
4.3788 	 0.3873 	 0.6364 	 -0.3117 	 0.0454 	 -0.0976 	 0.1275 	 -0.1864 	 -0.4673 	 0.0765
4.3888 	 0.3877 	 0.6354 	 -0.3104 	 0.0435 	 -0.1023 	 0.1282 	 -0.1877 	 -0.4690 	 0.0760
4.3988 	 0.3882 	 0.6344 	 -0.3092 	 0.0416 	 -0.1070 	 0.1290 	 -0.1890 	 -0.4707 	 0.0755
4.4088 	 0.3886 	 0.6333 	 -0.3079 	 0.0397 	 -0.1117 	 0.1297 	 -0.1904 	 -0.4726 	 0.0750
4.4188 	 0.3890 	 0.6321 	 -0.3066 	 0.0378 	 -0.1165 	 0.1305 	 -0.1918 	 -0.4745 	 0.0744
4.4289 	 0.3893 	 0.6309 	 -0.3052 	 0.0359 	 -0.1212 	 0.1312 	 -0.1932 	 -0.4765 	 0.0739
4.4389 	 0.3897 	 0.6297 	 -0.3039 	 0.0339 	 -0.1260 	 0.1320 	 -0.1947 	 -0.4786 	 0.0734
4.4489 	 0.3900 	 0.6284 	 -0.3026 	 0.0320 	 -0.1308 	 0.1327 	 -0.1962 	 -0.4808 	 0.0729
4.4589 	 0.3903 	 0.6271 	 -0.3013 	 0.0300 	 -0.1356 	 0.1334 	 -0.1978 	 -0.4831 	 0.0724
4.4689 	 0.3906 	 0.6257 	 -0.2999 	 0.0280 	 -0.1405 	 0.1342 	 -0.1994 	 -0.4855 	 0.0719
4.4790 	 0.3909 	 0.6242 	 -0.2986 	 0.0260 	 -0.1454 	 0.1349 	 -0.2010 	 -0.4880 	 0.0714
4.4890 	 0.3911 	 0.6228 	 -0.2972 	 0.0240 	 -0.1503 	 0.1356 	 -0.2027 	 -0.4907 	 0.0709
4.4990 	 0.3914 	 0.6212 	 -0.2959 	 0.0219 	 -0.1552 	 0.1363 	 -0.2044 	 -0.4935 	 0.0704
4.5090 	 0.3916 	 0.6197 	 -0.2945 	 0.0199 	 -0.1602 	 0.1370 	 -0.2062 	 -0.4964 	 0.0699
4.5190 	 0.3918 	 0.6180 	 -0.2931 	 0.0178 	 -0.1652 	 0.1377 	 -0.2095 	 -0.5049 	 0.0699
4.5291 	 0.3919 	 0.6163 	 -0.2917 	 0.0157 	 -0.1703 	 0.1384 	 -0.2108 	 -0.5066 	 0.0693
4.5391 	 0.3921 	 0.6146 	 -0.2903 	 0.0136 	 -0.1754 	 0.1391 	 -0.2122 	 -0.5084 	 0.0687
4.5491 	 0.3922 	 0.6128 	 -0.2889 	 0.0114 	 -0.1805 	 0.1398 	 -0.2136 	 -0.5103 	 0.0681
4.5591 	 0.3923 	 0.6110 	 -0.2875 	 0.0093 	 -0.1856 	 0.1404 	 -0.2149 	 -0.5122 	 0.0675
4.5691 	 0.3924 	 0.6091 	 -0.2861 	 0.0071 	 -0.1907 	 0.1411 	 -0.2163 	 -0.5141 	 0.0669
4.5792 	 0.3924 	 0.6072 	 -0.2847 	 0.0050 	 -0.1959 	 0.1418 	 -0.2177 	 -0.5161 	 0.0664
4.5892 	 0.3925 	 0.6052 	 -0.2833 	 0.0028 	 -0.2011 	 0.1425 	 -0.2191 	 -0.5181 	 0.0658
4.5992 	 0.3925 	 0.6031 	 -0.2819 	 0.0006 	 -0.2063 	 0.1431 	 -0.2205 	 -0.5202 	 0.0652
4.6092 	 0.3925 	 0.6010 	 -0.2804 	 -0.0016 	 -0.2115 	 0.1438 	 -0.2219 	 -0.5223 	 0.0646
4.6192 	 0.3925 	 0.5989 	 -0.2790 	 -0.0039 	 -0.2167 	 0.1444 	 -0.2281 	 -0.5237 	 0.0677
4.6293 	 0.3924 	 0.5967 	 -0.2775 	 -0.0062 	 -0.2220 	 0.1451 	 -0.2293 	 -0.5259 	 0.0670
4.6393 	 0.3923 	 0.5945 	 -0.2761 	 -0.0085 	 -0.2273 	 0.1458 	 -0.2304 	 -0.5282 	 0.0662
4.6493 	 0.3922 	 0.5921 	 -0.2746 	 -0.0108 	 -0.2326 	 0.1464 	 -0.2315 	 -0.5304 	 0.0654
4.6593 	 0.3921 	 0.5898 	 -0.2731 	 -0.0132 	 -0.2379 	 0.1471 	 -0.2325 	 -0.5328 	 0.0647
4.6693 	 0.3920 	 0.5874 	 -0.2717 	 -0.0155 	 -0.2433 	 0.1477 	 -0.2335 	 -0.5351 	 0.0639
4.6794 	 0.3918 	 0.5849 	 -0.2702 	 -0.0178 	 -0.2486 	 0.1484 	 -0.2345 	 -0.5375 	 0.0632
4.6894 	 0.3916 	 0.5824 	 -0.2687 	 -0.0202 	 -0.2540 	 0.1490 	 -0.2354 	 -0.5399 	 0.0624
4.6994 	 0.3914 	 0.5798 	 -0.2672 	 -0.0226 	 -0.2594 	 0.1496 	 -0.2363 	 -0.5424 	 0.0617
4.7094 	 0.3912 	 0.5772 	 -0.2657 	 -0.0249 	 -0.2649 	 0.1502 	 -0.2371 	 -0.5449 	 0.0610
4.7194 	 0.3909 	 0.5745 	 -0.2642 	 -0.0273 	 -0.2704 	 0.1508 	 -0.2379 	 -0.5474 	 0.0603
4.7295 	 0.3906 	 0.5718 	 -0.2627 	 -0.0297 	 -0.2759 	 0.1514 	 -0.2386 	 -0.5499 	 0.0596
4.7395 	 0.3903 	 0.5690 	 -0.2611 	 -0.0321 	 -0.2814 	 0.1520 	 -0.2392 	 -0.5524 	 0.0590
4.7495 	 0.3900 	 0.5661 	 -0.2596 	 -0.0345 	 -0.2869 	 0.1526 	 -0.2397 	 -0.5549 	 0.0583
4.7595 	 0.3896 	 0.5632 	 -0.2581 	 -0.0369 	 -0.2925 	 0.1532 	 -0.2400 	 -0.5574 	 0.0577
4.7695 	 0.3892 	 0.5603 	 -0.2565 	 -0.0393 	 -0.2981 	 0.1538 	 -0.2403 	 -0.5598 	 0.0571
4.7796 	 0.3888 	 0.5573 	 -0.2550 	 -0.0417 	 -0.3037 	 0.1544 	 -0.2405 	 -0.5622 	 0.0566
4.7896 	 0.3884 	 0.5542 	 -0.2535 	 -0.0441 	 -0.3094 	 0.1549 	 -0.2405 	 -0.5645 	 0.0560
4.7996 	 0.3879 	 0.5511 	 -0.2519 	 -0.0465 	 -0.3150 	 0.1555 	 -0.2404 	 -0.5666 	 0.0555
4.8096 	 0.3875 	 0.5479 	 -0.2503 	 -0.0489 	 -0.3207 	 0.1560 	 -0.2402 	 -0.5686 	 0.0550
4.8196 	 0.3870 	 0.5446 	 -0.2488 	 -0.0513 	 -0.3264 	 0.1566 	 -0.2399 	 -0.5703 	 0.0545
4.8297 	 0.3864 	 0.5413 	 -0.2472 	 -0.0537 	 -0.3322 	 0.1571 	 -0.2396 	 -0.5717 	 0.0539
4.8397 	 0.3859 	 0.5380 	 -0.2456 	 -0.0561 	 -0.3379 	 0.1577 	 -0.2393 	 -0.5728 	 0.0532
4.8497 	 0.3853 	 0.5346 	 -0.2440 	 -0.0585 	 -0.3436 	 0.1582 	 -0.2392 	 -0.5737 	 0.0524
4.8597 	 0.3847 	 0.5311 	 -0.2425 	 -0.0609 	 -0.3494 	 0.1587 	 -0.2393 	 -0.5743 	 0.0514
4.8697 	 0.3841 	 0.5276 	 -0.2409 	 -0.0633 	 -0.3551 	 0.1592 	 -0.2397 	 -0.5747 	 0.0503
4.8798 	 0.3834 	 0.5240 	 -0.2393 	 -0.0657 	 -0.3609 	 0.1597 	 -0.2406 	 -0.5751 	 0.0489
4.8898 	 0.3828 	 0.5203 	 -0.2377 	 -0.0682 	 -0.3667 	 0.1602 	 -0.2420 	 -0.5756 	 0.0474
4.8998 	 0.3821 	 0.5166 	 -0.2361 	 -0.0706 	 -0.3724 	 0.1607 	 -0.2438 	 -0.5763 	 0.0457
4.9098 	 0.3814 	 0.5129 	 -0.2344 	 -0.0730 	 -0.3782 	 0.1611 	 -0.2460 	 -0.5774 	 0.0439
4.9198 	 0.3806 	 0.5090 	 -0.2328 	 -0.0755 	 -0.3840 	 0.1615 	 -0.2457 	 -0.5731 	 0.0427
4.9299 	 0.3798 	 0.5052 	 -0.2312 	 -0.0780 	 -0.3897 	 0.1620 	 -0.2482 	 -0.5743 	 0.0408
4.9399 	 0.3791 	 0.5012 	 -0.2296 	 -0.0805 	 -0.3955 	 0.1624 	 -0.2510 	 -0.5759 	 0.0389
4.9499 	 0.3782 	 0.4972 	 -0.2279 	 -0.0830 	 -0.4013 	 0.1627 	 -0.2541 	 -0.5779 	 0.0369
4.9599 	 0.3774 	 0.4932 	 -0.2263 	 -0.0856 	 -0.4071 	 0.1631 	 -0.2573 	 -0.5803 	 0.0349
4.9699 	 0.3765 	 0.4891 	 -0.2247 	 -0.0882 	 -0.4129 	 0.1634 	 -0.2607 	 -0.5831 	 0.0329
4.9800 	 0.3756 	 0.4849 	 -0.2230 	 -0.0908 	 -0.4188 	 0.1638 	 -0.2643 	 -0.5862 	 0.0308
4.9900 	 0.3747 	 0.4807 	 -0.2214 	 -0.0935 	 -0.4247 	 0.1641 	 -0.2699 	 -0.5935 	 0.0332
