100-Body Run with i = 85 th particle. (Units in pc,M_solar,Myr, km s-1) 

time		 x 		 y 		 z 		 xdot 		 ydot 		 zdot 		 xddot 		 yddot 		 zddot
0.0000 	 -0.0158 	 -0.0175 	 -0.7372 	 0.0031 	 0.0004 	 0.0043 	 0.1415 	 -0.0368 	 0.3503
0.0100 	 -0.0158 	 -0.0175 	 -0.7372 	 0.0045 	 0.0000 	 0.0078 	 0.1414 	 -0.0366 	 0.3504
0.0200 	 -0.0157 	 -0.0175 	 -0.7371 	 0.0059 	 -0.0004 	 0.0114 	 0.1414 	 -0.0365 	 0.3504
0.0301 	 -0.0156 	 -0.0175 	 -0.7369 	 0.0073 	 -0.0007 	 0.0149 	 0.1414 	 -0.0364 	 0.3505
0.0401 	 -0.0156 	 -0.0175 	 -0.7368 	 0.0088 	 -0.0011 	 0.0184 	 0.1413 	 -0.0362 	 0.3507
0.0501 	 -0.0155 	 -0.0175 	 -0.7366 	 0.0102 	 -0.0014 	 0.0219 	 0.1413 	 -0.0361 	 0.3509
0.0601 	 -0.0153 	 -0.0175 	 -0.7363 	 0.0116 	 -0.0018 	 0.0254 	 0.1413 	 -0.0360 	 0.3511
0.0701 	 -0.0152 	 -0.0175 	 -0.7361 	 0.0130 	 -0.0022 	 0.0289 	 0.1413 	 -0.0359 	 0.3514
0.0802 	 -0.0151 	 -0.0176 	 -0.7357 	 0.0144 	 -0.0025 	 0.0325 	 0.1413 	 -0.0358 	 0.3517
0.0902 	 -0.0149 	 -0.0176 	 -0.7354 	 0.0159 	 -0.0029 	 0.0360 	 0.1462 	 -0.0333 	 0.3553
0.1002 	 -0.0148 	 -0.0176 	 -0.7350 	 0.0173 	 -0.0032 	 0.0396 	 0.1462 	 -0.0332 	 0.3557
0.1102 	 -0.0146 	 -0.0176 	 -0.7346 	 0.0188 	 -0.0035 	 0.0431 	 0.1461 	 -0.0331 	 0.3561
0.1202 	 -0.0144 	 -0.0177 	 -0.7342 	 0.0203 	 -0.0039 	 0.0467 	 0.1460 	 -0.0330 	 0.3565
0.1303 	 -0.0142 	 -0.0177 	 -0.7337 	 0.0217 	 -0.0042 	 0.0503 	 0.1460 	 -0.0330 	 0.3570
0.1403 	 -0.0140 	 -0.0178 	 -0.7332 	 0.0232 	 -0.0045 	 0.0539 	 0.1459 	 -0.0329 	 0.3576
0.1503 	 -0.0137 	 -0.0178 	 -0.7326 	 0.0247 	 -0.0048 	 0.0574 	 0.1458 	 -0.0329 	 0.3582
0.1603 	 -0.0135 	 -0.0179 	 -0.7320 	 0.0261 	 -0.0052 	 0.0610 	 0.1458 	 -0.0328 	 0.3588
0.1703 	 -0.0132 	 -0.0179 	 -0.7314 	 0.0276 	 -0.0055 	 0.0646 	 0.1457 	 -0.0328 	 0.3595
0.1804 	 -0.0129 	 -0.0180 	 -0.7307 	 0.0290 	 -0.0058 	 0.0682 	 0.1456 	 -0.0328 	 0.3602
0.1904 	 -0.0126 	 -0.0180 	 -0.7300 	 0.0305 	 -0.0062 	 0.0719 	 0.1456 	 -0.0327 	 0.3609
0.2004 	 -0.0123 	 -0.0181 	 -0.7293 	 0.0320 	 -0.0065 	 0.0755 	 0.1455 	 -0.0327 	 0.3617
0.2104 	 -0.0120 	 -0.0182 	 -0.7285 	 0.0334 	 -0.0068 	 0.0791 	 0.1454 	 -0.0327 	 0.3626
0.2204 	 -0.0116 	 -0.0182 	 -0.7277 	 0.0349 	 -0.0071 	 0.0827 	 0.1453 	 -0.0327 	 0.3635
0.2305 	 -0.0113 	 -0.0183 	 -0.7268 	 0.0363 	 -0.0075 	 0.0864 	 0.1453 	 -0.0327 	 0.3644
0.2405 	 -0.0109 	 -0.0184 	 -0.7259 	 0.0378 	 -0.0078 	 0.0900 	 0.1452 	 -0.0327 	 0.3654
0.2505 	 -0.0105 	 -0.0185 	 -0.7250 	 0.0392 	 -0.0081 	 0.0937 	 0.1451 	 -0.0327 	 0.3664
0.2605 	 -0.0101 	 -0.0185 	 -0.7241 	 0.0407 	 -0.0085 	 0.0974 	 0.1451 	 -0.0327 	 0.3675
0.2705 	 -0.0097 	 -0.0186 	 -0.7231 	 0.0421 	 -0.0088 	 0.1011 	 0.1450 	 -0.0327 	 0.3686
0.2806 	 -0.0093 	 -0.0187 	 -0.7220 	 0.0436 	 -0.0091 	 0.1048 	 0.1449 	 -0.0327 	 0.3698
0.2906 	 -0.0088 	 -0.0188 	 -0.7210 	 0.0450 	 -0.0094 	 0.1085 	 0.1448 	 -0.0328 	 0.3711
0.3006 	 -0.0084 	 -0.0189 	 -0.7199 	 0.0465 	 -0.0098 	 0.1122 	 0.1448 	 -0.0328 	 0.3724
0.3106 	 -0.0079 	 -0.0190 	 -0.7187 	 0.0479 	 -0.0101 	 0.1159 	 0.1447 	 -0.0328 	 0.3737
0.3206 	 -0.0074 	 -0.0191 	 -0.7175 	 0.0494 	 -0.0104 	 0.1197 	 0.1446 	 -0.0329 	 0.3751
0.3307 	 -0.0069 	 -0.0192 	 -0.7163 	 0.0508 	 -0.0108 	 0.1235 	 0.1445 	 -0.0329 	 0.3766
0.3407 	 -0.0064 	 -0.0193 	 -0.7151 	 0.0523 	 -0.0111 	 0.1272 	 0.1444 	 -0.0330 	 0.3781
0.3507 	 -0.0059 	 -0.0194 	 -0.7138 	 0.0537 	 -0.0114 	 0.1310 	 0.1444 	 -0.0331 	 0.3797
0.3607 	 -0.0053 	 -0.0196 	 -0.7124 	 0.0552 	 -0.0118 	 0.1349 	 0.1443 	 -0.0331 	 0.3814
0.3707 	 -0.0048 	 -0.0197 	 -0.7111 	 0.0566 	 -0.0121 	 0.1387 	 0.1442 	 -0.0332 	 0.3831
0.3808 	 -0.0042 	 -0.0198 	 -0.7097 	 0.0581 	 -0.0124 	 0.1425 	 0.1441 	 -0.0333 	 0.3849
0.3908 	 -0.0036 	 -0.0199 	 -0.7082 	 0.0595 	 -0.0127 	 0.1464 	 0.1440 	 -0.0334 	 0.3867
0.4008 	 -0.0030 	 -0.0201 	 -0.7067 	 0.0610 	 -0.0131 	 0.1503 	 0.1440 	 -0.0334 	 0.3886
0.4108 	 -0.0024 	 -0.0202 	 -0.7052 	 0.0624 	 -0.0134 	 0.1542 	 0.1439 	 -0.0335 	 0.3906
0.4208 	 -0.0017 	 -0.0203 	 -0.7036 	 0.0638 	 -0.0138 	 0.1581 	 0.1438 	 -0.0336 	 0.3927
0.4309 	 -0.0011 	 -0.0205 	 -0.7020 	 0.0653 	 -0.0141 	 0.1621 	 0.1437 	 -0.0337 	 0.3948
0.4409 	 -0.0004 	 -0.0206 	 -0.7004 	 0.0667 	 -0.0144 	 0.1660 	 0.1436 	 -0.0339 	 0.3970
0.4509 	 0.0002 	 -0.0208 	 -0.6987 	 0.0682 	 -0.0148 	 0.1700 	 0.1435 	 -0.0340 	 0.3993
0.4609 	 0.0009 	 -0.0209 	 -0.6970 	 0.0696 	 -0.0151 	 0.1740 	 0.1434 	 -0.0341 	 0.4017
0.4709 	 0.0016 	 -0.0211 	 -0.6952 	 0.0710 	 -0.0155 	 0.1781 	 0.1433 	 -0.0342 	 0.4041
0.4810 	 0.0024 	 -0.0212 	 -0.6934 	 0.0725 	 -0.0158 	 0.1821 	 0.1432 	 -0.0343 	 0.4067
0.4910 	 0.0031 	 -0.0214 	 -0.6916 	 0.0739 	 -0.0161 	 0.1862 	 0.1431 	 -0.0345 	 0.4093
0.5010 	 0.0038 	 -0.0215 	 -0.6897 	 0.0753 	 -0.0165 	 0.1903 	 0.1430 	 -0.0346 	 0.4121
0.5110 	 0.0046 	 -0.0217 	 -0.6878 	 0.0768 	 -0.0168 	 0.1945 	 0.1429 	 -0.0348 	 0.4149
0.5210 	 0.0054 	 -0.0219 	 -0.6858 	 0.0782 	 -0.0172 	 0.1986 	 0.1428 	 -0.0349 	 0.4178
0.5311 	 0.0062 	 -0.0221 	 -0.6838 	 0.0796 	 -0.0175 	 0.2028 	 0.1427 	 -0.0351 	 0.4208
0.5411 	 0.0070 	 -0.0222 	 -0.6817 	 0.0811 	 -0.0179 	 0.2071 	 0.1426 	 -0.0352 	 0.4240
0.5511 	 0.0078 	 -0.0224 	 -0.6796 	 0.0825 	 -0.0182 	 0.2113 	 0.1424 	 -0.0354 	 0.4272
0.5611 	 0.0086 	 -0.0226 	 -0.6775 	 0.0839 	 -0.0186 	 0.2156 	 0.1423 	 -0.0355 	 0.4306
0.5711 	 0.0095 	 -0.0228 	 -0.6753 	 0.0853 	 -0.0190 	 0.2200 	 0.1422 	 -0.0357 	 0.4341
0.5812 	 0.0103 	 -0.0230 	 -0.6731 	 0.0868 	 -0.0193 	 0.2243 	 0.1420 	 -0.0358 	 0.4377
0.5912 	 0.0112 	 -0.0232 	 -0.6708 	 0.0882 	 -0.0197 	 0.2287 	 0.1419 	 -0.0360 	 0.4415
0.6012 	 0.0121 	 -0.0234 	 -0.6685 	 0.0896 	 -0.0200 	 0.2332 	 0.1417 	 -0.0362 	 0.4453
0.6112 	 0.0130 	 -0.0236 	 -0.6661 	 0.0910 	 -0.0204 	 0.2377 	 0.1416 	 -0.0363 	 0.4493
0.6212 	 0.0139 	 -0.0238 	 -0.6637 	 0.0924 	 -0.0208 	 0.2422 	 0.1414 	 -0.0365 	 0.4535
0.6313 	 0.0149 	 -0.0240 	 -0.6613 	 0.0939 	 -0.0211 	 0.2468 	 0.1412 	 -0.0367 	 0.4578
0.6413 	 0.0158 	 -0.0242 	 -0.6588 	 0.0953 	 -0.0215 	 0.2514 	 0.1410 	 -0.0368 	 0.4623
0.6513 	 0.0168 	 -0.0244 	 -0.6562 	 0.0967 	 -0.0219 	 0.2560 	 0.1408 	 -0.0370 	 0.4669
0.6613 	 0.0178 	 -0.0246 	 -0.6537 	 0.0981 	 -0.0222 	 0.2607 	 0.1406 	 -0.0371 	 0.4717
0.6713 	 0.0187 	 -0.0249 	 -0.6510 	 0.0995 	 -0.0226 	 0.2655 	 0.1404 	 -0.0373 	 0.4767
0.6814 	 0.0197 	 -0.0251 	 -0.6483 	 0.1009 	 -0.0230 	 0.2703 	 0.1451 	 -0.0386 	 0.4856
0.6914 	 0.0208 	 -0.0253 	 -0.6456 	 0.1024 	 -0.0234 	 0.2752 	 0.1444 	 -0.0386 	 0.4907
0.7014 	 0.0218 	 -0.0256 	 -0.6428 	 0.1038 	 -0.0238 	 0.2801 	 0.1436 	 -0.0386 	 0.4959
0.7114 	 0.0228 	 -0.0258 	 -0.6400 	 0.1052 	 -0.0241 	 0.2851 	 0.1429 	 -0.0386 	 0.5014
0.7214 	 0.0239 	 -0.0260 	 -0.6371 	 0.1067 	 -0.0245 	 0.2902 	 0.1420 	 -0.0387 	 0.5070
0.7315 	 0.0250 	 -0.0263 	 -0.6342 	 0.1081 	 -0.0249 	 0.2953 	 0.1412 	 -0.0386 	 0.5129
0.7415 	 0.0261 	 -0.0265 	 -0.6312 	 0.1095 	 -0.0253 	 0.3004 	 0.1403 	 -0.0386 	 0.5190
0.7515 	 0.0272 	 -0.0268 	 -0.6282 	 0.1109 	 -0.0257 	 0.3057 	 0.1393 	 -0.0386 	 0.5253
0.7615 	 0.0283 	 -0.0271 	 -0.6251 	 0.1123 	 -0.0261 	 0.3110 	 0.1383 	 -0.0385 	 0.5318
0.7715 	 0.0294 	 -0.0273 	 -0.6219 	 0.1137 	 -0.0265 	 0.3164 	 0.1409 	 -0.0368 	 0.5429
0.7816 	 0.0306 	 -0.0276 	 -0.6187 	 0.1151 	 -0.0268 	 0.3218 	 0.1394 	 -0.0369 	 0.5495
0.7916 	 0.0317 	 -0.0279 	 -0.6155 	 0.1165 	 -0.0272 	 0.3274 	 0.1391 	 -0.0384 	 0.5622
0.8016 	 0.0329 	 -0.0281 	 -0.6122 	 0.1179 	 -0.0276 	 0.3331 	 0.1373 	 -0.0383 	 0.5690
0.8116 	 0.0341 	 -0.0284 	 -0.6088 	 0.1193 	 -0.0280 	 0.3388 	 0.1355 	 -0.0382 	 0.5760
0.8216 	 0.0353 	 -0.0287 	 -0.6054 	 0.1206 	 -0.0284 	 0.3447 	 0.1346 	 -0.0384 	 0.5897
0.8317 	 0.0365 	 -0.0290 	 -0.6019 	 0.1219 	 -0.0287 	 0.3506 	 0.1325 	 -0.0382 	 0.5970
0.8417 	 0.0377 	 -0.0293 	 -0.5983 	 0.1233 	 -0.0291 	 0.3566 	 0.1303 	 -0.0380 	 0.6047
0.8517 	 0.0390 	 -0.0296 	 -0.5947 	 0.1246 	 -0.0295 	 0.3627 	 0.1280 	 -0.0377 	 0.6126
0.8617 	 0.0402 	 -0.0299 	 -0.5911 	 0.1258 	 -0.0299 	 0.3689 	 0.1270 	 -0.0409 	 0.6258
0.8717 	 0.0415 	 -0.0302 	 -0.5873 	 0.1271 	 -0.0303 	 0.3752 	 0.1244 	 -0.0402 	 0.6339
0.8818 	 0.0428 	 -0.0305 	 -0.5836 	 0.1283 	 -0.0307 	 0.3816 	 0.1217 	 -0.0394 	 0.6425
0.8918 	 0.0441 	 -0.0308 	 -0.5797 	 0.1295 	 -0.0311 	 0.3881 	 0.1189 	 -0.0386 	 0.6514
0.9018 	 0.0454 	 -0.0311 	 -0.5758 	 0.1307 	 -0.0315 	 0.3947 	 0.1166 	 -0.0371 	 0.6671
0.9118 	 0.0467 	 -0.0314 	 -0.5718 	 0.1319 	 -0.0318 	 0.4015 	 0.1130 	 -0.0359 	 0.6766
0.9218 	 0.0480 	 -0.0317 	 -0.5677 	 0.1330 	 -0.0322 	 0.4083 	 0.1097 	 -0.0350 	 0.6864
0.9319 	 0.0494 	 -0.0321 	 -0.5636 	 0.1341 	 -0.0325 	 0.4152 	 0.1063 	 -0.0340 	 0.6967
0.9419 	 0.0507 	 -0.0324 	 -0.5594 	 0.1351 	 -0.0329 	 0.4222 	 0.1029 	 -0.0329 	 0.7076
0.9519 	 0.0521 	 -0.0327 	 -0.5551 	 0.1361 	 -0.0332 	 0.4294 	 0.0993 	 -0.0318 	 0.7191
0.9619 	 0.0534 	 -0.0330 	 -0.5508 	 0.1371 	 -0.0335 	 0.4367 	 0.0957 	 -0.0307 	 0.7313
0.9719 	 0.0548 	 -0.0334 	 -0.5464 	 0.1380 	 -0.0338 	 0.4441 	 0.0950 	 -0.0308 	 0.7493
0.9820 	 0.0562 	 -0.0337 	 -0.5419 	 0.1390 	 -0.0341 	 0.4516 	 0.0906 	 -0.0293 	 0.7621
0.9920 	 0.0576 	 -0.0341 	 -0.5373 	 0.1399 	 -0.0344 	 0.4593 	 0.0861 	 -0.0277 	 0.7757
1.0020 	 0.0590 	 -0.0344 	 -0.5327 	 0.1407 	 -0.0347 	 0.4672 	 0.0814 	 -0.0260 	 0.7902
1.0120 	 0.0604 	 -0.0348 	 -0.5280 	 0.1415 	 -0.0349 	 0.4752 	 0.0767 	 -0.0242 	 0.8057
1.0220 	 0.0618 	 -0.0351 	 -0.5232 	 0.1422 	 -0.0351 	 0.4833 	 0.0718 	 -0.0224 	 0.8221
1.0321 	 0.0633 	 -0.0355 	 -0.5183 	 0.1429 	 -0.0354 	 0.4917 	 0.0668 	 -0.0204 	 0.8397
1.0421 	 0.0647 	 -0.0358 	 -0.5133 	 0.1436 	 -0.0356 	 0.5002 	 0.0617 	 -0.0182 	 0.8586
1.0521 	 0.0661 	 -0.0362 	 -0.5083 	 0.1442 	 -0.0357 	 0.5089 	 0.0565 	 -0.0159 	 0.8788
1.0621 	 0.0676 	 -0.0365 	 -0.5031 	 0.1447 	 -0.0359 	 0.5178 	 0.0512 	 -0.0135 	 0.9005
1.0721 	 0.0690 	 -0.0369 	 -0.4979 	 0.1452 	 -0.0360 	 0.5269 	 0.0463 	 -0.0104 	 0.9304
1.0822 	 0.0705 	 -0.0373 	 -0.4926 	 0.1456 	 -0.0361 	 0.5365 	 0.0417 	 -0.0072 	 0.9830
1.0922 	 0.0720 	 -0.0376 	 -0.4871 	 0.1460 	 -0.0361 	 0.5466 	 0.0359 	 -0.0043 	 1.0131
1.1022 	 0.0734 	 -0.0380 	 -0.4816 	 0.1464 	 -0.0362 	 0.5569 	 0.0303 	 0.0010 	 1.0604
1.1122 	 0.0749 	 -0.0383 	 -0.4760 	 0.1466 	 -0.0361 	 0.5676 	 0.0245 	 0.0037 	 1.0740
1.1222 	 0.0764 	 -0.0387 	 -0.4702 	 0.1468 	 -0.0361 	 0.5786 	 0.0191 	 0.0067 	 1.1060
1.1323 	 0.0778 	 -0.0391 	 -0.4644 	 0.1470 	 -0.0360 	 0.5898 	 0.0133 	 0.0097 	 1.1295
1.1423 	 0.0793 	 -0.0394 	 -0.4584 	 0.1471 	 -0.0359 	 0.6012 	 0.0065 	 0.0133 	 1.1579
1.1523 	 0.0808 	 -0.0398 	 -0.4523 	 0.1471 	 -0.0357 	 0.6129 	 0.0003 	 0.0164 	 1.1727
1.1623 	 0.0823 	 -0.0401 	 -0.4461 	 0.1471 	 -0.0355 	 0.6249 	 -0.0038 	 0.0202 	 1.2086
1.1723 	 0.0837 	 -0.0405 	 -0.4398 	 0.1471 	 -0.0353 	 0.6370 	 -0.0102 	 0.0230 	 1.2176
1.1824 	 0.0852 	 -0.0409 	 -0.4334 	 0.1469 	 -0.0351 	 0.6492 	 -0.0171 	 0.0264 	 1.2201
1.1924 	 0.0867 	 -0.0412 	 -0.4268 	 0.1467 	 -0.0348 	 0.6615 	 -0.0238 	 0.0297 	 1.2287
1.2024 	 0.0881 	 -0.0415 	 -0.4201 	 0.1464 	 -0.0345 	 0.6739 	 -0.0309 	 0.0334 	 1.2310
1.2124 	 0.0896 	 -0.0419 	 -0.4133 	 0.1461 	 -0.0341 	 0.6862 	 -0.0381 	 0.0372 	 1.2334
1.2224 	 0.0911 	 -0.0422 	 -0.4063 	 0.1457 	 -0.0337 	 0.6986 	 -0.0460 	 0.0413 	 1.2410
1.2325 	 0.0925 	 -0.0426 	 -0.3993 	 0.1452 	 -0.0333 	 0.7111 	 -0.0529 	 0.0455 	 1.2415
1.2425 	 0.0940 	 -0.0429 	 -0.3921 	 0.1446 	 -0.0328 	 0.7235 	 -0.0598 	 0.0499 	 1.2420
1.2525 	 0.0954 	 -0.0432 	 -0.3848 	 0.1440 	 -0.0323 	 0.7359 	 -0.0666 	 0.0546 	 1.2426
1.2625 	 0.0969 	 -0.0435 	 -0.3773 	 0.1433 	 -0.0317 	 0.7485 	 -0.0730 	 0.0598 	 1.2559
1.2725 	 0.0983 	 -0.0439 	 -0.3698 	 0.1425 	 -0.0311 	 0.7610 	 -0.0794 	 0.0653 	 1.2544
1.2826 	 0.0997 	 -0.0442 	 -0.3621 	 0.1417 	 -0.0304 	 0.7736 	 -0.0857 	 0.0713 	 1.2524
1.2926 	 0.1011 	 -0.0445 	 -0.3543 	 0.1408 	 -0.0297 	 0.7862 	 -0.0912 	 0.0732 	 1.2520
1.3026 	 0.1025 	 -0.0448 	 -0.3463 	 0.1399 	 -0.0290 	 0.7987 	 -0.0931 	 0.0783 	 1.2489
1.3126 	 0.1039 	 -0.0450 	 -0.3383 	 0.1390 	 -0.0281 	 0.8113 	 -0.0968 	 0.0915 	 1.2550
1.3226 	 0.1053 	 -0.0453 	 -0.3301 	 0.1380 	 -0.0271 	 0.8238 	 -0.1020 	 0.1044 	 1.2518
1.3327 	 0.1067 	 -0.0456 	 -0.3218 	 0.1369 	 -0.0260 	 0.8363 	 -0.1077 	 0.1173 	 1.2393
1.3427 	 0.1081 	 -0.0458 	 -0.3133 	 0.1358 	 -0.0248 	 0.8487 	 -0.1116 	 0.1329 	 1.2225
1.3527 	 0.1094 	 -0.0461 	 -0.3048 	 0.1347 	 -0.0233 	 0.8608 	 -0.1126 	 0.1520 	 1.1981
1.3627 	 0.1108 	 -0.0463 	 -0.2961 	 0.1336 	 -0.0217 	 0.8726 	 -0.1080 	 0.1754 	 1.1590
1.3727 	 0.1121 	 -0.0465 	 -0.2873 	 0.1325 	 -0.0198 	 0.8839 	 -0.1033 	 0.1945 	 1.0883
1.3828 	 0.1134 	 -0.0467 	 -0.2784 	 0.1315 	 -0.0179 	 0.8945 	 -0.1104 	 0.1961 	 1.0197
1.3928 	 0.1147 	 -0.0469 	 -0.2694 	 0.1303 	 -0.0159 	 0.9044 	 -0.1141 	 0.1978 	 0.9535
1.4028 	 0.1160 	 -0.0470 	 -0.2602 	 0.1291 	 -0.0139 	 0.9136 	 -0.1241 	 0.1934 	 0.8853
1.4128 	 0.1173 	 -0.0472 	 -0.2510 	 0.1278 	 -0.0120 	 0.9221 	 -0.1366 	 0.1855 	 0.8323
1.4228 	 0.1186 	 -0.0473 	 -0.2418 	 0.1264 	 -0.0102 	 0.9302 	 -0.1415 	 0.1803 	 0.7744
1.4329 	 0.1199 	 -0.0474 	 -0.2324 	 0.1250 	 -0.0084 	 0.9376 	 -0.1416 	 0.1770 	 0.6995
1.4429 	 0.1211 	 -0.0474 	 -0.2230 	 0.1236 	 -0.0067 	 0.9442 	 -0.1496 	 0.1605 	 0.6313
1.4529 	 0.1223 	 -0.0475 	 -0.2135 	 0.1221 	 -0.0052 	 0.9503 	 -0.1471 	 0.1530 	 0.5733
1.4629 	 0.1236 	 -0.0475 	 -0.2039 	 0.1207 	 -0.0036 	 0.9557 	 -0.1324 	 0.1610 	 0.4897
1.4729 	 0.1248 	 -0.0476 	 -0.1944 	 0.1194 	 -0.0019 	 0.9597 	 -0.1290 	 0.1732 	 0.2755
1.4830 	 0.1259 	 -0.0476 	 -0.1847 	 0.1180 	 -0.0002 	 0.9609 	 -0.1607 	 0.1600 	 0.0173
1.4930 	 0.1271 	 -0.0476 	 -0.1751 	 0.1161 	 0.0013 	 0.9606 	 -0.2071 	 0.1327 	 -0.0702
1.5030 	 0.1283 	 -0.0476 	 -0.1655 	 0.1138 	 0.0025 	 0.9596 	 -0.2463 	 0.1141 	 -0.1128
1.5130 	 0.1294 	 -0.0475 	 -0.1559 	 0.1112 	 0.0036 	 0.9584 	 -0.2801 	 0.1013 	 -0.1420
1.5230 	 0.1305 	 -0.0475 	 -0.1463 	 0.1082 	 0.0045 	 0.9568 	 -0.3119 	 0.0915 	 -0.1672
1.5331 	 0.1316 	 -0.0474 	 -0.1367 	 0.1049 	 0.0054 	 0.9550 	 -0.3443 	 0.0829 	 -0.1925
1.5431 	 0.1326 	 -0.0474 	 -0.1271 	 0.1013 	 0.0062 	 0.9529 	 -0.3794 	 0.0745 	 -0.2214
1.5531 	 0.1336 	 -0.0473 	 -0.1176 	 0.0973 	 0.0069 	 0.9505 	 -0.4200 	 0.0660 	 -0.2602
1.5631 	 0.1345 	 -0.0472 	 -0.1081 	 0.0929 	 0.0075 	 0.9477 	 -0.4590 	 0.0572 	 -0.3204
1.5731 	 0.1354 	 -0.0472 	 -0.0986 	 0.0882 	 0.0080 	 0.9441 	 -0.4841 	 0.0489 	 -0.3870
1.5832 	 0.1363 	 -0.0471 	 -0.0892 	 0.0832 	 0.0085 	 0.9399 	 -0.5018 	 0.0440 	 -0.4533
1.5932 	 0.1371 	 -0.0470 	 -0.0798 	 0.0781 	 0.0089 	 0.9350 	 -0.5142 	 0.0420 	 -0.5159
1.6032 	 0.1379 	 -0.0469 	 -0.0704 	 0.0729 	 0.0094 	 0.9296 	 -0.5261 	 0.0432 	 -0.5790
1.6132 	 0.1386 	 -0.0468 	 -0.0612 	 0.0676 	 0.0098 	 0.9234 	 -0.5343 	 0.0507 	 -0.6415
1.6232 	 0.1392 	 -0.0467 	 -0.0519 	 0.0622 	 0.0104 	 0.9167 	 -0.5405 	 0.0588 	 -0.6991
1.6333 	 0.1398 	 -0.0466 	 -0.0428 	 0.0568 	 0.0110 	 0.9095 	 -0.5439 	 0.0634 	 -0.7473
1.6433 	 0.1404 	 -0.0465 	 -0.0337 	 0.0513 	 0.0116 	 0.9018 	 -0.5428 	 0.0683 	 -0.7912
1.6533 	 0.1409 	 -0.0464 	 -0.0247 	 0.0459 	 0.0124 	 0.8936 	 -0.5370 	 0.0797 	 -0.8331
1.6633 	 0.1413 	 -0.0462 	 -0.0158 	 0.0406 	 0.0132 	 0.8851 	 -0.5335 	 0.0838 	 -0.8672
1.6733 	 0.1417 	 -0.0461 	 -0.0070 	 0.0352 	 0.0140 	 0.8763 	 -0.5320 	 0.0880 	 -0.8830
1.6834 	 0.1420 	 -0.0460 	 0.0017 	 0.0299 	 0.0149 	 0.8675 	 -0.5324 	 0.0907 	 -0.8932
1.6934 	 0.1423 	 -0.0458 	 0.0104 	 0.0246 	 0.0159 	 0.8584 	 -0.5286 	 0.0968 	 -0.9122
1.7034 	 0.1425 	 -0.0456 	 0.0189 	 0.0193 	 0.0169 	 0.8491 	 -0.5282 	 0.0995 	 -0.9338
1.7134 	 0.1427 	 -0.0455 	 0.0274 	 0.0140 	 0.0179 	 0.8397 	 -0.5280 	 0.1022 	 -0.9483
1.7234 	 0.1428 	 -0.0453 	 0.0358 	 0.0087 	 0.0189 	 0.8301 	 -0.5272 	 0.1045 	 -0.9691
1.7335 	 0.1428 	 -0.0451 	 0.0440 	 0.0034 	 0.0200 	 0.8203 	 -0.5264 	 0.1065 	 -0.9839
1.7435 	 0.1428 	 -0.0449 	 0.0522 	 -0.0019 	 0.0210 	 0.8104 	 -0.5254 	 0.1079 	 -0.9983
1.7535 	 0.1428 	 -0.0447 	 0.0603 	 -0.0071 	 0.0221 	 0.8003 	 -0.5235 	 0.1093 	 -1.0198
1.7635 	 0.1427 	 -0.0444 	 0.0682 	 -0.0123 	 0.0232 	 0.7900 	 -0.5156 	 0.1108 	 -1.0369
1.7735 	 0.1425 	 -0.0442 	 0.0761 	 -0.0174 	 0.0243 	 0.7795 	 -0.5043 	 0.1085 	 -1.0572
1.7836 	 0.1423 	 -0.0439 	 0.0839 	 -0.0225 	 0.0254 	 0.7688 	 -0.4970 	 0.1080 	 -1.0778
1.7936 	 0.1421 	 -0.0437 	 0.0915 	 -0.0274 	 0.0265 	 0.7579 	 -0.4897 	 0.1067 	 -1.0759
1.8036 	 0.1418 	 -0.0434 	 0.0991 	 -0.0322 	 0.0276 	 0.7472 	 -0.4814 	 0.1129 	 -1.0663
1.8136 	 0.1414 	 -0.0431 	 0.1065 	 -0.0370 	 0.0287 	 0.7365 	 -0.4727 	 0.1116 	 -1.0672
1.8236 	 0.1411 	 -0.0428 	 0.1138 	 -0.0417 	 0.0298 	 0.7259 	 -0.4650 	 0.1101 	 -1.0587
1.8337 	 0.1406 	 -0.0425 	 0.1210 	 -0.0463 	 0.0309 	 0.7153 	 -0.4579 	 0.1085 	 -1.0482
1.8437 	 0.1401 	 -0.0422 	 0.1281 	 -0.0509 	 0.0320 	 0.7049 	 -0.4521 	 0.1068 	 -1.0435
1.8537 	 0.1396 	 -0.0419 	 0.1352 	 -0.0554 	 0.0331 	 0.6944 	 -0.4465 	 0.1052 	 -1.0392
1.8637 	 0.1390 	 -0.0416 	 0.1421 	 -0.0599 	 0.0341 	 0.6840 	 -0.4416 	 0.1033 	 -1.0347
1.8737 	 0.1384 	 -0.0412 	 0.1489 	 -0.0643 	 0.0351 	 0.6736 	 -0.4367 	 0.1016 	 -1.0382
1.8838 	 0.1377 	 -0.0409 	 0.1556 	 -0.0686 	 0.0362 	 0.6632 	 -0.4313 	 0.0997 	 -1.0434
1.8938 	 0.1370 	 -0.0405 	 0.1622 	 -0.0729 	 0.0371 	 0.6528 	 -0.4235 	 0.0944 	 -1.0440
1.9038 	 0.1363 	 -0.0401 	 0.1686 	 -0.0771 	 0.0380 	 0.6423 	 -0.4158 	 0.0919 	 -1.0504
1.9138 	 0.1355 	 -0.0397 	 0.1750 	 -0.0812 	 0.0390 	 0.6317 	 -0.4071 	 0.0895 	 -1.0569
1.9238 	 0.1346 	 -0.0393 	 0.1813 	 -0.0852 	 0.0398 	 0.6211 	 -0.3975 	 0.0871 	 -1.0631
1.9339 	 0.1338 	 -0.0389 	 0.1875 	 -0.0892 	 0.0407 	 0.6105 	 -0.3857 	 0.0871 	 -1.0640
1.9439 	 0.1329 	 -0.0385 	 0.1935 	 -0.0930 	 0.0416 	 0.5998 	 -0.3760 	 0.0842 	 -1.0701
1.9539 	 0.1319 	 -0.0381 	 0.1995 	 -0.0967 	 0.0424 	 0.5890 	 -0.3631 	 0.0793 	 -1.0701
1.9639 	 0.1309 	 -0.0377 	 0.2053 	 -0.1003 	 0.0432 	 0.5783 	 -0.3525 	 0.0761 	 -1.0680
1.9739 	 0.1299 	 -0.0372 	 0.2111 	 -0.1038 	 0.0439 	 0.5676 	 -0.3416 	 0.0728 	 -1.0582
1.9840 	 0.1288 	 -0.0368 	 0.2167 	 -0.1071 	 0.0446 	 0.5570 	 -0.3324 	 0.0698 	 -1.0656
1.9940 	 0.1277 	 -0.0363 	 0.2222 	 -0.1104 	 0.0453 	 0.5464 	 -0.3222 	 0.0665 	 -1.0591
2.0040 	 0.1266 	 -0.0359 	 0.2277 	 -0.1136 	 0.0460 	 0.5358 	 -0.3127 	 0.0631 	 -1.0586
2.0140 	 0.1255 	 -0.0354 	 0.2330 	 -0.1167 	 0.0466 	 0.5251 	 -0.3034 	 0.0598 	 -1.0582
2.0240 	 0.1243 	 -0.0349 	 0.2382 	 -0.1197 	 0.0472 	 0.5146 	 -0.2938 	 0.0564 	 -1.0516
2.0341 	 0.1231 	 -0.0345 	 0.2433 	 -0.1226 	 0.0477 	 0.5041 	 -0.2835 	 0.0521 	 -1.0433
2.0441 	 0.1218 	 -0.0340 	 0.2483 	 -0.1254 	 0.0482 	 0.4936 	 -0.2747 	 0.0487 	 -1.0414
2.0541 	 0.1206 	 -0.0335 	 0.2532 	 -0.1281 	 0.0487 	 0.4833 	 -0.2652 	 0.0450 	 -1.0324
2.0641 	 0.1193 	 -0.0330 	 0.2580 	 -0.1307 	 0.0491 	 0.4729 	 -0.2567 	 0.0417 	 -1.0302
2.0741 	 0.1179 	 -0.0325 	 0.2627 	 -0.1332 	 0.0495 	 0.4626 	 -0.2501 	 0.0384 	 -1.0343
2.0842 	 0.1166 	 -0.0320 	 0.2673 	 -0.1357 	 0.0499 	 0.4523 	 -0.2418 	 0.0353 	 -1.0321
2.0942 	 0.1152 	 -0.0315 	 0.2717 	 -0.1381 	 0.0502 	 0.4419 	 -0.2338 	 0.0325 	 -1.0302
2.1042 	 0.1138 	 -0.0310 	 0.2761 	 -0.1404 	 0.0505 	 0.4316 	 -0.2259 	 0.0297 	 -1.0286
2.1142 	 0.1124 	 -0.0305 	 0.2804 	 -0.1426 	 0.0508 	 0.4213 	 -0.2182 	 0.0272 	 -1.0274
2.1242 	 0.1110 	 -0.0300 	 0.2846 	 -0.1447 	 0.0511 	 0.4111 	 -0.2103 	 0.0259 	 -1.0197
2.1343 	 0.1095 	 -0.0295 	 0.2886 	 -0.1468 	 0.0513 	 0.4009 	 -0.2016 	 0.0240 	 -1.0112
2.1443 	 0.1080 	 -0.0290 	 0.2926 	 -0.1488 	 0.0516 	 0.3908 	 -0.1941 	 0.0225 	 -1.0095
2.1543 	 0.1065 	 -0.0284 	 0.2965 	 -0.1507 	 0.0518 	 0.3807 	 -0.1867 	 0.0212 	 -1.0083
2.1643 	 0.1050 	 -0.0279 	 0.3002 	 -0.1525 	 0.0520 	 0.3706 	 -0.1783 	 0.0201 	 -1.0010
2.1743 	 0.1035 	 -0.0274 	 0.3039 	 -0.1543 	 0.0522 	 0.3606 	 -0.1715 	 0.0207 	 -0.9939
2.1844 	 0.1019 	 -0.0269 	 0.3074 	 -0.1559 	 0.0524 	 0.3507 	 -0.1643 	 0.0204 	 -0.9933
2.1944 	 0.1004 	 -0.0264 	 0.3109 	 -0.1575 	 0.0526 	 0.3407 	 -0.1572 	 0.0205 	 -0.9938
2.2044 	 0.0988 	 -0.0258 	 0.3143 	 -0.1591 	 0.0528 	 0.3308 	 -0.1510 	 0.0215 	 -0.9889
2.2144 	 0.0972 	 -0.0253 	 0.3175 	 -0.1606 	 0.0530 	 0.3209 	 -0.1437 	 0.0216 	 -0.9913
2.2244 	 0.0955 	 -0.0248 	 0.3207 	 -0.1620 	 0.0533 	 0.3109 	 -0.1359 	 0.0212 	 -0.9950
2.2345 	 0.0939 	 -0.0242 	 0.3238 	 -0.1633 	 0.0535 	 0.3009 	 -0.1271 	 0.0202 	 -0.9931
2.2445 	 0.0923 	 -0.0237 	 0.3267 	 -0.1645 	 0.0537 	 0.2909 	 -0.1181 	 0.0179 	 -0.9970
2.2545 	 0.0906 	 -0.0232 	 0.3296 	 -0.1657 	 0.0538 	 0.2810 	 -0.1100 	 0.0156 	 -0.9936
2.2645 	 0.0890 	 -0.0226 	 0.3324 	 -0.1667 	 0.0540 	 0.2711 	 -0.1006 	 0.0105 	 -0.9887
2.2745 	 0.0873 	 -0.0221 	 0.3350 	 -0.1677 	 0.0540 	 0.2612 	 -0.0918 	 0.0069 	 -0.9824
2.2846 	 0.0856 	 -0.0215 	 0.3376 	 -0.1686 	 0.0541 	 0.2513 	 -0.0834 	 0.0027 	 -0.9812
2.2946 	 0.0839 	 -0.0210 	 0.3401 	 -0.1694 	 0.0541 	 0.2415 	 -0.0754 	 -0.0014 	 -0.9799
2.3046 	 0.0822 	 -0.0204 	 0.3424 	 -0.1701 	 0.0541 	 0.2317 	 -0.0678 	 -0.0055 	 -0.9785
2.3146 	 0.0805 	 -0.0199 	 0.3447 	 -0.1707 	 0.0540 	 0.2219 	 -0.0606 	 -0.0096 	 -0.9771
2.3246 	 0.0788 	 -0.0194 	 0.3469 	 -0.1713 	 0.0539 	 0.2121 	 -0.0537 	 -0.0137 	 -0.9757
2.3347 	 0.0771 	 -0.0188 	 0.3490 	 -0.1718 	 0.0537 	 0.2024 	 -0.0470 	 -0.0178 	 -0.9744
2.3447 	 0.0753 	 -0.0183 	 0.3509 	 -0.1722 	 0.0535 	 0.1926 	 -0.0404 	 -0.0220 	 -0.9732
2.3547 	 0.0736 	 -0.0178 	 0.3528 	 -0.1726 	 0.0533 	 0.1829 	 -0.0341 	 -0.0263 	 -0.9722
2.3647 	 0.0719 	 -0.0172 	 0.3546 	 -0.1729 	 0.0530 	 0.1731 	 -0.0279 	 -0.0292 	 -0.9646
2.3747 	 0.0701 	 -0.0167 	 0.3563 	 -0.1732 	 0.0527 	 0.1635 	 -0.0216 	 -0.0334 	 -0.9630
2.3848 	 0.0684 	 -0.0162 	 0.3579 	 -0.1733 	 0.0523 	 0.1538 	 -0.0153 	 -0.0378 	 -0.9615
2.3948 	 0.0667 	 -0.0156 	 0.3594 	 -0.1735 	 0.0519 	 0.1442 	 -0.0079 	 -0.0455 	 -0.9650
2.4048 	 0.0649 	 -0.0151 	 0.3608 	 -0.1735 	 0.0514 	 0.1345 	 -0.0015 	 -0.0499 	 -0.9634
2.4148 	 0.0632 	 -0.0146 	 0.3621 	 -0.1735 	 0.0509 	 0.1248 	 0.0017 	 -0.0528 	 -0.9669
2.4248 	 0.0615 	 -0.0141 	 0.3633 	 -0.1734 	 0.0503 	 0.1152 	 0.0089 	 -0.0576 	 -0.9654
2.4349 	 0.0597 	 -0.0136 	 0.3644 	 -0.1733 	 0.0497 	 0.1055 	 0.0160 	 -0.0625 	 -0.9574
2.4449 	 0.0580 	 -0.0131 	 0.3654 	 -0.1731 	 0.0491 	 0.0959 	 0.0239 	 -0.0679 	 -0.9551
2.4549 	 0.0563 	 -0.0126 	 0.3663 	 -0.1728 	 0.0484 	 0.0864 	 0.0276 	 -0.0771 	 -0.9541
2.4649 	 0.0545 	 -0.0121 	 0.3671 	 -0.1725 	 0.0476 	 0.0768 	 0.0374 	 -0.0831 	 -0.9516
2.4749 	 0.0528 	 -0.0117 	 0.3678 	 -0.1721 	 0.0467 	 0.0673 	 0.0488 	 -0.0894 	 -0.9422
2.4850 	 0.0511 	 -0.0112 	 0.3685 	 -0.1715 	 0.0458 	 0.0579 	 0.0604 	 -0.0964 	 -0.9374
2.4950 	 0.0494 	 -0.0108 	 0.3690 	 -0.1709 	 0.0448 	 0.0485 	 0.0724 	 -0.1035 	 -0.9314
2.5050 	 0.0477 	 -0.0103 	 0.3694 	 -0.1701 	 0.0437 	 0.0392 	 0.0844 	 -0.1103 	 -0.9239
2.5150 	 0.0460 	 -0.0099 	 0.3698 	 -0.1692 	 0.0426 	 0.0300 	 0.0958 	 -0.1163 	 -0.9155
2.5251 	 0.0443 	 -0.0095 	 0.3700 	 -0.1682 	 0.0414 	 0.0209 	 0.1062 	 -0.1214 	 -0.9068
2.5351 	 0.0426 	 -0.0091 	 0.3702 	 -0.1671 	 0.0401 	 0.0118 	 0.1156 	 -0.1257 	 -0.8985
2.5451 	 0.0409 	 -0.0087 	 0.3703 	 -0.1659 	 0.0388 	 0.0029 	 0.1244 	 -0.1295 	 -0.8907
2.5551 	 0.0393 	 -0.0083 	 0.3703 	 -0.1646 	 0.0375 	 -0.0060 	 0.1328 	 -0.1330 	 -0.8836
2.5651 	 0.0376 	 -0.0079 	 0.3702 	 -0.1632 	 0.0362 	 -0.0148 	 0.1409 	 -0.1363 	 -0.8769
2.5752 	 0.0360 	 -0.0075 	 0.3700 	 -0.1617 	 0.0348 	 -0.0236 	 0.1488 	 -0.1395 	 -0.8706
2.5852 	 0.0344 	 -0.0072 	 0.3697 	 -0.1602 	 0.0334 	 -0.0323 	 0.1575 	 -0.1431 	 -0.8700
2.5952 	 0.0328 	 -0.0069 	 0.3693 	 -0.1586 	 0.0319 	 -0.0410 	 0.1654 	 -0.1459 	 -0.8561
2.6052 	 0.0312 	 -0.0066 	 0.3689 	 -0.1569 	 0.0305 	 -0.0495 	 0.1725 	 -0.1486 	 -0.8482
2.6152 	 0.0296 	 -0.0063 	 0.3683 	 -0.1551 	 0.0290 	 -0.0580 	 0.1794 	 -0.1512 	 -0.8403
2.6253 	 0.0281 	 -0.0060 	 0.3677 	 -0.1533 	 0.0274 	 -0.0664 	 0.1860 	 -0.1537 	 -0.8326
2.6353 	 0.0266 	 -0.0057 	 0.3670 	 -0.1514 	 0.0259 	 -0.0747 	 0.1923 	 -0.1560 	 -0.8249
2.6453 	 0.0251 	 -0.0055 	 0.3662 	 -0.1495 	 0.0243 	 -0.0829 	 0.1983 	 -0.1582 	 -0.8172
2.6553 	 0.0236 	 -0.0052 	 0.3653 	 -0.1474 	 0.0227 	 -0.0911 	 0.2040 	 -0.1602 	 -0.8097
2.6653 	 0.0221 	 -0.0050 	 0.3644 	 -0.1454 	 0.0211 	 -0.0991 	 0.2094 	 -0.1620 	 -0.8023
2.6754 	 0.0207 	 -0.0048 	 0.3634 	 -0.1432 	 0.0195 	 -0.1071 	 0.2144 	 -0.1636 	 -0.7951
2.6854 	 0.0192 	 -0.0046 	 0.3622 	 -0.1411 	 0.0178 	 -0.1151 	 0.2192 	 -0.1651 	 -0.7881
2.6954 	 0.0178 	 -0.0045 	 0.3610 	 -0.1388 	 0.0161 	 -0.1229 	 0.2276 	 -0.1668 	 -0.7780
2.7054 	 0.0165 	 -0.0043 	 0.3598 	 -0.1365 	 0.0145 	 -0.1307 	 0.2316 	 -0.1677 	 -0.7700
2.7154 	 0.0151 	 -0.0042 	 0.3584 	 -0.1342 	 0.0128 	 -0.1383 	 0.2354 	 -0.1684 	 -0.7624
2.7255 	 0.0138 	 -0.0040 	 0.3570 	 -0.1318 	 0.0111 	 -0.1460 	 0.2408 	 -0.1643 	 -0.7591
2.7355 	 0.0125 	 -0.0039 	 0.3555 	 -0.1294 	 0.0095 	 -0.1535 	 0.2440 	 -0.1650 	 -0.7521
2.7455 	 0.0112 	 -0.0039 	 0.3539 	 -0.1269 	 0.0078 	 -0.1610 	 0.2471 	 -0.1655 	 -0.7454
2.7555 	 0.0099 	 -0.0038 	 0.3523 	 -0.1244 	 0.0061 	 -0.1685 	 0.2499 	 -0.1659 	 -0.7392
2.7655 	 0.0087 	 -0.0037 	 0.3506 	 -0.1219 	 0.0045 	 -0.1758 	 0.2527 	 -0.1661 	 -0.7333
2.7756 	 0.0075 	 -0.0037 	 0.3488 	 -0.1194 	 0.0028 	 -0.1832 	 0.2553 	 -0.1661 	 -0.7278
2.7856 	 0.0063 	 -0.0037 	 0.3469 	 -0.1168 	 0.0011 	 -0.1904 	 0.2578 	 -0.1660 	 -0.7227
2.7956 	 0.0051 	 -0.0037 	 0.3449 	 -0.1142 	 -0.0005 	 -0.1976 	 0.2602 	 -0.1658 	 -0.7180
2.8056 	 0.0040 	 -0.0037 	 0.3429 	 -0.1116 	 -0.0022 	 -0.2048 	 0.2626 	 -0.1655 	 -0.7137
2.8156 	 0.0029 	 -0.0037 	 0.3408 	 -0.1089 	 -0.0038 	 -0.2119 	 0.2649 	 -0.1652 	 -0.7098
2.8257 	 0.0018 	 -0.0038 	 0.3387 	 -0.1063 	 -0.0055 	 -0.2190 	 0.2672 	 -0.1647 	 -0.7062
2.8357 	 0.0008 	 -0.0038 	 0.3364 	 -0.1036 	 -0.0071 	 -0.2261 	 0.2694 	 -0.1642 	 -0.7029
2.8457 	 -0.0003 	 -0.0039 	 0.3341 	 -0.1009 	 -0.0088 	 -0.2331 	 0.2715 	 -0.1636 	 -0.7000
2.8557 	 -0.0013 	 -0.0040 	 0.3318 	 -0.0981 	 -0.0104 	 -0.2401 	 0.2736 	 -0.1629 	 -0.6973
2.8657 	 -0.0022 	 -0.0041 	 0.3293 	 -0.0954 	 -0.0120 	 -0.2471 	 0.2757 	 -0.1623 	 -0.6949
2.8758 	 -0.0032 	 -0.0042 	 0.3268 	 -0.0926 	 -0.0137 	 -0.2541 	 0.2777 	 -0.1616 	 -0.6928
2.8858 	 -0.0041 	 -0.0044 	 0.3242 	 -0.0898 	 -0.0153 	 -0.2610 	 0.2796 	 -0.1608 	 -0.6908
2.8958 	 -0.0050 	 -0.0045 	 0.3216 	 -0.0870 	 -0.0169 	 -0.2679 	 0.2814 	 -0.1601 	 -0.6892
2.9058 	 -0.0058 	 -0.0047 	 0.3189 	 -0.0842 	 -0.0185 	 -0.2748 	 0.2813 	 -0.1584 	 -0.6815
2.9158 	 -0.0067 	 -0.0049 	 0.3161 	 -0.0814 	 -0.0201 	 -0.2816 	 0.2825 	 -0.1576 	 -0.6798
2.9259 	 -0.0075 	 -0.0051 	 0.3132 	 -0.0785 	 -0.0216 	 -0.2884 	 0.2834 	 -0.1567 	 -0.6783
2.9359 	 -0.0082 	 -0.0054 	 0.3103 	 -0.0757 	 -0.0232 	 -0.2952 	 0.2841 	 -0.1559 	 -0.6771
2.9459 	 -0.0090 	 -0.0056 	 0.3073 	 -0.0728 	 -0.0248 	 -0.3020 	 0.2820 	 -0.1558 	 -0.6703
2.9559 	 -0.0097 	 -0.0058 	 0.3043 	 -0.0700 	 -0.0263 	 -0.3087 	 0.2818 	 -0.1552 	 -0.6693
2.9659 	 -0.0104 	 -0.0061 	 0.3011 	 -0.0672 	 -0.0279 	 -0.3154 	 0.2812 	 -0.1547 	 -0.6688
2.9760 	 -0.0110 	 -0.0064 	 0.2979 	 -0.0644 	 -0.0294 	 -0.3221 	 0.2803 	 -0.1543 	 -0.6689
2.9860 	 -0.0117 	 -0.0067 	 0.2947 	 -0.0616 	 -0.0310 	 -0.3288 	 0.2792 	 -0.1540 	 -0.6695
2.9960 	 -0.0123 	 -0.0070 	 0.2913 	 -0.0588 	 -0.0325 	 -0.3355 	 0.2777 	 -0.1538 	 -0.6709
3.0060 	 -0.0128 	 -0.0074 	 0.2879 	 -0.0560 	 -0.0341 	 -0.3422 	 0.2760 	 -0.1536 	 -0.6731
3.0160 	 -0.0134 	 -0.0077 	 0.2845 	 -0.0532 	 -0.0356 	 -0.3490 	 0.2742 	 -0.1536 	 -0.6760
3.0261 	 -0.0139 	 -0.0081 	 0.2810 	 -0.0505 	 -0.0371 	 -0.3558 	 0.2722 	 -0.1537 	 -0.6797
3.0361 	 -0.0144 	 -0.0085 	 0.2774 	 -0.0478 	 -0.0387 	 -0.3626 	 0.2689 	 -0.1513 	 -0.6784
3.0461 	 -0.0149 	 -0.0088 	 0.2737 	 -0.0451 	 -0.0402 	 -0.3694 	 0.2644 	 -0.1511 	 -0.6766
3.0561 	 -0.0153 	 -0.0093 	 0.2700 	 -0.0425 	 -0.0417 	 -0.3762 	 0.2612 	 -0.1517 	 -0.6871
3.0661 	 -0.0157 	 -0.0097 	 0.2661 	 -0.0399 	 -0.0432 	 -0.3831 	 0.2585 	 -0.1519 	 -0.6909
3.0762 	 -0.0161 	 -0.0101 	 0.2623 	 -0.0373 	 -0.0448 	 -0.3901 	 0.2553 	 -0.1559 	 -0.7061
3.0862 	 -0.0165 	 -0.0106 	 0.2583 	 -0.0348 	 -0.0463 	 -0.3972 	 0.2495 	 -0.1580 	 -0.7097
3.0962 	 -0.0168 	 -0.0111 	 0.2543 	 -0.0323 	 -0.0479 	 -0.4043 	 0.2468 	 -0.1579 	 -0.7132
3.1062 	 -0.0171 	 -0.0115 	 0.2502 	 -0.0298 	 -0.0495 	 -0.4115 	 0.2440 	 -0.1584 	 -0.7237
3.1162 	 -0.0174 	 -0.0120 	 0.2461 	 -0.0274 	 -0.0511 	 -0.4187 	 0.2414 	 -0.1584 	 -0.7281
3.1263 	 -0.0177 	 -0.0126 	 0.2418 	 -0.0250 	 -0.0527 	 -0.4261 	 0.2390 	 -0.1584 	 -0.7332
3.1363 	 -0.0179 	 -0.0131 	 0.2375 	 -0.0226 	 -0.0542 	 -0.4334 	 0.2344 	 -0.1568 	 -0.7385
3.1463 	 -0.0181 	 -0.0137 	 0.2332 	 -0.0203 	 -0.0558 	 -0.4408 	 0.2321 	 -0.1567 	 -0.7437
3.1563 	 -0.0183 	 -0.0142 	 0.2287 	 -0.0180 	 -0.0574 	 -0.4483 	 0.2299 	 -0.1566 	 -0.7496
3.1663 	 -0.0185 	 -0.0148 	 0.2242 	 -0.0157 	 -0.0590 	 -0.4559 	 0.2282 	 -0.1583 	 -0.7682
3.1764 	 -0.0186 	 -0.0154 	 0.2196 	 -0.0134 	 -0.0606 	 -0.4636 	 0.2263 	 -0.1601 	 -0.7856
3.1864 	 -0.0187 	 -0.0160 	 0.2149 	 -0.0112 	 -0.0621 	 -0.4716 	 0.2201 	 -0.1570 	 -0.7986
3.1964 	 -0.0188 	 -0.0166 	 0.2101 	 -0.0090 	 -0.0637 	 -0.4796 	 0.2142 	 -0.1566 	 -0.8088
3.2064 	 -0.0189 	 -0.0173 	 0.2053 	 -0.0068 	 -0.0653 	 -0.4878 	 0.2115 	 -0.1564 	 -0.8146
3.2164 	 -0.0190 	 -0.0180 	 0.2003 	 -0.0047 	 -0.0668 	 -0.4960 	 0.2092 	 -0.1575 	 -0.8270
3.2265 	 -0.0190 	 -0.0186 	 0.1953 	 -0.0026 	 -0.0684 	 -0.5043 	 0.2078 	 -0.1606 	 -0.8517
3.2365 	 -0.0190 	 -0.0193 	 0.1902 	 -0.0006 	 -0.0700 	 -0.5129 	 0.2054 	 -0.1605 	 -0.8561
3.2465 	 -0.0190 	 -0.0200 	 0.1850 	 0.0015 	 -0.0717 	 -0.5215 	 0.2036 	 -0.1617 	 -0.8671
3.2565 	 -0.0190 	 -0.0208 	 0.1798 	 0.0035 	 -0.0733 	 -0.5303 	 0.2021 	 -0.1640 	 -0.8829
3.2665 	 -0.0190 	 -0.0215 	 0.1744 	 0.0055 	 -0.0749 	 -0.5391 	 0.1998 	 -0.1643 	 -0.8858
3.2766 	 -0.0189 	 -0.0223 	 0.1690 	 0.0075 	 -0.0766 	 -0.5481 	 0.1961 	 -0.1639 	 -0.8959
3.2866 	 -0.0188 	 -0.0230 	 0.1634 	 0.0095 	 -0.0782 	 -0.5571 	 0.1941 	 -0.1646 	 -0.8998
3.2966 	 -0.0187 	 -0.0238 	 0.1578 	 0.0114 	 -0.0799 	 -0.5662 	 0.1945 	 -0.1665 	 -0.9158
3.3066 	 -0.0186 	 -0.0246 	 0.1521 	 0.0133 	 -0.0816 	 -0.5754 	 0.1894 	 -0.1670 	 -0.9178
3.3166 	 -0.0184 	 -0.0255 	 0.1463 	 0.0152 	 -0.0832 	 -0.5846 	 0.1882 	 -0.1673 	 -0.9179
3.3267 	 -0.0183 	 -0.0263 	 0.1404 	 0.0171 	 -0.0849 	 -0.5938 	 0.1887 	 -0.1683 	 -0.9244
3.3367 	 -0.0181 	 -0.0272 	 0.1344 	 0.0190 	 -0.0866 	 -0.6031 	 0.1876 	 -0.1691 	 -0.9319
3.3467 	 -0.0179 	 -0.0280 	 0.1283 	 0.0209 	 -0.0883 	 -0.6125 	 0.1891 	 -0.1685 	 -0.9346
3.3567 	 -0.0177 	 -0.0289 	 0.1221 	 0.0228 	 -0.0900 	 -0.6219 	 0.1917 	 -0.1690 	 -0.9444
3.3667 	 -0.0174 	 -0.0298 	 0.1158 	 0.0247 	 -0.0917 	 -0.6315 	 0.1961 	 -0.1710 	 -0.9606
3.3768 	 -0.0172 	 -0.0308 	 0.1094 	 0.0267 	 -0.0934 	 -0.6412 	 0.1996 	 -0.1712 	 -0.9699
3.3868 	 -0.0169 	 -0.0317 	 0.1030 	 0.0287 	 -0.0951 	 -0.6509 	 0.2024 	 -0.1719 	 -0.9866
3.3968 	 -0.0166 	 -0.0327 	 0.0964 	 0.0308 	 -0.0969 	 -0.6609 	 0.2085 	 -0.1734 	 -1.0021
3.4068 	 -0.0163 	 -0.0337 	 0.0897 	 0.0329 	 -0.0986 	 -0.6709 	 0.2110 	 -0.1727 	 -1.0049
3.4168 	 -0.0159 	 -0.0347 	 0.0830 	 0.0350 	 -0.1003 	 -0.6810 	 0.2138 	 -0.1723 	 -1.0083
3.4269 	 -0.0156 	 -0.0357 	 0.0761 	 0.0372 	 -0.1021 	 -0.6912 	 0.2176 	 -0.1733 	 -1.0173
3.4369 	 -0.0152 	 -0.0367 	 0.0691 	 0.0394 	 -0.1038 	 -0.7014 	 0.2209 	 -0.1733 	 -1.0205
3.4469 	 -0.0148 	 -0.0378 	 0.0620 	 0.0416 	 -0.1055 	 -0.7116 	 0.2247 	 -0.1738 	 -1.0240
3.4569 	 -0.0144 	 -0.0388 	 0.0548 	 0.0439 	 -0.1073 	 -0.7219 	 0.2301 	 -0.1763 	 -1.0336
3.4669 	 -0.0139 	 -0.0399 	 0.0476 	 0.0462 	 -0.1091 	 -0.7323 	 0.2367 	 -0.1789 	 -1.0421
3.4770 	 -0.0134 	 -0.0410 	 0.0402 	 0.0486 	 -0.1109 	 -0.7428 	 0.2397 	 -0.1868 	 -1.0495
3.4870 	 -0.0129 	 -0.0421 	 0.0327 	 0.0511 	 -0.1128 	 -0.7534 	 0.2469 	 -0.1900 	 -1.0554
3.4970 	 -0.0124 	 -0.0433 	 0.0251 	 0.0536 	 -0.1147 	 -0.7640 	 0.2527 	 -0.1957 	 -1.0530
3.5070 	 -0.0119 	 -0.0444 	 0.0174 	 0.0561 	 -0.1167 	 -0.7745 	 0.2581 	 -0.2022 	 -1.0458
3.5170 	 -0.0113 	 -0.0456 	 0.0095 	 0.0587 	 -0.1187 	 -0.7849 	 0.2603 	 -0.2054 	 -1.0346
3.5271 	 -0.0107 	 -0.0468 	 0.0016 	 0.0613 	 -0.1208 	 -0.7953 	 0.2580 	 -0.2034 	 -1.0387
3.5371 	 -0.0101 	 -0.0480 	 -0.0064 	 0.0639 	 -0.1228 	 -0.8057 	 0.2586 	 -0.2009 	 -1.0371
3.5471 	 -0.0094 	 -0.0493 	 -0.0145 	 0.0665 	 -0.1248 	 -0.8161 	 0.2624 	 -0.2013 	 -1.0449
3.5571 	 -0.0087 	 -0.0505 	 -0.0228 	 0.0692 	 -0.1268 	 -0.8266 	 0.2686 	 -0.1963 	 -1.0570
3.5671 	 -0.0080 	 -0.0518 	 -0.0311 	 0.0719 	 -0.1287 	 -0.8372 	 0.2737 	 -0.1961 	 -1.0593
3.5772 	 -0.0073 	 -0.0531 	 -0.0395 	 0.0747 	 -0.1307 	 -0.8479 	 0.2814 	 -0.1954 	 -1.0730
3.5872 	 -0.0065 	 -0.0544 	 -0.0481 	 0.0775 	 -0.1327 	 -0.8587 	 0.2889 	 -0.1963 	 -1.0793
3.5972 	 -0.0057 	 -0.0558 	 -0.0567 	 0.0805 	 -0.1346 	 -0.8696 	 0.2980 	 -0.1962 	 -1.0917
3.6072 	 -0.0049 	 -0.0571 	 -0.0655 	 0.0835 	 -0.1366 	 -0.8806 	 0.3059 	 -0.1977 	 -1.0921
3.6172 	 -0.0041 	 -0.0585 	 -0.0744 	 0.0866 	 -0.1386 	 -0.8916 	 0.3143 	 -0.2017 	 -1.1036
3.6273 	 -0.0032 	 -0.0599 	 -0.0834 	 0.0898 	 -0.1406 	 -0.9026 	 0.3242 	 -0.2029 	 -1.1007
3.6373 	 -0.0023 	 -0.0613 	 -0.0925 	 0.0931 	 -0.1427 	 -0.9136 	 0.3354 	 -0.2042 	 -1.0974
3.6473 	 -0.0013 	 -0.0628 	 -0.1017 	 0.0965 	 -0.1447 	 -0.9246 	 0.3465 	 -0.2049 	 -1.0995
3.6573 	 -0.0003 	 -0.0642 	 -0.1110 	 0.1000 	 -0.1468 	 -0.9356 	 0.3612 	 -0.2067 	 -1.0933
3.6673 	 0.0007 	 -0.0657 	 -0.1204 	 0.1037 	 -0.1489 	 -0.9465 	 0.3793 	 -0.2109 	 -1.0910
3.6774 	 0.0018 	 -0.0672 	 -0.1300 	 0.1076 	 -0.1510 	 -0.9574 	 0.3986 	 -0.2126 	 -1.0800
3.6874 	 0.0028 	 -0.0687 	 -0.1396 	 0.1117 	 -0.1531 	 -0.9681 	 0.4213 	 -0.2145 	 -1.0662
3.6974 	 0.0040 	 -0.0703 	 -0.1494 	 0.1161 	 -0.1553 	 -0.9787 	 0.4480 	 -0.2165 	 -1.0483
3.7074 	 0.0052 	 -0.0718 	 -0.1592 	 0.1207 	 -0.1575 	 -0.9891 	 0.4797 	 -0.2184 	 -1.0242
3.7174 	 0.0064 	 -0.0734 	 -0.1692 	 0.1257 	 -0.1597 	 -0.9993 	 0.5193 	 -0.2207 	 -0.9946
3.7275 	 0.0077 	 -0.0750 	 -0.1793 	 0.1312 	 -0.1619 	 -1.0090 	 0.5659 	 -0.2252 	 -0.9497
3.7375 	 0.0090 	 -0.0767 	 -0.1894 	 0.1371 	 -0.1641 	 -1.0183 	 0.6070 	 -0.2144 	 -0.8889
3.7475 	 0.0104 	 -0.0783 	 -0.1997 	 0.1433 	 -0.1662 	 -1.0268 	 0.6382 	 -0.1987 	 -0.8022
3.7575 	 0.0119 	 -0.0800 	 -0.2100 	 0.1497 	 -0.1681 	 -1.0343 	 0.6461 	 -0.1826 	 -0.6993
3.7675 	 0.0135 	 -0.0817 	 -0.2204 	 0.1561 	 -0.1698 	 -1.0406 	 0.6365 	 -0.1623 	 -0.5453
3.7776 	 0.0150 	 -0.0834 	 -0.2308 	 0.1626 	 -0.1713 	 -1.0454 	 0.6471 	 -0.1340 	 -0.4287
3.7876 	 0.0167 	 -0.0851 	 -0.2413 	 0.1690 	 -0.1726 	 -1.0491 	 0.6373 	 -0.1196 	 -0.3117
3.7976 	 0.0184 	 -0.0869 	 -0.2518 	 0.1753 	 -0.1737 	 -1.0517 	 0.6244 	 -0.1114 	 -0.2130
3.8076 	 0.0202 	 -0.0886 	 -0.2624 	 0.1815 	 -0.1748 	 -1.0534 	 0.6125 	 -0.1094 	 -0.1210
3.8176 	 0.0221 	 -0.0904 	 -0.2729 	 0.1876 	 -0.1759 	 -1.0542 	 0.5961 	 -0.1019 	 -0.0256
3.8277 	 0.0240 	 -0.0921 	 -0.2835 	 0.1935 	 -0.1769 	 -1.0540 	 0.5707 	 -0.0902 	 0.0673
3.8377 	 0.0259 	 -0.0939 	 -0.2941 	 0.1990 	 -0.1777 	 -1.0529 	 0.5405 	 -0.0721 	 0.1497
3.8477 	 0.0280 	 -0.0957 	 -0.3046 	 0.2043 	 -0.1783 	 -1.0510 	 0.5105 	 -0.0588 	 0.2172
3.8577 	 0.0300 	 -0.0975 	 -0.3151 	 0.2092 	 -0.1788 	 -1.0485 	 0.4779 	 -0.0469 	 0.2802
3.8677 	 0.0322 	 -0.0993 	 -0.3256 	 0.2138 	 -0.1793 	 -1.0453 	 0.4413 	 -0.0366 	 0.3535
3.8778 	 0.0343 	 -0.1011 	 -0.3361 	 0.2181 	 -0.1796 	 -1.0414 	 0.4080 	 -0.0247 	 0.4265
3.8878 	 0.0365 	 -0.1029 	 -0.3465 	 0.2220 	 -0.1798 	 -1.0368 	 0.3820 	 -0.0210 	 0.4872
3.8978 	 0.0388 	 -0.1047 	 -0.3568 	 0.2257 	 -0.1800 	 -1.0316 	 0.3493 	 -0.0135 	 0.5465
3.9078 	 0.0410 	 -0.1065 	 -0.3671 	 0.2290 	 -0.1801 	 -1.0259 	 0.3158 	 -0.0041 	 0.5983
3.9178 	 0.0434 	 -0.1083 	 -0.3774 	 0.2320 	 -0.1800 	 -1.0197 	 0.2809 	 0.0145 	 0.6426
3.9279 	 0.0457 	 -0.1101 	 -0.3876 	 0.2346 	 -0.1798 	 -1.0130 	 0.2416 	 0.0308 	 0.6900
3.9379 	 0.0481 	 -0.1119 	 -0.3977 	 0.2368 	 -0.1794 	 -1.0058 	 0.2007 	 0.0429 	 0.7461
3.9479 	 0.0504 	 -0.1137 	 -0.4077 	 0.2387 	 -0.1790 	 -0.9981 	 0.1710 	 0.0479 	 0.7955
3.9579 	 0.0528 	 -0.1155 	 -0.4177 	 0.2403 	 -0.1785 	 -0.9899 	 0.1459 	 0.0554 	 0.8315
3.9679 	 0.0552 	 -0.1173 	 -0.4276 	 0.2417 	 -0.1779 	 -0.9815 	 0.1266 	 0.0696 	 0.8487
3.9780 	 0.0577 	 -0.1190 	 -0.4374 	 0.2428 	 -0.1771 	 -0.9729 	 0.1045 	 0.0805 	 0.8698
3.9880 	 0.0601 	 -0.1208 	 -0.4471 	 0.2437 	 -0.1762 	 -0.9642 	 0.0814 	 0.0913 	 0.8773
3.9980 	 0.0626 	 -0.1226 	 -0.4567 	 0.2445 	 -0.1753 	 -0.9553 	 0.0626 	 0.0999 	 0.8944
4.0080 	 0.0650 	 -0.1243 	 -0.4662 	 0.2450 	 -0.1742 	 -0.9462 	 0.0446 	 0.1067 	 0.9115
4.0180 	 0.0675 	 -0.1261 	 -0.4756 	 0.2453 	 -0.1732 	 -0.9370 	 0.0271 	 0.1111 	 0.9290
4.0281 	 0.0699 	 -0.1278 	 -0.4850 	 0.2455 	 -0.1720 	 -0.9276 	 0.0103 	 0.1126 	 0.9468
4.0381 	 0.0724 	 -0.1295 	 -0.4942 	 0.2456 	 -0.1709 	 -0.9180 	 -0.0058 	 0.1116 	 0.9646
4.0481 	 0.0748 	 -0.1312 	 -0.5034 	 0.2454 	 -0.1698 	 -0.9083 	 -0.0213 	 0.1093 	 0.9828
4.0581 	 0.0773 	 -0.1329 	 -0.5124 	 0.2451 	 -0.1687 	 -0.8983 	 -0.0362 	 0.1073 	 1.0016
4.0681 	 0.0798 	 -0.1346 	 -0.5214 	 0.2447 	 -0.1676 	 -0.8883 	 -0.0492 	 0.1065 	 1.0144
4.0782 	 0.0822 	 -0.1363 	 -0.5302 	 0.2441 	 -0.1666 	 -0.8780 	 -0.0634 	 0.1088 	 1.0325
4.0882 	 0.0847 	 -0.1379 	 -0.5390 	 0.2434 	 -0.1655 	 -0.8676 	 -0.0778 	 0.1127 	 1.0493
4.0982 	 0.0871 	 -0.1396 	 -0.5476 	 0.2426 	 -0.1643 	 -0.8570 	 -0.0943 	 0.1176 	 1.0650
4.1082 	 0.0895 	 -0.1412 	 -0.5561 	 0.2416 	 -0.1631 	 -0.8462 	 -0.1106 	 0.1245 	 1.0734
4.1182 	 0.0919 	 -0.1428 	 -0.5646 	 0.2404 	 -0.1618 	 -0.8355 	 -0.1277 	 0.1348 	 1.0780
4.1283 	 0.0943 	 -0.1445 	 -0.5729 	 0.2390 	 -0.1604 	 -0.8246 	 -0.1340 	 0.1530 	 1.0977
4.1383 	 0.0967 	 -0.1461 	 -0.5811 	 0.2377 	 -0.1588 	 -0.8135 	 -0.1347 	 0.1570 	 1.1008
4.1483 	 0.0991 	 -0.1476 	 -0.5892 	 0.2363 	 -0.1572 	 -0.8025 	 -0.1379 	 0.1602 	 1.1048
4.1583 	 0.1014 	 -0.1492 	 -0.5972 	 0.2349 	 -0.1556 	 -0.7914 	 -0.1437 	 0.1618 	 1.0992
4.1683 	 0.1038 	 -0.1508 	 -0.6051 	 0.2334 	 -0.1540 	 -0.7804 	 -0.1510 	 0.1633 	 1.0988
4.1784 	 0.1061 	 -0.1523 	 -0.6128 	 0.2319 	 -0.1523 	 -0.7695 	 -0.1565 	 0.1588 	 1.0806
4.1884 	 0.1084 	 -0.1538 	 -0.6205 	 0.2303 	 -0.1508 	 -0.7586 	 -0.1642 	 0.1584 	 1.0786
4.1984 	 0.1107 	 -0.1553 	 -0.6280 	 0.2286 	 -0.1492 	 -0.7478 	 -0.1723 	 0.1580 	 1.0783
4.2084 	 0.1130 	 -0.1568 	 -0.6355 	 0.2268 	 -0.1476 	 -0.7371 	 -0.1791 	 0.1547 	 1.0670
4.2184 	 0.1153 	 -0.1583 	 -0.6428 	 0.2250 	 -0.1461 	 -0.7265 	 -0.1850 	 0.1510 	 1.0481
4.2285 	 0.1175 	 -0.1597 	 -0.6500 	 0.2231 	 -0.1446 	 -0.7160 	 -0.1919 	 0.1501 	 1.0419
4.2385 	 0.1198 	 -0.1612 	 -0.6571 	 0.2211 	 -0.1430 	 -0.7056 	 -0.1987 	 0.1509 	 1.0356
4.2485 	 0.1220 	 -0.1626 	 -0.6642 	 0.2191 	 -0.1415 	 -0.6952 	 -0.2062 	 0.1535 	 1.0347
4.2585 	 0.1241 	 -0.1640 	 -0.6711 	 0.2170 	 -0.1400 	 -0.6849 	 -0.2133 	 0.1567 	 1.0338
4.2685 	 0.1263 	 -0.1654 	 -0.6779 	 0.2148 	 -0.1384 	 -0.6745 	 -0.2196 	 0.1601 	 1.0329
4.2786 	 0.1285 	 -0.1668 	 -0.6846 	 0.2126 	 -0.1368 	 -0.6642 	 -0.2240 	 0.1591 	 1.0201
4.2886 	 0.1306 	 -0.1681 	 -0.6912 	 0.2103 	 -0.1352 	 -0.6541 	 -0.2286 	 0.1590 	 1.0118
4.2986 	 0.1327 	 -0.1695 	 -0.6977 	 0.2080 	 -0.1336 	 -0.6439 	 -0.2329 	 0.1607 	 1.0091
4.3086 	 0.1347 	 -0.1708 	 -0.7041 	 0.2057 	 -0.1320 	 -0.6339 	 -0.2362 	 0.1604 	 0.9997
4.3186 	 0.1368 	 -0.1721 	 -0.7104 	 0.2033 	 -0.1304 	 -0.6239 	 -0.2396 	 0.1614 	 0.9967
4.3287 	 0.1388 	 -0.1734 	 -0.7166 	 0.2009 	 -0.1288 	 -0.6139 	 -0.2417 	 0.1610 	 0.9875
4.3387 	 0.1408 	 -0.1747 	 -0.7227 	 0.1985 	 -0.1271 	 -0.6040 	 -0.2445 	 0.1616 	 0.9844
4.3487 	 0.1428 	 -0.1760 	 -0.7287 	 0.1960 	 -0.1255 	 -0.5943 	 -0.2461 	 0.1611 	 0.9745
4.3587 	 0.1447 	 -0.1772 	 -0.7346 	 0.1935 	 -0.1239 	 -0.5846 	 -0.2469 	 0.1596 	 0.9570
4.3687 	 0.1467 	 -0.1785 	 -0.7404 	 0.1910 	 -0.1223 	 -0.5751 	 -0.2489 	 0.1595 	 0.9517
4.3788 	 0.1486 	 -0.1797 	 -0.7461 	 0.1885 	 -0.1207 	 -0.5655 	 -0.2508 	 0.1593 	 0.9469
4.3888 	 0.1504 	 -0.1809 	 -0.7518 	 0.1860 	 -0.1191 	 -0.5561 	 -0.2526 	 0.1592 	 0.9425
4.3988 	 0.1523 	 -0.1821 	 -0.7573 	 0.1835 	 -0.1175 	 -0.5467 	 -0.2554 	 0.1555 	 0.9322
4.4088 	 0.1541 	 -0.1832 	 -0.7627 	 0.1809 	 -0.1160 	 -0.5374 	 -0.2554 	 0.1534 	 0.9137
4.4188 	 0.1559 	 -0.1844 	 -0.7681 	 0.1783 	 -0.1145 	 -0.5283 	 -0.2570 	 0.1523 	 0.9060
4.4289 	 0.1577 	 -0.1855 	 -0.7733 	 0.1758 	 -0.1129 	 -0.5192 	 -0.2587 	 0.1513 	 0.8989
4.4389 	 0.1594 	 -0.1867 	 -0.7785 	 0.1732 	 -0.1114 	 -0.5102 	 -0.2605 	 0.1504 	 0.8925
4.4489 	 0.1612 	 -0.1878 	 -0.7835 	 0.1705 	 -0.1099 	 -0.5013 	 -0.2624 	 0.1496 	 0.8866
4.4589 	 0.1629 	 -0.1889 	 -0.7885 	 0.1679 	 -0.1084 	 -0.4925 	 -0.2642 	 0.1489 	 0.8813
4.4689 	 0.1645 	 -0.1899 	 -0.7934 	 0.1653 	 -0.1070 	 -0.4838 	 -0.2605 	 0.1420 	 0.8370
4.4790 	 0.1662 	 -0.1910 	 -0.7982 	 0.1627 	 -0.1055 	 -0.4755 	 -0.2618 	 0.1409 	 0.8290
4.4890 	 0.1678 	 -0.1921 	 -0.8029 	 0.1600 	 -0.1042 	 -0.4673 	 -0.2610 	 0.1379 	 0.8085
4.4990 	 0.1694 	 -0.1931 	 -0.8076 	 0.1574 	 -0.1028 	 -0.4592 	 -0.2603 	 0.1350 	 0.7875
4.5090 	 0.1709 	 -0.1941 	 -0.8121 	 0.1548 	 -0.1014 	 -0.4514 	 -0.2613 	 0.1338 	 0.7789
4.5190 	 0.1725 	 -0.1951 	 -0.8166 	 0.1522 	 -0.1001 	 -0.4436 	 -0.2605 	 0.1308 	 0.7582
4.5291 	 0.1740 	 -0.1961 	 -0.8210 	 0.1496 	 -0.0988 	 -0.4361 	 -0.2615 	 0.1297 	 0.7498
4.5391 	 0.1755 	 -0.1971 	 -0.8254 	 0.1469 	 -0.0975 	 -0.4286 	 -0.2625 	 0.1286 	 0.7420
4.5491 	 0.1769 	 -0.1981 	 -0.8296 	 0.1443 	 -0.0962 	 -0.4212 	 -0.2636 	 0.1276 	 0.7348
4.5591 	 0.1784 	 -0.1990 	 -0.8338 	 0.1417 	 -0.0949 	 -0.4139 	 -0.2648 	 0.1267 	 0.7280
4.5691 	 0.1798 	 -0.2000 	 -0.8379 	 0.1390 	 -0.0937 	 -0.4066 	 -0.2661 	 0.1258 	 0.7217
4.5792 	 0.1812 	 -0.2009 	 -0.8419 	 0.1363 	 -0.0924 	 -0.3994 	 -0.2661 	 0.1244 	 0.7092
4.5892 	 0.1825 	 -0.2018 	 -0.8459 	 0.1337 	 -0.0912 	 -0.3924 	 -0.2672 	 0.1235 	 0.7024
4.5992 	 0.1838 	 -0.2027 	 -0.8498 	 0.1310 	 -0.0899 	 -0.3853 	 -0.2684 	 0.1226 	 0.6962
4.6092 	 0.1851 	 -0.2036 	 -0.8536 	 0.1283 	 -0.0887 	 -0.3784 	 -0.2688 	 0.1208 	 0.6841
4.6192 	 0.1864 	 -0.2045 	 -0.8574 	 0.1256 	 -0.0875 	 -0.3716 	 -0.2739 	 0.1152 	 0.6768
4.6293 	 0.1877 	 -0.2054 	 -0.8611 	 0.1228 	 -0.0864 	 -0.3648 	 -0.2747 	 0.1150 	 0.6717
4.6393 	 0.1889 	 -0.2062 	 -0.8647 	 0.1201 	 -0.0852 	 -0.3581 	 -0.2756 	 0.1147 	 0.6670
4.6493 	 0.1901 	 -0.2071 	 -0.8683 	 0.1173 	 -0.0841 	 -0.3515 	 -0.2765 	 0.1145 	 0.6626
4.6593 	 0.1912 	 -0.2079 	 -0.8717 	 0.1145 	 -0.0829 	 -0.3448 	 -0.2775 	 0.1144 	 0.6586
4.6693 	 0.1924 	 -0.2088 	 -0.8752 	 0.1117 	 -0.0818 	 -0.3383 	 -0.2784 	 0.1143 	 0.6550
4.6794 	 0.1935 	 -0.2096 	 -0.8785 	 0.1089 	 -0.0806 	 -0.3317 	 -0.2794 	 0.1143 	 0.6517
4.6894 	 0.1945 	 -0.2104 	 -0.8818 	 0.1062 	 -0.0795 	 -0.3252 	 -0.2748 	 0.1120 	 0.6446
4.6994 	 0.1956 	 -0.2112 	 -0.8850 	 0.1034 	 -0.0784 	 -0.3188 	 -0.2751 	 0.1118 	 0.6413
4.7094 	 0.1966 	 -0.2119 	 -0.8882 	 0.1007 	 -0.0773 	 -0.3124 	 -0.2755 	 0.1117 	 0.6383
4.7194 	 0.1976 	 -0.2127 	 -0.8913 	 0.0979 	 -0.0761 	 -0.3060 	 -0.2756 	 0.1115 	 0.6291
4.7295 	 0.1986 	 -0.2135 	 -0.8943 	 0.0951 	 -0.0750 	 -0.2997 	 -0.2759 	 0.1116 	 0.6262
4.7395 	 0.1995 	 -0.2142 	 -0.8973 	 0.0924 	 -0.0739 	 -0.2935 	 -0.2757 	 0.1135 	 0.6176
4.7495 	 0.2004 	 -0.2150 	 -0.9002 	 0.0897 	 -0.0728 	 -0.2873 	 -0.2712 	 0.1158 	 0.6117
4.7595 	 0.2013 	 -0.2157 	 -0.9031 	 0.0869 	 -0.0716 	 -0.2812 	 -0.2711 	 0.1161 	 0.6098
4.7695 	 0.2022 	 -0.2164 	 -0.9059 	 0.0842 	 -0.0704 	 -0.2751 	 -0.2710 	 0.1165 	 0.6081
4.7796 	 0.2030 	 -0.2171 	 -0.9086 	 0.0815 	 -0.0693 	 -0.2690 	 -0.2760 	 0.1150 	 0.6091
4.7896 	 0.2038 	 -0.2178 	 -0.9112 	 0.0787 	 -0.0681 	 -0.2629 	 -0.2755 	 0.1157 	 0.6078
4.7996 	 0.2046 	 -0.2185 	 -0.9139 	 0.0759 	 -0.0670 	 -0.2568 	 -0.2750 	 0.1166 	 0.6066
4.8096 	 0.2053 	 -0.2191 	 -0.9164 	 0.0732 	 -0.0658 	 -0.2507 	 -0.2744 	 0.1175 	 0.6057
4.8196 	 0.2060 	 -0.2198 	 -0.9189 	 0.0704 	 -0.0646 	 -0.2447 	 -0.2738 	 0.1186 	 0.6049
4.8297 	 0.2067 	 -0.2204 	 -0.9213 	 0.0677 	 -0.0634 	 -0.2386 	 -0.2731 	 0.1197 	 0.6044
4.8397 	 0.2074 	 -0.2210 	 -0.9237 	 0.0650 	 -0.0622 	 -0.2326 	 -0.2723 	 0.1210 	 0.6040
4.8497 	 0.2080 	 -0.2217 	 -0.9260 	 0.0622 	 -0.0610 	 -0.2265 	 -0.2714 	 0.1223 	 0.6037
4.8597 	 0.2086 	 -0.2223 	 -0.9282 	 0.0595 	 -0.0597 	 -0.2205 	 -0.2704 	 0.1237 	 0.6036
4.8697 	 0.2092 	 -0.2229 	 -0.9304 	 0.0568 	 -0.0585 	 -0.2144 	 -0.2694 	 0.1253 	 0.6037
4.8798 	 0.2098 	 -0.2234 	 -0.9325 	 0.0542 	 -0.0573 	 -0.2084 	 -0.2656 	 0.1221 	 0.5996
4.8898 	 0.2103 	 -0.2240 	 -0.9346 	 0.0515 	 -0.0560 	 -0.2024 	 -0.2642 	 0.1234 	 0.5995
4.8998 	 0.2108 	 -0.2246 	 -0.9366 	 0.0489 	 -0.0548 	 -0.1964 	 -0.2626 	 0.1248 	 0.5995
4.9098 	 0.2113 	 -0.2251 	 -0.9385 	 0.0462 	 -0.0535 	 -0.1904 	 -0.2547 	 0.1258 	 0.5985
4.9198 	 0.2117 	 -0.2256 	 -0.9404 	 0.0437 	 -0.0523 	 -0.1844 	 -0.2527 	 0.1274 	 0.5987
4.9299 	 0.2122 	 -0.2261 	 -0.9422 	 0.0412 	 -0.0510 	 -0.1784 	 -0.2515 	 0.1278 	 0.5928
4.9399 	 0.2126 	 -0.2267 	 -0.9439 	 0.0387 	 -0.0497 	 -0.1725 	 -0.2494 	 0.1297 	 0.5934
4.9499 	 0.2129 	 -0.2271 	 -0.9456 	 0.0362 	 -0.0484 	 -0.1665 	 -0.2472 	 0.1317 	 0.5941
4.9599 	 0.2133 	 -0.2276 	 -0.9473 	 0.0337 	 -0.0471 	 -0.1605 	 -0.2450 	 0.1338 	 0.5949
4.9699 	 0.2136 	 -0.2281 	 -0.9489 	 0.0313 	 -0.0457 	 -0.1546 	 -0.2427 	 0.1359 	 0.5959
4.9800 	 0.2139 	 -0.2285 	 -0.9504 	 0.0289 	 -0.0443 	 -0.1486 	 -0.2404 	 0.1382 	 0.5969
4.9900 	 0.2142 	 -0.2290 	 -0.9518 	 0.0265 	 -0.0429 	 -0.1426 	 -0.2380 	 0.1406 	 0.5980
