100-Body Run with i = 28 th particle. (Units in pc,M_solar,Myr, km s-1) 

time		 x 		 y 		 z 		 xdot 		 ydot 		 zdot 		 xddot 		 yddot 		 zddot
0.0000 	 1.3742 	 0.6070 	 -1.7559 	 0.0115 	 0.0016 	 0.0187 	 -0.0666 	 -0.0439 	 0.0755
0.0100 	 1.3743 	 0.6070 	 -1.7557 	 0.0109 	 0.0012 	 0.0195 	 -0.0666 	 -0.0439 	 0.0755
0.0200 	 1.3744 	 0.6070 	 -1.7555 	 0.0102 	 0.0008 	 0.0202 	 -0.0666 	 -0.0439 	 0.0755
0.0301 	 1.3745 	 0.6070 	 -1.7553 	 0.0095 	 0.0003 	 0.0210 	 -0.0667 	 -0.0439 	 0.0755
0.0401 	 1.3746 	 0.6070 	 -1.7551 	 0.0089 	 -0.0001 	 0.0217 	 -0.0667 	 -0.0439 	 0.0755
0.0501 	 1.3747 	 0.6070 	 -1.7549 	 0.0082 	 -0.0006 	 0.0225 	 -0.0667 	 -0.0439 	 0.0754
0.0601 	 1.3748 	 0.6070 	 -1.7547 	 0.0075 	 -0.0010 	 0.0232 	 -0.0667 	 -0.0439 	 0.0754
0.0701 	 1.3749 	 0.6070 	 -1.7544 	 0.0069 	 -0.0014 	 0.0240 	 -0.0668 	 -0.0439 	 0.0754
0.0802 	 1.3749 	 0.6069 	 -1.7542 	 0.0062 	 -0.0019 	 0.0247 	 -0.0668 	 -0.0439 	 0.0754
0.0902 	 1.3750 	 0.6069 	 -1.7539 	 0.0055 	 -0.0023 	 0.0255 	 -0.0668 	 -0.0439 	 0.0754
0.1002 	 1.3750 	 0.6069 	 -1.7537 	 0.0049 	 -0.0028 	 0.0263 	 -0.0668 	 -0.0439 	 0.0754
0.1102 	 1.3751 	 0.6069 	 -1.7534 	 0.0042 	 -0.0032 	 0.0270 	 -0.0668 	 -0.0440 	 0.0754
0.1202 	 1.3751 	 0.6068 	 -1.7531 	 0.0035 	 -0.0036 	 0.0278 	 -0.0669 	 -0.0440 	 0.0754
0.1303 	 1.3752 	 0.6068 	 -1.7528 	 0.0029 	 -0.0041 	 0.0285 	 -0.0669 	 -0.0440 	 0.0754
0.1403 	 1.3752 	 0.6068 	 -1.7526 	 0.0022 	 -0.0045 	 0.0293 	 -0.0669 	 -0.0440 	 0.0754
0.1503 	 1.3752 	 0.6067 	 -1.7523 	 0.0015 	 -0.0050 	 0.0300 	 -0.0670 	 -0.0440 	 0.0754
0.1603 	 1.3752 	 0.6067 	 -1.7519 	 0.0008 	 -0.0054 	 0.0308 	 -0.0670 	 -0.0440 	 0.0754
0.1703 	 1.3752 	 0.6066 	 -1.7516 	 0.0002 	 -0.0059 	 0.0316 	 -0.0670 	 -0.0440 	 0.0754
0.1804 	 1.3752 	 0.6065 	 -1.7513 	 -0.0005 	 -0.0063 	 0.0323 	 -0.0670 	 -0.0440 	 0.0755
0.1904 	 1.3752 	 0.6065 	 -1.7510 	 -0.0012 	 -0.0067 	 0.0331 	 -0.0671 	 -0.0440 	 0.0755
0.2004 	 1.3752 	 0.6064 	 -1.7507 	 -0.0018 	 -0.0072 	 0.0338 	 -0.0671 	 -0.0440 	 0.0755
0.2104 	 1.3752 	 0.6063 	 -1.7503 	 -0.0025 	 -0.0076 	 0.0346 	 -0.0671 	 -0.0440 	 0.0755
0.2204 	 1.3751 	 0.6063 	 -1.7500 	 -0.0032 	 -0.0081 	 0.0353 	 -0.0672 	 -0.0441 	 0.0755
0.2305 	 1.3751 	 0.6062 	 -1.7496 	 -0.0039 	 -0.0085 	 0.0361 	 -0.0672 	 -0.0441 	 0.0755
0.2405 	 1.3751 	 0.6061 	 -1.7492 	 -0.0045 	 -0.0089 	 0.0368 	 -0.0672 	 -0.0441 	 0.0755
0.2505 	 1.3750 	 0.6060 	 -1.7489 	 -0.0052 	 -0.0094 	 0.0376 	 -0.0673 	 -0.0441 	 0.0755
0.2605 	 1.3750 	 0.6059 	 -1.7485 	 -0.0059 	 -0.0098 	 0.0384 	 -0.0673 	 -0.0441 	 0.0755
0.2705 	 1.3749 	 0.6058 	 -1.7481 	 -0.0066 	 -0.0103 	 0.0391 	 -0.0673 	 -0.0441 	 0.0755
0.2806 	 1.3748 	 0.6057 	 -1.7477 	 -0.0072 	 -0.0107 	 0.0399 	 -0.0674 	 -0.0441 	 0.0755
0.2906 	 1.3748 	 0.6056 	 -1.7473 	 -0.0079 	 -0.0111 	 0.0406 	 -0.0674 	 -0.0441 	 0.0756
0.3006 	 1.3747 	 0.6055 	 -1.7469 	 -0.0086 	 -0.0116 	 0.0414 	 -0.0674 	 -0.0441 	 0.0756
0.3106 	 1.3746 	 0.6053 	 -1.7465 	 -0.0093 	 -0.0120 	 0.0421 	 -0.0675 	 -0.0441 	 0.0756
0.3206 	 1.3745 	 0.6052 	 -1.7460 	 -0.0099 	 -0.0125 	 0.0429 	 -0.0675 	 -0.0441 	 0.0756
0.3307 	 1.3744 	 0.6051 	 -1.7456 	 -0.0106 	 -0.0129 	 0.0437 	 -0.0675 	 -0.0442 	 0.0756
0.3407 	 1.3743 	 0.6050 	 -1.7452 	 -0.0113 	 -0.0134 	 0.0444 	 -0.0676 	 -0.0442 	 0.0756
0.3507 	 1.3742 	 0.6048 	 -1.7447 	 -0.0120 	 -0.0138 	 0.0452 	 -0.0676 	 -0.0442 	 0.0757
0.3607 	 1.3740 	 0.6047 	 -1.7443 	 -0.0126 	 -0.0142 	 0.0459 	 -0.0677 	 -0.0442 	 0.0757
0.3707 	 1.3739 	 0.6045 	 -1.7438 	 -0.0133 	 -0.0147 	 0.0467 	 -0.0677 	 -0.0442 	 0.0757
0.3808 	 1.3738 	 0.6044 	 -1.7433 	 -0.0140 	 -0.0151 	 0.0474 	 -0.0678 	 -0.0442 	 0.0757
0.3908 	 1.3736 	 0.6042 	 -1.7428 	 -0.0147 	 -0.0156 	 0.0482 	 -0.0678 	 -0.0442 	 0.0758
0.4008 	 1.3735 	 0.6041 	 -1.7424 	 -0.0154 	 -0.0160 	 0.0490 	 -0.0678 	 -0.0442 	 0.0758
0.4108 	 1.3733 	 0.6039 	 -1.7419 	 -0.0160 	 -0.0165 	 0.0497 	 -0.0679 	 -0.0442 	 0.0758
0.4208 	 1.3731 	 0.6038 	 -1.7414 	 -0.0167 	 -0.0169 	 0.0505 	 -0.0679 	 -0.0442 	 0.0758
0.4309 	 1.3730 	 0.6036 	 -1.7409 	 -0.0174 	 -0.0173 	 0.0512 	 -0.0680 	 -0.0442 	 0.0759
0.4409 	 1.3728 	 0.6034 	 -1.7403 	 -0.0181 	 -0.0178 	 0.0520 	 -0.0680 	 -0.0443 	 0.0759
0.4509 	 1.3726 	 0.6032 	 -1.7398 	 -0.0188 	 -0.0182 	 0.0528 	 -0.0681 	 -0.0443 	 0.0759
0.4609 	 1.3724 	 0.6030 	 -1.7393 	 -0.0195 	 -0.0187 	 0.0535 	 -0.0681 	 -0.0443 	 0.0759
0.4709 	 1.3722 	 0.6028 	 -1.7387 	 -0.0201 	 -0.0191 	 0.0543 	 -0.0682 	 -0.0443 	 0.0760
0.4810 	 1.3720 	 0.6027 	 -1.7382 	 -0.0208 	 -0.0196 	 0.0551 	 -0.0682 	 -0.0443 	 0.0760
0.4910 	 1.3718 	 0.6025 	 -1.7376 	 -0.0215 	 -0.0200 	 0.0558 	 -0.0683 	 -0.0443 	 0.0760
0.5010 	 1.3716 	 0.6023 	 -1.7371 	 -0.0222 	 -0.0205 	 0.0566 	 -0.0683 	 -0.0443 	 0.0761
0.5110 	 1.3714 	 0.6020 	 -1.7365 	 -0.0229 	 -0.0209 	 0.0573 	 -0.0684 	 -0.0443 	 0.0761
0.5210 	 1.3711 	 0.6018 	 -1.7359 	 -0.0236 	 -0.0213 	 0.0581 	 -0.0684 	 -0.0443 	 0.0761
0.5311 	 1.3709 	 0.6016 	 -1.7353 	 -0.0242 	 -0.0218 	 0.0589 	 -0.0685 	 -0.0443 	 0.0762
0.5411 	 1.3706 	 0.6014 	 -1.7347 	 -0.0249 	 -0.0222 	 0.0596 	 -0.0685 	 -0.0444 	 0.0762
0.5511 	 1.3704 	 0.6012 	 -1.7341 	 -0.0256 	 -0.0227 	 0.0604 	 -0.0686 	 -0.0444 	 0.0762
0.5611 	 1.3701 	 0.6009 	 -1.7335 	 -0.0263 	 -0.0231 	 0.0612 	 -0.0686 	 -0.0444 	 0.0763
0.5711 	 1.3699 	 0.6007 	 -1.7329 	 -0.0270 	 -0.0236 	 0.0619 	 -0.0687 	 -0.0444 	 0.0763
0.5812 	 1.3696 	 0.6005 	 -1.7323 	 -0.0277 	 -0.0240 	 0.0627 	 -0.0687 	 -0.0444 	 0.0763
0.5912 	 1.3693 	 0.6002 	 -1.7317 	 -0.0284 	 -0.0245 	 0.0634 	 -0.0688 	 -0.0444 	 0.0764
0.6012 	 1.3690 	 0.6000 	 -1.7310 	 -0.0291 	 -0.0249 	 0.0642 	 -0.0688 	 -0.0444 	 0.0764
0.6112 	 1.3687 	 0.5997 	 -1.7304 	 -0.0297 	 -0.0253 	 0.0650 	 -0.0689 	 -0.0444 	 0.0765
0.6212 	 1.3684 	 0.5995 	 -1.7297 	 -0.0304 	 -0.0258 	 0.0657 	 -0.0689 	 -0.0444 	 0.0765
0.6313 	 1.3681 	 0.5992 	 -1.7291 	 -0.0311 	 -0.0262 	 0.0665 	 -0.0690 	 -0.0444 	 0.0766
0.6413 	 1.3678 	 0.5989 	 -1.7284 	 -0.0318 	 -0.0267 	 0.0673 	 -0.0691 	 -0.0445 	 0.0766
0.6513 	 1.3675 	 0.5987 	 -1.7277 	 -0.0325 	 -0.0271 	 0.0680 	 -0.0691 	 -0.0445 	 0.0766
0.6613 	 1.3671 	 0.5984 	 -1.7270 	 -0.0332 	 -0.0276 	 0.0688 	 -0.0692 	 -0.0445 	 0.0767
0.6713 	 1.3668 	 0.5981 	 -1.7263 	 -0.0339 	 -0.0280 	 0.0696 	 -0.0692 	 -0.0445 	 0.0767
0.6814 	 1.3665 	 0.5978 	 -1.7256 	 -0.0346 	 -0.0285 	 0.0704 	 -0.0693 	 -0.0445 	 0.0768
0.6914 	 1.3661 	 0.5976 	 -1.7249 	 -0.0353 	 -0.0289 	 0.0711 	 -0.0694 	 -0.0445 	 0.0768
0.7014 	 1.3658 	 0.5973 	 -1.7242 	 -0.0360 	 -0.0294 	 0.0719 	 -0.0694 	 -0.0445 	 0.0769
0.7114 	 1.3654 	 0.5970 	 -1.7235 	 -0.0367 	 -0.0298 	 0.0727 	 -0.0695 	 -0.0445 	 0.0769
0.7214 	 1.3650 	 0.5967 	 -1.7227 	 -0.0374 	 -0.0302 	 0.0734 	 -0.0696 	 -0.0445 	 0.0770
0.7315 	 1.3646 	 0.5964 	 -1.7220 	 -0.0381 	 -0.0307 	 0.0742 	 -0.0696 	 -0.0445 	 0.0770
0.7415 	 1.3643 	 0.5961 	 -1.7213 	 -0.0388 	 -0.0311 	 0.0750 	 -0.0697 	 -0.0445 	 0.0771
0.7515 	 1.3639 	 0.5957 	 -1.7205 	 -0.0395 	 -0.0316 	 0.0758 	 -0.0698 	 -0.0446 	 0.0771
0.7615 	 1.3635 	 0.5954 	 -1.7197 	 -0.0402 	 -0.0320 	 0.0765 	 -0.0698 	 -0.0446 	 0.0772
0.7715 	 1.3631 	 0.5951 	 -1.7190 	 -0.0409 	 -0.0325 	 0.0773 	 -0.0699 	 -0.0446 	 0.0772
0.7816 	 1.3627 	 0.5948 	 -1.7182 	 -0.0416 	 -0.0329 	 0.0781 	 -0.0700 	 -0.0446 	 0.0773
0.7916 	 1.3622 	 0.5944 	 -1.7174 	 -0.0423 	 -0.0334 	 0.0788 	 -0.0700 	 -0.0446 	 0.0774
0.8016 	 1.3618 	 0.5941 	 -1.7166 	 -0.0430 	 -0.0338 	 0.0796 	 -0.0701 	 -0.0446 	 0.0774
0.8116 	 1.3614 	 0.5938 	 -1.7158 	 -0.0437 	 -0.0343 	 0.0804 	 -0.0702 	 -0.0446 	 0.0775
0.8216 	 1.3609 	 0.5934 	 -1.7150 	 -0.0444 	 -0.0347 	 0.0812 	 -0.0702 	 -0.0446 	 0.0775
0.8317 	 1.3605 	 0.5931 	 -1.7142 	 -0.0451 	 -0.0352 	 0.0820 	 -0.0703 	 -0.0446 	 0.0776
0.8417 	 1.3600 	 0.5927 	 -1.7134 	 -0.0458 	 -0.0356 	 0.0827 	 -0.0704 	 -0.0446 	 0.0777
0.8517 	 1.3596 	 0.5923 	 -1.7125 	 -0.0465 	 -0.0361 	 0.0835 	 -0.0705 	 -0.0447 	 0.0777
0.8617 	 1.3591 	 0.5920 	 -1.7117 	 -0.0472 	 -0.0365 	 0.0843 	 -0.0705 	 -0.0447 	 0.0778
0.8717 	 1.3586 	 0.5916 	 -1.7108 	 -0.0479 	 -0.0369 	 0.0851 	 -0.0706 	 -0.0447 	 0.0779
0.8818 	 1.3581 	 0.5912 	 -1.7100 	 -0.0486 	 -0.0374 	 0.0858 	 -0.0707 	 -0.0447 	 0.0779
0.8918 	 1.3576 	 0.5909 	 -1.7091 	 -0.0493 	 -0.0378 	 0.0866 	 -0.0708 	 -0.0447 	 0.0780
0.9018 	 1.3571 	 0.5905 	 -1.7082 	 -0.0500 	 -0.0383 	 0.0874 	 -0.0708 	 -0.0447 	 0.0781
0.9118 	 1.3566 	 0.5901 	 -1.7074 	 -0.0507 	 -0.0387 	 0.0882 	 -0.0709 	 -0.0447 	 0.0781
0.9218 	 1.3561 	 0.5897 	 -1.7065 	 -0.0515 	 -0.0392 	 0.0890 	 -0.0710 	 -0.0447 	 0.0782
0.9319 	 1.3556 	 0.5893 	 -1.7056 	 -0.0522 	 -0.0396 	 0.0898 	 -0.0711 	 -0.0447 	 0.0783
0.9419 	 1.3551 	 0.5889 	 -1.7047 	 -0.0529 	 -0.0401 	 0.0905 	 -0.0712 	 -0.0448 	 0.0783
0.9519 	 1.3546 	 0.5885 	 -1.7038 	 -0.0536 	 -0.0405 	 0.0913 	 -0.0712 	 -0.0448 	 0.0784
0.9619 	 1.3540 	 0.5881 	 -1.7028 	 -0.0543 	 -0.0410 	 0.0921 	 -0.0713 	 -0.0448 	 0.0785
0.9719 	 1.3535 	 0.5877 	 -1.7019 	 -0.0550 	 -0.0414 	 0.0929 	 -0.0714 	 -0.0448 	 0.0786
0.9820 	 1.3529 	 0.5873 	 -1.7010 	 -0.0557 	 -0.0419 	 0.0937 	 -0.0715 	 -0.0448 	 0.0786
0.9920 	 1.3523 	 0.5869 	 -1.7000 	 -0.0565 	 -0.0423 	 0.0945 	 -0.0716 	 -0.0448 	 0.0787
1.0020 	 1.3518 	 0.5864 	 -1.6991 	 -0.0572 	 -0.0428 	 0.0953 	 -0.0717 	 -0.0448 	 0.0788
1.0120 	 1.3512 	 0.5860 	 -1.6981 	 -0.0579 	 -0.0432 	 0.0961 	 -0.0718 	 -0.0448 	 0.0789
1.0220 	 1.3506 	 0.5856 	 -1.6972 	 -0.0586 	 -0.0437 	 0.0968 	 -0.0718 	 -0.0449 	 0.0790
1.0321 	 1.3500 	 0.5851 	 -1.6962 	 -0.0593 	 -0.0441 	 0.0976 	 -0.0719 	 -0.0449 	 0.0790
1.0421 	 1.3494 	 0.5847 	 -1.6952 	 -0.0600 	 -0.0446 	 0.0984 	 -0.0720 	 -0.0449 	 0.0791
1.0521 	 1.3488 	 0.5842 	 -1.6942 	 -0.0608 	 -0.0450 	 0.0992 	 -0.0721 	 -0.0449 	 0.0792
1.0621 	 1.3482 	 0.5838 	 -1.6932 	 -0.0615 	 -0.0455 	 0.1000 	 -0.0722 	 -0.0449 	 0.0793
1.0721 	 1.3476 	 0.5833 	 -1.6922 	 -0.0622 	 -0.0459 	 0.1008 	 -0.0723 	 -0.0449 	 0.0794
1.0822 	 1.3470 	 0.5829 	 -1.6912 	 -0.0629 	 -0.0464 	 0.1016 	 -0.0724 	 -0.0449 	 0.0795
1.0922 	 1.3463 	 0.5824 	 -1.6902 	 -0.0637 	 -0.0468 	 0.1024 	 -0.0725 	 -0.0450 	 0.0796
1.1022 	 1.3457 	 0.5819 	 -1.6891 	 -0.0644 	 -0.0473 	 0.1032 	 -0.0726 	 -0.0450 	 0.0796
1.1122 	 1.3450 	 0.5814 	 -1.6881 	 -0.0651 	 -0.0477 	 0.1040 	 -0.0727 	 -0.0450 	 0.0797
1.1222 	 1.3444 	 0.5810 	 -1.6871 	 -0.0659 	 -0.0482 	 0.1048 	 -0.0728 	 -0.0450 	 0.0798
1.1323 	 1.3437 	 0.5805 	 -1.6860 	 -0.0666 	 -0.0486 	 0.1056 	 -0.0729 	 -0.0450 	 0.0799
1.1423 	 1.3430 	 0.5800 	 -1.6849 	 -0.0673 	 -0.0491 	 0.1064 	 -0.0730 	 -0.0450 	 0.0800
1.1523 	 1.3424 	 0.5795 	 -1.6839 	 -0.0680 	 -0.0495 	 0.1072 	 -0.0732 	 -0.0451 	 0.0801
1.1623 	 1.3417 	 0.5790 	 -1.6828 	 -0.0688 	 -0.0500 	 0.1080 	 -0.0733 	 -0.0451 	 0.0802
1.1723 	 1.3410 	 0.5785 	 -1.6817 	 -0.0695 	 -0.0504 	 0.1088 	 -0.0734 	 -0.0451 	 0.0803
1.1824 	 1.3403 	 0.5780 	 -1.6806 	 -0.0703 	 -0.0509 	 0.1096 	 -0.0735 	 -0.0451 	 0.0804
1.1924 	 1.3396 	 0.5775 	 -1.6795 	 -0.0710 	 -0.0513 	 0.1104 	 -0.0736 	 -0.0452 	 0.0805
1.2024 	 1.3389 	 0.5769 	 -1.6784 	 -0.0717 	 -0.0518 	 0.1112 	 -0.0737 	 -0.0452 	 0.0806
1.2124 	 1.3381 	 0.5764 	 -1.6773 	 -0.0725 	 -0.0522 	 0.1120 	 -0.0739 	 -0.0452 	 0.0807
1.2224 	 1.3374 	 0.5759 	 -1.6762 	 -0.0732 	 -0.0527 	 0.1129 	 -0.0740 	 -0.0452 	 0.0808
1.2325 	 1.3367 	 0.5754 	 -1.6750 	 -0.0739 	 -0.0532 	 0.1137 	 -0.0741 	 -0.0453 	 0.0810
1.2425 	 1.3359 	 0.5748 	 -1.6739 	 -0.0747 	 -0.0536 	 0.1145 	 -0.0742 	 -0.0453 	 0.0811
1.2525 	 1.3352 	 0.5743 	 -1.6727 	 -0.0754 	 -0.0541 	 0.1153 	 -0.0744 	 -0.0453 	 0.0812
1.2625 	 1.3344 	 0.5738 	 -1.6716 	 -0.0762 	 -0.0545 	 0.1161 	 -0.0745 	 -0.0453 	 0.0813
1.2725 	 1.3337 	 0.5732 	 -1.6704 	 -0.0769 	 -0.0550 	 0.1169 	 -0.0746 	 -0.0454 	 0.0814
1.2826 	 1.3329 	 0.5727 	 -1.6692 	 -0.0777 	 -0.0554 	 0.1177 	 -0.0747 	 -0.0454 	 0.0815
1.2926 	 1.3321 	 0.5721 	 -1.6680 	 -0.0784 	 -0.0559 	 0.1186 	 -0.0749 	 -0.0454 	 0.0816
1.3026 	 1.3313 	 0.5715 	 -1.6669 	 -0.0792 	 -0.0563 	 0.1194 	 -0.0750 	 -0.0455 	 0.0818
1.3126 	 1.3305 	 0.5710 	 -1.6657 	 -0.0799 	 -0.0568 	 0.1202 	 -0.0752 	 -0.0455 	 0.0819
1.3226 	 1.3297 	 0.5704 	 -1.6644 	 -0.0807 	 -0.0572 	 0.1210 	 -0.0753 	 -0.0455 	 0.0820
1.3327 	 1.3289 	 0.5698 	 -1.6632 	 -0.0814 	 -0.0577 	 0.1218 	 -0.0754 	 -0.0456 	 0.0821
1.3427 	 1.3281 	 0.5692 	 -1.6620 	 -0.0822 	 -0.0582 	 0.1227 	 -0.0756 	 -0.0456 	 0.0822
1.3527 	 1.3272 	 0.5687 	 -1.6608 	 -0.0830 	 -0.0586 	 0.1235 	 -0.0757 	 -0.0456 	 0.0824
1.3627 	 1.3264 	 0.5681 	 -1.6595 	 -0.0837 	 -0.0591 	 0.1243 	 -0.0759 	 -0.0457 	 0.0825
1.3727 	 1.3256 	 0.5675 	 -1.6583 	 -0.0845 	 -0.0595 	 0.1251 	 -0.0760 	 -0.0457 	 0.0826
1.3828 	 1.3247 	 0.5669 	 -1.6570 	 -0.0852 	 -0.0600 	 0.1260 	 -0.0762 	 -0.0458 	 0.0827
1.3928 	 1.3239 	 0.5663 	 -1.6558 	 -0.0860 	 -0.0604 	 0.1268 	 -0.0763 	 -0.0458 	 0.0829
1.4028 	 1.3230 	 0.5657 	 -1.6545 	 -0.0868 	 -0.0609 	 0.1276 	 -0.0765 	 -0.0458 	 0.0830
1.4128 	 1.3221 	 0.5650 	 -1.6532 	 -0.0875 	 -0.0614 	 0.1285 	 -0.0766 	 -0.0459 	 0.0831
1.4228 	 1.3212 	 0.5644 	 -1.6519 	 -0.0883 	 -0.0618 	 0.1293 	 -0.0768 	 -0.0459 	 0.0833
1.4329 	 1.3204 	 0.5638 	 -1.6506 	 -0.0891 	 -0.0623 	 0.1301 	 -0.0770 	 -0.0460 	 0.0834
1.4429 	 1.3195 	 0.5632 	 -1.6493 	 -0.0898 	 -0.0627 	 0.1310 	 -0.0771 	 -0.0460 	 0.0835
1.4529 	 1.3186 	 0.5625 	 -1.6480 	 -0.0906 	 -0.0632 	 0.1318 	 -0.0773 	 -0.0461 	 0.0837
1.4629 	 1.3176 	 0.5619 	 -1.6467 	 -0.0914 	 -0.0637 	 0.1326 	 -0.0774 	 -0.0461 	 0.0838
1.4729 	 1.3167 	 0.5613 	 -1.6453 	 -0.0922 	 -0.0641 	 0.1335 	 -0.0776 	 -0.0461 	 0.0840
1.4830 	 1.3158 	 0.5606 	 -1.6440 	 -0.0929 	 -0.0646 	 0.1343 	 -0.0778 	 -0.0462 	 0.0841
1.4930 	 1.3149 	 0.5600 	 -1.6426 	 -0.0937 	 -0.0651 	 0.1352 	 -0.0779 	 -0.0462 	 0.0842
1.5030 	 1.3139 	 0.5593 	 -1.6413 	 -0.0945 	 -0.0655 	 0.1360 	 -0.0781 	 -0.0463 	 0.0844
1.5130 	 1.3130 	 0.5587 	 -1.6399 	 -0.0953 	 -0.0660 	 0.1369 	 -0.0783 	 -0.0463 	 0.0845
1.5230 	 1.3120 	 0.5580 	 -1.6385 	 -0.0961 	 -0.0665 	 0.1377 	 -0.0785 	 -0.0464 	 0.0847
1.5331 	 1.3110 	 0.5573 	 -1.6371 	 -0.0969 	 -0.0669 	 0.1386 	 -0.0786 	 -0.0464 	 0.0848
1.5431 	 1.3101 	 0.5567 	 -1.6358 	 -0.0977 	 -0.0674 	 0.1394 	 -0.0788 	 -0.0465 	 0.0850
1.5531 	 1.3091 	 0.5560 	 -1.6344 	 -0.0984 	 -0.0678 	 0.1403 	 -0.0790 	 -0.0465 	 0.0851
1.5631 	 1.3081 	 0.5553 	 -1.6329 	 -0.0992 	 -0.0683 	 0.1411 	 -0.0792 	 -0.0466 	 0.0853
1.5731 	 1.3071 	 0.5546 	 -1.6315 	 -0.1000 	 -0.0688 	 0.1420 	 -0.0794 	 -0.0466 	 0.0854
1.5832 	 1.3061 	 0.5539 	 -1.6301 	 -0.1008 	 -0.0692 	 0.1428 	 -0.0795 	 -0.0467 	 0.0855
1.5932 	 1.3051 	 0.5532 	 -1.6287 	 -0.1016 	 -0.0697 	 0.1437 	 -0.0797 	 -0.0468 	 0.0857
1.6032 	 1.3041 	 0.5525 	 -1.6272 	 -0.1024 	 -0.0702 	 0.1445 	 -0.0799 	 -0.0468 	 0.0859
1.6132 	 1.3030 	 0.5518 	 -1.6258 	 -0.1032 	 -0.0707 	 0.1454 	 -0.0801 	 -0.0469 	 0.0860
1.6232 	 1.3020 	 0.5511 	 -1.6243 	 -0.1040 	 -0.0711 	 0.1463 	 -0.0803 	 -0.0469 	 0.0862
1.6333 	 1.3009 	 0.5504 	 -1.6228 	 -0.1048 	 -0.0716 	 0.1471 	 -0.0805 	 -0.0470 	 0.0863
1.6433 	 1.2999 	 0.5497 	 -1.6214 	 -0.1056 	 -0.0721 	 0.1480 	 -0.0807 	 -0.0470 	 0.0865
1.6533 	 1.2988 	 0.5490 	 -1.6199 	 -0.1065 	 -0.0725 	 0.1489 	 -0.0809 	 -0.0471 	 0.0866
1.6633 	 1.2977 	 0.5482 	 -1.6184 	 -0.1073 	 -0.0730 	 0.1497 	 -0.0811 	 -0.0471 	 0.0868
1.6733 	 1.2967 	 0.5475 	 -1.6169 	 -0.1081 	 -0.0735 	 0.1506 	 -0.0813 	 -0.0472 	 0.0869
1.6834 	 1.2956 	 0.5467 	 -1.6154 	 -0.1089 	 -0.0740 	 0.1515 	 -0.0815 	 -0.0473 	 0.0871
1.6934 	 1.2945 	 0.5460 	 -1.6138 	 -0.1097 	 -0.0744 	 0.1523 	 -0.0817 	 -0.0473 	 0.0873
1.7034 	 1.2934 	 0.5453 	 -1.6123 	 -0.1105 	 -0.0749 	 0.1532 	 -0.0819 	 -0.0474 	 0.0874
1.7134 	 1.2923 	 0.5445 	 -1.6108 	 -0.1114 	 -0.0754 	 0.1541 	 -0.0821 	 -0.0474 	 0.0876
1.7234 	 1.2912 	 0.5437 	 -1.6092 	 -0.1122 	 -0.0759 	 0.1550 	 -0.0823 	 -0.0475 	 0.0877
1.7335 	 1.2900 	 0.5430 	 -1.6077 	 -0.1130 	 -0.0763 	 0.1559 	 -0.0825 	 -0.0476 	 0.0879
1.7435 	 1.2889 	 0.5422 	 -1.6061 	 -0.1138 	 -0.0768 	 0.1567 	 -0.0827 	 -0.0476 	 0.0881
1.7535 	 1.2877 	 0.5414 	 -1.6045 	 -0.1147 	 -0.0773 	 0.1576 	 -0.0829 	 -0.0477 	 0.0882
1.7635 	 1.2866 	 0.5407 	 -1.6029 	 -0.1155 	 -0.0778 	 0.1585 	 -0.0831 	 -0.0477 	 0.0884
1.7735 	 1.2854 	 0.5399 	 -1.6013 	 -0.1163 	 -0.0782 	 0.1594 	 -0.0833 	 -0.0478 	 0.0885
1.7836 	 1.2843 	 0.5391 	 -1.5997 	 -0.1172 	 -0.0787 	 0.1603 	 -0.0835 	 -0.0479 	 0.0887
1.7936 	 1.2831 	 0.5383 	 -1.5981 	 -0.1180 	 -0.0792 	 0.1612 	 -0.0838 	 -0.0479 	 0.0889
1.8036 	 1.2819 	 0.5375 	 -1.5965 	 -0.1188 	 -0.0797 	 0.1621 	 -0.0840 	 -0.0480 	 0.0890
1.8136 	 1.2807 	 0.5367 	 -1.5949 	 -0.1197 	 -0.0802 	 0.1629 	 -0.0842 	 -0.0481 	 0.0892
1.8236 	 1.2795 	 0.5359 	 -1.5932 	 -0.1205 	 -0.0806 	 0.1638 	 -0.0844 	 -0.0481 	 0.0894
1.8337 	 1.2783 	 0.5351 	 -1.5916 	 -0.1214 	 -0.0811 	 0.1647 	 -0.0846 	 -0.0482 	 0.0896
1.8437 	 1.2771 	 0.5343 	 -1.5899 	 -0.1222 	 -0.0816 	 0.1656 	 -0.0849 	 -0.0482 	 0.0897
1.8537 	 1.2758 	 0.5335 	 -1.5883 	 -0.1231 	 -0.0821 	 0.1665 	 -0.0851 	 -0.0483 	 0.0899
1.8637 	 1.2746 	 0.5326 	 -1.5866 	 -0.1239 	 -0.0826 	 0.1674 	 -0.0853 	 -0.0484 	 0.0901
1.8737 	 1.2734 	 0.5318 	 -1.5849 	 -0.1248 	 -0.0831 	 0.1683 	 -0.0855 	 -0.0484 	 0.0902
1.8838 	 1.2721 	 0.5310 	 -1.5832 	 -0.1256 	 -0.0835 	 0.1692 	 -0.0858 	 -0.0485 	 0.0904
1.8938 	 1.2708 	 0.5301 	 -1.5815 	 -0.1265 	 -0.0840 	 0.1702 	 -0.0860 	 -0.0486 	 0.0906
1.9038 	 1.2696 	 0.5293 	 -1.5798 	 -0.1274 	 -0.0845 	 0.1711 	 -0.0862 	 -0.0486 	 0.0908
1.9138 	 1.2683 	 0.5284 	 -1.5781 	 -0.1282 	 -0.0850 	 0.1720 	 -0.0865 	 -0.0487 	 0.0909
1.9238 	 1.2670 	 0.5276 	 -1.5764 	 -0.1291 	 -0.0855 	 0.1729 	 -0.0867 	 -0.0488 	 0.0911
1.9339 	 1.2657 	 0.5267 	 -1.5746 	 -0.1300 	 -0.0860 	 0.1738 	 -0.0870 	 -0.0488 	 0.0913
1.9439 	 1.2644 	 0.5259 	 -1.5729 	 -0.1308 	 -0.0865 	 0.1747 	 -0.0872 	 -0.0489 	 0.0915
1.9539 	 1.2631 	 0.5250 	 -1.5711 	 -0.1317 	 -0.0870 	 0.1756 	 -0.0874 	 -0.0490 	 0.0916
1.9639 	 1.2617 	 0.5241 	 -1.5694 	 -0.1326 	 -0.0875 	 0.1766 	 -0.0877 	 -0.0490 	 0.0918
1.9739 	 1.2604 	 0.5232 	 -1.5676 	 -0.1335 	 -0.0880 	 0.1775 	 -0.0879 	 -0.0491 	 0.0920
1.9840 	 1.2591 	 0.5224 	 -1.5658 	 -0.1344 	 -0.0884 	 0.1784 	 -0.0882 	 -0.0492 	 0.0922
1.9940 	 1.2577 	 0.5215 	 -1.5640 	 -0.1352 	 -0.0889 	 0.1793 	 -0.0884 	 -0.0492 	 0.0924
2.0040 	 1.2564 	 0.5206 	 -1.5622 	 -0.1361 	 -0.0894 	 0.1802 	 -0.0887 	 -0.0493 	 0.0926
2.0140 	 1.2550 	 0.5197 	 -1.5604 	 -0.1370 	 -0.0899 	 0.1812 	 -0.0889 	 -0.0494 	 0.0927
2.0240 	 1.2536 	 0.5188 	 -1.5586 	 -0.1379 	 -0.0904 	 0.1821 	 -0.0892 	 -0.0494 	 0.0929
2.0341 	 1.2522 	 0.5179 	 -1.5568 	 -0.1388 	 -0.0909 	 0.1830 	 -0.0894 	 -0.0495 	 0.0931
2.0441 	 1.2508 	 0.5169 	 -1.5549 	 -0.1397 	 -0.0914 	 0.1840 	 -0.0897 	 -0.0496 	 0.0933
2.0541 	 1.2494 	 0.5160 	 -1.5531 	 -0.1406 	 -0.0919 	 0.1849 	 -0.0900 	 -0.0496 	 0.0935
2.0641 	 1.2480 	 0.5151 	 -1.5512 	 -0.1415 	 -0.0924 	 0.1858 	 -0.0902 	 -0.0497 	 0.0937
2.0741 	 1.2466 	 0.5142 	 -1.5494 	 -0.1424 	 -0.0929 	 0.1868 	 -0.0905 	 -0.0498 	 0.0939
2.0842 	 1.2452 	 0.5132 	 -1.5475 	 -0.1433 	 -0.0934 	 0.1877 	 -0.0907 	 -0.0498 	 0.0941
2.0942 	 1.2437 	 0.5123 	 -1.5456 	 -0.1442 	 -0.0939 	 0.1887 	 -0.0910 	 -0.0499 	 0.0943
2.1042 	 1.2423 	 0.5114 	 -1.5437 	 -0.1451 	 -0.0944 	 0.1896 	 -0.0913 	 -0.0500 	 0.0945
2.1142 	 1.2408 	 0.5104 	 -1.5418 	 -0.1461 	 -0.0949 	 0.1906 	 -0.0915 	 -0.0500 	 0.0947
2.1242 	 1.2393 	 0.5095 	 -1.5399 	 -0.1470 	 -0.0954 	 0.1915 	 -0.0918 	 -0.0501 	 0.0949
2.1343 	 1.2379 	 0.5085 	 -1.5380 	 -0.1479 	 -0.0959 	 0.1925 	 -0.0921 	 -0.0502 	 0.0951
2.1443 	 1.2364 	 0.5075 	 -1.5360 	 -0.1488 	 -0.0964 	 0.1934 	 -0.0923 	 -0.0503 	 0.0953
2.1543 	 1.2349 	 0.5066 	 -1.5341 	 -0.1497 	 -0.0969 	 0.1944 	 -0.0926 	 -0.0503 	 0.0955
2.1643 	 1.2334 	 0.5056 	 -1.5321 	 -0.1507 	 -0.0974 	 0.1953 	 -0.0929 	 -0.0504 	 0.0957
2.1743 	 1.2319 	 0.5046 	 -1.5302 	 -0.1516 	 -0.0979 	 0.1963 	 -0.0932 	 -0.0505 	 0.0959
2.1844 	 1.2303 	 0.5036 	 -1.5282 	 -0.1525 	 -0.0984 	 0.1973 	 -0.0934 	 -0.0505 	 0.0961
2.1944 	 1.2288 	 0.5026 	 -1.5262 	 -0.1535 	 -0.0989 	 0.1982 	 -0.0937 	 -0.0506 	 0.0963
2.2044 	 1.2273 	 0.5017 	 -1.5242 	 -0.1544 	 -0.0994 	 0.1992 	 -0.0940 	 -0.0507 	 0.0965
2.2144 	 1.2257 	 0.5007 	 -1.5222 	 -0.1554 	 -0.1000 	 0.2002 	 -0.0943 	 -0.0507 	 0.0967
2.2244 	 1.2242 	 0.4996 	 -1.5202 	 -0.1563 	 -0.1005 	 0.2011 	 -0.0946 	 -0.0508 	 0.0970
2.2345 	 1.2226 	 0.4986 	 -1.5182 	 -0.1573 	 -0.1010 	 0.2021 	 -0.0948 	 -0.0509 	 0.0972
2.2445 	 1.2210 	 0.4976 	 -1.5162 	 -0.1582 	 -0.1015 	 0.2031 	 -0.0951 	 -0.0509 	 0.0974
2.2545 	 1.2194 	 0.4966 	 -1.5141 	 -0.1592 	 -0.1020 	 0.2040 	 -0.0954 	 -0.0510 	 0.0976
2.2645 	 1.2178 	 0.4956 	 -1.5121 	 -0.1601 	 -0.1025 	 0.2050 	 -0.0957 	 -0.0511 	 0.0978
2.2745 	 1.2162 	 0.4946 	 -1.5100 	 -0.1611 	 -0.1030 	 0.2060 	 -0.0960 	 -0.0512 	 0.0980
2.2846 	 1.2146 	 0.4935 	 -1.5079 	 -0.1620 	 -0.1035 	 0.2070 	 -0.0963 	 -0.0512 	 0.0983
2.2946 	 1.2130 	 0.4925 	 -1.5059 	 -0.1630 	 -0.1040 	 0.2080 	 -0.0966 	 -0.0513 	 0.0985
2.3046 	 1.2113 	 0.4914 	 -1.5038 	 -0.1640 	 -0.1046 	 0.2090 	 -0.0969 	 -0.0514 	 0.0987
2.3146 	 1.2097 	 0.4904 	 -1.5017 	 -0.1650 	 -0.1051 	 0.2100 	 -0.0972 	 -0.0515 	 0.0990
2.3246 	 1.2080 	 0.4893 	 -1.4996 	 -0.1659 	 -0.1056 	 0.2109 	 -0.0975 	 -0.0515 	 0.0992
2.3347 	 1.2063 	 0.4883 	 -1.4974 	 -0.1669 	 -0.1061 	 0.2119 	 -0.0978 	 -0.0516 	 0.0994
2.3447 	 1.2047 	 0.4872 	 -1.4953 	 -0.1679 	 -0.1066 	 0.2129 	 -0.0981 	 -0.0517 	 0.0997
2.3547 	 1.2030 	 0.4861 	 -1.4932 	 -0.1689 	 -0.1071 	 0.2139 	 -0.0984 	 -0.0518 	 0.0999
2.3647 	 1.2013 	 0.4851 	 -1.4910 	 -0.1699 	 -0.1077 	 0.2149 	 -0.0987 	 -0.0518 	 0.1001
2.3747 	 1.1996 	 0.4840 	 -1.4889 	 -0.1708 	 -0.1082 	 0.2159 	 -0.0990 	 -0.0519 	 0.1004
2.3848 	 1.1979 	 0.4829 	 -1.4867 	 -0.1718 	 -0.1087 	 0.2170 	 -0.0993 	 -0.0520 	 0.1006
2.3948 	 1.1961 	 0.4818 	 -1.4845 	 -0.1728 	 -0.1092 	 0.2180 	 -0.0996 	 -0.0521 	 0.1009
2.4048 	 1.1944 	 0.4807 	 -1.4823 	 -0.1738 	 -0.1097 	 0.2190 	 -0.0999 	 -0.0522 	 0.1011
2.4148 	 1.1926 	 0.4796 	 -1.4801 	 -0.1748 	 -0.1103 	 0.2200 	 -0.1002 	 -0.0522 	 0.1013
2.4248 	 1.1909 	 0.4785 	 -1.4779 	 -0.1758 	 -0.1108 	 0.2210 	 -0.1006 	 -0.0523 	 0.1016
2.4349 	 1.1891 	 0.4774 	 -1.4757 	 -0.1769 	 -0.1113 	 0.2220 	 -0.1009 	 -0.0524 	 0.1018
2.4449 	 1.1873 	 0.4763 	 -1.4735 	 -0.1779 	 -0.1118 	 0.2230 	 -0.1012 	 -0.0525 	 0.1021
2.4549 	 1.1856 	 0.4751 	 -1.4712 	 -0.1789 	 -0.1124 	 0.2241 	 -0.1015 	 -0.0526 	 0.1024
2.4649 	 1.1838 	 0.4740 	 -1.4690 	 -0.1799 	 -0.1129 	 0.2251 	 -0.1019 	 -0.0527 	 0.1026
2.4749 	 1.1820 	 0.4729 	 -1.4667 	 -0.1809 	 -0.1134 	 0.2261 	 -0.1022 	 -0.0528 	 0.1029
2.4850 	 1.1801 	 0.4717 	 -1.4645 	 -0.1820 	 -0.1140 	 0.2272 	 -0.1025 	 -0.0529 	 0.1031
2.4950 	 1.1783 	 0.4706 	 -1.4622 	 -0.1830 	 -0.1145 	 0.2282 	 -0.1029 	 -0.0529 	 0.1034
2.5050 	 1.1765 	 0.4694 	 -1.4599 	 -0.1840 	 -0.1150 	 0.2292 	 -0.1032 	 -0.0530 	 0.1037
2.5150 	 1.1746 	 0.4683 	 -1.4576 	 -0.1850 	 -0.1155 	 0.2303 	 -0.1035 	 -0.0531 	 0.1039
2.5251 	 1.1728 	 0.4671 	 -1.4553 	 -0.1861 	 -0.1161 	 0.2313 	 -0.1039 	 -0.0532 	 0.1042
2.5351 	 1.1709 	 0.4660 	 -1.4529 	 -0.1871 	 -0.1166 	 0.2324 	 -0.1042 	 -0.0533 	 0.1045
2.5451 	 1.1690 	 0.4648 	 -1.4506 	 -0.1882 	 -0.1171 	 0.2334 	 -0.1046 	 -0.0534 	 0.1047
2.5551 	 1.1671 	 0.4636 	 -1.4483 	 -0.1892 	 -0.1177 	 0.2345 	 -0.1049 	 -0.0535 	 0.1050
2.5651 	 1.1652 	 0.4624 	 -1.4459 	 -0.1903 	 -0.1182 	 0.2355 	 -0.1053 	 -0.0536 	 0.1053
2.5752 	 1.1633 	 0.4612 	 -1.4435 	 -0.1913 	 -0.1188 	 0.2366 	 -0.1057 	 -0.0538 	 0.1056
2.5852 	 1.1614 	 0.4600 	 -1.4412 	 -0.1924 	 -0.1193 	 0.2376 	 -0.1060 	 -0.0539 	 0.1059
2.5952 	 1.1595 	 0.4588 	 -1.4388 	 -0.1935 	 -0.1198 	 0.2387 	 -0.1064 	 -0.0540 	 0.1062
2.6052 	 1.1575 	 0.4576 	 -1.4364 	 -0.1945 	 -0.1204 	 0.2398 	 -0.1068 	 -0.0541 	 0.1065
2.6152 	 1.1556 	 0.4564 	 -1.4340 	 -0.1956 	 -0.1209 	 0.2408 	 -0.1071 	 -0.0542 	 0.1068
2.6253 	 1.1536 	 0.4552 	 -1.4316 	 -0.1967 	 -0.1215 	 0.2419 	 -0.1075 	 -0.0543 	 0.1071
2.6353 	 1.1516 	 0.4540 	 -1.4291 	 -0.1978 	 -0.1220 	 0.2430 	 -0.1079 	 -0.0544 	 0.1074
2.6453 	 1.1496 	 0.4528 	 -1.4267 	 -0.1988 	 -0.1226 	 0.2440 	 -0.1083 	 -0.0545 	 0.1077
2.6553 	 1.1476 	 0.4515 	 -1.4242 	 -0.1999 	 -0.1231 	 0.2451 	 -0.1086 	 -0.0547 	 0.1080
2.6653 	 1.1456 	 0.4503 	 -1.4218 	 -0.2010 	 -0.1237 	 0.2462 	 -0.1090 	 -0.0548 	 0.1083
2.6754 	 1.1436 	 0.4491 	 -1.4193 	 -0.2021 	 -0.1242 	 0.2473 	 -0.1094 	 -0.0549 	 0.1086
2.6854 	 1.1416 	 0.4478 	 -1.4168 	 -0.2032 	 -0.1248 	 0.2484 	 -0.1098 	 -0.0550 	 0.1089
2.6954 	 1.1395 	 0.4466 	 -1.4143 	 -0.2043 	 -0.1253 	 0.2495 	 -0.1102 	 -0.0552 	 0.1092
2.7054 	 1.1375 	 0.4453 	 -1.4118 	 -0.2054 	 -0.1259 	 0.2506 	 -0.1106 	 -0.0553 	 0.1095
2.7154 	 1.1354 	 0.4440 	 -1.4093 	 -0.2065 	 -0.1264 	 0.2517 	 -0.1110 	 -0.0554 	 0.1099
2.7255 	 1.1333 	 0.4428 	 -1.4068 	 -0.2076 	 -0.1270 	 0.2528 	 -0.1114 	 -0.0556 	 0.1102
2.7355 	 1.1312 	 0.4415 	 -1.4042 	 -0.2088 	 -0.1275 	 0.2539 	 -0.1118 	 -0.0557 	 0.1105
2.7455 	 1.1292 	 0.4402 	 -1.4017 	 -0.2099 	 -0.1281 	 0.2550 	 -0.1123 	 -0.0558 	 0.1109
2.7555 	 1.1270 	 0.4389 	 -1.3991 	 -0.2110 	 -0.1286 	 0.2561 	 -0.1127 	 -0.0560 	 0.1112
2.7655 	 1.1249 	 0.4376 	 -1.3966 	 -0.2121 	 -0.1292 	 0.2572 	 -0.1131 	 -0.0561 	 0.1115
2.7756 	 1.1228 	 0.4363 	 -1.3940 	 -0.2133 	 -0.1298 	 0.2583 	 -0.1135 	 -0.0563 	 0.1119
2.7856 	 1.1206 	 0.4350 	 -1.3914 	 -0.2144 	 -0.1303 	 0.2595 	 -0.1140 	 -0.0564 	 0.1122
2.7956 	 1.1185 	 0.4337 	 -1.3888 	 -0.2156 	 -0.1309 	 0.2606 	 -0.1144 	 -0.0566 	 0.1126
2.8056 	 1.1163 	 0.4324 	 -1.3862 	 -0.2167 	 -0.1315 	 0.2617 	 -0.1148 	 -0.0567 	 0.1130
2.8156 	 1.1142 	 0.4311 	 -1.3835 	 -0.2179 	 -0.1320 	 0.2629 	 -0.1153 	 -0.0569 	 0.1133
2.8257 	 1.1120 	 0.4298 	 -1.3809 	 -0.2190 	 -0.1326 	 0.2640 	 -0.1157 	 -0.0570 	 0.1137
2.8357 	 1.1098 	 0.4284 	 -1.3782 	 -0.2202 	 -0.1332 	 0.2651 	 -0.1162 	 -0.0572 	 0.1141
2.8457 	 1.1076 	 0.4271 	 -1.3756 	 -0.2213 	 -0.1338 	 0.2663 	 -0.1166 	 -0.0574 	 0.1144
2.8557 	 1.1053 	 0.4258 	 -1.3729 	 -0.2225 	 -0.1343 	 0.2674 	 -0.1171 	 -0.0575 	 0.1148
2.8657 	 1.1031 	 0.4244 	 -1.3702 	 -0.2237 	 -0.1349 	 0.2686 	 -0.1176 	 -0.0577 	 0.1152
2.8758 	 1.1008 	 0.4231 	 -1.3675 	 -0.2249 	 -0.1355 	 0.2697 	 -0.1180 	 -0.0579 	 0.1156
2.8858 	 1.0986 	 0.4217 	 -1.3648 	 -0.2261 	 -0.1361 	 0.2709 	 -0.1185 	 -0.0580 	 0.1160
2.8958 	 1.0963 	 0.4203 	 -1.3621 	 -0.2272 	 -0.1367 	 0.2721 	 -0.1190 	 -0.0582 	 0.1164
2.9058 	 1.0940 	 0.4190 	 -1.3594 	 -0.2284 	 -0.1372 	 0.2732 	 -0.1194 	 -0.0584 	 0.1168
2.9158 	 1.0917 	 0.4176 	 -1.3566 	 -0.2296 	 -0.1378 	 0.2744 	 -0.1199 	 -0.0586 	 0.1172
2.9259 	 1.0894 	 0.4162 	 -1.3539 	 -0.2308 	 -0.1384 	 0.2756 	 -0.1204 	 -0.0587 	 0.1176
2.9359 	 1.0871 	 0.4148 	 -1.3511 	 -0.2321 	 -0.1390 	 0.2768 	 -0.1209 	 -0.0589 	 0.1181
2.9459 	 1.0848 	 0.4134 	 -1.3483 	 -0.2333 	 -0.1396 	 0.2779 	 -0.1214 	 -0.0591 	 0.1185
2.9559 	 1.0824 	 0.4120 	 -1.3455 	 -0.2345 	 -0.1402 	 0.2791 	 -0.1219 	 -0.0593 	 0.1189
2.9659 	 1.0801 	 0.4106 	 -1.3427 	 -0.2357 	 -0.1408 	 0.2803 	 -0.1224 	 -0.0595 	 0.1194
2.9760 	 1.0777 	 0.4092 	 -1.3399 	 -0.2369 	 -0.1414 	 0.2815 	 -0.1229 	 -0.0597 	 0.1198
2.9860 	 1.0753 	 0.4078 	 -1.3371 	 -0.2382 	 -0.1420 	 0.2827 	 -0.1235 	 -0.0599 	 0.1203
2.9960 	 1.0729 	 0.4063 	 -1.3342 	 -0.2394 	 -0.1426 	 0.2839 	 -0.1240 	 -0.0601 	 0.1207
3.0060 	 1.0705 	 0.4049 	 -1.3314 	 -0.2407 	 -0.1432 	 0.2851 	 -0.1245 	 -0.0603 	 0.1212
3.0160 	 1.0681 	 0.4035 	 -1.3285 	 -0.2419 	 -0.1438 	 0.2864 	 -0.1250 	 -0.0605 	 0.1217
3.0261 	 1.0657 	 0.4020 	 -1.3257 	 -0.2432 	 -0.1444 	 0.2876 	 -0.1256 	 -0.0607 	 0.1221
3.0361 	 1.0632 	 0.4006 	 -1.3228 	 -0.2444 	 -0.1450 	 0.2888 	 -0.1261 	 -0.0609 	 0.1226
3.0461 	 1.0608 	 0.3991 	 -1.3199 	 -0.2457 	 -0.1456 	 0.2900 	 -0.1267 	 -0.0611 	 0.1231
3.0561 	 1.0583 	 0.3977 	 -1.3170 	 -0.2470 	 -0.1462 	 0.2913 	 -0.1272 	 -0.0613 	 0.1236
3.0661 	 1.0558 	 0.3962 	 -1.3140 	 -0.2482 	 -0.1468 	 0.2925 	 -0.1278 	 -0.0616 	 0.1241
3.0762 	 1.0533 	 0.3947 	 -1.3111 	 -0.2495 	 -0.1475 	 0.2938 	 -0.1284 	 -0.0618 	 0.1247
3.0862 	 1.0508 	 0.3932 	 -1.3081 	 -0.2508 	 -0.1481 	 0.2950 	 -0.1289 	 -0.0620 	 0.1252
3.0962 	 1.0483 	 0.3917 	 -1.3052 	 -0.2521 	 -0.1487 	 0.2963 	 -0.1295 	 -0.0622 	 0.1257
3.1062 	 1.0458 	 0.3903 	 -1.3022 	 -0.2534 	 -0.1493 	 0.2975 	 -0.1301 	 -0.0625 	 0.1263
3.1162 	 1.0432 	 0.3888 	 -1.2992 	 -0.2547 	 -0.1500 	 0.2988 	 -0.1307 	 -0.0627 	 0.1268
3.1263 	 1.0407 	 0.3873 	 -1.2962 	 -0.2560 	 -0.1506 	 0.3001 	 -0.1313 	 -0.0629 	 0.1274
3.1363 	 1.0381 	 0.3857 	 -1.2932 	 -0.2573 	 -0.1512 	 0.3014 	 -0.1319 	 -0.0632 	 0.1279
3.1463 	 1.0355 	 0.3842 	 -1.2902 	 -0.2587 	 -0.1518 	 0.3026 	 -0.1325 	 -0.0634 	 0.1285
3.1563 	 1.0329 	 0.3827 	 -1.2871 	 -0.2600 	 -0.1525 	 0.3039 	 -0.1331 	 -0.0637 	 0.1291
3.1663 	 1.0303 	 0.3812 	 -1.2841 	 -0.2613 	 -0.1531 	 0.3052 	 -0.1338 	 -0.0639 	 0.1297
3.1764 	 1.0277 	 0.3796 	 -1.2810 	 -0.2627 	 -0.1538 	 0.3065 	 -0.1344 	 -0.0642 	 0.1303
3.1864 	 1.0250 	 0.3781 	 -1.2779 	 -0.2640 	 -0.1544 	 0.3078 	 -0.1351 	 -0.0645 	 0.1309
3.1964 	 1.0224 	 0.3765 	 -1.2748 	 -0.2654 	 -0.1551 	 0.3092 	 -0.1357 	 -0.0647 	 0.1316
3.2064 	 1.0197 	 0.3750 	 -1.2717 	 -0.2668 	 -0.1557 	 0.3105 	 -0.1364 	 -0.0650 	 0.1322
3.2164 	 1.0171 	 0.3734 	 -1.2686 	 -0.2681 	 -0.1564 	 0.3118 	 -0.1370 	 -0.0653 	 0.1328
3.2265 	 1.0144 	 0.3718 	 -1.2655 	 -0.2695 	 -0.1570 	 0.3131 	 -0.1377 	 -0.0656 	 0.1335
3.2365 	 1.0116 	 0.3703 	 -1.2624 	 -0.2709 	 -0.1577 	 0.3145 	 -0.1384 	 -0.0658 	 0.1342
3.2465 	 1.0089 	 0.3687 	 -1.2592 	 -0.2723 	 -0.1583 	 0.3158 	 -0.1391 	 -0.0661 	 0.1348
3.2565 	 1.0062 	 0.3671 	 -1.2560 	 -0.2737 	 -0.1590 	 0.3172 	 -0.1398 	 -0.0664 	 0.1355
3.2665 	 1.0034 	 0.3655 	 -1.2528 	 -0.2751 	 -0.1597 	 0.3185 	 -0.1406 	 -0.0667 	 0.1362
3.2766 	 1.0007 	 0.3639 	 -1.2496 	 -0.2765 	 -0.1603 	 0.3199 	 -0.1413 	 -0.0670 	 0.1370
3.2866 	 0.9979 	 0.3623 	 -1.2464 	 -0.2779 	 -0.1610 	 0.3213 	 -0.1420 	 -0.0673 	 0.1377
3.2966 	 0.9951 	 0.3607 	 -1.2432 	 -0.2793 	 -0.1617 	 0.3227 	 -0.1428 	 -0.0676 	 0.1384
3.3066 	 0.9923 	 0.3590 	 -1.2400 	 -0.2808 	 -0.1624 	 0.3241 	 -0.1435 	 -0.0679 	 0.1392
3.3166 	 0.9895 	 0.3574 	 -1.2367 	 -0.2822 	 -0.1630 	 0.3255 	 -0.1443 	 -0.0683 	 0.1399
3.3267 	 0.9866 	 0.3558 	 -1.2334 	 -0.2837 	 -0.1637 	 0.3269 	 -0.1451 	 -0.0686 	 0.1407
3.3367 	 0.9838 	 0.3541 	 -1.2302 	 -0.2851 	 -0.1644 	 0.3283 	 -0.1459 	 -0.0689 	 0.1415
3.3467 	 0.9809 	 0.3525 	 -1.2269 	 -0.2866 	 -0.1651 	 0.3297 	 -0.1467 	 -0.0693 	 0.1423
3.3567 	 0.9781 	 0.3508 	 -1.2235 	 -0.2881 	 -0.1658 	 0.3311 	 -0.1476 	 -0.0696 	 0.1431
3.3667 	 0.9752 	 0.3492 	 -1.2202 	 -0.2895 	 -0.1665 	 0.3326 	 -0.1484 	 -0.0700 	 0.1439
3.3768 	 0.9723 	 0.3475 	 -1.2169 	 -0.2910 	 -0.1672 	 0.3340 	 -0.1493 	 -0.0703 	 0.1448
3.3868 	 0.9693 	 0.3458 	 -1.2135 	 -0.2925 	 -0.1679 	 0.3355 	 -0.1501 	 -0.0707 	 0.1456
3.3968 	 0.9664 	 0.3441 	 -1.2102 	 -0.2940 	 -0.1686 	 0.3369 	 -0.1510 	 -0.0711 	 0.1465
3.4068 	 0.9634 	 0.3424 	 -1.2068 	 -0.2956 	 -0.1693 	 0.3384 	 -0.1519 	 -0.0714 	 0.1474
3.4168 	 0.9605 	 0.3407 	 -1.2034 	 -0.2971 	 -0.1701 	 0.3399 	 -0.1528 	 -0.0718 	 0.1483
3.4269 	 0.9575 	 0.3390 	 -1.2000 	 -0.2986 	 -0.1708 	 0.3414 	 -0.1538 	 -0.0722 	 0.1492
3.4369 	 0.9545 	 0.3373 	 -1.1965 	 -0.3002 	 -0.1715 	 0.3429 	 -0.1547 	 -0.0726 	 0.1502
3.4469 	 0.9515 	 0.3356 	 -1.1931 	 -0.3017 	 -0.1722 	 0.3444 	 -0.1557 	 -0.0730 	 0.1511
3.4569 	 0.9484 	 0.3339 	 -1.1896 	 -0.3033 	 -0.1730 	 0.3459 	 -0.1567 	 -0.0734 	 0.1521
3.4669 	 0.9454 	 0.3321 	 -1.1862 	 -0.3049 	 -0.1737 	 0.3474 	 -0.1577 	 -0.0738 	 0.1531
3.4770 	 0.9423 	 0.3304 	 -1.1827 	 -0.3065 	 -0.1745 	 0.3490 	 -0.1587 	 -0.0743 	 0.1541
3.4870 	 0.9392 	 0.3286 	 -1.1792 	 -0.3080 	 -0.1752 	 0.3505 	 -0.1598 	 -0.0747 	 0.1551
3.4970 	 0.9362 	 0.3269 	 -1.1756 	 -0.3097 	 -0.1759 	 0.3521 	 -0.1608 	 -0.0752 	 0.1561
3.5070 	 0.9330 	 0.3251 	 -1.1721 	 -0.3113 	 -0.1767 	 0.3537 	 -0.1619 	 -0.0756 	 0.1571
3.5170 	 0.9299 	 0.3233 	 -1.1686 	 -0.3129 	 -0.1775 	 0.3552 	 -0.1630 	 -0.0761 	 0.1582
3.5271 	 0.9268 	 0.3215 	 -1.1650 	 -0.3145 	 -0.1782 	 0.3568 	 -0.1641 	 -0.0765 	 0.1593
3.5371 	 0.9236 	 0.3197 	 -1.1614 	 -0.3162 	 -0.1790 	 0.3584 	 -0.1653 	 -0.0770 	 0.1604
3.5471 	 0.9204 	 0.3179 	 -1.1578 	 -0.3178 	 -0.1798 	 0.3600 	 -0.1665 	 -0.0775 	 0.1615
3.5571 	 0.9172 	 0.3161 	 -1.1542 	 -0.3195 	 -0.1806 	 0.3617 	 -0.1677 	 -0.0780 	 0.1627
3.5671 	 0.9140 	 0.3143 	 -1.1506 	 -0.3212 	 -0.1813 	 0.3633 	 -0.1689 	 -0.0785 	 0.1638
3.5772 	 0.9108 	 0.3125 	 -1.1469 	 -0.3229 	 -0.1821 	 0.3649 	 -0.1702 	 -0.0790 	 0.1650
3.5872 	 0.9076 	 0.3107 	 -1.1432 	 -0.3246 	 -0.1829 	 0.3666 	 -0.1715 	 -0.0795 	 0.1662
3.5972 	 0.9043 	 0.3088 	 -1.1396 	 -0.3263 	 -0.1837 	 0.3683 	 -0.1728 	 -0.0801 	 0.1674
3.6072 	 0.9010 	 0.3070 	 -1.1359 	 -0.3281 	 -0.1845 	 0.3700 	 -0.1741 	 -0.0806 	 0.1687
3.6172 	 0.8977 	 0.3051 	 -1.1322 	 -0.3298 	 -0.1853 	 0.3717 	 -0.1755 	 -0.0812 	 0.1700
3.6273 	 0.8944 	 0.3033 	 -1.1284 	 -0.3316 	 -0.1861 	 0.3734 	 -0.1769 	 -0.0817 	 0.1712
3.6373 	 0.8911 	 0.3014 	 -1.1247 	 -0.3334 	 -0.1870 	 0.3751 	 -0.1784 	 -0.0823 	 0.1725
3.6473 	 0.8877 	 0.2995 	 -1.1209 	 -0.3352 	 -0.1878 	 0.3768 	 -0.1798 	 -0.0829 	 0.1739
3.6573 	 0.8844 	 0.2977 	 -1.1171 	 -0.3370 	 -0.1886 	 0.3786 	 -0.1814 	 -0.0835 	 0.1752
3.6673 	 0.8810 	 0.2958 	 -1.1133 	 -0.3388 	 -0.1895 	 0.3803 	 -0.1829 	 -0.0841 	 0.1766
3.6774 	 0.8776 	 0.2939 	 -1.1095 	 -0.3407 	 -0.1903 	 0.3821 	 -0.1845 	 -0.0848 	 0.1780
3.6874 	 0.8742 	 0.2919 	 -1.1057 	 -0.3425 	 -0.1912 	 0.3839 	 -0.1862 	 -0.0854 	 0.1794
3.6974 	 0.8707 	 0.2900 	 -1.1018 	 -0.3444 	 -0.1920 	 0.3857 	 -0.1879 	 -0.0861 	 0.1808
3.7074 	 0.8672 	 0.2881 	 -1.0979 	 -0.3463 	 -0.1929 	 0.3875 	 -0.1896 	 -0.0867 	 0.1823
3.7174 	 0.8638 	 0.2862 	 -1.0940 	 -0.3482 	 -0.1938 	 0.3894 	 -0.1914 	 -0.0874 	 0.1838
3.7275 	 0.8603 	 0.2842 	 -1.0901 	 -0.3501 	 -0.1946 	 0.3912 	 -0.1933 	 -0.0881 	 0.1853
3.7375 	 0.8568 	 0.2823 	 -1.0862 	 -0.3521 	 -0.1955 	 0.3931 	 -0.1952 	 -0.0889 	 0.1868
3.7475 	 0.8532 	 0.2803 	 -1.0822 	 -0.3540 	 -0.1964 	 0.3950 	 -0.1971 	 -0.0896 	 0.1883
3.7575 	 0.8497 	 0.2783 	 -1.0783 	 -0.3560 	 -0.1973 	 0.3969 	 -0.1992 	 -0.0903 	 0.1899
3.7675 	 0.8461 	 0.2763 	 -1.0743 	 -0.3580 	 -0.1982 	 0.3988 	 -0.2012 	 -0.0911 	 0.1915
3.7776 	 0.8425 	 0.2743 	 -1.0703 	 -0.3600 	 -0.1992 	 0.4007 	 -0.2034 	 -0.0919 	 0.1930
3.7876 	 0.8389 	 0.2723 	 -1.0663 	 -0.3621 	 -0.2001 	 0.4026 	 -0.2056 	 -0.0927 	 0.1946
3.7976 	 0.8352 	 0.2703 	 -1.0622 	 -0.3642 	 -0.2010 	 0.4046 	 -0.2079 	 -0.0936 	 0.1962
3.8076 	 0.8316 	 0.2683 	 -1.0582 	 -0.3663 	 -0.2020 	 0.4066 	 -0.2103 	 -0.0944 	 0.1978
3.8176 	 0.8279 	 0.2663 	 -1.0541 	 -0.3684 	 -0.2029 	 0.4086 	 -0.2127 	 -0.0953 	 0.1995
3.8277 	 0.8242 	 0.2643 	 -1.0500 	 -0.3705 	 -0.2039 	 0.4106 	 -0.2153 	 -0.0962 	 0.2011
3.8377 	 0.8205 	 0.2622 	 -1.0458 	 -0.3727 	 -0.2048 	 0.4126 	 -0.2179 	 -0.0971 	 0.2027
3.8477 	 0.8167 	 0.2601 	 -1.0417 	 -0.3749 	 -0.2058 	 0.4146 	 -0.2206 	 -0.0981 	 0.2042
3.8577 	 0.8129 	 0.2581 	 -1.0375 	 -0.3771 	 -0.2068 	 0.4167 	 -0.2290 	 -0.1008 	 0.2081
3.8677 	 0.8092 	 0.2560 	 -1.0334 	 -0.3794 	 -0.2078 	 0.4188 	 -0.2309 	 -0.1015 	 0.2091
3.8778 	 0.8053 	 0.2539 	 -1.0291 	 -0.3817 	 -0.2088 	 0.4209 	 -0.2328 	 -0.1021 	 0.2101
3.8878 	 0.8015 	 0.2518 	 -1.0249 	 -0.3841 	 -0.2099 	 0.4230 	 -0.2348 	 -0.1028 	 0.2111
3.8978 	 0.7976 	 0.2497 	 -1.0207 	 -0.3865 	 -0.2109 	 0.4251 	 -0.2367 	 -0.1035 	 0.2121
3.9078 	 0.7938 	 0.2476 	 -1.0164 	 -0.3888 	 -0.2119 	 0.4272 	 -0.2387 	 -0.1042 	 0.2131
3.9178 	 0.7899 	 0.2455 	 -1.0121 	 -0.3912 	 -0.2130 	 0.4294 	 -0.2407 	 -0.1049 	 0.2140
3.9279 	 0.7859 	 0.2433 	 -1.0078 	 -0.3937 	 -0.2140 	 0.4315 	 -0.2428 	 -0.1057 	 0.2150
3.9379 	 0.7820 	 0.2412 	 -1.0035 	 -0.3961 	 -0.2151 	 0.4337 	 -0.2448 	 -0.1064 	 0.2159
3.9479 	 0.7780 	 0.2390 	 -0.9991 	 -0.3986 	 -0.2162 	 0.4358 	 -0.2469 	 -0.1071 	 0.2169
3.9579 	 0.7740 	 0.2368 	 -0.9947 	 -0.4010 	 -0.2173 	 0.4380 	 -0.2490 	 -0.1079 	 0.2178
3.9679 	 0.7699 	 0.2347 	 -0.9903 	 -0.4036 	 -0.2183 	 0.4402 	 -0.2510 	 -0.1086 	 0.2187
3.9780 	 0.7659 	 0.2325 	 -0.9859 	 -0.4061 	 -0.2194 	 0.4424 	 -0.2532 	 -0.1094 	 0.2196
3.9880 	 0.7618 	 0.2303 	 -0.9815 	 -0.4086 	 -0.2205 	 0.4446 	 -0.2553 	 -0.1101 	 0.2205
3.9980 	 0.7577 	 0.2280 	 -0.9770 	 -0.4112 	 -0.2216 	 0.4468 	 -0.2574 	 -0.1109 	 0.2214
4.0080 	 0.7536 	 0.2258 	 -0.9725 	 -0.4138 	 -0.2227 	 0.4491 	 -0.2595 	 -0.1117 	 0.2223
4.0180 	 0.7494 	 0.2236 	 -0.9680 	 -0.4164 	 -0.2239 	 0.4513 	 -0.2617 	 -0.1124 	 0.2232
4.0281 	 0.7452 	 0.2213 	 -0.9635 	 -0.4190 	 -0.2250 	 0.4535 	 -0.2638 	 -0.1132 	 0.2241
4.0381 	 0.7410 	 0.2191 	 -0.9589 	 -0.4217 	 -0.2261 	 0.4558 	 -0.2659 	 -0.1140 	 0.2250
4.0481 	 0.7368 	 0.2168 	 -0.9543 	 -0.4244 	 -0.2273 	 0.4580 	 -0.2680 	 -0.1148 	 0.2260
4.0581 	 0.7325 	 0.2145 	 -0.9497 	 -0.4271 	 -0.2284 	 0.4603 	 -0.2702 	 -0.1156 	 0.2270
4.0681 	 0.7282 	 0.2122 	 -0.9451 	 -0.4298 	 -0.2296 	 0.4626 	 -0.2723 	 -0.1164 	 0.2280
4.0782 	 0.7239 	 0.2099 	 -0.9405 	 -0.4325 	 -0.2308 	 0.4649 	 -0.2744 	 -0.1173 	 0.2291
4.0882 	 0.7195 	 0.2076 	 -0.9358 	 -0.4353 	 -0.2320 	 0.4672 	 -0.2766 	 -0.1181 	 0.2302
4.0982 	 0.7152 	 0.2053 	 -0.9311 	 -0.4381 	 -0.2331 	 0.4695 	 -0.2787 	 -0.1190 	 0.2315
4.1082 	 0.7108 	 0.2029 	 -0.9264 	 -0.4409 	 -0.2343 	 0.4718 	 -0.2809 	 -0.1199 	 0.2328
4.1182 	 0.7063 	 0.2006 	 -0.9216 	 -0.4437 	 -0.2355 	 0.4742 	 -0.2831 	 -0.1208 	 0.2341
4.1283 	 0.7019 	 0.1982 	 -0.9169 	 -0.4465 	 -0.2368 	 0.4765 	 -0.2853 	 -0.1217 	 0.2356
4.1383 	 0.6974 	 0.1958 	 -0.9121 	 -0.4494 	 -0.2380 	 0.4789 	 -0.2876 	 -0.1226 	 0.2372
4.1483 	 0.6929 	 0.1934 	 -0.9073 	 -0.4523 	 -0.2392 	 0.4813 	 -0.2899 	 -0.1236 	 0.2390
4.1583 	 0.6883 	 0.1910 	 -0.9024 	 -0.4552 	 -0.2405 	 0.4837 	 -0.2922 	 -0.1247 	 0.2408
4.1683 	 0.6837 	 0.1886 	 -0.8976 	 -0.4581 	 -0.2417 	 0.4861 	 -0.2947 	 -0.1257 	 0.2428
4.1784 	 0.6791 	 0.1862 	 -0.8927 	 -0.4611 	 -0.2430 	 0.4885 	 -0.2972 	 -0.1268 	 0.2449
4.1884 	 0.6745 	 0.1837 	 -0.8878 	 -0.4641 	 -0.2443 	 0.4910 	 -0.2998 	 -0.1280 	 0.2471
4.1984 	 0.6698 	 0.1813 	 -0.8829 	 -0.4671 	 -0.2455 	 0.4935 	 -0.3025 	 -0.1292 	 0.2495
4.2084 	 0.6651 	 0.1788 	 -0.8779 	 -0.4702 	 -0.2468 	 0.4960 	 -0.3053 	 -0.1304 	 0.2521
4.2184 	 0.6604 	 0.1763 	 -0.8729 	 -0.4732 	 -0.2482 	 0.4985 	 -0.3082 	 -0.1317 	 0.2548
4.2285 	 0.6557 	 0.1739 	 -0.8679 	 -0.4763 	 -0.2495 	 0.5011 	 -0.3112 	 -0.1331 	 0.2576
4.2385 	 0.6509 	 0.1713 	 -0.8629 	 -0.4795 	 -0.2508 	 0.5037 	 -0.3144 	 -0.1345 	 0.2606
4.2485 	 0.6461 	 0.1688 	 -0.8578 	 -0.4826 	 -0.2522 	 0.5063 	 -0.3177 	 -0.1360 	 0.2637
4.2585 	 0.6412 	 0.1663 	 -0.8527 	 -0.4858 	 -0.2536 	 0.5090 	 -0.3212 	 -0.1376 	 0.2670
4.2685 	 0.6363 	 0.1637 	 -0.8476 	 -0.4891 	 -0.2549 	 0.5117 	 -0.3248 	 -0.1392 	 0.2704
4.2786 	 0.6314 	 0.1612 	 -0.8425 	 -0.4924 	 -0.2563 	 0.5144 	 -0.3285 	 -0.1409 	 0.2740
4.2886 	 0.6264 	 0.1586 	 -0.8373 	 -0.4957 	 -0.2578 	 0.5172 	 -0.3325 	 -0.1426 	 0.2778
4.2986 	 0.6215 	 0.1560 	 -0.8321 	 -0.4990 	 -0.2592 	 0.5200 	 -0.3365 	 -0.1444 	 0.2817
4.3086 	 0.6164 	 0.1534 	 -0.8269 	 -0.5024 	 -0.2607 	 0.5228 	 -0.3408 	 -0.1463 	 0.2858
4.3186 	 0.6114 	 0.1508 	 -0.8216 	 -0.5058 	 -0.2621 	 0.5257 	 -0.3453 	 -0.1483 	 0.2900
4.3287 	 0.6063 	 0.1482 	 -0.8164 	 -0.5093 	 -0.2636 	 0.5286 	 -0.3499 	 -0.1503 	 0.2945
4.3387 	 0.6012 	 0.1455 	 -0.8110 	 -0.5129 	 -0.2651 	 0.5316 	 -0.3547 	 -0.1525 	 0.2990
4.3487 	 0.5960 	 0.1428 	 -0.8057 	 -0.5164 	 -0.2667 	 0.5346 	 -0.3580 	 -0.1546 	 0.3101
4.3587 	 0.5908 	 0.1402 	 -0.8003 	 -0.5201 	 -0.2682 	 0.5378 	 -0.3631 	 -0.1569 	 0.3161
4.3687 	 0.5856 	 0.1375 	 -0.7949 	 -0.5237 	 -0.2698 	 0.5410 	 -0.3685 	 -0.1593 	 0.3223
4.3788 	 0.5803 	 0.1348 	 -0.7895 	 -0.5274 	 -0.2714 	 0.5442 	 -0.3741 	 -0.1618 	 0.3286
4.3888 	 0.5750 	 0.1320 	 -0.7840 	 -0.5312 	 -0.2731 	 0.5475 	 -0.3800 	 -0.1644 	 0.3350
4.3988 	 0.5697 	 0.1293 	 -0.7785 	 -0.5351 	 -0.2747 	 0.5509 	 -0.3861 	 -0.1671 	 0.3417
4.4088 	 0.5643 	 0.1265 	 -0.7730 	 -0.5390 	 -0.2764 	 0.5544 	 -0.3925 	 -0.1699 	 0.3484
4.4188 	 0.5589 	 0.1237 	 -0.7674 	 -0.5429 	 -0.2781 	 0.5579 	 -0.3992 	 -0.1728 	 0.3554
4.4289 	 0.5534 	 0.1210 	 -0.7618 	 -0.5470 	 -0.2799 	 0.5615 	 -0.4062 	 -0.1758 	 0.3625
4.4389 	 0.5479 	 0.1181 	 -0.7562 	 -0.5511 	 -0.2817 	 0.5652 	 -0.4135 	 -0.1789 	 0.3699
4.4489 	 0.5424 	 0.1153 	 -0.7505 	 -0.5552 	 -0.2835 	 0.5689 	 -0.4211 	 -0.1821 	 0.3774
4.4589 	 0.5368 	 0.1125 	 -0.7447 	 -0.5595 	 -0.2853 	 0.5728 	 -0.4291 	 -0.1854 	 0.3851
4.4689 	 0.5312 	 0.1096 	 -0.7390 	 -0.5638 	 -0.2872 	 0.5767 	 -0.4374 	 -0.1889 	 0.3931
4.4790 	 0.5255 	 0.1067 	 -0.7332 	 -0.5683 	 -0.2891 	 0.5806 	 -0.4460 	 -0.1926 	 0.4013
4.4890 	 0.5198 	 0.1038 	 -0.7274 	 -0.5728 	 -0.2910 	 0.5847 	 -0.4551 	 -0.1963 	 0.4097
4.4990 	 0.5140 	 0.1009 	 -0.7215 	 -0.5774 	 -0.2930 	 0.5888 	 -0.4645 	 -0.2003 	 0.4184
4.5090 	 0.5082 	 0.0979 	 -0.7156 	 -0.5821 	 -0.2951 	 0.5931 	 -0.4745 	 -0.2044 	 0.4274
4.5190 	 0.5024 	 0.0950 	 -0.7096 	 -0.5869 	 -0.2971 	 0.5974 	 -0.4849 	 -0.2088 	 0.4368
4.5291 	 0.4965 	 0.0920 	 -0.7036 	 -0.5918 	 -0.2992 	 0.6018 	 -0.4958 	 -0.2133 	 0.4464
4.5391 	 0.4905 	 0.0890 	 -0.6975 	 -0.5968 	 -0.3014 	 0.6064 	 -0.5073 	 -0.2181 	 0.4564
4.5491 	 0.4845 	 0.0859 	 -0.6914 	 -0.6020 	 -0.3036 	 0.6110 	 -0.5194 	 -0.2232 	 0.4667
4.5591 	 0.4784 	 0.0829 	 -0.6853 	 -0.6072 	 -0.3059 	 0.6157 	 -0.5322 	 -0.2285 	 0.4775
4.5691 	 0.4723 	 0.0798 	 -0.6791 	 -0.6127 	 -0.3082 	 0.6206 	 -0.5509 	 -0.2373 	 0.4903
4.5792 	 0.4662 	 0.0767 	 -0.6728 	 -0.6182 	 -0.3106 	 0.6255 	 -0.5639 	 -0.2426 	 0.5015
4.5892 	 0.4599 	 0.0736 	 -0.6666 	 -0.6240 	 -0.3131 	 0.6306 	 -0.5776 	 -0.2482 	 0.5132
4.5992 	 0.4537 	 0.0704 	 -0.6602 	 -0.6298 	 -0.3156 	 0.6358 	 -0.5922 	 -0.2541 	 0.5256
4.6092 	 0.4473 	 0.0672 	 -0.6538 	 -0.6358 	 -0.3182 	 0.6411 	 -0.6077 	 -0.2604 	 0.5387
4.6192 	 0.4409 	 0.0640 	 -0.6474 	 -0.6421 	 -0.3208 	 0.6466 	 -0.6333 	 -0.2717 	 0.5534
4.6293 	 0.4344 	 0.0608 	 -0.6408 	 -0.6485 	 -0.3236 	 0.6522 	 -0.6496 	 -0.2780 	 0.5677
4.6393 	 0.4279 	 0.0576 	 -0.6343 	 -0.6551 	 -0.3264 	 0.6580 	 -0.6761 	 -0.2902 	 0.5892
4.6493 	 0.4213 	 0.0543 	 -0.6277 	 -0.6620 	 -0.3294 	 0.6640 	 -0.6934 	 -0.2964 	 0.6046
4.6593 	 0.4146 	 0.0510 	 -0.6210 	 -0.6691 	 -0.3324 	 0.6702 	 -0.7162 	 -0.3054 	 0.6244
4.6693 	 0.4079 	 0.0476 	 -0.6142 	 -0.6764 	 -0.3355 	 0.6765 	 -0.7394 	 -0.3144 	 0.6443
4.6794 	 0.4011 	 0.0442 	 -0.6074 	 -0.6839 	 -0.3387 	 0.6831 	 -0.7719 	 -0.3287 	 0.6712
4.6894 	 0.3942 	 0.0408 	 -0.6005 	 -0.6920 	 -0.3421 	 0.6901 	 -0.8243 	 -0.3510 	 0.7170
4.6994 	 0.3872 	 0.0374 	 -0.5936 	 -0.7003 	 -0.3457 	 0.6974 	 -0.8450 	 -0.3566 	 0.7367
4.7094 	 0.3802 	 0.0339 	 -0.5866 	 -0.7088 	 -0.3493 	 0.7048 	 -0.8569 	 -0.3583 	 0.7481
4.7194 	 0.3730 	 0.0304 	 -0.5795 	 -0.7177 	 -0.3529 	 0.7125 	 -0.9035 	 -0.3695 	 0.7878
4.7295 	 0.3658 	 0.0268 	 -0.5723 	 -0.7269 	 -0.3566 	 0.7205 	 -0.9181 	 -0.3689 	 0.8055
4.7395 	 0.3584 	 0.0232 	 -0.5650 	 -0.7361 	 -0.3603 	 0.7286 	 -0.9215 	 -0.3681 	 0.8104
4.7495 	 0.3510 	 0.0196 	 -0.5577 	 -0.7453 	 -0.3640 	 0.7368 	 -0.9315 	 -0.3703 	 0.8261
4.7595 	 0.3435 	 0.0159 	 -0.5503 	 -0.7547 	 -0.3677 	 0.7451 	 -0.9334 	 -0.3688 	 0.8296
4.7695 	 0.3359 	 0.0122 	 -0.5427 	 -0.7641 	 -0.3714 	 0.7534 	 -0.9355 	 -0.3673 	 0.8340
4.7796 	 0.3282 	 0.0085 	 -0.5352 	 -0.7734 	 -0.3751 	 0.7618 	 -0.9379 	 -0.3659 	 0.8392
4.7896 	 0.3204 	 0.0047 	 -0.5275 	 -0.7828 	 -0.3787 	 0.7703 	 -0.9406 	 -0.3644 	 0.8456
4.7996 	 0.3125 	 0.0009 	 -0.5197 	 -0.7924 	 -0.3824 	 0.7789 	 -0.9575 	 -0.3664 	 0.8758
4.8096 	 0.3045 	 -0.0029 	 -0.5119 	 -0.8020 	 -0.3861 	 0.7877 	 -0.9557 	 -0.3636 	 0.8761
4.8196 	 0.2964 	 -0.0068 	 -0.5039 	 -0.8115 	 -0.3897 	 0.7965 	 -0.9536 	 -0.3607 	 0.8769
4.8297 	 0.2883 	 -0.0108 	 -0.4959 	 -0.8211 	 -0.3933 	 0.8053 	 -0.9539 	 -0.3581 	 0.8881
4.8397 	 0.2800 	 -0.0147 	 -0.4878 	 -0.8307 	 -0.3969 	 0.8143 	 -0.9528 	 -0.3556 	 0.8904
4.8497 	 0.2716 	 -0.0187 	 -0.4796 	 -0.8402 	 -0.4004 	 0.8232 	 -0.9486 	 -0.3539 	 0.8920
4.8597 	 0.2631 	 -0.0227 	 -0.4713 	 -0.8497 	 -0.4040 	 0.8321 	 -0.9420 	 -0.3501 	 0.8866
4.8697 	 0.2546 	 -0.0268 	 -0.4629 	 -0.8591 	 -0.4075 	 0.8410 	 -0.9346 	 -0.3463 	 0.8805
4.8798 	 0.2459 	 -0.0309 	 -0.4544 	 -0.8684 	 -0.4109 	 0.8498 	 -0.9261 	 -0.3426 	 0.8735
4.8898 	 0.2372 	 -0.0350 	 -0.4459 	 -0.8776 	 -0.4143 	 0.8585 	 -0.9176 	 -0.3376 	 0.8711
4.8998 	 0.2283 	 -0.0392 	 -0.4372 	 -0.8868 	 -0.4177 	 0.8672 	 -0.9129 	 -0.3328 	 0.8626
4.9098 	 0.2194 	 -0.0434 	 -0.4285 	 -0.8959 	 -0.4210 	 0.8758 	 -0.8969 	 -0.3306 	 0.8583
4.9198 	 0.2104 	 -0.0476 	 -0.4197 	 -0.9047 	 -0.4243 	 0.8843 	 -0.8751 	 -0.3245 	 0.8384
4.9299 	 0.2013 	 -0.0519 	 -0.4108 	 -0.9134 	 -0.4275 	 0.8926 	 -0.8500 	 -0.3175 	 0.8167
4.9399 	 0.1921 	 -0.0562 	 -0.4018 	 -0.9218 	 -0.4306 	 0.9007 	 -0.8243 	 -0.3083 	 0.7975
4.9499 	 0.1828 	 -0.0605 	 -0.3927 	 -0.9299 	 -0.4337 	 0.9085 	 -0.7939 	 -0.3004 	 0.7670
4.9599 	 0.1735 	 -0.0649 	 -0.3836 	 -0.9377 	 -0.4366 	 0.9161 	 -0.7611 	 -0.2899 	 0.7343
4.9699 	 0.1640 	 -0.0693 	 -0.3744 	 -0.9451 	 -0.4395 	 0.9232 	 -0.7191 	 -0.2772 	 0.6843
4.9800 	 0.1545 	 -0.0737 	 -0.3651 	 -0.9521 	 -0.4422 	 0.9298 	 -0.6649 	 -0.2597 	 0.6360
4.9900 	 0.1449 	 -0.0781 	 -0.3558 	 -0.9584 	 -0.4446 	 0.9359 	 -0.5951 	 -0.2279 	 0.5719
