100-Body Run with i = 22 th particle. (Units in pc,M_solar,Myr, km s-1) 

time		 x 		 y 		 z 		 xdot 		 ydot 		 zdot 		 xddot 		 yddot 		 zddot
0.0000 	 -0.0386 	 0.0761 	 -0.1917 	 0.0064 	 0.0042 	 0.0166 	 0.3631 	 -0.4272 	 0.1987
0.0100 	 -0.0385 	 0.0761 	 -0.1916 	 0.0100 	 -0.0001 	 0.0186 	 0.3633 	 -0.4271 	 0.1989
0.0200 	 -0.0384 	 0.0761 	 -0.1914 	 0.0137 	 -0.0043 	 0.0206 	 0.3635 	 -0.4270 	 0.1991
0.0301 	 -0.0382 	 0.0760 	 -0.1912 	 0.0173 	 -0.0086 	 0.0226 	 0.3636 	 -0.4267 	 0.1993
0.0401 	 -0.0380 	 0.0759 	 -0.1909 	 0.0209 	 -0.0129 	 0.0246 	 0.3637 	 -0.4265 	 0.1995
0.0501 	 -0.0378 	 0.0758 	 -0.1907 	 0.0246 	 -0.0172 	 0.0266 	 0.3638 	 -0.4261 	 0.1998
0.0601 	 -0.0376 	 0.0756 	 -0.1904 	 0.0282 	 -0.0214 	 0.0286 	 0.3638 	 -0.4257 	 0.2001
0.0701 	 -0.0372 	 0.0754 	 -0.1901 	 0.0319 	 -0.0257 	 0.0306 	 0.3639 	 -0.4253 	 0.2004
0.0802 	 -0.0369 	 0.0751 	 -0.1898 	 0.0355 	 -0.0300 	 0.0326 	 0.3639 	 -0.4248 	 0.2007
0.0902 	 -0.0365 	 0.0747 	 -0.1894 	 0.0392 	 -0.0342 	 0.0346 	 0.3638 	 -0.4243 	 0.2011
0.1002 	 -0.0361 	 0.0744 	 -0.1891 	 0.0428 	 -0.0385 	 0.0367 	 0.3638 	 -0.4237 	 0.2014
0.1102 	 -0.0357 	 0.0740 	 -0.1887 	 0.0465 	 -0.0427 	 0.0387 	 0.3637 	 -0.4230 	 0.2018
0.1202 	 -0.0352 	 0.0735 	 -0.1883 	 0.0501 	 -0.0469 	 0.0407 	 0.3636 	 -0.4223 	 0.2023
0.1303 	 -0.0347 	 0.0730 	 -0.1879 	 0.0538 	 -0.0512 	 0.0427 	 0.3634 	 -0.4216 	 0.2027
0.1403 	 -0.0341 	 0.0725 	 -0.1874 	 0.0574 	 -0.0554 	 0.0448 	 0.3633 	 -0.4207 	 0.2032
0.1503 	 -0.0335 	 0.0719 	 -0.1870 	 0.0610 	 -0.0596 	 0.0468 	 0.3631 	 -0.4199 	 0.2038
0.1603 	 -0.0329 	 0.0713 	 -0.1865 	 0.0647 	 -0.0638 	 0.0488 	 0.3628 	 -0.4189 	 0.2043
0.1703 	 -0.0322 	 0.0707 	 -0.1860 	 0.0683 	 -0.0680 	 0.0509 	 0.3626 	 -0.4179 	 0.2049
0.1804 	 -0.0315 	 0.0699 	 -0.1855 	 0.0719 	 -0.0722 	 0.0530 	 0.3623 	 -0.4168 	 0.2055
0.1904 	 -0.0308 	 0.0692 	 -0.1849 	 0.0756 	 -0.0763 	 0.0550 	 0.3619 	 -0.4157 	 0.2062
0.2004 	 -0.0300 	 0.0684 	 -0.1844 	 0.0792 	 -0.0805 	 0.0571 	 0.3616 	 -0.4145 	 0.2069
0.2104 	 -0.0292 	 0.0676 	 -0.1838 	 0.0828 	 -0.0847 	 0.0592 	 0.3612 	 -0.4132 	 0.2076
0.2204 	 -0.0284 	 0.0667 	 -0.1832 	 0.0864 	 -0.0888 	 0.0612 	 0.3608 	 -0.4119 	 0.2084
0.2305 	 -0.0275 	 0.0658 	 -0.1826 	 0.0900 	 -0.0929 	 0.0633 	 0.3603 	 -0.4105 	 0.2092
0.2405 	 -0.0265 	 0.0649 	 -0.1819 	 0.0936 	 -0.0970 	 0.0654 	 0.3598 	 -0.4090 	 0.2100
0.2505 	 -0.0256 	 0.0639 	 -0.1813 	 0.0972 	 -0.1011 	 0.0675 	 0.3592 	 -0.4075 	 0.2109
0.2605 	 -0.0246 	 0.0628 	 -0.1806 	 0.1008 	 -0.1052 	 0.0697 	 0.3586 	 -0.4058 	 0.2118
0.2705 	 -0.0236 	 0.0618 	 -0.1799 	 0.1044 	 -0.1092 	 0.0718 	 0.3578 	 -0.4059 	 0.2186
0.2806 	 -0.0225 	 0.0606 	 -0.1791 	 0.1080 	 -0.1133 	 0.0740 	 0.3572 	 -0.4040 	 0.2194
0.2906 	 -0.0214 	 0.0595 	 -0.1784 	 0.1116 	 -0.1173 	 0.0762 	 0.3564 	 -0.4020 	 0.2201
0.3006 	 -0.0203 	 0.0583 	 -0.1776 	 0.1152 	 -0.1214 	 0.0784 	 0.3584 	 -0.4053 	 0.2195
0.3106 	 -0.0191 	 0.0571 	 -0.1768 	 0.1187 	 -0.1254 	 0.0806 	 0.3574 	 -0.4028 	 0.2204
0.3206 	 -0.0179 	 0.0558 	 -0.1760 	 0.1223 	 -0.1294 	 0.0829 	 0.3563 	 -0.4001 	 0.2213
0.3307 	 -0.0166 	 0.0545 	 -0.1752 	 0.1259 	 -0.1334 	 0.0851 	 0.3552 	 -0.3973 	 0.2223
0.3407 	 -0.0154 	 0.0531 	 -0.1743 	 0.1294 	 -0.1374 	 0.0873 	 0.3540 	 -0.3943 	 0.2234
0.3507 	 -0.0141 	 0.0517 	 -0.1734 	 0.1330 	 -0.1413 	 0.0896 	 0.3527 	 -0.3913 	 0.2245
0.3607 	 -0.0127 	 0.0503 	 -0.1725 	 0.1365 	 -0.1452 	 0.0918 	 0.3513 	 -0.3880 	 0.2256
0.3707 	 -0.0113 	 0.0488 	 -0.1716 	 0.1400 	 -0.1491 	 0.0941 	 0.3499 	 -0.3846 	 0.2269
0.3808 	 -0.0099 	 0.0473 	 -0.1706 	 0.1435 	 -0.1529 	 0.0964 	 0.3484 	 -0.3811 	 0.2281
0.3908 	 -0.0084 	 0.0457 	 -0.1696 	 0.1470 	 -0.1568 	 0.0987 	 0.3470 	 -0.3782 	 0.2355
0.4008 	 -0.0070 	 0.0441 	 -0.1686 	 0.1505 	 -0.1605 	 0.1011 	 0.3452 	 -0.3742 	 0.2365
0.4108 	 -0.0054 	 0.0425 	 -0.1676 	 0.1539 	 -0.1643 	 0.1034 	 0.3434 	 -0.3700 	 0.2375
0.4208 	 -0.0039 	 0.0409 	 -0.1666 	 0.1574 	 -0.1679 	 0.1059 	 0.3417 	 -0.3665 	 0.2445
0.4309 	 -0.0023 	 0.0392 	 -0.1655 	 0.1608 	 -0.1716 	 0.1083 	 0.3396 	 -0.3618 	 0.2451
0.4409 	 -0.0006 	 0.0374 	 -0.1644 	 0.1642 	 -0.1752 	 0.1108 	 0.3374 	 -0.3569 	 0.2458
0.4509 	 0.0010 	 0.0356 	 -0.1633 	 0.1675 	 -0.1788 	 0.1133 	 0.3351 	 -0.3517 	 0.2465
0.4609 	 0.0027 	 0.0338 	 -0.1621 	 0.1709 	 -0.1822 	 0.1157 	 0.3326 	 -0.3462 	 0.2473
0.4709 	 0.0044 	 0.0320 	 -0.1609 	 0.1742 	 -0.1857 	 0.1183 	 0.3303 	 -0.3421 	 0.2537
0.4810 	 0.0062 	 0.0301 	 -0.1597 	 0.1775 	 -0.1891 	 0.1208 	 0.3275 	 -0.3358 	 0.2539
0.4910 	 0.0080 	 0.0282 	 -0.1585 	 0.1808 	 -0.1924 	 0.1233 	 0.3281 	 -0.3282 	 0.2494
0.5010 	 0.0098 	 0.0263 	 -0.1573 	 0.1841 	 -0.1957 	 0.1258 	 0.3247 	 -0.3213 	 0.2499
0.5110 	 0.0117 	 0.0243 	 -0.1560 	 0.1873 	 -0.1989 	 0.1283 	 0.3211 	 -0.3140 	 0.2504
0.5210 	 0.0136 	 0.0223 	 -0.1547 	 0.1905 	 -0.2020 	 0.1308 	 0.3172 	 -0.3063 	 0.2509
0.5311 	 0.0155 	 0.0202 	 -0.1534 	 0.1937 	 -0.2050 	 0.1334 	 0.3131 	 -0.2987 	 0.2574
0.5411 	 0.0175 	 0.0182 	 -0.1520 	 0.1968 	 -0.2080 	 0.1360 	 0.3089 	 -0.2923 	 0.2694
0.5511 	 0.0194 	 0.0161 	 -0.1507 	 0.1998 	 -0.2108 	 0.1387 	 0.3041 	 -0.2827 	 0.2680
0.5611 	 0.0215 	 0.0139 	 -0.1492 	 0.2029 	 -0.2136 	 0.1413 	 0.3039 	 -0.2709 	 0.2634
0.5711 	 0.0235 	 0.0118 	 -0.1478 	 0.2059 	 -0.2163 	 0.1440 	 0.2981 	 -0.2603 	 0.2619
0.5812 	 0.0256 	 0.0096 	 -0.1464 	 0.2089 	 -0.2188 	 0.1466 	 0.2918 	 -0.2490 	 0.2604
0.5912 	 0.0277 	 0.0074 	 -0.1449 	 0.2118 	 -0.2213 	 0.1492 	 0.2850 	 -0.2370 	 0.2589
0.6012 	 0.0298 	 0.0052 	 -0.1434 	 0.2146 	 -0.2236 	 0.1518 	 0.2777 	 -0.2242 	 0.2572
0.6112 	 0.0320 	 0.0029 	 -0.1418 	 0.2173 	 -0.2257 	 0.1543 	 0.2698 	 -0.2105 	 0.2556
0.6212 	 0.0342 	 0.0007 	 -0.1403 	 0.2200 	 -0.2278 	 0.1569 	 0.2612 	 -0.1960 	 0.2538
0.6313 	 0.0364 	 -0.0016 	 -0.1387 	 0.2226 	 -0.2297 	 0.1594 	 0.2519 	 -0.1805 	 0.2520
0.6413 	 0.0386 	 -0.0040 	 -0.1371 	 0.2251 	 -0.2314 	 0.1619 	 0.2433 	 -0.1692 	 0.2478
0.6513 	 0.0409 	 -0.0063 	 -0.1355 	 0.2274 	 -0.2330 	 0.1644 	 0.2321 	 -0.1512 	 0.2459
0.6613 	 0.0432 	 -0.0086 	 -0.1338 	 0.2297 	 -0.2345 	 0.1669 	 0.2200 	 -0.1322 	 0.2438
0.6713 	 0.0455 	 -0.0110 	 -0.1321 	 0.2318 	 -0.2357 	 0.1693 	 0.2071 	 -0.1125 	 0.2412
0.6814 	 0.0479 	 -0.0133 	 -0.1304 	 0.2339 	 -0.2368 	 0.1717 	 0.2026 	 -0.0964 	 0.2395
0.6914 	 0.0502 	 -0.0157 	 -0.1287 	 0.2359 	 -0.2376 	 0.1740 	 0.1868 	 -0.0750 	 0.2355
0.7014 	 0.0526 	 -0.0181 	 -0.1269 	 0.2377 	 -0.2383 	 0.1764 	 0.1704 	 -0.0532 	 0.2307
0.7114 	 0.0550 	 -0.0205 	 -0.1251 	 0.2393 	 -0.2387 	 0.1787 	 0.1535 	 -0.0314 	 0.2253
0.7214 	 0.0574 	 -0.0229 	 -0.1233 	 0.2407 	 -0.2389 	 0.1809 	 0.1361 	 -0.0094 	 0.2193
0.7315 	 0.0598 	 -0.0253 	 -0.1215 	 0.2420 	 -0.2389 	 0.1831 	 0.1183 	 0.0126 	 0.2127
0.7415 	 0.0622 	 -0.0277 	 -0.1197 	 0.2431 	 -0.2386 	 0.1851 	 0.1000 	 0.0349 	 0.2057
0.7515 	 0.0647 	 -0.0301 	 -0.1178 	 0.2440 	 -0.2382 	 0.1872 	 0.0813 	 0.0575 	 0.1983
0.7615 	 0.0671 	 -0.0324 	 -0.1159 	 0.2447 	 -0.2375 	 0.1891 	 0.0659 	 0.0850 	 0.1862
0.7715 	 0.0696 	 -0.0348 	 -0.1140 	 0.2453 	 -0.2365 	 0.1909 	 0.0454 	 0.1081 	 0.1783
0.7816 	 0.0720 	 -0.0372 	 -0.1121 	 0.2457 	 -0.2353 	 0.1926 	 0.0241 	 0.1318 	 0.1704
0.7916 	 0.0745 	 -0.0395 	 -0.1102 	 0.2458 	 -0.2339 	 0.1943 	 0.0020 	 0.1559 	 0.1624
0.8016 	 0.0769 	 -0.0419 	 -0.1082 	 0.2457 	 -0.2322 	 0.1959 	 -0.0209 	 0.1805 	 0.1545
0.8116 	 0.0794 	 -0.0442 	 -0.1062 	 0.2454 	 -0.2302 	 0.1974 	 -0.0447 	 0.2056 	 0.1469
0.8216 	 0.0819 	 -0.0465 	 -0.1042 	 0.2448 	 -0.2280 	 0.1988 	 -0.0692 	 0.2311 	 0.1394
0.8317 	 0.0843 	 -0.0487 	 -0.1022 	 0.2440 	 -0.2256 	 0.2002 	 -0.0943 	 0.2569 	 0.1322
0.8417 	 0.0868 	 -0.0510 	 -0.1002 	 0.2429 	 -0.2229 	 0.2015 	 -0.1200 	 0.2829 	 0.1253
0.8517 	 0.0892 	 -0.0532 	 -0.0982 	 0.2416 	 -0.2199 	 0.2027 	 -0.1467 	 0.3097 	 0.1247
0.8617 	 0.0916 	 -0.0554 	 -0.0962 	 0.2400 	 -0.2167 	 0.2039 	 -0.1731 	 0.3358 	 0.1170
0.8717 	 0.0940 	 -0.0576 	 -0.0941 	 0.2381 	 -0.2132 	 0.2051 	 -0.1997 	 0.3619 	 0.1092
0.8818 	 0.0964 	 -0.0597 	 -0.0921 	 0.2360 	 -0.2094 	 0.2061 	 -0.2264 	 0.3881 	 0.1010
0.8918 	 0.0987 	 -0.0618 	 -0.0900 	 0.2336 	 -0.2054 	 0.2071 	 -0.2532 	 0.4143 	 0.0923
0.9018 	 0.1010 	 -0.0638 	 -0.0879 	 0.2309 	 -0.2011 	 0.2080 	 -0.2801 	 0.4405 	 0.0829
0.9118 	 0.1033 	 -0.0658 	 -0.0858 	 0.2279 	 -0.1966 	 0.2088 	 -0.3069 	 0.4668 	 0.0725
0.9218 	 0.1056 	 -0.0677 	 -0.0837 	 0.2247 	 -0.1918 	 0.2094 	 -0.3337 	 0.4932 	 0.0610
0.9319 	 0.1078 	 -0.0696 	 -0.0816 	 0.2213 	 -0.1867 	 0.2100 	 -0.3605 	 0.5197 	 0.0481
0.9419 	 0.1100 	 -0.0715 	 -0.0795 	 0.2175 	 -0.1814 	 0.2104 	 -0.3884 	 0.5476 	 0.0394
0.9519 	 0.1122 	 -0.0733 	 -0.0774 	 0.2135 	 -0.1758 	 0.2107 	 -0.4148 	 0.5739 	 0.0219
0.9619 	 0.1143 	 -0.0750 	 -0.0753 	 0.2092 	 -0.1699 	 0.2108 	 -0.4410 	 0.6001 	 0.0023
0.9719 	 0.1164 	 -0.0767 	 -0.0732 	 0.2047 	 -0.1637 	 0.2107 	 -0.4668 	 0.6261 	 -0.0198
0.9820 	 0.1184 	 -0.0783 	 -0.0711 	 0.1998 	 -0.1573 	 0.2104 	 -0.4920 	 0.6516 	 -0.0444
0.9920 	 0.1204 	 -0.0798 	 -0.0690 	 0.1948 	 -0.1507 	 0.2098 	 -0.5166 	 0.6766 	 -0.0717
1.0020 	 0.1223 	 -0.0813 	 -0.0669 	 0.1895 	 -0.1437 	 0.2090 	 -0.5367 	 0.7034 	 -0.0984
1.0120 	 0.1242 	 -0.0827 	 -0.0648 	 0.1840 	 -0.1366 	 0.2078 	 -0.5597 	 0.7260 	 -0.1315
1.0220 	 0.1260 	 -0.0840 	 -0.0627 	 0.1783 	 -0.1292 	 0.2064 	 -0.5812 	 0.7471 	 -0.1670
1.0321 	 0.1278 	 -0.0853 	 -0.0607 	 0.1724 	 -0.1216 	 0.2045 	 -0.6009 	 0.7665 	 -0.2044
1.0421 	 0.1295 	 -0.0865 	 -0.0586 	 0.1663 	 -0.1138 	 0.2023 	 -0.6187 	 0.7837 	 -0.2431
1.0521 	 0.1311 	 -0.0876 	 -0.0566 	 0.1600 	 -0.1059 	 0.1996 	 -0.6345 	 0.7988 	 -0.2826
1.0621 	 0.1327 	 -0.0886 	 -0.0546 	 0.1536 	 -0.0978 	 0.1966 	 -0.6483 	 0.8117 	 -0.3222
1.0721 	 0.1342 	 -0.0895 	 -0.0527 	 0.1470 	 -0.0897 	 0.1932 	 -0.6602 	 0.8223 	 -0.3610
1.0822 	 0.1356 	 -0.0904 	 -0.0507 	 0.1403 	 -0.0814 	 0.1894 	 -0.6704 	 0.8309 	 -0.3988
1.0922 	 0.1370 	 -0.0911 	 -0.0489 	 0.1336 	 -0.0730 	 0.1852 	 -0.6791 	 0.8375 	 -0.4349
1.1022 	 0.1383 	 -0.0918 	 -0.0470 	 0.1268 	 -0.0646 	 0.1807 	 -0.6839 	 0.8475 	 -0.4675
1.1122 	 0.1395 	 -0.0924 	 -0.0453 	 0.1199 	 -0.0560 	 0.1758 	 -0.6907 	 0.8500 	 -0.4998
1.1222 	 0.1407 	 -0.0930 	 -0.0435 	 0.1129 	 -0.0475 	 0.1707 	 -0.6966 	 0.8511 	 -0.5300
1.1323 	 0.1418 	 -0.0934 	 -0.0418 	 0.1059 	 -0.0390 	 0.1652 	 -0.7017 	 0.8507 	 -0.5579
1.1423 	 0.1428 	 -0.0937 	 -0.0402 	 0.0989 	 -0.0305 	 0.1595 	 -0.7062 	 0.8490 	 -0.5837
1.1523 	 0.1438 	 -0.0940 	 -0.0386 	 0.0918 	 -0.0220 	 0.1535 	 -0.7101 	 0.8461 	 -0.6073
1.1623 	 0.1446 	 -0.0942 	 -0.0371 	 0.0846 	 -0.0135 	 0.1473 	 -0.7143 	 0.8427 	 -0.6349
1.1723 	 0.1455 	 -0.0943 	 -0.0357 	 0.0775 	 -0.0051 	 0.1409 	 -0.7169 	 0.8374 	 -0.6537
1.1824 	 0.1462 	 -0.0943 	 -0.0343 	 0.0703 	 0.0032 	 0.1342 	 -0.7205 	 0.8262 	 -0.6670
1.1924 	 0.1469 	 -0.0942 	 -0.0330 	 0.0630 	 0.0115 	 0.1275 	 -0.7218 	 0.8190 	 -0.6826
1.2024 	 0.1475 	 -0.0941 	 -0.0318 	 0.0558 	 0.0197 	 0.1205 	 -0.7226 	 0.8108 	 -0.6963
1.2124 	 0.1480 	 -0.0938 	 -0.0306 	 0.0486 	 0.0277 	 0.1135 	 -0.7229 	 0.8017 	 -0.7081
1.2224 	 0.1484 	 -0.0935 	 -0.0295 	 0.0413 	 0.0357 	 0.1064 	 -0.7227 	 0.7917 	 -0.7181
1.2325 	 0.1488 	 -0.0931 	 -0.0285 	 0.0341 	 0.0436 	 0.0991 	 -0.7220 	 0.7808 	 -0.7263
1.2425 	 0.1491 	 -0.0926 	 -0.0275 	 0.0269 	 0.0514 	 0.0918 	 -0.7208 	 0.7690 	 -0.7326
1.2525 	 0.1494 	 -0.0921 	 -0.0266 	 0.0196 	 0.0590 	 0.0844 	 -0.7192 	 0.7563 	 -0.7371
1.2625 	 0.1495 	 -0.0914 	 -0.0258 	 0.0124 	 0.0665 	 0.0770 	 -0.7170 	 0.7428 	 -0.7398
1.2725 	 0.1496 	 -0.0907 	 -0.0251 	 0.0053 	 0.0739 	 0.0696 	 -0.7142 	 0.7282 	 -0.7407
1.2826 	 0.1496 	 -0.0900 	 -0.0244 	 -0.0019 	 0.0811 	 0.0622 	 -0.7107 	 0.7124 	 -0.7401
1.2926 	 0.1496 	 -0.0891 	 -0.0238 	 -0.0090 	 0.0882 	 0.0548 	 -0.7062 	 0.6952 	 -0.7384
1.3026 	 0.1494 	 -0.0882 	 -0.0233 	 -0.0160 	 0.0950 	 0.0474 	 -0.7005 	 0.6762 	 -0.7362
1.3126 	 0.1492 	 -0.0872 	 -0.0229 	 -0.0230 	 0.1017 	 0.0400 	 -0.6933 	 0.6554 	 -0.7342
1.3226 	 0.1490 	 -0.0862 	 -0.0225 	 -0.0299 	 0.1082 	 0.0327 	 -0.6843 	 0.6331 	 -0.7331
1.3327 	 0.1486 	 -0.0850 	 -0.0222 	 -0.0367 	 0.1144 	 0.0254 	 -0.6735 	 0.6097 	 -0.7327
1.3427 	 0.1482 	 -0.0839 	 -0.0220 	 -0.0434 	 0.1204 	 0.0180 	 -0.6613 	 0.5857 	 -0.7329
1.3527 	 0.1478 	 -0.0826 	 -0.0219 	 -0.0499 	 0.1261 	 0.0106 	 -0.6450 	 0.5586 	 -0.7371
1.3627 	 0.1472 	 -0.0813 	 -0.0218 	 -0.0563 	 0.1316 	 0.0032 	 -0.6320 	 0.5354 	 -0.7369
1.3727 	 0.1466 	 -0.0800 	 -0.0218 	 -0.0626 	 0.1368 	 -0.0041 	 -0.6191 	 0.5127 	 -0.7367
1.3828 	 0.1460 	 -0.0786 	 -0.0219 	 -0.0687 	 0.1419 	 -0.0115 	 -0.6067 	 0.4905 	 -0.7365
1.3928 	 0.1453 	 -0.0772 	 -0.0220 	 -0.0748 	 0.1467 	 -0.0189 	 -0.5949 	 0.4689 	 -0.7366
1.4028 	 0.1445 	 -0.0757 	 -0.0223 	 -0.0807 	 0.1513 	 -0.0263 	 -0.5835 	 0.4476 	 -0.7371
1.4128 	 0.1437 	 -0.0741 	 -0.0226 	 -0.0864 	 0.1556 	 -0.0337 	 -0.5727 	 0.4265 	 -0.7379
1.4228 	 0.1428 	 -0.0725 	 -0.0229 	 -0.0921 	 0.1598 	 -0.0411 	 -0.5623 	 0.4055 	 -0.7392
1.4329 	 0.1418 	 -0.0709 	 -0.0234 	 -0.0977 	 0.1638 	 -0.0485 	 -0.5532 	 0.3850 	 -0.7469
1.4429 	 0.1408 	 -0.0693 	 -0.0239 	 -0.1032 	 0.1675 	 -0.0560 	 -0.5435 	 0.3636 	 -0.7480
1.4529 	 0.1397 	 -0.0676 	 -0.0245 	 -0.1086 	 0.1710 	 -0.0635 	 -0.5342 	 0.3419 	 -0.7494
1.4629 	 0.1386 	 -0.0658 	 -0.0252 	 -0.1139 	 0.1744 	 -0.0710 	 -0.5254 	 0.3198 	 -0.7507
1.4729 	 0.1375 	 -0.0641 	 -0.0259 	 -0.1191 	 0.1775 	 -0.0785 	 -0.5184 	 0.2983 	 -0.7576
1.4830 	 0.1362 	 -0.0623 	 -0.0267 	 -0.1243 	 0.1803 	 -0.0861 	 -0.5108 	 0.2753 	 -0.7557
1.4930 	 0.1350 	 -0.0605 	 -0.0276 	 -0.1294 	 0.1830 	 -0.0937 	 -0.5034 	 0.2514 	 -0.7494
1.5030 	 0.1336 	 -0.0586 	 -0.0286 	 -0.1344 	 0.1854 	 -0.1011 	 -0.4924 	 0.2247 	 -0.7363
1.5130 	 0.1323 	 -0.0568 	 -0.0297 	 -0.1392 	 0.1875 	 -0.1084 	 -0.4734 	 0.1939 	 -0.7240
1.5230 	 0.1309 	 -0.0549 	 -0.0308 	 -0.1439 	 0.1892 	 -0.1157 	 -0.4523 	 0.1625 	 -0.7192
1.5331 	 0.1294 	 -0.0530 	 -0.0320 	 -0.1483 	 0.1907 	 -0.1229 	 -0.4327 	 0.1325 	 -0.7186
1.5431 	 0.1279 	 -0.0510 	 -0.0333 	 -0.1525 	 0.1919 	 -0.1301 	 -0.4142 	 0.1040 	 -0.7194
1.5531 	 0.1263 	 -0.0491 	 -0.0346 	 -0.1566 	 0.1928 	 -0.1373 	 -0.3961 	 0.0775 	 -0.7263
1.5631 	 0.1248 	 -0.0472 	 -0.0360 	 -0.1605 	 0.1935 	 -0.1446 	 -0.3775 	 0.0517 	 -0.7274
1.5731 	 0.1231 	 -0.0452 	 -0.0375 	 -0.1642 	 0.1938 	 -0.1519 	 -0.3583 	 0.0276 	 -0.7354
1.5832 	 0.1215 	 -0.0433 	 -0.0391 	 -0.1676 	 0.1940 	 -0.1593 	 -0.3374 	 0.0037 	 -0.7365
1.5932 	 0.1198 	 -0.0414 	 -0.0407 	 -0.1709 	 0.1939 	 -0.1667 	 -0.3143 	 -0.0197 	 -0.7369
1.6032 	 0.1180 	 -0.0394 	 -0.0424 	 -0.1739 	 0.1936 	 -0.1740 	 -0.2887 	 -0.0426 	 -0.7349
1.6132 	 0.1163 	 -0.0375 	 -0.0442 	 -0.1767 	 0.1931 	 -0.1814 	 -0.2617 	 -0.0652 	 -0.7279
1.6232 	 0.1145 	 -0.0356 	 -0.0460 	 -0.1792 	 0.1923 	 -0.1886 	 -0.2365 	 -0.0860 	 -0.7150
1.6333 	 0.1127 	 -0.0336 	 -0.0480 	 -0.1814 	 0.1914 	 -0.1957 	 -0.2161 	 -0.1044 	 -0.6938
1.6433 	 0.1109 	 -0.0317 	 -0.0499 	 -0.1835 	 0.1902 	 -0.2026 	 -0.1991 	 -0.1199 	 -0.6812
1.6533 	 0.1090 	 -0.0298 	 -0.0520 	 -0.1854 	 0.1890 	 -0.2094 	 -0.1809 	 -0.1291 	 -0.6717
1.6633 	 0.1072 	 -0.0279 	 -0.0541 	 -0.1872 	 0.1876 	 -0.2160 	 -0.1652 	 -0.1439 	 -0.6637
1.6733 	 0.1053 	 -0.0261 	 -0.0563 	 -0.1887 	 0.1861 	 -0.2226 	 -0.1493 	 -0.1579 	 -0.6498
1.6834 	 0.1034 	 -0.0242 	 -0.0586 	 -0.1901 	 0.1845 	 -0.2291 	 -0.1334 	 -0.1721 	 -0.6426
1.6934 	 0.1015 	 -0.0224 	 -0.0609 	 -0.1914 	 0.1827 	 -0.2355 	 -0.1174 	 -0.1861 	 -0.6358
1.7034 	 0.0995 	 -0.0205 	 -0.0633 	 -0.1925 	 0.1807 	 -0.2418 	 -0.1012 	 -0.1999 	 -0.6293
1.7134 	 0.0976 	 -0.0187 	 -0.0658 	 -0.1934 	 0.1787 	 -0.2481 	 -0.0863 	 -0.2122 	 -0.6218
1.7234 	 0.0957 	 -0.0170 	 -0.0683 	 -0.1942 	 0.1765 	 -0.2543 	 -0.0699 	 -0.2256 	 -0.6132
1.7335 	 0.0937 	 -0.0152 	 -0.0709 	 -0.1948 	 0.1742 	 -0.2604 	 -0.0532 	 -0.2388 	 -0.6044
1.7435 	 0.0918 	 -0.0135 	 -0.0735 	 -0.1953 	 0.1717 	 -0.2664 	 -0.0378 	 -0.2526 	 -0.6012
1.7535 	 0.0898 	 -0.0118 	 -0.0762 	 -0.1956 	 0.1691 	 -0.2724 	 -0.0204 	 -0.2657 	 -0.5903
1.7635 	 0.0878 	 -0.0101 	 -0.0790 	 -0.1957 	 0.1664 	 -0.2783 	 -0.0030 	 -0.2786 	 -0.5784
1.7735 	 0.0859 	 -0.0084 	 -0.0818 	 -0.1956 	 0.1635 	 -0.2840 	 0.0142 	 -0.2914 	 -0.5655
1.7836 	 0.0839 	 -0.0068 	 -0.0847 	 -0.1954 	 0.1606 	 -0.2896 	 0.0349 	 -0.2988 	 -0.5491
1.7936 	 0.0820 	 -0.0052 	 -0.0876 	 -0.1950 	 0.1575 	 -0.2950 	 0.0511 	 -0.3106 	 -0.5334
1.8036 	 0.0800 	 -0.0037 	 -0.0906 	 -0.1944 	 0.1543 	 -0.3003 	 0.0663 	 -0.3219 	 -0.5168
1.8136 	 0.0781 	 -0.0021 	 -0.0936 	 -0.1936 	 0.1511 	 -0.3054 	 0.0805 	 -0.3336 	 -0.5055
1.8236 	 0.0761 	 -0.0006 	 -0.0967 	 -0.1928 	 0.1476 	 -0.3104 	 0.0920 	 -0.3489 	 -0.4888
1.8337 	 0.0742 	 0.0008 	 -0.0998 	 -0.1918 	 0.1441 	 -0.3152 	 0.1030 	 -0.3623 	 -0.4734
1.8437 	 0.0723 	 0.0023 	 -0.1030 	 -0.1907 	 0.1404 	 -0.3198 	 0.1143 	 -0.3688 	 -0.4488
1.8537 	 0.0704 	 0.0036 	 -0.1062 	 -0.1895 	 0.1367 	 -0.3242 	 0.1296 	 -0.3787 	 -0.4290
1.8637 	 0.0685 	 0.0050 	 -0.1095 	 -0.1881 	 0.1328 	 -0.3284 	 0.1451 	 -0.3889 	 -0.4092
1.8737 	 0.0666 	 0.0063 	 -0.1128 	 -0.1866 	 0.1289 	 -0.3324 	 0.1607 	 -0.3994 	 -0.3898
1.8838 	 0.0648 	 0.0076 	 -0.1162 	 -0.1849 	 0.1248 	 -0.3362 	 0.1761 	 -0.4102 	 -0.3708
1.8938 	 0.0629 	 0.0088 	 -0.1195 	 -0.1830 	 0.1206 	 -0.3398 	 0.1912 	 -0.4211 	 -0.3525
1.9038 	 0.0611 	 0.0100 	 -0.1230 	 -0.1810 	 0.1164 	 -0.3433 	 0.2057 	 -0.4322 	 -0.3351
1.9138 	 0.0593 	 0.0111 	 -0.1264 	 -0.1789 	 0.1120 	 -0.3465 	 0.2197 	 -0.4434 	 -0.3187
1.9238 	 0.0575 	 0.0122 	 -0.1299 	 -0.1766 	 0.1075 	 -0.3497 	 0.2331 	 -0.4547 	 -0.3032
1.9339 	 0.0557 	 0.0133 	 -0.1334 	 -0.1742 	 0.1029 	 -0.3526 	 0.2462 	 -0.4663 	 -0.2887
1.9439 	 0.0540 	 0.0143 	 -0.1370 	 -0.1717 	 0.0981 	 -0.3554 	 0.2621 	 -0.4731 	 -0.2726
1.9539 	 0.0523 	 0.0153 	 -0.1406 	 -0.1690 	 0.0934 	 -0.3581 	 0.2751 	 -0.4848 	 -0.2591
1.9639 	 0.0506 	 0.0162 	 -0.1442 	 -0.1662 	 0.0884 	 -0.3606 	 0.2881 	 -0.4970 	 -0.2457
1.9739 	 0.0490 	 0.0170 	 -0.1478 	 -0.1632 	 0.0834 	 -0.3631 	 0.3000 	 -0.5091 	 -0.2390
1.9840 	 0.0474 	 0.0178 	 -0.1514 	 -0.1602 	 0.0782 	 -0.3654 	 0.3160 	 -0.5227 	 -0.2311
1.9940 	 0.0458 	 0.0186 	 -0.1551 	 -0.1569 	 0.0729 	 -0.3677 	 0.3286 	 -0.5363 	 -0.2168
2.0040 	 0.0442 	 0.0193 	 -0.1588 	 -0.1535 	 0.0675 	 -0.3698 	 0.3438 	 -0.5435 	 -0.1969
2.0140 	 0.0427 	 0.0200 	 -0.1625 	 -0.1500 	 0.0620 	 -0.3717 	 0.3559 	 -0.5536 	 -0.1907
2.0240 	 0.0412 	 0.0205 	 -0.1662 	 -0.1464 	 0.0564 	 -0.3735 	 0.3654 	 -0.5648 	 -0.1724
2.0341 	 0.0398 	 0.0211 	 -0.1700 	 -0.1427 	 0.0507 	 -0.3752 	 0.3726 	 -0.5741 	 -0.1618
2.0441 	 0.0383 	 0.0216 	 -0.1738 	 -0.1390 	 0.0449 	 -0.3767 	 0.3810 	 -0.5832 	 -0.1461
2.0541 	 0.0370 	 0.0220 	 -0.1775 	 -0.1351 	 0.0390 	 -0.3781 	 0.3895 	 -0.5912 	 -0.1317
2.0641 	 0.0356 	 0.0223 	 -0.1813 	 -0.1312 	 0.0331 	 -0.3794 	 0.3984 	 -0.5982 	 -0.1189
2.0741 	 0.0343 	 0.0226 	 -0.1851 	 -0.1271 	 0.0270 	 -0.3805 	 0.4077 	 -0.6045 	 -0.1078
2.0842 	 0.0331 	 0.0229 	 -0.1890 	 -0.1230 	 0.0210 	 -0.3815 	 0.4172 	 -0.6104 	 -0.0981
2.0942 	 0.0319 	 0.0231 	 -0.1928 	 -0.1188 	 0.0148 	 -0.3825 	 0.4275 	 -0.6180 	 -0.0956
2.1042 	 0.0307 	 0.0232 	 -0.1966 	 -0.1144 	 0.0086 	 -0.3834 	 0.4377 	 -0.6230 	 -0.0863
2.1142 	 0.0296 	 0.0232 	 -0.2005 	 -0.1100 	 0.0023 	 -0.3842 	 0.4484 	 -0.6276 	 -0.0774
2.1242 	 0.0285 	 0.0232 	 -0.2043 	 -0.1054 	 -0.0040 	 -0.3850 	 0.4595 	 -0.6317 	 -0.0685
2.1343 	 0.0275 	 0.0232 	 -0.2082 	 -0.1008 	 -0.0104 	 -0.3856 	 0.4679 	 -0.6375 	 -0.0630
2.1443 	 0.0265 	 0.0230 	 -0.2121 	 -0.0960 	 -0.0168 	 -0.3862 	 0.4808 	 -0.6393 	 -0.0526
2.1543 	 0.0256 	 0.0228 	 -0.2159 	 -0.0912 	 -0.0232 	 -0.3867 	 0.4937 	 -0.6398 	 -0.0418
2.1643 	 0.0247 	 0.0226 	 -0.2198 	 -0.0862 	 -0.0296 	 -0.3871 	 0.5046 	 -0.6418 	 -0.0423
2.1743 	 0.0238 	 0.0222 	 -0.2237 	 -0.0810 	 -0.0360 	 -0.3874 	 0.5161 	 -0.6396 	 -0.0327
2.1844 	 0.0230 	 0.0218 	 -0.2276 	 -0.0758 	 -0.0424 	 -0.3877 	 0.5263 	 -0.6367 	 -0.0236
2.1944 	 0.0223 	 0.0214 	 -0.2315 	 -0.0705 	 -0.0488 	 -0.3880 	 0.5354 	 -0.6339 	 -0.0221
2.2044 	 0.0216 	 0.0209 	 -0.2353 	 -0.0651 	 -0.0551 	 -0.3882 	 0.5430 	 -0.6316 	 -0.0155
2.2144 	 0.0210 	 0.0203 	 -0.2392 	 -0.0596 	 -0.0614 	 -0.3883 	 0.5469 	 -0.6284 	 -0.0160
2.2244 	 0.0204 	 0.0196 	 -0.2431 	 -0.0541 	 -0.0677 	 -0.3885 	 0.5528 	 -0.6280 	 -0.0110
2.2345 	 0.0199 	 0.0189 	 -0.2470 	 -0.0486 	 -0.0740 	 -0.3886 	 0.5584 	 -0.6288 	 -0.0058
2.2445 	 0.0195 	 0.0181 	 -0.2509 	 -0.0430 	 -0.0803 	 -0.3886 	 0.5616 	 -0.6296 	 -0.0067
2.2545 	 0.0191 	 0.0173 	 -0.2548 	 -0.0373 	 -0.0867 	 -0.3887 	 0.5668 	 -0.6391 	 -0.0026
2.2645 	 0.0187 	 0.0164 	 -0.2587 	 -0.0316 	 -0.0931 	 -0.3887 	 0.5672 	 -0.6462 	 0.0032
2.2745 	 0.0184 	 0.0154 	 -0.2626 	 -0.0259 	 -0.0996 	 -0.3886 	 0.5732 	 -0.6502 	 0.0101
2.2846 	 0.0182 	 0.0144 	 -0.2665 	 -0.0202 	 -0.1062 	 -0.3885 	 0.5834 	 -0.6588 	 0.0148
2.2946 	 0.0180 	 0.0133 	 -0.2704 	 -0.0143 	 -0.1128 	 -0.3883 	 0.5896 	 -0.6643 	 0.0231
2.3046 	 0.0179 	 0.0121 	 -0.2743 	 -0.0083 	 -0.1195 	 -0.3880 	 0.5955 	 -0.6701 	 0.0323
2.3146 	 0.0179 	 0.0109 	 -0.2782 	 -0.0023 	 -0.1262 	 -0.3877 	 0.5993 	 -0.6754 	 0.0361
2.3246 	 0.0179 	 0.0096 	 -0.2820 	 0.0037 	 -0.1330 	 -0.3873 	 0.6076 	 -0.6832 	 0.0412
2.3347 	 0.0179 	 0.0082 	 -0.2859 	 0.0098 	 -0.1399 	 -0.3868 	 0.6077 	 -0.7043 	 0.0517
2.3447 	 0.0181 	 0.0068 	 -0.2898 	 0.0159 	 -0.1470 	 -0.3862 	 0.6124 	 -0.7073 	 0.0650
2.3547 	 0.0183 	 0.0053 	 -0.2937 	 0.0220 	 -0.1541 	 -0.3855 	 0.6158 	 -0.7093 	 0.0723
2.3647 	 0.0185 	 0.0037 	 -0.2975 	 0.0282 	 -0.1612 	 -0.3848 	 0.6195 	 -0.7114 	 0.0870
2.3747 	 0.0188 	 0.0021 	 -0.3014 	 0.0344 	 -0.1684 	 -0.3838 	 0.6208 	 -0.7092 	 0.0982
2.3848 	 0.0192 	 0.0003 	 -0.3052 	 0.0407 	 -0.1755 	 -0.3827 	 0.6231 	 -0.7098 	 0.1148
2.3948 	 0.0196 	 -0.0014 	 -0.3090 	 0.0469 	 -0.1826 	 -0.3815 	 0.6262 	 -0.7084 	 0.1279
2.4048 	 0.0201 	 -0.0033 	 -0.3128 	 0.0532 	 -0.1897 	 -0.3802 	 0.6271 	 -0.7082 	 0.1488
2.4148 	 0.0207 	 -0.0052 	 -0.3166 	 0.0595 	 -0.1968 	 -0.3786 	 0.6273 	 -0.7074 	 0.1714
2.4248 	 0.0213 	 -0.0073 	 -0.3204 	 0.0658 	 -0.2038 	 -0.3767 	 0.6266 	 -0.7057 	 0.1958
2.4349 	 0.0220 	 -0.0093 	 -0.3242 	 0.0721 	 -0.2109 	 -0.3746 	 0.6249 	 -0.7028 	 0.2221
2.4449 	 0.0228 	 -0.0115 	 -0.3279 	 0.0783 	 -0.2179 	 -0.3723 	 0.6221 	 -0.6987 	 0.2502
2.4549 	 0.0236 	 -0.0137 	 -0.3317 	 0.0845 	 -0.2249 	 -0.3696 	 0.6178 	 -0.6931 	 0.2802
2.4649 	 0.0245 	 -0.0160 	 -0.3353 	 0.0907 	 -0.2318 	 -0.3666 	 0.6119 	 -0.6860 	 0.3118
2.4749 	 0.0254 	 -0.0183 	 -0.3390 	 0.0968 	 -0.2386 	 -0.3634 	 0.6043 	 -0.6773 	 0.3451
2.4850 	 0.0264 	 -0.0208 	 -0.3426 	 0.1028 	 -0.2453 	 -0.3598 	 0.5949 	 -0.6651 	 0.3689
2.4950 	 0.0275 	 -0.0233 	 -0.3462 	 0.1087 	 -0.2519 	 -0.3559 	 0.5848 	 -0.6537 	 0.3992
2.5050 	 0.0286 	 -0.0258 	 -0.3498 	 0.1145 	 -0.2584 	 -0.3517 	 0.5707 	 -0.6404 	 0.4395
2.5150 	 0.0298 	 -0.0284 	 -0.3533 	 0.1201 	 -0.2648 	 -0.3471 	 0.5512 	 -0.6304 	 0.4829
2.5251 	 0.0310 	 -0.0311 	 -0.3567 	 0.1256 	 -0.2710 	 -0.3420 	 0.5321 	 -0.6116 	 0.5319
2.5351 	 0.0323 	 -0.0339 	 -0.3601 	 0.1308 	 -0.2771 	 -0.3364 	 0.5057 	 -0.5937 	 0.5833
2.5451 	 0.0336 	 -0.0367 	 -0.3634 	 0.1357 	 -0.2829 	 -0.3303 	 0.4770 	 -0.5637 	 0.6424
2.5551 	 0.0350 	 -0.0395 	 -0.3667 	 0.1403 	 -0.2883 	 -0.3235 	 0.4424 	 -0.5235 	 0.7042
2.5651 	 0.0364 	 -0.0424 	 -0.3699 	 0.1445 	 -0.2933 	 -0.3162 	 0.4018 	 -0.4717 	 0.7644
2.5752 	 0.0379 	 -0.0454 	 -0.3730 	 0.1483 	 -0.2977 	 -0.3082 	 0.3555 	 -0.4038 	 0.8130
2.5852 	 0.0394 	 -0.0484 	 -0.3761 	 0.1517 	 -0.3014 	 -0.2999 	 0.3062 	 -0.3335 	 0.8547
2.5952 	 0.0409 	 -0.0514 	 -0.3791 	 0.1544 	 -0.3044 	 -0.2911 	 0.2512 	 -0.2613 	 0.8859
2.6052 	 0.0425 	 -0.0545 	 -0.3819 	 0.1567 	 -0.3066 	 -0.2822 	 0.2023 	 -0.1841 	 0.9105
2.6152 	 0.0441 	 -0.0576 	 -0.3847 	 0.1585 	 -0.3081 	 -0.2730 	 0.1534 	 -0.1092 	 0.9183
2.6253 	 0.0456 	 -0.0607 	 -0.3874 	 0.1598 	 -0.3088 	 -0.2638 	 0.1052 	 -0.0357 	 0.9190
2.6353 	 0.0473 	 -0.0638 	 -0.3900 	 0.1606 	 -0.3088 	 -0.2546 	 0.0555 	 0.0381 	 0.9170
2.6453 	 0.0489 	 -0.0669 	 -0.3925 	 0.1609 	 -0.3081 	 -0.2454 	 -0.0014 	 0.1042 	 0.9120
2.6553 	 0.0505 	 -0.0699 	 -0.3949 	 0.1606 	 -0.3068 	 -0.2363 	 -0.0505 	 0.1600 	 0.9222
2.6653 	 0.0521 	 -0.0730 	 -0.3972 	 0.1599 	 -0.3049 	 -0.2270 	 -0.0852 	 0.2008 	 0.9263
2.6754 	 0.0537 	 -0.0760 	 -0.3995 	 0.1589 	 -0.3028 	 -0.2177 	 -0.1099 	 0.2350 	 0.9230
2.6854 	 0.0553 	 -0.0791 	 -0.4016 	 0.1577 	 -0.3002 	 -0.2085 	 -0.1288 	 0.2652 	 0.9160
2.6954 	 0.0568 	 -0.0821 	 -0.4036 	 0.1563 	 -0.2975 	 -0.1994 	 -0.1441 	 0.2920 	 0.9075
2.7054 	 0.0584 	 -0.0850 	 -0.4056 	 0.1548 	 -0.2944 	 -0.1903 	 -0.1578 	 0.3174 	 0.9049
2.7154 	 0.0599 	 -0.0880 	 -0.4075 	 0.1532 	 -0.2911 	 -0.1813 	 -0.1673 	 0.3383 	 0.8973
2.7255 	 0.0615 	 -0.0909 	 -0.4092 	 0.1515 	 -0.2876 	 -0.1723 	 -0.1715 	 0.3540 	 0.8963
2.7355 	 0.0630 	 -0.0937 	 -0.4109 	 0.1497 	 -0.2841 	 -0.1632 	 -0.1857 	 0.3609 	 0.9223
2.7455 	 0.0645 	 -0.0965 	 -0.4125 	 0.1477 	 -0.2804 	 -0.1539 	 -0.2147 	 0.3791 	 0.9273
2.7555 	 0.0659 	 -0.0993 	 -0.4140 	 0.1455 	 -0.2765 	 -0.1447 	 -0.2325 	 0.3981 	 0.9229
2.7655 	 0.0674 	 -0.1021 	 -0.4154 	 0.1431 	 -0.2724 	 -0.1354 	 -0.2473 	 0.4167 	 0.9189
2.7756 	 0.0688 	 -0.1048 	 -0.4167 	 0.1405 	 -0.2681 	 -0.1262 	 -0.2619 	 0.4357 	 0.9158
2.7856 	 0.0702 	 -0.1075 	 -0.4179 	 0.1378 	 -0.2636 	 -0.1171 	 -0.2818 	 0.4552 	 0.9081
2.7956 	 0.0716 	 -0.1101 	 -0.4191 	 0.1349 	 -0.2590 	 -0.1080 	 -0.2998 	 0.4768 	 0.9020
2.8056 	 0.0729 	 -0.1126 	 -0.4201 	 0.1318 	 -0.2541 	 -0.0991 	 -0.3162 	 0.4977 	 0.8868
2.8156 	 0.0742 	 -0.1152 	 -0.4210 	 0.1286 	 -0.2490 	 -0.0902 	 -0.3312 	 0.5124 	 0.8766
2.8257 	 0.0755 	 -0.1176 	 -0.4219 	 0.1252 	 -0.2439 	 -0.0815 	 -0.3443 	 0.5197 	 0.8719
2.8357 	 0.0767 	 -0.1201 	 -0.4227 	 0.1217 	 -0.2386 	 -0.0728 	 -0.3544 	 0.5302 	 0.8653
2.8457 	 0.0779 	 -0.1224 	 -0.4234 	 0.1181 	 -0.2332 	 -0.0641 	 -0.3636 	 0.5401 	 0.8601
2.8557 	 0.0791 	 -0.1247 	 -0.4240 	 0.1144 	 -0.2278 	 -0.0556 	 -0.3699 	 0.5507 	 0.8501
2.8657 	 0.0802 	 -0.1270 	 -0.4245 	 0.1107 	 -0.2222 	 -0.0471 	 -0.3785 	 0.5604 	 0.8461
2.8758 	 0.0813 	 -0.1292 	 -0.4249 	 0.1068 	 -0.2165 	 -0.0386 	 -0.3869 	 0.5703 	 0.8417
2.8858 	 0.0823 	 -0.1313 	 -0.4252 	 0.1029 	 -0.2108 	 -0.0302 	 -0.3951 	 0.5807 	 0.8363
2.8958 	 0.0834 	 -0.1334 	 -0.4255 	 0.0989 	 -0.2049 	 -0.0218 	 -0.4030 	 0.5950 	 0.8407
2.9058 	 0.0843 	 -0.1354 	 -0.4257 	 0.0949 	 -0.1989 	 -0.0135 	 -0.4091 	 0.6015 	 0.8260
2.9158 	 0.0853 	 -0.1374 	 -0.4258 	 0.0907 	 -0.1928 	 -0.0053 	 -0.4194 	 0.6146 	 0.8112
2.9259 	 0.0861 	 -0.1393 	 -0.4258 	 0.0864 	 -0.1866 	 0.0028 	 -0.4348 	 0.6290 	 0.8015
2.9359 	 0.0870 	 -0.1411 	 -0.4257 	 0.0820 	 -0.1802 	 0.0108 	 -0.4505 	 0.6403 	 0.7875
2.9459 	 0.0878 	 -0.1429 	 -0.4256 	 0.0774 	 -0.1738 	 0.0186 	 -0.4635 	 0.6492 	 0.7760
2.9559 	 0.0885 	 -0.1446 	 -0.4254 	 0.0727 	 -0.1672 	 0.0263 	 -0.4730 	 0.6570 	 0.7651
2.9659 	 0.0892 	 -0.1463 	 -0.4250 	 0.0679 	 -0.1606 	 0.0339 	 -0.4795 	 0.6644 	 0.7539
2.9760 	 0.0899 	 -0.1478 	 -0.4247 	 0.0631 	 -0.1539 	 0.0414 	 -0.4840 	 0.6718 	 0.7421
2.9860 	 0.0905 	 -0.1493 	 -0.4242 	 0.0582 	 -0.1472 	 0.0488 	 -0.4863 	 0.6784 	 0.7310
2.9960 	 0.0911 	 -0.1508 	 -0.4237 	 0.0534 	 -0.1404 	 0.0561 	 -0.4927 	 0.6840 	 0.7204
3.0060 	 0.0916 	 -0.1521 	 -0.4231 	 0.0484 	 -0.1334 	 0.0632 	 -0.4920 	 0.6936 	 0.7026
3.0160 	 0.0920 	 -0.1534 	 -0.4224 	 0.0435 	 -0.1264 	 0.0702 	 -0.4963 	 0.7019 	 0.6933
3.0261 	 0.0924 	 -0.1547 	 -0.4217 	 0.0385 	 -0.1194 	 0.0771 	 -0.4955 	 0.7076 	 0.6803
3.0361 	 0.0928 	 -0.1558 	 -0.4209 	 0.0335 	 -0.1122 	 0.0839 	 -0.4925 	 0.7168 	 0.6726
3.0461 	 0.0931 	 -0.1569 	 -0.4200 	 0.0286 	 -0.1050 	 0.0905 	 -0.4890 	 0.7226 	 0.6603
3.0561 	 0.0934 	 -0.1579 	 -0.4191 	 0.0237 	 -0.0978 	 0.0971 	 -0.4842 	 0.7282 	 0.6488
3.0661 	 0.0936 	 -0.1589 	 -0.4181 	 0.0189 	 -0.0905 	 0.1035 	 -0.4835 	 0.7291 	 0.6366
3.0762 	 0.0938 	 -0.1598 	 -0.4170 	 0.0141 	 -0.0831 	 0.1099 	 -0.4773 	 0.7329 	 0.6267
3.0862 	 0.0939 	 -0.1606 	 -0.4159 	 0.0093 	 -0.0758 	 0.1161 	 -0.4703 	 0.7359 	 0.6178
3.0962 	 0.0939 	 -0.1613 	 -0.4147 	 0.0046 	 -0.0684 	 0.1222 	 -0.4628 	 0.7381 	 0.6097
3.1062 	 0.0940 	 -0.1619 	 -0.4134 	 0.0000 	 -0.0610 	 0.1283 	 -0.4550 	 0.7394 	 0.6024
3.1162 	 0.0939 	 -0.1625 	 -0.4121 	 -0.0044 	 -0.0536 	 0.1343 	 -0.4389 	 0.7419 	 0.5959
3.1263 	 0.0939 	 -0.1630 	 -0.4107 	 -0.0088 	 -0.0461 	 0.1402 	 -0.4320 	 0.7421 	 0.5881
3.1363 	 0.0938 	 -0.1634 	 -0.4093 	 -0.0131 	 -0.0387 	 0.1461 	 -0.4279 	 0.7391 	 0.5759
3.1463 	 0.0936 	 -0.1638 	 -0.4078 	 -0.0173 	 -0.0313 	 0.1518 	 -0.4186 	 0.7364 	 0.5638
3.1563 	 0.0934 	 -0.1641 	 -0.4063 	 -0.0215 	 -0.0240 	 0.1574 	 -0.4117 	 0.7345 	 0.5571
3.1663 	 0.0932 	 -0.1643 	 -0.4046 	 -0.0256 	 -0.0166 	 0.1630 	 -0.4049 	 0.7320 	 0.5509
3.1764 	 0.0929 	 -0.1644 	 -0.4030 	 -0.0296 	 -0.0093 	 0.1685 	 -0.3984 	 0.7289 	 0.5451
3.1864 	 0.0926 	 -0.1644 	 -0.4013 	 -0.0336 	 -0.0020 	 0.1739 	 -0.3922 	 0.7251 	 0.5396
3.1964 	 0.0922 	 -0.1644 	 -0.3995 	 -0.0375 	 0.0052 	 0.1793 	 -0.3861 	 0.7207 	 0.5343
3.2064 	 0.0918 	 -0.1643 	 -0.3977 	 -0.0413 	 0.0124 	 0.1846 	 -0.3802 	 0.7156 	 0.5291
3.2164 	 0.0914 	 -0.1642 	 -0.3958 	 -0.0451 	 0.0196 	 0.1899 	 -0.3757 	 0.7117 	 0.5290
3.2265 	 0.0909 	 -0.1639 	 -0.3939 	 -0.0488 	 0.0267 	 0.1952 	 -0.3699 	 0.7050 	 0.5224
3.2365 	 0.0904 	 -0.1636 	 -0.3919 	 -0.0525 	 0.0337 	 0.2004 	 -0.3641 	 0.6978 	 0.5155
3.2465 	 0.0899 	 -0.1633 	 -0.3899 	 -0.0561 	 0.0407 	 0.2055 	 -0.3584 	 0.6900 	 0.5080
3.2565 	 0.0893 	 -0.1628 	 -0.3878 	 -0.0597 	 0.0476 	 0.2106 	 -0.3527 	 0.6818 	 0.5000
3.2665 	 0.0887 	 -0.1623 	 -0.3856 	 -0.0632 	 0.0543 	 0.2155 	 -0.3530 	 0.6655 	 0.4854
3.2766 	 0.0880 	 -0.1617 	 -0.3835 	 -0.0667 	 0.0610 	 0.2204 	 -0.3450 	 0.6584 	 0.4706
3.2866 	 0.0874 	 -0.1611 	 -0.3812 	 -0.0701 	 0.0675 	 0.2250 	 -0.3393 	 0.6545 	 0.4603
3.2966 	 0.0866 	 -0.1604 	 -0.3789 	 -0.0735 	 0.0740 	 0.2296 	 -0.3341 	 0.6435 	 0.4500
3.3066 	 0.0859 	 -0.1596 	 -0.3766 	 -0.0768 	 0.0804 	 0.2340 	 -0.3287 	 0.6328 	 0.4396
3.3166 	 0.0851 	 -0.1588 	 -0.3743 	 -0.0801 	 0.0867 	 0.2384 	 -0.3201 	 0.6232 	 0.4354
3.3267 	 0.0843 	 -0.1579 	 -0.3718 	 -0.0833 	 0.0929 	 0.2427 	 -0.3136 	 0.6134 	 0.4259
3.3367 	 0.0834 	 -0.1569 	 -0.3694 	 -0.0864 	 0.0990 	 0.2469 	 -0.3067 	 0.6040 	 0.4165
3.3467 	 0.0825 	 -0.1559 	 -0.3669 	 -0.0894 	 0.1050 	 0.2511 	 -0.2997 	 0.5950 	 0.4072
3.3567 	 0.0816 	 -0.1548 	 -0.3644 	 -0.0924 	 0.1110 	 0.2551 	 -0.2883 	 0.5917 	 0.3962
3.3667 	 0.0807 	 -0.1537 	 -0.3618 	 -0.0952 	 0.1169 	 0.2590 	 -0.2804 	 0.5838 	 0.3873
3.3768 	 0.0797 	 -0.1525 	 -0.3592 	 -0.0980 	 0.1227 	 0.2628 	 -0.2718 	 0.5804 	 0.3760
3.3868 	 0.0787 	 -0.1512 	 -0.3565 	 -0.1007 	 0.1285 	 0.2665 	 -0.2641 	 0.5714 	 0.3681
3.3968 	 0.0777 	 -0.1499 	 -0.3538 	 -0.1033 	 0.1342 	 0.2702 	 -0.2564 	 0.5623 	 0.3605
3.4068 	 0.0767 	 -0.1485 	 -0.3511 	 -0.1058 	 0.1397 	 0.2738 	 -0.2486 	 0.5462 	 0.3532
3.4168 	 0.0756 	 -0.1471 	 -0.3483 	 -0.1082 	 0.1452 	 0.2773 	 -0.2411 	 0.5361 	 0.3459
3.4269 	 0.0745 	 -0.1456 	 -0.3455 	 -0.1106 	 0.1505 	 0.2807 	 -0.2336 	 0.5261 	 0.3386
3.4369 	 0.0734 	 -0.1441 	 -0.3427 	 -0.1129 	 0.1557 	 0.2841 	 -0.2261 	 0.5165 	 0.3313
3.4469 	 0.0722 	 -0.1425 	 -0.3399 	 -0.1152 	 0.1608 	 0.2873 	 -0.2186 	 0.5074 	 0.3240
3.4569 	 0.0711 	 -0.1409 	 -0.3370 	 -0.1173 	 0.1658 	 0.2906 	 -0.2170 	 0.4963 	 0.3257
3.4669 	 0.0699 	 -0.1392 	 -0.3340 	 -0.1195 	 0.1708 	 0.2938 	 -0.2100 	 0.4881 	 0.3174
3.4770 	 0.0687 	 -0.1374 	 -0.3311 	 -0.1216 	 0.1756 	 0.2969 	 -0.2032 	 0.4813 	 0.3086
3.4870 	 0.0674 	 -0.1357 	 -0.3281 	 -0.1236 	 0.1804 	 0.3000 	 -0.1976 	 0.4763 	 0.2990
3.4970 	 0.0662 	 -0.1338 	 -0.3251 	 -0.1255 	 0.1852 	 0.3029 	 -0.1945 	 0.4729 	 0.2884
3.5070 	 0.0649 	 -0.1319 	 -0.3220 	 -0.1275 	 0.1899 	 0.3058 	 -0.1953 	 0.4686 	 0.2771
3.5170 	 0.0636 	 -0.1300 	 -0.3189 	 -0.1294 	 0.1946 	 0.3085 	 -0.1965 	 0.4597 	 0.2662
3.5271 	 0.0623 	 -0.1280 	 -0.3158 	 -0.1314 	 0.1991 	 0.3111 	 -0.1932 	 0.4466 	 0.2556
3.5371 	 0.0610 	 -0.1260 	 -0.3127 	 -0.1333 	 0.2035 	 0.3136 	 -0.1840 	 0.4312 	 0.2444
3.5471 	 0.0597 	 -0.1240 	 -0.3095 	 -0.1351 	 0.2077 	 0.3160 	 -0.1696 	 0.4142 	 0.2329
3.5571 	 0.0583 	 -0.1219 	 -0.3064 	 -0.1367 	 0.2118 	 0.3183 	 -0.1507 	 0.3954 	 0.2216
3.5671 	 0.0569 	 -0.1197 	 -0.3032 	 -0.1381 	 0.2157 	 0.3205 	 -0.1269 	 0.3804 	 0.2148
3.5772 	 0.0555 	 -0.1175 	 -0.2999 	 -0.1392 	 0.2194 	 0.3226 	 -0.1018 	 0.3599 	 0.2116
3.5872 	 0.0541 	 -0.1153 	 -0.2967 	 -0.1401 	 0.2229 	 0.3246 	 -0.0733 	 0.3362 	 0.2018
3.5972 	 0.0527 	 -0.1131 	 -0.2934 	 -0.1407 	 0.2261 	 0.3266 	 -0.0417 	 0.3100 	 0.1896
3.6072 	 0.0513 	 -0.1108 	 -0.2902 	 -0.1409 	 0.2291 	 0.3284 	 -0.0061 	 0.2811 	 0.1739
3.6172 	 0.0499 	 -0.1085 	 -0.2869 	 -0.1408 	 0.2317 	 0.3301 	 0.0357 	 0.2491 	 0.1522
3.6273 	 0.0485 	 -0.1062 	 -0.2835 	 -0.1401 	 0.2341 	 0.3314 	 0.0866 	 0.2160 	 0.1117
3.6373 	 0.0471 	 -0.1038 	 -0.2802 	 -0.1391 	 0.2360 	 0.3323 	 0.1194 	 0.1764 	 0.0760
3.6473 	 0.0457 	 -0.1014 	 -0.2769 	 -0.1378 	 0.2376 	 0.3329 	 0.1475 	 0.1425 	 0.0504
3.6573 	 0.0443 	 -0.0990 	 -0.2736 	 -0.1361 	 0.2389 	 0.3333 	 0.1779 	 0.1113 	 0.0301
3.6673 	 0.0430 	 -0.0966 	 -0.2702 	 -0.1342 	 0.2399 	 0.3335 	 0.2126 	 0.0800 	 0.0108
3.6774 	 0.0417 	 -0.0942 	 -0.2669 	 -0.1319 	 0.2405 	 0.3335 	 0.2523 	 0.0459 	 -0.0123
3.6874 	 0.0404 	 -0.0918 	 -0.2635 	 -0.1291 	 0.2408 	 0.3333 	 0.2964 	 0.0085 	 -0.0427
3.6974 	 0.0391 	 -0.0894 	 -0.2602 	 -0.1260 	 0.2406 	 0.3327 	 0.3263 	 -0.0476 	 -0.0766
3.7074 	 0.0378 	 -0.0870 	 -0.2569 	 -0.1226 	 0.2399 	 0.3317 	 0.3507 	 -0.0983 	 -0.1118
3.7174 	 0.0366 	 -0.0846 	 -0.2535 	 -0.1190 	 0.2386 	 0.3304 	 0.3675 	 -0.1491 	 -0.1451
3.7275 	 0.0354 	 -0.0822 	 -0.2502 	 -0.1152 	 0.2368 	 0.3288 	 0.3801 	 -0.2056 	 -0.1739
3.7375 	 0.0343 	 -0.0799 	 -0.2470 	 -0.1113 	 0.2345 	 0.3269 	 0.3953 	 -0.2583 	 -0.2116
3.7475 	 0.0332 	 -0.0775 	 -0.2437 	 -0.1073 	 0.2317 	 0.3246 	 0.4063 	 -0.3032 	 -0.2543
3.7575 	 0.0322 	 -0.0752 	 -0.2405 	 -0.1032 	 0.2285 	 0.3218 	 0.4111 	 -0.3401 	 -0.2919
3.7675 	 0.0312 	 -0.0730 	 -0.2372 	 -0.0991 	 0.2249 	 0.3187 	 0.4120 	 -0.3740 	 -0.3374
3.7776 	 0.0302 	 -0.0707 	 -0.2341 	 -0.0950 	 0.2210 	 0.3150 	 0.4146 	 -0.4051 	 -0.3926
3.7876 	 0.0292 	 -0.0685 	 -0.2309 	 -0.0907 	 0.2168 	 0.3108 	 0.4288 	 -0.4277 	 -0.4527
3.7976 	 0.0284 	 -0.0664 	 -0.2279 	 -0.0864 	 0.2124 	 0.3060 	 0.4435 	 -0.4504 	 -0.4980
3.8076 	 0.0275 	 -0.0643 	 -0.2248 	 -0.0819 	 0.2078 	 0.3008 	 0.4510 	 -0.4682 	 -0.5312
3.8176 	 0.0267 	 -0.0622 	 -0.2218 	 -0.0774 	 0.2031 	 0.2955 	 0.4503 	 -0.4815 	 -0.5382
3.8277 	 0.0260 	 -0.0602 	 -0.2189 	 -0.0729 	 0.1982 	 0.2900 	 0.4504 	 -0.4943 	 -0.5533
3.8377 	 0.0253 	 -0.0582 	 -0.2160 	 -0.0683 	 0.1932 	 0.2844 	 0.4502 	 -0.5052 	 -0.5667
3.8477 	 0.0246 	 -0.0563 	 -0.2132 	 -0.0638 	 0.1880 	 0.2787 	 0.4501 	 -0.5149 	 -0.5790
3.8577 	 0.0240 	 -0.0545 	 -0.2104 	 -0.0593 	 0.1828 	 0.2728 	 0.4493 	 -0.5222 	 -0.5845
3.8677 	 0.0234 	 -0.0527 	 -0.2077 	 -0.0548 	 0.1776 	 0.2669 	 0.4500 	 -0.5292 	 -0.6008
3.8778 	 0.0229 	 -0.0509 	 -0.2051 	 -0.0503 	 0.1722 	 0.2609 	 0.4494 	 -0.5365 	 -0.6103
3.8878 	 0.0224 	 -0.0492 	 -0.2025 	 -0.0458 	 0.1668 	 0.2547 	 0.4496 	 -0.5370 	 -0.6201
3.8978 	 0.0220 	 -0.0476 	 -0.2000 	 -0.0413 	 0.1615 	 0.2484 	 0.4484 	 -0.5387 	 -0.6350
3.9078 	 0.0216 	 -0.0460 	 -0.1975 	 -0.0368 	 0.1560 	 0.2420 	 0.4467 	 -0.5440 	 -0.6437
3.9178 	 0.0212 	 -0.0445 	 -0.1951 	 -0.0324 	 0.1506 	 0.2355 	 0.4446 	 -0.5491 	 -0.6519
3.9279 	 0.0209 	 -0.0430 	 -0.1928 	 -0.0279 	 0.1450 	 0.2289 	 0.4460 	 -0.5613 	 -0.6607
3.9379 	 0.0207 	 -0.0415 	 -0.1905 	 -0.0235 	 0.1394 	 0.2223 	 0.4447 	 -0.5653 	 -0.6674
3.9479 	 0.0205 	 -0.0402 	 -0.1883 	 -0.0190 	 0.1337 	 0.2156 	 0.4430 	 -0.5690 	 -0.6735
3.9579 	 0.0203 	 -0.0389 	 -0.1862 	 -0.0146 	 0.1280 	 0.2088 	 0.4412 	 -0.5724 	 -0.6791
3.9679 	 0.0202 	 -0.0376 	 -0.1842 	 -0.0102 	 0.1222 	 0.2020 	 0.4392 	 -0.5757 	 -0.6843
3.9780 	 0.0201 	 -0.0364 	 -0.1822 	 -0.0058 	 0.1164 	 0.1951 	 0.4390 	 -0.5808 	 -0.6835
3.9880 	 0.0200 	 -0.0353 	 -0.1803 	 -0.0014 	 0.1106 	 0.1882 	 0.4365 	 -0.5833 	 -0.6886
3.9980 	 0.0201 	 -0.0342 	 -0.1784 	 0.0030 	 0.1048 	 0.1813 	 0.4323 	 -0.5860 	 -0.6875
4.0080 	 0.0201 	 -0.0332 	 -0.1766 	 0.0073 	 0.0989 	 0.1744 	 0.4295 	 -0.5877 	 -0.6929
4.0180 	 0.0202 	 -0.0322 	 -0.1749 	 0.0116 	 0.0930 	 0.1674 	 0.4258 	 -0.5825 	 -0.6998
4.0281 	 0.0203 	 -0.0313 	 -0.1733 	 0.0158 	 0.0872 	 0.1604 	 0.4224 	 -0.5821 	 -0.7053
4.0381 	 0.0205 	 -0.0305 	 -0.1717 	 0.0200 	 0.0813 	 0.1533 	 0.4186 	 -0.5813 	 -0.7106
4.0481 	 0.0207 	 -0.0297 	 -0.1702 	 0.0242 	 0.0755 	 0.1461 	 0.4145 	 -0.5799 	 -0.7155
4.0581 	 0.0210 	 -0.0290 	 -0.1688 	 0.0284 	 0.0697 	 0.1389 	 0.4102 	 -0.5781 	 -0.7201
4.0681 	 0.0213 	 -0.0283 	 -0.1674 	 0.0324 	 0.0639 	 0.1317 	 0.4059 	 -0.5757 	 -0.7240
4.0782 	 0.0217 	 -0.0277 	 -0.1661 	 0.0365 	 0.0582 	 0.1244 	 0.4015 	 -0.5730 	 -0.7275
4.0882 	 0.0220 	 -0.0271 	 -0.1649 	 0.0405 	 0.0524 	 0.1171 	 0.3974 	 -0.5698 	 -0.7303
4.0982 	 0.0225 	 -0.0266 	 -0.1638 	 0.0444 	 0.0468 	 0.1098 	 0.3936 	 -0.5663 	 -0.7326
4.1082 	 0.0229 	 -0.0262 	 -0.1627 	 0.0484 	 0.0411 	 0.1025 	 0.3907 	 -0.5649 	 -0.7291
4.1182 	 0.0234 	 -0.0258 	 -0.1617 	 0.0523 	 0.0355 	 0.0952 	 0.3866 	 -0.5581 	 -0.7245
4.1283 	 0.0240 	 -0.0255 	 -0.1608 	 0.0561 	 0.0299 	 0.0879 	 0.3851 	 -0.5551 	 -0.7307
4.1383 	 0.0246 	 -0.0252 	 -0.1600 	 0.0600 	 0.0243 	 0.0806 	 0.3827 	 -0.5492 	 -0.7304
4.1483 	 0.0252 	 -0.0250 	 -0.1592 	 0.0638 	 0.0189 	 0.0733 	 0.3817 	 -0.5444 	 -0.7356
4.1583 	 0.0258 	 -0.0248 	 -0.1585 	 0.0676 	 0.0134 	 0.0659 	 0.3850 	 -0.5353 	 -0.7376
4.1683 	 0.0265 	 -0.0247 	 -0.1579 	 0.0715 	 0.0081 	 0.0586 	 0.3825 	 -0.5283 	 -0.7301
4.1784 	 0.0273 	 -0.0247 	 -0.1573 	 0.0753 	 0.0029 	 0.0513 	 0.3818 	 -0.5213 	 -0.7284
4.1884 	 0.0280 	 -0.0247 	 -0.1568 	 0.0791 	 -0.0023 	 0.0440 	 0.3813 	 -0.5142 	 -0.7263
4.1984 	 0.0289 	 -0.0247 	 -0.1564 	 0.0829 	 -0.0074 	 0.0367 	 0.3789 	 -0.5083 	 -0.7296
4.2084 	 0.0297 	 -0.0248 	 -0.1561 	 0.0867 	 -0.0125 	 0.0294 	 0.3788 	 -0.5010 	 -0.7256
4.2184 	 0.0306 	 -0.0250 	 -0.1558 	 0.0905 	 -0.0175 	 0.0222 	 0.3787 	 -0.4938 	 -0.7210
4.2285 	 0.0315 	 -0.0252 	 -0.1557 	 0.0943 	 -0.0224 	 0.0150 	 0.3747 	 -0.4819 	 -0.7137
4.2385 	 0.0325 	 -0.0254 	 -0.1555 	 0.0981 	 -0.0272 	 0.0079 	 0.3748 	 -0.4749 	 -0.7082
4.2485 	 0.0335 	 -0.0257 	 -0.1555 	 0.1018 	 -0.0319 	 0.0008 	 0.3747 	 -0.4677 	 -0.7019
4.2585 	 0.0345 	 -0.0260 	 -0.1555 	 0.1056 	 -0.0366 	 -0.0062 	 0.3743 	 -0.4603 	 -0.6949
4.2685 	 0.0356 	 -0.0264 	 -0.1556 	 0.1094 	 -0.0411 	 -0.0131 	 0.3779 	 -0.4481 	 -0.6864
4.2786 	 0.0367 	 -0.0269 	 -0.1558 	 0.1131 	 -0.0455 	 -0.0200 	 0.3767 	 -0.4402 	 -0.6778
4.2886 	 0.0379 	 -0.0273 	 -0.1560 	 0.1169 	 -0.0499 	 -0.0267 	 0.3750 	 -0.4318 	 -0.6686
4.2986 	 0.0391 	 -0.0279 	 -0.1563 	 0.1207 	 -0.0542 	 -0.0334 	 0.3728 	 -0.4227 	 -0.6586
4.3086 	 0.0403 	 -0.0284 	 -0.1567 	 0.1244 	 -0.0584 	 -0.0399 	 0.3699 	 -0.4129 	 -0.6481
4.3186 	 0.0416 	 -0.0290 	 -0.1571 	 0.1281 	 -0.0625 	 -0.0463 	 0.3662 	 -0.4025 	 -0.6371
4.3287 	 0.0429 	 -0.0297 	 -0.1576 	 0.1317 	 -0.0664 	 -0.0527 	 0.3616 	 -0.3914 	 -0.6258
4.3387 	 0.0442 	 -0.0304 	 -0.1582 	 0.1353 	 -0.0703 	 -0.0589 	 0.3558 	 -0.3798 	 -0.6143
4.3487 	 0.0456 	 -0.0311 	 -0.1588 	 0.1388 	 -0.0741 	 -0.0650 	 0.3487 	 -0.3681 	 -0.6028
4.3587 	 0.0470 	 -0.0319 	 -0.1595 	 0.1423 	 -0.0777 	 -0.0710 	 0.3404 	 -0.3565 	 -0.5917
4.3687 	 0.0484 	 -0.0326 	 -0.1602 	 0.1457 	 -0.0812 	 -0.0768 	 0.3311 	 -0.3453 	 -0.5814
4.3788 	 0.0499 	 -0.0335 	 -0.1610 	 0.1490 	 -0.0846 	 -0.0826 	 0.3268 	 -0.3315 	 -0.5752
4.3888 	 0.0514 	 -0.0343 	 -0.1619 	 0.1522 	 -0.0879 	 -0.0884 	 0.3172 	 -0.3208 	 -0.5676
4.3988 	 0.0529 	 -0.0352 	 -0.1628 	 0.1553 	 -0.0910 	 -0.0940 	 0.3073 	 -0.3105 	 -0.5612
4.4088 	 0.0545 	 -0.0362 	 -0.1638 	 0.1584 	 -0.0940 	 -0.0996 	 0.3011 	 -0.2963 	 -0.5536
4.4188 	 0.0561 	 -0.0371 	 -0.1648 	 0.1614 	 -0.0970 	 -0.1052 	 0.2965 	 -0.2939 	 -0.5584
4.4289 	 0.0577 	 -0.0381 	 -0.1659 	 0.1643 	 -0.0999 	 -0.1107 	 0.2866 	 -0.2851 	 -0.5546
4.4389 	 0.0594 	 -0.0391 	 -0.1670 	 0.1671 	 -0.1027 	 -0.1163 	 0.2770 	 -0.2764 	 -0.5517
4.4489 	 0.0611 	 -0.0402 	 -0.1682 	 0.1699 	 -0.1054 	 -0.1218 	 0.2676 	 -0.2677 	 -0.5493
4.4589 	 0.0628 	 -0.0412 	 -0.1694 	 0.1725 	 -0.1081 	 -0.1273 	 0.2588 	 -0.2591 	 -0.5473
4.4689 	 0.0646 	 -0.0423 	 -0.1708 	 0.1751 	 -0.1106 	 -0.1328 	 0.2508 	 -0.2506 	 -0.5453
4.4790 	 0.0663 	 -0.0435 	 -0.1721 	 0.1775 	 -0.1131 	 -0.1382 	 0.2441 	 -0.2425 	 -0.5362
4.4890 	 0.0681 	 -0.0446 	 -0.1735 	 0.1800 	 -0.1155 	 -0.1436 	 0.2395 	 -0.2343 	 -0.5316
4.4990 	 0.0699 	 -0.0458 	 -0.1750 	 0.1823 	 -0.1178 	 -0.1488 	 0.2370 	 -0.2279 	 -0.5205
4.5090 	 0.0718 	 -0.0470 	 -0.1765 	 0.1847 	 -0.1201 	 -0.1540 	 0.2296 	 -0.2258 	 -0.5016
4.5190 	 0.0736 	 -0.0482 	 -0.1781 	 0.1869 	 -0.1223 	 -0.1589 	 0.2140 	 -0.2245 	 -0.4868
4.5291 	 0.0755 	 -0.0494 	 -0.1797 	 0.1890 	 -0.1246 	 -0.1637 	 0.1980 	 -0.2203 	 -0.4783
4.5391 	 0.0774 	 -0.0507 	 -0.1814 	 0.1909 	 -0.1268 	 -0.1685 	 0.1866 	 -0.2182 	 -0.4710
4.5491 	 0.0793 	 -0.0520 	 -0.1831 	 0.1927 	 -0.1289 	 -0.1732 	 0.1718 	 -0.2098 	 -0.4650
4.5591 	 0.0813 	 -0.0533 	 -0.1848 	 0.1944 	 -0.1310 	 -0.1778 	 0.1568 	 -0.2006 	 -0.4587
4.5691 	 0.0832 	 -0.0546 	 -0.1866 	 0.1959 	 -0.1329 	 -0.1824 	 0.1411 	 -0.1909 	 -0.4523
4.5792 	 0.0852 	 -0.0559 	 -0.1885 	 0.1972 	 -0.1348 	 -0.1869 	 0.1245 	 -0.1810 	 -0.4459
4.5892 	 0.0872 	 -0.0573 	 -0.1904 	 0.1983 	 -0.1366 	 -0.1913 	 0.1032 	 -0.1762 	 -0.4383
4.5992 	 0.0892 	 -0.0587 	 -0.1923 	 0.1993 	 -0.1383 	 -0.1957 	 0.0841 	 -0.1668 	 -0.4308
4.6092 	 0.0912 	 -0.0600 	 -0.1943 	 0.2000 	 -0.1399 	 -0.1999 	 0.0646 	 -0.1562 	 -0.4220
4.6192 	 0.0932 	 -0.0615 	 -0.1963 	 0.2006 	 -0.1414 	 -0.2041 	 0.0453 	 -0.1422 	 -0.4054
4.6293 	 0.0952 	 -0.0629 	 -0.1984 	 0.2009 	 -0.1428 	 -0.2081 	 0.0292 	 -0.1266 	 -0.3957
4.6393 	 0.0972 	 -0.0643 	 -0.2005 	 0.2012 	 -0.1439 	 -0.2120 	 0.0157 	 -0.1104 	 -0.3888
4.6493 	 0.0992 	 -0.0658 	 -0.2026 	 0.2013 	 -0.1450 	 -0.2159 	 0.0035 	 -0.0953 	 -0.3846
4.6593 	 0.1012 	 -0.0672 	 -0.2048 	 0.2012 	 -0.1459 	 -0.2197 	 -0.0082 	 -0.0817 	 -0.3819
4.6693 	 0.1033 	 -0.0687 	 -0.2070 	 0.2011 	 -0.1466 	 -0.2235 	 -0.0198 	 -0.0693 	 -0.3800
4.6794 	 0.1053 	 -0.0702 	 -0.2093 	 0.2008 	 -0.1473 	 -0.2273 	 -0.0315 	 -0.0578 	 -0.3783
4.6894 	 0.1073 	 -0.0716 	 -0.2116 	 0.2005 	 -0.1478 	 -0.2311 	 -0.0434 	 -0.0469 	 -0.3767
4.6994 	 0.1093 	 -0.0731 	 -0.2139 	 0.2000 	 -0.1482 	 -0.2348 	 -0.0530 	 -0.0288 	 -0.3768
4.7094 	 0.1113 	 -0.0746 	 -0.2163 	 0.1994 	 -0.1484 	 -0.2386 	 -0.0661 	 -0.0192 	 -0.3777
4.7194 	 0.1133 	 -0.0761 	 -0.2187 	 0.1986 	 -0.1486 	 -0.2424 	 -0.0801 	 -0.0100 	 -0.3787
4.7295 	 0.1153 	 -0.0776 	 -0.2211 	 0.1978 	 -0.1486 	 -0.2462 	 -0.0956 	 -0.0009 	 -0.3800
4.7395 	 0.1172 	 -0.0791 	 -0.2236 	 0.1967 	 -0.1486 	 -0.2500 	 -0.1130 	 0.0081 	 -0.3810
4.7495 	 0.1192 	 -0.0806 	 -0.2262 	 0.1955 	 -0.1485 	 -0.2539 	 -0.1283 	 0.0154 	 -0.3923
4.7595 	 0.1212 	 -0.0820 	 -0.2287 	 0.1941 	 -0.1483 	 -0.2578 	 -0.1509 	 0.0242 	 -0.3907
4.7695 	 0.1231 	 -0.0835 	 -0.2313 	 0.1925 	 -0.1480 	 -0.2617 	 -0.1757 	 0.0337 	 -0.3873
4.7796 	 0.1250 	 -0.0850 	 -0.2340 	 0.1906 	 -0.1476 	 -0.2656 	 -0.2025 	 0.0442 	 -0.3815
4.7896 	 0.1269 	 -0.0865 	 -0.2366 	 0.1884 	 -0.1471 	 -0.2694 	 -0.2305 	 0.0562 	 -0.3731
4.7996 	 0.1288 	 -0.0880 	 -0.2394 	 0.1860 	 -0.1465 	 -0.2730 	 -0.2586 	 0.0700 	 -0.3627
4.8096 	 0.1306 	 -0.0894 	 -0.2421 	 0.1832 	 -0.1457 	 -0.2766 	 -0.2860 	 0.0855 	 -0.3522
4.8196 	 0.1325 	 -0.0909 	 -0.2449 	 0.1802 	 -0.1447 	 -0.2801 	 -0.3177 	 0.1037 	 -0.3483
4.8297 	 0.1342 	 -0.0923 	 -0.2477 	 0.1769 	 -0.1436 	 -0.2836 	 -0.3440 	 0.1218 	 -0.3424
4.8397 	 0.1360 	 -0.0938 	 -0.2506 	 0.1733 	 -0.1423 	 -0.2870 	 -0.3691 	 0.1401 	 -0.3382
4.8497 	 0.1377 	 -0.0952 	 -0.2535 	 0.1695 	 -0.1408 	 -0.2904 	 -0.3926 	 0.1645 	 -0.3334
4.8597 	 0.1394 	 -0.0966 	 -0.2564 	 0.1654 	 -0.1391 	 -0.2937 	 -0.4145 	 0.1774 	 -0.3249
4.8697 	 0.1410 	 -0.0980 	 -0.2594 	 0.1612 	 -0.1372 	 -0.2969 	 -0.4377 	 0.1941 	 -0.3192
4.8798 	 0.1426 	 -0.0993 	 -0.2624 	 0.1567 	 -0.1352 	 -0.3001 	 -0.4609 	 0.2105 	 -0.3121
4.8898 	 0.1442 	 -0.1007 	 -0.2654 	 0.1519 	 -0.1330 	 -0.3032 	 -0.4869 	 0.2222 	 -0.3077
4.8998 	 0.1457 	 -0.1020 	 -0.2684 	 0.1469 	 -0.1307 	 -0.3062 	 -0.5104 	 0.2379 	 -0.2976
4.9098 	 0.1471 	 -0.1033 	 -0.2715 	 0.1417 	 -0.1282 	 -0.3091 	 -0.5337 	 0.2536 	 -0.2856
4.9198 	 0.1485 	 -0.1046 	 -0.2746 	 0.1362 	 -0.1256 	 -0.3119 	 -0.5567 	 0.2692 	 -0.2714
4.9299 	 0.1498 	 -0.1058 	 -0.2778 	 0.1305 	 -0.1228 	 -0.3146 	 -0.5842 	 0.2859 	 -0.2589
4.9399 	 0.1511 	 -0.1070 	 -0.2809 	 0.1246 	 -0.1199 	 -0.3171 	 -0.6074 	 0.3042 	 -0.2452
4.9499 	 0.1523 	 -0.1082 	 -0.2841 	 0.1184 	 -0.1168 	 -0.3194 	 -0.6284 	 0.3194 	 -0.2231
4.9599 	 0.1535 	 -0.1094 	 -0.2873 	 0.1120 	 -0.1135 	 -0.3216 	 -0.6488 	 0.3346 	 -0.1986
4.9699 	 0.1546 	 -0.1105 	 -0.2906 	 0.1054 	 -0.1101 	 -0.3234 	 -0.6687 	 0.3496 	 -0.1716
4.9800 	 0.1556 	 -0.1116 	 -0.2938 	 0.0986 	 -0.1065 	 -0.3250 	 -0.6882 	 0.3645 	 -0.1419
4.9900 	 0.1565 	 -0.1126 	 -0.2971 	 0.0916 	 -0.1028 	 -0.3262 	 -0.7075 	 0.3790 	 -0.1093
