100-Body Run with i = 82 th particle. (Units in pc,M_solar,Myr, km s-1) 

time		 x 		 y 		 z 		 xdot 		 ydot 		 zdot 		 xddot 		 yddot 		 zddot
0.0000 	 -0.1314 	 -0.0029 	 -0.9983 	 0.0047 	 0.0675 	 0.0532 	 0.2021 	 -0.0513 	 0.3105
0.0100 	 -0.1313 	 -0.0022 	 -0.9977 	 0.0068 	 0.0670 	 0.0563 	 0.2021 	 -0.0522 	 0.3103
0.0200 	 -0.1312 	 -0.0015 	 -0.9972 	 0.0088 	 0.0665 	 0.0594 	 0.2021 	 -0.0531 	 0.3101
0.0301 	 -0.1311 	 -0.0009 	 -0.9966 	 0.0108 	 0.0659 	 0.0625 	 0.2021 	 -0.0540 	 0.3100
0.0401 	 -0.1310 	 -0.0002 	 -0.9959 	 0.0128 	 0.0654 	 0.0656 	 0.2021 	 -0.0549 	 0.3099
0.0501 	 -0.1309 	 0.0004 	 -0.9952 	 0.0149 	 0.0648 	 0.0687 	 0.2021 	 -0.0557 	 0.3098
0.0601 	 -0.1307 	 0.0011 	 -0.9945 	 0.0169 	 0.0643 	 0.0718 	 0.2021 	 -0.0566 	 0.3097
0.0701 	 -0.1305 	 0.0017 	 -0.9938 	 0.0189 	 0.0637 	 0.0749 	 0.2021 	 -0.0575 	 0.3097
0.0802 	 -0.1303 	 0.0024 	 -0.9930 	 0.0209 	 0.0631 	 0.0780 	 0.2021 	 -0.0583 	 0.3096
0.0902 	 -0.1301 	 0.0030 	 -0.9922 	 0.0230 	 0.0625 	 0.0811 	 0.2021 	 -0.0592 	 0.3096
0.1002 	 -0.1299 	 0.0036 	 -0.9914 	 0.0250 	 0.0619 	 0.0842 	 0.2021 	 -0.0600 	 0.3096
0.1102 	 -0.1296 	 0.0042 	 -0.9905 	 0.0270 	 0.0613 	 0.0873 	 0.2021 	 -0.0609 	 0.3096
0.1202 	 -0.1293 	 0.0048 	 -0.9897 	 0.0290 	 0.0607 	 0.0904 	 0.2021 	 -0.0617 	 0.3096
0.1303 	 -0.1290 	 0.0054 	 -0.9887 	 0.0311 	 0.0601 	 0.0935 	 0.2021 	 -0.0625 	 0.3097
0.1403 	 -0.1287 	 0.0060 	 -0.9878 	 0.0331 	 0.0595 	 0.0966 	 0.2021 	 -0.0634 	 0.3097
0.1503 	 -0.1284 	 0.0066 	 -0.9868 	 0.0351 	 0.0588 	 0.0997 	 0.2021 	 -0.0642 	 0.3098
0.1603 	 -0.1280 	 0.0072 	 -0.9858 	 0.0371 	 0.0582 	 0.1028 	 0.2021 	 -0.0650 	 0.3099
0.1703 	 -0.1276 	 0.0078 	 -0.9847 	 0.0392 	 0.0575 	 0.1059 	 0.2021 	 -0.0658 	 0.3100
0.1804 	 -0.1272 	 0.0084 	 -0.9837 	 0.0412 	 0.0569 	 0.1090 	 0.2021 	 -0.0666 	 0.3101
0.1904 	 -0.1268 	 0.0089 	 -0.9826 	 0.0432 	 0.0562 	 0.1121 	 0.2021 	 -0.0674 	 0.3103
0.2004 	 -0.1263 	 0.0095 	 -0.9814 	 0.0452 	 0.0555 	 0.1153 	 0.2021 	 -0.0683 	 0.3105
0.2104 	 -0.1259 	 0.0101 	 -0.9802 	 0.0473 	 0.0548 	 0.1184 	 0.2021 	 -0.0691 	 0.3107
0.2204 	 -0.1254 	 0.0106 	 -0.9790 	 0.0493 	 0.0541 	 0.1215 	 0.2021 	 -0.0699 	 0.3109
0.2305 	 -0.1249 	 0.0111 	 -0.9778 	 0.0513 	 0.0534 	 0.1246 	 0.2021 	 -0.0706 	 0.3111
0.2405 	 -0.1244 	 0.0117 	 -0.9765 	 0.0533 	 0.0527 	 0.1277 	 0.2021 	 -0.0714 	 0.3113
0.2505 	 -0.1238 	 0.0122 	 -0.9752 	 0.0554 	 0.0520 	 0.1308 	 0.2039 	 -0.0661 	 0.3120
0.2605 	 -0.1233 	 0.0127 	 -0.9739 	 0.0574 	 0.0513 	 0.1340 	 0.2038 	 -0.0670 	 0.3123
0.2705 	 -0.1227 	 0.0132 	 -0.9726 	 0.0595 	 0.0507 	 0.1371 	 0.2038 	 -0.0679 	 0.3126
0.2806 	 -0.1221 	 0.0137 	 -0.9712 	 0.0615 	 0.0500 	 0.1402 	 0.2037 	 -0.0689 	 0.3129
0.2906 	 -0.1214 	 0.0142 	 -0.9698 	 0.0635 	 0.0493 	 0.1434 	 0.2037 	 -0.0698 	 0.3132
0.3006 	 -0.1208 	 0.0147 	 -0.9683 	 0.0656 	 0.0486 	 0.1465 	 0.2036 	 -0.0707 	 0.3136
0.3106 	 -0.1201 	 0.0152 	 -0.9668 	 0.0676 	 0.0479 	 0.1497 	 0.2035 	 -0.0717 	 0.3139
0.3206 	 -0.1194 	 0.0157 	 -0.9653 	 0.0697 	 0.0471 	 0.1528 	 0.2035 	 -0.0726 	 0.3143
0.3307 	 -0.1187 	 0.0161 	 -0.9638 	 0.0717 	 0.0464 	 0.1560 	 0.2034 	 -0.0736 	 0.3148
0.3407 	 -0.1180 	 0.0166 	 -0.9622 	 0.0737 	 0.0457 	 0.1591 	 0.2034 	 -0.0745 	 0.3152
0.3507 	 -0.1173 	 0.0171 	 -0.9606 	 0.0758 	 0.0449 	 0.1623 	 0.2033 	 -0.0755 	 0.3157
0.3607 	 -0.1165 	 0.0175 	 -0.9589 	 0.0778 	 0.0441 	 0.1654 	 0.2032 	 -0.0764 	 0.3161
0.3707 	 -0.1157 	 0.0179 	 -0.9573 	 0.0798 	 0.0434 	 0.1686 	 0.2032 	 -0.0773 	 0.3167
0.3808 	 -0.1149 	 0.0184 	 -0.9555 	 0.0819 	 0.0426 	 0.1718 	 0.2031 	 -0.0783 	 0.3172
0.3908 	 -0.1141 	 0.0188 	 -0.9538 	 0.0839 	 0.0418 	 0.1750 	 0.2030 	 -0.0792 	 0.3178
0.4008 	 -0.1132 	 0.0192 	 -0.9520 	 0.0859 	 0.0410 	 0.1781 	 0.2029 	 -0.0802 	 0.3184
0.4108 	 -0.1123 	 0.0196 	 -0.9502 	 0.0880 	 0.0402 	 0.1813 	 0.2028 	 -0.0811 	 0.3190
0.4208 	 -0.1114 	 0.0200 	 -0.9484 	 0.0900 	 0.0394 	 0.1845 	 0.2028 	 -0.0821 	 0.3196
0.4309 	 -0.1105 	 0.0204 	 -0.9465 	 0.0920 	 0.0386 	 0.1877 	 0.2027 	 -0.0831 	 0.3203
0.4409 	 -0.1096 	 0.0208 	 -0.9446 	 0.0941 	 0.0377 	 0.1910 	 0.2026 	 -0.0840 	 0.3210
0.4509 	 -0.1086 	 0.0212 	 -0.9427 	 0.0961 	 0.0369 	 0.1942 	 0.2025 	 -0.0850 	 0.3217
0.4609 	 -0.1077 	 0.0215 	 -0.9408 	 0.0981 	 0.0360 	 0.1974 	 0.2024 	 -0.0859 	 0.3225
0.4709 	 -0.1067 	 0.0219 	 -0.9388 	 0.1002 	 0.0351 	 0.2006 	 0.2023 	 -0.0869 	 0.3232
0.4810 	 -0.1057 	 0.0222 	 -0.9367 	 0.1022 	 0.0343 	 0.2039 	 0.2022 	 -0.0879 	 0.3241
0.4910 	 -0.1046 	 0.0226 	 -0.9347 	 0.1042 	 0.0334 	 0.2071 	 0.2021 	 -0.0888 	 0.3249
0.5010 	 -0.1036 	 0.0229 	 -0.9326 	 0.1062 	 0.0325 	 0.2104 	 0.2020 	 -0.0898 	 0.3258
0.5110 	 -0.1025 	 0.0232 	 -0.9305 	 0.1083 	 0.0316 	 0.2137 	 0.2019 	 -0.0908 	 0.3267
0.5210 	 -0.1014 	 0.0235 	 -0.9283 	 0.1103 	 0.0307 	 0.2169 	 0.2017 	 -0.0918 	 0.3276
0.5311 	 -0.1003 	 0.0238 	 -0.9261 	 0.1123 	 0.0297 	 0.2202 	 0.2016 	 -0.0928 	 0.3286
0.5411 	 -0.0992 	 0.0241 	 -0.9239 	 0.1143 	 0.0288 	 0.2235 	 0.2015 	 -0.0938 	 0.3296
0.5511 	 -0.0980 	 0.0244 	 -0.9216 	 0.1163 	 0.0279 	 0.2268 	 0.2014 	 -0.0947 	 0.3307
0.5611 	 -0.0968 	 0.0247 	 -0.9193 	 0.1184 	 0.0269 	 0.2302 	 0.2012 	 -0.0957 	 0.3318
0.5711 	 -0.0956 	 0.0250 	 -0.9170 	 0.1204 	 0.0259 	 0.2335 	 0.2011 	 -0.0967 	 0.3329
0.5812 	 -0.0944 	 0.0252 	 -0.9147 	 0.1224 	 0.0250 	 0.2368 	 0.2009 	 -0.0978 	 0.3341
0.5912 	 -0.0932 	 0.0255 	 -0.9123 	 0.1244 	 0.0240 	 0.2402 	 0.2008 	 -0.0988 	 0.3353
0.6012 	 -0.0919 	 0.0257 	 -0.9098 	 0.1264 	 0.0230 	 0.2436 	 0.2056 	 -0.1029 	 0.3381
0.6112 	 -0.0906 	 0.0259 	 -0.9074 	 0.1285 	 0.0219 	 0.2470 	 0.2051 	 -0.1038 	 0.3394
0.6212 	 -0.0893 	 0.0261 	 -0.9049 	 0.1306 	 0.0209 	 0.2504 	 0.2047 	 -0.1046 	 0.3406
0.6313 	 -0.0880 	 0.0263 	 -0.9024 	 0.1326 	 0.0198 	 0.2538 	 0.2042 	 -0.1055 	 0.3419
0.6413 	 -0.0867 	 0.0265 	 -0.8998 	 0.1346 	 0.0188 	 0.2572 	 0.2023 	 -0.1050 	 0.3494
0.6513 	 -0.0853 	 0.0267 	 -0.8972 	 0.1367 	 0.0177 	 0.2607 	 0.2017 	 -0.1058 	 0.3508
0.6613 	 -0.0840 	 0.0269 	 -0.8946 	 0.1387 	 0.0167 	 0.2643 	 0.2012 	 -0.1066 	 0.3523
0.6713 	 -0.0826 	 0.0270 	 -0.8919 	 0.1407 	 0.0156 	 0.2678 	 0.2006 	 -0.1074 	 0.3538
0.6814 	 -0.0811 	 0.0272 	 -0.8892 	 0.1427 	 0.0145 	 0.2713 	 0.2000 	 -0.1082 	 0.3554
0.6914 	 -0.0797 	 0.0273 	 -0.8865 	 0.1447 	 0.0134 	 0.2749 	 0.1994 	 -0.1090 	 0.3571
0.7014 	 -0.0782 	 0.0275 	 -0.8837 	 0.1467 	 0.0123 	 0.2785 	 0.1988 	 -0.1098 	 0.3588
0.7114 	 -0.0768 	 0.0276 	 -0.8809 	 0.1487 	 0.0112 	 0.2821 	 0.1981 	 -0.1106 	 0.3605
0.7214 	 -0.0753 	 0.0277 	 -0.8781 	 0.1507 	 0.0101 	 0.2857 	 0.1975 	 -0.1114 	 0.3623
0.7315 	 -0.0737 	 0.0278 	 -0.8752 	 0.1527 	 0.0090 	 0.2894 	 0.1968 	 -0.1122 	 0.3641
0.7415 	 -0.0722 	 0.0279 	 -0.8723 	 0.1546 	 0.0079 	 0.2930 	 0.1960 	 -0.1129 	 0.3661
0.7515 	 -0.0706 	 0.0279 	 -0.8693 	 0.1566 	 0.0067 	 0.2967 	 0.1953 	 -0.1137 	 0.3680
0.7615 	 -0.0691 	 0.0280 	 -0.8663 	 0.1585 	 0.0056 	 0.3004 	 0.1945 	 -0.1145 	 0.3701
0.7715 	 -0.0675 	 0.0281 	 -0.8633 	 0.1605 	 0.0044 	 0.3041 	 0.1936 	 -0.1153 	 0.3721
0.7816 	 -0.0658 	 0.0281 	 -0.8602 	 0.1624 	 0.0033 	 0.3079 	 0.1928 	 -0.1161 	 0.3743
0.7916 	 -0.0642 	 0.0281 	 -0.8571 	 0.1643 	 0.0021 	 0.3116 	 0.1919 	 -0.1168 	 0.3765
0.8016 	 -0.0625 	 0.0281 	 -0.8540 	 0.1663 	 0.0009 	 0.3154 	 0.1910 	 -0.1176 	 0.3788
0.8116 	 -0.0609 	 0.0281 	 -0.8508 	 0.1682 	 -0.0003 	 0.3192 	 0.1900 	 -0.1184 	 0.3812
0.8216 	 -0.0592 	 0.0281 	 -0.8476 	 0.1701 	 -0.0014 	 0.3230 	 0.1890 	 -0.1191 	 0.3836
0.8317 	 -0.0575 	 0.0281 	 -0.8443 	 0.1720 	 -0.0026 	 0.3269 	 0.1880 	 -0.1199 	 0.3861
0.8417 	 -0.0557 	 0.0281 	 -0.8410 	 0.1738 	 -0.0038 	 0.3308 	 0.1869 	 -0.1206 	 0.3887
0.8517 	 -0.0540 	 0.0280 	 -0.8377 	 0.1757 	 -0.0051 	 0.3347 	 0.1858 	 -0.1214 	 0.3914
0.8617 	 -0.0522 	 0.0280 	 -0.8343 	 0.1776 	 -0.0063 	 0.3386 	 0.1846 	 -0.1221 	 0.3942
0.8717 	 -0.0504 	 0.0279 	 -0.8309 	 0.1794 	 -0.0075 	 0.3426 	 0.1834 	 -0.1228 	 0.3970
0.8818 	 -0.0486 	 0.0278 	 -0.8275 	 0.1812 	 -0.0087 	 0.3466 	 0.1822 	 -0.1235 	 0.4000
0.8918 	 -0.0468 	 0.0277 	 -0.8240 	 0.1831 	 -0.0100 	 0.3506 	 0.1809 	 -0.1243 	 0.4030
0.9018 	 -0.0449 	 0.0276 	 -0.8204 	 0.1849 	 -0.0112 	 0.3547 	 0.1796 	 -0.1250 	 0.4062
0.9118 	 -0.0431 	 0.0275 	 -0.8169 	 0.1867 	 -0.0125 	 0.3587 	 0.1782 	 -0.1257 	 0.4094
0.9218 	 -0.0412 	 0.0274 	 -0.8132 	 0.1884 	 -0.0137 	 0.3629 	 0.1767 	 -0.1264 	 0.4128
0.9319 	 -0.0393 	 0.0272 	 -0.8096 	 0.1902 	 -0.0150 	 0.3670 	 0.1752 	 -0.1271 	 0.4163
0.9419 	 -0.0374 	 0.0271 	 -0.8059 	 0.1919 	 -0.0163 	 0.3712 	 0.1737 	 -0.1278 	 0.4198
0.9519 	 -0.0355 	 0.0269 	 -0.8021 	 0.1937 	 -0.0176 	 0.3754 	 0.1721 	 -0.1284 	 0.4236
0.9619 	 -0.0335 	 0.0267 	 -0.7984 	 0.1954 	 -0.0189 	 0.3797 	 0.1704 	 -0.1291 	 0.4274
0.9719 	 -0.0315 	 0.0265 	 -0.7945 	 0.1971 	 -0.0202 	 0.3840 	 0.1687 	 -0.1297 	 0.4314
0.9820 	 -0.0296 	 0.0263 	 -0.7907 	 0.1988 	 -0.0215 	 0.3883 	 0.1670 	 -0.1304 	 0.4356
0.9920 	 -0.0276 	 0.0261 	 -0.7867 	 0.2004 	 -0.0228 	 0.3927 	 0.1652 	 -0.1310 	 0.4399
1.0020 	 -0.0255 	 0.0259 	 -0.7828 	 0.2021 	 -0.0241 	 0.3972 	 0.1633 	 -0.1316 	 0.4443
1.0120 	 -0.0235 	 0.0256 	 -0.7788 	 0.2037 	 -0.0254 	 0.4016 	 0.1614 	 -0.1323 	 0.4490
1.0220 	 -0.0215 	 0.0254 	 -0.7747 	 0.2053 	 -0.0267 	 0.4062 	 0.1594 	 -0.1329 	 0.4538
1.0321 	 -0.0194 	 0.0251 	 -0.7706 	 0.2069 	 -0.0281 	 0.4107 	 0.1574 	 -0.1334 	 0.4589
1.0421 	 -0.0173 	 0.0248 	 -0.7665 	 0.2085 	 -0.0294 	 0.4153 	 0.1553 	 -0.1340 	 0.4641
1.0521 	 -0.0152 	 0.0245 	 -0.7623 	 0.2100 	 -0.0308 	 0.4200 	 0.1532 	 -0.1346 	 0.4696
1.0621 	 -0.0131 	 0.0242 	 -0.7581 	 0.2115 	 -0.0321 	 0.4248 	 0.1510 	 -0.1351 	 0.4753
1.0721 	 -0.0110 	 0.0238 	 -0.7538 	 0.2130 	 -0.0335 	 0.4296 	 0.1487 	 -0.1357 	 0.4812
1.0822 	 -0.0088 	 0.0235 	 -0.7495 	 0.2145 	 -0.0348 	 0.4344 	 0.1465 	 -0.1362 	 0.4875
1.0922 	 -0.0067 	 0.0231 	 -0.7451 	 0.2160 	 -0.0362 	 0.4393 	 0.1441 	 -0.1367 	 0.4940
1.1022 	 -0.0045 	 0.0228 	 -0.7407 	 0.2174 	 -0.0376 	 0.4443 	 0.1418 	 -0.1372 	 0.5009
1.1122 	 -0.0023 	 0.0224 	 -0.7362 	 0.2188 	 -0.0390 	 0.4494 	 0.1394 	 -0.1377 	 0.5081
1.1222 	 -0.0001 	 0.0220 	 -0.7317 	 0.2202 	 -0.0403 	 0.4545 	 0.1369 	 -0.1382 	 0.5156
1.1323 	 0.0021 	 0.0216 	 -0.7271 	 0.2216 	 -0.0417 	 0.4597 	 0.1345 	 -0.1387 	 0.5235
1.1423 	 0.0043 	 0.0212 	 -0.7225 	 0.2229 	 -0.0431 	 0.4650 	 0.1320 	 -0.1392 	 0.5319
1.1523 	 0.0066 	 0.0207 	 -0.7178 	 0.2242 	 -0.0445 	 0.4704 	 0.1294 	 -0.1396 	 0.5407
1.1623 	 0.0088 	 0.0203 	 -0.7130 	 0.2255 	 -0.0459 	 0.4758 	 0.1269 	 -0.1401 	 0.5500
1.1723 	 0.0111 	 0.0198 	 -0.7082 	 0.2267 	 -0.0473 	 0.4814 	 0.1243 	 -0.1405 	 0.5598
1.1824 	 0.0134 	 0.0193 	 -0.7034 	 0.2280 	 -0.0487 	 0.4870 	 0.1218 	 -0.1410 	 0.5702
1.1924 	 0.0156 	 0.0188 	 -0.6985 	 0.2292 	 -0.0501 	 0.4928 	 0.1192 	 -0.1415 	 0.5812
1.2024 	 0.0179 	 0.0183 	 -0.6935 	 0.2304 	 -0.0516 	 0.4987 	 0.1166 	 -0.1419 	 0.5929
1.2124 	 0.0203 	 0.0178 	 -0.6885 	 0.2315 	 -0.0530 	 0.5047 	 0.1141 	 -0.1424 	 0.6053
1.2224 	 0.0226 	 0.0173 	 -0.6834 	 0.2327 	 -0.0544 	 0.5108 	 0.1105 	 -0.1419 	 0.6121
1.2325 	 0.0249 	 0.0167 	 -0.6782 	 0.2337 	 -0.0558 	 0.5170 	 0.1080 	 -0.1423 	 0.6258
1.2425 	 0.0273 	 0.0161 	 -0.6730 	 0.2348 	 -0.0573 	 0.5234 	 0.1055 	 -0.1428 	 0.6405
1.2525 	 0.0296 	 0.0156 	 -0.6678 	 0.2359 	 -0.0587 	 0.5299 	 0.1030 	 -0.1434 	 0.6561
1.2625 	 0.0320 	 0.0150 	 -0.6624 	 0.2369 	 -0.0601 	 0.5365 	 0.1007 	 -0.1440 	 0.6729
1.2725 	 0.0344 	 0.0143 	 -0.6570 	 0.2379 	 -0.0616 	 0.5433 	 0.0984 	 -0.1447 	 0.6909
1.2826 	 0.0368 	 0.0137 	 -0.6515 	 0.2389 	 -0.0630 	 0.5504 	 0.0962 	 -0.1454 	 0.7103
1.2926 	 0.0392 	 0.0131 	 -0.6460 	 0.2398 	 -0.0645 	 0.5576 	 0.0960 	 -0.1472 	 0.7423
1.3026 	 0.0416 	 0.0124 	 -0.6403 	 0.2408 	 -0.0660 	 0.5652 	 0.0939 	 -0.1476 	 0.7668
1.3126 	 0.0440 	 0.0118 	 -0.6346 	 0.2417 	 -0.0675 	 0.5730 	 0.0927 	 -0.1488 	 0.8043
1.3226 	 0.0464 	 0.0111 	 -0.6289 	 0.2426 	 -0.0690 	 0.5812 	 0.0910 	 -0.1500 	 0.8254
1.3327 	 0.0488 	 0.0104 	 -0.6230 	 0.2435 	 -0.0705 	 0.5896 	 0.0880 	 -0.1507 	 0.8409
1.3427 	 0.0513 	 0.0097 	 -0.6170 	 0.2444 	 -0.0720 	 0.5981 	 0.0862 	 -0.1518 	 0.8631
1.3527 	 0.0537 	 0.0089 	 -0.6110 	 0.2453 	 -0.0735 	 0.6069 	 0.0839 	 -0.1534 	 0.8854
1.3627 	 0.0562 	 0.0082 	 -0.6049 	 0.2461 	 -0.0751 	 0.6158 	 0.0805 	 -0.1542 	 0.9020
1.3727 	 0.0587 	 0.0074 	 -0.5987 	 0.2469 	 -0.0766 	 0.6249 	 0.0771 	 -0.1553 	 0.9199
1.3828 	 0.0612 	 0.0067 	 -0.5924 	 0.2476 	 -0.0782 	 0.6343 	 0.0734 	 -0.1573 	 0.9448
1.3928 	 0.0636 	 0.0059 	 -0.5860 	 0.2483 	 -0.0797 	 0.6438 	 0.0702 	 -0.1584 	 0.9634
1.4028 	 0.0661 	 0.0051 	 -0.5795 	 0.2490 	 -0.0814 	 0.6537 	 0.0717 	 -0.1629 	 1.0120
1.4128 	 0.0686 	 0.0042 	 -0.5728 	 0.2498 	 -0.0830 	 0.6640 	 0.0701 	 -0.1659 	 1.0449
1.4228 	 0.0711 	 0.0034 	 -0.5661 	 0.2504 	 -0.0847 	 0.6746 	 0.0671 	 -0.1677 	 1.0675
1.4329 	 0.0736 	 0.0025 	 -0.5593 	 0.2511 	 -0.0864 	 0.6854 	 0.0627 	 -0.1697 	 1.0832
1.4429 	 0.0762 	 0.0017 	 -0.5524 	 0.2517 	 -0.0881 	 0.6963 	 0.0577 	 -0.1701 	 1.0918
1.4529 	 0.0787 	 0.0008 	 -0.5454 	 0.2523 	 -0.0898 	 0.7073 	 0.0526 	 -0.1708 	 1.1011
1.4629 	 0.0812 	 -0.0001 	 -0.5382 	 0.2528 	 -0.0915 	 0.7183 	 0.0475 	 -0.1717 	 1.1110
1.4729 	 0.0838 	 -0.0011 	 -0.5310 	 0.2532 	 -0.0932 	 0.7295 	 0.0424 	 -0.1729 	 1.1216
1.4830 	 0.0863 	 -0.0020 	 -0.5236 	 0.2536 	 -0.0950 	 0.7408 	 0.0401 	 -0.1774 	 1.1364
1.4930 	 0.0888 	 -0.0030 	 -0.5161 	 0.2540 	 -0.0968 	 0.7523 	 0.0342 	 -0.1816 	 1.1517
1.5030 	 0.0914 	 -0.0039 	 -0.5085 	 0.2543 	 -0.0986 	 0.7639 	 0.0283 	 -0.1823 	 1.1683
1.5130 	 0.0939 	 -0.0049 	 -0.5008 	 0.2546 	 -0.1004 	 0.7757 	 0.0216 	 -0.1827 	 1.1784
1.5230 	 0.0965 	 -0.0060 	 -0.4930 	 0.2547 	 -0.1023 	 0.7876 	 0.0140 	 -0.1846 	 1.2134
1.5331 	 0.0990 	 -0.0070 	 -0.4850 	 0.2548 	 -0.1041 	 0.7998 	 0.0065 	 -0.1855 	 1.2186
1.5431 	 0.1016 	 -0.0080 	 -0.4770 	 0.2549 	 -0.1060 	 0.8120 	 -0.0012 	 -0.1867 	 1.2236
1.5531 	 0.1041 	 -0.0091 	 -0.4688 	 0.2548 	 -0.1079 	 0.8243 	 -0.0091 	 -0.1891 	 1.2337
1.5631 	 0.1067 	 -0.0102 	 -0.4604 	 0.2547 	 -0.1098 	 0.8367 	 -0.0210 	 -0.1939 	 1.2396
1.5731 	 0.1092 	 -0.0113 	 -0.4520 	 0.2544 	 -0.1118 	 0.8491 	 -0.0310 	 -0.1962 	 1.2426
1.5832 	 0.1118 	 -0.0124 	 -0.4434 	 0.2540 	 -0.1137 	 0.8616 	 -0.0420 	 -0.1986 	 1.2332
1.5932 	 0.1143 	 -0.0136 	 -0.4347 	 0.2536 	 -0.1158 	 0.8738 	 -0.0460 	 -0.2071 	 1.2155
1.6032 	 0.1169 	 -0.0148 	 -0.4259 	 0.2531 	 -0.1179 	 0.8859 	 -0.0412 	 -0.2208 	 1.1802
1.6132 	 0.1194 	 -0.0160 	 -0.4170 	 0.2528 	 -0.1202 	 0.8975 	 -0.0342 	 -0.2340 	 1.1394
1.6232 	 0.1219 	 -0.0172 	 -0.4079 	 0.2524 	 -0.1226 	 0.9086 	 -0.0324 	 -0.2419 	 1.0870
1.6333 	 0.1245 	 -0.0184 	 -0.3988 	 0.2521 	 -0.1250 	 0.9193 	 -0.0445 	 -0.2401 	 1.0386
1.6433 	 0.1270 	 -0.0197 	 -0.3895 	 0.2515 	 -0.1274 	 0.9295 	 -0.0632 	 -0.2338 	 0.9984
1.6533 	 0.1295 	 -0.0210 	 -0.3801 	 0.2508 	 -0.1297 	 0.9393 	 -0.0858 	 -0.2249 	 0.9637
1.6633 	 0.1320 	 -0.0223 	 -0.3707 	 0.2498 	 -0.1319 	 0.9488 	 -0.1094 	 -0.2124 	 0.9306
1.6733 	 0.1345 	 -0.0236 	 -0.3611 	 0.2486 	 -0.1339 	 0.9579 	 -0.1345 	 -0.1999 	 0.8959
1.6834 	 0.1370 	 -0.0250 	 -0.3515 	 0.2471 	 -0.1359 	 0.9667 	 -0.1674 	 -0.1876 	 0.8539
1.6934 	 0.1395 	 -0.0263 	 -0.3418 	 0.2452 	 -0.1377 	 0.9751 	 -0.2088 	 -0.1796 	 0.8196
1.7034 	 0.1419 	 -0.0277 	 -0.3320 	 0.2429 	 -0.1395 	 0.9832 	 -0.2520 	 -0.1770 	 0.7986
1.7134 	 0.1443 	 -0.0291 	 -0.3221 	 0.2402 	 -0.1413 	 0.9911 	 -0.2933 	 -0.1795 	 0.7717
1.7234 	 0.1467 	 -0.0306 	 -0.3121 	 0.2371 	 -0.1431 	 0.9986 	 -0.3227 	 -0.1877 	 0.7173
1.7335 	 0.1491 	 -0.0320 	 -0.3021 	 0.2337 	 -0.1450 	 1.0050 	 -0.3840 	 -0.1796 	 0.5372
1.7435 	 0.1514 	 -0.0335 	 -0.2920 	 0.2293 	 -0.1466 	 1.0097 	 -0.4860 	 -0.1438 	 0.4047
1.7535 	 0.1537 	 -0.0349 	 -0.2818 	 0.2241 	 -0.1477 	 1.0131 	 -0.5582 	 -0.0774 	 0.2426
1.7635 	 0.1559 	 -0.0364 	 -0.2717 	 0.2183 	 -0.1481 	 1.0150 	 -0.5979 	 -0.0105 	 0.1198
1.7735 	 0.1580 	 -0.0379 	 -0.2615 	 0.2122 	 -0.1481 	 1.0157 	 -0.6250 	 0.0112 	 0.0187
1.7836 	 0.1601 	 -0.0394 	 -0.2513 	 0.2059 	 -0.1480 	 1.0157 	 -0.6334 	 0.0222 	 -0.0268
1.7936 	 0.1622 	 -0.0409 	 -0.2412 	 0.1995 	 -0.1477 	 1.0152 	 -0.6493 	 0.0339 	 -0.0541
1.8036 	 0.1641 	 -0.0423 	 -0.2310 	 0.1929 	 -0.1472 	 1.0145 	 -0.6636 	 0.0511 	 -0.0835
1.8136 	 0.1660 	 -0.0438 	 -0.2208 	 0.1861 	 -0.1466 	 1.0135 	 -0.6813 	 0.0674 	 -0.1119
1.8236 	 0.1679 	 -0.0453 	 -0.2107 	 0.1792 	 -0.1459 	 1.0123 	 -0.7034 	 0.0834 	 -0.1296
1.8337 	 0.1696 	 -0.0467 	 -0.2005 	 0.1721 	 -0.1450 	 1.0109 	 -0.7248 	 0.0988 	 -0.1642
1.8437 	 0.1713 	 -0.0482 	 -0.1904 	 0.1647 	 -0.1439 	 1.0090 	 -0.7460 	 0.1141 	 -0.2029
1.8537 	 0.1729 	 -0.0496 	 -0.1803 	 0.1571 	 -0.1427 	 1.0069 	 -0.7648 	 0.1301 	 -0.2305
1.8637 	 0.1745 	 -0.0510 	 -0.1702 	 0.1494 	 -0.1413 	 1.0044 	 -0.7808 	 0.1449 	 -0.2715
1.8737 	 0.1759 	 -0.0524 	 -0.1602 	 0.1415 	 -0.1398 	 1.0014 	 -0.7933 	 0.1591 	 -0.3137
1.8838 	 0.1773 	 -0.0538 	 -0.1502 	 0.1335 	 -0.1381 	 0.9981 	 -0.7969 	 0.1734 	 -0.3452
1.8938 	 0.1786 	 -0.0552 	 -0.1402 	 0.1254 	 -0.1363 	 0.9945 	 -0.8052 	 0.1853 	 -0.3782
1.9038 	 0.1798 	 -0.0566 	 -0.1302 	 0.1174 	 -0.1344 	 0.9905 	 -0.8088 	 0.1972 	 -0.4152
1.9138 	 0.1809 	 -0.0579 	 -0.1203 	 0.1093 	 -0.1323 	 0.9862 	 -0.8062 	 0.2126 	 -0.4479
1.9238 	 0.1820 	 -0.0592 	 -0.1105 	 0.1012 	 -0.1301 	 0.9816 	 -0.8080 	 0.2235 	 -0.4811
1.9339 	 0.1830 	 -0.0605 	 -0.1007 	 0.0931 	 -0.1279 	 0.9766 	 -0.8101 	 0.2337 	 -0.5132
1.9439 	 0.1839 	 -0.0618 	 -0.0909 	 0.0850 	 -0.1255 	 0.9713 	 -0.8127 	 0.2432 	 -0.5448
1.9539 	 0.1847 	 -0.0630 	 -0.0812 	 0.0768 	 -0.1230 	 0.9657 	 -0.8185 	 0.2543 	 -0.5664
1.9639 	 0.1854 	 -0.0642 	 -0.0716 	 0.0686 	 -0.1204 	 0.9599 	 -0.8258 	 0.2600 	 -0.5941
1.9739 	 0.1860 	 -0.0654 	 -0.0620 	 0.0603 	 -0.1177 	 0.9538 	 -0.8277 	 0.2670 	 -0.6267
1.9840 	 0.1866 	 -0.0666 	 -0.0525 	 0.0520 	 -0.1150 	 0.9473 	 -0.8292 	 0.2739 	 -0.6536
1.9940 	 0.1871 	 -0.0677 	 -0.0430 	 0.0437 	 -0.1123 	 0.9406 	 -0.8297 	 0.2797 	 -0.6874
2.0040 	 0.1875 	 -0.0689 	 -0.0336 	 0.0353 	 -0.1094 	 0.9336 	 -0.8283 	 0.2842 	 -0.7150
2.0140 	 0.1878 	 -0.0699 	 -0.0243 	 0.0271 	 -0.1066 	 0.9263 	 -0.8251 	 0.2888 	 -0.7419
2.0240 	 0.1880 	 -0.0710 	 -0.0150 	 0.0188 	 -0.1037 	 0.9188 	 -0.8205 	 0.2928 	 -0.7628
2.0341 	 0.1882 	 -0.0720 	 -0.0059 	 0.0106 	 -0.1007 	 0.9110 	 -0.8140 	 0.2954 	 -0.7931
2.0441 	 0.1882 	 -0.0730 	 0.0032 	 0.0025 	 -0.0978 	 0.9029 	 -0.8061 	 0.2976 	 -0.8223
2.0541 	 0.1882 	 -0.0740 	 0.0122 	 -0.0055 	 -0.0948 	 0.8945 	 -0.7918 	 0.2960 	 -0.8480
2.0641 	 0.1881 	 -0.0749 	 0.0211 	 -0.0134 	 -0.0918 	 0.8860 	 -0.7831 	 0.2969 	 -0.8492
2.0741 	 0.1880 	 -0.0758 	 0.0300 	 -0.0212 	 -0.0888 	 0.8774 	 -0.7710 	 0.2976 	 -0.8702
2.0842 	 0.1877 	 -0.0767 	 0.0387 	 -0.0288 	 -0.0858 	 0.8687 	 -0.7579 	 0.2978 	 -0.8830
2.0942 	 0.1874 	 -0.0775 	 0.0474 	 -0.0364 	 -0.0829 	 0.8598 	 -0.7425 	 0.2969 	 -0.8799
2.1042 	 0.1870 	 -0.0783 	 0.0559 	 -0.0437 	 -0.0799 	 0.8510 	 -0.7278 	 0.2964 	 -0.8808
2.1142 	 0.1865 	 -0.0791 	 0.0644 	 -0.0510 	 -0.0769 	 0.8422 	 -0.7132 	 0.2993 	 -0.8796
2.1242 	 0.1860 	 -0.0799 	 0.0728 	 -0.0580 	 -0.0739 	 0.8333 	 -0.6996 	 0.2988 	 -0.8854
2.1343 	 0.1853 	 -0.0806 	 0.0811 	 -0.0650 	 -0.0709 	 0.8244 	 -0.6861 	 0.2978 	 -0.8892
2.1443 	 0.1847 	 -0.0813 	 0.0893 	 -0.0718 	 -0.0680 	 0.8155 	 -0.6710 	 0.2967 	 -0.8862
2.1543 	 0.1839 	 -0.0820 	 0.0975 	 -0.0784 	 -0.0650 	 0.8066 	 -0.6582 	 0.2960 	 -0.8952
2.1643 	 0.1831 	 -0.0826 	 0.1055 	 -0.0850 	 -0.0620 	 0.7976 	 -0.6452 	 0.2952 	 -0.9043
2.1743 	 0.1822 	 -0.0832 	 0.1135 	 -0.0914 	 -0.0591 	 0.7885 	 -0.6321 	 0.2943 	 -0.9135
2.1844 	 0.1813 	 -0.0838 	 0.1213 	 -0.0976 	 -0.0561 	 0.7793 	 -0.6189 	 0.2932 	 -0.9225
2.1944 	 0.1802 	 -0.0843 	 0.1291 	 -0.1037 	 -0.0532 	 0.7702 	 -0.5986 	 0.2884 	 -0.9029
2.2044 	 0.1792 	 -0.0849 	 0.1367 	 -0.1096 	 -0.0503 	 0.7612 	 -0.5829 	 0.2857 	 -0.9005
2.2144 	 0.1780 	 -0.0854 	 0.1443 	 -0.1154 	 -0.0475 	 0.7522 	 -0.5661 	 0.2821 	 -0.8962
2.2244 	 0.1769 	 -0.0858 	 0.1518 	 -0.1210 	 -0.0447 	 0.7432 	 -0.5504 	 0.2792 	 -0.8916
2.2345 	 0.1756 	 -0.0862 	 0.1592 	 -0.1264 	 -0.0419 	 0.7343 	 -0.5367 	 0.2775 	 -0.8922
2.2445 	 0.1743 	 -0.0867 	 0.1665 	 -0.1317 	 -0.0391 	 0.7253 	 -0.5236 	 0.2761 	 -0.8933
2.2545 	 0.1730 	 -0.0870 	 0.1738 	 -0.1369 	 -0.0364 	 0.7164 	 -0.5110 	 0.2750 	 -0.8947
2.2645 	 0.1716 	 -0.0874 	 0.1809 	 -0.1420 	 -0.0336 	 0.7074 	 -0.4989 	 0.2742 	 -0.8965
2.2745 	 0.1701 	 -0.0877 	 0.1879 	 -0.1469 	 -0.0309 	 0.6984 	 -0.4841 	 0.2737 	 -0.8869
2.2846 	 0.1686 	 -0.0880 	 0.1949 	 -0.1517 	 -0.0281 	 0.6896 	 -0.4702 	 0.2725 	 -0.8808
2.2946 	 0.1671 	 -0.0883 	 0.2018 	 -0.1563 	 -0.0254 	 0.6807 	 -0.4587 	 0.2725 	 -0.8810
2.3046 	 0.1655 	 -0.0885 	 0.2085 	 -0.1609 	 -0.0227 	 0.6720 	 -0.4455 	 0.2714 	 -0.8750
2.3146 	 0.1639 	 -0.0887 	 0.2152 	 -0.1653 	 -0.0200 	 0.6632 	 -0.4346 	 0.2716 	 -0.8758
2.3246 	 0.1622 	 -0.0889 	 0.2218 	 -0.1696 	 -0.0172 	 0.6544 	 -0.4242 	 0.2719 	 -0.8775
2.3347 	 0.1605 	 -0.0891 	 0.2283 	 -0.1738 	 -0.0145 	 0.6457 	 -0.4151 	 0.2694 	 -0.8740
2.3447 	 0.1587 	 -0.0892 	 0.2348 	 -0.1779 	 -0.0118 	 0.6369 	 -0.4054 	 0.2694 	 -0.8770
2.3547 	 0.1569 	 -0.0893 	 0.2411 	 -0.1819 	 -0.0091 	 0.6282 	 -0.3940 	 0.2692 	 -0.8671
2.3647 	 0.1551 	 -0.0894 	 0.2473 	 -0.1858 	 -0.0064 	 0.6195 	 -0.3829 	 0.2666 	 -0.8631
2.3747 	 0.1532 	 -0.0894 	 0.2535 	 -0.1896 	 -0.0038 	 0.6109 	 -0.3741 	 0.2660 	 -0.8502
2.3848 	 0.1513 	 -0.0895 	 0.2596 	 -0.1933 	 -0.0011 	 0.6024 	 -0.3650 	 0.2650 	 -0.8501
2.3948 	 0.1493 	 -0.0895 	 0.2656 	 -0.1969 	 0.0015 	 0.5938 	 -0.3560 	 0.2637 	 -0.8510
2.4048 	 0.1473 	 -0.0894 	 0.2715 	 -0.2004 	 0.0042 	 0.5854 	 -0.3477 	 0.2627 	 -0.8454
2.4148 	 0.1453 	 -0.0894 	 0.2773 	 -0.2039 	 0.0068 	 0.5769 	 -0.3390 	 0.2609 	 -0.8463
2.4248 	 0.1432 	 -0.0893 	 0.2831 	 -0.2072 	 0.0094 	 0.5684 	 -0.3302 	 0.2590 	 -0.8478
2.4349 	 0.1412 	 -0.0892 	 0.2887 	 -0.2105 	 0.0120 	 0.5599 	 -0.3215 	 0.2568 	 -0.8497
2.4449 	 0.1390 	 -0.0891 	 0.2943 	 -0.2137 	 0.0145 	 0.5514 	 -0.3127 	 0.2546 	 -0.8520
2.4549 	 0.1369 	 -0.0889 	 0.2998 	 -0.2168 	 0.0171 	 0.5428 	 -0.3038 	 0.2521 	 -0.8547
2.4649 	 0.1347 	 -0.0887 	 0.3052 	 -0.2198 	 0.0196 	 0.5342 	 -0.2948 	 0.2496 	 -0.8576
2.4749 	 0.1325 	 -0.0885 	 0.3105 	 -0.2227 	 0.0221 	 0.5257 	 -0.2849 	 0.2481 	 -0.8535
2.4850 	 0.1302 	 -0.0883 	 0.3157 	 -0.2255 	 0.0246 	 0.5171 	 -0.2755 	 0.2457 	 -0.8558
2.4950 	 0.1279 	 -0.0880 	 0.3208 	 -0.2282 	 0.0270 	 0.5085 	 -0.2708 	 0.2400 	 -0.8524
2.5050 	 0.1257 	 -0.0877 	 0.3259 	 -0.2308 	 0.0294 	 0.5000 	 -0.2602 	 0.2375 	 -0.8540
2.5150 	 0.1233 	 -0.0874 	 0.3308 	 -0.2334 	 0.0318 	 0.4915 	 -0.2474 	 0.2339 	 -0.8488
2.5251 	 0.1210 	 -0.0871 	 0.3357 	 -0.2358 	 0.0341 	 0.4830 	 -0.2362 	 0.2312 	 -0.8497
2.5351 	 0.1186 	 -0.0867 	 0.3405 	 -0.2381 	 0.0364 	 0.4745 	 -0.2248 	 0.2283 	 -0.8508
2.5451 	 0.1162 	 -0.0864 	 0.3452 	 -0.2403 	 0.0387 	 0.4659 	 -0.2132 	 0.2254 	 -0.8521
2.5551 	 0.1138 	 -0.0860 	 0.3499 	 -0.2424 	 0.0409 	 0.4574 	 -0.2014 	 0.2228 	 -0.8594
2.5651 	 0.1113 	 -0.0855 	 0.3544 	 -0.2443 	 0.0431 	 0.4488 	 -0.1893 	 0.2197 	 -0.8600
2.5752 	 0.1089 	 -0.0851 	 0.3589 	 -0.2462 	 0.0453 	 0.4401 	 -0.1770 	 0.2164 	 -0.8606
2.5852 	 0.1064 	 -0.0846 	 0.3632 	 -0.2479 	 0.0475 	 0.4316 	 -0.1627 	 0.2116 	 -0.8540
2.5952 	 0.1039 	 -0.0842 	 0.3675 	 -0.2494 	 0.0496 	 0.4230 	 -0.1498 	 0.2079 	 -0.8533
2.6052 	 0.1014 	 -0.0836 	 0.3717 	 -0.2509 	 0.0516 	 0.4145 	 -0.1339 	 0.2045 	 -0.8581
2.6152 	 0.0989 	 -0.0831 	 0.3758 	 -0.2521 	 0.0537 	 0.4059 	 -0.1206 	 0.2005 	 -0.8570
2.6253 	 0.0964 	 -0.0826 	 0.3798 	 -0.2533 	 0.0556 	 0.3973 	 -0.1070 	 0.1965 	 -0.8558
2.6353 	 0.0938 	 -0.0820 	 0.3838 	 -0.2543 	 0.0576 	 0.3887 	 -0.0932 	 0.1923 	 -0.8544
2.6453 	 0.0913 	 -0.0814 	 0.3876 	 -0.2552 	 0.0595 	 0.3802 	 -0.0789 	 0.1880 	 -0.8531
2.6553 	 0.0887 	 -0.0808 	 0.3914 	 -0.2559 	 0.0614 	 0.3716 	 -0.0635 	 0.1824 	 -0.8452
2.6653 	 0.0861 	 -0.0802 	 0.3951 	 -0.2564 	 0.0632 	 0.3632 	 -0.0477 	 0.1772 	 -0.8423
2.6754 	 0.0836 	 -0.0795 	 0.3987 	 -0.2568 	 0.0649 	 0.3548 	 -0.0312 	 0.1712 	 -0.8397
2.6854 	 0.0810 	 -0.0789 	 0.4022 	 -0.2571 	 0.0666 	 0.3463 	 -0.0143 	 0.1638 	 -0.8375
2.6954 	 0.0784 	 -0.0782 	 0.4056 	 -0.2571 	 0.0682 	 0.3380 	 0.0023 	 0.1550 	 -0.8355
2.7054 	 0.0758 	 -0.0775 	 0.4090 	 -0.2570 	 0.0697 	 0.3296 	 0.0177 	 0.1448 	 -0.8335
2.7154 	 0.0733 	 -0.0768 	 0.4122 	 -0.2568 	 0.0711 	 0.3213 	 0.0313 	 0.1341 	 -0.8313
2.7255 	 0.0707 	 -0.0761 	 0.4154 	 -0.2564 	 0.0724 	 0.3129 	 0.0432 	 0.1237 	 -0.8288
2.7355 	 0.0681 	 -0.0754 	 0.4185 	 -0.2559 	 0.0736 	 0.3047 	 0.0537 	 0.1139 	 -0.8259
2.7455 	 0.0656 	 -0.0746 	 0.4215 	 -0.2553 	 0.0747 	 0.2964 	 0.0632 	 0.1049 	 -0.8227
2.7555 	 0.0630 	 -0.0739 	 0.4244 	 -0.2546 	 0.0757 	 0.2882 	 0.0720 	 0.0966 	 -0.8193
2.7655 	 0.0605 	 -0.0731 	 0.4273 	 -0.2539 	 0.0766 	 0.2800 	 0.0803 	 0.0888 	 -0.8158
2.7756 	 0.0579 	 -0.0723 	 0.4300 	 -0.2530 	 0.0774 	 0.2718 	 0.0882 	 0.0816 	 -0.8122
2.7856 	 0.0554 	 -0.0716 	 0.4327 	 -0.2521 	 0.0782 	 0.2637 	 0.0952 	 0.0736 	 -0.8019
2.7956 	 0.0529 	 -0.0708 	 0.4353 	 -0.2511 	 0.0789 	 0.2557 	 0.1022 	 0.0669 	 -0.7972
2.8056 	 0.0504 	 -0.0700 	 0.4378 	 -0.2501 	 0.0796 	 0.2477 	 0.1090 	 0.0606 	 -0.7925
2.8156 	 0.0479 	 -0.0692 	 0.4403 	 -0.2489 	 0.0801 	 0.2398 	 0.1156 	 0.0541 	 -0.7812
2.8257 	 0.0454 	 -0.0684 	 0.4427 	 -0.2478 	 0.0807 	 0.2320 	 0.1218 	 0.0484 	 -0.7759
2.8357 	 0.0429 	 -0.0676 	 0.4449 	 -0.2465 	 0.0811 	 0.2243 	 0.1261 	 0.0408 	 -0.7640
2.8457 	 0.0404 	 -0.0667 	 0.4471 	 -0.2452 	 0.0815 	 0.2167 	 0.1315 	 0.0353 	 -0.7580
2.8557 	 0.0380 	 -0.0659 	 0.4493 	 -0.2439 	 0.0818 	 0.2092 	 0.1379 	 0.0307 	 -0.7456
2.8657 	 0.0356 	 -0.0651 	 0.4513 	 -0.2425 	 0.0821 	 0.2017 	 0.1429 	 0.0258 	 -0.7389
2.8758 	 0.0331 	 -0.0643 	 0.4533 	 -0.2410 	 0.0823 	 0.1943 	 0.1477 	 0.0210 	 -0.7323
2.8858 	 0.0307 	 -0.0635 	 0.4552 	 -0.2395 	 0.0825 	 0.1870 	 0.1523 	 0.0165 	 -0.7258
2.8958 	 0.0283 	 -0.0626 	 0.4571 	 -0.2380 	 0.0827 	 0.1798 	 0.1567 	 0.0121 	 -0.7194
2.9058 	 0.0260 	 -0.0618 	 0.4588 	 -0.2364 	 0.0828 	 0.1726 	 0.1609 	 0.0079 	 -0.7132
2.9158 	 0.0236 	 -0.0610 	 0.4605 	 -0.2347 	 0.0828 	 0.1655 	 0.1649 	 0.0038 	 -0.7071
2.9259 	 0.0213 	 -0.0601 	 0.4622 	 -0.2331 	 0.0828 	 0.1585 	 0.1688 	 -0.0000 	 -0.7012
2.9359 	 0.0189 	 -0.0593 	 0.4637 	 -0.2314 	 0.0828 	 0.1515 	 0.1725 	 -0.0038 	 -0.6954
2.9459 	 0.0166 	 -0.0585 	 0.4652 	 -0.2296 	 0.0828 	 0.1445 	 0.1761 	 -0.0074 	 -0.6897
2.9559 	 0.0143 	 -0.0576 	 0.4666 	 -0.2278 	 0.0827 	 0.1376 	 0.1795 	 -0.0108 	 -0.6841
2.9659 	 0.0120 	 -0.0568 	 0.4679 	 -0.2260 	 0.0825 	 0.1308 	 0.1829 	 -0.0141 	 -0.6787
2.9760 	 0.0098 	 -0.0560 	 0.4692 	 -0.2242 	 0.0824 	 0.1241 	 0.1839 	 -0.0174 	 -0.6669
2.9860 	 0.0076 	 -0.0552 	 0.4704 	 -0.2223 	 0.0822 	 0.1174 	 0.1867 	 -0.0205 	 -0.6608
2.9960 	 0.0053 	 -0.0543 	 0.4716 	 -0.2204 	 0.0820 	 0.1108 	 0.1893 	 -0.0234 	 -0.6550
3.0060 	 0.0031 	 -0.0535 	 0.4727 	 -0.2185 	 0.0817 	 0.1043 	 0.1919 	 -0.0262 	 -0.6492
3.0160 	 0.0010 	 -0.0527 	 0.4737 	 -0.2166 	 0.0815 	 0.0978 	 0.1945 	 -0.0288 	 -0.6437
3.0261 	 -0.0012 	 -0.0519 	 0.4746 	 -0.2146 	 0.0812 	 0.0914 	 0.1969 	 -0.0314 	 -0.6383
3.0361 	 -0.0033 	 -0.0511 	 0.4755 	 -0.2126 	 0.0808 	 0.0850 	 0.1994 	 -0.0338 	 -0.6331
3.0461 	 -0.0055 	 -0.0503 	 0.4763 	 -0.2106 	 0.0805 	 0.0787 	 0.2017 	 -0.0361 	 -0.6279
3.0561 	 -0.0076 	 -0.0495 	 0.4771 	 -0.2086 	 0.0801 	 0.0725 	 0.2040 	 -0.0384 	 -0.6230
3.0661 	 -0.0096 	 -0.0487 	 0.4778 	 -0.2065 	 0.0797 	 0.0662 	 0.2063 	 -0.0405 	 -0.6181
3.0762 	 -0.0117 	 -0.0479 	 0.4784 	 -0.2045 	 0.0793 	 0.0601 	 0.2085 	 -0.0426 	 -0.6134
3.0862 	 -0.0137 	 -0.0471 	 0.4790 	 -0.2024 	 0.0789 	 0.0539 	 0.2107 	 -0.0446 	 -0.6088
3.0962 	 -0.0158 	 -0.0463 	 0.4795 	 -0.2002 	 0.0784 	 0.0479 	 0.2128 	 -0.0466 	 -0.6043
3.1062 	 -0.0178 	 -0.0455 	 0.4799 	 -0.1981 	 0.0779 	 0.0418 	 0.2149 	 -0.0484 	 -0.6000
3.1162 	 -0.0197 	 -0.0447 	 0.4803 	 -0.1959 	 0.0774 	 0.0359 	 0.2164 	 -0.0507 	 -0.5886
3.1263 	 -0.0217 	 -0.0440 	 0.4807 	 -0.1938 	 0.0769 	 0.0300 	 0.2183 	 -0.0525 	 -0.5836
3.1363 	 -0.0236 	 -0.0432 	 0.4809 	 -0.1916 	 0.0764 	 0.0242 	 0.2201 	 -0.0542 	 -0.5788
3.1463 	 -0.0255 	 -0.0424 	 0.4811 	 -0.1894 	 0.0758 	 0.0184 	 0.2219 	 -0.0559 	 -0.5742
3.1563 	 -0.0274 	 -0.0417 	 0.4813 	 -0.1871 	 0.0753 	 0.0127 	 0.2236 	 -0.0575 	 -0.5697
3.1663 	 -0.0293 	 -0.0409 	 0.4814 	 -0.1849 	 0.0747 	 0.0070 	 0.2252 	 -0.0591 	 -0.5654
3.1764 	 -0.0311 	 -0.0402 	 0.4814 	 -0.1826 	 0.0741 	 0.0014 	 0.2268 	 -0.0607 	 -0.5612
3.1864 	 -0.0329 	 -0.0394 	 0.4814 	 -0.1803 	 0.0734 	 -0.0042 	 0.2283 	 -0.0623 	 -0.5572
3.1964 	 -0.0347 	 -0.0387 	 0.4814 	 -0.1780 	 0.0728 	 -0.0098 	 0.2298 	 -0.0638 	 -0.5533
3.2064 	 -0.0365 	 -0.0380 	 0.4812 	 -0.1757 	 0.0722 	 -0.0153 	 0.2311 	 -0.0653 	 -0.5496
3.2164 	 -0.0382 	 -0.0373 	 0.4811 	 -0.1734 	 0.0715 	 -0.0208 	 0.2324 	 -0.0669 	 -0.5461
3.2265 	 -0.0400 	 -0.0365 	 0.4808 	 -0.1711 	 0.0708 	 -0.0263 	 0.2336 	 -0.0684 	 -0.5428
3.2365 	 -0.0417 	 -0.0358 	 0.4805 	 -0.1687 	 0.0701 	 -0.0317 	 0.2348 	 -0.0700 	 -0.5397
3.2465 	 -0.0434 	 -0.0351 	 0.4802 	 -0.1664 	 0.0694 	 -0.0371 	 0.2353 	 -0.0720 	 -0.5432
3.2565 	 -0.0450 	 -0.0344 	 0.4798 	 -0.1640 	 0.0687 	 -0.0425 	 0.2364 	 -0.0735 	 -0.5393
3.2665 	 -0.0466 	 -0.0338 	 0.4793 	 -0.1616 	 0.0680 	 -0.0479 	 0.2374 	 -0.0750 	 -0.5355
3.2766 	 -0.0482 	 -0.0331 	 0.4788 	 -0.1592 	 0.0672 	 -0.0533 	 0.2384 	 -0.0766 	 -0.5319
3.2866 	 -0.0498 	 -0.0324 	 0.4783 	 -0.1569 	 0.0664 	 -0.0586 	 0.2393 	 -0.0781 	 -0.5284
3.2966 	 -0.0514 	 -0.0318 	 0.4776 	 -0.1544 	 0.0656 	 -0.0638 	 0.2402 	 -0.0797 	 -0.5250
3.3066 	 -0.0529 	 -0.0311 	 0.4770 	 -0.1520 	 0.0648 	 -0.0691 	 0.2410 	 -0.0813 	 -0.5219
3.3166 	 -0.0544 	 -0.0305 	 0.4763 	 -0.1496 	 0.0640 	 -0.0743 	 0.2418 	 -0.0828 	 -0.5188
3.3267 	 -0.0559 	 -0.0298 	 0.4755 	 -0.1472 	 0.0632 	 -0.0795 	 0.2425 	 -0.0845 	 -0.5160
3.3367 	 -0.0574 	 -0.0292 	 0.4747 	 -0.1448 	 0.0623 	 -0.0846 	 0.2432 	 -0.0861 	 -0.5133
3.3467 	 -0.0588 	 -0.0286 	 0.4738 	 -0.1423 	 0.0614 	 -0.0898 	 0.2438 	 -0.0878 	 -0.5107
3.3567 	 -0.0602 	 -0.0280 	 0.4729 	 -0.1399 	 0.0605 	 -0.0949 	 0.2444 	 -0.0895 	 -0.5083
3.3667 	 -0.0616 	 -0.0274 	 0.4719 	 -0.1374 	 0.0596 	 -0.1000 	 0.2450 	 -0.0913 	 -0.5061
3.3768 	 -0.0630 	 -0.0268 	 0.4709 	 -0.1350 	 0.0587 	 -0.1050 	 0.2456 	 -0.0931 	 -0.5040
3.3868 	 -0.0643 	 -0.0262 	 0.4698 	 -0.1325 	 0.0578 	 -0.1101 	 0.2461 	 -0.0949 	 -0.5021
3.3968 	 -0.0656 	 -0.0256 	 0.4687 	 -0.1300 	 0.0568 	 -0.1151 	 0.2470 	 -0.1012 	 -0.5042
3.4068 	 -0.0669 	 -0.0250 	 0.4675 	 -0.1276 	 0.0558 	 -0.1202 	 0.2475 	 -0.1028 	 -0.5022
3.4168 	 -0.0682 	 -0.0245 	 0.4663 	 -0.1251 	 0.0547 	 -0.1252 	 0.2479 	 -0.1045 	 -0.5003
3.4269 	 -0.0694 	 -0.0239 	 0.4650 	 -0.1226 	 0.0537 	 -0.1302 	 0.2484 	 -0.1062 	 -0.4986
3.4369 	 -0.0707 	 -0.0234 	 0.4636 	 -0.1201 	 0.0526 	 -0.1352 	 0.2489 	 -0.1080 	 -0.4970
3.4469 	 -0.0719 	 -0.0229 	 0.4623 	 -0.1176 	 0.0515 	 -0.1401 	 0.2493 	 -0.1099 	 -0.4956
3.4569 	 -0.0730 	 -0.0224 	 0.4608 	 -0.1151 	 0.0504 	 -0.1451 	 0.2498 	 -0.1118 	 -0.4944
3.4669 	 -0.0742 	 -0.0219 	 0.4594 	 -0.1126 	 0.0493 	 -0.1501 	 0.2503 	 -0.1138 	 -0.4933
3.4770 	 -0.0753 	 -0.0214 	 0.4578 	 -0.1101 	 0.0481 	 -0.1549 	 0.2498 	 -0.1155 	 -0.4854
3.4870 	 -0.0764 	 -0.0209 	 0.4563 	 -0.1076 	 0.0469 	 -0.1598 	 0.2502 	 -0.1176 	 -0.4839
3.4970 	 -0.0774 	 -0.0205 	 0.4546 	 -0.1051 	 0.0458 	 -0.1646 	 0.2507 	 -0.1198 	 -0.4826
3.5070 	 -0.0785 	 -0.0200 	 0.4530 	 -0.1026 	 0.0445 	 -0.1695 	 0.2511 	 -0.1221 	 -0.4814
3.5170 	 -0.0795 	 -0.0196 	 0.4512 	 -0.1000 	 0.0433 	 -0.1743 	 0.2516 	 -0.1245 	 -0.4803
3.5271 	 -0.0805 	 -0.0191 	 0.4495 	 -0.0975 	 0.0420 	 -0.1791 	 0.2522 	 -0.1271 	 -0.4795
3.5371 	 -0.0814 	 -0.0187 	 0.4476 	 -0.0950 	 0.0408 	 -0.1839 	 0.2528 	 -0.1297 	 -0.4787
3.5471 	 -0.0824 	 -0.0183 	 0.4458 	 -0.0924 	 0.0394 	 -0.1887 	 0.2544 	 -0.1332 	 -0.4830
3.5571 	 -0.0833 	 -0.0179 	 0.4439 	 -0.0899 	 0.0381 	 -0.1936 	 0.2547 	 -0.1359 	 -0.4809
3.5671 	 -0.0842 	 -0.0176 	 0.4419 	 -0.0873 	 0.0367 	 -0.1984 	 0.2551 	 -0.1387 	 -0.4788
3.5772 	 -0.0850 	 -0.0172 	 0.4399 	 -0.0848 	 0.0353 	 -0.2032 	 0.2555 	 -0.1415 	 -0.4767
3.5872 	 -0.0859 	 -0.0168 	 0.4378 	 -0.0822 	 0.0339 	 -0.2079 	 0.2559 	 -0.1444 	 -0.4746
3.5972 	 -0.0867 	 -0.0165 	 0.4357 	 -0.0796 	 0.0324 	 -0.2127 	 0.2564 	 -0.1473 	 -0.4724
3.6072 	 -0.0875 	 -0.0162 	 0.4336 	 -0.0771 	 0.0309 	 -0.2174 	 0.2569 	 -0.1502 	 -0.4701
3.6172 	 -0.0882 	 -0.0159 	 0.4314 	 -0.0745 	 0.0294 	 -0.2221 	 0.2574 	 -0.1531 	 -0.4678
3.6273 	 -0.0890 	 -0.0156 	 0.4291 	 -0.0719 	 0.0279 	 -0.2268 	 0.2579 	 -0.1560 	 -0.4654
3.6373 	 -0.0897 	 -0.0153 	 0.4268 	 -0.0693 	 0.0263 	 -0.2314 	 0.2584 	 -0.1588 	 -0.4629
3.6473 	 -0.0904 	 -0.0151 	 0.4245 	 -0.0668 	 0.0247 	 -0.2361 	 0.2535 	 -0.1600 	 -0.4638
3.6573 	 -0.0910 	 -0.0148 	 0.4221 	 -0.0642 	 0.0231 	 -0.2407 	 0.2540 	 -0.1626 	 -0.4615
3.6673 	 -0.0916 	 -0.0146 	 0.4197 	 -0.0617 	 0.0214 	 -0.2453 	 0.2544 	 -0.1650 	 -0.4593
3.6774 	 -0.0922 	 -0.0144 	 0.4172 	 -0.0591 	 0.0198 	 -0.2499 	 0.2548 	 -0.1672 	 -0.4573
3.6874 	 -0.0928 	 -0.0142 	 0.4146 	 -0.0566 	 0.0181 	 -0.2545 	 0.2539 	 -0.1691 	 -0.4611
3.6974 	 -0.0934 	 -0.0141 	 0.4121 	 -0.0541 	 0.0164 	 -0.2591 	 0.2544 	 -0.1712 	 -0.4588
3.7074 	 -0.0939 	 -0.0139 	 0.4095 	 -0.0515 	 0.0147 	 -0.2637 	 0.2549 	 -0.1731 	 -0.4568
3.7174 	 -0.0944 	 -0.0138 	 0.4068 	 -0.0489 	 0.0129 	 -0.2683 	 0.2554 	 -0.1750 	 -0.4549
3.7275 	 -0.0949 	 -0.0136 	 0.4041 	 -0.0464 	 0.0111 	 -0.2728 	 0.2559 	 -0.1769 	 -0.4533
3.7375 	 -0.0953 	 -0.0135 	 0.4013 	 -0.0438 	 0.0094 	 -0.2774 	 0.2563 	 -0.1788 	 -0.4519
3.7475 	 -0.0958 	 -0.0135 	 0.3985 	 -0.0412 	 0.0076 	 -0.2819 	 0.2568 	 -0.1807 	 -0.4507
3.7575 	 -0.0962 	 -0.0134 	 0.3957 	 -0.0387 	 0.0057 	 -0.2864 	 0.2572 	 -0.1828 	 -0.4496
3.7675 	 -0.0965 	 -0.0133 	 0.3928 	 -0.0361 	 0.0039 	 -0.2909 	 0.2576 	 -0.1849 	 -0.4487
3.7776 	 -0.0969 	 -0.0133 	 0.3898 	 -0.0335 	 0.0020 	 -0.2954 	 0.2580 	 -0.1871 	 -0.4480
3.7876 	 -0.0972 	 -0.0133 	 0.3869 	 -0.0309 	 0.0001 	 -0.2999 	 0.2610 	 -0.1950 	 -0.4468
3.7976 	 -0.0975 	 -0.0133 	 0.3838 	 -0.0283 	 -0.0018 	 -0.3044 	 0.2612 	 -0.1968 	 -0.4462
3.8076 	 -0.0978 	 -0.0133 	 0.3808 	 -0.0257 	 -0.0038 	 -0.3088 	 0.2637 	 -0.1995 	 -0.4398
3.8176 	 -0.0980 	 -0.0134 	 0.3776 	 -0.0230 	 -0.0058 	 -0.3132 	 0.2637 	 -0.2014 	 -0.4395
3.8277 	 -0.0982 	 -0.0134 	 0.3745 	 -0.0204 	 -0.0078 	 -0.3176 	 0.2636 	 -0.2032 	 -0.4392
3.8377 	 -0.0984 	 -0.0135 	 0.3713 	 -0.0178 	 -0.0099 	 -0.3220 	 0.2634 	 -0.2050 	 -0.4389
3.8477 	 -0.0986 	 -0.0136 	 0.3680 	 -0.0151 	 -0.0119 	 -0.3264 	 0.2610 	 -0.2074 	 -0.4444
3.8577 	 -0.0987 	 -0.0138 	 0.3647 	 -0.0125 	 -0.0141 	 -0.3309 	 0.2610 	 -0.2138 	 -0.4482
3.8677 	 -0.0989 	 -0.0139 	 0.3614 	 -0.0099 	 -0.0162 	 -0.3354 	 0.2605 	 -0.2147 	 -0.4482
3.8778 	 -0.0989 	 -0.0141 	 0.3580 	 -0.0073 	 -0.0184 	 -0.3399 	 0.2601 	 -0.2152 	 -0.4484
3.8878 	 -0.0990 	 -0.0143 	 0.3546 	 -0.0047 	 -0.0205 	 -0.3444 	 0.2597 	 -0.2154 	 -0.4490
3.8978 	 -0.0990 	 -0.0145 	 0.3511 	 -0.0021 	 -0.0227 	 -0.3489 	 0.2595 	 -0.2154 	 -0.4499
3.9078 	 -0.0990 	 -0.0148 	 0.3476 	 0.0005 	 -0.0249 	 -0.3534 	 0.2593 	 -0.2150 	 -0.4514
3.9178 	 -0.0990 	 -0.0150 	 0.3440 	 0.0031 	 -0.0270 	 -0.3579 	 0.2592 	 -0.2145 	 -0.4534
3.9279 	 -0.0990 	 -0.0153 	 0.3404 	 0.0057 	 -0.0291 	 -0.3625 	 0.2592 	 -0.2139 	 -0.4560
3.9379 	 -0.0989 	 -0.0156 	 0.3368 	 0.0083 	 -0.0313 	 -0.3671 	 0.2603 	 -0.2146 	 -0.4653
3.9479 	 -0.0988 	 -0.0159 	 0.3331 	 0.0109 	 -0.0334 	 -0.3718 	 0.2603 	 -0.2137 	 -0.4677
3.9579 	 -0.0987 	 -0.0163 	 0.3293 	 0.0135 	 -0.0356 	 -0.3765 	 0.2605 	 -0.2127 	 -0.4706
3.9679 	 -0.0985 	 -0.0166 	 0.3255 	 0.0161 	 -0.0377 	 -0.3812 	 0.2607 	 -0.2118 	 -0.4740
3.9780 	 -0.0984 	 -0.0170 	 0.3217 	 0.0188 	 -0.0398 	 -0.3860 	 0.2610 	 -0.2109 	 -0.4778
3.9880 	 -0.0982 	 -0.0174 	 0.3178 	 0.0214 	 -0.0419 	 -0.3908 	 0.2614 	 -0.2101 	 -0.4820
3.9980 	 -0.0979 	 -0.0179 	 0.3138 	 0.0240 	 -0.0440 	 -0.3956 	 0.2599 	 -0.2111 	 -0.4923
4.0080 	 -0.0977 	 -0.0183 	 0.3099 	 0.0266 	 -0.0461 	 -0.4006 	 0.2607 	 -0.2101 	 -0.4961
4.0180 	 -0.0974 	 -0.0188 	 0.3058 	 0.0292 	 -0.0482 	 -0.4056 	 0.2617 	 -0.2091 	 -0.5003
4.0281 	 -0.0971 	 -0.0193 	 0.3017 	 0.0318 	 -0.0503 	 -0.4106 	 0.2628 	 -0.2081 	 -0.5049
4.0381 	 -0.0968 	 -0.0198 	 0.2976 	 0.0345 	 -0.0524 	 -0.4157 	 0.2640 	 -0.2071 	 -0.5098
4.0481 	 -0.0964 	 -0.0203 	 0.2934 	 0.0371 	 -0.0545 	 -0.4208 	 0.2654 	 -0.2062 	 -0.5150
4.0581 	 -0.0960 	 -0.0209 	 0.2892 	 0.0398 	 -0.0565 	 -0.4260 	 0.2669 	 -0.2052 	 -0.5205
4.0681 	 -0.0956 	 -0.0215 	 0.2849 	 0.0425 	 -0.0586 	 -0.4313 	 0.2647 	 -0.2035 	 -0.5315
4.0782 	 -0.0952 	 -0.0221 	 0.2805 	 0.0451 	 -0.0606 	 -0.4366 	 0.2653 	 -0.2013 	 -0.5313
4.0882 	 -0.0947 	 -0.0227 	 0.2761 	 0.0478 	 -0.0626 	 -0.4419 	 0.2671 	 -0.2002 	 -0.5375
4.0982 	 -0.0942 	 -0.0233 	 0.2717 	 0.0505 	 -0.0646 	 -0.4474 	 0.2694 	 -0.1901 	 -0.5506
4.1082 	 -0.0937 	 -0.0240 	 0.2671 	 0.0532 	 -0.0665 	 -0.4530 	 0.2716 	 -0.1883 	 -0.5586
4.1182 	 -0.0931 	 -0.0246 	 0.2626 	 0.0559 	 -0.0684 	 -0.4586 	 0.2741 	 -0.1865 	 -0.5671
4.1283 	 -0.0926 	 -0.0253 	 0.2579 	 0.0587 	 -0.0702 	 -0.4643 	 0.2768 	 -0.1847 	 -0.5758
4.1383 	 -0.0920 	 -0.0261 	 0.2533 	 0.0615 	 -0.0721 	 -0.4702 	 0.2817 	 -0.1833 	 -0.5904
4.1483 	 -0.0913 	 -0.0268 	 0.2485 	 0.0643 	 -0.0739 	 -0.4761 	 0.2846 	 -0.1815 	 -0.5990
4.1583 	 -0.0907 	 -0.0275 	 0.2437 	 0.0672 	 -0.0757 	 -0.4823 	 0.2919 	 -0.1803 	 -0.6192
4.1683 	 -0.0900 	 -0.0283 	 0.2389 	 0.0702 	 -0.0775 	 -0.4885 	 0.2966 	 -0.1783 	 -0.6329
4.1784 	 -0.0893 	 -0.0291 	 0.2339 	 0.0732 	 -0.0793 	 -0.4949 	 0.2996 	 -0.1764 	 -0.6406
4.1884 	 -0.0885 	 -0.0299 	 0.2289 	 0.0762 	 -0.0811 	 -0.5014 	 0.3015 	 -0.1766 	 -0.6545
4.1984 	 -0.0877 	 -0.0307 	 0.2239 	 0.0792 	 -0.0828 	 -0.5080 	 0.3031 	 -0.1694 	 -0.6650
4.2084 	 -0.0869 	 -0.0316 	 0.2188 	 0.0823 	 -0.0845 	 -0.5147 	 0.3096 	 -0.1685 	 -0.6769
4.2184 	 -0.0861 	 -0.0324 	 0.2136 	 0.0854 	 -0.0861 	 -0.5217 	 0.3153 	 -0.1605 	 -0.6960
4.2285 	 -0.0852 	 -0.0333 	 0.2083 	 0.0886 	 -0.0877 	 -0.5287 	 0.3201 	 -0.1578 	 -0.7040
4.2385 	 -0.0843 	 -0.0342 	 0.2030 	 0.0918 	 -0.0893 	 -0.5358 	 0.3254 	 -0.1550 	 -0.7121
4.2485 	 -0.0834 	 -0.0351 	 0.1976 	 0.0951 	 -0.0908 	 -0.5429 	 0.3310 	 -0.1522 	 -0.7203
4.2585 	 -0.0824 	 -0.0360 	 0.1921 	 0.0985 	 -0.0923 	 -0.5502 	 0.3371 	 -0.1494 	 -0.7286
4.2685 	 -0.0814 	 -0.0369 	 0.1865 	 0.1019 	 -0.0938 	 -0.5575 	 0.3458 	 -0.1463 	 -0.7431
4.2786 	 -0.0804 	 -0.0379 	 0.1809 	 0.1054 	 -0.0953 	 -0.5651 	 0.3560 	 -0.1475 	 -0.7671
4.2886 	 -0.0793 	 -0.0388 	 0.1752 	 0.1090 	 -0.0968 	 -0.5729 	 0.3728 	 -0.1459 	 -0.7875
4.2986 	 -0.0782 	 -0.0398 	 0.1694 	 0.1128 	 -0.0982 	 -0.5808 	 0.3805 	 -0.1425 	 -0.7960
4.3086 	 -0.0770 	 -0.0408 	 0.1636 	 0.1167 	 -0.0996 	 -0.5888 	 0.3862 	 -0.1380 	 -0.7984
4.3186 	 -0.0758 	 -0.0418 	 0.1576 	 0.1206 	 -0.1010 	 -0.5968 	 0.3945 	 -0.1332 	 -0.8070
4.3287 	 -0.0746 	 -0.0428 	 0.1516 	 0.1245 	 -0.1023 	 -0.6049 	 0.4010 	 -0.1280 	 -0.8094
4.3387 	 -0.0734 	 -0.0438 	 0.1455 	 0.1286 	 -0.1035 	 -0.6131 	 0.4079 	 -0.1225 	 -0.8122
4.3487 	 -0.0720 	 -0.0449 	 0.1393 	 0.1327 	 -0.1047 	 -0.6212 	 0.4154 	 -0.1169 	 -0.8153
4.3587 	 -0.0707 	 -0.0459 	 0.1331 	 0.1369 	 -0.1059 	 -0.6294 	 0.4234 	 -0.1111 	 -0.8189
4.3687 	 -0.0693 	 -0.0470 	 0.1267 	 0.1412 	 -0.1070 	 -0.6377 	 0.4382 	 -0.1048 	 -0.8406
4.3788 	 -0.0679 	 -0.0481 	 0.1203 	 0.1457 	 -0.1080 	 -0.6461 	 0.4468 	 -0.0992 	 -0.8428
4.3888 	 -0.0664 	 -0.0492 	 0.1138 	 0.1502 	 -0.1089 	 -0.6546 	 0.4580 	 -0.0941 	 -0.8394
4.3988 	 -0.0648 	 -0.0503 	 0.1072 	 0.1548 	 -0.1099 	 -0.6630 	 0.4678 	 -0.0886 	 -0.8427
4.4088 	 -0.0633 	 -0.0514 	 0.1005 	 0.1596 	 -0.1107 	 -0.6715 	 0.4803 	 -0.0834 	 -0.8520
4.4188 	 -0.0617 	 -0.0525 	 0.0937 	 0.1645 	 -0.1115 	 -0.6801 	 0.4938 	 -0.0792 	 -0.8605
4.4289 	 -0.0600 	 -0.0536 	 0.0868 	 0.1695 	 -0.1123 	 -0.6887 	 0.5048 	 -0.0738 	 -0.8628
4.4389 	 -0.0583 	 -0.0547 	 0.0799 	 0.1746 	 -0.1130 	 -0.6974 	 0.5185 	 -0.0687 	 -0.8707
4.4489 	 -0.0565 	 -0.0559 	 0.0729 	 0.1799 	 -0.1137 	 -0.7062 	 0.5351 	 -0.0658 	 -0.8831
4.4589 	 -0.0546 	 -0.0570 	 0.0657 	 0.1854 	 -0.1143 	 -0.7152 	 0.5575 	 -0.0596 	 -0.9038
4.4689 	 -0.0528 	 -0.0582 	 0.0585 	 0.1910 	 -0.1149 	 -0.7243 	 0.5730 	 -0.0548 	 -0.9069
4.4790 	 -0.0508 	 -0.0593 	 0.0512 	 0.1968 	 -0.1154 	 -0.7333 	 0.5852 	 -0.0483 	 -0.9034
4.4890 	 -0.0488 	 -0.0605 	 0.0438 	 0.2027 	 -0.1158 	 -0.7424 	 0.5976 	 -0.0418 	 -0.8995
4.4990 	 -0.0468 	 -0.0616 	 0.0364 	 0.2088 	 -0.1162 	 -0.7513 	 0.6103 	 -0.0351 	 -0.8955
4.5090 	 -0.0446 	 -0.0628 	 0.0288 	 0.2150 	 -0.1165 	 -0.7603 	 0.6233 	 -0.0281 	 -0.8913
4.5190 	 -0.0424 	 -0.0640 	 0.0211 	 0.2213 	 -0.1168 	 -0.7692 	 0.6409 	 -0.0168 	 -0.8880
4.5291 	 -0.0402 	 -0.0651 	 0.0134 	 0.2278 	 -0.1169 	 -0.7781 	 0.6575 	 -0.0114 	 -0.8948
4.5391 	 -0.0379 	 -0.0663 	 0.0055 	 0.2345 	 -0.1170 	 -0.7872 	 0.6780 	 -0.0015 	 -0.9000
4.5491 	 -0.0355 	 -0.0675 	 -0.0024 	 0.2414 	 -0.1170 	 -0.7962 	 0.6923 	 0.0040 	 -0.9015
4.5591 	 -0.0330 	 -0.0687 	 -0.0104 	 0.2484 	 -0.1169 	 -0.8054 	 0.7132 	 0.0122 	 -0.9089
4.5691 	 -0.0305 	 -0.0698 	 -0.0185 	 0.2556 	 -0.1168 	 -0.8145 	 0.7297 	 0.0226 	 -0.9044
4.5792 	 -0.0279 	 -0.0710 	 -0.0268 	 0.2630 	 -0.1165 	 -0.8235 	 0.7427 	 0.0289 	 -0.9001
4.5892 	 -0.0252 	 -0.0722 	 -0.0350 	 0.2705 	 -0.1162 	 -0.8324 	 0.7573 	 0.0317 	 -0.8895
4.5992 	 -0.0225 	 -0.0733 	 -0.0434 	 0.2781 	 -0.1158 	 -0.8412 	 0.7629 	 0.0409 	 -0.8686
4.6092 	 -0.0197 	 -0.0745 	 -0.0519 	 0.2858 	 -0.1154 	 -0.8498 	 0.7679 	 0.0498 	 -0.8469
4.6192 	 -0.0168 	 -0.0756 	 -0.0605 	 0.2935 	 -0.1149 	 -0.8583 	 0.7744 	 0.0578 	 -0.8363
4.6293 	 -0.0138 	 -0.0768 	 -0.0691 	 0.3013 	 -0.1142 	 -0.8666 	 0.7774 	 0.0661 	 -0.8120
4.6393 	 -0.0107 	 -0.0779 	 -0.0778 	 0.3091 	 -0.1135 	 -0.8746 	 0.7795 	 0.0742 	 -0.7868
4.6493 	 -0.0076 	 -0.0791 	 -0.0866 	 0.3169 	 -0.1127 	 -0.8823 	 0.7806 	 0.0819 	 -0.7608
4.6593 	 -0.0044 	 -0.0802 	 -0.0955 	 0.3248 	 -0.1119 	 -0.8898 	 0.7807 	 0.0895 	 -0.7339
4.6693 	 -0.0011 	 -0.0813 	 -0.1045 	 0.3326 	 -0.1110 	 -0.8970 	 0.7796 	 0.0969 	 -0.7063
4.6794 	 0.0023 	 -0.0824 	 -0.1135 	 0.3404 	 -0.1099 	 -0.9040 	 0.7787 	 0.1054 	 -0.6845
4.6894 	 0.0057 	 -0.0835 	 -0.1226 	 0.3482 	 -0.1089 	 -0.9108 	 0.7774 	 0.1108 	 -0.6614
4.6994 	 0.0093 	 -0.0846 	 -0.1317 	 0.3559 	 -0.1077 	 -0.9172 	 0.7709 	 0.1176 	 -0.6316
4.7094 	 0.0129 	 -0.0857 	 -0.1410 	 0.3636 	 -0.1065 	 -0.9234 	 0.7619 	 0.1232 	 -0.6022
4.7194 	 0.0166 	 -0.0867 	 -0.1502 	 0.3712 	 -0.1053 	 -0.9293 	 0.7508 	 0.1273 	 -0.5743
4.7295 	 0.0203 	 -0.0878 	 -0.1596 	 0.3787 	 -0.1040 	 -0.9349 	 0.7386 	 0.1300 	 -0.5487
4.7395 	 0.0241 	 -0.0888 	 -0.1690 	 0.3860 	 -0.1027 	 -0.9403 	 0.7259 	 0.1318 	 -0.5254
4.7495 	 0.0280 	 -0.0898 	 -0.1784 	 0.3932 	 -0.1013 	 -0.9455 	 0.7133 	 0.1330 	 -0.5040
4.7595 	 0.0320 	 -0.0908 	 -0.1879 	 0.4003 	 -0.1000 	 -0.9504 	 0.7008 	 0.1363 	 -0.4909
4.7695 	 0.0361 	 -0.0918 	 -0.1975 	 0.4073 	 -0.0986 	 -0.9553 	 0.6858 	 0.1446 	 -0.4780
4.7796 	 0.0402 	 -0.0928 	 -0.2071 	 0.4141 	 -0.0971 	 -0.9600 	 0.6721 	 0.1429 	 -0.4666
4.7896 	 0.0444 	 -0.0938 	 -0.2167 	 0.4207 	 -0.0957 	 -0.9646 	 0.6597 	 0.1453 	 -0.4498
4.7996 	 0.0486 	 -0.0947 	 -0.2264 	 0.4273 	 -0.0942 	 -0.9690 	 0.6513 	 0.1516 	 -0.4326
4.8096 	 0.0529 	 -0.0957 	 -0.2361 	 0.4338 	 -0.0927 	 -0.9732 	 0.6347 	 0.1603 	 -0.4005
4.8196 	 0.0573 	 -0.0966 	 -0.2459 	 0.4400 	 -0.0910 	 -0.9771 	 0.6023 	 0.1710 	 -0.3687
4.8297 	 0.0617 	 -0.0975 	 -0.2557 	 0.4458 	 -0.0893 	 -0.9806 	 0.5625 	 0.1779 	 -0.3431
4.8397 	 0.0662 	 -0.0984 	 -0.2655 	 0.4512 	 -0.0874 	 -0.9840 	 0.5242 	 0.1948 	 -0.3173
4.8497 	 0.0708 	 -0.0992 	 -0.2754 	 0.4563 	 -0.0853 	 -0.9870 	 0.4800 	 0.2197 	 -0.2849
4.8597 	 0.0754 	 -0.1001 	 -0.2853 	 0.4608 	 -0.0830 	 -0.9896 	 0.4326 	 0.2454 	 -0.2295
4.8697 	 0.0800 	 -0.1009 	 -0.2952 	 0.4650 	 -0.0804 	 -0.9915 	 0.3999 	 0.2658 	 -0.1600
4.8798 	 0.0847 	 -0.1017 	 -0.3052 	 0.4689 	 -0.0776 	 -0.9928 	 0.3750 	 0.2869 	 -0.0933
4.8898 	 0.0894 	 -0.1025 	 -0.3151 	 0.4724 	 -0.0746 	 -0.9932 	 0.3197 	 0.3063 	 0.0450
4.8998 	 0.0942 	 -0.1032 	 -0.3251 	 0.4752 	 -0.0718 	 -0.9921 	 0.2423 	 0.2477 	 0.1501
4.9098 	 0.0989 	 -0.1039 	 -0.3350 	 0.4774 	 -0.0696 	 -0.9902 	 0.1961 	 0.1975 	 0.2360
4.9198 	 0.1037 	 -0.1046 	 -0.3449 	 0.4789 	 -0.0678 	 -0.9870 	 0.1015 	 0.1689 	 0.3957
4.9299 	 0.1085 	 -0.1053 	 -0.3548 	 0.4793 	 -0.0663 	 -0.9819 	 -0.0122 	 0.1367 	 0.5875
4.9399 	 0.1133 	 -0.1059 	 -0.3646 	 0.4788 	 -0.0650 	 -0.9753 	 -0.0919 	 0.1174 	 0.7556
4.9499 	 0.1181 	 -0.1066 	 -0.3743 	 0.4774 	 -0.0638 	 -0.9670 	 -0.1851 	 0.1240 	 0.8779
4.9599 	 0.1229 	 -0.1072 	 -0.3840 	 0.4752 	 -0.0625 	 -0.9578 	 -0.2509 	 0.1397 	 0.9293
4.9699 	 0.1276 	 -0.1078 	 -0.3935 	 0.4724 	 -0.0611 	 -0.9484 	 -0.3004 	 0.1506 	 0.9631
4.9800 	 0.1323 	 -0.1084 	 -0.4030 	 0.4692 	 -0.0595 	 -0.9386 	 -0.3448 	 0.1571 	 0.9930
4.9900 	 0.1370 	 -0.1090 	 -0.4123 	 0.4655 	 -0.0579 	 -0.9285 	 -0.3855 	 0.1565 	 1.0101
