100-Body Run with i = 56 th particle. (Units in pc,M_solar,Myr, km s-1) 

time		 x 		 y 		 z 		 xdot 		 ydot 		 zdot 		 xddot 		 yddot 		 zddot
0.0000 	 0.5674 	 1.1088 	 -0.3653 	 -0.0089 	 -0.0267 	 -0.0276 	 -0.0662 	 -0.1686 	 0.0269
0.0100 	 0.5673 	 1.1086 	 -0.3656 	 -0.0096 	 -0.0284 	 -0.0273 	 -0.0662 	 -0.1686 	 0.0270
0.0200 	 0.5672 	 1.1083 	 -0.3658 	 -0.0102 	 -0.0301 	 -0.0271 	 -0.0662 	 -0.1687 	 0.0271
0.0301 	 0.5671 	 1.1080 	 -0.3661 	 -0.0109 	 -0.0318 	 -0.0268 	 -0.0662 	 -0.1687 	 0.0272
0.0401 	 0.5670 	 1.1076 	 -0.3664 	 -0.0116 	 -0.0335 	 -0.0265 	 -0.0662 	 -0.1688 	 0.0272
0.0501 	 0.5669 	 1.1073 	 -0.3666 	 -0.0122 	 -0.0352 	 -0.0263 	 -0.0662 	 -0.1689 	 0.0273
0.0601 	 0.5668 	 1.1069 	 -0.3669 	 -0.0129 	 -0.0369 	 -0.0260 	 -0.0662 	 -0.1690 	 0.0274
0.0701 	 0.5666 	 1.1065 	 -0.3672 	 -0.0136 	 -0.0386 	 -0.0257 	 -0.0662 	 -0.1690 	 0.0275
0.0802 	 0.5665 	 1.1061 	 -0.3674 	 -0.0142 	 -0.0403 	 -0.0254 	 -0.0662 	 -0.1691 	 0.0275
0.0902 	 0.5664 	 1.1057 	 -0.3677 	 -0.0149 	 -0.0420 	 -0.0252 	 -0.0663 	 -0.1692 	 0.0276
0.1002 	 0.5662 	 1.1053 	 -0.3679 	 -0.0156 	 -0.0437 	 -0.0249 	 -0.0663 	 -0.1693 	 0.0277
0.1102 	 0.5661 	 1.1049 	 -0.3682 	 -0.0162 	 -0.0453 	 -0.0246 	 -0.0663 	 -0.1694 	 0.0278
0.1202 	 0.5659 	 1.1044 	 -0.3684 	 -0.0169 	 -0.0470 	 -0.0243 	 -0.0663 	 -0.1695 	 0.0279
0.1303 	 0.5657 	 1.1039 	 -0.3687 	 -0.0176 	 -0.0487 	 -0.0240 	 -0.0663 	 -0.1697 	 0.0280
0.1403 	 0.5655 	 1.1034 	 -0.3689 	 -0.0182 	 -0.0504 	 -0.0238 	 -0.0664 	 -0.1698 	 0.0280
0.1503 	 0.5653 	 1.1029 	 -0.3691 	 -0.0189 	 -0.0521 	 -0.0235 	 -0.0664 	 -0.1699 	 0.0281
0.1603 	 0.5652 	 1.1024 	 -0.3694 	 -0.0195 	 -0.0539 	 -0.0232 	 -0.0664 	 -0.1700 	 0.0282
0.1703 	 0.5650 	 1.1018 	 -0.3696 	 -0.0202 	 -0.0556 	 -0.0229 	 -0.0665 	 -0.1702 	 0.0283
0.1804 	 0.5648 	 1.1013 	 -0.3698 	 -0.0209 	 -0.0573 	 -0.0226 	 -0.0665 	 -0.1703 	 0.0284
0.1904 	 0.5645 	 1.1007 	 -0.3700 	 -0.0215 	 -0.0590 	 -0.0223 	 -0.0665 	 -0.1705 	 0.0285
0.2004 	 0.5643 	 1.1001 	 -0.3703 	 -0.0222 	 -0.0607 	 -0.0221 	 -0.0666 	 -0.1706 	 0.0286
0.2104 	 0.5641 	 1.0995 	 -0.3705 	 -0.0229 	 -0.0624 	 -0.0218 	 -0.0666 	 -0.1708 	 0.0286
0.2204 	 0.5639 	 1.0988 	 -0.3707 	 -0.0235 	 -0.0641 	 -0.0215 	 -0.0667 	 -0.1709 	 0.0287
0.2305 	 0.5636 	 1.0982 	 -0.3709 	 -0.0242 	 -0.0658 	 -0.0212 	 -0.0667 	 -0.1711 	 0.0288
0.2405 	 0.5634 	 1.0975 	 -0.3711 	 -0.0249 	 -0.0675 	 -0.0209 	 -0.0668 	 -0.1713 	 0.0289
0.2505 	 0.5631 	 1.0968 	 -0.3713 	 -0.0256 	 -0.0692 	 -0.0206 	 -0.0668 	 -0.1715 	 0.0290
0.2605 	 0.5629 	 1.0961 	 -0.3715 	 -0.0262 	 -0.0710 	 -0.0203 	 -0.0669 	 -0.1717 	 0.0291
0.2705 	 0.5626 	 1.0954 	 -0.3717 	 -0.0269 	 -0.0727 	 -0.0200 	 -0.0669 	 -0.1719 	 0.0292
0.2806 	 0.5623 	 1.0947 	 -0.3719 	 -0.0276 	 -0.0744 	 -0.0197 	 -0.0670 	 -0.1721 	 0.0293
0.2906 	 0.5620 	 1.0939 	 -0.3721 	 -0.0282 	 -0.0761 	 -0.0194 	 -0.0670 	 -0.1723 	 0.0294
0.3006 	 0.5618 	 1.0931 	 -0.3723 	 -0.0289 	 -0.0779 	 -0.0191 	 -0.0671 	 -0.1725 	 0.0295
0.3106 	 0.5615 	 1.0924 	 -0.3725 	 -0.0296 	 -0.0796 	 -0.0189 	 -0.0672 	 -0.1727 	 0.0296
0.3206 	 0.5612 	 1.0915 	 -0.3727 	 -0.0303 	 -0.0813 	 -0.0186 	 -0.0672 	 -0.1730 	 0.0297
0.3307 	 0.5609 	 1.0907 	 -0.3729 	 -0.0309 	 -0.0831 	 -0.0183 	 -0.0673 	 -0.1732 	 0.0298
0.3407 	 0.5605 	 1.0899 	 -0.3731 	 -0.0316 	 -0.0848 	 -0.0180 	 -0.0674 	 -0.1734 	 0.0299
0.3507 	 0.5602 	 1.0890 	 -0.3733 	 -0.0323 	 -0.0865 	 -0.0177 	 -0.0675 	 -0.1737 	 0.0300
0.3607 	 0.5599 	 1.0881 	 -0.3734 	 -0.0330 	 -0.0883 	 -0.0174 	 -0.0675 	 -0.1739 	 0.0301
0.3707 	 0.5596 	 1.0873 	 -0.3736 	 -0.0336 	 -0.0900 	 -0.0171 	 -0.0676 	 -0.1742 	 0.0302
0.3808 	 0.5592 	 1.0863 	 -0.3738 	 -0.0343 	 -0.0918 	 -0.0167 	 -0.0677 	 -0.1745 	 0.0303
0.3908 	 0.5589 	 1.0854 	 -0.3739 	 -0.0350 	 -0.0935 	 -0.0164 	 -0.0678 	 -0.1747 	 0.0305
0.4008 	 0.5585 	 1.0845 	 -0.3741 	 -0.0357 	 -0.0953 	 -0.0161 	 -0.0679 	 -0.1750 	 0.0306
0.4108 	 0.5582 	 1.0835 	 -0.3743 	 -0.0364 	 -0.0970 	 -0.0158 	 -0.0680 	 -0.1753 	 0.0307
0.4208 	 0.5578 	 1.0825 	 -0.3744 	 -0.0370 	 -0.0988 	 -0.0155 	 -0.0681 	 -0.1756 	 0.0308
0.4309 	 0.5574 	 1.0815 	 -0.3746 	 -0.0377 	 -0.1005 	 -0.0152 	 -0.0682 	 -0.1759 	 0.0309
0.4409 	 0.5570 	 1.0805 	 -0.3747 	 -0.0384 	 -0.1023 	 -0.0149 	 -0.0683 	 -0.1762 	 0.0310
0.4509 	 0.5567 	 1.0795 	 -0.3749 	 -0.0391 	 -0.1041 	 -0.0146 	 -0.0684 	 -0.1765 	 0.0311
0.4609 	 0.5563 	 1.0784 	 -0.3750 	 -0.0398 	 -0.1058 	 -0.0143 	 -0.0685 	 -0.1768 	 0.0313
0.4709 	 0.5559 	 1.0774 	 -0.3752 	 -0.0405 	 -0.1076 	 -0.0140 	 -0.0686 	 -0.1772 	 0.0314
0.4810 	 0.5554 	 1.0763 	 -0.3753 	 -0.0411 	 -0.1094 	 -0.0136 	 -0.0687 	 -0.1775 	 0.0315
0.4910 	 0.5550 	 1.0752 	 -0.3754 	 -0.0418 	 -0.1112 	 -0.0133 	 -0.0688 	 -0.1778 	 0.0316
0.5010 	 0.5546 	 1.0740 	 -0.3756 	 -0.0425 	 -0.1130 	 -0.0130 	 -0.0689 	 -0.1782 	 0.0318
0.5110 	 0.5542 	 1.0729 	 -0.3757 	 -0.0432 	 -0.1147 	 -0.0127 	 -0.0691 	 -0.1785 	 0.0319
0.5210 	 0.5537 	 1.0717 	 -0.3758 	 -0.0439 	 -0.1165 	 -0.0124 	 -0.0692 	 -0.1789 	 0.0320
0.5311 	 0.5533 	 1.0706 	 -0.3759 	 -0.0446 	 -0.1183 	 -0.0121 	 -0.0693 	 -0.1793 	 0.0321
0.5411 	 0.5528 	 1.0694 	 -0.3761 	 -0.0453 	 -0.1201 	 -0.0117 	 -0.0694 	 -0.1797 	 0.0323
0.5511 	 0.5524 	 1.0682 	 -0.3762 	 -0.0460 	 -0.1219 	 -0.0114 	 -0.0696 	 -0.1800 	 0.0324
0.5611 	 0.5519 	 1.0669 	 -0.3763 	 -0.0467 	 -0.1237 	 -0.0111 	 -0.0697 	 -0.1804 	 0.0325
0.5711 	 0.5515 	 1.0657 	 -0.3764 	 -0.0474 	 -0.1255 	 -0.0108 	 -0.0698 	 -0.1808 	 0.0327
0.5812 	 0.5510 	 1.0644 	 -0.3765 	 -0.0481 	 -0.1274 	 -0.0104 	 -0.0700 	 -0.1812 	 0.0328
0.5912 	 0.5505 	 1.0631 	 -0.3766 	 -0.0488 	 -0.1292 	 -0.0101 	 -0.0701 	 -0.1817 	 0.0330
0.6012 	 0.5500 	 1.0618 	 -0.3767 	 -0.0495 	 -0.1310 	 -0.0098 	 -0.0703 	 -0.1821 	 0.0331
0.6112 	 0.5495 	 1.0605 	 -0.3768 	 -0.0502 	 -0.1328 	 -0.0094 	 -0.0704 	 -0.1825 	 0.0332
0.6212 	 0.5490 	 1.0592 	 -0.3769 	 -0.0509 	 -0.1347 	 -0.0091 	 -0.0706 	 -0.1829 	 0.0334
0.6313 	 0.5485 	 1.0578 	 -0.3770 	 -0.0516 	 -0.1365 	 -0.0088 	 -0.0708 	 -0.1834 	 0.0335
0.6413 	 0.5480 	 1.0564 	 -0.3771 	 -0.0523 	 -0.1383 	 -0.0084 	 -0.0709 	 -0.1839 	 0.0337
0.6513 	 0.5474 	 1.0550 	 -0.3772 	 -0.0530 	 -0.1402 	 -0.0081 	 -0.0711 	 -0.1843 	 0.0338
0.6613 	 0.5469 	 1.0536 	 -0.3772 	 -0.0537 	 -0.1420 	 -0.0078 	 -0.0713 	 -0.1848 	 0.0340
0.6713 	 0.5464 	 1.0522 	 -0.3773 	 -0.0545 	 -0.1439 	 -0.0074 	 -0.0714 	 -0.1853 	 0.0341
0.6814 	 0.5458 	 1.0507 	 -0.3774 	 -0.0552 	 -0.1457 	 -0.0071 	 -0.0716 	 -0.1858 	 0.0343
0.6914 	 0.5452 	 1.0493 	 -0.3775 	 -0.0559 	 -0.1476 	 -0.0067 	 -0.0718 	 -0.1863 	 0.0344
0.7014 	 0.5447 	 1.0478 	 -0.3775 	 -0.0566 	 -0.1495 	 -0.0064 	 -0.0720 	 -0.1868 	 0.0346
0.7114 	 0.5441 	 1.0463 	 -0.3776 	 -0.0573 	 -0.1513 	 -0.0060 	 -0.0722 	 -0.1873 	 0.0347
0.7214 	 0.5435 	 1.0447 	 -0.3776 	 -0.0581 	 -0.1532 	 -0.0057 	 -0.0724 	 -0.1878 	 0.0349
0.7315 	 0.5429 	 1.0432 	 -0.3777 	 -0.0588 	 -0.1551 	 -0.0053 	 -0.0726 	 -0.1883 	 0.0351
0.7415 	 0.5424 	 1.0416 	 -0.3777 	 -0.0595 	 -0.1570 	 -0.0050 	 -0.0728 	 -0.1889 	 0.0352
0.7515 	 0.5418 	 1.0400 	 -0.3778 	 -0.0602 	 -0.1589 	 -0.0046 	 -0.0730 	 -0.1894 	 0.0354
0.7615 	 0.5411 	 1.0384 	 -0.3778 	 -0.0610 	 -0.1608 	 -0.0043 	 -0.0732 	 -0.1900 	 0.0355
0.7715 	 0.5405 	 1.0368 	 -0.3779 	 -0.0617 	 -0.1627 	 -0.0039 	 -0.0734 	 -0.1906 	 0.0357
0.7816 	 0.5399 	 1.0352 	 -0.3779 	 -0.0625 	 -0.1646 	 -0.0036 	 -0.0736 	 -0.1911 	 0.0359
0.7916 	 0.5393 	 1.0335 	 -0.3779 	 -0.0632 	 -0.1665 	 -0.0032 	 -0.0738 	 -0.1917 	 0.0360
0.8016 	 0.5386 	 1.0318 	 -0.3780 	 -0.0639 	 -0.1685 	 -0.0028 	 -0.0741 	 -0.1923 	 0.0362
0.8116 	 0.5380 	 1.0301 	 -0.3780 	 -0.0647 	 -0.1704 	 -0.0025 	 -0.0743 	 -0.1929 	 0.0364
0.8216 	 0.5373 	 1.0284 	 -0.3780 	 -0.0654 	 -0.1723 	 -0.0021 	 -0.0745 	 -0.1936 	 0.0366
0.8317 	 0.5367 	 1.0267 	 -0.3780 	 -0.0662 	 -0.1743 	 -0.0017 	 -0.0748 	 -0.1942 	 0.0367
0.8417 	 0.5360 	 1.0249 	 -0.3781 	 -0.0669 	 -0.1762 	 -0.0014 	 -0.0750 	 -0.1948 	 0.0369
0.8517 	 0.5353 	 1.0232 	 -0.3781 	 -0.0677 	 -0.1782 	 -0.0010 	 -0.0753 	 -0.1955 	 0.0371
0.8617 	 0.5347 	 1.0214 	 -0.3781 	 -0.0684 	 -0.1801 	 -0.0006 	 -0.0755 	 -0.1961 	 0.0373
0.8717 	 0.5340 	 1.0196 	 -0.3781 	 -0.0692 	 -0.1821 	 -0.0002 	 -0.0758 	 -0.1968 	 0.0374
0.8818 	 0.5333 	 1.0177 	 -0.3781 	 -0.0699 	 -0.1841 	 0.0001 	 -0.0760 	 -0.1975 	 0.0376
0.8918 	 0.5326 	 1.0159 	 -0.3781 	 -0.0707 	 -0.1861 	 0.0005 	 -0.0763 	 -0.1982 	 0.0378
0.9018 	 0.5319 	 1.0140 	 -0.3781 	 -0.0715 	 -0.1880 	 0.0009 	 -0.0766 	 -0.1989 	 0.0380
0.9118 	 0.5311 	 1.0121 	 -0.3781 	 -0.0722 	 -0.1900 	 0.0013 	 -0.0768 	 -0.1996 	 0.0381
0.9218 	 0.5304 	 1.0102 	 -0.3781 	 -0.0730 	 -0.1920 	 0.0016 	 -0.0771 	 -0.2003 	 0.0383
0.9319 	 0.5297 	 1.0082 	 -0.3780 	 -0.0738 	 -0.1941 	 0.0020 	 -0.0774 	 -0.2010 	 0.0385
0.9419 	 0.5289 	 1.0063 	 -0.3780 	 -0.0746 	 -0.1961 	 0.0024 	 -0.0777 	 -0.2018 	 0.0387
0.9519 	 0.5282 	 1.0043 	 -0.3780 	 -0.0753 	 -0.1981 	 0.0028 	 -0.0780 	 -0.2026 	 0.0389
0.9619 	 0.5274 	 1.0023 	 -0.3780 	 -0.0761 	 -0.2001 	 0.0032 	 -0.0783 	 -0.2033 	 0.0390
0.9719 	 0.5267 	 1.0003 	 -0.3779 	 -0.0769 	 -0.2022 	 0.0036 	 -0.0786 	 -0.2041 	 0.0392
0.9820 	 0.5259 	 0.9983 	 -0.3779 	 -0.0777 	 -0.2042 	 0.0040 	 -0.0789 	 -0.2049 	 0.0394
0.9920 	 0.5251 	 0.9962 	 -0.3778 	 -0.0785 	 -0.2063 	 0.0044 	 -0.0792 	 -0.2057 	 0.0396
1.0020 	 0.5243 	 0.9941 	 -0.3778 	 -0.0793 	 -0.2084 	 0.0048 	 -0.0795 	 -0.2065 	 0.0397
1.0120 	 0.5235 	 0.9920 	 -0.3777 	 -0.0801 	 -0.2104 	 0.0052 	 -0.0799 	 -0.2073 	 0.0399
1.0220 	 0.5227 	 0.9899 	 -0.3777 	 -0.0809 	 -0.2125 	 0.0056 	 -0.0802 	 -0.2082 	 0.0401
1.0321 	 0.5219 	 0.9878 	 -0.3776 	 -0.0817 	 -0.2146 	 0.0060 	 -0.0805 	 -0.2090 	 0.0403
1.0421 	 0.5211 	 0.9856 	 -0.3776 	 -0.0825 	 -0.2167 	 0.0064 	 -0.0809 	 -0.2099 	 0.0404
1.0521 	 0.5202 	 0.9834 	 -0.3775 	 -0.0833 	 -0.2188 	 0.0068 	 -0.0812 	 -0.2108 	 0.0406
1.0621 	 0.5194 	 0.9812 	 -0.3774 	 -0.0841 	 -0.2209 	 0.0072 	 -0.0815 	 -0.2117 	 0.0408
1.0721 	 0.5186 	 0.9790 	 -0.3774 	 -0.0850 	 -0.2230 	 0.0076 	 -0.0819 	 -0.2126 	 0.0409
1.0822 	 0.5177 	 0.9768 	 -0.3773 	 -0.0858 	 -0.2252 	 0.0080 	 -0.0822 	 -0.2135 	 0.0411
1.0922 	 0.5168 	 0.9745 	 -0.3772 	 -0.0866 	 -0.2273 	 0.0084 	 -0.0826 	 -0.2144 	 0.0412
1.1022 	 0.5160 	 0.9722 	 -0.3771 	 -0.0874 	 -0.2295 	 0.0088 	 -0.0829 	 -0.2154 	 0.0414
1.1122 	 0.5151 	 0.9699 	 -0.3770 	 -0.0883 	 -0.2316 	 0.0093 	 -0.0833 	 -0.2163 	 0.0416
1.1222 	 0.5142 	 0.9676 	 -0.3769 	 -0.0891 	 -0.2338 	 0.0097 	 -0.0837 	 -0.2173 	 0.0417
1.1323 	 0.5133 	 0.9652 	 -0.3768 	 -0.0899 	 -0.2360 	 0.0101 	 -0.0840 	 -0.2183 	 0.0418
1.1423 	 0.5124 	 0.9628 	 -0.3767 	 -0.0908 	 -0.2382 	 0.0105 	 -0.0844 	 -0.2193 	 0.0420
1.1523 	 0.5115 	 0.9604 	 -0.3766 	 -0.0916 	 -0.2404 	 0.0109 	 -0.0848 	 -0.2203 	 0.0421
1.1623 	 0.5106 	 0.9580 	 -0.3765 	 -0.0925 	 -0.2426 	 0.0114 	 -0.0852 	 -0.2213 	 0.0423
1.1723 	 0.5096 	 0.9556 	 -0.3764 	 -0.0933 	 -0.2448 	 0.0118 	 -0.0856 	 -0.2223 	 0.0424
1.1824 	 0.5087 	 0.9531 	 -0.3763 	 -0.0942 	 -0.2471 	 0.0122 	 -0.0859 	 -0.2234 	 0.0425
1.1924 	 0.5077 	 0.9506 	 -0.3761 	 -0.0951 	 -0.2493 	 0.0126 	 -0.0863 	 -0.2244 	 0.0426
1.2024 	 0.5068 	 0.9481 	 -0.3760 	 -0.0959 	 -0.2516 	 0.0131 	 -0.0806 	 -0.2261 	 0.0445
1.2124 	 0.5058 	 0.9456 	 -0.3759 	 -0.0967 	 -0.2538 	 0.0135 	 -0.0811 	 -0.2271 	 0.0446
1.2224 	 0.5048 	 0.9430 	 -0.3757 	 -0.0975 	 -0.2561 	 0.0140 	 -0.0817 	 -0.2282 	 0.0446
1.2325 	 0.5039 	 0.9405 	 -0.3756 	 -0.0984 	 -0.2584 	 0.0144 	 -0.0822 	 -0.2293 	 0.0447
1.2425 	 0.5029 	 0.9379 	 -0.3755 	 -0.0992 	 -0.2607 	 0.0149 	 -0.0828 	 -0.2304 	 0.0448
1.2525 	 0.5019 	 0.9352 	 -0.3753 	 -0.1000 	 -0.2630 	 0.0153 	 -0.0833 	 -0.2315 	 0.0448
1.2625 	 0.5009 	 0.9326 	 -0.3752 	 -0.1009 	 -0.2653 	 0.0158 	 -0.0839 	 -0.2327 	 0.0449
1.2725 	 0.4999 	 0.9299 	 -0.3750 	 -0.1017 	 -0.2677 	 0.0162 	 -0.0845 	 -0.2338 	 0.0449
1.2826 	 0.4988 	 0.9272 	 -0.3748 	 -0.1026 	 -0.2700 	 0.0167 	 -0.0851 	 -0.2350 	 0.0450
1.2926 	 0.4978 	 0.9245 	 -0.3747 	 -0.1034 	 -0.2724 	 0.0171 	 -0.0856 	 -0.2362 	 0.0450
1.3026 	 0.4968 	 0.9218 	 -0.3745 	 -0.1043 	 -0.2748 	 0.0176 	 -0.0862 	 -0.2374 	 0.0450
1.3126 	 0.4957 	 0.9190 	 -0.3743 	 -0.1051 	 -0.2771 	 0.0180 	 -0.0868 	 -0.2386 	 0.0451
1.3226 	 0.4946 	 0.9162 	 -0.3741 	 -0.1060 	 -0.2795 	 0.0185 	 -0.0874 	 -0.2398 	 0.0451
1.3327 	 0.4936 	 0.9134 	 -0.3739 	 -0.1069 	 -0.2820 	 0.0189 	 -0.0880 	 -0.2410 	 0.0451
1.3427 	 0.4925 	 0.9106 	 -0.3737 	 -0.1078 	 -0.2844 	 0.0194 	 -0.0886 	 -0.2423 	 0.0451
1.3527 	 0.4914 	 0.9077 	 -0.3735 	 -0.1087 	 -0.2868 	 0.0198 	 -0.0892 	 -0.2436 	 0.0452
1.3627 	 0.4903 	 0.9048 	 -0.3733 	 -0.1096 	 -0.2893 	 0.0203 	 -0.0898 	 -0.2448 	 0.0452
1.3727 	 0.4892 	 0.9019 	 -0.3731 	 -0.1105 	 -0.2917 	 0.0207 	 -0.0905 	 -0.2462 	 0.0452
1.3828 	 0.4881 	 0.8990 	 -0.3729 	 -0.1114 	 -0.2942 	 0.0212 	 -0.0911 	 -0.2475 	 0.0452
1.3928 	 0.4870 	 0.8960 	 -0.3727 	 -0.1123 	 -0.2967 	 0.0216 	 -0.0917 	 -0.2488 	 0.0452
1.4028 	 0.4859 	 0.8930 	 -0.3725 	 -0.1132 	 -0.2992 	 0.0221 	 -0.0924 	 -0.2502 	 0.0452
1.4128 	 0.4847 	 0.8900 	 -0.3723 	 -0.1141 	 -0.3017 	 0.0225 	 -0.0930 	 -0.2516 	 0.0453
1.4228 	 0.4836 	 0.8870 	 -0.3720 	 -0.1151 	 -0.3042 	 0.0230 	 -0.0937 	 -0.2530 	 0.0453
1.4329 	 0.4824 	 0.8839 	 -0.3718 	 -0.1160 	 -0.3068 	 0.0234 	 -0.0944 	 -0.2544 	 0.0453
1.4429 	 0.4813 	 0.8808 	 -0.3716 	 -0.1170 	 -0.3093 	 0.0239 	 -0.0950 	 -0.2558 	 0.0453
1.4529 	 0.4801 	 0.8777 	 -0.3713 	 -0.1179 	 -0.3119 	 0.0243 	 -0.0957 	 -0.2573 	 0.0453
1.4629 	 0.4789 	 0.8746 	 -0.3711 	 -0.1189 	 -0.3145 	 0.0248 	 -0.0964 	 -0.2588 	 0.0453
1.4729 	 0.4777 	 0.8714 	 -0.3708 	 -0.1199 	 -0.3171 	 0.0253 	 -0.0971 	 -0.2603 	 0.0453
1.4830 	 0.4765 	 0.8682 	 -0.3706 	 -0.1208 	 -0.3197 	 0.0257 	 -0.0978 	 -0.2618 	 0.0454
1.4930 	 0.4753 	 0.8650 	 -0.3703 	 -0.1218 	 -0.3223 	 0.0262 	 -0.0985 	 -0.2633 	 0.0454
1.5030 	 0.4740 	 0.8618 	 -0.3701 	 -0.1228 	 -0.3250 	 0.0266 	 -0.0993 	 -0.2649 	 0.0454
1.5130 	 0.4728 	 0.8585 	 -0.3698 	 -0.1238 	 -0.3276 	 0.0271 	 -0.1000 	 -0.2665 	 0.0454
1.5230 	 0.4716 	 0.8552 	 -0.3695 	 -0.1248 	 -0.3303 	 0.0275 	 -0.1008 	 -0.2681 	 0.0455
1.5331 	 0.4703 	 0.8519 	 -0.3692 	 -0.1258 	 -0.3330 	 0.0280 	 -0.1015 	 -0.2697 	 0.0455
1.5431 	 0.4690 	 0.8485 	 -0.3690 	 -0.1268 	 -0.3357 	 0.0284 	 -0.1023 	 -0.2714 	 0.0455
1.5531 	 0.4678 	 0.8451 	 -0.3687 	 -0.1279 	 -0.3384 	 0.0289 	 -0.1031 	 -0.2731 	 0.0456
1.5631 	 0.4665 	 0.8417 	 -0.3684 	 -0.1289 	 -0.3412 	 0.0294 	 -0.1039 	 -0.2748 	 0.0456
1.5731 	 0.4652 	 0.8383 	 -0.3681 	 -0.1300 	 -0.3439 	 0.0298 	 -0.1047 	 -0.2765 	 0.0457
1.5832 	 0.4639 	 0.8348 	 -0.3678 	 -0.1310 	 -0.3467 	 0.0303 	 -0.1055 	 -0.2783 	 0.0457
1.5932 	 0.4626 	 0.8314 	 -0.3675 	 -0.1321 	 -0.3495 	 0.0307 	 -0.1063 	 -0.2801 	 0.0458
1.6032 	 0.4612 	 0.8278 	 -0.3672 	 -0.1331 	 -0.3523 	 0.0312 	 -0.1072 	 -0.2819 	 0.0458
1.6132 	 0.4599 	 0.8243 	 -0.3669 	 -0.1342 	 -0.3552 	 0.0316 	 -0.1081 	 -0.2838 	 0.0459
1.6232 	 0.4585 	 0.8207 	 -0.3665 	 -0.1353 	 -0.3580 	 0.0321 	 -0.1090 	 -0.2856 	 0.0460
1.6333 	 0.4572 	 0.8171 	 -0.3662 	 -0.1364 	 -0.3609 	 0.0326 	 -0.1099 	 -0.2875 	 0.0461
1.6433 	 0.4558 	 0.8135 	 -0.3659 	 -0.1375 	 -0.3638 	 0.0330 	 -0.1108 	 -0.2895 	 0.0462
1.6533 	 0.4544 	 0.8098 	 -0.3655 	 -0.1386 	 -0.3667 	 0.0335 	 -0.1117 	 -0.2915 	 0.0463
1.6633 	 0.4530 	 0.8061 	 -0.3652 	 -0.1397 	 -0.3696 	 0.0340 	 -0.1127 	 -0.2935 	 0.0464
1.6733 	 0.4516 	 0.8024 	 -0.3649 	 -0.1409 	 -0.3726 	 0.0344 	 -0.1137 	 -0.2955 	 0.0465
1.6834 	 0.4502 	 0.7987 	 -0.3645 	 -0.1420 	 -0.3755 	 0.0349 	 -0.1147 	 -0.2976 	 0.0467
1.6934 	 0.4488 	 0.7949 	 -0.3642 	 -0.1432 	 -0.3785 	 0.0354 	 -0.1157 	 -0.2997 	 0.0468
1.7034 	 0.4473 	 0.7911 	 -0.3638 	 -0.1443 	 -0.3815 	 0.0358 	 -0.1167 	 -0.3018 	 0.0469
1.7134 	 0.4459 	 0.7873 	 -0.3634 	 -0.1455 	 -0.3846 	 0.0363 	 -0.1178 	 -0.3040 	 0.0471
1.7234 	 0.4444 	 0.7834 	 -0.3631 	 -0.1467 	 -0.3876 	 0.0368 	 -0.1189 	 -0.3062 	 0.0472
1.7335 	 0.4429 	 0.7795 	 -0.3627 	 -0.1479 	 -0.3907 	 0.0372 	 -0.1200 	 -0.3084 	 0.0474
1.7435 	 0.4415 	 0.7756 	 -0.3623 	 -0.1491 	 -0.3938 	 0.0377 	 -0.1212 	 -0.3107 	 0.0476
1.7535 	 0.4400 	 0.7716 	 -0.3620 	 -0.1503 	 -0.3969 	 0.0382 	 -0.1224 	 -0.3130 	 0.0478
1.7635 	 0.4384 	 0.7676 	 -0.3616 	 -0.1516 	 -0.4001 	 0.0387 	 -0.1236 	 -0.3153 	 0.0480
1.7735 	 0.4369 	 0.7636 	 -0.3612 	 -0.1528 	 -0.4033 	 0.0392 	 -0.1248 	 -0.3177 	 0.0482
1.7836 	 0.4354 	 0.7595 	 -0.3608 	 -0.1541 	 -0.4065 	 0.0396 	 -0.1261 	 -0.3202 	 0.0484
1.7936 	 0.4338 	 0.7554 	 -0.3604 	 -0.1553 	 -0.4097 	 0.0401 	 -0.1274 	 -0.3226 	 0.0486
1.8036 	 0.4323 	 0.7513 	 -0.3600 	 -0.1566 	 -0.4129 	 0.0406 	 -0.1287 	 -0.3252 	 0.0488
1.8136 	 0.4307 	 0.7472 	 -0.3596 	 -0.1579 	 -0.4162 	 0.0411 	 -0.1301 	 -0.3277 	 0.0491
1.8236 	 0.4291 	 0.7430 	 -0.3592 	 -0.1592 	 -0.4195 	 0.0416 	 -0.1315 	 -0.3303 	 0.0493
1.8337 	 0.4275 	 0.7387 	 -0.3587 	 -0.1605 	 -0.4228 	 0.0421 	 -0.1330 	 -0.3330 	 0.0496
1.8437 	 0.4259 	 0.7345 	 -0.3583 	 -0.1619 	 -0.4262 	 0.0426 	 -0.1345 	 -0.3357 	 0.0499
1.8537 	 0.4243 	 0.7302 	 -0.3579 	 -0.1632 	 -0.4295 	 0.0431 	 -0.1360 	 -0.3385 	 0.0502
1.8637 	 0.4226 	 0.7259 	 -0.3574 	 -0.1646 	 -0.4330 	 0.0436 	 -0.1376 	 -0.3413 	 0.0505
1.8737 	 0.4210 	 0.7215 	 -0.3570 	 -0.1660 	 -0.4364 	 0.0441 	 -0.1392 	 -0.3441 	 0.0508
1.8838 	 0.4193 	 0.7171 	 -0.3566 	 -0.1674 	 -0.4398 	 0.0446 	 -0.1409 	 -0.3471 	 0.0511
1.8938 	 0.4176 	 0.7127 	 -0.3561 	 -0.1688 	 -0.4433 	 0.0451 	 -0.1426 	 -0.3500 	 0.0515
1.9038 	 0.4159 	 0.7083 	 -0.3557 	 -0.1703 	 -0.4469 	 0.0457 	 -0.1444 	 -0.3531 	 0.0518
1.9138 	 0.4142 	 0.7038 	 -0.3552 	 -0.1717 	 -0.4504 	 0.0462 	 -0.1463 	 -0.3562 	 0.0522
1.9238 	 0.4125 	 0.6992 	 -0.3547 	 -0.1732 	 -0.4540 	 0.0467 	 -0.1482 	 -0.3594 	 0.0526
1.9339 	 0.4107 	 0.6947 	 -0.3543 	 -0.1747 	 -0.4576 	 0.0472 	 -0.1501 	 -0.3626 	 0.0530
1.9439 	 0.4090 	 0.6901 	 -0.3538 	 -0.1762 	 -0.4613 	 0.0478 	 -0.1521 	 -0.3660 	 0.0534
1.9539 	 0.4072 	 0.6854 	 -0.3533 	 -0.1777 	 -0.4650 	 0.0483 	 -0.1542 	 -0.3693 	 0.0538
1.9639 	 0.4054 	 0.6807 	 -0.3528 	 -0.1793 	 -0.4687 	 0.0488 	 -0.1564 	 -0.3728 	 0.0542
1.9739 	 0.4036 	 0.6760 	 -0.3523 	 -0.1809 	 -0.4724 	 0.0494 	 -0.1586 	 -0.3764 	 0.0547
1.9840 	 0.4018 	 0.6713 	 -0.3518 	 -0.1825 	 -0.4762 	 0.0499 	 -0.1609 	 -0.3800 	 0.0552
1.9940 	 0.3999 	 0.6665 	 -0.3513 	 -0.1841 	 -0.4800 	 0.0505 	 -0.1633 	 -0.3838 	 0.0557
2.0040 	 0.3981 	 0.6616 	 -0.3508 	 -0.1857 	 -0.4839 	 0.0510 	 -0.1657 	 -0.3876 	 0.0562
2.0140 	 0.3962 	 0.6568 	 -0.3503 	 -0.1874 	 -0.4878 	 0.0516 	 -0.1683 	 -0.3915 	 0.0568
2.0240 	 0.3943 	 0.6519 	 -0.3498 	 -0.1891 	 -0.4918 	 0.0522 	 -0.1709 	 -0.3955 	 0.0573
2.0341 	 0.3924 	 0.6469 	 -0.3493 	 -0.1908 	 -0.4957 	 0.0528 	 -0.1736 	 -0.3997 	 0.0579
2.0441 	 0.3905 	 0.6419 	 -0.3487 	 -0.1926 	 -0.4998 	 0.0533 	 -0.1764 	 -0.4039 	 0.0585
2.0541 	 0.3886 	 0.6369 	 -0.3482 	 -0.1944 	 -0.5038 	 0.0539 	 -0.1793 	 -0.4083 	 0.0592
2.0641 	 0.3866 	 0.6318 	 -0.3476 	 -0.1962 	 -0.5079 	 0.0545 	 -0.1823 	 -0.4128 	 0.0599
2.0741 	 0.3846 	 0.6267 	 -0.3471 	 -0.1980 	 -0.5121 	 0.0551 	 -0.1854 	 -0.4174 	 0.0606
2.0842 	 0.3826 	 0.6216 	 -0.3465 	 -0.1999 	 -0.5163 	 0.0557 	 -0.1887 	 -0.4221 	 0.0613
2.0942 	 0.3806 	 0.6164 	 -0.3460 	 -0.2018 	 -0.5206 	 0.0564 	 -0.1920 	 -0.4270 	 0.0620
2.1042 	 0.3786 	 0.6111 	 -0.3454 	 -0.2038 	 -0.5249 	 0.0570 	 -0.1954 	 -0.4320 	 0.0628
2.1142 	 0.3765 	 0.6059 	 -0.3448 	 -0.2057 	 -0.5292 	 0.0576 	 -0.1990 	 -0.4372 	 0.0637
2.1242 	 0.3745 	 0.6005 	 -0.3443 	 -0.2077 	 -0.5336 	 0.0583 	 -0.2027 	 -0.4425 	 0.0645
2.1343 	 0.3724 	 0.5952 	 -0.3437 	 -0.2098 	 -0.5381 	 0.0589 	 -0.2065 	 -0.4480 	 0.0655
2.1443 	 0.3703 	 0.5898 	 -0.3431 	 -0.2119 	 -0.5426 	 0.0596 	 -0.2105 	 -0.4537 	 0.0664
2.1543 	 0.3681 	 0.5843 	 -0.3425 	 -0.2140 	 -0.5472 	 0.0603 	 -0.2146 	 -0.4596 	 0.0674
2.1643 	 0.3660 	 0.5788 	 -0.3419 	 -0.2162 	 -0.5518 	 0.0609 	 -0.2188 	 -0.4656 	 0.0685
2.1743 	 0.3638 	 0.5732 	 -0.3413 	 -0.2184 	 -0.5565 	 0.0616 	 -0.2232 	 -0.4718 	 0.0696
2.1844 	 0.3616 	 0.5676 	 -0.3406 	 -0.2207 	 -0.5613 	 0.0623 	 -0.2325 	 -0.4807 	 0.0728
2.1944 	 0.3594 	 0.5620 	 -0.3400 	 -0.2230 	 -0.5661 	 0.0631 	 -0.2365 	 -0.4869 	 0.0737
2.2044 	 0.3571 	 0.5563 	 -0.3394 	 -0.2254 	 -0.5711 	 0.0638 	 -0.2407 	 -0.4933 	 0.0747
2.2144 	 0.3549 	 0.5505 	 -0.3387 	 -0.2279 	 -0.5760 	 0.0646 	 -0.2450 	 -0.5001 	 0.0757
2.2244 	 0.3526 	 0.5447 	 -0.3381 	 -0.2303 	 -0.5811 	 0.0653 	 -0.2494 	 -0.5071 	 0.0768
2.2345 	 0.3502 	 0.5389 	 -0.3374 	 -0.2329 	 -0.5862 	 0.0661 	 -0.2540 	 -0.5145 	 0.0780
2.2445 	 0.3479 	 0.5330 	 -0.3368 	 -0.2354 	 -0.5914 	 0.0669 	 -0.2588 	 -0.5221 	 0.0792
2.2545 	 0.3455 	 0.5270 	 -0.3361 	 -0.2381 	 -0.5967 	 0.0677 	 -0.2637 	 -0.5302 	 0.0806
2.2645 	 0.3431 	 0.5210 	 -0.3354 	 -0.2407 	 -0.6020 	 0.0685 	 -0.2688 	 -0.5386 	 0.0820
2.2745 	 0.3407 	 0.5150 	 -0.3347 	 -0.2434 	 -0.6075 	 0.0693 	 -0.2741 	 -0.5473 	 0.0835
2.2846 	 0.3382 	 0.5089 	 -0.3340 	 -0.2462 	 -0.6130 	 0.0702 	 -0.2796 	 -0.5565 	 0.0851
2.2946 	 0.3358 	 0.5027 	 -0.3333 	 -0.2490 	 -0.6186 	 0.0711 	 -0.2852 	 -0.5662 	 0.0869
2.3046 	 0.3333 	 0.4965 	 -0.3326 	 -0.2519 	 -0.6243 	 0.0719 	 -0.2911 	 -0.5763 	 0.0888
2.3146 	 0.3307 	 0.4902 	 -0.3319 	 -0.2549 	 -0.6302 	 0.0728 	 -0.2972 	 -0.5869 	 0.0909
2.3246 	 0.3281 	 0.4838 	 -0.3311 	 -0.2579 	 -0.6361 	 0.0738 	 -0.3035 	 -0.5980 	 0.0932
2.3347 	 0.3255 	 0.4774 	 -0.3304 	 -0.2610 	 -0.6422 	 0.0747 	 -0.3123 	 -0.6141 	 0.0975
2.3447 	 0.3229 	 0.4710 	 -0.3296 	 -0.2641 	 -0.6484 	 0.0757 	 -0.3182 	 -0.6246 	 0.0995
2.3547 	 0.3203 	 0.4644 	 -0.3289 	 -0.2674 	 -0.6547 	 0.0767 	 -0.3243 	 -0.6355 	 0.1016
2.3647 	 0.3176 	 0.4578 	 -0.3281 	 -0.2707 	 -0.6612 	 0.0778 	 -0.3316 	 -0.6514 	 0.1063
2.3747 	 0.3148 	 0.4512 	 -0.3273 	 -0.2740 	 -0.6678 	 0.0788 	 -0.3377 	 -0.6620 	 0.1081
2.3848 	 0.3121 	 0.4445 	 -0.3265 	 -0.2774 	 -0.6744 	 0.0799 	 -0.3441 	 -0.6730 	 0.1100
2.3948 	 0.3093 	 0.4377 	 -0.3257 	 -0.2809 	 -0.6812 	 0.0810 	 -0.3507 	 -0.6845 	 0.1119
2.4048 	 0.3064 	 0.4308 	 -0.3249 	 -0.2845 	 -0.6882 	 0.0822 	 -0.3576 	 -0.6965 	 0.1138
2.4148 	 0.3036 	 0.4239 	 -0.3241 	 -0.2881 	 -0.6952 	 0.0833 	 -0.3648 	 -0.7091 	 0.1158
2.4248 	 0.3007 	 0.4169 	 -0.3232 	 -0.2918 	 -0.7024 	 0.0845 	 -0.3723 	 -0.7222 	 0.1179
2.4349 	 0.2977 	 0.4098 	 -0.3224 	 -0.2955 	 -0.7097 	 0.0857 	 -0.3801 	 -0.7359 	 0.1199
2.4449 	 0.2947 	 0.4027 	 -0.3215 	 -0.2994 	 -0.7171 	 0.0869 	 -0.3883 	 -0.7503 	 0.1221
2.4549 	 0.2917 	 0.3954 	 -0.3206 	 -0.3033 	 -0.7247 	 0.0881 	 -0.3970 	 -0.7653 	 0.1242
2.4649 	 0.2887 	 0.3881 	 -0.3197 	 -0.3073 	 -0.7325 	 0.0894 	 -0.4060 	 -0.7810 	 0.1264
2.4749 	 0.2856 	 0.3808 	 -0.3188 	 -0.3115 	 -0.7404 	 0.0907 	 -0.4155 	 -0.7974 	 0.1285
2.4850 	 0.2824 	 0.3733 	 -0.3179 	 -0.3157 	 -0.7484 	 0.0920 	 -0.4255 	 -0.8146 	 0.1307
2.4950 	 0.2792 	 0.3658 	 -0.3170 	 -0.3200 	 -0.7567 	 0.0933 	 -0.4361 	 -0.8326 	 0.1327
2.5050 	 0.2760 	 0.3581 	 -0.3160 	 -0.3244 	 -0.7652 	 0.0946 	 -0.4504 	 -0.8560 	 0.1360
2.5150 	 0.2727 	 0.3504 	 -0.3151 	 -0.3290 	 -0.7738 	 0.0960 	 -0.4617 	 -0.8750 	 0.1376
2.5251 	 0.2694 	 0.3426 	 -0.3141 	 -0.3337 	 -0.7827 	 0.0974 	 -0.4746 	 -0.9009 	 0.1399
2.5351 	 0.2660 	 0.3347 	 -0.3131 	 -0.3385 	 -0.7918 	 0.0988 	 -0.4870 	 -0.9207 	 0.1406
2.5451 	 0.2626 	 0.3268 	 -0.3121 	 -0.3435 	 -0.8012 	 0.1002 	 -0.5036 	 -0.9470 	 0.1404
2.5551 	 0.2592 	 0.3187 	 -0.3111 	 -0.3486 	 -0.8109 	 0.1016 	 -0.5232 	 -0.9779 	 0.1397
2.5651 	 0.2556 	 0.3105 	 -0.3101 	 -0.3540 	 -0.8208 	 0.1030 	 -0.5458 	 -1.0144 	 0.1365
2.5752 	 0.2521 	 0.3022 	 -0.3091 	 -0.3597 	 -0.8314 	 0.1043 	 -0.5808 	 -1.0730 	 0.1273
2.5852 	 0.2484 	 0.2938 	 -0.3080 	 -0.3656 	 -0.8424 	 0.1056 	 -0.6044 	 -1.1142 	 0.1249
2.5952 	 0.2447 	 0.2853 	 -0.3069 	 -0.3718 	 -0.8538 	 0.1068 	 -0.6328 	 -1.1577 	 0.1200
2.6052 	 0.2410 	 0.2767 	 -0.3059 	 -0.3783 	 -0.8656 	 0.1080 	 -0.6600 	 -1.1967 	 0.1221
2.6152 	 0.2371 	 0.2680 	 -0.3048 	 -0.3850 	 -0.8777 	 0.1092 	 -0.6693 	 -1.2073 	 0.1194
2.6253 	 0.2333 	 0.2591 	 -0.3037 	 -0.3918 	 -0.8899 	 0.1104 	 -0.6852 	 -1.2327 	 0.1178
2.6353 	 0.2293 	 0.2502 	 -0.3026 	 -0.3987 	 -0.9023 	 0.1116 	 -0.6965 	 -1.2404 	 0.1168
2.6453 	 0.2253 	 0.2410 	 -0.3014 	 -0.4057 	 -0.9148 	 0.1127 	 -0.7005 	 -1.2472 	 0.1101
2.6553 	 0.2212 	 0.2318 	 -0.3003 	 -0.4128 	 -0.9273 	 0.1138 	 -0.7055 	 -1.2470 	 0.1085
2.6653 	 0.2170 	 0.2225 	 -0.2992 	 -0.4199 	 -0.9399 	 0.1148 	 -0.7101 	 -1.2505 	 0.0956
2.6754 	 0.2128 	 0.2130 	 -0.2980 	 -0.4270 	 -0.9524 	 0.1157 	 -0.7127 	 -1.2438 	 0.0908
2.6854 	 0.2084 	 0.2034 	 -0.2968 	 -0.4342 	 -0.9648 	 0.1166 	 -0.7155 	 -1.2367 	 0.0860
2.6954 	 0.2040 	 0.1936 	 -0.2957 	 -0.4414 	 -0.9771 	 0.1175 	 -0.7219 	 -1.2317 	 0.0853
2.7054 	 0.1996 	 0.1838 	 -0.2945 	 -0.4486 	 -0.9895 	 0.1183 	 -0.7258 	 -1.2288 	 0.0800
2.7154 	 0.1951 	 0.1738 	 -0.2933 	 -0.4559 	 -1.0017 	 0.1191 	 -0.7314 	 -1.2181 	 0.0845
2.7255 	 0.1905 	 0.1637 	 -0.2921 	 -0.4633 	 -1.0139 	 0.1199 	 -0.7347 	 -1.2078 	 0.0805
2.7355 	 0.1858 	 0.1535 	 -0.2909 	 -0.4706 	 -1.0259 	 0.1207 	 -0.7367 	 -1.1945 	 0.0761
2.7455 	 0.1810 	 0.1432 	 -0.2897 	 -0.4780 	 -1.0378 	 0.1214 	 -0.7373 	 -1.1776 	 0.0640
2.7555 	 0.1762 	 0.1327 	 -0.2885 	 -0.4854 	 -1.0495 	 0.1220 	 -0.7376 	 -1.1586 	 0.0509
2.7655 	 0.1713 	 0.1221 	 -0.2872 	 -0.4928 	 -1.0610 	 0.1224 	 -0.7371 	 -1.1370 	 0.0368
2.7756 	 0.1663 	 0.1114 	 -0.2860 	 -0.5002 	 -1.0723 	 0.1227 	 -0.7355 	 -1.1124 	 0.0214
2.7856 	 0.1613 	 0.1006 	 -0.2848 	 -0.5076 	 -1.0833 	 0.1228 	 -0.7388 	 -1.0903 	 0.0006
2.7956 	 0.1561 	 0.0897 	 -0.2836 	 -0.5149 	 -1.0941 	 0.1228 	 -0.7320 	 -1.0564 	 -0.0179
2.8056 	 0.1510 	 0.0787 	 -0.2823 	 -0.5222 	 -1.1045 	 0.1225 	 -0.7225 	 -1.0179 	 -0.0368
2.8156 	 0.1457 	 0.0676 	 -0.2811 	 -0.5294 	 -1.1145 	 0.1220 	 -0.7141 	 -0.9820 	 -0.0574
2.8257 	 0.1403 	 0.0564 	 -0.2799 	 -0.5365 	 -1.1241 	 0.1213 	 -0.7056 	 -0.9405 	 -0.0776
2.8357 	 0.1349 	 0.0451 	 -0.2787 	 -0.5436 	 -1.1333 	 0.1205 	 -0.7009 	 -0.8944 	 -0.0921
2.8457 	 0.1295 	 0.0337 	 -0.2775 	 -0.5506 	 -1.1420 	 0.1194 	 -0.6915 	 -0.8369 	 -0.1095
2.8557 	 0.1239 	 0.0222 	 -0.2763 	 -0.5575 	 -1.1501 	 0.1183 	 -0.6843 	 -0.7775 	 -0.1216
2.8657 	 0.1183 	 0.0106 	 -0.2751 	 -0.5643 	 -1.1576 	 0.1170 	 -0.6773 	 -0.7139 	 -0.1403
2.8758 	 0.1126 	 -0.0010 	 -0.2739 	 -0.5710 	 -1.1644 	 0.1155 	 -0.6710 	 -0.6497 	 -0.1583
2.8858 	 0.1068 	 -0.0127 	 -0.2728 	 -0.5777 	 -1.1706 	 0.1138 	 -0.6612 	 -0.5728 	 -0.1781
2.8958 	 0.1010 	 -0.0244 	 -0.2717 	 -0.5843 	 -1.1759 	 0.1119 	 -0.6488 	 -0.4885 	 -0.1975
2.9058 	 0.0951 	 -0.0363 	 -0.2705 	 -0.5907 	 -1.1803 	 0.1099 	 -0.6325 	 -0.3954 	 -0.2160
2.9158 	 0.0892 	 -0.0481 	 -0.2695 	 -0.5969 	 -1.1838 	 0.1076 	 -0.6108 	 -0.2920 	 -0.2331
2.9259 	 0.0832 	 -0.0600 	 -0.2684 	 -0.6029 	 -1.1862 	 0.1052 	 -0.5814 	 -0.1769 	 -0.2483
2.9359 	 0.0771 	 -0.0719 	 -0.2673 	 -0.6086 	 -1.1873 	 0.1026 	 -0.5472 	 -0.0492 	 -0.2648
2.9459 	 0.0710 	 -0.0838 	 -0.2663 	 -0.6138 	 -1.1871 	 0.0999 	 -0.4943 	 0.0941 	 -0.2756
2.9559 	 0.0648 	 -0.0956 	 -0.2653 	 -0.6184 	 -1.1854 	 0.0971 	 -0.4254 	 0.2498 	 -0.2894
2.9659 	 0.0586 	 -0.1075 	 -0.2644 	 -0.6223 	 -1.1821 	 0.0941 	 -0.3460 	 0.4061 	 -0.2944
2.9760 	 0.0523 	 -0.1193 	 -0.2635 	 -0.6253 	 -1.1773 	 0.0912 	 -0.2581 	 0.5545 	 -0.2978
2.9860 	 0.0461 	 -0.1311 	 -0.2626 	 -0.6275 	 -1.1710 	 0.0882 	 -0.1652 	 0.6778 	 -0.2978
2.9960 	 0.0398 	 -0.1428 	 -0.2617 	 -0.6287 	 -1.1636 	 0.0852 	 -0.0709 	 0.7996 	 -0.2858
3.0060 	 0.0335 	 -0.1544 	 -0.2609 	 -0.6289 	 -1.1551 	 0.0824 	 0.0138 	 0.8949 	 -0.2740
3.0160 	 0.0272 	 -0.1659 	 -0.2600 	 -0.6284 	 -1.1458 	 0.0797 	 0.0883 	 0.9695 	 -0.2588
3.0261 	 0.0209 	 -0.1773 	 -0.2593 	 -0.6272 	 -1.1357 	 0.0772 	 0.1598 	 1.0378 	 -0.2441
3.0361 	 0.0146 	 -0.1887 	 -0.2585 	 -0.6253 	 -1.1250 	 0.0748 	 0.2265 	 1.1062 	 -0.2347
3.0461 	 0.0084 	 -0.1999 	 -0.2578 	 -0.6227 	 -1.1136 	 0.0725 	 0.2856 	 1.1635 	 -0.2388
3.0561 	 0.0021 	 -0.2110 	 -0.2570 	 -0.6196 	 -1.1017 	 0.0701 	 0.3351 	 1.2035 	 -0.2426
3.0661 	 -0.0041 	 -0.2220 	 -0.2564 	 -0.6160 	 -1.0895 	 0.0676 	 0.3780 	 1.2348 	 -0.2432
3.0762 	 -0.0102 	 -0.2328 	 -0.2557 	 -0.6120 	 -1.0770 	 0.0652 	 0.4160 	 1.2610 	 -0.2425
3.0862 	 -0.0163 	 -0.2435 	 -0.2550 	 -0.6077 	 -1.0642 	 0.0628 	 0.4498 	 1.2835 	 -0.2412
3.0962 	 -0.0224 	 -0.2541 	 -0.2544 	 -0.6030 	 -1.0513 	 0.0604 	 0.4802 	 1.3032 	 -0.2399
3.1062 	 -0.0284 	 -0.2646 	 -0.2538 	 -0.5981 	 -1.0381 	 0.0580 	 0.5076 	 1.3205 	 -0.2386
3.1162 	 -0.0344 	 -0.2749 	 -0.2533 	 -0.5928 	 -1.0248 	 0.0556 	 0.5323 	 1.3358 	 -0.2376
3.1263 	 -0.0403 	 -0.2851 	 -0.2527 	 -0.5874 	 -1.0114 	 0.0532 	 0.5445 	 1.3396 	 -0.2374
3.1363 	 -0.0461 	 -0.2952 	 -0.2522 	 -0.5819 	 -0.9979 	 0.0508 	 0.5623 	 1.3492 	 -0.2367
3.1463 	 -0.0519 	 -0.3051 	 -0.2517 	 -0.5762 	 -0.9844 	 0.0484 	 0.5751 	 1.3517 	 -0.2376
3.1563 	 -0.0577 	 -0.3149 	 -0.2512 	 -0.5703 	 -0.9708 	 0.0461 	 0.5857 	 1.3532 	 -0.2373
3.1663 	 -0.0634 	 -0.3246 	 -0.2508 	 -0.5644 	 -0.9573 	 0.0437 	 0.5956 	 1.3514 	 -0.2379
3.1764 	 -0.0690 	 -0.3341 	 -0.2504 	 -0.5584 	 -0.9437 	 0.0413 	 0.6014 	 1.3489 	 -0.2409
3.1864 	 -0.0746 	 -0.3435 	 -0.2500 	 -0.5524 	 -0.9303 	 0.0390 	 0.6069 	 1.3392 	 -0.2232
3.1964 	 -0.0801 	 -0.3528 	 -0.2496 	 -0.5463 	 -0.9169 	 0.0367 	 0.6082 	 1.3242 	 -0.2169
3.2064 	 -0.0855 	 -0.3619 	 -0.2492 	 -0.5402 	 -0.9037 	 0.0346 	 0.6109 	 1.3085 	 -0.2083
3.2164 	 -0.0909 	 -0.3709 	 -0.2489 	 -0.5340 	 -0.8907 	 0.0326 	 0.6125 	 1.2925 	 -0.2032
3.2265 	 -0.0962 	 -0.3797 	 -0.2486 	 -0.5279 	 -0.8778 	 0.0306 	 0.6149 	 1.2800 	 -0.1948
3.2365 	 -0.1015 	 -0.3885 	 -0.2483 	 -0.5218 	 -0.8651 	 0.0287 	 0.6102 	 1.2573 	 -0.1879
3.2465 	 -0.1067 	 -0.3971 	 -0.2480 	 -0.5157 	 -0.8526 	 0.0268 	 0.6091 	 1.2436 	 -0.1784
3.2565 	 -0.1118 	 -0.4056 	 -0.2477 	 -0.5096 	 -0.8402 	 0.0251 	 0.6068 	 1.2281 	 -0.1731
3.2665 	 -0.1169 	 -0.4139 	 -0.2475 	 -0.5035 	 -0.8280 	 0.0234 	 0.6040 	 1.2073 	 -0.1746
3.2766 	 -0.1219 	 -0.4222 	 -0.2473 	 -0.4975 	 -0.8159 	 0.0216 	 0.6047 	 1.1977 	 -0.1709
3.2866 	 -0.1269 	 -0.4303 	 -0.2471 	 -0.4914 	 -0.8040 	 0.0199 	 0.6022 	 1.1843 	 -0.1635
3.2966 	 -0.1317 	 -0.4383 	 -0.2469 	 -0.4854 	 -0.7922 	 0.0183 	 0.6024 	 1.1751 	 -0.1601
3.3066 	 -0.1366 	 -0.4461 	 -0.2467 	 -0.4794 	 -0.7805 	 0.0168 	 0.5962 	 1.1581 	 -0.1484
3.3166 	 -0.1414 	 -0.4539 	 -0.2465 	 -0.4734 	 -0.7689 	 0.0153 	 0.5938 	 1.1468 	 -0.1508
3.3267 	 -0.1461 	 -0.4616 	 -0.2464 	 -0.4675 	 -0.7577 	 0.0138 	 0.5744 	 1.0865 	 -0.1550
3.3367 	 -0.1507 	 -0.4691 	 -0.2462 	 -0.4619 	 -0.7471 	 0.0122 	 0.5564 	 1.0384 	 -0.1560
3.3467 	 -0.1553 	 -0.4765 	 -0.2461 	 -0.4563 	 -0.7368 	 0.0106 	 0.5448 	 1.0056 	 -0.1565
3.3567 	 -0.1599 	 -0.4839 	 -0.2460 	 -0.4510 	 -0.7270 	 0.0091 	 0.5211 	 0.9559 	 -0.1538
3.3667 	 -0.1644 	 -0.4911 	 -0.2460 	 -0.4459 	 -0.7176 	 0.0076 	 0.5072 	 0.9219 	 -0.1510
3.3768 	 -0.1688 	 -0.4982 	 -0.2459 	 -0.4409 	 -0.7086 	 0.0061 	 0.4885 	 0.8817 	 -0.1471
3.3868 	 -0.1732 	 -0.5053 	 -0.2458 	 -0.4361 	 -0.6999 	 0.0046 	 0.4793 	 0.8588 	 -0.1456
3.3968 	 -0.1775 	 -0.5123 	 -0.2458 	 -0.4313 	 -0.6914 	 0.0032 	 0.4706 	 0.8374 	 -0.1441
3.4068 	 -0.1818 	 -0.5192 	 -0.2458 	 -0.4266 	 -0.6831 	 0.0017 	 0.4622 	 0.8172 	 -0.1428
3.4168 	 -0.1861 	 -0.5260 	 -0.2458 	 -0.4220 	 -0.6750 	 0.0003 	 0.4542 	 0.7982 	 -0.1415
3.4269 	 -0.1903 	 -0.5327 	 -0.2458 	 -0.4175 	 -0.6671 	 -0.0011 	 0.4466 	 0.7804 	 -0.1403
3.4369 	 -0.1945 	 -0.5393 	 -0.2458 	 -0.4131 	 -0.6594 	 -0.0025 	 0.4393 	 0.7636 	 -0.1392
3.4469 	 -0.1986 	 -0.5459 	 -0.2458 	 -0.4087 	 -0.6518 	 -0.0039 	 0.4322 	 0.7477 	 -0.1382
3.4569 	 -0.2027 	 -0.5524 	 -0.2459 	 -0.4044 	 -0.6444 	 -0.0053 	 0.4255 	 0.7328 	 -0.1373
3.4669 	 -0.2067 	 -0.5588 	 -0.2459 	 -0.4002 	 -0.6372 	 -0.0066 	 0.4140 	 0.7147 	 -0.1333
3.4770 	 -0.2107 	 -0.5652 	 -0.2460 	 -0.3961 	 -0.6301 	 -0.0080 	 0.4071 	 0.7008 	 -0.1319
3.4870 	 -0.2146 	 -0.5715 	 -0.2461 	 -0.3921 	 -0.6231 	 -0.0093 	 0.4004 	 0.6877 	 -0.1307
3.4970 	 -0.2185 	 -0.5777 	 -0.2462 	 -0.3881 	 -0.6163 	 -0.0106 	 0.3941 	 0.6754 	 -0.1296
3.5070 	 -0.2224 	 -0.5838 	 -0.2463 	 -0.3842 	 -0.6096 	 -0.0119 	 0.3880 	 0.6639 	 -0.1286
3.5170 	 -0.2262 	 -0.5899 	 -0.2464 	 -0.3803 	 -0.6030 	 -0.0132 	 0.3822 	 0.6530 	 -0.1277
3.5271 	 -0.2300 	 -0.5959 	 -0.2466 	 -0.3765 	 -0.5965 	 -0.0144 	 0.3766 	 0.6428 	 -0.1269
3.5371 	 -0.2338 	 -0.6018 	 -0.2467 	 -0.3728 	 -0.5901 	 -0.0157 	 0.3713 	 0.6333 	 -0.1263
3.5471 	 -0.2375 	 -0.6077 	 -0.2469 	 -0.3691 	 -0.5838 	 -0.0170 	 0.3663 	 0.6245 	 -0.1257
3.5571 	 -0.2412 	 -0.6135 	 -0.2470 	 -0.3654 	 -0.5776 	 -0.0182 	 0.3616 	 0.6163 	 -0.1253
3.5671 	 -0.2448 	 -0.6193 	 -0.2472 	 -0.3618 	 -0.5714 	 -0.0195 	 0.3571 	 0.6089 	 -0.1249
3.5772 	 -0.2484 	 -0.6250 	 -0.2474 	 -0.3583 	 -0.5654 	 -0.0207 	 0.3530 	 0.6021 	 -0.1246
3.5872 	 -0.2520 	 -0.6306 	 -0.2476 	 -0.3547 	 -0.5594 	 -0.0220 	 0.3493 	 0.5960 	 -0.1243
3.5972 	 -0.2555 	 -0.6362 	 -0.2479 	 -0.3513 	 -0.5534 	 -0.0232 	 0.3423 	 0.5881 	 -0.1189
3.6072 	 -0.2590 	 -0.6417 	 -0.2481 	 -0.3479 	 -0.5476 	 -0.0244 	 0.3389 	 0.5831 	 -0.1175
3.6172 	 -0.2625 	 -0.6472 	 -0.2484 	 -0.3445 	 -0.5417 	 -0.0256 	 0.3359 	 0.5786 	 -0.1159
3.6273 	 -0.2659 	 -0.6526 	 -0.2486 	 -0.3411 	 -0.5360 	 -0.0267 	 0.3333 	 0.5745 	 -0.1139
3.6373 	 -0.2693 	 -0.6579 	 -0.2489 	 -0.3378 	 -0.5302 	 -0.0278 	 0.3308 	 0.5707 	 -0.1114
3.6473 	 -0.2727 	 -0.6632 	 -0.2492 	 -0.3345 	 -0.5245 	 -0.0289 	 0.3285 	 0.5669 	 -0.1085
3.6573 	 -0.2760 	 -0.6684 	 -0.2495 	 -0.3312 	 -0.5189 	 -0.0300 	 0.3263 	 0.5630 	 -0.1053
3.6673 	 -0.2793 	 -0.6736 	 -0.2498 	 -0.3280 	 -0.5132 	 -0.0311 	 0.3240 	 0.5590 	 -0.1019
3.6774 	 -0.2826 	 -0.6787 	 -0.2501 	 -0.3247 	 -0.5077 	 -0.0321 	 0.3217 	 0.5548 	 -0.0983
3.6874 	 -0.2859 	 -0.6838 	 -0.2504 	 -0.3215 	 -0.5021 	 -0.0330 	 0.3193 	 0.5504 	 -0.0948
3.6974 	 -0.2891 	 -0.6888 	 -0.2508 	 -0.3183 	 -0.4966 	 -0.0340 	 0.3168 	 0.5459 	 -0.0914
3.7074 	 -0.2922 	 -0.6937 	 -0.2511 	 -0.3152 	 -0.4912 	 -0.0349 	 0.3143 	 0.5413 	 -0.0880
3.7174 	 -0.2954 	 -0.6986 	 -0.2515 	 -0.3120 	 -0.4858 	 -0.0357 	 0.3117 	 0.5366 	 -0.0848
3.7275 	 -0.2985 	 -0.7035 	 -0.2518 	 -0.3089 	 -0.4804 	 -0.0366 	 0.3091 	 0.5319 	 -0.0818
3.7375 	 -0.3016 	 -0.7082 	 -0.2522 	 -0.3058 	 -0.4751 	 -0.0374 	 0.3066 	 0.5272 	 -0.0788
3.7475 	 -0.3046 	 -0.7130 	 -0.2526 	 -0.3028 	 -0.4699 	 -0.0381 	 0.3040 	 0.5225 	 -0.0761
3.7575 	 -0.3076 	 -0.7177 	 -0.2530 	 -0.2997 	 -0.4647 	 -0.0389 	 0.3016 	 0.5179 	 -0.0734
3.7675 	 -0.3106 	 -0.7223 	 -0.2533 	 -0.2967 	 -0.4595 	 -0.0396 	 0.2991 	 0.5133 	 -0.0709
3.7776 	 -0.3136 	 -0.7269 	 -0.2537 	 -0.2937 	 -0.4544 	 -0.0403 	 0.2968 	 0.5088 	 -0.0685
3.7876 	 -0.3165 	 -0.7314 	 -0.2542 	 -0.2908 	 -0.4493 	 -0.0410 	 0.2945 	 0.5044 	 -0.0662
3.7976 	 -0.3194 	 -0.7359 	 -0.2546 	 -0.2878 	 -0.4443 	 -0.0416 	 0.2923 	 0.5000 	 -0.0640
3.8076 	 -0.3223 	 -0.7403 	 -0.2550 	 -0.2849 	 -0.4393 	 -0.0423 	 0.2901 	 0.4957 	 -0.0619
3.8176 	 -0.3251 	 -0.7447 	 -0.2554 	 -0.2820 	 -0.4343 	 -0.0429 	 0.2881 	 0.4915 	 -0.0599
3.8277 	 -0.3279 	 -0.7490 	 -0.2558 	 -0.2791 	 -0.4294 	 -0.0435 	 0.2861 	 0.4873 	 -0.0579
3.8377 	 -0.3307 	 -0.7533 	 -0.2563 	 -0.2763 	 -0.4246 	 -0.0440 	 0.2842 	 0.4833 	 -0.0560
3.8477 	 -0.3335 	 -0.7575 	 -0.2567 	 -0.2734 	 -0.4197 	 -0.0446 	 0.2821 	 0.4779 	 -0.0478
3.8577 	 -0.3362 	 -0.7617 	 -0.2572 	 -0.2706 	 -0.4150 	 -0.0450 	 0.2803 	 0.4739 	 -0.0457
3.8677 	 -0.3389 	 -0.7658 	 -0.2576 	 -0.2678 	 -0.4102 	 -0.0455 	 0.2786 	 0.4699 	 -0.0437
3.8778 	 -0.3416 	 -0.7699 	 -0.2581 	 -0.2650 	 -0.4056 	 -0.0459 	 0.2770 	 0.4659 	 -0.0417
3.8878 	 -0.3442 	 -0.7740 	 -0.2586 	 -0.2623 	 -0.4009 	 -0.0463 	 0.2755 	 0.4621 	 -0.0398
3.8978 	 -0.3468 	 -0.7779 	 -0.2590 	 -0.2595 	 -0.3963 	 -0.0467 	 0.2740 	 0.4582 	 -0.0379
3.9078 	 -0.3494 	 -0.7819 	 -0.2595 	 -0.2568 	 -0.3917 	 -0.0471 	 0.2692 	 0.4485 	 -0.0348
3.9178 	 -0.3520 	 -0.7858 	 -0.2600 	 -0.2541 	 -0.3873 	 -0.0474 	 0.2671 	 0.4434 	 -0.0328
3.9279 	 -0.3545 	 -0.7897 	 -0.2604 	 -0.2514 	 -0.3829 	 -0.0477 	 0.2651 	 0.4385 	 -0.0309
3.9379 	 -0.3570 	 -0.7935 	 -0.2609 	 -0.2488 	 -0.3785 	 -0.0480 	 0.2633 	 0.4337 	 -0.0290
3.9479 	 -0.3595 	 -0.7972 	 -0.2614 	 -0.2462 	 -0.3742 	 -0.0483 	 0.2615 	 0.4291 	 -0.0273
3.9579 	 -0.3619 	 -0.8010 	 -0.2619 	 -0.2436 	 -0.3699 	 -0.0486 	 0.2599 	 0.4246 	 -0.0256
3.9679 	 -0.3644 	 -0.8047 	 -0.2624 	 -0.2410 	 -0.3657 	 -0.0488 	 0.2584 	 0.4202 	 -0.0239
3.9780 	 -0.3668 	 -0.8083 	 -0.2629 	 -0.2384 	 -0.3615 	 -0.0491 	 0.2570 	 0.4160 	 -0.0223
3.9880 	 -0.3691 	 -0.8119 	 -0.2634 	 -0.2358 	 -0.3573 	 -0.0493 	 0.2557 	 0.4118 	 -0.0208
3.9980 	 -0.3715 	 -0.8155 	 -0.2639 	 -0.2332 	 -0.3532 	 -0.0495 	 0.2545 	 0.4077 	 -0.0193
4.0080 	 -0.3738 	 -0.8190 	 -0.2644 	 -0.2307 	 -0.3491 	 -0.0497 	 0.2534 	 0.4037 	 -0.0178
4.0180 	 -0.3761 	 -0.8225 	 -0.2648 	 -0.2282 	 -0.3451 	 -0.0498 	 0.2524 	 0.3998 	 -0.0164
4.0281 	 -0.3784 	 -0.8259 	 -0.2653 	 -0.2256 	 -0.3411 	 -0.0500 	 0.2514 	 0.3959 	 -0.0150
4.0381 	 -0.3806 	 -0.8293 	 -0.2659 	 -0.2231 	 -0.3372 	 -0.0501 	 0.2506 	 0.3921 	 -0.0136
4.0481 	 -0.3829 	 -0.8327 	 -0.2664 	 -0.2206 	 -0.3333 	 -0.0503 	 0.2498 	 0.3883 	 -0.0123
4.0581 	 -0.3851 	 -0.8360 	 -0.2669 	 -0.2181 	 -0.3294 	 -0.0504 	 0.2492 	 0.3845 	 -0.0110
4.0681 	 -0.3872 	 -0.8393 	 -0.2674 	 -0.2156 	 -0.3256 	 -0.0505 	 0.2486 	 0.3807 	 -0.0097
4.0782 	 -0.3894 	 -0.8425 	 -0.2679 	 -0.2131 	 -0.3218 	 -0.0506 	 0.2480 	 0.3769 	 -0.0084
4.0882 	 -0.3915 	 -0.8457 	 -0.2684 	 -0.2107 	 -0.3180 	 -0.0507 	 0.2475 	 0.3732 	 -0.0071
4.0982 	 -0.3936 	 -0.8489 	 -0.2689 	 -0.2082 	 -0.3143 	 -0.0507 	 0.2471 	 0.3694 	 -0.0059
4.1082 	 -0.3957 	 -0.8520 	 -0.2694 	 -0.2057 	 -0.3106 	 -0.0508 	 0.2467 	 0.3656 	 -0.0046
4.1182 	 -0.3977 	 -0.8551 	 -0.2699 	 -0.2032 	 -0.3070 	 -0.0508 	 0.2464 	 0.3617 	 -0.0034
4.1283 	 -0.3997 	 -0.8582 	 -0.2704 	 -0.2008 	 -0.3034 	 -0.0508 	 0.2460 	 0.3578 	 -0.0022
4.1383 	 -0.4017 	 -0.8612 	 -0.2709 	 -0.1983 	 -0.2998 	 -0.0509 	 0.2457 	 0.3539 	 -0.0010
4.1483 	 -0.4037 	 -0.8642 	 -0.2714 	 -0.1958 	 -0.2963 	 -0.0509 	 0.2454 	 0.3499 	 0.0002
4.1583 	 -0.4057 	 -0.8671 	 -0.2719 	 -0.1934 	 -0.2928 	 -0.0509 	 0.2451 	 0.3458 	 0.0014
4.1683 	 -0.4076 	 -0.8700 	 -0.2725 	 -0.1909 	 -0.2893 	 -0.0508 	 0.2447 	 0.3418 	 0.0026
4.1784 	 -0.4095 	 -0.8729 	 -0.2730 	 -0.1885 	 -0.2859 	 -0.0508 	 0.2442 	 0.3376 	 0.0038
4.1884 	 -0.4114 	 -0.8758 	 -0.2735 	 -0.1860 	 -0.2826 	 -0.0508 	 0.2438 	 0.3335 	 0.0050
4.1984 	 -0.4132 	 -0.8786 	 -0.2740 	 -0.1836 	 -0.2793 	 -0.0507 	 0.2432 	 0.3293 	 0.0062
4.2084 	 -0.4151 	 -0.8814 	 -0.2745 	 -0.1812 	 -0.2760 	 -0.0506 	 0.2425 	 0.3251 	 0.0074
4.2184 	 -0.4169 	 -0.8841 	 -0.2750 	 -0.1787 	 -0.2727 	 -0.0506 	 0.2417 	 0.3210 	 0.0085
4.2285 	 -0.4186 	 -0.8868 	 -0.2755 	 -0.1763 	 -0.2695 	 -0.0505 	 0.2409 	 0.3169 	 0.0097
4.2385 	 -0.4204 	 -0.8895 	 -0.2760 	 -0.1739 	 -0.2664 	 -0.0504 	 0.2399 	 0.3128 	 0.0108
4.2485 	 -0.4221 	 -0.8922 	 -0.2765 	 -0.1715 	 -0.2633 	 -0.0503 	 0.2388 	 0.3088 	 0.0119
4.2585 	 -0.4238 	 -0.8948 	 -0.2770 	 -0.1691 	 -0.2602 	 -0.0501 	 0.2376 	 0.3050 	 0.0130
4.2685 	 -0.4255 	 -0.8974 	 -0.2775 	 -0.1668 	 -0.2572 	 -0.0500 	 0.2364 	 0.3012 	 0.0141
4.2786 	 -0.4272 	 -0.8999 	 -0.2780 	 -0.1644 	 -0.2542 	 -0.0498 	 0.2351 	 0.2975 	 0.0151
4.2886 	 -0.4288 	 -0.9025 	 -0.2785 	 -0.1620 	 -0.2512 	 -0.0497 	 0.2337 	 0.2940 	 0.0161
4.2986 	 -0.4304 	 -0.9050 	 -0.2790 	 -0.1597 	 -0.2483 	 -0.0495 	 0.2323 	 0.2906 	 0.0171
4.3086 	 -0.4320 	 -0.9074 	 -0.2795 	 -0.1574 	 -0.2454 	 -0.0493 	 0.2309 	 0.2873 	 0.0180
4.3186 	 -0.4336 	 -0.9099 	 -0.2800 	 -0.1551 	 -0.2425 	 -0.0492 	 0.2294 	 0.2841 	 0.0189
4.3287 	 -0.4351 	 -0.9123 	 -0.2805 	 -0.1528 	 -0.2397 	 -0.0490 	 0.2279 	 0.2811 	 0.0198
4.3387 	 -0.4366 	 -0.9147 	 -0.2810 	 -0.1505 	 -0.2369 	 -0.0488 	 0.2264 	 0.2782 	 0.0207
4.3487 	 -0.4381 	 -0.9171 	 -0.2815 	 -0.1483 	 -0.2341 	 -0.0486 	 0.2249 	 0.2754 	 0.0215
4.3587 	 -0.4396 	 -0.9194 	 -0.2820 	 -0.1460 	 -0.2314 	 -0.0483 	 0.2235 	 0.2727 	 0.0222
4.3687 	 -0.4411 	 -0.9217 	 -0.2824 	 -0.1438 	 -0.2286 	 -0.0481 	 0.2220 	 0.2701 	 0.0230
4.3788 	 -0.4425 	 -0.9240 	 -0.2829 	 -0.1416 	 -0.2259 	 -0.0479 	 0.2206 	 0.2676 	 0.0237
4.3888 	 -0.4439 	 -0.9262 	 -0.2834 	 -0.1394 	 -0.2233 	 -0.0476 	 0.2191 	 0.2652 	 0.0244
4.3988 	 -0.4453 	 -0.9284 	 -0.2839 	 -0.1372 	 -0.2206 	 -0.0474 	 0.2177 	 0.2629 	 0.0251
4.4088 	 -0.4466 	 -0.9306 	 -0.2843 	 -0.1350 	 -0.2180 	 -0.0471 	 0.2164 	 0.2607 	 0.0257
4.4188 	 -0.4480 	 -0.9328 	 -0.2848 	 -0.1328 	 -0.2154 	 -0.0469 	 0.2150 	 0.2585 	 0.0263
4.4289 	 -0.4493 	 -0.9350 	 -0.2853 	 -0.1307 	 -0.2128 	 -0.0466 	 0.2137 	 0.2565 	 0.0269
4.4389 	 -0.4506 	 -0.9371 	 -0.2857 	 -0.1285 	 -0.2103 	 -0.0463 	 0.2124 	 0.2545 	 0.0274
4.4489 	 -0.4519 	 -0.9392 	 -0.2862 	 -0.1264 	 -0.2077 	 -0.0461 	 0.2111 	 0.2525 	 0.0280
4.4589 	 -0.4531 	 -0.9412 	 -0.2867 	 -0.1243 	 -0.2052 	 -0.0458 	 0.2099 	 0.2506 	 0.0285
4.4689 	 -0.4544 	 -0.9433 	 -0.2871 	 -0.1222 	 -0.2027 	 -0.0455 	 0.2086 	 0.2488 	 0.0290
4.4790 	 -0.4556 	 -0.9453 	 -0.2876 	 -0.1201 	 -0.2002 	 -0.0452 	 0.2074 	 0.2470 	 0.0294
4.4890 	 -0.4568 	 -0.9473 	 -0.2880 	 -0.1181 	 -0.1978 	 -0.0449 	 0.2063 	 0.2453 	 0.0299
4.4990 	 -0.4580 	 -0.9493 	 -0.2885 	 -0.1160 	 -0.1953 	 -0.0446 	 0.2051 	 0.2436 	 0.0303
4.5090 	 -0.4591 	 -0.9512 	 -0.2889 	 -0.1140 	 -0.1929 	 -0.0443 	 0.2040 	 0.2420 	 0.0307
4.5190 	 -0.4602 	 -0.9531 	 -0.2894 	 -0.1119 	 -0.1905 	 -0.0440 	 0.2029 	 0.2404 	 0.0311
4.5291 	 -0.4613 	 -0.9550 	 -0.2898 	 -0.1099 	 -0.1881 	 -0.0437 	 0.2018 	 0.2389 	 0.0314
4.5391 	 -0.4624 	 -0.9569 	 -0.2902 	 -0.1079 	 -0.1857 	 -0.0433 	 0.2007 	 0.2374 	 0.0318
4.5491 	 -0.4635 	 -0.9587 	 -0.2907 	 -0.1059 	 -0.1833 	 -0.0430 	 0.1997 	 0.2359 	 0.0321
4.5591 	 -0.4646 	 -0.9606 	 -0.2911 	 -0.1039 	 -0.1809 	 -0.0427 	 0.1986 	 0.2345 	 0.0324
4.5691 	 -0.4656 	 -0.9624 	 -0.2915 	 -0.1019 	 -0.1786 	 -0.0424 	 0.1976 	 0.2331 	 0.0328
4.5792 	 -0.4666 	 -0.9642 	 -0.2920 	 -0.0999 	 -0.1763 	 -0.0420 	 0.1966 	 0.2317 	 0.0330
4.5892 	 -0.4676 	 -0.9659 	 -0.2924 	 -0.0979 	 -0.1740 	 -0.0417 	 0.1957 	 0.2304 	 0.0333
4.5992 	 -0.4686 	 -0.9676 	 -0.2928 	 -0.0960 	 -0.1717 	 -0.0414 	 0.1947 	 0.2291 	 0.0336
4.6092 	 -0.4695 	 -0.9693 	 -0.2932 	 -0.0940 	 -0.1694 	 -0.0410 	 0.1938 	 0.2279 	 0.0338
4.6192 	 -0.4704 	 -0.9710 	 -0.2936 	 -0.0921 	 -0.1671 	 -0.0407 	 0.1928 	 0.2267 	 0.0341
4.6293 	 -0.4714 	 -0.9727 	 -0.2940 	 -0.0902 	 -0.1648 	 -0.0404 	 0.1919 	 0.2255 	 0.0343
4.6393 	 -0.4723 	 -0.9743 	 -0.2944 	 -0.0883 	 -0.1626 	 -0.0400 	 0.1910 	 0.2243 	 0.0345
4.6493 	 -0.4731 	 -0.9760 	 -0.2948 	 -0.0863 	 -0.1603 	 -0.0397 	 0.1902 	 0.2232 	 0.0347
4.6593 	 -0.4740 	 -0.9775 	 -0.2952 	 -0.0844 	 -0.1581 	 -0.0393 	 0.1893 	 0.2220 	 0.0349
4.6693 	 -0.4748 	 -0.9791 	 -0.2956 	 -0.0826 	 -0.1559 	 -0.0390 	 0.1885 	 0.2210 	 0.0351
4.6794 	 -0.4756 	 -0.9807 	 -0.2960 	 -0.0807 	 -0.1537 	 -0.0386 	 0.1876 	 0.2199 	 0.0352
4.6894 	 -0.4764 	 -0.9822 	 -0.2964 	 -0.0788 	 -0.1515 	 -0.0383 	 0.1868 	 0.2189 	 0.0354
4.6994 	 -0.4772 	 -0.9837 	 -0.2968 	 -0.0769 	 -0.1493 	 -0.0379 	 0.1860 	 0.2179 	 0.0355
4.7094 	 -0.4780 	 -0.9852 	 -0.2971 	 -0.0751 	 -0.1471 	 -0.0376 	 0.1852 	 0.2169 	 0.0357
4.7194 	 -0.4787 	 -0.9867 	 -0.2975 	 -0.0732 	 -0.1449 	 -0.0372 	 0.1844 	 0.2159 	 0.0358
4.7295 	 -0.4794 	 -0.9881 	 -0.2979 	 -0.0714 	 -0.1428 	 -0.0368 	 0.1836 	 0.2150 	 0.0359
4.7395 	 -0.4802 	 -0.9895 	 -0.2983 	 -0.0695 	 -0.1406 	 -0.0365 	 0.1829 	 0.2140 	 0.0361
4.7495 	 -0.4808 	 -0.9909 	 -0.2986 	 -0.0677 	 -0.1385 	 -0.0361 	 0.1821 	 0.2131 	 0.0362
4.7595 	 -0.4815 	 -0.9923 	 -0.2990 	 -0.0659 	 -0.1364 	 -0.0357 	 0.1814 	 0.2122 	 0.0363
4.7695 	 -0.4822 	 -0.9936 	 -0.2993 	 -0.0641 	 -0.1342 	 -0.0354 	 0.1806 	 0.2114 	 0.0364
4.7796 	 -0.4828 	 -0.9950 	 -0.2997 	 -0.0623 	 -0.1321 	 -0.0350 	 0.1799 	 0.2105 	 0.0365
4.7896 	 -0.4834 	 -0.9963 	 -0.3000 	 -0.0605 	 -0.1300 	 -0.0347 	 0.1792 	 0.2097 	 0.0365
4.7996 	 -0.4840 	 -0.9976 	 -0.3004 	 -0.0587 	 -0.1279 	 -0.0343 	 0.1785 	 0.2089 	 0.0366
4.8096 	 -0.4846 	 -0.9989 	 -0.3007 	 -0.0569 	 -0.1258 	 -0.0339 	 0.1778 	 0.2081 	 0.0367
4.8196 	 -0.4851 	 -1.0001 	 -0.3011 	 -0.0551 	 -0.1237 	 -0.0336 	 0.1772 	 0.2074 	 0.0368
4.8297 	 -0.4857 	 -1.0013 	 -0.3014 	 -0.0533 	 -0.1217 	 -0.0332 	 0.1765 	 0.2066 	 0.0368
4.8397 	 -0.4862 	 -1.0025 	 -0.3017 	 -0.0516 	 -0.1196 	 -0.0328 	 0.1758 	 0.2059 	 0.0369
4.8497 	 -0.4867 	 -1.0037 	 -0.3021 	 -0.0498 	 -0.1175 	 -0.0324 	 0.1752 	 0.2052 	 0.0369
4.8597 	 -0.4872 	 -1.0049 	 -0.3024 	 -0.0481 	 -0.1155 	 -0.0321 	 0.1746 	 0.2045 	 0.0370
4.8697 	 -0.4877 	 -1.0060 	 -0.3027 	 -0.0463 	 -0.1134 	 -0.0317 	 0.1739 	 0.2038 	 0.0370
4.8798 	 -0.4881 	 -1.0072 	 -0.3030 	 -0.0446 	 -0.1114 	 -0.0313 	 0.1733 	 0.2031 	 0.0370
4.8898 	 -0.4886 	 -1.0083 	 -0.3033 	 -0.0428 	 -0.1094 	 -0.0310 	 0.1727 	 0.2025 	 0.0371
4.8998 	 -0.4890 	 -1.0094 	 -0.3036 	 -0.0411 	 -0.1074 	 -0.0306 	 0.1721 	 0.2019 	 0.0371
4.9098 	 -0.4894 	 -1.0104 	 -0.3039 	 -0.0394 	 -0.1053 	 -0.0302 	 0.1715 	 0.2012 	 0.0371
4.9198 	 -0.4898 	 -1.0115 	 -0.3042 	 -0.0377 	 -0.1033 	 -0.0298 	 0.1709 	 0.2006 	 0.0372
4.9299 	 -0.4902 	 -1.0125 	 -0.3045 	 -0.0360 	 -0.1013 	 -0.0295 	 0.1704 	 0.2001 	 0.0372
4.9399 	 -0.4905 	 -1.0135 	 -0.3048 	 -0.0343 	 -0.0993 	 -0.0291 	 0.1698 	 0.1995 	 0.0372
4.9499 	 -0.4908 	 -1.0145 	 -0.3051 	 -0.0326 	 -0.0973 	 -0.0287 	 0.1692 	 0.1989 	 0.0372
4.9599 	 -0.4912 	 -1.0155 	 -0.3054 	 -0.0309 	 -0.0953 	 -0.0284 	 0.1687 	 0.1984 	 0.0372
4.9699 	 -0.4915 	 -1.0164 	 -0.3057 	 -0.0292 	 -0.0933 	 -0.0280 	 0.1682 	 0.1979 	 0.0373
4.9800 	 -0.4917 	 -1.0173 	 -0.3060 	 -0.0275 	 -0.0914 	 -0.0276 	 0.1676 	 0.1974 	 0.0373
4.9900 	 -0.4920 	 -1.0182 	 -0.3062 	 -0.0258 	 -0.0894 	 -0.0272 	 0.1671 	 0.1969 	 0.0373
