100-Body Run with i = 83 th particle. (Units in pc,M_solar,Myr, km s-1) 

time		 x 		 y 		 z 		 xdot 		 ydot 		 zdot 		 xddot 		 yddot 		 zddot
0.0000 	 0.1647 	 -0.4809 	 -0.3203 	 -0.0006 	 0.0048 	 0.0011 	 -0.0500 	 0.4901 	 0.1198
0.0100 	 0.1647 	 -0.4808 	 -0.3203 	 -0.0011 	 0.0097 	 0.0023 	 -0.0500 	 0.4902 	 0.1199
0.0200 	 0.1647 	 -0.4807 	 -0.3203 	 -0.0016 	 0.0146 	 0.0035 	 -0.0500 	 0.4903 	 0.1200
0.0301 	 0.1647 	 -0.4805 	 -0.3202 	 -0.0021 	 0.0195 	 0.0047 	 -0.0501 	 0.4905 	 0.1200
0.0401 	 0.1647 	 -0.4803 	 -0.3202 	 -0.0026 	 0.0244 	 0.0059 	 -0.0502 	 0.4909 	 0.1202
0.0501 	 0.1646 	 -0.4800 	 -0.3201 	 -0.0031 	 0.0293 	 0.0071 	 -0.0503 	 0.4913 	 0.1203
0.0601 	 0.1646 	 -0.4797 	 -0.3200 	 -0.0036 	 0.0343 	 0.0083 	 -0.0505 	 0.4918 	 0.1205
0.0701 	 0.1646 	 -0.4794 	 -0.3199 	 -0.0042 	 0.0392 	 0.0095 	 -0.0506 	 0.4923 	 0.1207
0.0802 	 0.1645 	 -0.4789 	 -0.3198 	 -0.0047 	 0.0441 	 0.0107 	 -0.0508 	 0.4930 	 0.1209
0.0902 	 0.1645 	 -0.4785 	 -0.3197 	 -0.0052 	 0.0491 	 0.0119 	 -0.0511 	 0.4937 	 0.1211
0.1002 	 0.1644 	 -0.4780 	 -0.3196 	 -0.0057 	 0.0540 	 0.0131 	 -0.0513 	 0.4946 	 0.1214
0.1102 	 0.1644 	 -0.4774 	 -0.3195 	 -0.0062 	 0.0590 	 0.0144 	 -0.0516 	 0.4955 	 0.1217
0.1202 	 0.1643 	 -0.4768 	 -0.3193 	 -0.0067 	 0.0639 	 0.0156 	 -0.0519 	 0.4966 	 0.1220
0.1303 	 0.1642 	 -0.4761 	 -0.3192 	 -0.0072 	 0.0689 	 0.0168 	 -0.0522 	 0.4977 	 0.1223
0.1403 	 0.1641 	 -0.4754 	 -0.3190 	 -0.0078 	 0.0739 	 0.0180 	 -0.0525 	 0.4989 	 0.1227
0.1503 	 0.1641 	 -0.4746 	 -0.3188 	 -0.0083 	 0.0789 	 0.0193 	 -0.0529 	 0.5002 	 0.1231
0.1603 	 0.1640 	 -0.4738 	 -0.3186 	 -0.0088 	 0.0839 	 0.0205 	 -0.0533 	 0.5016 	 0.1236
0.1703 	 0.1639 	 -0.4730 	 -0.3184 	 -0.0094 	 0.0890 	 0.0217 	 -0.0537 	 0.5031 	 0.1240
0.1804 	 0.1638 	 -0.4720 	 -0.3182 	 -0.0099 	 0.0940 	 0.0230 	 -0.0542 	 0.5047 	 0.1245
0.1904 	 0.1637 	 -0.4711 	 -0.3179 	 -0.0104 	 0.0991 	 0.0242 	 -0.0547 	 0.5064 	 0.1251
0.2004 	 0.1636 	 -0.4700 	 -0.3177 	 -0.0110 	 0.1042 	 0.0255 	 -0.0552 	 0.5082 	 0.1256
0.2104 	 0.1635 	 -0.4690 	 -0.3174 	 -0.0116 	 0.1093 	 0.0268 	 -0.0557 	 0.5102 	 0.1262
0.2204 	 0.1633 	 -0.4679 	 -0.3171 	 -0.0121 	 0.1144 	 0.0280 	 -0.0562 	 0.5122 	 0.1268
0.2305 	 0.1632 	 -0.4667 	 -0.3168 	 -0.0127 	 0.1195 	 0.0293 	 -0.0568 	 0.5143 	 0.1275
0.2405 	 0.1631 	 -0.4655 	 -0.3165 	 -0.0133 	 0.1247 	 0.0306 	 -0.0574 	 0.5166 	 0.1282
0.2505 	 0.1630 	 -0.4642 	 -0.3162 	 -0.0138 	 0.1299 	 0.0319 	 -0.0581 	 0.5189 	 0.1290
0.2605 	 0.1628 	 -0.4629 	 -0.3159 	 -0.0144 	 0.1351 	 0.0332 	 -0.0588 	 0.5214 	 0.1297
0.2705 	 0.1627 	 -0.4615 	 -0.3156 	 -0.0150 	 0.1403 	 0.0345 	 -0.0595 	 0.5241 	 0.1306
0.2806 	 0.1625 	 -0.4600 	 -0.3152 	 -0.0156 	 0.1456 	 0.0358 	 -0.0602 	 0.5268 	 0.1314
0.2906 	 0.1624 	 -0.4586 	 -0.3149 	 -0.0162 	 0.1509 	 0.0371 	 -0.0610 	 0.5297 	 0.1324
0.3006 	 0.1622 	 -0.4570 	 -0.3145 	 -0.0168 	 0.1562 	 0.0384 	 -0.0618 	 0.5327 	 0.1333
0.3106 	 0.1620 	 -0.4554 	 -0.3141 	 -0.0175 	 0.1616 	 0.0398 	 -0.0626 	 0.5358 	 0.1343
0.3206 	 0.1618 	 -0.4538 	 -0.3137 	 -0.0181 	 0.1670 	 0.0411 	 -0.0635 	 0.5391 	 0.1354
0.3307 	 0.1617 	 -0.4521 	 -0.3133 	 -0.0187 	 0.1724 	 0.0425 	 -0.0644 	 0.5425 	 0.1365
0.3407 	 0.1615 	 -0.4503 	 -0.3128 	 -0.0193 	 0.1779 	 0.0439 	 -0.0602 	 0.5494 	 0.1393
0.3507 	 0.1613 	 -0.4485 	 -0.3124 	 -0.0199 	 0.1834 	 0.0453 	 -0.0613 	 0.5530 	 0.1404
0.3607 	 0.1611 	 -0.4467 	 -0.3119 	 -0.0206 	 0.1889 	 0.0467 	 -0.0625 	 0.5568 	 0.1417
0.3707 	 0.1609 	 -0.4447 	 -0.3114 	 -0.0212 	 0.1945 	 0.0481 	 -0.0638 	 0.5608 	 0.1430
0.3808 	 0.1606 	 -0.4428 	 -0.3110 	 -0.0218 	 0.2002 	 0.0496 	 -0.0651 	 0.5649 	 0.1444
0.3908 	 0.1604 	 -0.4407 	 -0.3104 	 -0.0225 	 0.2059 	 0.0510 	 -0.0664 	 0.5692 	 0.1458
0.4008 	 0.1602 	 -0.4386 	 -0.3099 	 -0.0232 	 0.2116 	 0.0525 	 -0.0678 	 0.5737 	 0.1473
0.4108 	 0.1600 	 -0.4365 	 -0.3094 	 -0.0239 	 0.2174 	 0.0540 	 -0.0693 	 0.5783 	 0.1489
0.4208 	 0.1597 	 -0.4343 	 -0.3088 	 -0.0246 	 0.2232 	 0.0555 	 -0.0723 	 0.5893 	 0.1501
0.4309 	 0.1595 	 -0.4320 	 -0.3083 	 -0.0253 	 0.2291 	 0.0570 	 -0.0738 	 0.5941 	 0.1519
0.4409 	 0.1592 	 -0.4297 	 -0.3077 	 -0.0260 	 0.2351 	 0.0585 	 -0.0754 	 0.5991 	 0.1538
0.4509 	 0.1589 	 -0.4273 	 -0.3071 	 -0.0268 	 0.2411 	 0.0601 	 -0.0770 	 0.6043 	 0.1557
0.4609 	 0.1587 	 -0.4248 	 -0.3065 	 -0.0276 	 0.2472 	 0.0616 	 -0.0786 	 0.6098 	 0.1578
0.4709 	 0.1584 	 -0.4223 	 -0.3059 	 -0.0284 	 0.2533 	 0.0632 	 -0.0804 	 0.6155 	 0.1600
0.4810 	 0.1581 	 -0.4198 	 -0.3052 	 -0.0292 	 0.2595 	 0.0648 	 -0.0821 	 0.6215 	 0.1623
0.4910 	 0.1578 	 -0.4171 	 -0.3046 	 -0.0300 	 0.2658 	 0.0665 	 -0.0808 	 0.6381 	 0.1609
0.5010 	 0.1575 	 -0.4144 	 -0.3039 	 -0.0308 	 0.2722 	 0.0681 	 -0.0829 	 0.6439 	 0.1638
0.5110 	 0.1572 	 -0.4117 	 -0.3032 	 -0.0317 	 0.2787 	 0.0697 	 -0.0852 	 0.6500 	 0.1667
0.5210 	 0.1569 	 -0.4089 	 -0.3025 	 -0.0325 	 0.2853 	 0.0714 	 -0.0874 	 0.6563 	 0.1698
0.5311 	 0.1565 	 -0.4060 	 -0.3018 	 -0.0335 	 0.2919 	 0.0731 	 -0.0934 	 0.6744 	 0.1726
0.5411 	 0.1562 	 -0.4030 	 -0.3010 	 -0.0344 	 0.2988 	 0.0749 	 -0.0973 	 0.6863 	 0.1765
0.5511 	 0.1558 	 -0.4000 	 -0.3003 	 -0.0354 	 0.3057 	 0.0767 	 -0.0994 	 0.6922 	 0.1802
0.5611 	 0.1555 	 -0.3969 	 -0.2995 	 -0.0364 	 0.3126 	 0.0785 	 -0.1017 	 0.6983 	 0.1841
0.5711 	 0.1551 	 -0.3937 	 -0.2987 	 -0.0374 	 0.3197 	 0.0804 	 -0.1040 	 0.7047 	 0.1883
0.5812 	 0.1547 	 -0.3905 	 -0.2979 	 -0.0385 	 0.3268 	 0.0823 	 -0.1093 	 0.7230 	 0.1905
0.5912 	 0.1543 	 -0.3872 	 -0.2971 	 -0.0396 	 0.3341 	 0.0842 	 -0.1130 	 0.7343 	 0.1970
0.6012 	 0.1539 	 -0.3838 	 -0.2962 	 -0.0408 	 0.3415 	 0.0862 	 -0.1151 	 0.7398 	 0.2019
0.6112 	 0.1535 	 -0.3803 	 -0.2953 	 -0.0419 	 0.3489 	 0.0883 	 -0.1190 	 0.7514 	 0.2091
0.6212 	 0.1531 	 -0.3768 	 -0.2944 	 -0.0431 	 0.3565 	 0.0904 	 -0.1211 	 0.7570 	 0.2145
0.6313 	 0.1527 	 -0.3732 	 -0.2935 	 -0.0444 	 0.3641 	 0.0926 	 -0.1250 	 0.7684 	 0.2228
0.6413 	 0.1522 	 -0.3695 	 -0.2926 	 -0.0456 	 0.3719 	 0.0949 	 -0.1288 	 0.7793 	 0.2308
0.6513 	 0.1517 	 -0.3657 	 -0.2916 	 -0.0469 	 0.3797 	 0.0972 	 -0.1309 	 0.7847 	 0.2367
0.6613 	 0.1513 	 -0.3619 	 -0.2906 	 -0.0483 	 0.3876 	 0.0996 	 -0.1331 	 0.7903 	 0.2429
0.6713 	 0.1508 	 -0.3580 	 -0.2896 	 -0.0496 	 0.3956 	 0.1021 	 -0.1354 	 0.7961 	 0.2494
0.6814 	 0.1503 	 -0.3539 	 -0.2886 	 -0.0510 	 0.4036 	 0.1046 	 -0.1392 	 0.8075 	 0.2594
0.6914 	 0.1498 	 -0.3499 	 -0.2875 	 -0.0524 	 0.4118 	 0.1073 	 -0.1445 	 0.8235 	 0.2729
0.7014 	 0.1492 	 -0.3457 	 -0.2864 	 -0.0539 	 0.4200 	 0.1100 	 -0.1466 	 0.8288 	 0.2797
0.7114 	 0.1487 	 -0.3414 	 -0.2853 	 -0.0553 	 0.4284 	 0.1129 	 -0.1488 	 0.8343 	 0.2869
0.7214 	 0.1481 	 -0.3371 	 -0.2842 	 -0.0568 	 0.4368 	 0.1158 	 -0.1511 	 0.8402 	 0.2945
0.7315 	 0.1475 	 -0.3327 	 -0.2830 	 -0.0584 	 0.4453 	 0.1187 	 -0.1542 	 0.8560 	 0.2968
0.7415 	 0.1469 	 -0.3282 	 -0.2818 	 -0.0599 	 0.4539 	 0.1217 	 -0.1567 	 0.8610 	 0.3060
0.7515 	 0.1463 	 -0.3236 	 -0.2806 	 -0.0615 	 0.4625 	 0.1249 	 -0.1593 	 0.8663 	 0.3157
0.7615 	 0.1457 	 -0.3189 	 -0.2793 	 -0.0631 	 0.4713 	 0.1281 	 -0.1620 	 0.8720 	 0.3260
0.7715 	 0.1451 	 -0.3142 	 -0.2780 	 -0.0648 	 0.4800 	 0.1314 	 -0.1648 	 0.8779 	 0.3369
0.7816 	 0.1444 	 -0.3093 	 -0.2767 	 -0.0664 	 0.4889 	 0.1348 	 -0.1677 	 0.8841 	 0.3485
0.7916 	 0.1437 	 -0.3044 	 -0.2753 	 -0.0681 	 0.4978 	 0.1384 	 -0.1689 	 0.8960 	 0.3603
0.8016 	 0.1430 	 -0.2993 	 -0.2739 	 -0.0698 	 0.5068 	 0.1421 	 -0.1725 	 0.9020 	 0.3736
0.8116 	 0.1423 	 -0.2942 	 -0.2724 	 -0.0716 	 0.5160 	 0.1460 	 -0.1836 	 0.9279 	 0.4094
0.8216 	 0.1416 	 -0.2890 	 -0.2710 	 -0.0735 	 0.5253 	 0.1502 	 -0.1880 	 0.9352 	 0.4257
0.8317 	 0.1409 	 -0.2837 	 -0.2694 	 -0.0754 	 0.5348 	 0.1546 	 -0.1948 	 0.9498 	 0.4514
0.8417 	 0.1401 	 -0.2783 	 -0.2679 	 -0.0774 	 0.5443 	 0.1592 	 -0.1999 	 0.9586 	 0.4712
0.8517 	 0.1393 	 -0.2728 	 -0.2662 	 -0.0794 	 0.5540 	 0.1641 	 -0.2047 	 0.9662 	 0.4909
0.8617 	 0.1385 	 -0.2672 	 -0.2646 	 -0.0815 	 0.5637 	 0.1690 	 -0.2077 	 0.9693 	 0.4955
0.8717 	 0.1377 	 -0.2615 	 -0.2628 	 -0.0836 	 0.5734 	 0.1741 	 -0.2106 	 0.9716 	 0.5102
0.8818 	 0.1368 	 -0.2557 	 -0.2611 	 -0.0857 	 0.5831 	 0.1792 	 -0.2118 	 0.9700 	 0.5204
0.8918 	 0.1360 	 -0.2498 	 -0.2593 	 -0.0878 	 0.5929 	 0.1846 	 -0.2157 	 0.9745 	 0.5402
0.9018 	 0.1351 	 -0.2438 	 -0.2574 	 -0.0900 	 0.6027 	 0.1900 	 -0.2165 	 0.9713 	 0.5496
0.9118 	 0.1342 	 -0.2377 	 -0.2554 	 -0.0922 	 0.6124 	 0.1956 	 -0.2188 	 0.9713 	 0.5638
0.9218 	 0.1332 	 -0.2315 	 -0.2535 	 -0.0944 	 0.6221 	 0.2013 	 -0.2208 	 0.9703 	 0.5779
0.9319 	 0.1323 	 -0.2252 	 -0.2514 	 -0.0966 	 0.6318 	 0.2072 	 -0.2210 	 0.9647 	 0.5873
0.9419 	 0.1313 	 -0.2189 	 -0.2493 	 -0.0988 	 0.6415 	 0.2131 	 -0.2211 	 0.9585 	 0.5972
0.9519 	 0.1303 	 -0.2124 	 -0.2471 	 -0.1010 	 0.6510 	 0.2191 	 -0.2211 	 0.9519 	 0.6077
0.9619 	 0.1293 	 -0.2058 	 -0.2449 	 -0.1032 	 0.6605 	 0.2253 	 -0.2230 	 0.9473 	 0.6240
0.9719 	 0.1282 	 -0.1991 	 -0.2426 	 -0.1055 	 0.6700 	 0.2316 	 -0.2225 	 0.9386 	 0.6347
0.9820 	 0.1272 	 -0.1924 	 -0.2403 	 -0.1077 	 0.6793 	 0.2380 	 -0.2218 	 0.9292 	 0.6462
0.9920 	 0.1261 	 -0.1855 	 -0.2378 	 -0.1099 	 0.6886 	 0.2446 	 -0.2210 	 0.9188 	 0.6583
1.0020 	 0.1249 	 -0.1786 	 -0.2354 	 -0.1121 	 0.6978 	 0.2512 	 -0.2183 	 0.9122 	 0.6740
1.0120 	 0.1238 	 -0.1715 	 -0.2328 	 -0.1143 	 0.7068 	 0.2580 	 -0.2177 	 0.8982 	 0.6869
1.0220 	 0.1227 	 -0.1644 	 -0.2302 	 -0.1165 	 0.7158 	 0.2650 	 -0.2169 	 0.8829 	 0.7004
1.0321 	 0.1215 	 -0.1572 	 -0.2275 	 -0.1187 	 0.7245 	 0.2721 	 -0.2159 	 0.8659 	 0.7146
1.0421 	 0.1203 	 -0.1499 	 -0.2247 	 -0.1208 	 0.7331 	 0.2793 	 -0.2147 	 0.8471 	 0.7296
1.0521 	 0.1191 	 -0.1425 	 -0.2219 	 -0.1230 	 0.7415 	 0.2867 	 -0.2146 	 0.8279 	 0.7506
1.0621 	 0.1178 	 -0.1350 	 -0.2190 	 -0.1251 	 0.7497 	 0.2943 	 -0.2128 	 0.8043 	 0.7654
1.0721 	 0.1166 	 -0.1275 	 -0.2160 	 -0.1272 	 0.7576 	 0.3020 	 -0.2107 	 0.7780 	 0.7806
1.0822 	 0.1153 	 -0.1199 	 -0.2129 	 -0.1293 	 0.7653 	 0.3099 	 -0.2093 	 0.7552 	 0.7958
1.0922 	 0.1140 	 -0.1122 	 -0.2098 	 -0.1314 	 0.7727 	 0.3180 	 -0.2070 	 0.7228 	 0.8121
1.1022 	 0.1126 	 -0.1044 	 -0.2066 	 -0.1335 	 0.7797 	 0.3262 	 -0.2055 	 0.6878 	 0.8347
1.1122 	 0.1113 	 -0.0965 	 -0.2033 	 -0.1355 	 0.7864 	 0.3347 	 -0.2030 	 0.6463 	 0.8499
1.1222 	 0.1099 	 -0.0886 	 -0.1999 	 -0.1375 	 0.7927 	 0.3433 	 -0.2008 	 0.5993 	 0.8651
1.1323 	 0.1085 	 -0.0807 	 -0.1964 	 -0.1395 	 0.7984 	 0.3520 	 -0.1994 	 0.5460 	 0.8800
1.1423 	 0.1071 	 -0.0726 	 -0.1928 	 -0.1415 	 0.8036 	 0.3609 	 -0.1997 	 0.4847 	 0.8945
1.1523 	 0.1057 	 -0.0646 	 -0.1891 	 -0.1436 	 0.8081 	 0.3699 	 -0.1988 	 0.4147 	 0.9130
1.1623 	 0.1042 	 -0.0564 	 -0.1854 	 -0.1456 	 0.8118 	 0.3791 	 -0.2004 	 0.3279 	 0.9186
1.1723 	 0.1028 	 -0.0483 	 -0.1815 	 -0.1475 	 0.8146 	 0.3884 	 -0.1945 	 0.2317 	 0.9301
1.1824 	 0.1013 	 -0.0401 	 -0.1776 	 -0.1495 	 0.8164 	 0.3977 	 -0.1952 	 0.1206 	 0.9270
1.1924 	 0.0998 	 -0.0319 	 -0.1736 	 -0.1514 	 0.8170 	 0.4069 	 -0.1922 	 -0.0042 	 0.8988
1.2024 	 0.0983 	 -0.0238 	 -0.1695 	 -0.1532 	 0.8162 	 0.4156 	 -0.1557 	 -0.1604 	 0.8175
1.2124 	 0.0967 	 -0.0156 	 -0.1653 	 -0.1545 	 0.8139 	 0.4232 	 -0.1022 	 -0.2949 	 0.7035
1.2224 	 0.0952 	 -0.0075 	 -0.1610 	 -0.1553 	 0.8104 	 0.4298 	 -0.0676 	 -0.4025 	 0.6172
1.2325 	 0.0936 	 0.0006 	 -0.1566 	 -0.1559 	 0.8058 	 0.4356 	 -0.0434 	 -0.5037 	 0.5384
1.2425 	 0.0920 	 0.0087 	 -0.1523 	 -0.1562 	 0.8003 	 0.4406 	 -0.0225 	 -0.6003 	 0.4596
1.2525 	 0.0905 	 0.0167 	 -0.1478 	 -0.1563 	 0.7938 	 0.4448 	 -0.0015 	 -0.6911 	 0.3824
1.2625 	 0.0889 	 0.0246 	 -0.1433 	 -0.1562 	 0.7865 	 0.4482 	 0.0189 	 -0.7727 	 0.3099
1.2725 	 0.0873 	 0.0324 	 -0.1388 	 -0.1560 	 0.7784 	 0.4510 	 0.0375 	 -0.8422 	 0.2429
1.2826 	 0.0858 	 0.0402 	 -0.1343 	 -0.1555 	 0.7697 	 0.4531 	 0.0539 	 -0.8998 	 0.1814
1.2926 	 0.0842 	 0.0479 	 -0.1298 	 -0.1549 	 0.7604 	 0.4547 	 0.0677 	 -0.9482 	 0.1303
1.3026 	 0.0827 	 0.0554 	 -0.1252 	 -0.1541 	 0.7507 	 0.4557 	 0.0808 	 -0.9874 	 0.0776
1.3126 	 0.0811 	 0.0629 	 -0.1206 	 -0.1533 	 0.7406 	 0.4563 	 0.0927 	 -1.0204 	 0.0297
1.3226 	 0.0796 	 0.0703 	 -0.1161 	 -0.1523 	 0.7303 	 0.4564 	 0.1036 	 -1.0486 	 -0.0138
1.3327 	 0.0781 	 0.0775 	 -0.1115 	 -0.1512 	 0.7196 	 0.4560 	 0.1136 	 -1.0733 	 -0.0535
1.3427 	 0.0766 	 0.0847 	 -0.1069 	 -0.1500 	 0.7088 	 0.4553 	 0.1228 	 -1.0954 	 -0.0898
1.3527 	 0.0751 	 0.0917 	 -0.1024 	 -0.1487 	 0.6977 	 0.4542 	 0.1313 	 -1.1155 	 -0.1231
1.3627 	 0.0736 	 0.0987 	 -0.0978 	 -0.1474 	 0.6864 	 0.4528 	 0.1391 	 -1.1343 	 -0.1540
1.3727 	 0.0721 	 0.1055 	 -0.0933 	 -0.1459 	 0.6749 	 0.4511 	 0.1461 	 -1.1523 	 -0.1830
1.3828 	 0.0707 	 0.1122 	 -0.0888 	 -0.1445 	 0.6633 	 0.4492 	 0.1523 	 -1.1696 	 -0.2103
1.3928 	 0.0692 	 0.1188 	 -0.0843 	 -0.1429 	 0.6515 	 0.4469 	 0.1577 	 -1.1863 	 -0.2366
1.4028 	 0.0678 	 0.1252 	 -0.0798 	 -0.1413 	 0.6395 	 0.4444 	 0.1620 	 -1.2025 	 -0.2621
1.4128 	 0.0664 	 0.1316 	 -0.0754 	 -0.1397 	 0.6274 	 0.4417 	 0.1653 	 -1.2179 	 -0.2869
1.4228 	 0.0650 	 0.1378 	 -0.0710 	 -0.1380 	 0.6151 	 0.4387 	 0.1677 	 -1.2322 	 -0.3113
1.4329 	 0.0636 	 0.1439 	 -0.0666 	 -0.1363 	 0.6027 	 0.4354 	 0.1693 	 -1.2452 	 -0.3351
1.4429 	 0.0623 	 0.1499 	 -0.0623 	 -0.1346 	 0.5902 	 0.4320 	 0.1738 	 -1.2522 	 -0.3581
1.4529 	 0.0609 	 0.1557 	 -0.0579 	 -0.1328 	 0.5776 	 0.4283 	 0.1740 	 -1.2632 	 -0.3804
1.4629 	 0.0596 	 0.1615 	 -0.0537 	 -0.1311 	 0.5649 	 0.4243 	 0.1742 	 -1.2753 	 -0.4075
1.4729 	 0.0583 	 0.1671 	 -0.0494 	 -0.1293 	 0.5521 	 0.4201 	 0.1746 	 -1.2839 	 -0.4276
1.4830 	 0.0570 	 0.1725 	 -0.0453 	 -0.1276 	 0.5392 	 0.4157 	 0.1753 	 -1.2914 	 -0.4469
1.4930 	 0.0558 	 0.1779 	 -0.0411 	 -0.1258 	 0.5262 	 0.4112 	 0.1763 	 -1.2982 	 -0.4653
1.5030 	 0.0545 	 0.1831 	 -0.0370 	 -0.1240 	 0.5132 	 0.4064 	 0.1776 	 -1.3043 	 -0.4829
1.5130 	 0.0533 	 0.1882 	 -0.0330 	 -0.1223 	 0.5001 	 0.4015 	 0.1791 	 -1.3098 	 -0.4999
1.5230 	 0.0521 	 0.1931 	 -0.0290 	 -0.1205 	 0.4869 	 0.3964 	 0.1799 	 -1.3012 	 -0.5037
1.5331 	 0.0509 	 0.1979 	 -0.0250 	 -0.1186 	 0.4739 	 0.3913 	 0.1813 	 -1.2998 	 -0.5109
1.5431 	 0.0497 	 0.2026 	 -0.0211 	 -0.1168 	 0.4609 	 0.3862 	 0.1815 	 -1.2930 	 -0.5116
1.5531 	 0.0485 	 0.2071 	 -0.0173 	 -0.1150 	 0.4480 	 0.3810 	 0.1814 	 -1.2867 	 -0.5159
1.5631 	 0.0474 	 0.2116 	 -0.0135 	 -0.1132 	 0.4351 	 0.3758 	 0.1808 	 -1.2809 	 -0.5189
1.5731 	 0.0463 	 0.2159 	 -0.0098 	 -0.1114 	 0.4223 	 0.3706 	 0.1800 	 -1.2744 	 -0.5203
1.5832 	 0.0451 	 0.2200 	 -0.0061 	 -0.1096 	 0.4095 	 0.3654 	 0.1807 	 -1.2717 	 -0.5268
1.5932 	 0.0441 	 0.2241 	 -0.0024 	 -0.1078 	 0.3969 	 0.3601 	 0.1820 	 -1.2587 	 -0.5284
1.6032 	 0.0430 	 0.2280 	 0.0011 	 -0.1059 	 0.3843 	 0.3548 	 0.1783 	 -1.2546 	 -0.5300
1.6132 	 0.0419 	 0.2318 	 0.0047 	 -0.1041 	 0.3717 	 0.3494 	 0.1802 	 -1.2572 	 -0.5397
1.6232 	 0.0409 	 0.2354 	 0.0081 	 -0.1023 	 0.3592 	 0.3440 	 0.1796 	 -1.2495 	 -0.5410
1.6333 	 0.0399 	 0.2390 	 0.0116 	 -0.1005 	 0.3467 	 0.3386 	 0.1806 	 -1.2461 	 -0.5470
1.6433 	 0.0389 	 0.2424 	 0.0149 	 -0.0987 	 0.3343 	 0.3331 	 0.1798 	 -1.2383 	 -0.5480
1.6533 	 0.0379 	 0.2457 	 0.0182 	 -0.0970 	 0.3219 	 0.3277 	 0.1750 	 -1.2213 	 -0.5392
1.6633 	 0.0369 	 0.2488 	 0.0215 	 -0.0952 	 0.3097 	 0.3223 	 0.1731 	 -1.2118 	 -0.5380
1.6733 	 0.0360 	 0.2519 	 0.0247 	 -0.0935 	 0.2978 	 0.3170 	 0.1686 	 -1.1855 	 -0.5241
1.6834 	 0.0351 	 0.2548 	 0.0279 	 -0.0918 	 0.2860 	 0.3118 	 0.1647 	 -1.1688 	 -0.5163
1.6934 	 0.0342 	 0.2576 	 0.0309 	 -0.0902 	 0.2743 	 0.3066 	 0.1620 	 -1.1570 	 -0.5125
1.7034 	 0.0333 	 0.2603 	 0.0340 	 -0.0886 	 0.2628 	 0.3015 	 0.1633 	 -1.1445 	 -0.5087
1.7134 	 0.0324 	 0.2629 	 0.0370 	 -0.0869 	 0.2514 	 0.2964 	 0.1630 	 -1.1371 	 -0.5086
1.7234 	 0.0315 	 0.2653 	 0.0399 	 -0.0853 	 0.2401 	 0.2913 	 0.1636 	 -1.1242 	 -0.5107
1.7335 	 0.0307 	 0.2677 	 0.0428 	 -0.0837 	 0.2289 	 0.2862 	 0.1622 	 -1.1129 	 -0.5067
1.7435 	 0.0298 	 0.2699 	 0.0457 	 -0.0820 	 0.2177 	 0.2811 	 0.1616 	 -1.1063 	 -0.5066
1.7535 	 0.0290 	 0.2721 	 0.0485 	 -0.0804 	 0.2067 	 0.2760 	 0.1610 	 -1.1004 	 -0.5068
1.7635 	 0.0282 	 0.2741 	 0.0512 	 -0.0788 	 0.1956 	 0.2709 	 0.1611 	 -1.0998 	 -0.5108
1.7735 	 0.0274 	 0.2760 	 0.0539 	 -0.0772 	 0.1847 	 0.2658 	 0.1603 	 -1.0944 	 -0.5112
1.7836 	 0.0267 	 0.2778 	 0.0565 	 -0.0756 	 0.1737 	 0.2607 	 0.1595 	 -1.0896 	 -0.5119
1.7936 	 0.0259 	 0.2795 	 0.0591 	 -0.0740 	 0.1628 	 0.2556 	 0.1587 	 -1.0852 	 -0.5129
1.8036 	 0.0252 	 0.2810 	 0.0617 	 -0.0724 	 0.1520 	 0.2504 	 0.1579 	 -1.0811 	 -0.5140
1.8136 	 0.0245 	 0.2825 	 0.0641 	 -0.0708 	 0.1412 	 0.2453 	 0.1571 	 -1.0774 	 -0.5154
1.8236 	 0.0238 	 0.2839 	 0.0666 	 -0.0693 	 0.1304 	 0.2401 	 0.1550 	 -1.0689 	 -0.5133
1.8337 	 0.0231 	 0.2851 	 0.0689 	 -0.0677 	 0.1197 	 0.2349 	 0.1564 	 -1.0698 	 -0.5186
1.8437 	 0.0224 	 0.2863 	 0.0713 	 -0.0661 	 0.1089 	 0.2297 	 0.1555 	 -1.0665 	 -0.5200
1.8537 	 0.0218 	 0.2873 	 0.0735 	 -0.0646 	 0.0983 	 0.2245 	 0.1547 	 -1.0634 	 -0.5216
1.8637 	 0.0211 	 0.2882 	 0.0758 	 -0.0631 	 0.0877 	 0.2193 	 0.1499 	 -1.0446 	 -0.5119
1.8737 	 0.0205 	 0.2891 	 0.0779 	 -0.0616 	 0.0773 	 0.2142 	 0.1490 	 -1.0410 	 -0.5130
1.8838 	 0.0199 	 0.2898 	 0.0801 	 -0.0601 	 0.0669 	 0.2090 	 0.1482 	 -1.0377 	 -0.5142
1.8938 	 0.0193 	 0.2904 	 0.0821 	 -0.0586 	 0.0565 	 0.2039 	 0.1474 	 -1.0346 	 -0.5156
1.9038 	 0.0187 	 0.2909 	 0.0842 	 -0.0571 	 0.0461 	 0.1987 	 0.1468 	 -1.0317 	 -0.5172
1.9138 	 0.0182 	 0.2913 	 0.0861 	 -0.0557 	 0.0358 	 0.1935 	 0.1463 	 -1.0289 	 -0.5189
1.9238 	 0.0176 	 0.2916 	 0.0880 	 -0.0542 	 0.0255 	 0.1883 	 0.1459 	 -1.0263 	 -0.5208
1.9339 	 0.0171 	 0.2918 	 0.0899 	 -0.0527 	 0.0152 	 0.1831 	 0.1455 	 -1.0237 	 -0.5228
1.9439 	 0.0165 	 0.2919 	 0.0917 	 -0.0513 	 0.0050 	 0.1778 	 0.1454 	 -1.0213 	 -0.5250
1.9539 	 0.0160 	 0.2919 	 0.0935 	 -0.0498 	 -0.0052 	 0.1725 	 0.1453 	 -1.0190 	 -0.5273
1.9639 	 0.0155 	 0.2918 	 0.0952 	 -0.0484 	 -0.0154 	 0.1673 	 0.1442 	 -1.0116 	 -0.5258
1.9739 	 0.0151 	 0.2916 	 0.0968 	 -0.0469 	 -0.0255 	 0.1620 	 0.1440 	 -1.0152 	 -0.5259
1.9840 	 0.0146 	 0.2913 	 0.0984 	 -0.0455 	 -0.0357 	 0.1567 	 0.1443 	 -1.0127 	 -0.5283
1.9940 	 0.0142 	 0.2909 	 0.0999 	 -0.0440 	 -0.0458 	 0.1514 	 0.1447 	 -1.0102 	 -0.5308
2.0040 	 0.0137 	 0.2904 	 0.1014 	 -0.0426 	 -0.0560 	 0.1461 	 0.1452 	 -1.0078 	 -0.5333
2.0140 	 0.0133 	 0.2898 	 0.1029 	 -0.0411 	 -0.0660 	 0.1407 	 0.1470 	 -1.0101 	 -0.5401
2.0240 	 0.0129 	 0.2891 	 0.1043 	 -0.0396 	 -0.0762 	 0.1353 	 0.1503 	 -1.0128 	 -0.5441
2.0341 	 0.0125 	 0.2883 	 0.1056 	 -0.0381 	 -0.0863 	 0.1298 	 0.1510 	 -1.0099 	 -0.5461
2.0441 	 0.0121 	 0.2874 	 0.1069 	 -0.0366 	 -0.0964 	 0.1243 	 0.1501 	 -1.0012 	 -0.5456
2.0541 	 0.0118 	 0.2863 	 0.1081 	 -0.0351 	 -0.1064 	 0.1189 	 0.1507 	 -0.9980 	 -0.5476
2.0641 	 0.0114 	 0.2852 	 0.1092 	 -0.0336 	 -0.1164 	 0.1134 	 0.1515 	 -0.9948 	 -0.5496
2.0741 	 0.0111 	 0.2840 	 0.1103 	 -0.0321 	 -0.1264 	 0.1078 	 0.1515 	 -0.9918 	 -0.5508
2.0842 	 0.0108 	 0.2827 	 0.1114 	 -0.0305 	 -0.1363 	 0.1023 	 0.1508 	 -0.9826 	 -0.5483
2.0942 	 0.0105 	 0.2813 	 0.1124 	 -0.0290 	 -0.1461 	 0.0968 	 0.1516 	 -0.9780 	 -0.5491
2.1042 	 0.0102 	 0.2798 	 0.1133 	 -0.0275 	 -0.1559 	 0.0913 	 0.1526 	 -0.9734 	 -0.5501
2.1142 	 0.0099 	 0.2782 	 0.1142 	 -0.0260 	 -0.1656 	 0.0858 	 0.1538 	 -0.9689 	 -0.5511
2.1242 	 0.0097 	 0.2764 	 0.1151 	 -0.0244 	 -0.1753 	 0.0803 	 0.1564 	 -0.9614 	 -0.5447
2.1343 	 0.0095 	 0.2746 	 0.1158 	 -0.0229 	 -0.1849 	 0.0748 	 0.1573 	 -0.9567 	 -0.5465
2.1443 	 0.0092 	 0.2727 	 0.1166 	 -0.0213 	 -0.1944 	 0.0693 	 0.1582 	 -0.9520 	 -0.5484
2.1543 	 0.0090 	 0.2707 	 0.1172 	 -0.0197 	 -0.2040 	 0.0638 	 0.1593 	 -0.9474 	 -0.5505
2.1643 	 0.0088 	 0.2687 	 0.1178 	 -0.0181 	 -0.2134 	 0.0583 	 0.1602 	 -0.9390 	 -0.5475
2.1743 	 0.0087 	 0.2665 	 0.1184 	 -0.0165 	 -0.2228 	 0.0528 	 0.1614 	 -0.9343 	 -0.5495
2.1844 	 0.0085 	 0.2642 	 0.1189 	 -0.0149 	 -0.2321 	 0.0473 	 0.1628 	 -0.9296 	 -0.5518
2.1944 	 0.0084 	 0.2618 	 0.1193 	 -0.0132 	 -0.2414 	 0.0418 	 0.1642 	 -0.9250 	 -0.5542
2.2044 	 0.0082 	 0.2594 	 0.1197 	 -0.0116 	 -0.2507 	 0.0361 	 0.1669 	 -0.9239 	 -0.5612
2.2144 	 0.0081 	 0.2568 	 0.1201 	 -0.0099 	 -0.2599 	 0.0305 	 0.1685 	 -0.9187 	 -0.5633
2.2244 	 0.0080 	 0.2541 	 0.1203 	 -0.0082 	 -0.2692 	 0.0249 	 0.1684 	 -0.9190 	 -0.5648
2.2345 	 0.0080 	 0.2514 	 0.1206 	 -0.0065 	 -0.2784 	 0.0192 	 0.1725 	 -0.9166 	 -0.5719
2.2445 	 0.0079 	 0.2486 	 0.1207 	 -0.0048 	 -0.2874 	 0.0135 	 0.1745 	 -0.8999 	 -0.5685
2.2545 	 0.0079 	 0.2456 	 0.1208 	 -0.0030 	 -0.2964 	 0.0078 	 0.1761 	 -0.8937 	 -0.5706
2.2645 	 0.0079 	 0.2426 	 0.1209 	 -0.0012 	 -0.3053 	 0.0021 	 0.1778 	 -0.8874 	 -0.5729
2.2745 	 0.0079 	 0.2395 	 0.1209 	 0.0006 	 -0.3142 	 -0.0037 	 0.1795 	 -0.8811 	 -0.5752
2.2846 	 0.0079 	 0.2363 	 0.1208 	 0.0024 	 -0.3230 	 -0.0095 	 0.1813 	 -0.8748 	 -0.5778
2.2946 	 0.0079 	 0.2330 	 0.1207 	 0.0042 	 -0.3317 	 -0.0153 	 0.1827 	 -0.8645 	 -0.5753
2.3046 	 0.0079 	 0.2297 	 0.1205 	 0.0060 	 -0.3403 	 -0.0210 	 0.1845 	 -0.8582 	 -0.5780
2.3146 	 0.0080 	 0.2262 	 0.1203 	 0.0079 	 -0.3489 	 -0.0269 	 0.1863 	 -0.8518 	 -0.5808
2.3246 	 0.0081 	 0.2227 	 0.1200 	 0.0098 	 -0.3574 	 -0.0327 	 0.1863 	 -0.8406 	 -0.5800
2.3347 	 0.0082 	 0.2191 	 0.1196 	 0.0116 	 -0.3658 	 -0.0385 	 0.1878 	 -0.8335 	 -0.5826
2.3447 	 0.0083 	 0.2154 	 0.1192 	 0.0135 	 -0.3741 	 -0.0444 	 0.1893 	 -0.8265 	 -0.5854
2.3547 	 0.0085 	 0.2116 	 0.1187 	 0.0154 	 -0.3824 	 -0.0502 	 0.1909 	 -0.8196 	 -0.5885
2.3647 	 0.0087 	 0.2077 	 0.1182 	 0.0174 	 -0.3905 	 -0.0562 	 0.1924 	 -0.8127 	 -0.5919
2.3747 	 0.0088 	 0.2037 	 0.1176 	 0.0193 	 -0.3987 	 -0.0621 	 0.1940 	 -0.8104 	 -0.5909
2.3848 	 0.0090 	 0.1997 	 0.1169 	 0.0212 	 -0.4067 	 -0.0680 	 0.1951 	 -0.8008 	 -0.5891
2.3948 	 0.0093 	 0.1956 	 0.1162 	 0.0232 	 -0.4147 	 -0.0739 	 0.1967 	 -0.7945 	 -0.5929
2.4048 	 0.0095 	 0.1914 	 0.1155 	 0.0252 	 -0.4227 	 -0.0799 	 0.1983 	 -0.7884 	 -0.5971
2.4148 	 0.0098 	 0.1871 	 0.1146 	 0.0272 	 -0.4305 	 -0.0859 	 0.1999 	 -0.7823 	 -0.6017
2.4248 	 0.0100 	 0.1828 	 0.1137 	 0.0292 	 -0.4383 	 -0.0920 	 0.2046 	 -0.7797 	 -0.6111
2.4349 	 0.0104 	 0.1783 	 0.1128 	 0.0313 	 -0.4461 	 -0.0981 	 0.2073 	 -0.7769 	 -0.6206
2.4449 	 0.0107 	 0.1738 	 0.1118 	 0.0333 	 -0.4539 	 -0.1044 	 0.2083 	 -0.7696 	 -0.6249
2.4549 	 0.0110 	 0.1692 	 0.1107 	 0.0354 	 -0.4615 	 -0.1107 	 0.2092 	 -0.7623 	 -0.6297
2.4649 	 0.0114 	 0.1646 	 0.1096 	 0.0375 	 -0.4691 	 -0.1170 	 0.2101 	 -0.7549 	 -0.6351
2.4749 	 0.0118 	 0.1598 	 0.1083 	 0.0396 	 -0.4767 	 -0.1234 	 0.2109 	 -0.7475 	 -0.6411
2.4850 	 0.0122 	 0.1550 	 0.1071 	 0.0418 	 -0.4841 	 -0.1298 	 0.2116 	 -0.7400 	 -0.6478
2.4950 	 0.0126 	 0.1501 	 0.1057 	 0.0439 	 -0.4915 	 -0.1364 	 0.2175 	 -0.7354 	 -0.6530
2.5050 	 0.0131 	 0.1452 	 0.1043 	 0.0461 	 -0.4989 	 -0.1429 	 0.2205 	 -0.7340 	 -0.6610
2.5150 	 0.0135 	 0.1401 	 0.1029 	 0.0483 	 -0.5062 	 -0.1496 	 0.2212 	 -0.7261 	 -0.6697
2.5251 	 0.0140 	 0.1350 	 0.1013 	 0.0505 	 -0.5134 	 -0.1564 	 0.2219 	 -0.7179 	 -0.6794
2.5351 	 0.0145 	 0.1299 	 0.0997 	 0.0527 	 -0.5206 	 -0.1632 	 0.2225 	 -0.7096 	 -0.6900
2.5451 	 0.0151 	 0.1246 	 0.0981 	 0.0550 	 -0.5276 	 -0.1702 	 0.2214 	 -0.7017 	 -0.6995
2.5551 	 0.0156 	 0.1193 	 0.0963 	 0.0572 	 -0.5346 	 -0.1773 	 0.2227 	 -0.6973 	 -0.7215
2.5651 	 0.0162 	 0.1139 	 0.0945 	 0.0594 	 -0.5416 	 -0.1846 	 0.2235 	 -0.6894 	 -0.7376
2.5752 	 0.0168 	 0.1084 	 0.0926 	 0.0617 	 -0.5485 	 -0.1921 	 0.2236 	 -0.6902 	 -0.7621
2.5852 	 0.0175 	 0.1029 	 0.0907 	 0.0639 	 -0.5554 	 -0.1998 	 0.2202 	 -0.6796 	 -0.7678
2.5952 	 0.0181 	 0.0973 	 0.0886 	 0.0661 	 -0.5621 	 -0.2075 	 0.2201 	 -0.6652 	 -0.7784
2.6052 	 0.0188 	 0.0916 	 0.0865 	 0.0683 	 -0.5687 	 -0.2154 	 0.2200 	 -0.6500 	 -0.7898
2.6152 	 0.0195 	 0.0859 	 0.0843 	 0.0705 	 -0.5751 	 -0.2234 	 0.2197 	 -0.6342 	 -0.8020
2.6253 	 0.0202 	 0.0801 	 0.0820 	 0.0727 	 -0.5814 	 -0.2315 	 0.2198 	 -0.6247 	 -0.8320
2.6353 	 0.0209 	 0.0743 	 0.0797 	 0.0749 	 -0.5876 	 -0.2399 	 0.2200 	 -0.6084 	 -0.8485
2.6453 	 0.0217 	 0.0683 	 0.0772 	 0.0771 	 -0.5936 	 -0.2485 	 0.2188 	 -0.5901 	 -0.8648
2.6553 	 0.0225 	 0.0624 	 0.0747 	 0.0793 	 -0.5994 	 -0.2572 	 0.2185 	 -0.5723 	 -0.8865
2.6653 	 0.0233 	 0.0563 	 0.0721 	 0.0815 	 -0.6050 	 -0.2662 	 0.2125 	 -0.5536 	 -0.8987
2.6754 	 0.0241 	 0.0502 	 0.0694 	 0.0836 	 -0.6105 	 -0.2753 	 0.2120 	 -0.5355 	 -0.9299
2.6854 	 0.0250 	 0.0441 	 0.0665 	 0.0857 	 -0.6157 	 -0.2847 	 0.2113 	 -0.5119 	 -0.9476
2.6954 	 0.0258 	 0.0379 	 0.0636 	 0.0878 	 -0.6207 	 -0.2942 	 0.2103 	 -0.4830 	 -0.9521
2.7054 	 0.0267 	 0.0317 	 0.0607 	 0.0899 	 -0.6254 	 -0.3038 	 0.2095 	 -0.4548 	 -0.9627
2.7154 	 0.0276 	 0.0254 	 0.0576 	 0.0920 	 -0.6298 	 -0.3135 	 0.2108 	 -0.4200 	 -0.9718
2.7255 	 0.0286 	 0.0190 	 0.0544 	 0.0941 	 -0.6338 	 -0.3232 	 0.2089 	 -0.3858 	 -0.9757
2.7355 	 0.0295 	 0.0127 	 0.0511 	 0.0962 	 -0.6375 	 -0.3330 	 0.2062 	 -0.3497 	 -0.9805
2.7455 	 0.0305 	 0.0063 	 0.0477 	 0.0982 	 -0.6408 	 -0.3429 	 0.2021 	 -0.3121 	 -0.9860
2.7555 	 0.0315 	 -0.0002 	 0.0442 	 0.1002 	 -0.6438 	 -0.3528 	 0.1940 	 -0.2768 	 -0.9963
2.7655 	 0.0325 	 -0.0066 	 0.0406 	 0.1021 	 -0.6464 	 -0.3628 	 0.1872 	 -0.2382 	 -1.0017
2.7756 	 0.0335 	 -0.0131 	 0.0369 	 0.1040 	 -0.6486 	 -0.3729 	 0.1796 	 -0.2024 	 -1.0136
2.7856 	 0.0346 	 -0.0196 	 0.0331 	 0.1057 	 -0.6504 	 -0.3831 	 0.1708 	 -0.1655 	 -1.0181
2.7956 	 0.0357 	 -0.0262 	 0.0293 	 0.1074 	 -0.6519 	 -0.3933 	 0.1616 	 -0.1297 	 -1.0228
2.8056 	 0.0367 	 -0.0327 	 0.0253 	 0.1090 	 -0.6530 	 -0.4036 	 0.1487 	 -0.0942 	 -1.0411
2.8156 	 0.0378 	 -0.0392 	 0.0212 	 0.1104 	 -0.6538 	 -0.4141 	 0.1385 	 -0.0598 	 -1.0611
2.8257 	 0.0390 	 -0.0458 	 0.0170 	 0.1117 	 -0.6542 	 -0.4249 	 0.1260 	 -0.0283 	 -1.0750
2.8357 	 0.0401 	 -0.0523 	 0.0127 	 0.1129 	 -0.6544 	 -0.4357 	 0.1142 	 0.0005 	 -1.0902
2.8457 	 0.0412 	 -0.0589 	 0.0082 	 0.1140 	 -0.6542 	 -0.4467 	 0.1023 	 0.0366 	 -1.1015
2.8557 	 0.0424 	 -0.0655 	 0.0037 	 0.1150 	 -0.6536 	 -0.4579 	 0.0904 	 0.0722 	 -1.1116
2.8657 	 0.0435 	 -0.0720 	 -0.0009 	 0.1158 	 -0.6527 	 -0.4691 	 0.0792 	 0.1079 	 -1.1198
2.8758 	 0.0447 	 -0.0785 	 -0.0057 	 0.1166 	 -0.6515 	 -0.4803 	 0.0661 	 0.1423 	 -1.1332
2.8858 	 0.0459 	 -0.0851 	 -0.0106 	 0.1172 	 -0.6499 	 -0.4917 	 0.0528 	 0.1826 	 -1.1327
2.8958 	 0.0470 	 -0.0916 	 -0.0156 	 0.1176 	 -0.6478 	 -0.5031 	 0.0403 	 0.2241 	 -1.1379
2.9058 	 0.0482 	 -0.0980 	 -0.0207 	 0.1180 	 -0.6454 	 -0.5145 	 0.0292 	 0.2679 	 -1.1499
2.9158 	 0.0494 	 -0.1045 	 -0.0259 	 0.1182 	 -0.6425 	 -0.5260 	 0.0194 	 0.3129 	 -1.1490
2.9259 	 0.0506 	 -0.1109 	 -0.0312 	 0.1184 	 -0.6391 	 -0.5375 	 0.0112 	 0.3568 	 -1.1479
2.9359 	 0.0518 	 -0.1173 	 -0.0366 	 0.1184 	 -0.6353 	 -0.5491 	 -0.0012 	 0.3984 	 -1.1567
2.9459 	 0.0529 	 -0.1236 	 -0.0422 	 0.1183 	 -0.6311 	 -0.5607 	 -0.0156 	 0.4355 	 -1.1738
2.9559 	 0.0541 	 -0.1299 	 -0.0479 	 0.1181 	 -0.6266 	 -0.5724 	 -0.0242 	 0.4671 	 -1.1595
2.9659 	 0.0553 	 -0.1362 	 -0.0537 	 0.1178 	 -0.6218 	 -0.5840 	 -0.0360 	 0.5050 	 -1.1519
2.9760 	 0.0565 	 -0.1424 	 -0.0596 	 0.1174 	 -0.6165 	 -0.5955 	 -0.0548 	 0.5408 	 -1.1427
2.9860 	 0.0577 	 -0.1485 	 -0.0656 	 0.1168 	 -0.6109 	 -0.6069 	 -0.0755 	 0.5744 	 -1.1410
2.9960 	 0.0588 	 -0.1546 	 -0.0717 	 0.1159 	 -0.6050 	 -0.6183 	 -0.0909 	 0.6121 	 -1.1277
3.0060 	 0.0600 	 -0.1607 	 -0.0780 	 0.1149 	 -0.5986 	 -0.6295 	 -0.1062 	 0.6514 	 -1.1177
3.0160 	 0.0611 	 -0.1666 	 -0.0844 	 0.1138 	 -0.5919 	 -0.6406 	 -0.1215 	 0.6908 	 -1.0979
3.0261 	 0.0623 	 -0.1725 	 -0.0908 	 0.1125 	 -0.5848 	 -0.6515 	 -0.1364 	 0.7312 	 -1.0749
3.0361 	 0.0634 	 -0.1783 	 -0.0974 	 0.1111 	 -0.5773 	 -0.6622 	 -0.1491 	 0.7699 	 -1.0547
3.0461 	 0.0645 	 -0.1841 	 -0.1041 	 0.1095 	 -0.5693 	 -0.6726 	 -0.1623 	 0.8118 	 -1.0330
3.0561 	 0.0656 	 -0.1897 	 -0.1109 	 0.1078 	 -0.5610 	 -0.6829 	 -0.1727 	 0.8599 	 -1.0112
3.0661 	 0.0667 	 -0.1953 	 -0.1178 	 0.1061 	 -0.5522 	 -0.6928 	 -0.1810 	 0.8991 	 -0.9716
3.0762 	 0.0677 	 -0.2008 	 -0.1248 	 0.1042 	 -0.5430 	 -0.7024 	 -0.1900 	 0.9375 	 -0.9362
3.0862 	 0.0687 	 -0.2062 	 -0.1319 	 0.1022 	 -0.5334 	 -0.7116 	 -0.1980 	 0.9742 	 -0.8999
3.0962 	 0.0698 	 -0.2115 	 -0.1390 	 0.1002 	 -0.5234 	 -0.7204 	 -0.2041 	 1.0115 	 -0.8679
3.1062 	 0.0707 	 -0.2167 	 -0.1463 	 0.0982 	 -0.5131 	 -0.7289 	 -0.2107 	 1.0436 	 -0.8286
3.1162 	 0.0717 	 -0.2218 	 -0.1536 	 0.0960 	 -0.5025 	 -0.7370 	 -0.2163 	 1.0737 	 -0.7888
3.1263 	 0.0727 	 -0.2268 	 -0.1611 	 0.0938 	 -0.4916 	 -0.7447 	 -0.2211 	 1.1018 	 -0.7489
3.1363 	 0.0736 	 -0.2316 	 -0.1686 	 0.0916 	 -0.4805 	 -0.7521 	 -0.2255 	 1.1301 	 -0.7150
3.1463 	 0.0745 	 -0.2364 	 -0.1761 	 0.0893 	 -0.4690 	 -0.7590 	 -0.2286 	 1.1547 	 -0.6746
3.1563 	 0.0754 	 -0.2410 	 -0.1838 	 0.0870 	 -0.4573 	 -0.7656 	 -0.2252 	 1.1776 	 -0.6372
3.1663 	 0.0763 	 -0.2455 	 -0.1915 	 0.0847 	 -0.4454 	 -0.7718 	 -0.2283 	 1.1997 	 -0.5966
3.1764 	 0.0771 	 -0.2500 	 -0.1992 	 0.0824 	 -0.4333 	 -0.7775 	 -0.2309 	 1.2206 	 -0.5562
3.1864 	 0.0779 	 -0.2542 	 -0.2070 	 0.0801 	 -0.4210 	 -0.7829 	 -0.2331 	 1.2404 	 -0.5162
3.1964 	 0.0787 	 -0.2584 	 -0.2149 	 0.0778 	 -0.4084 	 -0.7879 	 -0.2361 	 1.2614 	 -0.4822
3.2064 	 0.0795 	 -0.2624 	 -0.2228 	 0.0754 	 -0.3957 	 -0.7925 	 -0.2361 	 1.2836 	 -0.4459
3.2164 	 0.0802 	 -0.2663 	 -0.2308 	 0.0730 	 -0.3827 	 -0.7968 	 -0.2381 	 1.2992 	 -0.4049
3.2265 	 0.0809 	 -0.2701 	 -0.2388 	 0.0706 	 -0.3697 	 -0.8006 	 -0.2460 	 1.3089 	 -0.3635
3.2365 	 0.0816 	 -0.2737 	 -0.2468 	 0.0681 	 -0.3565 	 -0.8041 	 -0.2492 	 1.3144 	 -0.3244
3.2465 	 0.0823 	 -0.2772 	 -0.2549 	 0.0656 	 -0.3433 	 -0.8071 	 -0.2520 	 1.3238 	 -0.2843
3.2565 	 0.0829 	 -0.2806 	 -0.2630 	 0.0631 	 -0.3300 	 -0.8098 	 -0.2519 	 1.3282 	 -0.2504
3.2665 	 0.0836 	 -0.2838 	 -0.2711 	 0.0605 	 -0.3167 	 -0.8121 	 -0.2541 	 1.3346 	 -0.2119
3.2766 	 0.0841 	 -0.2869 	 -0.2793 	 0.0580 	 -0.3033 	 -0.8141 	 -0.2557 	 1.3333 	 -0.1730
3.2866 	 0.0847 	 -0.2899 	 -0.2874 	 0.0554 	 -0.2899 	 -0.8156 	 -0.2559 	 1.3358 	 -0.1411
3.2966 	 0.0853 	 -0.2928 	 -0.2956 	 0.0528 	 -0.2765 	 -0.8169 	 -0.2589 	 1.3344 	 -0.1077
3.3066 	 0.0858 	 -0.2955 	 -0.3038 	 0.0502 	 -0.2632 	 -0.8178 	 -0.2606 	 1.3327 	 -0.0703
3.3166 	 0.0863 	 -0.2980 	 -0.3120 	 0.0476 	 -0.2498 	 -0.8184 	 -0.2632 	 1.3299 	 -0.0386
3.3267 	 0.0867 	 -0.3005 	 -0.3202 	 0.0450 	 -0.2365 	 -0.8186 	 -0.2636 	 1.3264 	 -0.0004
3.3367 	 0.0872 	 -0.3028 	 -0.3284 	 0.0423 	 -0.2232 	 -0.8184 	 -0.2636 	 1.3222 	 0.0374
3.3467 	 0.0876 	 -0.3049 	 -0.3366 	 0.0397 	 -0.2100 	 -0.8178 	 -0.2631 	 1.3174 	 0.0748
3.3567 	 0.0880 	 -0.3070 	 -0.3448 	 0.0371 	 -0.1968 	 -0.8169 	 -0.2597 	 1.3073 	 0.1085
3.3667 	 0.0883 	 -0.3089 	 -0.3530 	 0.0345 	 -0.1838 	 -0.8156 	 -0.2571 	 1.2913 	 0.1404
3.3768 	 0.0887 	 -0.3107 	 -0.3611 	 0.0319 	 -0.1709 	 -0.8140 	 -0.2556 	 1.2837 	 0.1746
3.3868 	 0.0890 	 -0.3123 	 -0.3693 	 0.0293 	 -0.1581 	 -0.8121 	 -0.2541 	 1.2762 	 0.2081
3.3968 	 0.0892 	 -0.3138 	 -0.3774 	 0.0268 	 -0.1453 	 -0.8099 	 -0.2511 	 1.2735 	 0.2374
3.4068 	 0.0895 	 -0.3152 	 -0.3855 	 0.0243 	 -0.1326 	 -0.8073 	 -0.2502 	 1.2652 	 0.2705
3.4168 	 0.0897 	 -0.3165 	 -0.3936 	 0.0218 	 -0.1200 	 -0.8045 	 -0.2495 	 1.2569 	 0.3030
3.4269 	 0.0899 	 -0.3176 	 -0.4016 	 0.0193 	 -0.1074 	 -0.8013 	 -0.2480 	 1.2542 	 0.3353
3.4369 	 0.0901 	 -0.3186 	 -0.4096 	 0.0168 	 -0.0949 	 -0.7978 	 -0.2465 	 1.2401 	 0.3605
3.4469 	 0.0903 	 -0.3195 	 -0.4176 	 0.0144 	 -0.0825 	 -0.7940 	 -0.2457 	 1.2297 	 0.3895
3.4569 	 0.0904 	 -0.3203 	 -0.4256 	 0.0119 	 -0.0702 	 -0.7900 	 -0.2448 	 1.2194 	 0.4180
3.4669 	 0.0905 	 -0.3209 	 -0.4335 	 0.0095 	 -0.0580 	 -0.7857 	 -0.2387 	 1.2133 	 0.4428
3.4770 	 0.0906 	 -0.3215 	 -0.4413 	 0.0071 	 -0.0459 	 -0.7811 	 -0.2412 	 1.2021 	 0.4658
3.4870 	 0.0907 	 -0.3219 	 -0.4491 	 0.0047 	 -0.0339 	 -0.7763 	 -0.2387 	 1.1932 	 0.4932
3.4970 	 0.0907 	 -0.3221 	 -0.4569 	 0.0023 	 -0.0220 	 -0.7712 	 -0.2336 	 1.1847 	 0.5232
3.5070 	 0.0907 	 -0.3223 	 -0.4646 	 0.0000 	 -0.0102 	 -0.7658 	 -0.2310 	 1.1750 	 0.5505
3.5170 	 0.0907 	 -0.3223 	 -0.4722 	 -0.0023 	 0.0015 	 -0.7602 	 -0.2282 	 1.1653 	 0.5776
3.5271 	 0.0907 	 -0.3223 	 -0.4798 	 -0.0046 	 0.0132 	 -0.7542 	 -0.2252 	 1.1557 	 0.6046
3.5371 	 0.0906 	 -0.3221 	 -0.4873 	 -0.0068 	 0.0247 	 -0.7481 	 -0.2220 	 1.1459 	 0.6316
3.5471 	 0.0905 	 -0.3218 	 -0.4948 	 -0.0090 	 0.0361 	 -0.7416 	 -0.2171 	 1.1316 	 0.6538
3.5571 	 0.0904 	 -0.3214 	 -0.5022 	 -0.0111 	 0.0474 	 -0.7349 	 -0.2133 	 1.1214 	 0.6807
3.5671 	 0.0903 	 -0.3208 	 -0.5095 	 -0.0133 	 0.0586 	 -0.7280 	 -0.2088 	 1.1091 	 0.7012
3.5772 	 0.0902 	 -0.3202 	 -0.5168 	 -0.0153 	 0.0696 	 -0.7208 	 -0.2042 	 1.0980 	 0.7264
3.5872 	 0.0900 	 -0.3194 	 -0.5239 	 -0.0174 	 0.0806 	 -0.7134 	 -0.1992 	 1.0865 	 0.7516
3.5972 	 0.0898 	 -0.3186 	 -0.5311 	 -0.0193 	 0.0914 	 -0.7058 	 -0.1935 	 1.0706 	 0.7715
3.6072 	 0.0896 	 -0.3176 	 -0.5381 	 -0.0212 	 0.1021 	 -0.6980 	 -0.1850 	 1.0624 	 0.7941
3.6172 	 0.0894 	 -0.3165 	 -0.5450 	 -0.0230 	 0.1127 	 -0.6899 	 -0.1753 	 1.0500 	 0.8144
3.6273 	 0.0891 	 -0.3153 	 -0.5519 	 -0.0248 	 0.1231 	 -0.6817 	 -0.1680 	 1.0333 	 0.8233
3.6373 	 0.0889 	 -0.3141 	 -0.5587 	 -0.0264 	 0.1333 	 -0.6733 	 -0.1621 	 1.0139 	 0.8407
3.6473 	 0.0886 	 -0.3127 	 -0.5654 	 -0.0280 	 0.1434 	 -0.6648 	 -0.1536 	 0.9895 	 0.8522
3.6573 	 0.0883 	 -0.3112 	 -0.5720 	 -0.0295 	 0.1532 	 -0.6563 	 -0.1460 	 0.9613 	 0.8538
3.6673 	 0.0880 	 -0.3096 	 -0.5786 	 -0.0309 	 0.1626 	 -0.6477 	 -0.1384 	 0.9287 	 0.8478
3.6774 	 0.0877 	 -0.3079 	 -0.5850 	 -0.0323 	 0.1719 	 -0.6392 	 -0.1329 	 0.9063 	 0.8558
3.6874 	 0.0874 	 -0.3062 	 -0.5914 	 -0.0336 	 0.1808 	 -0.6305 	 -0.1283 	 0.8873 	 0.8683
3.6974 	 0.0870 	 -0.3043 	 -0.5976 	 -0.0349 	 0.1896 	 -0.6218 	 -0.1240 	 0.8689 	 0.8804
3.7074 	 0.0867 	 -0.3024 	 -0.6038 	 -0.0361 	 0.1983 	 -0.6129 	 -0.1199 	 0.8510 	 0.8924
3.7174 	 0.0863 	 -0.3003 	 -0.6099 	 -0.0373 	 0.2067 	 -0.6039 	 -0.1153 	 0.8304 	 0.8986
3.7275 	 0.0859 	 -0.2982 	 -0.6159 	 -0.0384 	 0.2149 	 -0.5949 	 -0.1100 	 0.8059 	 0.8971
3.7375 	 0.0855 	 -0.2960 	 -0.6218 	 -0.0395 	 0.2229 	 -0.5859 	 -0.1061 	 0.7887 	 0.9066
3.7475 	 0.0851 	 -0.2938 	 -0.6277 	 -0.0405 	 0.2306 	 -0.5768 	 -0.0993 	 0.7679 	 0.9106
3.7575 	 0.0847 	 -0.2914 	 -0.6334 	 -0.0415 	 0.2382 	 -0.5676 	 -0.0951 	 0.7512 	 0.9196
3.7675 	 0.0843 	 -0.2890 	 -0.6390 	 -0.0424 	 0.2457 	 -0.5584 	 -0.0910 	 0.7350 	 0.9290
3.7776 	 0.0839 	 -0.2865 	 -0.6446 	 -0.0433 	 0.2530 	 -0.5490 	 -0.0871 	 0.7191 	 0.9390
3.7876 	 0.0834 	 -0.2839 	 -0.6500 	 -0.0441 	 0.2601 	 -0.5396 	 -0.0832 	 0.7033 	 0.9493
3.7976 	 0.0830 	 -0.2813 	 -0.6554 	 -0.0450 	 0.2671 	 -0.5301 	 -0.0791 	 0.6865 	 0.9467
3.8076 	 0.0825 	 -0.2786 	 -0.6607 	 -0.0457 	 0.2739 	 -0.5206 	 -0.0751 	 0.6679 	 0.9426
3.8176 	 0.0821 	 -0.2758 	 -0.6658 	 -0.0465 	 0.2805 	 -0.5112 	 -0.0686 	 0.6475 	 0.9263
3.8277 	 0.0816 	 -0.2729 	 -0.6709 	 -0.0471 	 0.2869 	 -0.5019 	 -0.0650 	 0.6314 	 0.9334
3.8377 	 0.0811 	 -0.2700 	 -0.6759 	 -0.0478 	 0.2931 	 -0.4925 	 -0.0615 	 0.6152 	 0.9409
3.8477 	 0.0807 	 -0.2671 	 -0.6808 	 -0.0484 	 0.2992 	 -0.4830 	 -0.0588 	 0.6015 	 0.9544
3.8577 	 0.0802 	 -0.2640 	 -0.6856 	 -0.0489 	 0.3051 	 -0.4734 	 -0.0553 	 0.5846 	 0.9616
3.8677 	 0.0797 	 -0.2610 	 -0.6903 	 -0.0495 	 0.3109 	 -0.4637 	 -0.0517 	 0.5676 	 0.9689
3.8778 	 0.0792 	 -0.2578 	 -0.6949 	 -0.0500 	 0.3165 	 -0.4541 	 -0.0482 	 0.5481 	 0.9704
3.8878 	 0.0787 	 -0.2546 	 -0.6994 	 -0.0504 	 0.3219 	 -0.4443 	 -0.0439 	 0.5280 	 0.9718
3.8978 	 0.0782 	 -0.2514 	 -0.7038 	 -0.0509 	 0.3271 	 -0.4346 	 -0.0403 	 0.5107 	 0.9788
3.9078 	 0.0776 	 -0.2481 	 -0.7081 	 -0.0512 	 0.3321 	 -0.4247 	 -0.0366 	 0.4932 	 0.9860
3.9178 	 0.0771 	 -0.2447 	 -0.7123 	 -0.0516 	 0.3370 	 -0.4148 	 -0.0332 	 0.4738 	 0.9871
3.9279 	 0.0766 	 -0.2413 	 -0.7164 	 -0.0519 	 0.3416 	 -0.4050 	 -0.0321 	 0.4612 	 0.9823
3.9379 	 0.0761 	 -0.2379 	 -0.7204 	 -0.0522 	 0.3462 	 -0.3951 	 -0.0273 	 0.4376 	 0.9780
3.9479 	 0.0756 	 -0.2344 	 -0.7243 	 -0.0525 	 0.3505 	 -0.3853 	 -0.0205 	 0.4181 	 0.9771
3.9579 	 0.0750 	 -0.2308 	 -0.7281 	 -0.0527 	 0.3546 	 -0.3755 	 -0.0159 	 0.4000 	 0.9814
3.9679 	 0.0745 	 -0.2273 	 -0.7318 	 -0.0528 	 0.3585 	 -0.3656 	 -0.0114 	 0.3822 	 0.9857
3.9780 	 0.0740 	 -0.2237 	 -0.7355 	 -0.0529 	 0.3622 	 -0.3557 	 -0.0068 	 0.3648 	 0.9898
3.9880 	 0.0735 	 -0.2200 	 -0.7390 	 -0.0529 	 0.3658 	 -0.3458 	 -0.0019 	 0.3494 	 0.9999
3.9980 	 0.0729 	 -0.2163 	 -0.7424 	 -0.0529 	 0.3692 	 -0.3358 	 0.0045 	 0.3306 	 0.9965
4.0080 	 0.0724 	 -0.2126 	 -0.7457 	 -0.0529 	 0.3724 	 -0.3258 	 0.0107 	 0.3146 	 1.0049
4.0180 	 0.0719 	 -0.2089 	 -0.7489 	 -0.0527 	 0.3755 	 -0.3157 	 0.0157 	 0.2965 	 1.0000
4.0281 	 0.0713 	 -0.2051 	 -0.7520 	 -0.0525 	 0.3784 	 -0.3057 	 0.0210 	 0.2793 	 1.0006
4.0381 	 0.0708 	 -0.2013 	 -0.7550 	 -0.0523 	 0.3811 	 -0.2957 	 0.0261 	 0.2614 	 1.0009
4.0481 	 0.0703 	 -0.1975 	 -0.7579 	 -0.0520 	 0.3836 	 -0.2856 	 0.0303 	 0.2423 	 1.0006
4.0581 	 0.0698 	 -0.1936 	 -0.7608 	 -0.0517 	 0.3859 	 -0.2756 	 0.0329 	 0.2220 	 0.9998
4.0681 	 0.0693 	 -0.1897 	 -0.7635 	 -0.0514 	 0.3880 	 -0.2656 	 0.0328 	 0.2005 	 0.9987
4.0782 	 0.0687 	 -0.1858 	 -0.7661 	 -0.0511 	 0.3899 	 -0.2556 	 0.0299 	 0.1777 	 0.9978
4.0882 	 0.0682 	 -0.1819 	 -0.7686 	 -0.0508 	 0.3916 	 -0.2456 	 0.0249 	 0.1527 	 0.9972
4.0982 	 0.0677 	 -0.1780 	 -0.7710 	 -0.0506 	 0.3930 	 -0.2356 	 0.0201 	 0.1255 	 0.9959
4.1082 	 0.0672 	 -0.1740 	 -0.7733 	 -0.0504 	 0.3941 	 -0.2257 	 0.0186 	 0.0945 	 0.9879
4.1182 	 0.0667 	 -0.1701 	 -0.7755 	 -0.0502 	 0.3949 	 -0.2158 	 0.0189 	 0.0693 	 0.9839
4.1283 	 0.0662 	 -0.1661 	 -0.7776 	 -0.0500 	 0.3955 	 -0.2060 	 0.0208 	 0.0455 	 0.9730
4.1383 	 0.0657 	 -0.1622 	 -0.7797 	 -0.0498 	 0.3958 	 -0.1963 	 0.0233 	 0.0255 	 0.9686
4.1483 	 0.0652 	 -0.1582 	 -0.7816 	 -0.0495 	 0.3960 	 -0.1866 	 0.0262 	 0.0074 	 0.9650
4.1583 	 0.0647 	 -0.1542 	 -0.7834 	 -0.0492 	 0.3960 	 -0.1769 	 0.0293 	 -0.0093 	 0.9621
4.1683 	 0.0642 	 -0.1503 	 -0.7851 	 -0.0489 	 0.3958 	 -0.1673 	 0.0325 	 -0.0249 	 0.9597
4.1784 	 0.0637 	 -0.1463 	 -0.7867 	 -0.0486 	 0.3955 	 -0.1577 	 0.0357 	 -0.0395 	 0.9577
4.1884 	 0.0633 	 -0.1423 	 -0.7883 	 -0.0482 	 0.3950 	 -0.1481 	 0.0389 	 -0.0534 	 0.9559
4.1984 	 0.0628 	 -0.1384 	 -0.7897 	 -0.0478 	 0.3944 	 -0.1385 	 0.0419 	 -0.0666 	 0.9543
4.2084 	 0.0623 	 -0.1344 	 -0.7911 	 -0.0474 	 0.3937 	 -0.1290 	 0.0449 	 -0.0792 	 0.9528
4.2184 	 0.0618 	 -0.1305 	 -0.7923 	 -0.0469 	 0.3928 	 -0.1194 	 0.0478 	 -0.0914 	 0.9513
4.2285 	 0.0614 	 -0.1266 	 -0.7934 	 -0.0464 	 0.3919 	 -0.1099 	 0.0506 	 -0.1031 	 0.9498
4.2385 	 0.0609 	 -0.1226 	 -0.7945 	 -0.0459 	 0.3908 	 -0.1004 	 0.0519 	 -0.1142 	 0.9356
4.2485 	 0.0604 	 -0.1187 	 -0.7955 	 -0.0454 	 0.3896 	 -0.0911 	 0.0546 	 -0.1250 	 0.9340
4.2585 	 0.0600 	 -0.1148 	 -0.7963 	 -0.0448 	 0.3883 	 -0.0817 	 0.0572 	 -0.1355 	 0.9324
4.2685 	 0.0595 	 -0.1110 	 -0.7971 	 -0.0442 	 0.3869 	 -0.0724 	 0.0609 	 -0.1463 	 0.9297
4.2786 	 0.0591 	 -0.1071 	 -0.7978 	 -0.0436 	 0.3854 	 -0.0631 	 0.0633 	 -0.1561 	 0.9271
4.2886 	 0.0587 	 -0.1032 	 -0.7984 	 -0.0429 	 0.3837 	 -0.0538 	 0.0657 	 -0.1658 	 0.9247
4.2986 	 0.0582 	 -0.0994 	 -0.7989 	 -0.0423 	 0.3820 	 -0.0446 	 0.0680 	 -0.1751 	 0.9223
4.3086 	 0.0578 	 -0.0956 	 -0.7993 	 -0.0416 	 0.3802 	 -0.0354 	 0.0703 	 -0.1843 	 0.9201
4.3186 	 0.0574 	 -0.0918 	 -0.7996 	 -0.0409 	 0.3783 	 -0.0261 	 0.0726 	 -0.1932 	 0.9181
4.3287 	 0.0570 	 -0.0880 	 -0.7998 	 -0.0401 	 0.3764 	 -0.0170 	 0.0747 	 -0.2020 	 0.9162
4.3387 	 0.0566 	 -0.0842 	 -0.7999 	 -0.0394 	 0.3743 	 -0.0078 	 0.0768 	 -0.2106 	 0.9146
4.3487 	 0.0562 	 -0.0805 	 -0.7999 	 -0.0386 	 0.3721 	 0.0014 	 0.0787 	 -0.2195 	 0.9189
4.3587 	 0.0558 	 -0.0768 	 -0.7999 	 -0.0378 	 0.3699 	 0.0106 	 0.0803 	 -0.2262 	 0.9094
4.3687 	 0.0555 	 -0.0731 	 -0.7997 	 -0.0370 	 0.3676 	 0.0196 	 0.0800 	 -0.2354 	 0.9003
4.3788 	 0.0551 	 -0.0694 	 -0.7995 	 -0.0362 	 0.3652 	 0.0286 	 0.0818 	 -0.2433 	 0.8957
4.3888 	 0.0547 	 -0.0658 	 -0.7992 	 -0.0353 	 0.3627 	 0.0376 	 0.0830 	 -0.2508 	 0.8910
4.3988 	 0.0544 	 -0.0621 	 -0.7987 	 -0.0345 	 0.3602 	 0.0465 	 0.0842 	 -0.2583 	 0.8867
4.4088 	 0.0540 	 -0.0585 	 -0.7982 	 -0.0337 	 0.3576 	 0.0554 	 0.0855 	 -0.2655 	 0.8826
4.4188 	 0.0537 	 -0.0550 	 -0.7976 	 -0.0328 	 0.3548 	 0.0642 	 0.0870 	 -0.2740 	 0.8850
4.4289 	 0.0534 	 -0.0514 	 -0.7969 	 -0.0319 	 0.3521 	 0.0731 	 0.0889 	 -0.2821 	 0.8876
4.4389 	 0.0531 	 -0.0479 	 -0.7962 	 -0.0310 	 0.3492 	 0.0820 	 0.0899 	 -0.2892 	 0.8842
4.4489 	 0.0528 	 -0.0444 	 -0.7953 	 -0.0301 	 0.3463 	 0.0909 	 0.0918 	 -0.2973 	 0.8874
4.4589 	 0.0525 	 -0.0410 	 -0.7943 	 -0.0292 	 0.3432 	 0.0998 	 0.0927 	 -0.3043 	 0.8847
4.4689 	 0.0522 	 -0.0376 	 -0.7933 	 -0.0282 	 0.3402 	 0.1086 	 0.0937 	 -0.3112 	 0.8823
4.4790 	 0.0519 	 -0.0342 	 -0.7922 	 -0.0273 	 0.3370 	 0.1175 	 0.0946 	 -0.3181 	 0.8803
4.4890 	 0.0516 	 -0.0308 	 -0.7909 	 -0.0263 	 0.3338 	 0.1263 	 0.0956 	 -0.3249 	 0.8787
4.4990 	 0.0514 	 -0.0275 	 -0.7896 	 -0.0254 	 0.3305 	 0.1351 	 0.0966 	 -0.3317 	 0.8774
4.5090 	 0.0511 	 -0.0242 	 -0.7882 	 -0.0244 	 0.3271 	 0.1439 	 0.0978 	 -0.3380 	 0.8765
4.5190 	 0.0509 	 -0.0209 	 -0.7867 	 -0.0234 	 0.3237 	 0.1527 	 0.0989 	 -0.3447 	 0.8756
4.5291 	 0.0507 	 -0.0177 	 -0.7852 	 -0.0224 	 0.3202 	 0.1614 	 0.1000 	 -0.3514 	 0.8751
4.5391 	 0.0504 	 -0.0145 	 -0.7835 	 -0.0214 	 0.3167 	 0.1702 	 0.1011 	 -0.3581 	 0.8749
4.5491 	 0.0502 	 -0.0114 	 -0.7818 	 -0.0204 	 0.3130 	 0.1790 	 0.1023 	 -0.3648 	 0.8750
4.5591 	 0.0500 	 -0.0082 	 -0.7799 	 -0.0194 	 0.3093 	 0.1878 	 0.1042 	 -0.3733 	 0.8816
4.5691 	 0.0498 	 -0.0052 	 -0.7780 	 -0.0183 	 0.3056 	 0.1966 	 0.1055 	 -0.3801 	 0.8823
4.5792 	 0.0497 	 -0.0021 	 -0.7760 	 -0.0172 	 0.3017 	 0.2055 	 0.1068 	 -0.3869 	 0.8835
4.5892 	 0.0495 	 0.0009 	 -0.7739 	 -0.0162 	 0.2978 	 0.2143 	 0.1081 	 -0.3937 	 0.8850
4.5992 	 0.0493 	 0.0039 	 -0.7717 	 -0.0151 	 0.2938 	 0.2232 	 0.1095 	 -0.4006 	 0.8869
4.6092 	 0.0492 	 0.0068 	 -0.7694 	 -0.0140 	 0.2898 	 0.2321 	 0.1109 	 -0.4075 	 0.8892
4.6192 	 0.0491 	 0.0097 	 -0.7670 	 -0.0128 	 0.2857 	 0.2410 	 0.1179 	 -0.4136 	 0.8936
4.6293 	 0.0489 	 0.0125 	 -0.7646 	 -0.0116 	 0.2815 	 0.2500 	 0.1187 	 -0.4208 	 0.8966
4.6393 	 0.0488 	 0.0153 	 -0.7620 	 -0.0104 	 0.2772 	 0.2590 	 0.1195 	 -0.4281 	 0.9001
4.6493 	 0.0487 	 0.0181 	 -0.7594 	 -0.0092 	 0.2730 	 0.2680 	 0.1212 	 -0.4264 	 0.8980
4.6593 	 0.0486 	 0.0208 	 -0.7567 	 -0.0080 	 0.2686 	 0.2770 	 0.1216 	 -0.4346 	 0.9076
4.6693 	 0.0486 	 0.0234 	 -0.7538 	 -0.0068 	 0.2643 	 0.2861 	 0.1226 	 -0.4412 	 0.9105
4.6794 	 0.0485 	 0.0261 	 -0.7509 	 -0.0056 	 0.2598 	 0.2953 	 0.1235 	 -0.4478 	 0.9139
4.6894 	 0.0484 	 0.0287 	 -0.7479 	 -0.0043 	 0.2553 	 0.3045 	 0.1251 	 -0.4552 	 0.9284
4.6994 	 0.0484 	 0.0312 	 -0.7448 	 -0.0031 	 0.2507 	 0.3138 	 0.1270 	 -0.4646 	 0.9370
4.7094 	 0.0484 	 0.0337 	 -0.7416 	 -0.0018 	 0.2460 	 0.3232 	 0.1304 	 -0.4662 	 0.9386
4.7194 	 0.0484 	 0.0361 	 -0.7383 	 -0.0005 	 0.2413 	 0.3327 	 0.1326 	 -0.4754 	 0.9475
4.7295 	 0.0484 	 0.0385 	 -0.7350 	 0.0009 	 0.2365 	 0.3422 	 0.1348 	 -0.4847 	 0.9568
4.7395 	 0.0484 	 0.0409 	 -0.7315 	 0.0023 	 0.2315 	 0.3519 	 0.1387 	 -0.4987 	 0.9771
4.7495 	 0.0484 	 0.0431 	 -0.7279 	 0.0037 	 0.2265 	 0.3617 	 0.1410 	 -0.5085 	 0.9857
4.7595 	 0.0485 	 0.0454 	 -0.7242 	 0.0051 	 0.2214 	 0.3717 	 0.1437 	 -0.5201 	 0.9993
4.7695 	 0.0485 	 0.0476 	 -0.7205 	 0.0065 	 0.2161 	 0.3817 	 0.1450 	 -0.5277 	 1.0002
4.7796 	 0.0486 	 0.0497 	 -0.7166 	 0.0080 	 0.2108 	 0.3917 	 0.1462 	 -0.5355 	 1.0015
4.7896 	 0.0487 	 0.0518 	 -0.7126 	 0.0095 	 0.2054 	 0.4018 	 0.1475 	 -0.5435 	 1.0030
4.7996 	 0.0488 	 0.0538 	 -0.7085 	 0.0109 	 0.1999 	 0.4118 	 0.1488 	 -0.5518 	 1.0048
4.8096 	 0.0489 	 0.0558 	 -0.7044 	 0.0124 	 0.1943 	 0.4220 	 0.1510 	 -0.5622 	 1.0122
4.8196 	 0.0490 	 0.0577 	 -0.7001 	 0.0140 	 0.1886 	 0.4322 	 0.1528 	 -0.5730 	 1.0196
4.8297 	 0.0492 	 0.0596 	 -0.6957 	 0.0155 	 0.1828 	 0.4424 	 0.1524 	 -0.5768 	 1.0247
4.8397 	 0.0493 	 0.0614 	 -0.6912 	 0.0170 	 0.1770 	 0.4527 	 0.1543 	 -0.5875 	 1.0325
4.8497 	 0.0495 	 0.0631 	 -0.6866 	 0.0186 	 0.1711 	 0.4631 	 0.1562 	 -0.5986 	 1.0401
4.8597 	 0.0497 	 0.0648 	 -0.6819 	 0.0202 	 0.1650 	 0.4735 	 0.1577 	 -0.6103 	 1.0475
4.8697 	 0.0499 	 0.0664 	 -0.6771 	 0.0217 	 0.1588 	 0.4840 	 0.1567 	 -0.6254 	 1.0480
4.8798 	 0.0502 	 0.0680 	 -0.6722 	 0.0233 	 0.1525 	 0.4946 	 0.1561 	 -0.6323 	 1.0580
4.8898 	 0.0504 	 0.0695 	 -0.6672 	 0.0249 	 0.1461 	 0.5052 	 0.1577 	 -0.6436 	 1.0640
4.8998 	 0.0507 	 0.0709 	 -0.6621 	 0.0265 	 0.1396 	 0.5159 	 0.1591 	 -0.6531 	 1.0638
4.9098 	 0.0509 	 0.0723 	 -0.6569 	 0.0281 	 0.1331 	 0.5266 	 0.1665 	 -0.6579 	 1.0717
4.9198 	 0.0512 	 0.0736 	 -0.6515 	 0.0298 	 0.1264 	 0.5374 	 0.1681 	 -0.6706 	 1.0756
4.9299 	 0.0515 	 0.0748 	 -0.6461 	 0.0315 	 0.1196 	 0.5482 	 0.1689 	 -0.6823 	 1.0765
4.9399 	 0.0518 	 0.0760 	 -0.6406 	 0.0332 	 0.1127 	 0.5590 	 0.1748 	 -0.6986 	 1.0804
4.9499 	 0.0522 	 0.0771 	 -0.6349 	 0.0349 	 0.1057 	 0.5697 	 0.1760 	 -0.7093 	 1.0721
4.9599 	 0.0525 	 0.0781 	 -0.6291 	 0.0367 	 0.0985 	 0.5804 	 0.1772 	 -0.7204 	 1.0632
4.9699 	 0.0529 	 0.0791 	 -0.6233 	 0.0385 	 0.0912 	 0.5910 	 0.1786 	 -0.7317 	 1.0538
4.9800 	 0.0533 	 0.0799 	 -0.6173 	 0.0403 	 0.0838 	 0.6016 	 0.1788 	 -0.7513 	 1.0485
4.9900 	 0.0537 	 0.0807 	 -0.6112 	 0.0421 	 0.0762 	 0.6120 	 0.1805 	 -0.7621 	 1.0382
