100-Body Run with i = 100 th particle. (Units in pc,M_solar,Myr, km s-1) 

time		 x 		 y 		 z 		 xdot 		 ydot 		 zdot 		 xddot 		 yddot 		 zddot
0.0000 	 -0.5154 	 -0.1370 	 -1.2003 	 0.0301 	 0.0430 	 0.0574 	 0.1657 	 0.0257 	 0.1895
0.0100 	 -0.5151 	 -0.1366 	 -1.1997 	 0.0317 	 0.0433 	 0.0593 	 0.1659 	 0.0256 	 0.1896
0.0200 	 -0.5148 	 -0.1362 	 -1.1991 	 0.0334 	 0.0435 	 0.0612 	 0.1661 	 0.0255 	 0.1898
0.0301 	 -0.5144 	 -0.1357 	 -1.1985 	 0.0351 	 0.0438 	 0.0631 	 0.1663 	 0.0254 	 0.1899
0.0401 	 -0.5141 	 -0.1353 	 -1.1978 	 0.0367 	 0.0440 	 0.0650 	 0.1665 	 0.0253 	 0.1901
0.0501 	 -0.5137 	 -0.1348 	 -1.1972 	 0.0384 	 0.0443 	 0.0669 	 0.1668 	 0.0252 	 0.1902
0.0601 	 -0.5133 	 -0.1344 	 -1.1965 	 0.0401 	 0.0445 	 0.0688 	 0.1670 	 0.0251 	 0.1904
0.0701 	 -0.5129 	 -0.1340 	 -1.1958 	 0.0418 	 0.0448 	 0.0707 	 0.1672 	 0.0250 	 0.1906
0.0802 	 -0.5125 	 -0.1335 	 -1.1951 	 0.0434 	 0.0450 	 0.0726 	 0.1674 	 0.0249 	 0.1908
0.0902 	 -0.5120 	 -0.1330 	 -1.1943 	 0.0451 	 0.0453 	 0.0746 	 0.1677 	 0.0247 	 0.1910
0.1002 	 -0.5116 	 -0.1326 	 -1.1936 	 0.0468 	 0.0455 	 0.0765 	 0.1679 	 0.0246 	 0.1912
0.1102 	 -0.5111 	 -0.1321 	 -1.1928 	 0.0485 	 0.0458 	 0.0784 	 0.1682 	 0.0245 	 0.1914
0.1202 	 -0.5106 	 -0.1317 	 -1.1920 	 0.0502 	 0.0460 	 0.0803 	 0.1684 	 0.0244 	 0.1916
0.1303 	 -0.5101 	 -0.1312 	 -1.1912 	 0.0519 	 0.0463 	 0.0822 	 0.1686 	 0.0243 	 0.1918
0.1403 	 -0.5096 	 -0.1307 	 -1.1903 	 0.0535 	 0.0465 	 0.0841 	 0.1689 	 0.0242 	 0.1921
0.1503 	 -0.5090 	 -0.1303 	 -1.1895 	 0.0552 	 0.0468 	 0.0861 	 0.1691 	 0.0241 	 0.1923
0.1603 	 -0.5085 	 -0.1298 	 -1.1886 	 0.0569 	 0.0470 	 0.0880 	 0.1694 	 0.0239 	 0.1926
0.1703 	 -0.5079 	 -0.1293 	 -1.1877 	 0.0586 	 0.0472 	 0.0899 	 0.1697 	 0.0238 	 0.1928
0.1804 	 -0.5073 	 -0.1289 	 -1.1868 	 0.0603 	 0.0475 	 0.0919 	 0.1699 	 0.0237 	 0.1931
0.1904 	 -0.5067 	 -0.1284 	 -1.1859 	 0.0620 	 0.0477 	 0.0938 	 0.1702 	 0.0236 	 0.1934
0.2004 	 -0.5060 	 -0.1279 	 -1.1849 	 0.0637 	 0.0479 	 0.0957 	 0.1705 	 0.0234 	 0.1937
0.2104 	 -0.5054 	 -0.1274 	 -1.1840 	 0.0655 	 0.0482 	 0.0977 	 0.1707 	 0.0233 	 0.1940
0.2204 	 -0.5047 	 -0.1269 	 -1.1830 	 0.0672 	 0.0484 	 0.0996 	 0.1710 	 0.0232 	 0.1943
0.2305 	 -0.5040 	 -0.1265 	 -1.1820 	 0.0689 	 0.0486 	 0.1016 	 0.1713 	 0.0230 	 0.1946
0.2405 	 -0.5033 	 -0.1260 	 -1.1809 	 0.0706 	 0.0489 	 0.1035 	 0.1716 	 0.0229 	 0.1949
0.2505 	 -0.5026 	 -0.1255 	 -1.1799 	 0.0723 	 0.0491 	 0.1055 	 0.1719 	 0.0228 	 0.1952
0.2605 	 -0.5019 	 -0.1250 	 -1.1788 	 0.0740 	 0.0493 	 0.1074 	 0.1721 	 0.0226 	 0.1956
0.2705 	 -0.5011 	 -0.1245 	 -1.1777 	 0.0758 	 0.0496 	 0.1094 	 0.1724 	 0.0225 	 0.1959
0.2806 	 -0.5004 	 -0.1240 	 -1.1766 	 0.0775 	 0.0498 	 0.1114 	 0.1727 	 0.0223 	 0.1963
0.2906 	 -0.4996 	 -0.1235 	 -1.1755 	 0.0792 	 0.0500 	 0.1133 	 0.1730 	 0.0222 	 0.1967
0.3006 	 -0.4988 	 -0.1230 	 -1.1744 	 0.0810 	 0.0502 	 0.1153 	 0.1733 	 0.0221 	 0.1970
0.3106 	 -0.4980 	 -0.1225 	 -1.1732 	 0.0827 	 0.0504 	 0.1173 	 0.1737 	 0.0219 	 0.1974
0.3206 	 -0.4971 	 -0.1220 	 -1.1720 	 0.0845 	 0.0507 	 0.1193 	 0.1740 	 0.0218 	 0.1978
0.3307 	 -0.4963 	 -0.1215 	 -1.1708 	 0.0862 	 0.0509 	 0.1213 	 0.1743 	 0.0216 	 0.1982
0.3407 	 -0.4954 	 -0.1210 	 -1.1696 	 0.0879 	 0.0511 	 0.1232 	 0.1746 	 0.0215 	 0.1987
0.3507 	 -0.4945 	 -0.1204 	 -1.1683 	 0.0897 	 0.0513 	 0.1252 	 0.1749 	 0.0213 	 0.1991
0.3607 	 -0.4936 	 -0.1199 	 -1.1671 	 0.0914 	 0.0515 	 0.1272 	 0.1753 	 0.0212 	 0.1995
0.3707 	 -0.4927 	 -0.1194 	 -1.1658 	 0.0932 	 0.0517 	 0.1292 	 0.1756 	 0.0210 	 0.2000
0.3808 	 -0.4917 	 -0.1189 	 -1.1645 	 0.0950 	 0.0519 	 0.1312 	 0.1759 	 0.0208 	 0.2004
0.3908 	 -0.4908 	 -0.1184 	 -1.1632 	 0.0967 	 0.0521 	 0.1332 	 0.1763 	 0.0207 	 0.2009
0.4008 	 -0.4898 	 -0.1179 	 -1.1618 	 0.0985 	 0.0524 	 0.1353 	 0.1766 	 0.0205 	 0.2014
0.4108 	 -0.4888 	 -0.1173 	 -1.1605 	 0.1003 	 0.0526 	 0.1373 	 0.1770 	 0.0203 	 0.2019
0.4208 	 -0.4878 	 -0.1168 	 -1.1591 	 0.1020 	 0.0528 	 0.1393 	 0.1773 	 0.0202 	 0.2024
0.4309 	 -0.4868 	 -0.1163 	 -1.1577 	 0.1038 	 0.0530 	 0.1413 	 0.1777 	 0.0200 	 0.2029
0.4409 	 -0.4857 	 -0.1157 	 -1.1562 	 0.1056 	 0.0532 	 0.1434 	 0.1781 	 0.0198 	 0.2034
0.4509 	 -0.4846 	 -0.1152 	 -1.1548 	 0.1074 	 0.0534 	 0.1454 	 0.1784 	 0.0197 	 0.2039
0.4609 	 -0.4836 	 -0.1147 	 -1.1533 	 0.1092 	 0.0536 	 0.1475 	 0.1788 	 0.0195 	 0.2045
0.4709 	 -0.4825 	 -0.1141 	 -1.1518 	 0.1110 	 0.0538 	 0.1495 	 0.1792 	 0.0193 	 0.2050
0.4810 	 -0.4813 	 -0.1136 	 -1.1503 	 0.1128 	 0.0539 	 0.1516 	 0.1796 	 0.0191 	 0.2056
0.4910 	 -0.4802 	 -0.1130 	 -1.1488 	 0.1146 	 0.0541 	 0.1536 	 0.1799 	 0.0190 	 0.2062
0.5010 	 -0.4790 	 -0.1125 	 -1.1472 	 0.1164 	 0.0543 	 0.1557 	 0.1803 	 0.0188 	 0.2068
0.5110 	 -0.4779 	 -0.1120 	 -1.1457 	 0.1182 	 0.0545 	 0.1578 	 0.1807 	 0.0186 	 0.2074
0.5210 	 -0.4767 	 -0.1114 	 -1.1441 	 0.1200 	 0.0547 	 0.1599 	 0.1811 	 0.0184 	 0.2080
0.5311 	 -0.4755 	 -0.1109 	 -1.1425 	 0.1218 	 0.0549 	 0.1619 	 0.1815 	 0.0182 	 0.2087
0.5411 	 -0.4742 	 -0.1103 	 -1.1408 	 0.1236 	 0.0551 	 0.1640 	 0.1820 	 0.0180 	 0.2093
0.5511 	 -0.4730 	 -0.1098 	 -1.1392 	 0.1255 	 0.0552 	 0.1661 	 0.1824 	 0.0178 	 0.2100
0.5611 	 -0.4717 	 -0.1092 	 -1.1375 	 0.1273 	 0.0554 	 0.1682 	 0.1828 	 0.0177 	 0.2106
0.5711 	 -0.4704 	 -0.1086 	 -1.1358 	 0.1291 	 0.0556 	 0.1704 	 0.1832 	 0.0175 	 0.2113
0.5812 	 -0.4691 	 -0.1081 	 -1.1341 	 0.1310 	 0.0558 	 0.1725 	 0.1837 	 0.0173 	 0.2120
0.5912 	 -0.4678 	 -0.1075 	 -1.1324 	 0.1328 	 0.0559 	 0.1746 	 0.1841 	 0.0171 	 0.2127
0.6012 	 -0.4665 	 -0.1070 	 -1.1306 	 0.1347 	 0.0561 	 0.1767 	 0.1845 	 0.0169 	 0.2135
0.6112 	 -0.4651 	 -0.1064 	 -1.1288 	 0.1365 	 0.0563 	 0.1789 	 0.1850 	 0.0167 	 0.2142
0.6212 	 -0.4637 	 -0.1058 	 -1.1270 	 0.1384 	 0.0564 	 0.1810 	 0.1855 	 0.0165 	 0.2150
0.6313 	 -0.4623 	 -0.1053 	 -1.1252 	 0.1402 	 0.0566 	 0.1832 	 0.1859 	 0.0163 	 0.2158
0.6413 	 -0.4609 	 -0.1047 	 -1.1233 	 0.1421 	 0.0568 	 0.1854 	 0.1864 	 0.0161 	 0.2166
0.6513 	 -0.4595 	 -0.1041 	 -1.1215 	 0.1440 	 0.0569 	 0.1875 	 0.1869 	 0.0159 	 0.2174
0.6613 	 -0.4580 	 -0.1036 	 -1.1196 	 0.1458 	 0.0571 	 0.1897 	 0.1873 	 0.0156 	 0.2182
0.6713 	 -0.4566 	 -0.1030 	 -1.1177 	 0.1477 	 0.0572 	 0.1919 	 0.1878 	 0.0154 	 0.2190
0.6814 	 -0.4551 	 -0.1024 	 -1.1157 	 0.1496 	 0.0574 	 0.1941 	 0.1883 	 0.0152 	 0.2199
0.6914 	 -0.4536 	 -0.1018 	 -1.1138 	 0.1515 	 0.0576 	 0.1963 	 0.1888 	 0.0150 	 0.2208
0.7014 	 -0.4520 	 -0.1013 	 -1.1118 	 0.1534 	 0.0577 	 0.1985 	 0.1893 	 0.0148 	 0.2217
0.7114 	 -0.4505 	 -0.1007 	 -1.1098 	 0.1553 	 0.0578 	 0.2008 	 0.1898 	 0.0146 	 0.2226
0.7214 	 -0.4489 	 -0.1001 	 -1.1078 	 0.1572 	 0.0580 	 0.2030 	 0.1904 	 0.0144 	 0.2235
0.7315 	 -0.4473 	 -0.0995 	 -1.1057 	 0.1591 	 0.0581 	 0.2052 	 0.1909 	 0.0141 	 0.2245
0.7415 	 -0.4457 	 -0.0989 	 -1.1037 	 0.1610 	 0.0583 	 0.2075 	 0.1914 	 0.0139 	 0.2255
0.7515 	 -0.4441 	 -0.0984 	 -1.1016 	 0.1629 	 0.0584 	 0.2098 	 0.1920 	 0.0137 	 0.2265
0.7615 	 -0.4425 	 -0.0978 	 -1.0995 	 0.1649 	 0.0586 	 0.2120 	 0.1925 	 0.0135 	 0.2275
0.7715 	 -0.4408 	 -0.0972 	 -1.0973 	 0.1668 	 0.0587 	 0.2143 	 0.1931 	 0.0132 	 0.2285
0.7816 	 -0.4391 	 -0.0966 	 -1.0952 	 0.1687 	 0.0588 	 0.2166 	 0.1937 	 0.0130 	 0.2296
0.7916 	 -0.4374 	 -0.0960 	 -1.0930 	 0.1707 	 0.0589 	 0.2189 	 0.1942 	 0.0128 	 0.2306
0.8016 	 -0.4357 	 -0.0954 	 -1.0908 	 0.1726 	 0.0591 	 0.2212 	 0.1948 	 0.0126 	 0.2318
0.8116 	 -0.4340 	 -0.0948 	 -1.0885 	 0.1746 	 0.0592 	 0.2236 	 0.1954 	 0.0123 	 0.2329
0.8216 	 -0.4322 	 -0.0942 	 -1.0863 	 0.1765 	 0.0593 	 0.2259 	 0.1960 	 0.0121 	 0.2340
0.8317 	 -0.4304 	 -0.0936 	 -1.0840 	 0.1785 	 0.0594 	 0.2283 	 0.1966 	 0.0119 	 0.2352
0.8417 	 -0.4286 	 -0.0930 	 -1.0817 	 0.1805 	 0.0596 	 0.2306 	 0.1972 	 0.0116 	 0.2364
0.8517 	 -0.4268 	 -0.0924 	 -1.0794 	 0.1825 	 0.0597 	 0.2330 	 0.1979 	 0.0114 	 0.2376
0.8617 	 -0.4250 	 -0.0918 	 -1.0771 	 0.1844 	 0.0598 	 0.2354 	 0.1985 	 0.0112 	 0.2389
0.8717 	 -0.4231 	 -0.0912 	 -1.0747 	 0.1864 	 0.0599 	 0.2378 	 0.1992 	 0.0109 	 0.2402
0.8818 	 -0.4212 	 -0.0906 	 -1.0723 	 0.1884 	 0.0600 	 0.2402 	 0.1998 	 0.0107 	 0.2415
0.8918 	 -0.4193 	 -0.0900 	 -1.0699 	 0.1904 	 0.0601 	 0.2426 	 0.2005 	 0.0105 	 0.2428
0.9018 	 -0.4174 	 -0.0894 	 -1.0674 	 0.1924 	 0.0602 	 0.2451 	 0.1969 	 0.0094 	 0.2487
0.9118 	 -0.4155 	 -0.0888 	 -1.0650 	 0.1944 	 0.0603 	 0.2476 	 0.1976 	 0.0092 	 0.2500
0.9218 	 -0.4135 	 -0.0882 	 -1.0625 	 0.1964 	 0.0604 	 0.2501 	 0.1984 	 0.0089 	 0.2514
0.9319 	 -0.4116 	 -0.0876 	 -1.0599 	 0.1984 	 0.0605 	 0.2526 	 0.1992 	 0.0087 	 0.2527
0.9419 	 -0.4096 	 -0.0870 	 -1.0574 	 0.2004 	 0.0606 	 0.2552 	 0.2000 	 0.0084 	 0.2541
0.9519 	 -0.4075 	 -0.0864 	 -1.0548 	 0.2024 	 0.0606 	 0.2577 	 0.2009 	 0.0082 	 0.2555
0.9619 	 -0.4055 	 -0.0858 	 -1.0522 	 0.2044 	 0.0607 	 0.2603 	 0.2017 	 0.0080 	 0.2570
0.9719 	 -0.4034 	 -0.0852 	 -1.0496 	 0.2064 	 0.0608 	 0.2629 	 0.2026 	 0.0077 	 0.2585
0.9820 	 -0.4014 	 -0.0846 	 -1.0470 	 0.2085 	 0.0609 	 0.2655 	 0.2034 	 0.0075 	 0.2600
0.9920 	 -0.3993 	 -0.0840 	 -1.0443 	 0.2105 	 0.0610 	 0.2681 	 0.2043 	 0.0072 	 0.2616
1.0020 	 -0.3971 	 -0.0834 	 -1.0416 	 0.2125 	 0.0610 	 0.2707 	 0.2052 	 0.0070 	 0.2632
1.0120 	 -0.3950 	 -0.0827 	 -1.0389 	 0.2146 	 0.0611 	 0.2734 	 0.2062 	 0.0067 	 0.2648
1.0220 	 -0.3928 	 -0.0821 	 -1.0361 	 0.2167 	 0.0612 	 0.2760 	 0.2071 	 0.0065 	 0.2665
1.0321 	 -0.3907 	 -0.0815 	 -1.0333 	 0.2188 	 0.0612 	 0.2787 	 0.2081 	 0.0063 	 0.2682
1.0421 	 -0.3885 	 -0.0809 	 -1.0305 	 0.2209 	 0.0613 	 0.2814 	 0.2091 	 0.0060 	 0.2700
1.0521 	 -0.3862 	 -0.0803 	 -1.0277 	 0.2230 	 0.0613 	 0.2841 	 0.2102 	 0.0058 	 0.2718
1.0621 	 -0.3840 	 -0.0797 	 -1.0248 	 0.2251 	 0.0614 	 0.2868 	 0.2112 	 0.0055 	 0.2736
1.0721 	 -0.3817 	 -0.0791 	 -1.0220 	 0.2272 	 0.0615 	 0.2896 	 0.2123 	 0.0053 	 0.2755
1.0822 	 -0.3794 	 -0.0784 	 -1.0190 	 0.2293 	 0.0615 	 0.2924 	 0.2134 	 0.0050 	 0.2775
1.0922 	 -0.3771 	 -0.0778 	 -1.0161 	 0.2315 	 0.0616 	 0.2952 	 0.2145 	 0.0048 	 0.2794
1.1022 	 -0.3748 	 -0.0772 	 -1.0131 	 0.2336 	 0.0616 	 0.2980 	 0.2157 	 0.0045 	 0.2815
1.1122 	 -0.3725 	 -0.0766 	 -1.0101 	 0.2358 	 0.0617 	 0.3008 	 0.2169 	 0.0043 	 0.2836
1.1222 	 -0.3701 	 -0.0760 	 -1.0071 	 0.2380 	 0.0617 	 0.3036 	 0.2239 	 0.0038 	 0.2833
1.1323 	 -0.3677 	 -0.0754 	 -1.0040 	 0.2403 	 0.0617 	 0.3065 	 0.2249 	 0.0035 	 0.2856
1.1423 	 -0.3653 	 -0.0747 	 -1.0009 	 0.2425 	 0.0618 	 0.3093 	 0.2260 	 0.0033 	 0.2880
1.1523 	 -0.3628 	 -0.0741 	 -0.9978 	 0.2448 	 0.0618 	 0.3122 	 0.2271 	 0.0030 	 0.2904
1.1623 	 -0.3604 	 -0.0735 	 -0.9947 	 0.2471 	 0.0618 	 0.3152 	 0.2282 	 0.0027 	 0.2928
1.1723 	 -0.3579 	 -0.0729 	 -0.9915 	 0.2494 	 0.0618 	 0.3181 	 0.2293 	 0.0025 	 0.2954
1.1824 	 -0.3554 	 -0.0723 	 -0.9883 	 0.2517 	 0.0619 	 0.3211 	 0.2305 	 0.0022 	 0.2980
1.1924 	 -0.3528 	 -0.0716 	 -0.9851 	 0.2540 	 0.0619 	 0.3241 	 0.2318 	 0.0019 	 0.3006
1.2024 	 -0.3503 	 -0.0710 	 -0.9818 	 0.2563 	 0.0619 	 0.3271 	 0.2331 	 0.0016 	 0.3034
1.2124 	 -0.3477 	 -0.0704 	 -0.9785 	 0.2587 	 0.0619 	 0.3302 	 0.2344 	 0.0014 	 0.3062
1.2224 	 -0.3451 	 -0.0698 	 -0.9752 	 0.2610 	 0.0619 	 0.3333 	 0.2357 	 0.0011 	 0.3091
1.2325 	 -0.3425 	 -0.0692 	 -0.9719 	 0.2634 	 0.0619 	 0.3364 	 0.2371 	 0.0008 	 0.3121
1.2425 	 -0.3398 	 -0.0685 	 -0.9685 	 0.2658 	 0.0620 	 0.3395 	 0.2386 	 0.0005 	 0.3151
1.2525 	 -0.3371 	 -0.0679 	 -0.9650 	 0.2682 	 0.0620 	 0.3427 	 0.2401 	 0.0002 	 0.3182
1.2625 	 -0.3344 	 -0.0673 	 -0.9616 	 0.2706 	 0.0620 	 0.3459 	 0.2416 	 -0.0001 	 0.3215
1.2725 	 -0.3317 	 -0.0667 	 -0.9581 	 0.2730 	 0.0620 	 0.3491 	 0.2432 	 -0.0004 	 0.3248
1.2826 	 -0.3290 	 -0.0661 	 -0.9546 	 0.2755 	 0.0620 	 0.3524 	 0.2505 	 -0.0003 	 0.3310
1.2926 	 -0.3262 	 -0.0654 	 -0.9511 	 0.2780 	 0.0619 	 0.3557 	 0.2520 	 -0.0007 	 0.3344
1.3026 	 -0.3234 	 -0.0648 	 -0.9475 	 0.2806 	 0.0619 	 0.3591 	 0.2593 	 -0.0010 	 0.3405
1.3126 	 -0.3206 	 -0.0642 	 -0.9439 	 0.2832 	 0.0619 	 0.3625 	 0.2605 	 -0.0014 	 0.3440
1.3226 	 -0.3177 	 -0.0636 	 -0.9402 	 0.2858 	 0.0619 	 0.3660 	 0.2617 	 -0.0017 	 0.3476
1.3327 	 -0.3148 	 -0.0630 	 -0.9365 	 0.2884 	 0.0619 	 0.3695 	 0.2631 	 -0.0021 	 0.3513
1.3427 	 -0.3119 	 -0.0623 	 -0.9328 	 0.2910 	 0.0619 	 0.3731 	 0.2644 	 -0.0025 	 0.3551
1.3527 	 -0.3090 	 -0.0617 	 -0.9290 	 0.2937 	 0.0618 	 0.3766 	 0.2659 	 -0.0029 	 0.3591
1.3627 	 -0.3061 	 -0.0611 	 -0.9253 	 0.2964 	 0.0618 	 0.3803 	 0.2674 	 -0.0033 	 0.3631
1.3727 	 -0.3031 	 -0.0605 	 -0.9214 	 0.2991 	 0.0618 	 0.3839 	 0.2690 	 -0.0037 	 0.3673
1.3828 	 -0.3001 	 -0.0599 	 -0.9176 	 0.3018 	 0.0617 	 0.3876 	 0.2706 	 -0.0041 	 0.3715
1.3928 	 -0.2970 	 -0.0592 	 -0.9137 	 0.3045 	 0.0617 	 0.3914 	 0.2723 	 -0.0045 	 0.3759
1.4028 	 -0.2940 	 -0.0586 	 -0.9097 	 0.3072 	 0.0616 	 0.3951 	 0.2741 	 -0.0050 	 0.3805
1.4128 	 -0.2909 	 -0.0580 	 -0.9057 	 0.3100 	 0.0616 	 0.3990 	 0.2760 	 -0.0055 	 0.3851
1.4228 	 -0.2877 	 -0.0574 	 -0.9017 	 0.3128 	 0.0615 	 0.4029 	 0.2780 	 -0.0060 	 0.3899
1.4329 	 -0.2846 	 -0.0568 	 -0.8977 	 0.3156 	 0.0615 	 0.4068 	 0.2849 	 -0.0037 	 0.3975
1.4429 	 -0.2814 	 -0.0562 	 -0.8936 	 0.3185 	 0.0615 	 0.4108 	 0.2867 	 -0.0046 	 0.4024
1.4529 	 -0.2782 	 -0.0555 	 -0.8894 	 0.3213 	 0.0614 	 0.4149 	 0.2886 	 -0.0054 	 0.4075
1.4629 	 -0.2750 	 -0.0549 	 -0.8853 	 0.3242 	 0.0613 	 0.4190 	 0.2905 	 -0.0063 	 0.4127
1.4729 	 -0.2717 	 -0.0543 	 -0.8810 	 0.3272 	 0.0613 	 0.4232 	 0.2926 	 -0.0072 	 0.4181
1.4830 	 -0.2684 	 -0.0537 	 -0.8768 	 0.3301 	 0.0612 	 0.4274 	 0.2948 	 -0.0082 	 0.4237
1.4930 	 -0.2651 	 -0.0531 	 -0.8725 	 0.3331 	 0.0611 	 0.4316 	 0.2971 	 -0.0092 	 0.4295
1.5030 	 -0.2617 	 -0.0525 	 -0.8681 	 0.3361 	 0.0610 	 0.4360 	 0.2995 	 -0.0102 	 0.4354
1.5130 	 -0.2584 	 -0.0519 	 -0.8637 	 0.3391 	 0.0609 	 0.4404 	 0.3020 	 -0.0112 	 0.4416
1.5230 	 -0.2550 	 -0.0513 	 -0.8593 	 0.3421 	 0.0608 	 0.4448 	 0.3047 	 -0.0123 	 0.4479
1.5331 	 -0.2515 	 -0.0506 	 -0.8548 	 0.3452 	 0.0607 	 0.4493 	 0.3075 	 -0.0135 	 0.4545
1.5431 	 -0.2480 	 -0.0500 	 -0.8503 	 0.3483 	 0.0605 	 0.4539 	 0.3105 	 -0.0147 	 0.4612
1.5531 	 -0.2445 	 -0.0494 	 -0.8457 	 0.3514 	 0.0604 	 0.4586 	 0.3137 	 -0.0159 	 0.4682
1.5631 	 -0.2410 	 -0.0488 	 -0.8411 	 0.3546 	 0.0602 	 0.4633 	 0.3170 	 -0.0172 	 0.4755
1.5731 	 -0.2374 	 -0.0482 	 -0.8364 	 0.3578 	 0.0600 	 0.4681 	 0.3206 	 -0.0186 	 0.4830
1.5832 	 -0.2338 	 -0.0476 	 -0.8317 	 0.3610 	 0.0598 	 0.4730 	 0.3243 	 -0.0200 	 0.4908
1.5932 	 -0.2302 	 -0.0470 	 -0.8270 	 0.3643 	 0.0596 	 0.4780 	 0.3283 	 -0.0214 	 0.4988
1.6032 	 -0.2265 	 -0.0464 	 -0.8221 	 0.3676 	 0.0594 	 0.4830 	 0.3325 	 -0.0230 	 0.5071
1.6132 	 -0.2228 	 -0.0458 	 -0.8173 	 0.3709 	 0.0592 	 0.4881 	 0.3370 	 -0.0246 	 0.5158
1.6232 	 -0.2191 	 -0.0452 	 -0.8124 	 0.3743 	 0.0589 	 0.4933 	 0.3417 	 -0.0263 	 0.5247
1.6333 	 -0.2153 	 -0.0447 	 -0.8074 	 0.3778 	 0.0586 	 0.4986 	 0.3467 	 -0.0280 	 0.5340
1.6433 	 -0.2115 	 -0.0441 	 -0.8024 	 0.3813 	 0.0583 	 0.5040 	 0.3521 	 -0.0299 	 0.5436
1.6533 	 -0.2077 	 -0.0435 	 -0.7973 	 0.3848 	 0.0580 	 0.5095 	 0.3578 	 -0.0318 	 0.5535
1.6633 	 -0.2038 	 -0.0429 	 -0.7921 	 0.3884 	 0.0577 	 0.5151 	 0.3638 	 -0.0338 	 0.5639
1.6733 	 -0.1999 	 -0.0423 	 -0.7870 	 0.3921 	 0.0574 	 0.5208 	 0.3703 	 -0.0360 	 0.5746
1.6834 	 -0.1959 	 -0.0418 	 -0.7817 	 0.3959 	 0.0570 	 0.5266 	 0.3771 	 -0.0382 	 0.5857
1.6934 	 -0.1920 	 -0.0412 	 -0.7764 	 0.3997 	 0.0566 	 0.5326 	 0.3886 	 -0.0408 	 0.6012
1.7034 	 -0.1879 	 -0.0406 	 -0.7710 	 0.4036 	 0.0562 	 0.5387 	 0.3955 	 -0.0433 	 0.6121
1.7134 	 -0.1839 	 -0.0401 	 -0.7656 	 0.4076 	 0.0557 	 0.5449 	 0.4070 	 -0.0455 	 0.6270
1.7234 	 -0.1798 	 -0.0395 	 -0.7601 	 0.4118 	 0.0553 	 0.5512 	 0.4140 	 -0.0482 	 0.6382
1.7335 	 -0.1756 	 -0.0390 	 -0.7546 	 0.4159 	 0.0548 	 0.5577 	 0.4215 	 -0.0512 	 0.6499
1.7435 	 -0.1714 	 -0.0384 	 -0.7489 	 0.4202 	 0.0542 	 0.5642 	 0.4293 	 -0.0543 	 0.6621
1.7535 	 -0.1672 	 -0.0379 	 -0.7433 	 0.4246 	 0.0537 	 0.5710 	 0.4422 	 -0.0584 	 0.6780
1.7635 	 -0.1629 	 -0.0373 	 -0.7375 	 0.4291 	 0.0531 	 0.5778 	 0.4500 	 -0.0616 	 0.6904
1.7735 	 -0.1586 	 -0.0368 	 -0.7317 	 0.4336 	 0.0524 	 0.5848 	 0.4582 	 -0.0650 	 0.7035
1.7836 	 -0.1542 	 -0.0363 	 -0.7258 	 0.4382 	 0.0518 	 0.5919 	 0.4670 	 -0.0722 	 0.7224
1.7936 	 -0.1498 	 -0.0358 	 -0.7198 	 0.4430 	 0.0510 	 0.5993 	 0.4901 	 -0.0763 	 0.7484
1.8036 	 -0.1454 	 -0.0353 	 -0.7138 	 0.4479 	 0.0502 	 0.6068 	 0.4978 	 -0.0799 	 0.7611
1.8136 	 -0.1408 	 -0.0348 	 -0.7076 	 0.4530 	 0.0494 	 0.6145 	 0.5059 	 -0.0836 	 0.7746
1.8236 	 -0.1363 	 -0.0343 	 -0.7015 	 0.4581 	 0.0485 	 0.6224 	 0.5142 	 -0.0885 	 0.7940
1.8337 	 -0.1317 	 -0.0338 	 -0.6952 	 0.4633 	 0.0476 	 0.6304 	 0.5269 	 -0.0927 	 0.8122
1.8437 	 -0.1270 	 -0.0333 	 -0.6888 	 0.4687 	 0.0467 	 0.6387 	 0.5441 	 -0.0976 	 0.8330
1.8537 	 -0.1223 	 -0.0329 	 -0.6824 	 0.4742 	 0.0457 	 0.6471 	 0.5555 	 -0.1016 	 0.8489
1.8637 	 -0.1175 	 -0.0324 	 -0.6758 	 0.4798 	 0.0447 	 0.6557 	 0.5630 	 -0.1060 	 0.8607
1.8737 	 -0.1126 	 -0.0320 	 -0.6692 	 0.4856 	 0.0436 	 0.6645 	 0.5848 	 -0.1110 	 0.8906
1.8838 	 -0.1078 	 -0.0315 	 -0.6625 	 0.4915 	 0.0424 	 0.6735 	 0.5934 	 -0.1157 	 0.9048
1.8938 	 -0.1028 	 -0.0311 	 -0.6557 	 0.4975 	 0.0412 	 0.6827 	 0.6078 	 -0.1208 	 0.9272
1.9038 	 -0.0978 	 -0.0307 	 -0.6488 	 0.5036 	 0.0400 	 0.6920 	 0.6167 	 -0.1257 	 0.9426
1.9138 	 -0.0927 	 -0.0303 	 -0.6419 	 0.5098 	 0.0387 	 0.7015 	 0.6237 	 -0.1308 	 0.9565
1.9238 	 -0.0876 	 -0.0299 	 -0.6348 	 0.5161 	 0.0374 	 0.7111 	 0.6229 	 -0.1357 	 0.9589
1.9339 	 -0.0824 	 -0.0296 	 -0.6276 	 0.5223 	 0.0360 	 0.7208 	 0.6219 	 -0.1406 	 0.9616
1.9439 	 -0.0771 	 -0.0292 	 -0.6203 	 0.5285 	 0.0346 	 0.7304 	 0.6207 	 -0.1456 	 0.9646
1.9539 	 -0.0718 	 -0.0289 	 -0.6130 	 0.5348 	 0.0331 	 0.7401 	 0.6193 	 -0.1507 	 0.9680
1.9639 	 -0.0664 	 -0.0285 	 -0.6055 	 0.5410 	 0.0316 	 0.7498 	 0.6176 	 -0.1559 	 0.9718
1.9739 	 -0.0609 	 -0.0282 	 -0.5979 	 0.5471 	 0.0300 	 0.7596 	 0.6179 	 -0.1613 	 0.9817
1.9840 	 -0.0554 	 -0.0279 	 -0.5903 	 0.5533 	 0.0283 	 0.7695 	 0.6174 	 -0.1695 	 0.9944
1.9940 	 -0.0498 	 -0.0277 	 -0.5825 	 0.5595 	 0.0266 	 0.7795 	 0.6149 	 -0.1743 	 0.9998
2.0040 	 -0.0442 	 -0.0274 	 -0.5747 	 0.5656 	 0.0248 	 0.7895 	 0.6093 	 -0.1788 	 0.9989
2.0140 	 -0.0385 	 -0.0272 	 -0.5667 	 0.5717 	 0.0230 	 0.7995 	 0.6061 	 -0.1827 	 1.0099
2.0240 	 -0.0327 	 -0.0269 	 -0.5586 	 0.5778 	 0.0212 	 0.8097 	 0.5998 	 -0.1871 	 1.0129
2.0341 	 -0.0269 	 -0.0267 	 -0.5505 	 0.5837 	 0.0193 	 0.8198 	 0.5911 	 -0.1919 	 1.0089
2.0441 	 -0.0211 	 -0.0266 	 -0.5422 	 0.5896 	 0.0173 	 0.8299 	 0.5816 	 -0.1967 	 1.0055
2.0541 	 -0.0151 	 -0.0264 	 -0.5338 	 0.5954 	 0.0153 	 0.8399 	 0.5716 	 -0.2018 	 1.0029
2.0641 	 -0.0091 	 -0.0263 	 -0.5254 	 0.6011 	 0.0133 	 0.8500 	 0.5609 	 -0.2070 	 1.0012
2.0741 	 -0.0031 	 -0.0261 	 -0.5168 	 0.6066 	 0.0112 	 0.8600 	 0.5521 	 -0.2129 	 1.0121
2.0842 	 0.0030 	 -0.0260 	 -0.5081 	 0.6121 	 0.0090 	 0.8701 	 0.5394 	 -0.2189 	 1.0091
2.0942 	 0.0092 	 -0.0260 	 -0.4994 	 0.6174 	 0.0068 	 0.8802 	 0.5260 	 -0.2254 	 1.0070
2.1042 	 0.0154 	 -0.0259 	 -0.4905 	 0.6226 	 0.0045 	 0.8904 	 0.5123 	 -0.2325 	 1.0102
2.1142 	 0.0217 	 -0.0259 	 -0.4815 	 0.6277 	 0.0021 	 0.9005 	 0.4989 	 -0.2414 	 1.0135
2.1242 	 0.0280 	 -0.0259 	 -0.4725 	 0.6326 	 -0.0004 	 0.9106 	 0.4826 	 -0.2500 	 1.0096
2.1343 	 0.0343 	 -0.0259 	 -0.4633 	 0.6374 	 -0.0029 	 0.9208 	 0.4663 	 -0.2604 	 1.0103
2.1443 	 0.0408 	 -0.0259 	 -0.4540 	 0.6420 	 -0.0056 	 0.9309 	 0.4474 	 -0.2719 	 1.0097
2.1543 	 0.0472 	 -0.0260 	 -0.4446 	 0.6464 	 -0.0084 	 0.9410 	 0.4271 	 -0.2852 	 1.0059
2.1643 	 0.0537 	 -0.0261 	 -0.4352 	 0.6505 	 -0.0113 	 0.9511 	 0.4028 	 -0.2994 	 0.9978
2.1743 	 0.0602 	 -0.0262 	 -0.4256 	 0.6544 	 -0.0144 	 0.9610 	 0.3740 	 -0.3183 	 0.9790
2.1844 	 0.0668 	 -0.0264 	 -0.4159 	 0.6580 	 -0.0177 	 0.9707 	 0.3386 	 -0.3414 	 0.9581
2.1944 	 0.0734 	 -0.0266 	 -0.4061 	 0.6611 	 -0.0212 	 0.9803 	 0.2911 	 -0.3700 	 0.9334
2.2044 	 0.0801 	 -0.0268 	 -0.3963 	 0.6638 	 -0.0251 	 0.9894 	 0.2328 	 -0.4024 	 0.8835
2.2144 	 0.0867 	 -0.0271 	 -0.3863 	 0.6657 	 -0.0293 	 0.9979 	 0.1434 	 -0.4415 	 0.8128
2.2244 	 0.0934 	 -0.0274 	 -0.3763 	 0.6665 	 -0.0339 	 1.0056 	 0.0196 	 -0.4738 	 0.7232
2.2345 	 0.1001 	 -0.0278 	 -0.3662 	 0.6660 	 -0.0388 	 1.0123 	 -0.1309 	 -0.4813 	 0.6147
2.2445 	 0.1067 	 -0.0282 	 -0.3560 	 0.6639 	 -0.0435 	 1.0179 	 -0.2960 	 -0.4689 	 0.5118
2.2545 	 0.1134 	 -0.0286 	 -0.3458 	 0.6600 	 -0.0480 	 1.0224 	 -0.4523 	 -0.4181 	 0.3865
2.2645 	 0.1200 	 -0.0291 	 -0.3355 	 0.6549 	 -0.0520 	 1.0259 	 -0.5584 	 -0.3780 	 0.3127
2.2745 	 0.1265 	 -0.0297 	 -0.3252 	 0.6489 	 -0.0556 	 1.0286 	 -0.6383 	 -0.3400 	 0.2303
2.2846 	 0.1330 	 -0.0302 	 -0.3149 	 0.6422 	 -0.0588 	 1.0306 	 -0.6964 	 -0.3082 	 0.1545
2.2946 	 0.1394 	 -0.0308 	 -0.3046 	 0.6350 	 -0.0618 	 1.0318 	 -0.7392 	 -0.2824 	 0.0888
2.3046 	 0.1457 	 -0.0315 	 -0.2942 	 0.6274 	 -0.0645 	 1.0324 	 -0.7728 	 -0.2616 	 0.0328
2.3146 	 0.1519 	 -0.0321 	 -0.2839 	 0.6196 	 -0.0670 	 1.0325 	 -0.8032 	 -0.2446 	 -0.0100
2.3246 	 0.1581 	 -0.0328 	 -0.2735 	 0.6114 	 -0.0694 	 1.0321 	 -0.8287 	 -0.2313 	 -0.0542
2.3347 	 0.1642 	 -0.0335 	 -0.2632 	 0.6030 	 -0.0717 	 1.0314 	 -0.8526 	 -0.2209 	 -0.0948
2.3447 	 0.1702 	 -0.0342 	 -0.2529 	 0.5943 	 -0.0738 	 1.0303 	 -0.8757 	 -0.2129 	 -0.1334
2.3547 	 0.1761 	 -0.0350 	 -0.2425 	 0.5854 	 -0.0759 	 1.0287 	 -0.8980 	 -0.2069 	 -0.1712
2.3647 	 0.1819 	 -0.0358 	 -0.2322 	 0.5763 	 -0.0780 	 1.0268 	 -0.9234 	 -0.2075 	 -0.2096
2.3747 	 0.1876 	 -0.0366 	 -0.2220 	 0.5669 	 -0.0801 	 1.0245 	 -0.9445 	 -0.2039 	 -0.2485
2.3848 	 0.1933 	 -0.0374 	 -0.2117 	 0.5573 	 -0.0821 	 1.0218 	 -0.9655 	 -0.2013 	 -0.2892
2.3948 	 0.1988 	 -0.0382 	 -0.2015 	 0.5476 	 -0.0841 	 1.0187 	 -0.9868 	 -0.1989 	 -0.3330
2.4048 	 0.2042 	 -0.0391 	 -0.1913 	 0.5376 	 -0.0861 	 1.0151 	 -1.0082 	 -0.1936 	 -0.3817
2.4148 	 0.2096 	 -0.0399 	 -0.1812 	 0.5274 	 -0.0880 	 1.0111 	 -1.0287 	 -0.1786 	 -0.4202
2.4248 	 0.2148 	 -0.0408 	 -0.1710 	 0.5170 	 -0.0896 	 1.0067 	 -1.0420 	 -0.1521 	 -0.4593
2.4349 	 0.2199 	 -0.0417 	 -0.1610 	 0.5064 	 -0.0910 	 1.0020 	 -1.0594 	 -0.1346 	 -0.4878
2.4449 	 0.2250 	 -0.0426 	 -0.1510 	 0.4958 	 -0.0923 	 0.9969 	 -1.0692 	 -0.1179 	 -0.5230
2.4549 	 0.2299 	 -0.0436 	 -0.1410 	 0.4850 	 -0.0934 	 0.9915 	 -1.0841 	 -0.1037 	 -0.5564
2.4649 	 0.2347 	 -0.0445 	 -0.1311 	 0.4741 	 -0.0944 	 0.9858 	 -1.0937 	 -0.0890 	 -0.5799
2.4749 	 0.2394 	 -0.0455 	 -0.1213 	 0.4631 	 -0.0952 	 0.9798 	 -1.1009 	 -0.0749 	 -0.6078
2.4850 	 0.2440 	 -0.0464 	 -0.1115 	 0.4520 	 -0.0959 	 0.9736 	 -1.1075 	 -0.0616 	 -0.6339
2.4950 	 0.2484 	 -0.0474 	 -0.1017 	 0.4409 	 -0.0964 	 0.9671 	 -1.1137 	 -0.0489 	 -0.6585
2.5050 	 0.2528 	 -0.0484 	 -0.0921 	 0.4297 	 -0.0969 	 0.9604 	 -1.1194 	 -0.0369 	 -0.6818
2.5150 	 0.2570 	 -0.0493 	 -0.0825 	 0.4184 	 -0.0972 	 0.9535 	 -1.1304 	 -0.0238 	 -0.7024
2.5251 	 0.2612 	 -0.0503 	 -0.0730 	 0.4071 	 -0.0973 	 0.9464 	 -1.1351 	 -0.0131 	 -0.7239
2.5351 	 0.2652 	 -0.0513 	 -0.0635 	 0.3957 	 -0.0974 	 0.9390 	 -1.1397 	 -0.0029 	 -0.7446
2.5451 	 0.2691 	 -0.0523 	 -0.0542 	 0.3842 	 -0.0974 	 0.9314 	 -1.1485 	 0.0077 	 -0.7604
2.5551 	 0.2729 	 -0.0532 	 -0.0449 	 0.3727 	 -0.0973 	 0.9238 	 -1.1475 	 0.0171 	 -0.7630
2.5651 	 0.2766 	 -0.0542 	 -0.0357 	 0.3612 	 -0.0971 	 0.9161 	 -1.1455 	 0.0257 	 -0.7751
2.5752 	 0.2801 	 -0.0552 	 -0.0265 	 0.3498 	 -0.0968 	 0.9084 	 -1.1331 	 0.0355 	 -0.7634
2.5852 	 0.2836 	 -0.0561 	 -0.0174 	 0.3385 	 -0.0964 	 0.9007 	 -1.1155 	 0.0366 	 -0.7516
2.5952 	 0.2869 	 -0.0571 	 -0.0085 	 0.3274 	 -0.0960 	 0.8932 	 -1.0992 	 0.0434 	 -0.7433
2.6052 	 0.2901 	 -0.0581 	 0.0005 	 0.3165 	 -0.0955 	 0.8859 	 -1.0677 	 0.0528 	 -0.6993
2.6152 	 0.2933 	 -0.0590 	 0.0093 	 0.3059 	 -0.0949 	 0.8789 	 -1.0581 	 0.0594 	 -0.6989
2.6253 	 0.2963 	 -0.0600 	 0.0181 	 0.2954 	 -0.0943 	 0.8720 	 -1.0400 	 0.0663 	 -0.6889
2.6353 	 0.2992 	 -0.0609 	 0.0268 	 0.2851 	 -0.0936 	 0.8652 	 -1.0254 	 0.0710 	 -0.6827
2.6453 	 0.3020 	 -0.0618 	 0.0354 	 0.2749 	 -0.0929 	 0.8583 	 -1.0082 	 0.0776 	 -0.6713
2.6553 	 0.3047 	 -0.0628 	 0.0440 	 0.2649 	 -0.0921 	 0.8517 	 -0.9921 	 0.0829 	 -0.6543
2.6653 	 0.3073 	 -0.0637 	 0.0525 	 0.2550 	 -0.0912 	 0.8452 	 -0.9757 	 0.0878 	 -0.6477
2.6754 	 0.3098 	 -0.0646 	 0.0609 	 0.2453 	 -0.0903 	 0.8387 	 -0.9603 	 0.0927 	 -0.6411
2.6854 	 0.3122 	 -0.0655 	 0.0693 	 0.2358 	 -0.0894 	 0.8324 	 -0.9374 	 0.0967 	 -0.6243
2.6954 	 0.3145 	 -0.0664 	 0.0776 	 0.2264 	 -0.0884 	 0.8262 	 -0.9270 	 0.1026 	 -0.6111
2.7054 	 0.3168 	 -0.0673 	 0.0858 	 0.2173 	 -0.0873 	 0.8202 	 -0.9036 	 0.1131 	 -0.5913
2.7154 	 0.3189 	 -0.0681 	 0.0940 	 0.2083 	 -0.0862 	 0.8143 	 -0.8893 	 0.1158 	 -0.5863
2.7255 	 0.3209 	 -0.0690 	 0.1022 	 0.1995 	 -0.0850 	 0.8084 	 -0.8756 	 0.1182 	 -0.5825
2.7355 	 0.3229 	 -0.0698 	 0.1102 	 0.1908 	 -0.0838 	 0.8026 	 -0.8577 	 0.1194 	 -0.5755
2.7455 	 0.3248 	 -0.0707 	 0.1182 	 0.1823 	 -0.0826 	 0.7969 	 -0.8444 	 0.1209 	 -0.5725
2.7555 	 0.3265 	 -0.0715 	 0.1262 	 0.1739 	 -0.0814 	 0.7911 	 -0.8317 	 0.1222 	 -0.5704
2.7655 	 0.3282 	 -0.0723 	 0.1341 	 0.1656 	 -0.0801 	 0.7854 	 -0.8145 	 0.1229 	 -0.5645
2.7756 	 0.3299 	 -0.0731 	 0.1419 	 0.1575 	 -0.0789 	 0.7798 	 -0.8015 	 0.1236 	 -0.5623
2.7856 	 0.3314 	 -0.0739 	 0.1497 	 0.1495 	 -0.0777 	 0.7742 	 -0.7890 	 0.1241 	 -0.5608
2.7956 	 0.3329 	 -0.0747 	 0.1575 	 0.1417 	 -0.0764 	 0.7686 	 -0.7833 	 0.1236 	 -0.5611
2.8056 	 0.3342 	 -0.0754 	 0.1651 	 0.1339 	 -0.0752 	 0.7629 	 -0.7727 	 0.1179 	 -0.5582
2.8156 	 0.3355 	 -0.0762 	 0.1727 	 0.1262 	 -0.0740 	 0.7574 	 -0.7612 	 0.1175 	 -0.5581
2.8257 	 0.3368 	 -0.0769 	 0.1803 	 0.1186 	 -0.0728 	 0.7518 	 -0.7502 	 0.1169 	 -0.5584
2.8357 	 0.3379 	 -0.0776 	 0.1878 	 0.1112 	 -0.0717 	 0.7462 	 -0.7381 	 0.1150 	 -0.5527
2.8457 	 0.3390 	 -0.0783 	 0.1953 	 0.1038 	 -0.0705 	 0.7406 	 -0.7276 	 0.1141 	 -0.5529
2.8557 	 0.3400 	 -0.0790 	 0.2027 	 0.0966 	 -0.0694 	 0.7351 	 -0.7174 	 0.1130 	 -0.5534
2.8657 	 0.3409 	 -0.0797 	 0.2100 	 0.0895 	 -0.0683 	 0.7295 	 -0.7074 	 0.1119 	 -0.5541
2.8758 	 0.3418 	 -0.0804 	 0.2173 	 0.0824 	 -0.0671 	 0.7240 	 -0.6976 	 0.1107 	 -0.5549
2.8858 	 0.3426 	 -0.0811 	 0.2245 	 0.0755 	 -0.0660 	 0.7184 	 -0.6881 	 0.1095 	 -0.5559
2.8958 	 0.3433 	 -0.0817 	 0.2317 	 0.0686 	 -0.0650 	 0.7128 	 -0.6787 	 0.1082 	 -0.5570
2.9058 	 0.3440 	 -0.0824 	 0.2388 	 0.0619 	 -0.0639 	 0.7073 	 -0.6695 	 0.1069 	 -0.5582
2.9158 	 0.3446 	 -0.0830 	 0.2458 	 0.0552 	 -0.0628 	 0.7017 	 -0.6605 	 0.1057 	 -0.5594
2.9259 	 0.3451 	 -0.0836 	 0.2528 	 0.0487 	 -0.0618 	 0.6961 	 -0.6465 	 0.1042 	 -0.5563
2.9359 	 0.3455 	 -0.0842 	 0.2598 	 0.0423 	 -0.0607 	 0.6905 	 -0.6330 	 0.1033 	 -0.5524
2.9459 	 0.3459 	 -0.0849 	 0.2667 	 0.0360 	 -0.0597 	 0.6850 	 -0.6164 	 0.0991 	 -0.5415
2.9559 	 0.3462 	 -0.0854 	 0.2735 	 0.0299 	 -0.0587 	 0.6797 	 -0.6034 	 0.0957 	 -0.5337
2.9659 	 0.3465 	 -0.0860 	 0.2803 	 0.0239 	 -0.0578 	 0.6743 	 -0.5936 	 0.0942 	 -0.5307
2.9760 	 0.3467 	 -0.0866 	 0.2870 	 0.0180 	 -0.0568 	 0.6690 	 -0.5841 	 0.0927 	 -0.5278
2.9860 	 0.3469 	 -0.0872 	 0.2937 	 0.0122 	 -0.0559 	 0.6638 	 -0.5720 	 0.0889 	 -0.5195
2.9960 	 0.3470 	 -0.0877 	 0.3003 	 0.0065 	 -0.0550 	 0.6586 	 -0.5627 	 0.0872 	 -0.5154
3.0060 	 0.3470 	 -0.0883 	 0.3069 	 0.0009 	 -0.0542 	 0.6534 	 -0.5539 	 0.0857 	 -0.5113
3.0160 	 0.3470 	 -0.0888 	 0.3134 	 -0.0046 	 -0.0533 	 0.6483 	 -0.5454 	 0.0843 	 -0.5074
3.0261 	 0.3469 	 -0.0893 	 0.3199 	 -0.0100 	 -0.0525 	 0.6433 	 -0.5374 	 0.0830 	 -0.5035
3.0361 	 0.3468 	 -0.0899 	 0.3263 	 -0.0154 	 -0.0517 	 0.6382 	 -0.5297 	 0.0818 	 -0.4998
3.0461 	 0.3466 	 -0.0904 	 0.3327 	 -0.0206 	 -0.0508 	 0.6333 	 -0.5224 	 0.0807 	 -0.4963
3.0561 	 0.3464 	 -0.0909 	 0.3390 	 -0.0258 	 -0.0500 	 0.6283 	 -0.5099 	 0.0785 	 -0.4889
3.0661 	 0.3461 	 -0.0914 	 0.3453 	 -0.0309 	 -0.0493 	 0.6234 	 -0.5027 	 0.0775 	 -0.4850
3.0762 	 0.3458 	 -0.0919 	 0.3515 	 -0.0359 	 -0.0485 	 0.6186 	 -0.4959 	 0.0766 	 -0.4814
3.0862 	 0.3454 	 -0.0923 	 0.3577 	 -0.0408 	 -0.0477 	 0.6138 	 -0.4893 	 0.0758 	 -0.4779
3.0962 	 0.3449 	 -0.0928 	 0.3638 	 -0.0457 	 -0.0470 	 0.6090 	 -0.4831 	 0.0750 	 -0.4745
3.1062 	 0.3445 	 -0.0933 	 0.3699 	 -0.0505 	 -0.0462 	 0.6043 	 -0.4771 	 0.0744 	 -0.4714
3.1162 	 0.3439 	 -0.0937 	 0.3759 	 -0.0552 	 -0.0455 	 0.5996 	 -0.4689 	 0.0734 	 -0.4618
3.1263 	 0.3434 	 -0.0942 	 0.3819 	 -0.0599 	 -0.0448 	 0.5950 	 -0.4632 	 0.0728 	 -0.4579
3.1363 	 0.3427 	 -0.0946 	 0.3878 	 -0.0645 	 -0.0440 	 0.5905 	 -0.4577 	 0.0723 	 -0.4542
3.1463 	 0.3421 	 -0.0951 	 0.3937 	 -0.0691 	 -0.0433 	 0.5859 	 -0.4526 	 0.0718 	 -0.4508
3.1563 	 0.3414 	 -0.0955 	 0.3996 	 -0.0736 	 -0.0426 	 0.5814 	 -0.4503 	 0.0691 	 -0.4420
3.1663 	 0.3406 	 -0.0959 	 0.4054 	 -0.0781 	 -0.0419 	 0.5770 	 -0.4458 	 0.0685 	 -0.4387
3.1764 	 0.3398 	 -0.0964 	 0.4112 	 -0.0825 	 -0.0412 	 0.5726 	 -0.4414 	 0.0680 	 -0.4356
3.1864 	 0.3389 	 -0.0968 	 0.4169 	 -0.0869 	 -0.0405 	 0.5683 	 -0.4317 	 0.0663 	 -0.4297
3.1964 	 0.3380 	 -0.0972 	 0.4225 	 -0.0912 	 -0.0399 	 0.5640 	 -0.4273 	 0.0658 	 -0.4267
3.2064 	 0.3371 	 -0.0976 	 0.4282 	 -0.0955 	 -0.0392 	 0.5597 	 -0.4231 	 0.0654 	 -0.4240
3.2164 	 0.3361 	 -0.0980 	 0.4338 	 -0.0997 	 -0.0386 	 0.5555 	 -0.4190 	 0.0649 	 -0.4214
3.2265 	 0.3351 	 -0.0983 	 0.4393 	 -0.1039 	 -0.0379 	 0.5513 	 -0.4150 	 0.0645 	 -0.4191
3.2365 	 0.3341 	 -0.0987 	 0.4448 	 -0.1080 	 -0.0373 	 0.5471 	 -0.4112 	 0.0642 	 -0.4169
3.2465 	 0.3330 	 -0.0991 	 0.4503 	 -0.1121 	 -0.0366 	 0.5429 	 -0.4074 	 0.0639 	 -0.4149
3.2565 	 0.3318 	 -0.0994 	 0.4557 	 -0.1162 	 -0.0360 	 0.5388 	 -0.4037 	 0.0636 	 -0.4131
3.2665 	 0.3306 	 -0.0998 	 0.4611 	 -0.1202 	 -0.0354 	 0.5347 	 -0.4001 	 0.0633 	 -0.4114
3.2766 	 0.3294 	 -0.1002 	 0.4664 	 -0.1242 	 -0.0347 	 0.5305 	 -0.3966 	 0.0631 	 -0.4099
3.2866 	 0.3281 	 -0.1005 	 0.4717 	 -0.1281 	 -0.0341 	 0.5264 	 -0.3931 	 0.0629 	 -0.4085
3.2966 	 0.3268 	 -0.1008 	 0.4770 	 -0.1321 	 -0.0335 	 0.5224 	 -0.3898 	 0.0627 	 -0.4072
3.3066 	 0.3255 	 -0.1012 	 0.4822 	 -0.1359 	 -0.0328 	 0.5183 	 -0.3865 	 0.0626 	 -0.4060
3.3166 	 0.3241 	 -0.1015 	 0.4873 	 -0.1398 	 -0.0322 	 0.5142 	 -0.3832 	 0.0625 	 -0.4050
3.3267 	 0.3227 	 -0.1018 	 0.4925 	 -0.1436 	 -0.0316 	 0.5102 	 -0.3801 	 0.0624 	 -0.4040
3.3367 	 0.3212 	 -0.1021 	 0.4976 	 -0.1474 	 -0.0310 	 0.5061 	 -0.3770 	 0.0623 	 -0.4032
3.3467 	 0.3197 	 -0.1024 	 0.5026 	 -0.1512 	 -0.0303 	 0.5021 	 -0.3739 	 0.0622 	 -0.4024
3.3567 	 0.3182 	 -0.1027 	 0.5076 	 -0.1549 	 -0.0297 	 0.4981 	 -0.3710 	 0.0622 	 -0.4017
3.3667 	 0.3166 	 -0.1030 	 0.5126 	 -0.1586 	 -0.0291 	 0.4940 	 -0.3681 	 0.0622 	 -0.4011
3.3768 	 0.3150 	 -0.1033 	 0.5175 	 -0.1622 	 -0.0285 	 0.4901 	 -0.3598 	 0.0613 	 -0.3968
3.3868 	 0.3134 	 -0.1036 	 0.5224 	 -0.1658 	 -0.0279 	 0.4861 	 -0.3568 	 0.0613 	 -0.3960
3.3968 	 0.3117 	 -0.1039 	 0.5273 	 -0.1694 	 -0.0272 	 0.4821 	 -0.3539 	 0.0612 	 -0.3952
3.4068 	 0.3100 	 -0.1041 	 0.5321 	 -0.1729 	 -0.0266 	 0.4782 	 -0.3510 	 0.0612 	 -0.3945
3.4168 	 0.3082 	 -0.1044 	 0.5369 	 -0.1764 	 -0.0260 	 0.4742 	 -0.3482 	 0.0612 	 -0.3938
3.4269 	 0.3064 	 -0.1047 	 0.5416 	 -0.1799 	 -0.0254 	 0.4703 	 -0.3456 	 0.0613 	 -0.3932
3.4369 	 0.3046 	 -0.1049 	 0.5463 	 -0.1834 	 -0.0248 	 0.4663 	 -0.3430 	 0.0613 	 -0.3926
3.4469 	 0.3028 	 -0.1052 	 0.5509 	 -0.1868 	 -0.0242 	 0.4624 	 -0.3405 	 0.0614 	 -0.3920
3.4569 	 0.3009 	 -0.1054 	 0.5555 	 -0.1902 	 -0.0236 	 0.4585 	 -0.3381 	 0.0614 	 -0.3916
3.4669 	 0.2990 	 -0.1056 	 0.5601 	 -0.1936 	 -0.0229 	 0.4546 	 -0.3358 	 0.0615 	 -0.3911
3.4770 	 0.2970 	 -0.1059 	 0.5647 	 -0.1969 	 -0.0223 	 0.4506 	 -0.3336 	 0.0616 	 -0.3907
3.4870 	 0.2950 	 -0.1061 	 0.5691 	 -0.2002 	 -0.0217 	 0.4467 	 -0.3315 	 0.0617 	 -0.3904
3.4970 	 0.2930 	 -0.1063 	 0.5736 	 -0.2036 	 -0.0211 	 0.4428 	 -0.3295 	 0.0619 	 -0.3900
3.5070 	 0.2909 	 -0.1065 	 0.5780 	 -0.2068 	 -0.0205 	 0.4389 	 -0.3219 	 0.0616 	 -0.3866
3.5170 	 0.2888 	 -0.1067 	 0.5824 	 -0.2100 	 -0.0199 	 0.4351 	 -0.3234 	 0.0623 	 -0.3811
3.5271 	 0.2867 	 -0.1069 	 0.5867 	 -0.2132 	 -0.0192 	 0.4312 	 -0.3210 	 0.0624 	 -0.3817
3.5371 	 0.2846 	 -0.1071 	 0.5910 	 -0.2165 	 -0.0186 	 0.4274 	 -0.3187 	 0.0625 	 -0.3823
3.5471 	 0.2824 	 -0.1073 	 0.5953 	 -0.2196 	 -0.0180 	 0.4236 	 -0.3164 	 0.0626 	 -0.3830
3.5571 	 0.2802 	 -0.1075 	 0.5995 	 -0.2228 	 -0.0174 	 0.4197 	 -0.3141 	 0.0628 	 -0.3839
3.5671 	 0.2779 	 -0.1076 	 0.6037 	 -0.2259 	 -0.0167 	 0.4159 	 -0.3119 	 0.0629 	 -0.3848
3.5772 	 0.2756 	 -0.1078 	 0.6079 	 -0.2290 	 -0.0161 	 0.4120 	 -0.3097 	 0.0630 	 -0.3857
3.5872 	 0.2733 	 -0.1080 	 0.6120 	 -0.2321 	 -0.0155 	 0.4082 	 -0.3076 	 0.0632 	 -0.3868
3.5972 	 0.2710 	 -0.1081 	 0.6160 	 -0.2352 	 -0.0148 	 0.4043 	 -0.3055 	 0.0634 	 -0.3880
3.6072 	 0.2686 	 -0.1082 	 0.6201 	 -0.2383 	 -0.0142 	 0.4004 	 -0.3034 	 0.0635 	 -0.3892
3.6172 	 0.2662 	 -0.1084 	 0.6241 	 -0.2413 	 -0.0136 	 0.3965 	 -0.3014 	 0.0637 	 -0.3905
3.6273 	 0.2638 	 -0.1085 	 0.6280 	 -0.2443 	 -0.0129 	 0.3926 	 -0.2994 	 0.0639 	 -0.3919
3.6373 	 0.2613 	 -0.1086 	 0.6319 	 -0.2473 	 -0.0123 	 0.3886 	 -0.3001 	 0.0588 	 -0.3952
3.6473 	 0.2588 	 -0.1088 	 0.6358 	 -0.2503 	 -0.0117 	 0.3847 	 -0.2926 	 0.0578 	 -0.3935
3.6573 	 0.2563 	 -0.1089 	 0.6396 	 -0.2532 	 -0.0112 	 0.3807 	 -0.2956 	 0.0578 	 -0.3986
3.6673 	 0.2538 	 -0.1090 	 0.6434 	 -0.2561 	 -0.0106 	 0.3767 	 -0.2931 	 0.0582 	 -0.3997
3.6774 	 0.2512 	 -0.1091 	 0.6472 	 -0.2591 	 -0.0100 	 0.3727 	 -0.2906 	 0.0586 	 -0.4009
3.6874 	 0.2486 	 -0.1092 	 0.6509 	 -0.2620 	 -0.0094 	 0.3687 	 -0.2881 	 0.0589 	 -0.4020
3.6974 	 0.2459 	 -0.1093 	 0.6546 	 -0.2648 	 -0.0088 	 0.3647 	 -0.2856 	 0.0592 	 -0.4032
3.7074 	 0.2433 	 -0.1094 	 0.6582 	 -0.2677 	 -0.0082 	 0.3606 	 -0.2856 	 0.0597 	 -0.3995
3.7174 	 0.2406 	 -0.1094 	 0.6618 	 -0.2706 	 -0.0076 	 0.3566 	 -0.2826 	 0.0599 	 -0.4018
3.7275 	 0.2378 	 -0.1095 	 0.6654 	 -0.2734 	 -0.0070 	 0.3526 	 -0.2797 	 0.0600 	 -0.4041
3.7375 	 0.2351 	 -0.1096 	 0.6689 	 -0.2762 	 -0.0064 	 0.3485 	 -0.2769 	 0.0601 	 -0.4065
3.7475 	 0.2323 	 -0.1096 	 0.6723 	 -0.2789 	 -0.0058 	 0.3444 	 -0.2740 	 0.0601 	 -0.4089
3.7575 	 0.2295 	 -0.1097 	 0.6758 	 -0.2816 	 -0.0052 	 0.3403 	 -0.2711 	 0.0601 	 -0.4114
3.7675 	 0.2267 	 -0.1098 	 0.6792 	 -0.2844 	 -0.0046 	 0.3362 	 -0.2683 	 0.0601 	 -0.4138
3.7776 	 0.2238 	 -0.1098 	 0.6825 	 -0.2870 	 -0.0040 	 0.3320 	 -0.2655 	 0.0600 	 -0.4164
3.7876 	 0.2209 	 -0.1098 	 0.6858 	 -0.2897 	 -0.0034 	 0.3279 	 -0.2618 	 0.0612 	 -0.4119
3.7976 	 0.2180 	 -0.1099 	 0.6891 	 -0.2923 	 -0.0028 	 0.3238 	 -0.2591 	 0.0612 	 -0.4137
3.8076 	 0.2151 	 -0.1099 	 0.6923 	 -0.2949 	 -0.0022 	 0.3196 	 -0.2563 	 0.0612 	 -0.4157
3.8176 	 0.2121 	 -0.1099 	 0.6955 	 -0.2974 	 -0.0016 	 0.3155 	 -0.2536 	 0.0611 	 -0.4177
3.8277 	 0.2091 	 -0.1099 	 0.6986 	 -0.2999 	 -0.0009 	 0.3113 	 -0.2489 	 0.0651 	 -0.4150
3.8377 	 0.2061 	 -0.1099 	 0.7017 	 -0.3024 	 -0.0003 	 0.3071 	 -0.2462 	 0.0651 	 -0.4169
3.8477 	 0.2030 	 -0.1099 	 0.7048 	 -0.3049 	 0.0004 	 0.3029 	 -0.2436 	 0.0651 	 -0.4189
3.8577 	 0.2000 	 -0.1099 	 0.7078 	 -0.3073 	 0.0010 	 0.2987 	 -0.2409 	 0.0650 	 -0.4209
3.8677 	 0.1969 	 -0.1099 	 0.7108 	 -0.3097 	 0.0017 	 0.2945 	 -0.2382 	 0.0649 	 -0.4231
3.8778 	 0.1938 	 -0.1099 	 0.7137 	 -0.3121 	 0.0023 	 0.2903 	 -0.2355 	 0.0648 	 -0.4254
3.8878 	 0.1906 	 -0.1099 	 0.7166 	 -0.3144 	 0.0030 	 0.2860 	 -0.2327 	 0.0646 	 -0.4277
3.8978 	 0.1875 	 -0.1098 	 0.7194 	 -0.3167 	 0.0036 	 0.2817 	 -0.2299 	 0.0643 	 -0.4301
3.9078 	 0.1843 	 -0.1098 	 0.7222 	 -0.3190 	 0.0043 	 0.2773 	 -0.2308 	 0.0611 	 -0.4364
3.9178 	 0.1811 	 -0.1097 	 0.7250 	 -0.3213 	 0.0049 	 0.2729 	 -0.2275 	 0.0609 	 -0.4386
3.9279 	 0.1778 	 -0.1097 	 0.7277 	 -0.3236 	 0.0055 	 0.2685 	 -0.2241 	 0.0606 	 -0.4408
3.9379 	 0.1746 	 -0.1096 	 0.7304 	 -0.3258 	 0.0061 	 0.2641 	 -0.2206 	 0.0603 	 -0.4429
3.9479 	 0.1713 	 -0.1096 	 0.7330 	 -0.3280 	 0.0067 	 0.2597 	 -0.2171 	 0.0598 	 -0.4450
3.9579 	 0.1680 	 -0.1095 	 0.7356 	 -0.3302 	 0.0073 	 0.2552 	 -0.2136 	 0.0593 	 -0.4469
3.9679 	 0.1647 	 -0.1094 	 0.7381 	 -0.3323 	 0.0079 	 0.2507 	 -0.2101 	 0.0588 	 -0.4487
3.9780 	 0.1613 	 -0.1093 	 0.7406 	 -0.3344 	 0.0085 	 0.2462 	 -0.2066 	 0.0582 	 -0.4503
3.9880 	 0.1580 	 -0.1092 	 0.7430 	 -0.3365 	 0.0090 	 0.2416 	 -0.2075 	 0.0571 	 -0.4563
3.9980 	 0.1546 	 -0.1092 	 0.7454 	 -0.3385 	 0.0096 	 0.2371 	 -0.2039 	 0.0565 	 -0.4574
4.0080 	 0.1512 	 -0.1091 	 0.7478 	 -0.3406 	 0.0102 	 0.2325 	 -0.2005 	 0.0560 	 -0.4585
4.0180 	 0.1478 	 -0.1090 	 0.7501 	 -0.3426 	 0.0107 	 0.2279 	 -0.1973 	 0.0554 	 -0.4596
4.0281 	 0.1443 	 -0.1088 	 0.7524 	 -0.3445 	 0.0113 	 0.2233 	 -0.1942 	 0.0549 	 -0.4608
4.0381 	 0.1409 	 -0.1087 	 0.7546 	 -0.3465 	 0.0118 	 0.2186 	 -0.1913 	 0.0545 	 -0.4623
4.0481 	 0.1374 	 -0.1086 	 0.7567 	 -0.3484 	 0.0124 	 0.2140 	 -0.1886 	 0.0541 	 -0.4641
4.0581 	 0.1339 	 -0.1085 	 0.7589 	 -0.3502 	 0.0129 	 0.2093 	 -0.1859 	 0.0538 	 -0.4665
4.0681 	 0.1304 	 -0.1083 	 0.7609 	 -0.3521 	 0.0135 	 0.2046 	 -0.1833 	 0.0535 	 -0.4695
4.0782 	 0.1268 	 -0.1082 	 0.7630 	 -0.3539 	 0.0140 	 0.1999 	 -0.1803 	 0.0532 	 -0.4733
4.0882 	 0.1233 	 -0.1081 	 0.7649 	 -0.3557 	 0.0145 	 0.1952 	 -0.1768 	 0.0527 	 -0.4779
4.0982 	 0.1197 	 -0.1079 	 0.7669 	 -0.3574 	 0.0150 	 0.1903 	 -0.1724 	 0.0519 	 -0.4830
4.1082 	 0.1161 	 -0.1078 	 0.7688 	 -0.3591 	 0.0156 	 0.1855 	 -0.1670 	 0.0507 	 -0.4880
4.1182 	 0.1125 	 -0.1076 	 0.7706 	 -0.3608 	 0.0161 	 0.1806 	 -0.1607 	 0.0490 	 -0.4924
4.1283 	 0.1089 	 -0.1074 	 0.7724 	 -0.3624 	 0.0165 	 0.1756 	 -0.1540 	 0.0469 	 -0.4957
4.1383 	 0.1053 	 -0.1073 	 0.7741 	 -0.3639 	 0.0170 	 0.1706 	 -0.1474 	 0.0448 	 -0.4980
4.1483 	 0.1016 	 -0.1071 	 0.7758 	 -0.3653 	 0.0174 	 0.1656 	 -0.1411 	 0.0425 	 -0.4993
4.1583 	 0.0979 	 -0.1069 	 0.7774 	 -0.3667 	 0.0178 	 0.1606 	 -0.1352 	 0.0403 	 -0.4999
4.1683 	 0.0943 	 -0.1067 	 0.7790 	 -0.3680 	 0.0182 	 0.1556 	 -0.1298 	 0.0382 	 -0.5000
4.1784 	 0.0906 	 -0.1066 	 0.7806 	 -0.3693 	 0.0186 	 0.1506 	 -0.1247 	 0.0361 	 -0.4997
4.1884 	 0.0869 	 -0.1064 	 0.7820 	 -0.3705 	 0.0190 	 0.1456 	 -0.1200 	 0.0341 	 -0.4993
4.1984 	 0.0831 	 -0.1062 	 0.7835 	 -0.3717 	 0.0193 	 0.1406 	 -0.1155 	 0.0321 	 -0.4987
4.2084 	 0.0794 	 -0.1060 	 0.7849 	 -0.3728 	 0.0196 	 0.1356 	 -0.1112 	 0.0302 	 -0.4980
4.2184 	 0.0757 	 -0.1058 	 0.7862 	 -0.3739 	 0.0199 	 0.1306 	 -0.1070 	 0.0283 	 -0.4972
4.2285 	 0.0719 	 -0.1056 	 0.7875 	 -0.3750 	 0.0202 	 0.1257 	 -0.1030 	 0.0264 	 -0.4964
4.2385 	 0.0681 	 -0.1054 	 0.7887 	 -0.3760 	 0.0204 	 0.1207 	 -0.0991 	 0.0244 	 -0.4955
4.2485 	 0.0644 	 -0.1052 	 0.7899 	 -0.3770 	 0.0207 	 0.1157 	 -0.0952 	 0.0225 	 -0.4946
4.2585 	 0.0606 	 -0.1050 	 0.7910 	 -0.3779 	 0.0209 	 0.1108 	 -0.0913 	 0.0206 	 -0.4937
4.2685 	 0.0568 	 -0.1048 	 0.7921 	 -0.3788 	 0.0211 	 0.1058 	 -0.0875 	 0.0186 	 -0.4927
4.2786 	 0.0530 	 -0.1045 	 0.7931 	 -0.3797 	 0.0213 	 0.1009 	 -0.0837 	 0.0167 	 -0.4917
4.2886 	 0.0492 	 -0.1043 	 0.7941 	 -0.3805 	 0.0214 	 0.0960 	 -0.0798 	 0.0147 	 -0.4907
4.2986 	 0.0454 	 -0.1041 	 0.7951 	 -0.3813 	 0.0216 	 0.0911 	 -0.0759 	 0.0127 	 -0.4897
4.3086 	 0.0416 	 -0.1039 	 0.7960 	 -0.3820 	 0.0217 	 0.0862 	 -0.0719 	 0.0107 	 -0.4886
4.3186 	 0.0377 	 -0.1037 	 0.7968 	 -0.3827 	 0.0218 	 0.0813 	 -0.0678 	 0.0087 	 -0.4875
4.3287 	 0.0339 	 -0.1035 	 0.7976 	 -0.3834 	 0.0218 	 0.0764 	 -0.0643 	 0.0061 	 -0.4793
4.3387 	 0.0300 	 -0.1032 	 0.7983 	 -0.3840 	 0.0219 	 0.0717 	 -0.0602 	 0.0040 	 -0.4771
4.3487 	 0.0262 	 -0.1030 	 0.7990 	 -0.3846 	 0.0219 	 0.0669 	 -0.0560 	 0.0020 	 -0.4749
4.3587 	 0.0223 	 -0.1028 	 0.7997 	 -0.3851 	 0.0219 	 0.0621 	 -0.0518 	 0.0001 	 -0.4727
4.3687 	 0.0185 	 -0.1026 	 0.8003 	 -0.3856 	 0.0219 	 0.0574 	 -0.0474 	 -0.0018 	 -0.4706
4.3788 	 0.0146 	 -0.1024 	 0.8008 	 -0.3861 	 0.0219 	 0.0527 	 -0.0430 	 -0.0036 	 -0.4684
4.3888 	 0.0107 	 -0.1021 	 0.8013 	 -0.3865 	 0.0218 	 0.0480 	 -0.0385 	 -0.0054 	 -0.4664
4.3988 	 0.0069 	 -0.1019 	 0.8018 	 -0.3868 	 0.0218 	 0.0434 	 -0.0340 	 -0.0070 	 -0.4643
4.4088 	 0.0030 	 -0.1017 	 0.8022 	 -0.3872 	 0.0217 	 0.0387 	 -0.0294 	 -0.0085 	 -0.4623
4.4188 	 -0.0009 	 -0.1015 	 0.8026 	 -0.3874 	 0.0216 	 0.0341 	 -0.0248 	 -0.0100 	 -0.4604
4.4289 	 -0.0048 	 -0.1013 	 0.8029 	 -0.3877 	 0.0215 	 0.0295 	 -0.0202 	 -0.0113 	 -0.4585
4.4389 	 -0.0087 	 -0.1011 	 0.8031 	 -0.3878 	 0.0214 	 0.0249 	 -0.0156 	 -0.0126 	 -0.4568
4.4489 	 -0.0126 	 -0.1009 	 0.8034 	 -0.3880 	 0.0213 	 0.0203 	 -0.0110 	 -0.0138 	 -0.4551
4.4589 	 -0.0164 	 -0.1006 	 0.8036 	 -0.3881 	 0.0211 	 0.0158 	 -0.0065 	 -0.0149 	 -0.4535
4.4689 	 -0.0203 	 -0.1004 	 0.8037 	 -0.3881 	 0.0210 	 0.0113 	 -0.0020 	 -0.0160 	 -0.4520
4.4790 	 -0.0242 	 -0.1002 	 0.8038 	 -0.3881 	 0.0208 	 0.0067 	 0.0025 	 -0.0171 	 -0.4506
4.4890 	 -0.0281 	 -0.1000 	 0.8038 	 -0.3880 	 0.0206 	 0.0022 	 0.0069 	 -0.0181 	 -0.4494
4.4990 	 -0.0320 	 -0.0998 	 0.8038 	 -0.3880 	 0.0204 	 -0.0023 	 0.0113 	 -0.0191 	 -0.4482
4.5090 	 -0.0359 	 -0.0996 	 0.8038 	 -0.3878 	 0.0202 	 -0.0067 	 0.0141 	 -0.0248 	 -0.4355
4.5190 	 -0.0398 	 -0.0994 	 0.8037 	 -0.3877 	 0.0199 	 -0.0110 	 0.0180 	 -0.0260 	 -0.4333
4.5291 	 -0.0437 	 -0.0992 	 0.8036 	 -0.3875 	 0.0197 	 -0.0154 	 0.0220 	 -0.0271 	 -0.4313
4.5391 	 -0.0475 	 -0.0990 	 0.8034 	 -0.3872 	 0.0194 	 -0.0197 	 0.0259 	 -0.0283 	 -0.4295
4.5491 	 -0.0514 	 -0.0988 	 0.8032 	 -0.3870 	 0.0191 	 -0.0240 	 0.0297 	 -0.0295 	 -0.4278
4.5591 	 -0.0553 	 -0.0986 	 0.8029 	 -0.3866 	 0.0188 	 -0.0282 	 0.0336 	 -0.0307 	 -0.4263
4.5691 	 -0.0592 	 -0.0984 	 0.8026 	 -0.3863 	 0.0185 	 -0.0324 	 0.0370 	 -0.0319 	 -0.4180
4.5792 	 -0.0630 	 -0.0983 	 0.8023 	 -0.3859 	 0.0182 	 -0.0366 	 0.0408 	 -0.0331 	 -0.4163
4.5892 	 -0.0669 	 -0.0981 	 0.8019 	 -0.3855 	 0.0178 	 -0.0408 	 0.0446 	 -0.0343 	 -0.4146
4.5992 	 -0.0708 	 -0.0979 	 0.8014 	 -0.3850 	 0.0175 	 -0.0449 	 0.0483 	 -0.0355 	 -0.4131
4.6092 	 -0.0746 	 -0.0977 	 0.8010 	 -0.3845 	 0.0171 	 -0.0491 	 0.0521 	 -0.0367 	 -0.4116
4.6192 	 -0.0785 	 -0.0976 	 0.8005 	 -0.3840 	 0.0167 	 -0.0532 	 0.0558 	 -0.0378 	 -0.4103
4.6293 	 -0.0823 	 -0.0974 	 0.7999 	 -0.3834 	 0.0164 	 -0.0573 	 0.0596 	 -0.0390 	 -0.4090
4.6393 	 -0.0861 	 -0.0972 	 0.7993 	 -0.3828 	 0.0160 	 -0.0614 	 0.0633 	 -0.0401 	 -0.4078
4.6493 	 -0.0900 	 -0.0971 	 0.7987 	 -0.3821 	 0.0156 	 -0.0655 	 0.0670 	 -0.0412 	 -0.4067
4.6593 	 -0.0938 	 -0.0969 	 0.7980 	 -0.3814 	 0.0151 	 -0.0695 	 0.0708 	 -0.0422 	 -0.4056
4.6693 	 -0.0976 	 -0.0968 	 0.7973 	 -0.3807 	 0.0147 	 -0.0736 	 0.0745 	 -0.0433 	 -0.4046
4.6794 	 -0.1014 	 -0.0966 	 0.7965 	 -0.3799 	 0.0143 	 -0.0776 	 0.0782 	 -0.0443 	 -0.4036
4.6894 	 -0.1052 	 -0.0965 	 0.7957 	 -0.3791 	 0.0138 	 -0.0817 	 0.0819 	 -0.0453 	 -0.4026
4.6994 	 -0.1090 	 -0.0963 	 0.7949 	 -0.3783 	 0.0134 	 -0.0857 	 0.0855 	 -0.0463 	 -0.4017
4.7094 	 -0.1128 	 -0.0962 	 0.7940 	 -0.3774 	 0.0129 	 -0.0897 	 0.0891 	 -0.0473 	 -0.4008
4.7194 	 -0.1166 	 -0.0961 	 0.7931 	 -0.3765 	 0.0124 	 -0.0937 	 0.0927 	 -0.0482 	 -0.3999
4.7295 	 -0.1204 	 -0.0960 	 0.7921 	 -0.3756 	 0.0119 	 -0.0977 	 0.0962 	 -0.0492 	 -0.3990
4.7395 	 -0.1241 	 -0.0958 	 0.7911 	 -0.3746 	 0.0114 	 -0.1017 	 0.0963 	 -0.0532 	 -0.4024
4.7495 	 -0.1279 	 -0.0957 	 0.7901 	 -0.3736 	 0.0109 	 -0.1058 	 0.1002 	 -0.0538 	 -0.4009
4.7595 	 -0.1316 	 -0.0956 	 0.7890 	 -0.3726 	 0.0103 	 -0.1098 	 0.1040 	 -0.0544 	 -0.3994
4.7695 	 -0.1353 	 -0.0955 	 0.7879 	 -0.3715 	 0.0098 	 -0.1138 	 0.1077 	 -0.0550 	 -0.3980
4.7796 	 -0.1390 	 -0.0954 	 0.7867 	 -0.3704 	 0.0092 	 -0.1178 	 0.1114 	 -0.0555 	 -0.3965
4.7896 	 -0.1427 	 -0.0953 	 0.7855 	 -0.3693 	 0.0087 	 -0.1217 	 0.1151 	 -0.0561 	 -0.3950
4.7996 	 -0.1464 	 -0.0953 	 0.7843 	 -0.3681 	 0.0081 	 -0.1257 	 0.1187 	 -0.0567 	 -0.3935
4.8096 	 -0.1501 	 -0.0952 	 0.7830 	 -0.3669 	 0.0075 	 -0.1296 	 0.1222 	 -0.0572 	 -0.3920
4.8196 	 -0.1538 	 -0.0951 	 0.7817 	 -0.3657 	 0.0070 	 -0.1335 	 0.1257 	 -0.0578 	 -0.3904
4.8297 	 -0.1575 	 -0.0950 	 0.7803 	 -0.3644 	 0.0064 	 -0.1374 	 0.1291 	 -0.0583 	 -0.3888
4.8397 	 -0.1611 	 -0.0950 	 0.7789 	 -0.3631 	 0.0058 	 -0.1413 	 0.1324 	 -0.0589 	 -0.3873
4.8497 	 -0.1647 	 -0.0949 	 0.7775 	 -0.3617 	 0.0052 	 -0.1452 	 0.1357 	 -0.0595 	 -0.3856
4.8597 	 -0.1683 	 -0.0949 	 0.7760 	 -0.3604 	 0.0046 	 -0.1490 	 0.1367 	 -0.0595 	 -0.3777
4.8697 	 -0.1720 	 -0.0948 	 0.7745 	 -0.3590 	 0.0040 	 -0.1528 	 0.1397 	 -0.0600 	 -0.3757
4.8798 	 -0.1755 	 -0.0948 	 0.7730 	 -0.3576 	 0.0034 	 -0.1565 	 0.1427 	 -0.0606 	 -0.3736
4.8898 	 -0.1791 	 -0.0948 	 0.7714 	 -0.3561 	 0.0028 	 -0.1603 	 0.1456 	 -0.0612 	 -0.3714
4.8998 	 -0.1827 	 -0.0947 	 0.7698 	 -0.3546 	 0.0022 	 -0.1640 	 0.1484 	 -0.0618 	 -0.3693
4.9098 	 -0.1862 	 -0.0947 	 0.7681 	 -0.3531 	 0.0016 	 -0.1677 	 0.1512 	 -0.0624 	 -0.3671
4.9198 	 -0.1898 	 -0.0947 	 0.7664 	 -0.3516 	 0.0009 	 -0.1713 	 0.1539 	 -0.0631 	 -0.3648
4.9299 	 -0.1933 	 -0.0947 	 0.7647 	 -0.3501 	 0.0003 	 -0.1750 	 0.1566 	 -0.0637 	 -0.3626
4.9399 	 -0.1968 	 -0.0947 	 0.7629 	 -0.3485 	 -0.0003 	 -0.1786 	 0.1592 	 -0.0644 	 -0.3602
4.9499 	 -0.2003 	 -0.0947 	 0.7611 	 -0.3469 	 -0.0010 	 -0.1822 	 0.1617 	 -0.0651 	 -0.3579
4.9599 	 -0.2037 	 -0.0947 	 0.7592 	 -0.3452 	 -0.0016 	 -0.1858 	 0.1642 	 -0.0659 	 -0.3555
4.9699 	 -0.2072 	 -0.0947 	 0.7574 	 -0.3436 	 -0.0023 	 -0.1893 	 0.1628 	 -0.0697 	 -0.3565
4.9800 	 -0.2106 	 -0.0948 	 0.7554 	 -0.3419 	 -0.0030 	 -0.1929 	 0.1657 	 -0.0701 	 -0.3534
4.9900 	 -0.2140 	 -0.0948 	 0.7535 	 -0.3403 	 -0.0037 	 -0.1964 	 0.1685 	 -0.0706 	 -0.3503
