100-Body Run with i = 86 th particle. (Units in pc,M_solar,Myr, km s-1) 

time		 x 		 y 		 z 		 xdot 		 ydot 		 zdot 		 xddot 		 yddot 		 zddot
0.0000 	 0.1665 	 -0.3332 	 -0.2832 	 0.0013 	 0.0075 	 0.0101 	 -0.1333 	 0.5897 	 0.1199
0.0100 	 0.1665 	 -0.3331 	 -0.2831 	 -0.0000 	 0.0134 	 0.0113 	 -0.1333 	 0.5900 	 0.1200
0.0200 	 0.1665 	 -0.3329 	 -0.2830 	 -0.0014 	 0.0193 	 0.0125 	 -0.1334 	 0.5902 	 0.1201
0.0301 	 0.1665 	 -0.3327 	 -0.2828 	 -0.0027 	 0.0253 	 0.0138 	 -0.1335 	 0.5906 	 0.1203
0.0401 	 0.1665 	 -0.3324 	 -0.2827 	 -0.0040 	 0.0312 	 0.0150 	 -0.1337 	 0.5910 	 0.1205
0.0501 	 0.1664 	 -0.3321 	 -0.2825 	 -0.0054 	 0.0371 	 0.0162 	 -0.1338 	 0.5914 	 0.1208
0.0601 	 0.1664 	 -0.3317 	 -0.2824 	 -0.0067 	 0.0430 	 0.0174 	 -0.1340 	 0.5919 	 0.1212
0.0701 	 0.1663 	 -0.3312 	 -0.2822 	 -0.0081 	 0.0490 	 0.0186 	 -0.1343 	 0.5925 	 0.1216
0.0802 	 0.1662 	 -0.3307 	 -0.2820 	 -0.0094 	 0.0549 	 0.0198 	 -0.1345 	 0.5932 	 0.1220
0.0902 	 0.1661 	 -0.3301 	 -0.2818 	 -0.0108 	 0.0609 	 0.0210 	 -0.1348 	 0.5939 	 0.1225
0.1002 	 0.1660 	 -0.3295 	 -0.2816 	 -0.0121 	 0.0668 	 0.0223 	 -0.1351 	 0.5946 	 0.1231
0.1102 	 0.1658 	 -0.3288 	 -0.2814 	 -0.0135 	 0.0728 	 0.0235 	 -0.1355 	 0.5955 	 0.1238
0.1202 	 0.1657 	 -0.3280 	 -0.2811 	 -0.0148 	 0.0787 	 0.0248 	 -0.1359 	 0.5964 	 0.1244
0.1303 	 0.1656 	 -0.3272 	 -0.2809 	 -0.0162 	 0.0847 	 0.0260 	 -0.1363 	 0.5974 	 0.1252
0.1403 	 0.1654 	 -0.3263 	 -0.2806 	 -0.0176 	 0.0907 	 0.0273 	 -0.1368 	 0.5984 	 0.1260
0.1503 	 0.1652 	 -0.3254 	 -0.2803 	 -0.0189 	 0.0967 	 0.0285 	 -0.1373 	 0.5995 	 0.1269
0.1603 	 0.1650 	 -0.3244 	 -0.2800 	 -0.0203 	 0.1028 	 0.0298 	 -0.1402 	 0.6056 	 0.1310
0.1703 	 0.1648 	 -0.3233 	 -0.2797 	 -0.0217 	 0.1088 	 0.0312 	 -0.1407 	 0.6067 	 0.1320
0.1804 	 0.1646 	 -0.3222 	 -0.2794 	 -0.0232 	 0.1149 	 0.0325 	 -0.1413 	 0.6079 	 0.1330
0.1904 	 0.1643 	 -0.3210 	 -0.2791 	 -0.0246 	 0.1210 	 0.0338 	 -0.1419 	 0.6092 	 0.1341
0.2004 	 0.1641 	 -0.3198 	 -0.2787 	 -0.0260 	 0.1271 	 0.0352 	 -0.1440 	 0.6167 	 0.1341
0.2104 	 0.1638 	 -0.3185 	 -0.2784 	 -0.0274 	 0.1333 	 0.0365 	 -0.1446 	 0.6178 	 0.1353
0.2204 	 0.1635 	 -0.3171 	 -0.2780 	 -0.0289 	 0.1395 	 0.0379 	 -0.1452 	 0.6191 	 0.1367
0.2305 	 0.1632 	 -0.3157 	 -0.2776 	 -0.0304 	 0.1458 	 0.0392 	 -0.1481 	 0.6250 	 0.1346
0.2405 	 0.1629 	 -0.3142 	 -0.2772 	 -0.0319 	 0.1520 	 0.0406 	 -0.1487 	 0.6262 	 0.1363
0.2505 	 0.1626 	 -0.3126 	 -0.2768 	 -0.0334 	 0.1583 	 0.0420 	 -0.1493 	 0.6274 	 0.1380
0.2605 	 0.1622 	 -0.3110 	 -0.2764 	 -0.0349 	 0.1646 	 0.0433 	 -0.1500 	 0.6286 	 0.1398
0.2705 	 0.1619 	 -0.3093 	 -0.2759 	 -0.0364 	 0.1709 	 0.0448 	 -0.1507 	 0.6300 	 0.1417
0.2806 	 0.1615 	 -0.3076 	 -0.2755 	 -0.0379 	 0.1772 	 0.0462 	 -0.1515 	 0.6313 	 0.1438
0.2906 	 0.1611 	 -0.3058 	 -0.2750 	 -0.0394 	 0.1836 	 0.0476 	 -0.1523 	 0.6328 	 0.1459
0.3006 	 0.1607 	 -0.3039 	 -0.2745 	 -0.0409 	 0.1899 	 0.0491 	 -0.1558 	 0.6397 	 0.1496
0.3106 	 0.1603 	 -0.3020 	 -0.2740 	 -0.0425 	 0.1963 	 0.0506 	 -0.1565 	 0.6409 	 0.1519
0.3206 	 0.1599 	 -0.3000 	 -0.2735 	 -0.0441 	 0.2028 	 0.0522 	 -0.1572 	 0.6421 	 0.1543
0.3307 	 0.1594 	 -0.2979 	 -0.2730 	 -0.0456 	 0.2092 	 0.0537 	 -0.1580 	 0.6434 	 0.1568
0.3407 	 0.1590 	 -0.2958 	 -0.2724 	 -0.0472 	 0.2157 	 0.0553 	 -0.1588 	 0.6447 	 0.1594
0.3507 	 0.1585 	 -0.2936 	 -0.2719 	 -0.0488 	 0.2221 	 0.0569 	 -0.1596 	 0.6461 	 0.1622
0.3607 	 0.1580 	 -0.2913 	 -0.2713 	 -0.0504 	 0.2286 	 0.0585 	 -0.1604 	 0.6475 	 0.1651
0.3707 	 0.1575 	 -0.2890 	 -0.2707 	 -0.0520 	 0.2351 	 0.0602 	 -0.1613 	 0.6490 	 0.1681
0.3808 	 0.1569 	 -0.2866 	 -0.2701 	 -0.0537 	 0.2416 	 0.0619 	 -0.1622 	 0.6505 	 0.1713
0.3908 	 0.1564 	 -0.2842 	 -0.2694 	 -0.0553 	 0.2482 	 0.0637 	 -0.1632 	 0.6521 	 0.1746
0.4008 	 0.1558 	 -0.2816 	 -0.2688 	 -0.0569 	 0.2547 	 0.0654 	 -0.1642 	 0.6537 	 0.1782
0.4108 	 0.1553 	 -0.2791 	 -0.2681 	 -0.0586 	 0.2613 	 0.0672 	 -0.1652 	 0.6554 	 0.1818
0.4208 	 0.1547 	 -0.2764 	 -0.2674 	 -0.0602 	 0.2678 	 0.0691 	 -0.1663 	 0.6572 	 0.1857
0.4309 	 0.1540 	 -0.2737 	 -0.2667 	 -0.0619 	 0.2744 	 0.0709 	 -0.1674 	 0.6590 	 0.1897
0.4409 	 0.1534 	 -0.2709 	 -0.2660 	 -0.0636 	 0.2810 	 0.0729 	 -0.1686 	 0.6608 	 0.1940
0.4509 	 0.1528 	 -0.2681 	 -0.2653 	 -0.0653 	 0.2877 	 0.0748 	 -0.1698 	 0.6627 	 0.1985
0.4609 	 0.1521 	 -0.2651 	 -0.2645 	 -0.0670 	 0.2943 	 0.0768 	 -0.1710 	 0.6647 	 0.2031
0.4709 	 0.1514 	 -0.2622 	 -0.2637 	 -0.0687 	 0.3010 	 0.0789 	 -0.1724 	 0.6667 	 0.2080
0.4810 	 0.1507 	 -0.2591 	 -0.2629 	 -0.0705 	 0.3077 	 0.0810 	 -0.1737 	 0.6688 	 0.2132
0.4910 	 0.1500 	 -0.2560 	 -0.2621 	 -0.0722 	 0.3144 	 0.0832 	 -0.1751 	 0.6710 	 0.2186
0.5010 	 0.1493 	 -0.2528 	 -0.2613 	 -0.0740 	 0.3211 	 0.0854 	 -0.1766 	 0.6732 	 0.2243
0.5110 	 0.1485 	 -0.2496 	 -0.2604 	 -0.0757 	 0.3279 	 0.0877 	 -0.1782 	 0.6755 	 0.2303
0.5210 	 0.1478 	 -0.2462 	 -0.2595 	 -0.0775 	 0.3347 	 0.0900 	 -0.1798 	 0.6779 	 0.2366
0.5311 	 0.1470 	 -0.2428 	 -0.2586 	 -0.0793 	 0.3415 	 0.0924 	 -0.1800 	 0.6851 	 0.2401
0.5411 	 0.1462 	 -0.2394 	 -0.2577 	 -0.0812 	 0.3484 	 0.0949 	 -0.1892 	 0.7008 	 0.2569
0.5511 	 0.1454 	 -0.2359 	 -0.2567 	 -0.0831 	 0.3555 	 0.0975 	 -0.1927 	 0.7051 	 0.2691
0.5611 	 0.1445 	 -0.2323 	 -0.2557 	 -0.0850 	 0.3626 	 0.1003 	 -0.1978 	 0.7121 	 0.2859
0.5711 	 0.1436 	 -0.2286 	 -0.2547 	 -0.0870 	 0.3697 	 0.1032 	 -0.1988 	 0.7121 	 0.2925
0.5812 	 0.1428 	 -0.2249 	 -0.2536 	 -0.0891 	 0.3769 	 0.1063 	 -0.2052 	 0.7211 	 0.3138
0.5912 	 0.1419 	 -0.2210 	 -0.2526 	 -0.0911 	 0.3841 	 0.1094 	 -0.2077 	 0.7231 	 0.3248
0.6012 	 0.1409 	 -0.2172 	 -0.2514 	 -0.0932 	 0.3914 	 0.1127 	 -0.2051 	 0.7266 	 0.3289
0.6112 	 0.1400 	 -0.2132 	 -0.2503 	 -0.0952 	 0.3987 	 0.1160 	 -0.2059 	 0.7244 	 0.3350
0.6212 	 0.1390 	 -0.2092 	 -0.2491 	 -0.0973 	 0.4059 	 0.1194 	 -0.2067 	 0.7220 	 0.3414
0.6313 	 0.1380 	 -0.2051 	 -0.2479 	 -0.0994 	 0.4132 	 0.1229 	 -0.2075 	 0.7195 	 0.3481
0.6413 	 0.1370 	 -0.2009 	 -0.2467 	 -0.1015 	 0.4204 	 0.1264 	 -0.2084 	 0.7168 	 0.3553
0.6513 	 0.1360 	 -0.1966 	 -0.2454 	 -0.1036 	 0.4276 	 0.1301 	 -0.2127 	 0.7186 	 0.3731
0.6613 	 0.1350 	 -0.1923 	 -0.2441 	 -0.1057 	 0.4347 	 0.1339 	 -0.2132 	 0.7148 	 0.3797
0.6713 	 0.1339 	 -0.1879 	 -0.2427 	 -0.1079 	 0.4419 	 0.1377 	 -0.2137 	 0.7108 	 0.3867
0.6814 	 0.1328 	 -0.1835 	 -0.2413 	 -0.1100 	 0.4490 	 0.1416 	 -0.2142 	 0.7065 	 0.3941
0.6914 	 0.1317 	 -0.1789 	 -0.2399 	 -0.1122 	 0.4560 	 0.1456 	 -0.2147 	 0.7020 	 0.4019
0.7014 	 0.1306 	 -0.1743 	 -0.2384 	 -0.1143 	 0.4631 	 0.1497 	 -0.2169 	 0.6992 	 0.4160
0.7114 	 0.1294 	 -0.1696 	 -0.2369 	 -0.1165 	 0.4700 	 0.1539 	 -0.2172 	 0.6936 	 0.4240
0.7214 	 0.1282 	 -0.1649 	 -0.2353 	 -0.1187 	 0.4770 	 0.1582 	 -0.2189 	 0.6895 	 0.4375
0.7315 	 0.1270 	 -0.1601 	 -0.2337 	 -0.1209 	 0.4839 	 0.1627 	 -0.2206 	 0.6847 	 0.4513
0.7415 	 0.1258 	 -0.1552 	 -0.2320 	 -0.1231 	 0.4907 	 0.1672 	 -0.2205 	 0.6771 	 0.4593
0.7515 	 0.1246 	 -0.1503 	 -0.2303 	 -0.1253 	 0.4974 	 0.1719 	 -0.2218 	 0.6707 	 0.4736
0.7615 	 0.1233 	 -0.1452 	 -0.2286 	 -0.1275 	 0.5041 	 0.1767 	 -0.2226 	 0.6633 	 0.4869
0.7715 	 0.1220 	 -0.1402 	 -0.2268 	 -0.1298 	 0.5107 	 0.1817 	 -0.2231 	 0.6547 	 0.4995
0.7816 	 0.1207 	 -0.1350 	 -0.2249 	 -0.1320 	 0.5172 	 0.1867 	 -0.2219 	 0.6432 	 0.5064
0.7916 	 0.1194 	 -0.1298 	 -0.2230 	 -0.1342 	 0.5236 	 0.1918 	 -0.2219 	 0.6323 	 0.5080
0.8016 	 0.1180 	 -0.1245 	 -0.2211 	 -0.1364 	 0.5299 	 0.1969 	 -0.2204 	 0.6186 	 0.5161
0.8116 	 0.1166 	 -0.1192 	 -0.2191 	 -0.1386 	 0.5360 	 0.2021 	 -0.2187 	 0.6038 	 0.5246
0.8216 	 0.1152 	 -0.1138 	 -0.2170 	 -0.1408 	 0.5420 	 0.2074 	 -0.2168 	 0.5875 	 0.5336
0.8317 	 0.1138 	 -0.1083 	 -0.2149 	 -0.1430 	 0.5478 	 0.2128 	 -0.2147 	 0.5697 	 0.5431
0.8417 	 0.1124 	 -0.1028 	 -0.2128 	 -0.1451 	 0.5534 	 0.2183 	 -0.2123 	 0.5500 	 0.5531
0.8517 	 0.1109 	 -0.0972 	 -0.2106 	 -0.1473 	 0.5588 	 0.2239 	 -0.2109 	 0.5291 	 0.5690
0.8617 	 0.1094 	 -0.0916 	 -0.2083 	 -0.1494 	 0.5640 	 0.2297 	 -0.2077 	 0.5046 	 0.5789
0.8717 	 0.1079 	 -0.0859 	 -0.2060 	 -0.1514 	 0.5689 	 0.2356 	 -0.2014 	 0.4811 	 0.5919
0.8818 	 0.1064 	 -0.0802 	 -0.2036 	 -0.1534 	 0.5736 	 0.2416 	 -0.1979 	 0.4488 	 0.6021
0.8918 	 0.1048 	 -0.0744 	 -0.2011 	 -0.1554 	 0.5779 	 0.2476 	 -0.1935 	 0.4117 	 0.6129
0.9018 	 0.1033 	 -0.0686 	 -0.1986 	 -0.1573 	 0.5818 	 0.2538 	 -0.1872 	 0.3691 	 0.6241
0.9118 	 0.1017 	 -0.0628 	 -0.1960 	 -0.1591 	 0.5853 	 0.2601 	 -0.1776 	 0.3210 	 0.6355
0.9218 	 0.1001 	 -0.0569 	 -0.1934 	 -0.1608 	 0.5883 	 0.2666 	 -0.1640 	 0.2690 	 0.6464
0.9319 	 0.0984 	 -0.0510 	 -0.1907 	 -0.1624 	 0.5907 	 0.2731 	 -0.1476 	 0.2148 	 0.6562
0.9419 	 0.0968 	 -0.0451 	 -0.1879 	 -0.1638 	 0.5926 	 0.2797 	 -0.1301 	 0.1583 	 0.6648
0.9519 	 0.0952 	 -0.0391 	 -0.1851 	 -0.1650 	 0.5938 	 0.2864 	 -0.1122 	 0.0985 	 0.6727
0.9619 	 0.0935 	 -0.0332 	 -0.1822 	 -0.1660 	 0.5945 	 0.2932 	 -0.0938 	 0.0338 	 0.6803
0.9719 	 0.0918 	 -0.0272 	 -0.1792 	 -0.1669 	 0.5945 	 0.3001 	 -0.0752 	 -0.0365 	 0.6929
0.9820 	 0.0902 	 -0.0213 	 -0.1762 	 -0.1675 	 0.5938 	 0.3071 	 -0.0551 	 -0.1114 	 0.6962
0.9920 	 0.0885 	 -0.0153 	 -0.1731 	 -0.1680 	 0.5923 	 0.3140 	 -0.0356 	 -0.1864 	 0.6966
1.0020 	 0.0868 	 -0.0094 	 -0.1699 	 -0.1682 	 0.5900 	 0.3210 	 -0.0173 	 -0.2587 	 0.6954
1.0120 	 0.0851 	 -0.0035 	 -0.1666 	 -0.1683 	 0.5871 	 0.3280 	 -0.0000 	 -0.3280 	 0.6927
1.0220 	 0.0834 	 0.0024 	 -0.1633 	 -0.1682 	 0.5835 	 0.3349 	 0.0167 	 -0.3954 	 0.6880
1.0321 	 0.0817 	 0.0082 	 -0.1599 	 -0.1680 	 0.5792 	 0.3418 	 0.0327 	 -0.4619 	 0.6866
1.0421 	 0.0801 	 0.0140 	 -0.1564 	 -0.1676 	 0.5742 	 0.3486 	 0.0497 	 -0.5281 	 0.6745
1.0521 	 0.0784 	 0.0197 	 -0.1529 	 -0.1670 	 0.5686 	 0.3553 	 0.0673 	 -0.5944 	 0.6584
1.0621 	 0.0767 	 0.0254 	 -0.1493 	 -0.1662 	 0.5623 	 0.3618 	 0.0854 	 -0.6608 	 0.6374
1.0721 	 0.0751 	 0.0310 	 -0.1457 	 -0.1653 	 0.5554 	 0.3680 	 0.1082 	 -0.7233 	 0.6142
1.0822 	 0.0734 	 0.0365 	 -0.1420 	 -0.1641 	 0.5478 	 0.3741 	 0.1304 	 -0.7884 	 0.5849
1.0922 	 0.0718 	 0.0419 	 -0.1382 	 -0.1627 	 0.5396 	 0.3797 	 0.1483 	 -0.8529 	 0.5442
1.1022 	 0.0702 	 0.0473 	 -0.1343 	 -0.1611 	 0.5307 	 0.3849 	 0.1657 	 -0.9143 	 0.4970
1.1122 	 0.0685 	 0.0526 	 -0.1305 	 -0.1593 	 0.5213 	 0.3897 	 0.1820 	 -0.9718 	 0.4441
1.1222 	 0.0670 	 0.0577 	 -0.1265 	 -0.1574 	 0.5112 	 0.3938 	 0.1966 	 -1.0256 	 0.3860
1.1323 	 0.0654 	 0.0628 	 -0.1226 	 -0.1554 	 0.5007 	 0.3974 	 0.2106 	 -1.0760 	 0.3224
1.1423 	 0.0638 	 0.0678 	 -0.1186 	 -0.1532 	 0.4897 	 0.4003 	 0.2264 	 -1.1213 	 0.2522
1.1523 	 0.0623 	 0.0726 	 -0.1146 	 -0.1509 	 0.4783 	 0.4024 	 0.2455 	 -1.1558 	 0.1795
1.1623 	 0.0608 	 0.0774 	 -0.1105 	 -0.1483 	 0.4666 	 0.4039 	 0.2648 	 -1.1789 	 0.1129
1.1723 	 0.0594 	 0.0820 	 -0.1065 	 -0.1456 	 0.4547 	 0.4047 	 0.2812 	 -1.1956 	 0.0548
1.1824 	 0.0579 	 0.0865 	 -0.1024 	 -0.1427 	 0.4426 	 0.4050 	 0.2945 	 -1.2091 	 0.0033
1.1924 	 0.0565 	 0.0908 	 -0.0984 	 -0.1397 	 0.4304 	 0.4048 	 0.3053 	 -1.2207 	 -0.0436
1.2024 	 0.0551 	 0.0951 	 -0.0943 	 -0.1366 	 0.4182 	 0.4041 	 0.3139 	 -1.2305 	 -0.0870
1.2124 	 0.0538 	 0.0992 	 -0.0903 	 -0.1334 	 0.4058 	 0.4031 	 0.3210 	 -1.2385 	 -0.1273
1.2224 	 0.0524 	 0.1032 	 -0.0862 	 -0.1301 	 0.3934 	 0.4016 	 0.3269 	 -1.2449 	 -0.1649
1.2325 	 0.0511 	 0.1071 	 -0.0822 	 -0.1268 	 0.3809 	 0.3998 	 0.3318 	 -1.2498 	 -0.2001
1.2425 	 0.0499 	 0.1109 	 -0.0782 	 -0.1235 	 0.3683 	 0.3976 	 0.3357 	 -1.2551 	 -0.2276
1.2525 	 0.0487 	 0.1145 	 -0.0743 	 -0.1201 	 0.3557 	 0.3952 	 0.3395 	 -1.2571 	 -0.2598
1.2625 	 0.0475 	 0.1180 	 -0.0703 	 -0.1167 	 0.3431 	 0.3924 	 0.3428 	 -1.2579 	 -0.2901
1.2725 	 0.0463 	 0.1214 	 -0.0664 	 -0.1132 	 0.3305 	 0.3894 	 0.3458 	 -1.2578 	 -0.3187
1.2826 	 0.0452 	 0.1246 	 -0.0625 	 -0.1098 	 0.3179 	 0.3861 	 0.3485 	 -1.2570 	 -0.3457
1.2926 	 0.0441 	 0.1277 	 -0.0587 	 -0.1063 	 0.3053 	 0.3825 	 0.3509 	 -1.2556 	 -0.3713
1.3026 	 0.0431 	 0.1307 	 -0.0548 	 -0.1027 	 0.2927 	 0.3786 	 0.3531 	 -1.2537 	 -0.3955
1.3126 	 0.0421 	 0.1336 	 -0.0511 	 -0.0992 	 0.2802 	 0.3745 	 0.3550 	 -1.2515 	 -0.4185
1.3226 	 0.0411 	 0.1363 	 -0.0473 	 -0.0956 	 0.2677 	 0.3702 	 0.3567 	 -1.2490 	 -0.4404
1.3327 	 0.0402 	 0.1390 	 -0.0437 	 -0.0920 	 0.2552 	 0.3657 	 0.3580 	 -1.2465 	 -0.4613
1.3427 	 0.0393 	 0.1415 	 -0.0400 	 -0.0884 	 0.2427 	 0.3610 	 0.3590 	 -1.2439 	 -0.4814
1.3527 	 0.0384 	 0.1438 	 -0.0364 	 -0.0848 	 0.2302 	 0.3561 	 0.3597 	 -1.2412 	 -0.5007
1.3627 	 0.0376 	 0.1461 	 -0.0329 	 -0.0812 	 0.2178 	 0.3510 	 0.3600 	 -1.2386 	 -0.5194
1.3727 	 0.0368 	 0.1482 	 -0.0294 	 -0.0776 	 0.2054 	 0.3457 	 0.3599 	 -1.2360 	 -0.5376
1.3828 	 0.0360 	 0.1502 	 -0.0260 	 -0.0740 	 0.1930 	 0.3402 	 0.3594 	 -1.2334 	 -0.5553
1.3928 	 0.0353 	 0.1521 	 -0.0226 	 -0.0704 	 0.1807 	 0.3345 	 0.3583 	 -1.2306 	 -0.5726
1.4028 	 0.0346 	 0.1538 	 -0.0192 	 -0.0668 	 0.1684 	 0.3287 	 0.3568 	 -1.2277 	 -0.5896
1.4128 	 0.0339 	 0.1554 	 -0.0160 	 -0.0633 	 0.1561 	 0.3227 	 0.3548 	 -1.2245 	 -0.6062
1.4228 	 0.0333 	 0.1569 	 -0.0128 	 -0.0597 	 0.1438 	 0.3166 	 0.3523 	 -1.2209 	 -0.6225
1.4329 	 0.0327 	 0.1583 	 -0.0096 	 -0.0562 	 0.1316 	 0.3103 	 0.3495 	 -1.2168 	 -0.6383
1.4429 	 0.0322 	 0.1596 	 -0.0066 	 -0.0527 	 0.1195 	 0.3038 	 0.3464 	 -1.2122 	 -0.6537
1.4529 	 0.0317 	 0.1607 	 -0.0036 	 -0.0493 	 0.1073 	 0.2972 	 0.3431 	 -1.2070 	 -0.6686
1.4629 	 0.0312 	 0.1617 	 -0.0006 	 -0.0458 	 0.0953 	 0.2904 	 0.3438 	 -1.1969 	 -0.6838
1.4729 	 0.0308 	 0.1626 	 0.0023 	 -0.0424 	 0.0833 	 0.2835 	 0.3400 	 -1.1912 	 -0.6975
1.4830 	 0.0304 	 0.1634 	 0.0051 	 -0.0390 	 0.0714 	 0.2764 	 0.3326 	 -1.1788 	 -0.6993
1.4930 	 0.0300 	 0.1640 	 0.0078 	 -0.0357 	 0.0597 	 0.2694 	 0.3283 	 -1.1718 	 -0.7105
1.5030 	 0.0296 	 0.1646 	 0.0105 	 -0.0324 	 0.0480 	 0.2622 	 0.3236 	 -1.1620 	 -0.7150
1.5130 	 0.0293 	 0.1650 	 0.0131 	 -0.0292 	 0.0364 	 0.2550 	 0.3181 	 -1.1517 	 -0.7186
1.5230 	 0.0291 	 0.1653 	 0.0156 	 -0.0260 	 0.0249 	 0.2478 	 0.3138 	 -1.1438 	 -0.7269
1.5331 	 0.0288 	 0.1655 	 0.0180 	 -0.0229 	 0.0135 	 0.2405 	 0.3090 	 -1.1320 	 -0.7286
1.5431 	 0.0286 	 0.1656 	 0.0204 	 -0.0199 	 0.0023 	 0.2332 	 0.3029 	 -1.1100 	 -0.7221
1.5531 	 0.0284 	 0.1656 	 0.0227 	 -0.0168 	 -0.0088 	 0.2259 	 0.2980 	 -1.1023 	 -0.7315
1.5631 	 0.0283 	 0.1654 	 0.0249 	 -0.0139 	 -0.0198 	 0.2186 	 0.2938 	 -1.0923 	 -0.7348
1.5731 	 0.0281 	 0.1652 	 0.0271 	 -0.0110 	 -0.0308 	 0.2112 	 0.2843 	 -1.0827 	 -0.7315
1.5832 	 0.0280 	 0.1648 	 0.0292 	 -0.0081 	 -0.0416 	 0.2038 	 0.2807 	 -1.0728 	 -0.7348
1.5932 	 0.0280 	 0.1643 	 0.0312 	 -0.0053 	 -0.0523 	 0.1965 	 0.2772 	 -1.0633 	 -0.7383
1.6032 	 0.0279 	 0.1637 	 0.0331 	 -0.0026 	 -0.0629 	 0.1890 	 0.2740 	 -1.0542 	 -0.7420
1.6132 	 0.0279 	 0.1631 	 0.0349 	 0.0002 	 -0.0734 	 0.1816 	 0.2709 	 -1.0455 	 -0.7459
1.6232 	 0.0279 	 0.1623 	 0.0367 	 0.0029 	 -0.0838 	 0.1741 	 0.2681 	 -1.0370 	 -0.7501
1.6333 	 0.0280 	 0.1614 	 0.0384 	 0.0055 	 -0.0942 	 0.1665 	 0.2653 	 -1.0288 	 -0.7545
1.6433 	 0.0280 	 0.1604 	 0.0401 	 0.0082 	 -0.1044 	 0.1590 	 0.2627 	 -1.0209 	 -0.7593
1.6533 	 0.0281 	 0.1593 	 0.0416 	 0.0108 	 -0.1146 	 0.1513 	 0.2603 	 -1.0132 	 -0.7643
1.6633 	 0.0283 	 0.1581 	 0.0431 	 0.0134 	 -0.1248 	 0.1437 	 0.2580 	 -1.0064 	 -0.7677
1.6733 	 0.0284 	 0.1568 	 0.0445 	 0.0160 	 -0.1348 	 0.1359 	 0.2552 	 -0.9981 	 -0.7723
1.6834 	 0.0286 	 0.1554 	 0.0458 	 0.0185 	 -0.1448 	 0.1282 	 0.2526 	 -0.9899 	 -0.7772
1.6934 	 0.0288 	 0.1539 	 0.0471 	 0.0210 	 -0.1546 	 0.1204 	 0.2500 	 -0.9818 	 -0.7823
1.7034 	 0.0290 	 0.1523 	 0.0482 	 0.0235 	 -0.1644 	 0.1125 	 0.2491 	 -0.9758 	 -0.7927
1.7134 	 0.0293 	 0.1506 	 0.0493 	 0.0260 	 -0.1742 	 0.1045 	 0.2465 	 -0.9674 	 -0.7975
1.7234 	 0.0295 	 0.1488 	 0.0503 	 0.0285 	 -0.1838 	 0.0965 	 0.2419 	 -0.9561 	 -0.7970
1.7335 	 0.0298 	 0.1469 	 0.0513 	 0.0309 	 -0.1933 	 0.0885 	 0.2370 	 -0.9443 	 -0.7954
1.7435 	 0.0301 	 0.1449 	 0.0521 	 0.0332 	 -0.2027 	 0.0805 	 0.2352 	 -0.9297 	 -0.7952
1.7535 	 0.0305 	 0.1429 	 0.0529 	 0.0356 	 -0.2120 	 0.0726 	 0.2324 	 -0.9197 	 -0.7984
1.7635 	 0.0309 	 0.1407 	 0.0536 	 0.0379 	 -0.2212 	 0.0645 	 0.2296 	 -0.9097 	 -0.8018
1.7735 	 0.0312 	 0.1384 	 0.0542 	 0.0402 	 -0.2302 	 0.0565 	 0.2296 	 -0.8958 	 -0.8000
1.7836 	 0.0317 	 0.1361 	 0.0547 	 0.0425 	 -0.2391 	 0.0485 	 0.2272 	 -0.8852 	 -0.8032
1.7936 	 0.0321 	 0.1336 	 0.0551 	 0.0447 	 -0.2479 	 0.0404 	 0.2228 	 -0.8720 	 -0.8010
1.8036 	 0.0326 	 0.1311 	 0.0555 	 0.0469 	 -0.2566 	 0.0325 	 0.2188 	 -0.8582 	 -0.7978
1.8136 	 0.0330 	 0.1285 	 0.0558 	 0.0491 	 -0.2652 	 0.0244 	 0.2158 	 -0.8472 	 -0.8004
1.8236 	 0.0335 	 0.1258 	 0.0560 	 0.0513 	 -0.2736 	 0.0164 	 0.2127 	 -0.8361 	 -0.8033
1.8337 	 0.0341 	 0.1230 	 0.0561 	 0.0534 	 -0.2819 	 0.0083 	 0.2095 	 -0.8250 	 -0.8065
1.8437 	 0.0346 	 0.1201 	 0.0562 	 0.0555 	 -0.2901 	 0.0003 	 0.2046 	 -0.8113 	 -0.8042
1.8537 	 0.0352 	 0.1172 	 0.0561 	 0.0575 	 -0.2982 	 -0.0078 	 0.2017 	 -0.8020 	 -0.8135
1.8637 	 0.0358 	 0.1142 	 0.0560 	 0.0595 	 -0.3062 	 -0.0159 	 0.1981 	 -0.7904 	 -0.8160
1.8737 	 0.0364 	 0.1111 	 0.0558 	 0.0615 	 -0.3140 	 -0.0241 	 0.1943 	 -0.7786 	 -0.8188
1.8838 	 0.0370 	 0.1079 	 0.0555 	 0.0634 	 -0.3218 	 -0.0324 	 0.1903 	 -0.7668 	 -0.8217
1.8938 	 0.0376 	 0.1046 	 0.0552 	 0.0653 	 -0.3294 	 -0.0406 	 0.1855 	 -0.7572 	 -0.8304
1.9038 	 0.0383 	 0.1013 	 0.0547 	 0.0671 	 -0.3369 	 -0.0489 	 0.1813 	 -0.7446 	 -0.8323
1.9138 	 0.0390 	 0.0979 	 0.0542 	 0.0689 	 -0.3443 	 -0.0573 	 0.1770 	 -0.7318 	 -0.8341
1.9238 	 0.0397 	 0.0944 	 0.0536 	 0.0707 	 -0.3516 	 -0.0657 	 0.1725 	 -0.7188 	 -0.8358
1.9339 	 0.0404 	 0.0908 	 0.0529 	 0.0724 	 -0.3587 	 -0.0740 	 0.1677 	 -0.7055 	 -0.8373
1.9439 	 0.0411 	 0.0872 	 0.0521 	 0.0740 	 -0.3657 	 -0.0824 	 0.1627 	 -0.6920 	 -0.8387
1.9539 	 0.0419 	 0.0835 	 0.0512 	 0.0756 	 -0.3726 	 -0.0909 	 0.1574 	 -0.6780 	 -0.8398
1.9639 	 0.0426 	 0.0797 	 0.0503 	 0.0772 	 -0.3793 	 -0.0993 	 0.1530 	 -0.6659 	 -0.8461
1.9739 	 0.0434 	 0.0759 	 0.0492 	 0.0787 	 -0.3859 	 -0.1078 	 0.1465 	 -0.6548 	 -0.8497
1.9840 	 0.0442 	 0.0720 	 0.0481 	 0.0801 	 -0.3924 	 -0.1163 	 0.1413 	 -0.6377 	 -0.8478
1.9940 	 0.0450 	 0.0680 	 0.0469 	 0.0815 	 -0.3987 	 -0.1248 	 0.1355 	 -0.6229 	 -0.8506
2.0040 	 0.0459 	 0.0640 	 0.0456 	 0.0828 	 -0.4049 	 -0.1333 	 0.1319 	 -0.6030 	 -0.8467
2.0140 	 0.0467 	 0.0599 	 0.0442 	 0.0842 	 -0.4108 	 -0.1418 	 0.1293 	 -0.5822 	 -0.8430
2.0240 	 0.0475 	 0.0558 	 0.0427 	 0.0854 	 -0.4165 	 -0.1502 	 0.1273 	 -0.5606 	 -0.8400
2.0341 	 0.0484 	 0.0516 	 0.0412 	 0.0867 	 -0.4220 	 -0.1586 	 0.1265 	 -0.5416 	 -0.8431
2.0441 	 0.0493 	 0.0473 	 0.0396 	 0.0880 	 -0.4274 	 -0.1671 	 0.1258 	 -0.5197 	 -0.8471
2.0541 	 0.0502 	 0.0430 	 0.0379 	 0.0892 	 -0.4325 	 -0.1756 	 0.1231 	 -0.4960 	 -0.8456
2.0641 	 0.0511 	 0.0386 	 0.0360 	 0.0904 	 -0.4373 	 -0.1840 	 0.1197 	 -0.4718 	 -0.8447
2.0741 	 0.0520 	 0.0342 	 0.0342 	 0.0916 	 -0.4419 	 -0.1925 	 0.1166 	 -0.4484 	 -0.8502
2.0842 	 0.0529 	 0.0298 	 0.0322 	 0.0928 	 -0.4463 	 -0.2011 	 0.1117 	 -0.4232 	 -0.8498
2.0942 	 0.0538 	 0.0253 	 0.0301 	 0.0939 	 -0.4504 	 -0.2096 	 0.1073 	 -0.3988 	 -0.8555
2.1042 	 0.0548 	 0.0208 	 0.0280 	 0.0949 	 -0.4543 	 -0.2182 	 0.1023 	 -0.3736 	 -0.8610
2.1142 	 0.0557 	 0.0162 	 0.0258 	 0.0959 	 -0.4579 	 -0.2268 	 0.0958 	 -0.3469 	 -0.8601
2.1242 	 0.0567 	 0.0116 	 0.0234 	 0.0968 	 -0.4612 	 -0.2354 	 0.0891 	 -0.3198 	 -0.8595
2.1343 	 0.0577 	 0.0070 	 0.0210 	 0.0977 	 -0.4643 	 -0.2440 	 0.0823 	 -0.2921 	 -0.8590
2.1443 	 0.0587 	 0.0023 	 0.0186 	 0.0985 	 -0.4671 	 -0.2526 	 0.0763 	 -0.2701 	 -0.8553
2.1543 	 0.0597 	 -0.0024 	 0.0160 	 0.0992 	 -0.4697 	 -0.2612 	 0.0701 	 -0.2421 	 -0.8546
2.1643 	 0.0607 	 -0.0071 	 0.0133 	 0.0999 	 -0.4720 	 -0.2697 	 0.0641 	 -0.2135 	 -0.8537
2.1743 	 0.0617 	 -0.0119 	 0.0106 	 0.1005 	 -0.4740 	 -0.2783 	 0.0580 	 -0.1842 	 -0.8519
2.1844 	 0.0627 	 -0.0166 	 0.0077 	 0.1010 	 -0.4757 	 -0.2868 	 0.0511 	 -0.1543 	 -0.8489
2.1944 	 0.0637 	 -0.0214 	 0.0048 	 0.1015 	 -0.4770 	 -0.2953 	 0.0433 	 -0.1243 	 -0.8556
2.2044 	 0.0647 	 -0.0262 	 0.0018 	 0.1019 	 -0.4781 	 -0.3039 	 0.0357 	 -0.0913 	 -0.8456
2.2144 	 0.0657 	 -0.0310 	 -0.0013 	 0.1022 	 -0.4789 	 -0.3124 	 0.0273 	 -0.0584 	 -0.8420
2.2244 	 0.0667 	 -0.0358 	 -0.0044 	 0.1025 	 -0.4793 	 -0.3208 	 0.0239 	 -0.0223 	 -0.8315
2.2345 	 0.0678 	 -0.0406 	 -0.0077 	 0.1027 	 -0.4794 	 -0.3291 	 0.0272 	 0.0079 	 -0.8198
2.2445 	 0.0688 	 -0.0454 	 -0.0110 	 0.1030 	 -0.4791 	 -0.3373 	 0.0246 	 0.0394 	 -0.8145
2.2545 	 0.0698 	 -0.0502 	 -0.0144 	 0.1032 	 -0.4786 	 -0.3455 	 0.0212 	 0.0672 	 -0.8221
2.2645 	 0.0709 	 -0.0550 	 -0.0180 	 0.1034 	 -0.4778 	 -0.3537 	 0.0149 	 0.0961 	 -0.8179
2.2745 	 0.0719 	 -0.0597 	 -0.0215 	 0.1035 	 -0.4767 	 -0.3619 	 0.0076 	 0.1239 	 -0.8145
2.2846 	 0.0729 	 -0.0645 	 -0.0252 	 0.1036 	 -0.4753 	 -0.3700 	 -0.0005 	 0.1509 	 -0.8118
2.2946 	 0.0740 	 -0.0693 	 -0.0290 	 0.1035 	 -0.4737 	 -0.3782 	 -0.0101 	 0.1749 	 -0.8205
2.3046 	 0.0750 	 -0.0740 	 -0.0328 	 0.1034 	 -0.4718 	 -0.3864 	 -0.0186 	 0.2010 	 -0.8164
2.3146 	 0.0761 	 -0.0787 	 -0.0367 	 0.1032 	 -0.4697 	 -0.3946 	 -0.0275 	 0.2264 	 -0.8126
2.3246 	 0.0771 	 -0.0834 	 -0.0407 	 0.1028 	 -0.4673 	 -0.4027 	 -0.0389 	 0.2467 	 -0.8122
2.3347 	 0.0781 	 -0.0881 	 -0.0448 	 0.1024 	 -0.4647 	 -0.4108 	 -0.0480 	 0.2724 	 -0.8082
2.3447 	 0.0791 	 -0.0927 	 -0.0489 	 0.1018 	 -0.4618 	 -0.4189 	 -0.0619 	 0.2967 	 -0.8071
2.3547 	 0.0802 	 -0.0973 	 -0.0532 	 0.1012 	 -0.4587 	 -0.4270 	 -0.0703 	 0.3223 	 -0.8026
2.3647 	 0.0812 	 -0.1019 	 -0.0575 	 0.1004 	 -0.4554 	 -0.4351 	 -0.0784 	 0.3434 	 -0.8087
2.3747 	 0.0822 	 -0.1065 	 -0.0619 	 0.0996 	 -0.4518 	 -0.4431 	 -0.0872 	 0.3700 	 -0.8038
2.3848 	 0.0832 	 -0.1110 	 -0.0664 	 0.0987 	 -0.4480 	 -0.4512 	 -0.0962 	 0.3968 	 -0.7987
2.3948 	 0.0841 	 -0.1154 	 -0.0709 	 0.0977 	 -0.4439 	 -0.4591 	 -0.1053 	 0.4239 	 -0.7934
2.4048 	 0.0851 	 -0.1199 	 -0.0756 	 0.0966 	 -0.4395 	 -0.4671 	 -0.1148 	 0.4512 	 -0.7878
2.4148 	 0.0861 	 -0.1242 	 -0.0803 	 0.0953 	 -0.4348 	 -0.4750 	 -0.1285 	 0.4763 	 -0.7908
2.4248 	 0.0870 	 -0.1286 	 -0.0851 	 0.0940 	 -0.4299 	 -0.4829 	 -0.1367 	 0.5025 	 -0.7910
2.4349 	 0.0880 	 -0.1329 	 -0.0900 	 0.0926 	 -0.4248 	 -0.4908 	 -0.1457 	 0.5309 	 -0.7847
2.4449 	 0.0889 	 -0.1371 	 -0.0949 	 0.0911 	 -0.4193 	 -0.4986 	 -0.1550 	 0.5600 	 -0.7775
2.4549 	 0.0898 	 -0.1413 	 -0.1000 	 0.0895 	 -0.4135 	 -0.5064 	 -0.1649 	 0.5878 	 -0.7757
2.4649 	 0.0907 	 -0.1454 	 -0.1051 	 0.0878 	 -0.4075 	 -0.5141 	 -0.1749 	 0.6174 	 -0.7667
2.4749 	 0.0915 	 -0.1494 	 -0.1103 	 0.0860 	 -0.4012 	 -0.5218 	 -0.1881 	 0.6391 	 -0.7623
2.4850 	 0.0924 	 -0.1534 	 -0.1155 	 0.0840 	 -0.3947 	 -0.5294 	 -0.1994 	 0.6671 	 -0.7514
2.4950 	 0.0932 	 -0.1573 	 -0.1209 	 0.0820 	 -0.3879 	 -0.5369 	 -0.2088 	 0.6919 	 -0.7451
2.5050 	 0.0940 	 -0.1612 	 -0.1263 	 0.0798 	 -0.3808 	 -0.5444 	 -0.2209 	 0.7172 	 -0.7398
2.5150 	 0.0948 	 -0.1650 	 -0.1318 	 0.0775 	 -0.3735 	 -0.5518 	 -0.2371 	 0.7364 	 -0.7361
2.5251 	 0.0956 	 -0.1687 	 -0.1373 	 0.0751 	 -0.3660 	 -0.5591 	 -0.2504 	 0.7597 	 -0.7320
2.5351 	 0.0963 	 -0.1723 	 -0.1430 	 0.0725 	 -0.3583 	 -0.5664 	 -0.2635 	 0.7854 	 -0.7222
2.5451 	 0.0970 	 -0.1758 	 -0.1487 	 0.0698 	 -0.3503 	 -0.5736 	 -0.2766 	 0.8119 	 -0.7112
2.5551 	 0.0977 	 -0.1793 	 -0.1545 	 0.0670 	 -0.3420 	 -0.5806 	 -0.2899 	 0.8391 	 -0.6986
2.5651 	 0.0984 	 -0.1827 	 -0.1603 	 0.0640 	 -0.3335 	 -0.5876 	 -0.3050 	 0.8650 	 -0.6932
2.5752 	 0.0990 	 -0.1860 	 -0.1662 	 0.0609 	 -0.3247 	 -0.5945 	 -0.3183 	 0.8934 	 -0.6755
2.5852 	 0.0996 	 -0.1892 	 -0.1722 	 0.0576 	 -0.3156 	 -0.6011 	 -0.3315 	 0.9218 	 -0.6560
2.5952 	 0.1002 	 -0.1923 	 -0.1783 	 0.0542 	 -0.3062 	 -0.6076 	 -0.3446 	 0.9525 	 -0.6392
2.6052 	 0.1007 	 -0.1953 	 -0.1844 	 0.0506 	 -0.2965 	 -0.6139 	 -0.3627 	 0.9787 	 -0.6156
2.6152 	 0.1012 	 -0.1983 	 -0.1906 	 0.0470 	 -0.2866 	 -0.6200 	 -0.3737 	 1.0012 	 -0.5944
2.6253 	 0.1016 	 -0.2011 	 -0.1968 	 0.0432 	 -0.2765 	 -0.6258 	 -0.3840 	 1.0261 	 -0.5663
2.6353 	 0.1020 	 -0.2038 	 -0.2031 	 0.0393 	 -0.2661 	 -0.6314 	 -0.3954 	 1.0441 	 -0.5357
2.6453 	 0.1024 	 -0.2064 	 -0.2095 	 0.0352 	 -0.2555 	 -0.6366 	 -0.4045 	 1.0679 	 -0.5119
2.6553 	 0.1027 	 -0.2089 	 -0.2159 	 0.0311 	 -0.2447 	 -0.6416 	 -0.4147 	 1.0869 	 -0.4855
2.6653 	 0.1030 	 -0.2113 	 -0.2223 	 0.0269 	 -0.2337 	 -0.6463 	 -0.4213 	 1.1081 	 -0.4531
2.6754 	 0.1033 	 -0.2136 	 -0.2288 	 0.0227 	 -0.2225 	 -0.6507 	 -0.4276 	 1.1302 	 -0.4242
2.6854 	 0.1035 	 -0.2158 	 -0.2354 	 0.0184 	 -0.2111 	 -0.6548 	 -0.4328 	 1.1478 	 -0.3887
2.6954 	 0.1037 	 -0.2178 	 -0.2420 	 0.0140 	 -0.1995 	 -0.6585 	 -0.4374 	 1.1638 	 -0.3526
2.7054 	 0.1038 	 -0.2198 	 -0.2486 	 0.0096 	 -0.1877 	 -0.6619 	 -0.4396 	 1.1872 	 -0.3213
2.7154 	 0.1039 	 -0.2216 	 -0.2552 	 0.0052 	 -0.1757 	 -0.6649 	 -0.4438 	 1.1993 	 -0.2854
2.7255 	 0.1039 	 -0.2233 	 -0.2619 	 0.0007 	 -0.1637 	 -0.6676 	 -0.4477 	 1.2071 	 -0.2549
2.7355 	 0.1039 	 -0.2249 	 -0.2686 	 -0.0038 	 -0.1515 	 -0.6700 	 -0.4511 	 1.2162 	 -0.2198
2.7455 	 0.1038 	 -0.2263 	 -0.2753 	 -0.0083 	 -0.1393 	 -0.6720 	 -0.4540 	 1.2244 	 -0.1841
2.7555 	 0.1037 	 -0.2277 	 -0.2821 	 -0.0129 	 -0.1270 	 -0.6737 	 -0.4566 	 1.2319 	 -0.1479
2.7655 	 0.1035 	 -0.2289 	 -0.2888 	 -0.0175 	 -0.1146 	 -0.6750 	 -0.4589 	 1.2386 	 -0.1112
2.7756 	 0.1033 	 -0.2300 	 -0.2956 	 -0.0221 	 -0.1022 	 -0.6759 	 -0.4609 	 1.2447 	 -0.0737
2.7856 	 0.1031 	 -0.2309 	 -0.3024 	 -0.0267 	 -0.0897 	 -0.6765 	 -0.4626 	 1.2502 	 -0.0353
2.7956 	 0.1028 	 -0.2317 	 -0.3091 	 -0.0313 	 -0.0771 	 -0.6766 	 -0.4640 	 1.2549 	 0.0040
2.8056 	 0.1025 	 -0.2325 	 -0.3159 	 -0.0360 	 -0.0645 	 -0.6764 	 -0.4650 	 1.2587 	 0.0445
2.8156 	 0.1021 	 -0.2330 	 -0.3227 	 -0.0407 	 -0.0519 	 -0.6757 	 -0.4653 	 1.2614 	 0.0862
2.8257 	 0.1017 	 -0.2335 	 -0.3295 	 -0.0453 	 -0.0393 	 -0.6747 	 -0.4647 	 1.2628 	 0.1286
2.8357 	 0.1012 	 -0.2338 	 -0.3362 	 -0.0500 	 -0.0266 	 -0.6732 	 -0.4676 	 1.2595 	 0.1670
2.8457 	 0.1007 	 -0.2340 	 -0.3429 	 -0.0546 	 -0.0141 	 -0.6713 	 -0.4629 	 1.2513 	 0.2064
2.8557 	 0.1001 	 -0.2341 	 -0.3497 	 -0.0592 	 -0.0015 	 -0.6690 	 -0.4594 	 1.2482 	 0.2469
2.8657 	 0.0995 	 -0.2341 	 -0.3563 	 -0.0638 	 0.0110 	 -0.6664 	 -0.4552 	 1.2411 	 0.2817
2.8758 	 0.0988 	 -0.2339 	 -0.3630 	 -0.0684 	 0.0234 	 -0.6633 	 -0.4499 	 1.2379 	 0.3210
2.8858 	 0.0981 	 -0.2336 	 -0.3696 	 -0.0728 	 0.0358 	 -0.6599 	 -0.4436 	 1.2346 	 0.3601
2.8958 	 0.0974 	 -0.2332 	 -0.3762 	 -0.0772 	 0.0481 	 -0.6562 	 -0.4358 	 1.2265 	 0.3940
2.9058 	 0.0966 	 -0.2326 	 -0.3828 	 -0.0816 	 0.0603 	 -0.6520 	 -0.4280 	 1.2204 	 0.4332
2.9158 	 0.0957 	 -0.2320 	 -0.3893 	 -0.0858 	 0.0726 	 -0.6474 	 -0.4204 	 1.2157 	 0.4771
2.9259 	 0.0948 	 -0.2312 	 -0.3958 	 -0.0900 	 0.0847 	 -0.6425 	 -0.4108 	 1.2078 	 0.5139
2.9359 	 0.0939 	 -0.2303 	 -0.4022 	 -0.0941 	 0.0968 	 -0.6371 	 -0.4007 	 1.1988 	 0.5492
2.9459 	 0.0930 	 -0.2292 	 -0.4085 	 -0.0980 	 0.1087 	 -0.6315 	 -0.3943 	 1.1846 	 0.5803
2.9559 	 0.0920 	 -0.2281 	 -0.4148 	 -0.1019 	 0.1205 	 -0.6255 	 -0.3842 	 1.1731 	 0.6127
2.9659 	 0.0909 	 -0.2268 	 -0.4211 	 -0.1057 	 0.1322 	 -0.6192 	 -0.3716 	 1.1636 	 0.6388
2.9760 	 0.0898 	 -0.2254 	 -0.4272 	 -0.1094 	 0.1438 	 -0.6127 	 -0.3644 	 1.1487 	 0.6655
2.9860 	 0.0887 	 -0.2239 	 -0.4333 	 -0.1130 	 0.1553 	 -0.6058 	 -0.3529 	 1.1349 	 0.6969
2.9960 	 0.0876 	 -0.2223 	 -0.4394 	 -0.1165 	 0.1665 	 -0.5987 	 -0.3449 	 1.1158 	 0.7260
3.0060 	 0.0864 	 -0.2206 	 -0.4453 	 -0.1199 	 0.1776 	 -0.5913 	 -0.3330 	 1.0997 	 0.7558
3.0160 	 0.0852 	 -0.2188 	 -0.4512 	 -0.1231 	 0.1886 	 -0.5835 	 -0.3204 	 1.0829 	 0.7849
3.0261 	 0.0839 	 -0.2168 	 -0.4570 	 -0.1263 	 0.1993 	 -0.5755 	 -0.3073 	 1.0652 	 0.8131
3.0361 	 0.0826 	 -0.2148 	 -0.4627 	 -0.1293 	 0.2099 	 -0.5673 	 -0.2936 	 1.0467 	 0.8403
3.0461 	 0.0813 	 -0.2126 	 -0.4684 	 -0.1322 	 0.2204 	 -0.5587 	 -0.2777 	 1.0321 	 0.8645
3.0561 	 0.0800 	 -0.2104 	 -0.4739 	 -0.1349 	 0.2306 	 -0.5499 	 -0.2638 	 1.0109 	 0.8905
3.0661 	 0.0786 	 -0.2080 	 -0.4794 	 -0.1374 	 0.2406 	 -0.5408 	 -0.2485 	 0.9927 	 0.9137
3.0762 	 0.0772 	 -0.2055 	 -0.4848 	 -0.1398 	 0.2505 	 -0.5316 	 -0.2293 	 0.9688 	 0.9262
3.0862 	 0.0758 	 -0.2030 	 -0.4901 	 -0.1421 	 0.2601 	 -0.5222 	 -0.2147 	 0.9438 	 0.9449
3.0962 	 0.0744 	 -0.2003 	 -0.4952 	 -0.1441 	 0.2694 	 -0.5127 	 -0.2003 	 0.9184 	 0.9630
3.1062 	 0.0729 	 -0.1976 	 -0.5003 	 -0.1461 	 0.2785 	 -0.5029 	 -0.1840 	 0.8962 	 0.9855
3.1162 	 0.0715 	 -0.1948 	 -0.5053 	 -0.1478 	 0.2873 	 -0.4930 	 -0.1697 	 0.8692 	 1.0029
3.1263 	 0.0700 	 -0.1918 	 -0.5102 	 -0.1495 	 0.2959 	 -0.4828 	 -0.1553 	 0.8412 	 1.0202
3.1363 	 0.0685 	 -0.1888 	 -0.5150 	 -0.1510 	 0.3042 	 -0.4725 	 -0.1407 	 0.8120 	 1.0376
3.1463 	 0.0670 	 -0.1857 	 -0.5197 	 -0.1523 	 0.3122 	 -0.4620 	 -0.1256 	 0.7815 	 1.0551
3.1563 	 0.0654 	 -0.1826 	 -0.5243 	 -0.1535 	 0.3199 	 -0.4514 	 -0.1141 	 0.7527 	 1.0770
3.1663 	 0.0639 	 -0.1793 	 -0.5287 	 -0.1546 	 0.3272 	 -0.4405 	 -0.1006 	 0.7106 	 1.0793
3.1764 	 0.0623 	 -0.1760 	 -0.5331 	 -0.1555 	 0.3342 	 -0.4296 	 -0.0772 	 0.6782 	 1.1024
3.1864 	 0.0608 	 -0.1726 	 -0.5373 	 -0.1561 	 0.3408 	 -0.4185 	 -0.0570 	 0.6456 	 1.1132
3.1964 	 0.0592 	 -0.1692 	 -0.5415 	 -0.1566 	 0.3471 	 -0.4073 	 -0.0413 	 0.6105 	 1.1258
3.2064 	 0.0576 	 -0.1657 	 -0.5455 	 -0.1570 	 0.3531 	 -0.3960 	 -0.0256 	 0.5762 	 1.1363
3.2164 	 0.0561 	 -0.1621 	 -0.5494 	 -0.1571 	 0.3587 	 -0.3845 	 -0.0100 	 0.5430 	 1.1447
3.2265 	 0.0545 	 -0.1585 	 -0.5532 	 -0.1572 	 0.3639 	 -0.3730 	 0.0058 	 0.5108 	 1.1515
3.2365 	 0.0529 	 -0.1548 	 -0.5569 	 -0.1570 	 0.3689 	 -0.3615 	 0.0239 	 0.4778 	 1.1501
3.2465 	 0.0513 	 -0.1511 	 -0.5604 	 -0.1567 	 0.3736 	 -0.3500 	 0.0440 	 0.4503 	 1.1487
3.2565 	 0.0498 	 -0.1473 	 -0.5639 	 -0.1561 	 0.3779 	 -0.3385 	 0.0628 	 0.4184 	 1.1526
3.2665 	 0.0482 	 -0.1435 	 -0.5672 	 -0.1554 	 0.3819 	 -0.3269 	 0.0828 	 0.3842 	 1.1586
3.2766 	 0.0467 	 -0.1397 	 -0.5704 	 -0.1545 	 0.3856 	 -0.3153 	 0.1049 	 0.3475 	 1.1626
3.2866 	 0.0451 	 -0.1358 	 -0.5735 	 -0.1533 	 0.3889 	 -0.3036 	 0.1233 	 0.3020 	 1.1730
3.2966 	 0.0436 	 -0.1319 	 -0.5765 	 -0.1520 	 0.3917 	 -0.2918 	 0.1384 	 0.2608 	 1.1797
3.3066 	 0.0421 	 -0.1280 	 -0.5794 	 -0.1505 	 0.3941 	 -0.2799 	 0.1505 	 0.2226 	 1.1873
3.3166 	 0.0406 	 -0.1240 	 -0.5821 	 -0.1490 	 0.3962 	 -0.2680 	 0.1597 	 0.1831 	 1.1919
3.3267 	 0.0391 	 -0.1200 	 -0.5848 	 -0.1473 	 0.3978 	 -0.2560 	 0.1684 	 0.1471 	 1.1969
3.3367 	 0.0376 	 -0.1160 	 -0.5873 	 -0.1456 	 0.3991 	 -0.2440 	 0.1769 	 0.1139 	 1.2023
3.3467 	 0.0362 	 -0.1120 	 -0.5896 	 -0.1438 	 0.4001 	 -0.2319 	 0.1854 	 0.0827 	 1.2081
3.3567 	 0.0347 	 -0.1080 	 -0.5919 	 -0.1419 	 0.4008 	 -0.2199 	 0.1933 	 0.0522 	 1.2066
3.3667 	 0.0333 	 -0.1040 	 -0.5941 	 -0.1399 	 0.4012 	 -0.2078 	 0.2016 	 0.0240 	 1.2114
3.3768 	 0.0319 	 -0.1000 	 -0.5961 	 -0.1379 	 0.4012 	 -0.1956 	 0.2094 	 -0.0084 	 1.2124
3.3868 	 0.0306 	 -0.0960 	 -0.5980 	 -0.1357 	 0.4010 	 -0.1834 	 0.2206 	 -0.0349 	 1.2223
3.3968 	 0.0292 	 -0.0919 	 -0.5998 	 -0.1334 	 0.4005 	 -0.1711 	 0.2285 	 -0.0604 	 1.2267
3.4068 	 0.0279 	 -0.0879 	 -0.6014 	 -0.1311 	 0.3998 	 -0.1588 	 0.2359 	 -0.0847 	 1.2370
3.4168 	 0.0266 	 -0.0839 	 -0.6029 	 -0.1287 	 0.3988 	 -0.1464 	 0.2436 	 -0.1089 	 1.2403
3.4269 	 0.0253 	 -0.0799 	 -0.6043 	 -0.1262 	 0.3976 	 -0.1339 	 0.2511 	 -0.1326 	 1.2435
3.4369 	 0.0241 	 -0.0760 	 -0.6056 	 -0.1237 	 0.3962 	 -0.1214 	 0.2584 	 -0.1558 	 1.2466
3.4469 	 0.0228 	 -0.0720 	 -0.6068 	 -0.1211 	 0.3945 	 -0.1089 	 0.2656 	 -0.1787 	 1.2495
3.4569 	 0.0216 	 -0.0681 	 -0.6078 	 -0.1184 	 0.3926 	 -0.0964 	 0.2726 	 -0.2014 	 1.2523
3.4669 	 0.0205 	 -0.0641 	 -0.6087 	 -0.1156 	 0.3905 	 -0.0839 	 0.2810 	 -0.2192 	 1.2433
3.4770 	 0.0193 	 -0.0602 	 -0.6095 	 -0.1127 	 0.3882 	 -0.0714 	 0.2841 	 -0.2439 	 1.2391
3.4870 	 0.0182 	 -0.0564 	 -0.6101 	 -0.1098 	 0.3856 	 -0.0590 	 0.2959 	 -0.2642 	 1.2368
3.4970 	 0.0171 	 -0.0525 	 -0.6107 	 -0.1069 	 0.3829 	 -0.0466 	 0.3008 	 -0.2861 	 1.2368
3.5070 	 0.0161 	 -0.0487 	 -0.6111 	 -0.1038 	 0.3799 	 -0.0343 	 0.3050 	 -0.3075 	 1.2299
3.5170 	 0.0150 	 -0.0449 	 -0.6114 	 -0.1007 	 0.3767 	 -0.0219 	 0.3090 	 -0.3294 	 1.2290
3.5271 	 0.0140 	 -0.0411 	 -0.6115 	 -0.0976 	 0.3733 	 -0.0096 	 0.3126 	 -0.3514 	 1.2274
3.5371 	 0.0131 	 -0.0374 	 -0.6115 	 -0.0945 	 0.3697 	 0.0027 	 0.3164 	 -0.3671 	 1.2236
3.5471 	 0.0121 	 -0.0337 	 -0.6115 	 -0.0913 	 0.3659 	 0.0149 	 0.3194 	 -0.3882 	 1.2205
3.5571 	 0.0112 	 -0.0301 	 -0.6112 	 -0.0881 	 0.3619 	 0.0272 	 0.3222 	 -0.4095 	 1.2228
3.5671 	 0.0104 	 -0.0265 	 -0.6109 	 -0.0848 	 0.3577 	 0.0394 	 0.3248 	 -0.4306 	 1.2178
3.5772 	 0.0095 	 -0.0229 	 -0.6105 	 -0.0816 	 0.3533 	 0.0516 	 0.3273 	 -0.4514 	 1.2119
3.5872 	 0.0087 	 -0.0194 	 -0.6099 	 -0.0783 	 0.3487 	 0.0637 	 0.3307 	 -0.4683 	 1.2110
3.5972 	 0.0080 	 -0.0159 	 -0.6092 	 -0.0749 	 0.3439 	 0.0758 	 0.3335 	 -0.4889 	 1.2107
3.6072 	 0.0072 	 -0.0125 	 -0.6084 	 -0.0716 	 0.3389 	 0.0879 	 0.3355 	 -0.5082 	 1.2034
3.6172 	 0.0065 	 -0.0091 	 -0.6074 	 -0.0683 	 0.3337 	 0.1000 	 0.3310 	 -0.5292 	 1.1968
3.6273 	 0.0059 	 -0.0058 	 -0.6064 	 -0.0650 	 0.3283 	 0.1119 	 0.3322 	 -0.5476 	 1.1887
3.6373 	 0.0052 	 -0.0026 	 -0.6052 	 -0.0616 	 0.3227 	 0.1238 	 0.3329 	 -0.5656 	 1.1867
3.6473 	 0.0046 	 0.0006 	 -0.6039 	 -0.0583 	 0.3170 	 0.1356 	 0.3340 	 -0.5830 	 1.1777
3.6573 	 0.0041 	 0.0038 	 -0.6025 	 -0.0549 	 0.3110 	 0.1474 	 0.3350 	 -0.6000 	 1.1686
3.6673 	 0.0035 	 0.0069 	 -0.6009 	 -0.0516 	 0.3049 	 0.1591 	 0.3361 	 -0.6164 	 1.1594
3.6774 	 0.0030 	 0.0099 	 -0.5993 	 -0.0482 	 0.2987 	 0.1706 	 0.3372 	 -0.6326 	 1.1503
3.6874 	 0.0026 	 0.0129 	 -0.5975 	 -0.0448 	 0.2922 	 0.1820 	 0.3341 	 -0.6480 	 1.1279
3.6974 	 0.0021 	 0.0157 	 -0.5956 	 -0.0415 	 0.2857 	 0.1933 	 0.3351 	 -0.6624 	 1.1180
3.7074 	 0.0017 	 0.0186 	 -0.5936 	 -0.0381 	 0.2790 	 0.2044 	 0.3362 	 -0.6764 	 1.1083
3.7174 	 0.0014 	 0.0213 	 -0.5915 	 -0.0347 	 0.2721 	 0.2155 	 0.3373 	 -0.6903 	 1.0988
3.7275 	 0.0010 	 0.0240 	 -0.5893 	 -0.0314 	 0.2651 	 0.2265 	 0.3384 	 -0.7039 	 1.0896
3.7375 	 0.0007 	 0.0266 	 -0.5870 	 -0.0280 	 0.2580 	 0.2374 	 0.3395 	 -0.7188 	 1.0859
3.7475 	 0.0005 	 0.0292 	 -0.5846 	 -0.0246 	 0.2507 	 0.2482 	 0.3405 	 -0.7318 	 1.0757
3.7575 	 0.0003 	 0.0317 	 -0.5820 	 -0.0211 	 0.2433 	 0.2589 	 0.3415 	 -0.7445 	 1.0657
3.7675 	 0.0001 	 0.0341 	 -0.5794 	 -0.0177 	 0.2358 	 0.2696 	 0.3429 	 -0.7588 	 1.0619
3.7776 	 -0.0001 	 0.0364 	 -0.5766 	 -0.0143 	 0.2282 	 0.2802 	 0.3419 	 -0.7670 	 1.0472
3.7876 	 -0.0002 	 0.0386 	 -0.5738 	 -0.0109 	 0.2204 	 0.2906 	 0.3422 	 -0.7783 	 1.0368
3.7976 	 -0.0003 	 0.0408 	 -0.5708 	 -0.0074 	 0.2126 	 0.3009 	 0.3425 	 -0.7894 	 1.0266
3.8076 	 -0.0004 	 0.0429 	 -0.5677 	 -0.0040 	 0.2046 	 0.3112 	 0.3427 	 -0.8004 	 1.0168
3.8176 	 -0.0004 	 0.0449 	 -0.5646 	 -0.0006 	 0.1965 	 0.3213 	 0.3430 	 -0.8091 	 1.0010
3.8277 	 -0.0004 	 0.0468 	 -0.5613 	 0.0029 	 0.1884 	 0.3313 	 0.3431 	 -0.8197 	 0.9910
3.8377 	 -0.0003 	 0.0487 	 -0.5579 	 0.0063 	 0.1801 	 0.3412 	 0.3432 	 -0.8302 	 0.9813
3.8477 	 -0.0003 	 0.0504 	 -0.5545 	 0.0098 	 0.1717 	 0.3510 	 0.3431 	 -0.8406 	 0.9718
3.8577 	 -0.0001 	 0.0521 	 -0.5509 	 0.0132 	 0.1632 	 0.3606 	 0.3383 	 -0.8522 	 0.9590
3.8677 	 0.0000 	 0.0537 	 -0.5472 	 0.0166 	 0.1547 	 0.3701 	 0.3469 	 -0.8599 	 0.9394
3.8778 	 0.0002 	 0.0552 	 -0.5435 	 0.0201 	 0.1460 	 0.3795 	 0.3482 	 -0.8697 	 0.9297
3.8878 	 0.0004 	 0.0566 	 -0.5396 	 0.0236 	 0.1372 	 0.3887 	 0.3496 	 -0.8795 	 0.9201
3.8978 	 0.0007 	 0.0580 	 -0.5357 	 0.0271 	 0.1284 	 0.3979 	 0.3510 	 -0.8892 	 0.9108
3.9078 	 0.0009 	 0.0592 	 -0.5316 	 0.0306 	 0.1194 	 0.4070 	 0.3524 	 -0.8989 	 0.9016
3.9178 	 0.0013 	 0.0604 	 -0.5275 	 0.0342 	 0.1103 	 0.4160 	 0.3561 	 -0.9086 	 0.9002
3.9279 	 0.0016 	 0.0614 	 -0.5233 	 0.0378 	 0.1012 	 0.4250 	 0.3571 	 -0.9177 	 0.8895
3.9379 	 0.0020 	 0.0624 	 -0.5190 	 0.0413 	 0.0919 	 0.4338 	 0.3581 	 -0.9267 	 0.8786
3.9479 	 0.0025 	 0.0633 	 -0.5146 	 0.0449 	 0.0826 	 0.4426 	 0.3592 	 -0.9356 	 0.8677
3.9579 	 0.0029 	 0.0641 	 -0.5101 	 0.0485 	 0.0732 	 0.4512 	 0.3603 	 -0.9444 	 0.8566
3.9679 	 0.0034 	 0.0647 	 -0.5056 	 0.0521 	 0.0637 	 0.4597 	 0.3614 	 -0.9530 	 0.8454
3.9780 	 0.0040 	 0.0653 	 -0.5009 	 0.0558 	 0.0541 	 0.4682 	 0.3625 	 -0.9614 	 0.8341
3.9880 	 0.0046 	 0.0658 	 -0.4962 	 0.0594 	 0.0444 	 0.4765 	 0.3636 	 -0.9697 	 0.8226
3.9980 	 0.0052 	 0.0662 	 -0.4914 	 0.0631 	 0.0347 	 0.4846 	 0.3646 	 -0.9778 	 0.8111
4.0080 	 0.0058 	 0.0665 	 -0.4865 	 0.0667 	 0.0248 	 0.4927 	 0.3657 	 -0.9858 	 0.7994
4.0180 	 0.0065 	 0.0667 	 -0.4815 	 0.0704 	 0.0149 	 0.5007 	 0.3666 	 -0.9937 	 0.7877
4.0281 	 0.0072 	 0.0668 	 -0.4765 	 0.0741 	 0.0049 	 0.5086 	 0.3669 	 -1.0011 	 0.7825
4.0381 	 0.0080 	 0.0668 	 -0.4713 	 0.0777 	 -0.0052 	 0.5163 	 0.3677 	 -1.0089 	 0.7762
4.0481 	 0.0088 	 0.0667 	 -0.4661 	 0.0814 	 -0.0153 	 0.5241 	 0.3691 	 -1.0137 	 0.7629
4.0581 	 0.0096 	 0.0665 	 -0.4608 	 0.0851 	 -0.0255 	 0.5316 	 0.3704 	 -1.0183 	 0.7494
4.0681 	 0.0105 	 0.0662 	 -0.4555 	 0.0889 	 -0.0357 	 0.5391 	 0.3717 	 -1.0226 	 0.7356
4.0782 	 0.0114 	 0.0658 	 -0.4500 	 0.0926 	 -0.0460 	 0.5464 	 0.3728 	 -1.0265 	 0.7216
4.0882 	 0.0123 	 0.0653 	 -0.4445 	 0.0963 	 -0.0563 	 0.5535 	 0.3725 	 -1.0261 	 0.7123
4.0982 	 0.0133 	 0.0647 	 -0.4389 	 0.1001 	 -0.0666 	 0.5606 	 0.3733 	 -1.0289 	 0.6985
4.1082 	 0.0144 	 0.0639 	 -0.4333 	 0.1038 	 -0.0769 	 0.5675 	 0.3731 	 -1.0276 	 0.6896
4.1182 	 0.0154 	 0.0631 	 -0.4275 	 0.1075 	 -0.0872 	 0.5744 	 0.3736 	 -1.0296 	 0.6753
4.1283 	 0.0165 	 0.0622 	 -0.4218 	 0.1113 	 -0.0975 	 0.5811 	 0.3737 	 -1.0276 	 0.6666
4.1383 	 0.0176 	 0.0612 	 -0.4159 	 0.1150 	 -0.1077 	 0.5878 	 0.3737 	 -1.0241 	 0.6576
4.1483 	 0.0188 	 0.0600 	 -0.4100 	 0.1188 	 -0.1180 	 0.5943 	 0.3740 	 -1.0238 	 0.6428
4.1583 	 0.0200 	 0.0588 	 -0.4040 	 0.1225 	 -0.1283 	 0.6007 	 0.3741 	 -1.0230 	 0.6270
4.1683 	 0.0213 	 0.0575 	 -0.3979 	 0.1263 	 -0.1385 	 0.6069 	 0.3743 	 -1.0218 	 0.6100
4.1784 	 0.0226 	 0.0560 	 -0.3918 	 0.1300 	 -0.1487 	 0.6129 	 0.3746 	 -1.0203 	 0.5918
4.1884 	 0.0239 	 0.0545 	 -0.3857 	 0.1338 	 -0.1589 	 0.6187 	 0.3750 	 -1.0186 	 0.5724
4.1984 	 0.0252 	 0.0528 	 -0.3794 	 0.1375 	 -0.1691 	 0.6243 	 0.3758 	 -1.0169 	 0.5517
4.2084 	 0.0266 	 0.0511 	 -0.3732 	 0.1413 	 -0.1793 	 0.6298 	 0.3748 	 -1.0159 	 0.5351
4.2184 	 0.0281 	 0.0492 	 -0.3668 	 0.1451 	 -0.1895 	 0.6351 	 0.3764 	 -1.0143 	 0.5116
4.2285 	 0.0295 	 0.0473 	 -0.3604 	 0.1488 	 -0.1996 	 0.6401 	 0.3776 	 -1.0095 	 0.4932
4.2385 	 0.0310 	 0.0452 	 -0.3540 	 0.1526 	 -0.2097 	 0.6449 	 0.3797 	 -1.0077 	 0.4686
4.2485 	 0.0326 	 0.0431 	 -0.3475 	 0.1565 	 -0.2198 	 0.6495 	 0.3859 	 -1.0016 	 0.4391
4.2585 	 0.0342 	 0.0408 	 -0.3410 	 0.1604 	 -0.2298 	 0.6537 	 0.3894 	 -1.0011 	 0.4175
4.2685 	 0.0358 	 0.0385 	 -0.3344 	 0.1643 	 -0.2398 	 0.6578 	 0.3915 	 -0.9959 	 0.3887
4.2786 	 0.0375 	 0.0360 	 -0.3278 	 0.1682 	 -0.2498 	 0.6615 	 0.3918 	 -0.9879 	 0.3707
4.2886 	 0.0392 	 0.0335 	 -0.3211 	 0.1721 	 -0.2596 	 0.6651 	 0.3911 	 -0.9801 	 0.3444
4.2986 	 0.0409 	 0.0308 	 -0.3145 	 0.1760 	 -0.2694 	 0.6684 	 0.3905 	 -0.9686 	 0.3098
4.3086 	 0.0427 	 0.0281 	 -0.3078 	 0.1799 	 -0.2790 	 0.6713 	 0.3882 	 -0.9555 	 0.2741
4.3186 	 0.0445 	 0.0252 	 -0.3010 	 0.1838 	 -0.2885 	 0.6739 	 0.3808 	 -0.9382 	 0.2412
4.3287 	 0.0464 	 0.0223 	 -0.2943 	 0.1876 	 -0.2978 	 0.6762 	 0.3789 	 -0.9198 	 0.2058
4.3387 	 0.0483 	 0.0193 	 -0.2875 	 0.1914 	 -0.3069 	 0.6780 	 0.3711 	 -0.9041 	 0.1663
4.3487 	 0.0502 	 0.0162 	 -0.2807 	 0.1950 	 -0.3159 	 0.6795 	 0.3617 	 -0.8872 	 0.1259
4.3587 	 0.0522 	 0.0129 	 -0.2739 	 0.1986 	 -0.3247 	 0.6805 	 0.3508 	 -0.8688 	 0.0846
4.3687 	 0.0542 	 0.0097 	 -0.2670 	 0.2021 	 -0.3333 	 0.6812 	 0.3367 	 -0.8493 	 0.0479
4.3788 	 0.0562 	 0.0063 	 -0.2602 	 0.2054 	 -0.3417 	 0.6814 	 0.3233 	 -0.8263 	 0.0025
4.3888 	 0.0583 	 0.0028 	 -0.2534 	 0.2085 	 -0.3499 	 0.6812 	 0.3085 	 -0.8000 	 -0.0445
4.3988 	 0.0604 	 -0.0007 	 -0.2466 	 0.2115 	 -0.3577 	 0.6806 	 0.2921 	 -0.7697 	 -0.0928
4.4088 	 0.0626 	 -0.0044 	 -0.2397 	 0.2144 	 -0.3653 	 0.6794 	 0.2738 	 -0.7341 	 -0.1416
4.4188 	 0.0647 	 -0.0081 	 -0.2329 	 0.2170 	 -0.3724 	 0.6777 	 0.2575 	 -0.6891 	 -0.1852
4.4289 	 0.0669 	 -0.0118 	 -0.2262 	 0.2195 	 -0.3791 	 0.6757 	 0.2358 	 -0.6442 	 -0.2284
4.4389 	 0.0691 	 -0.0157 	 -0.2194 	 0.2218 	 -0.3853 	 0.6732 	 0.2134 	 -0.5979 	 -0.2670
4.4489 	 0.0714 	 -0.0195 	 -0.2127 	 0.2238 	 -0.3911 	 0.6703 	 0.1933 	 -0.5589 	 -0.3012
4.4589 	 0.0736 	 -0.0235 	 -0.2060 	 0.2256 	 -0.3965 	 0.6671 	 0.1704 	 -0.5146 	 -0.3373
4.4689 	 0.0759 	 -0.0275 	 -0.1993 	 0.2272 	 -0.4015 	 0.6636 	 0.1461 	 -0.4682 	 -0.3757
4.4790 	 0.0782 	 -0.0315 	 -0.1927 	 0.2286 	 -0.4059 	 0.6596 	 0.1204 	 -0.4181 	 -0.4144
4.4890 	 0.0804 	 -0.0356 	 -0.1861 	 0.2296 	 -0.4098 	 0.6553 	 0.0936 	 -0.3668 	 -0.4515
4.4990 	 0.0828 	 -0.0397 	 -0.1796 	 0.2304 	 -0.4132 	 0.6506 	 0.0663 	 -0.3158 	 -0.4863
4.5090 	 0.0851 	 -0.0439 	 -0.1731 	 0.2310 	 -0.4161 	 0.6455 	 0.0456 	 -0.2623 	 -0.5330
4.5190 	 0.0874 	 -0.0481 	 -0.1666 	 0.2314 	 -0.4185 	 0.6399 	 0.0345 	 -0.2098 	 -0.5736
4.5291 	 0.0897 	 -0.0523 	 -0.1602 	 0.2317 	 -0.4204 	 0.6340 	 0.0278 	 -0.1657 	 -0.6057
4.5391 	 0.0920 	 -0.0565 	 -0.1539 	 0.2319 	 -0.4218 	 0.6278 	 0.0160 	 -0.1192 	 -0.6357
4.5491 	 0.0943 	 -0.0607 	 -0.1477 	 0.2320 	 -0.4228 	 0.6213 	 0.0041 	 -0.0744 	 -0.6648
4.5591 	 0.0967 	 -0.0650 	 -0.1415 	 0.2320 	 -0.4233 	 0.6145 	 -0.0078 	 -0.0296 	 -0.6861
4.5691 	 0.0990 	 -0.0692 	 -0.1353 	 0.2319 	 -0.4234 	 0.6075 	 -0.0184 	 0.0134 	 -0.7137
4.5792 	 0.1013 	 -0.0734 	 -0.1293 	 0.2316 	 -0.4231 	 0.6002 	 -0.0318 	 0.0495 	 -0.7386
4.5892 	 0.1036 	 -0.0777 	 -0.1233 	 0.2312 	 -0.4224 	 0.5927 	 -0.0414 	 0.0895 	 -0.7639
4.5992 	 0.1060 	 -0.0819 	 -0.1174 	 0.2308 	 -0.4213 	 0.5849 	 -0.0508 	 0.1278 	 -0.7871
4.6092 	 0.1083 	 -0.0861 	 -0.1116 	 0.2302 	 -0.4198 	 0.5770 	 -0.0607 	 0.1635 	 -0.8027
4.6192 	 0.1106 	 -0.0903 	 -0.1059 	 0.2296 	 -0.4180 	 0.5689 	 -0.0699 	 0.1961 	 -0.8226
4.6293 	 0.1129 	 -0.0945 	 -0.1002 	 0.2288 	 -0.4159 	 0.5605 	 -0.0792 	 0.2258 	 -0.8404
4.6393 	 0.1151 	 -0.0987 	 -0.0946 	 0.2280 	 -0.4135 	 0.5520 	 -0.0885 	 0.2531 	 -0.8568
4.6493 	 0.1174 	 -0.1028 	 -0.0891 	 0.2270 	 -0.4109 	 0.5434 	 -0.0978 	 0.2785 	 -0.8721
4.6593 	 0.1197 	 -0.1069 	 -0.0837 	 0.2260 	 -0.4079 	 0.5345 	 -0.1069 	 0.3026 	 -0.8870
4.6693 	 0.1220 	 -0.1110 	 -0.0784 	 0.2249 	 -0.4048 	 0.5256 	 -0.1161 	 0.3256 	 -0.9014
4.6794 	 0.1242 	 -0.1150 	 -0.0732 	 0.2237 	 -0.4014 	 0.5165 	 -0.1254 	 0.3479 	 -0.9158
4.6894 	 0.1264 	 -0.1190 	 -0.0681 	 0.2224 	 -0.3978 	 0.5072 	 -0.1358 	 0.3711 	 -0.9240
4.6994 	 0.1287 	 -0.1230 	 -0.0630 	 0.2210 	 -0.3940 	 0.4980 	 -0.1439 	 0.3875 	 -0.9327
4.7094 	 0.1309 	 -0.1269 	 -0.0581 	 0.2195 	 -0.3901 	 0.4886 	 -0.1560 	 0.4078 	 -0.9409
4.7194 	 0.1331 	 -0.1308 	 -0.0533 	 0.2179 	 -0.3859 	 0.4791 	 -0.1658 	 0.4275 	 -0.9552
4.7295 	 0.1352 	 -0.1346 	 -0.0485 	 0.2161 	 -0.3815 	 0.4695 	 -0.1790 	 0.4465 	 -0.9642
4.7395 	 0.1374 	 -0.1384 	 -0.0438 	 0.2143 	 -0.3769 	 0.4598 	 -0.1889 	 0.4653 	 -0.9781
4.7495 	 0.1395 	 -0.1422 	 -0.0393 	 0.2124 	 -0.3722 	 0.4500 	 -0.1963 	 0.4820 	 -0.9836
4.7595 	 0.1416 	 -0.1459 	 -0.0348 	 0.2103 	 -0.3673 	 0.4400 	 -0.2057 	 0.4991 	 -0.9936
4.7695 	 0.1437 	 -0.1495 	 -0.0305 	 0.2082 	 -0.3621 	 0.4301 	 -0.2146 	 0.5205 	 -0.9976
4.7796 	 0.1458 	 -0.1531 	 -0.0262 	 0.2060 	 -0.3568 	 0.4200 	 -0.2240 	 0.5366 	 -1.0045
4.7896 	 0.1479 	 -0.1567 	 -0.0220 	 0.2037 	 -0.3514 	 0.4100 	 -0.2334 	 0.5519 	 -1.0103
4.7996 	 0.1499 	 -0.1602 	 -0.0180 	 0.2014 	 -0.3458 	 0.3998 	 -0.2427 	 0.5665 	 -1.0153
4.8096 	 0.1519 	 -0.1636 	 -0.0140 	 0.1989 	 -0.3400 	 0.3896 	 -0.2520 	 0.5802 	 -1.0198
4.8196 	 0.1539 	 -0.1670 	 -0.0102 	 0.1963 	 -0.3342 	 0.3794 	 -0.2610 	 0.5931 	 -1.0240
4.8297 	 0.1558 	 -0.1703 	 -0.0064 	 0.1937 	 -0.3282 	 0.3691 	 -0.2698 	 0.6053 	 -1.0279
4.8397 	 0.1578 	 -0.1736 	 -0.0028 	 0.1909 	 -0.3220 	 0.3588 	 -0.2778 	 0.6152 	 -1.0254
4.8497 	 0.1597 	 -0.1768 	 0.0008 	 0.1881 	 -0.3158 	 0.3485 	 -0.2859 	 0.6255 	 -1.0275
4.8597 	 0.1615 	 -0.1799 	 0.0042 	 0.1852 	 -0.3095 	 0.3382 	 -0.2937 	 0.6351 	 -1.0296
4.8697 	 0.1634 	 -0.1830 	 0.0075 	 0.1822 	 -0.3031 	 0.3279 	 -0.3013 	 0.6441 	 -1.0314
4.8798 	 0.1652 	 -0.1860 	 0.0108 	 0.1791 	 -0.2966 	 0.3176 	 -0.3102 	 0.6516 	 -1.0215
4.8898 	 0.1670 	 -0.1889 	 0.0139 	 0.1760 	 -0.2900 	 0.3073 	 -0.3172 	 0.6594 	 -1.0233
4.8998 	 0.1687 	 -0.1918 	 0.0169 	 0.1728 	 -0.2834 	 0.2971 	 -0.3241 	 0.6668 	 -1.0248
4.9098 	 0.1704 	 -0.1946 	 0.0199 	 0.1695 	 -0.2767 	 0.2868 	 -0.3310 	 0.6739 	 -1.0261
4.9198 	 0.1721 	 -0.1973 	 0.0227 	 0.1662 	 -0.2699 	 0.2765 	 -0.3379 	 0.6807 	 -1.0272
4.9299 	 0.1738 	 -0.2000 	 0.0254 	 0.1627 	 -0.2630 	 0.2662 	 -0.3449 	 0.6872 	 -1.0282
4.9399 	 0.1754 	 -0.2026 	 0.0280 	 0.1592 	 -0.2561 	 0.2559 	 -0.3519 	 0.6936 	 -1.0291
4.9499 	 0.1769 	 -0.2051 	 0.0305 	 0.1557 	 -0.2492 	 0.2457 	 -0.3573 	 0.6971 	 -1.0168
4.9599 	 0.1785 	 -0.2076 	 0.0329 	 0.1520 	 -0.2421 	 0.2355 	 -0.3657 	 0.6978 	 -1.0027
4.9699 	 0.1800 	 -0.2100 	 0.0352 	 0.1483 	 -0.2351 	 0.2255 	 -0.3700 	 0.7009 	 -0.9943
4.9800 	 0.1815 	 -0.2123 	 0.0375 	 0.1446 	 -0.2281 	 0.2156 	 -0.3725 	 0.7014 	 -0.9796
4.9900 	 0.1829 	 -0.2146 	 0.0396 	 0.1409 	 -0.2211 	 0.2059 	 -0.3775 	 0.6960 	 -0.9637
