100-Body Run with i = 48 th particle. (Units in pc,M_solar,Myr, km s-1) 

time		 x 		 y 		 z 		 xdot 		 ydot 		 zdot 		 xddot 		 yddot 		 zddot
0.0000 	 0.4272 	 0.1787 	 -0.4042 	 0.0118 	 0.0124 	 0.0338 	 -0.4442 	 -0.3097 	 0.1534
0.0100 	 0.4273 	 0.1788 	 -0.4038 	 0.0073 	 0.0093 	 0.0354 	 -0.4443 	 -0.3098 	 0.1534
0.0200 	 0.4273 	 0.1789 	 -0.4035 	 0.0029 	 0.0061 	 0.0369 	 -0.4446 	 -0.3099 	 0.1535
0.0301 	 0.4273 	 0.1789 	 -0.4031 	 -0.0016 	 0.0030 	 0.0384 	 -0.4449 	 -0.3100 	 0.1537
0.0401 	 0.4273 	 0.1789 	 -0.4027 	 -0.0060 	 -0.0001 	 0.0400 	 -0.4452 	 -0.3102 	 0.1539
0.0501 	 0.4272 	 0.1789 	 -0.4023 	 -0.0105 	 -0.0032 	 0.0415 	 -0.4457 	 -0.3104 	 0.1541
0.0601 	 0.4271 	 0.1789 	 -0.4019 	 -0.0150 	 -0.0063 	 0.0431 	 -0.4462 	 -0.3107 	 0.1545
0.0701 	 0.4269 	 0.1788 	 -0.4014 	 -0.0194 	 -0.0094 	 0.0446 	 -0.4468 	 -0.3110 	 0.1548
0.0802 	 0.4267 	 0.1787 	 -0.4010 	 -0.0239 	 -0.0125 	 0.0462 	 -0.4475 	 -0.3114 	 0.1552
0.0902 	 0.4264 	 0.1785 	 -0.4005 	 -0.0284 	 -0.0156 	 0.0477 	 -0.4483 	 -0.3118 	 0.1557
0.1002 	 0.4261 	 0.1784 	 -0.4000 	 -0.0329 	 -0.0188 	 0.0493 	 -0.4491 	 -0.3123 	 0.1562
0.1102 	 0.4258 	 0.1782 	 -0.3995 	 -0.0374 	 -0.0219 	 0.0508 	 -0.4500 	 -0.3128 	 0.1568
0.1202 	 0.4254 	 0.1779 	 -0.3990 	 -0.0419 	 -0.0250 	 0.0524 	 -0.4510 	 -0.3133 	 0.1575
0.1303 	 0.4249 	 0.1777 	 -0.3985 	 -0.0465 	 -0.0282 	 0.0540 	 -0.4521 	 -0.3139 	 0.1582
0.1403 	 0.4244 	 0.1774 	 -0.3979 	 -0.0510 	 -0.0313 	 0.0556 	 -0.4532 	 -0.3146 	 0.1589
0.1503 	 0.4239 	 0.1770 	 -0.3974 	 -0.0555 	 -0.0345 	 0.0572 	 -0.4545 	 -0.3153 	 0.1597
0.1603 	 0.4233 	 0.1767 	 -0.3968 	 -0.0601 	 -0.0376 	 0.0588 	 -0.4558 	 -0.3160 	 0.1606
0.1703 	 0.4227 	 0.1763 	 -0.3962 	 -0.0647 	 -0.0408 	 0.0604 	 -0.4572 	 -0.3168 	 0.1615
0.1804 	 0.4220 	 0.1758 	 -0.3956 	 -0.0693 	 -0.0440 	 0.0620 	 -0.4587 	 -0.3176 	 0.1625
0.1904 	 0.4213 	 0.1754 	 -0.3949 	 -0.0739 	 -0.0472 	 0.0637 	 -0.4603 	 -0.3185 	 0.1636
0.2004 	 0.4205 	 0.1749 	 -0.3943 	 -0.0785 	 -0.0504 	 0.0653 	 -0.4620 	 -0.3194 	 0.1647
0.2104 	 0.4197 	 0.1744 	 -0.3936 	 -0.0831 	 -0.0536 	 0.0670 	 -0.4638 	 -0.3204 	 0.1659
0.2204 	 0.4189 	 0.1738 	 -0.3929 	 -0.0878 	 -0.0568 	 0.0686 	 -0.4656 	 -0.3215 	 0.1672
0.2305 	 0.4180 	 0.1732 	 -0.3922 	 -0.0925 	 -0.0600 	 0.0703 	 -0.4676 	 -0.3226 	 0.1685
0.2405 	 0.4170 	 0.1726 	 -0.3915 	 -0.0972 	 -0.0633 	 0.0720 	 -0.4697 	 -0.3238 	 0.1699
0.2505 	 0.4160 	 0.1720 	 -0.3908 	 -0.1019 	 -0.0665 	 0.0737 	 -0.4719 	 -0.3250 	 0.1714
0.2605 	 0.4150 	 0.1713 	 -0.3901 	 -0.1066 	 -0.0698 	 0.0754 	 -0.4741 	 -0.3263 	 0.1730
0.2705 	 0.4139 	 0.1706 	 -0.3893 	 -0.1114 	 -0.0731 	 0.0772 	 -0.4765 	 -0.3276 	 0.1746
0.2806 	 0.4127 	 0.1698 	 -0.3885 	 -0.1162 	 -0.0763 	 0.0789 	 -0.4846 	 -0.3322 	 0.1768
0.2906 	 0.4116 	 0.1690 	 -0.3877 	 -0.1210 	 -0.0797 	 0.0807 	 -0.4870 	 -0.3336 	 0.1786
0.3006 	 0.4103 	 0.1682 	 -0.3869 	 -0.1259 	 -0.0830 	 0.0825 	 -0.4895 	 -0.3350 	 0.1805
0.3106 	 0.4090 	 0.1674 	 -0.3861 	 -0.1308 	 -0.0864 	 0.0843 	 -0.4922 	 -0.3365 	 0.1825
0.3206 	 0.4077 	 0.1665 	 -0.3852 	 -0.1358 	 -0.0898 	 0.0862 	 -0.4950 	 -0.3381 	 0.1845
0.3307 	 0.4063 	 0.1656 	 -0.3843 	 -0.1408 	 -0.0932 	 0.0880 	 -0.4978 	 -0.3397 	 0.1867
0.3407 	 0.4049 	 0.1646 	 -0.3834 	 -0.1458 	 -0.0966 	 0.0899 	 -0.5009 	 -0.3414 	 0.1890
0.3507 	 0.4034 	 0.1636 	 -0.3825 	 -0.1508 	 -0.1000 	 0.0918 	 -0.5040 	 -0.3432 	 0.1914
0.3607 	 0.4019 	 0.1626 	 -0.3816 	 -0.1559 	 -0.1035 	 0.0938 	 -0.5131 	 -0.3475 	 0.1949
0.3707 	 0.4003 	 0.1616 	 -0.3806 	 -0.1610 	 -0.1070 	 0.0957 	 -0.5162 	 -0.3493 	 0.1975
0.3808 	 0.3986 	 0.1605 	 -0.3797 	 -0.1662 	 -0.1105 	 0.0977 	 -0.5194 	 -0.3512 	 0.2002
0.3908 	 0.3969 	 0.1594 	 -0.3787 	 -0.1714 	 -0.1140 	 0.0997 	 -0.5228 	 -0.3532 	 0.2031
0.4008 	 0.3952 	 0.1582 	 -0.3777 	 -0.1768 	 -0.1176 	 0.1018 	 -0.5352 	 -0.3621 	 0.2067
0.4108 	 0.3934 	 0.1570 	 -0.3767 	 -0.1822 	 -0.1213 	 0.1039 	 -0.5438 	 -0.3665 	 0.2091
0.4208 	 0.3915 	 0.1558 	 -0.3756 	 -0.1877 	 -0.1249 	 0.1060 	 -0.5467 	 -0.3682 	 0.2123
0.4309 	 0.3896 	 0.1545 	 -0.3745 	 -0.1932 	 -0.1286 	 0.1081 	 -0.5498 	 -0.3699 	 0.2158
0.4409 	 0.3877 	 0.1532 	 -0.3734 	 -0.1987 	 -0.1324 	 0.1103 	 -0.5583 	 -0.3741 	 0.2211
0.4509 	 0.3857 	 0.1518 	 -0.3723 	 -0.2043 	 -0.1361 	 0.1126 	 -0.5667 	 -0.3780 	 0.2274
0.4609 	 0.3836 	 0.1505 	 -0.3712 	 -0.2100 	 -0.1399 	 0.1149 	 -0.5680 	 -0.3853 	 0.2335
0.4709 	 0.3814 	 0.1490 	 -0.3700 	 -0.2158 	 -0.1438 	 0.1173 	 -0.5761 	 -0.3889 	 0.2399
0.4810 	 0.3793 	 0.1476 	 -0.3688 	 -0.2216 	 -0.1477 	 0.1197 	 -0.5788 	 -0.3903 	 0.2437
0.4910 	 0.3770 	 0.1461 	 -0.3676 	 -0.2274 	 -0.1516 	 0.1221 	 -0.5817 	 -0.3917 	 0.2476
0.5010 	 0.3747 	 0.1445 	 -0.3664 	 -0.2332 	 -0.1556 	 0.1246 	 -0.5846 	 -0.3932 	 0.2518
0.5110 	 0.3723 	 0.1430 	 -0.3651 	 -0.2391 	 -0.1595 	 0.1272 	 -0.5876 	 -0.3947 	 0.2561
0.5210 	 0.3699 	 0.1413 	 -0.3638 	 -0.2450 	 -0.1635 	 0.1298 	 -0.5908 	 -0.3963 	 0.2606
0.5311 	 0.3674 	 0.1397 	 -0.3625 	 -0.2509 	 -0.1675 	 0.1324 	 -0.5941 	 -0.3980 	 0.2653
0.5411 	 0.3649 	 0.1380 	 -0.3612 	 -0.2569 	 -0.1715 	 0.1351 	 -0.5974 	 -0.3997 	 0.2702
0.5511 	 0.3623 	 0.1362 	 -0.3598 	 -0.2629 	 -0.1755 	 0.1378 	 -0.6004 	 -0.3989 	 0.2811
0.5611 	 0.3596 	 0.1345 	 -0.3584 	 -0.2690 	 -0.1795 	 0.1407 	 -0.6138 	 -0.4048 	 0.2928
0.5711 	 0.3569 	 0.1327 	 -0.3570 	 -0.2752 	 -0.1836 	 0.1437 	 -0.6169 	 -0.4066 	 0.2978
0.5812 	 0.3541 	 0.1308 	 -0.3555 	 -0.2814 	 -0.1877 	 0.1466 	 -0.6247 	 -0.4107 	 0.2996
0.5912 	 0.3512 	 0.1289 	 -0.3540 	 -0.2877 	 -0.1918 	 0.1497 	 -0.6276 	 -0.4124 	 0.3054
0.6012 	 0.3483 	 0.1269 	 -0.3525 	 -0.2940 	 -0.1960 	 0.1528 	 -0.6337 	 -0.4192 	 0.3128
0.6112 	 0.3453 	 0.1250 	 -0.3510 	 -0.3004 	 -0.2002 	 0.1559 	 -0.6366 	 -0.4205 	 0.3190
0.6212 	 0.3423 	 0.1229 	 -0.3494 	 -0.3068 	 -0.2044 	 0.1592 	 -0.6485 	 -0.4255 	 0.3333
0.6313 	 0.3392 	 0.1209 	 -0.3478 	 -0.3133 	 -0.2087 	 0.1626 	 -0.6508 	 -0.4266 	 0.3395
0.6413 	 0.3360 	 0.1188 	 -0.3461 	 -0.3198 	 -0.2130 	 0.1660 	 -0.6532 	 -0.4276 	 0.3459
0.6513 	 0.3328 	 0.1166 	 -0.3445 	 -0.3264 	 -0.2173 	 0.1695 	 -0.6556 	 -0.4288 	 0.3527
0.6613 	 0.3295 	 0.1144 	 -0.3428 	 -0.3330 	 -0.2216 	 0.1731 	 -0.6582 	 -0.4299 	 0.3599
0.6713 	 0.3261 	 0.1122 	 -0.3410 	 -0.3396 	 -0.2259 	 0.1767 	 -0.6609 	 -0.4311 	 0.3674
0.6814 	 0.3227 	 0.1099 	 -0.3392 	 -0.3462 	 -0.2302 	 0.1804 	 -0.6678 	 -0.4342 	 0.3794
0.6914 	 0.3192 	 0.1075 	 -0.3374 	 -0.3529 	 -0.2346 	 0.1843 	 -0.6702 	 -0.4352 	 0.3874
0.7014 	 0.3156 	 0.1052 	 -0.3355 	 -0.3596 	 -0.2389 	 0.1882 	 -0.6728 	 -0.4363 	 0.3957
0.7114 	 0.3120 	 0.1028 	 -0.3336 	 -0.3664 	 -0.2433 	 0.1922 	 -0.6755 	 -0.4375 	 0.4045
0.7214 	 0.3083 	 0.1003 	 -0.3317 	 -0.3732 	 -0.2477 	 0.1963 	 -0.6782 	 -0.4387 	 0.4138
0.7315 	 0.3045 	 0.0978 	 -0.3297 	 -0.3800 	 -0.2521 	 0.2005 	 -0.6811 	 -0.4399 	 0.4237
0.7415 	 0.3006 	 0.0952 	 -0.3276 	 -0.3868 	 -0.2565 	 0.2048 	 -0.6841 	 -0.4411 	 0.4341
0.7515 	 0.2967 	 0.0927 	 -0.3256 	 -0.3937 	 -0.2609 	 0.2092 	 -0.6872 	 -0.4424 	 0.4451
0.7615 	 0.2928 	 0.0900 	 -0.3235 	 -0.4006 	 -0.2654 	 0.2137 	 -0.6905 	 -0.4438 	 0.4568
0.7715 	 0.2887 	 0.0873 	 -0.3213 	 -0.4076 	 -0.2698 	 0.2183 	 -0.6976 	 -0.4468 	 0.4649
0.7816 	 0.2846 	 0.0846 	 -0.3191 	 -0.4146 	 -0.2743 	 0.2230 	 -0.7008 	 -0.4481 	 0.4785
0.7916 	 0.2804 	 0.0818 	 -0.3168 	 -0.4216 	 -0.2789 	 0.2279 	 -0.7060 	 -0.4547 	 0.4935
0.8016 	 0.2761 	 0.0790 	 -0.3145 	 -0.4287 	 -0.2834 	 0.2329 	 -0.7124 	 -0.4564 	 0.5138
0.8116 	 0.2718 	 0.0762 	 -0.3121 	 -0.4359 	 -0.2880 	 0.2382 	 -0.7182 	 -0.4578 	 0.5342
0.8216 	 0.2674 	 0.0732 	 -0.3097 	 -0.4431 	 -0.2926 	 0.2436 	 -0.7206 	 -0.4576 	 0.5501
0.8317 	 0.2629 	 0.0703 	 -0.3073 	 -0.4504 	 -0.2972 	 0.2494 	 -0.7361 	 -0.4631 	 0.5863
0.8417 	 0.2584 	 0.0673 	 -0.3047 	 -0.4579 	 -0.3019 	 0.2554 	 -0.7458 	 -0.4659 	 0.6159
0.8517 	 0.2538 	 0.0642 	 -0.3021 	 -0.4653 	 -0.3065 	 0.2616 	 -0.7444 	 -0.4635 	 0.6292
0.8617 	 0.2491 	 0.0611 	 -0.2995 	 -0.4728 	 -0.3112 	 0.2681 	 -0.7516 	 -0.4649 	 0.6583
0.8717 	 0.2443 	 0.0580 	 -0.2968 	 -0.4803 	 -0.3158 	 0.2747 	 -0.7486 	 -0.4615 	 0.6714
0.8818 	 0.2394 	 0.0548 	 -0.2940 	 -0.4879 	 -0.3204 	 0.2816 	 -0.7505 	 -0.4600 	 0.6941
0.8918 	 0.2345 	 0.0516 	 -0.2911 	 -0.4954 	 -0.3250 	 0.2887 	 -0.7514 	 -0.4568 	 0.7165
0.9018 	 0.2295 	 0.0483 	 -0.2882 	 -0.5029 	 -0.3296 	 0.2960 	 -0.7502 	 -0.4527 	 0.7372
0.9118 	 0.2244 	 0.0450 	 -0.2852 	 -0.5104 	 -0.3341 	 0.3034 	 -0.7417 	 -0.4461 	 0.7460
0.9218 	 0.2193 	 0.0416 	 -0.2821 	 -0.5178 	 -0.3385 	 0.3109 	 -0.7324 	 -0.4390 	 0.7553
0.9319 	 0.2140 	 0.0382 	 -0.2790 	 -0.5251 	 -0.3429 	 0.3185 	 -0.7225 	 -0.4313 	 0.7651
0.9419 	 0.2087 	 0.0347 	 -0.2757 	 -0.5323 	 -0.3472 	 0.3263 	 -0.7117 	 -0.4229 	 0.7753
0.9519 	 0.2034 	 0.0312 	 -0.2724 	 -0.5393 	 -0.3514 	 0.3341 	 -0.6999 	 -0.4139 	 0.7862
0.9619 	 0.1979 	 0.0277 	 -0.2690 	 -0.5463 	 -0.3555 	 0.3420 	 -0.6872 	 -0.4040 	 0.7976
0.9719 	 0.1924 	 0.0241 	 -0.2656 	 -0.5531 	 -0.3595 	 0.3501 	 -0.6758 	 -0.3938 	 0.8145
0.9820 	 0.1869 	 0.0205 	 -0.2620 	 -0.5598 	 -0.3634 	 0.3583 	 -0.6598 	 -0.3819 	 0.8257
0.9920 	 0.1812 	 0.0168 	 -0.2584 	 -0.5663 	 -0.3671 	 0.3667 	 -0.6423 	 -0.3689 	 0.8375
1.0020 	 0.1755 	 0.0131 	 -0.2547 	 -0.5727 	 -0.3708 	 0.3751 	 -0.6230 	 -0.3548 	 0.8498
1.0120 	 0.1697 	 0.0094 	 -0.2509 	 -0.5788 	 -0.3742 	 0.3837 	 -0.6018 	 -0.3393 	 0.8626
1.0220 	 0.1639 	 0.0056 	 -0.2470 	 -0.5847 	 -0.3775 	 0.3924 	 -0.5782 	 -0.3224 	 0.8759
1.0321 	 0.1580 	 0.0018 	 -0.2430 	 -0.5904 	 -0.3807 	 0.4012 	 -0.5521 	 -0.3039 	 0.8896
1.0421 	 0.1521 	 -0.0020 	 -0.2389 	 -0.5958 	 -0.3836 	 0.4102 	 -0.5229 	 -0.2836 	 0.9037
1.0521 	 0.1461 	 -0.0058 	 -0.2348 	 -0.6009 	 -0.3864 	 0.4194 	 -0.4920 	 -0.2615 	 0.9237
1.0621 	 0.1400 	 -0.0097 	 -0.2305 	 -0.6056 	 -0.3889 	 0.4287 	 -0.4552 	 -0.2368 	 0.9361
1.0721 	 0.1340 	 -0.0136 	 -0.2262 	 -0.6100 	 -0.3911 	 0.4381 	 -0.4142 	 -0.2094 	 0.9479
1.0822 	 0.1278 	 -0.0176 	 -0.2218 	 -0.6139 	 -0.3930 	 0.4477 	 -0.3687 	 -0.1790 	 0.9583
1.0922 	 0.1217 	 -0.0215 	 -0.2172 	 -0.6174 	 -0.3947 	 0.4573 	 -0.3188 	 -0.1451 	 0.9666
1.1022 	 0.1155 	 -0.0255 	 -0.2126 	 -0.6203 	 -0.3959 	 0.4671 	 -0.2656 	 -0.1074 	 0.9779
1.1122 	 0.1092 	 -0.0294 	 -0.2079 	 -0.6227 	 -0.3968 	 0.4769 	 -0.2069 	 -0.0661 	 0.9783
1.1222 	 0.1030 	 -0.0334 	 -0.2030 	 -0.6244 	 -0.3973 	 0.4866 	 -0.1435 	 -0.0207 	 0.9750
1.1323 	 0.0967 	 -0.0374 	 -0.1981 	 -0.6255 	 -0.3972 	 0.4964 	 -0.0739 	 0.0297 	 0.9673
1.1423 	 0.0904 	 -0.0414 	 -0.1931 	 -0.6259 	 -0.3966 	 0.5060 	 0.0035 	 0.0868 	 0.9476
1.1523 	 0.0842 	 -0.0453 	 -0.1880 	 -0.6254 	 -0.3954 	 0.5154 	 0.0950 	 0.1558 	 0.9307
1.1623 	 0.0779 	 -0.0493 	 -0.1828 	 -0.6240 	 -0.3935 	 0.5245 	 0.1905 	 0.2337 	 0.8962
1.1723 	 0.0717 	 -0.0532 	 -0.1775 	 -0.6216 	 -0.3907 	 0.5333 	 0.2885 	 0.3151 	 0.8443
1.1824 	 0.0655 	 -0.0571 	 -0.1721 	 -0.6182 	 -0.3872 	 0.5414 	 0.3843 	 0.3881 	 0.7704
1.1924 	 0.0593 	 -0.0610 	 -0.1666 	 -0.6139 	 -0.3830 	 0.5487 	 0.4719 	 0.4497 	 0.6851
1.2024 	 0.0532 	 -0.0648 	 -0.1611 	 -0.6088 	 -0.3782 	 0.5551 	 0.5426 	 0.4933 	 0.6024
1.2124 	 0.0471 	 -0.0686 	 -0.1555 	 -0.6030 	 -0.3732 	 0.5607 	 0.6057 	 0.5232 	 0.5170
1.2224 	 0.0411 	 -0.0723 	 -0.1499 	 -0.5967 	 -0.3678 	 0.5655 	 0.6611 	 0.5533 	 0.4353
1.2325 	 0.0352 	 -0.0759 	 -0.1442 	 -0.5898 	 -0.3621 	 0.5694 	 0.7113 	 0.5779 	 0.3568
1.2425 	 0.0293 	 -0.0795 	 -0.1384 	 -0.5824 	 -0.3562 	 0.5726 	 0.7567 	 0.5978 	 0.2817
1.2525 	 0.0235 	 -0.0831 	 -0.1327 	 -0.5746 	 -0.3501 	 0.5751 	 0.7975 	 0.6136 	 0.2105
1.2625 	 0.0178 	 -0.0865 	 -0.1269 	 -0.5665 	 -0.3439 	 0.5769 	 0.8341 	 0.6265 	 0.1435
1.2725 	 0.0121 	 -0.0900 	 -0.1211 	 -0.5579 	 -0.3376 	 0.5780 	 0.8679 	 0.6382 	 0.0860
1.2826 	 0.0066 	 -0.0933 	 -0.1153 	 -0.5491 	 -0.3311 	 0.5785 	 0.8990 	 0.6471 	 0.0242
1.2926 	 0.0011 	 -0.0966 	 -0.1096 	 -0.5399 	 -0.3246 	 0.5785 	 0.9282 	 0.6542 	 -0.0349
1.3026 	 -0.0042 	 -0.0998 	 -0.1038 	 -0.5305 	 -0.3180 	 0.5779 	 0.9550 	 0.6595 	 -0.0908
1.3126 	 -0.0095 	 -0.1030 	 -0.0980 	 -0.5208 	 -0.3114 	 0.5767 	 0.9786 	 0.6637 	 -0.1422
1.3226 	 -0.0147 	 -0.1061 	 -0.0922 	 -0.5109 	 -0.3047 	 0.5750 	 0.9980 	 0.6678 	 -0.1889
1.3327 	 -0.0197 	 -0.1091 	 -0.0865 	 -0.5008 	 -0.2980 	 0.5729 	 1.0128 	 0.6716 	 -0.2320
1.3427 	 -0.0247 	 -0.1120 	 -0.0807 	 -0.4906 	 -0.2913 	 0.5704 	 1.0235 	 0.6747 	 -0.2726
1.3527 	 -0.0296 	 -0.1149 	 -0.0750 	 -0.4803 	 -0.2845 	 0.5675 	 1.0310 	 0.6768 	 -0.3110
1.3627 	 -0.0343 	 -0.1177 	 -0.0694 	 -0.4700 	 -0.2777 	 0.5642 	 1.0361 	 0.6778 	 -0.3472
1.3727 	 -0.0390 	 -0.1205 	 -0.0637 	 -0.4596 	 -0.2709 	 0.5605 	 1.0395 	 0.6782 	 -0.3814
1.3828 	 -0.0435 	 -0.1232 	 -0.0581 	 -0.4491 	 -0.2641 	 0.5565 	 1.0417 	 0.6780 	 -0.4134
1.3928 	 -0.0480 	 -0.1258 	 -0.0526 	 -0.4387 	 -0.2573 	 0.5522 	 1.0430 	 0.6776 	 -0.4434
1.4028 	 -0.0523 	 -0.1283 	 -0.0471 	 -0.4282 	 -0.2506 	 0.5476 	 1.0438 	 0.6771 	 -0.4715
1.4128 	 -0.0566 	 -0.1308 	 -0.0416 	 -0.4178 	 -0.2438 	 0.5428 	 1.0442 	 0.6765 	 -0.4981
1.4228 	 -0.0607 	 -0.1332 	 -0.0362 	 -0.4073 	 -0.2370 	 0.5377 	 1.0445 	 0.6760 	 -0.5234
1.4329 	 -0.0647 	 -0.1355 	 -0.0308 	 -0.3968 	 -0.2302 	 0.5323 	 1.0446 	 0.6756 	 -0.5475
1.4429 	 -0.0687 	 -0.1378 	 -0.0255 	 -0.3864 	 -0.2235 	 0.5267 	 1.0446 	 0.6752 	 -0.5707
1.4529 	 -0.0725 	 -0.1400 	 -0.0203 	 -0.3759 	 -0.2167 	 0.5209 	 1.0445 	 0.6748 	 -0.5932
1.4629 	 -0.0762 	 -0.1422 	 -0.0151 	 -0.3654 	 -0.2099 	 0.5148 	 1.0442 	 0.6744 	 -0.6150
1.4729 	 -0.0798 	 -0.1442 	 -0.0100 	 -0.3550 	 -0.2032 	 0.5085 	 1.0402 	 0.6720 	 -0.6308
1.4830 	 -0.0833 	 -0.1462 	 -0.0049 	 -0.3446 	 -0.1965 	 0.5022 	 1.0320 	 0.6667 	 -0.6393
1.4930 	 -0.0867 	 -0.1482 	 0.0001 	 -0.3343 	 -0.1898 	 0.4957 	 1.0267 	 0.6622 	 -0.6499
1.5030 	 -0.0900 	 -0.1500 	 0.0050 	 -0.3240 	 -0.1832 	 0.4892 	 1.0199 	 0.6578 	 -0.6608
1.5130 	 -0.0932 	 -0.1518 	 0.0099 	 -0.3139 	 -0.1767 	 0.4825 	 1.0077 	 0.6510 	 -0.6648
1.5230 	 -0.0963 	 -0.1536 	 0.0147 	 -0.3038 	 -0.1701 	 0.4758 	 1.0025 	 0.6479 	 -0.6780
1.5331 	 -0.0993 	 -0.1552 	 0.0194 	 -0.2938 	 -0.1637 	 0.4690 	 0.9972 	 0.6448 	 -0.6911
1.5431 	 -0.1022 	 -0.1569 	 0.0241 	 -0.2839 	 -0.1572 	 0.4620 	 0.9887 	 0.6398 	 -0.6972
1.5531 	 -0.1050 	 -0.1584 	 0.0287 	 -0.2740 	 -0.1509 	 0.4550 	 0.9787 	 0.6343 	 -0.7034
1.5631 	 -0.1077 	 -0.1599 	 0.0332 	 -0.2643 	 -0.1445 	 0.4479 	 0.9681 	 0.6298 	 -0.7080
1.5731 	 -0.1103 	 -0.1613 	 0.0377 	 -0.2546 	 -0.1382 	 0.4408 	 0.9610 	 0.6262 	 -0.7169
1.5832 	 -0.1128 	 -0.1626 	 0.0421 	 -0.2450 	 -0.1320 	 0.4336 	 0.9500 	 0.6206 	 -0.7206
1.5932 	 -0.1152 	 -0.1639 	 0.0464 	 -0.2356 	 -0.1258 	 0.4264 	 0.9403 	 0.6107 	 -0.7281
1.6032 	 -0.1175 	 -0.1652 	 0.0506 	 -0.2263 	 -0.1198 	 0.4192 	 0.9157 	 0.5982 	 -0.7165
1.6132 	 -0.1197 	 -0.1663 	 0.0548 	 -0.2173 	 -0.1139 	 0.4121 	 0.8932 	 0.5869 	 -0.7073
1.6232 	 -0.1219 	 -0.1675 	 0.0589 	 -0.2084 	 -0.1080 	 0.4050 	 0.8789 	 0.5796 	 -0.7058
1.6333 	 -0.1239 	 -0.1685 	 0.0629 	 -0.1997 	 -0.1023 	 0.3979 	 0.8690 	 0.5746 	 -0.7088
1.6433 	 -0.1259 	 -0.1695 	 0.0668 	 -0.1910 	 -0.0965 	 0.3908 	 0.8597 	 0.5699 	 -0.7121
1.6533 	 -0.1277 	 -0.1704 	 0.0707 	 -0.1825 	 -0.0909 	 0.3837 	 0.8466 	 0.5636 	 -0.7100
1.6633 	 -0.1295 	 -0.1713 	 0.0745 	 -0.1741 	 -0.0852 	 0.3766 	 0.8337 	 0.5576 	 -0.7077
1.6733 	 -0.1312 	 -0.1721 	 0.0783 	 -0.1657 	 -0.0797 	 0.3694 	 0.8331 	 0.5564 	 -0.7190
1.6834 	 -0.1328 	 -0.1729 	 0.0819 	 -0.1574 	 -0.0741 	 0.3622 	 0.8265 	 0.5559 	 -0.7259
1.6934 	 -0.1344 	 -0.1736 	 0.0855 	 -0.1491 	 -0.0685 	 0.3549 	 0.8183 	 0.5524 	 -0.7279
1.7034 	 -0.1358 	 -0.1743 	 0.0890 	 -0.1410 	 -0.0630 	 0.3476 	 0.8105 	 0.5491 	 -0.7300
1.7134 	 -0.1372 	 -0.1749 	 0.0925 	 -0.1329 	 -0.0575 	 0.3402 	 0.8030 	 0.5461 	 -0.7322
1.7234 	 -0.1385 	 -0.1754 	 0.0959 	 -0.1249 	 -0.0521 	 0.3329 	 0.7959 	 0.5434 	 -0.7346
1.7335 	 -0.1397 	 -0.1759 	 0.0992 	 -0.1170 	 -0.0466 	 0.3256 	 0.7849 	 0.5385 	 -0.7310
1.7435 	 -0.1408 	 -0.1764 	 0.1024 	 -0.1091 	 -0.0413 	 0.3182 	 0.7778 	 0.5358 	 -0.7323
1.7535 	 -0.1419 	 -0.1768 	 0.1055 	 -0.1014 	 -0.0359 	 0.3109 	 0.7712 	 0.5334 	 -0.7339
1.7635 	 -0.1429 	 -0.1771 	 0.1086 	 -0.0937 	 -0.0306 	 0.3035 	 0.7616 	 0.5279 	 -0.7308
1.7735 	 -0.1438 	 -0.1774 	 0.1116 	 -0.0861 	 -0.0253 	 0.2962 	 0.7548 	 0.5310 	 -0.7306
1.7836 	 -0.1446 	 -0.1776 	 0.1145 	 -0.0785 	 -0.0199 	 0.2889 	 0.7490 	 0.5280 	 -0.7326
1.7936 	 -0.1453 	 -0.1778 	 0.1174 	 -0.0711 	 -0.0147 	 0.2815 	 0.7444 	 0.5222 	 -0.7403
1.8036 	 -0.1460 	 -0.1779 	 0.1202 	 -0.0636 	 -0.0095 	 0.2741 	 0.7394 	 0.5198 	 -0.7425
1.8136 	 -0.1466 	 -0.1780 	 0.1229 	 -0.0562 	 -0.0043 	 0.2667 	 0.7347 	 0.5162 	 -0.7381
1.8236 	 -0.1471 	 -0.1780 	 0.1255 	 -0.0489 	 0.0009 	 0.2593 	 0.7303 	 0.5139 	 -0.7398
1.8337 	 -0.1476 	 -0.1780 	 0.1281 	 -0.0416 	 0.0060 	 0.2519 	 0.7222 	 0.5097 	 -0.7369
1.8437 	 -0.1480 	 -0.1779 	 0.1306 	 -0.0344 	 0.0111 	 0.2445 	 0.7181 	 0.5076 	 -0.7387
1.8537 	 -0.1483 	 -0.1777 	 0.1330 	 -0.0272 	 0.0162 	 0.2371 	 0.7143 	 0.5056 	 -0.7408
1.8637 	 -0.1485 	 -0.1775 	 0.1353 	 -0.0201 	 0.0212 	 0.2297 	 0.7068 	 0.5016 	 -0.7383
1.8737 	 -0.1487 	 -0.1773 	 0.1376 	 -0.0131 	 0.0262 	 0.2223 	 0.6992 	 0.4976 	 -0.7355
1.8838 	 -0.1488 	 -0.1770 	 0.1398 	 -0.0061 	 0.0312 	 0.2150 	 0.6963 	 0.4986 	 -0.7312
1.8938 	 -0.1488 	 -0.1767 	 0.1419 	 0.0009 	 0.0362 	 0.2077 	 0.6928 	 0.4989 	 -0.7264
1.9038 	 -0.1488 	 -0.1763 	 0.1440 	 0.0078 	 0.0412 	 0.2004 	 0.6859 	 0.4958 	 -0.7225
1.9138 	 -0.1487 	 -0.1759 	 0.1459 	 0.0146 	 0.0462 	 0.1932 	 0.6831 	 0.4946 	 -0.7236
1.9238 	 -0.1485 	 -0.1754 	 0.1478 	 0.0215 	 0.0511 	 0.1859 	 0.6806 	 0.4935 	 -0.7249
1.9339 	 -0.1482 	 -0.1748 	 0.1497 	 0.0283 	 0.0561 	 0.1787 	 0.6784 	 0.4924 	 -0.7266
1.9439 	 -0.1479 	 -0.1742 	 0.1514 	 0.0350 	 0.0610 	 0.1714 	 0.6764 	 0.4914 	 -0.7285
1.9539 	 -0.1475 	 -0.1736 	 0.1531 	 0.0418 	 0.0659 	 0.1641 	 0.6747 	 0.4904 	 -0.7308
1.9639 	 -0.1471 	 -0.1729 	 0.1547 	 0.0486 	 0.0708 	 0.1567 	 0.6783 	 0.4910 	 -0.7367
1.9739 	 -0.1465 	 -0.1722 	 0.1562 	 0.0554 	 0.0757 	 0.1493 	 0.6767 	 0.4898 	 -0.7391
1.9840 	 -0.1460 	 -0.1714 	 0.1577 	 0.0621 	 0.0806 	 0.1419 	 0.6717 	 0.4865 	 -0.7369
1.9940 	 -0.1453 	 -0.1706 	 0.1591 	 0.0689 	 0.0855 	 0.1345 	 0.6751 	 0.4875 	 -0.7425
2.0040 	 -0.1446 	 -0.1697 	 0.1604 	 0.0757 	 0.0904 	 0.1270 	 0.6758 	 0.4877 	 -0.7507
2.0140 	 -0.1438 	 -0.1688 	 0.1616 	 0.0824 	 0.0953 	 0.1195 	 0.6712 	 0.4829 	 -0.7475
2.0240 	 -0.1429 	 -0.1678 	 0.1628 	 0.0891 	 0.1001 	 0.1120 	 0.6693 	 0.4760 	 -0.7446
2.0341 	 -0.1420 	 -0.1668 	 0.1639 	 0.0958 	 0.1048 	 0.1046 	 0.6716 	 0.4758 	 -0.7510
2.0441 	 -0.1410 	 -0.1657 	 0.1649 	 0.1026 	 0.1096 	 0.0970 	 0.6667 	 0.4706 	 -0.7472
2.0541 	 -0.1399 	 -0.1646 	 0.1658 	 0.1092 	 0.1143 	 0.0895 	 0.6690 	 0.4698 	 -0.7526
2.0641 	 -0.1388 	 -0.1634 	 0.1667 	 0.1159 	 0.1190 	 0.0820 	 0.6669 	 0.4661 	 -0.7534
2.0741 	 -0.1376 	 -0.1622 	 0.1674 	 0.1226 	 0.1236 	 0.0744 	 0.6648 	 0.4624 	 -0.7544
2.0842 	 -0.1364 	 -0.1609 	 0.1682 	 0.1292 	 0.1282 	 0.0669 	 0.6628 	 0.4585 	 -0.7555
2.0942 	 -0.1350 	 -0.1596 	 0.1688 	 0.1359 	 0.1328 	 0.0593 	 0.6582 	 0.4537 	 -0.7508
2.1042 	 -0.1336 	 -0.1583 	 0.1693 	 0.1425 	 0.1373 	 0.0518 	 0.6560 	 0.4494 	 -0.7519
2.1142 	 -0.1322 	 -0.1569 	 0.1698 	 0.1490 	 0.1418 	 0.0443 	 0.6498 	 0.4425 	 -0.7493
2.1242 	 -0.1306 	 -0.1554 	 0.1702 	 0.1555 	 0.1462 	 0.0368 	 0.6480 	 0.4381 	 -0.7509
2.1343 	 -0.1291 	 -0.1539 	 0.1706 	 0.1620 	 0.1506 	 0.0292 	 0.6462 	 0.4336 	 -0.7525
2.1443 	 -0.1274 	 -0.1524 	 0.1708 	 0.1684 	 0.1549 	 0.0217 	 0.6444 	 0.4289 	 -0.7541
2.1543 	 -0.1257 	 -0.1508 	 0.1710 	 0.1749 	 0.1592 	 0.0141 	 0.6425 	 0.4240 	 -0.7558
2.1643 	 -0.1239 	 -0.1492 	 0.1711 	 0.1813 	 0.1634 	 0.0065 	 0.6407 	 0.4190 	 -0.7575
2.1743 	 -0.1220 	 -0.1475 	 0.1711 	 0.1877 	 0.1676 	 -0.0011 	 0.6388 	 0.4139 	 -0.7593
2.1844 	 -0.1201 	 -0.1458 	 0.1711 	 0.1941 	 0.1717 	 -0.0087 	 0.6368 	 0.4086 	 -0.7610
2.1944 	 -0.1182 	 -0.1441 	 0.1710 	 0.2005 	 0.1757 	 -0.0163 	 0.6385 	 0.4022 	 -0.7675
2.2044 	 -0.1161 	 -0.1423 	 0.1708 	 0.2069 	 0.1797 	 -0.0240 	 0.6359 	 0.3967 	 -0.7685
2.2144 	 -0.1140 	 -0.1405 	 0.1705 	 0.2132 	 0.1837 	 -0.0317 	 0.6333 	 0.3912 	 -0.7696
2.2244 	 -0.1118 	 -0.1386 	 0.1701 	 0.2196 	 0.1876 	 -0.0394 	 0.6323 	 0.3912 	 -0.7713
2.2345 	 -0.1096 	 -0.1367 	 0.1697 	 0.2259 	 0.1915 	 -0.0472 	 0.6293 	 0.3850 	 -0.7722
2.2445 	 -0.1073 	 -0.1348 	 0.1692 	 0.2322 	 0.1954 	 -0.0549 	 0.6262 	 0.3786 	 -0.7732
2.2545 	 -0.1050 	 -0.1328 	 0.1686 	 0.2385 	 0.1991 	 -0.0627 	 0.6269 	 0.3749 	 -0.7719
2.2645 	 -0.1025 	 -0.1308 	 0.1679 	 0.2447 	 0.2029 	 -0.0704 	 0.6228 	 0.3677 	 -0.7734
2.2745 	 -0.1001 	 -0.1288 	 0.1672 	 0.2510 	 0.2065 	 -0.0781 	 0.6184 	 0.3603 	 -0.7748
2.2846 	 -0.0975 	 -0.1267 	 0.1663 	 0.2571 	 0.2101 	 -0.0859 	 0.6139 	 0.3527 	 -0.7764
2.2946 	 -0.0949 	 -0.1246 	 0.1654 	 0.2633 	 0.2136 	 -0.0937 	 0.6091 	 0.3450 	 -0.7780
2.3046 	 -0.0922 	 -0.1224 	 0.1645 	 0.2693 	 0.2170 	 -0.1015 	 0.6041 	 0.3371 	 -0.7796
2.3146 	 -0.0895 	 -0.1202 	 0.1634 	 0.2754 	 0.2203 	 -0.1093 	 0.5989 	 0.3290 	 -0.7814
2.3246 	 -0.0867 	 -0.1180 	 0.1623 	 0.2813 	 0.2236 	 -0.1172 	 0.5934 	 0.3207 	 -0.7832
2.3347 	 -0.0839 	 -0.1157 	 0.1611 	 0.2873 	 0.2268 	 -0.1250 	 0.5858 	 0.3108 	 -0.7791
2.3447 	 -0.0810 	 -0.1134 	 0.1598 	 0.2931 	 0.2298 	 -0.1328 	 0.5798 	 0.3020 	 -0.7810
2.3547 	 -0.0780 	 -0.1111 	 0.1584 	 0.2988 	 0.2328 	 -0.1406 	 0.5693 	 0.2925 	 -0.7780
2.3647 	 -0.0750 	 -0.1088 	 0.1570 	 0.3045 	 0.2357 	 -0.1484 	 0.5617 	 0.2869 	 -0.7743
2.3747 	 -0.0719 	 -0.1064 	 0.1554 	 0.3101 	 0.2385 	 -0.1562 	 0.5547 	 0.2780 	 -0.7762
2.3848 	 -0.0688 	 -0.1040 	 0.1538 	 0.3156 	 0.2413 	 -0.1639 	 0.5473 	 0.2690 	 -0.7785
2.3948 	 -0.0656 	 -0.1016 	 0.1521 	 0.3211 	 0.2439 	 -0.1717 	 0.5381 	 0.2583 	 -0.7749
2.4048 	 -0.0623 	 -0.0991 	 0.1504 	 0.3264 	 0.2465 	 -0.1794 	 0.5261 	 0.2495 	 -0.7720
2.4148 	 -0.0590 	 -0.0966 	 0.1485 	 0.3316 	 0.2489 	 -0.1872 	 0.5192 	 0.2402 	 -0.7791
2.4248 	 -0.0557 	 -0.0941 	 0.1466 	 0.3368 	 0.2513 	 -0.1951 	 0.5074 	 0.2295 	 -0.7866
2.4349 	 -0.0523 	 -0.0916 	 0.1446 	 0.3418 	 0.2535 	 -0.2030 	 0.5013 	 0.2203 	 -0.7924
2.4449 	 -0.0488 	 -0.0890 	 0.1426 	 0.3468 	 0.2557 	 -0.2109 	 0.4905 	 0.2100 	 -0.7937
2.4549 	 -0.0453 	 -0.0865 	 0.1404 	 0.3517 	 0.2577 	 -0.2189 	 0.4792 	 0.1995 	 -0.7957
2.4649 	 -0.0418 	 -0.0839 	 0.1382 	 0.3564 	 0.2597 	 -0.2269 	 0.4675 	 0.1889 	 -0.7984
2.4749 	 -0.0382 	 -0.0813 	 0.1359 	 0.3610 	 0.2615 	 -0.2349 	 0.4554 	 0.1780 	 -0.8018
2.4850 	 -0.0345 	 -0.0786 	 0.1335 	 0.3655 	 0.2633 	 -0.2429 	 0.4430 	 0.1670 	 -0.8060
2.4950 	 -0.0309 	 -0.0760 	 0.1310 	 0.3699 	 0.2649 	 -0.2510 	 0.4301 	 0.1558 	 -0.8111
2.5050 	 -0.0271 	 -0.0733 	 0.1284 	 0.3741 	 0.2664 	 -0.2592 	 0.4146 	 0.1455 	 -0.8112
2.5150 	 -0.0234 	 -0.0707 	 0.1258 	 0.3782 	 0.2678 	 -0.2674 	 0.4019 	 0.1342 	 -0.8237
2.5251 	 -0.0196 	 -0.0680 	 0.1231 	 0.3822 	 0.2691 	 -0.2758 	 0.3921 	 0.1218 	 -0.8482
2.5351 	 -0.0157 	 -0.0653 	 0.1203 	 0.3861 	 0.2702 	 -0.2843 	 0.3781 	 0.1099 	 -0.8597
2.5451 	 -0.0118 	 -0.0625 	 0.1174 	 0.3898 	 0.2713 	 -0.2930 	 0.3635 	 0.0982 	 -0.8711
2.5551 	 -0.0079 	 -0.0598 	 0.1144 	 0.3934 	 0.2722 	 -0.3018 	 0.3474 	 0.0861 	 -0.8770
2.5651 	 -0.0039 	 -0.0571 	 0.1113 	 0.3968 	 0.2730 	 -0.3105 	 0.3303 	 0.0734 	 -0.8771
2.5752 	 0.0001 	 -0.0544 	 0.1082 	 0.4000 	 0.2737 	 -0.3194 	 0.3135 	 0.0609 	 -0.8844
2.5852 	 0.0041 	 -0.0516 	 0.1049 	 0.4030 	 0.2742 	 -0.3283 	 0.2966 	 0.0480 	 -0.8986
2.5952 	 0.0081 	 -0.0489 	 0.1016 	 0.4059 	 0.2746 	 -0.3374 	 0.2797 	 0.0333 	 -0.9189
2.6052 	 0.0122 	 -0.0461 	 0.0982 	 0.4086 	 0.2749 	 -0.3467 	 0.2607 	 0.0186 	 -0.9379
2.6152 	 0.0163 	 -0.0434 	 0.0946 	 0.4111 	 0.2750 	 -0.3561 	 0.2413 	 0.0055 	 -0.9436
2.6253 	 0.0204 	 -0.0406 	 0.0910 	 0.4135 	 0.2750 	 -0.3656 	 0.2214 	 -0.0078 	 -0.9494
2.6353 	 0.0246 	 -0.0378 	 0.0873 	 0.4156 	 0.2748 	 -0.3752 	 0.2013 	 -0.0231 	 -0.9729
2.6453 	 0.0288 	 -0.0351 	 0.0835 	 0.4175 	 0.2746 	 -0.3850 	 0.1819 	 -0.0334 	 -0.9935
2.6553 	 0.0330 	 -0.0323 	 0.0796 	 0.4192 	 0.2742 	 -0.3950 	 0.1599 	 -0.0492 	 -0.9995
2.6653 	 0.0372 	 -0.0296 	 0.0756 	 0.4207 	 0.2736 	 -0.4051 	 0.1374 	 -0.0659 	 -1.0100
2.6754 	 0.0414 	 -0.0269 	 0.0715 	 0.4220 	 0.2729 	 -0.4152 	 0.1139 	 -0.0817 	 -1.0057
2.6854 	 0.0456 	 -0.0241 	 0.0673 	 0.4230 	 0.2719 	 -0.4253 	 0.0888 	 -0.0991 	 -1.0124
2.6954 	 0.0499 	 -0.0214 	 0.0630 	 0.4237 	 0.2709 	 -0.4354 	 0.0623 	 -0.1155 	 -1.0050
2.7054 	 0.0541 	 -0.0187 	 0.0586 	 0.4242 	 0.2696 	 -0.4454 	 0.0340 	 -0.1324 	 -0.9977
2.7154 	 0.0584 	 -0.0160 	 0.0540 	 0.4244 	 0.2682 	 -0.4554 	 0.0042 	 -0.1500 	 -0.9913
2.7255 	 0.0626 	 -0.0133 	 0.0494 	 0.4243 	 0.2666 	 -0.4653 	 -0.0248 	 -0.1668 	 -0.9901
2.7355 	 0.0669 	 -0.0107 	 0.0447 	 0.4239 	 0.2649 	 -0.4752 	 -0.0549 	 -0.1877 	 -0.9778
2.7455 	 0.0711 	 -0.0080 	 0.0399 	 0.4232 	 0.2629 	 -0.4850 	 -0.0829 	 -0.2110 	 -0.9789
2.7555 	 0.0754 	 -0.0054 	 0.0350 	 0.4223 	 0.2606 	 -0.4948 	 -0.1108 	 -0.2344 	 -0.9744
2.7655 	 0.0796 	 -0.0028 	 0.0300 	 0.4210 	 0.2581 	 -0.5046 	 -0.1399 	 -0.2606 	 -0.9747
2.7756 	 0.0838 	 -0.0002 	 0.0249 	 0.4195 	 0.2554 	 -0.5143 	 -0.1648 	 -0.2843 	 -0.9754
2.7856 	 0.0880 	 0.0023 	 0.0197 	 0.4177 	 0.2525 	 -0.5241 	 -0.1888 	 -0.3031 	 -0.9827
2.7956 	 0.0922 	 0.0048 	 0.0144 	 0.4157 	 0.2493 	 -0.5340 	 -0.2132 	 -0.3243 	 -0.9849
2.8056 	 0.0963 	 0.0073 	 0.0090 	 0.4134 	 0.2460 	 -0.5439 	 -0.2383 	 -0.3418 	 -0.9937
2.8156 	 0.1004 	 0.0098 	 0.0035 	 0.4109 	 0.2425 	 -0.5539 	 -0.2631 	 -0.3620 	 -0.9960
2.8257 	 0.1045 	 0.0122 	 -0.0021 	 0.4082 	 0.2387 	 -0.5639 	 -0.2883 	 -0.3818 	 -0.9968
2.8357 	 0.1086 	 0.0145 	 -0.0078 	 0.4051 	 0.2348 	 -0.5738 	 -0.3141 	 -0.4004 	 -0.9964
2.8457 	 0.1127 	 0.0169 	 -0.0136 	 0.4019 	 0.2307 	 -0.5838 	 -0.3382 	 -0.4182 	 -1.0003
2.8557 	 0.1167 	 0.0192 	 -0.0195 	 0.3984 	 0.2264 	 -0.5939 	 -0.3625 	 -0.4377 	 -0.9956
2.8657 	 0.1206 	 0.0214 	 -0.0255 	 0.3946 	 0.2220 	 -0.6038 	 -0.3873 	 -0.4472 	 -0.9844
2.8758 	 0.1246 	 0.0236 	 -0.0316 	 0.3906 	 0.2174 	 -0.6136 	 -0.4127 	 -0.4636 	 -0.9722
2.8858 	 0.1285 	 0.0258 	 -0.0378 	 0.3864 	 0.2127 	 -0.6233 	 -0.4352 	 -0.4749 	 -0.9694
2.8958 	 0.1323 	 0.0279 	 -0.0441 	 0.3819 	 0.2078 	 -0.6330 	 -0.4625 	 -0.4949 	 -0.9604
2.9058 	 0.1361 	 0.0299 	 -0.0505 	 0.3771 	 0.2028 	 -0.6425 	 -0.4928 	 -0.5199 	 -0.9517
2.9158 	 0.1399 	 0.0319 	 -0.0570 	 0.3720 	 0.1974 	 -0.6520 	 -0.5215 	 -0.5396 	 -0.9366
2.9259 	 0.1436 	 0.0339 	 -0.0636 	 0.3666 	 0.1920 	 -0.6613 	 -0.5482 	 -0.5557 	 -0.9152
2.9359 	 0.1472 	 0.0358 	 -0.0702 	 0.3610 	 0.1863 	 -0.6703 	 -0.5750 	 -0.5719 	 -0.8926
2.9459 	 0.1508 	 0.0376 	 -0.0770 	 0.3551 	 0.1805 	 -0.6793 	 -0.6025 	 -0.5916 	 -0.8859
2.9559 	 0.1543 	 0.0394 	 -0.0838 	 0.3489 	 0.1745 	 -0.6881 	 -0.6321 	 -0.6061 	 -0.8671
2.9659 	 0.1578 	 0.0411 	 -0.0908 	 0.3424 	 0.1683 	 -0.6966 	 -0.6583 	 -0.6226 	 -0.8427
2.9760 	 0.1612 	 0.0428 	 -0.0978 	 0.3357 	 0.1620 	 -0.7049 	 -0.6837 	 -0.6394 	 -0.8178
2.9860 	 0.1645 	 0.0444 	 -0.1049 	 0.3287 	 0.1555 	 -0.7131 	 -0.7049 	 -0.6538 	 -0.7947
2.9960 	 0.1678 	 0.0459 	 -0.1121 	 0.3216 	 0.1489 	 -0.7209 	 -0.7239 	 -0.6669 	 -0.7651
3.0060 	 0.1710 	 0.0473 	 -0.1194 	 0.3142 	 0.1421 	 -0.7285 	 -0.7486 	 -0.6869 	 -0.7497
3.0160 	 0.1741 	 0.0487 	 -0.1267 	 0.3066 	 0.1352 	 -0.7359 	 -0.7682 	 -0.7002 	 -0.7228
3.0261 	 0.1771 	 0.0500 	 -0.1341 	 0.2988 	 0.1281 	 -0.7430 	 -0.7867 	 -0.7125 	 -0.6954
3.0361 	 0.1801 	 0.0513 	 -0.1416 	 0.2908 	 0.1209 	 -0.7498 	 -0.8045 	 -0.7238 	 -0.6676
3.0461 	 0.1829 	 0.0525 	 -0.1491 	 0.2827 	 0.1136 	 -0.7564 	 -0.8215 	 -0.7341 	 -0.6395
3.0561 	 0.1857 	 0.0536 	 -0.1567 	 0.2744 	 0.1062 	 -0.7627 	 -0.8383 	 -0.7446 	 -0.6159
3.0661 	 0.1884 	 0.0546 	 -0.1644 	 0.2659 	 0.0986 	 -0.7687 	 -0.8557 	 -0.7556 	 -0.5901
3.0762 	 0.1911 	 0.0555 	 -0.1721 	 0.2572 	 0.0910 	 -0.7744 	 -0.8705 	 -0.7629 	 -0.5582
3.0862 	 0.1936 	 0.0564 	 -0.1799 	 0.2485 	 0.0834 	 -0.7799 	 -0.8844 	 -0.7685 	 -0.5318
3.0962 	 0.1960 	 0.0572 	 -0.1878 	 0.2395 	 0.0756 	 -0.7850 	 -0.8979 	 -0.7745 	 -0.4969
3.1062 	 0.1984 	 0.0579 	 -0.1957 	 0.2305 	 0.0679 	 -0.7899 	 -0.9091 	 -0.7777 	 -0.4690
3.1162 	 0.2006 	 0.0586 	 -0.2036 	 0.2213 	 0.0601 	 -0.7944 	 -0.9159 	 -0.7859 	 -0.4341
3.1263 	 0.2028 	 0.0591 	 -0.2116 	 0.2121 	 0.0522 	 -0.7986 	 -0.9237 	 -0.7860 	 -0.4035
3.1363 	 0.2049 	 0.0596 	 -0.2196 	 0.2028 	 0.0443 	 -0.8025 	 -0.9316 	 -0.7833 	 -0.3705
3.1463 	 0.2069 	 0.0600 	 -0.2277 	 0.1934 	 0.0365 	 -0.8060 	 -0.9373 	 -0.7857 	 -0.3340
3.1563 	 0.2088 	 0.0604 	 -0.2357 	 0.1840 	 0.0286 	 -0.8092 	 -0.9414 	 -0.7877 	 -0.2982
3.1663 	 0.2106 	 0.0606 	 -0.2439 	 0.1746 	 0.0207 	 -0.8120 	 -0.9457 	 -0.7935 	 -0.2694
3.1764 	 0.2123 	 0.0608 	 -0.2520 	 0.1651 	 0.0127 	 -0.8145 	 -0.9482 	 -0.7933 	 -0.2356
3.1864 	 0.2139 	 0.0609 	 -0.2602 	 0.1556 	 0.0048 	 -0.8167 	 -0.9492 	 -0.7922 	 -0.2025
3.1964 	 0.2154 	 0.0609 	 -0.2684 	 0.1461 	 -0.0032 	 -0.8186 	 -0.9442 	 -0.7876 	 -0.1746
3.2064 	 0.2168 	 0.0608 	 -0.2766 	 0.1366 	 -0.0110 	 -0.8202 	 -0.9427 	 -0.7843 	 -0.1484
3.2164 	 0.2181 	 0.0606 	 -0.2848 	 0.1272 	 -0.0189 	 -0.8216 	 -0.9410 	 -0.7777 	 -0.1147
3.2265 	 0.2194 	 0.0604 	 -0.2931 	 0.1178 	 -0.0267 	 -0.8226 	 -0.9429 	 -0.7744 	 -0.0839
3.2365 	 0.2205 	 0.0601 	 -0.3013 	 0.1083 	 -0.0344 	 -0.8232 	 -0.9427 	 -0.7668 	 -0.0482
3.2465 	 0.2215 	 0.0597 	 -0.3095 	 0.0988 	 -0.0421 	 -0.8236 	 -0.9463 	 -0.7621 	 -0.0168
3.2565 	 0.2225 	 0.0593 	 -0.3178 	 0.0894 	 -0.0496 	 -0.8236 	 -0.9470 	 -0.7527 	 0.0109
3.2665 	 0.2233 	 0.0587 	 -0.3260 	 0.0799 	 -0.0571 	 -0.8233 	 -0.9479 	 -0.7469 	 0.0509
3.2766 	 0.2241 	 0.0581 	 -0.3343 	 0.0704 	 -0.0646 	 -0.8226 	 -0.9488 	 -0.7410 	 0.0915
3.2866 	 0.2247 	 0.0574 	 -0.3425 	 0.0608 	 -0.0720 	 -0.8215 	 -0.9496 	 -0.7347 	 0.1330
3.2966 	 0.2253 	 0.0567 	 -0.3508 	 0.0513 	 -0.0793 	 -0.8199 	 -0.9500 	 -0.7273 	 0.1755
3.3066 	 0.2258 	 0.0558 	 -0.3590 	 0.0418 	 -0.0866 	 -0.8180 	 -0.9494 	 -0.7182 	 0.2191
3.3166 	 0.2261 	 0.0549 	 -0.3671 	 0.0324 	 -0.0937 	 -0.8156 	 -0.9416 	 -0.7050 	 0.2591
3.3267 	 0.2264 	 0.0540 	 -0.3753 	 0.0229 	 -0.1007 	 -0.8128 	 -0.9362 	 -0.6993 	 0.3032
3.3367 	 0.2266 	 0.0529 	 -0.3834 	 0.0136 	 -0.1077 	 -0.8095 	 -0.9278 	 -0.6880 	 0.3456
3.3467 	 0.2267 	 0.0518 	 -0.3915 	 0.0044 	 -0.1145 	 -0.8059 	 -0.9178 	 -0.6784 	 0.3852
3.3567 	 0.2267 	 0.0506 	 -0.3996 	 -0.0048 	 -0.1213 	 -0.8018 	 -0.9143 	 -0.6720 	 0.4196
3.3667 	 0.2266 	 0.0494 	 -0.4076 	 -0.0139 	 -0.1279 	 -0.7974 	 -0.9028 	 -0.6592 	 0.4528
3.3768 	 0.2264 	 0.0481 	 -0.4156 	 -0.0229 	 -0.1345 	 -0.7928 	 -0.8949 	 -0.6546 	 0.4759
3.3868 	 0.2261 	 0.0467 	 -0.4235 	 -0.0318 	 -0.1410 	 -0.7878 	 -0.8878 	 -0.6492 	 0.5047
3.3968 	 0.2258 	 0.0452 	 -0.4313 	 -0.0407 	 -0.1475 	 -0.7827 	 -0.8766 	 -0.6437 	 0.5284
3.4068 	 0.2253 	 0.0437 	 -0.4392 	 -0.0494 	 -0.1539 	 -0.7772 	 -0.8705 	 -0.6390 	 0.5556
3.4168 	 0.2248 	 0.0422 	 -0.4469 	 -0.0581 	 -0.1603 	 -0.7716 	 -0.8620 	 -0.6344 	 0.5784
3.4269 	 0.2241 	 0.0405 	 -0.4546 	 -0.0667 	 -0.1666 	 -0.7657 	 -0.8542 	 -0.6280 	 0.5999
3.4369 	 0.2234 	 0.0388 	 -0.4623 	 -0.0752 	 -0.1729 	 -0.7595 	 -0.8491 	 -0.6229 	 0.6261
3.4469 	 0.2226 	 0.0371 	 -0.4698 	 -0.0837 	 -0.1791 	 -0.7532 	 -0.8539 	 -0.6229 	 0.6410
3.4569 	 0.2218 	 0.0352 	 -0.4774 	 -0.0923 	 -0.1853 	 -0.7466 	 -0.8492 	 -0.6165 	 0.6695
3.4669 	 0.2208 	 0.0333 	 -0.4848 	 -0.1008 	 -0.1915 	 -0.7397 	 -0.8442 	 -0.6098 	 0.6986
3.4770 	 0.2197 	 0.0314 	 -0.4922 	 -0.1092 	 -0.1976 	 -0.7326 	 -0.8384 	 -0.6028 	 0.7284
3.4870 	 0.2186 	 0.0294 	 -0.4995 	 -0.1176 	 -0.2036 	 -0.7251 	 -0.8315 	 -0.5956 	 0.7586
3.4970 	 0.2174 	 0.0273 	 -0.5067 	 -0.1259 	 -0.2095 	 -0.7174 	 -0.8231 	 -0.5883 	 0.7888
3.5070 	 0.2161 	 0.0252 	 -0.5139 	 -0.1341 	 -0.2154 	 -0.7093 	 -0.8130 	 -0.5809 	 0.8184
3.5170 	 0.2147 	 0.0230 	 -0.5209 	 -0.1421 	 -0.2211 	 -0.7011 	 -0.7989 	 -0.5699 	 0.8398
3.5271 	 0.2132 	 0.0208 	 -0.5279 	 -0.1501 	 -0.2268 	 -0.6925 	 -0.7853 	 -0.5616 	 0.8650
3.5371 	 0.2117 	 0.0185 	 -0.5348 	 -0.1579 	 -0.2324 	 -0.6837 	 -0.7708 	 -0.5532 	 0.8886
3.5471 	 0.2101 	 0.0161 	 -0.5416 	 -0.1655 	 -0.2379 	 -0.6747 	 -0.7536 	 -0.5515 	 0.9083
3.5571 	 0.2084 	 0.0137 	 -0.5483 	 -0.1730 	 -0.2434 	 -0.6655 	 -0.7381 	 -0.5438 	 0.9286
3.5671 	 0.2066 	 0.0112 	 -0.5549 	 -0.1803 	 -0.2488 	 -0.6561 	 -0.7225 	 -0.5357 	 0.9478
3.5772 	 0.2048 	 0.0087 	 -0.5615 	 -0.1874 	 -0.2541 	 -0.6465 	 -0.7069 	 -0.5273 	 0.9661
3.5872 	 0.2029 	 0.0061 	 -0.5679 	 -0.1944 	 -0.2594 	 -0.6368 	 -0.6885 	 -0.5173 	 0.9780
3.5972 	 0.2009 	 0.0035 	 -0.5742 	 -0.2012 	 -0.2645 	 -0.6269 	 -0.6728 	 -0.5084 	 0.9948
3.6072 	 0.1988 	 0.0008 	 -0.5805 	 -0.2079 	 -0.2696 	 -0.6169 	 -0.6572 	 -0.4994 	 1.0113
3.6172 	 0.1967 	 -0.0019 	 -0.5866 	 -0.2144 	 -0.2745 	 -0.6067 	 -0.6343 	 -0.4865 	 1.0098
3.6273 	 0.1945 	 -0.0047 	 -0.5926 	 -0.2206 	 -0.2793 	 -0.5966 	 -0.6110 	 -0.4729 	 1.0071
3.6373 	 0.1923 	 -0.0075 	 -0.5985 	 -0.2267 	 -0.2840 	 -0.5865 	 -0.5950 	 -0.4631 	 1.0213
3.6473 	 0.1900 	 -0.0104 	 -0.6044 	 -0.2325 	 -0.2886 	 -0.5762 	 -0.5745 	 -0.4505 	 1.0236
3.6573 	 0.1876 	 -0.0133 	 -0.6101 	 -0.2382 	 -0.2931 	 -0.5660 	 -0.5508 	 -0.4415 	 1.0140
3.6673 	 0.1852 	 -0.0162 	 -0.6157 	 -0.2436 	 -0.2974 	 -0.5558 	 -0.5343 	 -0.4319 	 1.0256
3.6774 	 0.1827 	 -0.0192 	 -0.6212 	 -0.2489 	 -0.3017 	 -0.5454 	 -0.5186 	 -0.4221 	 1.0382
3.6874 	 0.1802 	 -0.0223 	 -0.6266 	 -0.2540 	 -0.3059 	 -0.5351 	 -0.5008 	 -0.4078 	 1.0396
3.6974 	 0.1777 	 -0.0254 	 -0.6319 	 -0.2589 	 -0.3099 	 -0.5246 	 -0.4853 	 -0.3961 	 1.0461
3.7074 	 0.1750 	 -0.0285 	 -0.6371 	 -0.2637 	 -0.3138 	 -0.5141 	 -0.4732 	 -0.3853 	 1.0586
3.7174 	 0.1724 	 -0.0317 	 -0.6422 	 -0.2684 	 -0.3176 	 -0.5034 	 -0.4620 	 -0.3745 	 1.0706
3.7275 	 0.1697 	 -0.0349 	 -0.6472 	 -0.2729 	 -0.3213 	 -0.4928 	 -0.4450 	 -0.3615 	 1.0625
3.7375 	 0.1669 	 -0.0381 	 -0.6521 	 -0.2774 	 -0.3249 	 -0.4821 	 -0.4380 	 -0.3553 	 1.0702
3.7475 	 0.1641 	 -0.0414 	 -0.6569 	 -0.2816 	 -0.3284 	 -0.4714 	 -0.4196 	 -0.3423 	 1.0657
3.7575 	 0.1613 	 -0.0447 	 -0.6616 	 -0.2858 	 -0.3317 	 -0.4607 	 -0.4062 	 -0.3307 	 1.0724
3.7675 	 0.1584 	 -0.0480 	 -0.6661 	 -0.2898 	 -0.3350 	 -0.4500 	 -0.3916 	 -0.3164 	 1.0723
3.7776 	 0.1555 	 -0.0514 	 -0.6706 	 -0.2936 	 -0.3381 	 -0.4392 	 -0.3773 	 -0.3048 	 1.0785
3.7876 	 0.1525 	 -0.0548 	 -0.6749 	 -0.2973 	 -0.3411 	 -0.4284 	 -0.3626 	 -0.2939 	 1.0851
3.7976 	 0.1495 	 -0.0582 	 -0.6792 	 -0.3009 	 -0.3440 	 -0.4175 	 -0.3447 	 -0.2818 	 1.0790
3.8076 	 0.1465 	 -0.0617 	 -0.6833 	 -0.3042 	 -0.3467 	 -0.4067 	 -0.3278 	 -0.2712 	 1.0784
3.8176 	 0.1434 	 -0.0652 	 -0.6873 	 -0.3075 	 -0.3494 	 -0.3959 	 -0.3121 	 -0.2622 	 1.0829
3.8277 	 0.1403 	 -0.0687 	 -0.6912 	 -0.3105 	 -0.3520 	 -0.3850 	 -0.2964 	 -0.2536 	 1.0873
3.8377 	 0.1372 	 -0.0722 	 -0.6950 	 -0.3134 	 -0.3545 	 -0.3741 	 -0.2826 	 -0.2455 	 1.0974
3.8477 	 0.1340 	 -0.0758 	 -0.6987 	 -0.3161 	 -0.3569 	 -0.3630 	 -0.2669 	 -0.2372 	 1.1003
3.8577 	 0.1308 	 -0.0794 	 -0.7023 	 -0.3188 	 -0.3593 	 -0.3520 	 -0.2566 	 -0.2327 	 1.1062
3.8677 	 0.1276 	 -0.0830 	 -0.7058 	 -0.3213 	 -0.3616 	 -0.3409 	 -0.2419 	 -0.2248 	 1.1091
3.8778 	 0.1244 	 -0.0866 	 -0.7091 	 -0.3236 	 -0.3638 	 -0.3298 	 -0.2274 	 -0.2168 	 1.1119
3.8878 	 0.1212 	 -0.0903 	 -0.7124 	 -0.3258 	 -0.3659 	 -0.3186 	 -0.2130 	 -0.2087 	 1.1147
3.8978 	 0.1179 	 -0.0939 	 -0.7155 	 -0.3279 	 -0.3680 	 -0.3074 	 -0.1987 	 -0.2003 	 1.1174
3.9078 	 0.1146 	 -0.0976 	 -0.7185 	 -0.3298 	 -0.3699 	 -0.2962 	 -0.1905 	 -0.1910 	 1.1195
3.9178 	 0.1113 	 -0.1014 	 -0.7215 	 -0.3317 	 -0.3718 	 -0.2850 	 -0.1740 	 -0.1828 	 1.1161
3.9279 	 0.1079 	 -0.1051 	 -0.7243 	 -0.3333 	 -0.3736 	 -0.2739 	 -0.1535 	 -0.1756 	 1.1006
3.9379 	 0.1046 	 -0.1088 	 -0.7270 	 -0.3348 	 -0.3753 	 -0.2629 	 -0.1380 	 -0.1664 	 1.1017
3.9479 	 0.1012 	 -0.1126 	 -0.7295 	 -0.3361 	 -0.3769 	 -0.2518 	 -0.1221 	 -0.1576 	 1.1092
3.9579 	 0.0979 	 -0.1164 	 -0.7320 	 -0.3372 	 -0.3785 	 -0.2406 	 -0.1065 	 -0.1479 	 1.1102
3.9679 	 0.0945 	 -0.1202 	 -0.7344 	 -0.3382 	 -0.3799 	 -0.2296 	 -0.0928 	 -0.1389 	 1.0986
3.9780 	 0.0911 	 -0.1240 	 -0.7366 	 -0.3391 	 -0.3812 	 -0.2186 	 -0.0773 	 -0.1289 	 1.0980
3.9880 	 0.0877 	 -0.1278 	 -0.7387 	 -0.3398 	 -0.3825 	 -0.2076 	 -0.0615 	 -0.1187 	 1.0909
3.9980 	 0.0843 	 -0.1317 	 -0.7408 	 -0.3403 	 -0.3836 	 -0.1967 	 -0.0456 	 -0.1077 	 1.0900
4.0080 	 0.0809 	 -0.1355 	 -0.7427 	 -0.3406 	 -0.3846 	 -0.1858 	 -0.0258 	 -0.0977 	 1.0759
4.0180 	 0.0774 	 -0.1394 	 -0.7445 	 -0.3408 	 -0.3856 	 -0.1750 	 -0.0119 	 -0.0830 	 1.0737
4.0281 	 0.0740 	 -0.1432 	 -0.7462 	 -0.3409 	 -0.3862 	 -0.1643 	 -0.0125 	 -0.0447 	 1.0624
4.0381 	 0.0706 	 -0.1471 	 -0.7478 	 -0.3409 	 -0.3865 	 -0.1540 	 0.0138 	 -0.0157 	 1.0174
4.0481 	 0.0672 	 -0.1510 	 -0.7493 	 -0.3407 	 -0.3866 	 -0.1438 	 0.0369 	 -0.0023 	 1.0052
4.0581 	 0.0638 	 -0.1549 	 -0.7507 	 -0.3402 	 -0.3865 	 -0.1338 	 0.0576 	 0.0124 	 0.9956
4.0681 	 0.0604 	 -0.1587 	 -0.7520 	 -0.3395 	 -0.3863 	 -0.1239 	 0.0778 	 0.0285 	 0.9859
4.0782 	 0.0570 	 -0.1626 	 -0.7531 	 -0.3386 	 -0.3860 	 -0.1140 	 0.0992 	 0.0468 	 0.9820
4.0882 	 0.0536 	 -0.1665 	 -0.7542 	 -0.3375 	 -0.3854 	 -0.1042 	 0.1191 	 0.0678 	 0.9718
4.0982 	 0.0502 	 -0.1703 	 -0.7552 	 -0.3363 	 -0.3846 	 -0.0945 	 0.1371 	 0.0917 	 0.9629
4.1082 	 0.0469 	 -0.1742 	 -0.7561 	 -0.3348 	 -0.3836 	 -0.0849 	 0.1520 	 0.1159 	 0.9564
4.1182 	 0.0435 	 -0.1780 	 -0.7569 	 -0.3332 	 -0.3823 	 -0.0753 	 0.1642 	 0.1378 	 0.9515
4.1283 	 0.0402 	 -0.1818 	 -0.7576 	 -0.3315 	 -0.3808 	 -0.0658 	 0.1749 	 0.1568 	 0.9472
4.1383 	 0.0369 	 -0.1856 	 -0.7583 	 -0.3297 	 -0.3792 	 -0.0564 	 0.1849 	 0.1678 	 0.9306
4.1483 	 0.0336 	 -0.1894 	 -0.7588 	 -0.3278 	 -0.3774 	 -0.0471 	 0.1946 	 0.1823 	 0.9240
4.1583 	 0.0303 	 -0.1932 	 -0.7592 	 -0.3258 	 -0.3755 	 -0.0379 	 0.2040 	 0.1956 	 0.9173
4.1683 	 0.0270 	 -0.1970 	 -0.7595 	 -0.3237 	 -0.3735 	 -0.0287 	 0.2132 	 0.2081 	 0.9104
4.1784 	 0.0238 	 -0.2007 	 -0.7598 	 -0.3215 	 -0.3714 	 -0.0197 	 0.2222 	 0.2199 	 0.9033
4.1884 	 0.0206 	 -0.2044 	 -0.7599 	 -0.3193 	 -0.3691 	 -0.0106 	 0.2309 	 0.2311 	 0.8962
4.1984 	 0.0174 	 -0.2081 	 -0.7600 	 -0.3169 	 -0.3667 	 -0.0017 	 0.2394 	 0.2417 	 0.8889
4.2084 	 0.0143 	 -0.2117 	 -0.7600 	 -0.3145 	 -0.3643 	 0.0072 	 0.2476 	 0.2518 	 0.8816
4.2184 	 0.0111 	 -0.2154 	 -0.7598 	 -0.3120 	 -0.3617 	 0.0160 	 0.2568 	 0.2629 	 0.8804
4.2285 	 0.0080 	 -0.2190 	 -0.7596 	 -0.3093 	 -0.3590 	 0.0248 	 0.2646 	 0.2721 	 0.8729
4.2385 	 0.0049 	 -0.2226 	 -0.7593 	 -0.3067 	 -0.3562 	 0.0335 	 0.2721 	 0.2809 	 0.8655
4.2485 	 0.0019 	 -0.2261 	 -0.7590 	 -0.3039 	 -0.3534 	 0.0421 	 0.2793 	 0.2892 	 0.8581
4.2585 	 -0.0012 	 -0.2297 	 -0.7585 	 -0.3011 	 -0.3504 	 0.0507 	 0.2863 	 0.2972 	 0.8508
4.2685 	 -0.0042 	 -0.2332 	 -0.7580 	 -0.2982 	 -0.3474 	 0.0592 	 0.2931 	 0.3049 	 0.8436
4.2786 	 -0.0071 	 -0.2366 	 -0.7573 	 -0.2952 	 -0.3443 	 0.0676 	 0.2996 	 0.3123 	 0.8365
4.2886 	 -0.0101 	 -0.2401 	 -0.7566 	 -0.2921 	 -0.3412 	 0.0759 	 0.3056 	 0.3199 	 0.8294
4.2986 	 -0.0130 	 -0.2435 	 -0.7558 	 -0.2891 	 -0.3380 	 0.0842 	 0.3079 	 0.3222 	 0.8219
4.3086 	 -0.0159 	 -0.2468 	 -0.7549 	 -0.2860 	 -0.3347 	 0.0924 	 0.3143 	 0.3295 	 0.8142
4.3186 	 -0.0187 	 -0.2502 	 -0.7539 	 -0.2828 	 -0.3314 	 0.1005 	 0.3170 	 0.3325 	 0.8014
4.3287 	 -0.0215 	 -0.2535 	 -0.7529 	 -0.2796 	 -0.3280 	 0.1085 	 0.3233 	 0.3407 	 0.7986
4.3387 	 -0.0243 	 -0.2567 	 -0.7518 	 -0.2763 	 -0.3246 	 0.1165 	 0.3286 	 0.3466 	 0.7898
4.3487 	 -0.0271 	 -0.2600 	 -0.7506 	 -0.2730 	 -0.3211 	 0.1243 	 0.3339 	 0.3525 	 0.7813
4.3587 	 -0.0298 	 -0.2632 	 -0.7493 	 -0.2697 	 -0.3175 	 0.1321 	 0.3391 	 0.3584 	 0.7731
4.3687 	 -0.0325 	 -0.2663 	 -0.7479 	 -0.2662 	 -0.3139 	 0.1398 	 0.3443 	 0.3643 	 0.7652
4.3788 	 -0.0351 	 -0.2695 	 -0.7465 	 -0.2627 	 -0.3102 	 0.1475 	 0.3516 	 0.3723 	 0.7632
4.3888 	 -0.0378 	 -0.2726 	 -0.7450 	 -0.2592 	 -0.3064 	 0.1551 	 0.3567 	 0.3783 	 0.7557
4.3988 	 -0.0403 	 -0.2756 	 -0.7434 	 -0.2556 	 -0.3027 	 0.1625 	 0.3574 	 0.3796 	 0.7350
4.4088 	 -0.0429 	 -0.2786 	 -0.7417 	 -0.2520 	 -0.2988 	 0.1698 	 0.3641 	 0.3874 	 0.7315
4.4188 	 -0.0454 	 -0.2816 	 -0.7400 	 -0.2484 	 -0.2949 	 0.1771 	 0.3660 	 0.3902 	 0.7173
4.4289 	 -0.0479 	 -0.2845 	 -0.7382 	 -0.2447 	 -0.2910 	 0.1842 	 0.3702 	 0.3956 	 0.7088
4.4389 	 -0.0503 	 -0.2874 	 -0.7363 	 -0.2410 	 -0.2870 	 0.1912 	 0.3720 	 0.3985 	 0.6950
4.4489 	 -0.0527 	 -0.2903 	 -0.7343 	 -0.2372 	 -0.2830 	 0.1981 	 0.3738 	 0.4013 	 0.6816
4.4589 	 -0.0550 	 -0.2931 	 -0.7323 	 -0.2335 	 -0.2790 	 0.2049 	 0.3779 	 0.4066 	 0.6738
4.4689 	 -0.0574 	 -0.2959 	 -0.7302 	 -0.2297 	 -0.2749 	 0.2116 	 0.3820 	 0.4121 	 0.6662
4.4790 	 -0.0596 	 -0.2986 	 -0.7281 	 -0.2258 	 -0.2707 	 0.2182 	 0.3886 	 0.4164 	 0.6592
4.4890 	 -0.0619 	 -0.3013 	 -0.7259 	 -0.2219 	 -0.2665 	 0.2248 	 0.3928 	 0.4225 	 0.6524
4.4990 	 -0.0641 	 -0.3039 	 -0.7236 	 -0.2180 	 -0.2623 	 0.2313 	 0.3970 	 0.4287 	 0.6458
4.5090 	 -0.0663 	 -0.3066 	 -0.7212 	 -0.2140 	 -0.2579 	 0.2377 	 0.4012 	 0.4349 	 0.6395
4.5190 	 -0.0684 	 -0.3091 	 -0.7188 	 -0.2099 	 -0.2536 	 0.2441 	 0.4055 	 0.4413 	 0.6333
4.5291 	 -0.0705 	 -0.3116 	 -0.7163 	 -0.2058 	 -0.2491 	 0.2504 	 0.4097 	 0.4477 	 0.6273
4.5391 	 -0.0725 	 -0.3141 	 -0.7138 	 -0.2017 	 -0.2446 	 0.2567 	 0.4140 	 0.4541 	 0.6215
4.5491 	 -0.0745 	 -0.3165 	 -0.7112 	 -0.1975 	 -0.2400 	 0.2629 	 0.4182 	 0.4607 	 0.6158
4.5591 	 -0.0765 	 -0.3189 	 -0.7085 	 -0.1933 	 -0.2354 	 0.2690 	 0.4225 	 0.4673 	 0.6103
4.5691 	 -0.0784 	 -0.3212 	 -0.7058 	 -0.1891 	 -0.2306 	 0.2751 	 0.4268 	 0.4741 	 0.6049
4.5792 	 -0.0803 	 -0.3235 	 -0.7030 	 -0.1848 	 -0.2259 	 0.2811 	 0.4311 	 0.4809 	 0.5996
4.5892 	 -0.0821 	 -0.3258 	 -0.7002 	 -0.1804 	 -0.2210 	 0.2871 	 0.4354 	 0.4879 	 0.5945
4.5992 	 -0.0839 	 -0.3280 	 -0.6973 	 -0.1761 	 -0.2161 	 0.2931 	 0.4398 	 0.4949 	 0.5894
4.6092 	 -0.0856 	 -0.3301 	 -0.6943 	 -0.1716 	 -0.2111 	 0.2989 	 0.4442 	 0.5021 	 0.5845
4.6192 	 -0.0873 	 -0.3322 	 -0.6913 	 -0.1672 	 -0.2060 	 0.3048 	 0.4487 	 0.5095 	 0.5796
4.6293 	 -0.0890 	 -0.3342 	 -0.6882 	 -0.1626 	 -0.2009 	 0.3105 	 0.4506 	 0.5139 	 0.5698
4.6393 	 -0.0906 	 -0.3362 	 -0.6850 	 -0.1581 	 -0.1957 	 0.3162 	 0.4552 	 0.5215 	 0.5649
4.6493 	 -0.0921 	 -0.3382 	 -0.6818 	 -0.1535 	 -0.1904 	 0.3219 	 0.4582 	 0.5263 	 0.5659
4.6593 	 -0.0936 	 -0.3400 	 -0.6786 	 -0.1489 	 -0.1851 	 0.3276 	 0.4630 	 0.5341 	 0.5613
4.6693 	 -0.0951 	 -0.3419 	 -0.6753 	 -0.1443 	 -0.1798 	 0.3331 	 0.4648 	 0.5387 	 0.5515
4.6794 	 -0.0965 	 -0.3436 	 -0.6719 	 -0.1396 	 -0.1743 	 0.3387 	 0.4711 	 0.5503 	 0.5506
4.6894 	 -0.0979 	 -0.3454 	 -0.6685 	 -0.1348 	 -0.1687 	 0.3442 	 0.4792 	 0.5573 	 0.5504
4.6994 	 -0.0992 	 -0.3470 	 -0.6650 	 -0.1300 	 -0.1631 	 0.3496 	 0.4840 	 0.5652 	 0.5445
4.7094 	 -0.1005 	 -0.3486 	 -0.6615 	 -0.1251 	 -0.1574 	 0.3551 	 0.4868 	 0.5674 	 0.5400
4.7194 	 -0.1017 	 -0.3502 	 -0.6579 	 -0.1202 	 -0.1517 	 0.3605 	 0.4920 	 0.5753 	 0.5345
4.7295 	 -0.1029 	 -0.3517 	 -0.6543 	 -0.1153 	 -0.1459 	 0.3658 	 0.4975 	 0.5835 	 0.5291
4.7395 	 -0.1041 	 -0.3531 	 -0.6506 	 -0.1103 	 -0.1400 	 0.3710 	 0.5000 	 0.5884 	 0.5195
4.7495 	 -0.1051 	 -0.3545 	 -0.6468 	 -0.1053 	 -0.1341 	 0.3762 	 0.5010 	 0.5948 	 0.5186
4.7595 	 -0.1062 	 -0.3558 	 -0.6430 	 -0.1002 	 -0.1281 	 0.3814 	 0.5067 	 0.6034 	 0.5143
4.7695 	 -0.1071 	 -0.3570 	 -0.6392 	 -0.0951 	 -0.1220 	 0.3865 	 0.5127 	 0.6123 	 0.5103
4.7796 	 -0.1081 	 -0.3582 	 -0.6353 	 -0.0900 	 -0.1158 	 0.3916 	 0.5189 	 0.6213 	 0.5065
4.7896 	 -0.1089 	 -0.3594 	 -0.6313 	 -0.0847 	 -0.1096 	 0.3967 	 0.5253 	 0.6304 	 0.5030
4.7996 	 -0.1098 	 -0.3604 	 -0.6273 	 -0.0794 	 -0.1032 	 0.4017 	 0.5319 	 0.6396 	 0.4996
4.8096 	 -0.1105 	 -0.3614 	 -0.6233 	 -0.0741 	 -0.0968 	 0.4068 	 0.5344 	 0.6474 	 0.5015
4.8196 	 -0.1113 	 -0.3624 	 -0.6192 	 -0.0687 	 -0.0902 	 0.4118 	 0.5410 	 0.6567 	 0.4989
4.8297 	 -0.1119 	 -0.3632 	 -0.6150 	 -0.0633 	 -0.0836 	 0.4168 	 0.5477 	 0.6661 	 0.4965
4.8397 	 -0.1125 	 -0.3640 	 -0.6108 	 -0.0577 	 -0.0768 	 0.4218 	 0.5562 	 0.6793 	 0.5036
4.8497 	 -0.1131 	 -0.3648 	 -0.6066 	 -0.0521 	 -0.0700 	 0.4268 	 0.5662 	 0.6927 	 0.5043
4.8597 	 -0.1136 	 -0.3654 	 -0.6023 	 -0.0464 	 -0.0630 	 0.4319 	 0.5762 	 0.7053 	 0.5055
4.8697 	 -0.1140 	 -0.3660 	 -0.5979 	 -0.0406 	 -0.0559 	 0.4369 	 0.5858 	 0.7179 	 0.5066
4.8798 	 -0.1144 	 -0.3666 	 -0.5935 	 -0.0346 	 -0.0486 	 0.4420 	 0.5990 	 0.7343 	 0.5108
4.8898 	 -0.1147 	 -0.3670 	 -0.5891 	 -0.0286 	 -0.0412 	 0.4471 	 0.6050 	 0.7428 	 0.5077
4.8998 	 -0.1149 	 -0.3674 	 -0.5846 	 -0.0225 	 -0.0337 	 0.4522 	 0.6112 	 0.7513 	 0.5046
4.9098 	 -0.1151 	 -0.3677 	 -0.5800 	 -0.0164 	 -0.0261 	 0.4572 	 0.6140 	 0.7561 	 0.4980
4.9198 	 -0.1153 	 -0.3679 	 -0.5754 	 -0.0101 	 -0.0185 	 0.4622 	 0.6269 	 0.7727 	 0.5016
4.9299 	 -0.1153 	 -0.3681 	 -0.5707 	 -0.0038 	 -0.0107 	 0.4673 	 0.6329 	 0.7810 	 0.4978
4.9399 	 -0.1154 	 -0.3681 	 -0.5660 	 0.0025 	 -0.0028 	 0.4722 	 0.6390 	 0.7894 	 0.4942
4.9499 	 -0.1153 	 -0.3681 	 -0.5613 	 0.0090 	 0.0051 	 0.4772 	 0.6452 	 0.7981 	 0.4907
4.9599 	 -0.1152 	 -0.3680 	 -0.5565 	 0.0155 	 0.0132 	 0.4821 	 0.6548 	 0.8110 	 0.4910
4.9699 	 -0.1150 	 -0.3678 	 -0.5516 	 0.0221 	 0.0214 	 0.4870 	 0.6637 	 0.8241 	 0.4906
4.9800 	 -0.1147 	 -0.3676 	 -0.5467 	 0.0288 	 0.0297 	 0.4919 	 0.6733 	 0.8366 	 0.4895
4.9900 	 -0.1144 	 -0.3672 	 -0.5418 	 0.0356 	 0.0381 	 0.4968 	 0.6793 	 0.8451 	 0.4854
