100-Body Run with i = 46 th particle. (Units in pc,M_solar,Myr, km s-1) 

time		 x 		 y 		 z 		 xdot 		 ydot 		 zdot 		 xddot 		 yddot 		 zddot
0.0000 	 1.0543 	 1.0080 	 -0.2305 	 -0.0441 	 -0.0131 	 -0.0267 	 -0.1231 	 -0.1048 	 -0.0018
0.0100 	 1.0538 	 1.0079 	 -0.2308 	 -0.0453 	 -0.0142 	 -0.0267 	 -0.1231 	 -0.1049 	 -0.0018
0.0200 	 1.0534 	 1.0077 	 -0.2310 	 -0.0465 	 -0.0152 	 -0.0267 	 -0.1232 	 -0.1050 	 -0.0017
0.0301 	 1.0529 	 1.0076 	 -0.2313 	 -0.0478 	 -0.0163 	 -0.0267 	 -0.1233 	 -0.1050 	 -0.0017
0.0401 	 1.0524 	 1.0074 	 -0.2316 	 -0.0490 	 -0.0173 	 -0.0267 	 -0.1234 	 -0.1051 	 -0.0017
0.0501 	 1.0519 	 1.0072 	 -0.2318 	 -0.0502 	 -0.0184 	 -0.0267 	 -0.1234 	 -0.1052 	 -0.0017
0.0601 	 1.0514 	 1.0070 	 -0.2321 	 -0.0515 	 -0.0195 	 -0.0268 	 -0.1235 	 -0.1053 	 -0.0016
0.0701 	 1.0509 	 1.0068 	 -0.2324 	 -0.0527 	 -0.0205 	 -0.0268 	 -0.1236 	 -0.1054 	 -0.0016
0.0802 	 1.0503 	 1.0066 	 -0.2326 	 -0.0540 	 -0.0216 	 -0.0268 	 -0.1237 	 -0.1055 	 -0.0016
0.0902 	 1.0498 	 1.0064 	 -0.2329 	 -0.0552 	 -0.0226 	 -0.0268 	 -0.1238 	 -0.1056 	 -0.0015
0.1002 	 1.0492 	 1.0062 	 -0.2332 	 -0.0564 	 -0.0237 	 -0.0268 	 -0.1239 	 -0.1057 	 -0.0015
0.1102 	 1.0487 	 1.0059 	 -0.2334 	 -0.0577 	 -0.0247 	 -0.0268 	 -0.1240 	 -0.1058 	 -0.0015
0.1202 	 1.0481 	 1.0057 	 -0.2337 	 -0.0589 	 -0.0258 	 -0.0269 	 -0.1241 	 -0.1059 	 -0.0015
0.1303 	 1.0475 	 1.0054 	 -0.2340 	 -0.0602 	 -0.0269 	 -0.0269 	 -0.1242 	 -0.1060 	 -0.0014
0.1403 	 1.0469 	 1.0051 	 -0.2343 	 -0.0614 	 -0.0279 	 -0.0269 	 -0.1243 	 -0.1061 	 -0.0014
0.1503 	 1.0462 	 1.0048 	 -0.2345 	 -0.0627 	 -0.0290 	 -0.0269 	 -0.1244 	 -0.1062 	 -0.0014
0.1603 	 1.0456 	 1.0045 	 -0.2348 	 -0.0639 	 -0.0301 	 -0.0269 	 -0.1246 	 -0.1063 	 -0.0014
0.1703 	 1.0450 	 1.0042 	 -0.2351 	 -0.0652 	 -0.0311 	 -0.0269 	 -0.1247 	 -0.1065 	 -0.0013
0.1804 	 1.0443 	 1.0039 	 -0.2353 	 -0.0664 	 -0.0322 	 -0.0269 	 -0.1248 	 -0.1066 	 -0.0013
0.1904 	 1.0436 	 1.0036 	 -0.2356 	 -0.0677 	 -0.0333 	 -0.0270 	 -0.1249 	 -0.1067 	 -0.0013
0.2004 	 1.0430 	 1.0033 	 -0.2359 	 -0.0689 	 -0.0343 	 -0.0270 	 -0.1251 	 -0.1068 	 -0.0013
0.2104 	 1.0423 	 1.0029 	 -0.2361 	 -0.0702 	 -0.0354 	 -0.0270 	 -0.1252 	 -0.1070 	 -0.0012
0.2204 	 1.0415 	 1.0026 	 -0.2364 	 -0.0714 	 -0.0365 	 -0.0270 	 -0.1253 	 -0.1071 	 -0.0012
0.2305 	 1.0408 	 1.0022 	 -0.2367 	 -0.0727 	 -0.0375 	 -0.0270 	 -0.1255 	 -0.1073 	 -0.0012
0.2405 	 1.0401 	 1.0018 	 -0.2370 	 -0.0739 	 -0.0386 	 -0.0270 	 -0.1256 	 -0.1074 	 -0.0011
0.2505 	 1.0393 	 1.0014 	 -0.2372 	 -0.0752 	 -0.0397 	 -0.0270 	 -0.1258 	 -0.1076 	 -0.0011
0.2605 	 1.0386 	 1.0010 	 -0.2375 	 -0.0765 	 -0.0408 	 -0.0270 	 -0.1259 	 -0.1077 	 -0.0011
0.2705 	 1.0378 	 1.0006 	 -0.2378 	 -0.0777 	 -0.0419 	 -0.0270 	 -0.1261 	 -0.1079 	 -0.0011
0.2806 	 1.0370 	 1.0002 	 -0.2380 	 -0.0790 	 -0.0429 	 -0.0271 	 -0.1262 	 -0.1080 	 -0.0010
0.2906 	 1.0362 	 0.9997 	 -0.2383 	 -0.0803 	 -0.0440 	 -0.0271 	 -0.1264 	 -0.1082 	 -0.0010
0.3006 	 1.0354 	 0.9993 	 -0.2386 	 -0.0815 	 -0.0451 	 -0.0271 	 -0.1266 	 -0.1084 	 -0.0010
0.3106 	 1.0346 	 0.9988 	 -0.2389 	 -0.0828 	 -0.0462 	 -0.0271 	 -0.1268 	 -0.1086 	 -0.0009
0.3206 	 1.0338 	 0.9984 	 -0.2391 	 -0.0841 	 -0.0473 	 -0.0271 	 -0.1269 	 -0.1087 	 -0.0009
0.3307 	 1.0329 	 0.9979 	 -0.2394 	 -0.0853 	 -0.0484 	 -0.0271 	 -0.1271 	 -0.1089 	 -0.0009
0.3407 	 1.0320 	 0.9974 	 -0.2397 	 -0.0866 	 -0.0495 	 -0.0271 	 -0.1273 	 -0.1091 	 -0.0009
0.3507 	 1.0312 	 0.9969 	 -0.2399 	 -0.0879 	 -0.0506 	 -0.0271 	 -0.1275 	 -0.1093 	 -0.0008
0.3607 	 1.0303 	 0.9964 	 -0.2402 	 -0.0892 	 -0.0517 	 -0.0271 	 -0.1277 	 -0.1095 	 -0.0008
0.3707 	 1.0294 	 0.9959 	 -0.2405 	 -0.0904 	 -0.0527 	 -0.0271 	 -0.1279 	 -0.1097 	 -0.0008
0.3808 	 1.0285 	 0.9953 	 -0.2408 	 -0.0917 	 -0.0538 	 -0.0271 	 -0.1281 	 -0.1099 	 -0.0007
0.3908 	 1.0275 	 0.9948 	 -0.2410 	 -0.0930 	 -0.0550 	 -0.0272 	 -0.1283 	 -0.1101 	 -0.0007
0.4008 	 1.0266 	 0.9942 	 -0.2413 	 -0.0943 	 -0.0561 	 -0.0272 	 -0.1285 	 -0.1103 	 -0.0007
0.4108 	 1.0257 	 0.9936 	 -0.2416 	 -0.0956 	 -0.0572 	 -0.0272 	 -0.1287 	 -0.1105 	 -0.0006
0.4208 	 1.0247 	 0.9931 	 -0.2418 	 -0.0969 	 -0.0583 	 -0.0272 	 -0.1289 	 -0.1107 	 -0.0006
0.4309 	 1.0237 	 0.9925 	 -0.2421 	 -0.0982 	 -0.0594 	 -0.0272 	 -0.1291 	 -0.1110 	 -0.0006
0.4409 	 1.0227 	 0.9919 	 -0.2424 	 -0.0995 	 -0.0605 	 -0.0272 	 -0.1293 	 -0.1112 	 -0.0005
0.4509 	 1.0217 	 0.9913 	 -0.2427 	 -0.1008 	 -0.0616 	 -0.0272 	 -0.1296 	 -0.1114 	 -0.0005
0.4609 	 1.0207 	 0.9906 	 -0.2429 	 -0.1021 	 -0.0627 	 -0.0272 	 -0.1298 	 -0.1117 	 -0.0005
0.4709 	 1.0197 	 0.9900 	 -0.2432 	 -0.1034 	 -0.0638 	 -0.0272 	 -0.1300 	 -0.1119 	 -0.0004
0.4810 	 1.0186 	 0.9894 	 -0.2435 	 -0.1047 	 -0.0650 	 -0.0272 	 -0.1303 	 -0.1121 	 -0.0004
0.4910 	 1.0176 	 0.9887 	 -0.2437 	 -0.1060 	 -0.0661 	 -0.0272 	 -0.1305 	 -0.1124 	 -0.0004
0.5010 	 1.0165 	 0.9880 	 -0.2440 	 -0.1073 	 -0.0672 	 -0.0272 	 -0.1308 	 -0.1126 	 -0.0004
0.5110 	 1.0154 	 0.9874 	 -0.2443 	 -0.1086 	 -0.0684 	 -0.0272 	 -0.1310 	 -0.1129 	 -0.0003
0.5210 	 1.0143 	 0.9867 	 -0.2446 	 -0.1099 	 -0.0695 	 -0.0272 	 -0.1313 	 -0.1132 	 -0.0003
0.5311 	 1.0132 	 0.9860 	 -0.2448 	 -0.1112 	 -0.0706 	 -0.0272 	 -0.1316 	 -0.1134 	 -0.0003
0.5411 	 1.0121 	 0.9853 	 -0.2451 	 -0.1125 	 -0.0718 	 -0.0272 	 -0.1318 	 -0.1137 	 -0.0002
0.5511 	 1.0110 	 0.9845 	 -0.2454 	 -0.1139 	 -0.0729 	 -0.0272 	 -0.1321 	 -0.1140 	 -0.0002
0.5611 	 1.0098 	 0.9838 	 -0.2457 	 -0.1152 	 -0.0740 	 -0.0272 	 -0.1324 	 -0.1143 	 -0.0001
0.5711 	 1.0087 	 0.9830 	 -0.2459 	 -0.1165 	 -0.0752 	 -0.0272 	 -0.1326 	 -0.1146 	 -0.0001
0.5812 	 1.0075 	 0.9823 	 -0.2462 	 -0.1178 	 -0.0763 	 -0.0272 	 -0.1329 	 -0.1148 	 -0.0001
0.5912 	 1.0063 	 0.9815 	 -0.2465 	 -0.1192 	 -0.0775 	 -0.0272 	 -0.1332 	 -0.1151 	 -0.0000
0.6012 	 1.0051 	 0.9807 	 -0.2468 	 -0.1205 	 -0.0786 	 -0.0272 	 -0.1335 	 -0.1154 	 -0.0000
0.6112 	 1.0039 	 0.9799 	 -0.2470 	 -0.1219 	 -0.0798 	 -0.0272 	 -0.1338 	 -0.1157 	 0.0000
0.6212 	 1.0027 	 0.9791 	 -0.2473 	 -0.1232 	 -0.0810 	 -0.0272 	 -0.1341 	 -0.1161 	 0.0001
0.6313 	 1.0014 	 0.9783 	 -0.2476 	 -0.1245 	 -0.0821 	 -0.0272 	 -0.1344 	 -0.1164 	 0.0001
0.6413 	 1.0002 	 0.9775 	 -0.2478 	 -0.1259 	 -0.0833 	 -0.0272 	 -0.1347 	 -0.1167 	 0.0001
0.6513 	 0.9989 	 0.9766 	 -0.2481 	 -0.1272 	 -0.0845 	 -0.0272 	 -0.1351 	 -0.1170 	 0.0002
0.6613 	 0.9976 	 0.9758 	 -0.2484 	 -0.1286 	 -0.0856 	 -0.0272 	 -0.1354 	 -0.1174 	 0.0002
0.6713 	 0.9963 	 0.9749 	 -0.2487 	 -0.1300 	 -0.0868 	 -0.0272 	 -0.1357 	 -0.1177 	 0.0002
0.6814 	 0.9950 	 0.9741 	 -0.2489 	 -0.1313 	 -0.0880 	 -0.0272 	 -0.1360 	 -0.1180 	 0.0003
0.6914 	 0.9937 	 0.9732 	 -0.2492 	 -0.1327 	 -0.0892 	 -0.0272 	 -0.1364 	 -0.1184 	 0.0003
0.7014 	 0.9924 	 0.9723 	 -0.2495 	 -0.1341 	 -0.0904 	 -0.0272 	 -0.1367 	 -0.1187 	 0.0003
0.7114 	 0.9910 	 0.9714 	 -0.2498 	 -0.1354 	 -0.0916 	 -0.0272 	 -0.1371 	 -0.1191 	 0.0004
0.7214 	 0.9896 	 0.9704 	 -0.2500 	 -0.1368 	 -0.0928 	 -0.0272 	 -0.1374 	 -0.1195 	 0.0004
0.7315 	 0.9883 	 0.9695 	 -0.2503 	 -0.1382 	 -0.0940 	 -0.0272 	 -0.1378 	 -0.1198 	 0.0004
0.7415 	 0.9869 	 0.9686 	 -0.2506 	 -0.1396 	 -0.0952 	 -0.0272 	 -0.1381 	 -0.1202 	 0.0005
0.7515 	 0.9855 	 0.9676 	 -0.2508 	 -0.1409 	 -0.0964 	 -0.0272 	 -0.1385 	 -0.1206 	 0.0005
0.7615 	 0.9840 	 0.9666 	 -0.2511 	 -0.1423 	 -0.0976 	 -0.0272 	 -0.1389 	 -0.1210 	 0.0005
0.7715 	 0.9826 	 0.9656 	 -0.2514 	 -0.1437 	 -0.0988 	 -0.0272 	 -0.1393 	 -0.1214 	 0.0006
0.7816 	 0.9812 	 0.9646 	 -0.2517 	 -0.1451 	 -0.1000 	 -0.0272 	 -0.1396 	 -0.1218 	 0.0006
0.7916 	 0.9797 	 0.9636 	 -0.2519 	 -0.1465 	 -0.1012 	 -0.0272 	 -0.1400 	 -0.1222 	 0.0006
0.8016 	 0.9782 	 0.9626 	 -0.2522 	 -0.1479 	 -0.1025 	 -0.0272 	 -0.1404 	 -0.1226 	 0.0007
0.8116 	 0.9767 	 0.9616 	 -0.2525 	 -0.1493 	 -0.1037 	 -0.0272 	 -0.1408 	 -0.1230 	 0.0007
0.8216 	 0.9752 	 0.9605 	 -0.2527 	 -0.1508 	 -0.1049 	 -0.0271 	 -0.1412 	 -0.1234 	 0.0007
0.8317 	 0.9737 	 0.9595 	 -0.2530 	 -0.1522 	 -0.1062 	 -0.0271 	 -0.1416 	 -0.1239 	 0.0008
0.8417 	 0.9722 	 0.9584 	 -0.2533 	 -0.1536 	 -0.1074 	 -0.0271 	 -0.1421 	 -0.1243 	 0.0008
0.8517 	 0.9706 	 0.9573 	 -0.2536 	 -0.1550 	 -0.1087 	 -0.0271 	 -0.1425 	 -0.1247 	 0.0008
0.8617 	 0.9691 	 0.9562 	 -0.2538 	 -0.1564 	 -0.1099 	 -0.0271 	 -0.1429 	 -0.1252 	 0.0009
0.8717 	 0.9675 	 0.9551 	 -0.2541 	 -0.1579 	 -0.1112 	 -0.0271 	 -0.1433 	 -0.1257 	 0.0009
0.8818 	 0.9659 	 0.9540 	 -0.2544 	 -0.1593 	 -0.1124 	 -0.0271 	 -0.1438 	 -0.1261 	 0.0009
0.8918 	 0.9643 	 0.9529 	 -0.2546 	 -0.1608 	 -0.1137 	 -0.0271 	 -0.1442 	 -0.1266 	 0.0009
0.9018 	 0.9627 	 0.9517 	 -0.2549 	 -0.1622 	 -0.1150 	 -0.0271 	 -0.1447 	 -0.1271 	 0.0010
0.9118 	 0.9611 	 0.9506 	 -0.2552 	 -0.1637 	 -0.1162 	 -0.0271 	 -0.1451 	 -0.1275 	 0.0010
0.9218 	 0.9594 	 0.9494 	 -0.2555 	 -0.1651 	 -0.1175 	 -0.0271 	 -0.1456 	 -0.1280 	 0.0010
0.9319 	 0.9578 	 0.9482 	 -0.2557 	 -0.1666 	 -0.1188 	 -0.0270 	 -0.1461 	 -0.1285 	 0.0010
0.9419 	 0.9561 	 0.9470 	 -0.2560 	 -0.1680 	 -0.1201 	 -0.0270 	 -0.1465 	 -0.1290 	 0.0011
0.9519 	 0.9544 	 0.9458 	 -0.2563 	 -0.1695 	 -0.1214 	 -0.0270 	 -0.1470 	 -0.1296 	 0.0011
0.9619 	 0.9527 	 0.9446 	 -0.2565 	 -0.1710 	 -0.1227 	 -0.0270 	 -0.1475 	 -0.1301 	 0.0011
0.9719 	 0.9510 	 0.9433 	 -0.2568 	 -0.1725 	 -0.1240 	 -0.0270 	 -0.1480 	 -0.1306 	 0.0011
0.9820 	 0.9492 	 0.9421 	 -0.2571 	 -0.1740 	 -0.1253 	 -0.0270 	 -0.1485 	 -0.1311 	 0.0011
0.9920 	 0.9475 	 0.9408 	 -0.2574 	 -0.1755 	 -0.1266 	 -0.0270 	 -0.1490 	 -0.1317 	 0.0012
1.0020 	 0.9457 	 0.9396 	 -0.2576 	 -0.1769 	 -0.1279 	 -0.0270 	 -0.1495 	 -0.1322 	 0.0012
1.0120 	 0.9439 	 0.9383 	 -0.2579 	 -0.1784 	 -0.1293 	 -0.0270 	 -0.1500 	 -0.1328 	 0.0012
1.0220 	 0.9421 	 0.9370 	 -0.2582 	 -0.1800 	 -0.1306 	 -0.0269 	 -0.1505 	 -0.1333 	 0.0012
1.0321 	 0.9403 	 0.9357 	 -0.2584 	 -0.1815 	 -0.1319 	 -0.0269 	 -0.1511 	 -0.1339 	 0.0012
1.0421 	 0.9385 	 0.9343 	 -0.2587 	 -0.1830 	 -0.1333 	 -0.0269 	 -0.1516 	 -0.1345 	 0.0012
1.0521 	 0.9367 	 0.9330 	 -0.2590 	 -0.1845 	 -0.1346 	 -0.0269 	 -0.1521 	 -0.1351 	 0.0012
1.0621 	 0.9348 	 0.9316 	 -0.2592 	 -0.1860 	 -0.1360 	 -0.0269 	 -0.1527 	 -0.1357 	 0.0012
1.0721 	 0.9329 	 0.9303 	 -0.2595 	 -0.1876 	 -0.1374 	 -0.0269 	 -0.1532 	 -0.1363 	 0.0012
1.0822 	 0.9310 	 0.9289 	 -0.2598 	 -0.1891 	 -0.1387 	 -0.0269 	 -0.1538 	 -0.1369 	 0.0012
1.0922 	 0.9291 	 0.9275 	 -0.2601 	 -0.1906 	 -0.1401 	 -0.0269 	 -0.1543 	 -0.1375 	 0.0012
1.1022 	 0.9272 	 0.9261 	 -0.2603 	 -0.1922 	 -0.1415 	 -0.0268 	 -0.1549 	 -0.1381 	 0.0012
1.1122 	 0.9253 	 0.9246 	 -0.2606 	 -0.1937 	 -0.1429 	 -0.0268 	 -0.1555 	 -0.1388 	 0.0012
1.1222 	 0.9233 	 0.9232 	 -0.2609 	 -0.1953 	 -0.1443 	 -0.0268 	 -0.1560 	 -0.1394 	 0.0011
1.1323 	 0.9214 	 0.9217 	 -0.2611 	 -0.1969 	 -0.1457 	 -0.0268 	 -0.1566 	 -0.1401 	 0.0011
1.1423 	 0.9194 	 0.9203 	 -0.2614 	 -0.1984 	 -0.1471 	 -0.0268 	 -0.1572 	 -0.1407 	 0.0011
1.1523 	 0.9174 	 0.9188 	 -0.2617 	 -0.2000 	 -0.1485 	 -0.0268 	 -0.1578 	 -0.1414 	 0.0011
1.1623 	 0.9154 	 0.9173 	 -0.2619 	 -0.2016 	 -0.1499 	 -0.0268 	 -0.1584 	 -0.1421 	 0.0010
1.1723 	 0.9134 	 0.9158 	 -0.2622 	 -0.2032 	 -0.1513 	 -0.0268 	 -0.1590 	 -0.1427 	 0.0010
1.1824 	 0.9113 	 0.9143 	 -0.2625 	 -0.2048 	 -0.1528 	 -0.0268 	 -0.1596 	 -0.1434 	 0.0010
1.1924 	 0.9092 	 0.9127 	 -0.2627 	 -0.2064 	 -0.1542 	 -0.0268 	 -0.1602 	 -0.1441 	 0.0009
1.2024 	 0.9072 	 0.9112 	 -0.2630 	 -0.2080 	 -0.1557 	 -0.0267 	 -0.1670 	 -0.1443 	 -0.0008
1.2124 	 0.9051 	 0.9096 	 -0.2633 	 -0.2097 	 -0.1571 	 -0.0268 	 -0.1674 	 -0.1450 	 -0.0009
1.2224 	 0.9030 	 0.9080 	 -0.2635 	 -0.2114 	 -0.1586 	 -0.0268 	 -0.1679 	 -0.1458 	 -0.0009
1.2325 	 0.9008 	 0.9064 	 -0.2638 	 -0.2131 	 -0.1600 	 -0.0268 	 -0.1684 	 -0.1466 	 -0.0009
1.2425 	 0.8987 	 0.9048 	 -0.2641 	 -0.2147 	 -0.1615 	 -0.0268 	 -0.1689 	 -0.1473 	 -0.0009
1.2525 	 0.8965 	 0.9032 	 -0.2644 	 -0.2164 	 -0.1630 	 -0.0268 	 -0.1694 	 -0.1481 	 -0.0009
1.2625 	 0.8944 	 0.9016 	 -0.2646 	 -0.2181 	 -0.1645 	 -0.0268 	 -0.1699 	 -0.1489 	 -0.0009
1.2725 	 0.8922 	 0.8999 	 -0.2649 	 -0.2198 	 -0.1660 	 -0.0268 	 -0.1704 	 -0.1497 	 -0.0009
1.2826 	 0.8900 	 0.8982 	 -0.2652 	 -0.2216 	 -0.1675 	 -0.0268 	 -0.1709 	 -0.1506 	 -0.0010
1.2926 	 0.8877 	 0.8966 	 -0.2654 	 -0.2233 	 -0.1690 	 -0.0268 	 -0.1714 	 -0.1514 	 -0.0010
1.3026 	 0.8855 	 0.8948 	 -0.2657 	 -0.2250 	 -0.1705 	 -0.0268 	 -0.1719 	 -0.1522 	 -0.0010
1.3126 	 0.8832 	 0.8931 	 -0.2660 	 -0.2267 	 -0.1720 	 -0.0268 	 -0.1725 	 -0.1531 	 -0.0010
1.3226 	 0.8809 	 0.8914 	 -0.2662 	 -0.2284 	 -0.1736 	 -0.0269 	 -0.1730 	 -0.1539 	 -0.0011
1.3327 	 0.8786 	 0.8897 	 -0.2665 	 -0.2302 	 -0.1751 	 -0.0269 	 -0.1735 	 -0.1548 	 -0.0011
1.3427 	 0.8763 	 0.8879 	 -0.2668 	 -0.2319 	 -0.1767 	 -0.0269 	 -0.1740 	 -0.1557 	 -0.0011
1.3527 	 0.8740 	 0.8861 	 -0.2670 	 -0.2337 	 -0.1782 	 -0.0269 	 -0.1746 	 -0.1566 	 -0.0012
1.3627 	 0.8716 	 0.8843 	 -0.2673 	 -0.2354 	 -0.1798 	 -0.0269 	 -0.1751 	 -0.1575 	 -0.0012
1.3727 	 0.8693 	 0.8825 	 -0.2676 	 -0.2372 	 -0.1814 	 -0.0269 	 -0.1757 	 -0.1584 	 -0.0012
1.3828 	 0.8669 	 0.8807 	 -0.2678 	 -0.2389 	 -0.1830 	 -0.0269 	 -0.1762 	 -0.1593 	 -0.0013
1.3928 	 0.8645 	 0.8788 	 -0.2681 	 -0.2407 	 -0.1846 	 -0.0269 	 -0.1768 	 -0.1602 	 -0.0013
1.4028 	 0.8621 	 0.8770 	 -0.2684 	 -0.2425 	 -0.1862 	 -0.0270 	 -0.1773 	 -0.1612 	 -0.0013
1.4128 	 0.8596 	 0.8751 	 -0.2687 	 -0.2443 	 -0.1878 	 -0.0270 	 -0.1779 	 -0.1621 	 -0.0014
1.4228 	 0.8572 	 0.8732 	 -0.2689 	 -0.2461 	 -0.1894 	 -0.0270 	 -0.1785 	 -0.1631 	 -0.0014
1.4329 	 0.8547 	 0.8713 	 -0.2692 	 -0.2478 	 -0.1911 	 -0.0270 	 -0.1790 	 -0.1641 	 -0.0015
1.4429 	 0.8522 	 0.8694 	 -0.2695 	 -0.2496 	 -0.1927 	 -0.0270 	 -0.1796 	 -0.1651 	 -0.0015
1.4529 	 0.8497 	 0.8675 	 -0.2697 	 -0.2514 	 -0.1944 	 -0.0270 	 -0.1802 	 -0.1661 	 -0.0015
1.4629 	 0.8472 	 0.8655 	 -0.2700 	 -0.2532 	 -0.1961 	 -0.0270 	 -0.1808 	 -0.1671 	 -0.0016
1.4729 	 0.8446 	 0.8635 	 -0.2703 	 -0.2551 	 -0.1977 	 -0.0271 	 -0.1814 	 -0.1682 	 -0.0016
1.4830 	 0.8421 	 0.8615 	 -0.2706 	 -0.2569 	 -0.1994 	 -0.0271 	 -0.1820 	 -0.1692 	 -0.0017
1.4930 	 0.8395 	 0.8595 	 -0.2708 	 -0.2587 	 -0.2011 	 -0.0271 	 -0.1826 	 -0.1703 	 -0.0017
1.5030 	 0.8369 	 0.8575 	 -0.2711 	 -0.2605 	 -0.2028 	 -0.0271 	 -0.1832 	 -0.1714 	 -0.0017
1.5130 	 0.8342 	 0.8555 	 -0.2714 	 -0.2624 	 -0.2046 	 -0.0271 	 -0.1839 	 -0.1725 	 -0.0018
1.5230 	 0.8316 	 0.8534 	 -0.2716 	 -0.2642 	 -0.2063 	 -0.0271 	 -0.1845 	 -0.1736 	 -0.0018
1.5331 	 0.8290 	 0.8513 	 -0.2719 	 -0.2661 	 -0.2080 	 -0.0272 	 -0.1851 	 -0.1747 	 -0.0018
1.5431 	 0.8263 	 0.8492 	 -0.2722 	 -0.2679 	 -0.2098 	 -0.0272 	 -0.1858 	 -0.1759 	 -0.0019
1.5531 	 0.8236 	 0.8471 	 -0.2725 	 -0.2698 	 -0.2116 	 -0.0272 	 -0.1864 	 -0.1770 	 -0.0019
1.5631 	 0.8209 	 0.8450 	 -0.2727 	 -0.2717 	 -0.2133 	 -0.0272 	 -0.1871 	 -0.1782 	 -0.0019
1.5731 	 0.8181 	 0.8428 	 -0.2730 	 -0.2736 	 -0.2151 	 -0.0272 	 -0.1878 	 -0.1794 	 -0.0019
1.5832 	 0.8154 	 0.8407 	 -0.2733 	 -0.2754 	 -0.2169 	 -0.0273 	 -0.1885 	 -0.1806 	 -0.0020
1.5932 	 0.8126 	 0.8385 	 -0.2735 	 -0.2773 	 -0.2188 	 -0.0273 	 -0.1892 	 -0.1818 	 -0.0020
1.6032 	 0.8098 	 0.8363 	 -0.2738 	 -0.2792 	 -0.2206 	 -0.0273 	 -0.1899 	 -0.1830 	 -0.0020
1.6132 	 0.8070 	 0.8341 	 -0.2741 	 -0.2811 	 -0.2224 	 -0.0273 	 -0.1906 	 -0.1843 	 -0.0020
1.6232 	 0.8042 	 0.8318 	 -0.2744 	 -0.2830 	 -0.2243 	 -0.0273 	 -0.1913 	 -0.1855 	 -0.0020
1.6333 	 0.8013 	 0.8296 	 -0.2746 	 -0.2850 	 -0.2261 	 -0.0274 	 -0.1920 	 -0.1868 	 -0.0020
1.6433 	 0.7985 	 0.8273 	 -0.2749 	 -0.2869 	 -0.2280 	 -0.0274 	 -0.1928 	 -0.1881 	 -0.0020
1.6533 	 0.7956 	 0.8250 	 -0.2752 	 -0.2888 	 -0.2299 	 -0.0274 	 -0.1935 	 -0.1894 	 -0.0020
1.6633 	 0.7927 	 0.8227 	 -0.2755 	 -0.2908 	 -0.2318 	 -0.0274 	 -0.1943 	 -0.1907 	 -0.0020
1.6733 	 0.7898 	 0.8204 	 -0.2757 	 -0.2927 	 -0.2337 	 -0.0274 	 -0.1951 	 -0.1921 	 -0.0020
1.6834 	 0.7868 	 0.8180 	 -0.2760 	 -0.2947 	 -0.2357 	 -0.0275 	 -0.1958 	 -0.1935 	 -0.0020
1.6934 	 0.7839 	 0.8156 	 -0.2763 	 -0.2967 	 -0.2376 	 -0.0275 	 -0.1966 	 -0.1948 	 -0.0020
1.7034 	 0.7809 	 0.8133 	 -0.2766 	 -0.2986 	 -0.2396 	 -0.0275 	 -0.1974 	 -0.1962 	 -0.0020
1.7134 	 0.7779 	 0.8108 	 -0.2768 	 -0.3006 	 -0.2415 	 -0.0275 	 -0.1983 	 -0.1977 	 -0.0020
1.7234 	 0.7749 	 0.8084 	 -0.2771 	 -0.3026 	 -0.2435 	 -0.0275 	 -0.1991 	 -0.1991 	 -0.0020
1.7335 	 0.7718 	 0.8060 	 -0.2774 	 -0.3046 	 -0.2455 	 -0.0276 	 -0.1999 	 -0.2006 	 -0.0019
1.7435 	 0.7688 	 0.8035 	 -0.2777 	 -0.3066 	 -0.2476 	 -0.0276 	 -0.2008 	 -0.2020 	 -0.0019
1.7535 	 0.7657 	 0.8010 	 -0.2779 	 -0.3086 	 -0.2496 	 -0.0276 	 -0.2016 	 -0.2035 	 -0.0019
1.7635 	 0.7626 	 0.7985 	 -0.2782 	 -0.3106 	 -0.2516 	 -0.0276 	 -0.2025 	 -0.2050 	 -0.0018
1.7735 	 0.7594 	 0.7960 	 -0.2785 	 -0.3127 	 -0.2537 	 -0.0276 	 -0.2034 	 -0.2066 	 -0.0018
1.7836 	 0.7563 	 0.7934 	 -0.2788 	 -0.3147 	 -0.2558 	 -0.0277 	 -0.2043 	 -0.2081 	 -0.0017
1.7936 	 0.7531 	 0.7908 	 -0.2791 	 -0.3168 	 -0.2579 	 -0.0277 	 -0.2052 	 -0.2097 	 -0.0017
1.8036 	 0.7500 	 0.7882 	 -0.2793 	 -0.3188 	 -0.2600 	 -0.0277 	 -0.2061 	 -0.2113 	 -0.0016
1.8136 	 0.7468 	 0.7856 	 -0.2796 	 -0.3209 	 -0.2621 	 -0.0277 	 -0.2071 	 -0.2129 	 -0.0016
1.8236 	 0.7435 	 0.7830 	 -0.2799 	 -0.3230 	 -0.2642 	 -0.0277 	 -0.2080 	 -0.2145 	 -0.0015
1.8337 	 0.7403 	 0.7803 	 -0.2802 	 -0.3251 	 -0.2664 	 -0.0277 	 -0.2090 	 -0.2162 	 -0.0014
1.8437 	 0.7370 	 0.7777 	 -0.2804 	 -0.3272 	 -0.2686 	 -0.0277 	 -0.2100 	 -0.2179 	 -0.0013
1.8537 	 0.7337 	 0.7749 	 -0.2807 	 -0.3293 	 -0.2708 	 -0.0278 	 -0.2110 	 -0.2196 	 -0.0013
1.8637 	 0.7304 	 0.7722 	 -0.2810 	 -0.3314 	 -0.2730 	 -0.0278 	 -0.2120 	 -0.2213 	 -0.0012
1.8737 	 0.7271 	 0.7695 	 -0.2813 	 -0.3335 	 -0.2752 	 -0.0278 	 -0.2131 	 -0.2230 	 -0.0011
1.8838 	 0.7237 	 0.7667 	 -0.2816 	 -0.3357 	 -0.2774 	 -0.0278 	 -0.2141 	 -0.2248 	 -0.0010
1.8938 	 0.7204 	 0.7639 	 -0.2818 	 -0.3378 	 -0.2797 	 -0.0278 	 -0.2152 	 -0.2266 	 -0.0009
1.9038 	 0.7170 	 0.7611 	 -0.2821 	 -0.3400 	 -0.2820 	 -0.0278 	 -0.2163 	 -0.2285 	 -0.0008
1.9138 	 0.7135 	 0.7583 	 -0.2824 	 -0.3422 	 -0.2843 	 -0.0278 	 -0.2174 	 -0.2303 	 -0.0007
1.9238 	 0.7101 	 0.7554 	 -0.2827 	 -0.3443 	 -0.2866 	 -0.0278 	 -0.2186 	 -0.2322 	 -0.0006
1.9339 	 0.7066 	 0.7525 	 -0.2830 	 -0.3465 	 -0.2889 	 -0.0278 	 -0.2197 	 -0.2341 	 -0.0005
1.9439 	 0.7032 	 0.7496 	 -0.2832 	 -0.3487 	 -0.2913 	 -0.0278 	 -0.2209 	 -0.2361 	 -0.0003
1.9539 	 0.6997 	 0.7467 	 -0.2835 	 -0.3510 	 -0.2937 	 -0.0278 	 -0.2221 	 -0.2381 	 -0.0002
1.9639 	 0.6961 	 0.7437 	 -0.2838 	 -0.3532 	 -0.2961 	 -0.0278 	 -0.2233 	 -0.2401 	 -0.0001
1.9739 	 0.6926 	 0.7408 	 -0.2841 	 -0.3554 	 -0.2985 	 -0.0278 	 -0.2246 	 -0.2422 	 0.0001
1.9840 	 0.6890 	 0.7378 	 -0.2843 	 -0.3577 	 -0.3009 	 -0.0278 	 -0.2258 	 -0.2443 	 0.0002
1.9940 	 0.6854 	 0.7347 	 -0.2846 	 -0.3600 	 -0.3034 	 -0.0278 	 -0.2271 	 -0.2464 	 0.0004
2.0040 	 0.6818 	 0.7317 	 -0.2849 	 -0.3622 	 -0.3059 	 -0.0278 	 -0.2285 	 -0.2486 	 0.0005
2.0140 	 0.6781 	 0.7286 	 -0.2852 	 -0.3645 	 -0.3084 	 -0.0278 	 -0.2298 	 -0.2508 	 0.0007
2.0240 	 0.6745 	 0.7255 	 -0.2855 	 -0.3669 	 -0.3109 	 -0.0278 	 -0.2312 	 -0.2530 	 0.0009
2.0341 	 0.6708 	 0.7224 	 -0.2857 	 -0.3692 	 -0.3134 	 -0.0278 	 -0.2326 	 -0.2553 	 0.0010
2.0441 	 0.6671 	 0.7192 	 -0.2860 	 -0.3715 	 -0.3160 	 -0.0278 	 -0.2340 	 -0.2577 	 0.0012
2.0541 	 0.6633 	 0.7160 	 -0.2863 	 -0.3739 	 -0.3186 	 -0.0278 	 -0.2355 	 -0.2601 	 0.0014
2.0641 	 0.6596 	 0.7128 	 -0.2866 	 -0.3762 	 -0.3212 	 -0.0278 	 -0.2370 	 -0.2625 	 0.0016
2.0741 	 0.6558 	 0.7096 	 -0.2869 	 -0.3786 	 -0.3238 	 -0.0277 	 -0.2385 	 -0.2650 	 0.0018
2.0842 	 0.6520 	 0.7063 	 -0.2871 	 -0.3810 	 -0.3265 	 -0.0277 	 -0.2401 	 -0.2676 	 0.0020
2.0942 	 0.6482 	 0.7030 	 -0.2874 	 -0.3834 	 -0.3292 	 -0.0277 	 -0.2417 	 -0.2702 	 0.0022
2.1042 	 0.6443 	 0.6997 	 -0.2877 	 -0.3859 	 -0.3319 	 -0.0277 	 -0.2433 	 -0.2729 	 0.0025
2.1142 	 0.6404 	 0.6964 	 -0.2880 	 -0.3883 	 -0.3347 	 -0.0277 	 -0.2450 	 -0.2756 	 0.0027
2.1242 	 0.6365 	 0.6930 	 -0.2882 	 -0.3908 	 -0.3375 	 -0.0276 	 -0.2467 	 -0.2784 	 0.0029
2.1343 	 0.6326 	 0.6896 	 -0.2885 	 -0.3933 	 -0.3403 	 -0.0276 	 -0.2485 	 -0.2813 	 0.0032
2.1443 	 0.6287 	 0.6862 	 -0.2888 	 -0.3958 	 -0.3431 	 -0.0276 	 -0.2503 	 -0.2842 	 0.0035
2.1543 	 0.6247 	 0.6828 	 -0.2891 	 -0.3983 	 -0.3460 	 -0.0275 	 -0.2521 	 -0.2873 	 0.0037
2.1643 	 0.6207 	 0.6793 	 -0.2893 	 -0.4008 	 -0.3489 	 -0.0275 	 -0.2540 	 -0.2903 	 0.0040
2.1743 	 0.6166 	 0.6758 	 -0.2896 	 -0.4034 	 -0.3518 	 -0.0274 	 -0.2560 	 -0.2935 	 0.0043
2.1844 	 0.6126 	 0.6722 	 -0.2899 	 -0.4059 	 -0.3547 	 -0.0274 	 -0.2579 	 -0.2967 	 0.0046
2.1944 	 0.6085 	 0.6687 	 -0.2902 	 -0.4085 	 -0.3577 	 -0.0274 	 -0.2600 	 -0.3001 	 0.0050
2.2044 	 0.6044 	 0.6651 	 -0.2904 	 -0.4111 	 -0.3607 	 -0.0273 	 -0.2620 	 -0.3035 	 0.0053
2.2144 	 0.6003 	 0.6614 	 -0.2907 	 -0.4138 	 -0.3638 	 -0.0273 	 -0.2642 	 -0.3070 	 0.0057
2.2244 	 0.5961 	 0.6578 	 -0.2910 	 -0.4164 	 -0.3669 	 -0.0272 	 -0.2663 	 -0.3106 	 0.0061
2.2345 	 0.5919 	 0.6541 	 -0.2913 	 -0.4191 	 -0.3700 	 -0.0271 	 -0.2686 	 -0.3143 	 0.0065
2.2445 	 0.5877 	 0.6504 	 -0.2915 	 -0.4218 	 -0.3732 	 -0.0271 	 -0.2709 	 -0.3181 	 0.0069
2.2545 	 0.5835 	 0.6466 	 -0.2918 	 -0.4245 	 -0.3764 	 -0.0270 	 -0.2732 	 -0.3220 	 0.0073
2.2645 	 0.5792 	 0.6428 	 -0.2921 	 -0.4273 	 -0.3797 	 -0.0269 	 -0.2756 	 -0.3260 	 0.0078
2.2745 	 0.5749 	 0.6390 	 -0.2923 	 -0.4301 	 -0.3829 	 -0.0268 	 -0.2781 	 -0.3301 	 0.0083
2.2846 	 0.5706 	 0.6351 	 -0.2926 	 -0.4329 	 -0.3863 	 -0.0267 	 -0.2806 	 -0.3343 	 0.0088
2.2946 	 0.5662 	 0.6312 	 -0.2929 	 -0.4357 	 -0.3896 	 -0.0267 	 -0.2832 	 -0.3387 	 0.0094
2.3046 	 0.5619 	 0.6273 	 -0.2931 	 -0.4385 	 -0.3931 	 -0.0266 	 -0.2859 	 -0.3431 	 0.0100
2.3146 	 0.5574 	 0.6234 	 -0.2934 	 -0.4414 	 -0.3965 	 -0.0265 	 -0.2886 	 -0.3477 	 0.0106
2.3246 	 0.5530 	 0.6194 	 -0.2937 	 -0.4443 	 -0.4000 	 -0.0263 	 -0.2914 	 -0.3525 	 0.0112
2.3347 	 0.5485 	 0.6154 	 -0.2939 	 -0.4473 	 -0.4036 	 -0.0262 	 -0.2943 	 -0.3573 	 0.0119
2.3447 	 0.5440 	 0.6113 	 -0.2942 	 -0.4502 	 -0.4072 	 -0.0261 	 -0.2973 	 -0.3624 	 0.0127
2.3547 	 0.5395 	 0.6072 	 -0.2945 	 -0.4532 	 -0.4108 	 -0.0260 	 -0.3003 	 -0.3675 	 0.0135
2.3647 	 0.5350 	 0.6031 	 -0.2947 	 -0.4562 	 -0.4146 	 -0.0258 	 -0.3035 	 -0.3728 	 0.0143
2.3747 	 0.5304 	 0.5989 	 -0.2950 	 -0.4593 	 -0.4183 	 -0.0257 	 -0.3067 	 -0.3783 	 0.0152
2.3848 	 0.5258 	 0.5947 	 -0.2952 	 -0.4624 	 -0.4221 	 -0.0255 	 -0.3100 	 -0.3840 	 0.0162
2.3948 	 0.5211 	 0.5904 	 -0.2955 	 -0.4655 	 -0.4260 	 -0.0254 	 -0.3134 	 -0.3898 	 0.0172
2.4048 	 0.5164 	 0.5861 	 -0.2957 	 -0.4687 	 -0.4299 	 -0.0252 	 -0.3169 	 -0.3958 	 0.0183
2.4148 	 0.5117 	 0.5818 	 -0.2960 	 -0.4719 	 -0.4339 	 -0.0250 	 -0.3205 	 -0.4020 	 0.0195
2.4248 	 0.5070 	 0.5774 	 -0.2962 	 -0.4751 	 -0.4380 	 -0.0248 	 -0.3242 	 -0.4084 	 0.0208
2.4349 	 0.5022 	 0.5730 	 -0.2965 	 -0.4784 	 -0.4421 	 -0.0246 	 -0.3280 	 -0.4150 	 0.0221
2.4449 	 0.4974 	 0.5686 	 -0.2967 	 -0.4817 	 -0.4463 	 -0.0244 	 -0.3320 	 -0.4218 	 0.0236
2.4549 	 0.4925 	 0.5641 	 -0.2970 	 -0.4850 	 -0.4506 	 -0.0241 	 -0.3360 	 -0.4288 	 0.0252
2.4649 	 0.4877 	 0.5595 	 -0.2972 	 -0.4884 	 -0.4549 	 -0.0238 	 -0.3403 	 -0.4361 	 0.0269
2.4749 	 0.4828 	 0.5550 	 -0.2975 	 -0.4918 	 -0.4593 	 -0.0236 	 -0.3446 	 -0.4436 	 0.0287
2.4850 	 0.4778 	 0.5503 	 -0.2977 	 -0.4953 	 -0.4638 	 -0.0233 	 -0.3525 	 -0.4551 	 0.0321
2.4950 	 0.4728 	 0.5457 	 -0.2979 	 -0.4989 	 -0.4684 	 -0.0229 	 -0.3560 	 -0.4619 	 0.0338
2.5050 	 0.4678 	 0.5410 	 -0.2982 	 -0.5025 	 -0.4731 	 -0.0226 	 -0.3595 	 -0.4688 	 0.0355
2.5150 	 0.4628 	 0.5362 	 -0.2984 	 -0.5061 	 -0.4778 	 -0.0222 	 -0.3630 	 -0.4759 	 0.0374
2.5251 	 0.4577 	 0.5314 	 -0.2986 	 -0.5098 	 -0.4826 	 -0.0218 	 -0.3666 	 -0.4831 	 0.0393
2.5351 	 0.4525 	 0.5265 	 -0.2988 	 -0.5134 	 -0.4875 	 -0.0214 	 -0.3722 	 -0.4956 	 0.0446
2.5451 	 0.4474 	 0.5216 	 -0.2990 	 -0.5172 	 -0.4925 	 -0.0210 	 -0.3754 	 -0.5024 	 0.0463
2.5551 	 0.4422 	 0.5166 	 -0.2992 	 -0.5210 	 -0.4976 	 -0.0205 	 -0.3788 	 -0.5093 	 0.0480
2.5651 	 0.4369 	 0.5116 	 -0.2994 	 -0.5248 	 -0.5027 	 -0.0200 	 -0.3822 	 -0.5165 	 0.0498
2.5752 	 0.4317 	 0.5066 	 -0.2996 	 -0.5286 	 -0.5079 	 -0.0195 	 -0.3857 	 -0.5239 	 0.0516
2.5852 	 0.4263 	 0.5015 	 -0.2998 	 -0.5325 	 -0.5132 	 -0.0190 	 -0.3892 	 -0.5315 	 0.0535
2.5952 	 0.4210 	 0.4963 	 -0.3000 	 -0.5364 	 -0.5186 	 -0.0184 	 -0.3928 	 -0.5393 	 0.0554
2.6052 	 0.4156 	 0.4911 	 -0.3002 	 -0.5404 	 -0.5240 	 -0.0179 	 -0.3965 	 -0.5474 	 0.0574
2.6152 	 0.4102 	 0.4858 	 -0.3004 	 -0.5444 	 -0.5296 	 -0.0173 	 -0.4003 	 -0.5557 	 0.0595
2.6253 	 0.4047 	 0.4805 	 -0.3005 	 -0.5484 	 -0.5352 	 -0.0167 	 -0.4041 	 -0.5643 	 0.0616
2.6353 	 0.3992 	 0.4751 	 -0.3007 	 -0.5525 	 -0.5409 	 -0.0160 	 -0.4080 	 -0.5732 	 0.0638
2.6453 	 0.3936 	 0.4696 	 -0.3009 	 -0.5566 	 -0.5467 	 -0.0154 	 -0.4178 	 -0.5807 	 0.0678
2.6553 	 0.3880 	 0.4641 	 -0.3010 	 -0.5608 	 -0.5525 	 -0.0147 	 -0.4214 	 -0.5902 	 0.0701
2.6653 	 0.3824 	 0.4585 	 -0.3012 	 -0.5650 	 -0.5585 	 -0.0140 	 -0.4252 	 -0.6000 	 0.0723
2.6754 	 0.3767 	 0.4529 	 -0.3013 	 -0.5693 	 -0.5645 	 -0.0132 	 -0.4290 	 -0.6101 	 0.0747
2.6854 	 0.3710 	 0.4472 	 -0.3014 	 -0.5736 	 -0.5707 	 -0.0125 	 -0.4328 	 -0.6206 	 0.0770
2.6954 	 0.3652 	 0.4415 	 -0.3015 	 -0.5780 	 -0.5770 	 -0.0117 	 -0.4402 	 -0.6273 	 0.0760
2.7054 	 0.3594 	 0.4357 	 -0.3017 	 -0.5824 	 -0.5833 	 -0.0109 	 -0.4438 	 -0.6390 	 0.0786
2.7154 	 0.3535 	 0.4298 	 -0.3018 	 -0.5869 	 -0.5898 	 -0.0101 	 -0.4474 	 -0.6511 	 0.0811
2.7255 	 0.3476 	 0.4238 	 -0.3019 	 -0.5914 	 -0.5964 	 -0.0093 	 -0.4510 	 -0.6638 	 0.0834
2.7355 	 0.3417 	 0.4178 	 -0.3020 	 -0.5959 	 -0.6031 	 -0.0085 	 -0.4546 	 -0.6772 	 0.0855
2.7455 	 0.3357 	 0.4118 	 -0.3020 	 -0.6005 	 -0.6099 	 -0.0076 	 -0.4584 	 -0.6914 	 0.0873
2.7555 	 0.3296 	 0.4056 	 -0.3021 	 -0.6051 	 -0.6170 	 -0.0067 	 -0.4623 	 -0.7065 	 0.0886
2.7655 	 0.3235 	 0.3994 	 -0.3022 	 -0.6098 	 -0.6241 	 -0.0058 	 -0.4664 	 -0.7229 	 0.0896
2.7756 	 0.3174 	 0.3931 	 -0.3022 	 -0.6145 	 -0.6315 	 -0.0049 	 -0.4739 	 -0.7446 	 0.0895
2.7856 	 0.3112 	 0.3867 	 -0.3023 	 -0.6193 	 -0.6390 	 -0.0040 	 -0.4772 	 -0.7617 	 0.0899
2.7956 	 0.3050 	 0.3803 	 -0.3023 	 -0.6241 	 -0.6468 	 -0.0031 	 -0.4842 	 -0.7915 	 0.0912
2.8056 	 0.2987 	 0.3738 	 -0.3023 	 -0.6289 	 -0.6548 	 -0.0022 	 -0.4866 	 -0.8080 	 0.0910
2.8156 	 0.2924 	 0.3672 	 -0.3023 	 -0.6338 	 -0.6630 	 -0.0013 	 -0.4917 	 -0.8277 	 0.0957
2.8257 	 0.2860 	 0.3605 	 -0.3024 	 -0.6388 	 -0.6714 	 -0.0003 	 -0.4985 	 -0.8492 	 0.0955
2.8357 	 0.2796 	 0.3537 	 -0.3024 	 -0.6438 	 -0.6800 	 0.0007 	 -0.5004 	 -0.8681 	 0.0944
2.8457 	 0.2731 	 0.3469 	 -0.3023 	 -0.6488 	 -0.6888 	 0.0016 	 -0.5026 	 -0.8883 	 0.0932
2.8557 	 0.2666 	 0.3399 	 -0.3023 	 -0.6539 	 -0.6978 	 0.0025 	 -0.5051 	 -0.9099 	 0.0920
2.8657 	 0.2600 	 0.3329 	 -0.3023 	 -0.6590 	 -0.7070 	 0.0034 	 -0.5077 	 -0.9328 	 0.0908
2.8758 	 0.2534 	 0.3257 	 -0.3022 	 -0.6641 	 -0.7166 	 0.0043 	 -0.5123 	 -0.9623 	 0.0881
2.8858 	 0.2467 	 0.3185 	 -0.3022 	 -0.6692 	 -0.7263 	 0.0052 	 -0.5168 	 -0.9914 	 0.0908
2.8958 	 0.2400 	 0.3112 	 -0.3021 	 -0.6745 	 -0.7364 	 0.0061 	 -0.5302 	 -1.0350 	 0.0919
2.9058 	 0.2332 	 0.3037 	 -0.3021 	 -0.6798 	 -0.7469 	 0.0070 	 -0.5305 	 -1.0584 	 0.0889
2.9158 	 0.2264 	 0.2962 	 -0.3020 	 -0.6851 	 -0.7577 	 0.0079 	 -0.5366 	 -1.0935 	 0.0860
2.9259 	 0.2195 	 0.2886 	 -0.3019 	 -0.6905 	 -0.7688 	 0.0087 	 -0.5454 	 -1.1327 	 0.0847
2.9359 	 0.2125 	 0.2808 	 -0.3018 	 -0.6960 	 -0.7803 	 0.0096 	 -0.5452 	 -1.1600 	 0.0789
2.9459 	 0.2055 	 0.2729 	 -0.3017 	 -0.7016 	 -0.7923 	 0.0103 	 -0.5725 	 -1.2444 	 0.0737
2.9559 	 0.1985 	 0.2649 	 -0.3016 	 -0.7074 	 -0.8051 	 0.0110 	 -0.5793 	 -1.2861 	 0.0662
2.9659 	 0.1913 	 0.2568 	 -0.3015 	 -0.7131 	 -0.8181 	 0.0116 	 -0.5688 	 -1.3113 	 0.0589
2.9760 	 0.1842 	 0.2485 	 -0.3014 	 -0.7188 	 -0.8314 	 0.0122 	 -0.5552 	 -1.3274 	 0.0535
2.9860 	 0.1769 	 0.2401 	 -0.3013 	 -0.7243 	 -0.8448 	 0.0127 	 -0.5432 	 -1.3507 	 0.0450
2.9960 	 0.1697 	 0.2316 	 -0.3011 	 -0.7296 	 -0.8583 	 0.0132 	 -0.5180 	 -1.3484 	 0.0397
3.0060 	 0.1623 	 0.2229 	 -0.3010 	 -0.7347 	 -0.8718 	 0.0135 	 -0.4931 	 -1.3475 	 0.0380
3.0160 	 0.1549 	 0.2141 	 -0.3009 	 -0.7395 	 -0.8853 	 0.0139 	 -0.4682 	 -1.3474 	 0.0382
3.0261 	 0.1475 	 0.2052 	 -0.3007 	 -0.7440 	 -0.8987 	 0.0143 	 -0.4399 	 -1.3411 	 0.0411
3.0361 	 0.1400 	 0.1961 	 -0.3006 	 -0.7483 	 -0.9122 	 0.0148 	 -0.4159 	 -1.3451 	 0.0432
3.0461 	 0.1325 	 0.1869 	 -0.3004 	 -0.7523 	 -0.9257 	 0.0152 	 -0.3853 	 -1.3410 	 0.0497
3.0561 	 0.1249 	 0.1776 	 -0.3003 	 -0.7560 	 -0.9391 	 0.0157 	 -0.3547 	 -1.3379 	 0.0539
3.0661 	 0.1174 	 0.1681 	 -0.3001 	 -0.7594 	 -0.9525 	 0.0163 	 -0.3226 	 -1.3322 	 0.0516
3.0762 	 0.1097 	 0.1585 	 -0.2999 	 -0.7625 	 -0.9658 	 0.0168 	 -0.2877 	 -1.3247 	 0.0506
3.0862 	 0.1021 	 0.1487 	 -0.2998 	 -0.7652 	 -0.9790 	 0.0173 	 -0.2503 	 -1.3098 	 0.0526
3.0962 	 0.0944 	 0.1388 	 -0.2996 	 -0.7675 	 -0.9921 	 0.0178 	 -0.2145 	 -1.2994 	 0.0564
3.1062 	 0.0867 	 0.1288 	 -0.2994 	 -0.7695 	 -1.0050 	 0.0184 	 -0.1721 	 -1.2794 	 0.0580
3.1162 	 0.0790 	 0.1187 	 -0.2992 	 -0.7710 	 -1.0177 	 0.0190 	 -0.1274 	 -1.2565 	 0.0601
3.1263 	 0.0713 	 0.1084 	 -0.2990 	 -0.7720 	 -1.0302 	 0.0196 	 -0.0871 	 -1.2299 	 0.0615
3.1363 	 0.0635 	 0.0981 	 -0.2988 	 -0.7727 	 -1.0424 	 0.0202 	 -0.0387 	 -1.2000 	 0.0638
3.1463 	 0.0558 	 0.0876 	 -0.2986 	 -0.7728 	 -1.0542 	 0.0209 	 0.0054 	 -1.1667 	 0.0665
3.1563 	 0.0480 	 0.0769 	 -0.2984 	 -0.7725 	 -1.0657 	 0.0216 	 0.0572 	 -1.1298 	 0.0685
3.1663 	 0.0403 	 0.0662 	 -0.2982 	 -0.7716 	 -1.0769 	 0.0223 	 0.1120 	 -1.0898 	 0.0709
3.1764 	 0.0326 	 0.0554 	 -0.2980 	 -0.7702 	 -1.0876 	 0.0230 	 0.1710 	 -1.0468 	 0.0750
3.1864 	 0.0249 	 0.0444 	 -0.2977 	 -0.7682 	 -1.0978 	 0.0238 	 0.2396 	 -0.9945 	 0.0879
3.1964 	 0.0172 	 0.0334 	 -0.2975 	 -0.7654 	 -1.1075 	 0.0248 	 0.3154 	 -0.9388 	 0.0952
3.2064 	 0.0095 	 0.0222 	 -0.2972 	 -0.7619 	 -1.1165 	 0.0257 	 0.3797 	 -0.8654 	 0.0956
3.2164 	 0.0019 	 0.0110 	 -0.2970 	 -0.7578 	 -1.1249 	 0.0267 	 0.4445 	 -0.8021 	 0.1022
3.2265 	 -0.0057 	 -0.0003 	 -0.2967 	 -0.7530 	 -1.1326 	 0.0277 	 0.5124 	 -0.7363 	 0.1072
3.2365 	 -0.0132 	 -0.0117 	 -0.2964 	 -0.7475 	 -1.1396 	 0.0289 	 0.5885 	 -0.6619 	 0.1197
3.2465 	 -0.0206 	 -0.0231 	 -0.2961 	 -0.7412 	 -1.1458 	 0.0301 	 0.6692 	 -0.5776 	 0.1313
3.2565 	 -0.0280 	 -0.0347 	 -0.2958 	 -0.7340 	 -1.1511 	 0.0315 	 0.7518 	 -0.4824 	 0.1396
3.2665 	 -0.0353 	 -0.0462 	 -0.2955 	 -0.7261 	 -1.1555 	 0.0329 	 0.8328 	 -0.3770 	 0.1427
3.2766 	 -0.0426 	 -0.0578 	 -0.2952 	 -0.7174 	 -1.1587 	 0.0343 	 0.9138 	 -0.2666 	 0.1388
3.2866 	 -0.0497 	 -0.0694 	 -0.2948 	 -0.7079 	 -1.1608 	 0.0357 	 0.9793 	 -0.1500 	 0.1300
3.2966 	 -0.0567 	 -0.0811 	 -0.2944 	 -0.6978 	 -1.1617 	 0.0369 	 1.0341 	 -0.0346 	 0.1163
3.3066 	 -0.0637 	 -0.0927 	 -0.2941 	 -0.6872 	 -1.1615 	 0.0380 	 1.0781 	 0.0758 	 0.0993
3.3166 	 -0.0705 	 -0.1043 	 -0.2937 	 -0.6762 	 -1.1602 	 0.0388 	 1.1123 	 0.1785 	 0.0733
3.3267 	 -0.0772 	 -0.1159 	 -0.2933 	 -0.6650 	 -1.1580 	 0.0395 	 1.1267 	 0.2626 	 0.0514
3.3367 	 -0.0838 	 -0.1275 	 -0.2929 	 -0.6536 	 -1.1550 	 0.0399 	 1.1428 	 0.3455 	 0.0313
3.3467 	 -0.0903 	 -0.1391 	 -0.2925 	 -0.6421 	 -1.1511 	 0.0401 	 1.1539 	 0.4204 	 0.0123
3.3567 	 -0.0967 	 -0.1506 	 -0.2921 	 -0.6305 	 -1.1466 	 0.0401 	 1.1610 	 0.4877 	 -0.0053
3.3667 	 -0.1030 	 -0.1621 	 -0.2917 	 -0.6189 	 -1.1414 	 0.0400 	 1.1622 	 0.5413 	 -0.0205
3.3768 	 -0.1091 	 -0.1735 	 -0.2913 	 -0.6073 	 -1.1357 	 0.0397 	 1.1422 	 0.5814 	 -0.0291
3.3868 	 -0.1151 	 -0.1848 	 -0.2909 	 -0.5958 	 -1.1297 	 0.0394 	 1.1381 	 0.6267 	 -0.0412
3.3968 	 -0.1211 	 -0.1961 	 -0.2905 	 -0.5845 	 -1.1232 	 0.0389 	 1.1300 	 0.6672 	 -0.0464
3.4068 	 -0.1269 	 -0.2073 	 -0.2901 	 -0.5732 	 -1.1163 	 0.0384 	 1.1203 	 0.7035 	 -0.0496
3.4168 	 -0.1325 	 -0.2185 	 -0.2897 	 -0.5620 	 -1.1091 	 0.0379 	 1.1133 	 0.7374 	 -0.0569
3.4269 	 -0.1381 	 -0.2295 	 -0.2894 	 -0.5509 	 -1.1016 	 0.0373 	 1.1059 	 0.7684 	 -0.0633
3.4369 	 -0.1436 	 -0.2405 	 -0.2890 	 -0.5398 	 -1.0937 	 0.0366 	 1.0984 	 0.7969 	 -0.0689
3.4469 	 -0.1489 	 -0.2515 	 -0.2886 	 -0.5289 	 -1.0856 	 0.0359 	 1.0821 	 0.8194 	 -0.0678
3.4569 	 -0.1542 	 -0.2623 	 -0.2883 	 -0.5181 	 -1.0773 	 0.0352 	 1.0731 	 0.8428 	 -0.0714
3.4669 	 -0.1593 	 -0.2730 	 -0.2879 	 -0.5074 	 -1.0687 	 0.0345 	 1.0611 	 0.8608 	 -0.0691
3.4770 	 -0.1643 	 -0.2837 	 -0.2876 	 -0.4968 	 -1.0600 	 0.0338 	 1.0517 	 0.8799 	 -0.0710
3.4870 	 -0.1693 	 -0.2943 	 -0.2872 	 -0.4863 	 -1.0511 	 0.0331 	 1.0423 	 0.8973 	 -0.0724
3.4970 	 -0.1741 	 -0.3048 	 -0.2869 	 -0.4760 	 -1.0421 	 0.0324 	 1.0283 	 0.9085 	 -0.0703
3.5070 	 -0.1788 	 -0.3152 	 -0.2866 	 -0.4657 	 -1.0329 	 0.0316 	 1.0151 	 0.9182 	 -0.0759
3.5170 	 -0.1834 	 -0.3255 	 -0.2863 	 -0.4556 	 -1.0237 	 0.0309 	 1.0005 	 0.9257 	 -0.0745
3.5271 	 -0.1879 	 -0.3357 	 -0.2860 	 -0.4457 	 -1.0144 	 0.0301 	 0.9889 	 0.9323 	 -0.0764
3.5371 	 -0.1924 	 -0.3458 	 -0.2857 	 -0.4358 	 -1.0050 	 0.0294 	 0.9800 	 0.9439 	 -0.0769
3.5471 	 -0.1967 	 -0.3558 	 -0.2854 	 -0.4261 	 -0.9956 	 0.0286 	 0.9691 	 0.9433 	 -0.0778
3.5571 	 -0.2009 	 -0.3658 	 -0.2851 	 -0.4164 	 -0.9861 	 0.0278 	 0.9577 	 0.9459 	 -0.0753
3.5671 	 -0.2050 	 -0.3756 	 -0.2848 	 -0.4069 	 -0.9767 	 0.0270 	 0.9461 	 0.9466 	 -0.0771
3.5772 	 -0.2091 	 -0.3853 	 -0.2846 	 -0.3974 	 -0.9671 	 0.0263 	 0.9372 	 0.9523 	 -0.0770
3.5872 	 -0.2130 	 -0.3950 	 -0.2843 	 -0.3882 	 -0.9577 	 0.0255 	 0.9073 	 0.9311 	 -0.0813
3.5972 	 -0.2168 	 -0.4045 	 -0.2840 	 -0.3793 	 -0.9485 	 0.0247 	 0.8605 	 0.8911 	 -0.0835
3.6072 	 -0.2206 	 -0.4140 	 -0.2838 	 -0.3707 	 -0.9396 	 0.0238 	 0.8356 	 0.8744 	 -0.0832
3.6172 	 -0.2243 	 -0.4233 	 -0.2836 	 -0.3627 	 -0.9311 	 0.0230 	 0.7819 	 0.8290 	 -0.0809
3.6273 	 -0.2279 	 -0.4326 	 -0.2833 	 -0.3551 	 -0.9231 	 0.0221 	 0.7391 	 0.7868 	 -0.0827
3.6373 	 -0.2314 	 -0.4418 	 -0.2831 	 -0.3478 	 -0.9153 	 0.0213 	 0.7068 	 0.7594 	 -0.0812
3.6473 	 -0.2348 	 -0.4510 	 -0.2829 	 -0.3409 	 -0.9078 	 0.0205 	 0.6850 	 0.7352 	 -0.0793
3.6573 	 -0.2382 	 -0.4600 	 -0.2827 	 -0.3341 	 -0.9006 	 0.0197 	 0.6631 	 0.7182 	 -0.0789
3.6673 	 -0.2415 	 -0.4690 	 -0.2825 	 -0.3276 	 -0.8935 	 0.0189 	 0.6386 	 0.6990 	 -0.0828
3.6774 	 -0.2448 	 -0.4779 	 -0.2823 	 -0.3213 	 -0.8866 	 0.0180 	 0.6183 	 0.6808 	 -0.0881
3.6874 	 -0.2480 	 -0.4868 	 -0.2822 	 -0.3152 	 -0.8798 	 0.0172 	 0.5987 	 0.6614 	 -0.0857
3.6974 	 -0.2511 	 -0.4956 	 -0.2820 	 -0.3093 	 -0.8733 	 0.0163 	 0.5823 	 0.6482 	 -0.0859
3.7074 	 -0.2542 	 -0.5043 	 -0.2818 	 -0.3036 	 -0.8668 	 0.0155 	 0.5639 	 0.6369 	 -0.0804
3.7174 	 -0.2572 	 -0.5130 	 -0.2817 	 -0.2980 	 -0.8605 	 0.0147 	 0.5500 	 0.6266 	 -0.0802
3.7275 	 -0.2601 	 -0.5215 	 -0.2815 	 -0.2925 	 -0.8543 	 0.0139 	 0.5374 	 0.6181 	 -0.0799
3.7375 	 -0.2631 	 -0.5301 	 -0.2814 	 -0.2872 	 -0.8481 	 0.0131 	 0.5258 	 0.6114 	 -0.0790
3.7475 	 -0.2659 	 -0.5385 	 -0.2813 	 -0.2820 	 -0.8420 	 0.0123 	 0.5200 	 0.6096 	 -0.0766
3.7575 	 -0.2687 	 -0.5469 	 -0.2812 	 -0.2768 	 -0.8359 	 0.0115 	 0.5026 	 0.6031 	 -0.0737
3.7675 	 -0.2715 	 -0.5553 	 -0.2810 	 -0.2719 	 -0.8299 	 0.0108 	 0.4906 	 0.5978 	 -0.0695
3.7776 	 -0.2742 	 -0.5636 	 -0.2809 	 -0.2670 	 -0.8239 	 0.0101 	 0.4783 	 0.5918 	 -0.0649
3.7876 	 -0.2768 	 -0.5718 	 -0.2808 	 -0.2623 	 -0.8181 	 0.0095 	 0.4661 	 0.5851 	 -0.0604
3.7976 	 -0.2794 	 -0.5800 	 -0.2808 	 -0.2577 	 -0.8122 	 0.0089 	 0.4540 	 0.5778 	 -0.0562
3.8076 	 -0.2820 	 -0.5881 	 -0.2807 	 -0.2532 	 -0.8065 	 0.0084 	 0.4423 	 0.5701 	 -0.0523
3.8176 	 -0.2845 	 -0.5961 	 -0.2806 	 -0.2488 	 -0.8008 	 0.0079 	 0.4310 	 0.5623 	 -0.0488
3.8277 	 -0.2870 	 -0.6041 	 -0.2805 	 -0.2445 	 -0.7952 	 0.0074 	 0.4201 	 0.5544 	 -0.0456
3.8377 	 -0.2894 	 -0.6121 	 -0.2804 	 -0.2404 	 -0.7897 	 0.0070 	 0.4096 	 0.5466 	 -0.0427
3.8477 	 -0.2918 	 -0.6200 	 -0.2804 	 -0.2363 	 -0.7843 	 0.0066 	 0.3996 	 0.5388 	 -0.0400
3.8577 	 -0.2941 	 -0.6278 	 -0.2803 	 -0.2324 	 -0.7789 	 0.0062 	 0.3899 	 0.5311 	 -0.0374
3.8677 	 -0.2964 	 -0.6356 	 -0.2802 	 -0.2285 	 -0.7736 	 0.0058 	 0.3807 	 0.5236 	 -0.0351
3.8778 	 -0.2987 	 -0.6433 	 -0.2802 	 -0.2248 	 -0.7684 	 0.0055 	 0.3718 	 0.5163 	 -0.0329
3.8878 	 -0.3009 	 -0.6510 	 -0.2801 	 -0.2211 	 -0.7633 	 0.0051 	 0.3633 	 0.5091 	 -0.0308
3.8978 	 -0.3031 	 -0.6586 	 -0.2801 	 -0.2175 	 -0.7582 	 0.0048 	 0.3551 	 0.5022 	 -0.0289
3.9078 	 -0.3053 	 -0.6662 	 -0.2800 	 -0.2140 	 -0.7532 	 0.0046 	 0.3472 	 0.4954 	 -0.0270
3.9178 	 -0.3074 	 -0.6737 	 -0.2800 	 -0.2105 	 -0.7483 	 0.0043 	 0.3396 	 0.4888 	 -0.0253
3.9279 	 -0.3095 	 -0.6812 	 -0.2800 	 -0.2071 	 -0.7434 	 0.0041 	 0.3323 	 0.4825 	 -0.0236
3.9379 	 -0.3116 	 -0.6886 	 -0.2799 	 -0.2039 	 -0.7386 	 0.0038 	 0.3253 	 0.4763 	 -0.0220
3.9479 	 -0.3136 	 -0.6960 	 -0.2799 	 -0.2006 	 -0.7339 	 0.0036 	 0.3185 	 0.4703 	 -0.0205
3.9579 	 -0.3156 	 -0.7033 	 -0.2798 	 -0.1975 	 -0.7292 	 0.0034 	 0.3120 	 0.4645 	 -0.0190
3.9679 	 -0.3176 	 -0.7106 	 -0.2798 	 -0.1944 	 -0.7245 	 0.0032 	 0.3056 	 0.4590 	 -0.0176
3.9780 	 -0.3195 	 -0.7178 	 -0.2798 	 -0.1914 	 -0.7200 	 0.0031 	 0.2959 	 0.4474 	 -0.0153
3.9880 	 -0.3214 	 -0.7250 	 -0.2797 	 -0.1884 	 -0.7155 	 0.0029 	 0.2887 	 0.4392 	 -0.0074
3.9980 	 -0.3233 	 -0.7322 	 -0.2797 	 -0.1856 	 -0.7112 	 0.0029 	 0.2821 	 0.4325 	 -0.0056
4.0080 	 -0.3251 	 -0.7393 	 -0.2797 	 -0.1828 	 -0.7069 	 0.0028 	 0.2756 	 0.4260 	 -0.0040
4.0180 	 -0.3269 	 -0.7463 	 -0.2797 	 -0.1800 	 -0.7026 	 0.0028 	 0.2694 	 0.4199 	 -0.0023
4.0281 	 -0.3287 	 -0.7533 	 -0.2796 	 -0.1774 	 -0.6985 	 0.0028 	 0.2635 	 0.4141 	 -0.0008
4.0381 	 -0.3305 	 -0.7603 	 -0.2796 	 -0.1748 	 -0.6943 	 0.0028 	 0.2577 	 0.4086 	 0.0007
4.0481 	 -0.3322 	 -0.7673 	 -0.2796 	 -0.1722 	 -0.6903 	 0.0028 	 0.2520 	 0.4033 	 0.0021
4.0581 	 -0.3339 	 -0.7741 	 -0.2795 	 -0.1697 	 -0.6862 	 0.0028 	 0.2466 	 0.3982 	 0.0034
4.0681 	 -0.3356 	 -0.7810 	 -0.2795 	 -0.1673 	 -0.6823 	 0.0029 	 0.2412 	 0.3935 	 0.0047
4.0782 	 -0.3373 	 -0.7878 	 -0.2795 	 -0.1649 	 -0.6784 	 0.0029 	 0.2361 	 0.3889 	 0.0060
4.0882 	 -0.3389 	 -0.7946 	 -0.2795 	 -0.1625 	 -0.6745 	 0.0030 	 0.2310 	 0.3846 	 0.0071
4.0982 	 -0.3405 	 -0.8013 	 -0.2794 	 -0.1602 	 -0.6707 	 0.0031 	 0.2261 	 0.3806 	 0.0083
4.1082 	 -0.3421 	 -0.8080 	 -0.2794 	 -0.1580 	 -0.6669 	 0.0031 	 0.2213 	 0.3767 	 0.0093
4.1182 	 -0.3437 	 -0.8147 	 -0.2794 	 -0.1558 	 -0.6631 	 0.0032 	 0.2166 	 0.3731 	 0.0103
4.1283 	 -0.3453 	 -0.8213 	 -0.2793 	 -0.1537 	 -0.6594 	 0.0033 	 0.2120 	 0.3698 	 0.0113
4.1383 	 -0.3468 	 -0.8279 	 -0.2793 	 -0.1516 	 -0.6557 	 0.0035 	 0.2076 	 0.3666 	 0.0122
4.1483 	 -0.3483 	 -0.8345 	 -0.2793 	 -0.1495 	 -0.6520 	 0.0036 	 0.2033 	 0.3637 	 0.0130
4.1583 	 -0.3498 	 -0.8410 	 -0.2792 	 -0.1475 	 -0.6484 	 0.0037 	 0.1992 	 0.3610 	 0.0138
4.1683 	 -0.3513 	 -0.8475 	 -0.2792 	 -0.1455 	 -0.6448 	 0.0039 	 0.1952 	 0.3584 	 0.0146
4.1784 	 -0.3527 	 -0.8539 	 -0.2791 	 -0.1436 	 -0.6412 	 0.0040 	 0.1914 	 0.3561 	 0.0152
4.1884 	 -0.3541 	 -0.8603 	 -0.2791 	 -0.1417 	 -0.6377 	 0.0042 	 0.1877 	 0.3540 	 0.0159
4.1984 	 -0.3555 	 -0.8667 	 -0.2791 	 -0.1398 	 -0.6341 	 0.0043 	 0.1843 	 0.3519 	 0.0164
4.2084 	 -0.3569 	 -0.8730 	 -0.2790 	 -0.1380 	 -0.6306 	 0.0045 	 0.1810 	 0.3501 	 0.0170
4.2184 	 -0.3583 	 -0.8793 	 -0.2790 	 -0.1362 	 -0.6271 	 0.0047 	 0.1779 	 0.3483 	 0.0174
4.2285 	 -0.3597 	 -0.8856 	 -0.2789 	 -0.1344 	 -0.6236 	 0.0049 	 0.1750 	 0.3466 	 0.0179
4.2385 	 -0.3610 	 -0.8918 	 -0.2789 	 -0.1327 	 -0.6202 	 0.0050 	 0.1723 	 0.3450 	 0.0183
4.2485 	 -0.3623 	 -0.8980 	 -0.2788 	 -0.1310 	 -0.6167 	 0.0052 	 0.1698 	 0.3434 	 0.0187
4.2585 	 -0.3636 	 -0.9042 	 -0.2788 	 -0.1293 	 -0.6133 	 0.0054 	 0.1674 	 0.3419 	 0.0191
4.2685 	 -0.3649 	 -0.9103 	 -0.2787 	 -0.1276 	 -0.6099 	 0.0056 	 0.1652 	 0.3403 	 0.0194
4.2786 	 -0.3662 	 -0.9164 	 -0.2787 	 -0.1260 	 -0.6065 	 0.0058 	 0.1632 	 0.3387 	 0.0197
4.2886 	 -0.3674 	 -0.9225 	 -0.2786 	 -0.1243 	 -0.6031 	 0.0060 	 0.1612 	 0.3371 	 0.0200
4.2986 	 -0.3687 	 -0.9285 	 -0.2785 	 -0.1227 	 -0.5997 	 0.0062 	 0.1594 	 0.3355 	 0.0203
4.3086 	 -0.3699 	 -0.9345 	 -0.2785 	 -0.1211 	 -0.5964 	 0.0064 	 0.1577 	 0.3339 	 0.0206
4.3186 	 -0.3711 	 -0.9404 	 -0.2784 	 -0.1196 	 -0.5930 	 0.0066 	 0.1560 	 0.3322 	 0.0209
4.3287 	 -0.3723 	 -0.9464 	 -0.2783 	 -0.1180 	 -0.5897 	 0.0068 	 0.1544 	 0.3305 	 0.0212
4.3387 	 -0.3735 	 -0.9523 	 -0.2783 	 -0.1165 	 -0.5864 	 0.0070 	 0.1529 	 0.3287 	 0.0215
4.3487 	 -0.3746 	 -0.9581 	 -0.2782 	 -0.1149 	 -0.5831 	 0.0073 	 0.1515 	 0.3269 	 0.0217
4.3587 	 -0.3758 	 -0.9639 	 -0.2781 	 -0.1134 	 -0.5798 	 0.0075 	 0.1500 	 0.3251 	 0.0220
4.3687 	 -0.3769 	 -0.9697 	 -0.2781 	 -0.1119 	 -0.5766 	 0.0077 	 0.1487 	 0.3233 	 0.0222
4.3788 	 -0.3780 	 -0.9755 	 -0.2780 	 -0.1105 	 -0.5734 	 0.0079 	 0.1473 	 0.3215 	 0.0225
4.3888 	 -0.3791 	 -0.9812 	 -0.2779 	 -0.1090 	 -0.5702 	 0.0081 	 0.1460 	 0.3196 	 0.0227
4.3988 	 -0.3802 	 -0.9869 	 -0.2778 	 -0.1075 	 -0.5670 	 0.0084 	 0.1447 	 0.3178 	 0.0229
4.4088 	 -0.3813 	 -0.9926 	 -0.2777 	 -0.1061 	 -0.5638 	 0.0086 	 0.1434 	 0.3159 	 0.0231
4.4188 	 -0.3823 	 -0.9982 	 -0.2776 	 -0.1047 	 -0.5606 	 0.0088 	 0.1422 	 0.3141 	 0.0234
4.4289 	 -0.3834 	 -1.0038 	 -0.2775 	 -0.1032 	 -0.5575 	 0.0091 	 0.1409 	 0.3122 	 0.0236
4.4389 	 -0.3844 	 -1.0094 	 -0.2775 	 -0.1018 	 -0.5544 	 0.0093 	 0.1397 	 0.3104 	 0.0238
4.4489 	 -0.3854 	 -1.0149 	 -0.2774 	 -0.1004 	 -0.5513 	 0.0095 	 0.1385 	 0.3085 	 0.0240
4.4589 	 -0.3864 	 -1.0204 	 -0.2773 	 -0.0991 	 -0.5482 	 0.0098 	 0.1373 	 0.3067 	 0.0242
4.4689 	 -0.3874 	 -1.0259 	 -0.2772 	 -0.0977 	 -0.5451 	 0.0100 	 0.1361 	 0.3049 	 0.0244
4.4790 	 -0.3884 	 -1.0314 	 -0.2771 	 -0.0963 	 -0.5421 	 0.0103 	 0.1349 	 0.3031 	 0.0245
4.4890 	 -0.3893 	 -1.0368 	 -0.2770 	 -0.0950 	 -0.5390 	 0.0105 	 0.1338 	 0.3013 	 0.0247
4.4990 	 -0.3903 	 -1.0422 	 -0.2769 	 -0.0936 	 -0.5360 	 0.0108 	 0.1326 	 0.2995 	 0.0249
4.5090 	 -0.3912 	 -1.0475 	 -0.2767 	 -0.0923 	 -0.5330 	 0.0110 	 0.1315 	 0.2977 	 0.0251
4.5190 	 -0.3921 	 -1.0529 	 -0.2766 	 -0.0910 	 -0.5301 	 0.0113 	 0.1304 	 0.2960 	 0.0252
4.5291 	 -0.3930 	 -1.0581 	 -0.2765 	 -0.0897 	 -0.5271 	 0.0115 	 0.1293 	 0.2943 	 0.0254
4.5391 	 -0.3939 	 -1.0634 	 -0.2764 	 -0.0884 	 -0.5242 	 0.0118 	 0.1282 	 0.2926 	 0.0255
4.5491 	 -0.3948 	 -1.0687 	 -0.2763 	 -0.0871 	 -0.5213 	 0.0120 	 0.1271 	 0.2909 	 0.0257
4.5591 	 -0.3957 	 -1.0739 	 -0.2762 	 -0.0859 	 -0.5183 	 0.0123 	 0.1261 	 0.2892 	 0.0258
4.5691 	 -0.3965 	 -1.0790 	 -0.2760 	 -0.0846 	 -0.5155 	 0.0126 	 0.1250 	 0.2876 	 0.0259
4.5792 	 -0.3974 	 -1.0842 	 -0.2759 	 -0.0834 	 -0.5126 	 0.0128 	 0.1240 	 0.2860 	 0.0261
4.5892 	 -0.3982 	 -1.0893 	 -0.2758 	 -0.0821 	 -0.5097 	 0.0131 	 0.1230 	 0.2844 	 0.0262
4.5992 	 -0.3990 	 -1.0944 	 -0.2756 	 -0.0809 	 -0.5069 	 0.0133 	 0.1220 	 0.2828 	 0.0263
4.6092 	 -0.3998 	 -1.0995 	 -0.2755 	 -0.0797 	 -0.5041 	 0.0136 	 0.1210 	 0.2812 	 0.0265
4.6192 	 -0.4006 	 -1.1045 	 -0.2754 	 -0.0785 	 -0.5012 	 0.0139 	 0.1200 	 0.2797 	 0.0266
4.6293 	 -0.4014 	 -1.1095 	 -0.2752 	 -0.0773 	 -0.4985 	 0.0141 	 0.1190 	 0.2781 	 0.0267
4.6393 	 -0.4022 	 -1.1145 	 -0.2751 	 -0.0761 	 -0.4957 	 0.0144 	 0.1180 	 0.2766 	 0.0268
4.6493 	 -0.4029 	 -1.1194 	 -0.2749 	 -0.0749 	 -0.4929 	 0.0147 	 0.1171 	 0.2752 	 0.0269
4.6593 	 -0.4037 	 -1.1244 	 -0.2748 	 -0.0737 	 -0.4902 	 0.0149 	 0.1161 	 0.2737 	 0.0270
4.6693 	 -0.4044 	 -1.1293 	 -0.2746 	 -0.0726 	 -0.4874 	 0.0152 	 0.1152 	 0.2722 	 0.0271
4.6794 	 -0.4051 	 -1.1341 	 -0.2745 	 -0.0714 	 -0.4847 	 0.0155 	 0.1143 	 0.2708 	 0.0272
4.6894 	 -0.4058 	 -1.1390 	 -0.2743 	 -0.0703 	 -0.4820 	 0.0158 	 0.1134 	 0.2694 	 0.0273
4.6994 	 -0.4065 	 -1.1438 	 -0.2742 	 -0.0692 	 -0.4793 	 0.0160 	 0.1125 	 0.2680 	 0.0274
4.7094 	 -0.4072 	 -1.1486 	 -0.2740 	 -0.0680 	 -0.4766 	 0.0163 	 0.1116 	 0.2666 	 0.0275
4.7194 	 -0.4079 	 -1.1534 	 -0.2738 	 -0.0669 	 -0.4740 	 0.0166 	 0.1107 	 0.2653 	 0.0276
4.7295 	 -0.4085 	 -1.1581 	 -0.2737 	 -0.0658 	 -0.4713 	 0.0169 	 0.1099 	 0.2639 	 0.0277
4.7395 	 -0.4092 	 -1.1628 	 -0.2735 	 -0.0647 	 -0.4687 	 0.0171 	 0.1090 	 0.2626 	 0.0278
4.7495 	 -0.4098 	 -1.1675 	 -0.2733 	 -0.0636 	 -0.4660 	 0.0174 	 0.1082 	 0.2613 	 0.0278
4.7595 	 -0.4105 	 -1.1721 	 -0.2732 	 -0.0626 	 -0.4634 	 0.0177 	 0.1073 	 0.2600 	 0.0279
4.7695 	 -0.4111 	 -1.1768 	 -0.2730 	 -0.0615 	 -0.4608 	 0.0180 	 0.1065 	 0.2587 	 0.0280
4.7796 	 -0.4117 	 -1.1814 	 -0.2728 	 -0.0604 	 -0.4583 	 0.0183 	 0.1057 	 0.2575 	 0.0281
4.7896 	 -0.4123 	 -1.1860 	 -0.2726 	 -0.0594 	 -0.4557 	 0.0185 	 0.1049 	 0.2562 	 0.0282
4.7996 	 -0.4129 	 -1.1905 	 -0.2724 	 -0.0583 	 -0.4531 	 0.0188 	 0.1041 	 0.2550 	 0.0282
4.8096 	 -0.4135 	 -1.1950 	 -0.2722 	 -0.0573 	 -0.4506 	 0.0191 	 0.1033 	 0.2538 	 0.0283
4.8196 	 -0.4140 	 -1.1995 	 -0.2720 	 -0.0563 	 -0.4480 	 0.0194 	 0.1026 	 0.2526 	 0.0284
4.8297 	 -0.4146 	 -1.2040 	 -0.2719 	 -0.0552 	 -0.4455 	 0.0197 	 0.1018 	 0.2514 	 0.0284
4.8397 	 -0.4152 	 -1.2085 	 -0.2717 	 -0.0542 	 -0.4430 	 0.0200 	 0.1010 	 0.2502 	 0.0285
4.8497 	 -0.4157 	 -1.2129 	 -0.2715 	 -0.0532 	 -0.4405 	 0.0202 	 0.1003 	 0.2491 	 0.0286
4.8597 	 -0.4162 	 -1.2173 	 -0.2712 	 -0.0522 	 -0.4380 	 0.0205 	 0.0996 	 0.2479 	 0.0286
4.8697 	 -0.4167 	 -1.2217 	 -0.2710 	 -0.0512 	 -0.4355 	 0.0208 	 0.0988 	 0.2468 	 0.0287
4.8798 	 -0.4172 	 -1.2260 	 -0.2708 	 -0.0502 	 -0.4331 	 0.0211 	 0.0981 	 0.2457 	 0.0288
4.8898 	 -0.4177 	 -1.2303 	 -0.2706 	 -0.0492 	 -0.4306 	 0.0214 	 0.0974 	 0.2446 	 0.0288
4.8998 	 -0.4182 	 -1.2346 	 -0.2704 	 -0.0483 	 -0.4282 	 0.0217 	 0.0967 	 0.2435 	 0.0289
4.9098 	 -0.4187 	 -1.2389 	 -0.2702 	 -0.0473 	 -0.4257 	 0.0220 	 0.0960 	 0.2425 	 0.0290
4.9198 	 -0.4192 	 -1.2432 	 -0.2700 	 -0.0463 	 -0.4233 	 0.0223 	 0.0953 	 0.2414 	 0.0290
4.9299 	 -0.4196 	 -1.2474 	 -0.2697 	 -0.0454 	 -0.4209 	 0.0226 	 0.0946 	 0.2404 	 0.0291
4.9399 	 -0.4201 	 -1.2516 	 -0.2695 	 -0.0445 	 -0.4185 	 0.0229 	 0.0939 	 0.2393 	 0.0291
4.9499 	 -0.4205 	 -1.2558 	 -0.2693 	 -0.0435 	 -0.4161 	 0.0231 	 0.0933 	 0.2383 	 0.0292
4.9599 	 -0.4210 	 -1.2600 	 -0.2690 	 -0.0426 	 -0.4137 	 0.0234 	 0.0926 	 0.2373 	 0.0292
4.9699 	 -0.4214 	 -1.2641 	 -0.2688 	 -0.0417 	 -0.4113 	 0.0237 	 0.0920 	 0.2363 	 0.0293
4.9800 	 -0.4218 	 -1.2682 	 -0.2686 	 -0.0407 	 -0.4090 	 0.0240 	 0.0913 	 0.2354 	 0.0294
4.9900 	 -0.4222 	 -1.2723 	 -0.2683 	 -0.0398 	 -0.4066 	 0.0243 	 0.0907 	 0.2344 	 0.0294
