100-Body Run with i = 69 th particle. (Units in pc,M_solar,Myr, km s-1) 

time		 x 		 y 		 z 		 xdot 		 ydot 		 zdot 		 xddot 		 yddot 		 zddot
0.0000 	 0.2163 	 1.0588 	 0.5431 	 0.0034 	 0.0016 	 0.0053 	 -0.0127 	 -0.1617 	 -0.0891
0.0100 	 0.2163 	 1.0588 	 0.5432 	 0.0033 	 0.0000 	 0.0044 	 -0.0127 	 -0.1617 	 -0.0891
0.0200 	 0.2164 	 1.0588 	 0.5432 	 0.0031 	 -0.0016 	 0.0035 	 -0.0127 	 -0.1617 	 -0.0891
0.0301 	 0.2164 	 1.0587 	 0.5433 	 0.0030 	 -0.0032 	 0.0026 	 -0.0127 	 -0.1617 	 -0.0891
0.0401 	 0.2164 	 1.0587 	 0.5433 	 0.0029 	 -0.0048 	 0.0017 	 -0.0127 	 -0.1617 	 -0.0891
0.0501 	 0.2164 	 1.0586 	 0.5433 	 0.0028 	 -0.0065 	 0.0008 	 -0.0127 	 -0.1617 	 -0.0892
0.0601 	 0.2165 	 1.0586 	 0.5433 	 0.0026 	 -0.0081 	 -0.0001 	 -0.0127 	 -0.1618 	 -0.0892
0.0701 	 0.2165 	 1.0585 	 0.5433 	 0.0025 	 -0.0097 	 -0.0010 	 -0.0127 	 -0.1618 	 -0.0893
0.0802 	 0.2165 	 1.0584 	 0.5433 	 0.0024 	 -0.0113 	 -0.0019 	 -0.0127 	 -0.1618 	 -0.0893
0.0902 	 0.2165 	 1.0582 	 0.5432 	 0.0022 	 -0.0129 	 -0.0028 	 -0.0127 	 -0.1619 	 -0.0894
0.1002 	 0.2166 	 1.0581 	 0.5432 	 0.0021 	 -0.0146 	 -0.0036 	 -0.0127 	 -0.1619 	 -0.0894
0.1102 	 0.2166 	 1.0580 	 0.5432 	 0.0020 	 -0.0162 	 -0.0045 	 -0.0127 	 -0.1620 	 -0.0895
0.1202 	 0.2166 	 1.0578 	 0.5431 	 0.0019 	 -0.0178 	 -0.0054 	 -0.0127 	 -0.1620 	 -0.0896
0.1303 	 0.2166 	 1.0576 	 0.5431 	 0.0017 	 -0.0194 	 -0.0063 	 -0.0127 	 -0.1621 	 -0.0896
0.1403 	 0.2166 	 1.0574 	 0.5430 	 0.0016 	 -0.0211 	 -0.0072 	 -0.0127 	 -0.1621 	 -0.0897
0.1503 	 0.2167 	 1.0572 	 0.5429 	 0.0015 	 -0.0227 	 -0.0081 	 -0.0127 	 -0.1622 	 -0.0898
0.1603 	 0.2167 	 1.0569 	 0.5428 	 0.0014 	 -0.0243 	 -0.0090 	 -0.0128 	 -0.1623 	 -0.0899
0.1703 	 0.2167 	 1.0567 	 0.5427 	 0.0012 	 -0.0259 	 -0.0099 	 -0.0128 	 -0.1624 	 -0.0900
0.1804 	 0.2167 	 1.0564 	 0.5426 	 0.0011 	 -0.0276 	 -0.0108 	 -0.0128 	 -0.1624 	 -0.0900
0.1904 	 0.2167 	 1.0561 	 0.5425 	 0.0010 	 -0.0292 	 -0.0117 	 -0.0128 	 -0.1625 	 -0.0901
0.2004 	 0.2167 	 1.0558 	 0.5424 	 0.0008 	 -0.0308 	 -0.0126 	 -0.0128 	 -0.1626 	 -0.0903
0.2104 	 0.2167 	 1.0555 	 0.5423 	 0.0007 	 -0.0325 	 -0.0135 	 -0.0128 	 -0.1627 	 -0.0904
0.2204 	 0.2167 	 1.0552 	 0.5421 	 0.0006 	 -0.0341 	 -0.0145 	 -0.0128 	 -0.1628 	 -0.0905
0.2305 	 0.2167 	 1.0548 	 0.5420 	 0.0005 	 -0.0357 	 -0.0154 	 -0.0129 	 -0.1629 	 -0.0906
0.2405 	 0.2167 	 1.0545 	 0.5418 	 0.0003 	 -0.0373 	 -0.0163 	 -0.0129 	 -0.1631 	 -0.0907
0.2505 	 0.2167 	 1.0541 	 0.5417 	 0.0002 	 -0.0390 	 -0.0172 	 -0.0129 	 -0.1632 	 -0.0908
0.2605 	 0.2167 	 1.0537 	 0.5415 	 0.0001 	 -0.0406 	 -0.0181 	 -0.0129 	 -0.1633 	 -0.0910
0.2705 	 0.2167 	 1.0533 	 0.5413 	 -0.0001 	 -0.0423 	 -0.0190 	 -0.0129 	 -0.1634 	 -0.0911
0.2806 	 0.2167 	 1.0528 	 0.5411 	 -0.0002 	 -0.0439 	 -0.0199 	 -0.0130 	 -0.1636 	 -0.0912
0.2906 	 0.2167 	 1.0524 	 0.5409 	 -0.0003 	 -0.0455 	 -0.0208 	 -0.0130 	 -0.1637 	 -0.0914
0.3006 	 0.2167 	 1.0519 	 0.5407 	 -0.0004 	 -0.0472 	 -0.0217 	 -0.0130 	 -0.1639 	 -0.0915
0.3106 	 0.2167 	 1.0514 	 0.5405 	 -0.0006 	 -0.0488 	 -0.0227 	 -0.0130 	 -0.1640 	 -0.0917
0.3206 	 0.2167 	 1.0509 	 0.5402 	 -0.0007 	 -0.0505 	 -0.0236 	 -0.0131 	 -0.1642 	 -0.0919
0.3307 	 0.2167 	 1.0504 	 0.5400 	 -0.0008 	 -0.0521 	 -0.0245 	 -0.0131 	 -0.1644 	 -0.0920
0.3407 	 0.2167 	 1.0499 	 0.5397 	 -0.0010 	 -0.0538 	 -0.0254 	 -0.0131 	 -0.1645 	 -0.0922
0.3507 	 0.2167 	 1.0494 	 0.5395 	 -0.0011 	 -0.0554 	 -0.0264 	 -0.0131 	 -0.1647 	 -0.0924
0.3607 	 0.2167 	 1.0488 	 0.5392 	 -0.0012 	 -0.0571 	 -0.0273 	 -0.0132 	 -0.1649 	 -0.0926
0.3707 	 0.2167 	 1.0482 	 0.5389 	 -0.0014 	 -0.0587 	 -0.0282 	 -0.0132 	 -0.1651 	 -0.0927
0.3808 	 0.2167 	 1.0476 	 0.5386 	 -0.0015 	 -0.0604 	 -0.0291 	 -0.0132 	 -0.1653 	 -0.0929
0.3908 	 0.2166 	 1.0470 	 0.5383 	 -0.0016 	 -0.0620 	 -0.0301 	 -0.0133 	 -0.1655 	 -0.0931
0.4008 	 0.2166 	 1.0464 	 0.5380 	 -0.0018 	 -0.0637 	 -0.0310 	 -0.0133 	 -0.1657 	 -0.0933
0.4108 	 0.2166 	 1.0457 	 0.5377 	 -0.0019 	 -0.0653 	 -0.0319 	 -0.0133 	 -0.1659 	 -0.0935
0.4208 	 0.2166 	 1.0451 	 0.5374 	 -0.0020 	 -0.0670 	 -0.0329 	 -0.0134 	 -0.1661 	 -0.0937
0.4309 	 0.2166 	 1.0444 	 0.5371 	 -0.0022 	 -0.0687 	 -0.0338 	 -0.0134 	 -0.1663 	 -0.0940
0.4409 	 0.2165 	 1.0437 	 0.5367 	 -0.0023 	 -0.0703 	 -0.0348 	 -0.0134 	 -0.1665 	 -0.0942
0.4509 	 0.2165 	 1.0430 	 0.5364 	 -0.0024 	 -0.0720 	 -0.0357 	 -0.0135 	 -0.1668 	 -0.0944
0.4609 	 0.2165 	 1.0422 	 0.5360 	 -0.0026 	 -0.0737 	 -0.0367 	 -0.0135 	 -0.1670 	 -0.0946
0.4709 	 0.2165 	 1.0415 	 0.5356 	 -0.0027 	 -0.0754 	 -0.0376 	 -0.0135 	 -0.1672 	 -0.0949
0.4810 	 0.2164 	 1.0407 	 0.5352 	 -0.0028 	 -0.0770 	 -0.0386 	 -0.0136 	 -0.1675 	 -0.0951
0.4910 	 0.2164 	 1.0400 	 0.5349 	 -0.0030 	 -0.0787 	 -0.0395 	 -0.0136 	 -0.1677 	 -0.0954
0.5010 	 0.2164 	 1.0392 	 0.5345 	 -0.0031 	 -0.0804 	 -0.0405 	 -0.0137 	 -0.1680 	 -0.0956
0.5110 	 0.2163 	 1.0383 	 0.5340 	 -0.0032 	 -0.0821 	 -0.0414 	 -0.0137 	 -0.1682 	 -0.0959
0.5210 	 0.2163 	 1.0375 	 0.5336 	 -0.0034 	 -0.0838 	 -0.0424 	 -0.0137 	 -0.1685 	 -0.0962
0.5311 	 0.2163 	 1.0367 	 0.5332 	 -0.0035 	 -0.0855 	 -0.0434 	 -0.0138 	 -0.1688 	 -0.0964
0.5411 	 0.2162 	 1.0358 	 0.5328 	 -0.0037 	 -0.0871 	 -0.0443 	 -0.0138 	 -0.1691 	 -0.0967
0.5511 	 0.2162 	 1.0349 	 0.5323 	 -0.0038 	 -0.0888 	 -0.0453 	 -0.0139 	 -0.1693 	 -0.0970
0.5611 	 0.2162 	 1.0340 	 0.5318 	 -0.0039 	 -0.0905 	 -0.0463 	 -0.0139 	 -0.1696 	 -0.0973
0.5711 	 0.2161 	 1.0331 	 0.5314 	 -0.0041 	 -0.0922 	 -0.0472 	 -0.0140 	 -0.1699 	 -0.0976
0.5812 	 0.2161 	 1.0322 	 0.5309 	 -0.0042 	 -0.0939 	 -0.0482 	 -0.0140 	 -0.1702 	 -0.0979
0.5912 	 0.2160 	 1.0312 	 0.5304 	 -0.0044 	 -0.0957 	 -0.0492 	 -0.0141 	 -0.1705 	 -0.0982
0.6012 	 0.2160 	 1.0303 	 0.5299 	 -0.0045 	 -0.0974 	 -0.0502 	 -0.0141 	 -0.1708 	 -0.0985
0.6112 	 0.2160 	 1.0293 	 0.5294 	 -0.0046 	 -0.0991 	 -0.0512 	 -0.0142 	 -0.1711 	 -0.0988
0.6212 	 0.2159 	 1.0283 	 0.5289 	 -0.0048 	 -0.1008 	 -0.0522 	 -0.0142 	 -0.1715 	 -0.0991
0.6313 	 0.2159 	 1.0273 	 0.5284 	 -0.0049 	 -0.1025 	 -0.0532 	 -0.0143 	 -0.1718 	 -0.0995
0.6413 	 0.2158 	 1.0262 	 0.5278 	 -0.0051 	 -0.1042 	 -0.0542 	 -0.0143 	 -0.1721 	 -0.0998
0.6513 	 0.2158 	 1.0252 	 0.5273 	 -0.0052 	 -0.1060 	 -0.0552 	 -0.0144 	 -0.1724 	 -0.1001
0.6613 	 0.2157 	 1.0241 	 0.5267 	 -0.0054 	 -0.1077 	 -0.0562 	 -0.0145 	 -0.1728 	 -0.1005
0.6713 	 0.2156 	 1.0230 	 0.5262 	 -0.0055 	 -0.1094 	 -0.0572 	 -0.0145 	 -0.1731 	 -0.1008
0.6814 	 0.2156 	 1.0219 	 0.5256 	 -0.0057 	 -0.1112 	 -0.0582 	 -0.0146 	 -0.1735 	 -0.1012
0.6914 	 0.2155 	 1.0208 	 0.5250 	 -0.0058 	 -0.1129 	 -0.0592 	 -0.0146 	 -0.1738 	 -0.1016
0.7014 	 0.2155 	 1.0196 	 0.5244 	 -0.0059 	 -0.1146 	 -0.0602 	 -0.0147 	 -0.1742 	 -0.1019
0.7114 	 0.2154 	 1.0185 	 0.5238 	 -0.0061 	 -0.1164 	 -0.0613 	 -0.0148 	 -0.1745 	 -0.1023
0.7214 	 0.2154 	 1.0173 	 0.5232 	 -0.0062 	 -0.1181 	 -0.0623 	 -0.0148 	 -0.1749 	 -0.1027
0.7315 	 0.2153 	 1.0161 	 0.5225 	 -0.0064 	 -0.1199 	 -0.0633 	 -0.0149 	 -0.1753 	 -0.1031
0.7415 	 0.2152 	 1.0149 	 0.5219 	 -0.0065 	 -0.1217 	 -0.0643 	 -0.0150 	 -0.1757 	 -0.1035
0.7515 	 0.2152 	 1.0137 	 0.5212 	 -0.0067 	 -0.1234 	 -0.0654 	 -0.0150 	 -0.1760 	 -0.1039
0.7615 	 0.2151 	 1.0124 	 0.5206 	 -0.0068 	 -0.1252 	 -0.0664 	 -0.0151 	 -0.1764 	 -0.1043
0.7715 	 0.2150 	 1.0112 	 0.5199 	 -0.0070 	 -0.1270 	 -0.0675 	 -0.0152 	 -0.1768 	 -0.1047
0.7816 	 0.2150 	 1.0099 	 0.5192 	 -0.0071 	 -0.1287 	 -0.0685 	 -0.0153 	 -0.1772 	 -0.1051
0.7916 	 0.2149 	 1.0086 	 0.5185 	 -0.0073 	 -0.1305 	 -0.0696 	 -0.0153 	 -0.1776 	 -0.1055
0.8016 	 0.2148 	 1.0073 	 0.5178 	 -0.0075 	 -0.1323 	 -0.0706 	 -0.0154 	 -0.1780 	 -0.1060
0.8116 	 0.2147 	 1.0059 	 0.5171 	 -0.0076 	 -0.1341 	 -0.0717 	 -0.0155 	 -0.1784 	 -0.1064
0.8216 	 0.2147 	 1.0046 	 0.5164 	 -0.0078 	 -0.1359 	 -0.0728 	 -0.0156 	 -0.1788 	 -0.1069
0.8317 	 0.2146 	 1.0032 	 0.5157 	 -0.0079 	 -0.1377 	 -0.0738 	 -0.0156 	 -0.1792 	 -0.1073
0.8417 	 0.2145 	 1.0018 	 0.5149 	 -0.0081 	 -0.1395 	 -0.0749 	 -0.0157 	 -0.1797 	 -0.1078
0.8517 	 0.2144 	 1.0004 	 0.5142 	 -0.0082 	 -0.1413 	 -0.0760 	 -0.0158 	 -0.1801 	 -0.1082
0.8617 	 0.2143 	 0.9990 	 0.5134 	 -0.0084 	 -0.1431 	 -0.0771 	 -0.0159 	 -0.1805 	 -0.1087
0.8717 	 0.2142 	 0.9975 	 0.5126 	 -0.0086 	 -0.1449 	 -0.0782 	 -0.0160 	 -0.1809 	 -0.1091
0.8818 	 0.2142 	 0.9961 	 0.5118 	 -0.0087 	 -0.1467 	 -0.0793 	 -0.0161 	 -0.1814 	 -0.1096
0.8918 	 0.2141 	 0.9946 	 0.5110 	 -0.0089 	 -0.1485 	 -0.0804 	 -0.0162 	 -0.1818 	 -0.1101
0.9018 	 0.2140 	 0.9931 	 0.5102 	 -0.0090 	 -0.1503 	 -0.0815 	 -0.0162 	 -0.1823 	 -0.1106
0.9118 	 0.2139 	 0.9916 	 0.5094 	 -0.0092 	 -0.1522 	 -0.0826 	 -0.0163 	 -0.1827 	 -0.1111
0.9218 	 0.2138 	 0.9901 	 0.5086 	 -0.0094 	 -0.1540 	 -0.0837 	 -0.0164 	 -0.1832 	 -0.1116
0.9319 	 0.2137 	 0.9885 	 0.5077 	 -0.0095 	 -0.1558 	 -0.0848 	 -0.0165 	 -0.1836 	 -0.1121
0.9419 	 0.2136 	 0.9869 	 0.5069 	 -0.0097 	 -0.1577 	 -0.0860 	 -0.0166 	 -0.1841 	 -0.1126
0.9519 	 0.2135 	 0.9854 	 0.5060 	 -0.0099 	 -0.1595 	 -0.0871 	 -0.0167 	 -0.1846 	 -0.1131
0.9619 	 0.2134 	 0.9837 	 0.5051 	 -0.0100 	 -0.1614 	 -0.0882 	 -0.0168 	 -0.1850 	 -0.1136
0.9719 	 0.2133 	 0.9821 	 0.5042 	 -0.0102 	 -0.1632 	 -0.0894 	 -0.0169 	 -0.1855 	 -0.1141
0.9820 	 0.2132 	 0.9805 	 0.5033 	 -0.0104 	 -0.1651 	 -0.0905 	 -0.0170 	 -0.1860 	 -0.1146
0.9920 	 0.2131 	 0.9788 	 0.5024 	 -0.0105 	 -0.1670 	 -0.0917 	 -0.0171 	 -0.1865 	 -0.1151
1.0020 	 0.2130 	 0.9771 	 0.5015 	 -0.0107 	 -0.1688 	 -0.0928 	 -0.0172 	 -0.1870 	 -0.1157
1.0120 	 0.2129 	 0.9754 	 0.5006 	 -0.0109 	 -0.1707 	 -0.0940 	 -0.0174 	 -0.1875 	 -0.1162
1.0220 	 0.2128 	 0.9737 	 0.4996 	 -0.0111 	 -0.1726 	 -0.0951 	 -0.0175 	 -0.1880 	 -0.1167
1.0321 	 0.2127 	 0.9720 	 0.4986 	 -0.0112 	 -0.1745 	 -0.0963 	 -0.0176 	 -0.1885 	 -0.1173
1.0421 	 0.2125 	 0.9702 	 0.4977 	 -0.0114 	 -0.1764 	 -0.0975 	 -0.0177 	 -0.1890 	 -0.1178
1.0521 	 0.2124 	 0.9684 	 0.4967 	 -0.0116 	 -0.1783 	 -0.0987 	 -0.0178 	 -0.1895 	 -0.1183
1.0621 	 0.2123 	 0.9666 	 0.4957 	 -0.0118 	 -0.1802 	 -0.0999 	 -0.0179 	 -0.1900 	 -0.1189
1.0721 	 0.2122 	 0.9648 	 0.4947 	 -0.0120 	 -0.1821 	 -0.1011 	 -0.0181 	 -0.1905 	 -0.1194
1.0822 	 0.2121 	 0.9630 	 0.4937 	 -0.0121 	 -0.1840 	 -0.1023 	 -0.0182 	 -0.1911 	 -0.1200
1.0922 	 0.2120 	 0.9611 	 0.4926 	 -0.0123 	 -0.1859 	 -0.1035 	 -0.0183 	 -0.1916 	 -0.1205
1.1022 	 0.2118 	 0.9593 	 0.4916 	 -0.0125 	 -0.1878 	 -0.1047 	 -0.0185 	 -0.1922 	 -0.1211
1.1122 	 0.2117 	 0.9574 	 0.4905 	 -0.0127 	 -0.1897 	 -0.1059 	 -0.0186 	 -0.1927 	 -0.1216
1.1222 	 0.2116 	 0.9555 	 0.4895 	 -0.0129 	 -0.1917 	 -0.1071 	 -0.0187 	 -0.1933 	 -0.1222
1.1323 	 0.2114 	 0.9535 	 0.4884 	 -0.0131 	 -0.1936 	 -0.1083 	 -0.0189 	 -0.1938 	 -0.1227
1.1423 	 0.2113 	 0.9516 	 0.4873 	 -0.0133 	 -0.1956 	 -0.1096 	 -0.0190 	 -0.1944 	 -0.1233
1.1523 	 0.2112 	 0.9496 	 0.4862 	 -0.0134 	 -0.1975 	 -0.1108 	 -0.0192 	 -0.1950 	 -0.1239
1.1623 	 0.2110 	 0.9476 	 0.4851 	 -0.0136 	 -0.1995 	 -0.1121 	 -0.0193 	 -0.1956 	 -0.1244
1.1723 	 0.2109 	 0.9456 	 0.4840 	 -0.0138 	 -0.2014 	 -0.1133 	 -0.0195 	 -0.1962 	 -0.1250
1.1824 	 0.2108 	 0.9436 	 0.4828 	 -0.0140 	 -0.2034 	 -0.1146 	 -0.0197 	 -0.1968 	 -0.1255
1.1924 	 0.2106 	 0.9415 	 0.4817 	 -0.0142 	 -0.2054 	 -0.1158 	 -0.0198 	 -0.1974 	 -0.1261
1.2024 	 0.2105 	 0.9395 	 0.4805 	 -0.0144 	 -0.2074 	 -0.1171 	 -0.0200 	 -0.1981 	 -0.1267
1.2124 	 0.2103 	 0.9374 	 0.4793 	 -0.0146 	 -0.2093 	 -0.1184 	 -0.0202 	 -0.1987 	 -0.1272
1.2224 	 0.2102 	 0.9353 	 0.4781 	 -0.0148 	 -0.2113 	 -0.1196 	 -0.0203 	 -0.1994 	 -0.1278
1.2325 	 0.2100 	 0.9331 	 0.4769 	 -0.0150 	 -0.2133 	 -0.1209 	 -0.0205 	 -0.2000 	 -0.1284
1.2425 	 0.2099 	 0.9310 	 0.4757 	 -0.0152 	 -0.2154 	 -0.1222 	 -0.0207 	 -0.2007 	 -0.1290
1.2525 	 0.2097 	 0.9288 	 0.4745 	 -0.0154 	 -0.2174 	 -0.1235 	 -0.0209 	 -0.2014 	 -0.1295
1.2625 	 0.2096 	 0.9266 	 0.4732 	 -0.0157 	 -0.2194 	 -0.1248 	 -0.0211 	 -0.2021 	 -0.1301
1.2725 	 0.2094 	 0.9244 	 0.4720 	 -0.0159 	 -0.2214 	 -0.1261 	 -0.0213 	 -0.2028 	 -0.1307
1.2826 	 0.2093 	 0.9222 	 0.4707 	 -0.0161 	 -0.2235 	 -0.1274 	 -0.0215 	 -0.2035 	 -0.1313
1.2926 	 0.2091 	 0.9200 	 0.4694 	 -0.0163 	 -0.2255 	 -0.1287 	 -0.0217 	 -0.2043 	 -0.1319
1.3026 	 0.2089 	 0.9177 	 0.4681 	 -0.0165 	 -0.2275 	 -0.1301 	 -0.0219 	 -0.2050 	 -0.1325
1.3126 	 0.2088 	 0.9154 	 0.4668 	 -0.0167 	 -0.2296 	 -0.1314 	 -0.0221 	 -0.2058 	 -0.1330
1.3226 	 0.2086 	 0.9131 	 0.4655 	 -0.0170 	 -0.2317 	 -0.1327 	 -0.0223 	 -0.2065 	 -0.1336
1.3327 	 0.2084 	 0.9108 	 0.4641 	 -0.0172 	 -0.2337 	 -0.1341 	 -0.0226 	 -0.2073 	 -0.1342
1.3427 	 0.2083 	 0.9084 	 0.4628 	 -0.0174 	 -0.2358 	 -0.1354 	 -0.0228 	 -0.2081 	 -0.1348
1.3527 	 0.2081 	 0.9060 	 0.4614 	 -0.0176 	 -0.2379 	 -0.1368 	 -0.0230 	 -0.2090 	 -0.1355
1.3627 	 0.2079 	 0.9036 	 0.4601 	 -0.0179 	 -0.2400 	 -0.1381 	 -0.0232 	 -0.2098 	 -0.1361
1.3727 	 0.2077 	 0.9012 	 0.4587 	 -0.0181 	 -0.2421 	 -0.1395 	 -0.0235 	 -0.2107 	 -0.1367
1.3828 	 0.2075 	 0.8988 	 0.4573 	 -0.0183 	 -0.2442 	 -0.1409 	 -0.0237 	 -0.2115 	 -0.1373
1.3928 	 0.2074 	 0.8963 	 0.4558 	 -0.0186 	 -0.2464 	 -0.1423 	 -0.0240 	 -0.2124 	 -0.1379
1.4028 	 0.2072 	 0.8938 	 0.4544 	 -0.0188 	 -0.2485 	 -0.1436 	 -0.0242 	 -0.2133 	 -0.1386
1.4128 	 0.2070 	 0.8913 	 0.4530 	 -0.0191 	 -0.2506 	 -0.1450 	 -0.0245 	 -0.2143 	 -0.1392
1.4228 	 0.2068 	 0.8888 	 0.4515 	 -0.0193 	 -0.2528 	 -0.1464 	 -0.0247 	 -0.2152 	 -0.1399
1.4329 	 0.2066 	 0.8863 	 0.4500 	 -0.0196 	 -0.2549 	 -0.1478 	 -0.0250 	 -0.2162 	 -0.1405
1.4429 	 0.2064 	 0.8837 	 0.4485 	 -0.0198 	 -0.2571 	 -0.1492 	 -0.0252 	 -0.2172 	 -0.1412
1.4529 	 0.2062 	 0.8811 	 0.4470 	 -0.0201 	 -0.2593 	 -0.1507 	 -0.0255 	 -0.2182 	 -0.1419
1.4629 	 0.2060 	 0.8785 	 0.4455 	 -0.0203 	 -0.2615 	 -0.1521 	 -0.0258 	 -0.2192 	 -0.1425
1.4729 	 0.2058 	 0.8759 	 0.4440 	 -0.0206 	 -0.2637 	 -0.1535 	 -0.0260 	 -0.2203 	 -0.1432
1.4830 	 0.2056 	 0.8732 	 0.4424 	 -0.0208 	 -0.2659 	 -0.1550 	 -0.0263 	 -0.2214 	 -0.1439
1.4930 	 0.2054 	 0.8706 	 0.4409 	 -0.0211 	 -0.2681 	 -0.1564 	 -0.0266 	 -0.2224 	 -0.1446
1.5030 	 0.2052 	 0.8679 	 0.4393 	 -0.0214 	 -0.2704 	 -0.1579 	 -0.0269 	 -0.2236 	 -0.1453
1.5130 	 0.2049 	 0.8651 	 0.4377 	 -0.0217 	 -0.2726 	 -0.1593 	 -0.0272 	 -0.2247 	 -0.1461
1.5230 	 0.2047 	 0.8624 	 0.4361 	 -0.0219 	 -0.2749 	 -0.1608 	 -0.0275 	 -0.2259 	 -0.1468
1.5331 	 0.2045 	 0.8596 	 0.4345 	 -0.0222 	 -0.2771 	 -0.1623 	 -0.0278 	 -0.2271 	 -0.1475
1.5431 	 0.2043 	 0.8568 	 0.4329 	 -0.0225 	 -0.2794 	 -0.1637 	 -0.0281 	 -0.2283 	 -0.1483
1.5531 	 0.2040 	 0.8540 	 0.4312 	 -0.0228 	 -0.2817 	 -0.1652 	 -0.0284 	 -0.2296 	 -0.1491
1.5631 	 0.2038 	 0.8512 	 0.4296 	 -0.0231 	 -0.2840 	 -0.1667 	 -0.0287 	 -0.2308 	 -0.1499
1.5731 	 0.2036 	 0.8483 	 0.4279 	 -0.0233 	 -0.2863 	 -0.1682 	 -0.0291 	 -0.2321 	 -0.1507
1.5832 	 0.2033 	 0.8455 	 0.4262 	 -0.0236 	 -0.2887 	 -0.1698 	 -0.0294 	 -0.2335 	 -0.1515
1.5932 	 0.2031 	 0.8426 	 0.4245 	 -0.0239 	 -0.2910 	 -0.1713 	 -0.0297 	 -0.2348 	 -0.1523
1.6032 	 0.2029 	 0.8396 	 0.4227 	 -0.0242 	 -0.2934 	 -0.1728 	 -0.0301 	 -0.2362 	 -0.1531
1.6132 	 0.2026 	 0.8367 	 0.4210 	 -0.0245 	 -0.2957 	 -0.1743 	 -0.0304 	 -0.2376 	 -0.1540
1.6232 	 0.2024 	 0.8337 	 0.4193 	 -0.0248 	 -0.2981 	 -0.1759 	 -0.0308 	 -0.2391 	 -0.1549
1.6333 	 0.2021 	 0.8307 	 0.4175 	 -0.0252 	 -0.3005 	 -0.1774 	 -0.0311 	 -0.2406 	 -0.1558
1.6433 	 0.2019 	 0.8277 	 0.4157 	 -0.0255 	 -0.3030 	 -0.1790 	 -0.0315 	 -0.2421 	 -0.1567
1.6533 	 0.2016 	 0.8246 	 0.4139 	 -0.0258 	 -0.3054 	 -0.1806 	 -0.0319 	 -0.2436 	 -0.1576
1.6633 	 0.2014 	 0.8216 	 0.4121 	 -0.0261 	 -0.3078 	 -0.1822 	 -0.0323 	 -0.2452 	 -0.1585
1.6733 	 0.2011 	 0.8185 	 0.4102 	 -0.0264 	 -0.3103 	 -0.1838 	 -0.0327 	 -0.2468 	 -0.1595
1.6834 	 0.2008 	 0.8153 	 0.4084 	 -0.0268 	 -0.3128 	 -0.1854 	 -0.0331 	 -0.2485 	 -0.1604
1.6934 	 0.2006 	 0.8122 	 0.4065 	 -0.0271 	 -0.3153 	 -0.1870 	 -0.0335 	 -0.2502 	 -0.1614
1.7034 	 0.2003 	 0.8090 	 0.4046 	 -0.0274 	 -0.3178 	 -0.1886 	 -0.0339 	 -0.2519 	 -0.1624
1.7134 	 0.2000 	 0.8058 	 0.4027 	 -0.0278 	 -0.3203 	 -0.1902 	 -0.0343 	 -0.2537 	 -0.1635
1.7234 	 0.1997 	 0.8026 	 0.4008 	 -0.0281 	 -0.3229 	 -0.1919 	 -0.0348 	 -0.2555 	 -0.1645
1.7335 	 0.1994 	 0.7993 	 0.3989 	 -0.0285 	 -0.3255 	 -0.1935 	 -0.0352 	 -0.2573 	 -0.1656
1.7435 	 0.1992 	 0.7961 	 0.3970 	 -0.0288 	 -0.3280 	 -0.1952 	 -0.0357 	 -0.2592 	 -0.1667
1.7535 	 0.1989 	 0.7928 	 0.3950 	 -0.0292 	 -0.3306 	 -0.1969 	 -0.0362 	 -0.2611 	 -0.1678
1.7635 	 0.1986 	 0.7894 	 0.3930 	 -0.0295 	 -0.3333 	 -0.1986 	 -0.0367 	 -0.2630 	 -0.1689
1.7735 	 0.1983 	 0.7861 	 0.3910 	 -0.0299 	 -0.3359 	 -0.2003 	 -0.0372 	 -0.2650 	 -0.1701
1.7836 	 0.1980 	 0.7827 	 0.3890 	 -0.0303 	 -0.3386 	 -0.2020 	 -0.0377 	 -0.2671 	 -0.1713
1.7936 	 0.1977 	 0.7793 	 0.3870 	 -0.0307 	 -0.3413 	 -0.2037 	 -0.0382 	 -0.2691 	 -0.1725
1.8036 	 0.1974 	 0.7759 	 0.3849 	 -0.0311 	 -0.3440 	 -0.2054 	 -0.0387 	 -0.2713 	 -0.1737
1.8136 	 0.1970 	 0.7724 	 0.3828 	 -0.0315 	 -0.3467 	 -0.2072 	 -0.0393 	 -0.2734 	 -0.1750
1.8236 	 0.1967 	 0.7689 	 0.3808 	 -0.0318 	 -0.3495 	 -0.2089 	 -0.0399 	 -0.2756 	 -0.1763
1.8337 	 0.1964 	 0.7654 	 0.3787 	 -0.0323 	 -0.3522 	 -0.2107 	 -0.0404 	 -0.2779 	 -0.1776
1.8437 	 0.1961 	 0.7619 	 0.3765 	 -0.0327 	 -0.3550 	 -0.2125 	 -0.0410 	 -0.2802 	 -0.1789
1.8537 	 0.1958 	 0.7583 	 0.3744 	 -0.0331 	 -0.3578 	 -0.2143 	 -0.0416 	 -0.2825 	 -0.1803
1.8637 	 0.1954 	 0.7547 	 0.3722 	 -0.0335 	 -0.3607 	 -0.2161 	 -0.0423 	 -0.2849 	 -0.1817
1.8737 	 0.1951 	 0.7511 	 0.3701 	 -0.0339 	 -0.3636 	 -0.2179 	 -0.0429 	 -0.2874 	 -0.1831
1.8838 	 0.1947 	 0.7474 	 0.3679 	 -0.0344 	 -0.3664 	 -0.2198 	 -0.0436 	 -0.2899 	 -0.1845
1.8938 	 0.1944 	 0.7437 	 0.3657 	 -0.0348 	 -0.3694 	 -0.2216 	 -0.0442 	 -0.2924 	 -0.1860
1.9038 	 0.1940 	 0.7400 	 0.3634 	 -0.0352 	 -0.3723 	 -0.2235 	 -0.0449 	 -0.2950 	 -0.1875
1.9138 	 0.1937 	 0.7363 	 0.3612 	 -0.0357 	 -0.3753 	 -0.2254 	 -0.0456 	 -0.2977 	 -0.1890
1.9238 	 0.1933 	 0.7325 	 0.3589 	 -0.0362 	 -0.3783 	 -0.2273 	 -0.0463 	 -0.3004 	 -0.1906
1.9339 	 0.1930 	 0.7287 	 0.3566 	 -0.0366 	 -0.3813 	 -0.2292 	 -0.0471 	 -0.3031 	 -0.1922
1.9439 	 0.1926 	 0.7248 	 0.3543 	 -0.0371 	 -0.3843 	 -0.2311 	 -0.0478 	 -0.3060 	 -0.1938
1.9539 	 0.1922 	 0.7210 	 0.3520 	 -0.0376 	 -0.3874 	 -0.2331 	 -0.0486 	 -0.3088 	 -0.1955
1.9639 	 0.1918 	 0.7171 	 0.3497 	 -0.0381 	 -0.3905 	 -0.2351 	 -0.0494 	 -0.3118 	 -0.1972
1.9739 	 0.1915 	 0.7132 	 0.3473 	 -0.0386 	 -0.3937 	 -0.2370 	 -0.0502 	 -0.3148 	 -0.1989
1.9840 	 0.1911 	 0.7092 	 0.3449 	 -0.0391 	 -0.3968 	 -0.2390 	 -0.0511 	 -0.3178 	 -0.2007
1.9940 	 0.1907 	 0.7052 	 0.3425 	 -0.0396 	 -0.4000 	 -0.2411 	 -0.0519 	 -0.3209 	 -0.2025
2.0040 	 0.1903 	 0.7012 	 0.3401 	 -0.0401 	 -0.4033 	 -0.2431 	 -0.0528 	 -0.3241 	 -0.2043
2.0140 	 0.1899 	 0.6971 	 0.3376 	 -0.0407 	 -0.4065 	 -0.2452 	 -0.0537 	 -0.3274 	 -0.2062
2.0240 	 0.1895 	 0.6930 	 0.3352 	 -0.0412 	 -0.4098 	 -0.2472 	 -0.0547 	 -0.3307 	 -0.2081
2.0341 	 0.1890 	 0.6889 	 0.3327 	 -0.0417 	 -0.4132 	 -0.2493 	 -0.0556 	 -0.3341 	 -0.2101
2.0441 	 0.1886 	 0.6848 	 0.3302 	 -0.0423 	 -0.4165 	 -0.2514 	 -0.0566 	 -0.3375 	 -0.2120
2.0541 	 0.1882 	 0.6806 	 0.3276 	 -0.0429 	 -0.4199 	 -0.2536 	 -0.0576 	 -0.3411 	 -0.2141
2.0641 	 0.1878 	 0.6763 	 0.3251 	 -0.0435 	 -0.4234 	 -0.2557 	 -0.0586 	 -0.3446 	 -0.2161
2.0741 	 0.1873 	 0.6721 	 0.3225 	 -0.0441 	 -0.4268 	 -0.2579 	 -0.0596 	 -0.3483 	 -0.2182
2.0842 	 0.1869 	 0.6678 	 0.3199 	 -0.0447 	 -0.4303 	 -0.2601 	 -0.0607 	 -0.3521 	 -0.2204
2.0942 	 0.1864 	 0.6635 	 0.3173 	 -0.0453 	 -0.4339 	 -0.2623 	 -0.0618 	 -0.3559 	 -0.2226
2.1042 	 0.1860 	 0.6591 	 0.3147 	 -0.0459 	 -0.4375 	 -0.2646 	 -0.0629 	 -0.3598 	 -0.2248
2.1142 	 0.1855 	 0.6547 	 0.3120 	 -0.0465 	 -0.4411 	 -0.2668 	 -0.0641 	 -0.3638 	 -0.2271
2.1242 	 0.1850 	 0.6502 	 0.3093 	 -0.0472 	 -0.4448 	 -0.2691 	 -0.0653 	 -0.3679 	 -0.2294
2.1343 	 0.1846 	 0.6458 	 0.3066 	 -0.0478 	 -0.4485 	 -0.2714 	 -0.0665 	 -0.3720 	 -0.2318
2.1443 	 0.1841 	 0.6413 	 0.3039 	 -0.0485 	 -0.4522 	 -0.2738 	 -0.0677 	 -0.3763 	 -0.2342
2.1543 	 0.1836 	 0.6367 	 0.3011 	 -0.0492 	 -0.4560 	 -0.2761 	 -0.0690 	 -0.3806 	 -0.2367
2.1643 	 0.1831 	 0.6321 	 0.2983 	 -0.0499 	 -0.4599 	 -0.2785 	 -0.0703 	 -0.3851 	 -0.2392
2.1743 	 0.1826 	 0.6275 	 0.2955 	 -0.0506 	 -0.4637 	 -0.2809 	 -0.0716 	 -0.3896 	 -0.2418
2.1844 	 0.1821 	 0.6228 	 0.2927 	 -0.0513 	 -0.4677 	 -0.2834 	 -0.0729 	 -0.3942 	 -0.2444
2.1944 	 0.1816 	 0.6181 	 0.2899 	 -0.0521 	 -0.4716 	 -0.2858 	 -0.0743 	 -0.3989 	 -0.2471
2.2044 	 0.1810 	 0.6134 	 0.2870 	 -0.0528 	 -0.4757 	 -0.2883 	 -0.0757 	 -0.4037 	 -0.2499
2.2144 	 0.1805 	 0.6086 	 0.2841 	 -0.0536 	 -0.4797 	 -0.2908 	 -0.0772 	 -0.4087 	 -0.2527
2.2244 	 0.1800 	 0.6038 	 0.2812 	 -0.0544 	 -0.4838 	 -0.2934 	 -0.0786 	 -0.4137 	 -0.2556
2.2345 	 0.1794 	 0.5989 	 0.2782 	 -0.0552 	 -0.4880 	 -0.2959 	 -0.0801 	 -0.4189 	 -0.2585
2.2445 	 0.1789 	 0.5940 	 0.2752 	 -0.0560 	 -0.4923 	 -0.2986 	 -0.0841 	 -0.4292 	 -0.2637
2.2545 	 0.1783 	 0.5890 	 0.2722 	 -0.0568 	 -0.4966 	 -0.3012 	 -0.0855 	 -0.4342 	 -0.2666
2.2645 	 0.1777 	 0.5840 	 0.2692 	 -0.0577 	 -0.5010 	 -0.3039 	 -0.0870 	 -0.4394 	 -0.2696
2.2745 	 0.1771 	 0.5790 	 0.2661 	 -0.0586 	 -0.5054 	 -0.3066 	 -0.0884 	 -0.4447 	 -0.2727
2.2846 	 0.1765 	 0.5739 	 0.2630 	 -0.0595 	 -0.5099 	 -0.3094 	 -0.0899 	 -0.4502 	 -0.2758
2.2946 	 0.1759 	 0.5688 	 0.2599 	 -0.0604 	 -0.5144 	 -0.3122 	 -0.0914 	 -0.4557 	 -0.2790
2.3046 	 0.1753 	 0.5636 	 0.2568 	 -0.0613 	 -0.5190 	 -0.3150 	 -0.0929 	 -0.4614 	 -0.2823
2.3146 	 0.1747 	 0.5584 	 0.2536 	 -0.0623 	 -0.5237 	 -0.3178 	 -0.0944 	 -0.4672 	 -0.2856
2.3246 	 0.1741 	 0.5531 	 0.2504 	 -0.0632 	 -0.5284 	 -0.3207 	 -0.0959 	 -0.4732 	 -0.2891
2.3347 	 0.1734 	 0.5478 	 0.2472 	 -0.0642 	 -0.5332 	 -0.3236 	 -0.0975 	 -0.4793 	 -0.2926
2.3447 	 0.1728 	 0.5424 	 0.2439 	 -0.0652 	 -0.5380 	 -0.3266 	 -0.0990 	 -0.4855 	 -0.2963
2.3547 	 0.1721 	 0.5370 	 0.2406 	 -0.0662 	 -0.5429 	 -0.3295 	 -0.1006 	 -0.4919 	 -0.3000
2.3647 	 0.1715 	 0.5315 	 0.2373 	 -0.0672 	 -0.5479 	 -0.3326 	 -0.1022 	 -0.4984 	 -0.3039
2.3747 	 0.1708 	 0.5260 	 0.2340 	 -0.0682 	 -0.5529 	 -0.3356 	 -0.1037 	 -0.5051 	 -0.3078
2.3848 	 0.1701 	 0.5204 	 0.2306 	 -0.0693 	 -0.5580 	 -0.3387 	 -0.1053 	 -0.5120 	 -0.3119
2.3948 	 0.1694 	 0.5148 	 0.2272 	 -0.0703 	 -0.5631 	 -0.3419 	 -0.1069 	 -0.5190 	 -0.3160
2.4048 	 0.1687 	 0.5092 	 0.2237 	 -0.0714 	 -0.5684 	 -0.3451 	 -0.1084 	 -0.5262 	 -0.3203
2.4148 	 0.1680 	 0.5034 	 0.2203 	 -0.0725 	 -0.5737 	 -0.3483 	 -0.1099 	 -0.5336 	 -0.3247
2.4248 	 0.1672 	 0.4977 	 0.2168 	 -0.0736 	 -0.5791 	 -0.3516 	 -0.1114 	 -0.5411 	 -0.3292
2.4349 	 0.1665 	 0.4918 	 0.2132 	 -0.0747 	 -0.5845 	 -0.3549 	 -0.1129 	 -0.5489 	 -0.3339
2.4449 	 0.1657 	 0.4859 	 0.2097 	 -0.0759 	 -0.5901 	 -0.3583 	 -0.1143 	 -0.5568 	 -0.3386
2.4549 	 0.1650 	 0.4800 	 0.2060 	 -0.0770 	 -0.5957 	 -0.3617 	 -0.1157 	 -0.5649 	 -0.3436
2.4649 	 0.1642 	 0.4740 	 0.2024 	 -0.0782 	 -0.6014 	 -0.3652 	 -0.1170 	 -0.5732 	 -0.3486
2.4749 	 0.1634 	 0.4680 	 0.1987 	 -0.0794 	 -0.6072 	 -0.3687 	 -0.1206 	 -0.5808 	 -0.3596
2.4850 	 0.1626 	 0.4618 	 0.1950 	 -0.0806 	 -0.6130 	 -0.3723 	 -0.1217 	 -0.5894 	 -0.3646
2.4950 	 0.1618 	 0.4557 	 0.1913 	 -0.0818 	 -0.6190 	 -0.3760 	 -0.1227 	 -0.5982 	 -0.3699
2.5050 	 0.1610 	 0.4494 	 0.1875 	 -0.0830 	 -0.6251 	 -0.3798 	 -0.1206 	 -0.6134 	 -0.3843
2.5150 	 0.1601 	 0.4431 	 0.1837 	 -0.0842 	 -0.6313 	 -0.3837 	 -0.1220 	 -0.6212 	 -0.3881
2.5251 	 0.1593 	 0.4368 	 0.1798 	 -0.0855 	 -0.6375 	 -0.3876 	 -0.1233 	 -0.6293 	 -0.3920
2.5351 	 0.1584 	 0.4304 	 0.1759 	 -0.0867 	 -0.6439 	 -0.3915 	 -0.1256 	 -0.6436 	 -0.3957
2.5451 	 0.1575 	 0.4239 	 0.1719 	 -0.0880 	 -0.6504 	 -0.3955 	 -0.1268 	 -0.6511 	 -0.3998
2.5551 	 0.1567 	 0.4173 	 0.1680 	 -0.0893 	 -0.6570 	 -0.3995 	 -0.1290 	 -0.6649 	 -0.4054
2.5651 	 0.1558 	 0.4107 	 0.1639 	 -0.0906 	 -0.6637 	 -0.4036 	 -0.1303 	 -0.6727 	 -0.4098
2.5752 	 0.1548 	 0.4040 	 0.1599 	 -0.0919 	 -0.6705 	 -0.4077 	 -0.1316 	 -0.6807 	 -0.4144
2.5852 	 0.1539 	 0.3973 	 0.1558 	 -0.0932 	 -0.6773 	 -0.4119 	 -0.1330 	 -0.6890 	 -0.4191
2.5952 	 0.1530 	 0.3905 	 0.1516 	 -0.0945 	 -0.6843 	 -0.4161 	 -0.1344 	 -0.6976 	 -0.4240
2.6052 	 0.1520 	 0.3836 	 0.1474 	 -0.0959 	 -0.6913 	 -0.4204 	 -0.1359 	 -0.7066 	 -0.4290
2.6152 	 0.1511 	 0.3766 	 0.1432 	 -0.0973 	 -0.6985 	 -0.4247 	 -0.1414 	 -0.7269 	 -0.4312
2.6253 	 0.1501 	 0.3696 	 0.1389 	 -0.0987 	 -0.7058 	 -0.4291 	 -0.1425 	 -0.7352 	 -0.4370
2.6353 	 0.1491 	 0.3625 	 0.1346 	 -0.1002 	 -0.7133 	 -0.4335 	 -0.1466 	 -0.7482 	 -0.4448
2.6453 	 0.1481 	 0.3553 	 0.1302 	 -0.1017 	 -0.7209 	 -0.4380 	 -0.1494 	 -0.7667 	 -0.4528
2.6553 	 0.1470 	 0.3480 	 0.1258 	 -0.1032 	 -0.7286 	 -0.4426 	 -0.1497 	 -0.7724 	 -0.4586
2.6653 	 0.1460 	 0.3407 	 0.1214 	 -0.1047 	 -0.7364 	 -0.4472 	 -0.1501 	 -0.7783 	 -0.4649
2.6754 	 0.1449 	 0.3333 	 0.1169 	 -0.1062 	 -0.7442 	 -0.4519 	 -0.1506 	 -0.7843 	 -0.4716
2.6854 	 0.1439 	 0.3258 	 0.1123 	 -0.1077 	 -0.7521 	 -0.4567 	 -0.1512 	 -0.7904 	 -0.4788
2.6954 	 0.1428 	 0.3182 	 0.1077 	 -0.1092 	 -0.7601 	 -0.4615 	 -0.1499 	 -0.8011 	 -0.4820
2.7054 	 0.1417 	 0.3105 	 0.1031 	 -0.1107 	 -0.7681 	 -0.4663 	 -0.1481 	 -0.8137 	 -0.4906
2.7154 	 0.1406 	 0.3028 	 0.0984 	 -0.1122 	 -0.7763 	 -0.4713 	 -0.1486 	 -0.8221 	 -0.5053
2.7255 	 0.1394 	 0.2950 	 0.0936 	 -0.1137 	 -0.7846 	 -0.4764 	 -0.1542 	 -0.8380 	 -0.5140
2.7355 	 0.1383 	 0.2871 	 0.0888 	 -0.1152 	 -0.7930 	 -0.4816 	 -0.1557 	 -0.8440 	 -0.5240
2.7455 	 0.1371 	 0.2791 	 0.0840 	 -0.1168 	 -0.8015 	 -0.4869 	 -0.1576 	 -0.8503 	 -0.5350
2.7555 	 0.1359 	 0.2710 	 0.0790 	 -0.1184 	 -0.8101 	 -0.4923 	 -0.1598 	 -0.8568 	 -0.5471
2.7655 	 0.1348 	 0.2628 	 0.0741 	 -0.1200 	 -0.8187 	 -0.4979 	 -0.1640 	 -0.8702 	 -0.5689
2.7756 	 0.1335 	 0.2546 	 0.0691 	 -0.1216 	 -0.8275 	 -0.5037 	 -0.1635 	 -0.8794 	 -0.5837
2.7856 	 0.1323 	 0.2463 	 0.0640 	 -0.1233 	 -0.8364 	 -0.5096 	 -0.1666 	 -0.8840 	 -0.5966
2.7956 	 0.1311 	 0.2378 	 0.0589 	 -0.1250 	 -0.8453 	 -0.5157 	 -0.1719 	 -0.8925 	 -0.6142
2.8056 	 0.1298 	 0.2293 	 0.0537 	 -0.1267 	 -0.8543 	 -0.5219 	 -0.1782 	 -0.9012 	 -0.6288
2.8156 	 0.1285 	 0.2207 	 0.0484 	 -0.1286 	 -0.8634 	 -0.5284 	 -0.1849 	 -0.9134 	 -0.6611
2.8257 	 0.1272 	 0.2120 	 0.0431 	 -0.1304 	 -0.8725 	 -0.5351 	 -0.1884 	 -0.9148 	 -0.6819
2.8357 	 0.1259 	 0.2032 	 0.0377 	 -0.1324 	 -0.8818 	 -0.5421 	 -0.1940 	 -0.9248 	 -0.7096
2.8457 	 0.1246 	 0.1943 	 0.0322 	 -0.1343 	 -0.8911 	 -0.5494 	 -0.2038 	 -0.9378 	 -0.7412
2.8557 	 0.1232 	 0.1854 	 0.0267 	 -0.1364 	 -0.9005 	 -0.5569 	 -0.2056 	 -0.9319 	 -0.7535
2.8657 	 0.1218 	 0.1763 	 0.0210 	 -0.1385 	 -0.9098 	 -0.5646 	 -0.2137 	 -0.9400 	 -0.7843
2.8758 	 0.1204 	 0.1671 	 0.0153 	 -0.1407 	 -0.9193 	 -0.5725 	 -0.2213 	 -0.9428 	 -0.8015
2.8858 	 0.1190 	 0.1579 	 0.0096 	 -0.1429 	 -0.9287 	 -0.5806 	 -0.2234 	 -0.9341 	 -0.8166
2.8958 	 0.1176 	 0.1485 	 0.0037 	 -0.1451 	 -0.9380 	 -0.5888 	 -0.2262 	 -0.9293 	 -0.8335
2.9058 	 0.1161 	 0.1391 	 -0.0022 	 -0.1474 	 -0.9472 	 -0.5972 	 -0.2263 	 -0.9185 	 -0.8443
2.9158 	 0.1146 	 0.1295 	 -0.0083 	 -0.1497 	 -0.9564 	 -0.6057 	 -0.2249 	 -0.9006 	 -0.8522
2.9259 	 0.1131 	 0.1199 	 -0.0144 	 -0.1519 	 -0.9653 	 -0.6143 	 -0.2232 	 -0.8816 	 -0.8616
2.9359 	 0.1116 	 0.1102 	 -0.0206 	 -0.1541 	 -0.9741 	 -0.6231 	 -0.2227 	 -0.8661 	 -0.8817
2.9459 	 0.1100 	 0.1004 	 -0.0269 	 -0.1564 	 -0.9826 	 -0.6320 	 -0.2271 	 -0.8450 	 -0.9074
2.9559 	 0.1085 	 0.0905 	 -0.0332 	 -0.1587 	 -0.9911 	 -0.6412 	 -0.2354 	 -0.8294 	 -0.9318
2.9659 	 0.1068 	 0.0805 	 -0.0397 	 -0.1611 	 -0.9992 	 -0.6506 	 -0.2368 	 -0.7999 	 -0.9411
2.9760 	 0.1052 	 0.0705 	 -0.0463 	 -0.1635 	 -1.0071 	 -0.6601 	 -0.2386 	 -0.7624 	 -0.9486
2.9860 	 0.1036 	 0.0604 	 -0.0529 	 -0.1659 	 -1.0145 	 -0.6696 	 -0.2433 	 -0.7261 	 -0.9622
2.9960 	 0.1019 	 0.0502 	 -0.0597 	 -0.1683 	 -1.0216 	 -0.6793 	 -0.2490 	 -0.6889 	 -0.9754
3.0060 	 0.1002 	 0.0399 	 -0.0666 	 -0.1709 	 -1.0283 	 -0.6892 	 -0.2567 	 -0.6506 	 -0.9938
3.0160 	 0.0985 	 0.0295 	 -0.0735 	 -0.1735 	 -1.0346 	 -0.6992 	 -0.2648 	 -0.6090 	 -1.0051
3.0261 	 0.0967 	 0.0192 	 -0.0806 	 -0.1762 	 -1.0405 	 -0.7094 	 -0.2723 	 -0.5623 	 -1.0244
3.0361 	 0.0949 	 0.0087 	 -0.0877 	 -0.1789 	 -1.0459 	 -0.7197 	 -0.2788 	 -0.5163 	 -1.0318
3.0461 	 0.0931 	 -0.0018 	 -0.0950 	 -0.1818 	 -1.0508 	 -0.7300 	 -0.2839 	 -0.4588 	 -1.0409
3.0561 	 0.0913 	 -0.0124 	 -0.1024 	 -0.1846 	 -1.0551 	 -0.7405 	 -0.2909 	 -0.3933 	 -1.0392
3.0661 	 0.0894 	 -0.0229 	 -0.1098 	 -0.1876 	 -1.0587 	 -0.7509 	 -0.3014 	 -0.3275 	 -1.0393
3.0762 	 0.0875 	 -0.0336 	 -0.1174 	 -0.1907 	 -1.0616 	 -0.7613 	 -0.3196 	 -0.2584 	 -1.0452
3.0862 	 0.0856 	 -0.0442 	 -0.1251 	 -0.1940 	 -1.0639 	 -0.7717 	 -0.3360 	 -0.1921 	 -1.0279
3.0962 	 0.0836 	 -0.0549 	 -0.1329 	 -0.1975 	 -1.0655 	 -0.7819 	 -0.3553 	 -0.1155 	 -1.0100
3.1062 	 0.0817 	 -0.0656 	 -0.1408 	 -0.2011 	 -1.0662 	 -0.7920 	 -0.3686 	 -0.0329 	 -0.9952
3.1162 	 0.0796 	 -0.0762 	 -0.1487 	 -0.2049 	 -1.0661 	 -0.8018 	 -0.3791 	 0.0570 	 -0.9750
3.1263 	 0.0775 	 -0.0869 	 -0.1568 	 -0.2087 	 -1.0651 	 -0.8115 	 -0.3867 	 0.1525 	 -0.9477
3.1363 	 0.0754 	 -0.0976 	 -0.1650 	 -0.2126 	 -1.0630 	 -0.8208 	 -0.3867 	 0.2513 	 -0.9136
3.1463 	 0.0733 	 -0.1082 	 -0.1733 	 -0.2165 	 -1.0600 	 -0.8298 	 -0.3814 	 0.3540 	 -0.8664
3.1563 	 0.0711 	 -0.1188 	 -0.1816 	 -0.2202 	 -1.0559 	 -0.8382 	 -0.3656 	 0.4597 	 -0.8180
3.1663 	 0.0689 	 -0.1294 	 -0.1901 	 -0.2238 	 -1.0508 	 -0.8461 	 -0.3436 	 0.5588 	 -0.7582
3.1764 	 0.0666 	 -0.1399 	 -0.1986 	 -0.2271 	 -1.0448 	 -0.8534 	 -0.3137 	 0.6520 	 -0.6955
3.1864 	 0.0643 	 -0.1503 	 -0.2072 	 -0.2300 	 -1.0378 	 -0.8600 	 -0.2736 	 0.7363 	 -0.6340
3.1964 	 0.0620 	 -0.1607 	 -0.2158 	 -0.2326 	 -1.0300 	 -0.8661 	 -0.2356 	 0.8143 	 -0.5707
3.2064 	 0.0597 	 -0.1709 	 -0.2245 	 -0.2347 	 -1.0215 	 -0.8715 	 -0.1960 	 0.8847 	 -0.5091
3.2164 	 0.0573 	 -0.1811 	 -0.2333 	 -0.2365 	 -1.0123 	 -0.8763 	 -0.1565 	 0.9484 	 -0.4493
3.2265 	 0.0549 	 -0.1912 	 -0.2421 	 -0.2379 	 -1.0025 	 -0.8805 	 -0.1180 	 1.0063 	 -0.3908
3.2365 	 0.0525 	 -0.2012 	 -0.2509 	 -0.2389 	 -0.9922 	 -0.8841 	 -0.0875 	 1.0555 	 -0.3328
3.2465 	 0.0501 	 -0.2111 	 -0.2598 	 -0.2396 	 -0.9814 	 -0.8872 	 -0.0541 	 1.1019 	 -0.2758
3.2565 	 0.0477 	 -0.2209 	 -0.2687 	 -0.2400 	 -0.9701 	 -0.8896 	 -0.0228 	 1.1433 	 -0.2194
3.2665 	 0.0453 	 -0.2305 	 -0.2776 	 -0.2400 	 -0.9585 	 -0.8916 	 0.0055 	 1.1727 	 -0.1671
3.2766 	 0.0429 	 -0.2401 	 -0.2866 	 -0.2398 	 -0.9466 	 -0.8931 	 0.0365 	 1.2020 	 -0.1268
3.2866 	 0.0405 	 -0.2495 	 -0.2955 	 -0.2393 	 -0.9344 	 -0.8941 	 0.0622 	 1.2283 	 -0.0842
3.2966 	 0.0381 	 -0.2588 	 -0.3045 	 -0.2386 	 -0.9220 	 -0.8947 	 0.0846 	 1.2504 	 -0.0388
3.3066 	 0.0358 	 -0.2680 	 -0.3134 	 -0.2377 	 -0.9095 	 -0.8949 	 0.0995 	 1.2555 	 0.0010
3.3166 	 0.0334 	 -0.2770 	 -0.3224 	 -0.2366 	 -0.8968 	 -0.8947 	 0.1165 	 1.2699 	 0.0434
3.3267 	 0.0310 	 -0.2860 	 -0.3314 	 -0.2353 	 -0.8840 	 -0.8941 	 0.1315 	 1.2829 	 0.0835
3.3367 	 0.0287 	 -0.2948 	 -0.3403 	 -0.2340 	 -0.8711 	 -0.8930 	 0.1445 	 1.2946 	 0.1213
3.3467 	 0.0263 	 -0.3034 	 -0.3493 	 -0.2325 	 -0.8581 	 -0.8916 	 0.1532 	 1.2990 	 0.1574
3.3567 	 0.0240 	 -0.3119 	 -0.3582 	 -0.2309 	 -0.8450 	 -0.8899 	 0.1623 	 1.3068 	 0.1914
3.3667 	 0.0217 	 -0.3203 	 -0.3671 	 -0.2292 	 -0.8320 	 -0.8878 	 0.1683 	 1.3021 	 0.2208
3.3768 	 0.0194 	 -0.3286 	 -0.3760 	 -0.2275 	 -0.8189 	 -0.8854 	 0.1773 	 1.3018 	 0.2461
3.3868 	 0.0171 	 -0.3368 	 -0.3848 	 -0.2257 	 -0.8058 	 -0.8828 	 0.1835 	 1.3045 	 0.2738
3.3968 	 0.0149 	 -0.3448 	 -0.3937 	 -0.2238 	 -0.7928 	 -0.8800 	 0.1855 	 1.3050 	 0.2960
3.4068 	 0.0127 	 -0.3526 	 -0.4025 	 -0.2220 	 -0.7797 	 -0.8769 	 0.1911 	 1.3073 	 0.3231
3.4168 	 0.0104 	 -0.3604 	 -0.4112 	 -0.2200 	 -0.7666 	 -0.8736 	 0.1960 	 1.2980 	 0.3398
3.4269 	 0.0082 	 -0.3680 	 -0.4200 	 -0.2180 	 -0.7536 	 -0.8700 	 0.2004 	 1.2975 	 0.3634
3.4369 	 0.0061 	 -0.3755 	 -0.4287 	 -0.2160 	 -0.7406 	 -0.8663 	 0.2044 	 1.2969 	 0.3867
3.4469 	 0.0039 	 -0.3829 	 -0.4373 	 -0.2139 	 -0.7276 	 -0.8623 	 0.2081 	 1.2961 	 0.4097
3.4569 	 0.0018 	 -0.3901 	 -0.4459 	 -0.2118 	 -0.7146 	 -0.8581 	 0.2114 	 1.2951 	 0.4323
3.4669 	 -0.0003 	 -0.3972 	 -0.4545 	 -0.2097 	 -0.7017 	 -0.8536 	 0.2176 	 1.2897 	 0.4576
3.4770 	 -0.0024 	 -0.4041 	 -0.4630 	 -0.2075 	 -0.6888 	 -0.8490 	 0.2175 	 1.2625 	 0.4581
3.4870 	 -0.0045 	 -0.4110 	 -0.4715 	 -0.2053 	 -0.6764 	 -0.8444 	 0.2160 	 1.2238 	 0.4495
3.4970 	 -0.0065 	 -0.4177 	 -0.4800 	 -0.2032 	 -0.6642 	 -0.8399 	 0.2162 	 1.2133 	 0.4626
3.5070 	 -0.0086 	 -0.4243 	 -0.4884 	 -0.2010 	 -0.6521 	 -0.8352 	 0.2101 	 1.1890 	 0.4647
3.5170 	 -0.0106 	 -0.4308 	 -0.4967 	 -0.1990 	 -0.6403 	 -0.8305 	 0.2043 	 1.1617 	 0.4706
3.5271 	 -0.0125 	 -0.4371 	 -0.5050 	 -0.1969 	 -0.6288 	 -0.8258 	 0.2001 	 1.1157 	 0.4619
3.5371 	 -0.0145 	 -0.4434 	 -0.5133 	 -0.1949 	 -0.6178 	 -0.8211 	 0.1968 	 1.0874 	 0.4661
3.5471 	 -0.0165 	 -0.4495 	 -0.5215 	 -0.1930 	 -0.6070 	 -0.8165 	 0.1883 	 1.0545 	 0.4655
3.5571 	 -0.0184 	 -0.4555 	 -0.5296 	 -0.1911 	 -0.5967 	 -0.8118 	 0.1831 	 1.0180 	 0.4602
3.5671 	 -0.0203 	 -0.4615 	 -0.5377 	 -0.1893 	 -0.5866 	 -0.8072 	 0.1790 	 0.9868 	 0.4563
3.5772 	 -0.0222 	 -0.4673 	 -0.5458 	 -0.1875 	 -0.5769 	 -0.8027 	 0.1766 	 0.9670 	 0.4583
3.5872 	 -0.0240 	 -0.4730 	 -0.5538 	 -0.1858 	 -0.5673 	 -0.7981 	 0.1744 	 0.9487 	 0.4605
3.5972 	 -0.0259 	 -0.4787 	 -0.5618 	 -0.1840 	 -0.5578 	 -0.7934 	 0.1760 	 0.9340 	 0.4580
3.6072 	 -0.0277 	 -0.4842 	 -0.5697 	 -0.1823 	 -0.5486 	 -0.7889 	 0.1692 	 0.9142 	 0.4591
3.6172 	 -0.0295 	 -0.4897 	 -0.5776 	 -0.1806 	 -0.5395 	 -0.7842 	 0.1647 	 0.8875 	 0.4576
3.6273 	 -0.0314 	 -0.4950 	 -0.5854 	 -0.1790 	 -0.5307 	 -0.7797 	 0.1629 	 0.8723 	 0.4590
3.6373 	 -0.0331 	 -0.5003 	 -0.5932 	 -0.1774 	 -0.5221 	 -0.7751 	 0.1597 	 0.8517 	 0.4565
3.6473 	 -0.0349 	 -0.5055 	 -0.6010 	 -0.1758 	 -0.5137 	 -0.7705 	 0.1595 	 0.8309 	 0.4550
3.6573 	 -0.0367 	 -0.5106 	 -0.6087 	 -0.1742 	 -0.5054 	 -0.7660 	 0.1582 	 0.8166 	 0.4555
3.6673 	 -0.0384 	 -0.5156 	 -0.6163 	 -0.1726 	 -0.4973 	 -0.7614 	 0.1570 	 0.8032 	 0.4561
3.6774 	 -0.0401 	 -0.5206 	 -0.6239 	 -0.1711 	 -0.4893 	 -0.7569 	 0.1528 	 0.7903 	 0.4507
3.6874 	 -0.0418 	 -0.5254 	 -0.6315 	 -0.1696 	 -0.4815 	 -0.7524 	 0.1497 	 0.7717 	 0.4474
3.6974 	 -0.0435 	 -0.5302 	 -0.6390 	 -0.1681 	 -0.4739 	 -0.7479 	 0.1485 	 0.7591 	 0.4468
3.7074 	 -0.0452 	 -0.5349 	 -0.6465 	 -0.1666 	 -0.4664 	 -0.7435 	 0.1472 	 0.7404 	 0.4384
3.7174 	 -0.0469 	 -0.5396 	 -0.6539 	 -0.1651 	 -0.4590 	 -0.7391 	 0.1459 	 0.7276 	 0.4365
3.7275 	 -0.0485 	 -0.5441 	 -0.6613 	 -0.1637 	 -0.4518 	 -0.7347 	 0.1447 	 0.7154 	 0.4345
3.7375 	 -0.0501 	 -0.5486 	 -0.6686 	 -0.1622 	 -0.4447 	 -0.7304 	 0.1436 	 0.7037 	 0.4325
3.7475 	 -0.0518 	 -0.5530 	 -0.6759 	 -0.1608 	 -0.4377 	 -0.7261 	 0.1404 	 0.6868 	 0.4270
3.7575 	 -0.0534 	 -0.5574 	 -0.6832 	 -0.1594 	 -0.4309 	 -0.7218 	 0.1391 	 0.6751 	 0.4242
3.7675 	 -0.0549 	 -0.5617 	 -0.6904 	 -0.1580 	 -0.4242 	 -0.7176 	 0.1380 	 0.6640 	 0.4215
3.7776 	 -0.0565 	 -0.5659 	 -0.6976 	 -0.1566 	 -0.4176 	 -0.7134 	 0.1369 	 0.6533 	 0.4187
3.7876 	 -0.0581 	 -0.5700 	 -0.7047 	 -0.1553 	 -0.4111 	 -0.7092 	 0.1360 	 0.6432 	 0.4160
3.7976 	 -0.0596 	 -0.5741 	 -0.7118 	 -0.1539 	 -0.4047 	 -0.7051 	 0.1323 	 0.6274 	 0.4123
3.8076 	 -0.0612 	 -0.5781 	 -0.7188 	 -0.1526 	 -0.3985 	 -0.7009 	 0.1312 	 0.6175 	 0.4094
3.8176 	 -0.0627 	 -0.5821 	 -0.7258 	 -0.1513 	 -0.3924 	 -0.6969 	 0.1284 	 0.6016 	 0.4048
3.8277 	 -0.0642 	 -0.5860 	 -0.7328 	 -0.1501 	 -0.3865 	 -0.6928 	 0.1261 	 0.5842 	 0.3956
3.8377 	 -0.0657 	 -0.5899 	 -0.7397 	 -0.1488 	 -0.3807 	 -0.6889 	 0.1249 	 0.5741 	 0.3914
3.8477 	 -0.0672 	 -0.5936 	 -0.7466 	 -0.1476 	 -0.3750 	 -0.6850 	 0.1237 	 0.5644 	 0.3872
3.8577 	 -0.0687 	 -0.5974 	 -0.7534 	 -0.1463 	 -0.3694 	 -0.6811 	 0.1225 	 0.5550 	 0.3830
3.8677 	 -0.0701 	 -0.6010 	 -0.7602 	 -0.1451 	 -0.3639 	 -0.6773 	 0.1214 	 0.5458 	 0.3789
3.8778 	 -0.0716 	 -0.6047 	 -0.7670 	 -0.1439 	 -0.3584 	 -0.6735 	 0.1202 	 0.5370 	 0.3748
3.8878 	 -0.0730 	 -0.6082 	 -0.7737 	 -0.1427 	 -0.3531 	 -0.6698 	 0.1191 	 0.5285 	 0.3707
3.8978 	 -0.0744 	 -0.6117 	 -0.7804 	 -0.1415 	 -0.3478 	 -0.6661 	 0.1179 	 0.5203 	 0.3667
3.9078 	 -0.0758 	 -0.6152 	 -0.7871 	 -0.1403 	 -0.3427 	 -0.6625 	 0.1168 	 0.5123 	 0.3628
3.9178 	 -0.0772 	 -0.6186 	 -0.7937 	 -0.1392 	 -0.3376 	 -0.6588 	 0.1157 	 0.5046 	 0.3589
3.9279 	 -0.0786 	 -0.6220 	 -0.8003 	 -0.1380 	 -0.3326 	 -0.6553 	 0.1122 	 0.4911 	 0.3537
3.9379 	 -0.0800 	 -0.6253 	 -0.8068 	 -0.1369 	 -0.3277 	 -0.6517 	 0.1109 	 0.4832 	 0.3497
3.9479 	 -0.0814 	 -0.6285 	 -0.8133 	 -0.1358 	 -0.3229 	 -0.6483 	 0.1085 	 0.4687 	 0.3428
3.9579 	 -0.0827 	 -0.6317 	 -0.8198 	 -0.1347 	 -0.3183 	 -0.6449 	 0.1070 	 0.4601 	 0.3382
3.9679 	 -0.0841 	 -0.6349 	 -0.8263 	 -0.1336 	 -0.3137 	 -0.6415 	 0.1055 	 0.4518 	 0.3336
3.9780 	 -0.0854 	 -0.6380 	 -0.8327 	 -0.1326 	 -0.3092 	 -0.6382 	 0.1040 	 0.4438 	 0.3291
3.9880 	 -0.0867 	 -0.6411 	 -0.8391 	 -0.1316 	 -0.3048 	 -0.6349 	 0.1026 	 0.4361 	 0.3246
3.9980 	 -0.0880 	 -0.6441 	 -0.8454 	 -0.1305 	 -0.3005 	 -0.6317 	 0.1013 	 0.4288 	 0.3201
4.0080 	 -0.0893 	 -0.6471 	 -0.8517 	 -0.1295 	 -0.2962 	 -0.6285 	 0.0999 	 0.4217 	 0.3156
4.0180 	 -0.0906 	 -0.6501 	 -0.8580 	 -0.1285 	 -0.2920 	 -0.6253 	 0.0986 	 0.4149 	 0.3111
4.0281 	 -0.0919 	 -0.6530 	 -0.8642 	 -0.1276 	 -0.2879 	 -0.6223 	 0.0967 	 0.4073 	 0.3017
4.0381 	 -0.0932 	 -0.6559 	 -0.8705 	 -0.1266 	 -0.2839 	 -0.6193 	 0.0957 	 0.4013 	 0.2987
4.0481 	 -0.0945 	 -0.6587 	 -0.8767 	 -0.1256 	 -0.2799 	 -0.6163 	 0.0947 	 0.3956 	 0.2958
4.0581 	 -0.0957 	 -0.6615 	 -0.8828 	 -0.1247 	 -0.2759 	 -0.6134 	 0.0938 	 0.3901 	 0.2929
4.0681 	 -0.0970 	 -0.6642 	 -0.8890 	 -0.1238 	 -0.2721 	 -0.6104 	 0.0930 	 0.3848 	 0.2902
4.0782 	 -0.0982 	 -0.6669 	 -0.8951 	 -0.1228 	 -0.2682 	 -0.6075 	 0.0921 	 0.3796 	 0.2874
4.0882 	 -0.0994 	 -0.6696 	 -0.9011 	 -0.1219 	 -0.2645 	 -0.6047 	 0.0913 	 0.3747 	 0.2848
4.0982 	 -0.1006 	 -0.6722 	 -0.9072 	 -0.1210 	 -0.2607 	 -0.6018 	 0.0906 	 0.3700 	 0.2823
4.1082 	 -0.1018 	 -0.6748 	 -0.9132 	 -0.1201 	 -0.2570 	 -0.5990 	 0.0898 	 0.3654 	 0.2798
4.1182 	 -0.1030 	 -0.6774 	 -0.9192 	 -0.1192 	 -0.2534 	 -0.5962 	 0.0892 	 0.3610 	 0.2773
4.1283 	 -0.1042 	 -0.6799 	 -0.9251 	 -0.1183 	 -0.2498 	 -0.5935 	 0.0885 	 0.3568 	 0.2750
4.1383 	 -0.1054 	 -0.6824 	 -0.9311 	 -0.1174 	 -0.2462 	 -0.5907 	 0.0879 	 0.3528 	 0.2727
4.1483 	 -0.1066 	 -0.6848 	 -0.9370 	 -0.1166 	 -0.2427 	 -0.5880 	 0.0873 	 0.3489 	 0.2704
4.1583 	 -0.1077 	 -0.6872 	 -0.9429 	 -0.1157 	 -0.2393 	 -0.5853 	 0.0867 	 0.3452 	 0.2682
4.1683 	 -0.1089 	 -0.6896 	 -0.9487 	 -0.1148 	 -0.2358 	 -0.5826 	 0.0862 	 0.3416 	 0.2661
4.1784 	 -0.1100 	 -0.6920 	 -0.9545 	 -0.1140 	 -0.2324 	 -0.5800 	 0.0857 	 0.3382 	 0.2641
4.1884 	 -0.1112 	 -0.6943 	 -0.9603 	 -0.1131 	 -0.2290 	 -0.5773 	 0.0852 	 0.3350 	 0.2621
4.1984 	 -0.1123 	 -0.6966 	 -0.9661 	 -0.1122 	 -0.2257 	 -0.5747 	 0.0848 	 0.3319 	 0.2602
4.2084 	 -0.1134 	 -0.6988 	 -0.9718 	 -0.1114 	 -0.2224 	 -0.5721 	 0.0844 	 0.3290 	 0.2583
4.2184 	 -0.1145 	 -0.7010 	 -0.9776 	 -0.1106 	 -0.2191 	 -0.5695 	 0.0840 	 0.3263 	 0.2566
4.2285 	 -0.1157 	 -0.7032 	 -0.9833 	 -0.1097 	 -0.2158 	 -0.5670 	 0.0837 	 0.3238 	 0.2549
4.2385 	 -0.1167 	 -0.7053 	 -0.9889 	 -0.1089 	 -0.2126 	 -0.5644 	 0.0834 	 0.3215 	 0.2534
4.2485 	 -0.1178 	 -0.7074 	 -0.9946 	 -0.1080 	 -0.2094 	 -0.5619 	 0.0831 	 0.3193 	 0.2520
4.2585 	 -0.1189 	 -0.7095 	 -1.0002 	 -0.1072 	 -0.2062 	 -0.5594 	 0.0829 	 0.3174 	 0.2507
4.2685 	 -0.1200 	 -0.7116 	 -1.0058 	 -0.1064 	 -0.2030 	 -0.5569 	 0.0828 	 0.3157 	 0.2496
4.2786 	 -0.1210 	 -0.7136 	 -1.0113 	 -0.1056 	 -0.1999 	 -0.5544 	 0.0827 	 0.3142 	 0.2487
4.2886 	 -0.1221 	 -0.7156 	 -1.0169 	 -0.1047 	 -0.1967 	 -0.5519 	 0.0827 	 0.3128 	 0.2481
4.2986 	 -0.1231 	 -0.7175 	 -1.0224 	 -0.1039 	 -0.1936 	 -0.5494 	 0.0827 	 0.3116 	 0.2478
4.3086 	 -0.1242 	 -0.7195 	 -1.0279 	 -0.1031 	 -0.1905 	 -0.5469 	 0.0828 	 0.3106 	 0.2478
4.3186 	 -0.1252 	 -0.7214 	 -1.0334 	 -0.1022 	 -0.1874 	 -0.5444 	 0.0829 	 0.3096 	 0.2481
4.3287 	 -0.1262 	 -0.7232 	 -1.0388 	 -0.1014 	 -0.1843 	 -0.5420 	 0.0831 	 0.3085 	 0.2488
4.3387 	 -0.1272 	 -0.7251 	 -1.0442 	 -0.1006 	 -0.1812 	 -0.5395 	 0.0832 	 0.3074 	 0.2498
4.3487 	 -0.1282 	 -0.7269 	 -1.0496 	 -0.0997 	 -0.1781 	 -0.5369 	 0.0834 	 0.3061 	 0.2511
4.3587 	 -0.1292 	 -0.7286 	 -1.0550 	 -0.0989 	 -0.1751 	 -0.5344 	 0.0835 	 0.3045 	 0.2526
4.3687 	 -0.1302 	 -0.7304 	 -1.0603 	 -0.0981 	 -0.1720 	 -0.5319 	 0.0835 	 0.3027 	 0.2542
4.3788 	 -0.1312 	 -0.7321 	 -1.0656 	 -0.0972 	 -0.1690 	 -0.5293 	 0.0835 	 0.3006 	 0.2557
4.3888 	 -0.1322 	 -0.7338 	 -1.0709 	 -0.0964 	 -0.1660 	 -0.5268 	 0.0834 	 0.2982 	 0.2572
4.3988 	 -0.1331 	 -0.7354 	 -1.0762 	 -0.0956 	 -0.1630 	 -0.5242 	 0.0832 	 0.2956 	 0.2585
4.4088 	 -0.1341 	 -0.7370 	 -1.0814 	 -0.0947 	 -0.1601 	 -0.5216 	 0.0850 	 0.2894 	 0.2540
4.4188 	 -0.1350 	 -0.7386 	 -1.0867 	 -0.0939 	 -0.1572 	 -0.5191 	 0.0848 	 0.2861 	 0.2544
4.4289 	 -0.1360 	 -0.7402 	 -1.0918 	 -0.0930 	 -0.1544 	 -0.5165 	 0.0846 	 0.2828 	 0.2546
4.4389 	 -0.1369 	 -0.7417 	 -1.0970 	 -0.0922 	 -0.1516 	 -0.5140 	 0.0843 	 0.2795 	 0.2546
4.4489 	 -0.1378 	 -0.7432 	 -1.1021 	 -0.0913 	 -0.1488 	 -0.5114 	 0.0841 	 0.2761 	 0.2544
4.4589 	 -0.1387 	 -0.7447 	 -1.1073 	 -0.0905 	 -0.1460 	 -0.5089 	 0.0837 	 0.2728 	 0.2541
4.4689 	 -0.1396 	 -0.7461 	 -1.1123 	 -0.0896 	 -0.1433 	 -0.5063 	 0.0834 	 0.2695 	 0.2537
4.4790 	 -0.1405 	 -0.7476 	 -1.1174 	 -0.0888 	 -0.1406 	 -0.5038 	 0.0830 	 0.2663 	 0.2532
4.4890 	 -0.1414 	 -0.7490 	 -1.1224 	 -0.0880 	 -0.1380 	 -0.5013 	 0.0826 	 0.2631 	 0.2525
4.4990 	 -0.1423 	 -0.7503 	 -1.1275 	 -0.0872 	 -0.1354 	 -0.4987 	 0.0822 	 0.2600 	 0.2518
4.5090 	 -0.1432 	 -0.7517 	 -1.1324 	 -0.0863 	 -0.1328 	 -0.4962 	 0.0818 	 0.2569 	 0.2510
4.5190 	 -0.1440 	 -0.7530 	 -1.1374 	 -0.0855 	 -0.1302 	 -0.4937 	 0.0814 	 0.2539 	 0.2502
4.5291 	 -0.1449 	 -0.7543 	 -1.1423 	 -0.0847 	 -0.1277 	 -0.4912 	 0.0810 	 0.2510 	 0.2493
4.5391 	 -0.1457 	 -0.7555 	 -1.1472 	 -0.0839 	 -0.1252 	 -0.4887 	 0.0806 	 0.2481 	 0.2484
4.5491 	 -0.1466 	 -0.7568 	 -1.1521 	 -0.0831 	 -0.1227 	 -0.4862 	 0.0802 	 0.2453 	 0.2474
4.5591 	 -0.1474 	 -0.7580 	 -1.1570 	 -0.0823 	 -0.1203 	 -0.4837 	 0.0797 	 0.2425 	 0.2465
4.5691 	 -0.1482 	 -0.7592 	 -1.1618 	 -0.0815 	 -0.1178 	 -0.4813 	 0.0793 	 0.2398 	 0.2455
4.5792 	 -0.1490 	 -0.7604 	 -1.1666 	 -0.0807 	 -0.1155 	 -0.4788 	 0.0789 	 0.2371 	 0.2444
4.5892 	 -0.1498 	 -0.7615 	 -1.1714 	 -0.0799 	 -0.1131 	 -0.4764 	 0.0785 	 0.2345 	 0.2434
4.5992 	 -0.1506 	 -0.7626 	 -1.1762 	 -0.0791 	 -0.1108 	 -0.4739 	 0.0781 	 0.2320 	 0.2424
4.6092 	 -0.1514 	 -0.7637 	 -1.1809 	 -0.0783 	 -0.1084 	 -0.4715 	 0.0777 	 0.2295 	 0.2414
4.6192 	 -0.1522 	 -0.7648 	 -1.1856 	 -0.0776 	 -0.1062 	 -0.4691 	 0.0772 	 0.2271 	 0.2403
4.6293 	 -0.1530 	 -0.7659 	 -1.1903 	 -0.0768 	 -0.1039 	 -0.4667 	 0.0768 	 0.2247 	 0.2393
4.6393 	 -0.1537 	 -0.7669 	 -1.1950 	 -0.0760 	 -0.1017 	 -0.4643 	 0.0764 	 0.2223 	 0.2382
4.6493 	 -0.1545 	 -0.7679 	 -1.1996 	 -0.0753 	 -0.0994 	 -0.4619 	 0.0760 	 0.2200 	 0.2372
4.6593 	 -0.1552 	 -0.7689 	 -1.2042 	 -0.0745 	 -0.0972 	 -0.4596 	 0.0756 	 0.2178 	 0.2362
4.6693 	 -0.1560 	 -0.7698 	 -1.2088 	 -0.0737 	 -0.0951 	 -0.4572 	 0.0752 	 0.2156 	 0.2351
4.6794 	 -0.1567 	 -0.7708 	 -1.2134 	 -0.0730 	 -0.0929 	 -0.4549 	 0.0733 	 0.2086 	 0.2291
4.6894 	 -0.1574 	 -0.7717 	 -1.2179 	 -0.0723 	 -0.0909 	 -0.4526 	 0.0727 	 0.2056 	 0.2271
4.6994 	 -0.1582 	 -0.7726 	 -1.2225 	 -0.0715 	 -0.0888 	 -0.4503 	 0.0720 	 0.2027 	 0.2251
4.7094 	 -0.1589 	 -0.7735 	 -1.2270 	 -0.0708 	 -0.0868 	 -0.4481 	 0.0714 	 0.2000 	 0.2232
4.7194 	 -0.1596 	 -0.7743 	 -1.2314 	 -0.0701 	 -0.0848 	 -0.4458 	 0.0708 	 0.1973 	 0.2214
4.7295 	 -0.1603 	 -0.7752 	 -1.2359 	 -0.0694 	 -0.0828 	 -0.4436 	 0.0702 	 0.1947 	 0.2197
4.7395 	 -0.1610 	 -0.7760 	 -1.2403 	 -0.0687 	 -0.0809 	 -0.4414 	 0.0697 	 0.1922 	 0.2179
4.7495 	 -0.1617 	 -0.7768 	 -1.2447 	 -0.0680 	 -0.0790 	 -0.4393 	 0.0691 	 0.1898 	 0.2163
4.7595 	 -0.1623 	 -0.7776 	 -1.2491 	 -0.0673 	 -0.0771 	 -0.4371 	 0.0686 	 0.1875 	 0.2147
4.7695 	 -0.1630 	 -0.7783 	 -1.2535 	 -0.0666 	 -0.0752 	 -0.4350 	 0.0681 	 0.1853 	 0.2131
4.7796 	 -0.1637 	 -0.7791 	 -1.2579 	 -0.0660 	 -0.0734 	 -0.4328 	 0.0676 	 0.1831 	 0.2116
4.7896 	 -0.1643 	 -0.7798 	 -1.2622 	 -0.0653 	 -0.0716 	 -0.4307 	 0.0672 	 0.1809 	 0.2101
4.7996 	 -0.1650 	 -0.7805 	 -1.2665 	 -0.0646 	 -0.0698 	 -0.4286 	 0.0667 	 0.1788 	 0.2087
4.8096 	 -0.1656 	 -0.7812 	 -1.2708 	 -0.0639 	 -0.0680 	 -0.4265 	 0.0662 	 0.1768 	 0.2073
4.8196 	 -0.1663 	 -0.7819 	 -1.2750 	 -0.0633 	 -0.0662 	 -0.4245 	 0.0658 	 0.1749 	 0.2059
4.8297 	 -0.1669 	 -0.7825 	 -1.2793 	 -0.0626 	 -0.0645 	 -0.4224 	 0.0654 	 0.1729 	 0.2046
4.8397 	 -0.1675 	 -0.7832 	 -1.2835 	 -0.0620 	 -0.0627 	 -0.4204 	 0.0650 	 0.1711 	 0.2033
4.8497 	 -0.1681 	 -0.7838 	 -1.2877 	 -0.0613 	 -0.0610 	 -0.4183 	 0.0645 	 0.1692 	 0.2020
4.8597 	 -0.1687 	 -0.7844 	 -1.2919 	 -0.0607 	 -0.0594 	 -0.4163 	 0.0641 	 0.1674 	 0.2008
4.8697 	 -0.1693 	 -0.7850 	 -1.2960 	 -0.0600 	 -0.0577 	 -0.4143 	 0.0638 	 0.1657 	 0.1996
4.8798 	 -0.1699 	 -0.7856 	 -1.3002 	 -0.0594 	 -0.0560 	 -0.4123 	 0.0634 	 0.1640 	 0.1984
4.8898 	 -0.1705 	 -0.7861 	 -1.3043 	 -0.0588 	 -0.0544 	 -0.4103 	 0.0630 	 0.1623 	 0.1972
4.8998 	 -0.1711 	 -0.7867 	 -1.3084 	 -0.0581 	 -0.0528 	 -0.4084 	 0.0626 	 0.1607 	 0.1961
4.9098 	 -0.1717 	 -0.7872 	 -1.3125 	 -0.0575 	 -0.0512 	 -0.4064 	 0.0623 	 0.1590 	 0.1950
4.9198 	 -0.1723 	 -0.7877 	 -1.3166 	 -0.0569 	 -0.0496 	 -0.4045 	 0.0619 	 0.1575 	 0.1939
4.9299 	 -0.1728 	 -0.7882 	 -1.3206 	 -0.0563 	 -0.0480 	 -0.4025 	 0.0616 	 0.1559 	 0.1928
4.9399 	 -0.1734 	 -0.7886 	 -1.3246 	 -0.0557 	 -0.0465 	 -0.4006 	 0.0612 	 0.1544 	 0.1918
4.9499 	 -0.1740 	 -0.7891 	 -1.3286 	 -0.0550 	 -0.0449 	 -0.3987 	 0.0609 	 0.1529 	 0.1908
4.9599 	 -0.1745 	 -0.7895 	 -1.3326 	 -0.0544 	 -0.0434 	 -0.3968 	 0.0606 	 0.1515 	 0.1898
4.9699 	 -0.1750 	 -0.7900 	 -1.3366 	 -0.0538 	 -0.0419 	 -0.3949 	 0.0602 	 0.1500 	 0.1888
4.9800 	 -0.1756 	 -0.7904 	 -1.3405 	 -0.0532 	 -0.0404 	 -0.3930 	 0.0599 	 0.1486 	 0.1879
4.9900 	 -0.1761 	 -0.7908 	 -1.3445 	 -0.0526 	 -0.0389 	 -0.3911 	 0.0596 	 0.1473 	 0.1869
