3-Body Run with i = 2 th particle. (Units in pc,M_solar,Myr, km s-1) 

time		 x 		 y 		 z 		 xdot 		 ydot 		 zdot 		 xddot 		 yddot 		 zddot
0.0000 	 -0.0639 	 -0.2052 	 -2.2534 	 -0.0910 	 -0.0260 	 -0.0373 	 0.0029 	 -0.0003 	 0.0247
0.0100 	 -0.0648 	 -0.2055 	 -2.2538 	 -0.0910 	 -0.0260 	 -0.0371 	 0.0029 	 -0.0003 	 0.0247
0.0200 	 -0.0658 	 -0.2057 	 -2.2542 	 -0.0909 	 -0.0260 	 -0.0368 	 0.0029 	 -0.0003 	 0.0247
0.0301 	 -0.0667 	 -0.2060 	 -2.2545 	 -0.0909 	 -0.0260 	 -0.0366 	 0.0029 	 -0.0003 	 0.0247
0.0401 	 -0.0676 	 -0.2063 	 -2.2549 	 -0.0909 	 -0.0260 	 -0.0363 	 0.0029 	 -0.0003 	 0.0247
0.0501 	 -0.0685 	 -0.2065 	 -2.2552 	 -0.0909 	 -0.0260 	 -0.0361 	 0.0029 	 -0.0004 	 0.0247
0.0601 	 -0.0694 	 -0.2068 	 -2.2556 	 -0.0908 	 -0.0260 	 -0.0358 	 0.0029 	 -0.0004 	 0.0247
0.0701 	 -0.0703 	 -0.2070 	 -2.2560 	 -0.0908 	 -0.0260 	 -0.0356 	 0.0030 	 -0.0004 	 0.0247
0.0802 	 -0.0712 	 -0.2073 	 -2.2563 	 -0.0908 	 -0.0260 	 -0.0353 	 0.0030 	 -0.0004 	 0.0247
0.0902 	 -0.0721 	 -0.2076 	 -2.2567 	 -0.0907 	 -0.0260 	 -0.0351 	 0.0030 	 -0.0004 	 0.0247
0.1002 	 -0.0730 	 -0.2078 	 -2.2570 	 -0.0907 	 -0.0260 	 -0.0348 	 0.0030 	 -0.0004 	 0.0247
0.1102 	 -0.0739 	 -0.2081 	 -2.2574 	 -0.0907 	 -0.0260 	 -0.0346 	 0.0030 	 -0.0004 	 0.0247
0.1202 	 -0.0749 	 -0.2083 	 -2.2577 	 -0.0907 	 -0.0260 	 -0.0343 	 0.0030 	 -0.0004 	 0.0247
0.1303 	 -0.0758 	 -0.2086 	 -2.2581 	 -0.0906 	 -0.0260 	 -0.0341 	 0.0030 	 -0.0004 	 0.0247
0.1403 	 -0.0767 	 -0.2089 	 -2.2584 	 -0.0906 	 -0.0260 	 -0.0338 	 0.0030 	 -0.0005 	 0.0247
0.1503 	 -0.0776 	 -0.2091 	 -2.2587 	 -0.0906 	 -0.0260 	 -0.0336 	 0.0030 	 -0.0005 	 0.0247
0.1603 	 -0.0785 	 -0.2094 	 -2.2591 	 -0.0905 	 -0.0260 	 -0.0333 	 0.0030 	 -0.0005 	 0.0247
0.1703 	 -0.0794 	 -0.2096 	 -2.2594 	 -0.0905 	 -0.0260 	 -0.0331 	 0.0030 	 -0.0005 	 0.0247
0.1804 	 -0.0803 	 -0.2099 	 -2.2597 	 -0.0905 	 -0.0261 	 -0.0329 	 0.0030 	 -0.0005 	 0.0247
0.1904 	 -0.0812 	 -0.2102 	 -2.2601 	 -0.0904 	 -0.0261 	 -0.0326 	 0.0030 	 -0.0005 	 0.0247
0.2004 	 -0.0821 	 -0.2104 	 -2.2604 	 -0.0904 	 -0.0261 	 -0.0324 	 0.0030 	 -0.0005 	 0.0247
0.2104 	 -0.0830 	 -0.2107 	 -2.2607 	 -0.0904 	 -0.0261 	 -0.0321 	 0.0030 	 -0.0005 	 0.0247
0.2204 	 -0.0839 	 -0.2110 	 -2.2610 	 -0.0903 	 -0.0261 	 -0.0319 	 0.0030 	 -0.0005 	 0.0247
0.2305 	 -0.0848 	 -0.2112 	 -2.2614 	 -0.0903 	 -0.0261 	 -0.0316 	 0.0031 	 -0.0006 	 0.0247
0.2405 	 -0.0857 	 -0.2115 	 -2.2617 	 -0.0903 	 -0.0261 	 -0.0314 	 0.0031 	 -0.0006 	 0.0247
0.2505 	 -0.0866 	 -0.2117 	 -2.2620 	 -0.0903 	 -0.0261 	 -0.0311 	 0.0031 	 -0.0006 	 0.0247
0.2605 	 -0.0875 	 -0.2120 	 -2.2623 	 -0.0902 	 -0.0261 	 -0.0309 	 0.0031 	 -0.0006 	 0.0247
0.2705 	 -0.0884 	 -0.2123 	 -2.2626 	 -0.0902 	 -0.0261 	 -0.0306 	 0.0031 	 -0.0006 	 0.0247
0.2806 	 -0.0894 	 -0.2125 	 -2.2629 	 -0.0902 	 -0.0261 	 -0.0304 	 0.0031 	 -0.0006 	 0.0247
0.2906 	 -0.0903 	 -0.2128 	 -2.2632 	 -0.0901 	 -0.0261 	 -0.0301 	 0.0031 	 -0.0006 	 0.0247
0.3006 	 -0.0912 	 -0.2130 	 -2.2635 	 -0.0901 	 -0.0261 	 -0.0299 	 0.0031 	 -0.0006 	 0.0247
0.3106 	 -0.0921 	 -0.2133 	 -2.2638 	 -0.0901 	 -0.0261 	 -0.0296 	 0.0031 	 -0.0006 	 0.0247
0.3206 	 -0.0930 	 -0.2136 	 -2.2641 	 -0.0900 	 -0.0261 	 -0.0294 	 0.0031 	 -0.0007 	 0.0247
0.3307 	 -0.0939 	 -0.2138 	 -2.2644 	 -0.0900 	 -0.0261 	 -0.0291 	 0.0031 	 -0.0007 	 0.0247
0.3407 	 -0.0948 	 -0.2141 	 -2.2647 	 -0.0900 	 -0.0261 	 -0.0289 	 0.0031 	 -0.0007 	 0.0247
0.3507 	 -0.0957 	 -0.2144 	 -2.2650 	 -0.0899 	 -0.0262 	 -0.0286 	 0.0031 	 -0.0007 	 0.0248
0.3607 	 -0.0966 	 -0.2146 	 -2.2653 	 -0.0899 	 -0.0262 	 -0.0284 	 0.0031 	 -0.0007 	 0.0248
0.3707 	 -0.0975 	 -0.2149 	 -2.2655 	 -0.0899 	 -0.0262 	 -0.0281 	 0.0031 	 -0.0007 	 0.0248
0.3808 	 -0.0984 	 -0.2151 	 -2.2658 	 -0.0899 	 -0.0262 	 -0.0279 	 0.0032 	 -0.0007 	 0.0248
0.3908 	 -0.0993 	 -0.2154 	 -2.2661 	 -0.0898 	 -0.0262 	 -0.0276 	 0.0032 	 -0.0007 	 0.0248
0.4008 	 -0.1002 	 -0.2157 	 -2.2664 	 -0.0898 	 -0.0262 	 -0.0274 	 0.0032 	 -0.0007 	 0.0248
0.4108 	 -0.1011 	 -0.2159 	 -2.2666 	 -0.0898 	 -0.0262 	 -0.0271 	 0.0032 	 -0.0008 	 0.0248
0.4208 	 -0.1020 	 -0.2162 	 -2.2669 	 -0.0897 	 -0.0262 	 -0.0269 	 0.0032 	 -0.0008 	 0.0248
0.4309 	 -0.1029 	 -0.2165 	 -2.2672 	 -0.0897 	 -0.0262 	 -0.0267 	 0.0032 	 -0.0008 	 0.0248
0.4409 	 -0.1038 	 -0.2167 	 -2.2675 	 -0.0897 	 -0.0262 	 -0.0264 	 0.0032 	 -0.0008 	 0.0248
0.4509 	 -0.1047 	 -0.2170 	 -2.2677 	 -0.0896 	 -0.0262 	 -0.0262 	 0.0032 	 -0.0008 	 0.0248
0.4609 	 -0.1056 	 -0.2172 	 -2.2680 	 -0.0896 	 -0.0262 	 -0.0259 	 0.0032 	 -0.0008 	 0.0248
0.4709 	 -0.1065 	 -0.2175 	 -2.2682 	 -0.0896 	 -0.0262 	 -0.0257 	 0.0032 	 -0.0008 	 0.0248
0.4810 	 -0.1074 	 -0.2178 	 -2.2685 	 -0.0895 	 -0.0263 	 -0.0254 	 0.0032 	 -0.0008 	 0.0248
0.4910 	 -0.1083 	 -0.2180 	 -2.2687 	 -0.0895 	 -0.0263 	 -0.0252 	 0.0032 	 -0.0008 	 0.0248
0.5010 	 -0.1092 	 -0.2183 	 -2.2690 	 -0.0895 	 -0.0263 	 -0.0249 	 0.0032 	 -0.0009 	 0.0248
0.5110 	 -0.1100 	 -0.2186 	 -2.2692 	 -0.0894 	 -0.0263 	 -0.0247 	 0.0032 	 -0.0009 	 0.0248
0.5210 	 -0.1109 	 -0.2188 	 -2.2695 	 -0.0894 	 -0.0263 	 -0.0244 	 0.0032 	 -0.0009 	 0.0248
0.5311 	 -0.1118 	 -0.2191 	 -2.2697 	 -0.0894 	 -0.0263 	 -0.0242 	 0.0033 	 -0.0009 	 0.0248
0.5411 	 -0.1127 	 -0.2193 	 -2.2700 	 -0.0893 	 -0.0263 	 -0.0239 	 0.0033 	 -0.0009 	 0.0248
0.5511 	 -0.1136 	 -0.2196 	 -2.2702 	 -0.0893 	 -0.0263 	 -0.0237 	 0.0033 	 -0.0009 	 0.0248
0.5611 	 -0.1145 	 -0.2199 	 -2.2704 	 -0.0893 	 -0.0263 	 -0.0234 	 0.0033 	 -0.0009 	 0.0248
0.5711 	 -0.1154 	 -0.2201 	 -2.2707 	 -0.0892 	 -0.0263 	 -0.0232 	 0.0033 	 -0.0009 	 0.0249
0.5812 	 -0.1163 	 -0.2204 	 -2.2709 	 -0.0892 	 -0.0263 	 -0.0229 	 0.0033 	 -0.0010 	 0.0249
0.5912 	 -0.1172 	 -0.2207 	 -2.2711 	 -0.0892 	 -0.0264 	 -0.0227 	 0.0033 	 -0.0010 	 0.0249
0.6012 	 -0.1181 	 -0.2209 	 -2.2714 	 -0.0891 	 -0.0264 	 -0.0224 	 0.0033 	 -0.0010 	 0.0249
0.6112 	 -0.1190 	 -0.2212 	 -2.2716 	 -0.0891 	 -0.0264 	 -0.0222 	 0.0033 	 -0.0010 	 0.0249
0.6212 	 -0.1199 	 -0.2215 	 -2.2718 	 -0.0891 	 -0.0264 	 -0.0219 	 0.0033 	 -0.0010 	 0.0249
0.6313 	 -0.1208 	 -0.2217 	 -2.2720 	 -0.0890 	 -0.0264 	 -0.0217 	 0.0033 	 -0.0010 	 0.0249
0.6413 	 -0.1217 	 -0.2220 	 -2.2722 	 -0.0890 	 -0.0264 	 -0.0214 	 0.0033 	 -0.0010 	 0.0249
0.6513 	 -0.1226 	 -0.2223 	 -2.2725 	 -0.0890 	 -0.0264 	 -0.0212 	 0.0033 	 -0.0010 	 0.0249
0.6613 	 -0.1235 	 -0.2225 	 -2.2727 	 -0.0889 	 -0.0264 	 -0.0209 	 0.0033 	 -0.0011 	 0.0249
0.6713 	 -0.1243 	 -0.2228 	 -2.2729 	 -0.0889 	 -0.0264 	 -0.0207 	 0.0034 	 -0.0011 	 0.0249
0.6814 	 -0.1252 	 -0.2230 	 -2.2731 	 -0.0889 	 -0.0264 	 -0.0204 	 0.0034 	 -0.0011 	 0.0249
0.6914 	 -0.1261 	 -0.2233 	 -2.2733 	 -0.0888 	 -0.0265 	 -0.0202 	 0.0034 	 -0.0011 	 0.0249
0.7014 	 -0.1270 	 -0.2236 	 -2.2735 	 -0.0888 	 -0.0265 	 -0.0199 	 0.0034 	 -0.0011 	 0.0249
0.7114 	 -0.1279 	 -0.2238 	 -2.2737 	 -0.0888 	 -0.0265 	 -0.0197 	 0.0034 	 -0.0011 	 0.0249
0.7214 	 -0.1288 	 -0.2241 	 -2.2739 	 -0.0887 	 -0.0265 	 -0.0194 	 0.0034 	 -0.0011 	 0.0249
0.7315 	 -0.1297 	 -0.2244 	 -2.2741 	 -0.0887 	 -0.0265 	 -0.0192 	 0.0034 	 -0.0011 	 0.0250
0.7415 	 -0.1306 	 -0.2246 	 -2.2743 	 -0.0887 	 -0.0265 	 -0.0189 	 0.0034 	 -0.0011 	 0.0250
0.7515 	 -0.1315 	 -0.2249 	 -2.2745 	 -0.0886 	 -0.0265 	 -0.0187 	 0.0034 	 -0.0012 	 0.0250
0.7615 	 -0.1323 	 -0.2252 	 -2.2746 	 -0.0886 	 -0.0265 	 -0.0184 	 0.0034 	 -0.0012 	 0.0250
0.7715 	 -0.1332 	 -0.2254 	 -2.2748 	 -0.0886 	 -0.0265 	 -0.0182 	 0.0034 	 -0.0012 	 0.0250
0.7816 	 -0.1341 	 -0.2257 	 -2.2750 	 -0.0885 	 -0.0266 	 -0.0179 	 0.0034 	 -0.0012 	 0.0250
0.7916 	 -0.1350 	 -0.2260 	 -2.2752 	 -0.0885 	 -0.0266 	 -0.0177 	 0.0034 	 -0.0012 	 0.0250
0.8016 	 -0.1359 	 -0.2262 	 -2.2754 	 -0.0885 	 -0.0266 	 -0.0174 	 0.0034 	 -0.0012 	 0.0250
0.8116 	 -0.1368 	 -0.2265 	 -2.2755 	 -0.0884 	 -0.0266 	 -0.0172 	 0.0035 	 -0.0012 	 0.0250
0.8216 	 -0.1377 	 -0.2268 	 -2.2757 	 -0.0884 	 -0.0266 	 -0.0169 	 0.0035 	 -0.0012 	 0.0250
0.8317 	 -0.1386 	 -0.2270 	 -2.2759 	 -0.0884 	 -0.0266 	 -0.0167 	 0.0035 	 -0.0013 	 0.0250
0.8417 	 -0.1394 	 -0.2273 	 -2.2760 	 -0.0883 	 -0.0266 	 -0.0164 	 0.0035 	 -0.0013 	 0.0250
0.8517 	 -0.1403 	 -0.2276 	 -2.2762 	 -0.0883 	 -0.0266 	 -0.0162 	 0.0035 	 -0.0013 	 0.0250
0.8617 	 -0.1412 	 -0.2278 	 -2.2764 	 -0.0883 	 -0.0267 	 -0.0159 	 0.0035 	 -0.0013 	 0.0250
0.8717 	 -0.1421 	 -0.2281 	 -2.2765 	 -0.0882 	 -0.0267 	 -0.0157 	 0.0035 	 -0.0013 	 0.0251
0.8818 	 -0.1430 	 -0.2284 	 -2.2767 	 -0.0882 	 -0.0267 	 -0.0154 	 0.0035 	 -0.0013 	 0.0251
0.8918 	 -0.1439 	 -0.2286 	 -2.2768 	 -0.0882 	 -0.0267 	 -0.0152 	 0.0035 	 -0.0013 	 0.0251
0.9018 	 -0.1447 	 -0.2289 	 -2.2770 	 -0.0881 	 -0.0267 	 -0.0149 	 0.0035 	 -0.0013 	 0.0251
0.9118 	 -0.1456 	 -0.2292 	 -2.2771 	 -0.0881 	 -0.0267 	 -0.0147 	 0.0035 	 -0.0014 	 0.0251
0.9218 	 -0.1465 	 -0.2294 	 -2.2773 	 -0.0880 	 -0.0267 	 -0.0144 	 0.0035 	 -0.0014 	 0.0251
0.9319 	 -0.1474 	 -0.2297 	 -2.2774 	 -0.0880 	 -0.0268 	 -0.0142 	 0.0035 	 -0.0014 	 0.0251
0.9419 	 -0.1483 	 -0.2300 	 -2.2776 	 -0.0880 	 -0.0268 	 -0.0139 	 0.0035 	 -0.0014 	 0.0251
0.9519 	 -0.1492 	 -0.2302 	 -2.2777 	 -0.0879 	 -0.0268 	 -0.0137 	 0.0036 	 -0.0014 	 0.0251
0.9619 	 -0.1500 	 -0.2305 	 -2.2778 	 -0.0879 	 -0.0268 	 -0.0134 	 0.0036 	 -0.0014 	 0.0251
0.9719 	 -0.1509 	 -0.2308 	 -2.2780 	 -0.0879 	 -0.0268 	 -0.0132 	 0.0036 	 -0.0014 	 0.0251
0.9820 	 -0.1518 	 -0.2310 	 -2.2781 	 -0.0878 	 -0.0268 	 -0.0129 	 0.0036 	 -0.0015 	 0.0251
0.9920 	 -0.1527 	 -0.2313 	 -2.2782 	 -0.0878 	 -0.0268 	 -0.0127 	 0.0036 	 -0.0015 	 0.0252
1.0020 	 -0.1536 	 -0.2316 	 -2.2784 	 -0.0878 	 -0.0269 	 -0.0124 	 0.0036 	 -0.0015 	 0.0252
1.0120 	 -0.1544 	 -0.2319 	 -2.2785 	 -0.0877 	 -0.0269 	 -0.0121 	 0.0036 	 -0.0015 	 0.0252
1.0220 	 -0.1553 	 -0.2321 	 -2.2786 	 -0.0877 	 -0.0269 	 -0.0119 	 0.0036 	 -0.0015 	 0.0252
1.0321 	 -0.1562 	 -0.2324 	 -2.2787 	 -0.0877 	 -0.0269 	 -0.0116 	 0.0036 	 -0.0015 	 0.0252
1.0421 	 -0.1571 	 -0.2327 	 -2.2788 	 -0.0876 	 -0.0269 	 -0.0114 	 0.0036 	 -0.0015 	 0.0252
1.0521 	 -0.1579 	 -0.2329 	 -2.2789 	 -0.0876 	 -0.0269 	 -0.0111 	 0.0036 	 -0.0015 	 0.0252
1.0621 	 -0.1588 	 -0.2332 	 -2.2791 	 -0.0875 	 -0.0269 	 -0.0109 	 0.0036 	 -0.0016 	 0.0252
1.0721 	 -0.1597 	 -0.2335 	 -2.2792 	 -0.0875 	 -0.0270 	 -0.0106 	 0.0036 	 -0.0016 	 0.0252
1.0822 	 -0.1606 	 -0.2337 	 -2.2793 	 -0.0875 	 -0.0270 	 -0.0104 	 0.0037 	 -0.0016 	 0.0252
1.0922 	 -0.1615 	 -0.2340 	 -2.2794 	 -0.0874 	 -0.0270 	 -0.0101 	 0.0037 	 -0.0016 	 0.0252
1.1022 	 -0.1623 	 -0.2343 	 -2.2795 	 -0.0874 	 -0.0270 	 -0.0099 	 0.0037 	 -0.0016 	 0.0253
1.1122 	 -0.1632 	 -0.2346 	 -2.2796 	 -0.0874 	 -0.0270 	 -0.0096 	 0.0037 	 -0.0016 	 0.0253
1.1222 	 -0.1641 	 -0.2348 	 -2.2797 	 -0.0873 	 -0.0270 	 -0.0094 	 0.0037 	 -0.0016 	 0.0253
1.1323 	 -0.1650 	 -0.2351 	 -2.2798 	 -0.0873 	 -0.0271 	 -0.0091 	 0.0037 	 -0.0017 	 0.0253
1.1423 	 -0.1658 	 -0.2354 	 -2.2798 	 -0.0872 	 -0.0271 	 -0.0089 	 0.0037 	 -0.0017 	 0.0253
1.1523 	 -0.1667 	 -0.2356 	 -2.2799 	 -0.0872 	 -0.0271 	 -0.0086 	 0.0037 	 -0.0017 	 0.0253
1.1623 	 -0.1676 	 -0.2359 	 -2.2800 	 -0.0872 	 -0.0271 	 -0.0084 	 0.0037 	 -0.0017 	 0.0253
1.1723 	 -0.1684 	 -0.2362 	 -2.2801 	 -0.0871 	 -0.0271 	 -0.0081 	 0.0037 	 -0.0017 	 0.0253
1.1824 	 -0.1693 	 -0.2365 	 -2.2802 	 -0.0871 	 -0.0271 	 -0.0078 	 0.0037 	 -0.0017 	 0.0253
1.1924 	 -0.1702 	 -0.2367 	 -2.2803 	 -0.0871 	 -0.0272 	 -0.0076 	 0.0037 	 -0.0017 	 0.0254
1.2024 	 -0.1711 	 -0.2370 	 -2.2803 	 -0.0870 	 -0.0272 	 -0.0073 	 0.0037 	 -0.0017 	 0.0254
1.2124 	 -0.1719 	 -0.2373 	 -2.2804 	 -0.0870 	 -0.0272 	 -0.0071 	 0.0038 	 -0.0018 	 0.0254
1.2224 	 -0.1728 	 -0.2375 	 -2.2805 	 -0.0869 	 -0.0272 	 -0.0068 	 0.0038 	 -0.0018 	 0.0254
1.2325 	 -0.1737 	 -0.2378 	 -2.2805 	 -0.0869 	 -0.0272 	 -0.0066 	 0.0038 	 -0.0018 	 0.0254
1.2425 	 -0.1746 	 -0.2381 	 -2.2806 	 -0.0869 	 -0.0272 	 -0.0063 	 0.0038 	 -0.0018 	 0.0254
1.2525 	 -0.1754 	 -0.2384 	 -2.2807 	 -0.0868 	 -0.0273 	 -0.0061 	 0.0038 	 -0.0018 	 0.0254
1.2625 	 -0.1763 	 -0.2386 	 -2.2807 	 -0.0868 	 -0.0273 	 -0.0058 	 0.0038 	 -0.0018 	 0.0254
1.2725 	 -0.1772 	 -0.2389 	 -2.2808 	 -0.0868 	 -0.0273 	 -0.0056 	 0.0038 	 -0.0018 	 0.0254
1.2826 	 -0.1780 	 -0.2392 	 -2.2808 	 -0.0867 	 -0.0273 	 -0.0053 	 0.0038 	 -0.0019 	 0.0254
1.2926 	 -0.1789 	 -0.2395 	 -2.2809 	 -0.0867 	 -0.0273 	 -0.0050 	 0.0038 	 -0.0019 	 0.0255
1.3026 	 -0.1798 	 -0.2397 	 -2.2809 	 -0.0866 	 -0.0274 	 -0.0048 	 0.0038 	 -0.0019 	 0.0255
1.3126 	 -0.1806 	 -0.2400 	 -2.2810 	 -0.0866 	 -0.0274 	 -0.0045 	 0.0038 	 -0.0019 	 0.0255
1.3226 	 -0.1815 	 -0.2403 	 -2.2810 	 -0.0866 	 -0.0274 	 -0.0043 	 0.0038 	 -0.0019 	 0.0255
1.3327 	 -0.1824 	 -0.2406 	 -2.2811 	 -0.0865 	 -0.0274 	 -0.0040 	 0.0039 	 -0.0019 	 0.0255
1.3427 	 -0.1832 	 -0.2408 	 -2.2811 	 -0.0865 	 -0.0274 	 -0.0038 	 0.0039 	 -0.0019 	 0.0255
1.3527 	 -0.1841 	 -0.2411 	 -2.2811 	 -0.0865 	 -0.0275 	 -0.0035 	 0.0039 	 -0.0020 	 0.0255
1.3627 	 -0.1850 	 -0.2414 	 -2.2812 	 -0.0864 	 -0.0275 	 -0.0033 	 0.0039 	 -0.0020 	 0.0255
1.3727 	 -0.1858 	 -0.2417 	 -2.2812 	 -0.0864 	 -0.0275 	 -0.0030 	 0.0039 	 -0.0020 	 0.0256
1.3828 	 -0.1867 	 -0.2419 	 -2.2812 	 -0.0863 	 -0.0275 	 -0.0027 	 0.0039 	 -0.0020 	 0.0256
1.3928 	 -0.1876 	 -0.2422 	 -2.2813 	 -0.0863 	 -0.0275 	 -0.0025 	 0.0039 	 -0.0020 	 0.0256
1.4028 	 -0.1884 	 -0.2425 	 -2.2813 	 -0.0863 	 -0.0276 	 -0.0022 	 0.0039 	 -0.0020 	 0.0256
1.4128 	 -0.1893 	 -0.2428 	 -2.2813 	 -0.0862 	 -0.0276 	 -0.0020 	 0.0039 	 -0.0020 	 0.0256
1.4228 	 -0.1902 	 -0.2430 	 -2.2813 	 -0.0862 	 -0.0276 	 -0.0017 	 0.0039 	 -0.0021 	 0.0256
1.4329 	 -0.1910 	 -0.2433 	 -2.2813 	 -0.0861 	 -0.0276 	 -0.0015 	 0.0039 	 -0.0021 	 0.0256
1.4429 	 -0.1919 	 -0.2436 	 -2.2814 	 -0.0861 	 -0.0276 	 -0.0012 	 0.0039 	 -0.0021 	 0.0256
1.4529 	 -0.1927 	 -0.2439 	 -2.2814 	 -0.0861 	 -0.0277 	 -0.0010 	 0.0039 	 -0.0021 	 0.0257
1.4629 	 -0.1936 	 -0.2441 	 -2.2814 	 -0.0860 	 -0.0277 	 -0.0007 	 0.0040 	 -0.0021 	 0.0257
1.4729 	 -0.1945 	 -0.2444 	 -2.2814 	 -0.0860 	 -0.0277 	 -0.0004 	 0.0040 	 -0.0021 	 0.0257
1.4830 	 -0.1953 	 -0.2447 	 -2.2814 	 -0.0859 	 -0.0277 	 -0.0002 	 0.0040 	 -0.0021 	 0.0257
1.4930 	 -0.1962 	 -0.2450 	 -2.2814 	 -0.0859 	 -0.0277 	 0.0001 	 0.0040 	 -0.0022 	 0.0257
1.5030 	 -0.1971 	 -0.2453 	 -2.2814 	 -0.0859 	 -0.0278 	 0.0003 	 0.0040 	 -0.0022 	 0.0257
1.5130 	 -0.1979 	 -0.2455 	 -2.2814 	 -0.0858 	 -0.0278 	 0.0006 	 0.0040 	 -0.0022 	 0.0257
1.5230 	 -0.1988 	 -0.2458 	 -2.2814 	 -0.0858 	 -0.0278 	 0.0009 	 0.0040 	 -0.0022 	 0.0257
1.5331 	 -0.1996 	 -0.2461 	 -2.2814 	 -0.0857 	 -0.0278 	 0.0011 	 0.0040 	 -0.0022 	 0.0258
1.5431 	 -0.2005 	 -0.2464 	 -2.2814 	 -0.0857 	 -0.0279 	 0.0014 	 0.0040 	 -0.0022 	 0.0258
1.5531 	 -0.2014 	 -0.2466 	 -2.2813 	 -0.0857 	 -0.0279 	 0.0016 	 0.0040 	 -0.0023 	 0.0258
1.5631 	 -0.2022 	 -0.2469 	 -2.2813 	 -0.0856 	 -0.0279 	 0.0019 	 0.0040 	 -0.0023 	 0.0258
1.5731 	 -0.2031 	 -0.2472 	 -2.2813 	 -0.0856 	 -0.0279 	 0.0021 	 0.0041 	 -0.0023 	 0.0258
1.5832 	 -0.2039 	 -0.2475 	 -2.2813 	 -0.0855 	 -0.0279 	 0.0024 	 0.0041 	 -0.0023 	 0.0258
1.5932 	 -0.2048 	 -0.2478 	 -2.2813 	 -0.0855 	 -0.0280 	 0.0027 	 0.0041 	 -0.0023 	 0.0258
1.6032 	 -0.2056 	 -0.2480 	 -2.2812 	 -0.0855 	 -0.0280 	 0.0029 	 0.0041 	 -0.0023 	 0.0259
1.6132 	 -0.2065 	 -0.2483 	 -2.2812 	 -0.0854 	 -0.0280 	 0.0032 	 0.0041 	 -0.0023 	 0.0259
1.6232 	 -0.2073 	 -0.2486 	 -2.2812 	 -0.0854 	 -0.0280 	 0.0034 	 0.0041 	 -0.0024 	 0.0259
1.6333 	 -0.2082 	 -0.2489 	 -2.2811 	 -0.0853 	 -0.0281 	 0.0037 	 0.0041 	 -0.0024 	 0.0259
1.6433 	 -0.2091 	 -0.2492 	 -2.2811 	 -0.0853 	 -0.0281 	 0.0040 	 0.0041 	 -0.0024 	 0.0259
1.6533 	 -0.2099 	 -0.2495 	 -2.2810 	 -0.0853 	 -0.0281 	 0.0042 	 0.0041 	 -0.0024 	 0.0259
1.6633 	 -0.2108 	 -0.2497 	 -2.2810 	 -0.0852 	 -0.0281 	 0.0045 	 0.0041 	 -0.0024 	 0.0259
1.6733 	 -0.2116 	 -0.2500 	 -2.2810 	 -0.0852 	 -0.0282 	 0.0047 	 0.0041 	 -0.0024 	 0.0260
1.6834 	 -0.2125 	 -0.2503 	 -2.2809 	 -0.0851 	 -0.0282 	 0.0050 	 0.0041 	 -0.0025 	 0.0260
1.6934 	 -0.2133 	 -0.2506 	 -2.2809 	 -0.0851 	 -0.0282 	 0.0053 	 0.0042 	 -0.0025 	 0.0260
1.7034 	 -0.2142 	 -0.2509 	 -2.2808 	 -0.0850 	 -0.0282 	 0.0055 	 0.0042 	 -0.0025 	 0.0260
1.7134 	 -0.2150 	 -0.2511 	 -2.2807 	 -0.0850 	 -0.0283 	 0.0058 	 0.0042 	 -0.0025 	 0.0260
1.7234 	 -0.2159 	 -0.2514 	 -2.2807 	 -0.0850 	 -0.0283 	 0.0060 	 0.0042 	 -0.0025 	 0.0260
1.7335 	 -0.2167 	 -0.2517 	 -2.2806 	 -0.0849 	 -0.0283 	 0.0063 	 0.0042 	 -0.0025 	 0.0260
1.7435 	 -0.2176 	 -0.2520 	 -2.2806 	 -0.0849 	 -0.0283 	 0.0066 	 0.0042 	 -0.0026 	 0.0261
1.7535 	 -0.2184 	 -0.2523 	 -2.2805 	 -0.0848 	 -0.0284 	 0.0068 	 0.0042 	 -0.0026 	 0.0261
1.7635 	 -0.2193 	 -0.2526 	 -2.2804 	 -0.0848 	 -0.0284 	 0.0071 	 0.0042 	 -0.0026 	 0.0261
1.7735 	 -0.2201 	 -0.2528 	 -2.2803 	 -0.0847 	 -0.0284 	 0.0073 	 0.0042 	 -0.0026 	 0.0261
1.7836 	 -0.2210 	 -0.2531 	 -2.2803 	 -0.0847 	 -0.0284 	 0.0076 	 0.0042 	 -0.0026 	 0.0261
1.7936 	 -0.2218 	 -0.2534 	 -2.2802 	 -0.0847 	 -0.0285 	 0.0079 	 0.0042 	 -0.0026 	 0.0261
1.8036 	 -0.2227 	 -0.2537 	 -2.2801 	 -0.0846 	 -0.0285 	 0.0081 	 0.0043 	 -0.0026 	 0.0262
1.8136 	 -0.2235 	 -0.2540 	 -2.2800 	 -0.0846 	 -0.0285 	 0.0084 	 0.0043 	 -0.0027 	 0.0262
1.8236 	 -0.2244 	 -0.2543 	 -2.2799 	 -0.0845 	 -0.0285 	 0.0087 	 0.0043 	 -0.0027 	 0.0262
1.8337 	 -0.2252 	 -0.2546 	 -2.2799 	 -0.0845 	 -0.0286 	 0.0089 	 0.0043 	 -0.0027 	 0.0262
1.8437 	 -0.2261 	 -0.2548 	 -2.2798 	 -0.0845 	 -0.0286 	 0.0092 	 0.0043 	 -0.0027 	 0.0262
1.8537 	 -0.2269 	 -0.2551 	 -2.2797 	 -0.0844 	 -0.0286 	 0.0094 	 0.0043 	 -0.0027 	 0.0262
1.8637 	 -0.2278 	 -0.2554 	 -2.2796 	 -0.0844 	 -0.0287 	 0.0097 	 0.0043 	 -0.0027 	 0.0263
1.8737 	 -0.2286 	 -0.2557 	 -2.2795 	 -0.0843 	 -0.0287 	 0.0100 	 0.0043 	 -0.0028 	 0.0263
1.8838 	 -0.2294 	 -0.2560 	 -2.2794 	 -0.0843 	 -0.0287 	 0.0102 	 0.0043 	 -0.0028 	 0.0263
1.8938 	 -0.2303 	 -0.2563 	 -2.2793 	 -0.0842 	 -0.0287 	 0.0105 	 0.0043 	 -0.0028 	 0.0263
1.9038 	 -0.2311 	 -0.2566 	 -2.2792 	 -0.0842 	 -0.0288 	 0.0108 	 0.0044 	 -0.0028 	 0.0263
1.9138 	 -0.2320 	 -0.2569 	 -2.2791 	 -0.0841 	 -0.0288 	 0.0110 	 0.0044 	 -0.0028 	 0.0263
1.9238 	 -0.2328 	 -0.2572 	 -2.2789 	 -0.0841 	 -0.0288 	 0.0113 	 0.0044 	 -0.0029 	 0.0264
1.9339 	 -0.2337 	 -0.2574 	 -2.2788 	 -0.0841 	 -0.0288 	 0.0116 	 0.0044 	 -0.0029 	 0.0264
1.9439 	 -0.2345 	 -0.2577 	 -2.2787 	 -0.0840 	 -0.0289 	 0.0118 	 0.0044 	 -0.0029 	 0.0264
1.9539 	 -0.2353 	 -0.2580 	 -2.2786 	 -0.0840 	 -0.0289 	 0.0121 	 0.0044 	 -0.0029 	 0.0264
1.9639 	 -0.2362 	 -0.2583 	 -2.2785 	 -0.0839 	 -0.0289 	 0.0123 	 0.0044 	 -0.0029 	 0.0264
1.9739 	 -0.2370 	 -0.2586 	 -2.2784 	 -0.0839 	 -0.0290 	 0.0126 	 0.0044 	 -0.0029 	 0.0264
1.9840 	 -0.2379 	 -0.2589 	 -2.2782 	 -0.0838 	 -0.0290 	 0.0129 	 0.0044 	 -0.0030 	 0.0265
1.9940 	 -0.2387 	 -0.2592 	 -2.2781 	 -0.0838 	 -0.0290 	 0.0131 	 0.0044 	 -0.0030 	 0.0265
2.0040 	 -0.2396 	 -0.2595 	 -2.2780 	 -0.0838 	 -0.0291 	 0.0134 	 0.0044 	 -0.0030 	 0.0265
2.0140 	 -0.2404 	 -0.2598 	 -2.2778 	 -0.0837 	 -0.0291 	 0.0137 	 0.0045 	 -0.0030 	 0.0265
2.0240 	 -0.2412 	 -0.2601 	 -2.2777 	 -0.0837 	 -0.0291 	 0.0139 	 0.0045 	 -0.0030 	 0.0265
2.0341 	 -0.2421 	 -0.2603 	 -2.2775 	 -0.0836 	 -0.0291 	 0.0142 	 0.0045 	 -0.0030 	 0.0266
2.0441 	 -0.2429 	 -0.2606 	 -2.2774 	 -0.0836 	 -0.0292 	 0.0145 	 0.0045 	 -0.0031 	 0.0266
2.0541 	 -0.2437 	 -0.2609 	 -2.2773 	 -0.0835 	 -0.0292 	 0.0147 	 0.0045 	 -0.0031 	 0.0266
2.0641 	 -0.2446 	 -0.2612 	 -2.2771 	 -0.0835 	 -0.0292 	 0.0150 	 0.0045 	 -0.0031 	 0.0266
2.0741 	 -0.2454 	 -0.2615 	 -2.2770 	 -0.0834 	 -0.0293 	 0.0153 	 0.0045 	 -0.0031 	 0.0266
2.0842 	 -0.2463 	 -0.2618 	 -2.2768 	 -0.0834 	 -0.0293 	 0.0155 	 0.0045 	 -0.0031 	 0.0266
2.0942 	 -0.2471 	 -0.2621 	 -2.2766 	 -0.0833 	 -0.0293 	 0.0158 	 0.0045 	 -0.0032 	 0.0267
2.1042 	 -0.2479 	 -0.2624 	 -2.2765 	 -0.0833 	 -0.0294 	 0.0161 	 0.0045 	 -0.0032 	 0.0267
2.1142 	 -0.2488 	 -0.2627 	 -2.2763 	 -0.0833 	 -0.0294 	 0.0163 	 0.0046 	 -0.0032 	 0.0267
2.1242 	 -0.2496 	 -0.2630 	 -2.2762 	 -0.0832 	 -0.0294 	 0.0166 	 0.0046 	 -0.0032 	 0.0267
2.1343 	 -0.2504 	 -0.2633 	 -2.2760 	 -0.0832 	 -0.0295 	 0.0169 	 0.0046 	 -0.0032 	 0.0267
2.1443 	 -0.2513 	 -0.2636 	 -2.2758 	 -0.0831 	 -0.0295 	 0.0171 	 0.0046 	 -0.0032 	 0.0268
2.1543 	 -0.2521 	 -0.2639 	 -2.2756 	 -0.0831 	 -0.0295 	 0.0174 	 0.0046 	 -0.0033 	 0.0268
2.1643 	 -0.2529 	 -0.2642 	 -2.2755 	 -0.0830 	 -0.0296 	 0.0177 	 0.0046 	 -0.0033 	 0.0268
2.1743 	 -0.2538 	 -0.2645 	 -2.2753 	 -0.0830 	 -0.0296 	 0.0179 	 0.0046 	 -0.0033 	 0.0268
2.1844 	 -0.2546 	 -0.2648 	 -2.2751 	 -0.0829 	 -0.0296 	 0.0182 	 0.0046 	 -0.0033 	 0.0268
2.1944 	 -0.2554 	 -0.2651 	 -2.2749 	 -0.0829 	 -0.0297 	 0.0185 	 0.0046 	 -0.0033 	 0.0269
2.2044 	 -0.2562 	 -0.2654 	 -2.2747 	 -0.0828 	 -0.0297 	 0.0188 	 0.0046 	 -0.0034 	 0.0269
2.2144 	 -0.2571 	 -0.2657 	 -2.2745 	 -0.0828 	 -0.0297 	 0.0190 	 0.0047 	 -0.0034 	 0.0269
2.2244 	 -0.2579 	 -0.2660 	 -2.2744 	 -0.0827 	 -0.0298 	 0.0193 	 0.0047 	 -0.0034 	 0.0269
2.2345 	 -0.2587 	 -0.2662 	 -2.2742 	 -0.0827 	 -0.0298 	 0.0196 	 0.0047 	 -0.0034 	 0.0269
2.2445 	 -0.2596 	 -0.2665 	 -2.2740 	 -0.0827 	 -0.0298 	 0.0198 	 0.0047 	 -0.0034 	 0.0270
2.2545 	 -0.2604 	 -0.2668 	 -2.2738 	 -0.0826 	 -0.0299 	 0.0201 	 0.0047 	 -0.0035 	 0.0270
2.2645 	 -0.2612 	 -0.2671 	 -2.2736 	 -0.0826 	 -0.0299 	 0.0204 	 0.0047 	 -0.0035 	 0.0270
2.2745 	 -0.2620 	 -0.2674 	 -2.2734 	 -0.0825 	 -0.0299 	 0.0206 	 0.0047 	 -0.0035 	 0.0270
2.2846 	 -0.2629 	 -0.2677 	 -2.2731 	 -0.0825 	 -0.0300 	 0.0209 	 0.0047 	 -0.0035 	 0.0270
2.2946 	 -0.2637 	 -0.2680 	 -2.2729 	 -0.0824 	 -0.0300 	 0.0212 	 0.0047 	 -0.0035 	 0.0271
2.3046 	 -0.2645 	 -0.2683 	 -2.2727 	 -0.0824 	 -0.0300 	 0.0215 	 0.0048 	 -0.0035 	 0.0271
2.3146 	 -0.2653 	 -0.2686 	 -2.2725 	 -0.0823 	 -0.0301 	 0.0217 	 0.0048 	 -0.0036 	 0.0271
2.3246 	 -0.2662 	 -0.2689 	 -2.2723 	 -0.0823 	 -0.0301 	 0.0220 	 0.0048 	 -0.0036 	 0.0271
2.3347 	 -0.2670 	 -0.2693 	 -2.2721 	 -0.0822 	 -0.0301 	 0.0223 	 0.0048 	 -0.0036 	 0.0271
2.3447 	 -0.2678 	 -0.2696 	 -2.2718 	 -0.0822 	 -0.0302 	 0.0225 	 0.0048 	 -0.0036 	 0.0272
2.3547 	 -0.2686 	 -0.2699 	 -2.2716 	 -0.0821 	 -0.0302 	 0.0228 	 0.0048 	 -0.0036 	 0.0272
2.3647 	 -0.2695 	 -0.2702 	 -2.2714 	 -0.0821 	 -0.0303 	 0.0231 	 0.0048 	 -0.0037 	 0.0272
2.3747 	 -0.2703 	 -0.2705 	 -2.2712 	 -0.0820 	 -0.0303 	 0.0234 	 0.0048 	 -0.0037 	 0.0272
2.3848 	 -0.2711 	 -0.2708 	 -2.2709 	 -0.0820 	 -0.0303 	 0.0236 	 0.0048 	 -0.0037 	 0.0273
2.3948 	 -0.2719 	 -0.2711 	 -2.2707 	 -0.0819 	 -0.0304 	 0.0239 	 0.0049 	 -0.0037 	 0.0273
2.4048 	 -0.2728 	 -0.2714 	 -2.2704 	 -0.0819 	 -0.0304 	 0.0242 	 0.0049 	 -0.0037 	 0.0273
2.4148 	 -0.2736 	 -0.2717 	 -2.2702 	 -0.0818 	 -0.0304 	 0.0245 	 0.0049 	 -0.0038 	 0.0273
2.4248 	 -0.2744 	 -0.2720 	 -2.2699 	 -0.0818 	 -0.0305 	 0.0247 	 0.0049 	 -0.0038 	 0.0273
2.4349 	 -0.2752 	 -0.2723 	 -2.2697 	 -0.0817 	 -0.0305 	 0.0250 	 0.0049 	 -0.0038 	 0.0274
2.4449 	 -0.2760 	 -0.2726 	 -2.2694 	 -0.0817 	 -0.0306 	 0.0253 	 0.0049 	 -0.0038 	 0.0274
2.4549 	 -0.2768 	 -0.2729 	 -2.2692 	 -0.0816 	 -0.0306 	 0.0256 	 0.0049 	 -0.0039 	 0.0274
2.4649 	 -0.2777 	 -0.2732 	 -2.2689 	 -0.0816 	 -0.0306 	 0.0258 	 0.0049 	 -0.0039 	 0.0274
2.4749 	 -0.2785 	 -0.2735 	 -2.2687 	 -0.0815 	 -0.0307 	 0.0261 	 0.0049 	 -0.0039 	 0.0275
2.4850 	 -0.2793 	 -0.2738 	 -2.2684 	 -0.0815 	 -0.0307 	 0.0264 	 0.0050 	 -0.0039 	 0.0275
2.4950 	 -0.2801 	 -0.2741 	 -2.2681 	 -0.0814 	 -0.0307 	 0.0267 	 0.0050 	 -0.0039 	 0.0275
2.5050 	 -0.2809 	 -0.2744 	 -2.2679 	 -0.0814 	 -0.0308 	 0.0269 	 0.0050 	 -0.0040 	 0.0275
2.5150 	 -0.2817 	 -0.2747 	 -2.2676 	 -0.0813 	 -0.0308 	 0.0272 	 0.0050 	 -0.0040 	 0.0275
2.5251 	 -0.2826 	 -0.2751 	 -2.2673 	 -0.0813 	 -0.0309 	 0.0275 	 0.0050 	 -0.0040 	 0.0276
2.5351 	 -0.2834 	 -0.2754 	 -2.2671 	 -0.0812 	 -0.0309 	 0.0278 	 0.0050 	 -0.0040 	 0.0276
2.5451 	 -0.2842 	 -0.2757 	 -2.2668 	 -0.0812 	 -0.0309 	 0.0280 	 0.0050 	 -0.0040 	 0.0276
2.5551 	 -0.2850 	 -0.2760 	 -2.2665 	 -0.0811 	 -0.0310 	 0.0283 	 0.0050 	 -0.0041 	 0.0276
2.5651 	 -0.2858 	 -0.2763 	 -2.2662 	 -0.0811 	 -0.0310 	 0.0286 	 0.0050 	 -0.0041 	 0.0277
2.5752 	 -0.2866 	 -0.2766 	 -2.2659 	 -0.0810 	 -0.0311 	 0.0289 	 0.0051 	 -0.0041 	 0.0277
2.5852 	 -0.2874 	 -0.2769 	 -2.2656 	 -0.0810 	 -0.0311 	 0.0291 	 0.0051 	 -0.0041 	 0.0277
2.5952 	 -0.2883 	 -0.2772 	 -2.2653 	 -0.0809 	 -0.0312 	 0.0294 	 0.0051 	 -0.0042 	 0.0277
2.6052 	 -0.2891 	 -0.2775 	 -2.2650 	 -0.0809 	 -0.0312 	 0.0297 	 0.0051 	 -0.0042 	 0.0278
2.6152 	 -0.2899 	 -0.2779 	 -2.2647 	 -0.0808 	 -0.0312 	 0.0300 	 0.0051 	 -0.0042 	 0.0278
2.6253 	 -0.2907 	 -0.2782 	 -2.2644 	 -0.0808 	 -0.0313 	 0.0303 	 0.0051 	 -0.0042 	 0.0278
2.6353 	 -0.2915 	 -0.2785 	 -2.2641 	 -0.0807 	 -0.0313 	 0.0305 	 0.0051 	 -0.0042 	 0.0278
2.6453 	 -0.2923 	 -0.2788 	 -2.2638 	 -0.0807 	 -0.0314 	 0.0308 	 0.0051 	 -0.0043 	 0.0279
2.6553 	 -0.2931 	 -0.2791 	 -2.2635 	 -0.0806 	 -0.0314 	 0.0311 	 0.0052 	 -0.0043 	 0.0279
2.6653 	 -0.2939 	 -0.2794 	 -2.2632 	 -0.0806 	 -0.0314 	 0.0314 	 0.0052 	 -0.0043 	 0.0279
2.6754 	 -0.2947 	 -0.2797 	 -2.2629 	 -0.0805 	 -0.0315 	 0.0317 	 0.0052 	 -0.0043 	 0.0279
2.6854 	 -0.2955 	 -0.2801 	 -2.2626 	 -0.0805 	 -0.0315 	 0.0319 	 0.0052 	 -0.0044 	 0.0280
2.6954 	 -0.2963 	 -0.2804 	 -2.2622 	 -0.0804 	 -0.0316 	 0.0322 	 0.0052 	 -0.0044 	 0.0280
2.7054 	 -0.2971 	 -0.2807 	 -2.2619 	 -0.0804 	 -0.0316 	 0.0325 	 0.0052 	 -0.0044 	 0.0280
2.7154 	 -0.2979 	 -0.2810 	 -2.2616 	 -0.0803 	 -0.0317 	 0.0328 	 0.0052 	 -0.0044 	 0.0280
2.7255 	 -0.2988 	 -0.2813 	 -2.2613 	 -0.0803 	 -0.0317 	 0.0331 	 0.0052 	 -0.0044 	 0.0281
2.7355 	 -0.2996 	 -0.2816 	 -2.2609 	 -0.0802 	 -0.0318 	 0.0333 	 0.0052 	 -0.0045 	 0.0281
2.7455 	 -0.3004 	 -0.2820 	 -2.2606 	 -0.0802 	 -0.0318 	 0.0336 	 0.0053 	 -0.0045 	 0.0281
2.7555 	 -0.3012 	 -0.2823 	 -2.2603 	 -0.0801 	 -0.0318 	 0.0339 	 0.0053 	 -0.0045 	 0.0281
2.7655 	 -0.3020 	 -0.2826 	 -2.2599 	 -0.0801 	 -0.0319 	 0.0342 	 0.0053 	 -0.0045 	 0.0282
2.7756 	 -0.3028 	 -0.2829 	 -2.2596 	 -0.0800 	 -0.0319 	 0.0345 	 0.0053 	 -0.0046 	 0.0282
2.7856 	 -0.3036 	 -0.2832 	 -2.2592 	 -0.0800 	 -0.0320 	 0.0347 	 0.0053 	 -0.0046 	 0.0282
2.7956 	 -0.3044 	 -0.2836 	 -2.2589 	 -0.0799 	 -0.0320 	 0.0350 	 0.0053 	 -0.0046 	 0.0282
2.8056 	 -0.3052 	 -0.2839 	 -2.2585 	 -0.0798 	 -0.0321 	 0.0353 	 0.0053 	 -0.0046 	 0.0283
2.8156 	 -0.3060 	 -0.2842 	 -2.2582 	 -0.0798 	 -0.0321 	 0.0356 	 0.0053 	 -0.0047 	 0.0283
2.8257 	 -0.3068 	 -0.2845 	 -2.2578 	 -0.0797 	 -0.0322 	 0.0359 	 0.0054 	 -0.0047 	 0.0283
2.8357 	 -0.3076 	 -0.2848 	 -2.2575 	 -0.0797 	 -0.0322 	 0.0362 	 0.0054 	 -0.0047 	 0.0284
2.8457 	 -0.3084 	 -0.2852 	 -2.2571 	 -0.0796 	 -0.0323 	 0.0364 	 0.0054 	 -0.0047 	 0.0284
2.8557 	 -0.3092 	 -0.2855 	 -2.2567 	 -0.0796 	 -0.0323 	 0.0367 	 0.0054 	 -0.0048 	 0.0284
2.8657 	 -0.3100 	 -0.2858 	 -2.2564 	 -0.0795 	 -0.0324 	 0.0370 	 0.0054 	 -0.0048 	 0.0284
2.8758 	 -0.3108 	 -0.2861 	 -2.2560 	 -0.0795 	 -0.0324 	 0.0373 	 0.0054 	 -0.0048 	 0.0285
2.8858 	 -0.3116 	 -0.2865 	 -2.2556 	 -0.0794 	 -0.0325 	 0.0376 	 0.0054 	 -0.0048 	 0.0285
2.8958 	 -0.3123 	 -0.2868 	 -2.2552 	 -0.0794 	 -0.0325 	 0.0379 	 0.0055 	 -0.0048 	 0.0285
2.9058 	 -0.3131 	 -0.2871 	 -2.2548 	 -0.0793 	 -0.0326 	 0.0382 	 0.0055 	 -0.0049 	 0.0285
2.9158 	 -0.3139 	 -0.2874 	 -2.2545 	 -0.0792 	 -0.0326 	 0.0384 	 0.0055 	 -0.0049 	 0.0286
2.9259 	 -0.3147 	 -0.2878 	 -2.2541 	 -0.0792 	 -0.0327 	 0.0387 	 0.0055 	 -0.0049 	 0.0286
2.9359 	 -0.3155 	 -0.2881 	 -2.2537 	 -0.0791 	 -0.0327 	 0.0390 	 0.0055 	 -0.0049 	 0.0286
2.9459 	 -0.3163 	 -0.2884 	 -2.2533 	 -0.0791 	 -0.0327 	 0.0393 	 0.0055 	 -0.0050 	 0.0287
2.9559 	 -0.3171 	 -0.2888 	 -2.2529 	 -0.0790 	 -0.0328 	 0.0396 	 0.0055 	 -0.0050 	 0.0287
2.9659 	 -0.3179 	 -0.2891 	 -2.2525 	 -0.0790 	 -0.0328 	 0.0399 	 0.0055 	 -0.0050 	 0.0287
2.9760 	 -0.3187 	 -0.2894 	 -2.2521 	 -0.0789 	 -0.0329 	 0.0402 	 0.0056 	 -0.0051 	 0.0287
2.9860 	 -0.3195 	 -0.2897 	 -2.2517 	 -0.0789 	 -0.0330 	 0.0405 	 0.0056 	 -0.0051 	 0.0288
2.9960 	 -0.3203 	 -0.2901 	 -2.2513 	 -0.0788 	 -0.0330 	 0.0407 	 0.0056 	 -0.0051 	 0.0288
3.0060 	 -0.3211 	 -0.2904 	 -2.2509 	 -0.0787 	 -0.0331 	 0.0410 	 0.0056 	 -0.0051 	 0.0288
3.0160 	 -0.3218 	 -0.2907 	 -2.2505 	 -0.0787 	 -0.0331 	 0.0413 	 0.0056 	 -0.0052 	 0.0289
3.0261 	 -0.3226 	 -0.2911 	 -2.2501 	 -0.0786 	 -0.0332 	 0.0416 	 0.0056 	 -0.0052 	 0.0289
3.0361 	 -0.3234 	 -0.2914 	 -2.2496 	 -0.0786 	 -0.0332 	 0.0419 	 0.0056 	 -0.0052 	 0.0289
3.0461 	 -0.3242 	 -0.2917 	 -2.2492 	 -0.0785 	 -0.0333 	 0.0422 	 0.0057 	 -0.0052 	 0.0290
3.0561 	 -0.3250 	 -0.2921 	 -2.2488 	 -0.0785 	 -0.0333 	 0.0425 	 0.0057 	 -0.0053 	 0.0290
3.0661 	 -0.3258 	 -0.2924 	 -2.2484 	 -0.0784 	 -0.0334 	 0.0428 	 0.0057 	 -0.0053 	 0.0290
3.0762 	 -0.3266 	 -0.2927 	 -2.2479 	 -0.0784 	 -0.0334 	 0.0431 	 0.0057 	 -0.0053 	 0.0290
3.0862 	 -0.3274 	 -0.2931 	 -2.2475 	 -0.0783 	 -0.0335 	 0.0434 	 0.0057 	 -0.0053 	 0.0291
3.0962 	 -0.3281 	 -0.2934 	 -2.2471 	 -0.0782 	 -0.0335 	 0.0436 	 0.0057 	 -0.0054 	 0.0291
3.1062 	 -0.3289 	 -0.2937 	 -2.2466 	 -0.0782 	 -0.0336 	 0.0439 	 0.0057 	 -0.0054 	 0.0291
3.1162 	 -0.3297 	 -0.2941 	 -2.2462 	 -0.0781 	 -0.0336 	 0.0442 	 0.0058 	 -0.0054 	 0.0292
3.1263 	 -0.3305 	 -0.2944 	 -2.2457 	 -0.0781 	 -0.0337 	 0.0445 	 0.0058 	 -0.0054 	 0.0292
3.1363 	 -0.3313 	 -0.2948 	 -2.2453 	 -0.0780 	 -0.0337 	 0.0448 	 0.0058 	 -0.0055 	 0.0292
3.1463 	 -0.3321 	 -0.2951 	 -2.2448 	 -0.0779 	 -0.0338 	 0.0451 	 0.0058 	 -0.0055 	 0.0293
3.1563 	 -0.3328 	 -0.2954 	 -2.2444 	 -0.0779 	 -0.0339 	 0.0454 	 0.0058 	 -0.0055 	 0.0293
3.1663 	 -0.3336 	 -0.2958 	 -2.2439 	 -0.0778 	 -0.0339 	 0.0457 	 0.0058 	 -0.0056 	 0.0293
3.1764 	 -0.3344 	 -0.2961 	 -2.2435 	 -0.0778 	 -0.0340 	 0.0460 	 0.0058 	 -0.0056 	 0.0294
3.1864 	 -0.3352 	 -0.2965 	 -2.2430 	 -0.0777 	 -0.0340 	 0.0463 	 0.0059 	 -0.0056 	 0.0294
3.1964 	 -0.3359 	 -0.2968 	 -2.2425 	 -0.0777 	 -0.0341 	 0.0466 	 0.0059 	 -0.0056 	 0.0294
3.2064 	 -0.3367 	 -0.2971 	 -2.2421 	 -0.0776 	 -0.0341 	 0.0469 	 0.0059 	 -0.0057 	 0.0295
3.2164 	 -0.3375 	 -0.2975 	 -2.2416 	 -0.0775 	 -0.0342 	 0.0472 	 0.0059 	 -0.0057 	 0.0295
3.2265 	 -0.3383 	 -0.2978 	 -2.2411 	 -0.0775 	 -0.0342 	 0.0475 	 0.0059 	 -0.0057 	 0.0295
3.2365 	 -0.3391 	 -0.2982 	 -2.2407 	 -0.0774 	 -0.0343 	 0.0478 	 0.0059 	 -0.0058 	 0.0296
3.2465 	 -0.3398 	 -0.2985 	 -2.2402 	 -0.0774 	 -0.0344 	 0.0481 	 0.0059 	 -0.0058 	 0.0296
3.2565 	 -0.3406 	 -0.2989 	 -2.2397 	 -0.0773 	 -0.0344 	 0.0484 	 0.0060 	 -0.0058 	 0.0296
3.2665 	 -0.3414 	 -0.2992 	 -2.2392 	 -0.0772 	 -0.0345 	 0.0486 	 0.0060 	 -0.0058 	 0.0297
3.2766 	 -0.3422 	 -0.2995 	 -2.2387 	 -0.0772 	 -0.0345 	 0.0489 	 0.0060 	 -0.0059 	 0.0297
3.2866 	 -0.3429 	 -0.2999 	 -2.2382 	 -0.0771 	 -0.0346 	 0.0492 	 0.0060 	 -0.0059 	 0.0297
3.2966 	 -0.3437 	 -0.3002 	 -2.2377 	 -0.0771 	 -0.0347 	 0.0495 	 0.0060 	 -0.0059 	 0.0298
3.3066 	 -0.3445 	 -0.3006 	 -2.2372 	 -0.0770 	 -0.0347 	 0.0498 	 0.0060 	 -0.0060 	 0.0298
3.3166 	 -0.3452 	 -0.3009 	 -2.2367 	 -0.0769 	 -0.0348 	 0.0501 	 0.0060 	 -0.0060 	 0.0298
3.3267 	 -0.3460 	 -0.3013 	 -2.2362 	 -0.0769 	 -0.0348 	 0.0504 	 0.0061 	 -0.0060 	 0.0299
3.3367 	 -0.3468 	 -0.3016 	 -2.2357 	 -0.0768 	 -0.0349 	 0.0507 	 0.0061 	 -0.0061 	 0.0299
3.3467 	 -0.3476 	 -0.3020 	 -2.2352 	 -0.0768 	 -0.0350 	 0.0510 	 0.0061 	 -0.0061 	 0.0299
3.3567 	 -0.3483 	 -0.3023 	 -2.2347 	 -0.0767 	 -0.0350 	 0.0513 	 0.0061 	 -0.0061 	 0.0300
3.3667 	 -0.3491 	 -0.3027 	 -2.2342 	 -0.0766 	 -0.0351 	 0.0516 	 0.0061 	 -0.0061 	 0.0300
3.3768 	 -0.3499 	 -0.3030 	 -2.2337 	 -0.0766 	 -0.0351 	 0.0519 	 0.0061 	 -0.0062 	 0.0300
3.3868 	 -0.3506 	 -0.3034 	 -2.2331 	 -0.0765 	 -0.0352 	 0.0522 	 0.0062 	 -0.0062 	 0.0301
3.3968 	 -0.3514 	 -0.3037 	 -2.2326 	 -0.0765 	 -0.0353 	 0.0525 	 0.0062 	 -0.0062 	 0.0301
3.4068 	 -0.3522 	 -0.3041 	 -2.2321 	 -0.0764 	 -0.0353 	 0.0528 	 0.0062 	 -0.0063 	 0.0301
3.4168 	 -0.3529 	 -0.3045 	 -2.2316 	 -0.0763 	 -0.0354 	 0.0531 	 0.0062 	 -0.0063 	 0.0302
3.4269 	 -0.3537 	 -0.3048 	 -2.2310 	 -0.0763 	 -0.0355 	 0.0534 	 0.0062 	 -0.0063 	 0.0302
3.4369 	 -0.3545 	 -0.3052 	 -2.2305 	 -0.0762 	 -0.0355 	 0.0537 	 0.0062 	 -0.0064 	 0.0302
3.4469 	 -0.3552 	 -0.3055 	 -2.2299 	 -0.0761 	 -0.0356 	 0.0541 	 0.0063 	 -0.0064 	 0.0303
3.4569 	 -0.3560 	 -0.3059 	 -2.2294 	 -0.0761 	 -0.0356 	 0.0544 	 0.0063 	 -0.0064 	 0.0303
3.4669 	 -0.3567 	 -0.3062 	 -2.2289 	 -0.0760 	 -0.0357 	 0.0547 	 0.0063 	 -0.0065 	 0.0303
3.4770 	 -0.3575 	 -0.3066 	 -2.2283 	 -0.0760 	 -0.0358 	 0.0550 	 0.0063 	 -0.0065 	 0.0304
3.4870 	 -0.3583 	 -0.3069 	 -2.2278 	 -0.0759 	 -0.0358 	 0.0553 	 0.0063 	 -0.0065 	 0.0304
3.4970 	 -0.3590 	 -0.3073 	 -2.2272 	 -0.0758 	 -0.0359 	 0.0556 	 0.0063 	 -0.0065 	 0.0305
3.5070 	 -0.3598 	 -0.3077 	 -2.2266 	 -0.0758 	 -0.0360 	 0.0559 	 0.0064 	 -0.0066 	 0.0305
3.5170 	 -0.3605 	 -0.3080 	 -2.2261 	 -0.0757 	 -0.0360 	 0.0562 	 0.0064 	 -0.0066 	 0.0305
3.5271 	 -0.3613 	 -0.3084 	 -2.2255 	 -0.0756 	 -0.0361 	 0.0565 	 0.0064 	 -0.0066 	 0.0306
3.5371 	 -0.3621 	 -0.3088 	 -2.2249 	 -0.0756 	 -0.0362 	 0.0568 	 0.0064 	 -0.0067 	 0.0306
3.5471 	 -0.3628 	 -0.3091 	 -2.2244 	 -0.0755 	 -0.0362 	 0.0571 	 0.0064 	 -0.0067 	 0.0306
3.5571 	 -0.3636 	 -0.3095 	 -2.2238 	 -0.0754 	 -0.0363 	 0.0574 	 0.0064 	 -0.0067 	 0.0307
3.5671 	 -0.3643 	 -0.3098 	 -2.2232 	 -0.0754 	 -0.0364 	 0.0577 	 0.0065 	 -0.0068 	 0.0307
3.5772 	 -0.3651 	 -0.3102 	 -2.2226 	 -0.0753 	 -0.0364 	 0.0580 	 0.0065 	 -0.0068 	 0.0308
3.5872 	 -0.3658 	 -0.3106 	 -2.2221 	 -0.0752 	 -0.0365 	 0.0583 	 0.0065 	 -0.0068 	 0.0308
3.5972 	 -0.3666 	 -0.3109 	 -2.2215 	 -0.0752 	 -0.0366 	 0.0586 	 0.0065 	 -0.0069 	 0.0308
3.6072 	 -0.3673 	 -0.3113 	 -2.2209 	 -0.0751 	 -0.0366 	 0.0590 	 0.0065 	 -0.0069 	 0.0309
3.6172 	 -0.3681 	 -0.3117 	 -2.2203 	 -0.0751 	 -0.0367 	 0.0593 	 0.0065 	 -0.0069 	 0.0309
3.6273 	 -0.3688 	 -0.3120 	 -2.2197 	 -0.0750 	 -0.0368 	 0.0596 	 0.0066 	 -0.0070 	 0.0310
3.6373 	 -0.3696 	 -0.3124 	 -2.2191 	 -0.0749 	 -0.0369 	 0.0599 	 0.0066 	 -0.0070 	 0.0310
3.6473 	 -0.3703 	 -0.3128 	 -2.2185 	 -0.0749 	 -0.0369 	 0.0602 	 0.0066 	 -0.0071 	 0.0310
3.6573 	 -0.3711 	 -0.3132 	 -2.2179 	 -0.0748 	 -0.0370 	 0.0605 	 0.0066 	 -0.0071 	 0.0311
3.6673 	 -0.3718 	 -0.3135 	 -2.2173 	 -0.0747 	 -0.0371 	 0.0608 	 0.0066 	 -0.0071 	 0.0311
3.6774 	 -0.3726 	 -0.3139 	 -2.2167 	 -0.0747 	 -0.0371 	 0.0611 	 0.0066 	 -0.0072 	 0.0311
3.6874 	 -0.3733 	 -0.3143 	 -2.2161 	 -0.0746 	 -0.0372 	 0.0614 	 0.0067 	 -0.0072 	 0.0312
3.6974 	 -0.3741 	 -0.3146 	 -2.2154 	 -0.0745 	 -0.0373 	 0.0618 	 0.0067 	 -0.0072 	 0.0312
3.7074 	 -0.3748 	 -0.3150 	 -2.2148 	 -0.0745 	 -0.0374 	 0.0621 	 0.0067 	 -0.0073 	 0.0313
3.7174 	 -0.3756 	 -0.3154 	 -2.2142 	 -0.0744 	 -0.0374 	 0.0624 	 0.0067 	 -0.0073 	 0.0313
3.7275 	 -0.3763 	 -0.3158 	 -2.2136 	 -0.0743 	 -0.0375 	 0.0627 	 0.0067 	 -0.0073 	 0.0314
3.7375 	 -0.3771 	 -0.3161 	 -2.2129 	 -0.0743 	 -0.0376 	 0.0630 	 0.0068 	 -0.0074 	 0.0314
3.7475 	 -0.3778 	 -0.3165 	 -2.2123 	 -0.0742 	 -0.0377 	 0.0633 	 0.0068 	 -0.0074 	 0.0314
3.7575 	 -0.3786 	 -0.3169 	 -2.2117 	 -0.0741 	 -0.0377 	 0.0636 	 0.0068 	 -0.0074 	 0.0315
3.7675 	 -0.3793 	 -0.3173 	 -2.2110 	 -0.0740 	 -0.0378 	 0.0640 	 0.0068 	 -0.0075 	 0.0315
3.7776 	 -0.3800 	 -0.3177 	 -2.2104 	 -0.0740 	 -0.0379 	 0.0643 	 0.0068 	 -0.0075 	 0.0316
3.7876 	 -0.3808 	 -0.3180 	 -2.2097 	 -0.0739 	 -0.0380 	 0.0646 	 0.0068 	 -0.0076 	 0.0316
3.7976 	 -0.3815 	 -0.3184 	 -2.2091 	 -0.0738 	 -0.0380 	 0.0649 	 0.0069 	 -0.0076 	 0.0316
3.8076 	 -0.3823 	 -0.3188 	 -2.2084 	 -0.0738 	 -0.0381 	 0.0652 	 0.0069 	 -0.0076 	 0.0317
3.8176 	 -0.3830 	 -0.3192 	 -2.2078 	 -0.0737 	 -0.0382 	 0.0655 	 0.0069 	 -0.0077 	 0.0317
3.8277 	 -0.3837 	 -0.3196 	 -2.2071 	 -0.0736 	 -0.0383 	 0.0659 	 0.0069 	 -0.0077 	 0.0318
3.8377 	 -0.3845 	 -0.3199 	 -2.2065 	 -0.0736 	 -0.0383 	 0.0662 	 0.0069 	 -0.0077 	 0.0318
3.8477 	 -0.3852 	 -0.3203 	 -2.2058 	 -0.0735 	 -0.0384 	 0.0665 	 0.0070 	 -0.0078 	 0.0319
3.8577 	 -0.3859 	 -0.3207 	 -2.2051 	 -0.0734 	 -0.0385 	 0.0668 	 0.0070 	 -0.0078 	 0.0319
3.8677 	 -0.3867 	 -0.3211 	 -2.2045 	 -0.0734 	 -0.0386 	 0.0671 	 0.0070 	 -0.0079 	 0.0319
3.8778 	 -0.3874 	 -0.3215 	 -2.2038 	 -0.0733 	 -0.0387 	 0.0675 	 0.0070 	 -0.0079 	 0.0320
3.8878 	 -0.3882 	 -0.3219 	 -2.2031 	 -0.0732 	 -0.0387 	 0.0678 	 0.0070 	 -0.0079 	 0.0320
3.8978 	 -0.3889 	 -0.3223 	 -2.2024 	 -0.0731 	 -0.0388 	 0.0681 	 0.0071 	 -0.0080 	 0.0321
3.9078 	 -0.3896 	 -0.3227 	 -2.2018 	 -0.0731 	 -0.0389 	 0.0684 	 0.0071 	 -0.0080 	 0.0321
3.9178 	 -0.3903 	 -0.3230 	 -2.2011 	 -0.0730 	 -0.0390 	 0.0687 	 0.0071 	 -0.0081 	 0.0322
3.9279 	 -0.3911 	 -0.3234 	 -2.2004 	 -0.0729 	 -0.0391 	 0.0691 	 0.0071 	 -0.0081 	 0.0322
3.9379 	 -0.3918 	 -0.3238 	 -2.1997 	 -0.0729 	 -0.0391 	 0.0694 	 0.0071 	 -0.0081 	 0.0323
3.9479 	 -0.3925 	 -0.3242 	 -2.1990 	 -0.0728 	 -0.0392 	 0.0697 	 0.0072 	 -0.0082 	 0.0323
3.9579 	 -0.3933 	 -0.3246 	 -2.1983 	 -0.0727 	 -0.0393 	 0.0700 	 0.0072 	 -0.0082 	 0.0323
3.9679 	 -0.3940 	 -0.3250 	 -2.1976 	 -0.0726 	 -0.0394 	 0.0704 	 0.0072 	 -0.0083 	 0.0324
3.9780 	 -0.3947 	 -0.3254 	 -2.1969 	 -0.0726 	 -0.0395 	 0.0707 	 0.0072 	 -0.0083 	 0.0324
3.9880 	 -0.3955 	 -0.3258 	 -2.1962 	 -0.0725 	 -0.0395 	 0.0710 	 0.0072 	 -0.0083 	 0.0325
3.9980 	 -0.3962 	 -0.3262 	 -2.1955 	 -0.0724 	 -0.0396 	 0.0713 	 0.0073 	 -0.0084 	 0.0325
4.0080 	 -0.3969 	 -0.3266 	 -2.1947 	 -0.0724 	 -0.0397 	 0.0717 	 0.0073 	 -0.0084 	 0.0326
4.0180 	 -0.3976 	 -0.3270 	 -2.1940 	 -0.0723 	 -0.0398 	 0.0720 	 0.0073 	 -0.0085 	 0.0326
4.0281 	 -0.3984 	 -0.3274 	 -2.1933 	 -0.0722 	 -0.0399 	 0.0723 	 0.0073 	 -0.0085 	 0.0327
4.0381 	 -0.3991 	 -0.3278 	 -2.1926 	 -0.0721 	 -0.0400 	 0.0726 	 0.0073 	 -0.0086 	 0.0327
4.0481 	 -0.3998 	 -0.3282 	 -2.1918 	 -0.0721 	 -0.0401 	 0.0730 	 0.0074 	 -0.0086 	 0.0328
4.0581 	 -0.4005 	 -0.3286 	 -2.1911 	 -0.0720 	 -0.0401 	 0.0733 	 0.0074 	 -0.0086 	 0.0328
4.0681 	 -0.4012 	 -0.3290 	 -2.1904 	 -0.0719 	 -0.0402 	 0.0736 	 0.0074 	 -0.0087 	 0.0329
4.0782 	 -0.4020 	 -0.3294 	 -2.1896 	 -0.0718 	 -0.0403 	 0.0740 	 0.0074 	 -0.0087 	 0.0329
4.0882 	 -0.4027 	 -0.3298 	 -2.1889 	 -0.0718 	 -0.0404 	 0.0743 	 0.0075 	 -0.0088 	 0.0330
4.0982 	 -0.4034 	 -0.3302 	 -2.1881 	 -0.0717 	 -0.0405 	 0.0746 	 0.0075 	 -0.0088 	 0.0330
4.1082 	 -0.4041 	 -0.3306 	 -2.1874 	 -0.0716 	 -0.0406 	 0.0749 	 0.0075 	 -0.0089 	 0.0331
4.1182 	 -0.4048 	 -0.3310 	 -2.1866 	 -0.0715 	 -0.0407 	 0.0753 	 0.0075 	 -0.0089 	 0.0331
4.1283 	 -0.4055 	 -0.3314 	 -2.1859 	 -0.0715 	 -0.0408 	 0.0756 	 0.0075 	 -0.0089 	 0.0332
4.1383 	 -0.4063 	 -0.3318 	 -2.1851 	 -0.0714 	 -0.0408 	 0.0759 	 0.0076 	 -0.0090 	 0.0332
4.1483 	 -0.4070 	 -0.3322 	 -2.1844 	 -0.0713 	 -0.0409 	 0.0763 	 0.0076 	 -0.0090 	 0.0333
4.1583 	 -0.4077 	 -0.3327 	 -2.1836 	 -0.0712 	 -0.0410 	 0.0766 	 0.0076 	 -0.0091 	 0.0333
4.1683 	 -0.4084 	 -0.3331 	 -2.1828 	 -0.0712 	 -0.0411 	 0.0769 	 0.0076 	 -0.0091 	 0.0334
4.1784 	 -0.4091 	 -0.3335 	 -2.1821 	 -0.0711 	 -0.0412 	 0.0773 	 0.0076 	 -0.0092 	 0.0334
4.1884 	 -0.4098 	 -0.3339 	 -2.1813 	 -0.0710 	 -0.0413 	 0.0776 	 0.0077 	 -0.0092 	 0.0335
4.1984 	 -0.4105 	 -0.3343 	 -2.1805 	 -0.0709 	 -0.0414 	 0.0779 	 0.0077 	 -0.0093 	 0.0335
4.2084 	 -0.4113 	 -0.3347 	 -2.1797 	 -0.0709 	 -0.0415 	 0.0783 	 0.0077 	 -0.0093 	 0.0336
4.2184 	 -0.4120 	 -0.3351 	 -2.1789 	 -0.0708 	 -0.0416 	 0.0786 	 0.0077 	 -0.0094 	 0.0336
4.2285 	 -0.4127 	 -0.3356 	 -2.1781 	 -0.0707 	 -0.0417 	 0.0790 	 0.0078 	 -0.0094 	 0.0337
4.2385 	 -0.4134 	 -0.3360 	 -2.1773 	 -0.0706 	 -0.0418 	 0.0793 	 0.0078 	 -0.0095 	 0.0337
4.2485 	 -0.4141 	 -0.3364 	 -2.1765 	 -0.0705 	 -0.0419 	 0.0796 	 0.0078 	 -0.0095 	 0.0338
4.2585 	 -0.4148 	 -0.3368 	 -2.1757 	 -0.0705 	 -0.0420 	 0.0800 	 0.0078 	 -0.0096 	 0.0338
4.2685 	 -0.4155 	 -0.3372 	 -2.1749 	 -0.0704 	 -0.0421 	 0.0803 	 0.0079 	 -0.0096 	 0.0339
4.2786 	 -0.4162 	 -0.3377 	 -2.1741 	 -0.0703 	 -0.0422 	 0.0807 	 0.0079 	 -0.0096 	 0.0339
4.2886 	 -0.4169 	 -0.3381 	 -2.1733 	 -0.0702 	 -0.0423 	 0.0810 	 0.0079 	 -0.0097 	 0.0340
4.2986 	 -0.4176 	 -0.3385 	 -2.1725 	 -0.0701 	 -0.0423 	 0.0813 	 0.0079 	 -0.0097 	 0.0340
4.3086 	 -0.4183 	 -0.3389 	 -2.1717 	 -0.0701 	 -0.0424 	 0.0817 	 0.0080 	 -0.0098 	 0.0341
4.3186 	 -0.4190 	 -0.3394 	 -2.1709 	 -0.0700 	 -0.0425 	 0.0820 	 0.0080 	 -0.0098 	 0.0341
4.3287 	 -0.4197 	 -0.3398 	 -2.1701 	 -0.0699 	 -0.0426 	 0.0824 	 0.0080 	 -0.0099 	 0.0342
4.3387 	 -0.4204 	 -0.3402 	 -2.1692 	 -0.0698 	 -0.0427 	 0.0827 	 0.0080 	 -0.0099 	 0.0343
4.3487 	 -0.4211 	 -0.3406 	 -2.1684 	 -0.0697 	 -0.0428 	 0.0830 	 0.0080 	 -0.0100 	 0.0343
4.3587 	 -0.4218 	 -0.3411 	 -2.1676 	 -0.0697 	 -0.0429 	 0.0834 	 0.0081 	 -0.0100 	 0.0344
4.3687 	 -0.4225 	 -0.3415 	 -2.1667 	 -0.0696 	 -0.0430 	 0.0837 	 0.0081 	 -0.0101 	 0.0344
4.3788 	 -0.4232 	 -0.3419 	 -2.1659 	 -0.0695 	 -0.0431 	 0.0841 	 0.0081 	 -0.0101 	 0.0345
4.3888 	 -0.4239 	 -0.3424 	 -2.1650 	 -0.0694 	 -0.0432 	 0.0844 	 0.0081 	 -0.0102 	 0.0345
4.3988 	 -0.4246 	 -0.3428 	 -2.1642 	 -0.0693 	 -0.0434 	 0.0848 	 0.0082 	 -0.0103 	 0.0346
4.4088 	 -0.4253 	 -0.3432 	 -2.1633 	 -0.0693 	 -0.0435 	 0.0851 	 0.0082 	 -0.0103 	 0.0346
4.4188 	 -0.4260 	 -0.3437 	 -2.1625 	 -0.0692 	 -0.0436 	 0.0855 	 0.0082 	 -0.0104 	 0.0347
4.4289 	 -0.4267 	 -0.3441 	 -2.1616 	 -0.0691 	 -0.0437 	 0.0858 	 0.0082 	 -0.0104 	 0.0348
4.4389 	 -0.4274 	 -0.3445 	 -2.1608 	 -0.0690 	 -0.0438 	 0.0862 	 0.0083 	 -0.0105 	 0.0348
4.4489 	 -0.4281 	 -0.3450 	 -2.1599 	 -0.0689 	 -0.0439 	 0.0865 	 0.0083 	 -0.0105 	 0.0349
4.4589 	 -0.4288 	 -0.3454 	 -2.1590 	 -0.0688 	 -0.0440 	 0.0869 	 0.0083 	 -0.0106 	 0.0349
4.4689 	 -0.4294 	 -0.3459 	 -2.1582 	 -0.0688 	 -0.0441 	 0.0872 	 0.0084 	 -0.0106 	 0.0350
4.4790 	 -0.4301 	 -0.3463 	 -2.1573 	 -0.0687 	 -0.0442 	 0.0876 	 0.0084 	 -0.0107 	 0.0350
4.4890 	 -0.4308 	 -0.3467 	 -2.1564 	 -0.0686 	 -0.0443 	 0.0879 	 0.0084 	 -0.0107 	 0.0351
4.4990 	 -0.4315 	 -0.3472 	 -2.1555 	 -0.0685 	 -0.0444 	 0.0883 	 0.0084 	 -0.0108 	 0.0352
4.5090 	 -0.4322 	 -0.3476 	 -2.1546 	 -0.0684 	 -0.0445 	 0.0886 	 0.0085 	 -0.0108 	 0.0352
4.5190 	 -0.4329 	 -0.3481 	 -2.1538 	 -0.0683 	 -0.0446 	 0.0890 	 0.0085 	 -0.0109 	 0.0353
4.5291 	 -0.4336 	 -0.3485 	 -2.1529 	 -0.0683 	 -0.0447 	 0.0893 	 0.0085 	 -0.0110 	 0.0353
4.5391 	 -0.4342 	 -0.3490 	 -2.1520 	 -0.0682 	 -0.0448 	 0.0897 	 0.0085 	 -0.0110 	 0.0354
4.5491 	 -0.4349 	 -0.3494 	 -2.1511 	 -0.0681 	 -0.0450 	 0.0900 	 0.0086 	 -0.0111 	 0.0355
4.5591 	 -0.4356 	 -0.3499 	 -2.1502 	 -0.0680 	 -0.0451 	 0.0904 	 0.0086 	 -0.0111 	 0.0355
4.5691 	 -0.4363 	 -0.3503 	 -2.1492 	 -0.0679 	 -0.0452 	 0.0907 	 0.0086 	 -0.0112 	 0.0356
4.5792 	 -0.4370 	 -0.3508 	 -2.1483 	 -0.0678 	 -0.0453 	 0.0911 	 0.0086 	 -0.0112 	 0.0356
4.5892 	 -0.4376 	 -0.3512 	 -2.1474 	 -0.0677 	 -0.0454 	 0.0915 	 0.0087 	 -0.0113 	 0.0357
4.5992 	 -0.4383 	 -0.3517 	 -2.1465 	 -0.0676 	 -0.0455 	 0.0918 	 0.0087 	 -0.0114 	 0.0358
4.6092 	 -0.4390 	 -0.3522 	 -2.1456 	 -0.0676 	 -0.0456 	 0.0922 	 0.0087 	 -0.0114 	 0.0358
4.6192 	 -0.4397 	 -0.3526 	 -2.1447 	 -0.0675 	 -0.0457 	 0.0925 	 0.0088 	 -0.0115 	 0.0359
4.6293 	 -0.4404 	 -0.3531 	 -2.1437 	 -0.0674 	 -0.0459 	 0.0929 	 0.0088 	 -0.0115 	 0.0360
4.6393 	 -0.4410 	 -0.3535 	 -2.1428 	 -0.0673 	 -0.0460 	 0.0933 	 0.0088 	 -0.0116 	 0.0360
4.6493 	 -0.4417 	 -0.3540 	 -2.1419 	 -0.0672 	 -0.0461 	 0.0936 	 0.0088 	 -0.0117 	 0.0361
4.6593 	 -0.4424 	 -0.3545 	 -2.1409 	 -0.0671 	 -0.0462 	 0.0940 	 0.0089 	 -0.0117 	 0.0362
4.6693 	 -0.4431 	 -0.3549 	 -2.1400 	 -0.0670 	 -0.0463 	 0.0943 	 0.0089 	 -0.0118 	 0.0362
4.6794 	 -0.4437 	 -0.3554 	 -2.1390 	 -0.0669 	 -0.0464 	 0.0947 	 0.0089 	 -0.0118 	 0.0363
4.6894 	 -0.4444 	 -0.3558 	 -2.1381 	 -0.0669 	 -0.0466 	 0.0951 	 0.0090 	 -0.0119 	 0.0363
4.6994 	 -0.4451 	 -0.3563 	 -2.1371 	 -0.0668 	 -0.0467 	 0.0954 	 0.0090 	 -0.0120 	 0.0364
4.7094 	 -0.4457 	 -0.3568 	 -2.1362 	 -0.0667 	 -0.0468 	 0.0958 	 0.0090 	 -0.0120 	 0.0365
4.7194 	 -0.4464 	 -0.3573 	 -2.1352 	 -0.0666 	 -0.0469 	 0.0962 	 0.0090 	 -0.0121 	 0.0365
4.7295 	 -0.4471 	 -0.3577 	 -2.1342 	 -0.0665 	 -0.0470 	 0.0965 	 0.0091 	 -0.0121 	 0.0366
4.7395 	 -0.4477 	 -0.3582 	 -2.1333 	 -0.0664 	 -0.0472 	 0.0969 	 0.0091 	 -0.0122 	 0.0367
4.7495 	 -0.4484 	 -0.3587 	 -2.1323 	 -0.0663 	 -0.0473 	 0.0973 	 0.0091 	 -0.0123 	 0.0367
4.7595 	 -0.4491 	 -0.3591 	 -2.1313 	 -0.0662 	 -0.0474 	 0.0976 	 0.0092 	 -0.0123 	 0.0368
4.7695 	 -0.4497 	 -0.3596 	 -2.1303 	 -0.0661 	 -0.0475 	 0.0980 	 0.0092 	 -0.0124 	 0.0369
4.7796 	 -0.4504 	 -0.3601 	 -2.1294 	 -0.0660 	 -0.0477 	 0.0984 	 0.0092 	 -0.0125 	 0.0369
4.7896 	 -0.4510 	 -0.3606 	 -2.1284 	 -0.0659 	 -0.0478 	 0.0987 	 0.0093 	 -0.0125 	 0.0370
4.7996 	 -0.4517 	 -0.3611 	 -2.1274 	 -0.0658 	 -0.0479 	 0.0991 	 0.0093 	 -0.0126 	 0.0371
4.8096 	 -0.4524 	 -0.3615 	 -2.1264 	 -0.0658 	 -0.0480 	 0.0995 	 0.0093 	 -0.0127 	 0.0372
4.8196 	 -0.4530 	 -0.3620 	 -2.1254 	 -0.0657 	 -0.0482 	 0.0999 	 0.0094 	 -0.0127 	 0.0372
4.8297 	 -0.4537 	 -0.3625 	 -2.1244 	 -0.0656 	 -0.0483 	 0.1002 	 0.0094 	 -0.0128 	 0.0373
4.8397 	 -0.4543 	 -0.3630 	 -2.1234 	 -0.0655 	 -0.0484 	 0.1006 	 0.0094 	 -0.0129 	 0.0374
4.8497 	 -0.4550 	 -0.3635 	 -2.1224 	 -0.0654 	 -0.0486 	 0.1010 	 0.0095 	 -0.0129 	 0.0374
4.8597 	 -0.4556 	 -0.3640 	 -2.1214 	 -0.0653 	 -0.0487 	 0.1014 	 0.0095 	 -0.0130 	 0.0375
4.8697 	 -0.4563 	 -0.3644 	 -2.1203 	 -0.0652 	 -0.0488 	 0.1017 	 0.0095 	 -0.0131 	 0.0376
4.8798 	 -0.4570 	 -0.3649 	 -2.1193 	 -0.0651 	 -0.0489 	 0.1021 	 0.0095 	 -0.0132 	 0.0377
4.8898 	 -0.4576 	 -0.3654 	 -2.1183 	 -0.0650 	 -0.0491 	 0.1025 	 0.0096 	 -0.0132 	 0.0377
4.8998 	 -0.4583 	 -0.3659 	 -2.1173 	 -0.0649 	 -0.0492 	 0.1029 	 0.0096 	 -0.0133 	 0.0378
4.9098 	 -0.4589 	 -0.3664 	 -2.1162 	 -0.0648 	 -0.0493 	 0.1032 	 0.0096 	 -0.0134 	 0.0379
4.9198 	 -0.4596 	 -0.3669 	 -2.1152 	 -0.0647 	 -0.0495 	 0.1036 	 0.0097 	 -0.0134 	 0.0379
4.9299 	 -0.4602 	 -0.3674 	 -2.1141 	 -0.0646 	 -0.0496 	 0.1040 	 0.0097 	 -0.0135 	 0.0380
4.9399 	 -0.4608 	 -0.3679 	 -2.1131 	 -0.0645 	 -0.0497 	 0.1044 	 0.0097 	 -0.0136 	 0.0381
4.9499 	 -0.4615 	 -0.3684 	 -2.1121 	 -0.0644 	 -0.0499 	 0.1048 	 0.0098 	 -0.0137 	 0.0382
4.9599 	 -0.4621 	 -0.3689 	 -2.1110 	 -0.0643 	 -0.0500 	 0.1052 	 0.0098 	 -0.0137 	 0.0382
4.9699 	 -0.4628 	 -0.3694 	 -2.1100 	 -0.0642 	 -0.0502 	 0.1055 	 0.0098 	 -0.0138 	 0.0383
4.9800 	 -0.4634 	 -0.3699 	 -2.1089 	 -0.0641 	 -0.0503 	 0.1059 	 0.0099 	 -0.0139 	 0.0384
4.9900 	 -0.4641 	 -0.3704 	 -2.1078 	 -0.0640 	 -0.0504 	 0.1063 	 0.0099 	 -0.0139 	 0.0385
