3-Body Run with i = 3 th particle. (Units in pc,M_solar,Myr, km s-1) 

time		 x 		 y 		 z 		 xdot 		 ydot 		 zdot 		 xddot 		 yddot 		 zddot
0.0000 	 0.1281 	 -0.1168 	 -0.7897 	 -0.0560 	 -0.1097 	 -0.0437 	 -0.0028 	 -0.0104 	 -0.0072
0.0100 	 0.1275 	 -0.1179 	 -0.7901 	 -0.0561 	 -0.1098 	 -0.0438 	 -0.0028 	 -0.0104 	 -0.0072
0.0200 	 0.1270 	 -0.1190 	 -0.7906 	 -0.0561 	 -0.1099 	 -0.0438 	 -0.0028 	 -0.0103 	 -0.0072
0.0301 	 0.1264 	 -0.1201 	 -0.7910 	 -0.0561 	 -0.1100 	 -0.0439 	 -0.0028 	 -0.0103 	 -0.0072
0.0401 	 0.1258 	 -0.1212 	 -0.7914 	 -0.0561 	 -0.1101 	 -0.0440 	 -0.0028 	 -0.0103 	 -0.0071
0.0501 	 0.1253 	 -0.1223 	 -0.7919 	 -0.0562 	 -0.1102 	 -0.0441 	 -0.0028 	 -0.0103 	 -0.0071
0.0601 	 0.1247 	 -0.1234 	 -0.7923 	 -0.0562 	 -0.1103 	 -0.0441 	 -0.0028 	 -0.0103 	 -0.0071
0.0701 	 0.1241 	 -0.1245 	 -0.7928 	 -0.0562 	 -0.1104 	 -0.0442 	 -0.0028 	 -0.0103 	 -0.0071
0.0802 	 0.1236 	 -0.1256 	 -0.7932 	 -0.0562 	 -0.1105 	 -0.0443 	 -0.0028 	 -0.0102 	 -0.0071
0.0902 	 0.1230 	 -0.1267 	 -0.7936 	 -0.0563 	 -0.1106 	 -0.0443 	 -0.0028 	 -0.0102 	 -0.0071
0.1002 	 0.1225 	 -0.1278 	 -0.7941 	 -0.0563 	 -0.1107 	 -0.0444 	 -0.0028 	 -0.0102 	 -0.0071
0.1102 	 0.1219 	 -0.1290 	 -0.7945 	 -0.0563 	 -0.1108 	 -0.0445 	 -0.0028 	 -0.0102 	 -0.0071
0.1202 	 0.1213 	 -0.1301 	 -0.7950 	 -0.0564 	 -0.1109 	 -0.0446 	 -0.0028 	 -0.0102 	 -0.0071
0.1303 	 0.1208 	 -0.1312 	 -0.7954 	 -0.0564 	 -0.1110 	 -0.0446 	 -0.0028 	 -0.0102 	 -0.0071
0.1403 	 0.1202 	 -0.1323 	 -0.7959 	 -0.0564 	 -0.1111 	 -0.0447 	 -0.0028 	 -0.0102 	 -0.0071
0.1503 	 0.1196 	 -0.1334 	 -0.7963 	 -0.0564 	 -0.1112 	 -0.0448 	 -0.0028 	 -0.0101 	 -0.0071
0.1603 	 0.1191 	 -0.1345 	 -0.7968 	 -0.0565 	 -0.1113 	 -0.0448 	 -0.0028 	 -0.0101 	 -0.0071
0.1703 	 0.1185 	 -0.1356 	 -0.7972 	 -0.0565 	 -0.1114 	 -0.0449 	 -0.0028 	 -0.0101 	 -0.0071
0.1804 	 0.1179 	 -0.1368 	 -0.7977 	 -0.0565 	 -0.1115 	 -0.0450 	 -0.0028 	 -0.0101 	 -0.0071
0.1904 	 0.1174 	 -0.1379 	 -0.7981 	 -0.0566 	 -0.1116 	 -0.0451 	 -0.0028 	 -0.0101 	 -0.0070
0.2004 	 0.1168 	 -0.1390 	 -0.7986 	 -0.0566 	 -0.1117 	 -0.0451 	 -0.0028 	 -0.0101 	 -0.0070
0.2104 	 0.1162 	 -0.1401 	 -0.7990 	 -0.0566 	 -0.1118 	 -0.0452 	 -0.0028 	 -0.0100 	 -0.0070
0.2204 	 0.1157 	 -0.1412 	 -0.7995 	 -0.0566 	 -0.1119 	 -0.0453 	 -0.0028 	 -0.0100 	 -0.0070
0.2305 	 0.1151 	 -0.1424 	 -0.7999 	 -0.0567 	 -0.1120 	 -0.0453 	 -0.0028 	 -0.0100 	 -0.0070
0.2405 	 0.1145 	 -0.1435 	 -0.8004 	 -0.0567 	 -0.1121 	 -0.0454 	 -0.0028 	 -0.0100 	 -0.0070
0.2505 	 0.1140 	 -0.1446 	 -0.8008 	 -0.0567 	 -0.1122 	 -0.0455 	 -0.0028 	 -0.0100 	 -0.0070
0.2605 	 0.1134 	 -0.1457 	 -0.8013 	 -0.0567 	 -0.1123 	 -0.0455 	 -0.0028 	 -0.0100 	 -0.0070
0.2705 	 0.1128 	 -0.1469 	 -0.8018 	 -0.0568 	 -0.1124 	 -0.0456 	 -0.0028 	 -0.0100 	 -0.0070
0.2806 	 0.1123 	 -0.1480 	 -0.8022 	 -0.0568 	 -0.1125 	 -0.0457 	 -0.0028 	 -0.0099 	 -0.0070
0.2906 	 0.1117 	 -0.1491 	 -0.8027 	 -0.0568 	 -0.1126 	 -0.0458 	 -0.0028 	 -0.0099 	 -0.0070
0.3006 	 0.1111 	 -0.1502 	 -0.8031 	 -0.0569 	 -0.1127 	 -0.0458 	 -0.0028 	 -0.0099 	 -0.0070
0.3106 	 0.1105 	 -0.1514 	 -0.8036 	 -0.0569 	 -0.1128 	 -0.0459 	 -0.0028 	 -0.0099 	 -0.0070
0.3206 	 0.1100 	 -0.1525 	 -0.8040 	 -0.0569 	 -0.1129 	 -0.0460 	 -0.0028 	 -0.0099 	 -0.0070
0.3307 	 0.1094 	 -0.1536 	 -0.8045 	 -0.0569 	 -0.1130 	 -0.0460 	 -0.0028 	 -0.0099 	 -0.0070
0.3407 	 0.1088 	 -0.1548 	 -0.8050 	 -0.0570 	 -0.1131 	 -0.0461 	 -0.0028 	 -0.0098 	 -0.0070
0.3507 	 0.1083 	 -0.1559 	 -0.8054 	 -0.0570 	 -0.1132 	 -0.0462 	 -0.0028 	 -0.0098 	 -0.0070
0.3607 	 0.1077 	 -0.1570 	 -0.8059 	 -0.0570 	 -0.1133 	 -0.0462 	 -0.0028 	 -0.0098 	 -0.0069
0.3707 	 0.1071 	 -0.1582 	 -0.8064 	 -0.0571 	 -0.1134 	 -0.0463 	 -0.0028 	 -0.0098 	 -0.0069
0.3808 	 0.1065 	 -0.1593 	 -0.8068 	 -0.0571 	 -0.1135 	 -0.0464 	 -0.0028 	 -0.0098 	 -0.0069
0.3908 	 0.1060 	 -0.1604 	 -0.8073 	 -0.0571 	 -0.1136 	 -0.0465 	 -0.0028 	 -0.0098 	 -0.0069
0.4008 	 0.1054 	 -0.1616 	 -0.8078 	 -0.0571 	 -0.1137 	 -0.0465 	 -0.0028 	 -0.0097 	 -0.0069
0.4108 	 0.1048 	 -0.1627 	 -0.8082 	 -0.0572 	 -0.1138 	 -0.0466 	 -0.0028 	 -0.0097 	 -0.0069
0.4208 	 0.1043 	 -0.1639 	 -0.8087 	 -0.0572 	 -0.1139 	 -0.0467 	 -0.0028 	 -0.0097 	 -0.0069
0.4309 	 0.1037 	 -0.1650 	 -0.8092 	 -0.0572 	 -0.1140 	 -0.0467 	 -0.0028 	 -0.0097 	 -0.0069
0.4409 	 0.1031 	 -0.1661 	 -0.8096 	 -0.0573 	 -0.1141 	 -0.0468 	 -0.0028 	 -0.0097 	 -0.0069
0.4509 	 0.1025 	 -0.1673 	 -0.8101 	 -0.0573 	 -0.1142 	 -0.0469 	 -0.0028 	 -0.0097 	 -0.0069
0.4609 	 0.1020 	 -0.1684 	 -0.8106 	 -0.0573 	 -0.1143 	 -0.0469 	 -0.0028 	 -0.0097 	 -0.0069
0.4709 	 0.1014 	 -0.1696 	 -0.8110 	 -0.0573 	 -0.1144 	 -0.0470 	 -0.0028 	 -0.0096 	 -0.0069
0.4810 	 0.1008 	 -0.1707 	 -0.8115 	 -0.0574 	 -0.1145 	 -0.0471 	 -0.0028 	 -0.0096 	 -0.0069
0.4910 	 0.1002 	 -0.1719 	 -0.8120 	 -0.0574 	 -0.1146 	 -0.0471 	 -0.0028 	 -0.0096 	 -0.0069
0.5010 	 0.0997 	 -0.1730 	 -0.8125 	 -0.0574 	 -0.1147 	 -0.0472 	 -0.0028 	 -0.0096 	 -0.0069
0.5110 	 0.0991 	 -0.1742 	 -0.8129 	 -0.0575 	 -0.1148 	 -0.0473 	 -0.0028 	 -0.0096 	 -0.0069
0.5210 	 0.0985 	 -0.1753 	 -0.8134 	 -0.0575 	 -0.1149 	 -0.0473 	 -0.0028 	 -0.0096 	 -0.0069
0.5311 	 0.0979 	 -0.1765 	 -0.8139 	 -0.0575 	 -0.1150 	 -0.0474 	 -0.0028 	 -0.0095 	 -0.0069
0.5411 	 0.0974 	 -0.1776 	 -0.8144 	 -0.0575 	 -0.1151 	 -0.0475 	 -0.0029 	 -0.0095 	 -0.0069
0.5511 	 0.0968 	 -0.1788 	 -0.8148 	 -0.0576 	 -0.1152 	 -0.0476 	 -0.0029 	 -0.0095 	 -0.0069
0.5611 	 0.0962 	 -0.1799 	 -0.8153 	 -0.0576 	 -0.1153 	 -0.0476 	 -0.0029 	 -0.0095 	 -0.0068
0.5711 	 0.0956 	 -0.1811 	 -0.8158 	 -0.0576 	 -0.1154 	 -0.0477 	 -0.0029 	 -0.0095 	 -0.0068
0.5812 	 0.0951 	 -0.1822 	 -0.8163 	 -0.0577 	 -0.1154 	 -0.0478 	 -0.0029 	 -0.0095 	 -0.0068
0.5912 	 0.0945 	 -0.1834 	 -0.8167 	 -0.0577 	 -0.1155 	 -0.0478 	 -0.0029 	 -0.0094 	 -0.0068
0.6012 	 0.0939 	 -0.1846 	 -0.8172 	 -0.0577 	 -0.1156 	 -0.0479 	 -0.0029 	 -0.0094 	 -0.0068
0.6112 	 0.0933 	 -0.1857 	 -0.8177 	 -0.0577 	 -0.1157 	 -0.0480 	 -0.0029 	 -0.0094 	 -0.0068
0.6212 	 0.0927 	 -0.1869 	 -0.8182 	 -0.0578 	 -0.1158 	 -0.0480 	 -0.0029 	 -0.0094 	 -0.0068
0.6313 	 0.0922 	 -0.1880 	 -0.8187 	 -0.0578 	 -0.1159 	 -0.0481 	 -0.0029 	 -0.0094 	 -0.0068
0.6413 	 0.0916 	 -0.1892 	 -0.8191 	 -0.0578 	 -0.1160 	 -0.0482 	 -0.0029 	 -0.0094 	 -0.0068
0.6513 	 0.0910 	 -0.1904 	 -0.8196 	 -0.0579 	 -0.1161 	 -0.0482 	 -0.0029 	 -0.0093 	 -0.0068
0.6613 	 0.0904 	 -0.1915 	 -0.8201 	 -0.0579 	 -0.1162 	 -0.0483 	 -0.0029 	 -0.0093 	 -0.0068
0.6713 	 0.0898 	 -0.1927 	 -0.8206 	 -0.0579 	 -0.1163 	 -0.0484 	 -0.0029 	 -0.0093 	 -0.0068
0.6814 	 0.0893 	 -0.1939 	 -0.8211 	 -0.0579 	 -0.1164 	 -0.0484 	 -0.0029 	 -0.0093 	 -0.0068
0.6914 	 0.0887 	 -0.1950 	 -0.8216 	 -0.0580 	 -0.1165 	 -0.0485 	 -0.0029 	 -0.0093 	 -0.0068
0.7014 	 0.0881 	 -0.1962 	 -0.8221 	 -0.0580 	 -0.1166 	 -0.0486 	 -0.0029 	 -0.0093 	 -0.0068
0.7114 	 0.0875 	 -0.1974 	 -0.8225 	 -0.0580 	 -0.1167 	 -0.0486 	 -0.0029 	 -0.0092 	 -0.0068
0.7214 	 0.0869 	 -0.1985 	 -0.8230 	 -0.0581 	 -0.1168 	 -0.0487 	 -0.0029 	 -0.0092 	 -0.0068
0.7315 	 0.0864 	 -0.1997 	 -0.8235 	 -0.0581 	 -0.1169 	 -0.0488 	 -0.0029 	 -0.0092 	 -0.0068
0.7415 	 0.0858 	 -0.2009 	 -0.8240 	 -0.0581 	 -0.1169 	 -0.0489 	 -0.0029 	 -0.0092 	 -0.0068
0.7515 	 0.0852 	 -0.2021 	 -0.8245 	 -0.0581 	 -0.1170 	 -0.0489 	 -0.0029 	 -0.0092 	 -0.0068
0.7615 	 0.0846 	 -0.2032 	 -0.8250 	 -0.0582 	 -0.1171 	 -0.0490 	 -0.0029 	 -0.0092 	 -0.0068
0.7715 	 0.0840 	 -0.2044 	 -0.8255 	 -0.0582 	 -0.1172 	 -0.0491 	 -0.0029 	 -0.0091 	 -0.0068
0.7816 	 0.0834 	 -0.2056 	 -0.8260 	 -0.0582 	 -0.1173 	 -0.0491 	 -0.0029 	 -0.0091 	 -0.0067
0.7916 	 0.0829 	 -0.2067 	 -0.8265 	 -0.0583 	 -0.1174 	 -0.0492 	 -0.0029 	 -0.0091 	 -0.0067
0.8016 	 0.0823 	 -0.2079 	 -0.8270 	 -0.0583 	 -0.1175 	 -0.0493 	 -0.0029 	 -0.0091 	 -0.0067
0.8116 	 0.0817 	 -0.2091 	 -0.8274 	 -0.0583 	 -0.1176 	 -0.0493 	 -0.0029 	 -0.0091 	 -0.0067
0.8216 	 0.0811 	 -0.2103 	 -0.8279 	 -0.0583 	 -0.1177 	 -0.0494 	 -0.0029 	 -0.0091 	 -0.0067
0.8317 	 0.0805 	 -0.2115 	 -0.8284 	 -0.0584 	 -0.1178 	 -0.0495 	 -0.0029 	 -0.0090 	 -0.0067
0.8417 	 0.0799 	 -0.2126 	 -0.8289 	 -0.0584 	 -0.1179 	 -0.0495 	 -0.0029 	 -0.0090 	 -0.0067
0.8517 	 0.0793 	 -0.2138 	 -0.8294 	 -0.0584 	 -0.1179 	 -0.0496 	 -0.0029 	 -0.0090 	 -0.0067
0.8617 	 0.0788 	 -0.2150 	 -0.8299 	 -0.0585 	 -0.1180 	 -0.0497 	 -0.0029 	 -0.0090 	 -0.0067
0.8717 	 0.0782 	 -0.2162 	 -0.8304 	 -0.0585 	 -0.1181 	 -0.0497 	 -0.0029 	 -0.0090 	 -0.0067
0.8818 	 0.0776 	 -0.2174 	 -0.8309 	 -0.0585 	 -0.1182 	 -0.0498 	 -0.0029 	 -0.0090 	 -0.0067
0.8918 	 0.0770 	 -0.2186 	 -0.8314 	 -0.0586 	 -0.1183 	 -0.0499 	 -0.0029 	 -0.0089 	 -0.0067
0.9018 	 0.0764 	 -0.2197 	 -0.8319 	 -0.0586 	 -0.1184 	 -0.0499 	 -0.0029 	 -0.0089 	 -0.0067
0.9118 	 0.0758 	 -0.2209 	 -0.8324 	 -0.0586 	 -0.1185 	 -0.0500 	 -0.0029 	 -0.0089 	 -0.0067
0.9218 	 0.0752 	 -0.2221 	 -0.8329 	 -0.0586 	 -0.1186 	 -0.0501 	 -0.0029 	 -0.0089 	 -0.0067
0.9319 	 0.0747 	 -0.2233 	 -0.8334 	 -0.0587 	 -0.1187 	 -0.0501 	 -0.0029 	 -0.0089 	 -0.0067
0.9419 	 0.0741 	 -0.2245 	 -0.8339 	 -0.0587 	 -0.1188 	 -0.0502 	 -0.0029 	 -0.0089 	 -0.0067
0.9519 	 0.0735 	 -0.2257 	 -0.8344 	 -0.0587 	 -0.1188 	 -0.0503 	 -0.0029 	 -0.0088 	 -0.0067
0.9619 	 0.0729 	 -0.2269 	 -0.8349 	 -0.0588 	 -0.1189 	 -0.0503 	 -0.0029 	 -0.0088 	 -0.0067
0.9719 	 0.0723 	 -0.2281 	 -0.8354 	 -0.0588 	 -0.1190 	 -0.0504 	 -0.0029 	 -0.0088 	 -0.0067
0.9820 	 0.0717 	 -0.2293 	 -0.8359 	 -0.0588 	 -0.1191 	 -0.0505 	 -0.0029 	 -0.0088 	 -0.0067
0.9920 	 0.0711 	 -0.2305 	 -0.8365 	 -0.0588 	 -0.1192 	 -0.0505 	 -0.0029 	 -0.0088 	 -0.0067
1.0020 	 0.0705 	 -0.2317 	 -0.8370 	 -0.0589 	 -0.1193 	 -0.0506 	 -0.0029 	 -0.0087 	 -0.0067
1.0120 	 0.0699 	 -0.2328 	 -0.8375 	 -0.0589 	 -0.1194 	 -0.0507 	 -0.0029 	 -0.0087 	 -0.0067
1.0220 	 0.0694 	 -0.2340 	 -0.8380 	 -0.0589 	 -0.1195 	 -0.0507 	 -0.0029 	 -0.0087 	 -0.0067
1.0321 	 0.0688 	 -0.2352 	 -0.8385 	 -0.0590 	 -0.1195 	 -0.0508 	 -0.0029 	 -0.0087 	 -0.0067
1.0421 	 0.0682 	 -0.2364 	 -0.8390 	 -0.0590 	 -0.1196 	 -0.0509 	 -0.0029 	 -0.0087 	 -0.0067
1.0521 	 0.0676 	 -0.2376 	 -0.8395 	 -0.0590 	 -0.1197 	 -0.0509 	 -0.0029 	 -0.0087 	 -0.0067
1.0621 	 0.0670 	 -0.2388 	 -0.8400 	 -0.0591 	 -0.1198 	 -0.0510 	 -0.0029 	 -0.0086 	 -0.0066
1.0721 	 0.0664 	 -0.2400 	 -0.8405 	 -0.0591 	 -0.1199 	 -0.0511 	 -0.0029 	 -0.0086 	 -0.0066
1.0822 	 0.0658 	 -0.2412 	 -0.8410 	 -0.0591 	 -0.1200 	 -0.0511 	 -0.0029 	 -0.0086 	 -0.0066
1.0922 	 0.0652 	 -0.2424 	 -0.8415 	 -0.0591 	 -0.1201 	 -0.0512 	 -0.0030 	 -0.0086 	 -0.0066
1.1022 	 0.0646 	 -0.2436 	 -0.8421 	 -0.0592 	 -0.1201 	 -0.0513 	 -0.0030 	 -0.0086 	 -0.0066
1.1122 	 0.0640 	 -0.2449 	 -0.8426 	 -0.0592 	 -0.1202 	 -0.0513 	 -0.0030 	 -0.0085 	 -0.0066
1.1222 	 0.0634 	 -0.2461 	 -0.8431 	 -0.0592 	 -0.1203 	 -0.0514 	 -0.0030 	 -0.0085 	 -0.0066
1.1323 	 0.0628 	 -0.2473 	 -0.8436 	 -0.0593 	 -0.1204 	 -0.0515 	 -0.0030 	 -0.0085 	 -0.0066
1.1423 	 0.0622 	 -0.2485 	 -0.8441 	 -0.0593 	 -0.1205 	 -0.0515 	 -0.0030 	 -0.0085 	 -0.0066
1.1523 	 0.0616 	 -0.2497 	 -0.8446 	 -0.0593 	 -0.1206 	 -0.0516 	 -0.0030 	 -0.0085 	 -0.0066
1.1623 	 0.0611 	 -0.2509 	 -0.8452 	 -0.0593 	 -0.1207 	 -0.0517 	 -0.0030 	 -0.0085 	 -0.0066
1.1723 	 0.0605 	 -0.2521 	 -0.8457 	 -0.0594 	 -0.1207 	 -0.0517 	 -0.0030 	 -0.0084 	 -0.0066
1.1824 	 0.0599 	 -0.2533 	 -0.8462 	 -0.0594 	 -0.1208 	 -0.0518 	 -0.0030 	 -0.0084 	 -0.0066
1.1924 	 0.0593 	 -0.2545 	 -0.8467 	 -0.0594 	 -0.1209 	 -0.0519 	 -0.0030 	 -0.0084 	 -0.0066
1.2024 	 0.0587 	 -0.2557 	 -0.8472 	 -0.0595 	 -0.1210 	 -0.0519 	 -0.0030 	 -0.0084 	 -0.0066
1.2124 	 0.0581 	 -0.2569 	 -0.8478 	 -0.0595 	 -0.1211 	 -0.0520 	 -0.0030 	 -0.0084 	 -0.0066
1.2224 	 0.0575 	 -0.2582 	 -0.8483 	 -0.0595 	 -0.1212 	 -0.0521 	 -0.0030 	 -0.0083 	 -0.0066
1.2325 	 0.0569 	 -0.2594 	 -0.8488 	 -0.0596 	 -0.1212 	 -0.0521 	 -0.0030 	 -0.0083 	 -0.0066
1.2425 	 0.0563 	 -0.2606 	 -0.8493 	 -0.0596 	 -0.1213 	 -0.0522 	 -0.0030 	 -0.0083 	 -0.0066
1.2525 	 0.0557 	 -0.2618 	 -0.8498 	 -0.0596 	 -0.1214 	 -0.0523 	 -0.0030 	 -0.0083 	 -0.0066
1.2625 	 0.0551 	 -0.2630 	 -0.8504 	 -0.0596 	 -0.1215 	 -0.0523 	 -0.0030 	 -0.0083 	 -0.0066
1.2725 	 0.0545 	 -0.2642 	 -0.8509 	 -0.0597 	 -0.1216 	 -0.0524 	 -0.0030 	 -0.0083 	 -0.0066
1.2826 	 0.0539 	 -0.2655 	 -0.8514 	 -0.0597 	 -0.1217 	 -0.0525 	 -0.0030 	 -0.0082 	 -0.0066
1.2926 	 0.0533 	 -0.2667 	 -0.8519 	 -0.0597 	 -0.1217 	 -0.0525 	 -0.0030 	 -0.0082 	 -0.0066
1.3026 	 0.0527 	 -0.2679 	 -0.8525 	 -0.0598 	 -0.1218 	 -0.0526 	 -0.0030 	 -0.0082 	 -0.0066
1.3126 	 0.0521 	 -0.2691 	 -0.8530 	 -0.0598 	 -0.1219 	 -0.0527 	 -0.0030 	 -0.0082 	 -0.0066
1.3226 	 0.0515 	 -0.2703 	 -0.8535 	 -0.0598 	 -0.1220 	 -0.0527 	 -0.0030 	 -0.0082 	 -0.0066
1.3327 	 0.0509 	 -0.2716 	 -0.8541 	 -0.0599 	 -0.1221 	 -0.0528 	 -0.0030 	 -0.0081 	 -0.0066
1.3427 	 0.0503 	 -0.2728 	 -0.8546 	 -0.0599 	 -0.1222 	 -0.0529 	 -0.0030 	 -0.0081 	 -0.0066
1.3527 	 0.0497 	 -0.2740 	 -0.8551 	 -0.0599 	 -0.1222 	 -0.0529 	 -0.0030 	 -0.0081 	 -0.0066
1.3627 	 0.0491 	 -0.2752 	 -0.8556 	 -0.0599 	 -0.1223 	 -0.0530 	 -0.0030 	 -0.0081 	 -0.0066
1.3727 	 0.0485 	 -0.2765 	 -0.8562 	 -0.0600 	 -0.1224 	 -0.0531 	 -0.0030 	 -0.0081 	 -0.0066
1.3828 	 0.0479 	 -0.2777 	 -0.8567 	 -0.0600 	 -0.1225 	 -0.0531 	 -0.0030 	 -0.0080 	 -0.0066
1.3928 	 0.0473 	 -0.2789 	 -0.8572 	 -0.0600 	 -0.1226 	 -0.0532 	 -0.0030 	 -0.0080 	 -0.0066
1.4028 	 0.0467 	 -0.2801 	 -0.8578 	 -0.0601 	 -0.1226 	 -0.0533 	 -0.0030 	 -0.0080 	 -0.0066
1.4128 	 0.0461 	 -0.2814 	 -0.8583 	 -0.0601 	 -0.1227 	 -0.0533 	 -0.0030 	 -0.0080 	 -0.0066
1.4228 	 0.0455 	 -0.2826 	 -0.8588 	 -0.0601 	 -0.1228 	 -0.0534 	 -0.0030 	 -0.0080 	 -0.0066
1.4329 	 0.0449 	 -0.2838 	 -0.8594 	 -0.0602 	 -0.1229 	 -0.0534 	 -0.0030 	 -0.0080 	 -0.0066
1.4429 	 0.0443 	 -0.2851 	 -0.8599 	 -0.0602 	 -0.1230 	 -0.0535 	 -0.0030 	 -0.0079 	 -0.0066
1.4529 	 0.0437 	 -0.2863 	 -0.8604 	 -0.0602 	 -0.1230 	 -0.0536 	 -0.0030 	 -0.0079 	 -0.0066
1.4629 	 0.0431 	 -0.2875 	 -0.8610 	 -0.0602 	 -0.1231 	 -0.0536 	 -0.0030 	 -0.0079 	 -0.0066
1.4729 	 0.0425 	 -0.2888 	 -0.8615 	 -0.0603 	 -0.1232 	 -0.0537 	 -0.0030 	 -0.0079 	 -0.0066
1.4830 	 0.0419 	 -0.2900 	 -0.8621 	 -0.0603 	 -0.1233 	 -0.0538 	 -0.0030 	 -0.0079 	 -0.0066
1.4930 	 0.0413 	 -0.2912 	 -0.8626 	 -0.0603 	 -0.1234 	 -0.0538 	 -0.0030 	 -0.0078 	 -0.0066
1.5030 	 0.0407 	 -0.2925 	 -0.8631 	 -0.0604 	 -0.1234 	 -0.0539 	 -0.0030 	 -0.0078 	 -0.0065
1.5130 	 0.0401 	 -0.2937 	 -0.8637 	 -0.0604 	 -0.1235 	 -0.0540 	 -0.0030 	 -0.0078 	 -0.0065
1.5230 	 0.0395 	 -0.2949 	 -0.8642 	 -0.0604 	 -0.1236 	 -0.0540 	 -0.0030 	 -0.0078 	 -0.0065
1.5331 	 0.0388 	 -0.2962 	 -0.8648 	 -0.0605 	 -0.1237 	 -0.0541 	 -0.0030 	 -0.0078 	 -0.0065
1.5431 	 0.0382 	 -0.2974 	 -0.8653 	 -0.0605 	 -0.1237 	 -0.0542 	 -0.0030 	 -0.0077 	 -0.0065
1.5531 	 0.0376 	 -0.2987 	 -0.8658 	 -0.0605 	 -0.1238 	 -0.0542 	 -0.0031 	 -0.0077 	 -0.0065
1.5631 	 0.0370 	 -0.2999 	 -0.8664 	 -0.0606 	 -0.1239 	 -0.0543 	 -0.0031 	 -0.0077 	 -0.0065
1.5731 	 0.0364 	 -0.3011 	 -0.8669 	 -0.0606 	 -0.1240 	 -0.0544 	 -0.0031 	 -0.0077 	 -0.0065
1.5832 	 0.0358 	 -0.3024 	 -0.8675 	 -0.0606 	 -0.1241 	 -0.0544 	 -0.0031 	 -0.0077 	 -0.0065
1.5932 	 0.0352 	 -0.3036 	 -0.8680 	 -0.0606 	 -0.1241 	 -0.0545 	 -0.0031 	 -0.0076 	 -0.0065
1.6032 	 0.0346 	 -0.3049 	 -0.8686 	 -0.0607 	 -0.1242 	 -0.0546 	 -0.0031 	 -0.0076 	 -0.0065
1.6132 	 0.0340 	 -0.3061 	 -0.8691 	 -0.0607 	 -0.1243 	 -0.0546 	 -0.0031 	 -0.0076 	 -0.0065
1.6232 	 0.0334 	 -0.3074 	 -0.8697 	 -0.0607 	 -0.1244 	 -0.0547 	 -0.0031 	 -0.0076 	 -0.0065
1.6333 	 0.0328 	 -0.3086 	 -0.8702 	 -0.0608 	 -0.1244 	 -0.0548 	 -0.0031 	 -0.0076 	 -0.0065
1.6433 	 0.0322 	 -0.3099 	 -0.8708 	 -0.0608 	 -0.1245 	 -0.0548 	 -0.0031 	 -0.0075 	 -0.0065
1.6533 	 0.0316 	 -0.3111 	 -0.8713 	 -0.0608 	 -0.1246 	 -0.0549 	 -0.0031 	 -0.0075 	 -0.0065
1.6633 	 0.0309 	 -0.3124 	 -0.8719 	 -0.0609 	 -0.1247 	 -0.0550 	 -0.0031 	 -0.0075 	 -0.0065
1.6733 	 0.0303 	 -0.3136 	 -0.8724 	 -0.0609 	 -0.1247 	 -0.0550 	 -0.0031 	 -0.0075 	 -0.0065
1.6834 	 0.0297 	 -0.3149 	 -0.8730 	 -0.0609 	 -0.1248 	 -0.0551 	 -0.0031 	 -0.0074 	 -0.0065
1.6934 	 0.0291 	 -0.3161 	 -0.8735 	 -0.0610 	 -0.1249 	 -0.0552 	 -0.0031 	 -0.0074 	 -0.0065
1.7034 	 0.0285 	 -0.3174 	 -0.8741 	 -0.0610 	 -0.1250 	 -0.0552 	 -0.0031 	 -0.0074 	 -0.0065
1.7134 	 0.0279 	 -0.3186 	 -0.8746 	 -0.0610 	 -0.1250 	 -0.0553 	 -0.0031 	 -0.0074 	 -0.0065
1.7234 	 0.0273 	 -0.3199 	 -0.8752 	 -0.0610 	 -0.1251 	 -0.0553 	 -0.0031 	 -0.0074 	 -0.0065
1.7335 	 0.0267 	 -0.3211 	 -0.8757 	 -0.0611 	 -0.1252 	 -0.0554 	 -0.0031 	 -0.0073 	 -0.0065
1.7435 	 0.0261 	 -0.3224 	 -0.8763 	 -0.0611 	 -0.1253 	 -0.0555 	 -0.0031 	 -0.0073 	 -0.0065
1.7535 	 0.0254 	 -0.3236 	 -0.8768 	 -0.0611 	 -0.1253 	 -0.0555 	 -0.0031 	 -0.0073 	 -0.0065
1.7635 	 0.0248 	 -0.3249 	 -0.8774 	 -0.0612 	 -0.1254 	 -0.0556 	 -0.0031 	 -0.0073 	 -0.0065
1.7735 	 0.0242 	 -0.3261 	 -0.8780 	 -0.0612 	 -0.1255 	 -0.0557 	 -0.0031 	 -0.0073 	 -0.0065
1.7836 	 0.0236 	 -0.3274 	 -0.8785 	 -0.0612 	 -0.1255 	 -0.0557 	 -0.0031 	 -0.0072 	 -0.0065
1.7936 	 0.0230 	 -0.3287 	 -0.8791 	 -0.0613 	 -0.1256 	 -0.0558 	 -0.0031 	 -0.0072 	 -0.0065
1.8036 	 0.0224 	 -0.3299 	 -0.8796 	 -0.0613 	 -0.1257 	 -0.0559 	 -0.0031 	 -0.0072 	 -0.0065
1.8136 	 0.0218 	 -0.3312 	 -0.8802 	 -0.0613 	 -0.1258 	 -0.0559 	 -0.0031 	 -0.0072 	 -0.0065
1.8236 	 0.0211 	 -0.3324 	 -0.8808 	 -0.0614 	 -0.1258 	 -0.0560 	 -0.0031 	 -0.0071 	 -0.0065
1.8337 	 0.0205 	 -0.3337 	 -0.8813 	 -0.0614 	 -0.1259 	 -0.0561 	 -0.0031 	 -0.0071 	 -0.0065
1.8437 	 0.0199 	 -0.3350 	 -0.8819 	 -0.0614 	 -0.1260 	 -0.0561 	 -0.0031 	 -0.0071 	 -0.0065
1.8537 	 0.0193 	 -0.3362 	 -0.8824 	 -0.0615 	 -0.1260 	 -0.0562 	 -0.0031 	 -0.0071 	 -0.0065
1.8637 	 0.0187 	 -0.3375 	 -0.8830 	 -0.0615 	 -0.1261 	 -0.0563 	 -0.0031 	 -0.0071 	 -0.0065
1.8737 	 0.0181 	 -0.3388 	 -0.8836 	 -0.0615 	 -0.1262 	 -0.0563 	 -0.0031 	 -0.0070 	 -0.0065
1.8838 	 0.0175 	 -0.3400 	 -0.8841 	 -0.0615 	 -0.1263 	 -0.0564 	 -0.0031 	 -0.0070 	 -0.0065
1.8938 	 0.0168 	 -0.3413 	 -0.8847 	 -0.0616 	 -0.1263 	 -0.0565 	 -0.0031 	 -0.0070 	 -0.0065
1.9038 	 0.0162 	 -0.3425 	 -0.8853 	 -0.0616 	 -0.1264 	 -0.0565 	 -0.0031 	 -0.0070 	 -0.0065
1.9138 	 0.0156 	 -0.3438 	 -0.8858 	 -0.0616 	 -0.1265 	 -0.0566 	 -0.0031 	 -0.0070 	 -0.0065
1.9238 	 0.0150 	 -0.3451 	 -0.8864 	 -0.0617 	 -0.1265 	 -0.0567 	 -0.0031 	 -0.0069 	 -0.0065
1.9339 	 0.0144 	 -0.3464 	 -0.8870 	 -0.0617 	 -0.1266 	 -0.0567 	 -0.0031 	 -0.0069 	 -0.0065
1.9439 	 0.0137 	 -0.3476 	 -0.8875 	 -0.0617 	 -0.1267 	 -0.0568 	 -0.0032 	 -0.0069 	 -0.0065
1.9539 	 0.0131 	 -0.3489 	 -0.8881 	 -0.0618 	 -0.1267 	 -0.0569 	 -0.0032 	 -0.0069 	 -0.0065
1.9639 	 0.0125 	 -0.3502 	 -0.8887 	 -0.0618 	 -0.1268 	 -0.0569 	 -0.0032 	 -0.0068 	 -0.0065
1.9739 	 0.0119 	 -0.3514 	 -0.8893 	 -0.0618 	 -0.1269 	 -0.0570 	 -0.0032 	 -0.0068 	 -0.0065
1.9840 	 0.0113 	 -0.3527 	 -0.8898 	 -0.0619 	 -0.1270 	 -0.0570 	 -0.0032 	 -0.0068 	 -0.0065
1.9940 	 0.0106 	 -0.3540 	 -0.8904 	 -0.0619 	 -0.1270 	 -0.0571 	 -0.0032 	 -0.0068 	 -0.0065
2.0040 	 0.0100 	 -0.3552 	 -0.8910 	 -0.0619 	 -0.1271 	 -0.0572 	 -0.0032 	 -0.0067 	 -0.0065
2.0140 	 0.0094 	 -0.3565 	 -0.8915 	 -0.0620 	 -0.1272 	 -0.0572 	 -0.0032 	 -0.0067 	 -0.0065
2.0240 	 0.0088 	 -0.3578 	 -0.8921 	 -0.0620 	 -0.1272 	 -0.0573 	 -0.0032 	 -0.0067 	 -0.0065
2.0341 	 0.0082 	 -0.3591 	 -0.8927 	 -0.0620 	 -0.1273 	 -0.0574 	 -0.0032 	 -0.0067 	 -0.0065
2.0441 	 0.0075 	 -0.3603 	 -0.8933 	 -0.0621 	 -0.1274 	 -0.0574 	 -0.0032 	 -0.0067 	 -0.0065
2.0541 	 0.0069 	 -0.3616 	 -0.8938 	 -0.0621 	 -0.1274 	 -0.0575 	 -0.0032 	 -0.0066 	 -0.0065
2.0641 	 0.0063 	 -0.3629 	 -0.8944 	 -0.0621 	 -0.1275 	 -0.0576 	 -0.0032 	 -0.0066 	 -0.0065
2.0741 	 0.0057 	 -0.3642 	 -0.8950 	 -0.0621 	 -0.1276 	 -0.0576 	 -0.0032 	 -0.0066 	 -0.0065
2.0842 	 0.0051 	 -0.3655 	 -0.8956 	 -0.0622 	 -0.1276 	 -0.0577 	 -0.0032 	 -0.0066 	 -0.0065
2.0942 	 0.0044 	 -0.3667 	 -0.8962 	 -0.0622 	 -0.1277 	 -0.0578 	 -0.0032 	 -0.0065 	 -0.0065
2.1042 	 0.0038 	 -0.3680 	 -0.8967 	 -0.0622 	 -0.1278 	 -0.0578 	 -0.0032 	 -0.0065 	 -0.0065
2.1142 	 0.0032 	 -0.3693 	 -0.8973 	 -0.0623 	 -0.1278 	 -0.0579 	 -0.0032 	 -0.0065 	 -0.0065
2.1242 	 0.0026 	 -0.3706 	 -0.8979 	 -0.0623 	 -0.1279 	 -0.0580 	 -0.0032 	 -0.0065 	 -0.0065
2.1343 	 0.0019 	 -0.3719 	 -0.8985 	 -0.0623 	 -0.1279 	 -0.0580 	 -0.0032 	 -0.0064 	 -0.0065
2.1443 	 0.0013 	 -0.3731 	 -0.8991 	 -0.0624 	 -0.1280 	 -0.0581 	 -0.0032 	 -0.0064 	 -0.0066
2.1543 	 0.0007 	 -0.3744 	 -0.8996 	 -0.0624 	 -0.1281 	 -0.0582 	 -0.0032 	 -0.0064 	 -0.0066
2.1643 	 0.0001 	 -0.3757 	 -0.9002 	 -0.0624 	 -0.1281 	 -0.0582 	 -0.0032 	 -0.0064 	 -0.0066
2.1743 	 -0.0006 	 -0.3770 	 -0.9008 	 -0.0625 	 -0.1282 	 -0.0583 	 -0.0032 	 -0.0063 	 -0.0066
2.1844 	 -0.0012 	 -0.3783 	 -0.9014 	 -0.0625 	 -0.1283 	 -0.0584 	 -0.0032 	 -0.0063 	 -0.0066
2.1944 	 -0.0018 	 -0.3796 	 -0.9020 	 -0.0625 	 -0.1283 	 -0.0584 	 -0.0032 	 -0.0063 	 -0.0066
2.2044 	 -0.0024 	 -0.3808 	 -0.9026 	 -0.0626 	 -0.1284 	 -0.0585 	 -0.0032 	 -0.0063 	 -0.0066
2.2144 	 -0.0031 	 -0.3821 	 -0.9031 	 -0.0626 	 -0.1285 	 -0.0586 	 -0.0032 	 -0.0062 	 -0.0066
2.2244 	 -0.0037 	 -0.3834 	 -0.9037 	 -0.0626 	 -0.1285 	 -0.0586 	 -0.0032 	 -0.0062 	 -0.0066
2.2345 	 -0.0043 	 -0.3847 	 -0.9043 	 -0.0627 	 -0.1286 	 -0.0587 	 -0.0032 	 -0.0062 	 -0.0066
2.2445 	 -0.0050 	 -0.3860 	 -0.9049 	 -0.0627 	 -0.1286 	 -0.0588 	 -0.0032 	 -0.0062 	 -0.0066
2.2545 	 -0.0056 	 -0.3873 	 -0.9055 	 -0.0627 	 -0.1287 	 -0.0588 	 -0.0032 	 -0.0061 	 -0.0066
2.2645 	 -0.0062 	 -0.3886 	 -0.9061 	 -0.0628 	 -0.1288 	 -0.0589 	 -0.0032 	 -0.0061 	 -0.0066
2.2745 	 -0.0068 	 -0.3899 	 -0.9067 	 -0.0628 	 -0.1288 	 -0.0590 	 -0.0032 	 -0.0061 	 -0.0066
2.2846 	 -0.0075 	 -0.3912 	 -0.9073 	 -0.0628 	 -0.1289 	 -0.0590 	 -0.0033 	 -0.0061 	 -0.0066
2.2946 	 -0.0081 	 -0.3925 	 -0.9079 	 -0.0629 	 -0.1289 	 -0.0591 	 -0.0033 	 -0.0060 	 -0.0066
2.3046 	 -0.0087 	 -0.3937 	 -0.9085 	 -0.0629 	 -0.1290 	 -0.0592 	 -0.0033 	 -0.0060 	 -0.0066
2.3146 	 -0.0094 	 -0.3950 	 -0.9090 	 -0.0629 	 -0.1291 	 -0.0592 	 -0.0033 	 -0.0060 	 -0.0066
2.3246 	 -0.0100 	 -0.3963 	 -0.9096 	 -0.0630 	 -0.1291 	 -0.0593 	 -0.0033 	 -0.0060 	 -0.0066
2.3347 	 -0.0106 	 -0.3976 	 -0.9102 	 -0.0630 	 -0.1292 	 -0.0593 	 -0.0033 	 -0.0059 	 -0.0066
2.3447 	 -0.0113 	 -0.3989 	 -0.9108 	 -0.0630 	 -0.1292 	 -0.0594 	 -0.0033 	 -0.0059 	 -0.0066
2.3547 	 -0.0119 	 -0.4002 	 -0.9114 	 -0.0631 	 -0.1293 	 -0.0595 	 -0.0033 	 -0.0059 	 -0.0066
2.3647 	 -0.0125 	 -0.4015 	 -0.9120 	 -0.0631 	 -0.1294 	 -0.0595 	 -0.0033 	 -0.0059 	 -0.0066
2.3747 	 -0.0131 	 -0.4028 	 -0.9126 	 -0.0631 	 -0.1294 	 -0.0596 	 -0.0033 	 -0.0058 	 -0.0066
2.3848 	 -0.0138 	 -0.4041 	 -0.9132 	 -0.0632 	 -0.1295 	 -0.0597 	 -0.0033 	 -0.0058 	 -0.0066
2.3948 	 -0.0144 	 -0.4054 	 -0.9138 	 -0.0632 	 -0.1295 	 -0.0597 	 -0.0033 	 -0.0058 	 -0.0066
2.4048 	 -0.0150 	 -0.4067 	 -0.9144 	 -0.0632 	 -0.1296 	 -0.0598 	 -0.0033 	 -0.0058 	 -0.0066
2.4148 	 -0.0157 	 -0.4080 	 -0.9150 	 -0.0633 	 -0.1297 	 -0.0599 	 -0.0033 	 -0.0057 	 -0.0066
2.4248 	 -0.0163 	 -0.4093 	 -0.9156 	 -0.0633 	 -0.1297 	 -0.0599 	 -0.0033 	 -0.0057 	 -0.0066
2.4349 	 -0.0169 	 -0.4106 	 -0.9162 	 -0.0633 	 -0.1298 	 -0.0600 	 -0.0033 	 -0.0057 	 -0.0066
2.4449 	 -0.0176 	 -0.4119 	 -0.9168 	 -0.0634 	 -0.1298 	 -0.0601 	 -0.0033 	 -0.0057 	 -0.0066
2.4549 	 -0.0182 	 -0.4132 	 -0.9174 	 -0.0634 	 -0.1299 	 -0.0601 	 -0.0033 	 -0.0056 	 -0.0066
2.4649 	 -0.0189 	 -0.4145 	 -0.9180 	 -0.0634 	 -0.1299 	 -0.0602 	 -0.0033 	 -0.0056 	 -0.0066
2.4749 	 -0.0195 	 -0.4158 	 -0.9186 	 -0.0635 	 -0.1300 	 -0.0603 	 -0.0033 	 -0.0056 	 -0.0066
2.4850 	 -0.0201 	 -0.4171 	 -0.9192 	 -0.0635 	 -0.1301 	 -0.0603 	 -0.0033 	 -0.0056 	 -0.0066
2.4950 	 -0.0208 	 -0.4184 	 -0.9198 	 -0.0635 	 -0.1301 	 -0.0604 	 -0.0033 	 -0.0055 	 -0.0066
2.5050 	 -0.0214 	 -0.4197 	 -0.9204 	 -0.0636 	 -0.1302 	 -0.0605 	 -0.0033 	 -0.0055 	 -0.0066
2.5150 	 -0.0220 	 -0.4210 	 -0.9210 	 -0.0636 	 -0.1302 	 -0.0605 	 -0.0033 	 -0.0055 	 -0.0066
2.5251 	 -0.0227 	 -0.4223 	 -0.9217 	 -0.0636 	 -0.1303 	 -0.0606 	 -0.0033 	 -0.0054 	 -0.0067
2.5351 	 -0.0233 	 -0.4236 	 -0.9223 	 -0.0637 	 -0.1303 	 -0.0607 	 -0.0033 	 -0.0054 	 -0.0067
2.5451 	 -0.0239 	 -0.4249 	 -0.9229 	 -0.0637 	 -0.1304 	 -0.0607 	 -0.0033 	 -0.0054 	 -0.0067
2.5551 	 -0.0246 	 -0.4262 	 -0.9235 	 -0.0637 	 -0.1304 	 -0.0608 	 -0.0033 	 -0.0054 	 -0.0067
2.5651 	 -0.0252 	 -0.4276 	 -0.9241 	 -0.0638 	 -0.1305 	 -0.0609 	 -0.0033 	 -0.0053 	 -0.0067
2.5752 	 -0.0259 	 -0.4289 	 -0.9247 	 -0.0638 	 -0.1305 	 -0.0609 	 -0.0034 	 -0.0053 	 -0.0067
2.5852 	 -0.0265 	 -0.4302 	 -0.9253 	 -0.0638 	 -0.1306 	 -0.0610 	 -0.0034 	 -0.0053 	 -0.0067
2.5952 	 -0.0271 	 -0.4315 	 -0.9259 	 -0.0639 	 -0.1306 	 -0.0611 	 -0.0034 	 -0.0052 	 -0.0067
2.6052 	 -0.0278 	 -0.4328 	 -0.9265 	 -0.0639 	 -0.1307 	 -0.0611 	 -0.0034 	 -0.0052 	 -0.0067
2.6152 	 -0.0284 	 -0.4341 	 -0.9271 	 -0.0639 	 -0.1308 	 -0.0612 	 -0.0034 	 -0.0052 	 -0.0067
2.6253 	 -0.0291 	 -0.4354 	 -0.9278 	 -0.0640 	 -0.1308 	 -0.0613 	 -0.0034 	 -0.0052 	 -0.0067
2.6353 	 -0.0297 	 -0.4367 	 -0.9284 	 -0.0640 	 -0.1309 	 -0.0613 	 -0.0034 	 -0.0051 	 -0.0067
2.6453 	 -0.0303 	 -0.4380 	 -0.9290 	 -0.0640 	 -0.1309 	 -0.0614 	 -0.0034 	 -0.0051 	 -0.0067
2.6553 	 -0.0310 	 -0.4393 	 -0.9296 	 -0.0641 	 -0.1310 	 -0.0615 	 -0.0034 	 -0.0051 	 -0.0067
2.6653 	 -0.0316 	 -0.4407 	 -0.9302 	 -0.0641 	 -0.1310 	 -0.0615 	 -0.0034 	 -0.0050 	 -0.0067
2.6754 	 -0.0323 	 -0.4420 	 -0.9308 	 -0.0641 	 -0.1311 	 -0.0616 	 -0.0034 	 -0.0050 	 -0.0067
2.6854 	 -0.0329 	 -0.4433 	 -0.9315 	 -0.0642 	 -0.1311 	 -0.0617 	 -0.0034 	 -0.0050 	 -0.0067
2.6954 	 -0.0336 	 -0.4446 	 -0.9321 	 -0.0642 	 -0.1312 	 -0.0617 	 -0.0034 	 -0.0050 	 -0.0067
2.7054 	 -0.0342 	 -0.4459 	 -0.9327 	 -0.0642 	 -0.1312 	 -0.0618 	 -0.0034 	 -0.0049 	 -0.0067
2.7154 	 -0.0348 	 -0.4472 	 -0.9333 	 -0.0643 	 -0.1313 	 -0.0619 	 -0.0034 	 -0.0049 	 -0.0067
2.7255 	 -0.0355 	 -0.4485 	 -0.9339 	 -0.0643 	 -0.1313 	 -0.0619 	 -0.0034 	 -0.0049 	 -0.0067
2.7355 	 -0.0361 	 -0.4499 	 -0.9346 	 -0.0643 	 -0.1314 	 -0.0620 	 -0.0034 	 -0.0048 	 -0.0067
2.7455 	 -0.0368 	 -0.4512 	 -0.9352 	 -0.0644 	 -0.1314 	 -0.0621 	 -0.0034 	 -0.0048 	 -0.0067
2.7555 	 -0.0374 	 -0.4525 	 -0.9358 	 -0.0644 	 -0.1315 	 -0.0622 	 -0.0034 	 -0.0048 	 -0.0068
2.7655 	 -0.0381 	 -0.4538 	 -0.9364 	 -0.0644 	 -0.1315 	 -0.0622 	 -0.0034 	 -0.0048 	 -0.0068
2.7756 	 -0.0387 	 -0.4551 	 -0.9370 	 -0.0645 	 -0.1315 	 -0.0623 	 -0.0034 	 -0.0047 	 -0.0068
2.7856 	 -0.0394 	 -0.4564 	 -0.9377 	 -0.0645 	 -0.1316 	 -0.0624 	 -0.0034 	 -0.0047 	 -0.0068
2.7956 	 -0.0400 	 -0.4578 	 -0.9383 	 -0.0645 	 -0.1316 	 -0.0624 	 -0.0034 	 -0.0047 	 -0.0068
2.8056 	 -0.0407 	 -0.4591 	 -0.9389 	 -0.0646 	 -0.1317 	 -0.0625 	 -0.0034 	 -0.0046 	 -0.0068
2.8156 	 -0.0413 	 -0.4604 	 -0.9395 	 -0.0646 	 -0.1317 	 -0.0626 	 -0.0034 	 -0.0046 	 -0.0068
2.8257 	 -0.0419 	 -0.4617 	 -0.9402 	 -0.0646 	 -0.1318 	 -0.0626 	 -0.0035 	 -0.0046 	 -0.0068
2.8357 	 -0.0426 	 -0.4630 	 -0.9408 	 -0.0647 	 -0.1318 	 -0.0627 	 -0.0035 	 -0.0045 	 -0.0068
2.8457 	 -0.0432 	 -0.4644 	 -0.9414 	 -0.0647 	 -0.1319 	 -0.0628 	 -0.0035 	 -0.0045 	 -0.0068
2.8557 	 -0.0439 	 -0.4657 	 -0.9421 	 -0.0647 	 -0.1319 	 -0.0628 	 -0.0035 	 -0.0045 	 -0.0068
2.8657 	 -0.0445 	 -0.4670 	 -0.9427 	 -0.0648 	 -0.1320 	 -0.0629 	 -0.0035 	 -0.0044 	 -0.0068
2.8758 	 -0.0452 	 -0.4683 	 -0.9433 	 -0.0648 	 -0.1320 	 -0.0630 	 -0.0035 	 -0.0044 	 -0.0068
2.8858 	 -0.0458 	 -0.4697 	 -0.9440 	 -0.0648 	 -0.1321 	 -0.0630 	 -0.0035 	 -0.0044 	 -0.0068
2.8958 	 -0.0465 	 -0.4710 	 -0.9446 	 -0.0649 	 -0.1321 	 -0.0631 	 -0.0035 	 -0.0044 	 -0.0068
2.9058 	 -0.0471 	 -0.4723 	 -0.9452 	 -0.0649 	 -0.1321 	 -0.0632 	 -0.0035 	 -0.0043 	 -0.0068
2.9158 	 -0.0478 	 -0.4736 	 -0.9458 	 -0.0649 	 -0.1322 	 -0.0632 	 -0.0035 	 -0.0043 	 -0.0068
2.9259 	 -0.0484 	 -0.4749 	 -0.9465 	 -0.0650 	 -0.1322 	 -0.0633 	 -0.0035 	 -0.0043 	 -0.0069
2.9359 	 -0.0491 	 -0.4763 	 -0.9471 	 -0.0650 	 -0.1323 	 -0.0634 	 -0.0035 	 -0.0042 	 -0.0069
2.9459 	 -0.0497 	 -0.4776 	 -0.9478 	 -0.0651 	 -0.1323 	 -0.0634 	 -0.0035 	 -0.0042 	 -0.0069
2.9559 	 -0.0504 	 -0.4789 	 -0.9484 	 -0.0651 	 -0.1323 	 -0.0635 	 -0.0035 	 -0.0042 	 -0.0069
2.9659 	 -0.0511 	 -0.4802 	 -0.9490 	 -0.0651 	 -0.1324 	 -0.0636 	 -0.0035 	 -0.0041 	 -0.0069
2.9760 	 -0.0517 	 -0.4816 	 -0.9497 	 -0.0652 	 -0.1324 	 -0.0637 	 -0.0035 	 -0.0041 	 -0.0069
2.9860 	 -0.0524 	 -0.4829 	 -0.9503 	 -0.0652 	 -0.1325 	 -0.0637 	 -0.0035 	 -0.0041 	 -0.0069
2.9960 	 -0.0530 	 -0.4842 	 -0.9509 	 -0.0652 	 -0.1325 	 -0.0638 	 -0.0035 	 -0.0040 	 -0.0069
3.0060 	 -0.0537 	 -0.4856 	 -0.9516 	 -0.0653 	 -0.1326 	 -0.0639 	 -0.0035 	 -0.0040 	 -0.0069
3.0160 	 -0.0543 	 -0.4869 	 -0.9522 	 -0.0653 	 -0.1326 	 -0.0639 	 -0.0035 	 -0.0040 	 -0.0069
3.0261 	 -0.0550 	 -0.4882 	 -0.9529 	 -0.0653 	 -0.1326 	 -0.0640 	 -0.0035 	 -0.0039 	 -0.0069
3.0361 	 -0.0556 	 -0.4895 	 -0.9535 	 -0.0654 	 -0.1327 	 -0.0641 	 -0.0035 	 -0.0039 	 -0.0069
3.0461 	 -0.0563 	 -0.4909 	 -0.9541 	 -0.0654 	 -0.1327 	 -0.0641 	 -0.0036 	 -0.0039 	 -0.0069
3.0561 	 -0.0569 	 -0.4922 	 -0.9548 	 -0.0654 	 -0.1327 	 -0.0642 	 -0.0036 	 -0.0038 	 -0.0069
3.0661 	 -0.0576 	 -0.4935 	 -0.9554 	 -0.0655 	 -0.1328 	 -0.0643 	 -0.0036 	 -0.0038 	 -0.0070
3.0762 	 -0.0583 	 -0.4949 	 -0.9561 	 -0.0655 	 -0.1328 	 -0.0643 	 -0.0036 	 -0.0038 	 -0.0070
3.0862 	 -0.0589 	 -0.4962 	 -0.9567 	 -0.0656 	 -0.1329 	 -0.0644 	 -0.0036 	 -0.0037 	 -0.0070
3.0962 	 -0.0596 	 -0.4975 	 -0.9574 	 -0.0656 	 -0.1329 	 -0.0645 	 -0.0036 	 -0.0037 	 -0.0070
3.1062 	 -0.0602 	 -0.4989 	 -0.9580 	 -0.0656 	 -0.1329 	 -0.0646 	 -0.0036 	 -0.0037 	 -0.0070
3.1162 	 -0.0609 	 -0.5002 	 -0.9587 	 -0.0657 	 -0.1330 	 -0.0646 	 -0.0036 	 -0.0036 	 -0.0070
3.1263 	 -0.0615 	 -0.5015 	 -0.9593 	 -0.0657 	 -0.1330 	 -0.0647 	 -0.0036 	 -0.0036 	 -0.0070
3.1363 	 -0.0622 	 -0.5029 	 -0.9600 	 -0.0657 	 -0.1330 	 -0.0648 	 -0.0036 	 -0.0036 	 -0.0070
3.1463 	 -0.0629 	 -0.5042 	 -0.9606 	 -0.0658 	 -0.1331 	 -0.0648 	 -0.0036 	 -0.0035 	 -0.0070
3.1563 	 -0.0635 	 -0.5055 	 -0.9613 	 -0.0658 	 -0.1331 	 -0.0649 	 -0.0036 	 -0.0035 	 -0.0070
3.1663 	 -0.0642 	 -0.5069 	 -0.9619 	 -0.0658 	 -0.1332 	 -0.0650 	 -0.0036 	 -0.0034 	 -0.0070
3.1764 	 -0.0648 	 -0.5082 	 -0.9626 	 -0.0659 	 -0.1332 	 -0.0650 	 -0.0036 	 -0.0034 	 -0.0070
3.1864 	 -0.0655 	 -0.5095 	 -0.9632 	 -0.0659 	 -0.1332 	 -0.0651 	 -0.0036 	 -0.0034 	 -0.0070
3.1964 	 -0.0662 	 -0.5109 	 -0.9639 	 -0.0659 	 -0.1333 	 -0.0652 	 -0.0036 	 -0.0033 	 -0.0071
3.2064 	 -0.0668 	 -0.5122 	 -0.9645 	 -0.0660 	 -0.1333 	 -0.0653 	 -0.0036 	 -0.0033 	 -0.0071
3.2164 	 -0.0675 	 -0.5135 	 -0.9652 	 -0.0660 	 -0.1333 	 -0.0653 	 -0.0036 	 -0.0033 	 -0.0071
3.2265 	 -0.0681 	 -0.5149 	 -0.9658 	 -0.0661 	 -0.1334 	 -0.0654 	 -0.0036 	 -0.0032 	 -0.0071
3.2365 	 -0.0688 	 -0.5162 	 -0.9665 	 -0.0661 	 -0.1334 	 -0.0655 	 -0.0036 	 -0.0032 	 -0.0071
3.2465 	 -0.0695 	 -0.5175 	 -0.9671 	 -0.0661 	 -0.1334 	 -0.0655 	 -0.0037 	 -0.0032 	 -0.0071
3.2565 	 -0.0701 	 -0.5189 	 -0.9678 	 -0.0662 	 -0.1334 	 -0.0656 	 -0.0037 	 -0.0031 	 -0.0071
3.2665 	 -0.0708 	 -0.5202 	 -0.9685 	 -0.0662 	 -0.1335 	 -0.0657 	 -0.0037 	 -0.0031 	 -0.0071
3.2766 	 -0.0715 	 -0.5216 	 -0.9691 	 -0.0662 	 -0.1335 	 -0.0658 	 -0.0037 	 -0.0030 	 -0.0071
3.2866 	 -0.0721 	 -0.5229 	 -0.9698 	 -0.0663 	 -0.1335 	 -0.0658 	 -0.0037 	 -0.0030 	 -0.0071
3.2966 	 -0.0728 	 -0.5242 	 -0.9704 	 -0.0663 	 -0.1336 	 -0.0659 	 -0.0037 	 -0.0030 	 -0.0072
3.3066 	 -0.0734 	 -0.5256 	 -0.9711 	 -0.0663 	 -0.1336 	 -0.0660 	 -0.0037 	 -0.0029 	 -0.0072
3.3166 	 -0.0741 	 -0.5269 	 -0.9718 	 -0.0664 	 -0.1336 	 -0.0660 	 -0.0037 	 -0.0029 	 -0.0072
3.3267 	 -0.0748 	 -0.5282 	 -0.9724 	 -0.0664 	 -0.1337 	 -0.0661 	 -0.0037 	 -0.0029 	 -0.0072
3.3367 	 -0.0754 	 -0.5296 	 -0.9731 	 -0.0665 	 -0.1337 	 -0.0662 	 -0.0037 	 -0.0028 	 -0.0072
3.3467 	 -0.0761 	 -0.5309 	 -0.9737 	 -0.0665 	 -0.1337 	 -0.0663 	 -0.0037 	 -0.0028 	 -0.0072
3.3567 	 -0.0768 	 -0.5323 	 -0.9744 	 -0.0665 	 -0.1337 	 -0.0663 	 -0.0037 	 -0.0027 	 -0.0072
3.3667 	 -0.0774 	 -0.5336 	 -0.9751 	 -0.0666 	 -0.1338 	 -0.0664 	 -0.0037 	 -0.0027 	 -0.0072
3.3768 	 -0.0781 	 -0.5349 	 -0.9757 	 -0.0666 	 -0.1338 	 -0.0665 	 -0.0037 	 -0.0027 	 -0.0072
3.3868 	 -0.0788 	 -0.5363 	 -0.9764 	 -0.0666 	 -0.1338 	 -0.0666 	 -0.0037 	 -0.0026 	 -0.0072
3.3968 	 -0.0794 	 -0.5376 	 -0.9771 	 -0.0667 	 -0.1338 	 -0.0666 	 -0.0037 	 -0.0026 	 -0.0073
3.4068 	 -0.0801 	 -0.5390 	 -0.9777 	 -0.0667 	 -0.1339 	 -0.0667 	 -0.0037 	 -0.0026 	 -0.0073
3.4168 	 -0.0808 	 -0.5403 	 -0.9784 	 -0.0668 	 -0.1339 	 -0.0668 	 -0.0037 	 -0.0025 	 -0.0073
3.4269 	 -0.0814 	 -0.5417 	 -0.9791 	 -0.0668 	 -0.1339 	 -0.0668 	 -0.0038 	 -0.0025 	 -0.0073
3.4369 	 -0.0821 	 -0.5430 	 -0.9797 	 -0.0668 	 -0.1339 	 -0.0669 	 -0.0038 	 -0.0024 	 -0.0073
3.4469 	 -0.0828 	 -0.5443 	 -0.9804 	 -0.0669 	 -0.1340 	 -0.0670 	 -0.0038 	 -0.0024 	 -0.0073
3.4569 	 -0.0835 	 -0.5457 	 -0.9811 	 -0.0669 	 -0.1340 	 -0.0671 	 -0.0038 	 -0.0024 	 -0.0073
3.4669 	 -0.0841 	 -0.5470 	 -0.9818 	 -0.0669 	 -0.1340 	 -0.0671 	 -0.0038 	 -0.0023 	 -0.0073
3.4770 	 -0.0848 	 -0.5484 	 -0.9824 	 -0.0670 	 -0.1340 	 -0.0672 	 -0.0038 	 -0.0023 	 -0.0073
3.4870 	 -0.0855 	 -0.5497 	 -0.9831 	 -0.0670 	 -0.1341 	 -0.0673 	 -0.0038 	 -0.0022 	 -0.0074
3.4970 	 -0.0861 	 -0.5511 	 -0.9838 	 -0.0671 	 -0.1341 	 -0.0674 	 -0.0038 	 -0.0022 	 -0.0074
3.5070 	 -0.0868 	 -0.5524 	 -0.9845 	 -0.0671 	 -0.1341 	 -0.0674 	 -0.0038 	 -0.0022 	 -0.0074
3.5170 	 -0.0875 	 -0.5537 	 -0.9851 	 -0.0671 	 -0.1341 	 -0.0675 	 -0.0038 	 -0.0021 	 -0.0074
3.5271 	 -0.0882 	 -0.5551 	 -0.9858 	 -0.0672 	 -0.1342 	 -0.0676 	 -0.0038 	 -0.0021 	 -0.0074
3.5371 	 -0.0888 	 -0.5564 	 -0.9865 	 -0.0672 	 -0.1342 	 -0.0677 	 -0.0038 	 -0.0020 	 -0.0074
3.5471 	 -0.0895 	 -0.5578 	 -0.9872 	 -0.0673 	 -0.1342 	 -0.0677 	 -0.0038 	 -0.0020 	 -0.0074
3.5571 	 -0.0902 	 -0.5591 	 -0.9878 	 -0.0673 	 -0.1342 	 -0.0678 	 -0.0038 	 -0.0019 	 -0.0074
3.5671 	 -0.0909 	 -0.5605 	 -0.9885 	 -0.0673 	 -0.1342 	 -0.0679 	 -0.0038 	 -0.0019 	 -0.0075
3.5772 	 -0.0915 	 -0.5618 	 -0.9892 	 -0.0674 	 -0.1343 	 -0.0680 	 -0.0038 	 -0.0019 	 -0.0075
3.5872 	 -0.0922 	 -0.5632 	 -0.9899 	 -0.0674 	 -0.1343 	 -0.0680 	 -0.0039 	 -0.0018 	 -0.0075
3.5972 	 -0.0929 	 -0.5645 	 -0.9906 	 -0.0674 	 -0.1343 	 -0.0681 	 -0.0039 	 -0.0018 	 -0.0075
3.6072 	 -0.0936 	 -0.5658 	 -0.9913 	 -0.0675 	 -0.1343 	 -0.0682 	 -0.0039 	 -0.0017 	 -0.0075
3.6172 	 -0.0942 	 -0.5672 	 -0.9919 	 -0.0675 	 -0.1343 	 -0.0683 	 -0.0039 	 -0.0017 	 -0.0075
3.6273 	 -0.0949 	 -0.5685 	 -0.9926 	 -0.0676 	 -0.1343 	 -0.0683 	 -0.0039 	 -0.0016 	 -0.0075
3.6373 	 -0.0956 	 -0.5699 	 -0.9933 	 -0.0676 	 -0.1344 	 -0.0684 	 -0.0039 	 -0.0016 	 -0.0075
3.6473 	 -0.0963 	 -0.5712 	 -0.9940 	 -0.0676 	 -0.1344 	 -0.0685 	 -0.0039 	 -0.0016 	 -0.0076
3.6573 	 -0.0969 	 -0.5726 	 -0.9947 	 -0.0677 	 -0.1344 	 -0.0686 	 -0.0039 	 -0.0015 	 -0.0076
3.6673 	 -0.0976 	 -0.5739 	 -0.9954 	 -0.0677 	 -0.1344 	 -0.0686 	 -0.0039 	 -0.0015 	 -0.0076
3.6774 	 -0.0983 	 -0.5753 	 -0.9961 	 -0.0678 	 -0.1344 	 -0.0687 	 -0.0039 	 -0.0014 	 -0.0076
3.6874 	 -0.0990 	 -0.5766 	 -0.9967 	 -0.0678 	 -0.1344 	 -0.0688 	 -0.0039 	 -0.0014 	 -0.0076
3.6974 	 -0.0997 	 -0.5780 	 -0.9974 	 -0.0678 	 -0.1344 	 -0.0689 	 -0.0039 	 -0.0013 	 -0.0076
3.7074 	 -0.1003 	 -0.5793 	 -0.9981 	 -0.0679 	 -0.1345 	 -0.0689 	 -0.0039 	 -0.0013 	 -0.0076
3.7174 	 -0.1010 	 -0.5807 	 -0.9988 	 -0.0679 	 -0.1345 	 -0.0690 	 -0.0039 	 -0.0012 	 -0.0077
3.7275 	 -0.1017 	 -0.5820 	 -0.9995 	 -0.0680 	 -0.1345 	 -0.0691 	 -0.0040 	 -0.0012 	 -0.0077
3.7375 	 -0.1024 	 -0.5834 	 -1.0002 	 -0.0680 	 -0.1345 	 -0.0692 	 -0.0040 	 -0.0012 	 -0.0077
3.7475 	 -0.1031 	 -0.5847 	 -1.0009 	 -0.0680 	 -0.1345 	 -0.0692 	 -0.0040 	 -0.0011 	 -0.0077
3.7575 	 -0.1037 	 -0.5860 	 -1.0016 	 -0.0681 	 -0.1345 	 -0.0693 	 -0.0040 	 -0.0011 	 -0.0077
3.7675 	 -0.1044 	 -0.5874 	 -1.0023 	 -0.0681 	 -0.1345 	 -0.0694 	 -0.0040 	 -0.0010 	 -0.0077
3.7776 	 -0.1051 	 -0.5887 	 -1.0030 	 -0.0682 	 -0.1345 	 -0.0695 	 -0.0040 	 -0.0010 	 -0.0077
3.7876 	 -0.1058 	 -0.5901 	 -1.0037 	 -0.0682 	 -0.1345 	 -0.0696 	 -0.0040 	 -0.0009 	 -0.0078
3.7976 	 -0.1065 	 -0.5914 	 -1.0044 	 -0.0682 	 -0.1346 	 -0.0696 	 -0.0040 	 -0.0009 	 -0.0078
3.8076 	 -0.1072 	 -0.5928 	 -1.0051 	 -0.0683 	 -0.1346 	 -0.0697 	 -0.0040 	 -0.0008 	 -0.0078
3.8176 	 -0.1078 	 -0.5941 	 -1.0058 	 -0.0683 	 -0.1346 	 -0.0698 	 -0.0040 	 -0.0008 	 -0.0078
3.8277 	 -0.1085 	 -0.5955 	 -1.0065 	 -0.0684 	 -0.1346 	 -0.0699 	 -0.0040 	 -0.0007 	 -0.0078
3.8377 	 -0.1092 	 -0.5968 	 -1.0072 	 -0.0684 	 -0.1346 	 -0.0699 	 -0.0040 	 -0.0007 	 -0.0078
3.8477 	 -0.1099 	 -0.5982 	 -1.0079 	 -0.0684 	 -0.1346 	 -0.0700 	 -0.0040 	 -0.0006 	 -0.0079
3.8577 	 -0.1106 	 -0.5995 	 -1.0086 	 -0.0685 	 -0.1346 	 -0.0701 	 -0.0040 	 -0.0006 	 -0.0079
3.8677 	 -0.1113 	 -0.6009 	 -1.0093 	 -0.0685 	 -0.1346 	 -0.0702 	 -0.0041 	 -0.0005 	 -0.0079
3.8778 	 -0.1120 	 -0.6022 	 -1.0100 	 -0.0686 	 -0.1346 	 -0.0703 	 -0.0041 	 -0.0005 	 -0.0079
3.8878 	 -0.1126 	 -0.6036 	 -1.0107 	 -0.0686 	 -0.1346 	 -0.0703 	 -0.0041 	 -0.0004 	 -0.0079
3.8978 	 -0.1133 	 -0.6049 	 -1.0114 	 -0.0686 	 -0.1346 	 -0.0704 	 -0.0041 	 -0.0004 	 -0.0079
3.9078 	 -0.1140 	 -0.6063 	 -1.0121 	 -0.0687 	 -0.1346 	 -0.0705 	 -0.0041 	 -0.0003 	 -0.0080
3.9178 	 -0.1147 	 -0.6076 	 -1.0128 	 -0.0687 	 -0.1346 	 -0.0706 	 -0.0041 	 -0.0003 	 -0.0080
3.9279 	 -0.1154 	 -0.6090 	 -1.0135 	 -0.0688 	 -0.1346 	 -0.0707 	 -0.0041 	 -0.0003 	 -0.0080
3.9379 	 -0.1161 	 -0.6103 	 -1.0142 	 -0.0688 	 -0.1346 	 -0.0707 	 -0.0041 	 -0.0002 	 -0.0080
3.9479 	 -0.1168 	 -0.6117 	 -1.0149 	 -0.0688 	 -0.1346 	 -0.0708 	 -0.0041 	 -0.0001 	 -0.0080
3.9579 	 -0.1175 	 -0.6130 	 -1.0156 	 -0.0689 	 -0.1346 	 -0.0709 	 -0.0041 	 -0.0001 	 -0.0080
3.9679 	 -0.1182 	 -0.6144 	 -1.0163 	 -0.0689 	 -0.1346 	 -0.0710 	 -0.0041 	 -0.0000 	 -0.0081
3.9780 	 -0.1188 	 -0.6157 	 -1.0171 	 -0.0690 	 -0.1346 	 -0.0711 	 -0.0041 	 0.0000 	 -0.0081
3.9880 	 -0.1195 	 -0.6171 	 -1.0178 	 -0.0690 	 -0.1346 	 -0.0711 	 -0.0042 	 0.0001 	 -0.0081
3.9980 	 -0.1202 	 -0.6184 	 -1.0185 	 -0.0691 	 -0.1346 	 -0.0712 	 -0.0042 	 0.0001 	 -0.0081
4.0080 	 -0.1209 	 -0.6198 	 -1.0192 	 -0.0691 	 -0.1346 	 -0.0713 	 -0.0042 	 0.0002 	 -0.0081
4.0180 	 -0.1216 	 -0.6211 	 -1.0199 	 -0.0691 	 -0.1346 	 -0.0714 	 -0.0042 	 0.0002 	 -0.0082
4.0281 	 -0.1223 	 -0.6225 	 -1.0206 	 -0.0692 	 -0.1346 	 -0.0715 	 -0.0042 	 0.0003 	 -0.0082
4.0381 	 -0.1230 	 -0.6238 	 -1.0213 	 -0.0692 	 -0.1346 	 -0.0715 	 -0.0042 	 0.0003 	 -0.0082
4.0481 	 -0.1237 	 -0.6252 	 -1.0221 	 -0.0693 	 -0.1346 	 -0.0716 	 -0.0042 	 0.0004 	 -0.0082
4.0581 	 -0.1244 	 -0.6265 	 -1.0228 	 -0.0693 	 -0.1346 	 -0.0717 	 -0.0042 	 0.0004 	 -0.0082
4.0681 	 -0.1251 	 -0.6279 	 -1.0235 	 -0.0693 	 -0.1346 	 -0.0718 	 -0.0042 	 0.0005 	 -0.0082
4.0782 	 -0.1258 	 -0.6292 	 -1.0242 	 -0.0694 	 -0.1346 	 -0.0719 	 -0.0042 	 0.0005 	 -0.0083
4.0882 	 -0.1265 	 -0.6306 	 -1.0249 	 -0.0694 	 -0.1346 	 -0.0720 	 -0.0042 	 0.0006 	 -0.0083
4.0982 	 -0.1272 	 -0.6319 	 -1.0257 	 -0.0695 	 -0.1346 	 -0.0720 	 -0.0043 	 0.0006 	 -0.0083
4.1082 	 -0.1279 	 -0.6333 	 -1.0264 	 -0.0695 	 -0.1346 	 -0.0721 	 -0.0043 	 0.0007 	 -0.0083
4.1182 	 -0.1286 	 -0.6346 	 -1.0271 	 -0.0696 	 -0.1346 	 -0.0722 	 -0.0043 	 0.0007 	 -0.0083
4.1283 	 -0.1293 	 -0.6360 	 -1.0278 	 -0.0696 	 -0.1346 	 -0.0723 	 -0.0043 	 0.0008 	 -0.0084
4.1383 	 -0.1300 	 -0.6373 	 -1.0286 	 -0.0696 	 -0.1346 	 -0.0724 	 -0.0043 	 0.0009 	 -0.0084
4.1483 	 -0.1307 	 -0.6386 	 -1.0293 	 -0.0697 	 -0.1346 	 -0.0725 	 -0.0043 	 0.0009 	 -0.0084
4.1583 	 -0.1314 	 -0.6400 	 -1.0300 	 -0.0697 	 -0.1345 	 -0.0725 	 -0.0043 	 0.0010 	 -0.0084
4.1683 	 -0.1321 	 -0.6413 	 -1.0307 	 -0.0698 	 -0.1345 	 -0.0726 	 -0.0043 	 0.0010 	 -0.0085
4.1784 	 -0.1328 	 -0.6427 	 -1.0315 	 -0.0698 	 -0.1345 	 -0.0727 	 -0.0043 	 0.0011 	 -0.0085
4.1884 	 -0.1335 	 -0.6440 	 -1.0322 	 -0.0699 	 -0.1345 	 -0.0728 	 -0.0043 	 0.0011 	 -0.0085
4.1984 	 -0.1342 	 -0.6454 	 -1.0329 	 -0.0699 	 -0.1345 	 -0.0729 	 -0.0044 	 0.0012 	 -0.0085
4.2084 	 -0.1349 	 -0.6467 	 -1.0337 	 -0.0699 	 -0.1345 	 -0.0730 	 -0.0044 	 0.0013 	 -0.0085
4.2184 	 -0.1356 	 -0.6481 	 -1.0344 	 -0.0700 	 -0.1345 	 -0.0731 	 -0.0044 	 0.0013 	 -0.0086
4.2285 	 -0.1363 	 -0.6494 	 -1.0351 	 -0.0700 	 -0.1345 	 -0.0731 	 -0.0044 	 0.0014 	 -0.0086
4.2385 	 -0.1370 	 -0.6508 	 -1.0358 	 -0.0701 	 -0.1345 	 -0.0732 	 -0.0044 	 0.0014 	 -0.0086
4.2485 	 -0.1377 	 -0.6521 	 -1.0366 	 -0.0701 	 -0.1344 	 -0.0733 	 -0.0044 	 0.0015 	 -0.0086
4.2585 	 -0.1384 	 -0.6535 	 -1.0373 	 -0.0702 	 -0.1344 	 -0.0734 	 -0.0044 	 0.0015 	 -0.0087
4.2685 	 -0.1391 	 -0.6548 	 -1.0381 	 -0.0702 	 -0.1344 	 -0.0735 	 -0.0044 	 0.0016 	 -0.0087
4.2786 	 -0.1398 	 -0.6562 	 -1.0388 	 -0.0703 	 -0.1344 	 -0.0736 	 -0.0044 	 0.0017 	 -0.0087
4.2886 	 -0.1405 	 -0.6575 	 -1.0395 	 -0.0703 	 -0.1344 	 -0.0737 	 -0.0044 	 0.0017 	 -0.0087
4.2986 	 -0.1412 	 -0.6589 	 -1.0403 	 -0.0703 	 -0.1344 	 -0.0738 	 -0.0045 	 0.0018 	 -0.0087
4.3086 	 -0.1419 	 -0.6602 	 -1.0410 	 -0.0704 	 -0.1343 	 -0.0738 	 -0.0045 	 0.0018 	 -0.0088
4.3186 	 -0.1426 	 -0.6616 	 -1.0417 	 -0.0704 	 -0.1343 	 -0.0739 	 -0.0045 	 0.0019 	 -0.0088
4.3287 	 -0.1433 	 -0.6629 	 -1.0425 	 -0.0705 	 -0.1343 	 -0.0740 	 -0.0045 	 0.0020 	 -0.0088
4.3387 	 -0.1440 	 -0.6642 	 -1.0432 	 -0.0705 	 -0.1343 	 -0.0741 	 -0.0045 	 0.0020 	 -0.0088
4.3487 	 -0.1447 	 -0.6656 	 -1.0440 	 -0.0706 	 -0.1343 	 -0.0742 	 -0.0045 	 0.0021 	 -0.0089
4.3587 	 -0.1454 	 -0.6669 	 -1.0447 	 -0.0706 	 -0.1342 	 -0.0743 	 -0.0045 	 0.0021 	 -0.0089
4.3687 	 -0.1461 	 -0.6683 	 -1.0455 	 -0.0707 	 -0.1342 	 -0.0744 	 -0.0045 	 0.0022 	 -0.0089
4.3788 	 -0.1468 	 -0.6696 	 -1.0462 	 -0.0707 	 -0.1342 	 -0.0745 	 -0.0045 	 0.0023 	 -0.0089
4.3888 	 -0.1475 	 -0.6710 	 -1.0470 	 -0.0708 	 -0.1342 	 -0.0746 	 -0.0046 	 0.0023 	 -0.0090
4.3988 	 -0.1483 	 -0.6723 	 -1.0477 	 -0.0708 	 -0.1341 	 -0.0746 	 -0.0046 	 0.0024 	 -0.0090
4.4088 	 -0.1490 	 -0.6737 	 -1.0484 	 -0.0708 	 -0.1341 	 -0.0747 	 -0.0046 	 0.0025 	 -0.0090
4.4188 	 -0.1497 	 -0.6750 	 -1.0492 	 -0.0709 	 -0.1341 	 -0.0748 	 -0.0046 	 0.0025 	 -0.0090
4.4289 	 -0.1504 	 -0.6763 	 -1.0499 	 -0.0709 	 -0.1341 	 -0.0749 	 -0.0046 	 0.0026 	 -0.0091
4.4389 	 -0.1511 	 -0.6777 	 -1.0507 	 -0.0710 	 -0.1340 	 -0.0750 	 -0.0046 	 0.0027 	 -0.0091
4.4489 	 -0.1518 	 -0.6790 	 -1.0515 	 -0.0710 	 -0.1340 	 -0.0751 	 -0.0046 	 0.0027 	 -0.0091
4.4589 	 -0.1525 	 -0.6804 	 -1.0522 	 -0.0711 	 -0.1340 	 -0.0752 	 -0.0046 	 0.0028 	 -0.0092
4.4689 	 -0.1532 	 -0.6817 	 -1.0530 	 -0.0711 	 -0.1340 	 -0.0753 	 -0.0046 	 0.0029 	 -0.0092
4.4790 	 -0.1539 	 -0.6831 	 -1.0537 	 -0.0712 	 -0.1339 	 -0.0754 	 -0.0047 	 0.0029 	 -0.0092
4.4890 	 -0.1547 	 -0.6844 	 -1.0545 	 -0.0712 	 -0.1339 	 -0.0755 	 -0.0047 	 0.0030 	 -0.0092
4.4990 	 -0.1554 	 -0.6857 	 -1.0552 	 -0.0713 	 -0.1339 	 -0.0756 	 -0.0047 	 0.0031 	 -0.0093
4.5090 	 -0.1561 	 -0.6871 	 -1.0560 	 -0.0713 	 -0.1338 	 -0.0756 	 -0.0047 	 0.0031 	 -0.0093
4.5190 	 -0.1568 	 -0.6884 	 -1.0567 	 -0.0714 	 -0.1338 	 -0.0757 	 -0.0047 	 0.0032 	 -0.0093
4.5291 	 -0.1575 	 -0.6898 	 -1.0575 	 -0.0714 	 -0.1338 	 -0.0758 	 -0.0047 	 0.0033 	 -0.0094
4.5391 	 -0.1582 	 -0.6911 	 -1.0583 	 -0.0714 	 -0.1337 	 -0.0759 	 -0.0047 	 0.0033 	 -0.0094
4.5491 	 -0.1589 	 -0.6924 	 -1.0590 	 -0.0715 	 -0.1337 	 -0.0760 	 -0.0047 	 0.0034 	 -0.0094
4.5591 	 -0.1597 	 -0.6938 	 -1.0598 	 -0.0715 	 -0.1337 	 -0.0761 	 -0.0048 	 0.0035 	 -0.0094
4.5691 	 -0.1604 	 -0.6951 	 -1.0605 	 -0.0716 	 -0.1336 	 -0.0762 	 -0.0048 	 0.0035 	 -0.0095
4.5792 	 -0.1611 	 -0.6965 	 -1.0613 	 -0.0716 	 -0.1336 	 -0.0763 	 -0.0048 	 0.0036 	 -0.0095
4.5892 	 -0.1618 	 -0.6978 	 -1.0621 	 -0.0717 	 -0.1336 	 -0.0764 	 -0.0048 	 0.0037 	 -0.0095
4.5992 	 -0.1625 	 -0.6991 	 -1.0628 	 -0.0717 	 -0.1335 	 -0.0765 	 -0.0048 	 0.0037 	 -0.0096
4.6092 	 -0.1633 	 -0.7005 	 -1.0636 	 -0.0718 	 -0.1335 	 -0.0766 	 -0.0048 	 0.0038 	 -0.0096
4.6192 	 -0.1640 	 -0.7018 	 -1.0644 	 -0.0718 	 -0.1335 	 -0.0767 	 -0.0048 	 0.0039 	 -0.0096
4.6293 	 -0.1647 	 -0.7032 	 -1.0651 	 -0.0719 	 -0.1334 	 -0.0768 	 -0.0049 	 0.0040 	 -0.0097
4.6393 	 -0.1654 	 -0.7045 	 -1.0659 	 -0.0719 	 -0.1334 	 -0.0769 	 -0.0049 	 0.0040 	 -0.0097
4.6493 	 -0.1661 	 -0.7058 	 -1.0667 	 -0.0720 	 -0.1333 	 -0.0770 	 -0.0049 	 0.0041 	 -0.0097
4.6593 	 -0.1669 	 -0.7072 	 -1.0675 	 -0.0720 	 -0.1333 	 -0.0771 	 -0.0049 	 0.0042 	 -0.0097
4.6693 	 -0.1676 	 -0.7085 	 -1.0682 	 -0.0721 	 -0.1333 	 -0.0772 	 -0.0049 	 0.0042 	 -0.0098
4.6794 	 -0.1683 	 -0.7098 	 -1.0690 	 -0.0721 	 -0.1332 	 -0.0773 	 -0.0049 	 0.0043 	 -0.0098
4.6894 	 -0.1690 	 -0.7112 	 -1.0698 	 -0.0722 	 -0.1332 	 -0.0774 	 -0.0049 	 0.0044 	 -0.0098
4.6994 	 -0.1697 	 -0.7125 	 -1.0706 	 -0.0722 	 -0.1331 	 -0.0775 	 -0.0050 	 0.0045 	 -0.0099
4.7094 	 -0.1705 	 -0.7138 	 -1.0713 	 -0.0723 	 -0.1331 	 -0.0776 	 -0.0050 	 0.0045 	 -0.0099
4.7194 	 -0.1712 	 -0.7152 	 -1.0721 	 -0.0723 	 -0.1330 	 -0.0777 	 -0.0050 	 0.0046 	 -0.0099
4.7295 	 -0.1719 	 -0.7165 	 -1.0729 	 -0.0724 	 -0.1330 	 -0.0778 	 -0.0050 	 0.0047 	 -0.0100
4.7395 	 -0.1726 	 -0.7178 	 -1.0737 	 -0.0724 	 -0.1329 	 -0.0779 	 -0.0050 	 0.0048 	 -0.0100
4.7495 	 -0.1734 	 -0.7192 	 -1.0745 	 -0.0725 	 -0.1329 	 -0.0780 	 -0.0050 	 0.0049 	 -0.0100
4.7595 	 -0.1741 	 -0.7205 	 -1.0752 	 -0.0725 	 -0.1328 	 -0.0781 	 -0.0050 	 0.0049 	 -0.0101
4.7695 	 -0.1748 	 -0.7218 	 -1.0760 	 -0.0726 	 -0.1328 	 -0.0782 	 -0.0051 	 0.0050 	 -0.0101
4.7796 	 -0.1756 	 -0.7232 	 -1.0768 	 -0.0726 	 -0.1327 	 -0.0783 	 -0.0051 	 0.0051 	 -0.0101
4.7896 	 -0.1763 	 -0.7245 	 -1.0776 	 -0.0727 	 -0.1327 	 -0.0784 	 -0.0051 	 0.0052 	 -0.0102
4.7996 	 -0.1770 	 -0.7258 	 -1.0784 	 -0.0727 	 -0.1326 	 -0.0785 	 -0.0051 	 0.0052 	 -0.0102
4.8096 	 -0.1777 	 -0.7271 	 -1.0792 	 -0.0728 	 -0.1326 	 -0.0786 	 -0.0051 	 0.0053 	 -0.0103
4.8196 	 -0.1785 	 -0.7285 	 -1.0799 	 -0.0728 	 -0.1325 	 -0.0787 	 -0.0051 	 0.0054 	 -0.0103
4.8297 	 -0.1792 	 -0.7298 	 -1.0807 	 -0.0729 	 -0.1325 	 -0.0788 	 -0.0052 	 0.0055 	 -0.0103
4.8397 	 -0.1799 	 -0.7311 	 -1.0815 	 -0.0729 	 -0.1324 	 -0.0789 	 -0.0052 	 0.0056 	 -0.0104
4.8497 	 -0.1807 	 -0.7325 	 -1.0823 	 -0.0730 	 -0.1324 	 -0.0790 	 -0.0052 	 0.0056 	 -0.0104
4.8597 	 -0.1814 	 -0.7338 	 -1.0831 	 -0.0730 	 -0.1323 	 -0.0791 	 -0.0052 	 0.0057 	 -0.0104
4.8697 	 -0.1821 	 -0.7351 	 -1.0839 	 -0.0731 	 -0.1323 	 -0.0792 	 -0.0052 	 0.0058 	 -0.0105
4.8798 	 -0.1829 	 -0.7364 	 -1.0847 	 -0.0731 	 -0.1322 	 -0.0793 	 -0.0052 	 0.0059 	 -0.0105
4.8898 	 -0.1836 	 -0.7378 	 -1.0855 	 -0.0732 	 -0.1321 	 -0.0794 	 -0.0053 	 0.0060 	 -0.0106
4.8998 	 -0.1843 	 -0.7391 	 -1.0863 	 -0.0732 	 -0.1321 	 -0.0795 	 -0.0053 	 0.0061 	 -0.0106
4.9098 	 -0.1851 	 -0.7404 	 -1.0871 	 -0.0733 	 -0.1320 	 -0.0796 	 -0.0053 	 0.0061 	 -0.0106
4.9198 	 -0.1858 	 -0.7417 	 -1.0879 	 -0.0734 	 -0.1319 	 -0.0797 	 -0.0053 	 0.0062 	 -0.0107
4.9299 	 -0.1865 	 -0.7430 	 -1.0887 	 -0.0734 	 -0.1319 	 -0.0798 	 -0.0053 	 0.0063 	 -0.0107
4.9399 	 -0.1873 	 -0.7444 	 -1.0895 	 -0.0735 	 -0.1318 	 -0.0799 	 -0.0053 	 0.0064 	 -0.0108
4.9499 	 -0.1880 	 -0.7457 	 -1.0903 	 -0.0735 	 -0.1318 	 -0.0801 	 -0.0054 	 0.0065 	 -0.0108
4.9599 	 -0.1887 	 -0.7470 	 -1.0911 	 -0.0736 	 -0.1317 	 -0.0802 	 -0.0054 	 0.0066 	 -0.0108
4.9699 	 -0.1895 	 -0.7483 	 -1.0919 	 -0.0736 	 -0.1316 	 -0.0803 	 -0.0054 	 0.0067 	 -0.0109
4.9800 	 -0.1902 	 -0.7496 	 -1.0927 	 -0.0737 	 -0.1316 	 -0.0804 	 -0.0054 	 0.0068 	 -0.0109
4.9900 	 -0.1909 	 -0.7510 	 -1.0935 	 -0.0737 	 -0.1315 	 -0.0805 	 -0.0054 	 0.0068 	 -0.0110
