3-Body Run with i = 1 th particle. (Units in pc,M_solar,Myr, km s-1) 

time		 x 		 y 		 z 		 xdot 		 ydot 		 zdot 		 xddot 		 yddot 		 zddot
0.0000 	 0.2459 	 -0.1620 	 -0.5476 	 -0.0059 	 -0.2247 	 -0.2213 	 -0.0055 	 0.0160 	 0.0445
0.0100 	 0.2458 	 -0.1643 	 -0.5498 	 -0.0060 	 -0.2245 	 -0.2209 	 -0.0055 	 0.0160 	 0.0444
0.0200 	 0.2458 	 -0.1665 	 -0.5520 	 -0.0060 	 -0.2244 	 -0.2204 	 -0.0055 	 0.0159 	 0.0442
0.0301 	 0.2457 	 -0.1688 	 -0.5542 	 -0.0061 	 -0.2242 	 -0.2200 	 -0.0054 	 0.0159 	 0.0440
0.0401 	 0.2457 	 -0.1710 	 -0.5564 	 -0.0061 	 -0.2240 	 -0.2195 	 -0.0054 	 0.0158 	 0.0439
0.0501 	 0.2456 	 -0.1733 	 -0.5586 	 -0.0062 	 -0.2239 	 -0.2191 	 -0.0054 	 0.0158 	 0.0437
0.0601 	 0.2455 	 -0.1755 	 -0.5608 	 -0.0062 	 -0.2237 	 -0.2187 	 -0.0054 	 0.0157 	 0.0435
0.0701 	 0.2455 	 -0.1777 	 -0.5630 	 -0.0063 	 -0.2236 	 -0.2182 	 -0.0054 	 0.0157 	 0.0434
0.0802 	 0.2454 	 -0.1800 	 -0.5652 	 -0.0063 	 -0.2234 	 -0.2178 	 -0.0053 	 0.0157 	 0.0432
0.0902 	 0.2453 	 -0.1822 	 -0.5673 	 -0.0064 	 -0.2233 	 -0.2174 	 -0.0053 	 0.0156 	 0.0430
0.1002 	 0.2453 	 -0.1845 	 -0.5695 	 -0.0064 	 -0.2231 	 -0.2169 	 -0.0053 	 0.0156 	 0.0429
0.1102 	 0.2452 	 -0.1867 	 -0.5717 	 -0.0065 	 -0.2229 	 -0.2165 	 -0.0053 	 0.0155 	 0.0427
0.1202 	 0.2451 	 -0.1889 	 -0.5738 	 -0.0066 	 -0.2228 	 -0.2161 	 -0.0053 	 0.0155 	 0.0426
0.1303 	 0.2451 	 -0.1912 	 -0.5760 	 -0.0066 	 -0.2226 	 -0.2157 	 -0.0052 	 0.0155 	 0.0424
0.1403 	 0.2450 	 -0.1934 	 -0.5782 	 -0.0067 	 -0.2225 	 -0.2152 	 -0.0052 	 0.0154 	 0.0422
0.1503 	 0.2449 	 -0.1956 	 -0.5803 	 -0.0067 	 -0.2223 	 -0.2148 	 -0.0052 	 0.0154 	 0.0421
0.1603 	 0.2449 	 -0.1978 	 -0.5825 	 -0.0068 	 -0.2222 	 -0.2144 	 -0.0052 	 0.0153 	 0.0419
0.1703 	 0.2448 	 -0.2001 	 -0.5846 	 -0.0068 	 -0.2220 	 -0.2140 	 -0.0052 	 0.0153 	 0.0418
0.1804 	 0.2447 	 -0.2023 	 -0.5868 	 -0.0069 	 -0.2219 	 -0.2136 	 -0.0051 	 0.0153 	 0.0416
0.1904 	 0.2447 	 -0.2045 	 -0.5889 	 -0.0069 	 -0.2217 	 -0.2131 	 -0.0051 	 0.0152 	 0.0415
0.2004 	 0.2446 	 -0.2067 	 -0.5910 	 -0.0070 	 -0.2216 	 -0.2127 	 -0.0051 	 0.0152 	 0.0413
0.2104 	 0.2445 	 -0.2089 	 -0.5932 	 -0.0070 	 -0.2214 	 -0.2123 	 -0.0051 	 0.0151 	 0.0412
0.2204 	 0.2445 	 -0.2112 	 -0.5953 	 -0.0071 	 -0.2213 	 -0.2119 	 -0.0051 	 0.0151 	 0.0410
0.2305 	 0.2444 	 -0.2134 	 -0.5974 	 -0.0071 	 -0.2211 	 -0.2115 	 -0.0051 	 0.0151 	 0.0409
0.2405 	 0.2443 	 -0.2156 	 -0.5995 	 -0.0072 	 -0.2209 	 -0.2111 	 -0.0050 	 0.0150 	 0.0407
0.2505 	 0.2442 	 -0.2178 	 -0.6016 	 -0.0072 	 -0.2208 	 -0.2107 	 -0.0050 	 0.0150 	 0.0406
0.2605 	 0.2442 	 -0.2200 	 -0.6037 	 -0.0073 	 -0.2206 	 -0.2103 	 -0.0050 	 0.0150 	 0.0404
0.2705 	 0.2441 	 -0.2222 	 -0.6059 	 -0.0073 	 -0.2205 	 -0.2099 	 -0.0050 	 0.0149 	 0.0403
0.2806 	 0.2440 	 -0.2244 	 -0.6080 	 -0.0074 	 -0.2203 	 -0.2095 	 -0.0050 	 0.0149 	 0.0401
0.2906 	 0.2440 	 -0.2266 	 -0.6100 	 -0.0074 	 -0.2202 	 -0.2091 	 -0.0050 	 0.0148 	 0.0400
0.3006 	 0.2439 	 -0.2289 	 -0.6121 	 -0.0075 	 -0.2201 	 -0.2087 	 -0.0049 	 0.0148 	 0.0398
0.3106 	 0.2438 	 -0.2311 	 -0.6142 	 -0.0075 	 -0.2199 	 -0.2083 	 -0.0049 	 0.0148 	 0.0397
0.3206 	 0.2437 	 -0.2333 	 -0.6163 	 -0.0076 	 -0.2198 	 -0.2079 	 -0.0049 	 0.0147 	 0.0396
0.3307 	 0.2437 	 -0.2355 	 -0.6184 	 -0.0076 	 -0.2196 	 -0.2075 	 -0.0049 	 0.0147 	 0.0394
0.3407 	 0.2436 	 -0.2377 	 -0.6205 	 -0.0077 	 -0.2195 	 -0.2071 	 -0.0049 	 0.0147 	 0.0393
0.3507 	 0.2435 	 -0.2399 	 -0.6225 	 -0.0077 	 -0.2193 	 -0.2067 	 -0.0049 	 0.0146 	 0.0391
0.3607 	 0.2434 	 -0.2421 	 -0.6246 	 -0.0078 	 -0.2192 	 -0.2063 	 -0.0049 	 0.0146 	 0.0390
0.3707 	 0.2433 	 -0.2443 	 -0.6267 	 -0.0078 	 -0.2190 	 -0.2059 	 -0.0048 	 0.0145 	 0.0389
0.3808 	 0.2433 	 -0.2464 	 -0.6287 	 -0.0079 	 -0.2189 	 -0.2055 	 -0.0048 	 0.0145 	 0.0387
0.3908 	 0.2432 	 -0.2486 	 -0.6308 	 -0.0079 	 -0.2187 	 -0.2051 	 -0.0048 	 0.0145 	 0.0386
0.4008 	 0.2431 	 -0.2508 	 -0.6329 	 -0.0080 	 -0.2186 	 -0.2047 	 -0.0048 	 0.0144 	 0.0385
0.4108 	 0.2430 	 -0.2530 	 -0.6349 	 -0.0080 	 -0.2184 	 -0.2044 	 -0.0048 	 0.0144 	 0.0383
0.4208 	 0.2429 	 -0.2552 	 -0.6369 	 -0.0081 	 -0.2183 	 -0.2040 	 -0.0048 	 0.0144 	 0.0382
0.4309 	 0.2429 	 -0.2574 	 -0.6390 	 -0.0081 	 -0.2182 	 -0.2036 	 -0.0048 	 0.0143 	 0.0381
0.4409 	 0.2428 	 -0.2596 	 -0.6410 	 -0.0082 	 -0.2180 	 -0.2032 	 -0.0048 	 0.0143 	 0.0379
0.4509 	 0.2427 	 -0.2618 	 -0.6431 	 -0.0082 	 -0.2179 	 -0.2028 	 -0.0047 	 0.0143 	 0.0378
0.4609 	 0.2426 	 -0.2639 	 -0.6451 	 -0.0082 	 -0.2177 	 -0.2024 	 -0.0047 	 0.0142 	 0.0377
0.4709 	 0.2425 	 -0.2661 	 -0.6471 	 -0.0083 	 -0.2176 	 -0.2021 	 -0.0047 	 0.0142 	 0.0375
0.4810 	 0.2425 	 -0.2683 	 -0.6491 	 -0.0083 	 -0.2174 	 -0.2017 	 -0.0047 	 0.0142 	 0.0374
0.4910 	 0.2424 	 -0.2705 	 -0.6512 	 -0.0084 	 -0.2173 	 -0.2013 	 -0.0047 	 0.0141 	 0.0373
0.5010 	 0.2423 	 -0.2727 	 -0.6532 	 -0.0084 	 -0.2172 	 -0.2009 	 -0.0047 	 0.0141 	 0.0372
0.5110 	 0.2422 	 -0.2748 	 -0.6552 	 -0.0085 	 -0.2170 	 -0.2006 	 -0.0047 	 0.0141 	 0.0370
0.5210 	 0.2421 	 -0.2770 	 -0.6572 	 -0.0085 	 -0.2169 	 -0.2002 	 -0.0047 	 0.0140 	 0.0369
0.5311 	 0.2420 	 -0.2792 	 -0.6592 	 -0.0086 	 -0.2167 	 -0.1998 	 -0.0047 	 0.0140 	 0.0368
0.5411 	 0.2419 	 -0.2814 	 -0.6612 	 -0.0086 	 -0.2166 	 -0.1995 	 -0.0046 	 0.0139 	 0.0367
0.5511 	 0.2419 	 -0.2835 	 -0.6632 	 -0.0087 	 -0.2165 	 -0.1991 	 -0.0046 	 0.0139 	 0.0365
0.5611 	 0.2418 	 -0.2857 	 -0.6652 	 -0.0087 	 -0.2163 	 -0.1987 	 -0.0046 	 0.0139 	 0.0364
0.5711 	 0.2417 	 -0.2879 	 -0.6672 	 -0.0088 	 -0.2162 	 -0.1984 	 -0.0046 	 0.0138 	 0.0363
0.5812 	 0.2416 	 -0.2900 	 -0.6692 	 -0.0088 	 -0.2160 	 -0.1980 	 -0.0046 	 0.0138 	 0.0362
0.5912 	 0.2415 	 -0.2922 	 -0.6711 	 -0.0089 	 -0.2159 	 -0.1976 	 -0.0046 	 0.0138 	 0.0360
0.6012 	 0.2414 	 -0.2943 	 -0.6731 	 -0.0089 	 -0.2158 	 -0.1973 	 -0.0046 	 0.0137 	 0.0359
0.6112 	 0.2413 	 -0.2965 	 -0.6751 	 -0.0089 	 -0.2156 	 -0.1969 	 -0.0046 	 0.0137 	 0.0358
0.6212 	 0.2412 	 -0.2987 	 -0.6771 	 -0.0090 	 -0.2155 	 -0.1966 	 -0.0046 	 0.0137 	 0.0357
0.6313 	 0.2411 	 -0.3008 	 -0.6790 	 -0.0090 	 -0.2154 	 -0.1962 	 -0.0046 	 0.0137 	 0.0356
0.6413 	 0.2411 	 -0.3030 	 -0.6810 	 -0.0091 	 -0.2152 	 -0.1959 	 -0.0046 	 0.0136 	 0.0354
0.6513 	 0.2410 	 -0.3051 	 -0.6830 	 -0.0091 	 -0.2151 	 -0.1955 	 -0.0045 	 0.0136 	 0.0353
0.6613 	 0.2409 	 -0.3073 	 -0.6849 	 -0.0092 	 -0.2149 	 -0.1952 	 -0.0045 	 0.0136 	 0.0352
0.6713 	 0.2408 	 -0.3094 	 -0.6869 	 -0.0092 	 -0.2148 	 -0.1948 	 -0.0045 	 0.0135 	 0.0351
0.6814 	 0.2407 	 -0.3116 	 -0.6888 	 -0.0093 	 -0.2147 	 -0.1944 	 -0.0045 	 0.0135 	 0.0350
0.6914 	 0.2406 	 -0.3137 	 -0.6908 	 -0.0093 	 -0.2145 	 -0.1941 	 -0.0045 	 0.0135 	 0.0349
0.7014 	 0.2405 	 -0.3159 	 -0.6927 	 -0.0094 	 -0.2144 	 -0.1937 	 -0.0045 	 0.0134 	 0.0347
0.7114 	 0.2404 	 -0.3180 	 -0.6947 	 -0.0094 	 -0.2143 	 -0.1934 	 -0.0045 	 0.0134 	 0.0346
0.7214 	 0.2403 	 -0.3202 	 -0.6966 	 -0.0094 	 -0.2141 	 -0.1931 	 -0.0045 	 0.0134 	 0.0345
0.7315 	 0.2402 	 -0.3223 	 -0.6985 	 -0.0095 	 -0.2140 	 -0.1927 	 -0.0045 	 0.0133 	 0.0344
0.7415 	 0.2401 	 -0.3245 	 -0.7005 	 -0.0095 	 -0.2139 	 -0.1924 	 -0.0045 	 0.0133 	 0.0343
0.7515 	 0.2400 	 -0.3266 	 -0.7024 	 -0.0096 	 -0.2137 	 -0.1920 	 -0.0045 	 0.0133 	 0.0342
0.7615 	 0.2399 	 -0.3288 	 -0.7043 	 -0.0096 	 -0.2136 	 -0.1917 	 -0.0045 	 0.0132 	 0.0341
0.7715 	 0.2398 	 -0.3309 	 -0.7062 	 -0.0097 	 -0.2135 	 -0.1913 	 -0.0044 	 0.0132 	 0.0339
0.7816 	 0.2397 	 -0.3330 	 -0.7081 	 -0.0097 	 -0.2133 	 -0.1910 	 -0.0044 	 0.0132 	 0.0338
0.7916 	 0.2396 	 -0.3352 	 -0.7100 	 -0.0098 	 -0.2132 	 -0.1907 	 -0.0044 	 0.0131 	 0.0337
0.8016 	 0.2395 	 -0.3373 	 -0.7120 	 -0.0098 	 -0.2131 	 -0.1903 	 -0.0044 	 0.0131 	 0.0336
0.8116 	 0.2394 	 -0.3394 	 -0.7139 	 -0.0098 	 -0.2129 	 -0.1900 	 -0.0044 	 0.0131 	 0.0335
0.8216 	 0.2393 	 -0.3416 	 -0.7158 	 -0.0099 	 -0.2128 	 -0.1897 	 -0.0044 	 0.0131 	 0.0334
0.8317 	 0.2392 	 -0.3437 	 -0.7177 	 -0.0099 	 -0.2127 	 -0.1893 	 -0.0044 	 0.0130 	 0.0333
0.8417 	 0.2391 	 -0.3458 	 -0.7196 	 -0.0100 	 -0.2125 	 -0.1890 	 -0.0044 	 0.0130 	 0.0332
0.8517 	 0.2390 	 -0.3480 	 -0.7215 	 -0.0100 	 -0.2124 	 -0.1887 	 -0.0044 	 0.0130 	 0.0331
0.8617 	 0.2389 	 -0.3501 	 -0.7233 	 -0.0101 	 -0.2123 	 -0.1883 	 -0.0044 	 0.0129 	 0.0330
0.8717 	 0.2388 	 -0.3522 	 -0.7252 	 -0.0101 	 -0.2122 	 -0.1880 	 -0.0044 	 0.0129 	 0.0328
0.8818 	 0.2387 	 -0.3544 	 -0.7271 	 -0.0102 	 -0.2120 	 -0.1877 	 -0.0044 	 0.0129 	 0.0327
0.8918 	 0.2386 	 -0.3565 	 -0.7290 	 -0.0102 	 -0.2119 	 -0.1873 	 -0.0044 	 0.0128 	 0.0326
0.9018 	 0.2385 	 -0.3586 	 -0.7309 	 -0.0102 	 -0.2118 	 -0.1870 	 -0.0044 	 0.0128 	 0.0325
0.9118 	 0.2384 	 -0.3607 	 -0.7327 	 -0.0103 	 -0.2116 	 -0.1867 	 -0.0044 	 0.0128 	 0.0324
0.9218 	 0.2383 	 -0.3628 	 -0.7346 	 -0.0103 	 -0.2115 	 -0.1864 	 -0.0043 	 0.0128 	 0.0323
0.9319 	 0.2382 	 -0.3650 	 -0.7365 	 -0.0104 	 -0.2114 	 -0.1860 	 -0.0043 	 0.0127 	 0.0322
0.9419 	 0.2381 	 -0.3671 	 -0.7383 	 -0.0104 	 -0.2113 	 -0.1857 	 -0.0043 	 0.0127 	 0.0321
0.9519 	 0.2380 	 -0.3692 	 -0.7402 	 -0.0105 	 -0.2111 	 -0.1854 	 -0.0043 	 0.0127 	 0.0320
0.9619 	 0.2379 	 -0.3713 	 -0.7420 	 -0.0105 	 -0.2110 	 -0.1851 	 -0.0043 	 0.0126 	 0.0319
0.9719 	 0.2378 	 -0.3734 	 -0.7439 	 -0.0105 	 -0.2109 	 -0.1848 	 -0.0043 	 0.0126 	 0.0318
0.9820 	 0.2377 	 -0.3755 	 -0.7457 	 -0.0106 	 -0.2108 	 -0.1844 	 -0.0043 	 0.0126 	 0.0317
0.9920 	 0.2376 	 -0.3776 	 -0.7476 	 -0.0106 	 -0.2106 	 -0.1841 	 -0.0043 	 0.0125 	 0.0316
1.0020 	 0.2375 	 -0.3798 	 -0.7494 	 -0.0107 	 -0.2105 	 -0.1838 	 -0.0043 	 0.0125 	 0.0315
1.0120 	 0.2374 	 -0.3819 	 -0.7513 	 -0.0107 	 -0.2104 	 -0.1835 	 -0.0043 	 0.0125 	 0.0314
1.0220 	 0.2373 	 -0.3840 	 -0.7531 	 -0.0108 	 -0.2103 	 -0.1832 	 -0.0043 	 0.0125 	 0.0313
1.0321 	 0.2372 	 -0.3861 	 -0.7549 	 -0.0108 	 -0.2101 	 -0.1829 	 -0.0043 	 0.0124 	 0.0312
1.0421 	 0.2371 	 -0.3882 	 -0.7568 	 -0.0108 	 -0.2100 	 -0.1826 	 -0.0043 	 0.0124 	 0.0311
1.0521 	 0.2369 	 -0.3903 	 -0.7586 	 -0.0109 	 -0.2099 	 -0.1822 	 -0.0043 	 0.0124 	 0.0310
1.0621 	 0.2368 	 -0.3924 	 -0.7604 	 -0.0109 	 -0.2098 	 -0.1819 	 -0.0043 	 0.0123 	 0.0309
1.0721 	 0.2367 	 -0.3945 	 -0.7623 	 -0.0110 	 -0.2096 	 -0.1816 	 -0.0043 	 0.0123 	 0.0308
1.0822 	 0.2366 	 -0.3966 	 -0.7641 	 -0.0110 	 -0.2095 	 -0.1813 	 -0.0043 	 0.0123 	 0.0307
1.0922 	 0.2365 	 -0.3987 	 -0.7659 	 -0.0111 	 -0.2094 	 -0.1810 	 -0.0043 	 0.0123 	 0.0306
1.1022 	 0.2364 	 -0.4008 	 -0.7677 	 -0.0111 	 -0.2093 	 -0.1807 	 -0.0042 	 0.0122 	 0.0305
1.1122 	 0.2363 	 -0.4029 	 -0.7695 	 -0.0111 	 -0.2091 	 -0.1804 	 -0.0042 	 0.0122 	 0.0304
1.1222 	 0.2362 	 -0.4050 	 -0.7713 	 -0.0112 	 -0.2090 	 -0.1801 	 -0.0042 	 0.0122 	 0.0303
1.1323 	 0.2361 	 -0.4071 	 -0.7731 	 -0.0112 	 -0.2089 	 -0.1798 	 -0.0042 	 0.0122 	 0.0302
1.1423 	 0.2359 	 -0.4092 	 -0.7749 	 -0.0113 	 -0.2088 	 -0.1795 	 -0.0042 	 0.0121 	 0.0301
1.1523 	 0.2358 	 -0.4113 	 -0.7767 	 -0.0113 	 -0.2087 	 -0.1792 	 -0.0042 	 0.0121 	 0.0300
1.1623 	 0.2357 	 -0.4133 	 -0.7785 	 -0.0114 	 -0.2085 	 -0.1789 	 -0.0042 	 0.0121 	 0.0299
1.1723 	 0.2356 	 -0.4154 	 -0.7803 	 -0.0114 	 -0.2084 	 -0.1786 	 -0.0042 	 0.0120 	 0.0298
1.1824 	 0.2355 	 -0.4175 	 -0.7821 	 -0.0114 	 -0.2083 	 -0.1783 	 -0.0042 	 0.0120 	 0.0297
1.1924 	 0.2354 	 -0.4196 	 -0.7839 	 -0.0115 	 -0.2082 	 -0.1780 	 -0.0042 	 0.0120 	 0.0296
1.2024 	 0.2353 	 -0.4217 	 -0.7857 	 -0.0115 	 -0.2081 	 -0.1777 	 -0.0042 	 0.0120 	 0.0295
1.2124 	 0.2351 	 -0.4238 	 -0.7874 	 -0.0116 	 -0.2079 	 -0.1774 	 -0.0042 	 0.0119 	 0.0294
1.2224 	 0.2350 	 -0.4259 	 -0.7892 	 -0.0116 	 -0.2078 	 -0.1771 	 -0.0042 	 0.0119 	 0.0294
1.2325 	 0.2349 	 -0.4279 	 -0.7910 	 -0.0117 	 -0.2077 	 -0.1768 	 -0.0042 	 0.0119 	 0.0293
1.2425 	 0.2348 	 -0.4300 	 -0.7928 	 -0.0117 	 -0.2076 	 -0.1765 	 -0.0042 	 0.0119 	 0.0292
1.2525 	 0.2347 	 -0.4321 	 -0.7945 	 -0.0117 	 -0.2075 	 -0.1762 	 -0.0042 	 0.0118 	 0.0291
1.2625 	 0.2346 	 -0.4342 	 -0.7963 	 -0.0118 	 -0.2073 	 -0.1759 	 -0.0042 	 0.0118 	 0.0290
1.2725 	 0.2344 	 -0.4363 	 -0.7980 	 -0.0118 	 -0.2072 	 -0.1756 	 -0.0042 	 0.0118 	 0.0289
1.2826 	 0.2343 	 -0.4383 	 -0.7998 	 -0.0119 	 -0.2071 	 -0.1754 	 -0.0042 	 0.0117 	 0.0288
1.2926 	 0.2342 	 -0.4404 	 -0.8016 	 -0.0119 	 -0.2070 	 -0.1751 	 -0.0042 	 0.0117 	 0.0287
1.3026 	 0.2341 	 -0.4425 	 -0.8033 	 -0.0119 	 -0.2069 	 -0.1748 	 -0.0041 	 0.0117 	 0.0286
1.3126 	 0.2340 	 -0.4446 	 -0.8051 	 -0.0120 	 -0.2067 	 -0.1745 	 -0.0041 	 0.0117 	 0.0285
1.3226 	 0.2338 	 -0.4466 	 -0.8068 	 -0.0120 	 -0.2066 	 -0.1742 	 -0.0041 	 0.0116 	 0.0284
1.3327 	 0.2337 	 -0.4487 	 -0.8086 	 -0.0121 	 -0.2065 	 -0.1739 	 -0.0041 	 0.0116 	 0.0284
1.3427 	 0.2336 	 -0.4508 	 -0.8103 	 -0.0121 	 -0.2064 	 -0.1736 	 -0.0041 	 0.0116 	 0.0283
1.3527 	 0.2335 	 -0.4528 	 -0.8120 	 -0.0122 	 -0.2063 	 -0.1734 	 -0.0041 	 0.0116 	 0.0282
1.3627 	 0.2334 	 -0.4549 	 -0.8138 	 -0.0122 	 -0.2062 	 -0.1731 	 -0.0041 	 0.0115 	 0.0281
1.3727 	 0.2332 	 -0.4570 	 -0.8155 	 -0.0122 	 -0.2061 	 -0.1728 	 -0.0041 	 0.0115 	 0.0280
1.3828 	 0.2331 	 -0.4590 	 -0.8172 	 -0.0123 	 -0.2059 	 -0.1725 	 -0.0041 	 0.0115 	 0.0279
1.3928 	 0.2330 	 -0.4611 	 -0.8190 	 -0.0123 	 -0.2058 	 -0.1722 	 -0.0041 	 0.0115 	 0.0278
1.4028 	 0.2329 	 -0.4632 	 -0.8207 	 -0.0124 	 -0.2057 	 -0.1720 	 -0.0041 	 0.0114 	 0.0277
1.4128 	 0.2327 	 -0.4652 	 -0.8224 	 -0.0124 	 -0.2056 	 -0.1717 	 -0.0041 	 0.0114 	 0.0276
1.4228 	 0.2326 	 -0.4673 	 -0.8241 	 -0.0124 	 -0.2055 	 -0.1714 	 -0.0041 	 0.0114 	 0.0276
1.4329 	 0.2325 	 -0.4693 	 -0.8258 	 -0.0125 	 -0.2054 	 -0.1711 	 -0.0041 	 0.0114 	 0.0275
1.4429 	 0.2324 	 -0.4714 	 -0.8276 	 -0.0125 	 -0.2053 	 -0.1708 	 -0.0041 	 0.0113 	 0.0274
1.4529 	 0.2322 	 -0.4734 	 -0.8293 	 -0.0126 	 -0.2051 	 -0.1706 	 -0.0041 	 0.0113 	 0.0273
1.4629 	 0.2321 	 -0.4755 	 -0.8310 	 -0.0126 	 -0.2050 	 -0.1703 	 -0.0041 	 0.0113 	 0.0272
1.4729 	 0.2320 	 -0.4776 	 -0.8327 	 -0.0126 	 -0.2049 	 -0.1700 	 -0.0041 	 0.0113 	 0.0271
1.4830 	 0.2319 	 -0.4796 	 -0.8344 	 -0.0127 	 -0.2048 	 -0.1698 	 -0.0041 	 0.0112 	 0.0270
1.4930 	 0.2317 	 -0.4817 	 -0.8361 	 -0.0127 	 -0.2047 	 -0.1695 	 -0.0040 	 0.0112 	 0.0270
1.5030 	 0.2316 	 -0.4837 	 -0.8378 	 -0.0128 	 -0.2046 	 -0.1692 	 -0.0040 	 0.0112 	 0.0269
1.5130 	 0.2315 	 -0.4858 	 -0.8395 	 -0.0128 	 -0.2045 	 -0.1690 	 -0.0040 	 0.0112 	 0.0268
1.5230 	 0.2314 	 -0.4878 	 -0.8412 	 -0.0128 	 -0.2044 	 -0.1687 	 -0.0040 	 0.0111 	 0.0267
1.5331 	 0.2312 	 -0.4899 	 -0.8428 	 -0.0129 	 -0.2042 	 -0.1684 	 -0.0040 	 0.0111 	 0.0266
1.5431 	 0.2311 	 -0.4919 	 -0.8445 	 -0.0129 	 -0.2041 	 -0.1681 	 -0.0040 	 0.0111 	 0.0265
1.5531 	 0.2310 	 -0.4939 	 -0.8462 	 -0.0130 	 -0.2040 	 -0.1679 	 -0.0040 	 0.0111 	 0.0265
1.5631 	 0.2308 	 -0.4960 	 -0.8479 	 -0.0130 	 -0.2039 	 -0.1676 	 -0.0040 	 0.0110 	 0.0264
1.5731 	 0.2307 	 -0.4980 	 -0.8496 	 -0.0131 	 -0.2038 	 -0.1674 	 -0.0040 	 0.0110 	 0.0263
1.5832 	 0.2306 	 -0.5001 	 -0.8513 	 -0.0131 	 -0.2037 	 -0.1671 	 -0.0040 	 0.0110 	 0.0262
1.5932 	 0.2304 	 -0.5021 	 -0.8529 	 -0.0131 	 -0.2036 	 -0.1668 	 -0.0040 	 0.0110 	 0.0261
1.6032 	 0.2303 	 -0.5041 	 -0.8546 	 -0.0132 	 -0.2035 	 -0.1666 	 -0.0040 	 0.0109 	 0.0260
1.6132 	 0.2302 	 -0.5062 	 -0.8563 	 -0.0132 	 -0.2034 	 -0.1663 	 -0.0040 	 0.0109 	 0.0260
1.6232 	 0.2300 	 -0.5082 	 -0.8579 	 -0.0132 	 -0.2032 	 -0.1660 	 -0.0040 	 0.0109 	 0.0259
1.6333 	 0.2299 	 -0.5103 	 -0.8596 	 -0.0133 	 -0.2031 	 -0.1658 	 -0.0040 	 0.0109 	 0.0258
1.6433 	 0.2298 	 -0.5123 	 -0.8613 	 -0.0133 	 -0.2030 	 -0.1655 	 -0.0040 	 0.0108 	 0.0257
1.6533 	 0.2296 	 -0.5143 	 -0.8629 	 -0.0134 	 -0.2029 	 -0.1653 	 -0.0040 	 0.0108 	 0.0256
1.6633 	 0.2295 	 -0.5164 	 -0.8646 	 -0.0134 	 -0.2028 	 -0.1650 	 -0.0040 	 0.0108 	 0.0256
1.6733 	 0.2294 	 -0.5184 	 -0.8662 	 -0.0134 	 -0.2027 	 -0.1648 	 -0.0039 	 0.0108 	 0.0255
1.6834 	 0.2292 	 -0.5204 	 -0.8679 	 -0.0135 	 -0.2026 	 -0.1645 	 -0.0039 	 0.0108 	 0.0254
1.6934 	 0.2291 	 -0.5225 	 -0.8695 	 -0.0135 	 -0.2025 	 -0.1643 	 -0.0039 	 0.0107 	 0.0253
1.7034 	 0.2290 	 -0.5245 	 -0.8712 	 -0.0136 	 -0.2024 	 -0.1640 	 -0.0039 	 0.0107 	 0.0252
1.7134 	 0.2288 	 -0.5265 	 -0.8728 	 -0.0136 	 -0.2023 	 -0.1637 	 -0.0039 	 0.0107 	 0.0252
1.7234 	 0.2287 	 -0.5285 	 -0.8744 	 -0.0136 	 -0.2022 	 -0.1635 	 -0.0039 	 0.0107 	 0.0251
1.7335 	 0.2286 	 -0.5306 	 -0.8761 	 -0.0137 	 -0.2021 	 -0.1632 	 -0.0039 	 0.0106 	 0.0250
1.7435 	 0.2284 	 -0.5326 	 -0.8777 	 -0.0137 	 -0.2020 	 -0.1630 	 -0.0039 	 0.0106 	 0.0249
1.7535 	 0.2283 	 -0.5346 	 -0.8793 	 -0.0138 	 -0.2018 	 -0.1627 	 -0.0039 	 0.0106 	 0.0249
1.7635 	 0.2281 	 -0.5366 	 -0.8810 	 -0.0138 	 -0.2017 	 -0.1625 	 -0.0039 	 0.0106 	 0.0248
1.7735 	 0.2280 	 -0.5387 	 -0.8826 	 -0.0138 	 -0.2016 	 -0.1622 	 -0.0039 	 0.0105 	 0.0247
1.7836 	 0.2279 	 -0.5407 	 -0.8842 	 -0.0139 	 -0.2015 	 -0.1620 	 -0.0039 	 0.0105 	 0.0246
1.7936 	 0.2277 	 -0.5427 	 -0.8858 	 -0.0139 	 -0.2014 	 -0.1618 	 -0.0039 	 0.0105 	 0.0245
1.8036 	 0.2276 	 -0.5447 	 -0.8875 	 -0.0140 	 -0.2013 	 -0.1615 	 -0.0039 	 0.0105 	 0.0245
1.8136 	 0.2275 	 -0.5467 	 -0.8891 	 -0.0140 	 -0.2012 	 -0.1613 	 -0.0039 	 0.0104 	 0.0244
1.8236 	 0.2273 	 -0.5487 	 -0.8907 	 -0.0140 	 -0.2011 	 -0.1610 	 -0.0039 	 0.0104 	 0.0243
1.8337 	 0.2272 	 -0.5508 	 -0.8923 	 -0.0141 	 -0.2010 	 -0.1608 	 -0.0038 	 0.0104 	 0.0242
1.8437 	 0.2270 	 -0.5528 	 -0.8939 	 -0.0141 	 -0.2009 	 -0.1605 	 -0.0038 	 0.0104 	 0.0242
1.8537 	 0.2269 	 -0.5548 	 -0.8955 	 -0.0142 	 -0.2008 	 -0.1603 	 -0.0038 	 0.0104 	 0.0241
1.8637 	 0.2267 	 -0.5568 	 -0.8971 	 -0.0142 	 -0.2007 	 -0.1601 	 -0.0038 	 0.0103 	 0.0240
1.8737 	 0.2266 	 -0.5588 	 -0.8987 	 -0.0142 	 -0.2006 	 -0.1598 	 -0.0038 	 0.0103 	 0.0239
1.8838 	 0.2265 	 -0.5608 	 -0.9003 	 -0.0143 	 -0.2005 	 -0.1596 	 -0.0038 	 0.0103 	 0.0239
1.8938 	 0.2263 	 -0.5628 	 -0.9019 	 -0.0143 	 -0.2004 	 -0.1593 	 -0.0038 	 0.0103 	 0.0238
1.9038 	 0.2262 	 -0.5648 	 -0.9035 	 -0.0143 	 -0.2003 	 -0.1591 	 -0.0038 	 0.0102 	 0.0237
1.9138 	 0.2260 	 -0.5668 	 -0.9051 	 -0.0144 	 -0.2002 	 -0.1589 	 -0.0038 	 0.0102 	 0.0236
1.9238 	 0.2259 	 -0.5688 	 -0.9067 	 -0.0144 	 -0.2001 	 -0.1586 	 -0.0038 	 0.0102 	 0.0236
1.9339 	 0.2257 	 -0.5708 	 -0.9083 	 -0.0145 	 -0.2000 	 -0.1584 	 -0.0038 	 0.0102 	 0.0235
1.9439 	 0.2256 	 -0.5728 	 -0.9099 	 -0.0145 	 -0.1999 	 -0.1581 	 -0.0038 	 0.0102 	 0.0234
1.9539 	 0.2254 	 -0.5748 	 -0.9115 	 -0.0145 	 -0.1998 	 -0.1579 	 -0.0038 	 0.0101 	 0.0234
1.9639 	 0.2253 	 -0.5768 	 -0.9130 	 -0.0146 	 -0.1997 	 -0.1577 	 -0.0038 	 0.0101 	 0.0233
1.9739 	 0.2252 	 -0.5788 	 -0.9146 	 -0.0146 	 -0.1996 	 -0.1574 	 -0.0037 	 0.0101 	 0.0232
1.9840 	 0.2250 	 -0.5808 	 -0.9162 	 -0.0146 	 -0.1995 	 -0.1572 	 -0.0037 	 0.0101 	 0.0231
1.9940 	 0.2249 	 -0.5828 	 -0.9178 	 -0.0147 	 -0.1994 	 -0.1570 	 -0.0037 	 0.0100 	 0.0231
2.0040 	 0.2247 	 -0.5848 	 -0.9194 	 -0.0147 	 -0.1993 	 -0.1568 	 -0.0037 	 0.0100 	 0.0230
2.0140 	 0.2246 	 -0.5868 	 -0.9209 	 -0.0148 	 -0.1992 	 -0.1565 	 -0.0037 	 0.0100 	 0.0229
2.0240 	 0.2244 	 -0.5888 	 -0.9225 	 -0.0148 	 -0.1991 	 -0.1563 	 -0.0037 	 0.0100 	 0.0229
2.0341 	 0.2243 	 -0.5908 	 -0.9241 	 -0.0148 	 -0.1990 	 -0.1561 	 -0.0037 	 0.0100 	 0.0228
2.0441 	 0.2241 	 -0.5928 	 -0.9256 	 -0.0149 	 -0.1989 	 -0.1558 	 -0.0037 	 0.0099 	 0.0227
2.0541 	 0.2240 	 -0.5948 	 -0.9272 	 -0.0149 	 -0.1988 	 -0.1556 	 -0.0037 	 0.0099 	 0.0227
2.0641 	 0.2238 	 -0.5968 	 -0.9287 	 -0.0149 	 -0.1987 	 -0.1554 	 -0.0037 	 0.0099 	 0.0226
2.0741 	 0.2237 	 -0.5988 	 -0.9303 	 -0.0150 	 -0.1986 	 -0.1552 	 -0.0037 	 0.0099 	 0.0225
2.0842 	 0.2235 	 -0.6008 	 -0.9318 	 -0.0150 	 -0.1985 	 -0.1549 	 -0.0037 	 0.0099 	 0.0224
2.0942 	 0.2234 	 -0.6028 	 -0.9334 	 -0.0151 	 -0.1984 	 -0.1547 	 -0.0037 	 0.0098 	 0.0224
2.1042 	 0.2232 	 -0.6048 	 -0.9349 	 -0.0151 	 -0.1983 	 -0.1545 	 -0.0036 	 0.0098 	 0.0223
2.1142 	 0.2231 	 -0.6067 	 -0.9365 	 -0.0151 	 -0.1982 	 -0.1543 	 -0.0036 	 0.0098 	 0.0222
2.1242 	 0.2229 	 -0.6087 	 -0.9380 	 -0.0152 	 -0.1981 	 -0.1540 	 -0.0036 	 0.0098 	 0.0222
2.1343 	 0.2228 	 -0.6107 	 -0.9396 	 -0.0152 	 -0.1980 	 -0.1538 	 -0.0036 	 0.0098 	 0.0221
2.1443 	 0.2226 	 -0.6127 	 -0.9411 	 -0.0152 	 -0.1979 	 -0.1536 	 -0.0036 	 0.0097 	 0.0220
2.1543 	 0.2225 	 -0.6147 	 -0.9427 	 -0.0153 	 -0.1978 	 -0.1534 	 -0.0036 	 0.0097 	 0.0220
2.1643 	 0.2223 	 -0.6167 	 -0.9442 	 -0.0153 	 -0.1977 	 -0.1532 	 -0.0036 	 0.0097 	 0.0219
2.1743 	 0.2222 	 -0.6186 	 -0.9457 	 -0.0153 	 -0.1976 	 -0.1529 	 -0.0036 	 0.0097 	 0.0218
2.1844 	 0.2220 	 -0.6206 	 -0.9473 	 -0.0154 	 -0.1975 	 -0.1527 	 -0.0036 	 0.0096 	 0.0218
2.1944 	 0.2218 	 -0.6226 	 -0.9488 	 -0.0154 	 -0.1974 	 -0.1525 	 -0.0036 	 0.0096 	 0.0217
2.2044 	 0.2217 	 -0.6246 	 -0.9503 	 -0.0154 	 -0.1973 	 -0.1523 	 -0.0036 	 0.0096 	 0.0216
2.2144 	 0.2215 	 -0.6266 	 -0.9518 	 -0.0155 	 -0.1972 	 -0.1521 	 -0.0036 	 0.0096 	 0.0216
2.2244 	 0.2214 	 -0.6285 	 -0.9534 	 -0.0155 	 -0.1971 	 -0.1518 	 -0.0035 	 0.0096 	 0.0215
2.2345 	 0.2212 	 -0.6305 	 -0.9549 	 -0.0156 	 -0.1970 	 -0.1516 	 -0.0035 	 0.0095 	 0.0214
2.2445 	 0.2211 	 -0.6325 	 -0.9564 	 -0.0156 	 -0.1969 	 -0.1514 	 -0.0035 	 0.0095 	 0.0214
2.2545 	 0.2209 	 -0.6345 	 -0.9579 	 -0.0156 	 -0.1968 	 -0.1512 	 -0.0035 	 0.0095 	 0.0213
2.2645 	 0.2208 	 -0.6364 	 -0.9594 	 -0.0157 	 -0.1967 	 -0.1510 	 -0.0035 	 0.0095 	 0.0213
2.2745 	 0.2206 	 -0.6384 	 -0.9609 	 -0.0157 	 -0.1966 	 -0.1508 	 -0.0035 	 0.0095 	 0.0212
2.2846 	 0.2204 	 -0.6404 	 -0.9625 	 -0.0157 	 -0.1965 	 -0.1506 	 -0.0035 	 0.0094 	 0.0211
2.2946 	 0.2203 	 -0.6423 	 -0.9640 	 -0.0158 	 -0.1964 	 -0.1504 	 -0.0035 	 0.0094 	 0.0211
2.3046 	 0.2201 	 -0.6443 	 -0.9655 	 -0.0158 	 -0.1963 	 -0.1501 	 -0.0035 	 0.0094 	 0.0210
2.3146 	 0.2200 	 -0.6463 	 -0.9670 	 -0.0158 	 -0.1963 	 -0.1499 	 -0.0035 	 0.0094 	 0.0209
2.3246 	 0.2198 	 -0.6482 	 -0.9685 	 -0.0159 	 -0.1962 	 -0.1497 	 -0.0035 	 0.0094 	 0.0209
2.3347 	 0.2197 	 -0.6502 	 -0.9700 	 -0.0159 	 -0.1961 	 -0.1495 	 -0.0035 	 0.0093 	 0.0208
2.3447 	 0.2195 	 -0.6522 	 -0.9715 	 -0.0159 	 -0.1960 	 -0.1493 	 -0.0034 	 0.0093 	 0.0208
2.3547 	 0.2193 	 -0.6541 	 -0.9730 	 -0.0160 	 -0.1959 	 -0.1491 	 -0.0034 	 0.0093 	 0.0207
2.3647 	 0.2192 	 -0.6561 	 -0.9745 	 -0.0160 	 -0.1958 	 -0.1489 	 -0.0034 	 0.0093 	 0.0206
2.3747 	 0.2190 	 -0.6580 	 -0.9759 	 -0.0160 	 -0.1957 	 -0.1487 	 -0.0034 	 0.0093 	 0.0206
2.3848 	 0.2188 	 -0.6600 	 -0.9774 	 -0.0161 	 -0.1956 	 -0.1485 	 -0.0034 	 0.0093 	 0.0205
2.3948 	 0.2187 	 -0.6620 	 -0.9789 	 -0.0161 	 -0.1955 	 -0.1483 	 -0.0034 	 0.0092 	 0.0204
2.4048 	 0.2185 	 -0.6639 	 -0.9804 	 -0.0161 	 -0.1954 	 -0.1481 	 -0.0034 	 0.0092 	 0.0204
2.4148 	 0.2184 	 -0.6659 	 -0.9819 	 -0.0162 	 -0.1953 	 -0.1479 	 -0.0034 	 0.0092 	 0.0203
2.4248 	 0.2182 	 -0.6678 	 -0.9834 	 -0.0162 	 -0.1952 	 -0.1477 	 -0.0034 	 0.0092 	 0.0203
2.4349 	 0.2180 	 -0.6698 	 -0.9848 	 -0.0162 	 -0.1951 	 -0.1475 	 -0.0034 	 0.0092 	 0.0202
2.4449 	 0.2179 	 -0.6718 	 -0.9863 	 -0.0163 	 -0.1950 	 -0.1473 	 -0.0033 	 0.0091 	 0.0202
2.4549 	 0.2177 	 -0.6737 	 -0.9878 	 -0.0163 	 -0.1950 	 -0.1471 	 -0.0033 	 0.0091 	 0.0201
2.4649 	 0.2175 	 -0.6757 	 -0.9893 	 -0.0163 	 -0.1949 	 -0.1469 	 -0.0033 	 0.0091 	 0.0200
2.4749 	 0.2174 	 -0.6776 	 -0.9907 	 -0.0164 	 -0.1948 	 -0.1467 	 -0.0033 	 0.0091 	 0.0200
2.4850 	 0.2172 	 -0.6796 	 -0.9922 	 -0.0164 	 -0.1947 	 -0.1465 	 -0.0033 	 0.0091 	 0.0199
2.4950 	 0.2171 	 -0.6815 	 -0.9937 	 -0.0164 	 -0.1946 	 -0.1463 	 -0.0033 	 0.0090 	 0.0199
2.5050 	 0.2169 	 -0.6835 	 -0.9951 	 -0.0165 	 -0.1945 	 -0.1461 	 -0.0033 	 0.0090 	 0.0198
2.5150 	 0.2167 	 -0.6854 	 -0.9966 	 -0.0165 	 -0.1944 	 -0.1459 	 -0.0033 	 0.0090 	 0.0197
2.5251 	 0.2166 	 -0.6874 	 -0.9981 	 -0.0165 	 -0.1943 	 -0.1457 	 -0.0033 	 0.0090 	 0.0197
2.5351 	 0.2164 	 -0.6893 	 -0.9995 	 -0.0166 	 -0.1942 	 -0.1455 	 -0.0033 	 0.0090 	 0.0196
2.5451 	 0.2162 	 -0.6913 	 -1.0010 	 -0.0166 	 -0.1941 	 -0.1453 	 -0.0033 	 0.0090 	 0.0196
2.5551 	 0.2161 	 -0.6932 	 -1.0024 	 -0.0166 	 -0.1941 	 -0.1451 	 -0.0032 	 0.0089 	 0.0195
2.5651 	 0.2159 	 -0.6951 	 -1.0039 	 -0.0167 	 -0.1940 	 -0.1449 	 -0.0032 	 0.0089 	 0.0195
2.5752 	 0.2157 	 -0.6971 	 -1.0053 	 -0.0167 	 -0.1939 	 -0.1447 	 -0.0032 	 0.0089 	 0.0194
2.5852 	 0.2156 	 -0.6990 	 -1.0068 	 -0.0167 	 -0.1938 	 -0.1445 	 -0.0032 	 0.0089 	 0.0193
2.5952 	 0.2154 	 -0.7010 	 -1.0082 	 -0.0168 	 -0.1937 	 -0.1443 	 -0.0032 	 0.0089 	 0.0193
2.6052 	 0.2152 	 -0.7029 	 -1.0097 	 -0.0168 	 -0.1936 	 -0.1441 	 -0.0032 	 0.0088 	 0.0192
2.6152 	 0.2151 	 -0.7048 	 -1.0111 	 -0.0168 	 -0.1935 	 -0.1439 	 -0.0032 	 0.0088 	 0.0192
2.6253 	 0.2149 	 -0.7068 	 -1.0126 	 -0.0169 	 -0.1934 	 -0.1437 	 -0.0032 	 0.0088 	 0.0191
2.6353 	 0.2147 	 -0.7087 	 -1.0140 	 -0.0169 	 -0.1933 	 -0.1435 	 -0.0032 	 0.0088 	 0.0191
2.6453 	 0.2145 	 -0.7107 	 -1.0154 	 -0.0169 	 -0.1933 	 -0.1433 	 -0.0032 	 0.0088 	 0.0190
2.6553 	 0.2144 	 -0.7126 	 -1.0169 	 -0.0170 	 -0.1932 	 -0.1431 	 -0.0031 	 0.0088 	 0.0190
2.6653 	 0.2142 	 -0.7145 	 -1.0183 	 -0.0170 	 -0.1931 	 -0.1430 	 -0.0031 	 0.0087 	 0.0189
2.6754 	 0.2140 	 -0.7165 	 -1.0197 	 -0.0170 	 -0.1930 	 -0.1428 	 -0.0031 	 0.0087 	 0.0189
2.6854 	 0.2139 	 -0.7184 	 -1.0212 	 -0.0171 	 -0.1929 	 -0.1426 	 -0.0031 	 0.0087 	 0.0188
2.6954 	 0.2137 	 -0.7203 	 -1.0226 	 -0.0171 	 -0.1928 	 -0.1424 	 -0.0031 	 0.0087 	 0.0187
2.7054 	 0.2135 	 -0.7223 	 -1.0240 	 -0.0171 	 -0.1927 	 -0.1422 	 -0.0031 	 0.0087 	 0.0187
2.7154 	 0.2134 	 -0.7242 	 -1.0254 	 -0.0172 	 -0.1926 	 -0.1420 	 -0.0031 	 0.0086 	 0.0186
2.7255 	 0.2132 	 -0.7261 	 -1.0269 	 -0.0172 	 -0.1926 	 -0.1418 	 -0.0031 	 0.0086 	 0.0186
2.7355 	 0.2130 	 -0.7281 	 -1.0283 	 -0.0172 	 -0.1925 	 -0.1416 	 -0.0031 	 0.0086 	 0.0185
2.7455 	 0.2128 	 -0.7300 	 -1.0297 	 -0.0172 	 -0.1924 	 -0.1415 	 -0.0031 	 0.0086 	 0.0185
2.7555 	 0.2127 	 -0.7319 	 -1.0311 	 -0.0173 	 -0.1923 	 -0.1413 	 -0.0030 	 0.0086 	 0.0184
2.7655 	 0.2125 	 -0.7338 	 -1.0325 	 -0.0173 	 -0.1922 	 -0.1411 	 -0.0030 	 0.0086 	 0.0184
2.7756 	 0.2123 	 -0.7358 	 -1.0339 	 -0.0173 	 -0.1921 	 -0.1409 	 -0.0030 	 0.0085 	 0.0183
2.7856 	 0.2121 	 -0.7377 	 -1.0354 	 -0.0174 	 -0.1920 	 -0.1407 	 -0.0030 	 0.0085 	 0.0183
2.7956 	 0.2120 	 -0.7396 	 -1.0368 	 -0.0174 	 -0.1920 	 -0.1405 	 -0.0030 	 0.0085 	 0.0182
2.8056 	 0.2118 	 -0.7415 	 -1.0382 	 -0.0174 	 -0.1919 	 -0.1404 	 -0.0030 	 0.0085 	 0.0182
2.8156 	 0.2116 	 -0.7435 	 -1.0396 	 -0.0175 	 -0.1918 	 -0.1402 	 -0.0030 	 0.0085 	 0.0181
2.8257 	 0.2114 	 -0.7454 	 -1.0410 	 -0.0175 	 -0.1917 	 -0.1400 	 -0.0030 	 0.0085 	 0.0181
2.8357 	 0.2113 	 -0.7473 	 -1.0424 	 -0.0175 	 -0.1916 	 -0.1398 	 -0.0030 	 0.0084 	 0.0180
2.8457 	 0.2111 	 -0.7492 	 -1.0438 	 -0.0175 	 -0.1915 	 -0.1396 	 -0.0029 	 0.0084 	 0.0180
2.8557 	 0.2109 	 -0.7511 	 -1.0452 	 -0.0176 	 -0.1914 	 -0.1395 	 -0.0029 	 0.0084 	 0.0179
2.8657 	 0.2107 	 -0.7530 	 -1.0466 	 -0.0176 	 -0.1914 	 -0.1393 	 -0.0029 	 0.0084 	 0.0179
2.8758 	 0.2106 	 -0.7550 	 -1.0480 	 -0.0176 	 -0.1913 	 -0.1391 	 -0.0029 	 0.0084 	 0.0178
2.8858 	 0.2104 	 -0.7569 	 -1.0494 	 -0.0177 	 -0.1912 	 -0.1389 	 -0.0029 	 0.0084 	 0.0178
2.8958 	 0.2102 	 -0.7588 	 -1.0508 	 -0.0177 	 -0.1911 	 -0.1387 	 -0.0029 	 0.0083 	 0.0177
2.9058 	 0.2100 	 -0.7607 	 -1.0521 	 -0.0177 	 -0.1910 	 -0.1386 	 -0.0029 	 0.0083 	 0.0177
2.9158 	 0.2099 	 -0.7626 	 -1.0535 	 -0.0177 	 -0.1909 	 -0.1384 	 -0.0029 	 0.0083 	 0.0176
2.9259 	 0.2097 	 -0.7645 	 -1.0549 	 -0.0178 	 -0.1909 	 -0.1382 	 -0.0029 	 0.0083 	 0.0176
2.9359 	 0.2095 	 -0.7665 	 -1.0563 	 -0.0178 	 -0.1908 	 -0.1380 	 -0.0029 	 0.0083 	 0.0175
2.9459 	 0.2093 	 -0.7684 	 -1.0577 	 -0.0178 	 -0.1907 	 -0.1379 	 -0.0028 	 0.0083 	 0.0175
2.9559 	 0.2091 	 -0.7703 	 -1.0591 	 -0.0179 	 -0.1906 	 -0.1377 	 -0.0028 	 0.0083 	 0.0174
2.9659 	 0.2090 	 -0.7722 	 -1.0604 	 -0.0179 	 -0.1905 	 -0.1375 	 -0.0028 	 0.0082 	 0.0174
2.9760 	 0.2088 	 -0.7741 	 -1.0618 	 -0.0179 	 -0.1904 	 -0.1373 	 -0.0028 	 0.0082 	 0.0173
2.9860 	 0.2086 	 -0.7760 	 -1.0632 	 -0.0179 	 -0.1904 	 -0.1372 	 -0.0028 	 0.0082 	 0.0173
2.9960 	 0.2084 	 -0.7779 	 -1.0646 	 -0.0180 	 -0.1903 	 -0.1370 	 -0.0028 	 0.0082 	 0.0173
3.0060 	 0.2082 	 -0.7798 	 -1.0659 	 -0.0180 	 -0.1902 	 -0.1368 	 -0.0028 	 0.0082 	 0.0172
3.0160 	 0.2081 	 -0.7817 	 -1.0673 	 -0.0180 	 -0.1901 	 -0.1366 	 -0.0028 	 0.0082 	 0.0172
3.0261 	 0.2079 	 -0.7836 	 -1.0687 	 -0.0181 	 -0.1900 	 -0.1365 	 -0.0028 	 0.0081 	 0.0171
3.0361 	 0.2077 	 -0.7855 	 -1.0700 	 -0.0181 	 -0.1900 	 -0.1363 	 -0.0027 	 0.0081 	 0.0171
3.0461 	 0.2075 	 -0.7874 	 -1.0714 	 -0.0181 	 -0.1899 	 -0.1361 	 -0.0027 	 0.0081 	 0.0170
3.0561 	 0.2073 	 -0.7893 	 -1.0728 	 -0.0181 	 -0.1898 	 -0.1360 	 -0.0027 	 0.0081 	 0.0170
3.0661 	 0.2072 	 -0.7912 	 -1.0741 	 -0.0182 	 -0.1897 	 -0.1358 	 -0.0027 	 0.0081 	 0.0169
3.0762 	 0.2070 	 -0.7931 	 -1.0755 	 -0.0182 	 -0.1896 	 -0.1356 	 -0.0027 	 0.0081 	 0.0169
3.0862 	 0.2068 	 -0.7950 	 -1.0769 	 -0.0182 	 -0.1895 	 -0.1354 	 -0.0027 	 0.0080 	 0.0168
3.0962 	 0.2066 	 -0.7969 	 -1.0782 	 -0.0182 	 -0.1895 	 -0.1353 	 -0.0027 	 0.0080 	 0.0168
3.1062 	 0.2064 	 -0.7988 	 -1.0796 	 -0.0183 	 -0.1894 	 -0.1351 	 -0.0027 	 0.0080 	 0.0168
3.1162 	 0.2062 	 -0.8007 	 -1.0809 	 -0.0183 	 -0.1893 	 -0.1349 	 -0.0027 	 0.0080 	 0.0167
3.1263 	 0.2061 	 -0.8026 	 -1.0823 	 -0.0183 	 -0.1892 	 -0.1348 	 -0.0026 	 0.0080 	 0.0167
3.1363 	 0.2059 	 -0.8045 	 -1.0836 	 -0.0184 	 -0.1891 	 -0.1346 	 -0.0026 	 0.0080 	 0.0166
3.1463 	 0.2057 	 -0.8064 	 -1.0850 	 -0.0184 	 -0.1891 	 -0.1344 	 -0.0026 	 0.0080 	 0.0166
3.1563 	 0.2055 	 -0.8083 	 -1.0863 	 -0.0184 	 -0.1890 	 -0.1343 	 -0.0026 	 0.0079 	 0.0165
3.1663 	 0.2053 	 -0.8102 	 -1.0877 	 -0.0184 	 -0.1889 	 -0.1341 	 -0.0026 	 0.0079 	 0.0165
3.1764 	 0.2051 	 -0.8121 	 -1.0890 	 -0.0185 	 -0.1888 	 -0.1339 	 -0.0026 	 0.0079 	 0.0165
3.1864 	 0.2050 	 -0.8140 	 -1.0903 	 -0.0185 	 -0.1887 	 -0.1338 	 -0.0026 	 0.0079 	 0.0164
3.1964 	 0.2048 	 -0.8159 	 -1.0917 	 -0.0185 	 -0.1887 	 -0.1336 	 -0.0026 	 0.0079 	 0.0164
3.2064 	 0.2046 	 -0.8178 	 -1.0930 	 -0.0185 	 -0.1886 	 -0.1335 	 -0.0026 	 0.0079 	 0.0163
3.2164 	 0.2044 	 -0.8197 	 -1.0944 	 -0.0186 	 -0.1885 	 -0.1333 	 -0.0026 	 0.0079 	 0.0163
3.2265 	 0.2042 	 -0.8215 	 -1.0957 	 -0.0186 	 -0.1884 	 -0.1331 	 -0.0025 	 0.0078 	 0.0162
3.2365 	 0.2040 	 -0.8234 	 -1.0970 	 -0.0186 	 -0.1884 	 -0.1330 	 -0.0025 	 0.0078 	 0.0162
3.2465 	 0.2038 	 -0.8253 	 -1.0984 	 -0.0186 	 -0.1883 	 -0.1328 	 -0.0025 	 0.0078 	 0.0162
3.2565 	 0.2036 	 -0.8272 	 -1.0997 	 -0.0187 	 -0.1882 	 -0.1326 	 -0.0025 	 0.0078 	 0.0161
3.2665 	 0.2035 	 -0.8291 	 -1.1010 	 -0.0187 	 -0.1881 	 -0.1325 	 -0.0025 	 0.0078 	 0.0161
3.2766 	 0.2033 	 -0.8310 	 -1.1023 	 -0.0187 	 -0.1880 	 -0.1323 	 -0.0025 	 0.0078 	 0.0160
3.2866 	 0.2031 	 -0.8329 	 -1.1037 	 -0.0187 	 -0.1880 	 -0.1322 	 -0.0025 	 0.0078 	 0.0160
3.2966 	 0.2029 	 -0.8347 	 -1.1050 	 -0.0188 	 -0.1879 	 -0.1320 	 -0.0025 	 0.0077 	 0.0160
3.3066 	 0.2027 	 -0.8366 	 -1.1063 	 -0.0188 	 -0.1878 	 -0.1318 	 -0.0025 	 0.0077 	 0.0159
3.3166 	 0.2025 	 -0.8385 	 -1.1076 	 -0.0188 	 -0.1877 	 -0.1317 	 -0.0024 	 0.0077 	 0.0159
3.3267 	 0.2023 	 -0.8404 	 -1.1090 	 -0.0188 	 -0.1877 	 -0.1315 	 -0.0024 	 0.0077 	 0.0158
3.3367 	 0.2021 	 -0.8423 	 -1.1103 	 -0.0189 	 -0.1876 	 -0.1314 	 -0.0024 	 0.0077 	 0.0158
3.3467 	 0.2020 	 -0.8441 	 -1.1116 	 -0.0189 	 -0.1875 	 -0.1312 	 -0.0024 	 0.0077 	 0.0158
3.3567 	 0.2018 	 -0.8460 	 -1.1129 	 -0.0189 	 -0.1874 	 -0.1310 	 -0.0024 	 0.0077 	 0.0157
3.3667 	 0.2016 	 -0.8479 	 -1.1142 	 -0.0189 	 -0.1873 	 -0.1309 	 -0.0024 	 0.0076 	 0.0157
3.3768 	 0.2014 	 -0.8498 	 -1.1155 	 -0.0190 	 -0.1873 	 -0.1307 	 -0.0024 	 0.0076 	 0.0156
3.3868 	 0.2012 	 -0.8517 	 -1.1168 	 -0.0190 	 -0.1872 	 -0.1306 	 -0.0024 	 0.0076 	 0.0156
3.3968 	 0.2010 	 -0.8535 	 -1.1181 	 -0.0190 	 -0.1871 	 -0.1304 	 -0.0024 	 0.0076 	 0.0156
3.4068 	 0.2008 	 -0.8554 	 -1.1194 	 -0.0190 	 -0.1870 	 -0.1303 	 -0.0024 	 0.0076 	 0.0155
3.4168 	 0.2006 	 -0.8573 	 -1.1207 	 -0.0191 	 -0.1870 	 -0.1301 	 -0.0023 	 0.0076 	 0.0155
3.4269 	 0.2004 	 -0.8592 	 -1.1221 	 -0.0191 	 -0.1869 	 -0.1300 	 -0.0023 	 0.0076 	 0.0154
3.4369 	 0.2002 	 -0.8610 	 -1.1234 	 -0.0191 	 -0.1868 	 -0.1298 	 -0.0023 	 0.0076 	 0.0154
3.4469 	 0.2001 	 -0.8629 	 -1.1247 	 -0.0191 	 -0.1867 	 -0.1296 	 -0.0023 	 0.0075 	 0.0154
3.4569 	 0.1999 	 -0.8648 	 -1.1260 	 -0.0191 	 -0.1867 	 -0.1295 	 -0.0023 	 0.0075 	 0.0153
3.4669 	 0.1997 	 -0.8666 	 -1.1272 	 -0.0192 	 -0.1866 	 -0.1293 	 -0.0023 	 0.0075 	 0.0153
3.4770 	 0.1995 	 -0.8685 	 -1.1285 	 -0.0192 	 -0.1865 	 -0.1292 	 -0.0023 	 0.0075 	 0.0153
3.4870 	 0.1993 	 -0.8704 	 -1.1298 	 -0.0192 	 -0.1864 	 -0.1290 	 -0.0023 	 0.0075 	 0.0152
3.4970 	 0.1991 	 -0.8722 	 -1.1311 	 -0.0192 	 -0.1864 	 -0.1289 	 -0.0023 	 0.0075 	 0.0152
3.5070 	 0.1989 	 -0.8741 	 -1.1324 	 -0.0193 	 -0.1863 	 -0.1287 	 -0.0022 	 0.0075 	 0.0151
3.5170 	 0.1987 	 -0.8760 	 -1.1337 	 -0.0193 	 -0.1862 	 -0.1286 	 -0.0022 	 0.0074 	 0.0151
3.5271 	 0.1985 	 -0.8778 	 -1.1350 	 -0.0193 	 -0.1861 	 -0.1284 	 -0.0022 	 0.0074 	 0.0151
3.5371 	 0.1983 	 -0.8797 	 -1.1363 	 -0.0193 	 -0.1861 	 -0.1283 	 -0.0022 	 0.0074 	 0.0150
3.5471 	 0.1981 	 -0.8816 	 -1.1376 	 -0.0193 	 -0.1860 	 -0.1281 	 -0.0022 	 0.0074 	 0.0150
3.5571 	 0.1979 	 -0.8834 	 -1.1388 	 -0.0194 	 -0.1859 	 -0.1280 	 -0.0022 	 0.0074 	 0.0150
3.5671 	 0.1977 	 -0.8853 	 -1.1401 	 -0.0194 	 -0.1858 	 -0.1278 	 -0.0022 	 0.0074 	 0.0149
3.5772 	 0.1975 	 -0.8872 	 -1.1414 	 -0.0194 	 -0.1858 	 -0.1277 	 -0.0022 	 0.0074 	 0.0149
3.5872 	 0.1973 	 -0.8890 	 -1.1427 	 -0.0194 	 -0.1857 	 -0.1275 	 -0.0022 	 0.0074 	 0.0149
3.5972 	 0.1972 	 -0.8909 	 -1.1440 	 -0.0195 	 -0.1856 	 -0.1274 	 -0.0022 	 0.0073 	 0.0148
3.6072 	 0.1970 	 -0.8927 	 -1.1452 	 -0.0195 	 -0.1855 	 -0.1272 	 -0.0021 	 0.0073 	 0.0148
3.6172 	 0.1968 	 -0.8946 	 -1.1465 	 -0.0195 	 -0.1855 	 -0.1271 	 -0.0021 	 0.0073 	 0.0148
3.6273 	 0.1966 	 -0.8965 	 -1.1478 	 -0.0195 	 -0.1854 	 -0.1269 	 -0.0021 	 0.0073 	 0.0147
3.6373 	 0.1964 	 -0.8983 	 -1.1491 	 -0.0195 	 -0.1853 	 -0.1268 	 -0.0021 	 0.0073 	 0.0147
3.6473 	 0.1962 	 -0.9002 	 -1.1503 	 -0.0196 	 -0.1853 	 -0.1266 	 -0.0021 	 0.0073 	 0.0147
3.6573 	 0.1960 	 -0.9020 	 -1.1516 	 -0.0196 	 -0.1852 	 -0.1265 	 -0.0021 	 0.0073 	 0.0146
3.6673 	 0.1958 	 -0.9039 	 -1.1529 	 -0.0196 	 -0.1851 	 -0.1263 	 -0.0021 	 0.0073 	 0.0146
3.6774 	 0.1956 	 -0.9057 	 -1.1541 	 -0.0196 	 -0.1850 	 -0.1262 	 -0.0021 	 0.0072 	 0.0146
3.6874 	 0.1954 	 -0.9076 	 -1.1554 	 -0.0196 	 -0.1850 	 -0.1261 	 -0.0021 	 0.0072 	 0.0145
3.6974 	 0.1952 	 -0.9094 	 -1.1567 	 -0.0197 	 -0.1849 	 -0.1259 	 -0.0021 	 0.0072 	 0.0145
3.7074 	 0.1950 	 -0.9113 	 -1.1579 	 -0.0197 	 -0.1848 	 -0.1258 	 -0.0020 	 0.0072 	 0.0145
3.7174 	 0.1948 	 -0.9131 	 -1.1592 	 -0.0197 	 -0.1847 	 -0.1256 	 -0.0020 	 0.0072 	 0.0144
3.7275 	 0.1946 	 -0.9150 	 -1.1604 	 -0.0197 	 -0.1847 	 -0.1255 	 -0.0020 	 0.0072 	 0.0144
3.7375 	 0.1944 	 -0.9168 	 -1.1617 	 -0.0198 	 -0.1846 	 -0.1253 	 -0.0020 	 0.0072 	 0.0144
3.7475 	 0.1942 	 -0.9187 	 -1.1629 	 -0.0198 	 -0.1845 	 -0.1252 	 -0.0020 	 0.0072 	 0.0143
3.7575 	 0.1940 	 -0.9205 	 -1.1642 	 -0.0198 	 -0.1845 	 -0.1250 	 -0.0020 	 0.0072 	 0.0143
3.7675 	 0.1938 	 -0.9224 	 -1.1655 	 -0.0198 	 -0.1844 	 -0.1249 	 -0.0020 	 0.0071 	 0.0143
3.7776 	 0.1936 	 -0.9242 	 -1.1667 	 -0.0198 	 -0.1843 	 -0.1248 	 -0.0020 	 0.0071 	 0.0142
3.7876 	 0.1934 	 -0.9261 	 -1.1680 	 -0.0199 	 -0.1842 	 -0.1246 	 -0.0020 	 0.0071 	 0.0142
3.7976 	 0.1932 	 -0.9279 	 -1.1692 	 -0.0199 	 -0.1842 	 -0.1245 	 -0.0019 	 0.0071 	 0.0142
3.8076 	 0.1930 	 -0.9298 	 -1.1704 	 -0.0199 	 -0.1841 	 -0.1243 	 -0.0019 	 0.0071 	 0.0141
3.8176 	 0.1928 	 -0.9316 	 -1.1717 	 -0.0199 	 -0.1840 	 -0.1242 	 -0.0019 	 0.0071 	 0.0141
3.8277 	 0.1926 	 -0.9335 	 -1.1729 	 -0.0199 	 -0.1840 	 -0.1240 	 -0.0019 	 0.0071 	 0.0141
3.8377 	 0.1924 	 -0.9353 	 -1.1742 	 -0.0199 	 -0.1839 	 -0.1239 	 -0.0019 	 0.0071 	 0.0140
3.8477 	 0.1922 	 -0.9371 	 -1.1754 	 -0.0200 	 -0.1838 	 -0.1238 	 -0.0019 	 0.0070 	 0.0140
3.8577 	 0.1920 	 -0.9390 	 -1.1767 	 -0.0200 	 -0.1837 	 -0.1236 	 -0.0019 	 0.0070 	 0.0140
3.8677 	 0.1918 	 -0.9408 	 -1.1779 	 -0.0200 	 -0.1837 	 -0.1235 	 -0.0019 	 0.0070 	 0.0139
3.8778 	 0.1916 	 -0.9427 	 -1.1791 	 -0.0200 	 -0.1836 	 -0.1233 	 -0.0019 	 0.0070 	 0.0139
3.8878 	 0.1914 	 -0.9445 	 -1.1804 	 -0.0200 	 -0.1835 	 -0.1232 	 -0.0019 	 0.0070 	 0.0139
3.8978 	 0.1912 	 -0.9463 	 -1.1816 	 -0.0201 	 -0.1835 	 -0.1231 	 -0.0019 	 0.0070 	 0.0138
3.9078 	 0.1910 	 -0.9482 	 -1.1828 	 -0.0201 	 -0.1834 	 -0.1229 	 -0.0018 	 0.0070 	 0.0138
3.9178 	 0.1908 	 -0.9500 	 -1.1841 	 -0.0201 	 -0.1833 	 -0.1228 	 -0.0018 	 0.0070 	 0.0138
3.9279 	 0.1906 	 -0.9519 	 -1.1853 	 -0.0201 	 -0.1833 	 -0.1227 	 -0.0018 	 0.0070 	 0.0138
3.9379 	 0.1904 	 -0.9537 	 -1.1865 	 -0.0201 	 -0.1832 	 -0.1225 	 -0.0018 	 0.0069 	 0.0137
3.9479 	 0.1902 	 -0.9555 	 -1.1878 	 -0.0202 	 -0.1831 	 -0.1224 	 -0.0018 	 0.0069 	 0.0137
3.9579 	 0.1900 	 -0.9574 	 -1.1890 	 -0.0202 	 -0.1830 	 -0.1222 	 -0.0018 	 0.0069 	 0.0137
3.9679 	 0.1898 	 -0.9592 	 -1.1902 	 -0.0202 	 -0.1830 	 -0.1221 	 -0.0018 	 0.0069 	 0.0136
3.9780 	 0.1896 	 -0.9610 	 -1.1914 	 -0.0202 	 -0.1829 	 -0.1220 	 -0.0018 	 0.0069 	 0.0136
3.9880 	 0.1894 	 -0.9629 	 -1.1926 	 -0.0202 	 -0.1828 	 -0.1218 	 -0.0018 	 0.0069 	 0.0136
3.9980 	 0.1892 	 -0.9647 	 -1.1939 	 -0.0202 	 -0.1828 	 -0.1217 	 -0.0018 	 0.0069 	 0.0136
4.0080 	 0.1890 	 -0.9665 	 -1.1951 	 -0.0203 	 -0.1827 	 -0.1216 	 -0.0017 	 0.0069 	 0.0135
4.0180 	 0.1888 	 -0.9684 	 -1.1963 	 -0.0203 	 -0.1826 	 -0.1214 	 -0.0017 	 0.0069 	 0.0135
4.0281 	 0.1886 	 -0.9702 	 -1.1975 	 -0.0203 	 -0.1826 	 -0.1213 	 -0.0017 	 0.0068 	 0.0135
4.0381 	 0.1884 	 -0.9720 	 -1.1987 	 -0.0203 	 -0.1825 	 -0.1212 	 -0.0017 	 0.0068 	 0.0134
4.0481 	 0.1882 	 -0.9738 	 -1.1999 	 -0.0203 	 -0.1824 	 -0.1210 	 -0.0017 	 0.0068 	 0.0134
4.0581 	 0.1880 	 -0.9757 	 -1.2012 	 -0.0203 	 -0.1824 	 -0.1209 	 -0.0017 	 0.0068 	 0.0134
4.0681 	 0.1878 	 -0.9775 	 -1.2024 	 -0.0204 	 -0.1823 	 -0.1208 	 -0.0017 	 0.0068 	 0.0134
4.0782 	 0.1876 	 -0.9793 	 -1.2036 	 -0.0204 	 -0.1822 	 -0.1206 	 -0.0017 	 0.0068 	 0.0133
4.0882 	 0.1874 	 -0.9812 	 -1.2048 	 -0.0204 	 -0.1822 	 -0.1205 	 -0.0017 	 0.0068 	 0.0133
4.0982 	 0.1872 	 -0.9830 	 -1.2060 	 -0.0204 	 -0.1821 	 -0.1204 	 -0.0017 	 0.0068 	 0.0133
4.1082 	 0.1869 	 -0.9848 	 -1.2072 	 -0.0204 	 -0.1820 	 -0.1202 	 -0.0016 	 0.0068 	 0.0132
4.1182 	 0.1867 	 -0.9866 	 -1.2084 	 -0.0204 	 -0.1820 	 -0.1201 	 -0.0016 	 0.0068 	 0.0132
4.1283 	 0.1865 	 -0.9884 	 -1.2096 	 -0.0205 	 -0.1819 	 -0.1200 	 -0.0016 	 0.0067 	 0.0132
4.1383 	 0.1863 	 -0.9903 	 -1.2108 	 -0.0205 	 -0.1818 	 -0.1198 	 -0.0016 	 0.0067 	 0.0132
4.1483 	 0.1861 	 -0.9921 	 -1.2120 	 -0.0205 	 -0.1817 	 -0.1197 	 -0.0016 	 0.0067 	 0.0131
4.1583 	 0.1859 	 -0.9939 	 -1.2132 	 -0.0205 	 -0.1817 	 -0.1196 	 -0.0016 	 0.0067 	 0.0131
4.1683 	 0.1857 	 -0.9957 	 -1.2144 	 -0.0205 	 -0.1816 	 -0.1194 	 -0.0016 	 0.0067 	 0.0131
4.1784 	 0.1855 	 -0.9976 	 -1.2156 	 -0.0205 	 -0.1815 	 -0.1193 	 -0.0016 	 0.0067 	 0.0131
4.1884 	 0.1853 	 -0.9994 	 -1.2168 	 -0.0206 	 -0.1815 	 -0.1192 	 -0.0016 	 0.0067 	 0.0130
4.1984 	 0.1851 	 -1.0012 	 -1.2180 	 -0.0206 	 -0.1814 	 -0.1190 	 -0.0016 	 0.0067 	 0.0130
4.2084 	 0.1849 	 -1.0030 	 -1.2192 	 -0.0206 	 -0.1813 	 -0.1189 	 -0.0016 	 0.0067 	 0.0130
4.2184 	 0.1847 	 -1.0048 	 -1.2204 	 -0.0206 	 -0.1813 	 -0.1188 	 -0.0015 	 0.0067 	 0.0129
4.2285 	 0.1845 	 -1.0066 	 -1.2216 	 -0.0206 	 -0.1812 	 -0.1186 	 -0.0015 	 0.0066 	 0.0129
4.2385 	 0.1843 	 -1.0085 	 -1.2227 	 -0.0206 	 -0.1811 	 -0.1185 	 -0.0015 	 0.0066 	 0.0129
4.2485 	 0.1841 	 -1.0103 	 -1.2239 	 -0.0207 	 -0.1811 	 -0.1184 	 -0.0015 	 0.0066 	 0.0129
4.2585 	 0.1839 	 -1.0121 	 -1.2251 	 -0.0207 	 -0.1810 	 -0.1183 	 -0.0015 	 0.0066 	 0.0128
4.2685 	 0.1837 	 -1.0139 	 -1.2263 	 -0.0207 	 -0.1809 	 -0.1181 	 -0.0015 	 0.0066 	 0.0128
4.2786 	 0.1834 	 -1.0157 	 -1.2275 	 -0.0207 	 -0.1809 	 -0.1180 	 -0.0015 	 0.0066 	 0.0128
4.2886 	 0.1832 	 -1.0175 	 -1.2287 	 -0.0207 	 -0.1808 	 -0.1179 	 -0.0015 	 0.0066 	 0.0128
4.2986 	 0.1830 	 -1.0193 	 -1.2298 	 -0.0207 	 -0.1808 	 -0.1177 	 -0.0015 	 0.0066 	 0.0127
4.3086 	 0.1828 	 -1.0211 	 -1.2310 	 -0.0207 	 -0.1807 	 -0.1176 	 -0.0015 	 0.0066 	 0.0127
4.3186 	 0.1826 	 -1.0230 	 -1.2322 	 -0.0208 	 -0.1806 	 -0.1175 	 -0.0015 	 0.0066 	 0.0127
4.3287 	 0.1824 	 -1.0248 	 -1.2334 	 -0.0208 	 -0.1806 	 -0.1174 	 -0.0014 	 0.0065 	 0.0127
4.3387 	 0.1822 	 -1.0266 	 -1.2346 	 -0.0208 	 -0.1805 	 -0.1172 	 -0.0014 	 0.0065 	 0.0126
4.3487 	 0.1820 	 -1.0284 	 -1.2357 	 -0.0208 	 -0.1804 	 -0.1171 	 -0.0014 	 0.0065 	 0.0126
4.3587 	 0.1818 	 -1.0302 	 -1.2369 	 -0.0208 	 -0.1804 	 -0.1170 	 -0.0014 	 0.0065 	 0.0126
4.3687 	 0.1816 	 -1.0320 	 -1.2381 	 -0.0208 	 -0.1803 	 -0.1169 	 -0.0014 	 0.0065 	 0.0126
4.3788 	 0.1814 	 -1.0338 	 -1.2392 	 -0.0208 	 -0.1802 	 -0.1167 	 -0.0014 	 0.0065 	 0.0125
4.3888 	 0.1812 	 -1.0356 	 -1.2404 	 -0.0209 	 -0.1802 	 -0.1166 	 -0.0014 	 0.0065 	 0.0125
4.3988 	 0.1809 	 -1.0374 	 -1.2416 	 -0.0209 	 -0.1801 	 -0.1165 	 -0.0014 	 0.0065 	 0.0125
4.4088 	 0.1807 	 -1.0392 	 -1.2427 	 -0.0209 	 -0.1800 	 -0.1164 	 -0.0014 	 0.0065 	 0.0125
4.4188 	 0.1805 	 -1.0410 	 -1.2439 	 -0.0209 	 -0.1800 	 -0.1162 	 -0.0014 	 0.0065 	 0.0124
4.4289 	 0.1803 	 -1.0428 	 -1.2451 	 -0.0209 	 -0.1799 	 -0.1161 	 -0.0014 	 0.0065 	 0.0124
4.4389 	 0.1801 	 -1.0446 	 -1.2462 	 -0.0209 	 -0.1798 	 -0.1160 	 -0.0014 	 0.0064 	 0.0124
4.4489 	 0.1799 	 -1.0464 	 -1.2474 	 -0.0209 	 -0.1798 	 -0.1159 	 -0.0013 	 0.0064 	 0.0124
4.4589 	 0.1797 	 -1.0482 	 -1.2486 	 -0.0210 	 -0.1797 	 -0.1157 	 -0.0013 	 0.0064 	 0.0124
4.4689 	 0.1795 	 -1.0500 	 -1.2497 	 -0.0210 	 -0.1796 	 -0.1156 	 -0.0013 	 0.0064 	 0.0123
4.4790 	 0.1793 	 -1.0518 	 -1.2509 	 -0.0210 	 -0.1796 	 -0.1155 	 -0.0013 	 0.0064 	 0.0123
4.4890 	 0.1791 	 -1.0536 	 -1.2520 	 -0.0210 	 -0.1795 	 -0.1154 	 -0.0013 	 0.0064 	 0.0123
4.4990 	 0.1788 	 -1.0554 	 -1.2532 	 -0.0210 	 -0.1795 	 -0.1152 	 -0.0013 	 0.0064 	 0.0123
4.5090 	 0.1786 	 -1.0572 	 -1.2543 	 -0.0210 	 -0.1794 	 -0.1151 	 -0.0013 	 0.0064 	 0.0122
4.5190 	 0.1784 	 -1.0590 	 -1.2555 	 -0.0210 	 -0.1793 	 -0.1150 	 -0.0013 	 0.0064 	 0.0122
4.5291 	 0.1782 	 -1.0608 	 -1.2566 	 -0.0210 	 -0.1793 	 -0.1149 	 -0.0013 	 0.0064 	 0.0122
4.5391 	 0.1780 	 -1.0626 	 -1.2578 	 -0.0211 	 -0.1792 	 -0.1148 	 -0.0013 	 0.0064 	 0.0122
4.5491 	 0.1778 	 -1.0644 	 -1.2589 	 -0.0211 	 -0.1791 	 -0.1146 	 -0.0013 	 0.0063 	 0.0121
4.5591 	 0.1776 	 -1.0662 	 -1.2601 	 -0.0211 	 -0.1791 	 -0.1145 	 -0.0013 	 0.0063 	 0.0121
4.5691 	 0.1774 	 -1.0680 	 -1.2612 	 -0.0211 	 -0.1790 	 -0.1144 	 -0.0012 	 0.0063 	 0.0121
4.5792 	 0.1772 	 -1.0698 	 -1.2624 	 -0.0211 	 -0.1789 	 -0.1143 	 -0.0012 	 0.0063 	 0.0121
4.5892 	 0.1770 	 -1.0716 	 -1.2635 	 -0.0211 	 -0.1789 	 -0.1141 	 -0.0012 	 0.0063 	 0.0121
4.5992 	 0.1767 	 -1.0734 	 -1.2647 	 -0.0211 	 -0.1788 	 -0.1140 	 -0.0012 	 0.0063 	 0.0120
4.6092 	 0.1765 	 -1.0752 	 -1.2658 	 -0.0211 	 -0.1788 	 -0.1139 	 -0.0012 	 0.0063 	 0.0120
4.6192 	 0.1763 	 -1.0770 	 -1.2670 	 -0.0212 	 -0.1787 	 -0.1138 	 -0.0012 	 0.0063 	 0.0120
4.6293 	 0.1761 	 -1.0787 	 -1.2681 	 -0.0212 	 -0.1786 	 -0.1137 	 -0.0012 	 0.0063 	 0.0120
4.6393 	 0.1759 	 -1.0805 	 -1.2692 	 -0.0212 	 -0.1786 	 -0.1135 	 -0.0012 	 0.0063 	 0.0119
4.6493 	 0.1757 	 -1.0823 	 -1.2704 	 -0.0212 	 -0.1785 	 -0.1134 	 -0.0012 	 0.0063 	 0.0119
4.6593 	 0.1755 	 -1.0841 	 -1.2715 	 -0.0212 	 -0.1784 	 -0.1133 	 -0.0012 	 0.0063 	 0.0119
4.6693 	 0.1753 	 -1.0859 	 -1.2726 	 -0.0212 	 -0.1784 	 -0.1132 	 -0.0012 	 0.0062 	 0.0119
4.6794 	 0.1750 	 -1.0877 	 -1.2738 	 -0.0212 	 -0.1783 	 -0.1131 	 -0.0012 	 0.0062 	 0.0119
4.6894 	 0.1748 	 -1.0895 	 -1.2749 	 -0.0212 	 -0.1783 	 -0.1129 	 -0.0011 	 0.0062 	 0.0118
4.6994 	 0.1746 	 -1.0913 	 -1.2760 	 -0.0212 	 -0.1782 	 -0.1128 	 -0.0011 	 0.0062 	 0.0118
4.7094 	 0.1744 	 -1.0930 	 -1.2772 	 -0.0213 	 -0.1781 	 -0.1127 	 -0.0011 	 0.0062 	 0.0118
4.7194 	 0.1742 	 -1.0948 	 -1.2783 	 -0.0213 	 -0.1781 	 -0.1126 	 -0.0011 	 0.0062 	 0.0118
4.7295 	 0.1740 	 -1.0966 	 -1.2794 	 -0.0213 	 -0.1780 	 -0.1125 	 -0.0011 	 0.0062 	 0.0118
4.7395 	 0.1738 	 -1.0984 	 -1.2806 	 -0.0213 	 -0.1779 	 -0.1124 	 -0.0011 	 0.0062 	 0.0117
4.7495 	 0.1735 	 -1.1002 	 -1.2817 	 -0.0213 	 -0.1779 	 -0.1122 	 -0.0011 	 0.0062 	 0.0117
4.7595 	 0.1733 	 -1.1020 	 -1.2828 	 -0.0213 	 -0.1778 	 -0.1121 	 -0.0011 	 0.0062 	 0.0117
4.7695 	 0.1731 	 -1.1037 	 -1.2839 	 -0.0213 	 -0.1778 	 -0.1120 	 -0.0011 	 0.0062 	 0.0117
4.7796 	 0.1729 	 -1.1055 	 -1.2850 	 -0.0213 	 -0.1777 	 -0.1119 	 -0.0011 	 0.0062 	 0.0117
4.7896 	 0.1727 	 -1.1073 	 -1.2862 	 -0.0213 	 -0.1776 	 -0.1118 	 -0.0011 	 0.0061 	 0.0116
4.7996 	 0.1725 	 -1.1091 	 -1.2873 	 -0.0214 	 -0.1776 	 -0.1117 	 -0.0011 	 0.0061 	 0.0116
4.8096 	 0.1723 	 -1.1109 	 -1.2884 	 -0.0214 	 -0.1775 	 -0.1115 	 -0.0011 	 0.0061 	 0.0116
4.8196 	 0.1721 	 -1.1126 	 -1.2895 	 -0.0214 	 -0.1774 	 -0.1114 	 -0.0010 	 0.0061 	 0.0116
4.8297 	 0.1718 	 -1.1144 	 -1.2906 	 -0.0214 	 -0.1774 	 -0.1113 	 -0.0010 	 0.0061 	 0.0116
4.8397 	 0.1716 	 -1.1162 	 -1.2918 	 -0.0214 	 -0.1773 	 -0.1112 	 -0.0010 	 0.0061 	 0.0115
4.8497 	 0.1714 	 -1.1180 	 -1.2929 	 -0.0214 	 -0.1773 	 -0.1111 	 -0.0010 	 0.0061 	 0.0115
4.8597 	 0.1712 	 -1.1197 	 -1.2940 	 -0.0214 	 -0.1772 	 -0.1110 	 -0.0010 	 0.0061 	 0.0115
4.8697 	 0.1710 	 -1.1215 	 -1.2951 	 -0.0214 	 -0.1771 	 -0.1108 	 -0.0010 	 0.0061 	 0.0115
4.8798 	 0.1708 	 -1.1233 	 -1.2962 	 -0.0214 	 -0.1771 	 -0.1107 	 -0.0010 	 0.0061 	 0.0115
4.8898 	 0.1706 	 -1.1251 	 -1.2973 	 -0.0215 	 -0.1770 	 -0.1106 	 -0.0010 	 0.0061 	 0.0114
4.8998 	 0.1703 	 -1.1268 	 -1.2984 	 -0.0215 	 -0.1770 	 -0.1105 	 -0.0010 	 0.0061 	 0.0114
4.9098 	 0.1701 	 -1.1286 	 -1.2995 	 -0.0215 	 -0.1769 	 -0.1104 	 -0.0010 	 0.0061 	 0.0114
4.9198 	 0.1699 	 -1.1304 	 -1.3006 	 -0.0215 	 -0.1768 	 -0.1103 	 -0.0010 	 0.0060 	 0.0114
4.9299 	 0.1697 	 -1.1322 	 -1.3017 	 -0.0215 	 -0.1768 	 -0.1102 	 -0.0010 	 0.0060 	 0.0114
4.9399 	 0.1695 	 -1.1339 	 -1.3028 	 -0.0215 	 -0.1767 	 -0.1100 	 -0.0010 	 0.0060 	 0.0113
4.9499 	 0.1693 	 -1.1357 	 -1.3039 	 -0.0215 	 -0.1767 	 -0.1099 	 -0.0009 	 0.0060 	 0.0113
4.9599 	 0.1690 	 -1.1375 	 -1.3050 	 -0.0215 	 -0.1766 	 -0.1098 	 -0.0009 	 0.0060 	 0.0113
4.9699 	 0.1688 	 -1.1392 	 -1.3061 	 -0.0215 	 -0.1765 	 -0.1097 	 -0.0009 	 0.0060 	 0.0113
4.9800 	 0.1686 	 -1.1410 	 -1.3072 	 -0.0215 	 -0.1765 	 -0.1096 	 -0.0009 	 0.0060 	 0.0113
4.9900 	 0.1684 	 -1.1428 	 -1.3083 	 -0.0215 	 -0.1764 	 -0.1095 	 -0.0009 	 0.0060 	 0.0112
